years
 1997 1998 1999 2000 2001 2002 2003 2004 2005 2006 2007 2008 2009 2010 2011 2012 2013 2014 2015 2016 2017 2018 2019 2020 2021
reclasobs
 0 0 0 370054 412103 1.49427e+06 250295 1.28982e+06 931140 785840 897777 1.04006e+06 184774 17550 25797 100020 73551 82996 120727 218422 84188 347160 605670 569463 516374
reclaspred
 2.39186e+06 289560 378629 106961 231530 238523 510599 441762 560472 1.06257e+06 972235 600557 368362 162079 97748.7 92229.8 102624 120596 101539 167517 298128 259941 428698 493102 409760
pelacesobs
 0 0 0 0 0 0 0 0 0 2.06254e+06 1.5e+06 0 1.87456e+06 323000 250000 174000 83755 137374 0 501740 490994 745055 786931 1.00524e+06 1.33801e+06
pelacespred
 1.43578e+06 553157 160015 106337 206754 137689 478294 390685 497685 973445 719232 450457 308214 104730 65262.8 65174 75107.3 89680.2 73789.4 130044 253466 209739 276561 364620 276630
mphobs
 0 0 0 0 0 112323 0 153150 637223 0 255016 313432 73983 77613 109348 50772 0 0 0 0 0 0 0 0 0
mphpred
 2.34272e+06 996965 415434 194880 111572 310651 326220 449040 486420 675835 1.27301e+06 867681 458485 266512 114105 89516 99253.5 117762 123164 114185 240979 315731 349195 496159 553723
desembarqueobs
 350755 77701 442110 56441 14545 235359 269955 359681 431902 328805 639364 411747 362871 311530 167758 66681 60226 58785 57116 73181 50977 67692 138656 160484 209506
desembarquepred
 350745 77682.3 441601 56419.7 14543.4 235184 269822 359089 431424 328543 638626 411329 362203 311013 167395 66627.5 60200.7 58738.7 57065.1 73102.7 50963.3 67650.2 138570 160397 209400
Reclutas
 4578.62 6797.05 909.179 4958.53 55549.7 14454.2 55471 71595.6 87415.2 225741 48717.3 19998.1 56319.6 23157.4 14716.8 14747.4 9854.14 9654.7 7181.05 27570.2 30390.6 28135.7 59874.5 46157.7 1043.97
log_desv_Rt
 -1.43085 -1.03576 -3.04746 -1.35113 1.06503 -0.281263 1.06362 1.31879 1.51842 2.46715 0.93379 0.0433918 1.0788 0.190068 -0.263258 -0.261175 -0.664353 -0.6848 -0.980799 0.364491 0.461888 0.384795 1.14001 0.87982 -2.90921
SSB
 2.34272e+06 996965 415434 194880 111572 310651 326220 449040 486420 675835 1.27301e+06 867681 458485 266512 114105 89516 99253.5 117762 123164 114185 240979 315731 349195 496159 553723
BT
 2.78958e+06 1.16111e+06 538270 258159 382823 429067 1.05666e+06 1.08113e+06 1.28138e+06 2.04573e+06 1.83838e+06 1.17469e+06 912443 483378 254880 171317 183152 207964 181662 292800 493687 439622 592418 781913 663144
Ftot
 0.105043 0.195253 0.78391 0.414723 0.127021 0.753003 0.741629 1.12544 1.03762 0.526039 0.527254 0.51722 1.04438 1.65425 1.80069 0.771794 0.600897 0.482411 0.485655 0.635305 0.186998 0.232671 0.323679 0.30159 0.357843
BD_Bspro_t
 0.983434 0.8746 0.666843 0.334654 0.376801 0.681086 0.49942 0.521528 0.491858 0.525926 0.642057 0.471699 0.326509 0.251787 0.144184 0.141348 0.203582 0.302958 0.366572 0.407157 0.614921 0.727993 0.713258 0.720347 0.682331
BD_Bspro
 5.94969 2.53194 1.05506 0.494927 0.283355 0.788945 0.828485 1.1404 1.23534 1.71638 3.23301 2.20361 1.16439 0.676847 0.289786 0.227339 0.252069 0.299074 0.312794 0.28999 0.612002 0.801847 0.886833 1.26007 1.40626
BD_Bo
 2.33451 0.993471 0.413978 0.194197 0.111181 0.309562 0.325077 0.447466 0.484715 0.673466 1.26855 0.86464 0.456878 0.265578 0.113705 0.0892022 0.0989057 0.117349 0.122732 0.113785 0.240134 0.314625 0.347971 0.49442 0.551783
BD_Brms
 7.73382 3.29119 1.37144 0.643341 0.368324 1.02553 1.07692 1.48238 1.60578 2.23107 4.20249 2.8644 1.51356 0.879812 0.376684 0.295511 0.327657 0.388757 0.406591 0.376949 0.795523 1.0423 1.15277 1.63793 1.82796
S_f
 0.140772 1 1 1 1
 0.140772 1 1 1 1
 0.140772 1 1 1 1
 0.140772 1 1 1 1
 0.140772 1 1 1 1
 0.140772 1 1 1 1
 0.140772 1 1 1 1
 0.140772 1 1 1 1
 0.140772 1 1 1 1
 0.140772 1 1 1 1
 0.140772 1 1 1 1
 0.140772 1 1 1 1
 0.140772 1 1 1 1
 0.140772 1 1 1 1
 0.140772 1 1 1 1
 0.140772 1 1 1 1
 0.140772 1 1 1 1
 0.140772 1 1 1 1
 0.140772 1 1 1 1
 0.140772 1 1 1 1
 0.140772 1 1 1 1
 0.140772 1 1 1 1
 0.140772 1 1 1 1
 0.140772 1 1 1 1
 0.140772 1 1 1 1
Scru_reclas
 0.799857 1 1 1 1
 0.799857 1 1 1 1
 0.799857 1 1 1 1
 0.799857 1 1 1 1
 0.799857 1 1 1 1
 0.799857 1 1 1 1
 0.799857 1 1 1 1
 0.799857 1 1 1 1
 0.799857 1 1 1 1
 0.799857 1 1 1 1
 0.799857 1 1 1 1
 0.799857 1 1 1 1
 0.799857 1 1 1 1
 0.799857 1 1 1 1
 0.799857 1 1 1 1
 0.799857 1 1 1 1
 0.799857 1 1 1 1
 0.799857 1 1 1 1
 0.799857 1 1 1 1
 0.799857 1 1 1 1
 0.799857 1 1 1 1
 0.799857 1 1 1 1
 0.799857 1 1 1 1
 0.799857 1 1 1 1
 0.799857 1 1 1 1
Scru_pelaces
 1 1 1 1 1
 1 1 1 1 1
 1 1 1 1 1
 1 1 1 1 1
 1 1 1 1 1
 1 1 1 1 1
 1 1 1 1 1
 1 1 1 1 1
 1 1 1 1 1
 1 1 1 1 1
 1 1 1 1 1
 1 1 1 1 1
 1 1 1 1 1
 1 1 1 1 1
 1 1 1 1 1
 1 1 1 1 1
 1 1 1 1 1
 1 1 1 1 1
 1 1 1 1 1
 1 1 1 1 1
 1 1 1 1 1
 1 1 1 1 1
 1 1 1 1 1
 1 1 1 1 1
 1 1 1 1 1
pf_obs 
 0.256992 0.487395 0.22802 0.0275931 0
 0.321318 0.546541 0.124235 0.00734118 0.000564706
 0.182869 0.594174 0.210203 0.0122559 0.00049798
 0.330522 0.361315 0.267642 0.0388342 0.00168674
 0.649043 0.306663 0.0425973 0.00169635 0
 0.582887 0.30429 0.105238 0.00758474 0
 0.465427 0.430635 0.0974691 0.00646863 0
 0.296916 0.608066 0.0921331 0.00288517 0
 0.311714 0.524322 0.152257 0.0117073 0
 0.15457 0.633149 0.183074 0.0267441 0.00246327
 0.131901 0.49318 0.331252 0.0422183 0.00144891
 0.196976 0.569456 0.194076 0.0375587 0.00193317
 0.518974 0.381816 0.0799577 0.0180837 0.00116848
 0.0928022 0.601141 0.25162 0.0475244 0.00691264
 0.122501 0.610282 0.24278 0.0234846 0.000952079
 0.383417 0.481906 0.127806 0.00687128 0
 0.0376549 0.599619 0.316969 0.0457579 0
 0.0361596 0.667082 0.258105 0.0386534 0
 0.158088 0.579412 0.248529 0.0139706 0
 0.0477256 0.309471 0.559284 0.082774 0.000745712
 0.0406174 0.521527 0.379366 0.0568643 0.0016247
 0.151134 0.462217 0.34131 0.0453401 0
 0.294876 0.26143 0.354403 0.0886775 0.000613685
 0.281977 0.475581 0.204845 0.0348837 0.00271318
 0.0841818 0.532909 0.334909 0.0458182 0.00218182
pf_pred 
 0.0072302 0.638235 0.313357 0.0411764 1.3626e-06
 0.0231599 0.0504252 0.595576 0.292413 0.0384255
 0.00794625 0.155036 0.0432074 0.510327 0.283483
 0.13571 0.0676049 0.124504 0.0346984 0.637482
 0.671166 0.190084 0.010853 0.0199875 0.107909
 0.0840992 0.860118 0.0322455 0.0018411 0.0216963
 0.434144 0.276669 0.271574 0.0101812 0.0074317
 0.345079 0.581707 0.0357968 0.0351377 0.00227885
 0.334423 0.579583 0.0763802 0.00470025 0.00491292
 0.467984 0.457276 0.0650835 0.00857701 0.0010795
 0.0662015 0.831505 0.0879229 0.012514 0.00185671
 0.0564001 0.373635 0.507528 0.0536657 0.00877146
 0.302793 0.24734 0.178133 0.241967 0.0297673
 0.161197 0.705833 0.047172 0.033973 0.0518244
 0.235105 0.588801 0.148179 0.00990302 0.0180118
 0.29048 0.605821 0.0798249 0.0200889 0.00378447
 0.175128 0.669501 0.132663 0.0174801 0.0052278
 0.19447 0.540576 0.215047 0.0426122 0.00729392
 0.155658 0.578908 0.178128 0.0708612 0.0164448
 0.477254 0.326834 0.134324 0.0413309 0.0202576
 0.247829 0.676456 0.0473391 0.0194557 0.00892057
 0.174438 0.593896 0.208346 0.0145803 0.00873979
 0.305663 0.435418 0.186262 0.0653432 0.00731384
 0.16723 0.654339 0.111894 0.0478657 0.0186714
 0.00472995 0.620306 0.294624 0.0503813 0.0299591
pobs_RECLAS
 0 0 0 0 0
 0 0 0 0 0
 0 0 0 0 0
 0 0 0 0 0
 0.835266 0.146461 0.0176864 0.000547809 3.91292e-05
 0.385257 0.428462 0.181853 0.0044286 0
 0.867414 0.0963971 0.0333333 0.00285562 0
 0.441836 0.489002 0.0689373 0.000224442 0
 0.779404 0.147425 0.0564933 0.0165055 0.000172143
 0.814271 0.122319 0.05973 0.00367925 0
 0.40263 0.566651 0.0304383 0.000280538 0
 0.475488 0.404961 0.113038 0.00651328 0
 0.955842 0.0263864 0.0167828 0.000988607 0
 0.975058 0.0227948 0.00214734 0 0
 0.738997 0.206755 0.0527124 0.00153531 0
 0.850938 0.134255 0.0134407 0.00136685 0
 0.542534 0.407297 0.0501686 0 0
 0.764087 0.199537 0.0359546 0.000420521 0
 0.470689 0.182191 0.310203 0.0369168 0
 0.84361 0.089868 0.0606195 0.00523954 0.000663233
 0.607945 0.314616 0.071237 0.00620181 0
 0.523733 0.453247 0.0230204 0 0
 0.530135 0.295979 0.169645 0.0042399 0
 0.562478 0.366248 0.0663022 0.0049721 0
 0.250443 0.683176 0.0655157 0.000865301 0
ppred_RECLAS
 0.0399529 0.617198 0.303029 0.0398191 1.31769e-06
 0.119898 0.0454315 0.536595 0.263455 0.0346201
 0.0462262 0.149054 0.0415402 0.490635 0.272545
 0.478338 0.0408045 0.0751475 0.020943 0.384767
 0.921123 0.0455949 0.0026033 0.00479435 0.025884
 0.356388 0.604413 0.0226592 0.00129376 0.0152462
 0.822102 0.0869813 0.0853796 0.00320085 0.00233644
 0.76874 0.205407 0.0126403 0.0124075 0.000804688
 0.758079 0.210665 0.0277624 0.00170843 0.00178573
 0.83836 0.138932 0.019774 0.00260592 0.000327979
 0.29481 0.627939 0.066398 0.00945034 0.00140216
 0.260434 0.292844 0.397786 0.0420617 0.00687482
 0.730519 0.0956007 0.068851 0.0935239 0.0115055
 0.567844 0.363649 0.0243033 0.0175031 0.0267002
 0.683126 0.243923 0.0613861 0.00410254 0.00746178
 0.712144 0.245785 0.0323854 0.00815017 0.00153538
 0.557644 0.359035 0.0711437 0.00937412 0.00280353
 0.586425 0.277543 0.11041 0.021878 0.00374484
 0.519944 0.329142 0.101276 0.0402886 0.0093498
 0.844701 0.0970971 0.0399054 0.0122787 0.0060182
 0.654244 0.310951 0.0217607 0.00894333 0.00410059
 0.548969 0.324464 0.113826 0.00796568 0.00477482
 0.718503 0.176526 0.0755143 0.0264914 0.00296517
 0.537552 0.363363 0.0621359 0.0265804 0.0103685
 0.0268842 0.606498 0.288066 0.0492599 0.0292922
pobs_PELACES
 0 0 0 0 0
 0 0 0 0 0
 0 0 0 0 0
 0 0 0 0 0
 0 0 0 0 0
 0 0 0 0 0
 0 0 0 0 0
 0 0 0 0 0
 0 0 0 0 0
 0 0 0 0 0
 0.450072 0.473896 0.0757376 0.000293798 0
 0 0 0 0 0
 0.463077 0.371075 0.160297 0.00555027 0
 0.529543 0.364841 0.0842815 0.0213345 0
 0.631943 0.363953 0.00410389 0 0
 0.735681 0.248677 0.0153453 0.000297389 0
 0.695825 0.281241 0.0229344 0 0
 0.275771 0.60734 0.115278 0.00161068 0
 0 0 0 0 0
 0.896147 0.0623911 0.0374545 0.00400742 0
 0.803859 0.145111 0.0509908 3.86294e-05 0
 0.739449 0.233085 0.0266225 0.000797448 4.60066e-05
 0.878498 0.100942 0.0204185 0.000141795 0
 0.694673 0.275183 0.0284847 0.00165964 0
 0.469039 0.446079 0.0841089 0.000773354 0
ppred_PELACES
 0.0508747 0.610176 0.299581 0.0393662 1.3027e-06
 0.152554 0.0437457 0.516685 0.25368 0.0333356
 0.0703528 0.145283 0.0404894 0.478224 0.26565
 0.563213 0.0341656 0.0629209 0.0175356 0.322165
 0.938025 0.0358248 0.00204546 0.00376701 0.0203375
 0.461515 0.505688 0.0189581 0.00108243 0.0127559
 0.876993 0.0601427 0.0590352 0.00221321 0.00161552
 0.85115 0.13221 0.0081359 0.00798609 0.000517937
 0.840199 0.139155 0.0183385 0.0011285 0.00117956
 0.882731 0.100794 0.0143459 0.00189057 0.000237947
 0.377702 0.554128 0.0585932 0.00833949 0.00123734
 0.33766 0.262265 0.356248 0.0376695 0.00615694
 0.820053 0.0638376 0.0459754 0.0624509 0.00768284
 0.724209 0.232071 0.0155097 0.01117 0.0170394
 0.817884 0.14019 0.0352803 0.00235784 0.00428849
 0.793799 0.176064 0.0231987 0.00583823 0.00109984
 0.651425 0.282918 0.056061 0.00738677 0.00220917
 0.670249 0.221289 0.0880315 0.0174437 0.00298583
 0.608461 0.268452 0.0826016 0.0328599 0.00762581
 0.89062 0.0683872 0.0281061 0.00864814 0.00423873
 0.713837 0.257357 0.0180102 0.00740191 0.00339383
 0.619117 0.274001 0.096123 0.00672679 0.00403221
 0.777671 0.139422 0.0596418 0.0209231 0.00234191
 0.612855 0.304195 0.052018 0.0222522 0.00868011
 0.0368208 0.600305 0.285124 0.0487569 0.0289931
pobs_pel_tallas
 0 0 0 0 0 0 0 0 0 0 0 0 0 0 0 0 0 0 0 0 0 0 0 0 0 0 0 0 0 0 0 0 0 0 0 0
 0 0 0 0 0 0 0 0 0 0 0 0 0 0 0 0 0 0 0 0 0 0 0 0 0 0 0 0 0 0 0 0 0 0 0 0
 0 0 0 0 0 0 0 0 0 0 0 0 0 0 0 0 0 0 0 0 0 0 0 0 0 0 0 0 0 0 0 0 0 0 0 0
 0 0 0 0 0 0 0 0 0 0 0 0 0 0 0 0 0 0 0 0 0 0 0 0 0 0 0 0 0 0 0 0 0 0 0 0
 0 0 0 0 0 0 0 0 0 0 0 0 0 0 0 0 0 0 0 0 0 0 0 0 0 0 0 0 0 0 0 0 0 0 0 0
 0 0 0 0 0 0 0 0 0 0 0 0 0 0 0 0 0 0 0 0 0 0 0 0 0 0 0 0 0 0 0 0 0 0 0 0
 0 0 0 0 0 0 0 0 0 0 0 0 0 0 0 0 0 0 0 0 0 0 0 0 0 0 0 0 0 0 0 0 0 0 0 0
 0 0 0 0 0 0 0 0 0 0 0 0 0 0 0 0 0 0 0 0 0 0 0 0 0 0 0 0 0 0 0 0 0 0 0 0
 0 0 0 0 0 0 0 0 0 0 0 0 0 0 0 0 0 0 0 0 0 0 0 0 0 0 0 0 0 0 0 0 0 0 0 0
 0 0 0 0 0 0 0 0 0 0 0 0 0 0 0 0 0 0 0 0 0 0 0 0 0 0 0 0 0 0 0 0 0 0 0 0
 0 0 0 0 0 0 0 0 1.78061e-05 0.00172719 0.00360574 0.0105946 0.0120993 0.0124554 0.0147524 0.0171206 0.0266825 0.0428682 0.0675386 0.121331 0.153587 0.119568 0.100827 0.0573624 0.0630603 0.0341343 0.0324427 0.0444173 0.0211091 0.0280891 0.0125444 0.00206551 0 0 0 0
 0 0 0 0 0 0 0 0 0 0 0 0 0 0 0 0 0 0 0 0 0 0 0 0 0 0 0 0 0 0 0 0 0 0 0 0
 0 0 0 0 0 0 0.0133647 0.0140871 0.0187388 0.0205184 0.03894 0.0496705 0.03968 0.0493445 0.0407372 0.0367815 0.0215668 0.0243155 0.0234873 0.0199281 0.019796 0.0243948 0.0301388 0.0376714 0.0412746 0.0863199 0.0771752 0.113111 0.0741005 0.0525337 0.0229764 0.00759418 0.00175318 0 0 0
 0 0 0 0 0 0 0 0 0 0 0.00219441 0.00772107 0.0458388 0.0604681 0.0671733 0.0775358 0.0609151 0.0617685 0.073594 0.0568108 0.0755445 0.0548602 0.0670107 0.0636378 0.0643287 0.046367 0.0373049 0.0286899 0.0247887 0.0153202 0.00654259 0.00121912 0.000365735 0 0 0
 0 0 0 0 0 0 0 0 0 0 0 0 0.000112435 0.00938835 0.0111873 0.0202946 0.0414886 0.0713402 0.111592 0.104902 0.108894 0.110636 0.117776 0.105296 0.107544 0.0401394 0.0192827 0.0124803 0.00416011 0.0028671 0.000618394 0 0 0 0 0
 0 0 0 0 0 0 0 0 0 0 0.00291406 0.0102884 0.027416 0.0768956 0.0749926 0.110853 0.0956884 0.0897413 0.0766577 0.0534642 0.0500743 0.0551293 0.0594112 0.0620874 0.0668451 0.0424026 0.0208742 0.0120726 0.0048766 0.00582813 0.00118941 0.000297354 0 0 0 0
 0 0.00264628 0.0354308 0.0461629 0.0458689 0.0383711 0.0214643 0.0164657 0.0346957 0.0420465 0.0363128 0.0245516 0.0311673 0.0291091 0.0169068 0.0133784 0.00837989 0.0085269 0.0148486 0.0160247 0.0276389 0.0546898 0.0760071 0.122758 0.109233 0.0665981 0.0333725 0.0166128 0.00676272 0.00308733 0.000882094 0 0 0 0 0
 0 0 0 0 0 0 0 0.000805153 0.000690131 0.00759144 0.0133425 0.0154129 0.00931677 0.000345066 0.00356568 0.00563607 0.00851162 0.0253048 0.0502646 0.0516448 0.0657925 0.0565908 0.0611916 0.0827007 0.0866115 0.110766 0.145733 0.0935128 0.0569358 0.0249597 0.0138026 0.00621118 0.00161031 0.00115022 0 0
 0 0 0 0 0 0 0 0 0 0 0 0 0 0 0 0 0 0 0 0 0 0 0 0 0 0 0 0 0 0 0 0 0 0 0 0
 0.00147267 0.00158595 0.00478618 0.00569244 0.00954404 0.0108468 0.00647125 0.017049 0.0510054 0.094081 0.124002 0.0959785 0.0687766 0.0820023 0.061753 0.0591476 0.0492212 0.0479892 0.0443925 0.0268479 0.0217502 0.0140895 0.0121071 0.0120363 0.00920419 0.00665534 0.0049561 0.00860946 0.00930331 0.0156896 0.0114698 0.00855282 0.00243557 0.00046729 0 2.83206e-05
 0 0 0 0 0.000772559 0.00158375 0.000888443 0.00281984 0.00712685 0.0440552 0.0773331 0.111326 0.0921469 0.0852325 0.0710754 0.0886704 0.0786465 0.0553345 0.0373146 0.0185414 0.00753245 0.00457741 0.012979 0.0271748 0.0457355 0.0583668 0.034881 0.0177882 0.00938659 0.00492506 0.0015258 0.00185414 0.000309023 5.79419e-05 3.86279e-05 0
 0 0.00173294 0.00326652 0 0.00397197 0.00683976 0.00946217 0.0152591 0.00757587 0.0136028 0.0228656 0.0392903 0.0559909 0.0764795 0.0681675 0.0726916 0.0566044 0.0477403 0.0527397 0.0444891 0.0609904 0.0582453 0.0661739 0.0445044 0.0529084 0.0360697 0.0280645 0.0235558 0.0158879 0.00826598 0.00280645 0.00217768 0.000904811 0.00058276 9.20147e-05 0
 0 0 0 0 0 0 0 0 0 0 0 0 0 0 0 0 0 0 0 0 0 0 0 0 0 0 0 0 0 0 0 0 0 0 0 0
 0 0 0 0 0 0 0 0 0 0 0 0 0 0 0 0 0 0 0 0 0 0 0 0 0 0 0 0 0 0 0 0 0 0 0 0
 0 0 0 0 0 0 0 0 0 0 0 0 0 0 0 0 0 0 0 0 0 0 0 0 0 0 0 0 0 0 0 0 0 0 0 0
ppred_pel_tallas
 1.05805e-16 2.25647e-06 1.31509e-05 6.23205e-05 0.000239614 0.000746919 0.00188733 0.00386668 0.00642833 0.00869023 0.00960748 0.0088333 0.00710665 0.00573065 0.00574602 0.00759697 0.0113374 0.0169088 0.0241994 0.0329423 0.0426123 0.0524153 0.0613852 0.0685612 0.0731891 0.0748786 0.0736693 0.0699797 0.0644713 0.0578748 0.0508408 0.0438529 0.0372129 0.0310754 0.0255059 0.0205296
 1.17623e-16 6.66743e-06 3.90988e-05 0.000185794 0.00071521 0.00223019 0.00563326 0.011527 0.0191098 0.0256719 0.0279572 0.0247109 0.0178014 0.0106226 0.00561089 0.00329491 0.00304911 0.00414905 0.00622761 0.00922565 0.0132122 0.0182548 0.0243499 0.0313843 0.0391148 0.0471644 0.0550405 0.0621753 0.0679887 0.0719646 0.073727 0.0731006 0.0701432 0.0651363 0.0585424 0.0509327
 1.29468e-16 3.08516e-06 1.80634e-05 8.57793e-05 0.000330114 0.00102928 0.00259997 0.00532118 0.00882569 0.0118687 0.0129578 0.0115305 0.00847495 0.00539586 0.00347111 0.00301157 0.00380156 0.00557324 0.00820143 0.0116667 0.015966 0.0210593 0.0268574 0.0332309 0.0400251 0.0470648 0.0541462 0.0610184 0.0673664 0.0728115 0.0769381 0.0793495 0.0797388 0.0779542 0.0740442 0.0682627
 1.16561e-16 2.45722e-05 0.00014422 0.000685562 0.00263946 0.00823092 0.0207905 0.0425395 0.0705117 0.0946885 0.103022 0.0908308 0.0649281 0.0377095 0.0179647 0.00735501 0.00318598 0.00231062 0.00284264 0.00402987 0.00567294 0.00774942 0.0102658 0.0132138 0.0165575 0.0202252 0.0241026 0.0280284 0.0317956 0.0351635 0.0378799 0.0397129 0.0404853 0.0401047 0.0385808 0.0360274
 1.01121e-16 4.09163e-05 0.000240173 0.00114173 0.00439582 0.013708 0.0346252 0.0708464 0.11743 0.157689 0.171552 0.151216 0.108014 0.0625718 0.0294955 0.0115061 0.00405333 0.00181558 0.00155453 0.00190879 0.00243368 0.00298701 0.00349812 0.00391389 0.00419714 0.00433291 0.00433067 0.00421947 0.00403828 0.00382453 0.00360522 0.00339276 0.00318626 0.00297656 0.00275249 0.00250635
 1.01068e-16 2.01574e-05 0.000118256 0.000562029 0.00216366 0.00674702 0.0170429 0.0348751 0.0578212 0.0776881 0.0846342 0.0748772 0.0540876 0.03255 0.0176339 0.0108913 0.0102903 0.0133516 0.0184788 0.0247874 0.0316002 0.0381748 0.0436925 0.04739 0.0487306 0.0475354 0.0440282 0.0387727 0.0325297 0.0260787 0.0200655 0.0149106 0.0107931 0.00769364 0.00546703 0.00391637
 1.0101e-16 3.82562e-05 0.000224553 0.00106747 0.00410987 0.0128163 0.0323729 0.066238 0.109793 0.147436 0.160406 0.141409 0.10105 0.0586194 0.0277882 0.0111165 0.00436799 0.00258355 0.00274547 0.00357961 0.00465408 0.00580397 0.00691822 0.00789518 0.00864918 0.00912398 0.0093003 0.0091934 0.00884333 0.00830192 0.00762151 0.00684852 0.0060222 0.00517628 0.00434143 0.00354606
 1.00458e-16 3.71321e-05 0.000217947 0.00103605 0.00398888 0.012439 0.0314198 0.0642886 0.106563 0.143105 0.15571 0.137308 0.0982026 0.0571358 0.0273991 0.0115046 0.00536507 0.00417942 0.00500739 0.00656822 0.00836264 0.0101217 0.0116182 0.0126505 0.0130765 0.0128462 0.0120133 0.0107193 0.00915633 0.00752193 0.00597979 0.00463684 0.00353944 0.00268465 0.00203893 0.00155674
 1.004e-16 3.66549e-05 0.000215145 0.00102272 0.00393758 0.012279 0.0310157 0.0634618 0.105193 0.141266 0.153712 0.135551 0.0969575 0.0564351 0.0271076 0.0114594 0.00546032 0.00437464 0.00530115 0.00697302 0.00889019 0.0107755 0.01239 0.0135193 0.0140104 0.013806 0.0129574 0.0116087 0.00995868 0.00821385 0.00654786 0.00507717 0.00385658 0.00288997 0.00214877 0.00159048
 1.00313e-16 3.8508e-05 0.000226028 0.00107447 0.00413682 0.0129003 0.0325851 0.0666727 0.110514 0.148408 0.161471 0.142368 0.101777 0.0591263 0.0281867 0.011548 0.00495648 0.00342311 0.0038994 0.00507352 0.00646202 0.00783574 0.0090164 0.00984784 0.0102186 0.0100865 0.00948747 0.00852462 0.0073406 0.0060839 0.00487947 0.00381142 0.00291972 0.00220794 0.00165657 0.00123616
 1.01357e-16 1.65048e-05 9.68079e-05 0.00046005 0.001771 0.0055225 0.0139499 0.0285471 0.047334 0.0636105 0.0693324 0.0614212 0.0445456 0.0271634 0.0153613 0.0104745 0.0109048 0.0146705 0.0204723 0.0275338 0.0351771 0.0426069 0.0489283 0.0532981 0.0551129 0.054153 0.0506339 0.045141 0.0384775 0.0314756 0.0248321 0.0190114 0.0142274 0.0104872 0.00766613 0.00558311
 1.06725e-16 1.47477e-05 8.65171e-05 0.000411182 0.00158294 0.00493611 0.0124684 0.0255138 0.0422986 0.0568263 0.0618922 0.0547218 0.0394529 0.0235957 0.0125272 0.00737369 0.00665581 0.00859836 0.0121174 0.016704 0.0220495 0.0278213 0.0336099 0.0389696 0.0434898 0.0468603 0.0489081 0.0495962 0.0489945 0.0472389 0.0444968 0.040949 0.0367881 0.0322211 0.0274698 0.0227597
 1.03179e-16 3.57734e-05 0.000209977 0.000998168 0.00384306 0.0119843 0.0302712 0.0619379 0.102665 0.137866 0.149996 0.132238 0.0945097 0.0548527 0.0260544 0.0105153 0.00428156 0.00272433 0.00302994 0.00401398 0.00527757 0.00666909 0.0080847 0.00942699 0.010611 0.0115758 0.0122903 0.0127488 0.012961 0.0129405 0.0126975 0.0122376 0.0115672 0.0107012 0.0096687 0.00851468
 1.01476e-16 3.1601e-05 0.000185465 0.000881604 0.0033942 0.0105845 0.0267356 0.0547052 0.0906817 0.121789 0.132545 0.116949 0.0837912 0.0490531 0.0240893 0.0110909 0.00663322 0.00666812 0.00869687 0.0115818 0.0147908 0.0179356 0.020635 0.0225392 0.0233999 0.0231282 0.0218148 0.0197017 0.0171176 0.0143987 0.0118213 0.00956244 0.00769506 0.00620867 0.00504313 0.00412146
 1.00828e-16 3.5682e-05 0.000209433 0.000995566 0.00383301 0.0119529 0.0301921 0.0617766 0.1024 0.137516 0.149632 0.131958 0.0943962 0.0549623 0.0264346 0.0112353 0.00544635 0.0044628 0.00546496 0.00722252 0.00924909 0.011272 0.0130525 0.0143727 0.0150722 0.0150827 0.0144415 0.0132766 0.0117712 0.0101185 0.00848315 0.00697876 0.00566362 0.004551 0.00362608 0.00286228
 1.00639e-16 3.46332e-05 0.000203272 0.000966271 0.00372021 0.0116011 0.0293035 0.0599589 0.0993882 0.133475 0.145244 0.128109 0.0916909 0.0534828 0.0259017 0.0113148 0.00593448 0.00530069 0.00667377 0.00883915 0.0112845 0.013688 0.0157535 0.0172108 0.0178663 0.0176467 0.0166155 0.0149525 0.0129062 0.0107349 0.00865484 0.00681096 0.00527088 0.00403906 0.00308025 0.00234269
 1.01246e-16 2.84294e-05 0.000166841 0.000793049 0.00305322 0.00952114 0.0240498 0.0492101 0.0815752 0.109565 0.11926 0.105272 0.0755213 0.0444063 0.0221705 0.0108205 0.00731152 0.00802935 0.0107325 0.0143717 0.0184044 0.0223817 0.0258396 0.0283428 0.0295733 0.0294023 0.0279175 0.025392 0.0222103 0.0187756 0.0154293 0.0124044 0.00981648 0.00768476 0.00596793 0.00459877
 1.02061e-16 2.92478e-05 0.000171651 0.00081593 0.00314134 0.00979594 0.0247438 0.0506298 0.0839266 0.112718 0.122676 0.10825 0.0775781 0.0454553 0.0223979 0.0104443 0.00643777 0.00664712 0.00877568 0.0117847 0.0151912 0.0186371 0.02176 0.0242138 0.0257328 0.026187 0.0256054 0.0241552 0.0220897 0.0196836 0.017176 0.0147388 0.0124713 0.0104149 0.00857612 0.00694788
 1.02746e-16 2.65554e-05 0.00015584 0.000740753 0.00285187 0.00889324 0.0224638 0.0459649 0.0761959 0.102341 0.111399 0.0983383 0.0705597 0.0415143 0.020775 0.0102229 0.00702279 0.00780934 0.0105005 0.0141276 0.0181934 0.0222845 0.0259677 0.0288291 0.0305559 0.0310028 0.0302188 0.0284198 0.0259233 0.0230666 0.0201372 0.0173337 0.0147609 0.0124503 0.0103916 0.00856058
 1.00917e-16 3.88506e-05 0.000228042 0.00108405 0.00417374 0.0130155 0.0328759 0.0672674 0.111499 0.149727 0.1629 0.14361 0.102627 0.0595437 0.0282429 0.0113253 0.0044879 0.00269168 0.00286608 0.00370782 0.00476607 0.00586019 0.0068664 0.00767656 0.00820817 0.00841979 0.00831762 0.00794926 0.00738793 0.00671277 0.00599213 0.00527439 0.00458705 0.00394169 0.0033414 0.00278695
 1.00753e-16 3.11497e-05 0.000182814 0.000868993 0.00334564 0.010433 0.0263531 0.0539227 0.0893854 0.12005 0.130659 0.115301 0.082645 0.0484511 0.0239221 0.0112294 0.00700831 0.00727554 0.00956589 0.0127428 0.0162518 0.0196672 0.0225639 0.0245512 0.0253522 0.0248696 0.023209 0.0206472 0.0175609 0.014338 0.0113007 0.00866074 0.00651097 0.00484721 0.00360421 0.00269187
 1.01874e-16 2.70204e-05 0.000158569 0.000753726 0.00290182 0.00904899 0.0228572 0.0467699 0.0775304 0.104134 0.113351 0.100061 0.0717962 0.0422427 0.021141 0.0104051 0.00714952 0.00794901 0.010683 0.0143627 0.0184776 0.0226011 0.0262855 0.0291033 0.0307305 0.0310169 0.0300142 0.0279489 0.0251566 0.0219978 0.0187855 0.0157423 0.0129932 0.010583 0.0085062 0.00673546
 1.01721e-16 3.39285e-05 0.000199138 0.000946626 0.00364458 0.0113653 0.0287078 0.0587397 0.0973664 0.130757 0.14228 0.12548 0.0897755 0.0522985 0.0252043 0.0108024 0.00537513 0.00455264 0.00566238 0.00754141 0.00973101 0.0119713 0.0140292 0.0156861 0.0167728 0.0172032 0.0169882 0.0162235 0.015058 0.0136531 0.0121498 0.0106494 0.00921117 0.00786232 0.00661242 0.00546545
 1.02008e-16 2.67484e-05 0.00015697 0.000746118 0.00287252 0.00895761 0.0226264 0.0462979 0.0767489 0.103086 0.112218 0.099077 0.0711255 0.0419187 0.0211086 0.0106009 0.0075486 0.00856434 0.0115419 0.015481 0.0198396 0.0241474 0.0279109 0.0306662 0.0320748 0.0320002 0.0305366 0.0279741 0.024719 0.0211944 0.0177544 0.0146355 0.011949 0.00970601 0.00785713 0.00633072
 1.07273e-16 1.64314e-06 9.55136e-06 4.52102e-05 0.000173739 0.000541496 0.00136844 0.00280491 0.00466814 0.0063258 0.00703306 0.00655903 0.00547114 0.00476103 0.00524739 0.00733006 0.0111281 0.0166614 0.0238692 0.0325123 0.042086 0.0518171 0.0607632 0.0679864 0.0727502 0.0746732 0.0737913 0.0705071 0.065455 0.059331 0.0527479 0.046153 0.0398173 0.0338742 0.0283784 0.0233568
pSPR Fmed_Fpbrs
0.519915   0.351857 0.351857
Fs Fmed_Fpbrs
0.497171   1.005 1.005
SSBpbr Bo_Bmed_Bpbrs
1.00352e+06  471568  302919 302919
Ro
19148.9
SPR SPRFo_SPRFmed_SPRFpbrs
393755 204719 138546
log_Ro
9.68
likeval ReclasPelacesDesembMPH_pf_preclas_ppelaces_ptallas_desvR_qrecl_qpela
 94.3286 94.8175 0.124514 0.000552974 385.923 199.385 85.3747 0 58.0889 5.08728e-06 0 0 0 0 0
q_reclas_q_pelaces
0.726429 1
M
0.7
N
 4578.62 59186.4 29059.1 3818.47 0.12636
 6797.05 2240.3 26460.4 12991.4 1707.17
 909.179 3283.81 915.172 10809.2 6004.43
 4958.53 404.313 744.601 207.515 3812.48
 55549.7 2322.7 132.617 244.234 1318.58
 14454.2 27096.3 1015.83 58.0001 683.498
 55471 6455.81 6336.93 237.569 173.412
 71595.6 24815.3 1527.07 1498.95 97.2144
 87415.2 30344.1 3998.89 246.082 257.216
 225741 37509.7 5338.71 703.561 88.5498
 48717.3 104099 11007.3 1566.66 232.447
 19998.1 22461.7 30510.9 3226.21 527.311
 56319.6 9233.39 6649.83 9032.81 1111.24
 23157.4 24143.7 1613.56 1162.08 1772.7
 14716.8 9110.61 2292.79 153.231 278.7
 14747.4 5671.76 747.328 188.074 35.4306
 9854.14 6569.4 1301.74 171.522 51.2972
 9654.7 4496.51 1788.76 354.448 60.6708
 7181.05 4479.6 1378.36 548.326 127.25
 27570.2 3330.35 1368.73 421.151 206.42
 30390.6 12519.7 876.142 360.081 165.1
 28135.7 14699.4 5156.74 360.875 216.317
 59874.5 13521.6 5784.24 2029.18 227.126
 46157.7 28408.4 4857.9 2078.11 810.626
 1043.97 21968.5 10434.3 1784.28 1061.02
pred_Ctot
 48.374 4270.14 2096.53 275.492 0.00911656
 132.739 289.007 3413.49 1675.94 220.232
 68.752 1341.39 373.836 4415.42 2452.73
 202.912 101.082 186.157 51.8807 953.156
 708.721 200.72 11.4603 21.1059 113.947
 1051.91 10758.3 403.326 23.0284 271.376
 3978.72 2535.53 2488.84 93.3058 68.1078
 7613.33 12833.9 789.77 775.227 50.2773
 8615.84 14932 1967.8 121.094 126.573
 11637.3 11371 1618.42 213.283 26.8437
 2517.06 31614.8 3342.94 475.796 70.5943
 1014.2 6718.77 9126.46 965.027 157.73
 5584.89 4562.08 3285.58 4462.98 549.045
 3506.49 15353.9 1026.13 739.009 1127.33
 2404.64 6022.21 1515.56 101.287 184.223
 1098.78 2291.59 301.947 75.9885 14.3152
 577.627 2208.22 437.565 57.6549 17.2429
 457.66 1272.17 506.085 100.282 17.1653
 342.622 1274.24 392.079 155.974 36.1969
 1705.05 1167.65 479.888 147.66 72.3727
 568.693 1552.26 108.629 44.645 20.4701
 653.245 2224.05 780.224 54.601 32.7292
 1923.04 2739.38 1171.85 411.099 46.0141
 1383.21 5412.23 925.503 395.911 154.436
 36.9913 4851.2 2304.15 394.015 234.299
F
 0.0147872 0.105043 0.105043 0.105043 0.105043
 0.0274862 0.195253 0.195253 0.195253 0.195253
 0.110353 0.78391 0.78391 0.78391 0.78391
 0.0583816 0.414723 0.414723 0.414723 0.414723
 0.0178811 0.127021 0.127021 0.127021 0.127021
 0.106002 0.753003 0.753003 0.753003 0.753003
 0.104401 0.741629 0.741629 0.741629 0.741629
 0.158431 1.12544 1.12544 1.12544 1.12544
 0.146068 1.03762 1.03762 1.03762 1.03762
 0.0740518 0.526039 0.526039 0.526039 0.526039
 0.0742229 0.527254 0.527254 0.527254 0.527254
 0.0728104 0.51722 0.51722 0.51722 0.51722
 0.14702 1.04438 1.04438 1.04438 1.04438
 0.232873 1.65425 1.65425 1.65425 1.65425
 0.253488 1.80069 1.80069 1.80069 1.80069
 0.108647 0.771794 0.771794 0.771794 0.771794
 0.0845897 0.600897 0.600897 0.600897 0.600897
 0.0679101 0.482411 0.482411 0.482411 0.482411
 0.0683668 0.485655 0.485655 0.485655 0.485655
 0.0894335 0.635305 0.635305 0.635305 0.635305
 0.0263241 0.186998 0.186998 0.186998 0.186998
 0.0327537 0.232671 0.232671 0.232671 0.232671
 0.0455651 0.323679 0.323679 0.323679 0.323679
 0.0424556 0.30159 0.30159 0.30159 0.30159
 0.0503744 0.357843 0.357843 0.357843 0.357843
YTP_r0W_actual
 414.303 106726 76037 16194 10028
YTP_p0W_proyectada
 18428.6 5087.87 114777 71114.3 18717.6
 18428.6 100846 1348.36 27215.9 17453.3
CTP_r0_actual
 36.9913 4851.2 2304.15 394.015 234.299
CTP_p0_proyectada
 2168.07 237.751 3678.75 1747.28 402.529
 2168.07 4712.42 43.2165 668.696 375.339
Wmedp
 8.5 21.4 31.2 40.7 46.5
nmprior
 10.6 11 7 0
nm_flota  nm_reclas  nm_pelaces    nm_pelaL
inf 23.7115 18.4124 44.1208
cv_recla  cv_pelaces  cv_mph
0.87851 1.10412 0.76294
 ------------------------------------------------
Talla a la edad & desviaci?n 
 7.2 14.2025 17.0495 18.207 18.6776
 1.08 2.13037 2.55742 2.73105 2.80164
