    unsorted:	 -6.994154563e-07 0.0008999974122 0.003981894096 0.1744192426 5.965110319 25.45438112 45.10512832 69.06721348 117.3749046 141.9374259 292.4643566 428.5461769 382.7964178 522.9042718 611.5472582 650.7775746 713.0722111 766.7165934 794.3750202 861.6741243 904.0815021 988.5925921 1053.531816 1061.101149 1205.456142 1238.105870 1278.929865 1325.523844 1393.352240 1513.508376 1585.312624 1793.562838 1887.842617 2251.922590 2371.497188 2424.000810 2737.681661 3057.542301 40837.35570 196301.5134 216490.7833 589705.9354 607536.0730 641902.8063 667446.7382 702366.6252 496970.1166 470552.5922 740871.5198 410820.2978 802108.8558 858745.8996 940842.3628 1103107.808 1155381.577 1298469.626 1468076.951 1600897.788 1713596.852 1834662.036 2011025.846 2203270.245 2395606.405 2502695.836 6424156.095
      sorted:	 -6.994154563e-07 0.0008999974122 0.003981894096 0.1744192426 5.965110319 25.45438112 45.10512832 69.06721348 117.3749046 141.9374259 292.4643566 382.7964178 428.5461769 522.9042718 611.5472582 650.7775746 713.0722111 766.7165934 794.3750202 861.6741243 904.0815021 988.5925921 1053.531816 1061.101149 1205.456142 1238.105870 1278.929865 1325.523844 1393.352240 1513.508376 1585.312624 1793.562838 1887.842617 2251.922590 2371.497188 2424.000810 2737.681661 3057.542301 40837.35570 196301.5134 216490.7833 410820.2978 470552.5922 496970.1166 589705.9354 607536.0730 641902.8063 667446.7382 702366.6252 740871.5198 802108.8558 858745.8996 940842.3628 1103107.808 1155381.577 1298469.626 1468076.951 1600897.788 1713596.852 1834662.036 2011025.846 2203270.245 2395606.405 2502695.836 6424156.095
