years
 1997 1998 1999 2000 2001 2002 2003 2004 2005 2006 2007 2008 2009 2010 2011 2012 2013 2014 2015 2016 2017 2018 2019 2020 2021
reclasobs
 0 0 0 370054 412103 1.49427e+06 250295 1.28982e+06 931140 785840 897777 1.04006e+06 184774 17550 25797 100020 73551 82996 120727 218422 84188 347160 605670 569463 516374
reclaspred
 580892 133698 272347 175282 313010 366691 800422 573310 683279 777549 655298 456158 299432 126165 69730.9 65429.3 77514.3 97437.8 100627 141717 210931 194663 335337 403865 399428
pelacesobs
 0 0 0 0 0 0 0 0 0 2.06254e+06 1.5e+06 0 1.87456e+06 323000 250000 174000 83755 137374 0 501740 490994 745055 786931 1.00524e+06 1.33801e+06
pelacespred
 2.38549e+06 492891 581463 612522 986187 848477 2.47436e+06 1.93121e+06 2.20719e+06 2.48767e+06 1.7903e+06 1.31763e+06 874801 285252 164358 162425 200580 263243 264684 378818 654553 551598 757749 1.09097e+06 1.0287e+06
mphobs
 0 0 0 0 0 112323 0 153150 637223 0 255016 313432 73983 77613 109348 50772 0 0 0 0 0 0 0 0 0
mphpred
 315440 155438 147601 114280 140008 256619 349213 426184 386245 440679 511168 354308 227493 125580 50919.6 37385.4 43520.8 54640.8 64514.9 72532.6 112095 135258 168258 236333 295935
desembarqueobs
 350755 77701 442110 56441 14545 235359 269955 359681 431902 328805 639364 411747 362871 311530 167758 66681 60226 58785 57116 73181 50977 67692 138656 160484 209506
desembarquepred
 350739 77686.9 441903 56440 14545.2 235377 269970 359527 431796 328721 638908 411545 362703 311328 167442 66646.2 60230.4 58753.5 57084.4 73157.7 50972.4 67662.7 138629 160461 209477
Reclutas
 30877.4 41345.8 15298.9 28663 54524.6 36203.7 64375.9 72583.6 95666.6 126596 64043.1 48289.8 50472 24632.8 13501.7 13495.7 9195.21 10050.5 11208.9 18572.7 22101.4 29911.2 47734.6 49755.2 13912.1
log_desv_Rt
 -0.00221877 0.289727 -0.704463 -0.0766382 0.566407 0.156915 0.732495 0.852494 1.12862 1.40876 0.727311 0.444976 0.489174 -0.228164 -0.829428 -0.829873 -1.21356 -1.12462 -1.01554 -0.510553 -0.336605 -0.0340133 0.433412 0.47487 -0.799488
SSB
 532602 262447 249216 192955 236395 433286 589627 719587 652153 744062 863077 598228 384108 212034 85974.8 63123.2 73482.4 92257.8 108930 122467 189266 228375 284093 399034 499670
BT
 1.48691e+06 389563 534402 374769 517989 619950 1.45448e+06 1.38971e+06 1.52583e+06 1.58745e+06 1.4814e+06 1.04857e+06 796504 433313 219803 137381 150174 182162 183777 252182 377112 346558 482154 688938 691999
Ftot
 0.581409 0.649746 1.29834 0.363823 0.0579597 0.517732 0.358977 0.685301 0.742373 0.494836 0.838112 0.79177 1.23086 2.13238 2.51016 1.13974 0.811183 0.622502 0.532463 0.567991 0.247546 0.323628 0.385408 0.378862 0.388798
BD_Bspro_t
 0.925891 0.653086 0.536355 0.309653 0.480048 0.681915 0.611441 0.624084 0.564902 0.549935 0.55358 0.390864 0.294805 0.207989 0.107151 0.0982915 0.152703 0.244687 0.328782 0.413109 0.548481 0.65637 0.667917 0.673718 0.658079
BD_Bspro
 0.83698 0.412434 0.391642 0.303228 0.371493 0.680905 0.926594 1.13083 1.02485 1.16929 1.35632 0.940111 0.603623 0.33321 0.135109 0.0991976 0.115477 0.144982 0.171182 0.192456 0.297431 0.35889 0.44645 0.627079 0.785227
BD_Bo
 0.643957 0.317319 0.301322 0.233298 0.28582 0.523876 0.712904 0.870037 0.788503 0.899628 1.04353 0.723304 0.464416 0.256366 0.10395 0.0763208 0.0888459 0.111547 0.131704 0.148072 0.228838 0.276123 0.343491 0.482463 0.604139
BD_Brms
 2.14988 1.05939 1.00598 0.778876 0.954223 1.74899 2.38007 2.90466 2.63246 3.00345 3.48387 2.41479 1.55048 0.855891 0.347043 0.254801 0.296617 0.372405 0.439702 0.494346 0.763986 0.92185 1.14676 1.61073 2.01695
S_f
 0.14811 1 1 1 1
 0.14811 1 1 1 1
 0.14811 1 1 1 1
 0.14811 1 1 1 1
 0.14811 1 1 1 1
 0.14811 1 1 1 1
 0.14811 1 1 1 1
 0.14811 1 1 1 1
 0.14811 1 1 1 1
 0.14811 1 1 1 1
 0.14811 1 1 1 1
 0.14811 1 1 1 1
 0.14811 1 1 1 1
 0.14811 1 1 1 1
 0.14811 1 1 1 1
 0.14811 1 1 1 1
 0.14811 1 1 1 1
 0.14811 1 1 1 1
 0.14811 1 1 1 1
 0.14811 1 1 1 1
 0.14811 1 1 1 1
 0.14811 1 1 1 1
 0.14811 1 1 1 1
 0.14811 1 1 1 1
 0.14811 1 1 1 1
Scru_reclas
 0.842714 1 1 1 1
 0.842714 1 1 1 1
 0.842714 1 1 1 1
 0.842714 1 1 1 1
 0.842714 1 1 1 1
 0.842714 1 1 1 1
 0.842714 1 1 1 1
 0.842714 1 1 1 1
 0.842714 1 1 1 1
 0.842714 1 1 1 1
 0.842714 1 1 1 1
 0.842714 1 1 1 1
 0.842714 1 1 1 1
 0.842714 1 1 1 1
 0.842714 1 1 1 1
 0.842714 1 1 1 1
 0.842714 1 1 1 1
 0.842714 1 1 1 1
 0.842714 1 1 1 1
 0.842714 1 1 1 1
 0.842714 1 1 1 1
 0.842714 1 1 1 1
 0.842714 1 1 1 1
 0.842714 1 1 1 1
 0.842714 1 1 1 1
Scru_pelaces
 1 1 1 1 1
 1 1 1 1 1
 1 1 1 1 1
 1 1 1 1 1
 1 1 1 1 1
 1 1 1 1 1
 1 1 1 1 1
 1 1 1 1 1
 1 1 1 1 1
 1 1 1 1 1
 1 1 1 1 1
 1 1 1 1 1
 1 1 1 1 1
 1 1 1 1 1
 1 1 1 1 1
 1 1 1 1 1
 1 1 1 1 1
 1 1 1 1 1
 1 1 1 1 1
 1 1 1 1 1
 1 1 1 1 1
 1 1 1 1 1
 1 1 1 1 1
 1 1 1 1 1
 1 1 1 1 1
pf_obs 
 0.256992 0.487395 0.22802 0.0275931 0
 0.321318 0.546541 0.124235 0.00734118 0.000564706
 0.182869 0.594174 0.210203 0.0122559 0.00049798
 0.330522 0.361315 0.267642 0.0388342 0.00168674
 0.649043 0.306663 0.0425973 0.00169635 0
 0.582887 0.30429 0.105238 0.00758474 0
 0.465427 0.430635 0.0974691 0.00646863 0
 0.296916 0.608066 0.0921331 0.00288517 0
 0.311714 0.524322 0.152257 0.0117073 0
 0.15457 0.633149 0.183074 0.0267441 0.00246327
 0.131901 0.49318 0.331252 0.0422183 0.00144891
 0.196976 0.569456 0.194076 0.0375587 0.00193317
 0.518974 0.381816 0.0799577 0.0180837 0.00116848
 0.0928022 0.601141 0.25162 0.0475244 0.00691264
 0.122501 0.610282 0.24278 0.0234846 0.000952079
 0.383417 0.481906 0.127806 0.00687128 0
 0.0376549 0.599619 0.316969 0.0457579 0
 0.0361596 0.667082 0.258105 0.0386534 0
 0.158088 0.579412 0.248529 0.0139706 0
 0.0477256 0.309471 0.559284 0.082774 0.000745712
 0.0406174 0.521527 0.379366 0.0568643 0.0016247
 0.151134 0.462217 0.34131 0.0453401 0
 0.294876 0.26143 0.354403 0.0886775 0.000613685
 0.281977 0.475581 0.204845 0.0348837 0.00271318
 0.0841818 0.532909 0.334909 0.0458182 0.00218182
pf_pred 
 0.231827 0.534509 0.207595 0.0260597 8.38486e-06
 0.285691 0.522387 0.133543 0.0518662 0.00651293
 0.127862 0.688082 0.134604 0.0344103 0.0150426
 0.33833 0.437852 0.176583 0.0345436 0.0126911
 0.329993 0.539285 0.0865035 0.0348864 0.00933185
 0.156725 0.652433 0.153608 0.0246393 0.0125949
 0.287465 0.440765 0.210265 0.0495044 0.0119998
 0.256297 0.568594 0.108321 0.0516739 0.015115
 0.301542 0.535348 0.124705 0.023757 0.0146482
 0.298429 0.567633 0.10266 0.0239138 0.00736473
 0.14547 0.671489 0.148097 0.0267843 0.00816064
 0.175918 0.525398 0.234706 0.0517643 0.0122143
 0.264187 0.502336 0.148855 0.0664964 0.0181263
 0.213386 0.646407 0.0957182 0.0283637 0.0161245
 0.282662 0.614285 0.084685 0.0125399 0.00582834
 0.36679 0.580441 0.0451884 0.00622965 0.00135122
 0.218049 0.685003 0.0888686 0.00691859 0.00116067
 0.252927 0.55252 0.170432 0.0221109 0.00201016
 0.250278 0.567735 0.134594 0.0415172 0.00587589
 0.327873 0.501335 0.129334 0.0306614 0.0107965
 0.25597 0.605452 0.103364 0.0266658 0.00854771
 0.254231 0.539707 0.167682 0.0286272 0.00975253
 0.295116 0.51414 0.13804 0.0428879 0.00981633
 0.225997 0.598686 0.127875 0.0343329 0.0131084
 0.066663 0.656686 0.213988 0.0457062 0.0169569
pobs_RECLAS
 0 0 0 0 0
 0 0 0 0 0
 0 0 0 0 0
 0 0 0 0 0
 0.835266 0.146461 0.0176864 0.000547809 3.91292e-05
 0.385257 0.428462 0.181853 0.0044286 0
 0.867414 0.0963971 0.0333333 0.00285562 0
 0.441836 0.489002 0.0689373 0.000224442 0
 0.779404 0.147425 0.0564933 0.0165055 0.000172143
 0.814271 0.122319 0.05973 0.00367925 0
 0.40263 0.566651 0.0304383 0.000280538 0
 0.475488 0.404961 0.113038 0.00651328 0
 0.955842 0.0263864 0.0167828 0.000988607 0
 0.975058 0.0227948 0.00214734 0 0
 0.738997 0.206755 0.0527124 0.00153531 0
 0.850938 0.134255 0.0134407 0.00136685 0
 0.542534 0.407297 0.0501686 0 0
 0.764087 0.199537 0.0359546 0.000420521 0
 0.470689 0.182191 0.310203 0.0369168 0
 0.84361 0.089868 0.0606195 0.00523954 0.000663233
 0.607945 0.314616 0.071237 0.00620181 0
 0.523733 0.453247 0.0230204 0 0
 0.530135 0.295979 0.169645 0.0042399 0
 0.562478 0.366248 0.0663022 0.0049721 0
 0.250443 0.683176 0.0655157 0.000865301 0
ppred_RECLAS
 0.641652 0.249345 0.096842 0.0121567 3.91149e-06
 0.704908 0.215806 0.0551688 0.0214267 0.00269059
 0.486728 0.404951 0.0792174 0.0202512 0.00885291
 0.748585 0.166371 0.0670965 0.0131256 0.00482227
 0.737584 0.211217 0.0338801 0.0136637 0.00365493
 0.52296 0.369081 0.0868957 0.0139384 0.00712493
 0.701347 0.184743 0.0881308 0.0207494 0.0050296
 0.673809 0.249387 0.0475098 0.0226644 0.0066295
 0.722471 0.212718 0.0495507 0.00943973 0.0058204
 0.714611 0.230905 0.0417607 0.0097278 0.00299587
 0.509162 0.3857 0.085066 0.0153848 0.00468743
 0.564097 0.277912 0.124149 0.027381 0.00646083
 0.69697 0.206877 0.0613029 0.0273852 0.00746495
 0.669474 0.271613 0.0402197 0.0119181 0.00677534
 0.760885 0.204763 0.0282286 0.00418 0.0019428
 0.785609 0.196525 0.0152998 0.00210922 0.000457493
 0.628816 0.325164 0.0421851 0.00328419 0.000550959
 0.668507 0.245166 0.0756244 0.0098111 0.000891952
 0.663494 0.254823 0.0604114 0.0186346 0.00263735
 0.742974 0.191714 0.0494583 0.0117252 0.00412865
 0.665139 0.272492 0.0465206 0.0120013 0.00384702
 0.664316 0.242932 0.0754769 0.0128856 0.00438979
 0.709479 0.211905 0.0568938 0.0176764 0.00404584
 0.629938 0.286241 0.061139 0.0164151 0.00626733
 0.294147 0.496631 0.161832 0.0345661 0.0128239
pobs_PELACES
 0 0 0 0 0
 0 0 0 0 0
 0 0 0 0 0
 0 0 0 0 0
 0 0 0 0 0
 0 0 0 0 0
 0 0 0 0 0
 0 0 0 0 0
 0 0 0 0 0
 0 0 0 0 0
 0.450072 0.473896 0.0757376 0.000293798 0
 0 0 0 0 0
 0.463077 0.371075 0.160297 0.00555027 0
 0.529543 0.364841 0.0842815 0.0213345 0
 0.631943 0.363953 0.00410389 0 0
 0.735681 0.248677 0.0153453 0.000297389 0
 0.695825 0.281241 0.0229344 0 0
 0.275771 0.60734 0.115278 0.00161068 0
 0 0 0 0 0
 0.896147 0.0623911 0.0374545 0.00400742 0
 0.803859 0.145111 0.0509908 3.86294e-05 0
 0.739449 0.233085 0.0266225 0.000797448 4.60066e-05
 0.878498 0.100942 0.0204185 0.000141795 0
 0.694673 0.275183 0.0284847 0.00165964 0
 0.469039 0.446079 0.0841089 0.000773354 0
ppred_PELACES
 0.714454 0.198688 0.0771675 0.00968694 3.11683e-06
 0.772866 0.166107 0.0424637 0.0164923 0.00207096
 0.618461 0.301019 0.0588859 0.0150536 0.00658077
 0.796488 0.134672 0.0543124 0.0106247 0.00390346
 0.772217 0.183342 0.0294088 0.0118604 0.00317257
 0.600747 0.308898 0.0727263 0.0116656 0.00596313
 0.755057 0.151519 0.0722814 0.0170178 0.00412508
 0.74824 0.192482 0.036669 0.0174928 0.00511678
 0.791927 0.159482 0.0371499 0.0070773 0.00436376
 0.77349 0.183267 0.033145 0.00772085 0.00237779
 0.609067 0.307195 0.0677517 0.0122534 0.00373335
 0.657353 0.218457 0.0975889 0.0215232 0.00507862
 0.794139 0.14054 0.0416455 0.0186039 0.00507124
 0.814028 0.152824 0.0226298 0.00670577 0.00381217
 0.884355 0.0990314 0.0136524 0.00202161 0.00093961
 0.856951 0.131128 0.0102086 0.00140735 0.000305255
 0.716326 0.248503 0.0322395 0.00250991 0.000421065
 0.740308 0.192063 0.0592443 0.00768604 0.000698757
 0.731003 0.203701 0.0482917 0.0148962 0.00210824
 0.800957 0.148465 0.0383009 0.00908005 0.00319726
 0.716466 0.230725 0.03939 0.0101618 0.00325735
 0.720047 0.2026 0.0629461 0.0107463 0.00366099
 0.763566 0.172454 0.0463018 0.0143856 0.00329262
 0.692021 0.23822 0.0508821 0.0136612 0.0052159
 0.355512 0.453455 0.147763 0.0315611 0.0117091
pobs_pel_tallas
 0 0 0 0 0 0 0 0 0 0 0 0 0 0 0 0 0 0 0 0 0 0 0 0 0 0 0 0 0 0 0 0 0 0 0 0
 0 0 0 0 0 0 0 0 0 0 0 0 0 0 0 0 0 0 0 0 0 0 0 0 0 0 0 0 0 0 0 0 0 0 0 0
 0 0 0 0 0 0 0 0 0 0 0 0 0 0 0 0 0 0 0 0 0 0 0 0 0 0 0 0 0 0 0 0 0 0 0 0
 0 0 0 0 0 0 0 0 0 0 0 0 0 0 0 0 0 0 0 0 0 0 0 0 0 0 0 0 0 0 0 0 0 0 0 0
 0 0 0 0 0 0 0 0 0 0 0 0 0 0 0 0 0 0 0 0 0 0 0 0 0 0 0 0 0 0 0 0 0 0 0 0
 0 0 0 0 0 0 0 0 0 0 0 0 0 0 0 0 0 0 0 0 0 0 0 0 0 0 0 0 0 0 0 0 0 0 0 0
 0 0 0 0 0 0 0 0 0 0 0 0 0 0 0 0 0 0 0 0 0 0 0 0 0 0 0 0 0 0 0 0 0 0 0 0
 0 0 0 0 0 0 0 0 0 0 0 0 0 0 0 0 0 0 0 0 0 0 0 0 0 0 0 0 0 0 0 0 0 0 0 0
 0 0 0 0 0 0 0 0 0 0 0 0 0 0 0 0 0 0 0 0 0 0 0 0 0 0 0 0 0 0 0 0 0 0 0 0
 0 0 0 0 0 0 0 0 0 0 0 0 0 0 0 0 0 0 0 0 0 0 0 0 0 0 0 0 0 0 0 0 0 0 0 0
 0 0 0 0 0 0 0 0 1.78061e-05 0.00172719 0.00360574 0.0105946 0.0120993 0.0124554 0.0147524 0.0171206 0.0266825 0.0428682 0.0675386 0.121331 0.153587 0.119568 0.100827 0.0573624 0.0630603 0.0341343 0.0324427 0.0444173 0.0211091 0.0280891 0.0125444 0.00206551 0 0 0 0
 0 0 0 0 0 0 0 0 0 0 0 0 0 0 0 0 0 0 0 0 0 0 0 0 0 0 0 0 0 0 0 0 0 0 0 0
 0 0 0 0 0 0 0.0133647 0.0140871 0.0187388 0.0205184 0.03894 0.0496705 0.03968 0.0493445 0.0407372 0.0367815 0.0215668 0.0243155 0.0234873 0.0199281 0.019796 0.0243948 0.0301388 0.0376714 0.0412746 0.0863199 0.0771752 0.113111 0.0741005 0.0525337 0.0229764 0.00759418 0.00175318 0 0 0
 0 0 0 0 0 0 0 0 0 0 0.00219441 0.00772107 0.0458388 0.0604681 0.0671733 0.0775358 0.0609151 0.0617685 0.073594 0.0568108 0.0755445 0.0548602 0.0670107 0.0636378 0.0643287 0.046367 0.0373049 0.0286899 0.0247887 0.0153202 0.00654259 0.00121912 0.000365735 0 0 0
 0 0 0 0 0 0 0 0 0 0 0 0 0.000112435 0.00938835 0.0111873 0.0202946 0.0414886 0.0713402 0.111592 0.104902 0.108894 0.110636 0.117776 0.105296 0.107544 0.0401394 0.0192827 0.0124803 0.00416011 0.0028671 0.000618394 0 0 0 0 0
 0 0 0 0 0 0 0 0 0 0 0.00291406 0.0102884 0.027416 0.0768956 0.0749926 0.110853 0.0956884 0.0897413 0.0766577 0.0534642 0.0500743 0.0551293 0.0594112 0.0620874 0.0668451 0.0424026 0.0208742 0.0120726 0.0048766 0.00582813 0.00118941 0.000297354 0 0 0 0
 0 0.00264628 0.0354308 0.0461629 0.0458689 0.0383711 0.0214643 0.0164657 0.0346957 0.0420465 0.0363128 0.0245516 0.0311673 0.0291091 0.0169068 0.0133784 0.00837989 0.0085269 0.0148486 0.0160247 0.0276389 0.0546898 0.0760071 0.122758 0.109233 0.0665981 0.0333725 0.0166128 0.00676272 0.00308733 0.000882094 0 0 0 0 0
 0 0 0 0 0 0 0 0.000805153 0.000690131 0.00759144 0.0133425 0.0154129 0.00931677 0.000345066 0.00356568 0.00563607 0.00851162 0.0253048 0.0502646 0.0516448 0.0657925 0.0565908 0.0611916 0.0827007 0.0866115 0.110766 0.145733 0.0935128 0.0569358 0.0249597 0.0138026 0.00621118 0.00161031 0.00115022 0 0
 0 0 0 0 0 0 0 0 0 0 0 0 0 0 0 0 0 0 0 0 0 0 0 0 0 0 0 0 0 0 0 0 0 0 0 0
 0.00147267 0.00158595 0.00478618 0.00569244 0.00954404 0.0108468 0.00647125 0.017049 0.0510054 0.094081 0.124002 0.0959785 0.0687766 0.0820023 0.061753 0.0591476 0.0492212 0.0479892 0.0443925 0.0268479 0.0217502 0.0140895 0.0121071 0.0120363 0.00920419 0.00665534 0.0049561 0.00860946 0.00930331 0.0156896 0.0114698 0.00855282 0.00243557 0.00046729 0 2.83206e-05
 0 0 0 0 0.000772559 0.00158375 0.000888443 0.00281984 0.00712685 0.0440552 0.0773331 0.111326 0.0921469 0.0852325 0.0710754 0.0886704 0.0786465 0.0553345 0.0373146 0.0185414 0.00753245 0.00457741 0.012979 0.0271748 0.0457355 0.0583668 0.034881 0.0177882 0.00938659 0.00492506 0.0015258 0.00185414 0.000309023 5.79419e-05 3.86279e-05 0
 0 0.00173294 0.00326652 0 0.00397197 0.00683976 0.00946217 0.0152591 0.00757587 0.0136028 0.0228656 0.0392903 0.0559909 0.0764795 0.0681675 0.0726916 0.0566044 0.0477403 0.0527397 0.0444891 0.0609904 0.0582453 0.0661739 0.0445044 0.0529084 0.0360697 0.0280645 0.0235558 0.0158879 0.00826598 0.00280645 0.00217768 0.000904811 0.00058276 9.20147e-05 0
 0 0 0 0 0 0 0 0 0 0 0 0 0 0 0 0 0 0 0 0 0 0 0 0 0 0 0 0 0 0 0 0 0 0 0 0
 0 0 0 0 0 0 0 0 0 0 0 0 0 0 0 0 0 0 0 0 0 0 0 0 0 0 0 0 0 0 0 0 0 0 0 0
 0 0 0 0 0 0 0 0 0 0 0 0 0 0 0 0 0 0 0 0 0 0 0 0 0 0 0 0 0 0 0 0 0 0 0 0
ppred_pel_tallas
 1.01494e-16 3.11744e-05 0.000182964 0.000869718 0.00334844 0.0104418 0.0263752 0.0539674 0.0894581 0.120143 0.130748 0.11535 0.0826174 0.0483087 0.0236188 0.0107017 0.0061738 0.00604284 0.00785571 0.0105155 0.0135364 0.016583 0.0193259 0.0214532 0.0227269 0.0230328 0.0224013 0.0209885 0.0190296 0.0167791 0.0144595 0.0122311 0.0101867 0.00836413 0.00676695 0.00538364
 1.01321e-16 3.372e-05 0.000197912 0.00094079 0.0036221 0.0112952 0.0285308 0.0583776 0.096767 0.129954 0.141413 0.124729 0.0892691 0.0520655 0.0252073 0.0109998 0.00575686 0.00513971 0.00648733 0.00862665 0.0110709 0.0135199 0.0156965 0.0173441 0.0182719 0.0183964 0.0177566 0.0164973 0.0148266 0.0129643 0.0110969 0.00935205 0.00779518 0.00644179 0.00527777 0.00427814
 1.01759e-16 2.69927e-05 0.000158405 0.000752939 0.00289878 0.00903952 0.0228333 0.0467212 0.0774504 0.104028 0.113241 0.0999777 0.071765 0.0422814 0.0212651 0.0106367 0.00752072 0.00849739 0.0114412 0.0153453 0.0196676 0.0239407 0.0276745 0.0304078 0.0318026 0.0317209 0.0302528 0.0276839 0.0244161 0.0208698 0.0173998 0.0142459 0.011525 0.00925453 0.00739073 0.00586565
 1.01363e-16 3.47488e-05 0.000203955 0.000969524 0.00373274 0.0116402 0.0294023 0.0601606 0.0997214 0.133919 0.145719 0.128507 0.0919291 0.0535292 0.0257522 0.0109589 0.00533651 0.00440468 0.00542334 0.00720159 0.00927376 0.0113818 0.0132982 0.0148114 0.0157595 0.0160628 0.0157379 0.0148849 0.0136562 0.0122168 0.0107104 0.0092399 0.00786462 0.00660937 0.00547862 0.00446906
 1.01034e-16 3.36924e-05 0.000197748 0.000940008 0.00361909 0.0112858 0.028507 0.0583292 0.0966871 0.129848 0.141301 0.124639 0.0892238 0.0520772 0.0252837 0.0111527 0.00600613 0.00551086 0.00700432 0.00930275 0.0118996 0.0144681 0.0167023 0.0183213 0.0191216 0.0190224 0.0180832 0.0164822 0.0144685 0.012301 0.0101968 0.00830123 0.00668265 0.00534751 0.00426436 0.00338715
 1.01813e-16 2.62207e-05 0.000153871 0.000731385 0.00281579 0.00878071 0.0221796 0.0453837 0.0752338 0.101053 0.110007 0.0971319 0.0697447 0.0411362 0.0207729 0.010529 0.00762016 0.0087317 0.0118017 0.0158478 0.0203307 0.0247752 0.0286785 0.031565 0.0330831 0.0330845 0.0316536 0.0290748 0.0257533 0.0221157 0.0185246 0.0152288 0.0123546 0.00992839 0.00791505 0.00625389
 1.01854e-16 3.29429e-05 0.000193351 0.000919109 0.00353863 0.0110349 0.0278732 0.0570322 0.0945366 0.126958 0.138151 0.121848 0.0871992 0.050842 0.0245857 0.010681 0.00552688 0.00488769 0.00617127 0.00824443 0.0106494 0.0131133 0.0153843 0.0172233 0.0184441 0.0189492 0.0187465 0.017936 0.0166761 0.0151407 0.0134833 0.0118161 0.0102075 0.00869215 0.00728528 0.00599555
 1.01424e-16 3.26473e-05 0.000191612 0.000910832 0.00350675 0.0109355 0.0276221 0.0565187 0.0936866 0.12582 0.136922 0.120785 0.086485 0.0505193 0.0246036 0.0109833 0.00610259 0.00576946 0.00740683 0.00986452 0.0126412 0.0154027 0.0178307 0.0196302 0.0205855 0.0206073 0.0197509 0.018195 0.0161911 0.0140018 0.0118472 0.009875 0.0081556 0.0066981 0.00547508 0.00444611
 1.01027e-16 3.45509e-05 0.000202791 0.000963985 0.00371141 0.0115737 0.0292342 0.0598169 0.0991525 0.133157 0.144895 0.127793 0.0914475 0.053306 0.0257516 0.0111404 0.00568958 0.004948 0.00618658 0.00820508 0.0105118 0.0128113 0.0148354 0.0163374 0.017136 0.0171544 0.016436 0.0151268 0.0134347 0.0115786 0.00974382 0.00805728 0.0065827 0.0053329 0.0042894 0.00342128
 1.00907e-16 3.37479e-05 0.000198074 0.000941557 0.00362505 0.0113044 0.028554 0.0584253 0.0968465 0.130062 0.141534 0.124845 0.0893705 0.0521622 0.025324 0.0111687 0.0060125 0.00551487 0.00700901 0.00930932 0.0119085 0.0144794 0.0167153 0.0183341 0.0191311 0.0190241 0.0180711 0.0164499 0.0144094 0.01221 0.0100711 0.00814097 0.0064916 0.00513269 0.00403524 0.00315445
 1.01658e-16 2.65834e-05 0.000156001 0.00074151 0.00285477 0.00890228 0.0224866 0.046012 0.076275 0.102451 0.111527 0.0984704 0.0706974 0.0416812 0.0210167 0.0106007 0.0076069 0.00867167 0.0117031 0.0157061 0.0201378 0.0245234 0.0283622 0.0311815 0.0326334 0.032573 0.0310883 0.0284666 0.0251158 0.0214642 0.0178758 0.0145991 0.0117594 0.00938091 0.00742515 0.00582755
 1.02434e-16 2.86854e-05 0.000168349 0.000800233 0.0030809 0.00960747 0.0242678 0.0496557 0.082312 0.110549 0.120317 0.10617 0.0760916 0.0445925 0.0219886 0.0102808 0.00637623 0.00661864 0.00875904 0.011782 0.0152164 0.0187122 0.0219135 0.0244776 0.0261383 0.0267599 0.0263604 0.025092 0.0231912 0.0209167 0.0184953 0.0160917 0.0138044 0.0116794 0.00973311 0.00797025
 1.01514e-16 3.46466e-05 0.000203354 0.000966668 0.00372175 0.011606 0.0293157 0.0599834 0.0994279 0.133525 0.145291 0.128133 0.0916683 0.0533903 0.0257095 0.0109816 0.00540656 0.00451787 0.00558195 0.00740732 0.00952287 0.0116627 0.0135912 0.0150911 0.015999 0.0162396 0.015839 0.0149104 0.0136197 0.0121427 0.0106286 0.00917962 0.00784885 0.00665113 0.00557985 0.00462184
 1.0078e-16 3.55143e-05 0.000208447 0.000990879 0.00381496 0.0118966 0.0300499 0.0614858 0.101918 0.13687 0.148933 0.131347 0.0939743 0.0547462 0.0263856 0.0113082 0.00561826 0.00473448 0.00584806 0.00772624 0.00987033 0.0119894 0.0138248 0.0151421 0.0157722 0.0156497 0.0148263 0.0134539 0.0117431 0.00991282 0.00814638 0.00656608 0.00522899 0.00413921 0.00326822 0.00257467
 1.0034e-16 3.85787e-05 0.000226443 0.00107644 0.00414443 0.0129241 0.032645 0.0667952 0.110717 0.14868 0.161767 0.142628 0.10196 0.0592279 0.0282258 0.0115479 0.00493177 0.00337854 0.00383413 0.00498514 0.0063491 0.00769917 0.00886005 0.00967844 0.0100451 0.00991861 0.00933465 0.00839438 0.00723781 0.0060105 0.00483471 0.00379243 0.00292225 0.00222713 0.00168746 0.00127413
 1.00251e-16 3.7385e-05 0.000219432 0.00104311 0.00401606 0.0125238 0.0316339 0.0647267 0.10729 0.14408 0.156771 0.138242 0.0988677 0.0575174 0.0275718 0.0115594 0.00536373 0.00415011 0.00495763 0.00649686 0.008266 0.00999582 0.0114596 0.0124561 0.0128438 0.0125729 0.0116976 0.0103599 0.00875349 0.00707827 0.005501 0.0041321 0.0030212 0.00216771 0.00153894 0.00108853
 1.00645e-16 3.1258e-05 0.00018345 0.000872019 0.00335729 0.0104694 0.0264449 0.0541104 0.0896964 0.120467 0.131111 0.115695 0.0829169 0.0485898 0.0239523 0.0111803 0.00689473 0.00709739 0.00931667 0.0124184 0.015857 0.0192193 0.0220934 0.0240984 0.0249614 0.0245803 0.0230477 0.0206215 0.0176577 0.0145266 0.0115392 0.00890453 0.00672119 0.00499633 0.00367882 0.0026922
 1.01201e-16 3.23014e-05 0.000189581 0.000901179 0.00346958 0.0108196 0.0273294 0.0559197 0.0926937 0.124487 0.135472 0.119508 0.0855752 0.049997 0.0243669 0.0109085 0.00610688 0.00581737 0.00749336 0.00999912 0.0128393 0.0156817 0.0182065 0.0201144 0.021181 0.0213058 0.0205306 0.0190207 0.0170175 0.0147785 0.0125256 0.0104149 0.00853132 0.0069015 0.00551569 0.00434831
 1.01363e-16 3.18961e-05 0.000187201 0.00088986 0.003426 0.0106836 0.0269861 0.0552173 0.0915299 0.122925 0.133776 0.118019 0.0845253 0.0494165 0.0241451 0.0109125 0.00625279 0.00607661 0.00786812 0.0104987 0.0134655 0.0164213 0.0190291 0.0209747 0.0220258 0.0220833 0.0212001 0.0195604 0.0174266 0.0150757 0.0127423 0.010587 0.0086914 0.00707286 0.00571002 0.00456622
 1.01054e-16 3.49442e-05 0.000205101 0.000974969 0.00375371 0.0117056 0.0295674 0.0604985 0.100282 0.134672 0.146541 0.129238 0.0924658 0.0538682 0.0259646 0.0111326 0.00554082 0.00468429 0.00580324 0.00768983 0.00985925 0.0120309 0.013954 0.0153985 0.0161939 0.0162663 0.0156522 0.0144832 0.0129485 0.0112476 0.00955066 0.00797446 0.00657909 0.00537888 0.0043603 0.00349892
 1.01136e-16 3.12633e-05 0.000183483 0.000872181 0.00335792 0.0104713 0.0264498 0.0541204 0.0897124 0.120487 0.131129 0.115701 0.0829018 0.048541 0.0238542 0.0110116 0.00662773 0.00670124 0.00876351 0.0116919 0.0149614 0.0181869 0.0209872 0.0230085 0.0239939 0.0238413 0.0226255 0.0205717 0.0179952 0.0152247 0.0125367 0.0101176 0.00805682 0.00636497 0.00500362 0.00391453
 1.015e-16 3.14184e-05 0.000184396 0.000876525 0.00337465 0.0105235 0.0265816 0.0543899 0.0901584 0.121084 0.131772 0.116254 0.0832656 0.0486894 0.0238077 0.0107911 0.00622863 0.00609521 0.00791575 0.010581 0.0135966 0.0166198 0.0193156 0.0213691 0.0225437 0.0227323 0.021977 0.0204492 0.0183993 0.0160944 0.013764 0.0115687 0.00959541 0.00787081 0.00638525 0.00511398
 1.01362e-16 3.33148e-05 0.000195532 0.000929475 0.00357853 0.0111593 0.0281876 0.0576755 0.0956034 0.128392 0.139715 0.123237 0.0882119 0.0514708 0.0249604 0.0109623 0.00583873 0.00530617 0.00673634 0.00896743 0.0115114 0.0140608 0.0163283 0.0180471 0.0190187 0.0191551 0.0184961 0.0171909 0.0154552 0.0135168 0.0115697 0.00974754 0.00811921 0.00670216 0.005483 0.00443668
 1.01514e-16 3.01977e-05 0.000177226 0.000842434 0.00324338 0.0101142 0.0255476 0.0522745 0.0866531 0.11638 0.126663 0.111771 0.0801067 0.0469475 0.0231518 0.0108239 0.00670278 0.00693093 0.00912749 0.0122054 0.0156472 0.0190628 0.022061 0.0242758 0.0254378 0.0254351 0.0243348 0.0223581 0.0198182 0.0170434 0.0143113 0.0118104 0.00963386 0.00779805 0.0062722 0.00500722
 1.03877e-16 1.55333e-05 9.11131e-05 0.000432996 0.00166687 0.00519779 0.0131296 0.026868 0.0445482 0.0598619 0.0652337 0.0577597 0.0418241 0.0253738 0.01412 0.00930162 0.00940199 0.0125582 0.0175744 0.0237793 0.0306275 0.037487 0.0436342 0.0483682 0.0511574 0.0517564 0.0502504 0.047011 0.0425854 0.0375578 0.0324304 0.027555 0.0231225 0.0191951 0.0157576 0.0127653
pSPR Fmed_Fpbrs
0.476391   0.349531 0.349531
Fs Fmed_Fpbrs
0.587433   1.005 1.005
SSBpbr Bo_Bmed_Bpbrs
827077  352658  247735 247735
Ro
30946
SPR SPRFo_SPRFmed_SPRFpbrs
636338 303145 222420
log_Ro
10.16
likeval ReclasPelacesDesembMPH_pf_preclas_ppelaces_ptallas_desvR_qrecl_qpela
 70.8019 13.1016 0.0337791 0.000232522 315.023 188.429 79.3975 0 18.1176 7.41773e-06 7.7187e-05 0 0 0 0
q_reclas_q_pelaces
0.679812 3.49009
M
0.7
N
 30877.4 12953.2 5030.81 631.525 0.203197
 41345.8 14068.2 3596.39 1396.78 175.397
 15298.9 18648 3647.96 932.567 407.676
 28663 6268.17 2527.92 494.516 181.683
 54524.6 13486.9 2163.36 872.469 233.379
 36203.7 26844.7 6320.26 1013.8 518.224
 64375.9 16651.1 7943.35 1870.17 453.325
 72583.6 30312.9 5774.79 2754.84 805.812
 95666.6 32565 7585.75 1445.13 891.047
 126596 42560.1 7697.28 1793.01 552.194
 64043.1 58423.2 12885.2 2330.38 710.02
 48289.8 28090.3 12548.5 2767.57 653.036
 50472 21326.5 6319.58 2823.08 769.547
 24632.8 20886.8 3092.86 916.491 521.018
 13501.7 8919.62 1229.65 182.084 84.6294
 13495.7 4622.97 359.907 49.6166 10.7619
 9195.21 5660.81 734.403 57.1747 9.59169
 10050.5 4049.28 1249.05 162.045 14.7319
 11208.9 4551.37 1079 332.831 47.1054
 18572.7 5144.06 1327.06 314.608 110.78
 22101.4 8478.78 1447.52 373.43 119.703
 29911.2 10580.1 3287.15 561.191 191.183
 47734.6 14158.3 3801.32 1181.04 270.32
 49755.2 22389.1 4782.15 1283.95 490.216
 13912.1 23359.4 7611.9 1625.85 603.184
pred_Ctot
 1841.32 4245.42 1648.85 206.983 0.066598
 2743.28 5016.11 1282.32 498.035 62.5391
 1946.2 10473.4 2048.82 523.762 228.965
 1084.74 1403.83 566.156 110.753 40.69
 335.338 548.021 87.9047 35.4514 9.48301
 1930.4 8036.1 1892.01 303.485 155.133
 2404.59 3686.92 1758.83 414.095 100.376
 5067.84 11243 2141.86 1021.76 298.874
 7209.31 12799.2 2981.45 567.986 350.212
 6461.22 12289.7 2222.68 517.753 159.452
 5415.28 24997 5513.07 997.077 303.79
 3868.92 11555 5161.85 1138.44 268.627
 6112.91 11623.4 3444.29 1538.63 419.417
 4885.33 14799.1 2191.4 649.367 369.16
 3079.86 6693.21 922.721 136.634 63.5052
 1522.29 2409.01 187.546 25.855 5.60797
 753.834 2368.17 307.234 23.9188 4.01264
 640.011 1398.11 431.264 55.9499 5.08654
 614.086 1393.01 330.242 101.867 14.4172
 1082.92 1655.85 427.174 101.271 35.6594
 573.415 1356.31 231.553 59.7358 19.1483
 1009.55 2143.17 665.864 113.678 38.7272
 1911.01 3329.29 893.871 277.718 63.5651
 1958.89 5189.28 1108.39 297.589 113.621
 561.731 5533.52 1803.15 385.14 142.886
F
 0.0861123 0.581409 0.581409 0.581409 0.581409
 0.0962336 0.649746 0.649746 0.649746 0.649746
 0.192297 1.29834 1.29834 1.29834 1.29834
 0.0538857 0.363823 0.363823 0.363823 0.363823
 0.00858439 0.0579597 0.0579597 0.0579597 0.0579597
 0.0766811 0.517732 0.517732 0.517732 0.517732
 0.0531679 0.358977 0.358977 0.358977 0.358977
 0.1015 0.685301 0.685301 0.685301 0.685301
 0.109953 0.742373 0.742373 0.742373 0.742373
 0.0732899 0.494836 0.494836 0.494836 0.494836
 0.124132 0.838112 0.838112 0.838112 0.838112
 0.117269 0.79177 0.79177 0.79177 0.79177
 0.182302 1.23086 1.23086 1.23086 1.23086
 0.315827 2.13238 2.13238 2.13238 2.13238
 0.371779 2.51016 2.51016 2.51016 2.51016
 0.168806 1.13974 1.13974 1.13974 1.13974
 0.120144 0.811183 0.811183 0.811183 0.811183
 0.0921985 0.622502 0.622502 0.622502 0.622502
 0.0788629 0.532463 0.532463 0.532463 0.532463
 0.0841249 0.567991 0.567991 0.567991 0.567991
 0.0366639 0.247546 0.247546 0.247546 0.247546
 0.0479324 0.323628 0.323628 0.323628 0.323628
 0.0570827 0.385408 0.385408 0.385408 0.385408
 0.056113 0.378862 0.378862 0.378862 0.378862
 0.0575848 0.388798 0.388798 0.388798 0.388798
YTP_r0W_actual
 6291.39 121737 59503.9 15829.3 6115.51
YTP_p0W_proyectada
 18561.2 67314.1 118324 50297.2 16405.8
 18561.2 96134.9 17839.2 28057 12344.2
CTP_r0_actual
 561.731 5533.52 1803.15 385.14 142.886
CTP_p0_proyectada
 2183.67 3145.52 3792.44 1235.8 352.813
 2183.67 4492.28 571.769 689.361 265.467
Wmedp
 8.5 21.4 31.2 40.7 46.5
nmprior
 10.6 11 7 0
nm_flota  nm_reclas  nm_pelaces    nm_pelaL
inf 19.0313 15.3586 34.8543
cv_recla  cv_pelaces  cv_mph
0.76111 0.410425 0.494732
 ------------------------------------------------
Talla a la edad & desviaci?n 
 7.2 14.2025 17.0495 18.207 18.6776
 1.08 2.13037 2.55742 2.73105 2.80164
