    unsorted:	 2.453688726e-06 1.626723246e-06 -3.502002999e-08 6.626021404e-05 0.0008999964972 0.007296921472 32.59275725 62.24864028 98.94149749 145.0522896 217.3257611 190.7879938 465.9825447 604.9593524 619.7164852 828.8045613 852.2475842 1046.726217 1156.059062 1423.367613 1343.868524 1619.618487 1792.179214 2050.087964 2486.967418 2347.722042 2770.569669 3040.189159 3635.370042 3847.915596 4284.385494 4366.808229 4674.500320 5075.656057 5322.128937 5925.822694 6195.251229 6439.323148 20855.33028 196458.7695 372831.1992 365793.6979 402059.5160 429234.4437 468795.3003 476393.1079 495586.4020 505389.9844 523544.9459 315450.0720 567732.4697 582002.4425 648935.3548 699282.9838 804734.1763 876806.8213 1039093.836 1086653.562 1324284.131 1625845.694 1847934.030 2096157.275 2269034.375 2650820.870 5403167.940
      sorted:	 -3.502002999e-08 1.626723246e-06 2.453688726e-06 6.626021404e-05 0.0008999964972 0.007296921472 32.59275725 62.24864028 98.94149749 145.0522896 190.7879938 217.3257611 465.9825447 604.9593524 619.7164852 828.8045613 852.2475842 1046.726217 1156.059062 1343.868524 1423.367613 1619.618487 1792.179214 2050.087964 2347.722042 2486.967418 2770.569669 3040.189159 3635.370042 3847.915596 4284.385494 4366.808229 4674.500320 5075.656057 5322.128937 5925.822694 6195.251229 6439.323148 20855.33028 196458.7695 315450.0720 365793.6979 372831.1992 402059.5160 429234.4437 468795.3003 476393.1079 495586.4020 505389.9844 523544.9459 567732.4697 582002.4425 648935.3548 699282.9838 804734.1763 876806.8213 1039093.836 1086653.562 1324284.131 1625845.694 1847934.030 2096157.275 2269034.375 2650820.870 5403167.940
