    unsorted:	 6.394400416e-06 1.067575446e-05 1.365905571e-05 0.0008999967152 0.007302427525 49.26646742 64.70207005 83.14563076 109.3915367 173.7315672 477.9323486 508.8424275 351.9722724 570.7961277 759.7947744 805.0326654 883.6809474 1021.815430 1141.634583 1375.932018 1294.581315 1479.162687 1642.486833 1911.129625 1973.832902 2331.065180 2387.573457 2800.342695 3132.580687 3322.493426 3672.534871 3925.817237 4182.757154 4575.650541 4812.009197 5245.910118 5300.456916 26447.54293 30950.81417 196505.7530 487686.4966 503804.9905 475229.6648 526997.9422 538009.0688 557431.3958 427539.4320 397073.6555 389440.6271 319153.2500 610223.7623 661076.7676 702107.4032 828618.6091 882215.2045 964300.8651 1158488.517 1207106.260 1450671.389 1679319.884 1924759.921 2102119.976 2348046.372 2597618.794 5309326.470
      sorted:	 6.394400416e-06 1.067575446e-05 1.365905571e-05 0.0008999967152 0.007302427525 49.26646742 64.70207005 83.14563076 109.3915367 173.7315672 351.9722724 477.9323486 508.8424275 570.7961277 759.7947744 805.0326654 883.6809474 1021.815430 1141.634583 1294.581315 1375.932018 1479.162687 1642.486833 1911.129625 1973.832902 2331.065180 2387.573457 2800.342695 3132.580687 3322.493426 3672.534871 3925.817237 4182.757154 4575.650541 4812.009197 5245.910118 5300.456916 26447.54293 30950.81417 196505.7530 319153.2500 389440.6271 397073.6555 427539.4320 475229.6648 487686.4966 503804.9905 526997.9422 538009.0688 557431.3958 610223.7623 661076.7676 702107.4032 828618.6091 882215.2045 964300.8651 1158488.517 1207106.260 1450671.389 1679319.884 1924759.921 2102119.976 2348046.372 2597618.794 5309326.470
