years
 1997 1998 1999 2000 2001 2002 2003 2004 2005 2006 2007 2008 2009 2010 2011 2012 2013 2014 2015 2016 2017 2018 2019 2020 2021
reclasobs
 0 0 0 370054 412103 1.49427e+06 250295 1.28982e+06 931140 785840 897777 1.04006e+06 184774 17550 25797 100020 73551 82996 120727 218422 84188 347160 605670 569463 516374
reclaspred
 747737 169549 378675 204693 326258 403490 878544 636826 721444 823378 750803 526337 322045 129875 73250.7 68153.4 79455.9 106275 115611 145596 223669 216673 358160 419021 461297
pelacesobs
 0 0 0 0 0 0 0 0 0 2.06254e+06 1.5e+06 0 1.87456e+06 323000 250000 174000 83755 137374 0 501740 490994 745055 786931 1.00524e+06 1.33801e+06
pelacespred
 2.5785e+06 693419 683597 701563 1.00122e+06 929294 2.46303e+06 2.04028e+06 2.10738e+06 2.4864e+06 1.93085e+06 1.39899e+06 835255 260789 152094 156087 190713 268591 295414 360444 660722 619871 773977 1.08214e+06 1.15838e+06
mphobs
 0 0 0 0 0 112323 0 153150 637223 0 255016 313432 73983 77613 109348 50772 0 0 0 0 0 0 0 0 0
mphpred
 265247 133464 130261 99082.5 102754 182105 242773 326870 289400 323133 376711 261964 164177 88043.2 38595.8 29467.6 30791.8 39212.7 48945.9 53086.6 77465.3 98067.8 118283 159994 201341
desembarqueobs
 350755 77701 442110 56441 14545 235359 269955 359681 431902 328805 639364 411747 362871 311530 167758 66681 60226 58785 57116 73181 50977 67692 138656 160484 209506
desembarquepred
 350746 77687.4 441939 56440.4 14545 235410 269995 359527 431808 328730 638940 411551 362690 311383 167456 66657.9 60241.4 58756.9 57083.6 73161.5 50976.1 67668.4 138639 160476 209492
Reclutas
 32156.3 42712.6 15061.2 21751.9 46867.2 30366.9 67537.7 66419.1 86667.6 117483 66287.6 47425.4 50816.5 27557.5 13857.8 11512.7 8747.56 10082.2 10125 15147.5 20973.8 25537.8 39860.9 43665.4 15859
log_desv_Rt
 0.098363 0.382249 -0.660123 -0.292543 0.475074 0.0411093 0.840442 0.82374 1.08984 1.39405 0.821758 0.486913 0.555977 -0.0559704 -0.743394 -0.928794 -1.20347 -1.06147 -1.05723 -0.654406 -0.328971 -0.132085 0.313151 0.404312 -0.60851
SSB
 525753 264542 258194 196394 203672 360955 481207 647898 573627 640490 746689 519245 325419 174513 76501.8 58408.5 61033.2 77724.6 97017.1 105224 153546 194383 234452 317128 399084
BT
 1.51445e+06 394093 540839 343716 446135 525636 1.37041e+06 1.26843e+06 1.37364e+06 1.42305e+06 1.3689e+06 957775 736702 410848 212888 124862 133925 166301 165570 214351 329172 297314 403201 571427 593697
Ftot
 0.600109 0.646443 1.2428 0.366291 0.0690039 0.642936 0.457007 0.768995 0.871073 0.589661 0.997779 0.938857 1.51127 2.71395 2.88545 1.27473 1.01991 0.758091 0.602009 0.68137 0.311742 0.384144 0.477527 0.486973 0.494294
BD_Bspro_t
 0.924623 0.654948 0.54561 0.312802 0.442879 0.640181 0.564735 0.599704 0.530818 0.510808 0.515235 0.35685 0.259856 0.174964 0.0950774 0.089724 0.127408 0.210606 0.300186 0.373306 0.494626 0.61806 0.622798 0.620962 0.605655
BD_Bspro
 0.877307 0.441434 0.430841 0.327717 0.339861 0.602314 0.802975 1.08113 0.957194 1.06877 1.24598 0.866448 0.543016 0.291204 0.127656 0.0974644 0.101844 0.129697 0.161889 0.175584 0.256217 0.324361 0.391223 0.529181 0.665938
BD_Bo
 0.666616 0.335421 0.327372 0.249013 0.258241 0.457665 0.610136 0.821488 0.727317 0.812094 0.946747 0.658365 0.412608 0.221269 0.0969988 0.0740577 0.0773856 0.0985492 0.123011 0.133417 0.194685 0.246463 0.297269 0.402095 0.506009
BD_Brms
 1.21203 0.609856 0.595221 0.452752 0.46953 0.832118 1.10934 1.49361 1.3224 1.47654 1.72136 1.19703 0.750196 0.402308 0.176361 0.13465 0.140701 0.17918 0.223656 0.242576 0.353973 0.448115 0.540488 0.731081 0.920016
S_f
 0.138193 1 1 1 1
 0.138193 1 1 1 1
 0.138193 1 1 1 1
 0.138193 1 1 1 1
 0.138193 1 1 1 1
 0.138193 1 1 1 1
 0.138193 1 1 1 1
 0.138193 1 1 1 1
 0.138193 1 1 1 1
 0.138193 1 1 1 1
 0.138193 1 1 1 1
 0.138193 1 1 1 1
 0.138193 1 1 1 1
 0.138193 1 1 1 1
 0.138193 1 1 1 1
 0.138193 1 1 1 1
 0.138193 1 1 1 1
 0.138193 1 1 1 1
 0.138193 1 1 1 1
 0.138193 1 1 1 1
 0.138193 1 1 1 1
 0.138193 1 1 1 1
 0.138193 1 1 1 1
 0.138193 1 1 1 1
 0.138193 1 1 1 1
Scru_reclas
 0.491768 0.832749 0.962435 0.992472 0.998528
 0.491768 0.832749 0.962435 0.992472 0.998528
 0.491768 0.832749 0.962435 0.992472 0.998528
 0.491768 0.832749 0.962435 0.992472 0.998528
 0.491768 0.832749 0.962435 0.992472 0.998528
 0.491768 0.832749 0.962435 0.992472 0.998528
 0.491768 0.832749 0.962435 0.992472 0.998528
 0.491768 0.832749 0.962435 0.992472 0.998528
 0.491768 0.832749 0.962435 0.992472 0.998528
 0.491768 0.832749 0.962435 0.992472 0.998528
 0.491768 0.832749 0.962435 0.992472 0.998528
 0.491768 0.832749 0.962435 0.992472 0.998528
 0.491768 0.832749 0.962435 0.992472 0.998528
 0.491768 0.832749 0.962435 0.992472 0.998528
 0.491768 0.832749 0.962435 0.992472 0.998528
 0.491768 0.832749 0.962435 0.992472 0.998528
 0.491768 0.832749 0.962435 0.992472 0.998528
 0.491768 0.832749 0.962435 0.992472 0.998528
 0.491768 0.832749 0.962435 0.992472 0.998528
 0.491768 0.832749 0.962435 0.992472 0.998528
 0.491768 0.832749 0.962435 0.992472 0.998528
 0.491768 0.832749 0.962435 0.992472 0.998528
 0.491768 0.832749 0.962435 0.992472 0.998528
 0.491768 0.832749 0.962435 0.992472 0.998528
 0.491768 0.832749 0.962435 0.992472 0.998528
Scru_pelaces
 0.565715 1 1 1 1
 0.565715 1 1 1 1
 0.565715 1 1 1 1
 0.565715 1 1 1 1
 0.565715 1 1 1 1
 0.565715 1 1 1 1
 0.565715 1 1 1 1
 0.565715 1 1 1 1
 0.565715 1 1 1 1
 0.565715 1 1 1 1
 0.565715 1 1 1 1
 0.565715 1 1 1 1
 0.565715 1 1 1 1
 0.565715 1 1 1 1
 0.565715 1 1 1 1
 0.565715 1 1 1 1
 0.565715 1 1 1 1
 0.565715 1 1 1 1
 0.565715 1 1 1 1
 0.565715 1 1 1 1
 0.565715 1 1 1 1
 0.565715 1 1 1 1
 0.565715 1 1 1 1
 0.565715 1 1 1 1
 0.565715 1 1 1 1
pf_obs 
 0.256992 0.487395 0.22802 0.0275931 0
 0.321318 0.546541 0.124235 0.00734118 0.000564706
 0.182869 0.594174 0.210203 0.0122559 0.00049798
 0.330522 0.361315 0.267642 0.0388342 0.00168674
 0.649043 0.306663 0.0425973 0.00169635 0
 0.582887 0.30429 0.105238 0.00758474 0
 0.465427 0.430635 0.0974691 0.00646863 0
 0.296916 0.608066 0.0921331 0.00288517 0
 0.311714 0.524322 0.152257 0.0117073 0
 0.15457 0.633149 0.183074 0.0267441 0.00246327
 0.131901 0.49318 0.331252 0.0422183 0.00144891
 0.196976 0.569456 0.194076 0.0375587 0.00193317
 0.518974 0.381816 0.0799577 0.0180837 0.00116848
 0.0928022 0.601141 0.25162 0.0475244 0.00691264
 0.122501 0.610282 0.24278 0.0234846 0.000952079
 0.383417 0.481906 0.127806 0.00687128 0
 0.0376549 0.599619 0.316969 0.0457579 0
 0.0361596 0.667082 0.258105 0.0386534 0
 0.158088 0.579412 0.248529 0.0139706 0
 0.0477256 0.309471 0.559284 0.082774 0.000745712
 0.0406174 0.521527 0.379366 0.0568643 0.0016247
 0.151134 0.462217 0.34131 0.0453401 0
 0.294876 0.26143 0.354403 0.0886775 0.000613685
 0.281977 0.475581 0.204845 0.0348837 0.00271318
 0.0841818 0.532909 0.334909 0.0458182 0.00218182
pf_pred 
 0.232688 0.533361 0.208352 0.0255912 8.08931e-06
 0.274374 0.542847 0.12705 0.0496308 0.00609791
 0.113887 0.701318 0.138246 0.0323557 0.0141924
 0.259484 0.475424 0.209808 0.0413581 0.0139254
 0.327579 0.50598 0.106858 0.0471572 0.0124257
 0.152234 0.665249 0.13734 0.0290048 0.0161728
 0.339157 0.424741 0.185271 0.038249 0.0125819
 0.239225 0.626471 0.0863207 0.0376529 0.0103304
 0.296471 0.542542 0.132567 0.0182662 0.0101537
 0.302874 0.576394 0.0931052 0.0227497 0.00487712
 0.162416 0.677484 0.132373 0.0213822 0.00634468
 0.181491 0.574613 0.197277 0.0385457 0.00807381
 0.285863 0.516174 0.138974 0.0477129 0.0112753
 0.258619 0.64294 0.0711524 0.019157 0.00813125
 0.296202 0.650079 0.0465856 0.0051555 0.00197723
 0.331476 0.630018 0.0355672 0.0025488 0.000390247
 0.238323 0.667023 0.0892022 0.00503585 0.00041613
 0.276739 0.574097 0.130628 0.0174691 0.0010677
 0.236078 0.613447 0.119441 0.0271772 0.00385659
 0.302198 0.524635 0.139057 0.0270751 0.00703479
 0.27925 0.587971 0.0998281 0.02646 0.00649047
 0.237678 0.583772 0.145657 0.0247302 0.00816273
 0.284968 0.523315 0.146813 0.0366313 0.00827225
 0.233754 0.601848 0.120319 0.0337548 0.0103241
 0.0870829 0.673685 0.187905 0.0375651 0.013762
pobs_RECLAS
 0 0 0 0 0
 0 0 0 0 0
 0 0 0 0 0
 0 0 0 0 0
 0.835266 0.146461 0.0176864 0.000547809 3.91292e-05
 0.385257 0.428462 0.181853 0.0044286 0
 0.867414 0.0963971 0.0333333 0.00285562 0
 0.441836 0.489002 0.0689373 0.000224442 0
 0.779404 0.147425 0.0564933 0.0165055 0.000172143
 0.814271 0.122319 0.05973 0.00367925 0
 0.40263 0.566651 0.0304383 0.000280538 0
 0.475488 0.404961 0.113038 0.00651328 0
 0.955842 0.0263864 0.0167828 0.000988607 0
 0.975058 0.0227948 0.00214734 0 0
 0.738997 0.206755 0.0527124 0.00153531 0
 0.850938 0.134255 0.0134407 0.00136685 0
 0.542534 0.407297 0.0501686 0 0
 0.764087 0.199537 0.0359546 0.000420521 0
 0.470689 0.182191 0.310203 0.0369168 0
 0.84361 0.089868 0.0606195 0.00523954 0.000663233
 0.607945 0.314616 0.071237 0.00620181 0
 0.523733 0.453247 0.0230204 0 0
 0.530135 0.295979 0.169645 0.0042399 0
 0.562478 0.366248 0.0663022 0.0049721 0
 0.250443 0.683176 0.0655157 0.000865301 0
ppred_RECLAS
 0.563579 0.289274 0.1306 0.0165418 5.26074e-06
 0.619456 0.273198 0.073898 0.0297684 0.00367983
 0.374719 0.478383 0.108986 0.0263037 0.0116081
 0.591548 0.247722 0.126346 0.0256831 0.00870039
 0.667263 0.240312 0.0586553 0.0266929 0.00707637
 0.437448 0.426268 0.101707 0.02215 0.0124259
 0.681233 0.193547 0.0975728 0.0207724 0.00687473
 0.581133 0.334919 0.0533349 0.0239906 0.00662222
 0.651269 0.259287 0.0732216 0.010404 0.00581859
 0.653333 0.2787 0.0520294 0.0131098 0.00282766
 0.46748 0.417774 0.0943405 0.0157145 0.00469135
 0.494924 0.338164 0.134179 0.0270354 0.0056974
 0.657784 0.236414 0.0735647 0.0260445 0.00619228
 0.68467 0.267551 0.0342203 0.00950099 0.00405733
 0.733539 0.243139 0.0201371 0.00229807 0.000886731
 0.704224 0.276217 0.0180221 0.0013318 0.000205156
 0.589552 0.352526 0.0544858 0.00317196 0.00026371
 0.627005 0.286596 0.0753665 0.0103935 0.000639117
 0.572153 0.33286 0.0749025 0.0175749 0.0025092
 0.652031 0.251437 0.0770236 0.0154649 0.00404269
 0.620963 0.300086 0.0588844 0.0160947 0.00397203
 0.5682 0.318526 0.0918522 0.0160817 0.00534052
 0.62763 0.261017 0.0846307 0.0217752 0.00494738
 0.56557 0.329498 0.0761303 0.0220245 0.00677741
 0.287985 0.503793 0.162402 0.0334799 0.0123402
pobs_PELACES
 0 0 0 0 0
 0 0 0 0 0
 0 0 0 0 0
 0 0 0 0 0
 0 0 0 0 0
 0 0 0 0 0
 0 0 0 0 0
 0 0 0 0 0
 0 0 0 0 0
 0 0 0 0 0
 0.450072 0.473896 0.0757376 0.000293798 0
 0 0 0 0 0
 0.463077 0.371075 0.160297 0.00555027 0
 0.529543 0.364841 0.0842815 0.0213345 0
 0.631943 0.363953 0.00410389 0 0
 0.735681 0.248677 0.0153453 0.000297389 0
 0.695825 0.281241 0.0229344 0 0
 0.275771 0.60734 0.115278 0.00161068 0
 0 0 0 0 0
 0.896147 0.0623911 0.0374545 0.00400742 0
 0.803859 0.145111 0.0509908 3.86294e-05 0
 0.739449 0.233085 0.0266225 0.000797448 4.60066e-05
 0.878498 0.100942 0.0204185 0.000141795 0
 0.694673 0.275183 0.0284847 0.00165964 0
 0.469039 0.446079 0.0841089 0.000773354 0
ppred_PELACES
 0.606104 0.273798 0.106956 0.0131371 4.15261e-06
 0.661356 0.253342 0.0592933 0.0231623 0.00284585
 0.458195 0.428814 0.0845294 0.0197836 0.00867778
 0.619759 0.244121 0.107732 0.0212366 0.00715044
 0.671183 0.247427 0.052254 0.0230601 0.00607623
 0.480848 0.407383 0.0841036 0.0177618 0.00990382
 0.711643 0.185335 0.0808426 0.0166899 0.00549008
 0.630093 0.304605 0.0419712 0.0183078 0.0050229
 0.703899 0.228345 0.0557947 0.00768788 0.00427349
 0.687087 0.258721 0.0417914 0.0102115 0.00218915
 0.535218 0.375941 0.0734547 0.0118652 0.00352071
 0.56246 0.307164 0.105456 0.0206049 0.00431591
 0.747537 0.182479 0.0491304 0.0168675 0.00398605
 0.821429 0.15486 0.0171379 0.00461421 0.00195851
 0.858456 0.130741 0.00936907 0.00103685 0.000397651
 0.767843 0.218785 0.0123514 0.000885116 0.00013552
 0.652185 0.304592 0.0407336 0.00229959 0.000190023
 0.673612 0.259074 0.0589488 0.00788333 0.000481824
 0.610777 0.312555 0.060856 0.0138469 0.00196495
 0.693919 0.230124 0.0609955 0.0118761 0.00308571
 0.638603 0.29482 0.0500556 0.0132675 0.00325444
 0.593444 0.311333 0.0776807 0.0131889 0.00435329
 0.658831 0.249694 0.0700502 0.0174782 0.00394701
 0.597322 0.316283 0.0632301 0.0177388 0.00542552
 0.317452 0.503685 0.140488 0.0280858 0.0102892
pobs_pel_tallas
 0 0 0 0 0 0 0 0 0 0 0 0 0 0 0 0 0 0 0 0 0 0 0 0 0 0 0 0 0 0 0 0 0 0 0 0
 0 0 0 0 0 0 0 0 0 0 0 0 0 0 0 0 0 0 0 0 0 0 0 0 0 0 0 0 0 0 0 0 0 0 0 0
 0 0 0 0 0 0 0 0 0 0 0 0 0 0 0 0 0 0 0 0 0 0 0 0 0 0 0 0 0 0 0 0 0 0 0 0
 0 0 0 0 0 0 0 0 0 0 0 0 0 0 0 0 0 0 0 0 0 0 0 0 0 0 0 0 0 0 0 0 0 0 0 0
 0 0 0 0 0 0 0 0 0 0 0 0 0 0 0 0 0 0 0 0 0 0 0 0 0 0 0 0 0 0 0 0 0 0 0 0
 0 0 0 0 0 0 0 0 0 0 0 0 0 0 0 0 0 0 0 0 0 0 0 0 0 0 0 0 0 0 0 0 0 0 0 0
 0 0 0 0 0 0 0 0 0 0 0 0 0 0 0 0 0 0 0 0 0 0 0 0 0 0 0 0 0 0 0 0 0 0 0 0
 0 0 0 0 0 0 0 0 0 0 0 0 0 0 0 0 0 0 0 0 0 0 0 0 0 0 0 0 0 0 0 0 0 0 0 0
 0 0 0 0 0 0 0 0 0 0 0 0 0 0 0 0 0 0 0 0 0 0 0 0 0 0 0 0 0 0 0 0 0 0 0 0
 0 0 0 0 0 0 0 0 0 0 0 0 0 0 0 0 0 0 0 0 0 0 0 0 0 0 0 0 0 0 0 0 0 0 0 0
 0 0 0 0 0 0 0 0 1.78061e-05 0.00172719 0.00360574 0.0105946 0.0120993 0.0124554 0.0147524 0.0171206 0.0266825 0.0428682 0.0675386 0.121331 0.153587 0.119568 0.100827 0.0573624 0.0630603 0.0341343 0.0324427 0.0444173 0.0211091 0.0280891 0.0125444 0.00206551 0 0 0 0
 0 0 0 0 0 0 0 0 0 0 0 0 0 0 0 0 0 0 0 0 0 0 0 0 0 0 0 0 0 0 0 0 0 0 0 0
 0 0 0 0 0 0 0.0133647 0.0140871 0.0187388 0.0205184 0.03894 0.0496705 0.03968 0.0493445 0.0407372 0.0367815 0.0215668 0.0243155 0.0234873 0.0199281 0.019796 0.0243948 0.0301388 0.0376714 0.0412746 0.0863199 0.0771752 0.113111 0.0741005 0.0525337 0.0229764 0.00759418 0.00175318 0 0 0
 0 0 0 0 0 0 0 0 0 0 0.00219441 0.00772107 0.0458388 0.0604681 0.0671733 0.0775358 0.0609151 0.0617685 0.073594 0.0568108 0.0755445 0.0548602 0.0670107 0.0636378 0.0643287 0.046367 0.0373049 0.0286899 0.0247887 0.0153202 0.00654259 0.00121912 0.000365735 0 0 0
 0 0 0 0 0 0 0 0 0 0 0 0 0.000112435 0.00938835 0.0111873 0.0202946 0.0414886 0.0713402 0.111592 0.104902 0.108894 0.110636 0.117776 0.105296 0.107544 0.0401394 0.0192827 0.0124803 0.00416011 0.0028671 0.000618394 0 0 0 0 0
 0 0 0 0 0 0 0 0 0 0 0.00291406 0.0102884 0.027416 0.0768956 0.0749926 0.110853 0.0956884 0.0897413 0.0766577 0.0534642 0.0500743 0.0551293 0.0594112 0.0620874 0.0668451 0.0424026 0.0208742 0.0120726 0.0048766 0.00582813 0.00118941 0.000297354 0 0 0 0
 0 0.00264628 0.0354308 0.0461629 0.0458689 0.0383711 0.0214643 0.0164657 0.0346957 0.0420465 0.0363128 0.0245516 0.0311673 0.0291091 0.0169068 0.0133784 0.00837989 0.0085269 0.0148486 0.0160247 0.0276389 0.0546898 0.0760071 0.122758 0.109233 0.0665981 0.0333725 0.0166128 0.00676272 0.00308733 0.000882094 0 0 0 0 0
 0 0 0 0 0 0 0 0.000805153 0.000690131 0.00759144 0.0133425 0.0154129 0.00931677 0.000345066 0.00356568 0.00563607 0.00851162 0.0253048 0.0502646 0.0516448 0.0657925 0.0565908 0.0611916 0.0827007 0.0866115 0.110766 0.145733 0.0935128 0.0569358 0.0249597 0.0138026 0.00621118 0.00161031 0.00115022 0 0
 0 0 0 0 0 0 0 0 0 0 0 0 0 0 0 0 0 0 0 0 0 0 0 0 0 0 0 0 0 0 0 0 0 0 0 0
 0.00147267 0.00158595 0.00478618 0.00569244 0.00954404 0.0108468 0.00647125 0.017049 0.0510054 0.094081 0.124002 0.0959785 0.0687766 0.0820023 0.061753 0.0591476 0.0492212 0.0479892 0.0443925 0.0268479 0.0217502 0.0140895 0.0121071 0.0120363 0.00920419 0.00665534 0.0049561 0.00860946 0.00930331 0.0156896 0.0114698 0.00855282 0.00243557 0.00046729 0 2.83206e-05
 0 0 0 0 0.000772559 0.00158375 0.000888443 0.00281984 0.00712685 0.0440552 0.0773331 0.111326 0.0921469 0.0852325 0.0710754 0.0886704 0.0786465 0.0553345 0.0373146 0.0185414 0.00753245 0.00457741 0.012979 0.0271748 0.0457355 0.0583668 0.034881 0.0177882 0.00938659 0.00492506 0.0015258 0.00185414 0.000309023 5.79419e-05 3.86279e-05 0
 0 0.00173294 0.00326652 0 0.00397197 0.00683976 0.00946217 0.0152591 0.00757587 0.0136028 0.0228656 0.0392903 0.0559909 0.0764795 0.0681675 0.0726916 0.0566044 0.0477403 0.0527397 0.0444891 0.0609904 0.0582453 0.0661739 0.0445044 0.0529084 0.0360697 0.0280645 0.0235558 0.0158879 0.00826598 0.00280645 0.00217768 0.000904811 0.00058276 9.20147e-05 0
 0 0 0 0 0 0 0 0 0 0 0 0 0 0 0 0 0 0 0 0 0 0 0 0 0 0 0 0 0 0 0 0 0 0 0 0
 0 0 0 0 0 0 0 0 0 0 0 0 0 0 0 0 0 0 0 0 0 0 0 0 0 0 0 0 0 0 0 0 0 0 0 0
 0 0 0 0 0 0 0 0 0 0 0 0 0 0 0 0 0 0 0 0 0 0 0 0 0 0 0 0 0 0 0 0 0 0 0 0
ppred_pel_tallas
 1.0206e-16 2.6453e-05 0.000155238 0.000737888 0.00284084 0.00885884 0.0223769 0.0457872 0.0759015 0.101946 0.110972 0.097965 0.0703014 0.0413816 0.0207447 0.0102681 0.00713167 0.00798642 0.0107597 0.0144846 0.0186597 0.0228622 0.0266459 0.0295816 0.0313413 0.0317673 0.030901 0.0289571 0.0262595 0.0231586 0.0199608 0.0168872 0.014066 0.0115497 0.0093437 0.00743258
 1.01854e-16 2.88613e-05 0.000169379 0.000805121 0.00309971 0.00966613 0.024416 0.0499592 0.0828159 0.111229 0.121063 0.106845 0.0766101 0.0449666 0.0223023 0.0106412 0.00687957 0.00734106 0.0097536 0.0130709 0.0167783 0.0204709 0.0237352 0.0261818 0.0275222 0.0276325 0.0265776 0.0245842 0.0219763 0.0190945 0.0162274 0.0135715 0.0112257 0.00921057 0.0074997 0.00604904
 1.02425e-16 2.00096e-05 0.000117396 0.000557952 0.00214799 0.00669816 0.0169194 0.0346219 0.0573994 0.0771156 0.0839953 0.0742761 0.0535755 0.0320869 0.0171048 0.010146 0.00917321 0.0117192 0.0162171 0.0218407 0.0280051 0.0340884 0.0394 0.0432836 0.0452577 0.0451255 0.043016 0.0393364 0.0346603 0.0295882 0.0246269 0.0201197 0.0162346 0.0129971 0.0103455 0.00818233
 1.02673e-16 2.70472e-05 0.000158729 0.000754493 0.00290478 0.00905825 0.0228805 0.0468174 0.0776084 0.104236 0.113455 0.100138 0.0718177 0.0421876 0.0209887 0.010126 0.00670165 0.00728257 0.00975179 0.0131392 0.0169687 0.0208606 0.0244191 0.0272618 0.0290918 0.0297588 0.0292847 0.0278415 0.0256961 0.0231395 0.0204267 0.0177426 0.0151971 0.0128406 0.0106895 0.00874696
 1.01899e-16 2.92895e-05 0.000171893 0.000817078 0.00314575 0.0098097 0.0247786 0.0507011 0.0840455 0.112879 0.122857 0.108422 0.0777282 0.0455967 0.0225662 0.0106857 0.00680046 0.00717549 0.00950373 0.0127262 0.0163286 0.0199127 0.0230748 0.025436 0.0267168 0.0267996 0.0257511 0.0237962 0.021254 0.0184581 0.0156897 0.0131382 0.010896 0.00897808 0.00735372 0.00597571
 1.024e-16 2.09965e-05 0.000123192 0.000585511 0.0022541 0.00702909 0.0177553 0.036332 0.0602333 0.080919 0.0881278 0.0779061 0.0561409 0.0335172 0.0176741 0.0101842 0.00889094 0.0111919 0.0154422 0.0207922 0.0266671 0.032472 0.0375503 0.0412779 0.043196 0.0431155 0.0411558 0.0377003 0.0332905 0.0284939 0.0237898 0.0195037 0.0157958 0.0126924 0.0101374 0.00804179
 1.02039e-16 3.10513e-05 0.000182242 0.000866289 0.00333525 0.0104007 0.0262712 0.0537547 0.0891051 0.119668 0.130229 0.114886 0.0822706 0.0480781 0.0234546 0.0105412 0.00596382 0.00574477 0.00744344 0.00997617 0.0128745 0.015825 0.0185225 0.0206763 0.0220612 0.0225638 0.0222009 0.0211038 0.0194755 0.017537 0.0154818 0.0134498 0.011524 0.00974187 0.00811515 0.00664569
 1.01559e-16 2.75001e-05 0.000161383 0.000767097 0.00295329 0.00920951 0.0232627 0.0475998 0.0789066 0.105984 0.115369 0.101854 0.0731066 0.0430611 0.0216371 0.0107883 0.00758212 0.00853053 0.0114643 0.0153544 0.0196469 0.0238658 0.0275149 0.0301301 0.0313761 0.0311233 0.0294763 0.0267386 0.0233308 0.0196892 0.0161788 0.0130421 0.0103912 0.00823284 0.00650862 0.00513519
 1.01331e-16 3.07153e-05 0.000180266 0.000856885 0.00329903 0.0102877 0.0259859 0.0531712 0.0881392 0.118375 0.128831 0.113676 0.0814549 0.0477032 0.0234605 0.0108613 0.00658246 0.00669646 0.00878154 0.0117378 0.0150517 0.0183448 0.0212402 0.0233852 0.0245192 0.0245312 0.0234827 0.0215824 0.0191291 0.0164374 0.0137756 0.011328 0.00918929 0.00738045 0.00587703 0.00463552
 1.01131e-16 2.99834e-05 0.000175966 0.000836438 0.00322029 0.0100421 0.0253658 0.0519025 0.0860371 0.115554 0.12577 0.110994 0.0795754 0.0466871 0.0231178 0.0109652 0.00699901 0.00739305 0.00978018 0.0130678 0.0167179 0.0203097 0.0234175 0.0256448 0.0267043 0.0264835 0.0250686 0.022716 0.0197826 0.0166408 0.0136038 0.0108826 0.00857808 0.00670131 0.00520717 0.00402738
 1.01738e-16 2.33661e-05 0.000137106 0.000651666 0.00250883 0.00782345 0.0197617 0.0404371 0.0670366 0.0900514 0.0980547 0.0866361 0.0623329 0.0370154 0.0191555 0.0104674 0.00851391 0.0103715 0.0142035 0.0190916 0.0244616 0.029752 0.0343531 0.0376879 0.0393342 0.0391212 0.0371654 0.0338292 0.0296225 0.0250797 0.0206529 0.0166499 0.0132225 0.0103953 0.00811286 0.00628588
 1.02507e-16 2.45512e-05 0.00014407 0.000684788 0.00263638 0.00822122 0.0207664 0.0424922 0.070441 0.0946171 0.103006 0.0909641 0.0653444 0.0385986 0.0195995 0.0101137 0.00754822 0.0088126 0.0119859 0.0161509 0.0207959 0.025459 0.0296432 0.0328711 0.0347805 0.0352021 0.0341904 0.0319944 0.0289828 0.025551 0.0220406 0.0186928 0.0156415 0.0129336 0.0105638 0.00850533
 1.01523e-16 3.26163e-05 0.00019143 0.000909972 0.00350344 0.0109252 0.0275961 0.0564653 0.0935979 0.1257 0.136789 0.120664 0.0863878 0.050442 0.0245281 0.0108862 0.00596152 0.00556534 0.00712573 0.00950074 0.0122013 0.0149087 0.0173208 0.0191555 0.0202026 0.0203689 0.0196955 0.018339 0.016526 0.0144959 0.0124521 0.0105345 0.00881513 0.00731203 0.00601142 0.00488781
 1.00544e-16 3.58371e-05 0.000210342 0.000999888 0.00384965 0.0120048 0.0303231 0.0620448 0.102845 0.138114 0.150287 0.132541 0.0948281 0.0552427 0.026623 0.0114061 0.00566009 0.00476054 0.00587126 0.00774589 0.00987844 0.0119727 0.0137656 0.0150199 0.0155666 0.0153431 0.014408 0.0129222 0.0111068 0.00919085 0.00736571 0.0057584 0.00442696 0.00337288 0.00256222 0.00194648
 1.0023e-16 3.74506e-05 0.000219817 0.00104494 0.00402311 0.0125457 0.0316895 0.0648403 0.107478 0.144333 0.157046 0.138484 0.0990399 0.0576157 0.0276155 0.0115715 0.00536004 0.00413732 0.00493706 0.00646757 0.00822651 0.00994484 0.0113963 0.0123805 0.0127564 0.0124752 0.0115914 0.0102477 0.00863798 0.00696241 0.00538777 0.00402437 0.00292151 0.0020781 0.00146079 0.00102246
 1.00284e-16 3.35031e-05 0.000196634 0.000934702 0.00359865 0.011222 0.028346 0.058 0.0961426 0.12912 0.140517 0.123966 0.0887829 0.0519023 0.025352 0.0114414 0.00652525 0.00630004 0.00811184 0.0107605 0.0137009 0.016552 0.0189478 0.0205549 0.021139 0.0206203 0.0190935 0.0168008 0.0140707 0.0112413 0.00859415 0.00631499 0.00448591 0.00310325 0.00210835 0.00141885
 1.00766e-16 2.84634e-05 0.000167038 0.000793984 0.00305682 0.00953234 0.0240781 0.0492682 0.0816721 0.109697 0.119408 0.105413 0.0756459 0.0445261 0.0223158 0.0110314 0.00763074 0.00849743 0.0113825 0.015221 0.0194443 0.0235695 0.027096 0.0295573 0.0306183 0.0301536 0.0282757 0.0253005 0.021664 0.0178199 0.01415 0.0109113 0.00822545 0.00610223 0.0044799 0.00326539
 1.01215e-16 2.93959e-05 0.000172517 0.00082004 0.00315715 0.00984524 0.0248684 0.0508849 0.0843505 0.11329 0.123307 0.108825 0.0780291 0.0457985 0.0227128 0.0108327 0.00699568 0.00745511 0.0098937 0.0132415 0.0169692 0.0206587 0.0238837 0.0262442 0.0274457 0.0273657 0.0260785 0.0238272 0.0209576 0.0178338 0.0147658 0.011967 0.00954645 0.00752698 0.00587754 0.0045436
 1.01534e-16 2.66582e-05 0.000156439 0.000743594 0.0028628 0.00892729 0.0225498 0.0461413 0.0764895 0.102739 0.111842 0.0987505 0.0709029 0.0418111 0.0210983 0.0106676 0.00768585 0.00877974 0.0118499 0.0158946 0.0203637 0.0247736 0.0286147 0.0314071 0.0327999 0.0326503 0.0310541 0.0283111 0.0248429 0.0210916 0.0174306 0.0141141 0.0112671 0.00890967 0.00699641 0.00545467
 1.01494e-16 3.02802e-05 0.000177711 0.00084474 0.00325226 0.0101419 0.0256176 0.0524176 0.0868901 0.116697 0.127007 0.11207 0.0803115 0.0470485 0.0231665 0.0107727 0.00659444 0.00676269 0.00889188 0.0118976 0.0152707 0.0186329 0.0216054 0.0238323 0.0250488 0.0251398 0.0241619 0.0223196 0.0199074 0.0172369 0.0145741 0.0121029 0.00991924 0.0080473 0.0064673 0.00514139
 1.01415e-16 2.78708e-05 0.00016356 0.00077745 0.00299316 0.00933382 0.0235767 0.0482421 0.0799711 0.107412 0.116921 0.103216 0.0740681 0.0435945 0.0218442 0.0107918 0.00745976 0.00830961 0.0111437 0.0149259 0.019108 0.0232266 0.0267999 0.0293766 0.0306283 0.0304249 0.0288621 0.0262284 0.0229271 0.0193788 0.0159376 0.0128421 0.010207 0.00804589 0.00630961 0.00492346
 1.01861e-16 2.59024e-05 0.000152002 0.000722498 0.00278157 0.008674 0.02191 0.0448322 0.0743197 0.0998255 0.108672 0.0959578 0.0689101 0.0406611 0.020565 0.0104762 0.00764806 0.0088088 0.0119229 0.0160187 0.0205589 0.0250664 0.0290349 0.031984 0.0335579 0.033604 0.0322038 0.02964 0.0263171 0.0226622 0.0190391 0.0156989 0.0127705 0.0102839 0.00820797 0.00648564
 1.01861e-16 2.8751e-05 0.000168732 0.000802046 0.00308787 0.00962921 0.0243227 0.0497683 0.0824995 0.110804 0.1206 0.106435 0.0763145 0.0447892 0.0222074 0.0105849 0.00683013 0.00728132 0.00967694 0.0129777 0.0166749 0.0203697 0.0236539 0.0261417 0.0275443 0.0277335 0.0267658 0.0248569 0.0223193 0.0194841 0.0166345 0.0139664 0.0115827 0.00951125 0.00773473 0.0062178
 1.01864e-16 2.60716e-05 0.000152995 0.00072722 0.00279975 0.00873069 0.0220532 0.0451253 0.0748056 0.100478 0.109383 0.0965863 0.0693631 0.0409317 0.0207075 0.0105572 0.0077156 0.00888829 0.0120239 0.0161403 0.0206919 0.0251933 0.0291306 0.0320192 0.0335032 0.0334366 0.0319126 0.0292296 0.0258082 0.0220888 0.0184433 0.0151233 0.0122524 0.00985009 0.00787201 0.00624861
 1.03605e-16 1.38758e-05 8.13772e-05 0.0003867 0.0014886 0.00464186 0.0117255 0.0239953 0.0397882 0.0534745 0.0582967 0.0516735 0.0375387 0.0230166 0.0132442 0.00937143 0.0100865 0.0137551 0.0193096 0.0261082 0.0335722 0.0410017 0.047592 0.0525671 0.0553456 0.0556706 0.0536588 0.049749 0.0445763 0.0388133 0.0330351 0.0276399 0.0228368 0.0186815 0.0151366 0.0121272
pSPR Fmed_Fpbrs
0.440172   0.6 0.325
Fs Fmed_Fpbrs
0.688068   0.360586 1.14534
SSBpbr Bo_Bmed_Bpbrs
788689  307724  433779 216889
Ro
29143.9
SPR SPRFo_SPRFmed_SPRFpbrs
599280 263786 194766
log_Ro
10.1
likeval ReclasPelacesDesembMPH_pf_preclas_ppelaces_ptallas_desvR_qrecl_qpela
 67.2301 13.5626 0.0293558 0.000182372 318.312 188 78.5372 0 17.9708 1.09012e-06 0.000143225 7.70588e-16 0 0 0
q_reclas_q_pelaces
1.15946 5.48839
M
0.7
N
 32156.3 12623.3 4931.13 605.675 0.191453
 42712.6 14697.5 3439.86 1343.74 165.1
 15061.2 19397.8 3823.76 894.929 392.547
 21751.9 6298.91 2779.75 547.954 184.499
 46867.2 10268.5 2168.61 957.023 252.171
 30366.9 23052.7 4759.2 1005.09 560.43
 67537.7 13797.7 6018.55 1242.52 408.724
 66419.1 31485.6 4338.36 1892.39 519.194
 86667.6 29657.5 7246.63 998.504 555.042
 117483 38156.8 6163.48 1506.01 322.861
 66287.6 53774.9 10507 1697.2 503.605
 47425.4 28677.6 9845.63 1923.73 402.945
 50816.5 20685.1 5569.25 1912.04 451.844
 27557.5 20478.5 2266.3 610.176 258.991
 13857.8 9404.85 673.966 74.5859 28.6051
 11512.7 4618.65 260.743 18.6852 2.86089
 8747.56 4793.65 641.064 36.1908 2.99058
 10082.2 3772.85 858.461 114.803 7.01671
 10125 4508.71 877.868 199.747 28.3451
 15147.5 4626.58 1226.3 238.767 62.0375
 20973.8 6846.09 1162.36 308.089 75.5723
 25537.8 9976.11 2489.14 422.615 139.493
 39860.9 12026 3373.83 841.804 190.1
 43665.4 18530.2 3704.49 1039.27 317.867
 15859 20272.4 5654.39 1130.4 414.123
pred_Ctot
 1849.29 4238.9 1655.88 203.386 0.06429
 2638.67 5220.6 1221.85 477.303 58.6441
 1726.29 10630.5 2095.52 490.444 215.126
 774.393 1418.83 626.142 123.427 41.5585
 320.056 494.36 104.404 46.0742 12.1404
 1866.21 8155.16 1683.62 355.564 198.259
 2983.5 3736.37 1629.8 336.469 110.681
 4845.33 12688.7 1748.36 762.633 209.235
 7118.12 13026.1 3182.86 438.562 243.785
 6642.94 12642.1 2042.08 498.97 106.97
 6189.25 25817.1 5044.37 814.819 241.779
 4181.26 13238.2 4544.94 888.03 186.008
 6971.46 12588.2 3389.23 1163.59 274.975
 6332.85 15743.8 1742.32 469.101 199.111
 3353 7358.87 527.348 58.3601 22.3822
 1350.92 2567.62 144.953 10.3875 1.59044
 833.771 2333.57 312.073 17.6179 1.45583
 725.55 1505.16 342.479 45.8003 2.79928
 584.064 1517.68 295.501 67.2371 9.54131
 984.269 1708.75 452.914 88.1846 22.9126
 637.597 1342.48 227.932 60.4146 14.8193
 952.459 2339.38 583.698 99.1024 32.7109
 1837.65 3374.66 946.742 236.221 53.3446
 2051.7 5282.51 1056.06 296.271 90.6161
 756.03 5848.76 1631.34 326.131 119.478
F
 0.0829306 0.600109 0.600109 0.600109 0.600109
 0.0893337 0.646443 0.646443 0.646443 0.646443
 0.171746 1.2428 1.2428 1.2428 1.2428
 0.0506187 0.366291 0.366291 0.366291 0.366291
 0.00953584 0.0690039 0.0690039 0.0690039 0.0690039
 0.0888491 0.642936 0.642936 0.642936 0.642936
 0.0631551 0.457007 0.457007 0.457007 0.457007
 0.106269 0.768995 0.768995 0.768995 0.768995
 0.120376 0.871073 0.871073 0.871073 0.871073
 0.0814868 0.589661 0.589661 0.589661 0.589661
 0.137886 0.997779 0.997779 0.997779 0.997779
 0.129743 0.938857 0.938857 0.938857 0.938857
 0.208846 1.51127 1.51127 1.51127 1.51127
 0.375048 2.71395 2.71395 2.71395 2.71395
 0.398748 2.88545 2.88545 2.88545 2.88545
 0.176158 1.27473 1.27473 1.27473 1.27473
 0.140944 1.01991 1.01991 1.01991 1.01991
 0.104763 0.758091 0.758091 0.758091 0.758091
 0.0831932 0.602009 0.602009 0.602009 0.602009
 0.0941603 0.68137 0.68137 0.68137 0.68137
 0.0430805 0.311742 0.311742 0.311742 0.311742
 0.0530859 0.384144 0.384144 0.384144 0.384144
 0.0659907 0.477527 0.477527 0.477527 0.477527
 0.0672961 0.486973 0.486973 0.486973 0.486973
 0.0683079 0.494294 0.494294 0.494294 0.494294
YTP_r0W_actual
 8467.54 128673 53834.1 13404 5113.66
YTP_p0W_proyectada
 5834.56 34985.6 42585 15494.5 4611.05
 5834.56 43997.8 17661.3 19234.9 8251.93
CTP_r0_actual
 756.03 5848.76 1631.34 326.131 119.478
CTP_p0_proyectada
 686.419 1634.84 1364.9 380.7 99.1624
 686.419 2055.97 566.068 472.602 177.461
Wmedp
 8.5 21.4 31.2 40.7 46.5
nmprior
 10.6 11 7 0
nm_flota  nm_reclas  nm_pelaces    nm_pelaL
inf 24.5527 12.6577 27.1057
cv_recla  cv_pelaces  cv_mph
0.741663 0.417584 0.438145
 ------------------------------------------------
Talla a la edad & desviaci?n 
 7.2 14.2025 17.0495 18.207 18.6776
 1.08 2.13037 2.55742 2.73105 2.80164
