years
 1997 1998 1999 2000 2001 2002 2003 2004 2005 2006 2007 2008 2009 2010 2011 2012 2013 2014 2015 2016 2017 2018 2019 2020 2021
reclasobs
 0 0 0 370054 412103 1.49427e+06 250295 1.28982e+06 931140 785840 897777 1.04006e+06 184774 17550 25797 100020 73551 82996 120727 218422 84188 347160 605670 569463 516374
reclaspred
 374820 103909 324078 241238 358197 428340 947223 631119 701427 631014 495250 332013 203761 95557.7 68394.5 70850.3 89481.2 122382 128182 185990 269975 244530 422013 531234 600238
pelacesobs
 0 0 0 0 0 0 0 0 0 2.06254e+06 1.5e+06 0 1.87456e+06 323000 250000 174000 83755 137374 0 501740 490994 745055 786931 1.00524e+06 1.33801e+06
pelacespred
 1.10365e+06 270863 522831 588541 746390 749973 1.87864e+06 1.56752e+06 1.53721e+06 1.3987e+06 989998 684382 418317 164422 115713 127967 168557 232869 252048 354441 570066 506731 689095 1.02921e+06 1.16385e+06
mphobs
 0 0 0 0 0 112323 0 153150 637223 0 255016 313432 73983 77613 109348 50772 0 0 0 0 0 0 0 0 0
mphpred
 139130 85656.4 106588 133731 143201 225606 342152 403907 345698 347796 323032 227224 140034 74142.3 36435.2 31933 39184.2 54466.2 67439.6 76870.8 116525 137807 171020 242878 328958
desembarqueobs
 350755 77701 442110 56441 14545 235359 269955 359681 431902 328805 639364 411747 362871 311530 167758 66681 60226 58785 57116 73181 50977 67692 138656 160484 209506
desembarquepred
 350761 77701.2 442110 56442.1 14545.1 235393 269981 359686 431935 328829 639591 412002 363215 311985 167805 66692.4 60244.1 58786.4 57112.6 73179.9 50977.2 67686.9 138656 160487 209505
Reclutas
 52585.2 67874.7 41325.6 67919.5 116694 84089.7 134101 125011 150363 146140 68241.7 40227.6 42891.2 23763.5 18636 23350.6 19310.7 21547.3 24045.3 44923.5 55765.5 69643.7 114042 133537 51352.5
log_desv_Rt
 -0.0698104 0.185419 -0.310762 0.186078 0.727306 0.39964 0.866347 0.796159 0.98081 0.952318 0.190812 -0.337691 -0.273578 -0.864092 -1.10715 -0.881623 -1.07158 -0.961995 -0.852307 -0.227283 -0.0110888 0.211148 0.704322 0.862133 -0.0935315
SSB
 701185 431689 537178 673975 721703 1.137e+06 1.72437e+06 2.0356e+06 1.74224e+06 1.75281e+06 1.62801e+06 1.14516e+06 705740 373661 183625 160935 197480 274498 339880 387412 587259 694516 861903 1.22405e+06 1.65788e+06
BT
 2.26411e+06 616466 1.17883e+06 1.11365e+06 1.34755e+06 1.52834e+06 3.5475e+06 3.2155e+06 3.1482e+06 2.82266e+06 2.35356e+06 1.60634e+06 1.10715e+06 595711 350458 284380 351276 464004 500631 694505 1.06225e+06 970983 1.32955e+06 1.97486e+06 2.24853e+06
Ftot
 0.427489 0.353135 0.512448 0.0973225 0.0188092 0.183532 0.114392 0.224421 0.251529 0.201662 0.419355 0.389535 0.617142 1.07869 0.996505 0.391942 0.279341 0.189048 0.161445 0.168942 0.0771568 0.10173 0.122456 0.118475 0.11048
BD_Bspro_t
 0.947679 0.757081 0.719379 0.600723 0.73 0.848028 0.820251 0.827086 0.779344 0.745646 0.710707 0.562977 0.449555 0.338074 0.221138 0.237233 0.353222 0.518213 0.625597 0.704391 0.797472 0.858666 0.862355 0.8657 0.866809
BD_Bspro
 0.60474 0.372312 0.463291 0.581272 0.622436 0.980614 1.48719 1.75561 1.5026 1.51172 1.40408 0.987645 0.608668 0.322265 0.158368 0.138799 0.170317 0.236742 0.293131 0.334125 0.506484 0.598988 0.743351 1.05569 1.42984
BD_Bo
 0.52662 0.324217 0.403443 0.506184 0.54203 0.853939 1.29508 1.52882 1.3085 1.31644 1.2227 0.860062 0.530041 0.280635 0.13791 0.120869 0.148316 0.206159 0.255265 0.290963 0.441057 0.521611 0.647325 0.919315 1.24513
BD_Brms
 1.83857 1.13193 1.40853 1.76723 1.89237 2.98134 4.52147 5.33754 4.56832 4.59604 4.26879 3.00271 1.85052 0.979774 0.481483 0.421987 0.517811 0.719759 0.891199 1.01583 1.53985 1.82109 2.25999 3.20958 4.34711
S_f
 0.190462 1 1 1 1
 0.190462 1 1 1 1
 0.190462 1 1 1 1
 0.190462 1 1 1 1
 0.190462 1 1 1 1
 0.190462 1 1 1 1
 0.190462 1 1 1 1
 0.190462 1 1 1 1
 0.190462 1 1 1 1
 0.190462 1 1 1 1
 0.190462 1 1 1 1
 0.190462 1 1 1 1
 0.190462 1 1 1 1
 0.190462 1 1 1 1
 0.190462 1 1 1 1
 0.190462 1 1 1 1
 0.190462 1 1 1 1
 0.190462 1 1 1 1
 0.190462 1 1 1 1
 0.190462 1 1 1 1
 0.190462 1 1 1 1
 0.190462 1 1 1 1
 0.190462 1 1 1 1
 0.190462 1 1 1 1
 0.190462 1 1 1 1
Scru_reclas
 1 1 1 1 1
 1 1 1 1 1
 1 1 1 1 1
 1 1 1 1 1
 1 1 1 1 1
 1 1 1 1 1
 1 1 1 1 1
 1 1 1 1 1
 1 1 1 1 1
 1 1 1 1 1
 1 1 1 1 1
 1 1 1 1 1
 1 1 1 1 1
 1 1 1 1 1
 1 1 1 1 1
 1 1 1 1 1
 1 1 1 1 1
 1 1 1 1 1
 1 1 1 1 1
 1 1 1 1 1
 1 1 1 1 1
 1 1 1 1 1
 1 1 1 1 1
 1 1 1 1 1
 1 1 1 1 1
Scru_pelaces
 1 1 1 1 1
 1 1 1 1 1
 1 1 1 1 1
 1 1 1 1 1
 1 1 1 1 1
 1 1 1 1 1
 1 1 1 1 1
 1 1 1 1 1
 1 1 1 1 1
 1 1 1 1 1
 1 1 1 1 1
 1 1 1 1 1
 1 1 1 1 1
 1 1 1 1 1
 1 1 1 1 1
 1 1 1 1 1
 1 1 1 1 1
 1 1 1 1 1
 1 1 1 1 1
 1 1 1 1 1
 1 1 1 1 1
 1 1 1 1 1
 1 1 1 1 1
 1 1 1 1 1
 1 1 1 1 1
pf_obs 
 0.256992 0.487395 0.22802 0.0275931 0
 0.321318 0.546541 0.124235 0.00734118 0.000564706
 0.182869 0.594174 0.210203 0.0122559 0.00049798
 0.330522 0.361315 0.267642 0.0388342 0.00168674
 0.649043 0.306663 0.0425973 0.00169635 0
 0.582887 0.30429 0.105238 0.00758474 0
 0.465427 0.430635 0.0974691 0.00646863 0
 0.296916 0.608066 0.0921331 0.00288517 0
 0.311714 0.524322 0.152257 0.0117073 0
 0.15457 0.633149 0.183074 0.0267441 0.00246327
 0.131901 0.49318 0.331252 0.0422183 0.00144891
 0.196976 0.569456 0.194076 0.0375587 0.00193317
 0.518974 0.381816 0.0799577 0.0180837 0.00116848
 0.0928022 0.601141 0.25162 0.0475244 0.00691264
 0.122501 0.610282 0.24278 0.0234846 0.000952079
 0.383417 0.481906 0.127806 0.00687128 0
 0.0376549 0.599619 0.316969 0.0457579 0
 0.0361596 0.667082 0.258105 0.0386534 0
 0.158088 0.579412 0.248529 0.0139706 0
 0.0477256 0.309471 0.559284 0.082774 0.000745712
 0.0406174 0.521527 0.379366 0.0568643 0.0016247
 0.151134 0.462217 0.34131 0.0453401 0
 0.294876 0.26143 0.354403 0.0886775 0.000613685
 0.281977 0.475581 0.204845 0.0348837 0.00271318
 0.0841818 0.532909 0.334909 0.0458182 0.00218182
pf_pred 
 0.343091 0.462514 0.173741 0.0206428 1.09637e-05
 0.318358 0.524934 0.110334 0.0414465 0.00492703
 0.180777 0.608632 0.162177 0.0340875 0.014327
 0.300078 0.417146 0.210085 0.0559796 0.0167115
 0.321698 0.476006 0.120567 0.0607203 0.0210097
 0.174627 0.590316 0.164954 0.0417809 0.0283225
 0.265189 0.402079 0.237973 0.0664976 0.0282607
 0.20843 0.527389 0.144557 0.0855567 0.0340677
 0.241306 0.459165 0.199563 0.0547 0.0452657
 0.214896 0.512063 0.165245 0.0718194 0.0359759
 0.11616 0.54082 0.223725 0.0721973 0.0470968
 0.113271 0.404712 0.294945 0.122012 0.065059
 0.194403 0.359136 0.20377 0.148503 0.094189
 0.174786 0.519463 0.136304 0.0773375 0.0921098
 0.24949 0.490961 0.163383 0.0428709 0.0532951
 0.329581 0.495949 0.114134 0.0379816 0.0223556
 0.221611 0.588507 0.140467 0.032326 0.0170893
 0.232963 0.483049 0.214711 0.0512481 0.0180287
 0.229687 0.489094 0.177101 0.0787198 0.0253991
 0.329832 0.420631 0.158438 0.0573705 0.0337285
 0.271173 0.536627 0.120634 0.0454391 0.0261267
 0.252185 0.500459 0.182125 0.0409419 0.0242886
 0.302848 0.45293 0.163441 0.0594787 0.0213031
 0.253097 0.527992 0.142223 0.0513216 0.0253661
 0.0928579 0.59194 0.222819 0.06002 0.0323632
pobs_RECLAS
 0 0 0 0 0
 0 0 0 0 0
 0 0 0 0 0
 0 0 0 0 0
 0.835266 0.146461 0.0176864 0.000547809 3.91292e-05
 0.385257 0.428462 0.181853 0.0044286 0
 0.867414 0.0963971 0.0333333 0.00285562 0
 0.441836 0.489002 0.0689373 0.000224442 0
 0.779404 0.147425 0.0564933 0.0165055 0.000172143
 0.814271 0.122319 0.05973 0.00367925 0
 0.40263 0.566651 0.0304383 0.000280538 0
 0.475488 0.404961 0.113038 0.00651328 0
 0.955842 0.0263864 0.0167828 0.000988607 0
 0.975058 0.0227948 0.00214734 0 0
 0.738997 0.206755 0.0527124 0.00153531 0
 0.850938 0.134255 0.0134407 0.00136685 0
 0.542534 0.407297 0.0501686 0 0
 0.764087 0.199537 0.0359546 0.000420521 0
 0.470689 0.182191 0.310203 0.0369168 0
 0.84361 0.089868 0.0606195 0.00523954 0.000663233
 0.607945 0.314616 0.071237 0.00620181 0
 0.523733 0.453247 0.0230204 0 0
 0.530135 0.295979 0.169645 0.0042399 0
 0.562478 0.366248 0.0663022 0.0049721 0
 0.250443 0.683176 0.0655157 0.000865301 0
ppred_RECLAS
 0.738049 0.184433 0.0692814 0.00823158 4.37193e-06
 0.714707 0.219705 0.0461791 0.0173469 0.00206215
 0.545216 0.337876 0.090031 0.0189234 0.00795349
 0.693451 0.1827 0.0920122 0.0245177 0.00731924
 0.713658 0.200944 0.0508967 0.0256328 0.00886915
 0.528725 0.337061 0.0941861 0.0238562 0.0161717
 0.655883 0.188296 0.111444 0.0311413 0.0132347
 0.583306 0.277626 0.0760967 0.0450383 0.0179338
 0.628787 0.22466 0.0976423 0.0267636 0.0221476
 0.592346 0.265881 0.0858012 0.0372912 0.01868
 0.414706 0.358141 0.148155 0.0478103 0.0311883
 0.407256 0.270535 0.19716 0.0815606 0.0434895
 0.569601 0.191872 0.108866 0.0793392 0.0503215
 0.550032 0.28325 0.0743233 0.0421701 0.0502251
 0.655061 0.225649 0.0750918 0.0197037 0.0244947
 0.725625 0.202972 0.0467102 0.0155443 0.00914925
 0.603033 0.30013 0.0716363 0.0164858 0.00871528
 0.617015 0.241189 0.107206 0.0255884 0.00900181
 0.612255 0.24619 0.0891456 0.0396244 0.0127849
 0.722798 0.173986 0.0655349 0.0237302 0.0139512
 0.662279 0.24866 0.055899 0.0210554 0.0121065
 0.640257 0.24075 0.0876129 0.0196955 0.0116843
 0.696534 0.197157 0.0711446 0.0258907 0.00927309
 0.641582 0.253369 0.0682491 0.0246278 0.0121725
 0.350857 0.423587 0.159447 0.0429498 0.0231588
pobs_PELACES
 0 0 0 0 0
 0 0 0 0 0
 0 0 0 0 0
 0 0 0 0 0
 0 0 0 0 0
 0 0 0 0 0
 0 0 0 0 0
 0 0 0 0 0
 0 0 0 0 0
 0 0 0 0 0
 0.450072 0.473896 0.0757376 0.000293798 0
 0 0 0 0 0
 0.463077 0.371075 0.160297 0.00555027 0
 0.529543 0.364841 0.0842815 0.0213345 0
 0.631943 0.363953 0.00410389 0 0
 0.735681 0.248677 0.0153453 0.000297389 0
 0.695825 0.281241 0.0229344 0 0
 0.275771 0.60734 0.115278 0.00161068 0
 0 0 0 0 0
 0.896147 0.0623911 0.0374545 0.00400742 0
 0.803859 0.145111 0.0509908 3.86294e-05 0
 0.739449 0.233085 0.0266225 0.000797448 4.60066e-05
 0.878498 0.100942 0.0204185 0.000141795 0
 0.694673 0.275183 0.0284847 0.00165964 0
 0.469039 0.446079 0.0841089 0.000773354 0
ppred_PELACES
 0.759521 0.169315 0.0636024 0.00755684 4.01356e-06
 0.733547 0.205196 0.0431295 0.0162014 0.00192597
 0.578899 0.312851 0.0833629 0.0175218 0.00736441
 0.69895 0.179423 0.0903617 0.0240779 0.00718794
 0.714683 0.200224 0.0507143 0.025541 0.00883738
 0.540922 0.328337 0.0917484 0.0232388 0.0157532
 0.662747 0.18454 0.109221 0.0305201 0.0129707
 0.597801 0.267968 0.0734495 0.0434716 0.0173099
 0.644331 0.215252 0.0935537 0.0256429 0.0212202
 0.605288 0.257441 0.0830774 0.0361073 0.018087
 0.442132 0.341359 0.141212 0.04557 0.0297269
 0.432598 0.258968 0.18873 0.0780735 0.0416301
 0.609471 0.174098 0.0987812 0.0719895 0.0456599
 0.619864 0.239291 0.0627889 0.0356256 0.0424305
 0.712504 0.188072 0.0625868 0.0164225 0.0204156
 0.745972 0.18792 0.0432463 0.0143916 0.00847077
 0.620753 0.286733 0.0684386 0.0157499 0.00832625
 0.628877 0.233719 0.103886 0.0247959 0.00872301
 0.622443 0.239722 0.0868033 0.0385833 0.012449
 0.731749 0.168368 0.0634187 0.0229639 0.0135006
 0.666874 0.245277 0.0551385 0.0207689 0.0119417
 0.646492 0.236577 0.0860943 0.0193541 0.0114817
 0.703405 0.192694 0.069534 0.0253045 0.00906316
 0.648827 0.248247 0.0668695 0.02413 0.0119264
 0.357608 0.419182 0.157789 0.0425031 0.0229179
pobs_pel_tallas
 0 0 0 0 0 0 0 0 0 0 0 0 0 0 0 0 0 0 0 0 0 0 0 0 0 0 0 0 0 0 0 0 0 0 0 0
 0 0 0 0 0 0 0 0 0 0 0 0 0 0 0 0 0 0 0 0 0 0 0 0 0 0 0 0 0 0 0 0 0 0 0 0
 0 0 0 0 0 0 0 0 0 0 0 0 0 0 0 0 0 0 0 0 0 0 0 0 0 0 0 0 0 0 0 0 0 0 0 0
 0 0 0 0 0 0 0 0 0 0 0 0 0 0 0 0 0 0 0 0 0 0 0 0 0 0 0 0 0 0 0 0 0 0 0 0
 0 0 0 0 0 0 0 0 0 0 0 0 0 0 0 0 0 0 0 0 0 0 0 0 0 0 0 0 0 0 0 0 0 0 0 0
 0 0 0 0 0 0 0 0 0 0 0 0 0 0 0 0 0 0 0 0 0 0 0 0 0 0 0 0 0 0 0 0 0 0 0 0
 0 0 0 0 0 0 0 0 0 0 0 0 0 0 0 0 0 0 0 0 0 0 0 0 0 0 0 0 0 0 0 0 0 0 0 0
 0 0 0 0 0 0 0 0 0 0 0 0 0 0 0 0 0 0 0 0 0 0 0 0 0 0 0 0 0 0 0 0 0 0 0 0
 0 0 0 0 0 0 0 0 0 0 0 0 0 0 0 0 0 0 0 0 0 0 0 0 0 0 0 0 0 0 0 0 0 0 0 0
 0 0 0 0 0 0 0 0 0 0 0 0 0 0 0 0 0 0 0 0 0 0 0 0 0 0 0 0 0 0 0 0 0 0 0 0
 0 0 0 0 0 0 0 0 1.78061e-05 0.00172719 0.00360574 0.0105946 0.0120993 0.0124554 0.0147524 0.0171206 0.0266825 0.0428682 0.0675386 0.121331 0.153587 0.119568 0.100827 0.0573624 0.0630603 0.0341343 0.0324427 0.0444173 0.0211091 0.0280891 0.0125444 0.00206551 0 0 0 0
 0 0 0 0 0 0 0 0 0 0 0 0 0 0 0 0 0 0 0 0 0 0 0 0 0 0 0 0 0 0 0 0 0 0 0 0
 0 0 0 0 0 0 0.0133647 0.0140871 0.0187388 0.0205184 0.03894 0.0496705 0.03968 0.0493445 0.0407372 0.0367815 0.0215668 0.0243155 0.0234873 0.0199281 0.019796 0.0243948 0.0301388 0.0376714 0.0412746 0.0863199 0.0771752 0.113111 0.0741005 0.0525337 0.0229764 0.00759418 0.00175318 0 0 0
 0 0 0 0 0 0 0 0 0 0 0.00219441 0.00772107 0.0458388 0.0604681 0.0671733 0.0775358 0.0609151 0.0617685 0.073594 0.0568108 0.0755445 0.0548602 0.0670107 0.0636378 0.0643287 0.046367 0.0373049 0.0286899 0.0247887 0.0153202 0.00654259 0.00121912 0.000365735 0 0 0
 0 0 0 0 0 0 0 0 0 0 0 0 0.000112435 0.00938835 0.0111873 0.0202946 0.0414886 0.0713402 0.111592 0.104902 0.108894 0.110636 0.117776 0.105296 0.107544 0.0401394 0.0192827 0.0124803 0.00416011 0.0028671 0.000618394 0 0 0 0 0
 0 0 0 0 0 0 0 0 0 0 0.00291406 0.0102884 0.027416 0.0768956 0.0749926 0.110853 0.0956884 0.0897413 0.0766577 0.0534642 0.0500743 0.0551293 0.0594112 0.0620874 0.0668451 0.0424026 0.0208742 0.0120726 0.0048766 0.00582813 0.00118941 0.000297354 0 0 0 0
 0 0.00264628 0.0354308 0.0461629 0.0458689 0.0383711 0.0214643 0.0164657 0.0346957 0.0420465 0.0363128 0.0245516 0.0311673 0.0291091 0.0169068 0.0133784 0.00837989 0.0085269 0.0148486 0.0160247 0.0276389 0.0546898 0.0760071 0.122758 0.109233 0.0665981 0.0333725 0.0166128 0.00676272 0.00308733 0.000882094 0 0 0 0 0
 0 0 0 0 0 0 0 0.000805153 0.000690131 0.00759144 0.0133425 0.0154129 0.00931677 0.000345066 0.00356568 0.00563607 0.00851162 0.0253048 0.0502646 0.0516448 0.0657925 0.0565908 0.0611916 0.0827007 0.0866115 0.110766 0.145733 0.0935128 0.0569358 0.0249597 0.0138026 0.00621118 0.00161031 0.00115022 0 0
 0 0 0 0 0 0 0 0 0 0 0 0 0 0 0 0 0 0 0 0 0 0 0 0 0 0 0 0 0 0 0 0 0 0 0 0
 0.00147267 0.00158595 0.00478618 0.00569244 0.00954404 0.0108468 0.00647125 0.017049 0.0510054 0.094081 0.124002 0.0959785 0.0687766 0.0820023 0.061753 0.0591476 0.0492212 0.0479892 0.0443925 0.0268479 0.0217502 0.0140895 0.0121071 0.0120363 0.00920419 0.00665534 0.0049561 0.00860946 0.00930331 0.0156896 0.0114698 0.00855282 0.00243557 0.00046729 0 2.83206e-05
 0 0 0 0 0.000772559 0.00158375 0.000888443 0.00281984 0.00712685 0.0440552 0.0773331 0.111326 0.0921469 0.0852325 0.0710754 0.0886704 0.0786465 0.0553345 0.0373146 0.0185414 0.00753245 0.00457741 0.012979 0.0271748 0.0457355 0.0583668 0.034881 0.0177882 0.00938659 0.00492506 0.0015258 0.00185414 0.000309023 5.79419e-05 3.86279e-05 0
 0 0.00173294 0.00326652 0 0.00397197 0.00683976 0.00946217 0.0152591 0.00757587 0.0136028 0.0228656 0.0392903 0.0559909 0.0764795 0.0681675 0.0726916 0.0566044 0.0477403 0.0527397 0.0444891 0.0609904 0.0582453 0.0661739 0.0445044 0.0529084 0.0360697 0.0280645 0.0235558 0.0158879 0.00826598 0.00280645 0.00217768 0.000904811 0.00058276 9.20147e-05 0
 0 0 0 0 0 0 0 0 0 0 0 0 0 0 0 0 0 0 0 0 0 0 0 0 0 0 0 0 0 0 0 0 0 0 0 0
 0 0 0 0 0 0 0 0 0 0 0 0 0 0 0 0 0 0 0 0 0 0 0 0 0 0 0 0 0 0 0 0 0 0 0 0
 0 0 0 0 0 0 0 0 0 0 0 0 0 0 0 0 0 0 0 0 0 0 0 0 0 0 0 0 0 0 0 0 0 0 0 0
ppred_pel_tallas
 1.01218e-16 3.31383e-05 0.000194497 0.000924552 0.00355958 0.0111002 0.0280383 0.05737 0.095097 0.127712 0.138975 0.122583 0.0877434 0.051196 0.0248248 0.0108997 0.00580289 0.00527508 0.00670443 0.00893869 0.0114964 0.0140753 0.0163918 0.0181799 0.0192375 0.0194689 0.0189017 0.0176714 0.0159808 0.0140488 0.0120664 0.0101708 0.00844064 0.00690681 0.00557046 0.0044195
 1.01326e-16 3.20071e-05 0.000187852 0.000892957 0.00343792 0.0107208 0.02708 0.0554095 0.0918485 0.123353 0.134241 0.11843 0.0848198 0.0495891 0.0242301 0.0109516 0.00627541 0.00609728 0.00789154 0.0105242 0.0134889 0.0164357 0.0190249 0.0209413 0.0219527 0.0219625 0.021028 0.0193389 0.0171638 0.0147845 0.0124388 0.0102882 0.00841242 0.0068255 0.0055015 0.00439909
 1.02232e-16 2.52682e-05 0.000148279 0.000704798 0.00271342 0.00846147 0.0213732 0.0437339 0.0724993 0.0973812 0.106014 0.0936164 0.0672416 0.0397028 0.020129 0.0103345 0.0076453 0.00887479 0.0120401 0.0161924 0.0208022 0.0253946 0.0294624 0.0325233 0.0342177 0.0343883 0.0331104 0.0306596 0.027433 0.0238504 0.0202697 0.0169376 0.0139819 0.0114344 0.00926855 0.00743451
 1.02505e-16 3.04976e-05 0.000178992 0.000850839 0.00327576 0.0102151 0.0258027 0.0527959 0.0875157 0.117533 0.127906 0.112836 0.080802 0.0472186 0.0230333 0.0103497 0.00585516 0.00564534 0.00732715 0.00984187 0.0127364 0.0157102 0.01847 0.0207335 0.0222783 0.0229855 0.0228586 0.0220084 0.0206142 0.0188739 0.0169622 0.0150076 0.0130896 0.0112506 0.00951326 0.00789446
 1.02076e-16 3.11844e-05 0.000183022 0.000869996 0.00334952 0.0104451 0.0263836 0.0539847 0.0894868 0.120182 0.13079 0.115387 0.0826433 0.0483229 0.0236234 0.0106991 0.00616384 0.00602242 0.0078186 0.0104526 0.0134363 0.0164332 0.0191156 0.0211766 0.0223869 0.0226447 0.0219938 0.0206032 0.0187164 0.0165893 0.0144374 0.012406 0.0105674 0.00893657 0.00749662 0.0062209
 1.02944e-16 2.36129e-05 0.000138559 0.000658585 0.00253549 0.00790659 0.0199716 0.0408663 0.0677467 0.091001 0.0990773 0.0875126 0.0629049 0.0372377 0.019056 0.0100731 0.00780849 0.0092991 0.0126969 0.0171054 0.0220021 0.0268989 0.0312676 0.0346033 0.0365277 0.0368716 0.035707 0.0333133 0.0300953 0.0264807 0.0228331 0.0194021 0.016316 0.0136071 0.011251 0.00920328
 1.03266e-16 2.89192e-05 0.000169725 0.000806782 0.00310613 0.00968615 0.0244665 0.050062 0.0829845 0.11145 0.121289 0.107009 0.076652 0.0448389 0.0219581 0.0100137 0.00587514 0.0058503 0.00767714 0.0103536 0.0134445 0.0166517 0.0196774 0.0222305 0.0240762 0.025081 0.0252321 0.0246236 0.0234181 0.0217993 0.0199313 0.0179376 0.0158994 0.0138678 0.0118801 0.00997217
 1.03433e-16 2.60905e-05 0.000153111 0.000727779 0.00280192 0.00873747 0.0220703 0.0451598 0.0748615 0.100549 0.10945 0.09662 0.0693323 0.0408033 0.02044 0.0100926 0.00697798 0.00779175 0.0104896 0.01412 0.018193 0.0223 0.0260124 0.0289214 0.0307185 0.0312618 0.0306012 0.02895 0.0266193 0.0239363 0.0211753 0.0185204 0.0160626 0.0138223 0.0117826 0.0099182
 1.03271e-16 2.81174e-05 0.000165015 0.000784382 0.00301988 0.00941716 0.0237871 0.0486721 0.0806816 0.10836 0.117935 0.104069 0.0745882 0.0437166 0.0215664 0.0101004 0.00628845 0.00654902 0.00868004 0.0116888 0.0151163 0.018622 0.0218595 0.0244945 0.026267 0.0270431 0.0268372 0.0257921 0.0241304 0.0220932 0.0198883 0.017663 0.0155013 0.0134398 0.0114913 0.0096638
 1.0335e-16 2.64166e-05 0.000155026 0.000736886 0.00283699 0.00884682 0.0223465 0.0457249 0.0757978 0.101806 0.110814 0.0978171 0.0701751 0.0412666 0.0206117 0.0100783 0.00684302 0.00755714 0.0101517 0.0136702 0.01763 0.0216366 0.025277 0.0281562 0.0299732 0.0305851 0.0300316 0.028509 0.0263089 0.0237402 0.0210649 0.018462 0.0160246 0.0137805 0.0117225 0.00983544
 1.05071e-16 1.93057e-05 0.000113271 0.00053836 0.00207258 0.00646304 0.0163254 0.0334059 0.0553816 0.0743991 0.0810218 0.0716118 0.0515782 0.0307402 0.0161157 0.00914573 0.0078465 0.00983365 0.0136169 0.0184548 0.0238752 0.0293978 0.0344842 0.0386072 0.0413565 0.0425239 0.0421368 0.0404269 0.0377522 0.0344986 0.0309984 0.0274847 0.0240888 0.0208653 0.0178298 0.0149899
 1.07392e-16 1.88867e-05 0.000110819 0.000526717 0.00202778 0.00632335 0.0159725 0.0326832 0.0541815 0.0727809 0.079244 0.0700035 0.0503395 0.0298419 0.0153544 0.0082622 0.00660418 0.00804126 0.0111348 0.015214 0.0199091 0.0248723 0.0297075 0.0340098 0.0374379 0.0397749 0.0409562 0.041052 0.0402209 0.0386502 0.0365096 0.0339297 0.0310065 0.0278203 0.0244572 0.0210206
 1.06067e-16 2.65956e-05 0.000156084 0.000741936 0.00285646 0.00890757 0.0224998 0.046038 0.0763145 0.102493 0.111543 0.0984158 0.0705074 0.041267 0.020252 0.00931132 0.00557381 0.00565374 0.00748195 0.0101487 0.0132657 0.0165692 0.0197935 0.0226748 0.0249951 0.0266214 0.0275209 0.0277476 0.0274072 0.0266164 0.0254711 0.0240337 0.0223397 0.0204155 0.0182973 0.0160422
 1.04177e-16 2.70513e-05 0.000158754 0.000754615 0.00290526 0.00905973 0.0228843 0.046825 0.0776207 0.104252 0.113471 0.100147 0.071815 0.0421668 0.0209421 0.0100419 0.00656335 0.0070681 0.00943584 0.0126963 0.0163781 0.0201119 0.0235183 0.0262365 0.0279941 0.0286652 0.0282915 0.0270564 0.0252264 0.0230781 0.0208388 0.0186542 0.0165891 0.0146496 0.0128145 0.0110628
 1.02469e-16 3.10888e-05 0.000182463 0.000867338 0.00333928 0.0104132 0.026303 0.0538197 0.0892129 0.119813 0.130387 0.115025 0.082372 0.0481396 0.0234884 0.0105622 0.005982 0.00576414 0.00746285 0.00999006 0.0128732 0.0157951 0.0184489 0.0205449 0.0218632 0.0222995 0.0218835 0.0207595 0.0191418 0.0172575 0.0152993 0.013399 0.0116249 0.009997 0.00850905 0.00714827
 1.01566e-16 3.25482e-05 0.00019103 0.000908069 0.00349611 0.0109023 0.0275384 0.0563473 0.0934023 0.125438 0.136505 0.120416 0.0862168 0.0503549 0.0245093 0.0109175 0.00603394 0.0056792 0.00728567 0.00971004 0.0124578 0.0152025 0.0176333 0.0194616 0.0204739 0.0205791 0.0198253 0.0183805 0.0164836 0.0143854 0.0122975 0.0103625 0.00865074 0.00717487 0.00591344 0.00483307
 1.01996e-16 2.70921e-05 0.000158989 0.000755721 0.0029095 0.00907294 0.0229177 0.0468938 0.0777361 0.104411 0.113654 0.100334 0.0720038 0.0423875 0.0212549 0.0105279 0.00731572 0.00818347 0.0110005 0.0147658 0.0189525 0.0231149 0.0267864 0.0295262 0.0310079 0.0310921 0.0298538 0.0275524 0.0245578 0.0212594 0.0179874 0.0149671 0.0123123 0.0100463 0.00813798 0.00653461
 1.02811e-16 2.74443e-05 0.000161061 0.000765584 0.00294749 0.00919142 0.0232169 0.0475056 0.0787487 0.105766 0.115118 0.101597 0.0728465 0.0427565 0.0212058 0.0101211 0.00655583 0.0070219 0.00937094 0.0126244 0.0163122 0.0200686 0.0235154 0.0262868 0.0280985 0.0288053 0.0284252 0.0271191 0.0251375 0.0227535 0.0202058 0.0176672 0.0152398 0.0129713 0.0108784 0.00896737
 1.03218e-16 2.71639e-05 0.000159415 0.000757755 0.00291735 0.00909743 0.0229795 0.0470199 0.0779438 0.104686 0.113943 0.100565 0.0721157 0.042346 0.0210363 0.0100965 0.00661291 0.00713448 0.00953382 0.012838 0.0165742 0.02037 0.0238403 0.0266155 0.0284112 0.029088 0.0286745 0.0273441 0.0253592 0.0230002 0.020507 0.0180458 0.0157073 0.0135242 0.0114996 0.00962886
 1.02376e-16 3.19273e-05 0.000187387 0.000890751 0.00342944 0.0106944 0.0270131 0.0552725 0.0916204 0.123044 0.133897 0.118108 0.0845491 0.0493504 0.0239645 0.0105821 0.00572268 0.00528775 0.00676566 0.00904977 0.0116778 0.0143581 0.0168147 0.0187871 0.0200751 0.0205796 0.0203193 0.0194141 0.0180463 0.0164111 0.0146753 0.0129548 0.0113128 0.00977251 0.00833676 0.00700366
 1.02135e-16 2.91015e-05 0.00017079 0.000811832 0.00312556 0.00974672 0.0246195 0.0503756 0.0835059 0.112155 0.122069 0.107726 0.0772292 0.0453041 0.0224218 0.0106182 0.00675947 0.00713537 0.00945481 0.0126673 0.0162637 0.0198505 0.0230285 0.0254222 0.0267539 0.0269047 0.0259378 0.0240719 0.0216181 0.0189025 0.0161991 0.0136926 0.0114728 0.00955459 0.0079093 0.00649329
 1.02501e-16 2.82125e-05 0.000165571 0.000787024 0.00303004 0.00944885 0.0238671 0.0488361 0.080954 0.108727 0.118339 0.104436 0.0748744 0.0439302 0.0217566 0.0103302 0.00661698 0.00702582 0.0093429 0.0125581 0.0161863 0.0198525 0.0231724 0.0257788 0.0273912 0.0278752 0.0272658 0.0257448 0.0235849 0.0210781 0.0184765 0.0159571 0.0136179 0.0114946 0.00958684 0.00788166
 1.02343e-16 3.06923e-05 0.000180134 0.000856266 0.00329665 0.0102803 0.0259672 0.0531327 0.0880744 0.118285 0.128725 0.113564 0.0813355 0.0475538 0.02324 0.0105142 0.00604486 0.00590244 0.007674 0.0102839 0.0132605 0.0162817 0.0190329 0.0212155 0.022601 0.0230787 0.022674 0.0215302 0.0198631 0.0179036 0.0158499 0.0138401 0.0119499 0.0102069 0.00861212 0.00715892
 1.02417e-16 2.83147e-05 0.00016617 0.00078987 0.00304099 0.00948301 0.0239534 0.0490127 0.0812471 0.109122 0.118771 0.104822 0.0751614 0.0441198 0.0218894 0.010457 0.00677953 0.00725302 0.00965185 0.0129536 0.0166578 0.0203713 0.0236913 0.0262365 0.0277215 0.0280189 0.0271826 0.0254223 0.0230414 0.0203597 0.0176481 0.0150909 0.0127814 0.0107416 0.00895234 0.00738067
 1.04908e-16 1.56233e-05 9.16447e-05 0.00043553 0.00167663 0.00522827 0.0132066 0.0270252 0.0448078 0.0602076 0.0656022 0.0580666 0.0420044 0.0253997 0.0139851 0.00899292 0.0088852 0.0117819 0.0164859 0.0223448 0.0288517 0.0354282 0.0414104 0.0461505 0.0491497 0.0501652 0.0492511 0.0467193 0.0430406 0.0387207 0.0341952 0.0297705 0.0256167 0.0217982 0.01832 0.0151684
pSPR Fmed_Fpbrs
0.707305   0.336428 0.336428
Fs Fmed_Fpbrs
0.217086   1.005 1.005
SSBpbr Bo_Bmed_Bpbrs
1.33148e+06  875191  381374 381374
Ro
56387.3
SPR SPRFo_SPRFmed_SPRFpbrs
1.15948e+06 820108 390083
log_Ro
10.76
likeval ReclasPelacesDesembMPH_pf_preclas_ppelaces_ptallas_desvR_qrecl_qpela
 64.6702 26.744 0.0189385 0.00018961 316.593 199.159 78.0172 0 15.6001 8.22814e-05 0 0 0 0 0
q_reclas_q_pelaces
0.276544 1
M
0.7
N
 52585.2 15623 5868.71 697.283 0.370339
 67874.7 24071.1 5059.44 1900.55 225.932
 41325.6 31513.2 8397.04 1764.95 741.808
 67919.5 18613.4 9374.16 2497.85 745.68
 116694 33108.4 8385.96 4223.37 1461.32
 84089.7 57741.1 16134.8 4086.75 2770.33
 134101 40323.3 23865.6 6668.84 2834.17
 125011 65157.3 17859.5 10570.3 4208.96
 150363 59481.2 25851.9 7085.96 5863.82
 146140 71175.4 22968.7 9982.71 5000.56
 68241.7 69836.3 28889.7 9322.86 6081.63
 40227.6 31286.4 22800.9 9432.21 5029.41
 42891.2 18548 10523.9 7669.59 4864.5
 23763.5 18937.1 4969.01 2819.36 3357.88
 18636 9609.02 3197.71 839.062 1043.08
 23350.6 7654.55 1761.56 586.214 345.041
 19310.7 10761.5 2568.59 591.115 312.496
 21547.3 9092.56 4041.56 964.657 339.359
 24045.3 10321.6 3737.47 1661.27 536.012
 44923.5 11579 4361.42 1579.27 928.465
 55765.5 21602 4856.15 1829.16 1051.73
 69643.7 27288.4 9930.67 2232.43 1324.38
 114042 33920.4 12240.3 4454.43 1595.41
 133537 55326 14903 5377.77 2658
 51352.5 64832.9 24404.5 6573.76 3544.61
pred_Ctot
 2971.04 4005.19 1504.53 178.759 0.0949418
 3187.5 5255.8 1104.7 414.975 49.331
 2779.28 9357.17 2493.33 524.064 220.264
 898.031 1248.38 628.713 167.528 50.0119
 300.17 444.152 112.498 56.657 19.6038
 2081.62 7036.79 1966.32 498.044 337.616
 2081.08 3155.33 1867.5 521.842 221.776
 3771.15 9542.15 2615.49 1547.99 616.394
 5072.34 9651.78 4194.89 1149.81 951.5
 3968.99 9457.45 3051.97 1326.46 664.451
 3784.82 17621.4 7289.56 2352.38 1534.54
 2077.58 7423.1 5409.79 2237.91 1193.29
 3444 6362.38 3609.94 2630.84 1668.63
 3211.71 9545.21 2504.61 1421.09 1692.53
 2342.39 4609.5 1533.96 402.503 500.372
 1213.17 1825.56 420.119 139.808 82.2898
 721.778 1916.74 457.496 105.284 55.6591
 549.173 1138.71 506.146 120.809 42.4997
 524.569 1117.02 404.472 179.784 58.0076
 1024.92 1307.07 492.33 178.273 104.808
 585.543 1158.74 260.486 98.1167 56.4153
 962.171 1909.42 694.867 156.207 92.6691
 1893.28 2831.53 1021.76 371.836 133.178
 2145.57 4475.92 1205.66 435.067 215.035
 769.925 4908.03 1847.49 497.652 268.337
F
 0.0814206 0.427489 0.427489 0.427489 0.427489
 0.0672588 0.353135 0.353135 0.353135 0.353135
 0.097602 0.512448 0.512448 0.512448 0.512448
 0.0185363 0.0973225 0.0973225 0.0973225 0.0973225
 0.00358245 0.0188092 0.0188092 0.0188092 0.0188092
 0.0349559 0.183532 0.183532 0.183532 0.183532
 0.0217874 0.114392 0.114392 0.114392 0.114392
 0.0427437 0.224421 0.224421 0.224421 0.224421
 0.0479068 0.251529 0.251529 0.251529 0.251529
 0.038409 0.201662 0.201662 0.201662 0.201662
 0.0798714 0.419355 0.419355 0.419355 0.419355
 0.0741917 0.389535 0.389535 0.389535 0.389535
 0.117542 0.617142 0.617142 0.617142 0.617142
 0.20545 1.07869 1.07869 1.07869 1.07869
 0.189797 0.996505 0.996505 0.996505 0.996505
 0.0746502 0.391942 0.391942 0.391942 0.391942
 0.0532039 0.279341 0.279341 0.279341 0.279341
 0.0360064 0.189048 0.189048 0.189048 0.189048
 0.0307492 0.161445 0.161445 0.161445 0.161445
 0.0321772 0.168942 0.168942 0.168942 0.168942
 0.0146955 0.0771568 0.0771568 0.0771568 0.0771568
 0.0193756 0.10173 0.10173 0.10173 0.10173
 0.0233233 0.122456 0.122456 0.122456 0.122456
 0.0225651 0.118475 0.118475 0.118475 0.118475
 0.0210422 0.11048 0.11048 0.11048 0.11048
YTP_r0W_actual
 8623.16 107977 60967.1 20453.5 11484.8
YTP_p0W_proyectada
 56397.1 257719 433789 213007 94701.4
 56397.1 221686 68299.1 102860 52277.4
CTP_r0_actual
 769.925 4908.03 1847.49 497.652 268.337
CTP_p0_proyectada
 6634.95 12042.9 13903.5 5233.58 2036.59
 6634.95 10359.2 2189.07 2527.27 1124.24
Wmedp
 8.5 21.4 31.2 40.7 46.5
nmprior
 10.6 11 7 0
nm_flota  nm_reclas  nm_pelaces    nm_pelaL
inf 13.6406 20.98 52.2814
cv_recla  cv_pelaces  cv_mph
0.727406 0.586388 0.446755
 ------------------------------------------------
Talla a la edad & desviaci?n 
 7.2 14.2025 17.0495 18.207 18.6776
 1.08 2.13037 2.55742 2.73105 2.80164
