years
 1997 1998 1999 2000 2001 2002 2003 2004 2005 2006 2007 2008 2009 2010 2011 2012 2013 2014 2015 2016 2017 2018 2019 2020 2021
reclasobs
 0 0 0 370054 412103 1.49427e+06 250295 1.28982e+06 931140 785840 897777 1.04006e+06 184774 17550 25797 100020 73551 82996 120727 218422 84188 347160 605670 569463 516374
reclaspred
 460987 131552 423715 302929 419795 494189 1.06596e+06 685394 727828 637144 493447 329176 201633 90059.6 61526 63513.9 82089.7 114158 122548 175720 251782 229619 399396 511478 602467
pelacesobs
 0 0 0 0 0 0 0 0 0 2.06254e+06 1.5e+06 0 1.87456e+06 323000 250000 174000 83755 137374 0 501740 490994 745055 786931 1.00524e+06 1.33801e+06
pelacespred
 1.91589e+06 488063 948616 1.049e+06 1.23138e+06 1.23148e+06 2.91195e+06 2.39474e+06 2.21128e+06 1.96723e+06 1.36519e+06 939140 561663 202957 136373 153768 209311 298757 331366 459937 737398 661537 902697 1.36935e+06 1.63592e+06
mphobs
 0 0 0 0 0 112323 0 153150 637223 0 255016 313432 73983 77613 109348 50772 0 0 0 0 0 0 0 0 0
mphpred
 166299 108437 138686 178400 178507 264398 394509 453886 372771 358347 323239 222664 136546 70643.8 32354.7 27795.8 35066.9 49862.1 63285.6 73693 109788 129022 161561 231464 320731
desembarqueobs
 350755 77701 442110 56441 14545 235359 269955 359681 431902 328805 639364 411747 362871 311530 167758 66681 60226 58785 57116 73181 50977 67692 138656 160484 209506
desembarquepred
 350767 77705.2 442161 56443.3 14545.1 235404 269990 359715 431985 328867 639690 412045 363282 312021 167794 66696.2 60250.9 58788.2 57113.3 73184.7 50978.9 67688.7 138663 160494 209511
Reclutas
 60043.5 74171.5 46189.5 67900.2 112655 84451.4 127688 114346 131577 128919 66277.2 42034.5 42726.4 23498.6 17198.2 20304.2 16578.8 18914 21573.6 36861.4 45789.8 59585.1 97042.5 116913 54128.3
log_desv_Rt
 0.122824 0.334135 -0.139492 0.245794 0.752082 0.463932 0.877344 0.766982 0.907344 0.886938 0.221601 -0.233754 -0.217428 -0.815305 -1.12744 -0.961417 -1.16412 -1.03234 -0.900773 -0.365079 -0.148183 0.115161 0.602905 0.789184 0.0191132
SSB
 724994 472741 604611 777749 778214 1.15266e+06 1.71989e+06 1.97875e+06 1.62512e+06 1.56224e+06 1.40918e+06 970719 595281 307977 141053 121178 152877 217378 275898 321270 478630 562479 704339 1.00909e+06 1.39825e+06
BT
 2.49378e+06 671905 1.31608e+06 1.22979e+06 1.39219e+06 1.54706e+06 3.46683e+06 3.07964e+06 2.87793e+06 2.51592e+06 2.09932e+06 1.42331e+06 984125 524786 295822 227852 284256 382042 417630 575681 869629 797088 1.10155e+06 1.66205e+06 1.97747e+06
Ftot
 0.419852 0.319359 0.449487 0.0850021 0.0177238 0.182339 0.114933 0.233083 0.272688 0.228658 0.492399 0.465428 0.742547 1.34927 1.34076 0.526618 0.360619 0.240111 0.198259 0.203874 0.0952154 0.126025 0.149807 0.143612 0.130679
BD_Bspro_t
 0.95009 0.773099 0.742224 0.633154 0.743507 0.849578 0.820427 0.823698 0.767708 0.724113 0.680901 0.523186 0.40808 0.293641 0.176498 0.185858 0.290837 0.451588 0.568163 0.658472 0.759313 0.829318 0.835706 0.84121 0.845434
BD_Bspro
 0.663938 0.432929 0.553693 0.712251 0.712676 1.05559 1.57505 1.81211 1.48826 1.43068 1.29051 0.88897 0.54515 0.282041 0.129174 0.110973 0.140002 0.199071 0.252663 0.294214 0.438322 0.51511 0.645023 0.924105 1.2805
BD_Bo
 0.570557 0.372039 0.475818 0.612075 0.61244 0.907124 1.35353 1.55724 1.27894 1.22946 1.109 0.763939 0.468476 0.242372 0.111006 0.095365 0.120311 0.171072 0.217127 0.252834 0.376673 0.442661 0.554302 0.794132 1.1004
BD_Brms
 1.98608 1.29505 1.6563 2.13061 2.13188 3.15766 4.71156 5.42068 4.45194 4.27969 3.86039 2.65924 1.63074 0.843688 0.386407 0.331961 0.418799 0.595495 0.75581 0.880104 1.31118 1.54088 1.9295 2.76434 3.83044
S_f
 0.187663 1 1 1 1
 0.187663 1 1 1 1
 0.187663 1 1 1 1
 0.187663 1 1 1 1
 0.187663 1 1 1 1
 0.187663 1 1 1 1
 0.187663 1 1 1 1
 0.187663 1 1 1 1
 0.187663 1 1 1 1
 0.187663 1 1 1 1
 0.187663 1 1 1 1
 0.187663 1 1 1 1
 0.187663 1 1 1 1
 0.187663 1 1 1 1
 0.187663 1 1 1 1
 0.187663 1 1 1 1
 0.187663 1 1 1 1
 0.187663 1 1 1 1
 0.187663 1 1 1 1
 0.187663 1 1 1 1
 0.187663 1 1 1 1
 0.187663 1 1 1 1
 0.187663 1 1 1 1
 0.187663 1 1 1 1
 0.187663 1 1 1 1
Scru_reclas
 1 1 1 1 1
 1 1 1 1 1
 1 1 1 1 1
 1 1 1 1 1
 1 1 1 1 1
 1 1 1 1 1
 1 1 1 1 1
 1 1 1 1 1
 1 1 1 1 1
 1 1 1 1 1
 1 1 1 1 1
 1 1 1 1 1
 1 1 1 1 1
 1 1 1 1 1
 1 1 1 1 1
 1 1 1 1 1
 1 1 1 1 1
 1 1 1 1 1
 1 1 1 1 1
 1 1 1 1 1
 1 1 1 1 1
 1 1 1 1 1
 1 1 1 1 1
 1 1 1 1 1
 1 1 1 1 1
Scru_pelaces
 0.940511 1 1 1 1
 0.940511 1 1 1 1
 0.940511 1 1 1 1
 0.940511 1 1 1 1
 0.940511 1 1 1 1
 0.940511 1 1 1 1
 0.940511 1 1 1 1
 0.940511 1 1 1 1
 0.940511 1 1 1 1
 0.940511 1 1 1 1
 0.940511 1 1 1 1
 0.940511 1 1 1 1
 0.940511 1 1 1 1
 0.940511 1 1 1 1
 0.940511 1 1 1 1
 0.940511 1 1 1 1
 0.940511 1 1 1 1
 0.940511 1 1 1 1
 0.940511 1 1 1 1
 0.940511 1 1 1 1
 0.940511 1 1 1 1
 0.940511 1 1 1 1
 0.940511 1 1 1 1
 0.940511 1 1 1 1
 0.940511 1 1 1 1
pf_obs 
 0.256992 0.487395 0.22802 0.0275931 0
 0.321318 0.546541 0.124235 0.00734118 0.000564706
 0.182869 0.594174 0.210203 0.0122559 0.00049798
 0.330522 0.361315 0.267642 0.0388342 0.00168674
 0.649043 0.306663 0.0425973 0.00169635 0
 0.582887 0.30429 0.105238 0.00758474 0
 0.465427 0.430635 0.0974691 0.00646863 0
 0.296916 0.608066 0.0921331 0.00288517 0
 0.311714 0.524322 0.152257 0.0117073 0
 0.15457 0.633149 0.183074 0.0267441 0.00246327
 0.131901 0.49318 0.331252 0.0422183 0.00144891
 0.196976 0.569456 0.194076 0.0375587 0.00193317
 0.518974 0.381816 0.0799577 0.0180837 0.00116848
 0.0928022 0.601141 0.25162 0.0475244 0.00691264
 0.122501 0.610282 0.24278 0.0234846 0.000952079
 0.383417 0.481906 0.127806 0.00687128 0
 0.0376549 0.599619 0.316969 0.0457579 0
 0.0361596 0.667082 0.258105 0.0386534 0
 0.158088 0.579412 0.248529 0.0139706 0
 0.0477256 0.309471 0.559284 0.082774 0.000745712
 0.0406174 0.521527 0.379366 0.0568643 0.0016247
 0.151134 0.462217 0.34131 0.0453401 0
 0.294876 0.26143 0.354403 0.0886775 0.000613685
 0.281977 0.475581 0.204845 0.0348837 0.00271318
 0.0841818 0.532909 0.334909 0.0458182 0.00218182
pf_pred 
 0.370984 0.444434 0.16513 0.0194426 9.94342e-06
 0.309088 0.547792 0.101122 0.0375721 0.00442604
 0.176274 0.605 0.173417 0.0320128 0.0132956
 0.267063 0.428679 0.223468 0.0640548 0.0167354
 0.300079 0.468041 0.135622 0.0706988 0.0255597
 0.174458 0.575607 0.167133 0.048429 0.0343729
 0.253195 0.411115 0.23406 0.0679613 0.0336698
 0.197436 0.526218 0.152128 0.0866108 0.0376073
 0.228698 0.457768 0.205575 0.0594311 0.0485278
 0.213245 0.505068 0.167181 0.075078 0.0394276
 0.128722 0.536849 0.214692 0.0710643 0.0486733
 0.133106 0.432 0.267965 0.107162 0.0597664
 0.21286 0.397239 0.1943 0.120522 0.0750792
 0.196096 0.541242 0.132555 0.0648362 0.0652705
 0.279468 0.518414 0.136079 0.0333271 0.0327115
 0.354969 0.517536 0.0917312 0.0240787 0.0116852
 0.233585 0.605504 0.129106 0.0228835 0.00892177
 0.248141 0.494555 0.203282 0.0433439 0.0106778
 0.242661 0.501933 0.168 0.0690546 0.0183511
 0.319333 0.443563 0.157143 0.0525966 0.0273646
 0.270002 0.535144 0.126979 0.0449853 0.0228905
 0.260534 0.497695 0.177236 0.0420546 0.0224801
 0.306595 0.461421 0.156136 0.0556022 0.0202457
 0.260821 0.529415 0.139586 0.0472332 0.0229451
 0.111645 0.593053 0.211501 0.0557648 0.0280362
pobs_RECLAS
 0 0 0 0 0
 0 0 0 0 0
 0 0 0 0 0
 0 0 0 0 0
 0.835266 0.146461 0.0176864 0.000547809 3.91292e-05
 0.385257 0.428462 0.181853 0.0044286 0
 0.867414 0.0963971 0.0333333 0.00285562 0
 0.441836 0.489002 0.0689373 0.000224442 0
 0.779404 0.147425 0.0564933 0.0165055 0.000172143
 0.814271 0.122319 0.05973 0.00367925 0
 0.40263 0.566651 0.0304383 0.000280538 0
 0.475488 0.404961 0.113038 0.00651328 0
 0.955842 0.0263864 0.0167828 0.000988607 0
 0.975058 0.0227948 0.00214734 0 0
 0.738997 0.206755 0.0527124 0.00153531 0
 0.850938 0.134255 0.0134407 0.00136685 0
 0.542534 0.407297 0.0501686 0 0
 0.764087 0.199537 0.0359546 0.000420521 0
 0.470689 0.182191 0.310203 0.0369168 0
 0.84361 0.089868 0.0606195 0.00523954 0.000663233
 0.607945 0.314616 0.071237 0.00620181 0
 0.523733 0.453247 0.0230204 0 0
 0.530135 0.295979 0.169645 0.0042399 0
 0.562478 0.366248 0.0663022 0.0049721 0
 0.250443 0.683176 0.0655157 0.000865301 0
ppred_RECLAS
 0.763449 0.167136 0.0620998 0.00731169 3.73938e-06
 0.708415 0.231184 0.0426765 0.0158565 0.00186792
 0.53998 0.33787 0.096847 0.0178779 0.00742507
 0.661013 0.198266 0.103355 0.0296257 0.00774023
 0.695726 0.20347 0.0589582 0.0307346 0.0111115
 0.532111 0.326235 0.0947251 0.0274479 0.0194814
 0.645057 0.195396 0.111244 0.0323008 0.0160027
 0.570473 0.281628 0.0814177 0.0463535 0.0201272
 0.616127 0.227829 0.102314 0.0295785 0.024152
 0.593974 0.260654 0.0862782 0.038746 0.0203477
 0.448515 0.339804 0.135891 0.0449809 0.0308083
 0.457503 0.270343 0.167691 0.0670614 0.0374014
 0.603818 0.199937 0.0977947 0.060661 0.0377887
 0.597219 0.271179 0.0664142 0.032485 0.0327026
 0.701914 0.214469 0.0562964 0.0137875 0.0135328
 0.752374 0.198681 0.0352154 0.00924376 0.00448594
 0.624087 0.296989 0.0633243 0.011224 0.00437597
 0.640627 0.236387 0.0971644 0.0207175 0.00510375
 0.633164 0.243124 0.081375 0.0334483 0.00888883
 0.716563 0.184705 0.0654361 0.0219018 0.0113949
 0.66448 0.245962 0.0583618 0.0206761 0.0105209
 0.653952 0.232906 0.0829413 0.0196803 0.01052
 0.703691 0.197176 0.0667205 0.0237602 0.00865147
 0.654517 0.247442 0.0652409 0.0220762 0.0107242
 0.402723 0.398733 0.142201 0.0374929 0.0188499
pobs_PELACES
 0 0 0 0 0
 0 0 0 0 0
 0 0 0 0 0
 0 0 0 0 0
 0 0 0 0 0
 0 0 0 0 0
 0 0 0 0 0
 0 0 0 0 0
 0 0 0 0 0
 0 0 0 0 0
 0.450072 0.473896 0.0757376 0.000293798 0
 0 0 0 0 0
 0.463077 0.371075 0.160297 0.00555027 0
 0.529543 0.364841 0.0842815 0.0213345 0
 0.631943 0.363953 0.00410389 0 0
 0.735681 0.248677 0.0153453 0.000297389 0
 0.695825 0.281241 0.0229344 0 0
 0.275771 0.60734 0.115278 0.00161068 0
 0 0 0 0 0
 0.896147 0.0623911 0.0374545 0.00400742 0
 0.803859 0.145111 0.0509908 3.86294e-05 0
 0.739449 0.233085 0.0266225 0.000797448 4.60066e-05
 0.878498 0.100942 0.0204185 0.000141795 0
 0.694673 0.275183 0.0284847 0.00165964 0
 0.469039 0.446079 0.0841089 0.000773354 0
ppred_PELACES
 0.772573 0.160689 0.0597044 0.00702965 3.59514e-06
 0.713404 0.227228 0.0419462 0.0155852 0.00183595
 0.554638 0.327104 0.0937613 0.0173083 0.00718849
 0.652323 0.203349 0.106005 0.0303852 0.00793865
 0.683618 0.211567 0.0613044 0.0319577 0.0115536
 0.52901 0.328397 0.095353 0.0276299 0.0196105
 0.638038 0.199259 0.113444 0.0329395 0.0163191
 0.570755 0.281443 0.0813643 0.0463231 0.020114
 0.618907 0.226179 0.101573 0.0293644 0.0239771
 0.593965 0.26066 0.08628 0.0387468 0.0203481
 0.466051 0.329 0.13157 0.0435507 0.0298287
 0.473285 0.262479 0.162813 0.0651105 0.0363134
 0.63625 0.18357 0.0897892 0.0556953 0.0346953
 0.666914 0.224256 0.0549223 0.026864 0.0270439
 0.760335 0.172436 0.0452631 0.0110853 0.0108806
 0.766947 0.186989 0.0331429 0.00869975 0.00422194
 0.63234 0.290468 0.0619339 0.0109775 0.00427989
 0.641326 0.235928 0.0969756 0.0206772 0.00509383
 0.631261 0.244385 0.0817972 0.0336219 0.00893494
 0.715204 0.18559 0.0657497 0.0220068 0.0114495
 0.65645 0.251848 0.0597585 0.0211709 0.0107727
 0.647692 0.23712 0.0844418 0.0200363 0.0107103
 0.699258 0.200127 0.0677189 0.0241157 0.00878092
 0.649336 0.251153 0.0662194 0.0224073 0.0108851
 0.396414 0.402946 0.143703 0.037889 0.019049
pobs_pel_tallas
 0 0 0 0 0 0 0 0 0 0 0 0 0 0 0 0 0 0 0 0 0 0 0 0 0 0 0 0 0 0 0 0 0 0 0 0
 0 0 0 0 0 0 0 0 0 0 0 0 0 0 0 0 0 0 0 0 0 0 0 0 0 0 0 0 0 0 0 0 0 0 0 0
 0 0 0 0 0 0 0 0 0 0 0 0 0 0 0 0 0 0 0 0 0 0 0 0 0 0 0 0 0 0 0 0 0 0 0 0
 0 0 0 0 0 0 0 0 0 0 0 0 0 0 0 0 0 0 0 0 0 0 0 0 0 0 0 0 0 0 0 0 0 0 0 0
 0 0 0 0 0 0 0 0 0 0 0 0 0 0 0 0 0 0 0 0 0 0 0 0 0 0 0 0 0 0 0 0 0 0 0 0
 0 0 0 0 0 0 0 0 0 0 0 0 0 0 0 0 0 0 0 0 0 0 0 0 0 0 0 0 0 0 0 0 0 0 0 0
 0 0 0 0 0 0 0 0 0 0 0 0 0 0 0 0 0 0 0 0 0 0 0 0 0 0 0 0 0 0 0 0 0 0 0 0
 0 0 0 0 0 0 0 0 0 0 0 0 0 0 0 0 0 0 0 0 0 0 0 0 0 0 0 0 0 0 0 0 0 0 0 0
 0 0 0 0 0 0 0 0 0 0 0 0 0 0 0 0 0 0 0 0 0 0 0 0 0 0 0 0 0 0 0 0 0 0 0 0
 0 0 0 0 0 0 0 0 0 0 0 0 0 0 0 0 0 0 0 0 0 0 0 0 0 0 0 0 0 0 0 0 0 0 0 0
 0 0 0 0 0 0 0 0 1.78061e-05 0.00172719 0.00360574 0.0105946 0.0120993 0.0124554 0.0147524 0.0171206 0.0266825 0.0428682 0.0675386 0.121331 0.153587 0.119568 0.100827 0.0573624 0.0630603 0.0341343 0.0324427 0.0444173 0.0211091 0.0280891 0.0125444 0.00206551 0 0 0 0
 0 0 0 0 0 0 0 0 0 0 0 0 0 0 0 0 0 0 0 0 0 0 0 0 0 0 0 0 0 0 0 0 0 0 0 0
 0 0 0 0 0 0 0.0133647 0.0140871 0.0187388 0.0205184 0.03894 0.0496705 0.03968 0.0493445 0.0407372 0.0367815 0.0215668 0.0243155 0.0234873 0.0199281 0.019796 0.0243948 0.0301388 0.0376714 0.0412746 0.0863199 0.0771752 0.113111 0.0741005 0.0525337 0.0229764 0.00759418 0.00175318 0 0 0
 0 0 0 0 0 0 0 0 0 0 0.00219441 0.00772107 0.0458388 0.0604681 0.0671733 0.0775358 0.0609151 0.0617685 0.073594 0.0568108 0.0755445 0.0548602 0.0670107 0.0636378 0.0643287 0.046367 0.0373049 0.0286899 0.0247887 0.0153202 0.00654259 0.00121912 0.000365735 0 0 0
 0 0 0 0 0 0 0 0 0 0 0 0 0.000112435 0.00938835 0.0111873 0.0202946 0.0414886 0.0713402 0.111592 0.104902 0.108894 0.110636 0.117776 0.105296 0.107544 0.0401394 0.0192827 0.0124803 0.00416011 0.0028671 0.000618394 0 0 0 0 0
 0 0 0 0 0 0 0 0 0 0 0.00291406 0.0102884 0.027416 0.0768956 0.0749926 0.110853 0.0956884 0.0897413 0.0766577 0.0534642 0.0500743 0.0551293 0.0594112 0.0620874 0.0668451 0.0424026 0.0208742 0.0120726 0.0048766 0.00582813 0.00118941 0.000297354 0 0 0 0
 0 0.00264628 0.0354308 0.0461629 0.0458689 0.0383711 0.0214643 0.0164657 0.0346957 0.0420465 0.0363128 0.0245516 0.0311673 0.0291091 0.0169068 0.0133784 0.00837989 0.0085269 0.0148486 0.0160247 0.0276389 0.0546898 0.0760071 0.122758 0.109233 0.0665981 0.0333725 0.0166128 0.00676272 0.00308733 0.000882094 0 0 0 0 0
 0 0 0 0 0 0 0 0.000805153 0.000690131 0.00759144 0.0133425 0.0154129 0.00931677 0.000345066 0.00356568 0.00563607 0.00851162 0.0253048 0.0502646 0.0516448 0.0657925 0.0565908 0.0611916 0.0827007 0.0866115 0.110766 0.145733 0.0935128 0.0569358 0.0249597 0.0138026 0.00621118 0.00161031 0.00115022 0 0
 0 0 0 0 0 0 0 0 0 0 0 0 0 0 0 0 0 0 0 0 0 0 0 0 0 0 0 0 0 0 0 0 0 0 0 0
 0.00147267 0.00158595 0.00478618 0.00569244 0.00954404 0.0108468 0.00647125 0.017049 0.0510054 0.094081 0.124002 0.0959785 0.0687766 0.0820023 0.061753 0.0591476 0.0492212 0.0479892 0.0443925 0.0268479 0.0217502 0.0140895 0.0121071 0.0120363 0.00920419 0.00665534 0.0049561 0.00860946 0.00930331 0.0156896 0.0114698 0.00855282 0.00243557 0.00046729 0 2.83206e-05
 0 0 0 0 0.000772559 0.00158375 0.000888443 0.00281984 0.00712685 0.0440552 0.0773331 0.111326 0.0921469 0.0852325 0.0710754 0.0886704 0.0786465 0.0553345 0.0373146 0.0185414 0.00753245 0.00457741 0.012979 0.0271748 0.0457355 0.0583668 0.034881 0.0177882 0.00938659 0.00492506 0.0015258 0.00185414 0.000309023 5.79419e-05 3.86279e-05 0
 0 0.00173294 0.00326652 0 0.00397197 0.00683976 0.00946217 0.0152591 0.00757587 0.0136028 0.0228656 0.0392903 0.0559909 0.0764795 0.0681675 0.0726916 0.0566044 0.0477403 0.0527397 0.0444891 0.0609904 0.0582453 0.0661739 0.0445044 0.0529084 0.0360697 0.0280645 0.0235558 0.0158879 0.00826598 0.00280645 0.00217768 0.000904811 0.00058276 9.20147e-05 0
 0 0 0 0 0 0 0 0 0 0 0 0 0 0 0 0 0 0 0 0 0 0 0 0 0 0 0 0 0 0 0 0 0 0 0 0
 0 0 0 0 0 0 0 0 0 0 0 0 0 0 0 0 0 0 0 0 0 0 0 0 0 0 0 0 0 0 0 0 0 0 0 0
 0 0 0 0 0 0 0 0 0 0 0 0 0 0 0 0 0 0 0 0 0 0 0 0 0 0 0 0 0 0 0 0 0 0 0 0
ppred_pel_tallas
 1.01142e-16 3.37071e-05 0.000197837 0.000940432 0.00362072 0.0112909 0.0285199 0.0583554 0.09673 0.129904 0.141358 0.124678 0.0892277 0.0520318 0.0251734 0.0109558 0.00569366 0.00505005 0.00636727 0.0084771 0.0108995 0.013342 0.0155345 0.0172245 0.0182204 0.0184316 0.0178852 0.0167103 0.0151001 0.0132628 0.0113802 0.00958253 0.00794426 0.00649432 0.00523325 0.00414889
 1.01291e-16 3.11297e-05 0.000182699 0.000868453 0.00334356 0.0104266 0.0263368 0.053889 0.0893289 0.119972 0.130568 0.115205 0.0825439 0.0483269 0.0237407 0.0109455 0.0065703 0.00663102 0.00867094 0.0115748 0.0148238 0.0180391 0.0208462 0.0228964 0.0239353 0.0238596 0.0227385 0.0207886 0.0183143 0.0156336 0.0130146 0.0106378 0.00859098 0.00688627 0.00548972 0.00434916
 1.02369e-16 2.42109e-05 0.00014207 0.000675277 0.00259975 0.008107 0.0204779 0.0419021 0.0694635 0.0933061 0.101585 0.0897213 0.0644796 0.0381439 0.0194718 0.0102148 0.00782461 0.00925835 0.0126191 0.0169889 0.0218381 0.0266757 0.0309726 0.0342234 0.0360495 0.0362826 0.0349969 0.0324753 0.0291284 0.0253918 0.0216382 0.0181263 0.0149929 0.0122757 0.00995219 0.00797576
 1.02987e-16 2.84654e-05 0.000167059 0.000794104 0.00305731 0.0095339 0.0240819 0.0492753 0.0816812 0.109701 0.119391 0.105347 0.0754873 0.0442101 0.0217479 0.0100823 0.00614061 0.00629392 0.00831457 0.0112054 0.0145162 0.0179223 0.0210947 0.0237135 0.0255253 0.0263926 0.0263153 0.0254143 0.0238874 0.0219542 0.0198091 0.0175954 0.0154033 0.013283 0.0112637 0.00936913
 1.02578e-16 2.98302e-05 0.000175071 0.000832193 0.00320396 0.00999123 0.0252371 0.051639 0.085599 0.114962 0.125115 0.110393 0.079094 0.0463029 0.0227398 0.0104755 0.00628246 0.0063482 0.00832745 0.0111643 0.014378 0.0176232 0.0205567 0.0228541 0.0242703 0.024692 0.024157 0.0228332 0.0209663 0.0188158 0.0166006 0.014469 0.0124963 0.010702 0.00907506 0.00759722
 1.03327e-16 2.30934e-05 0.000135509 0.000644087 0.00247966 0.00773251 0.0195319 0.0399666 0.0662555 0.0889987 0.0968993 0.0855937 0.061536 0.0364485 0.0186914 0.00994434 0.00778626 0.00932327 0.0127506 0.0171912 0.0221304 0.0270836 0.0315245 0.0349487 0.0369766 0.0374358 0.036393 0.0341204 0.031014 0.027493 0.023913 0.0205177 0.0174322 0.014689 0.0122673 0.0101284
 1.0357e-16 2.78424e-05 0.000163402 0.000776716 0.00299036 0.00932514 0.0235546 0.0481964 0.0798927 0.107299 0.116778 0.103042 0.0738386 0.0432503 0.021287 0.00988869 0.00605227 0.00623164 0.00825172 0.0111415 0.0144649 0.0179079 0.0211509 0.0238807 0.0258458 0.0269046 0.0270464 0.0263756 0.0250706 0.0233309 0.0213338 0.0192109 0.017047 0.0148935 0.0127868 0.0107617
 1.03779e-16 2.49118e-05 0.000146189 0.00069487 0.00267521 0.00834231 0.0210722 0.0431177 0.0714771 0.096006 0.104511 0.0922755 0.0662486 0.0390565 0.0196914 0.00993237 0.00713528 0.00815538 0.0110442 0.0148861 0.0191932 0.0235437 0.0274891 0.0305999 0.0325508 0.0331899 0.0325654 0.0308965 0.0285047 0.0257287 0.0228529 0.0200686 0.0174713 0.0150842 0.0128928 0.0108754
 1.03645e-16 2.70092e-05 0.000158508 0.000753445 0.00290076 0.00904569 0.0228488 0.0467524 0.0775 0.104089 0.113291 0.0999836 0.0716863 0.0420688 0.0208526 0.00993302 0.00641004 0.0068519 0.00914703 0.0123375 0.0159685 0.0196896 0.0231387 0.0259651 0.0278941 0.0287827 0.028642 0.0276171 0.0259364 0.0238476 0.0215649 0.0192396 0.016959 0.014763 0.0126679 0.0106863
 1.03592e-16 2.5923e-05 0.000152128 0.000723107 0.00278394 0.00868139 0.0219286 0.0448699 0.0743808 0.0999032 0.108746 0.0959961 0.0688797 0.0405271 0.0202839 0.0099871 0.00687095 0.00765299 0.0103048 0.0138864 0.0179191 0.0220062 0.0257313 0.0286944 0.0305903 0.0312723 0.0307776 0.0293011 0.0271331 0.0245819 0.0219083 0.0192907 0.0168217 0.0145296 0.0124094 0.010449
 1.04866e-16 2.03482e-05 0.000119392 0.000567464 0.00218465 0.0068125 0.0172081 0.0352119 0.0583746 0.0784169 0.0853893 0.0754534 0.0543042 0.0322829 0.0167739 0.00928079 0.00769667 0.00949561 0.0131024 0.017744 0.0229468 0.0282432 0.0331135 0.0370503 0.0396602 0.0407449 0.0403346 0.0386562 0.0360582 0.0329152 0.0295484 0.0261823 0.022941 0.0198741 0.0169925 0.0142995
 1.06331e-16 2.0661e-05 0.000121235 0.000576236 0.00221844 0.00691791 0.0174743 0.035756 0.0592747 0.07962 0.0866838 0.07656 0.0550197 0.0325464 0.0166155 0.00872738 0.00671905 0.00801404 0.0110245 0.0150097 0.0195688 0.0243368 0.0289071 0.0328708 0.0358927 0.0377733 0.038476 0.0381083 0.0368686 0.0349822 0.0326485 0.0300144 0.0271776 0.0242053 0.0211593 0.0181107
 1.0487e-16 2.77636e-05 0.000162941 0.000774531 0.00298196 0.00929893 0.0234884 0.0480607 0.0796674 0.106995 0.116443 0.102738 0.0736017 0.0430731 0.0211282 0.00969487 0.00577201 0.00581946 0.00766933 0.0103619 0.0134802 0.0167373 0.0198461 0.0225262 0.0245528 0.0257984 0.0262509 0.025997 0.0251833 0.023969 0.0224876 0.020829 0.0190431 0.0171568 0.0151936 0.0131887
 1.0304e-16 2.91023e-05 0.000170797 0.00081187 0.00312571 0.0097472 0.0246207 0.0503779 0.0835091 0.112157 0.122067 0.107713 0.0771956 0.0452356 0.0222974 0.0104093 0.00642982 0.00664496 0.00876677 0.0117578 0.0151333 0.0185333 0.0215966 0.0239826 0.0254368 0.0258454 0.0252559 0.0238529 0.0219017 0.019679 0.0174145 0.0152593 0.0132834 0.0114959 0.009874 0.00838881
 1.01589e-16 3.31739e-05 0.000194705 0.000925542 0.00356339 0.0111121 0.0280683 0.0574315 0.0951989 0.127849 0.139125 0.122716 0.0878401 0.0512558 0.0248599 0.0109245 0.00582793 0.00530504 0.00673905 0.00897321 0.0115215 0.0140776 0.0163553 0.0180888 0.0190804 0.0192433 0.0186175 0.0173516 0.0156602 0.0137688 0.0118683 0.0100887 0.00849529 0.00710216 0.00589363 0.00484366
 1.01028e-16 3.34627e-05 0.0001964 0.000933596 0.0035944 0.0112088 0.0283125 0.0579313 0.0960278 0.128963 0.14034 0.123794 0.0886251 0.0517407 0.0251447 0.011133 0.00605507 0.0056092 0.00715145 0.00950449 0.012161 0.0147899 0.0170791 0.0187417 0.0195688 0.0194769 0.0185249 0.0168937 0.0148361 0.0126162 0.0104561 0.0085053 0.00683539 0.00545504 0.00433408 0.00342693
 1.01552e-16 2.75975e-05 0.000161956 0.000769826 0.0029638 0.00924229 0.0233455 0.0477691 0.0791869 0.106359 0.115775 0.102204 0.0733418 0.0431672 0.0216308 0.0106883 0.00739252 0.00824144 0.0110616 0.0148303 0.0190089 0.0231421 0.0267554 0.029402 0.0307539 0.0306754 0.0292515 0.0267557 0.0235756 0.0201175 0.0167263 0.0136371 0.0109672 0.00873798 0.00691112 0.0054235
 1.02403e-16 2.79872e-05 0.000164249 0.000780736 0.00300583 0.00937335 0.0236764 0.0484459 0.0803073 0.107859 0.117395 0.103604 0.0742807 0.0435881 0.0215989 0.0102757 0.00661032 0.00704254 0.00937819 0.0126167 0.0162772 0.0199869 0.0233619 0.0260333 0.0277166 0.0282712 0.0277241 0.0262488 0.0241101 0.0215955 0.0189557 0.0163708 0.0139457 0.0117255 0.00972003 0.00792576
 1.02814e-16 2.75486e-05 0.000161673 0.00076849 0.00295868 0.00922631 0.023305 0.047686 0.079048 0.106169 0.115558 0.10199 0.0731372 0.0429454 0.0213331 0.0102366 0.00669958 0.00722052 0.00963901 0.0129646 0.0167131 0.0205022 0.0239374 0.0266414 0.028327 0.0288571 0.0282694 0.0267514 0.0245826 0.0220612 0.0194416 0.0169004 0.0145323 0.0123691 0.0104073 0.008633
 1.02286e-16 3.12065e-05 0.000183154 0.000870623 0.00335193 0.0104527 0.0264027 0.0540236 0.0895508 0.120266 0.130879 0.115459 0.0826785 0.0483115 0.0235589 0.0105712 0.00595588 0.00571337 0.00738903 0.00989234 0.0127519 0.0156537 0.0182939 0.0203852 0.0217084 0.0221576 0.0217586 0.0206509 0.0190432 0.0171588 0.0151887 0.0132654 0.0114609 0.00980004 0.00828204 0.0068989
 1.02162e-16 2.86472e-05 0.000168122 0.000799149 0.00307672 0.00959442 0.0242349 0.0495886 0.0822016 0.110404 0.120166 0.106053 0.0760434 0.0446359 0.0221422 0.0105715 0.00684392 0.00731124 0.00971922 0.0130304 0.0167349 0.0204319 0.0237117 0.026188 0.0275744 0.0277472 0.026769 0.0248623 0.0223449 0.0195506 0.016761 0.0141666 0.0118618 0.00986463 0.00814821 0.00667026
 1.02465e-16 2.82648e-05 0.000165878 0.000788484 0.00303566 0.00946638 0.0239114 0.0489267 0.0811042 0.108929 0.118559 0.10463 0.0750131 0.0440112 0.0217961 0.0103477 0.00662626 0.00703365 0.00935154 0.0125674 0.0161947 0.0198574 0.0231701 0.0257649 0.0273615 0.027826 0.0271951 0.0256527 0.0234734 0.0209516 0.0183405 0.0158181 0.013482 0.0113671 0.00947169 0.00778131
 1.02266e-16 3.05118e-05 0.000179074 0.000851223 0.00327723 0.0102197 0.0258143 0.0528198 0.0875559 0.117589 0.12797 0.112903 0.080872 0.0473033 0.0231557 0.0105403 0.00614858 0.00607597 0.00792315 0.0106165 0.0136782 0.0167759 0.0195828 0.0217891 0.0231593 0.0235815 0.0230866 0.0218291 0.0200388 0.0179609 0.0158051 0.013717 0.0117753 0.0100059 0.00840596 0.00696344
 1.02301e-16 2.8337e-05 0.000166301 0.000790491 0.00304338 0.00949046 0.0239723 0.0490513 0.081311 0.109208 0.118865 0.104907 0.0752251 0.0441632 0.0219221 0.0104908 0.00682512 0.00731825 0.00974226 0.0130721 0.0168035 0.0205385 0.0238691 0.0264095 0.0278714 0.028127 0.0272332 0.0254051 0.0229528 0.0202037 0.0174346 0.0148343 0.0124986 0.0104493 0.00866563 0.00711185
 1.04364e-16 1.73147e-05 0.000101576 0.00048275 0.00185845 0.00579525 0.0146387 0.0299553 0.0496639 0.0667268 0.0726898 0.0643028 0.0464342 0.0279158 0.0150764 0.00925133 0.00870413 0.011326 0.0157816 0.0213648 0.0275622 0.0338095 0.0394663 0.04391 0.0466641 0.0475006 0.0464798 0.0439115 0.040259 0.0360186 0.0316169 0.027353 0.0233908 0.0197889 0.016545 0.0136369
pSPR Fmed_Fpbrs
0.681556   0.337277 0.337277
Fs Fmed_Fpbrs
0.244878   1.005 1.005
SSBpbr Bo_Bmed_Bpbrs
1.27068e+06  802503  365037 365037
Ro
53103.6
SPR SPRFo_SPRFmed_SPRFpbrs
1.09196e+06 744231 368293
log_Ro
10.7
likeval ReclasPelacesDesembMPH_pf_preclas_ppelaces_ptallas_desvR_qrecl_qpela
 60.7518 21.37 0.0248983 0.000230205 316.344 197.481 77.5322 0 15.7695 6.57836e-05 1.20494e-05 0 0 0 0
q_reclas_q_pelaces
0.316852 1.63861
M
0.7
N
 60043.5 15589 5792.11 681.968 0.348776
 74171.5 27557.6 5087.12 1890.13 222.659
 46189.5 34689.9 9943.51 1835.57 762.349
 67900.2 21081.6 10989.7 3150.1 823.017
 112655 33184.6 9615.71 5012.62 1812.21
 84451.4 55756.9 16189.5 4691.14 3329.57
 127688 40526.6 23073 6699.44 3319.08
 114346 62054.9 17939.9 10213.7 4434.89
 131577 54352.3 24408.6 7056.45 5761.86
 128919 62079.5 20548.7 9228.06 4846.16
 66277.2 61330.2 24526.6 8118.46 5560.49
 42034.5 30007.3 18613.2 7443.62 4151.45
 42726.4 19127.9 9355.95 5803.4 3615.22
 23498.6 18457.4 4520.39 2211.05 2225.86
 17198.2 9058.75 2377.85 582.356 571.6
 20304.2 6640.53 1177.01 308.954 149.934
 16578.8 9133.98 1947.55 345.196 134.584
 18914 7694.05 3162.56 674.324 166.12
 21573.6 8978.57 3005.18 1235.25 328.264
 36861.4 10321.9 3656.77 1223.94 636.784
 45789.8 17617.7 4180.34 1480.99 753.591
 59585.1 22335.9 7954.13 1887.36 1008.88
 97042.5 28897.5 9778.33 3482.21 1267.93
 116913 46854 12353.6 4180.21 2030.67
 54128.3 56513.4 20154.4 5313.96 2671.64
pred_Ctot
 3286.62 3937.33 1462.92 172.246 0.0880908
 3113.71 5518.38 1018.69 378.496 44.5873
 2700.2 9267.53 2656.45 490.379 203.665
 773.48 1241.56 647.217 185.518 48.4699
 269.075 419.685 121.61 63.3944 22.919
 2047.12 6754.26 1961.16 568.273 403.336
 1961.87 3185.5 1813.6 526.594 260.889
 3528.35 9403.99 2718.66 1547.81 672.076
 4734.47 9476.65 4255.8 1230.34 1004.62
 3903.93 9246.42 3060.63 1374.47 721.811
 4229.57 17639.9 7054.38 2335.04 1599.32
 2541.14 8247.37 5115.76 2045.85 1141.01
 4029.13 7519.16 3677.82 2281.32 1421.14
 3835.77 10587.1 2592.86 1268.24 1276.73
 2791.49 5178.23 1359.24 332.89 326.742
 1381.92 2014.81 357.117 93.7403 45.4916
 783.238 2030.33 432.908 76.7312 29.9158
 600.876 1197.57 492.25 104.958 25.8564
 567.862 1174.6 393.144 161.598 42.9443
 997.288 1385.26 490.762 164.261 85.4604
 583.791 1157.08 274.551 97.2663 49.4934
 1002.93 1915.88 682.272 161.889 86.5371
 1937.83 2916.41 986.854 351.433 127.963
 2239.23 4545.19 1198.39 405.512 196.991
 944.361 5016.4 1789 471.692 237.147
F
 0.0787908 0.419852 0.419852 0.419852 0.419852
 0.0599319 0.319359 0.319359 0.319359 0.319359
 0.0843522 0.449487 0.449487 0.449487 0.449487
 0.0159518 0.0850021 0.0850021 0.0850021 0.0850021
 0.0033261 0.0177238 0.0177238 0.0177238 0.0177238
 0.0342183 0.182339 0.182339 0.182339 0.182339
 0.0215688 0.114933 0.114933 0.114933 0.114933
 0.0437411 0.233083 0.233083 0.233083 0.233083
 0.0511736 0.272688 0.272688 0.272688 0.272688
 0.0429107 0.228658 0.228658 0.228658 0.228658
 0.0924053 0.492399 0.492399 0.492399 0.492399
 0.0873438 0.465428 0.465428 0.465428 0.465428
 0.139349 0.742547 0.742547 0.742547 0.742547
 0.253209 1.34927 1.34927 1.34927 1.34927
 0.251611 1.34076 1.34076 1.34076 1.34076
 0.0988268 0.526618 0.526618 0.526618 0.526618
 0.0676749 0.360619 0.360619 0.360619 0.360619
 0.04506 0.240111 0.240111 0.240111 0.240111
 0.0372058 0.198259 0.198259 0.198259 0.198259
 0.0382596 0.203874 0.203874 0.203874 0.203874
 0.0178684 0.0952154 0.0952154 0.0952154 0.0952154
 0.0236502 0.126025 0.126025 0.126025 0.126025
 0.0281132 0.149807 0.149807 0.149807 0.149807
 0.0269507 0.143612 0.143612 0.143612 0.143612
 0.0245236 0.130679 0.130679 0.130679 0.130679
YTP_r0W_actual
 10576.8 110361 59037.1 19386.5 10149.9
YTP_p0W_proyectada
 48753.5 270706 370564 172394 74560.3
 48753.5 194813 71740.8 87868 42309.9
CTP_r0_actual
 944.361 5016.4 1789 471.692 237.147
CTP_p0_proyectada
 5735.7 12649.8 11877 4235.72 1603.45
 5735.7 9103.41 2299.39 2158.92 909.89
Wmedp
 8.5 21.4 31.2 40.7 46.5
nmprior
 10.6 11 7 0
nm_flota  nm_reclas  nm_pelaces    nm_pelaL
inf 14.2413 19.7097 48.2041
cv_recla  cv_pelaces  cv_mph
0.705025 0.524173 0.492261
 ------------------------------------------------
Talla a la edad & desviaci?n 
 7.2 14.2025 17.0495 18.207 18.6776
 1.08 2.13037 2.55742 2.73105 2.80164
