years
 1997 1998 1999 2000 2001 2002 2003 2004 2005 2006 2007 2008 2009 2010 2011 2012 2013 2014 2015 2016 2017 2018 2019 2020 2021
reclasobs
 0 0 0 370054 412103 1.49427e+06 250295 1.28982e+06 931140 785840 897777 1.04006e+06 184774 17550 25797 100020 73551 82996 120727 218422 84188 347160 605670 569463 516374
reclaspred
 1.20081e+06 227483 453390 169540 281135 357381 748108 627630 684372 863695 889509 666485 380923 150396 85699.1 76409.8 81357.2 109674 127518 134787 206042 212125 346339 390179 370010
pelacesobs
 0 0 0 0 0 0 0 0 0 2.06254e+06 1.5e+06 0 1.87456e+06 323000 250000 174000 83755 137374 0 501740 490994 745055 786931 1.00524e+06 1.33801e+06
pelacespred
 3.40488e+06 1.09368e+06 663548 610479 920334 787061 2.17481e+06 1.92008e+06 1.91724e+06 2.5874e+06 2.25795e+06 1.80509e+06 973939 295379 166804 167818 184261 270992 326066 321031 610188 624852 740561 981904 871073
mphobs
 0 0 0 0 0 112323 0 153150 637223 0 255016 313432 73983 77613 109348 50772 0 0 0 0 0 0 0 0 0
mphpred
 345710 147066 140432 71393.2 66844.1 147698 175086 285443 258373 292302 381454 280747 174453 94531.6 45765.6 31735.7 29396.1 36059.9 47008.4 45603.2 60866.2 80263 95554.8 128412 145663
desembarqueobs
 350755 77701 442110 56441 14545 235359 269955 359681 431902 328805 639364 411747 362871 311530 167758 66681 60226 58785 57116 73181 50977 67692 138656 160484 209506
desembarquepred
 350732 77666.6 441622 56426.5 14544.3 235281 269946 359231 431537 328583 638413 411194 362284 311036 167257 66622 60207.4 58719.1 57046.3 73114 50966.7 67637.9 138574 160408 209412
Reclutas
 20727.8 44021.4 6513.59 11200.4 39162.6 18267.6 62994.2 59623.6 72440.3 113898 71430.3 47396.8 50926.2 29446.1 12498.2 9872.86 7591.93 9360.79 8075.62 10599.2 16506.2 19883.9 31525 31582.6 5541.45
log_desv_Rt
 -0.100769 0.65243 -1.25835 -0.716293 0.535478 -0.227117 1.0108 0.955806 1.15052 1.60306 1.13648 0.72631 0.798133 0.250317 -0.606664 -0.842456 -1.10516 -0.895715 -1.0434 -0.77147 -0.328512 -0.142334 0.318537 0.320362 -1.41999
SSB
 550058 233996 223441 113593 106355 235002 278578 454168 411095 465079 606930 446695 277571 150409 72817.3 50494.5 46771.9 57374.8 74794.7 72559 96843.9 127706 152037 204316 231764
BT
 1.23135e+06 366140 398257 199161 301736 359527 1.09369e+06 1.01164e+06 1.09676e+06 1.21062e+06 1.2536e+06 882577 693599 400394 203703 110762 112182 139581 132073 154728 234475 209130 287870 395853 340184
Ftot
 0.738398 1.00348 2.11523 0.856458 0.187887 1.58047 1.25769 1.76715 1.96125 1.2918 1.92303 1.59315 2.59948 4.95303 4.95303 2.46682 2.1896 1.6475 1.20944 1.51815 0.768284 0.872883 1.08766 1.1434 1.2937
BD_Bspro_t
 0.925037 0.623017 0.50929 0.212802 0.303403 0.538948 0.435148 0.512182 0.442658 0.429409 0.45863 0.320963 0.227652 0.152134 0.0899756 0.0778113 0.0998168 0.163996 0.248547 0.289648 0.383459 0.51585 0.516158 0.512312 0.468009
BD_Bspro
 1.16683 0.496373 0.473984 0.240965 0.225611 0.498508 0.590945 0.963423 0.872054 0.98657 1.28748 0.94757 0.588811 0.319061 0.154467 0.107114 0.099217 0.121709 0.158662 0.153919 0.205434 0.270902 0.322514 0.433414 0.49164
BD_Bo
 0.750804 0.319393 0.304987 0.15505 0.14517 0.320767 0.380246 0.619918 0.561126 0.634812 0.828431 0.609718 0.378872 0.205301 0.0993923 0.0689227 0.0638415 0.0783139 0.102091 0.0990397 0.132188 0.174313 0.207523 0.278882 0.316347
BD_Brms
 1.3651 0.580715 0.554521 0.281908 0.263945 0.583212 0.691356 1.12712 1.02023 1.1542 1.50624 1.10858 0.688859 0.373274 0.180713 0.125314 0.116076 0.142389 0.185621 0.180072 0.240341 0.316933 0.377315 0.507057 0.575177
S_f
 0.0772036 0.613839 0.967951 0.99826 0.999908
 0.0772036 0.613839 0.967951 0.99826 0.999908
 0.0772036 0.613839 0.967951 0.99826 0.999908
 0.0772036 0.613839 0.967951 0.99826 0.999908
 0.0772036 0.613839 0.967951 0.99826 0.999908
 0.0772036 0.613839 0.967951 0.99826 0.999908
 0.0772036 0.613839 0.967951 0.99826 0.999908
 0.0772036 0.613839 0.967951 0.99826 0.999908
 0.0772036 0.613839 0.967951 0.99826 0.999908
 0.0772036 0.613839 0.967951 0.99826 0.999908
 0.0772036 0.613839 0.967951 0.99826 0.999908
 0.0772036 0.613839 0.967951 0.99826 0.999908
 0.0772036 0.613839 0.967951 0.99826 0.999908
 0.0772036 0.613839 0.967951 0.99826 0.999908
 0.0772036 0.613839 0.967951 0.99826 0.999908
 0.0772036 0.613839 0.967951 0.99826 0.999908
 0.0772036 0.613839 0.967951 0.99826 0.999908
 0.0772036 0.613839 0.967951 0.99826 0.999908
 0.0772036 0.613839 0.967951 0.99826 0.999908
 0.0772036 0.613839 0.967951 0.99826 0.999908
 0.0772036 0.613839 0.967951 0.99826 0.999908
 0.0772036 0.613839 0.967951 0.99826 0.999908
 0.0772036 0.613839 0.967951 0.99826 0.999908
 0.0772036 0.613839 0.967951 0.99826 0.999908
 0.0772036 0.613839 0.967951 0.99826 0.999908
Scru_reclas
 0.262203 0.641387 0.90001 0.978401 0.995633
 0.262203 0.641387 0.90001 0.978401 0.995633
 0.262203 0.641387 0.90001 0.978401 0.995633
 0.262203 0.641387 0.90001 0.978401 0.995633
 0.262203 0.641387 0.90001 0.978401 0.995633
 0.262203 0.641387 0.90001 0.978401 0.995633
 0.262203 0.641387 0.90001 0.978401 0.995633
 0.262203 0.641387 0.90001 0.978401 0.995633
 0.262203 0.641387 0.90001 0.978401 0.995633
 0.262203 0.641387 0.90001 0.978401 0.995633
 0.262203 0.641387 0.90001 0.978401 0.995633
 0.262203 0.641387 0.90001 0.978401 0.995633
 0.262203 0.641387 0.90001 0.978401 0.995633
 0.262203 0.641387 0.90001 0.978401 0.995633
 0.262203 0.641387 0.90001 0.978401 0.995633
 0.262203 0.641387 0.90001 0.978401 0.995633
 0.262203 0.641387 0.90001 0.978401 0.995633
 0.262203 0.641387 0.90001 0.978401 0.995633
 0.262203 0.641387 0.90001 0.978401 0.995633
 0.262203 0.641387 0.90001 0.978401 0.995633
 0.262203 0.641387 0.90001 0.978401 0.995633
 0.262203 0.641387 0.90001 0.978401 0.995633
 0.262203 0.641387 0.90001 0.978401 0.995633
 0.262203 0.641387 0.90001 0.978401 0.995633
 0.262203 0.641387 0.90001 0.978401 0.995633
Scru_pelaces
 0.221068 0.588191 0.877872 0.9731 0.994537
 0.221068 0.588191 0.877872 0.9731 0.994537
 0.221068 0.588191 0.877872 0.9731 0.994537
 0.221068 0.588191 0.877872 0.9731 0.994537
 0.221068 0.588191 0.877872 0.9731 0.994537
 0.221068 0.588191 0.877872 0.9731 0.994537
 0.221068 0.588191 0.877872 0.9731 0.994537
 0.221068 0.588191 0.877872 0.9731 0.994537
 0.221068 0.588191 0.877872 0.9731 0.994537
 0.221068 0.588191 0.877872 0.9731 0.994537
 0.221068 0.588191 0.877872 0.9731 0.994537
 0.221068 0.588191 0.877872 0.9731 0.994537
 0.221068 0.588191 0.877872 0.9731 0.994537
 0.221068 0.588191 0.877872 0.9731 0.994537
 0.221068 0.588191 0.877872 0.9731 0.994537
 0.221068 0.588191 0.877872 0.9731 0.994537
 0.221068 0.588191 0.877872 0.9731 0.994537
 0.221068 0.588191 0.877872 0.9731 0.994537
 0.221068 0.588191 0.877872 0.9731 0.994537
 0.221068 0.588191 0.877872 0.9731 0.994537
 0.221068 0.588191 0.877872 0.9731 0.994537
 0.221068 0.588191 0.877872 0.9731 0.994537
 0.221068 0.588191 0.877872 0.9731 0.994537
 0.221068 0.588191 0.877872 0.9731 0.994537
 0.221068 0.588191 0.877872 0.9731 0.994537
pf_obs 
 0.256992 0.487395 0.22802 0.0275931 0
 0.321318 0.546541 0.124235 0.00734118 0.000564706
 0.182869 0.594174 0.210203 0.0122559 0.00049798
 0.330522 0.361315 0.267642 0.0388342 0.00168674
 0.649043 0.306663 0.0425973 0.00169635 0
 0.582887 0.30429 0.105238 0.00758474 0
 0.465427 0.430635 0.0974691 0.00646863 0
 0.296916 0.608066 0.0921331 0.00288517 0
 0.311714 0.524322 0.152257 0.0117073 0
 0.15457 0.633149 0.183074 0.0267441 0.00246327
 0.131901 0.49318 0.331252 0.0422183 0.00144891
 0.196976 0.569456 0.194076 0.0375587 0.00193317
 0.518974 0.381816 0.0799577 0.0180837 0.00116848
 0.0928022 0.601141 0.25162 0.0475244 0.00691264
 0.122501 0.610282 0.24278 0.0234846 0.000952079
 0.383417 0.481906 0.127806 0.00687128 0
 0.0376549 0.599619 0.316969 0.0457579 0
 0.0361596 0.667082 0.258105 0.0386534 0
 0.158088 0.579412 0.248529 0.0139706 0
 0.0477256 0.309471 0.559284 0.082774 0.000745712
 0.0406174 0.521527 0.379366 0.0568643 0.0016247
 0.151134 0.462217 0.34131 0.0453401 0
 0.294876 0.26143 0.354403 0.0886775 0.000613685
 0.281977 0.475581 0.204845 0.0348837 0.00271318
 0.0841818 0.532909 0.334909 0.0458182 0.00218182
pf_pred 
 0.114272 0.594587 0.257765 0.0333678 8.13118e-06
 0.271514 0.381429 0.273466 0.0654739 0.0081164
 0.0483437 0.771015 0.123415 0.0455608 0.011665
 0.197615 0.317964 0.444832 0.0276885 0.0119011
 0.408329 0.412988 0.0980306 0.0743364 0.00631676
 0.123142 0.732368 0.114291 0.0168179 0.0133817
 0.439825 0.338541 0.203854 0.0142477 0.00353246
 0.257131 0.66981 0.0555176 0.0162044 0.00133697
 0.299517 0.56384 0.13069 0.00459538 0.00135766
 0.341858 0.55658 0.0925247 0.0086699 0.00036739
 0.181215 0.690378 0.118109 0.00942728 0.00087075
 0.168152 0.613389 0.203142 0.0141663 0.00115067
 0.272656 0.526521 0.173562 0.0254587 0.00180214
 0.271368 0.647762 0.0718488 0.00788744 0.00113374
 0.259026 0.702355 0.0378803 0.000667082 7.17029e-05
 0.311172 0.644743 0.0437014 0.00037642 6.28825e-06
 0.244167 0.660514 0.093101 0.00219988 1.77028e-05
 0.300278 0.571509 0.121584 0.00648572 0.000142999
 0.211274 0.652989 0.123572 0.0115724 0.000591925
 0.268069 0.529965 0.183328 0.017048 0.00159008
 0.29616 0.561449 0.121362 0.0191933 0.00183627
 0.232612 0.590744 0.155171 0.0184191 0.00305334
 0.282936 0.51785 0.171877 0.024148 0.00318905
 0.219216 0.617437 0.136805 0.0230576 0.00348398
 0.044794 0.695856 0.229258 0.0254142 0.00467788
pobs_RECLAS
 0 0 0 0 0
 0 0 0 0 0
 0 0 0 0 0
 0 0 0 0 0
 0.835266 0.146461 0.0176864 0.000547809 3.91292e-05
 0.385257 0.428462 0.181853 0.0044286 0
 0.867414 0.0963971 0.0333333 0.00285562 0
 0.441836 0.489002 0.0689373 0.000224442 0
 0.779404 0.147425 0.0564933 0.0165055 0.000172143
 0.814271 0.122319 0.05973 0.00367925 0
 0.40263 0.566651 0.0304383 0.000280538 0
 0.475488 0.404961 0.113038 0.00651328 0
 0.955842 0.0263864 0.0167828 0.000988607 0
 0.975058 0.0227948 0.00214734 0 0
 0.738997 0.206755 0.0527124 0.00153531 0
 0.850938 0.134255 0.0134407 0.00136685 0
 0.542534 0.407297 0.0501686 0 0
 0.764087 0.199537 0.0359546 0.000420521 0
 0.470689 0.182191 0.310203 0.0369168 0
 0.84361 0.089868 0.0606195 0.00523954 0.000663233
 0.607945 0.314616 0.071237 0.00620181 0
 0.523733 0.453247 0.0230204 0 0
 0.530135 0.295979 0.169645 0.0042399 0
 0.562478 0.366248 0.0663022 0.0049721 0
 0.250443 0.683176 0.0655157 0.000865301 0
ppred_RECLAS
 0.311159 0.482882 0.18128 0.0246726 6.10726e-06
 0.575879 0.237687 0.145312 0.0365234 0.0045987
 0.16388 0.705853 0.0877906 0.0337134 0.00876287
 0.475147 0.226551 0.272682 0.0178339 0.00778613
 0.698996 0.216124 0.0454399 0.0363058 0.00313419
 0.338612 0.568723 0.072502 0.0111526 0.00901122
 0.743464 0.165413 0.0834703 0.00611389 0.0015395
 0.558939 0.405165 0.0269863 0.00822072 0.0006887
 0.619534 0.319291 0.0583936 0.00213908 0.000641629
 0.648743 0.304596 0.0423267 0.0041555 0.000178838
 0.454317 0.475411 0.0644112 0.00535804 0.000502468
 0.429324 0.441846 0.119408 0.00870385 0.000717907
 0.610391 0.303781 0.0738171 0.0112059 0.00080506
 0.673238 0.306359 0.0181155 0.00199667 0.000290799
 0.652713 0.337396 0.00970092 0.000171521 1.86803e-05
 0.637391 0.344953 0.017497 0.000156201 2.64853e-06
 0.553578 0.401684 0.0436573 0.00107228 8.75958e-06
 0.612606 0.327568 0.0566 0.00315443 7.06236e-05
 0.48694 0.436432 0.0694545 0.0068189 0.000354237
 0.57562 0.322893 0.0917215 0.00892086 0.000844952
 0.591976 0.334178 0.0624538 0.010383 0.00100904
 0.513779 0.386298 0.0872152 0.0108766 0.00183142
 0.584557 0.312709 0.0880193 0.0129751 0.0017404
 0.498709 0.409096 0.0765803 0.0135375 0.00207752
 0.14529 0.6508 0.179205 0.0208137 0.00389085
pobs_PELACES
 0 0 0 0 0
 0 0 0 0 0
 0 0 0 0 0
 0 0 0 0 0
 0 0 0 0 0
 0 0 0 0 0
 0 0 0 0 0
 0 0 0 0 0
 0 0 0 0 0
 0 0 0 0 0
 0.450072 0.473896 0.0757376 0.000293798 0
 0 0 0 0 0
 0.463077 0.371075 0.160297 0.00555027 0
 0.529543 0.364841 0.0842815 0.0213345 0
 0.631943 0.363953 0.00410389 0 0
 0.735681 0.248677 0.0153453 0.000297389 0
 0.695825 0.281241 0.0229344 0 0
 0.275771 0.60734 0.115278 0.00161068 0
 0 0 0 0 0
 0.896147 0.0623911 0.0374545 0.00400742 0
 0.803859 0.145111 0.0509908 3.86294e-05 0
 0.739449 0.233085 0.0266225 0.000797448 4.60066e-05
 0.878498 0.100942 0.0204185 0.000141795 0
 0.694673 0.275183 0.0284847 0.00165964 0
 0.469039 0.446079 0.0841089 0.000773354 0
ppred_PELACES
 0.322754 0.478025 0.175094 0.0241205 5.9941e-06
 0.604116 0.227053 0.131305 0.0333156 0.00421072
 0.212096 0.683201 0.0705861 0.0270609 0.00705615
 0.497294 0.221611 0.256686 0.0169718 0.00743844
 0.685234 0.222908 0.0487652 0.0396543 0.00343776
 0.387588 0.535212 0.0603326 0.00931472 0.0075524
 0.774162 0.149941 0.0694773 0.00512415 0.00129499
 0.616977 0.355742 0.0204998 0.00625599 0.000525872
 0.684803 0.271242 0.0419554 0.00153669 0.000462447
 0.683425 0.277651 0.0352871 0.00348715 0.00015062
 0.523184 0.423618 0.0487594 0.00405701 0.000381712
 0.48505 0.409499 0.0977119 0.00714764 0.000591595
 0.70556 0.24103 0.0459758 0.00693401 0.000499612
 0.823696 0.169592 0.0059792 0.000639497 9.32905e-05
 0.807777 0.188923 0.00323874 5.55675e-05 6.06175e-06
 0.716419 0.272463 0.0110181 9.78514e-05 1.66413e-06
 0.63104 0.337964 0.0302487 0.000741145 6.07355e-06
 0.66487 0.28884 0.0437872 0.00244766 5.49886e-05
 0.522302 0.411012 0.0604011 0.00597395 0.000311484
 0.626209 0.292005 0.0738828 0.00721674 0.000685944
 0.605594 0.324545 0.0589728 0.00992049 0.000967874
 0.533329 0.373694 0.0810352 0.010215 0.00172667
 0.614326 0.294829 0.0777311 0.0115574 0.00155604
 0.531422 0.387246 0.0674586 0.0120212 0.00185169
 0.167068 0.647317 0.162986 0.019054 0.00357484
pobs_pel_tallas
 0 0 0 0 0 0 0 0 0 0 0 0 0 0 0 0 0 0 0 0 0 0 0 0 0 0 0 0 0 0 0 0 0 0 0 0
 0 0 0 0 0 0 0 0 0 0 0 0 0 0 0 0 0 0 0 0 0 0 0 0 0 0 0 0 0 0 0 0 0 0 0 0
 0 0 0 0 0 0 0 0 0 0 0 0 0 0 0 0 0 0 0 0 0 0 0 0 0 0 0 0 0 0 0 0 0 0 0 0
 0 0 0 0 0 0 0 0 0 0 0 0 0 0 0 0 0 0 0 0 0 0 0 0 0 0 0 0 0 0 0 0 0 0 0 0
 0 0 0 0 0 0 0 0 0 0 0 0 0 0 0 0 0 0 0 0 0 0 0 0 0 0 0 0 0 0 0 0 0 0 0 0
 0 0 0 0 0 0 0 0 0 0 0 0 0 0 0 0 0 0 0 0 0 0 0 0 0 0 0 0 0 0 0 0 0 0 0 0
 0 0 0 0 0 0 0 0 0 0 0 0 0 0 0 0 0 0 0 0 0 0 0 0 0 0 0 0 0 0 0 0 0 0 0 0
 0 0 0 0 0 0 0 0 0 0 0 0 0 0 0 0 0 0 0 0 0 0 0 0 0 0 0 0 0 0 0 0 0 0 0 0
 0 0 0 0 0 0 0 0 0 0 0 0 0 0 0 0 0 0 0 0 0 0 0 0 0 0 0 0 0 0 0 0 0 0 0 0
 0 0 0 0 0 0 0 0 0 0 0 0 0 0 0 0 0 0 0 0 0 0 0 0 0 0 0 0 0 0 0 0 0 0 0 0
 0 0 0 0 0 0 0 0 1.78061e-05 0.00172719 0.00360574 0.0105946 0.0120993 0.0124554 0.0147524 0.0171206 0.0266825 0.0428682 0.0675386 0.121331 0.153587 0.119568 0.100827 0.0573624 0.0630603 0.0341343 0.0324427 0.0444173 0.0211091 0.0280891 0.0125444 0.00206551 0 0 0 0
 0 0 0 0 0 0 0 0 0 0 0 0 0 0 0 0 0 0 0 0 0 0 0 0 0 0 0 0 0 0 0 0 0 0 0 0
 0 0 0 0 0 0 0.0133647 0.0140871 0.0187388 0.0205184 0.03894 0.0496705 0.03968 0.0493445 0.0407372 0.0367815 0.0215668 0.0243155 0.0234873 0.0199281 0.019796 0.0243948 0.0301388 0.0376714 0.0412746 0.0863199 0.0771752 0.113111 0.0741005 0.0525337 0.0229764 0.00759418 0.00175318 0 0 0
 0 0 0 0 0 0 0 0 0 0 0.00219441 0.00772107 0.0458388 0.0604681 0.0671733 0.0775358 0.0609151 0.0617685 0.073594 0.0568108 0.0755445 0.0548602 0.0670107 0.0636378 0.0643287 0.046367 0.0373049 0.0286899 0.0247887 0.0153202 0.00654259 0.00121912 0.000365735 0 0 0
 0 0 0 0 0 0 0 0 0 0 0 0 0.000112435 0.00938835 0.0111873 0.0202946 0.0414886 0.0713402 0.111592 0.104902 0.108894 0.110636 0.117776 0.105296 0.107544 0.0401394 0.0192827 0.0124803 0.00416011 0.0028671 0.000618394 0 0 0 0 0
 0 0 0 0 0 0 0 0 0 0 0.00291406 0.0102884 0.027416 0.0768956 0.0749926 0.110853 0.0956884 0.0897413 0.0766577 0.0534642 0.0500743 0.0551293 0.0594112 0.0620874 0.0668451 0.0424026 0.0208742 0.0120726 0.0048766 0.00582813 0.00118941 0.000297354 0 0 0 0
 0 0.00264628 0.0354308 0.0461629 0.0458689 0.0383711 0.0214643 0.0164657 0.0346957 0.0420465 0.0363128 0.0245516 0.0311673 0.0291091 0.0169068 0.0133784 0.00837989 0.0085269 0.0148486 0.0160247 0.0276389 0.0546898 0.0760071 0.122758 0.109233 0.0665981 0.0333725 0.0166128 0.00676272 0.00308733 0.000882094 0 0 0 0 0
 0 0 0 0 0 0 0 0.000805153 0.000690131 0.00759144 0.0133425 0.0154129 0.00931677 0.000345066 0.00356568 0.00563607 0.00851162 0.0253048 0.0502646 0.0516448 0.0657925 0.0565908 0.0611916 0.0827007 0.0866115 0.110766 0.145733 0.0935128 0.0569358 0.0249597 0.0138026 0.00621118 0.00161031 0.00115022 0 0
 0 0 0 0 0 0 0 0 0 0 0 0 0 0 0 0 0 0 0 0 0 0 0 0 0 0 0 0 0 0 0 0 0 0 0 0
 0.00147267 0.00158595 0.00478618 0.00569244 0.00954404 0.0108468 0.00647125 0.017049 0.0510054 0.094081 0.124002 0.0959785 0.0687766 0.0820023 0.061753 0.0591476 0.0492212 0.0479892 0.0443925 0.0268479 0.0217502 0.0140895 0.0121071 0.0120363 0.00920419 0.00665534 0.0049561 0.00860946 0.00930331 0.0156896 0.0114698 0.00855282 0.00243557 0.00046729 0 2.83206e-05
 0 0 0 0 0.000772559 0.00158375 0.000888443 0.00281984 0.00712685 0.0440552 0.0773331 0.111326 0.0921469 0.0852325 0.0710754 0.0886704 0.0786465 0.0553345 0.0373146 0.0185414 0.00753245 0.00457741 0.012979 0.0271748 0.0457355 0.0583668 0.034881 0.0177882 0.00938659 0.00492506 0.0015258 0.00185414 0.000309023 5.79419e-05 3.86279e-05 0
 0 0.00173294 0.00326652 0 0.00397197 0.00683976 0.00946217 0.0152591 0.00757587 0.0136028 0.0228656 0.0392903 0.0559909 0.0764795 0.0681675 0.0726916 0.0566044 0.0477403 0.0527397 0.0444891 0.0609904 0.0582453 0.0661739 0.0445044 0.0529084 0.0360697 0.0280645 0.0235558 0.0158879 0.00826598 0.00280645 0.00217768 0.000904811 0.00058276 9.20147e-05 0
 0 0 0 0 0 0 0 0 0 0 0 0 0 0 0 0 0 0 0 0 0 0 0 0 0 0 0 0 0 0 0 0 0 0 0 0
 0 0 0 0 0 0 0 0 0 0 0 0 0 0 0 0 0 0 0 0 0 0 0 0 0 0 0 0 0 0 0 0 0 0 0 0
 0 0 0 0 0 0 0 0 0 0 0 0 0 0 0 0 0 0 0 0 0 0 0 0 0 0 0 0 0 0 0 0 0 0 0 0
ppred_pel_tallas
 1.03471e-16 1.4106e-05 8.27312e-05 0.000393142 0.00151341 0.00471923 0.0119209 0.024395 0.0404499 0.0543611 0.0592559 0.0525064 0.0381063 0.0232903 0.0132705 0.00920375 0.00974565 0.0132295 0.0185756 0.0251521 0.0324069 0.0396777 0.0461989 0.0512257 0.0541897 0.0548228 0.0532058 0.0497235 0.0449503 0.039505 0.0339265 0.0286005 0.0237463 0.0194478 0.0157052 0.0124816
 1.0328e-16 2.63644e-05 0.000154722 0.000735447 0.00283146 0.00882958 0.0223029 0.0456355 0.0756489 0.101603 0.110588 0.0976036 0.0699917 0.0410984 0.020417 0.00980303 0.00643197 0.00696052 0.00933284 0.0126165 0.016366 0.0202325 0.0238505 0.0268602 0.0289734 0.0300292 0.0300186 0.0290672 0.027388 0.0252212 0.0227828 0.0202365 0.0176904 0.0152107 0.0128414 0.0106192
 1.02485e-16 9.28882e-06 5.44318e-05 0.000258563 0.000995176 0.0031031 0.0078389 0.0160445 0.0266146 0.0358004 0.03911 0.0348596 0.0257429 0.0166159 0.0110385 0.00992724 0.0125478 0.0179014 0.0252653 0.034051 0.0435396 0.0527817 0.0606831 0.0662079 0.0686128 0.0676248 0.0635032 0.0569593 0.0489697 0.0405435 0.0325231 0.0254657 0.019624 0.0150009 0.0114441 0.00873785
 1.04647e-16 2.17066e-05 0.000127376 0.00060544 0.0023309 0.0072686 0.01836 0.0375681 0.0622772 0.0836487 0.0910584 0.0803964 0.0577175 0.0340236 0.0171525 0.00866138 0.00626065 0.0072349 0.00992363 0.0135785 0.017832 0.0223709 0.0268418 0.0308728 0.0341343 0.0363936 0.0375449 0.037604 0.0366774 0.0349209 0.0325036 0.029588 0.0263272 0.0228687 0.0193598 0.0159447
 1.02289e-16 2.99012e-05 0.000175487 0.000834166 0.00321156 0.0100149 0.0252969 0.0517614 0.0858023 0.115236 0.125416 0.110663 0.0792989 0.0464458 0.0228521 0.0105973 0.00644875 0.0065858 0.00865469 0.0115891 0.014894 0.0182062 0.0211635 0.0234259 0.0247405 0.0249968 0.0242472 0.0226828 0.0205771 0.0182159 0.0158384 0.0136044 0.0115908 0.00981058 0.00824118 0.00685016
 1.01704e-16 1.69351e-05 9.93359e-05 0.000472072 0.00181729 0.00566688 0.0143146 0.0292931 0.0485699 0.0652685 0.0711317 0.0629967 0.045648 0.0277557 0.0155535 0.0103976 0.0106344 0.0142218 0.0198281 0.0266727 0.0340934 0.0413218 0.0474947 0.0517983 0.0536489 0.0528312 0.0495486 0.0443597 0.0380325 0.0313624 0.0250148 0.0194325 0.0148187 0.0111801 0.00839875 0.0063051
 1.01272e-16 3.3776e-05 0.000198242 0.000942361 0.00362815 0.0113141 0.0285784 0.058475 0.0969281 0.130169 0.141644 0.124925 0.0893921 0.0521032 0.0251626 0.0108744 0.00554224 0.00481911 0.00604398 0.00805343 0.0103789 0.0127442 0.0148965 0.016598 0.0176648 0.0180043 0.0176309 0.0166533 0.0152399 0.013576 0.0118256 0.0101097 0.00850232 0.00703883 0.00573084 0.00457894
 1.00647e-16 2.69302e-05 0.000158032 0.000751159 0.00289191 0.00901807 0.0227792 0.0466109 0.077269 0.103789 0.112993 0.0997862 0.0716884 0.0423581 0.0215277 0.0111322 0.00831981 0.00968531 0.0130967 0.0175125 0.0223278 0.0269901 0.0309174 0.0335701 0.034567 0.0337774 0.031353 0.0276843 0.0233015 0.0187498 0.0144829 0.0107995 0.00783072 0.00557026 0.00392391 0.0027605
 1.00759e-16 2.98844e-05 0.000175384 0.000833666 0.00320961 0.0100088 0.0252816 0.0517305 0.0857524 0.115173 0.125358 0.110638 0.0793354 0.0465777 0.0231217 0.0110636 0.00718838 0.00768524 0.0101932 0.0136153 0.0174006 0.0211089 0.0242925 0.0265348 0.0275353 0.0271788 0.0255612 0.0229589 0.0197555 0.0163513 0.0130842 0.0101829 0.00775772 0.0058209 0.00432213 0.00318342
 1.00719e-16 2.98245e-05 0.000175032 0.000831991 0.00320316 0.00998871 0.0252308 0.0516266 0.0855803 0.114943 0.125108 0.110421 0.0791877 0.0465063 0.0231146 0.0111067 0.00727657 0.00782173 0.0103847 0.0138663 0.017709 0.0214631 0.0246708 0.0269071 0.0278671 0.0274374 0.0257215 0.0230082 0.0196955 0.0161973 0.0128612 0.00992049 0.00748499 0.00556226 0.00409474 0.00299659
 1.00988e-16 2.28432e-05 0.000134032 0.000637043 0.00245251 0.00764781 0.0193181 0.0395298 0.065534 0.0880377 0.0958745 0.0847393 0.0610325 0.0363718 0.0190575 0.0107867 0.00919622 0.0114383 0.01571 0.0210807 0.0269285 0.032621 0.037469 0.0408263 0.04223 0.0415102 0.0388295 0.0346335 0.0295348 0.0241691 0.0190698 0.0145938 0.0109072 0.00801858 0.00583554 0.00422201
 1.01794e-16 2.11799e-05 0.000124268 0.000590626 0.0022738 0.0070905 0.0179104 0.0366494 0.0607595 0.0816258 0.0888974 0.0785858 0.0566294 0.0338064 0.017822 0.0102625 0.00895194 0.011265 0.0155423 0.0209271 0.0268395 0.0326789 0.0377819 0.0415163 0.0434155 0.0432837 0.0412368 0.0376585 0.033095 0.0281233 0.0232359 0.0187737 0.0149126 0.0116927 0.00906757 0.00695258
 1.00993e-16 3.07882e-05 0.000180693 0.000858913 0.00330683 0.010312 0.0260474 0.0532971 0.0883482 0.118656 0.12914 0.113954 0.0816676 0.0478539 0.0235829 0.010998 0.0067717 0.00696817 0.00915688 0.0122267 0.0156481 0.0190223 0.021951 0.0240631 0.025088 0.0249171 0.0236267 0.0214513 0.0187202 0.0157787 0.012919 0.0103403 0.0081411 0.00633704 0.00489173 0.00374633
 1.00167e-16 3.59365e-05 0.000210925 0.00100265 0.00386029 0.012038 0.030407 0.0622165 0.10313 0.138498 0.150707 0.132919 0.0951139 0.05544 0.0267753 0.0115684 0.00588019 0.0050749 0.00630482 0.00830989 0.0105654 0.0127515 0.0145799 0.0157922 0.016208 0.0157677 0.0145475 0.0127384 0.0105981 0.00839126 0.00633769 0.00458146 0.00318504 0.00214332 0.0014078 0.000911403
 1.0011e-16 3.52432e-05 0.000206852 0.000983289 0.00378573 0.0118054 0.0298196 0.0610149 0.101139 0.135826 0.147805 0.130372 0.0933184 0.0544485 0.0263992 0.0115812 0.00614077 0.00553731 0.00697712 0.00921358 0.01171 0.0141207 0.0161266 0.0174404 0.0178625 0.0173288 0.0159272 0.0138739 0.0114594 0.0089816 0.00668721 0.0047374 0.00320098 0.00207019 0.00128801 0.000776338
 1.00249e-16 3.12629e-05 0.000183477 0.000872144 0.00335776 0.0104708 0.0264486 0.0541182 0.0897099 0.120487 0.131138 0.11573 0.0829682 0.0486716 0.0240881 0.011402 0.00724033 0.00760683 0.0100239 0.0133409 0.0169839 0.0205027 0.0234457 0.0253989 0.0260722 0.0253692 0.0234117 0.0205058 0.0170651 0.0135147 0.0102079 0.00737698 0.00512318 0.00343938 0.00224872 0.00144421
 1.00566e-16 2.75427e-05 0.00016163 0.000768266 0.00295778 0.00922349 0.023298 0.0476724 0.0790279 0.106149 0.115557 0.102036 0.0732741 0.0432333 0.0218588 0.0111193 0.00808775 0.00927523 0.0125027 0.0167176 0.0213265 0.0258004 0.0295847 0.0321643 0.033173 0.0324811 0.0302262 0.0267729 0.0226195 0.0182813 0.0141895 0.0106312 0.00773715 0.00550913 0.00386576 0.00268947
 1.00803e-16 2.90159e-05 0.000170283 0.000809415 0.00311623 0.00971763 0.0245461 0.0502257 0.0832586 0.111826 0.121721 0.107442 0.077076 0.0453152 0.0226139 0.0110185 0.00741882 0.00812276 0.0108384 0.0144902 0.0185197 0.022465 0.0258506 0.0282331 0.0292929 0.0289078 0.0271804 0.0244055 0.020992 0.0173665 0.0138889 0.0108025 0.00822448 0.00616738 0.00457704 0.00336993
 1.01212e-16 2.28043e-05 0.000133804 0.000635964 0.00244836 0.00763486 0.0192854 0.0394628 0.0654226 0.0878871 0.0957081 0.0845865 0.0609098 0.0362736 0.0189607 0.0106613 0.00901318 0.0111725 0.0153425 0.0206027 0.0263466 0.0319614 0.0367791 0.0401708 0.0416824 0.0411406 0.0386921 0.0347564 0.0299152 0.0247746 0.0198455 0.0154721 0.0118194 0.00890364 0.00664657 0.00492886
 1.01424e-16 2.73303e-05 0.000160387 0.000762365 0.00293508 0.00915271 0.0231192 0.0473061 0.0784196 0.105329 0.114655 0.101219 0.0726413 0.0427686 0.0214566 0.010645 0.00741807 0.00831064 0.011172 0.0149891 0.0192258 0.0234256 0.0271104 0.0298286 0.0312454 0.0312185 0.0298262 0.0273371 0.0241354 0.0206277 0.0171616 0.0139784 0.011204 0.00886914 0.00694469 0.00537511
 1.0133e-16 2.64326e-05 0.000155114 0.000737291 0.00283852 0.0088516 0.0223586 0.0457502 0.0758416 0.10187 0.110899 0.0979262 0.0703283 0.0415072 0.0210091 0.0107273 0.00785792 0.00905971 0.0122498 0.0164272 0.0210311 0.0255606 0.0294858 0.0323087 0.0336662 0.0334136 0.0316558 0.0287107 0.0250236 0.0210608 0.0172162 0.0137575 0.0108159 0.00841041 0.00648969 0.00497219
 1.01704e-16 2.32836e-05 0.000136622 0.000649366 0.00249998 0.00779583 0.0196919 0.0402943 0.0668 0.0897335 0.0977085 0.0863302 0.0621126 0.0368844 0.0190874 0.0104302 0.00848455 0.0103382 0.0141622 0.0190431 0.0244108 0.0297075 0.0343267 0.0376932 0.039384 0.039225 0.0373265 0.0340433 0.0298777 0.0253577 0.0209324 0.0169096 0.0134449 0.0105687 0.00823239 0.00635348
 1.0167e-16 2.68123e-05 0.000157345 0.000747905 0.0028794 0.00897908 0.0226806 0.0464088 0.0769324 0.103332 0.112483 0.0993071 0.0712809 0.0419908 0.0211096 0.0105445 0.0074398 0.00840012 0.0113174 0.0151964 0.0195054 0.023787 0.0275602 0.0303687 0.0318738 0.0319287 0.0306084 0.0281783 0.0250202 0.0215383 0.0180782 0.0148801 0.0120696 0.0096789 0.00768196 0.00602765
 1.01584e-16 2.3201e-05 0.000136136 0.000647052 0.00249106 0.00776803 0.0196217 0.0401508 0.0665623 0.0894155 0.0973654 0.0860345 0.0619162 0.0368003 0.0191034 0.0105328 0.0086737 0.010626 0.0145644 0.0195693 0.0250557 0.0304458 0.035111 0.0384582 0.0400553 0.0397316 0.0376142 0.0340844 0.0296758 0.0249459 0.0203654 0.016253 0.0127637 0.00991821 0.00765268 0.00586745
 1.03347e-16 7.32422e-06 4.29005e-05 0.000203748 0.000784134 0.00244498 0.00617651 0.0126429 0.0209756 0.0282261 0.0308643 0.0275783 0.0205135 0.0135302 0.00948055 0.00914455 0.0120047 0.0173241 0.0245556 0.0332117 0.0426461 0.0519758 0.0601657 0.0662181 0.0693925 0.0693729 0.0663319 0.0608629 0.0538151 0.0460861 0.0384431 0.0314174 0.0252848 0.0201121 0.0158344 0.0123295
pSPR Fmed_Fpbrs
0.363418   0.6 0.325
Fs Fmed_Fpbrs
1.43063   0.486342 1.75167
SSBpbr Bo_Bmed_Bpbrs
732625  229618  402944 201472
Ro
22925.4
SPR SPRFo_SPRFmed_SPRFpbrs
471410 171319 153208
log_Ro
9.86
likeval ReclasPelacesDesembMPH_pf_preclas_ppelaces_ptallas_desvR_qrecl_qpela
 74.4879 13.1651 0.14182 0.0001603 323.11 190.285 80.4555 0 25.4891 3.86129e-05 0.000372396 8.45745e-14 0 0 0
q_reclas_q_pelaces
2.4122 15.5718
M
0.7
N
 20727.8 16031.5 4888.05 618.857 0.150627
 44021.4 9722.75 5059.65 1187.75 147.084
 6513.59 20230.7 2607.76 951.206 243.385
 11200.4 2747.21 2742.28 167.136 71.7577
 39162.6 5206.09 806.428 594.39 50.4319
 18267.6 19167.5 2303.66 333.869 265.44
 62994.2 8029.4 3607.69 247.755 61.3693
 59623.6 28387.4 1842.44 530.3 43.7212
 72440.3 25832.2 4764.55 165.395 48.8313
 113898 30918.3 3848.67 354.448 15.0061
 71430.3 51191.5 6947.57 547.35 50.5211
 47396.8 30577.3 7807.96 536.33 43.5289
 50926.2 20812.6 5710.59 829.49 58.6867
 29446.1 20690.8 2095.71 229.042 32.9149
 12498.2 9975.87 491.313 8.61373 0.925652
 9872.86 4234.18 236.882 2.01938 0.0337162
 7591.93 4052.53 462.53 10.8027 0.0868779
 9360.79 3183.69 524.81 27.5854 0.607738
 8075.62 4093.24 575.073 52.8965 2.70307
 10599.2 3652.74 967.479 88.5726 8.25441
 16506.2 4681.27 714.322 110.521 10.5614
 19883.9 7724.67 1450.58 168.624 27.9219
 31525 9230.57 2244.79 309.455 40.8264
 31582.6 14394 2351.08 388.994 58.719
 5541.45 14358.4 3542.91 386.014 70.9869
pred_Ctot
 828.743 4312.19 1869.42 241.996 0.0589705
 2370.65 3330.35 2387.7 571.669 70.8663
 712.452 11362.6 1818.8 671.439 171.91
 517.352 832.422 1164.56 72.488 31.1568
 405.931 410.563 97.455 73.8999 6.27967
 1519.72 9038.34 1410.5 207.554 165.147
 4215.61 3244.82 1953.89 136.56 33.8577
 5511.71 14357.6 1190.04 347.347 28.6586
 7384.28 13900.9 3222.03 113.294 33.4717
 7819.9 12731.6 2116.47 198.321 8.40394
 7148.48 27233.8 4659.13 371.884 34.349
 3973 14492.8 4799.73 334.715 27.1873
 6736.99 13009.7 4288.49 629.052 44.5286
 6878.52 16419.2 1821.19 199.927 28.7377
 2919.53 7916.36 426.955 7.5188 0.808176
 1244.84 2579.29 174.827 1.50586 0.0251561
 857.482 2319.63 326.958 7.72566 0.0621696
 809.962 1541.57 327.956 17.4944 0.385721
 520.533 1608.82 304.454 28.5118 1.45837
 848.764 1677.99 580.455 53.9777 5.03454
 685.97 1300.44 281.101 44.456 4.25319
 935.542 2375.91 624.082 74.0797 12.2802
 1834.9 3358.38 1114.66 156.605 20.6817
 1928.85 5432.75 1203.73 202.881 30.655
 380.995 5918.59 1949.95 216.16 39.7876
F
 0.057007 0.453257 0.714733 0.737113 0.73833
 0.0774724 0.615976 0.971322 1.00174 1.00339
 0.163304 1.29841 2.04744 2.11155 2.11504
 0.0661216 0.525727 0.829009 0.854968 0.85638
 0.0145056 0.115332 0.181866 0.18756 0.18787
 0.122018 0.970151 1.52981 1.57772 1.58032
 0.097098 0.772017 1.21738 1.2555 1.25757
 0.13643 1.08474 1.71051 1.76407 1.76698
 0.151416 1.20389 1.8984 1.95784 1.96107
 0.0997313 0.792955 1.2504 1.28955 1.29168
 0.148465 1.18043 1.8614 1.91968 1.92285
 0.122997 0.977935 1.54209 1.59038 1.593
 0.200689 1.59566 2.51617 2.59496 2.59925
 0.382392 3.04036 4.79429 4.94442 4.95258
 0.382392 3.04036 4.79429 4.94442 4.95258
 0.190448 1.51423 2.38777 2.46253 2.4666
 0.169045 1.34406 2.11943 2.18579 2.1894
 0.127193 1.0113 1.5947 1.64463 1.64735
 0.0933728 0.742399 1.17068 1.20733 1.20933
 0.117206 0.931898 1.46949 1.51551 1.51801
 0.0593143 0.471602 0.743661 0.766947 0.768213
 0.0673897 0.535809 0.844908 0.871364 0.872803
 0.0839711 0.667647 1.0528 1.08577 1.08756
 0.0882746 0.701863 1.10675 1.14141 1.14329
 0.0998782 0.794122 1.25224 1.29145 1.29358
YTP_r0W_actual
 4267.14 130209 64348.3 8884.17 1702.91
YTP_p0W_proyectada
 3346.08 10062.7 27891 5821.12 792.708
 3346.08 28645.6 7940.19 11567.9 2656.52
CTP_r0_actual
 380.995 5918.59 1949.95 216.16 39.7876
CTP_p0_proyectada
 393.656 470.221 893.943 143.025 17.0475
 393.656 1338.58 254.493 284.225 57.1295
Wmedp
 8.5 21.4 31.2 40.7 46.5
nmprior
 10.6 11 7 0
nm_flota  nm_reclas  nm_pelaces    nm_pelaL
inf 24.6487 10.1365 20.3074
cv_recla  cv_pelaces  cv_mph
0.78067 0.411419 0.410775
 ------------------------------------------------
Talla a la edad & desviaci?n 
 7.2 14.2025 17.0495 18.207 18.6776
 1.08 2.13037 2.55742 2.73105 2.80164
