years
 1997 1998 1999 2000 2001 2002 2003 2004 2005 2006 2007 2008 2009 2010 2011 2012 2013 2014 2015 2016 2017 2018 2019 2020 2021
reclasobs
 0 0 0 370054 412103 1.49427e+06 250295 1.28982e+06 931140 785840 897777 1.04006e+06 184774 17550 25797 100020 73551 82996 120727 218422 84188 347160 605670 569463 516374
reclaspred
 800335 175194 353532 172777 301752 374330 813887 627912 706071 856706 827725 606849 358686 140023 78987 73483.5 81566.7 108458 120768 139224 215359 213772 348979 399006 418339
pelacesobs
 0 0 0 0 0 0 0 0 0 2.06254e+06 1.5e+06 0 1.87456e+06 323000 250000 174000 83755 137374 0 501740 490994 745055 786931 1.00524e+06 1.33801e+06
pelacespred
 2.5978e+06 710866 580534 593416 951345 837530 2.32324e+06 1.93906e+06 2.01361e+06 2.55707e+06 2.10178e+06 1.63459e+06 925935 278239 158816 162764 187597 269011 304732 335081 632017 618731 746009 1.00785e+06 1.02353e+06
mphobs
 0 0 0 0 0 112323 0 153150 637223 0 255016 313432 73983 77613 109348 50772 0 0 0 0 0 0 0 0 0
mphpred
 264643 124737 121635 76946.7 82893.3 160124 203042 299606 270029 309602 379728 275215 174272 91417.6 41696.4 31058 30364.7 37561.6 47573.1 48629.3 68352.2 87947.5 104894 140117 170448
desembarqueobs
 350755 77701 442110 56441 14545 235359 269955 359681 431902 328805 639364 411747 362871 311530 167758 66681 60226 58785 57116 73181 50977 67692 138656 160484 209506
desembarquepred
 350739 77676.8 441790 56436 14544.9 235376 269996 359400 431697 328667 638696 411382 362487 311216 167370 66638.2 60226.3 58740.9 57065.4 73141.2 50973.7 67657.4 138615 160457 209471
Reclutas
 27355.4 41102.6 11254.2 16914.2 40869.7 23526.4 63920.5 61804 79748.7 114393 69348.5 48211.6 49017.7 27632.5 13109.3 10564.8 7996.07 9534.55 8840.42 12462.2 18145.1 21981.3 34070.1 36539 10543.7
log_desv_Rt
 0.0566693 0.463826 -0.831503 -0.424094 0.458145 -0.0941198 0.905396 0.871724 1.12664 1.48739 0.986899 0.623354 0.639937 0.0667474 -0.678922 -0.894716 -1.17329 -0.997323 -1.07291 -0.729542 -0.353845 -0.162054 0.276176 0.346137 -0.896715
SSB
 464013 218709 213269 134915 145341 280753 356006 525316 473457 542841 665799 482549 305560 160287 73108.5 54455.7 53240 65858.9 83412.6 85264.3 119846 154203 183916 245674 298855
BT
 1.31769e+06 343604 448721 251303 353296 422254 1.19103e+06 1.10634e+06 1.21826e+06 1.30048e+06 1.30532e+06 926185 712556 403130 207691 117510 121628 150114 145147 178744 271849 244041 331001 463385 447661
Ftot
 0.971988 1.13216 2.31862 0.749019 0.138062 1.24957 0.910531 1.48388 1.64226 1.08456 1.70529 1.43067 2.29979 4.58117 4.95303 2.26767 1.88564 1.39282 1.06588 1.25744 0.608338 0.704425 0.878914 0.93336 0.956181
BD_Bspro_t
 0.909901 0.608382 0.494141 0.241353 0.366701 0.579733 0.49212 0.548564 0.481452 0.470162 0.485067 0.340647 0.247601 0.162647 0.0916879 0.0849706 0.114175 0.186304 0.271989 0.326995 0.436832 0.565022 0.565776 0.560749 0.536606
BD_Bspro
 0.873003 0.411482 0.401249 0.253831 0.273448 0.528215 0.669795 0.98834 0.89077 1.02131 1.25265 0.907877 0.574886 0.301568 0.137548 0.102454 0.100167 0.123908 0.156934 0.160418 0.22548 0.290121 0.346022 0.462216 0.562272
BD_Bo
 0.621814 0.293087 0.285798 0.180796 0.194769 0.376231 0.477075 0.703965 0.634469 0.72745 0.892222 0.646653 0.409474 0.214798 0.0979711 0.0729749 0.0713458 0.0882561 0.111779 0.114261 0.160603 0.206644 0.246461 0.329223 0.40049
BD_Brms
 1.13057 0.532885 0.519632 0.328721 0.354125 0.684057 0.867409 1.27994 1.15358 1.32264 1.62222 1.17573 0.744498 0.390541 0.178129 0.132682 0.12972 0.160466 0.203235 0.207747 0.292005 0.375717 0.448112 0.598587 0.728163
S_f
 0.0753447 0.607566 0.967122 0.998214 0.999906
 0.0753447 0.607566 0.967122 0.998214 0.999906
 0.0753447 0.607566 0.967122 0.998214 0.999906
 0.0753447 0.607566 0.967122 0.998214 0.999906
 0.0753447 0.607566 0.967122 0.998214 0.999906
 0.0753447 0.607566 0.967122 0.998214 0.999906
 0.0753447 0.607566 0.967122 0.998214 0.999906
 0.0753447 0.607566 0.967122 0.998214 0.999906
 0.0753447 0.607566 0.967122 0.998214 0.999906
 0.0753447 0.607566 0.967122 0.998214 0.999906
 0.0753447 0.607566 0.967122 0.998214 0.999906
 0.0753447 0.607566 0.967122 0.998214 0.999906
 0.0753447 0.607566 0.967122 0.998214 0.999906
 0.0753447 0.607566 0.967122 0.998214 0.999906
 0.0753447 0.607566 0.967122 0.998214 0.999906
 0.0753447 0.607566 0.967122 0.998214 0.999906
 0.0753447 0.607566 0.967122 0.998214 0.999906
 0.0753447 0.607566 0.967122 0.998214 0.999906
 0.0753447 0.607566 0.967122 0.998214 0.999906
 0.0753447 0.607566 0.967122 0.998214 0.999906
 0.0753447 0.607566 0.967122 0.998214 0.999906
 0.0753447 0.607566 0.967122 0.998214 0.999906
 0.0753447 0.607566 0.967122 0.998214 0.999906
 0.0753447 0.607566 0.967122 0.998214 0.999906
 0.0753447 0.607566 0.967122 0.998214 0.999906
Scru_reclas
 0.369066 0.74644 0.93677 0.986765 0.997342
 0.369066 0.74644 0.93677 0.986765 0.997342
 0.369066 0.74644 0.93677 0.986765 0.997342
 0.369066 0.74644 0.93677 0.986765 0.997342
 0.369066 0.74644 0.93677 0.986765 0.997342
 0.369066 0.74644 0.93677 0.986765 0.997342
 0.369066 0.74644 0.93677 0.986765 0.997342
 0.369066 0.74644 0.93677 0.986765 0.997342
 0.369066 0.74644 0.93677 0.986765 0.997342
 0.369066 0.74644 0.93677 0.986765 0.997342
 0.369066 0.74644 0.93677 0.986765 0.997342
 0.369066 0.74644 0.93677 0.986765 0.997342
 0.369066 0.74644 0.93677 0.986765 0.997342
 0.369066 0.74644 0.93677 0.986765 0.997342
 0.369066 0.74644 0.93677 0.986765 0.997342
 0.369066 0.74644 0.93677 0.986765 0.997342
 0.369066 0.74644 0.93677 0.986765 0.997342
 0.369066 0.74644 0.93677 0.986765 0.997342
 0.369066 0.74644 0.93677 0.986765 0.997342
 0.369066 0.74644 0.93677 0.986765 0.997342
 0.369066 0.74644 0.93677 0.986765 0.997342
 0.369066 0.74644 0.93677 0.986765 0.997342
 0.369066 0.74644 0.93677 0.986765 0.997342
 0.369066 0.74644 0.93677 0.986765 0.997342
 0.369066 0.74644 0.93677 0.986765 0.997342
Scru_pelaces
 0.339951 0.721604 0.928798 0.984996 0.996982
 0.339951 0.721604 0.928798 0.984996 0.996982
 0.339951 0.721604 0.928798 0.984996 0.996982
 0.339951 0.721604 0.928798 0.984996 0.996982
 0.339951 0.721604 0.928798 0.984996 0.996982
 0.339951 0.721604 0.928798 0.984996 0.996982
 0.339951 0.721604 0.928798 0.984996 0.996982
 0.339951 0.721604 0.928798 0.984996 0.996982
 0.339951 0.721604 0.928798 0.984996 0.996982
 0.339951 0.721604 0.928798 0.984996 0.996982
 0.339951 0.721604 0.928798 0.984996 0.996982
 0.339951 0.721604 0.928798 0.984996 0.996982
 0.339951 0.721604 0.928798 0.984996 0.996982
 0.339951 0.721604 0.928798 0.984996 0.996982
 0.339951 0.721604 0.928798 0.984996 0.996982
 0.339951 0.721604 0.928798 0.984996 0.996982
 0.339951 0.721604 0.928798 0.984996 0.996982
 0.339951 0.721604 0.928798 0.984996 0.996982
 0.339951 0.721604 0.928798 0.984996 0.996982
 0.339951 0.721604 0.928798 0.984996 0.996982
 0.339951 0.721604 0.928798 0.984996 0.996982
 0.339951 0.721604 0.928798 0.984996 0.996982
 0.339951 0.721604 0.928798 0.984996 0.996982
 0.339951 0.721604 0.928798 0.984996 0.996982
 0.339951 0.721604 0.928798 0.984996 0.996982
pf_obs 
 0.256992 0.487395 0.22802 0.0275931 0
 0.321318 0.546541 0.124235 0.00734118 0.000564706
 0.182869 0.594174 0.210203 0.0122559 0.00049798
 0.330522 0.361315 0.267642 0.0388342 0.00168674
 0.649043 0.306663 0.0425973 0.00169635 0
 0.582887 0.30429 0.105238 0.00758474 0
 0.465427 0.430635 0.0974691 0.00646863 0
 0.296916 0.608066 0.0921331 0.00288517 0
 0.311714 0.524322 0.152257 0.0117073 0
 0.15457 0.633149 0.183074 0.0267441 0.00246327
 0.131901 0.49318 0.331252 0.0422183 0.00144891
 0.196976 0.569456 0.194076 0.0375587 0.00193317
 0.518974 0.381816 0.0799577 0.0180837 0.00116848
 0.0928022 0.601141 0.25162 0.0475244 0.00691264
 0.122501 0.610282 0.24278 0.0234846 0.000952079
 0.383417 0.481906 0.127806 0.00687128 0
 0.0376549 0.599619 0.316969 0.0457579 0
 0.0361596 0.667082 0.258105 0.0386534 0
 0.158088 0.579412 0.248529 0.0139706 0
 0.0477256 0.309471 0.559284 0.082774 0.000745712
 0.0406174 0.521527 0.379366 0.0568643 0.0016247
 0.151134 0.462217 0.34131 0.0453401 0
 0.294876 0.26143 0.354403 0.0886775 0.000613685
 0.281977 0.475581 0.204845 0.0348837 0.00271318
 0.0841818 0.532909 0.334909 0.0458182 0.00218182
pf_pred 
 0.183256 0.5508 0.236322 0.0296123 1.0529e-05
 0.26028 0.503163 0.189582 0.0419687 0.00500555
 0.0867446 0.728184 0.15059 0.0279261 0.00655569
 0.231375 0.43758 0.303579 0.0226851 0.00478047
 0.318561 0.483147 0.14018 0.0534855 0.00462688
 0.127389 0.668494 0.162927 0.0294007 0.0117894
 0.348532 0.381939 0.235251 0.0276689 0.00660938
 0.230702 0.649415 0.0877445 0.0282233 0.00391551
 0.280933 0.550592 0.155705 0.00950038 0.00327046
 0.295977 0.575377 0.113602 0.0139716 0.00107263
 0.158848 0.674821 0.149704 0.0147715 0.00185586
 0.156566 0.583325 0.235517 0.022278 0.00231332
 0.239185 0.530417 0.191634 0.0352956 0.00346769
 0.242665 0.650194 0.0929258 0.011984 0.00223095
 0.266631 0.683463 0.0485354 0.00121082 0.000159661
 0.302981 0.653689 0.0428464 0.000472362 1.13777e-05
 0.221835 0.667801 0.107771 0.00256685 2.67134e-05
 0.264539 0.571084 0.154056 0.0100946 0.000226192
 0.203951 0.627396 0.148826 0.018649 0.00117743
 0.26108 0.520868 0.192184 0.0229636 0.00290411
 0.262138 0.571399 0.138612 0.0247072 0.00314384
 0.21245 0.572468 0.184893 0.0253123 0.00487617
 0.254093 0.511942 0.194036 0.0345345 0.00539423
 0.209243 0.594513 0.158306 0.0317171 0.00622101
 0.0625968 0.655188 0.241088 0.0334869 0.00763954
pobs_RECLAS
 0 0 0 0 0
 0 0 0 0 0
 0 0 0 0 0
 0 0 0 0 0
 0.835266 0.146461 0.0176864 0.000547809 3.91292e-05
 0.385257 0.428462 0.181853 0.0044286 0
 0.867414 0.0963971 0.0333333 0.00285562 0
 0.441836 0.489002 0.0689373 0.000224442 0
 0.779404 0.147425 0.0564933 0.0165055 0.000172143
 0.814271 0.122319 0.05973 0.00367925 0
 0.40263 0.566651 0.0304383 0.000280538 0
 0.475488 0.404961 0.113038 0.00651328 0
 0.955842 0.0263864 0.0167828 0.000988607 0
 0.975058 0.0227948 0.00214734 0 0
 0.738997 0.206755 0.0527124 0.00153531 0
 0.850938 0.134255 0.0134407 0.00136685 0
 0.542534 0.407297 0.0501686 0 0
 0.764087 0.199537 0.0359546 0.000420521 0
 0.470689 0.182191 0.310203 0.0369168 0
 0.84361 0.089868 0.0606195 0.00523954 0.000663233
 0.607945 0.314616 0.071237 0.00620181 0
 0.523733 0.453247 0.0230204 0 0
 0.530135 0.295979 0.169645 0.0042399 0
 0.562478 0.366248 0.0663022 0.0049721 0
 0.250443 0.683176 0.0655157 0.000865301 0
ppred_RECLAS
 0.503589 0.363412 0.117968 0.0150258 5.38953e-06
 0.616552 0.283387 0.0799318 0.0179678 0.00216169
 0.319662 0.580924 0.080798 0.0150534 0.00356256
 0.579115 0.266244 0.141583 0.0107683 0.00228934
 0.665977 0.25219 0.0574972 0.0223825 0.00195365
 0.396848 0.491387 0.0889039 0.0162767 0.00658349
 0.71129 0.187814 0.0878559 0.0105075 0.00253209
 0.574148 0.375185 0.0369477 0.0120355 0.00168405
 0.645733 0.290321 0.0590381 0.00364311 0.00126479
 0.648685 0.30072 0.0445923 0.00557072 0.000431415
 0.46709 0.452979 0.0718565 0.00716661 0.00090803
 0.464686 0.403448 0.119242 0.0114276 0.00119684
 0.616581 0.296532 0.072201 0.0133628 0.00132356
 0.676203 0.29936 0.0212594 0.00267594 0.000501414
 0.706729 0.283564 0.00944821 0.000228837 3.03634e-05
 0.670986 0.314897 0.0139585 0.000154687 3.75635e-06
 0.569489 0.385682 0.0437655 0.00105187 1.10386e-05
 0.620689 0.313087 0.0620132 0.00411814 9.30713e-05
 0.531017 0.389996 0.0695677 0.00885577 0.000564015
 0.618467 0.29099 0.0796555 0.00965597 0.00123175
 0.604564 0.322636 0.0604229 0.0109698 0.00140826
 0.541534 0.35555 0.0882292 0.0122968 0.00238988
 0.60387 0.293685 0.0846973 0.0153317 0.00241591
 0.538945 0.368483 0.0744135 0.0151586 0.00299938
 0.230516 0.579833 0.161584 0.0228164 0.00525098
pobs_PELACES
 0 0 0 0 0
 0 0 0 0 0
 0 0 0 0 0
 0 0 0 0 0
 0 0 0 0 0
 0 0 0 0 0
 0 0 0 0 0
 0 0 0 0 0
 0 0 0 0 0
 0 0 0 0 0
 0.450072 0.473896 0.0757376 0.000293798 0
 0 0 0 0 0
 0.463077 0.371075 0.160297 0.00555027 0
 0.529543 0.364841 0.0842815 0.0213345 0
 0.631943 0.363953 0.00410389 0 0
 0.735681 0.248677 0.0153453 0.000297389 0
 0.695825 0.281241 0.0229344 0 0
 0.275771 0.60734 0.115278 0.00161068 0
 0 0 0 0 0
 0.896147 0.0623911 0.0374545 0.00400742 0
 0.803859 0.145111 0.0509908 3.86294e-05 0
 0.739449 0.233085 0.0266225 0.000797448 4.60066e-05
 0.878498 0.100942 0.0204185 0.000141795 0
 0.694673 0.275183 0.0284847 0.00165964 0
 0.469039 0.446079 0.0841089 0.000773354 0
ppred_PELACES
 0.539956 0.344772 0.102281 0.0129859 4.66198e-06
 0.657688 0.260054 0.065773 0.0147133 0.00177157
 0.410178 0.520639 0.0564057 0.0103314 0.00244537
 0.604745 0.255827 0.127663 0.00970057 0.00206443
 0.660016 0.256026 0.0588943 0.023049 0.00201456
 0.443836 0.463128 0.0740954 0.0134835 0.0054577
 0.739137 0.174561 0.0751715 0.00896723 0.00216291
 0.629042 0.332435 0.0281558 0.00909418 0.00127326
 0.704561 0.249155 0.0427643 0.00261238 0.000907418
 0.683463 0.274858 0.0367538 0.00457143 0.000354321
 0.535967 0.404327 0.0537318 0.00530167 0.000672061
 0.523809 0.371249 0.0949659 0.00902929 0.000946257
 0.707267 0.238362 0.0453089 0.0082456 0.000816831
 0.82111 0.170637 0.00721682 0.000872547 0.000163313
 0.847548 0.149539 0.00283926 6.58027e-05 8.71945e-06
 0.744962 0.246384 0.00855876 9.32941e-05 2.26589e-06
 0.641426 0.32738 0.0304629 0.000722986 7.59013e-06
 0.670822 0.278067 0.047883 0.00315591 7.13714e-05
 0.569427 0.363981 0.0586794 0.00743853 0.00047415
 0.664577 0.26314 0.0636373 0.00766692 0.000978734
 0.620454 0.312298 0.0558079 0.0101371 0.00130279
 0.563335 0.343006 0.0802969 0.0111859 0.00217625
 0.633574 0.277131 0.0738529 0.0133384 0.0021038
 0.571597 0.348146 0.0645481 0.0131118 0.00259677
 0.256416 0.572274 0.14602 0.0205556 0.00473496
pobs_pel_tallas
 0 0 0 0 0 0 0 0 0 0 0 0 0 0 0 0 0 0 0 0 0 0 0 0 0 0 0 0 0 0 0 0 0 0 0 0
 0 0 0 0 0 0 0 0 0 0 0 0 0 0 0 0 0 0 0 0 0 0 0 0 0 0 0 0 0 0 0 0 0 0 0 0
 0 0 0 0 0 0 0 0 0 0 0 0 0 0 0 0 0 0 0 0 0 0 0 0 0 0 0 0 0 0 0 0 0 0 0 0
 0 0 0 0 0 0 0 0 0 0 0 0 0 0 0 0 0 0 0 0 0 0 0 0 0 0 0 0 0 0 0 0 0 0 0 0
 0 0 0 0 0 0 0 0 0 0 0 0 0 0 0 0 0 0 0 0 0 0 0 0 0 0 0 0 0 0 0 0 0 0 0 0
 0 0 0 0 0 0 0 0 0 0 0 0 0 0 0 0 0 0 0 0 0 0 0 0 0 0 0 0 0 0 0 0 0 0 0 0
 0 0 0 0 0 0 0 0 0 0 0 0 0 0 0 0 0 0 0 0 0 0 0 0 0 0 0 0 0 0 0 0 0 0 0 0
 0 0 0 0 0 0 0 0 0 0 0 0 0 0 0 0 0 0 0 0 0 0 0 0 0 0 0 0 0 0 0 0 0 0 0 0
 0 0 0 0 0 0 0 0 0 0 0 0 0 0 0 0 0 0 0 0 0 0 0 0 0 0 0 0 0 0 0 0 0 0 0 0
 0 0 0 0 0 0 0 0 0 0 0 0 0 0 0 0 0 0 0 0 0 0 0 0 0 0 0 0 0 0 0 0 0 0 0 0
 0 0 0 0 0 0 0 0 1.78061e-05 0.00172719 0.00360574 0.0105946 0.0120993 0.0124554 0.0147524 0.0171206 0.0266825 0.0428682 0.0675386 0.121331 0.153587 0.119568 0.100827 0.0573624 0.0630603 0.0341343 0.0324427 0.0444173 0.0211091 0.0280891 0.0125444 0.00206551 0 0 0 0
 0 0 0 0 0 0 0 0 0 0 0 0 0 0 0 0 0 0 0 0 0 0 0 0 0 0 0 0 0 0 0 0 0 0 0 0
 0 0 0 0 0 0 0.0133647 0.0140871 0.0187388 0.0205184 0.03894 0.0496705 0.03968 0.0493445 0.0407372 0.0367815 0.0215668 0.0243155 0.0234873 0.0199281 0.019796 0.0243948 0.0301388 0.0376714 0.0412746 0.0863199 0.0771752 0.113111 0.0741005 0.0525337 0.0229764 0.00759418 0.00175318 0 0 0
 0 0 0 0 0 0 0 0 0 0 0.00219441 0.00772107 0.0458388 0.0604681 0.0671733 0.0775358 0.0609151 0.0617685 0.073594 0.0568108 0.0755445 0.0548602 0.0670107 0.0636378 0.0643287 0.046367 0.0373049 0.0286899 0.0247887 0.0153202 0.00654259 0.00121912 0.000365735 0 0 0
 0 0 0 0 0 0 0 0 0 0 0 0 0.000112435 0.00938835 0.0111873 0.0202946 0.0414886 0.0713402 0.111592 0.104902 0.108894 0.110636 0.117776 0.105296 0.107544 0.0401394 0.0192827 0.0124803 0.00416011 0.0028671 0.000618394 0 0 0 0 0
 0 0 0 0 0 0 0 0 0 0 0.00291406 0.0102884 0.027416 0.0768956 0.0749926 0.110853 0.0956884 0.0897413 0.0766577 0.0534642 0.0500743 0.0551293 0.0594112 0.0620874 0.0668451 0.0424026 0.0208742 0.0120726 0.0048766 0.00582813 0.00118941 0.000297354 0 0 0 0
 0 0.00264628 0.0354308 0.0461629 0.0458689 0.0383711 0.0214643 0.0164657 0.0346957 0.0420465 0.0363128 0.0245516 0.0311673 0.0291091 0.0169068 0.0133784 0.00837989 0.0085269 0.0148486 0.0160247 0.0276389 0.0546898 0.0760071 0.122758 0.109233 0.0665981 0.0333725 0.0166128 0.00676272 0.00308733 0.000882094 0 0 0 0 0
 0 0 0 0 0 0 0 0.000805153 0.000690131 0.00759144 0.0133425 0.0154129 0.00931677 0.000345066 0.00356568 0.00563607 0.00851162 0.0253048 0.0502646 0.0516448 0.0657925 0.0565908 0.0611916 0.0827007 0.0866115 0.110766 0.145733 0.0935128 0.0569358 0.0249597 0.0138026 0.00621118 0.00161031 0.00115022 0 0
 0 0 0 0 0 0 0 0 0 0 0 0 0 0 0 0 0 0 0 0 0 0 0 0 0 0 0 0 0 0 0 0 0 0 0 0
 0.00147267 0.00158595 0.00478618 0.00569244 0.00954404 0.0108468 0.00647125 0.017049 0.0510054 0.094081 0.124002 0.0959785 0.0687766 0.0820023 0.061753 0.0591476 0.0492212 0.0479892 0.0443925 0.0268479 0.0217502 0.0140895 0.0121071 0.0120363 0.00920419 0.00665534 0.0049561 0.00860946 0.00930331 0.0156896 0.0114698 0.00855282 0.00243557 0.00046729 0 2.83206e-05
 0 0 0 0 0.000772559 0.00158375 0.000888443 0.00281984 0.00712685 0.0440552 0.0773331 0.111326 0.0921469 0.0852325 0.0710754 0.0886704 0.0786465 0.0553345 0.0373146 0.0185414 0.00753245 0.00457741 0.012979 0.0271748 0.0457355 0.0583668 0.034881 0.0177882 0.00938659 0.00492506 0.0015258 0.00185414 0.000309023 5.79419e-05 3.86279e-05 0
 0 0.00173294 0.00326652 0 0.00397197 0.00683976 0.00946217 0.0152591 0.00757587 0.0136028 0.0228656 0.0392903 0.0559909 0.0764795 0.0681675 0.0726916 0.0566044 0.0477403 0.0527397 0.0444891 0.0609904 0.0582453 0.0661739 0.0445044 0.0529084 0.0360697 0.0280645 0.0235558 0.0158879 0.00826598 0.00280645 0.00217768 0.000904811 0.00058276 9.20147e-05 0
 0 0 0 0 0 0 0 0 0 0 0 0 0 0 0 0 0 0 0 0 0 0 0 0 0 0 0 0 0 0 0 0 0 0 0 0
 0 0 0 0 0 0 0 0 0 0 0 0 0 0 0 0 0 0 0 0 0 0 0 0 0 0 0 0 0 0 0 0 0 0 0 0
 0 0 0 0 0 0 0 0 0 0 0 0 0 0 0 0 0 0 0 0 0 0 0 0 0 0 0 0 0 0 0 0 0 0 0 0
ppred_pel_tallas
 1.02011e-16 2.35715e-05 0.000138314 0.000657418 0.00253099 0.00789255 0.0199362 0.0407939 0.0676272 0.090842 0.0989082 0.0873727 0.0628249 0.0372317 0.0191291 0.0102341 0.00807769 0.00970581 0.0132722 0.0178722 0.0229652 0.0280365 0.0325266 0.0359005 0.0377575 0.0379195 0.0364656 0.0336972 0.0300523 0.0259976 0.0219346 0.0181454 0.014782 0.0118904 0.00944943 0.00740911
 1.01607e-16 2.87016e-05 0.000168441 0.000800661 0.00308254 0.00961256 0.0242807 0.0496824 0.0823574 0.110614 0.120396 0.10626 0.0762013 0.0447473 0.0222319 0.0106716 0.00698338 0.00751376 0.0100032 0.0134075 0.0172066 0.0209857 0.024319 0.0268048 0.0281452 0.0282118 0.0270709 0.0249565 0.0222043 0.0191686 0.0161517 0.0133622 0.0109077 0.00881409 0.00705691 0.00559077
 1.0144e-16 1.79196e-05 0.000105117 0.000499558 0.00192312 0.00599691 0.0151482 0.0309986 0.0513964 0.0690625 0.0752554 0.0666225 0.0482181 0.0292044 0.0161606 0.0105012 0.0104557 0.0138483 0.0192681 0.025907 0.0331047 0.0401092 0.0460793 0.0502231 0.0519729 0.051121 0.0478677 0.0427598 0.0365482 0.0300109 0.023799 0.0183463 0.0138523 0.0103236 0.00764457 0.00564775
 1.02326e-16 2.6393e-05 0.000154887 0.000736226 0.00283445 0.00883889 0.0223265 0.0456839 0.0757299 0.101715 0.110716 0.0977308 0.0701152 0.0412357 0.0206049 0.0100907 0.00687486 0.00761472 0.010247 0.0138197 0.0178533 0.021953 0.0257019 0.0286947 0.0306144 0.0312974 0.0307606 0.0291807 0.0268369 0.0240383 0.0210603 0.0181087 0.0153122 0.0127372 0.0104112 0.00834383
 1.01806e-16 2.88029e-05 0.000169036 0.000803492 0.00309344 0.00964656 0.0243666 0.049858 0.0826484 0.111004 0.12082 0.106631 0.0764609 0.0448866 0.0222769 0.0106527 0.00691788 0.00740431 0.00984427 0.0131919 0.0169304 0.0206509 0.0239356 0.0263907 0.0277252 0.0278146 0.0267255 0.0246887 0.0220331 0.0191046 0.0161962 0.0135075 0.0111388 0.00911056 0.00739528 0.00594721
 1.01921e-16 1.93849e-05 0.000113725 0.000540493 0.00208075 0.00648849 0.0163898 0.0335386 0.0556049 0.0747087 0.0813847 0.0719935 0.0519856 0.0312475 0.0168622 0.0103184 0.00966072 0.0125101 0.0173449 0.02334 0.0298799 0.0362928 0.0418313 0.0457879 0.0476487 0.0472135 0.044639 0.0403864 0.0350982 0.029444 0.0239874 0.0191079 0.0149872 0.0116446 0.00899752 0.00692128
 1.01534e-16 3.22497e-05 0.000189279 0.000899746 0.00346407 0.0108024 0.027286 0.0558307 0.0925459 0.124287 0.135251 0.119305 0.0854111 0.0498643 0.0242339 0.0107346 0.00585217 0.00544716 0.0069812 0.0093325 0.012027 0.0147599 0.0172407 0.0191942 0.0204086 0.0207789 0.0203252 0.019177 0.017533 0.0156097 0.0135975 0.0116351 0.00980481 0.00814372 0.00666099 0.00535374
 1.00881e-16 2.74553e-05 0.000161118 0.000765831 0.00294841 0.00919427 0.0232242 0.0475213 0.0787773 0.105812 0.115189 0.101709 0.0730342 0.0430817 0.0217638 0.0110412 0.00799489 0.00914648 0.0123249 0.0164844 0.0210391 0.0254697 0.0292324 0.0318216 0.032878 0.0322731 0.0301402 0.0268342 0.0228396 0.0186568 0.014703 0.0112539 0.00843361 0.00624094 0.00459602 0.003386
 1.00821e-16 3.0745e-05 0.000180438 0.0008577 0.00330216 0.0102974 0.0260106 0.0532219 0.0882237 0.11849 0.128961 0.1138 0.0815669 0.0478141 0.0235988 0.0110645 0.00689125 0.00714993 0.00941206 0.0125627 0.0160636 0.0195034 0.02247 0.0245799 0.0255557 0.0252886 0.0238628 0.0215276 0.0186304 0.0155349 0.0125483 0.00987943 0.00763011 0.00581406 0.00438872 0.00328691
 1.00785e-16 2.9826e-05 0.000175041 0.000832036 0.00320333 0.00998926 0.0252322 0.0516294 0.0855848 0.114948 0.125114 0.110425 0.0791872 0.0464998 0.0230998 0.0110807 0.00723514 0.00776025 0.0102989 0.0137539 0.0175707 0.0213041 0.0245011 0.0267407 0.0277206 0.027327 0.0256607 0.0230049 0.0197514 0.0163074 0.0130153 0.0101052 0.00768568 0.00576522 0.00428852 0.00317283
 1.01109e-16 2.33998e-05 0.000137301 0.000652592 0.00251238 0.00783452 0.0197897 0.0404946 0.0671327 0.0901827 0.0982035 0.0867815 0.0624678 0.037156 0.0193385 0.0107413 0.00893193 0.0109857 0.015057 0.0202072 0.0258283 0.0313144 0.0360076 0.0392901 0.0407174 0.0401225 0.0376544 0.0337309 0.0289296 0.0238507 0.018999 0.0147139 0.0111554 0.008336 0.00617376 0.00454598
 1.01824e-16 2.28684e-05 0.000134185 0.000637779 0.00245536 0.00765671 0.0193405 0.0395753 0.0656081 0.0881331 0.0959672 0.0847951 0.0610156 0.036248 0.0187862 0.0103113 0.00844257 0.0103234 0.0141608 0.0190591 0.0244573 0.029804 0.0344966 0.0379613 0.0397725 0.0397484 0.0379879 0.0348315 0.030767 0.0263105 0.0219038 0.0178536 0.0143202 0.0113434 0.00888713 0.00688149
 1.01043e-16 3.08626e-05 0.000181129 0.000860989 0.00331482 0.0103369 0.0261104 0.0534259 0.0885616 0.118942 0.129451 0.114227 0.0818589 0.047958 0.0236193 0.01099 0.0067333 0.00690289 0.00906252 0.0120999 0.0154876 0.0188305 0.0217348 0.0238338 0.02486 0.0247057 0.023446 0.0213118 0.018628 0.0157347 0.0129196 0.0103784 0.00820771 0.00642268 0.00498736 0.00384413
 1.00196e-16 3.58238e-05 0.000210263 0.000999507 0.00384818 0.0120002 0.0303115 0.0620212 0.102806 0.138064 0.150235 0.132503 0.0948186 0.0552723 0.0267025 0.011551 0.00589211 0.00510511 0.00635162 0.00837519 0.0106516 0.0128601 0.0147108 0.0159437 0.0163767 0.0159491 0.0147365 0.01293 0.0107875 0.00857426 0.00651071 0.00474157 0.00332997 0.00227145 0.00151828 0.00100416
 1.00092e-16 3.69757e-05 0.000217028 0.00103167 0.00397203 0.0123864 0.0312871 0.0640171 0.106114 0.142503 0.155059 0.136743 0.0978191 0.0569539 0.0273886 0.0116317 0.00561901 0.00457287 0.00556265 0.00730211 0.00927411 0.0111834 0.0127733 0.013816 0.0141531 0.0137338 0.0126274 0.0110049 0.0090958 0.00713576 0.00531996 0.00377592 0.00255819 0.00166079 0.00103884 0.000630765
 1.00206e-16 3.25065e-05 0.00019078 0.000906869 0.00349147 0.0108878 0.0275018 0.0562729 0.0932807 0.12528 0.136345 0.120305 0.0862019 0.0504765 0.0248103 0.0114581 0.00689709 0.00696068 0.0090726 0.0120521 0.0153371 0.0185099 0.02116 0.0229134 0.0235081 0.0228577 0.0210735 0.0184336 0.0153132 0.0120975 0.00910684 0.00655108 0.00452142 0.0030105 0.00194762 0.00123479
 1.00565e-16 2.79952e-05 0.000164287 0.000780902 0.00300644 0.00937523 0.0236813 0.0484565 0.0803272 0.107893 0.117451 0.1037 0.074449 0.0438867 0.0221156 0.0111298 0.00794724 0.0090171 0.0121246 0.0162071 0.0206766 0.0250177 0.0286927 0.0312022 0.0321912 0.0315332 0.0293606 0.0260256 0.0220099 0.0178119 0.0138488 0.0103984 0.00758806 0.00542013 0.00381674 0.00266508
 1.00883e-16 2.9275e-05 0.000171806 0.000816654 0.00314411 0.00980457 0.0247657 0.0506749 0.0840029 0.112825 0.122805 0.108392 0.0777414 0.0456747 0.0227348 0.010981 0.00727023 0.00787437 0.0104822 0.0140155 0.0179246 0.0217626 0.0250714 0.0274235 0.0285088 0.0282061 0.0266093 0.0239966 0.0207562 0.0172943 0.0139542 0.0109695 0.00845444 0.00642479 0.00483331 0.0036051
 1.0123e-16 2.48572e-05 0.000145861 0.000693293 0.00266911 0.00832328 0.0210242 0.0430202 0.0713177 0.0957987 0.104304 0.0921355 0.0662419 0.0392408 0.0201305 0.0107166 0.00838777 0.0100189 0.013651 0.0183167 0.0234332 0.0284481 0.0327682 0.0358358 0.0372467 0.036844 0.0347525 0.0313377 0.0271089 0.0225972 0.0182509 0.0143735 0.0111114 0.00848216 0.00642114 0.00482838
 1.01299e-16 2.90021e-05 0.000170205 0.000809047 0.00311482 0.00971324 0.024535 0.0502028 0.08322 0.111772 0.121657 0.107373 0.0769985 0.045214 0.0224611 0.0107764 0.00704406 0.00757073 0.0100714 0.0134885 0.0172938 0.0210656 0.0243713 0.0268041 0.0280636 0.028023 0.0267548 0.0245027 0.0216145 0.0184574 0.0153446 0.0124927 0.0100132 0.00793193 0.00622018 0.00482591
 1.01304e-16 2.70801e-05 0.000158916 0.00075537 0.00290814 0.0090687 0.022907 0.0468721 0.0777008 0.104365 0.113611 0.100309 0.0720141 0.0424509 0.0213922 0.0107682 0.00769745 0.00875007 0.0117914 0.015804 0.0202314 0.0245877 0.0283625 0.0310767 0.0323812 0.0321375 0.0304467 0.0276149 0.0240712 0.0202639 0.0165717 0.0132517 0.0104291 0.00812153 0.00627883 0.00482205
 1.01738e-16 2.45908e-05 0.000144299 0.00068587 0.00264053 0.00823417 0.0207991 0.0425594 0.0705534 0.0947709 0.103181 0.0911362 0.0655065 0.0387712 0.019828 0.0104583 0.00807518 0.00958708 0.013062 0.0175572 0.0225184 0.0274274 0.0317267 0.0348875 0.0365193 0.0364584 0.0348004 0.0318645 0.028105 0.0240005 0.0199589 0.0162611 0.0130505 0.0103584 0.00814546 0.00634214
 1.01696e-16 2.76508e-05 0.00016227 0.000771321 0.00296956 0.00926025 0.0233908 0.0478618 0.0793402 0.106564 0.115995 0.102392 0.073461 0.0432071 0.0215949 0.0105796 0.0072038 0.00795728 0.0106652 0.0143122 0.0183743 0.0224166 0.0259864 0.0286549 0.0301035 0.0301932 0.0289927 0.0267493 0.0238188 0.0205782 0.0173498 0.0143569 0.0117165 0.00945876 0.00756029 0.00597503
 1.01602e-16 2.49512e-05 0.000146415 0.000695927 0.00267926 0.00835492 0.0211041 0.0431836 0.0715881 0.0961605 0.104694 0.0924711 0.0664636 0.0393329 0.0201059 0.0105886 0.008154 0.00966225 0.0131495 0.0176555 0.0226143 0.0274978 0.03174 0.034807 0.0363091 0.0360898 0.0342592 0.0311551 0.0272515 0.0230444 0.0189528 0.0152608 0.0121077 0.00951368 0.00742506 0.00575699
 1.03187e-16 1.12171e-05 6.57622e-05 0.00031245 0.00120269 0.00375026 0.00947343 0.0193881 0.0321536 0.0432289 0.0471671 0.0419032 0.0306468 0.0192002 0.0117762 0.00937848 0.0110208 0.0154345 0.0217612 0.0294151 0.0377781 0.0460595 0.0533434 0.0587478 0.0616172 0.0616704 0.0590566 0.0542961 0.0481341 0.041359 0.0346438 0.0284545 0.0230332 0.0184388 0.0146163 0.0114614
pSPR Fmed_Fpbrs
0.392344   0.6 0.325
Fs Fmed_Fpbrs
1.25119   0.489779 1.77192
SSBpbr Bo_Bmed_Bpbrs
746225  255466  410424 205212
Ro
25848.3
SPR SPRFo_SPRFmed_SPRFpbrs
531514 208536 172742
log_Ro
9.98
likeval ReclasPelacesDesembMPH_pf_preclas_ppelaces_ptallas_desvR_qrecl_qpela
 71.4462 12.9324 0.0675672 0.000171029 314.486 188.375 79.0427 0 20.2971 1.30913e-05 0.000256816 8.56256e-14 0 0 0
q_reclas_q_pelaces
1.66981 9.77614
M
0.7
N
 27355.4 12641.8 3894.25 478.058 0.169793
 41102.6 12625 3478 755.383 90.0022
 11254.2 18742 3151.3 577.826 135.564
 16914.2 4692.88 2275.17 166.198 34.981
 40869.7 7938.44 1478.41 547.53 47.2899
 23526.4 20085.3 3624.93 642.393 257.347
 63920.5 10633.1 4668.28 537.593 128.273
 61804 29637.4 3036.69 960.978 133.205
 79748.7 27444.5 5974.38 359.038 123.498
 114393 34992.9 5024.79 606.053 46.4797
 69348.5 52348.4 8990.79 874.134 109.739
 48211.6 30285.2 9224.33 858.107 89.026
 49017.7 21494.7 6305.58 1148.22 112.742
 27632.5 20468.9 2639.35 338.665 63.0293
 13109.3 9716.49 628.474 15.6072 2.05749
 10564.8 4482.31 238.004 2.59376 0.0624373
 7996.07 4422.35 561.233 13.1863 0.137132
 9534.55 3444.84 698.389 44.9922 1.00724
 8840.42 4263.03 733.92 90.1743 5.68734
 12462.2 4051.25 1107.81 130.003 16.4252
 18145.1 5629.16 937.114 163.048 20.7201
 21981.3 8606.9 1931.61 258.389 49.715
 34070.1 10351.3 2785.93 485.338 75.7228
 36539 15834.6 3013.55 591.296 115.849
 10543.7 16912.6 4459.88 606.8 138.281
pred_Ctot
 1395.14 4193.28 1799.13 225.441 0.0801577
 2428.89 4695.43 1769.15 391.645 46.7109
 1310.44 11000.6 2274.94 421.877 99.036
 669.643 1266.44 878.613 65.6548 13.8356
 304.342 461.581 133.923 51.0982 4.42036
 1528.54 8021.22 1954.95 352.777 141.46
 3060.03 3353.33 2065.44 242.926 58.0287
 4732.05 13320.5 1799.78 578.904 80.3132
 6722.9 13176 3726.11 227.35 78.2642
 6485.76 12608.3 2489.36 306.161 23.5046
 6058.09 25736.1 5709.38 563.35 70.7783
 3565.14 13282.8 5362.92 507.288 52.6761
 5664.71 12562.1 4538.53 835.919 82.1266
 5916.77 15853.4 2265.76 292.2 54.3961
 2999.92 7689.75 546.08 13.6232 1.79637
 1205.11 2600.06 170.422 1.87883 0.045255
 767.875 2311.58 373.047 8.88507 0.0924676
 687.259 1483.65 400.23 26.2253 0.587634
 492.898 1516.26 359.676 45.0701 2.84556
 814.571 1625.11 599.616 71.6467 9.06085
 586.166 1277.7 309.949 55.2475 7.02991
 819.646 2208.62 713.329 97.6563 18.8126
 1576.02 3175.34 1203.52 214.202 33.4579
 1791.72 5090.74 1355.55 271.589 53.2697
 529.264 5539.69 2038.43 283.136 64.5932
F
 0.0732342 0.590547 0.940032 0.970252 0.971897
 0.0853026 0.687864 1.09494 1.13014 1.13206
 0.174696 1.40871 2.24239 2.31448 2.3184
 0.0564346 0.455078 0.724393 0.747681 0.748948
 0.0104023 0.0838819 0.133523 0.137816 0.138049
 0.0941485 0.759197 1.20849 1.24734 1.24945
 0.0686037 0.553207 0.880594 0.908904 0.910445
 0.111803 0.901557 1.4351 1.48123 1.48374
 0.123736 0.997782 1.58827 1.63933 1.64211
 0.0817161 0.658944 1.04891 1.08263 1.08446
 0.128485 1.03608 1.64923 1.70225 1.70513
 0.107793 0.869225 1.38363 1.42811 1.43053
 0.173277 1.39727 2.22418 2.29568 2.29958
 0.345167 2.78336 4.43056 4.57299 4.58074
 0.373185 3.00929 4.79019 4.94419 4.95256
 0.170857 1.37776 2.19311 2.26362 2.26745
 0.142073 1.14565 1.82365 1.88227 1.88546
 0.104942 0.846232 1.34703 1.39034 1.39269
 0.0803088 0.647595 1.03084 1.06398 1.06578
 0.0947413 0.763976 1.2161 1.25519 1.25732
 0.0458351 0.369606 0.588338 0.607252 0.608281
 0.0530747 0.427984 0.681265 0.703167 0.704358
 0.0662215 0.533998 0.850018 0.877345 0.878832
 0.0703237 0.567078 0.902673 0.931693 0.933272
 0.0720432 0.580943 0.924744 0.954473 0.956091
YTP_r0W_actual
 5927.75 121873 67268.2 11636.9 2764.59
YTP_p0W_proyectada
 3708.16 19631.2 40862.6 10224.5 1839.8
 3708.16 32220.8 15627.2 16909 4646.57
CTP_r0_actual
 529.264 5539.69 2038.43 283.136 64.5932
CTP_p0_proyectada
 436.255 917.347 1309.7 251.215 39.5655
 436.255 1505.65 500.872 415.453 99.9263
Wmedp
 8.5 21.4 31.2 40.7 46.5
nmprior
 10.6 11 7 0
nm_flota  nm_reclas  nm_pelaces    nm_pelaL
inf 32.3606 13.2568 28.7852
cv_recla  cv_pelaces  cv_mph
0.764565 0.407767 0.4243
 ------------------------------------------------
Talla a la edad & desviaci?n 
 7.2 14.2025 17.0495 18.207 18.6776
 1.08 2.13037 2.55742 2.73105 2.80164
