    unsorted:	 2.684852602e-06 1.998992435e-06 0.0008999969871 0.008669851012 78.26062007 46.01962259 41.68181041 67.42979939 99.42727670 102.8222804 267.7909707 308.6429118 443.3626547 614.2149394 585.7594316 765.1284278 816.2013260 869.3218889 969.0112551 1084.679616 1202.122422 1318.655259 1585.072683 1760.848650 2012.899155 2206.688026 2459.323925 2798.627038 2910.663453 3298.853979 3587.290401 4067.840888 4399.226096 4602.483557 5233.378639 5331.354691 5506.600963 23089.17617 32014.01325 196505.4382 247113.2168 284045.7493 342213.1758 370913.0479 388437.7326 424075.9678 425496.6057 449661.9901 492779.2978 509526.1213 554915.3629 585625.6833 669245.4680 766828.9498 835715.7644 977424.5165 1134996.811 1260808.171 1441841.253 1586358.334 1850445.979 1986169.219 2369203.630 2395121.276 2689590.861
      sorted:	 1.998992435e-06 2.684852602e-06 0.0008999969871 0.008669851012 41.68181041 46.01962259 67.42979939 78.26062007 99.42727670 102.8222804 267.7909707 308.6429118 443.3626547 585.7594316 614.2149394 765.1284278 816.2013260 869.3218889 969.0112551 1084.679616 1202.122422 1318.655259 1585.072683 1760.848650 2012.899155 2206.688026 2459.323925 2798.627038 2910.663453 3298.853979 3587.290401 4067.840888 4399.226096 4602.483557 5233.378639 5331.354691 5506.600963 23089.17617 32014.01325 196505.4382 247113.2168 284045.7493 342213.1758 370913.0479 388437.7326 424075.9678 425496.6057 449661.9901 492779.2978 509526.1213 554915.3629 585625.6833 669245.4680 766828.9498 835715.7644 977424.5165 1134996.811 1260808.171 1441841.253 1586358.334 1850445.979 1986169.219 2369203.630 2395121.276 2689590.861
