    unsorted:	 3.332377839e-06 -5.038783811e-07 -8.006838999e-06 0.0008999968840 0.007167319970 48.15304968 65.16055887 103.8088671 111.0067530 170.6843039 361.1964137 489.2795091 544.1076139 738.3052361 780.4155983 852.1339424 985.6232701 1088.354070 1248.178222 1314.688129 1412.756376 1547.344442 1789.306608 1859.394649 2208.652110 2237.284233 2592.242401 2693.055081 3033.217242 3457.429782 3546.685929 3798.368042 3871.586815 4302.723858 4653.237295 5010.939593 5079.328448 9950.614811 28487.63176 196508.7301 511581.6941 499417.3171 546439.6792 536677.6553 471770.3259 436581.8030 401654.4297 574058.5634 381304.1720 321983.3366 621070.8778 677953.2060 718673.8653 850804.9154 900612.4655 990671.7314 1183726.565 1237850.588 1475090.282 1684010.552 1936421.879 2096523.375 2355313.619 2581025.257 4747837.318
      sorted:	 -8.006838999e-06 -5.038783811e-07 3.332377839e-06 0.0008999968840 0.007167319970 48.15304968 65.16055887 103.8088671 111.0067530 170.6843039 361.1964137 489.2795091 544.1076139 738.3052361 780.4155983 852.1339424 985.6232701 1088.354070 1248.178222 1314.688129 1412.756376 1547.344442 1789.306608 1859.394649 2208.652110 2237.284233 2592.242401 2693.055081 3033.217242 3457.429782 3546.685929 3798.368042 3871.586815 4302.723858 4653.237295 5010.939593 5079.328448 9950.614811 28487.63176 196508.7301 321983.3366 381304.1720 401654.4297 436581.8030 471770.3259 499417.3171 511581.6941 536677.6553 546439.6792 574058.5634 621070.8778 677953.2060 718673.8653 850804.9154 900612.4655 990671.7314 1183726.565 1237850.588 1475090.282 1684010.552 1936421.879 2096523.375 2355313.619 2581025.257 4747837.318
