years
 1997 1998 1999 2000 2001 2002 2003 2004 2005 2006 2007 2008 2009 2010 2011 2012 2013 2014 2015 2016 2017 2018 2019 2020 2021
reclasobs
 0 0 0 370054 412103 1.49427e+06 250295 1.28982e+06 931140 785840 897777 1.04006e+06 184774 17550 25797 100020 73551 82996 120727 218422 84188 347160 605670 569463 516374
reclaspred
 793428 134420 181639 114617 256618 265731 589507 464493 648795 958052 803132 525788 338299 147389 91528.8 86773.8 99415.2 120575 108721 180314 289884 253933 430250 498670 426816
pelacesobs
 0 0 0 0 0 0 0 0 0 2.06254e+06 1.5e+06 0 1.87456e+06 323000 250000 174000 83755 137374 0 501740 490994 745055 786931 1.00524e+06 1.33801e+06
pelacespred
 758345 216670 98700.4 124051 253159 205149 603420 489496 676610 994138 760508 517796 337301 118053 72113.3 73874.4 88626.7 110126 100927 162596 296813 254707 339289 463765 391062
mphobs
 0 0 0 0 0 112323 0 153150 637223 0 255016 313432 73983 77613 109348 50772 0 0 0 0 0 0 0 0 0
mphpred
 343857 144133 88166.9 44340.7 63372 139284 169977 210101 216027 300674 448487 322894 188761 104087 44732.8 34714 39856.6 49459.1 54310.7 54982.6 102052 129440 151998 212489 250719
desembarqueobs
 350755 77701 442110 56441 14545 235359 269955 359681 431902 328805 639364 411747 362871 311530 167758 66681 60226 58785 57116 73181 50977 67692 138656 160484 209506
desembarquepred
 350736 77670.6 441571 56423.4 14544.5 235300 269915 359331 431606 328624 638849 411520 362509 311244 167499 66647.5 60218 58757.6 57084.5 73135.5 50967.9 67663 138606 160434 209447
Reclutas
 16384.6 32196.2 5087.92 25329.2 56687 25133.4 58775.2 74907.4 111972 195756 61263 30906.4 49796.7 22097.5 14783.8 16162.4 11241.5 11267.9 10190.3 29547.2 33579.3 36468.8 65963.7 59520.3 4814.86
log_desv_Rt
 -0.575905 0.0996036 -1.74538 -0.140286 0.6653 -0.148046 0.701475 0.944008 1.34601 1.90463 0.742931 0.0587196 0.535705 -0.276779 -0.678716 -0.589555 -0.952634 -0.950286 -1.05081 0.0137449 0.141664 0.224211 0.816859 0.714073 -1.80054
SSB
 978716 410245 250949 126207 180375 396444 483804 598009 614875 855804 1.27652e+06 919050 537268 296263 127323 98806 113443 140775 154584 156496 290470 368424 432630 604806 713618
BT
 1.58818e+06 543546 410097 283381 465152 550453 1.271e+06 1.26964e+06 1.60336e+06 2.08658e+06 1.91774e+06 1.29754e+06 961318 509082 269141 187120 207468 244541 230292 351038 571909 520127 703857 961452 867315
Ftot
 0.270405 0.456215 1.31675 0.583579 0.0743643 0.568425 0.457957 0.831519 0.784826 0.415392 0.529734 0.486922 0.856423 1.45099 1.58803 0.688812 0.516593 0.395299 0.377722 0.448784 0.1564 0.197751 0.255105 0.248066 0.271111
BD_Bspro_t
 0.959772 0.743392 0.541026 0.237242 0.442078 0.684239 0.57293 0.583105 0.552259 0.584414 0.645853 0.490796 0.366025 0.273906 0.158158 0.154963 0.230138 0.346745 0.424844 0.487082 0.659675 0.760168 0.756839 0.759686 0.736173
BD_Bspro
 1.63315 0.684563 0.41875 0.210597 0.300986 0.661533 0.807308 0.99788 1.02602 1.42805 2.1301 1.53359 0.896522 0.494365 0.212459 0.164874 0.189299 0.234907 0.25795 0.261141 0.484699 0.614777 0.721916 1.00922 1.19079
BD_Bo
 1.07689 0.451398 0.276122 0.138867 0.198469 0.436212 0.532335 0.657997 0.676554 0.941652 1.40457 1.01124 0.591162 0.325982 0.140095 0.108717 0.124823 0.154896 0.170091 0.172195 0.319608 0.405381 0.476028 0.665475 0.785202
BD_Brms
 3.58587 1.50308 0.919437 0.462402 0.660867 1.45251 1.77258 2.19102 2.25281 3.13554 4.67699 3.36726 1.96847 1.08546 0.466491 0.36201 0.415639 0.515778 0.566373 0.573379 1.06424 1.34985 1.58509 2.21592 2.61459
S_f
 0.145628 1 1 1 1
 0.145628 1 1 1 1
 0.145628 1 1 1 1
 0.145628 1 1 1 1
 0.145628 1 1 1 1
 0.145628 1 1 1 1
 0.145628 1 1 1 1
 0.145628 1 1 1 1
 0.145628 1 1 1 1
 0.145628 1 1 1 1
 0.145628 1 1 1 1
 0.145628 1 1 1 1
 0.145628 1 1 1 1
 0.145628 1 1 1 1
 0.145628 1 1 1 1
 0.145628 1 1 1 1
 0.145628 1 1 1 1
 0.145628 1 1 1 1
 0.145628 1 1 1 1
 0.145628 1 1 1 1
 0.145628 1 1 1 1
 0.145628 1 1 1 1
 0.145628 1 1 1 1
 0.145628 1 1 1 1
 0.145628 1 1 1 1
Scru_reclas
 0.999995 1 1 1 1
 0.999995 1 1 1 1
 0.999995 1 1 1 1
 0.999995 1 1 1 1
 0.999995 1 1 1 1
 0.999995 1 1 1 1
 0.999995 1 1 1 1
 0.999995 1 1 1 1
 0.999995 1 1 1 1
 0.999995 1 1 1 1
 0.999995 1 1 1 1
 0.999995 1 1 1 1
 0.999995 1 1 1 1
 0.999995 1 1 1 1
 0.999995 1 1 1 1
 0.999995 1 1 1 1
 0.999995 1 1 1 1
 0.999995 1 1 1 1
 0.999995 1 1 1 1
 0.999995 1 1 1 1
 0.999995 1 1 1 1
 0.999995 1 1 1 1
 0.999995 1 1 1 1
 0.999995 1 1 1 1
 0.999995 1 1 1 1
Scru_pelaces
 1 1 1 1 1
 1 1 1 1 1
 1 1 1 1 1
 1 1 1 1 1
 1 1 1 1 1
 1 1 1 1 1
 1 1 1 1 1
 1 1 1 1 1
 1 1 1 1 1
 1 1 1 1 1
 1 1 1 1 1
 1 1 1 1 1
 1 1 1 1 1
 1 1 1 1 1
 1 1 1 1 1
 1 1 1 1 1
 1 1 1 1 1
 1 1 1 1 1
 1 1 1 1 1
 1 1 1 1 1
 1 1 1 1 1
 1 1 1 1 1
 1 1 1 1 1
 1 1 1 1 1
 1 1 1 1 1
pf_obs 
 0.256992 0.487395 0.22802 0.0275931 0
 0.321318 0.546541 0.124235 0.00734118 0.000564706
 0.182869 0.594174 0.210203 0.0122559 0.00049798
 0.330522 0.361315 0.267642 0.0388342 0.00168674
 0.649043 0.306663 0.0425973 0.00169635 0
 0.582887 0.30429 0.105238 0.00758474 0
 0.465427 0.430635 0.0974691 0.00646863 0
 0.296916 0.608066 0.0921331 0.00288517 0
 0.311714 0.524322 0.152257 0.0117073 0
 0.15457 0.633149 0.183074 0.0267441 0.00246327
 0.131901 0.49318 0.331252 0.0422183 0.00144891
 0.196976 0.569456 0.194076 0.0375587 0.00193317
 0.518974 0.381816 0.0799577 0.0180837 0.00116848
 0.0928022 0.601141 0.25162 0.0475244 0.00691264
 0.122501 0.610282 0.24278 0.0234846 0.000952079
 0.383417 0.481906 0.127806 0.00687128 0
 0.0376549 0.599619 0.316969 0.0457579 0
 0.0361596 0.667082 0.258105 0.0386534 0
 0.158088 0.579412 0.248529 0.0139706 0
 0.0477256 0.309471 0.559284 0.082774 0.000745712
 0.0406174 0.521527 0.379366 0.0568643 0.0016247
 0.151134 0.462217 0.34131 0.0453401 0
 0.294876 0.26143 0.354403 0.0886775 0.000613685
 0.281977 0.475581 0.204845 0.0348837 0.00271318
 0.0841818 0.532909 0.334909 0.0458182 0.00218182
pf_pred 
 0.0652368 0.617777 0.279402 0.0375793 4.74378e-06
 0.199791 0.282854 0.341916 0.154638 0.0208013
 0.0494505 0.648634 0.10672 0.129003 0.0661925
 0.475577 0.218606 0.208683 0.0343346 0.0627997
 0.396141 0.539168 0.0269663 0.0257422 0.0119821
 0.11699 0.727229 0.139092 0.00695664 0.00973193
 0.324593 0.369528 0.251916 0.0481821 0.005781
 0.300143 0.563674 0.0745083 0.0507941 0.0108807
 0.347076 0.53413 0.0956781 0.012647 0.0104687
 0.360645 0.539995 0.0812828 0.0145601 0.0035177
 0.0886909 0.752921 0.133774 0.0201363 0.00447844
 0.0813241 0.427343 0.405938 0.0721241 0.0132711
 0.22912 0.336295 0.202157 0.192031 0.0403967
 0.15172 0.644286 0.0889918 0.0534956 0.0615059
 0.225842 0.562414 0.160825 0.0222139 0.0287063
 0.297827 0.578886 0.0895657 0.0256117 0.00810916
 0.179153 0.660525 0.132173 0.0204499 0.00769925
 0.194325 0.531383 0.220719 0.0441665 0.00940623
 0.177107 0.549685 0.180194 0.0748467 0.0181667
 0.403359 0.381976 0.143394 0.0470066 0.024264
 0.243331 0.645315 0.0712896 0.0267622 0.0133015
 0.198003 0.564822 0.202272 0.0223455 0.0125578
 0.280775 0.468255 0.17675 0.0632971 0.0109223
 0.184545 0.613364 0.131572 0.049664 0.0208545
 0.0170071 0.625973 0.268541 0.0576046 0.0308742
pobs_RECLAS
 0 0 0 0 0
 0 0 0 0 0
 0 0 0 0 0
 0 0 0 0 0
 0.835266 0.146461 0.0176864 0.000547809 3.91292e-05
 0.385257 0.428462 0.181853 0.0044286 0
 0.867414 0.0963971 0.0333333 0.00285562 0
 0.441836 0.489002 0.0689373 0.000224442 0
 0.779404 0.147425 0.0564933 0.0165055 0.000172143
 0.814271 0.122319 0.05973 0.00367925 0
 0.40263 0.566651 0.0304383 0.000280538 0
 0.475488 0.404961 0.113038 0.00651328 0
 0.955842 0.0263864 0.0167828 0.000988607 0
 0.975058 0.0227948 0.00214734 0 0
 0.738997 0.206755 0.0527124 0.00153531 0
 0.850938 0.134255 0.0134407 0.00136685 0
 0.542534 0.407297 0.0501686 0 0
 0.764087 0.199537 0.0359546 0.000420521 0
 0.470689 0.182191 0.310203 0.0369168 0
 0.84361 0.089868 0.0606195 0.00523954 0.000663233
 0.607945 0.314616 0.071237 0.00620181 0
 0.523733 0.453247 0.0230204 0 0
 0.530135 0.295979 0.169645 0.0042399 0
 0.562478 0.366248 0.0663022 0.0049721 0
 0.250443 0.683176 0.0655157 0.000865301 0
ppred_RECLAS
 0.327543 0.444421 0.200998 0.0270341 3.41261e-06
 0.638724 0.127702 0.154367 0.0698157 0.00939132
 0.289416 0.484887 0.0797783 0.0964364 0.0494822
 0.866587 0.0556135 0.053089 0.00873472 0.0159763
 0.818916 0.161685 0.0080866 0.00771953 0.00359316
 0.486555 0.422863 0.080878 0.00404509 0.00565884
 0.772914 0.124243 0.0846996 0.0161999 0.0019437
 0.759151 0.193983 0.0256413 0.0174803 0.00374447
 0.795358 0.167409 0.0299878 0.00396388 0.00328113
 0.799225 0.169573 0.0255251 0.00457227 0.00110466
 0.409548 0.48783 0.0866741 0.0130466 0.00290165
 0.38594 0.285644 0.271336 0.0482091 0.00887062
 0.686584 0.136727 0.0821907 0.0780738 0.016424
 0.588316 0.312683 0.0431892 0.0259623 0.0298499
 0.704372 0.214769 0.0614141 0.0084828 0.0109621
 0.754284 0.202573 0.0313423 0.00896247 0.00283769
 0.608403 0.315113 0.063055 0.00975591 0.00367303
 0.62954 0.244337 0.10149 0.0203084 0.00432511
 0.602266 0.265683 0.0870943 0.0361761 0.00878063
 0.827114 0.110683 0.0415507 0.0136209 0.00703088
 0.690166 0.264238 0.0291911 0.0109584 0.00544658
 0.631626 0.259434 0.0929076 0.0102637 0.00576807
 0.731306 0.174935 0.0660319 0.0236471 0.00408046
 0.611956 0.291877 0.0626103 0.0236332 0.00992387
 0.107746 0.56819 0.243752 0.0522872 0.0280242
pobs_PELACES
 0 0 0 0 0
 0 0 0 0 0
 0 0 0 0 0
 0 0 0 0 0
 0 0 0 0 0
 0 0 0 0 0
 0 0 0 0 0
 0 0 0 0 0
 0 0 0 0 0
 0 0 0 0 0
 0.450072 0.473896 0.0757376 0.000293798 0
 0 0 0 0 0
 0.463077 0.371075 0.160297 0.00555027 0
 0.529543 0.364841 0.0842815 0.0213345 0
 0.631943 0.363953 0.00410389 0 0
 0.735681 0.248677 0.0153453 0.000297389 0
 0.695825 0.281241 0.0229344 0 0
 0.275771 0.60734 0.115278 0.00161068 0
 0 0 0 0 0
 0.896147 0.0623911 0.0374545 0.00400742 0
 0.803859 0.145111 0.0509908 3.86294e-05 0
 0.739449 0.233085 0.0266225 0.000797448 4.60066e-05
 0.878498 0.100942 0.0204185 0.000141795 0
 0.694673 0.275183 0.0284847 0.00165964 0
 0.469039 0.446079 0.0841089 0.000773354 0
ppred_PELACES
 0.344552 0.43318 0.195914 0.0263503 3.32629e-06
 0.667846 0.117408 0.141924 0.0641878 0.00863428
 0.371225 0.429062 0.0705935 0.0853338 0.0437854
 0.88449 0.0481506 0.0459649 0.00756259 0.0138324
 0.822005 0.158926 0.00794865 0.00758784 0.00353186
 0.526594 0.389888 0.0745711 0.00372965 0.00521756
 0.794776 0.112282 0.0765451 0.0146402 0.00175657
 0.799389 0.161575 0.0213575 0.0145599 0.0031189
 0.829036 0.139858 0.0250526 0.00331154 0.00274115
 0.817362 0.154255 0.0232192 0.00415923 0.00100486
 0.446092 0.457637 0.0813098 0.0122392 0.00272207
 0.418941 0.270293 0.256754 0.0456183 0.00839389
 0.736075 0.115137 0.0692122 0.0657454 0.0138305
 0.682678 0.241012 0.0332897 0.0200114 0.0230079
 0.788506 0.153647 0.043936 0.00606865 0.00784233
 0.788483 0.174379 0.0269801 0.00771508 0.00244274
 0.642507 0.28767 0.0575637 0.00890629 0.00335316
 0.655138 0.227454 0.0944769 0.0189051 0.00402626
 0.627479 0.24884 0.0815733 0.0338828 0.00822401
 0.844467 0.0995739 0.0373802 0.0122537 0.00632517
 0.699516 0.256264 0.0283101 0.0106276 0.00528221
 0.644502 0.250366 0.0896601 0.00990499 0.00556645
 0.745203 0.165887 0.0626167 0.022424 0.00386941
 0.62843 0.279485 0.0599523 0.0226299 0.00950256
 0.115319 0.563368 0.241683 0.0518434 0.0277864
pobs_pel_tallas
 0 0 0 0 0 0 0 0 0 0 0 0 0 0 0 0 0 0 0 0 0 0 0 0 0 0 0 0 0 0 0 0 0 0 0 0
 0 0 0 0 0 0 0 0 0 0 0 0 0 0 0 0 0 0 0 0 0 0 0 0 0 0 0 0 0 0 0 0 0 0 0 0
 0 0 0 0 0 0 0 0 0 0 0 0 0 0 0 0 0 0 0 0 0 0 0 0 0 0 0 0 0 0 0 0 0 0 0 0
 0 0 0 0 0 0 0 0 0 0 0 0 0 0 0 0 0 0 0 0 0 0 0 0 0 0 0 0 0 0 0 0 0 0 0 0
 0 0 0 0 0 0 0 0 0 0 0 0 0 0 0 0 0 0 0 0 0 0 0 0 0 0 0 0 0 0 0 0 0 0 0 0
 0 0 0 0 0 0 0 0 0 0 0 0 0 0 0 0 0 0 0 0 0 0 0 0 0 0 0 0 0 0 0 0 0 0 0 0
 0 0 0 0 0 0 0 0 0 0 0 0 0 0 0 0 0 0 0 0 0 0 0 0 0 0 0 0 0 0 0 0 0 0 0 0
 0 0 0 0 0 0 0 0 0 0 0 0 0 0 0 0 0 0 0 0 0 0 0 0 0 0 0 0 0 0 0 0 0 0 0 0
 0 0 0 0 0 0 0 0 0 0 0 0 0 0 0 0 0 0 0 0 0 0 0 0 0 0 0 0 0 0 0 0 0 0 0 0
 0 0 0 0 0 0 0 0 0 0 0 0 0 0 0 0 0 0 0 0 0 0 0 0 0 0 0 0 0 0 0 0 0 0 0 0
 0 0 0 0 0 0 0 0 1.78061e-05 0.00172719 0.00360574 0.0105946 0.0120993 0.0124554 0.0147524 0.0171206 0.0266825 0.0428682 0.0675386 0.121331 0.153587 0.119568 0.100827 0.0573624 0.0630603 0.0341343 0.0324427 0.0444173 0.0211091 0.0280891 0.0125444 0.00206551 0 0 0 0
 0 0 0 0 0 0 0 0 0 0 0 0 0 0 0 0 0 0 0 0 0 0 0 0 0 0 0 0 0 0 0 0 0 0 0 0
 0 0 0 0 0 0 0.0133647 0.0140871 0.0187388 0.0205184 0.03894 0.0496705 0.03968 0.0493445 0.0407372 0.0367815 0.0215668 0.0243155 0.0234873 0.0199281 0.019796 0.0243948 0.0301388 0.0376714 0.0412746 0.0863199 0.0771752 0.113111 0.0741005 0.0525337 0.0229764 0.00759418 0.00175318 0 0 0
 0 0 0 0 0 0 0 0 0 0 0.00219441 0.00772107 0.0458388 0.0604681 0.0671733 0.0775358 0.0609151 0.0617685 0.073594 0.0568108 0.0755445 0.0548602 0.0670107 0.0636378 0.0643287 0.046367 0.0373049 0.0286899 0.0247887 0.0153202 0.00654259 0.00121912 0.000365735 0 0 0
 0 0 0 0 0 0 0 0 0 0 0 0 0.000112435 0.00938835 0.0111873 0.0202946 0.0414886 0.0713402 0.111592 0.104902 0.108894 0.110636 0.117776 0.105296 0.107544 0.0401394 0.0192827 0.0124803 0.00416011 0.0028671 0.000618394 0 0 0 0 0
 0 0 0 0 0 0 0 0 0 0 0.00291406 0.0102884 0.027416 0.0768956 0.0749926 0.110853 0.0956884 0.0897413 0.0766577 0.0534642 0.0500743 0.0551293 0.0594112 0.0620874 0.0668451 0.0424026 0.0208742 0.0120726 0.0048766 0.00582813 0.00118941 0.000297354 0 0 0 0
 0 0.00264628 0.0354308 0.0461629 0.0458689 0.0383711 0.0214643 0.0164657 0.0346957 0.0420465 0.0363128 0.0245516 0.0311673 0.0291091 0.0169068 0.0133784 0.00837989 0.0085269 0.0148486 0.0160247 0.0276389 0.0546898 0.0760071 0.122758 0.109233 0.0665981 0.0333725 0.0166128 0.00676272 0.00308733 0.000882094 0 0 0 0 0
 0 0 0 0 0 0 0 0.000805153 0.000690131 0.00759144 0.0133425 0.0154129 0.00931677 0.000345066 0.00356568 0.00563607 0.00851162 0.0253048 0.0502646 0.0516448 0.0657925 0.0565908 0.0611916 0.0827007 0.0866115 0.110766 0.145733 0.0935128 0.0569358 0.0249597 0.0138026 0.00621118 0.00161031 0.00115022 0 0
 0 0 0 0 0 0 0 0 0 0 0 0 0 0 0 0 0 0 0 0 0 0 0 0 0 0 0 0 0 0 0 0 0 0 0 0
 0.00147267 0.00158595 0.00478618 0.00569244 0.00954404 0.0108468 0.00647125 0.017049 0.0510054 0.094081 0.124002 0.0959785 0.0687766 0.0820023 0.061753 0.0591476 0.0492212 0.0479892 0.0443925 0.0268479 0.0217502 0.0140895 0.0121071 0.0120363 0.00920419 0.00665534 0.0049561 0.00860946 0.00930331 0.0156896 0.0114698 0.00855282 0.00243557 0.00046729 0 2.83206e-05
 0 0 0 0 0.000772559 0.00158375 0.000888443 0.00281984 0.00712685 0.0440552 0.0773331 0.111326 0.0921469 0.0852325 0.0710754 0.0886704 0.0786465 0.0553345 0.0373146 0.0185414 0.00753245 0.00457741 0.012979 0.0271748 0.0457355 0.0583668 0.034881 0.0177882 0.00938659 0.00492506 0.0015258 0.00185414 0.000309023 5.79419e-05 3.86279e-05 0
 0 0.00173294 0.00326652 0 0.00397197 0.00683976 0.00946217 0.0152591 0.00757587 0.0136028 0.0228656 0.0392903 0.0559909 0.0764795 0.0681675 0.0726916 0.0566044 0.0477403 0.0527397 0.0444891 0.0609904 0.0582453 0.0661739 0.0445044 0.0529084 0.0360697 0.0280645 0.0235558 0.0158879 0.00826598 0.00280645 0.00217768 0.000904811 0.00058276 9.20147e-05 0
 0 0 0 0 0 0 0 0 0 0 0 0 0 0 0 0 0 0 0 0 0 0 0 0 0 0 0 0 0 0 0 0 0 0 0 0
 0 0 0 0 0 0 0 0 0 0 0 0 0 0 0 0 0 0 0 0 0 0 0 0 0 0 0 0 0 0 0 0 0 0 0 0
 0 0 0 0 0 0 0 0 0 0 0 0 0 0 0 0 0 0 0 0 0 0 0 0 0 0 0 0 0 0 0 0 0 0 0 0
ppred_pel_tallas
 1.03828e-16 1.50548e-05 8.8305e-05 0.000419649 0.00161548 0.00503756 0.0127249 0.0260397 0.0431749 0.0580164 0.0632224 0.0559785 0.0405337 0.0245902 0.013684 0.00901761 0.00912503 0.0122073 0.0171151 0.0232108 0.0299805 0.0368252 0.0430524 0.0479815 0.0510834 0.0520914 0.0510476 0.048265 0.0442288 0.0394704 0.0344598 0.029542 0.0249262 0.020712 0.0169312 0.013586
 1.04662e-16 2.91389e-05 0.000171021 0.000812955 0.00312992 0.00976036 0.0246538 0.0504448 0.0836173 0.112294 0.122193 0.107771 0.0771214 0.0449596 0.021732 0.00943352 0.00488809 0.0043656 0.00559956 0.00762436 0.0100801 0.0127726 0.0155181 0.0181246 0.0204145 0.0222507 0.0235504 0.0242833 0.0244581 0.0241051 0.0232643 0.0219816 0.0203132 0.018332 0.0161308 0.0138185
 1.0612e-16 1.62171e-05 9.51309e-05 0.000452104 0.00174045 0.00542726 0.0137092 0.0280537 0.0465126 0.0624972 0.0680936 0.0602641 0.0435768 0.0263156 0.0144248 0.00917469 0.00895774 0.0118101 0.0164774 0.0222736 0.0286704 0.0350743 0.040815 0.0452513 0.0479084 0.048584 0.0473852 0.0446802 0.0409863 0.0368353 0.0326601 0.0287344 0.0251715 0.0219653 0.0190505 0.0163555
 1.01575e-16 3.85826e-05 0.00022647 0.00107658 0.00414498 0.0129258 0.0326494 0.0668037 0.11073 0.148693 0.16177 0.142605 0.101888 0.0590729 0.0279414 0.0110698 0.00417994 0.00226598 0.00228409 0.00295468 0.00385455 0.00483639 0.00581141 0.00670063 0.00743674 0.00797371 0.00829208 0.00839665 0.00830891 0.00805733 0.00766973 0.00716986 0.00657836 0.00591562 0.00520478 0.00447269
 1.00591e-16 3.58624e-05 0.00021049 0.00100059 0.00385235 0.0120132 0.0303444 0.0620885 0.102917 0.138212 0.150393 0.132637 0.0949005 0.0552924 0.0266609 0.0114457 0.00571281 0.00483457 0.00597129 0.00787255 0.0100271 0.0121327 0.0139203 0.0151484 0.0156474 0.0153584 0.0143477 0.0127866 0.0109075 0.00894876 0.00710697 0.00550987 0.00421161 0.00320659 0.00245226 0.00189186
 1.01558e-16 2.29906e-05 0.0001349 0.000641177 0.00246844 0.00769749 0.0194435 0.0397862 0.0659582 0.0886045 0.0964839 0.0852594 0.0613667 0.0364904 0.0189732 0.0105101 0.00871148 0.0107061 0.0146861 0.0197381 0.0252777 0.0307235 0.0354425 0.0388359 0.0404667 0.0401602 0.0380414 0.0344919 0.030047 0.0252679 0.0206295 0.0164557 0.0129061 0.0100056 0.0076935 0.00587216
 1.01709e-16 3.46733e-05 0.000203514 0.000967431 0.00372469 0.0116151 0.0293388 0.0600306 0.0995054 0.133627 0.145397 0.128212 0.0916948 0.0533457 0.0255766 0.010736 0.00501354 0.00393684 0.00477741 0.0063627 0.00825449 0.0102298 0.0120982 0.0136784 0.0148233 0.0154466 0.0155353 0.0151424 0.0143649 0.0133151 0.012097 0.0107926 0.00946009 0.00814012 0.00686381 0.00565881
 1.01002e-16 3.48763e-05 0.000204701 0.000973067 0.00374638 0.0116827 0.0295097 0.0603805 0.100087 0.134411 0.14626 0.128997 0.0923071 0.0538045 0.025987 0.0112322 0.00571988 0.004955 0.00618007 0.00818054 0.0104572 0.0127099 0.0146674 0.0160832 0.0167793 0.0166867 0.0158598 0.0144573 0.0126993 0.0108137 0.00899022 0.00735395 0.00596176 0.00481572 0.00388504 0.00312705
 1.00644e-16 3.61682e-05 0.000212288 0.00100914 0.00388527 0.0121159 0.0306037 0.0626188 0.103796 0.13939 0.151671 0.133753 0.0956764 0.0556986 0.0267713 0.0113479 0.0054541 0.0044196 0.0053838 0.00709792 0.00906852 0.0110205 0.0127149 0.0139358 0.0145269 0.0144262 0.0136789 0.0124218 0.0108467 0.00915352 0.00751129 0.00603414 0.00477744 0.0037484 0.00292412 0.00226914
 1.0057e-16 3.56598e-05 0.000209301 0.000994938 0.00383059 0.0119454 0.030173 0.0617377 0.102336 0.137431 0.149543 0.131886 0.0943602 0.0549723 0.026497 0.0113598 0.00564927 0.00476486 0.00588563 0.00777257 0.00992316 0.0120431 0.0138703 0.0151673 0.0157632 0.0155922 0.0147082 0.0132665 0.0114831 0.00958284 0.007755 0.0061269 0.00475916 0.00365766 0.00279376 0.00212425
 1.01852e-16 1.94831e-05 0.000114302 0.000543236 0.00209132 0.00652143 0.016473 0.0337088 0.0558868 0.0750869 0.081795 0.0723524 0.0522359 0.0313804 0.0169023 0.0102948 0.00959019 0.0123958 0.0171836 0.0231284 0.02962 0.0359941 0.0415115 0.0454713 0.0473624 0.0469824 0.0444808 0.0403078 0.0350937 0.0294975 0.0240757 0.0192061 0.0150727 0.0117011 0.00901672 0.0069024
 1.05693e-16 1.8292e-05 0.000107325 0.000510105 0.00196381 0.00612386 0.0154686 0.0316523 0.0524733 0.0704885 0.0767539 0.0678179 0.0487986 0.0289907 0.015032 0.00827692 0.0068401 0.00846883 0.0117773 0.0161137 0.0211054 0.0263868 0.0315328 0.0361021 0.0397134 0.0421129 0.043207 0.0430511 0.041806 0.0396809 0.0368856 0.0336044 0.029995 0.0261982 0.0223512 0.0185912
 1.03926e-16 3.21137e-05 0.000188486 0.000895989 0.00344962 0.0107573 0.0271721 0.0555974 0.0921574 0.123761 0.134665 0.118757 0.0849514 0.0494603 0.0237854 0.0101102 0.00491542 0.00406929 0.00505418 0.00679082 0.00887613 0.011102 0.0132862 0.0152522 0.0168529 0.0179952 0.0186517 0.0188508 0.018656 0.0181393 0.0173611 0.0163632 0.0151729 0.0138144 0.0123199 0.0107361
 1.02314e-16 2.97904e-05 0.000174835 0.000831064 0.0031996 0.00997764 0.0252028 0.051569 0.0854838 0.11481 0.124956 0.110267 0.0790354 0.0463326 0.0228724 0.010733 0.0066992 0.00696661 0.00918608 0.0122827 0.0157416 0.0191722 0.0221833 0.0244111 0.0255912 0.0256193 0.0245713 0.0226763 0.0202516 0.0176239 0.0150623 0.0127403 0.0107326 0.00903586 0.00760315 0.0063749
 1.01249e-16 3.44015e-05 0.000201914 0.000959819 0.00369537 0.0115237 0.0291079 0.0595584 0.0987238 0.132581 0.144267 0.127237 0.0910445 0.0530609 0.0256144 0.0110496 0.00559888 0.00483054 0.00602923 0.00800431 0.0102731 0.0125504 0.0145779 0.0161173 0.0169911 0.0171203 0.0165396 0.0153813 0.0138372 0.0121103 0.0103738 0.00874715 0.00729258 0.00602627 0.00493671 0.00400177
 1.0082e-16 3.44013e-05 0.000201911 0.0009598 0.00369529 0.0115234 0.0291073 0.0595573 0.0987225 0.132581 0.144272 0.127252 0.0910772 0.0531254 0.0257297 0.0112421 0.00590079 0.00527654 0.00664946 0.00881487 0.0112659 0.0136851 0.0157796 0.0172818 0.0179984 0.017854 0.0169072 0.0153308 0.0133655 0.0112616 0.00922914 0.00740919 0.00586837 0.00461287 0.00361134 0.00281727
 1.01374e-16 2.80407e-05 0.000164558 0.000782197 0.00301144 0.00939084 0.0237207 0.0485367 0.0804592 0.108067 0.117632 0.103839 0.0745049 0.0438311 0.021925 0.0107699 0.00736677 0.00815409 0.0109218 0.0146322 0.0187432 0.0228009 0.0263345 0.0289016 0.0301788 0.0300343 0.0285563 0.0260207 0.0228162 0.0193504 0.0159683 0.012905 0.0102769 0.00810339 0.00634293 0.0049286
 1.02254e-16 2.85891e-05 0.000167783 0.000797541 0.00307054 0.00957514 0.0241861 0.0494887 0.0820355 0.110179 0.119916 0.105822 0.0758528 0.0444751 0.0219724 0.0103429 0.00650711 0.0068231 0.00904811 0.0121644 0.0156918 0.0192668 0.0225183 0.02509 0.0267073 0.0272343 0.0266968 0.0252621 0.023186 0.0207464 0.0181861 0.0156803 0.0133312 0.0111834 0.00924725 0.00751948
 1.02788e-16 2.73839e-05 0.000160706 0.00076389 0.00294096 0.00917107 0.0231655 0.0474006 0.078575 0.105534 0.114868 0.101384 0.0727105 0.0427096 0.0212432 0.0102387 0.00676007 0.00732837 0.00979609 0.0131761 0.0169815 0.0208242 0.0243023 0.0270319 0.0287211 0.0292316 0.0286031 0.027029 0.0247961 0.02221 0.0195314 0.0169412 0.014536 0.0123473 0.0103702 0.00858873
 1.0128e-16 3.68395e-05 0.000216232 0.0010279 0.00395752 0.0123412 0.0311728 0.0637829 0.105724 0.141976 0.154475 0.136203 0.0973791 0.0565895 0.0270123 0.0111298 0.00487874 0.00349344 0.00406533 0.00534686 0.00688137 0.00845259 0.00988885 0.0110345 0.0117709 0.01204 0.0118536 0.0112845 0.0104423 0.00944493 0.00839348 0.00735862 0.00637925 0.00546996 0.00463218 0.00386374
 1.01098e-16 3.05253e-05 0.000179148 0.000851564 0.00327853 0.0102238 0.0258245 0.0528411 0.0875928 0.117643 0.128041 0.112993 0.0809981 0.0475 0.0234795 0.0110679 0.00697148 0.00729066 0.00961281 0.0128259 0.0163863 0.0198741 0.0228674 0.0249764 0.0259215 0.0255988 0.0241034 0.0216992 0.0187488 0.0156273 0.0126473 0.0100156 0.00782546 0.00607829 0.00471814 0.00366652
 1.01955e-16 2.81263e-05 0.000165064 0.000784609 0.00302073 0.00941983 0.0237939 0.0486863 0.0807061 0.108396 0.117981 0.104129 0.0746709 0.0438455 0.0217788 0.0104474 0.00683187 0.00735523 0.00980882 0.0131773 0.0169607 0.0207627 0.0241738 0.0268034 0.028355 0.0286895 0.0278506 0.0260409 0.0235617 0.0207365 0.0178461 0.0150902 0.0125805 0.010358 0.00841969 0.00674439
 1.01895e-16 3.25138e-05 0.00019083 0.000907123 0.00349248 0.010891 0.0275097 0.0562885 0.0933043 0.125305 0.136356 0.120273 0.0860912 0.0502346 0.0243638 0.0107069 0.00571583 0.00521375 0.00664098 0.00887068 0.0114348 0.0140412 0.0164157 0.0182999 0.0194957 0.0199061 0.0195516 0.0185543 0.0170996 0.0153867 0.0135877 0.0118241 0.0101642 0.00863488 0.00723993 0.00597566
 1.02164e-16 2.74266e-05 0.000160953 0.000765061 0.00294546 0.00918509 0.023201 0.0474733 0.0786964 0.1057 0.115055 0.101564 0.0728723 0.0428704 0.0214445 0.010535 0.00721007 0.00798861 0.0107129 0.0143734 0.0184468 0.0224967 0.0260696 0.0287378 0.0301856 0.0302797 0.0290959 0.026888 0.0240164 0.0208585 0.0177317 0.0148504 0.0123189 0.0101544 0.00832177 0.00676755
 1.06694e-16 5.06441e-06 2.96409e-05 0.000140726 0.000541514 0.0016884 0.00426536 0.00873193 0.014491 0.0195122 0.0213681 0.0191692 0.0144228 0.00983342 0.00742416 0.00780082 0.0106787 0.0156131 0.022263 0.0302829 0.0391587 0.0481538 0.0563826 0.0629695 0.0672332 0.0688302 0.0678125 0.0645773 0.0597372 0.0539582 0.0478204 0.04174 0.0359599 0.0305875 0.0256536 0.0211633
pSPR Fmed_Fpbrs
0.539679   0.350316 0.350316
Fs Fmed_Fpbrs
0.457326   1.005 1.005
SSBpbr Bo_Bmed_Bpbrs
908833  445036  272937 272937
Ro
29143.9
SPR SPRFo_SPRFmed_SPRFpbrs
599280 323419 209937
log_Ro
10.1
likeval ReclasPelacesDesembMPH_pf_preclas_ppelaces_ptallas_desvR_qrecl_qpela
 86.6574 70.9711 0.0521549 0.000177145 326.855 191.654 79.7924 0 27.5365 1.77148e-05 0 0 0 0 0
q_reclas_q_pelaces
0.550781 1
M
0.7
N
 16384.6 24953.1 11285.6 1517.9 0.19161
 32196.2 7822.17 9455.48 4276.43 575.248
 5087.92 14960.5 2461.44 2975.4 1526.7
 25329.2 2085.72 1991.04 327.586 599.171
 56687 11553.3 577.835 551.606 256.752
 25133.4 27846.7 5326.04 266.38 372.651
 58775.2 11489.3 7832.57 1498.08 179.743
 74907.4 27303.9 3609.12 2460.42 527.049
 111972 32955.6 5903.29 780.316 645.912
 195756 49598.4 7465.82 1337.34 323.1
 61263 91503.6 16257.7 2447.19 544.271
 30906.4 28163.6 26752.9 4753.27 874.616
 49796.7 14297.1 8594.39 8163.9 1717.4
 22097.5 21828.8 3015.1 1812.46 2083.86
 14783.8 8883.19 2540.19 350.863 453.41
 16162.4 5825.63 901.346 257.744 81.6066
 11241.5 7259.99 1452.75 224.77 84.6244
 11267.9 5177.8 2150.68 430.358 91.6543
 10190.3 5282.46 1731.66 719.274 174.582
 29547.2 4789.52 1797.99 589.406 304.242
 33579.3 13744.4 1518.38 570.003 283.306
 36468.8 16299.5 5837.1 644.84 362.39
 65963.7 17595.8 6641.79 2378.53 410.431
 59520.3 31562 6770.35 2555.57 1073.11
 4814.86 28508.2 12230 2623.44 1406.08
pred_Ctot
 456.026 4318.45 1953.11 262.691 0.0331605
 1494.06 2115.22 2556.88 1156.4 155.555
 645.569 8467.83 1393.21 1684.12 864.134
 1491.43 685.559 654.44 107.675 196.943
 439.383 598.023 29.9099 28.5522 13.29
 1442.86 8969.03 1715.44 85.7973 120.025
 2737.56 3116.53 2124.61 406.36 48.756
 6186.94 11619.2 1535.86 1047.03 224.286
 8754.69 13473 2413.4 319.011 264.063
 8292.7 12416.7 1869.03 334.796 80.8864
 3285.64 27892.7 4955.78 745.97 165.908
 1527.76 8028.08 7625.95 1354.93 249.31
 4229.49 6207.92 3731.76 3544.84 745.711
 3064.02 13011.5 1797.21 1080.35 1242.12
 2224.58 5539.88 1584.15 218.811 282.762
 1115.82 2168.83 335.563 95.9557 30.3814
 588.435 2169.53 434.129 67.1687 25.2886
 454.827 1243.73 516.604 103.374 22.0158
 393.481 1221.24 400.34 166.288 40.3612
 1349.44 1277.9 479.726 157.261 81.1754
 544.522 1444.07 159.53 59.8879 29.7658
 745.757 2127.34 761.833 84.1616 47.2976
 1733.75 2891.42 1091.41 390.853 67.4442
 1521.92 5058.31 1085.06 409.572 171.984
 134.354 4945.12 2121.44 455.07 243.903
F
 0.0393786 0.270405 0.270405 0.270405 0.270405
 0.0664377 0.456215 0.456215 0.456215 0.456215
 0.191756 1.31675 1.31675 1.31675 1.31675
 0.0849855 0.583579 0.583579 0.583579 0.583579
 0.0108295 0.0743643 0.0743643 0.0743643 0.0743643
 0.0827786 0.568425 0.568425 0.568425 0.568425
 0.0666914 0.457957 0.457957 0.457957 0.457957
 0.121092 0.831519 0.831519 0.831519 0.831519
 0.114293 0.784826 0.784826 0.784826 0.784826
 0.0604928 0.415392 0.415392 0.415392 0.415392
 0.0771441 0.529734 0.529734 0.529734 0.529734
 0.0709095 0.486922 0.486922 0.486922 0.486922
 0.124719 0.856423 0.856423 0.856423 0.856423
 0.211305 1.45099 1.45099 1.45099 1.45099
 0.231261 1.58803 1.58803 1.58803 1.58803
 0.10031 0.688812 0.688812 0.688812 0.688812
 0.0752304 0.516593 0.516593 0.516593 0.516593
 0.0575667 0.395299 0.395299 0.395299 0.395299
 0.0550069 0.377722 0.377722 0.377722 0.377722
 0.0653555 0.448784 0.448784 0.448784 0.448784
 0.0227762 0.1564 0.1564 0.1564 0.1564
 0.0287981 0.197751 0.197751 0.197751 0.197751
 0.0371504 0.255105 0.255105 0.255105 0.255105
 0.0361253 0.248066 0.248066 0.248066 0.248066
 0.0394814 0.271111 0.271111 0.271111 0.271111
YTP_r0W_actual
 1504.76 108793 70007.6 18703.4 10439
YTP_p0W_proyectada
 22397.8 23722.5 162440 90904.8 30714.9
 22397.8 118151 6286.8 38517.7 22310.4
CTP_r0_actual
 134.354 4945.12 2121.44 455.07 243.903
CTP_p0_proyectada
 2635.04 1108.53 5206.4 2233.53 660.536
 2635.04 5521.06 201.5 946.38 479.793
Wmedp
 8.5 21.4 31.2 40.7 46.5
nmprior
 10.6 11 7 0
nm_flota  nm_reclas  nm_pelaces    nm_pelaL
inf 28.388 22.8245 58.3339
cv_recla  cv_pelaces  cv_mph
0.84203 0.955241 0.43182
 ------------------------------------------------
Talla a la edad & desviaci?n 
 7.2 14.2025 17.0495 18.207 18.6776
 1.08 2.13037 2.55742 2.73105 2.80164
