years
 1997 1998 1999 2000 2001 2002 2003 2004 2005 2006 2007 2008 2009 2010 2011 2012 2013 2014 2015 2016 2017 2018 2019 2020 2021
reclasobs
 0 0 0 370054 412103 1.49427e+06 250295 1.28982e+06 931140 785840 897777 1.04006e+06 184774 17550 25797 100020 73551 82996 120727 218422 84188 347160 605670 569463 516374
reclaspred
 624278 174295 518937 152339 201843 221767 452010 422024 622912 1.09573e+06 1.29787e+06 855522 450202 194199 127275 120887 125741 140944 93420.8 163427 363667 300906 432272 544509 445824
pelacesobs
 0 0 0 0 0 0 0 0 0 2.06254e+06 1.5e+06 0 1.87456e+06 323000 250000 174000 83755 137374 0 501740 490994 745055 786931 1.00524e+06 1.33801e+06
pelacespred
 248693 105232 132101 105791 117618 86935.1 257526 233671 337811 629261 669507 454091 242549 82670.2 53196.8 57515.2 62462.6 69207.8 47389.6 80864.1 192971 181351 193447 267251 214994
mphobs
 0 0 0 0 0 112323 0 153150 637223 0 255016 313432 73983 77613 109348 50772 0 0 0 0 0 0 0 0 0
mphpred
 554008 162143 353302 211556 116462 253742 237722 423565 444729 721962 1.26709e+06 942467 501564 263210 115503 103909 104985 120994 105701 81852.2 255144 317693 292420 449749 461959
desembarqueobs
 350755 77701 442110 56441 14545 235359 269955 359681 431902 328805 639364 411747 362871 311530 167758 66681 60226 58785 57116 73181 50977 67692 138656 160484 209506
desembarquepred
 350573 77630.5 441631 56468.2 14540.1 234746 269757 359295 430767 328298 637954 411201 362069 310621 167343 66656.7 60167.9 58706.2 57006.5 73096.1 50973.6 67629.1 138334 160202 209143
Reclutas
 968.967 89064.7 368.891 1272.06 44796.8 6393.17 66097 61035 108966 215461 72343.7 15486.6 49768.4 26501.5 20814 14429.3 10854.9 7750.57 2519.86 36598.7 29027.1 16370.4 67671.4 36350.8 284.245
log_desv_Rt
 -2.80377 1.71712 -3.7695 -2.5316 1.02989 -0.917015 1.41888 1.3392 1.91879 2.60054 1.50918 -0.0322669 1.13513 0.504957 0.263383 -0.102983 -0.387629 -0.724478 -1.84804 0.827768 0.595986 0.0232297 1.44242 0.82097 -4.03016
SSB
 554008 162143 353302 211556 116462 253742 237722 423565 444729 721962 1.26709e+06 942467 501564 263210 115503 103909 104985 120994 105701 81852.2 255144 317693 292420 449749 461959
BT
 700578 332964 452283 256925 338123 346891 1.06783e+06 953114 1.36094e+06 2.02261e+06 1.95884e+06 1.22762e+06 906649 477898 279042 183722 193922 197236 141096 300786 498416 410527 548893 683954 556784
Ftot
 0.527897 0.428035 0.778308 0.354158 0.0703812 0.949951 0.56835 0.791413 0.65266 0.289475 0.466221 0.45535 0.745556 1.37562 1.17596 0.521769 0.455457 0.397641 0.572025 0.42977 0.136337 0.217243 0.308072 0.283214 0.444478
BD_Bspro_t
 0.919238 0.58182 0.630761 0.322217 0.305649 0.536478 0.40043 0.500318 0.465407 0.529489 0.627878 0.478994 0.337771 0.24264 0.140974 0.15235 0.201687 0.289251 0.310507 0.31943 0.604061 0.700026 0.657181 0.675944 0.610545
BD_Bspro
 1.68447 0.492998 1.07422 0.643239 0.354103 0.771505 0.722798 1.28786 1.3522 2.19513 3.85261 2.86558 1.52501 0.800293 0.351189 0.315938 0.319209 0.367884 0.321384 0.248873 0.775768 0.96595 0.889106 1.36747 1.40459
BD_Bo
 0.652214 0.190885 0.415929 0.249057 0.137106 0.298721 0.279862 0.498648 0.523563 0.849939 1.4917 1.10953 0.590473 0.309867 0.135978 0.122329 0.123595 0.142442 0.124437 0.0963616 0.300372 0.374009 0.344255 0.529473 0.543848
BD_Brms
 3.17232 0.928452 2.02305 1.2114 0.666874 1.45296 1.36123 2.42539 2.54657 4.13405 7.25554 5.39669 2.87202 1.50717 0.661387 0.594999 0.60116 0.692827 0.605255 0.468696 1.46099 1.81915 1.67443 2.57532 2.64524
S_f
 0.5 1 1 1 1
 0.5 1 1 1 1
 0.5 1 1 1 1
 0.5 1 1 1 1
 0.5 1 1 1 1
 0.5 1 1 1 1
 0.5 1 1 1 1
 0.5 1 1 1 1
 0.5 1 1 1 1
 0.5 1 1 1 1
 0.5 1 1 1 1
 0.5 1 1 1 1
 0.5 1 1 1 1
 0.5 1 1 1 1
 0.5 1 1 1 1
 0.5 1 1 1 1
 0.5 1 1 1 1
 0.5 1 1 1 1
 0.5 1 1 1 1
 0.5 1 1 1 1
 0.5 1 1 1 1
 0.5 1 1 1 1
 0.5 1 1 1 1
 0.5 1 1 1 1
 0.5 1 1 1 1
Scru_reclas
 0.5 1 1 1 1
 0.5 1 1 1 1
 0.5 1 1 1 1
 0.5 1 1 1 1
 0.5 1 1 1 1
 0.5 1 1 1 1
 0.5 1 1 1 1
 0.5 1 1 1 1
 0.5 1 1 1 1
 0.5 1 1 1 1
 0.5 1 1 1 1
 0.5 1 1 1 1
 0.5 1 1 1 1
 0.5 1 1 1 1
 0.5 1 1 1 1
 0.5 1 1 1 1
 0.5 1 1 1 1
 0.5 1 1 1 1
 0.5 1 1 1 1
 0.5 1 1 1 1
 0.5 1 1 1 1
 0.5 1 1 1 1
 0.5 1 1 1 1
 0.5 1 1 1 1
 0.5 1 1 1 1
Scru_pelaces
 0.5 1 1 1 1
 0.5 1 1 1 1
 0.5 1 1 1 1
 0.5 1 1 1 1
 0.5 1 1 1 1
 0.5 1 1 1 1
 0.5 1 1 1 1
 0.5 1 1 1 1
 0.5 1 1 1 1
 0.5 1 1 1 1
 0.5 1 1 1 1
 0.5 1 1 1 1
 0.5 1 1 1 1
 0.5 1 1 1 1
 0.5 1 1 1 1
 0.5 1 1 1 1
 0.5 1 1 1 1
 0.5 1 1 1 1
 0.5 1 1 1 1
 0.5 1 1 1 1
 0.5 1 1 1 1
 0.5 1 1 1 1
 0.5 1 1 1 1
 0.5 1 1 1 1
 0.5 1 1 1 1
pf_obs 
 0.256992 0.487395 0.22802 0.0275931 0
 0.321318 0.546541 0.124235 0.00734118 0.000564706
 0.182869 0.594174 0.210203 0.0122559 0.00049798
 0.330522 0.361315 0.267642 0.0388342 0.00168674
 0.649043 0.306663 0.0425973 0.00169635 0
 0.582887 0.30429 0.105238 0.00758474 0
 0.465427 0.430635 0.0974691 0.00646863 0
 0.296916 0.608066 0.0921331 0.00288517 0
 0.311714 0.524322 0.152257 0.0117073 0
 0.15457 0.633149 0.183074 0.0267441 0.00246327
 0.131901 0.49318 0.331252 0.0422183 0.00144891
 0.196976 0.569456 0.194076 0.0375587 0.00193317
 0.518974 0.381816 0.0799577 0.0180837 0.00116848
 0.0928022 0.601141 0.25162 0.0475244 0.00691264
 0.122501 0.610282 0.24278 0.0234846 0.000952079
 0.383417 0.481906 0.127806 0.00687128 0
 0.0376549 0.599619 0.316969 0.0457579 0
 0.0361596 0.667082 0.258105 0.0386534 0
 0.158088 0.579412 0.248529 0.0139706 0
 0.0477256 0.309471 0.559284 0.082774 0.000745712
 0.0406174 0.521527 0.379366 0.0568643 0.0016247
 0.151134 0.462217 0.34131 0.0453401 0
 0.294876 0.26143 0.354403 0.0886775 0.000613685
 0.281977 0.475581 0.204845 0.0348837 0.00271318
 0.0841818 0.532909 0.334909 0.0458182 0.00218182
pf_pred 
 0.0277895 0.489425 0.243041 0.120691 0.119053
 0.891869 0.00677013 0.0510263 0.0253389 0.0249952
 0.00568741 0.943816 0.0031616 0.0238289 0.0235056
 0.0729981 0.0132239 0.867372 0.00290553 0.0435007
 0.864618 0.0201147 0.00164431 0.107853 0.00577036
 0.14241 0.796457 0.00908303 0.000742509 0.0513079
 0.852608 0.0453589 0.0947599 0.00108067 0.0061928
 0.57376 0.397221 0.00893031 0.0186564 0.00143201
 0.702082 0.230519 0.0628107 0.00141211 0.00317649
 0.714112 0.243387 0.0328853 0.00896045 0.0006546
 0.266535 0.619389 0.0971176 0.0131221 0.00383665
 0.119661 0.400104 0.405544 0.0635876 0.0111037
 0.527593 0.111956 0.163821 0.166048 0.030582
 0.423875 0.424346 0.0359703 0.0526339 0.0631752
 0.576686 0.294296 0.0950283 0.00805521 0.0259343
 0.527314 0.376964 0.0665484 0.0214885 0.00768597
 0.438393 0.405684 0.124347 0.021952 0.00962363
 0.38599 0.393444 0.159329 0.0488362 0.0124011
 0.208031 0.463551 0.210443 0.0852211 0.0327543
 0.890898 0.0418505 0.0393634 0.0178702 0.0100181
 0.491733 0.482221 0.00999111 0.00939734 0.00665787
 0.298434 0.468571 0.221056 0.00458004 0.00735989
 0.701765 0.141698 0.10455 0.049323 0.0026641
 0.359382 0.536336 0.0495466 0.0365573 0.018178
 0.00543166 0.545991 0.375556 0.0346938 0.038327
pobs_RECLAS
 0 0 0 0 0
 0 0 0 0 0
 0 0 0 0 0
 0 0 0 0 0
 0.835266 0.146461 0.0176864 0.000547809 3.91292e-05
 0.385257 0.428462 0.181853 0.0044286 0
 0.867414 0.0963971 0.0333333 0.00285562 0
 0.441836 0.489002 0.0689373 0.000224442 0
 0.779404 0.147425 0.0564933 0.0165055 0.000172143
 0.814271 0.122319 0.05973 0.00367925 0
 0.40263 0.566651 0.0304383 0.000280538 0
 0.475488 0.404961 0.113038 0.00651328 0
 0.955842 0.0263864 0.0167828 0.000988607 0
 0.975058 0.0227948 0.00214734 0 0
 0.738997 0.206755 0.0527124 0.00153531 0
 0.850938 0.134255 0.0134407 0.00136685 0
 0.542534 0.407297 0.0501686 0 0
 0.764087 0.199537 0.0359546 0.000420521 0
 0.470689 0.182191 0.310203 0.0369168 0
 0.84361 0.089868 0.0606195 0.00523954 0.000663233
 0.607945 0.314616 0.071237 0.00620181 0
 0.523733 0.453247 0.0230204 0 0
 0.530135 0.295979 0.169645 0.0042399 0
 0.562478 0.366248 0.0663022 0.0049721 0
 0.250443 0.683176 0.0655157 0.000865301 0
ppred_RECLAS
 0.0284351 0.4891 0.24288 0.120611 0.118974
 0.893583 0.00666281 0.0502175 0.0249373 0.024599
 0.00592113 0.943595 0.00316086 0.0238233 0.0235001
 0.0739532 0.0132102 0.866478 0.00290253 0.0434559
 0.864873 0.0200767 0.00164121 0.107649 0.00575946
 0.149144 0.790202 0.0090117 0.000736678 0.050905
 0.855859 0.0443582 0.0926693 0.00105683 0.00605617
 0.583874 0.387796 0.00871841 0.0182137 0.00139803
 0.708649 0.225438 0.0614263 0.00138098 0.00310648
 0.716334 0.241496 0.0326297 0.00889082 0.000649513
 0.270467 0.616068 0.0965969 0.0130517 0.00381608
 0.121721 0.399168 0.404595 0.0634388 0.0110777
 0.537078 0.109708 0.160532 0.162714 0.029968
 0.447095 0.407243 0.0345206 0.0505125 0.060629
 0.59473 0.281752 0.0909776 0.00771186 0.0248289
 0.533108 0.372343 0.0657327 0.0212251 0.00759175
 0.443179 0.402227 0.123287 0.0217649 0.00954163
 0.389853 0.390968 0.158327 0.048529 0.012323
 0.212405 0.46099 0.209281 0.0847504 0.0325734
 0.892634 0.0411844 0.0387368 0.0175858 0.00985866
 0.49286 0.481152 0.00996896 0.0093765 0.00664311
 0.300051 0.46749 0.220546 0.00456948 0.00734292
 0.704225 0.140529 0.103688 0.0489162 0.00264212
 0.36183 0.534286 0.0493572 0.0364176 0.0181085
 0.00553418 0.545935 0.375518 0.0346902 0.0383231
pobs_PELACES
 0 0 0 0 0
 0 0 0 0 0
 0 0 0 0 0
 0 0 0 0 0
 0 0 0 0 0
 0 0 0 0 0
 0 0 0 0 0
 0 0 0 0 0
 0 0 0 0 0
 0 0 0 0 0
 0.450072 0.473896 0.0757376 0.000293798 0
 0 0 0 0 0
 0.463077 0.371075 0.160297 0.00555027 0
 0.529543 0.364841 0.0842815 0.0213345 0
 0.631943 0.363953 0.00410389 0 0
 0.735681 0.248677 0.0153453 0.000297389 0
 0.695825 0.281241 0.0229344 0 0
 0.275771 0.60734 0.115278 0.00161068 0
 0 0 0 0 0
 0.896147 0.0623911 0.0374545 0.00400742 0
 0.803859 0.145111 0.0509908 3.86294e-05 0
 0.739449 0.233085 0.0266225 0.000797448 4.60066e-05
 0.878498 0.100942 0.0204185 0.000141795 0
 0.694673 0.275183 0.0284847 0.00165964 0
 0.469039 0.446079 0.0841089 0.000773354 0
ppred_PELACES
 0.0309429 0.487838 0.242253 0.120299 0.118667
 0.900115 0.00625386 0.0471352 0.0234067 0.0230891
 0.00672705 0.94283 0.00315829 0.023804 0.0234811
 0.0780562 0.0131517 0.862639 0.00288967 0.0432633
 0.866225 0.0198759 0.00162479 0.106573 0.00570186
 0.170147 0.770697 0.00878926 0.000718494 0.0496485
 0.867047 0.0409154 0.0854769 0.000974805 0.00558613
 0.615213 0.35859 0.00806181 0.016842 0.00129274
 0.730373 0.208628 0.056846 0.00127801 0.00287484
 0.725939 0.233319 0.031525 0.00858979 0.000627521
 0.285911 0.603026 0.094552 0.0127754 0.00373529
 0.129984 0.395412 0.400788 0.0628419 0.0109735
 0.567486 0.102502 0.149987 0.152026 0.0279995
 0.50364 0.365594 0.0309902 0.0453466 0.0544284
 0.640512 0.249923 0.0807002 0.00684067 0.022024
 0.554462 0.355313 0.0627262 0.0202543 0.00724452
 0.461794 0.38878 0.119166 0.0210373 0.00922263
 0.405567 0.380899 0.154249 0.0472791 0.0120057
 0.228622 0.451498 0.204972 0.0830053 0.0319027
 0.899244 0.0386491 0.0363522 0.0165032 0.00925178
 0.498483 0.475817 0.00985842 0.00927253 0.00656945
 0.307633 0.462426 0.218157 0.00451998 0.00726338
 0.714702 0.135551 0.100015 0.0471835 0.00254854
 0.372689 0.525195 0.0485174 0.0357979 0.0178004
 0.0059528 0.545705 0.375359 0.0346756 0.038307
pobs_pel_tallas
 0 0 0 0 0 0 0 0 0 0 0 0 0 0 0 0 0 0 0 0 0 0 0 0 0 0 0 0 0 0 0 0 0 0 0 0
 0 0 0 0 0 0 0 0 0 0 0 0 0 0 0 0 0 0 0 0 0 0 0 0 0 0 0 0 0 0 0 0 0 0 0 0
 0 0 0 0 0 0 0 0 0 0 0 0 0 0 0 0 0 0 0 0 0 0 0 0 0 0 0 0 0 0 0 0 0 0 0 0
 0 0 0 0 0 0 0 0 0 0 0 0 0 0 0 0 0 0 0 0 0 0 0 0 0 0 0 0 0 0 0 0 0 0 0 0
 0 0 0 0 0 0 0 0 0 0 0 0 0 0 0 0 0 0 0 0 0 0 0 0 0 0 0 0 0 0 0 0 0 0 0 0
 0 0 0 0 0 0 0 0 0 0 0 0 0 0 0 0 0 0 0 0 0 0 0 0 0 0 0 0 0 0 0 0 0 0 0 0
 0 0 0 0 0 0 0 0 0 0 0 0 0 0 0 0 0 0 0 0 0 0 0 0 0 0 0 0 0 0 0 0 0 0 0 0
 0 0 0 0 0 0 0 0 0 0 0 0 0 0 0 0 0 0 0 0 0 0 0 0 0 0 0 0 0 0 0 0 0 0 0 0
 0 0 0 0 0 0 0 0 0 0 0 0 0 0 0 0 0 0 0 0 0 0 0 0 0 0 0 0 0 0 0 0 0 0 0 0
 0 0 0 0 0 0 0 0 0 0 0 0 0 0 0 0 0 0 0 0 0 0 0 0 0 0 0 0 0 0 0 0 0 0 0 0
 0 0 0 0 0 0 0 0 1.78061e-05 0.00172719 0.00360574 0.0105946 0.0120993 0.0124554 0.0147524 0.0171206 0.0266825 0.0428682 0.0675386 0.121331 0.153587 0.119568 0.100827 0.0573624 0.0630603 0.0341343 0.0324427 0.0444173 0.0211091 0.0280891 0.0125444 0.00206551 0 0 0 0
 0 0 0 0 0 0 0 0 0 0 0 0 0 0 0 0 0 0 0 0 0 0 0 0 0 0 0 0 0 0 0 0 0 0 0 0
 0 0 0 0 0 0 0.0133647 0.0140871 0.0187388 0.0205184 0.03894 0.0496705 0.03968 0.0493445 0.0407372 0.0367815 0.0215668 0.0243155 0.0234873 0.0199281 0.019796 0.0243948 0.0301388 0.0376714 0.0412746 0.0863199 0.0771752 0.113111 0.0741005 0.0525337 0.0229764 0.00759418 0.00175318 0 0 0
 0 0 0 0 0 0 0 0 0 0 0.00219441 0.00772107 0.0458388 0.0604681 0.0671733 0.0775358 0.0609151 0.0617685 0.073594 0.0568108 0.0755445 0.0548602 0.0670107 0.0636378 0.0643287 0.046367 0.0373049 0.0286899 0.0247887 0.0153202 0.00654259 0.00121912 0.000365735 0 0 0
 0 0 0 0 0 0 0 0 0 0 0 0 0.000112435 0.00938835 0.0111873 0.0202946 0.0414886 0.0713402 0.111592 0.104902 0.108894 0.110636 0.117776 0.105296 0.107544 0.0401394 0.0192827 0.0124803 0.00416011 0.0028671 0.000618394 0 0 0 0 0
 0 0 0 0 0 0 0 0 0 0 0.00291406 0.0102884 0.027416 0.0768956 0.0749926 0.110853 0.0956884 0.0897413 0.0766577 0.0534642 0.0500743 0.0551293 0.0594112 0.0620874 0.0668451 0.0424026 0.0208742 0.0120726 0.0048766 0.00582813 0.00118941 0.000297354 0 0 0 0
 0 0.00264628 0.0354308 0.0461629 0.0458689 0.0383711 0.0214643 0.0164657 0.0346957 0.0420465 0.0363128 0.0245516 0.0311673 0.0291091 0.0169068 0.0133784 0.00837989 0.0085269 0.0148486 0.0160247 0.0276389 0.0546898 0.0760071 0.122758 0.109233 0.0665981 0.0333725 0.0166128 0.00676272 0.00308733 0.000882094 0 0 0 0 0
 0 0 0 0 0 0 0 0.000805153 0.000690131 0.00759144 0.0133425 0.0154129 0.00931677 0.000345066 0.00356568 0.00563607 0.00851162 0.0253048 0.0502646 0.0516448 0.0657925 0.0565908 0.0611916 0.0827007 0.0866115 0.110766 0.145733 0.0935128 0.0569358 0.0249597 0.0138026 0.00621118 0.00161031 0.00115022 0 0
 0 0 0 0 0 0 0 0 0 0 0 0 0 0 0 0 0 0 0 0 0 0 0 0 0 0 0 0 0 0 0 0 0 0 0 0
 0.00147267 0.00158595 0.00478618 0.00569244 0.00954404 0.0108468 0.00647125 0.017049 0.0510054 0.094081 0.124002 0.0959785 0.0687766 0.0820023 0.061753 0.0591476 0.0492212 0.0479892 0.0443925 0.0268479 0.0217502 0.0140895 0.0121071 0.0120363 0.00920419 0.00665534 0.0049561 0.00860946 0.00930331 0.0156896 0.0114698 0.00855282 0.00243557 0.00046729 0 2.83206e-05
 0 0 0 0 0.000772559 0.00158375 0.000888443 0.00281984 0.00712685 0.0440552 0.0773331 0.111326 0.0921469 0.0852325 0.0710754 0.0886704 0.0786465 0.0553345 0.0373146 0.0185414 0.00753245 0.00457741 0.012979 0.0271748 0.0457355 0.0583668 0.034881 0.0177882 0.00938659 0.00492506 0.0015258 0.00185414 0.000309023 5.79419e-05 3.86279e-05 0
 0 0.00173294 0.00326652 0 0.00397197 0.00683976 0.00946217 0.0152591 0.00757587 0.0136028 0.0228656 0.0392903 0.0559909 0.0764795 0.0681675 0.0726916 0.0566044 0.0477403 0.0527397 0.0444891 0.0609904 0.0582453 0.0661739 0.0445044 0.0529084 0.0360697 0.0280645 0.0235558 0.0158879 0.00826598 0.00280645 0.00217768 0.000904811 0.00058276 9.20147e-05 0
 0 0 0 0 0 0 0 0 0 0 0 0 0 0 0 0 0 0 0 0 0 0 0 0 0 0 0 0 0 0 0 0 0 0 0 0
 0 0 0 0 0 0 0 0 0 0 0 0 0 0 0 0 0 0 0 0 0 0 0 0 0 0 0 0 0 0 0 0 0 0 0 0
 0 0 0 0 0 0 0 0 0 0 0 0 0 0 0 0 0 0 0 0 0 0 0 0 0 0 0 0 0 0 0 0 0 0 0 0
ppred_pel_tallas
 1.13277e-16 1.38188e-06 8.02888e-06 3.79973e-05 0.00014601 0.000455057 0.00114996 0.00235703 0.00392255 0.00531489 0.00590771 0.00550627 0.0045865 0.00398086 0.00437728 0.00611406 0.00929826 0.0139616 0.0200789 0.0274889 0.0358196 0.0444829 0.0527479 0.0598751 0.0652682 0.0685902 0.0698099 0.0691592 0.0670292 0.063843 0.0599545 0.0556007 0.0509108 0.0459511 0.0407797 0.0354849
 1.02555e-16 3.92622e-05 0.000230464 0.00109558 0.00421814 0.0131539 0.0332256 0.0679824 0.112682 0.151311 0.164609 0.145084 0.103609 0.0599686 0.0281738 0.0108292 0.00356508 0.00127824 0.000875493 0.00107849 0.00150239 0.00206192 0.00274027 0.00352455 0.00439142 0.00530449 0.00621519 0.0070658 0.00779471 0.00834343 0.00866436 0.0087279 0.0085274 0.00808037 0.00742615 0.00661995
 1.02267e-16 3.44104e-07 1.89509e-06 8.74538e-06 3.32289e-05 0.000103241 0.00026184 0.00054318 0.000928418 0.00133157 0.00167239 0.00200641 0.00259484 0.0038509 0.0062317 0.0101678 0.0160246 0.0240319 0.0341592 0.0459827 0.0586157 0.0707632 0.0809179 0.0876667 0.090021 0.0876627 0.0810269 0.0711808 0.0595547 0.0476073 0.036538 0.0271182 0.0196621 0.01411 0.0101683 0.00745147
 1.14371e-16 3.41892e-06 2.0027e-05 9.5124e-05 0.000366108 0.00114152 0.00288337 0.00590041 0.00978353 0.0131482 0.0143322 0.0127008 0.00922245 0.00565514 0.00327953 0.00241781 0.00282334 0.0042228 0.00654687 0.00989506 0.0144243 0.0202545 0.0273982 0.0357089 0.0448485 0.0542849 0.063328 0.0712052 0.0771669 0.0806049 0.0811545 0.0787592 0.0736822 0.0664578 0.0577997 0.0484846
 1.03959e-16 3.77848e-05 0.00022179 0.00105434 0.00405934 0.0126588 0.0319748 0.0654233 0.108441 0.145617 0.158418 0.139634 0.0997329 0.0577577 0.027196 0.0105603 0.0036509 0.00156087 0.00131434 0.00167756 0.00227199 0.00300423 0.00384673 0.00477957 0.00577988 0.00682034 0.00786775 0.00888066 0.00980794 0.0105898 0.0111632 0.0114702 0.0114691 0.0111435 0.0105079 0.0096068
 1.02721e-16 7.46299e-06 4.3705e-05 0.00020755 0.000798736 0.00249049 0.0062916 0.0128792 0.0213705 0.0287658 0.0314764 0.0281771 0.0210701 0.0141115 0.0102372 0.0102748 0.0137227 0.0198344 0.0280186 0.037695 0.0480692 0.0580689 0.0664621 0.0720948 0.0741593 0.0723934 0.0671477 0.0592872 0.0499709 0.0403795 0.0314816 0.0238962 0.0178713 0.0133523 0.0100977 0.00779484
 1.01522e-16 3.78218e-05 0.000222004 0.00105535 0.00406324 0.0126709 0.0320055 0.0654863 0.108546 0.14576 0.158579 0.13979 0.0998747 0.057901 0.0273793 0.010836 0.00407906 0.00220591 0.00223976 0.00293633 0.00389284 0.00497683 0.00610974 0.0072153 0.00821827 0.00905267 0.00966853 0.0100343 0.010136 0.00997469 0.00956471 0.00893283 0.00811823 0.00717117 0.00614985 0.0051148
 1.00871e-16 2.68533e-05 0.000157581 0.000749013 0.00288365 0.00899231 0.0227141 0.0464778 0.0770484 0.103493 0.112671 0.099504 0.0714893 0.0422479 0.0214852 0.0111318 0.00834483 0.00972888 0.013157 0.0175881 0.0224149 0.0270818 0.031004 0.0336407 0.0346125 0.0337932 0.0313416 0.0276565 0.0232747 0.0187456 0.0145228 0.0108999 0.00800034 0.00580772 0.00421849 0.00309428
 1.01054e-16 3.18689e-05 0.00018704 0.000889096 0.00342305 0.0106745 0.0269629 0.05517 0.0914516 0.122821 0.133663 0.117923 0.0844627 0.0493931 0.0241582 0.01096 0.00633769 0.00620701 0.00805406 0.0107485 0.0137823 0.0167999 0.0194544 0.0214214 0.0224606 0.0224682 0.021498 0.0197393 0.0174646 0.014963 0.0124824 0.0101956 0.00819423 0.00650237 0.00510161 0.00395455
 1.00849e-16 3.16765e-05 0.000185909 0.00088371 0.00340231 0.0106098 0.0267995 0.0548358 0.0908984 0.12208 0.132862 0.117229 0.0839945 0.0491763 0.0241577 0.0111363 0.00668016 0.00673281 0.00879051 0.0117131 0.0149663 0.0181583 0.0209025 0.0228417 0.023719 0.0234369 0.0220786 0.0198817 0.0171747 0.014299 0.0115412 0.00909329 0.00704525 0.00540374 0.00412295 0.00313522
 1.02153e-16 1.25044e-05 7.33169e-05 0.000348361 0.00134095 0.0041814 0.0105625 0.0216165 0.035848 0.048192 0.0525719 0.0466799 0.0340865 0.0212479 0.0128435 0.00996944 0.0115005 0.0159982 0.0224888 0.030316 0.0388059 0.0471122 0.0542657 0.0593451 0.0616822 0.0610183 0.0575616 0.0519185 0.0449328 0.0374839 0.0303129 0.02392 0.0185449 0.0142137 0.0108169 0.00818727
 1.08491e-16 5.69751e-06 3.33721e-05 0.000158497 0.000609989 0.00190197 0.00480463 0.00983413 0.0163135 0.0219461 0.0239807 0.0213883 0.0158256 0.0102792 0.00694889 0.00642633 0.00830795 0.0120485 0.0172942 0.0237918 0.0312149 0.0390818 0.04678 0.0536604 0.0591561 0.0628811 0.0646801 0.0646146 0.0629019 0.0598348 0.0557139 0.0508119 0.04537 0.0396116 0.0337577 0.0280297
 1.08695e-16 2.4762e-05 0.000145326 0.000690804 0.00265961 0.00829373 0.0209493 0.0428649 0.0710532 0.0954221 0.103837 0.0915899 0.0655593 0.0382552 0.0185614 0.00818388 0.00443923 0.00417792 0.00549873 0.00760936 0.0102332 0.0132319 0.0164684 0.0197847 0.0230161 0.0260084 0.0286277 0.0307611 0.032312 0.0331963 0.0333464 0.0327224 0.0313279 0.0292223 0.026524 0.0234014
 1.04661e-16 2.19884e-05 0.000129019 0.000613227 0.00236083 0.00736194 0.0185959 0.0380518 0.0630826 0.084741 0.0922752 0.0815364 0.0586785 0.0348749 0.0181023 0.00997929 0.00821864 0.0100746 0.0138226 0.0185989 0.0238612 0.0290774 0.0336704 0.0370976 0.0389671 0.0391281 0.0377018 0.0350358 0.0316059 0.0278946 0.0242904 0.0210325 0.0182087 0.0157919 0.0136952 0.0118217
 1.02492e-16 2.79522e-05 0.000164042 0.000779752 0.00300203 0.00936152 0.0236466 0.0483849 0.0802065 0.107725 0.117251 0.103485 0.07421 0.0435766 0.0216485 0.01039 0.00680084 0.00732603 0.0097705 0.0131248 0.0168921 0.0206782 0.0240771 0.0267028 0.0282637 0.0286261 0.0278378 0.0261039 0.0237248 0.0210201 0.0182628 0.0156417 0.0132566 0.0111364 0.00926861 0.00762579
 1.02041e-16 2.42043e-05 0.000142029 0.000675077 0.00259897 0.00810456 0.0204717 0.0418897 0.0694437 0.0932818 0.101564 0.089717 0.0645066 0.03822 0.0196205 0.0104683 0.00822343 0.00984655 0.0134343 0.0180493 0.0231288 0.0281387 0.0325041 0.0356823 0.0372767 0.0371283 0.0353482 0.032278 0.0283966 0.0242034 0.0201182 0.0164231 0.0132531 0.0106243 0.00847988 0.00673472
 1.02973e-16 2.01651e-05 0.000118312 0.000562314 0.0021648 0.00675058 0.0170518 0.0348925 0.0578469 0.0777131 0.084637 0.0748216 0.0539214 0.0321991 0.0169929 0.0098164 0.00860313 0.0108609 0.0150192 0.0202733 0.026083 0.0318871 0.0370609 0.0410031 0.0432611 0.04363 0.0421913 0.0392742 0.035359 0.0309573 0.0265081 0.0223179 0.018551 0.0152569 0.0124155 0.00997844
 1.045e-16 1.7713e-05 0.000103917 0.00049388 0.00190131 0.00592892 0.0149763 0.0306459 0.050808 0.0682612 0.0743542 0.0657581 0.0474482 0.0284516 0.0152324 0.00914397 0.00839789 0.0108296 0.0150753 0.0204289 0.0263967 0.0324461 0.0379728 0.0423855 0.0452261 0.0462662 0.0455451 0.0433354 0.0400546 0.0361541 0.0320257 0.0279484 0.0240822 0.020495 0.0172031 0.014206
 1.074e-16 1.00003e-05 5.86295e-05 0.000278565 0.00107227 0.00334357 0.00844602 0.017285 0.0286645 0.0385341 0.0420343 0.0373187 0.0272413 0.0169642 0.0102303 0.00792192 0.0091535 0.0128022 0.0181344 0.0246895 0.0320085 0.0394998 0.0464611 0.0521946 0.0561502 0.0580375 0.0578715 0.0559327 0.0526667 0.0485588 0.044029 0.0393758 0.0347737 0.0303065 0.0260152 0.0219354
 1.01529e-16 3.92255e-05 0.000230246 0.00109453 0.0042141 0.0131414 0.0331938 0.0679177 0.112576 0.151171 0.164464 0.144972 0.103566 0.0600176 0.0283352 0.0111328 0.00405535 0.00200933 0.00189868 0.00242544 0.00316772 0.00398926 0.00481671 0.00558704 0.0062461 0.00675546 0.00709644 0.00726822 0.00728205 0.00715412 0.00690021 0.00653397 0.00606844 0.005519 0.00490593 0.00425489
 1.00921e-16 2.17681e-05 0.000127716 0.000607005 0.00233684 0.00728708 0.018407 0.037666 0.0624462 0.0838957 0.0913799 0.0808052 0.0582824 0.0348997 0.0185904 0.0109993 0.00990076 0.0125959 0.0173591 0.0232646 0.0296455 0.035796 0.0409446 0.0443743 0.0455824 0.0444043 0.0410551 0.0360699 0.0301686 0.0240877 0.0184357 0.0136072 0.00976825 0.00689637 0.00485047 0.00344095
 1.03743e-16 1.34462e-05 7.88584e-05 0.000374732 0.00144253 0.00449821 0.0113626 0.0232525 0.038556 0.051817 0.0564856 0.0500585 0.0363449 0.0222444 0.0127304 0.0089132 0.00952046 0.0129736 0.0182532 0.0247638 0.0319821 0.0392727 0.0458949 0.0511195 0.0543792 0.0553878 0.05419 0.0511226 0.0467083 0.0415221 0.0360748 0.0307443 0.0257627 0.0212421 0.017219 0.0136939
 1.03205e-16 3.11827e-05 0.000183018 0.000869988 0.00334951 0.0104451 0.0263835 0.053984 0.0894839 0.120173 0.130767 0.115334 0.0825351 0.0481186 0.0232626 0.0100993 0.00522407 0.00463485 0.00589 0.00793385 0.0103541 0.012915 0.015397 0.0175842 0.0192957 0.0204174 0.0209164 0.0208328 0.0202555 0.0192909 0.0180377 0.0165749 0.0149623 0.0132498 0.0114867 0.00972742
 1.02922e-16 1.62849e-05 9.552e-05 0.000453933 0.00174746 0.0054491 0.0137645 0.0281675 0.0467039 0.062762 0.0684028 0.0605865 0.0439158 0.0267311 0.0150308 0.0101249 0.0104293 0.013986 0.0195177 0.0262738 0.0336133 0.0407892 0.0469618 0.0513385 0.053351 0.0527892 0.0498487 0.0450677 0.0391833 0.0329544 0.0270088 0.0217558 0.0173734 0.0138534 0.0110752 0.00887751
 1.08488e-16 2.95168e-07 1.64204e-06 7.6183e-06 2.90176e-05 9.01981e-05 0.000228437 0.000472017 0.000800021 0.00112773 0.00136789 0.00154149 0.00183508 0.00255052 0.00401198 0.00651566 0.0103206 0.0156232 0.0224896 0.0307705 0.0400457 0.0496342 0.058684 0.0663252 0.0718456 0.0748285 0.0752154 0.0732693 0.0694667 0.0643592 0.0584554 0.0521548 0.045739 0.0394001 0.0332822 0.0275112
pSPR Fmed_Fpbrs
0.467384   0.255595 0.255595
Fs Fmed_Fpbrs
0.452206   1.005 1.005
SSBpbr Bo_Bmed_Bpbrs
849428  354537  174638 174638
Ro
15994.5
SPR SPRFo_SPRFmed_SPRFpbrs
328892 153719 84063.1
log_Ro
9.5
likeval ReclasPelacesDesembMPH_pf_preclas_ppelaces_ptallas_desvR_qrecl_qpela
 106.399 141.902 0.334423 0.000564038 445.655 228.84 95.4039 0 105.015 0 0 0 0 0 0
q_reclas_q_pelaces
1 1
M
0.7
N
 968.967 9509.06 4722.06 2344.9 2313.09
 89064.7 369.549 2785.28 1383.13 1364.36
 368.891 35706.9 119.611 901.507 889.277
 1272.06 124.132 8142.01 27.2741 408.34
 44796.8 529.174 43.2583 2837.37 151.805
 6393.17 21476.2 244.921 20.0215 1383.5
 66097 1974.38 4124.7 47.0394 269.56
 61035 24703.6 555.384 1160.26 89.0579
 108966 20404.2 5559.65 124.992 281.165
 215461 39044.7 5275.53 1437.46 105.012
 72343.7 92577.3 14515.7 1961.3 573.446
 15486.6 28454.8 28841.7 4522.26 789.678
 49768.4 6124.53 8961.77 9083.62 1672.98
 26501.5 17023.6 1443.03 2111.53 2534.42
 20814 6615.33 2136.09 181.069 582.964
 14429.3 5741.08 1013.52 327.266 117.056
 10854.9 5519.99 1691.94 298.693 130.945
 7750.57 4292.58 1738.32 532.816 135.299
 2519.86 3154.87 1432.25 580.004 222.922
 36598.7 940.062 884.194 401.407 225.031
 29027.1 14660.1 303.741 285.69 202.407
 16370.4 13464.6 6352.13 131.609 211.49
 67671.4 7292.55 5380.7 2538.43 137.109
 36350.8 28807.3 2661.21 1963.54 976.363
 284.245 15667.8 10777 995.576 1099.84
pred_Ctot
 164.133 2890.68 1435.47 712.834 703.163
 12493.7 94.8392 714.801 354.96 350.144
 87.4521 14512.5 48.6142 366.404 361.433
 149.987 27.1706 1782.16 5.96989 89.3795
 1116.26 25.969 2.12289 139.243 7.4498
 1786.26 9990.03 113.929 9.31336 643.56
 11952.1 635.855 1328.37 15.1492 86.8125
 14673.5 10158.7 228.386 477.125 36.6226
 22232.1 7299.6 1988.96 44.7158 100.587
 21055 7176.06 969.595 264.191 19.3003
 10964.4 25479.6 3995.1 539.798 157.827
 2297.7 7682.67 7787.12 1220.99 213.209
 11378.4 2414.52 3533.06 3581.1 659.551
 9855.77 9866.74 836.369 1223.82 1468.93
 6881.01 3511.54 1133.88 96.1147 309.448
 2418.92 1729.23 305.274 98.5731 35.2575
 1610.84 1490.66 456.904 80.661 35.3613
 1016.58 1036.21 419.622 128.619 32.6605
 458.251 1021.11 463.566 187.726 72.1514
 5152.87 242.06 227.674 103.36 57.9439
 1381.05 1354.34 28.0604 26.3928 18.6989
 1219.42 1914.62 903.25 18.7144 30.0731
 7009.64 1415.36 1044.31 492.667 26.6106
 3480.07 5193.6 479.784 354.002 176.026
 41.2604 4147.5 2852.83 263.544 291.143
F
 0.263948 0.527897 0.527897 0.527897 0.527897
 0.214018 0.428035 0.428035 0.428035 0.428035
 0.389154 0.778308 0.778308 0.778308 0.778308
 0.177079 0.354158 0.354158 0.354158 0.354158
 0.0351906 0.0703812 0.0703812 0.0703812 0.0703812
 0.474975 0.949951 0.949951 0.949951 0.949951
 0.284175 0.56835 0.56835 0.56835 0.56835
 0.395706 0.791413 0.791413 0.791413 0.791413
 0.32633 0.65266 0.65266 0.65266 0.65266
 0.144738 0.289475 0.289475 0.289475 0.289475
 0.233111 0.466221 0.466221 0.466221 0.466221
 0.227675 0.45535 0.45535 0.45535 0.45535
 0.372778 0.745556 0.745556 0.745556 0.745556
 0.687812 1.37562 1.37562 1.37562 1.37562
 0.58798 1.17596 1.17596 1.17596 1.17596
 0.260885 0.521769 0.521769 0.521769 0.521769
 0.227728 0.455457 0.455457 0.455457 0.455457
 0.19882 0.397641 0.397641 0.397641 0.397641
 0.286012 0.572025 0.572025 0.572025 0.572025
 0.214885 0.42977 0.42977 0.42977 0.42977
 0.0681687 0.136337 0.136337 0.136337 0.136337
 0.108622 0.217243 0.217243 0.217243 0.217243
 0.154036 0.308072 0.308072 0.308072 0.308072
 0.141607 0.283214 0.283214 0.283214 0.283214
 0.222239 0.444478 0.444478 0.444478 0.444478
YTP_r0W_actual
 462.117 91245.1 94143.4 10831.7 12460.9
YTP_p0W_proyectada
 54817.5 1166.54 75065.1 67354.6 9372.31
 54817.5 68409.5 309.149 17799.4 16530.6
CTP_r0_actual
 41.2604 4147.5 2852.83 263.544 291.143
CTP_p0_proyectada
 6449.12 54.5111 2405.93 1654.9 201.555
 6449.12 3196.7 9.90861 437.332 355.496
Wmedp
 8.5 21.4 31.2 40.7 46.5
nmprior
 10.6 11 7 0
nm_flota  nm_reclas  nm_pelaces    nm_pelaL
inf 8.55852 10.3794 20.9422
cv_recla  cv_pelaces  cv_mph
0.933027 1.35072 0.770535
 ------------------------------------------------
Talla a la edad & desviaci?n 
 7.2 14.2025 17.0495 18.207 18.6776
 1.08 2.13037 2.55742 2.73105 2.80164
