years
 1997 1998 1999 2000 2001 2002 2003 2004 2005 2006 2007 2008 2009 2010 2011 2012 2013 2014 2015 2016 2017 2018 2019 2020 2021
reclasobs
 0 0 0 370054 412103 1.49427e+06 250295 1.28982e+06 931140 785840 897777 1.04006e+06 184774 17550 25797 100020 73551 82996 120727 218422 84188 347160 605670 569463 516374
reclaspred
 799748 204662 621278 203598 229643 278290 648749 424450 535913 1.18028e+06 1.36393e+06 809424 439724 217527 127904 113153 127074 150910 120809 190601 386355 327883 452985 529366 479440
pelacesobs
 0 0 0 0 0 0 0 0 0 2.06254e+06 1.5e+06 0 1.87456e+06 323000 250000 174000 83755 137374 0 501740 490994 745055 786931 1.00524e+06 1.33801e+06
pelacespred
 337612 139036 165852 145417 137751 114247 355866 242609 288133 676712 697799 425688 240795 95440.4 52680.5 53606.5 62224.7 74812.7 62388.5 95622.2 207626 197475 203204 266414 229343
mphobs
 0 0 0 0 0 112323 0 153150 637223 0 255016 313432 73983 77613 109348 50772 0 0 0 0 0 0 0 0 0
mphpred
 680628 220206 408691 272554 152249 279439 346519 541063 372496 683946 1.42624e+06 895061 469274 282386 129263 94473.8 104107 124027 124296 108991 275622 338323 324386 432299 481535
desembarqueobs
 350755 77701 442110 56441 14545 235359 269955 359681 431902 328805 639364 411747 362871 311530 167758 66681 60226 58785 57116 73181 50977 67692 138656 160484 209506
desembarquepred
 350708 77644.9 441163 56409 14564.9 235044 269717 359138 430880 328450 638445 411507 361697 311381 167470 66505.1 60084.7 58652.4 56975.1 73142.2 50946.6 67638.2 138542 160302 209379
Reclutas
 2715.16 93641.5 546.908 2483.89 43069.4 21328.7 76289.5 32858.9 105144 265953 28185.7 15907.5 62174.4 28171.5 15910.2 16055.7 10835.2 9827.75 4999.18 35833.1 30251.4 21068.3 55264.5 46405.4 813.234
log_desv_Rt
 -1.95339 1.58723 -3.55572 -2.04242 0.810568 0.107811 1.38229 0.539977 1.70308 2.63107 0.386572 -0.185451 1.1777 0.386068 -0.185282 -0.176181 -0.569446 -0.667035 -1.34297 0.626627 0.457298 0.0955261 1.05989 0.885172 -3.15898
SSB
 680628 220206 408691 272554 152249 279439 346519 541063 372496 683946 1.42624e+06 895061 469274 282386 129263 94473.8 104107 124027 124296 108991 275622 338323 324386 432299 481535
BT
 887574 407127 514894 330851 370435 409061 1.31143e+06 909383 1.24947e+06 2.25164e+06 1.881e+06 1.17746e+06 936005 504063 268297 179307 192643 214475 172276 327954 530163 445560 548014 707770 581276
Ftot
 0.416693 0.365442 0.658383 0.266646 0.0619775 0.776903 0.399152 0.780828 0.754517 0.269386 0.443998 0.480559 0.763335 1.25121 1.16403 0.555265 0.450212 0.372003 0.447666 0.36933 0.128321 0.199671 0.294455 0.291495 0.414933
BD_Bspro_t
 0.935935 0.648379 0.666156 0.381295 0.367671 0.569543 0.488195 0.545657 0.423558 0.522554 0.656352 0.466438 0.325859 0.25997 0.156306 0.139889 0.197754 0.293465 0.346193 0.379985 0.621231 0.715398 0.679518 0.672026 0.626117
BD_Bspro
 1.72856 0.559247 1.03793 0.692192 0.386659 0.709678 0.880036 1.37411 0.94601 1.73698 3.62215 2.27314 1.19179 0.71716 0.328282 0.23993 0.264396 0.314985 0.315669 0.2768 0.699984 0.859223 0.823826 1.09789 1.22293
BD_Bo
 0.786158 0.254349 0.472059 0.314813 0.175855 0.322766 0.400246 0.624954 0.430252 0.789991 1.64738 1.03384 0.542035 0.326169 0.149305 0.109122 0.120249 0.143257 0.143568 0.12589 0.318357 0.39078 0.374682 0.499327 0.556196
BD_Brms
 3.82382 1.23714 2.29606 1.53123 0.855347 1.56991 1.94677 3.03973 2.09271 3.84246 8.01273 5.02852 2.63642 1.58646 0.726208 0.530761 0.584883 0.696793 0.698306 0.612321 1.54847 1.90073 1.82243 2.42869 2.7053
S_f
 0.5 1 1 1 1
 0.5 1 1 1 1
 0.5 1 1 1 1
 0.5 1 1 1 1
 0.5 1 1 1 1
 0.5 1 1 1 1
 0.5 1 1 1 1
 0.5 1 1 1 1
 0.5 1 1 1 1
 0.5 1 1 1 1
 0.5 1 1 1 1
 0.5 1 1 1 1
 0.5 1 1 1 1
 0.5 1 1 1 1
 0.5 1 1 1 1
 0.5 1 1 1 1
 0.5 1 1 1 1
 0.5 1 1 1 1
 0.5 1 1 1 1
 0.5 1 1 1 1
 0.5 1 1 1 1
 0.5 1 1 1 1
 0.5 1 1 1 1
 0.5 1 1 1 1
 0.5 1 1 1 1
Scru_reclas
 0.5 1 1 1 1
 0.5 1 1 1 1
 0.5 1 1 1 1
 0.5 1 1 1 1
 0.5 1 1 1 1
 0.5 1 1 1 1
 0.5 1 1 1 1
 0.5 1 1 1 1
 0.5 1 1 1 1
 0.5 1 1 1 1
 0.5 1 1 1 1
 0.5 1 1 1 1
 0.5 1 1 1 1
 0.5 1 1 1 1
 0.5 1 1 1 1
 0.5 1 1 1 1
 0.5 1 1 1 1
 0.5 1 1 1 1
 0.5 1 1 1 1
 0.5 1 1 1 1
 0.5 1 1 1 1
 0.5 1 1 1 1
 0.5 1 1 1 1
 0.5 1 1 1 1
 0.5 1 1 1 1
Scru_pelaces
 0.5 1 1 1 1
 0.5 1 1 1 1
 0.5 1 1 1 1
 0.5 1 1 1 1
 0.5 1 1 1 1
 0.5 1 1 1 1
 0.5 1 1 1 1
 0.5 1 1 1 1
 0.5 1 1 1 1
 0.5 1 1 1 1
 0.5 1 1 1 1
 0.5 1 1 1 1
 0.5 1 1 1 1
 0.5 1 1 1 1
 0.5 1 1 1 1
 0.5 1 1 1 1
 0.5 1 1 1 1
 0.5 1 1 1 1
 0.5 1 1 1 1
 0.5 1 1 1 1
 0.5 1 1 1 1
 0.5 1 1 1 1
 0.5 1 1 1 1
 0.5 1 1 1 1
 0.5 1 1 1 1
pf_obs 
 0.256992 0.487395 0.22802 0.0275931 0
 0.321318 0.546541 0.124235 0.00734118 0.000564706
 0.182869 0.594174 0.210203 0.0122559 0.00049798
 0.330522 0.361315 0.267642 0.0388342 0.00168674
 0.649043 0.306663 0.0425973 0.00169635 0
 0.582887 0.30429 0.105238 0.00758474 0
 0.465427 0.430635 0.0974691 0.00646863 0
 0.296916 0.608066 0.0921331 0.00288517 0
 0.311714 0.524322 0.152257 0.0117073 0
 0.15457 0.633149 0.183074 0.0267441 0.00246327
 0.131901 0.49318 0.331252 0.0422183 0.00144891
 0.196976 0.569456 0.194076 0.0375587 0.00193317
 0.518974 0.381816 0.0799577 0.0180837 0.00116848
 0.0928022 0.601141 0.25162 0.0475244 0.00691264
 0.122501 0.610282 0.24278 0.0234846 0.000952079
 0.383417 0.481906 0.127806 0.00687128 0
 0.0376549 0.599619 0.316969 0.0457579 0
 0.0361596 0.667082 0.258105 0.0386534 0
 0.158088 0.579412 0.248529 0.0139706 0
 0.0477256 0.309471 0.559284 0.082774 0.000745712
 0.0406174 0.521527 0.379366 0.0568643 0.0016247
 0.151134 0.462217 0.34131 0.0453401 0
 0.294876 0.26143 0.354403 0.0886775 0.000613685
 0.281977 0.475581 0.204845 0.0348837 0.00271318
 0.0841818 0.532909 0.334909 0.0458182 0.00218182
pf_pred 
 0.061457 0.472476 0.234625 0.116511 0.114931
 0.856102 0.0185377 0.0631084 0.0313387 0.0309136
 0.00743839 0.922804 0.00898653 0.0305931 0.030178
 0.107566 0.01599 0.814847 0.00793521 0.0536616
 0.806789 0.0398975 0.00274697 0.139985 0.0105819
 0.349249 0.582237 0.0141481 0.000974105 0.0533926
 0.768734 0.133156 0.0877804 0.00213302 0.00819654
 0.35273 0.570821 0.0440167 0.0290171 0.00341459
 0.762275 0.137835 0.088092 0.00679287 0.00500502
 0.77771 0.197728 0.0142409 0.0091015 0.00121894
 0.105745 0.789785 0.0929273 0.00669285 0.00485034
 0.14254 0.181906 0.596633 0.0702008 0.00872016
 0.617128 0.105992 0.058739 0.192658 0.0254842
 0.403167 0.478841 0.032664 0.0181019 0.0672259
 0.468581 0.354542 0.141909 0.00968026 0.0252877
 0.593716 0.291464 0.0766036 0.0306614 0.00755529
 0.43284 0.439534 0.0915573 0.0240634 0.012005
 0.439942 0.355743 0.158338 0.0329827 0.0129933
 0.301092 0.444771 0.161425 0.0718491 0.0208625
 0.82858 0.0849358 0.0550366 0.019975 0.0114723
 0.490299 0.466361 0.0214744 0.013915 0.00795084
 0.342059 0.438259 0.201002 0.0092555 0.00942418
 0.619443 0.199397 0.120672 0.0553446 0.00514333
 0.448347 0.430234 0.0636187 0.038501 0.019299
 0.0140173 0.629735 0.277838 0.0410839 0.0373262
pobs_RECLAS
 0 0 0 0 0
 0 0 0 0 0
 0 0 0 0 0
 0 0 0 0 0
 0.835266 0.146461 0.0176864 0.000547809 3.91292e-05
 0.385257 0.428462 0.181853 0.0044286 0
 0.867414 0.0963971 0.0333333 0.00285562 0
 0.441836 0.489002 0.0689373 0.000224442 0
 0.779404 0.147425 0.0564933 0.0165055 0.000172143
 0.814271 0.122319 0.05973 0.00367925 0
 0.40263 0.566651 0.0304383 0.000280538 0
 0.475488 0.404961 0.113038 0.00651328 0
 0.955842 0.0263864 0.0167828 0.000988607 0
 0.975058 0.0227948 0.00214734 0 0
 0.738997 0.206755 0.0527124 0.00153531 0
 0.850938 0.134255 0.0134407 0.00136685 0
 0.542534 0.407297 0.0501686 0 0
 0.764087 0.199537 0.0359546 0.000420521 0
 0.470689 0.182191 0.310203 0.0369168 0
 0.84361 0.089868 0.0606195 0.00523954 0.000663233
 0.607945 0.314616 0.071237 0.00620181 0
 0.523733 0.453247 0.0230204 0 0
 0.530135 0.295979 0.169645 0.0042399 0
 0.562478 0.366248 0.0663022 0.0049721 0
 0.250443 0.683176 0.0655157 0.000865301 0
ppred_RECLAS
 0.0624615 0.471971 0.234374 0.116387 0.114808
 0.857891 0.0183072 0.0623237 0.030949 0.0305292
 0.00767829 0.922581 0.00898436 0.0305857 0.0301707
 0.108517 0.015973 0.813979 0.00792676 0.0536044
 0.807086 0.0398361 0.00274274 0.139769 0.0105656
 0.358486 0.573972 0.0139472 0.000960277 0.0526347
 0.771628 0.13149 0.0866821 0.00210633 0.00809399
 0.362076 0.562579 0.0433811 0.0285981 0.00336529
 0.769226 0.133805 0.0855163 0.00659426 0.00485868
 0.779432 0.196197 0.0141305 0.00903099 0.00120949
 0.107533 0.788205 0.0927415 0.00667946 0.00484064
 0.145106 0.181362 0.594848 0.0699907 0.00869406
 0.626393 0.103427 0.0573175 0.187995 0.0248675
 0.422974 0.46295 0.0315799 0.0175012 0.0649949
 0.486851 0.342353 0.13703 0.00934746 0.0244183
 0.599804 0.287096 0.0754556 0.0302019 0.00744207
 0.43754 0.435892 0.0907986 0.023864 0.0119055
 0.443626 0.353403 0.157297 0.0327658 0.0129079
 0.305101 0.44222 0.160499 0.071437 0.0207429
 0.830672 0.0838994 0.054365 0.0197312 0.0113323
 0.491352 0.465397 0.0214301 0.0138862 0.00793441
 0.343633 0.437211 0.200521 0.00923336 0.00940164
 0.622065 0.198023 0.11984 0.0549632 0.00510789
 0.45107 0.428111 0.0633047 0.038311 0.0192037
 0.0142568 0.629582 0.27777 0.0410739 0.0373172
pobs_PELACES
 0 0 0 0 0
 0 0 0 0 0
 0 0 0 0 0
 0 0 0 0 0
 0 0 0 0 0
 0 0 0 0 0
 0 0 0 0 0
 0 0 0 0 0
 0 0 0 0 0
 0 0 0 0 0
 0.450072 0.473896 0.0757376 0.000293798 0
 0 0 0 0 0
 0.463077 0.371075 0.160297 0.00555027 0
 0.529543 0.364841 0.0842815 0.0213345 0
 0.631943 0.363953 0.00410389 0 0
 0.735681 0.248677 0.0153453 0.000297389 0
 0.695825 0.281241 0.0229344 0 0
 0.275771 0.60734 0.115278 0.00161068 0
 0 0 0 0 0
 0.896147 0.0623911 0.0374545 0.00400742 0
 0.803859 0.145111 0.0509908 3.86294e-05 0
 0.739449 0.233085 0.0266225 0.000797448 4.60066e-05
 0.878498 0.100942 0.0204185 0.000141795 0
 0.694673 0.275183 0.0284847 0.00165964 0
 0.469039 0.446079 0.0841089 0.000773354 0
ppred_PELACES
 0.0666109 0.469882 0.233336 0.115871 0.114299
 0.865085 0.0173805 0.0591687 0.0293823 0.0289837
 0.00855186 0.921769 0.00897645 0.0305587 0.0301442
 0.112847 0.0158954 0.810025 0.00788826 0.0533441
 0.808673 0.0395083 0.00272018 0.13862 0.0104787
 0.388469 0.547145 0.0132954 0.000915396 0.0501746
 0.783025 0.124927 0.0823559 0.00200121 0.00769003
 0.39233 0.535899 0.0413238 0.0272418 0.00320569
 0.790583 0.121422 0.0776023 0.005984 0.00440904
 0.786979 0.189484 0.0136471 0.008722 0.00116811
 0.114769 0.781815 0.0919896 0.00662531 0.0048014
 0.155221 0.179216 0.587809 0.0691625 0.00859119
 0.655369 0.0954051 0.0528721 0.173415 0.0229388
 0.473992 0.422018 0.0287878 0.0159538 0.0592484
 0.534808 0.310358 0.124224 0.00847388 0.0221362
 0.621582 0.271473 0.0713495 0.0285584 0.00703709
 0.455898 0.421665 0.087835 0.0230851 0.0115169
 0.458824 0.34375 0.153 0.0318708 0.0125553
 0.320983 0.432113 0.156831 0.0698043 0.0202688
 0.839072 0.0797375 0.0516682 0.0187524 0.0107701
 0.496645 0.460555 0.0212071 0.0137417 0.00785186
 0.351102 0.432236 0.198239 0.00912829 0.00929466
 0.633418 0.192075 0.11624 0.0533121 0.00495445
 0.463005 0.418803 0.0619284 0.037478 0.0187862
 0.0152517 0.628946 0.27749 0.0410324 0.0372795
pobs_pel_tallas
 0 0 0 0 0 0 0 0 0 0 0 0 0 0 0 0 0 0 0 0 0 0 0 0 0 0 0 0 0 0 0 0 0 0 0 0
 0 0 0 0 0 0 0 0 0 0 0 0 0 0 0 0 0 0 0 0 0 0 0 0 0 0 0 0 0 0 0 0 0 0 0 0
 0 0 0 0 0 0 0 0 0 0 0 0 0 0 0 0 0 0 0 0 0 0 0 0 0 0 0 0 0 0 0 0 0 0 0 0
 0 0 0 0 0 0 0 0 0 0 0 0 0 0 0 0 0 0 0 0 0 0 0 0 0 0 0 0 0 0 0 0 0 0 0 0
 0 0 0 0 0 0 0 0 0 0 0 0 0 0 0 0 0 0 0 0 0 0 0 0 0 0 0 0 0 0 0 0 0 0 0 0
 0 0 0 0 0 0 0 0 0 0 0 0 0 0 0 0 0 0 0 0 0 0 0 0 0 0 0 0 0 0 0 0 0 0 0 0
 0 0 0 0 0 0 0 0 0 0 0 0 0 0 0 0 0 0 0 0 0 0 0 0 0 0 0 0 0 0 0 0 0 0 0 0
 0 0 0 0 0 0 0 0 0 0 0 0 0 0 0 0 0 0 0 0 0 0 0 0 0 0 0 0 0 0 0 0 0 0 0 0
 0 0 0 0 0 0 0 0 0 0 0 0 0 0 0 0 0 0 0 0 0 0 0 0 0 0 0 0 0 0 0 0 0 0 0 0
 0 0 0 0 0 0 0 0 0 0 0 0 0 0 0 0 0 0 0 0 0 0 0 0 0 0 0 0 0 0 0 0 0 0 0 0
 0 0 0 0 0 0 0 0 1.78061e-05 0.00172719 0.00360574 0.0105946 0.0120993 0.0124554 0.0147524 0.0171206 0.0266825 0.0428682 0.0675386 0.121331 0.153587 0.119568 0.100827 0.0573624 0.0630603 0.0341343 0.0324427 0.0444173 0.0211091 0.0280891 0.0125444 0.00206551 0 0 0 0
 0 0 0 0 0 0 0 0 0 0 0 0 0 0 0 0 0 0 0 0 0 0 0 0 0 0 0 0 0 0 0 0 0 0 0 0
 0 0 0 0 0 0 0.0133647 0.0140871 0.0187388 0.0205184 0.03894 0.0496705 0.03968 0.0493445 0.0407372 0.0367815 0.0215668 0.0243155 0.0234873 0.0199281 0.019796 0.0243948 0.0301388 0.0376714 0.0412746 0.0863199 0.0771752 0.113111 0.0741005 0.0525337 0.0229764 0.00759418 0.00175318 0 0 0
 0 0 0 0 0 0 0 0 0 0 0.00219441 0.00772107 0.0458388 0.0604681 0.0671733 0.0775358 0.0609151 0.0617685 0.073594 0.0568108 0.0755445 0.0548602 0.0670107 0.0636378 0.0643287 0.046367 0.0373049 0.0286899 0.0247887 0.0153202 0.00654259 0.00121912 0.000365735 0 0 0
 0 0 0 0 0 0 0 0 0 0 0 0 0.000112435 0.00938835 0.0111873 0.0202946 0.0414886 0.0713402 0.111592 0.104902 0.108894 0.110636 0.117776 0.105296 0.107544 0.0401394 0.0192827 0.0124803 0.00416011 0.0028671 0.000618394 0 0 0 0 0
 0 0 0 0 0 0 0 0 0 0 0.00291406 0.0102884 0.027416 0.0768956 0.0749926 0.110853 0.0956884 0.0897413 0.0766577 0.0534642 0.0500743 0.0551293 0.0594112 0.0620874 0.0668451 0.0424026 0.0208742 0.0120726 0.0048766 0.00582813 0.00118941 0.000297354 0 0 0 0
 0 0.00264628 0.0354308 0.0461629 0.0458689 0.0383711 0.0214643 0.0164657 0.0346957 0.0420465 0.0363128 0.0245516 0.0311673 0.0291091 0.0169068 0.0133784 0.00837989 0.0085269 0.0148486 0.0160247 0.0276389 0.0546898 0.0760071 0.122758 0.109233 0.0665981 0.0333725 0.0166128 0.00676272 0.00308733 0.000882094 0 0 0 0 0
 0 0 0 0 0 0 0 0.000805153 0.000690131 0.00759144 0.0133425 0.0154129 0.00931677 0.000345066 0.00356568 0.00563607 0.00851162 0.0253048 0.0502646 0.0516448 0.0657925 0.0565908 0.0611916 0.0827007 0.0866115 0.110766 0.145733 0.0935128 0.0569358 0.0249597 0.0138026 0.00621118 0.00161031 0.00115022 0 0
 0 0 0 0 0 0 0 0 0 0 0 0 0 0 0 0 0 0 0 0 0 0 0 0 0 0 0 0 0 0 0 0 0 0 0 0
 0.00147267 0.00158595 0.00478618 0.00569244 0.00954404 0.0108468 0.00647125 0.017049 0.0510054 0.094081 0.124002 0.0959785 0.0687766 0.0820023 0.061753 0.0591476 0.0492212 0.0479892 0.0443925 0.0268479 0.0217502 0.0140895 0.0121071 0.0120363 0.00920419 0.00665534 0.0049561 0.00860946 0.00930331 0.0156896 0.0114698 0.00855282 0.00243557 0.00046729 0 2.83206e-05
 0 0 0 0 0.000772559 0.00158375 0.000888443 0.00281984 0.00712685 0.0440552 0.0773331 0.111326 0.0921469 0.0852325 0.0710754 0.0886704 0.0786465 0.0553345 0.0373146 0.0185414 0.00753245 0.00457741 0.012979 0.0271748 0.0457355 0.0583668 0.034881 0.0177882 0.00938659 0.00492506 0.0015258 0.00185414 0.000309023 5.79419e-05 3.86279e-05 0
 0 0.00173294 0.00326652 0 0.00397197 0.00683976 0.00946217 0.0152591 0.00757587 0.0136028 0.0228656 0.0392903 0.0559909 0.0764795 0.0681675 0.0726916 0.0566044 0.0477403 0.0527397 0.0444891 0.0609904 0.0582453 0.0661739 0.0445044 0.0529084 0.0360697 0.0280645 0.0235558 0.0158879 0.00826598 0.00280645 0.00217768 0.000904811 0.00058276 9.20147e-05 0
 0 0 0 0 0 0 0 0 0 0 0 0 0 0 0 0 0 0 0 0 0 0 0 0 0 0 0 0 0 0 0 0 0 0 0 0
 0 0 0 0 0 0 0 0 0 0 0 0 0 0 0 0 0 0 0 0 0 0 0 0 0 0 0 0 0 0 0 0 0 0 0 0
 0 0 0 0 0 0 0 0 0 0 0 0 0 0 0 0 0 0 0 0 0 0 0 0 0 0 0 0 0 0 0 0 0 0 0 0
ppred_pel_tallas
 1.12788e-16 2.93644e-06 1.71572e-05 8.13979e-05 0.00031312 0.000976187 0.00246626 0.00505014 0.00838585 0.0113065 0.0124211 0.0112357 0.0086532 0.00628429 0.00536415 0.00632475 0.00908998 0.013481 0.0193466 0.0264782 0.0345014 0.0428456 0.0508064 0.0576713 0.0628658 0.0660656 0.0672404 0.0666137 0.0645621 0.0614932 0.0577478 0.0535542 0.0490369 0.0442598 0.0392787 0.0341788
 1.0321e-16 3.77351e-05 0.000221498 0.00105295 0.004054 0.0126421 0.0319327 0.0653372 0.108298 0.145426 0.158209 0.139451 0.0996034 0.0576852 0.0271674 0.0105604 0.00367242 0.00160625 0.00139398 0.00180775 0.0024729 0.0032969 0.00424843 0.00529771 0.0064055 0.007523 0.00859382 0.00955656 0.0103487 0.0109119 0.0111989 0.0111808 0.0108526 0.0102357 0.00937667 0.00834057
 1.02887e-16 4.22813e-07 2.35914e-06 1.09558e-05 4.17471e-05 0.00012981 0.000328926 0.000680287 0.00115509 0.0016342 0.00199698 0.00228148 0.00276729 0.00390233 0.00616517 0.00998381 0.0157079 0.0235535 0.0334875 0.0450968 0.0575179 0.0694885 0.0795382 0.0862864 0.0887648 0.0866572 0.0803795 0.0709632 0.0597916 0.0482757 0.0375744 0.0284311 0.0211473 0.0156646 0.0117016 0.00889144
 1.14268e-16 4.9359e-06 2.89332e-05 0.000137465 0.000529134 0.00164991 0.00416751 0.00852787 0.0141385 0.0189958 0.0206929 0.018305 0.0132201 0.00795942 0.00434272 0.002789 0.00287693 0.00412781 0.00634238 0.0095587 0.013907 0.0194945 0.0263303 0.0342741 0.0430053 0.0520217 0.0606719 0.0682263 0.0739754 0.0773398 0.0779677 0.0757957 0.0710621 0.0642626 0.0560659 0.0472048
 1.05305e-16 3.5276e-05 0.000207059 0.000984304 0.00378969 0.0118178 0.0298508 0.0610775 0.101238 0.135947 0.147904 0.13038 0.093153 0.054007 0.0255434 0.0101194 0.0038271 0.00209683 0.00215722 0.00285576 0.00382895 0.00497044 0.0062292 0.00756007 0.00891908 0.0102657 0.011562 0.0127681 0.0138365 0.0147083 0.0153167 0.0155957 0.0154944 0.0149896 0.0140961 0.0128673
 1.02743e-16 1.69738e-05 9.95625e-05 0.000473148 0.00182143 0.00567979 0.0143472 0.0293599 0.0486809 0.0654182 0.0712964 0.0631462 0.0457642 0.0278417 0.0156282 0.0104843 0.0107527 0.0143839 0.0200371 0.0269191 0.0343521 0.0415512 0.04764 0.0517999 0.0534558 0.0524163 0.0489212 0.0435718 0.0371754 0.0305544 0.024381 0.0190829 0.0148287 0.0115784 0.00916471 0.00737524
 1.01638e-16 3.41615e-05 0.000200507 0.000953136 0.00366965 0.0114435 0.0289053 0.0591436 0.0980355 0.131654 0.143254 0.126331 0.0903673 0.0526098 0.0252919 0.0107341 0.0051885 0.00425332 0.00524059 0.006989 0.00905331 0.0111937 0.0131988 0.0148668 0.0160359 0.0166139 0.0165929 0.01604 0.0150723 0.0138241 0.012419 0.0109531 0.00949308 0.00808175 0.00674813 0.00551484
 1.01848e-16 1.71419e-05 0.00010055 0.000477843 0.00183951 0.00573617 0.0144896 0.0296512 0.0491634 0.0660654 0.0719984 0.0637602 0.0461922 0.0280685 0.015696 0.0104438 0.0106339 0.0141957 0.0197789 0.026594 0.0339746 0.0411509 0.0472604 0.0514925 0.0532692 0.0523837 0.0490491 0.0438333 0.0375112 0.0308814 0.0246069 0.0191234 0.0146232 0.0110999 0.00842338 0.00641442
 1.01553e-16 3.44908e-05 0.000202441 0.000962331 0.00370506 0.0115539 0.0291842 0.0597142 0.0989812 0.132924 0.144634 0.127545 0.0912292 0.0530983 0.0255018 0.01078 0.00514622 0.0041539 0.00508817 0.00677745 0.00877561 0.0108463 0.0127835 0.0143914 0.0155133 0.0160606 0.0160266 0.0154778 0.014529 0.0133114 0.0119453 0.0105241 0.00911174 0.00774912 0.00646344 0.0052758
 1.0061e-16 3.43363e-05 0.000201528 0.000957977 0.00368827 0.0115015 0.029052 0.0594442 0.0985355 0.132331 0.144003 0.127022 0.09093 0.0530734 0.0257674 0.0113648 0.00611553 0.00560055 0.00710192 0.00940709 0.0119925 0.0145177 0.0166652 0.0181465 0.0187575 0.0184258 0.0172279 0.0153658 0.013115 0.0107594 0.00853433 0.00659455 0.00500805 0.00377207 0.00283966 0.00214612
 1.02013e-16 5.049e-06 2.9531e-05 0.000140161 0.000539265 0.00168133 0.00424777 0.00869751 0.0144398 0.019461 0.0213587 0.019271 0.0147352 0.0104968 0.00863873 0.00984057 0.0138844 0.0203535 0.0288615 0.0389163 0.0497488 0.0602816 0.06926 0.0754942 0.0781295 0.0768511 0.071957 0.0642663 0.0549064 0.0450466 0.035668 0.0274265 0.0206274 0.015286 0.011233 0.00821932
 1.11181e-16 6.78969e-06 3.98029e-05 0.000189111 0.000727931 0.00226982 0.00573353 0.0117332 0.0194555 0.0261478 0.0285059 0.0252681 0.0183598 0.0112699 0.00652362 0.00471136 0.00524368 0.00740739 0.0108077 0.0152985 0.0207902 0.0271282 0.0340536 0.0412138 0.0481975 0.0545749 0.0599369 0.0639249 0.0662566 0.0667491 0.0653411 0.0621112 0.0572842 0.0512146 0.0443499 0.037174
 1.07813e-16 2.85935e-05 0.000167822 0.000797754 0.00307141 0.00957789 0.0241929 0.0495016 0.0820531 0.110191 0.1199 0.105736 0.0756372 0.0440383 0.0211814 0.00901397 0.00440899 0.00369905 0.00466013 0.00635625 0.00846025 0.0108227 0.0133161 0.0158097 0.0181823 0.0203375 0.0222083 0.02375 0.024926 0.0256944 0.0260043 0.0258031 0.0250537 0.0237527 0.0219441 0.0197215
 1.03863e-16 2.06979e-05 0.000121438 0.000577171 0.00222199 0.00692894 0.0175023 0.0358145 0.0593759 0.0797686 0.0868788 0.0768111 0.0553715 0.033097 0.017523 0.0102053 0.00902206 0.0114084 0.0157369 0.0211557 0.0270764 0.0328859 0.0379127 0.0415271 0.0432796 0.0430074 0.0408703 0.0372981 0.0328745 0.0281933 0.0237373 0.0198096 0.0165273 0.0138608 0.0116974 0.00990109
 1.03191e-16 2.33456e-05 0.000136991 0.000651136 0.00250681 0.00781717 0.0197457 0.040404 0.06698 0.0899701 0.0979524 0.086513 0.0621734 0.0367788 0.0187745 0.00985092 0.00755394 0.00895508 0.0122336 0.0165161 0.0213052 0.0261416 0.0305258 0.0339744 0.0361161 0.0367702 0.0359786 0.0339766 0.0311198 0.0277923 0.0243278 0.0209638 0.0178356 0.0149965 0.0124515 0.0101872
 1.02412e-16 2.71277e-05 0.000159199 0.000756724 0.00291336 0.009085 0.0229481 0.0469559 0.0778387 0.104547 0.1138 0.100454 0.0720721 0.0423921 0.0211916 0.0103892 0.00708527 0.00783783 0.0105162 0.0141277 0.0181631 0.0222004 0.0258 0.0285446 0.0301225 0.0303953 0.0294239 0.0274405 0.0247805 0.0217975 0.0187914 0.0159672 0.0134291 0.0112022 0.00926491 0.00757966
 1.02716e-16 1.99092e-05 0.000116807 0.000555153 0.00213721 0.00666456 0.0168345 0.0344482 0.0571114 0.0767282 0.0835724 0.0738998 0.053299 0.0319112 0.016993 0.0100522 0.00906067 0.0115634 0.0160034 0.0215627 0.0276664 0.0337045 0.0389994 0.0429057 0.0449484 0.0449303 0.0429724 0.0394675 0.0349714 0.030066 0.0252426 0.0208338 0.0170031 0.0137769 0.0110987 0.00887929
 1.03966e-16 2.00338e-05 0.000117545 0.000558677 0.00215081 0.00670697 0.0169415 0.0346666 0.0574714 0.0772053 0.0840751 0.0743039 0.0535028 0.0318586 0.0166491 0.0093643 0.00793944 0.00989469 0.0136803 0.0185269 0.0239489 0.0294563 0.0345006 0.0385447 0.0411705 0.0421652 0.0415569 0.039585 0.0366209 0.0330701 0.0292877 0.0255308 0.0219521 0.0186223 0.0155654 0.0127887
 1.05713e-16 1.40268e-05 8.22704e-05 0.000390961 0.00150503 0.00469312 0.0118548 0.0242595 0.0402241 0.054054 0.0589114 0.0521779 0.0378177 0.0230141 0.0129358 0.00871637 0.00900369 0.0121324 0.0170356 0.0231121 0.0298643 0.0367048 0.0429544 0.0479483 0.0511743 0.0523808 0.0516193 0.0492032 0.0456058 0.0413342 0.0368218 0.03237 0.0281433 0.0242023 0.0205524 0.0171859
 1.01908e-16 3.66034e-05 0.000214848 0.00102132 0.00393221 0.0122623 0.0309734 0.0633748 0.105047 0.141065 0.15348 0.135317 0.0967248 0.0561682 0.0267348 0.0108847 0.00457575 0.00307128 0.00348653 0.0045961 0.00597006 0.00742482 0.00882328 0.0100389 0.0109686 0.0115507 0.0117729 0.0116663 0.0112905 0.0107132 0.00999526 0.00918202 0.00830448 0.0073848 0.00644334 0.0055032
 1.01291e-16 2.16873e-05 0.000127243 0.000604761 0.0023282 0.00726015 0.018339 0.0375267 0.0622149 0.0835838 0.0910374 0.0804957 0.0580449 0.0347291 0.0184483 0.0108368 0.00967379 0.0122693 0.0169079 0.022677 0.0289289 0.034982 0.040091 0.0435606 0.0449 0.0439419 0.0408829 0.0362274 0.0306577 0.0248737 0.0194547 0.0147782 0.0110054 0.00812106 0.00599904 0.00446883
 1.03703e-16 1.53403e-05 8.99816e-05 0.00042762 0.00164617 0.00513326 0.0129666 0.0265343 0.0439946 0.0591171 0.0644195 0.0570328 0.0412849 0.0250215 0.0138798 0.00908063 0.00912516 0.0121762 0.017061 0.0231315 0.0298708 0.036679 0.0428638 0.0477452 0.0507952 0.0517486 0.0506496 0.0478138 0.0437299 0.0389334 0.0338981 0.0289723 0.0243674 0.0201829 0.0164487 0.0131632
 1.03777e-16 2.76406e-05 0.000162218 0.000771091 0.00296871 0.0092576 0.023384 0.0478472 0.0793138 0.106521 0.11593 0.102292 0.0732953 0.0429211 0.0211048 0.00977097 0.00593736 0.00608397 0.0080541 0.0108892 0.0141648 0.01758 0.0208279 0.0236063 0.0256691 0.0268723 0.0271944 0.0267222 0.0256124 0.0240434 0.0221748 0.0201273 0.0179824 0.0157956 0.0136127 0.0114819
 1.03182e-16 2.02188e-05 0.000118625 0.000563799 0.00217051 0.00676839 0.0170968 0.0349847 0.0580006 0.0779218 0.0848697 0.0750405 0.0541076 0.0323669 0.0171834 0.0100828 0.00899899 0.0114336 0.0158023 0.021276 0.0272782 0.0332025 0.0383793 0.0421744 0.0441258 0.0440501 0.0420802 0.0386177 0.0342211 0.029469 0.0248419 0.0206561 0.0170544 0.0140421 0.0115437 0.00945645
 1.07296e-16 7.03757e-07 4.03381e-06 1.89735e-05 7.27117e-05 0.000226438 0.000572662 0.00117691 0.00197053 0.00270592 0.00310167 0.00310971 0.00304222 0.00342453 0.00474983 0.00736738 0.011512 0.0173328 0.0248411 0.0338141 0.0437277 0.0537704 0.062954 0.0702992 0.0750433 0.0768009 0.0756288 0.0719705 0.0665119 0.0600002 0.053088 0.0462463 0.0397519 0.0337295 0.0282161 0.0232172
pSPR Fmed_Fpbrs
0.492064   0.255595 0.255595
Fs Fmed_Fpbrs
0.414328   1.005 1.005
SSBpbr Bo_Bmed_Bpbrs
865764  382723  177997 177997
Ro
19148.9
SPR SPRFo_SPRFmed_SPRFpbrs
393755 193753 100642
log_Ro
9.68
likeval ReclasPelacesDesembMPH_pf_preclas_ppelaces_ptallas_desvR_qrecl_qpela
 106.315 131.963 0.31167 0.000613538 418.85 220.104 94.33 0 73.1925 0 0 0 0 0 0
q_reclas_q_pelaces
1 1
M
0.7
N
 2715.16 11384.4 5653.33 2807.36 2769.28
 93641.5 1094.73 3726.81 1850.68 1825.57
 546.908 38735.4 377.216 1284.17 1266.74
 2483.89 195.408 9957.93 96.9732 655.778
 43069.4 1079.5 74.3247 3787.57 286.314
 21328.7 20735 503.851 34.6905 1901.45
 76289.5 7182.19 4734.71 115.051 442.106
 32858.9 31030.1 2392.77 1577.39 185.619
 105144 11043.1 7057.79 544.234 400.994
 265953 35804.3 2578.71 1648.09 220.723
 28185.7 115426 13581.2 978.147 708.869
 15907.5 11210.1 36768 4326.18 537.387
 62174.4 6212.19 3442.71 11291.7 1493.64
 28171.5 21079 1437.89 796.86 2959.34
 15910.2 7483.56 2995.37 204.328 533.764
 16055.7 4414.73 1160.29 464.42 114.438
 10835.2 6040.16 1258.2 330.684 164.975
 9827.75 4296.03 1912.13 398.307 156.911
 4999.18 4051.99 1470.63 654.566 190.063
 35833.1 1984.65 1286.01 466.743 268.065
 30251.4 14793.8 681.206 441.407 252.214
 21068.3 14088.8 6461.66 297.539 302.962
 55264.5 9468.17 5729.98 2627.98 244.226
 46405.4 23686.4 3502.51 2119.66 1062.5
 813.234 19918.9 8788.18 1299.51 1180.65
pred_Ctot
 371.678 2857.43 1418.96 704.633 695.074
 11365.4 246.103 837.815 416.047 410.403
 112.429 13947.9 135.829 462.404 456.131
 224.686 33.4003 1702.07 16.5753 112.09
 946.82 46.8224 3.22376 164.282 12.4186
 5048.69 8416.72 204.522 14.0815 771.835
 10041 1739.26 1146.57 27.861 107.062
 7810.95 12640.4 974.717 642.563 75.6136
 24282.8 4390.83 2806.23 216.392 159.438
 24290.3 6175.68 444.787 284.269 38.0713
 4087.39 30527.8 3591.95 258.701 187.482
 2477.56 3161.81 10370.4 1220.2 151.57
 14500.6 2490.47 1380.18 4526.85 598.799
 9763.47 11596.1 791.021 438.373 1628.01
 5218.8 3948.69 1580.5 107.813 281.64
 2844.26 1396.29 366.977 146.886 36.1944
 1591.17 1615.78 336.575 88.46 44.1317
 1212.52 980.463 436.396 90.9037 35.8109
 730.383 1078.92 391.582 174.29 50.6079
 4391.75 450.188 291.712 105.874 60.8068
 1357.04 1290.78 59.4365 38.5135 22.0062
 1447.93 1855.14 850.837 39.1784 39.8924
 5487.49 1766.41 1069 490.284 45.5635
 4564.42 4380.02 647.673 391.961 196.474
 110.895 4982.01 2198.05 325.026 295.298
F
 0.208347 0.416693 0.416693 0.416693 0.416693
 0.182721 0.365442 0.365442 0.365442 0.365442
 0.329192 0.658383 0.658383 0.658383 0.658383
 0.133323 0.266646 0.266646 0.266646 0.266646
 0.0309888 0.0619775 0.0619775 0.0619775 0.0619775
 0.388452 0.776903 0.776903 0.776903 0.776903
 0.199576 0.399152 0.399152 0.399152 0.399152
 0.390414 0.780828 0.780828 0.780828 0.780828
 0.377258 0.754517 0.754517 0.754517 0.754517
 0.134693 0.269386 0.269386 0.269386 0.269386
 0.221999 0.443998 0.443998 0.443998 0.443998
 0.24028 0.480559 0.480559 0.480559 0.480559
 0.381667 0.763335 0.763335 0.763335 0.763335
 0.625604 1.25121 1.25121 1.25121 1.25121
 0.582017 1.16403 1.16403 1.16403 1.16403
 0.277633 0.555265 0.555265 0.555265 0.555265
 0.225106 0.450212 0.450212 0.450212 0.450212
 0.186001 0.372003 0.372003 0.372003 0.372003
 0.223833 0.447666 0.447666 0.447666 0.447666
 0.184665 0.36933 0.36933 0.36933 0.36933
 0.0641603 0.128321 0.128321 0.128321 0.128321
 0.0998354 0.199671 0.199671 0.199671 0.199671
 0.147227 0.294455 0.294455 0.294455 0.294455
 0.145747 0.291495 0.291495 0.291495 0.291495
 0.207467 0.414933 0.414933 0.414933 0.414933
YTP_r0W_actual
 1242.02 109604 72535.7 13358.6 12638.8
YTP_p0W_proyectada
 55855 3387.17 98293.9 56571.8 12691.6
 55855 69704.2 897.649 23307.4 13884.2
CTP_r0_actual
 110.895 4982.01 2198.05 325.026 295.298
CTP_p0_proyectada
 6571.17 158.279 3150.44 1389.97 272.937
 6571.17 3257.2 28.7708 572.664 298.585
Wmedp
 8.5 21.4 31.2 40.7 46.5
nmprior
 10.6 11 7 0
nm_flota  nm_reclas  nm_pelaces    nm_pelaL
inf 13.2397 7.92116 14.7375
cv_recla  cv_pelaces  cv_mph
0.932656 1.30256 0.803635
 ------------------------------------------------
Talla a la edad & desviaci?n 
 7.2 14.2025 17.0495 18.207 18.6776
 1.08 2.13037 2.55742 2.73105 2.80164
