years
 1997 1998 1999 2000 2001 2002 2003 2004 2005 2006 2007 2008 2009 2010 2011 2012 2013 2014 2015 2016 2017 2018 2019 2020 2021
reclasobs
 0 0 0 370054 412103 1.49427e+06 250295 1.28982e+06 931140 785840 897777 1.04006e+06 184774 17550 25797 100020 73551 82996 120727 218422 84188 347160 605670 569463 516374
reclaspred
 655634 122637 178091 120114 259022 273984 609283 471746 658686 923329 774499 510835 326859 142881 89550.4 85357.5 98587.1 120902 111075 180983 288642 254348 430581 502163 440215
pelacesobs
 0 0 0 0 0 0 0 0 0 2.06254e+06 1.5e+06 0 1.87456e+06 323000 250000 174000 83755 137374 0 501740 490994 745055 786931 1.00524e+06 1.33801e+06
pelacespred
 700293 185135 106320 136082 267368 222775 647735 525404 719687 1.0026e+06 766682 526221 340057 119671 73831.7 76043.9 92008.5 115549 108091 170986 309122 266550 355132 489194 423110
mphobs
 0 0 0 0 0 112323 0 153150 637223 0 255016 313432 73983 77613 109348 50772 0 0 0 0 0 0 0 0 0
mphpred
 824622 350129 244077 134803 197138 419294 526745 648826 656375 899580 1.27997e+06 924866 546477 299047 129408 101336 116886 146572 162969 167588 303307 383226 453466 632146 755395
desembarqueobs
 350755 77701 442110 56441 14545 235359 269955 359681 431902 328805 639364 411747 362871 311530 167758 66681 60226 58785 57116 73181 50977 67692 138656 160484 209506
desembarquepred
 350734 77670.4 441618 56426.4 14544.6 235318 269928 359381 431644 328642 638906 411562 362571 311306 167525 66652.3 60221.6 58761.3 57088.1 73141.3 50968.9 67665.7 138612 160441 209456
Reclutas
 19042.7 36159.9 6700.57 27608.5 58129.8 27665.7 61358.2 76359.6 116214 189628 62679.6 32426.3 48824.4 22153.4 14985.4 16446.7 11610.1 11743.1 10952.3 30019.4 34673.3 38257.7 67624.7 63045.6 6337.61
log_desv_Rt
 -0.485559 0.155705 -1.53005 -0.11412 0.630434 -0.112053 0.684484 0.903208 1.32318 1.81282 0.705792 0.0467263 0.455986 -0.334252 -0.725169 -0.632118 -0.980366 -0.968976 -1.03869 -0.0304008 0.113724 0.2121 0.781728 0.711613 -1.58574
SSB
 824622 350129 244077 134803 197138 419294 526745 648826 656375 899580 1.27997e+06 924866 546477 299047 129408 101336 116886 146572 162969 167588 303307 383226 453466 632146 755395
BT
 1.48895e+06 481820 422139 304376 490578 582192 1.34928e+06 1.3359e+06 1.68082e+06 2.10259e+06 1.93023e+06 1.31324e+06 965887 512077 272415 191023 213580 254233 243104 366053 594090 541314 732155 1.00732e+06 924514
Ftot
 0.329747 0.523219 1.34319 0.535473 0.0680355 0.533774 0.414935 0.760796 0.728148 0.395038 0.529262 0.484075 0.838086 1.43301 1.55506 0.668606 0.499745 0.377855 0.35636 0.416446 0.150031 0.189702 0.2425 0.237281 0.254885
BD_Bspro_t
 0.952111 0.712969 0.533514 0.246682 0.455166 0.68912 0.590265 0.601776 0.568388 0.596543 0.64726 0.493572 0.371012 0.276416 0.160507 0.158481 0.235977 0.356427 0.438201 0.504333 0.669424 0.767671 0.765642 0.767884 0.747337
BD_Bspro
 1.29589 0.550225 0.383565 0.211842 0.309801 0.658918 0.827776 1.01963 1.03149 1.41368 2.01146 1.45342 0.858784 0.469951 0.203364 0.159248 0.183685 0.230338 0.256105 0.263364 0.476646 0.602237 0.712618 0.993413 1.1871
BD_Bo
 0.905832 0.38461 0.268114 0.148079 0.216553 0.460587 0.578619 0.712723 0.721015 0.988172 1.40602 1.01595 0.600294 0.328498 0.142153 0.111315 0.128397 0.161007 0.179019 0.184093 0.333178 0.420966 0.498123 0.6944 0.829787
BD_Brms
 3.02133 1.28283 0.894271 0.493904 0.722293 1.53625 1.92994 2.37723 2.40489 3.29597 4.68966 3.38861 2.00223 1.09568 0.474138 0.371283 0.428256 0.537026 0.597102 0.614026 1.11129 1.4041 1.66145 2.31611 2.76769
S_f
 0.147219 1 1 1 1
 0.147219 1 1 1 1
 0.147219 1 1 1 1
 0.147219 1 1 1 1
 0.147219 1 1 1 1
 0.147219 1 1 1 1
 0.147219 1 1 1 1
 0.147219 1 1 1 1
 0.147219 1 1 1 1
 0.147219 1 1 1 1
 0.147219 1 1 1 1
 0.147219 1 1 1 1
 0.147219 1 1 1 1
 0.147219 1 1 1 1
 0.147219 1 1 1 1
 0.147219 1 1 1 1
 0.147219 1 1 1 1
 0.147219 1 1 1 1
 0.147219 1 1 1 1
 0.147219 1 1 1 1
 0.147219 1 1 1 1
 0.147219 1 1 1 1
 0.147219 1 1 1 1
 0.147219 1 1 1 1
 0.147219 1 1 1 1
Scru_reclas
 1 1 1 1 1
 1 1 1 1 1
 1 1 1 1 1
 1 1 1 1 1
 1 1 1 1 1
 1 1 1 1 1
 1 1 1 1 1
 1 1 1 1 1
 1 1 1 1 1
 1 1 1 1 1
 1 1 1 1 1
 1 1 1 1 1
 1 1 1 1 1
 1 1 1 1 1
 1 1 1 1 1
 1 1 1 1 1
 1 1 1 1 1
 1 1 1 1 1
 1 1 1 1 1
 1 1 1 1 1
 1 1 1 1 1
 1 1 1 1 1
 1 1 1 1 1
 1 1 1 1 1
 1 1 1 1 1
Scru_pelaces
 1 1 1 1 1
 1 1 1 1 1
 1 1 1 1 1
 1 1 1 1 1
 1 1 1 1 1
 1 1 1 1 1
 1 1 1 1 1
 1 1 1 1 1
 1 1 1 1 1
 1 1 1 1 1
 1 1 1 1 1
 1 1 1 1 1
 1 1 1 1 1
 1 1 1 1 1
 1 1 1 1 1
 1 1 1 1 1
 1 1 1 1 1
 1 1 1 1 1
 1 1 1 1 1
 1 1 1 1 1
 1 1 1 1 1
 1 1 1 1 1
 1 1 1 1 1
 1 1 1 1 1
 1 1 1 1 1
pf_obs 
 0.256992 0.487395 0.22802 0.0275931 0
 0.321318 0.546541 0.124235 0.00734118 0.000564706
 0.182869 0.594174 0.210203 0.0122559 0.00049798
 0.330522 0.361315 0.267642 0.0388342 0.00168674
 0.649043 0.306663 0.0425973 0.00169635 0
 0.582887 0.30429 0.105238 0.00758474 0
 0.465427 0.430635 0.0974691 0.00646863 0
 0.296916 0.608066 0.0921331 0.00288517 0
 0.311714 0.524322 0.152257 0.0117073 0
 0.15457 0.633149 0.183074 0.0267441 0.00246327
 0.131901 0.49318 0.331252 0.0422183 0.00144891
 0.196976 0.569456 0.194076 0.0375587 0.00193317
 0.518974 0.381816 0.0799577 0.0180837 0.00116848
 0.0928022 0.601141 0.25162 0.0475244 0.00691264
 0.122501 0.610282 0.24278 0.0234846 0.000952079
 0.383417 0.481906 0.127806 0.00687128 0
 0.0376549 0.599619 0.316969 0.0457579 0
 0.0361596 0.667082 0.258105 0.0386534 0
 0.158088 0.579412 0.248529 0.0139706 0
 0.0477256 0.309471 0.559284 0.082774 0.000745712
 0.0406174 0.521527 0.379366 0.0568643 0.0016247
 0.151134 0.462217 0.34131 0.0453401 0
 0.294876 0.26143 0.354403 0.0886775 0.000613685
 0.281977 0.475581 0.204845 0.0348837 0.00271318
 0.0841818 0.532909 0.334909 0.0458182 0.00218182
pf_pred 
 0.0912511 0.607183 0.26616 0.0353995 5.87145e-06
 0.240585 0.337834 0.281681 0.123476 0.0164251
 0.0633829 0.689482 0.109941 0.0916669 0.0455276
 0.465041 0.258172 0.203754 0.0324893 0.0405434
 0.380124 0.548659 0.0343692 0.0271248 0.0097225
 0.122694 0.711877 0.146423 0.00917226 0.0098336
 0.313673 0.379704 0.248805 0.0511756 0.00664265
 0.288048 0.563864 0.0819284 0.0536845 0.0124754
 0.342699 0.526796 0.103359 0.0150179 0.0121275
 0.341895 0.550432 0.0862951 0.0169314 0.00444672
 0.092298 0.735941 0.143659 0.0225224 0.00557953
 0.0853412 0.43282 0.390663 0.0762589 0.0149175
 0.222035 0.347026 0.203922 0.18406 0.0429575
 0.153093 0.633482 0.0952023 0.0559435 0.0622794
 0.227333 0.559479 0.159464 0.0239648 0.0297597
 0.298093 0.576286 0.0909609 0.0259258 0.00873462
 0.18117 0.656196 0.133527 0.0210758 0.00803089
 0.195857 0.529225 0.220315 0.0448309 0.00977243
 0.181314 0.545004 0.180117 0.0749819 0.0185837
 0.389726 0.391634 0.14555 0.0481023 0.0249878
 0.244745 0.635837 0.0766347 0.0284811 0.0143022
 0.201367 0.561379 0.19974 0.0240739 0.0134399
 0.277635 0.471291 0.176486 0.0627942 0.0117935
 0.189071 0.60494 0.134394 0.0503267 0.0212695
 0.0212237 0.626308 0.262935 0.0584138 0.0311191
pobs_RECLAS
 0 0 0 0 0
 0 0 0 0 0
 0 0 0 0 0
 0 0 0 0 0
 0.835266 0.146461 0.0176864 0.000547809 3.91292e-05
 0.385257 0.428462 0.181853 0.0044286 0
 0.867414 0.0963971 0.0333333 0.00285562 0
 0.441836 0.489002 0.0689373 0.000224442 0
 0.779404 0.147425 0.0564933 0.0165055 0.000172143
 0.814271 0.122319 0.05973 0.00367925 0
 0.40263 0.566651 0.0304383 0.000280538 0
 0.475488 0.404961 0.113038 0.00651328 0
 0.955842 0.0263864 0.0167828 0.000988607 0
 0.975058 0.0227948 0.00214734 0 0
 0.738997 0.206755 0.0527124 0.00153531 0
 0.850938 0.134255 0.0134407 0.00136685 0
 0.542534 0.407297 0.0501686 0 0
 0.764087 0.199537 0.0359546 0.000420521 0
 0.470689 0.182191 0.310203 0.0369168 0
 0.84361 0.089868 0.0606195 0.00523954 0.000663233
 0.607945 0.314616 0.071237 0.00620181 0
 0.523733 0.453247 0.0230204 0 0
 0.530135 0.295979 0.169645 0.0042399 0
 0.562478 0.366248 0.0663022 0.0049721 0
 0.250443 0.683176 0.0655157 0.000865301 0
ppred_RECLAS
 0.410461 0.393902 0.172668 0.022965 3.80903e-06
 0.690597 0.137641 0.114763 0.0503068 0.00669196
 0.344717 0.48238 0.0769174 0.0641327 0.0318524
 0.859776 0.0676723 0.0534082 0.00851614 0.0106273
 0.806957 0.170865 0.0107034 0.00844728 0.00302781
 0.496544 0.408522 0.0840272 0.00526365 0.00564317
 0.761347 0.132032 0.0865157 0.017795 0.00230981
 0.744789 0.202126 0.0293686 0.0192441 0.00447202
 0.789369 0.168811 0.0331213 0.00481246 0.00388622
 0.783573 0.181018 0.0283794 0.00556814 0.00146237
 0.41752 0.47226 0.092187 0.0144528 0.00358043
 0.395805 0.285907 0.258059 0.0503742 0.009854
 0.674936 0.145001 0.0852066 0.0769075 0.0179494
 0.587541 0.308517 0.0463652 0.0272455 0.0303312
 0.702717 0.215259 0.0613535 0.00922045 0.01145
 0.752106 0.203528 0.0321249 0.00915628 0.00308482
 0.608701 0.313581 0.0638092 0.0100716 0.00383777
 0.628949 0.244197 0.101658 0.020686 0.00450923
 0.606101 0.262221 0.0866605 0.0360765 0.00894128
 0.816789 0.117573 0.0436957 0.0144408 0.00750163
 0.689395 0.261493 0.0315167 0.0117131 0.00588192
 0.633867 0.257364 0.0915708 0.0110366 0.0061615
 0.725897 0.178833 0.066968 0.0238274 0.00447509
 0.616261 0.286263 0.0635963 0.0238151 0.0100649
 0.130085 0.556649 0.233691 0.0519169 0.0276579
pobs_PELACES
 0 0 0 0 0
 0 0 0 0 0
 0 0 0 0 0
 0 0 0 0 0
 0 0 0 0 0
 0 0 0 0 0
 0 0 0 0 0
 0 0 0 0 0
 0 0 0 0 0
 0 0 0 0 0
 0.450072 0.473896 0.0757376 0.000293798 0
 0 0 0 0 0
 0.463077 0.371075 0.160297 0.00555027 0
 0.529543 0.364841 0.0842815 0.0213345 0
 0.631943 0.363953 0.00410389 0 0
 0.735681 0.248677 0.0153453 0.000297389 0
 0.695825 0.281241 0.0229344 0 0
 0.275771 0.60734 0.115278 0.00161068 0
 0 0 0 0 0
 0.896147 0.0623911 0.0374545 0.00400742 0
 0.803859 0.145111 0.0509908 3.86294e-05 0
 0.739449 0.233085 0.0266225 0.000797448 4.60066e-05
 0.878498 0.100942 0.0204185 0.000141795 0
 0.694673 0.275183 0.0284847 0.00165964 0
 0.469039 0.446079 0.0841089 0.000773354 0
ppred_PELACES
 0.433088 0.378784 0.166041 0.0220836 3.66283e-06
 0.721146 0.124051 0.103432 0.0453397 0.00603122
 0.434296 0.416438 0.0664027 0.0553656 0.0274981
 0.876979 0.0593704 0.0468562 0.00747139 0.00932353
 0.809922 0.168241 0.010539 0.00831754 0.0029813
 0.534044 0.378093 0.0777683 0.00487158 0.00522283
 0.781913 0.120654 0.0790602 0.0162616 0.00211077
 0.783318 0.171611 0.0249348 0.0163388 0.00379687
 0.821426 0.143119 0.0280804 0.00408003 0.00329476
 0.801831 0.165746 0.0259852 0.00509839 0.001339
 0.454125 0.442582 0.0863937 0.0135446 0.00335543
 0.428801 0.270293 0.243967 0.0476233 0.00931587
 0.724411 0.122932 0.0722381 0.0652021 0.0152175
 0.68072 0.23882 0.0358908 0.0210904 0.023479
 0.78548 0.155332 0.0442728 0.0066535 0.00826237
 0.785504 0.176108 0.0277968 0.00792269 0.00266922
 0.641641 0.287183 0.0584377 0.0092238 0.00351471
 0.653406 0.228101 0.0949578 0.0193226 0.00421201
 0.629772 0.246463 0.0814527 0.0339085 0.00840397
 0.83368 0.106733 0.0396671 0.0131095 0.00681001
 0.698363 0.253943 0.0306067 0.0113749 0.0057121
 0.646166 0.248718 0.0884948 0.0106659 0.00595453
 0.739264 0.170112 0.0637022 0.0226654 0.00425685
 0.631925 0.274578 0.0610003 0.022843 0.00965406
 0.13842 0.551316 0.231452 0.0514195 0.027393
pobs_pel_tallas
 0 0 0 0 0 0 0 0 0 0 0 0 0 0 0 0 0 0 0 0 0 0 0 0 0 0 0 0 0 0 0 0 0 0 0 0
 0 0 0 0 0 0 0 0 0 0 0 0 0 0 0 0 0 0 0 0 0 0 0 0 0 0 0 0 0 0 0 0 0 0 0 0
 0 0 0 0 0 0 0 0 0 0 0 0 0 0 0 0 0 0 0 0 0 0 0 0 0 0 0 0 0 0 0 0 0 0 0 0
 0 0 0 0 0 0 0 0 0 0 0 0 0 0 0 0 0 0 0 0 0 0 0 0 0 0 0 0 0 0 0 0 0 0 0 0
 0 0 0 0 0 0 0 0 0 0 0 0 0 0 0 0 0 0 0 0 0 0 0 0 0 0 0 0 0 0 0 0 0 0 0 0
 0 0 0 0 0 0 0 0 0 0 0 0 0 0 0 0 0 0 0 0 0 0 0 0 0 0 0 0 0 0 0 0 0 0 0 0
 0 0 0 0 0 0 0 0 0 0 0 0 0 0 0 0 0 0 0 0 0 0 0 0 0 0 0 0 0 0 0 0 0 0 0 0
 0 0 0 0 0 0 0 0 0 0 0 0 0 0 0 0 0 0 0 0 0 0 0 0 0 0 0 0 0 0 0 0 0 0 0 0
 0 0 0 0 0 0 0 0 0 0 0 0 0 0 0 0 0 0 0 0 0 0 0 0 0 0 0 0 0 0 0 0 0 0 0 0
 0 0 0 0 0 0 0 0 0 0 0 0 0 0 0 0 0 0 0 0 0 0 0 0 0 0 0 0 0 0 0 0 0 0 0 0
 0 0 0 0 0 0 0 0 1.78061e-05 0.00172719 0.00360574 0.0105946 0.0120993 0.0124554 0.0147524 0.0171206 0.0266825 0.0428682 0.0675386 0.121331 0.153587 0.119568 0.100827 0.0573624 0.0630603 0.0341343 0.0324427 0.0444173 0.0211091 0.0280891 0.0125444 0.00206551 0 0 0 0
 0 0 0 0 0 0 0 0 0 0 0 0 0 0 0 0 0 0 0 0 0 0 0 0 0 0 0 0 0 0 0 0 0 0 0 0
 0 0 0 0 0 0 0.0133647 0.0140871 0.0187388 0.0205184 0.03894 0.0496705 0.03968 0.0493445 0.0407372 0.0367815 0.0215668 0.0243155 0.0234873 0.0199281 0.019796 0.0243948 0.0301388 0.0376714 0.0412746 0.0863199 0.0771752 0.113111 0.0741005 0.0525337 0.0229764 0.00759418 0.00175318 0 0 0
 0 0 0 0 0 0 0 0 0 0 0.00219441 0.00772107 0.0458388 0.0604681 0.0671733 0.0775358 0.0609151 0.0617685 0.073594 0.0568108 0.0755445 0.0548602 0.0670107 0.0636378 0.0643287 0.046367 0.0373049 0.0286899 0.0247887 0.0153202 0.00654259 0.00121912 0.000365735 0 0 0
 0 0 0 0 0 0 0 0 0 0 0 0 0.000112435 0.00938835 0.0111873 0.0202946 0.0414886 0.0713402 0.111592 0.104902 0.108894 0.110636 0.117776 0.105296 0.107544 0.0401394 0.0192827 0.0124803 0.00416011 0.0028671 0.000618394 0 0 0 0 0
 0 0 0 0 0 0 0 0 0 0 0.00291406 0.0102884 0.027416 0.0768956 0.0749926 0.110853 0.0956884 0.0897413 0.0766577 0.0534642 0.0500743 0.0551293 0.0594112 0.0620874 0.0668451 0.0424026 0.0208742 0.0120726 0.0048766 0.00582813 0.00118941 0.000297354 0 0 0 0
 0 0.00264628 0.0354308 0.0461629 0.0458689 0.0383711 0.0214643 0.0164657 0.0346957 0.0420465 0.0363128 0.0245516 0.0311673 0.0291091 0.0169068 0.0133784 0.00837989 0.0085269 0.0148486 0.0160247 0.0276389 0.0546898 0.0760071 0.122758 0.109233 0.0665981 0.0333725 0.0166128 0.00676272 0.00308733 0.000882094 0 0 0 0 0
 0 0 0 0 0 0 0 0.000805153 0.000690131 0.00759144 0.0133425 0.0154129 0.00931677 0.000345066 0.00356568 0.00563607 0.00851162 0.0253048 0.0502646 0.0516448 0.0657925 0.0565908 0.0611916 0.0827007 0.0866115 0.110766 0.145733 0.0935128 0.0569358 0.0249597 0.0138026 0.00621118 0.00161031 0.00115022 0 0
 0 0 0 0 0 0 0 0 0 0 0 0 0 0 0 0 0 0 0 0 0 0 0 0 0 0 0 0 0 0 0 0 0 0 0 0
 0.00147267 0.00158595 0.00478618 0.00569244 0.00954404 0.0108468 0.00647125 0.017049 0.0510054 0.094081 0.124002 0.0959785 0.0687766 0.0820023 0.061753 0.0591476 0.0492212 0.0479892 0.0443925 0.0268479 0.0217502 0.0140895 0.0121071 0.0120363 0.00920419 0.00665534 0.0049561 0.00860946 0.00930331 0.0156896 0.0114698 0.00855282 0.00243557 0.00046729 0 2.83206e-05
 0 0 0 0 0.000772559 0.00158375 0.000888443 0.00281984 0.00712685 0.0440552 0.0773331 0.111326 0.0921469 0.0852325 0.0710754 0.0886704 0.0786465 0.0553345 0.0373146 0.0185414 0.00753245 0.00457741 0.012979 0.0271748 0.0457355 0.0583668 0.034881 0.0177882 0.00938659 0.00492506 0.0015258 0.00185414 0.000309023 5.79419e-05 3.86279e-05 0
 0 0.00173294 0.00326652 0 0.00397197 0.00683976 0.00946217 0.0152591 0.00757587 0.0136028 0.0228656 0.0392903 0.0559909 0.0764795 0.0681675 0.0726916 0.0566044 0.0477403 0.0527397 0.0444891 0.0609904 0.0582453 0.0661739 0.0445044 0.0529084 0.0360697 0.0280645 0.0235558 0.0158879 0.00826598 0.00280645 0.00217768 0.000904811 0.00058276 9.20147e-05 0
 0 0 0 0 0 0 0 0 0 0 0 0 0 0 0 0 0 0 0 0 0 0 0 0 0 0 0 0 0 0 0 0 0 0 0 0
 0 0 0 0 0 0 0 0 0 0 0 0 0 0 0 0 0 0 0 0 0 0 0 0 0 0 0 0 0 0 0 0 0 0 0 0
 0 0 0 0 0 0 0 0 0 0 0 0 0 0 0 0 0 0 0 0 0 0 0 0 0 0 0 0 0 0 0 0 0 0 0 0
ppred_pel_tallas
 1.0324e-16 1.8913e-05 0.000110962 0.000527373 0.00203027 0.00633106 0.0159921 0.0327242 0.0542528 0.0728867 0.0793853 0.0701906 0.0506093 0.0302727 0.0160715 0.00943668 0.00844368 0.0107687 0.0149502 0.0202391 0.0261265 0.0320736 0.037472 0.041727 0.0443778 0.0451946 0.0442189 0.0417294 0.0381557 0.033967 0.029577 0.0252882 0.0212824 0.0176431 0.0143937 0.011531
 1.03349e-16 3.14632e-05 0.000184666 0.000877825 0.00337969 0.0105392 0.0266212 0.0544703 0.0902896 0.121253 0.13194 0.116362 0.0832555 0.048508 0.0233938 0.0100591 0.00506353 0.00436612 0.00550403 0.00741857 0.00970656 0.0121483 0.0145433 0.0166926 0.0184265 0.0196326 0.0202697 0.0203612 0.0199744 0.0191939 0.0181007 0.0167623 0.0152343 0.013568 0.0118187 0.0100485
 1.04266e-16 1.89669e-05 0.000111275 0.000528858 0.00203597 0.00634885 0.0160371 0.0328165 0.0544066 0.0730958 0.0796197 0.0704134 0.0508037 0.0304557 0.0162882 0.009745 0.0089017 0.0114263 0.0158387 0.0213585 0.0274303 0.0334609 0.0387901 0.0427902 0.0450003 0.0452312 0.0436025 0.0404952 0.0364422 0.0319942 0.0276059 0.0235728 0.0200252 0.0169656 0.0143254 0.012017
 1.01377e-16 3.82555e-05 0.000224549 0.00106745 0.0041098 0.0128161 0.0323723 0.0662369 0.109791 0.147433 0.160402 0.141405 0.101045 0.0586128 0.0277776 0.0110988 0.00433923 0.00253867 0.0026786 0.00348464 0.00452556 0.00563843 0.00671564 0.00766046 0.00839312 0.00886366 0.00905835 0.00899615 0.00871798 0.00827291 0.00770682 0.00705654 0.00634989 0.00560906 0.00485489 0.00410927
 1.0063e-16 3.53358e-05 0.000207398 0.000985889 0.00379574 0.0118367 0.0298985 0.0611762 0.101406 0.136183 0.148188 0.130699 0.0935286 0.0545229 0.0263456 0.0114061 0.00583342 0.0050717 0.00632353 0.00835234 0.0106441 0.0128853 0.0147922 0.0161091 0.0166555 0.0163677 0.0153142 0.0136749 0.011694 0.00962268 0.00766867 0.00596749 0.00457752 0.00349445 0.00267517 0.00206147
 1.01639e-16 2.3315e-05 0.000136806 0.000650239 0.00250333 0.00780631 0.0197184 0.0403485 0.0668899 0.0898546 0.0978411 0.0864492 0.0622023 0.0369456 0.0191338 0.0104784 0.00854931 0.0104302 0.0142888 0.0192071 0.0246096 0.0299312 0.0345581 0.0379088 0.0395574 0.0393311 0.0373461 0.0339668 0.0297068 0.0251052 0.0206195 0.0165624 0.0130899 0.0102295 0.00792705 0.00609338
 1.0182e-16 3.41128e-05 0.000200222 0.00095178 0.00366443 0.0114272 0.0288641 0.0590594 0.0978959 0.131466 0.143048 0.126147 0.0902316 0.0525212 0.0252317 0.0106784 0.00511751 0.00415293 0.00510134 0.00680592 0.00882719 0.0109328 0.0129195 0.0145933 0.0157973 0.0164407 0.0165118 0.0160701 0.0152218 0.0140894 0.0127853 0.0113971 0.00998603 0.00859351 0.00725038 0.00598382
 1.01149e-16 3.4176e-05 0.000200589 0.000953514 0.00367109 0.011448 0.0289166 0.0591672 0.0980758 0.131712 0.143326 0.126417 0.0904784 0.0527731 0.0255537 0.0111563 0.00584367 0.00521596 0.00657224 0.00871793 0.0111527 0.0135654 0.0156695 0.017203 0.0179763 0.0179145 0.017073 0.0156178 0.0137798 0.0117985 0.00987317 0.00813587 0.00664702 0.00540994 0.0043939 0.00355614
 1.0074e-16 3.58365e-05 0.00021034 0.000999879 0.00384962 0.0120047 0.0303229 0.0620442 0.102844 0.138112 0.150281 0.13253 0.0948079 0.0552055 0.0265579 0.0112982 0.00549116 0.00451136 0.00552532 0.00729474 0.00932739 0.0113452 0.0131046 0.0143843 0.0150237 0.0149574 0.0142295 0.0129774 0.0113941 0.00968187 0.00801164 0.00649932 0.00520175 0.00412761 0.00325557 0.00255196
 1.00661e-16 3.4983e-05 0.000205327 0.000976042 0.00375783 0.0117185 0.0295999 0.0605651 0.100393 0.134823 0.146708 0.129394 0.092596 0.0539815 0.0260887 0.0113037 0.0057959 0.00505705 0.00632047 0.00836525 0.0106857 0.0129741 0.0149504 0.0163595 0.0170176 0.0168533 0.0159231 0.0143927 0.0124927 0.0104631 0.00850637 0.00675853 0.00528467 0.00409158 0.00314944 0.0024131
 1.01993e-16 1.98327e-05 0.000116356 0.000553005 0.00212894 0.00663875 0.0167693 0.034315 0.0568912 0.0764342 0.0832573 0.0736331 0.0531328 0.0318638 0.0170622 0.0102387 0.00938095 0.0120476 0.0166844 0.0224632 0.0287859 0.0350096 0.0404195 0.0443368 0.0462644 0.0460015 0.0436855 0.0397439 0.0347778 0.0294171 0.0241952 0.0194753 0.0154369 0.0121092 0.00942665 0.00728398
 1.05623e-16 1.87219e-05 0.000109849 0.000522104 0.00201002 0.00626794 0.0158325 0.0323969 0.0537075 0.0721456 0.0785563 0.0694056 0.0499305 0.0296417 0.0153298 0.0083763 0.00684635 0.00842906 0.0117021 0.0159969 0.0209343 0.026146 0.0312072 0.0356787 0.0391843 0.0414774 0.0424737 0.0422383 0.0409412 0.038798 0.0360212 0.0327939 0.0292677 0.0255747 0.0218418 0.0181959
 1.04018e-16 3.16054e-05 0.000185501 0.000881797 0.00339498 0.0105869 0.0267417 0.0547168 0.090698 0.121802 0.132536 0.116885 0.083625 0.0487135 0.0234741 0.0100603 0.00501343 0.00427085 0.00535589 0.00720344 0.00940905 0.0117557 0.0140491 0.0161008 0.0177543 0.0189124 0.0195485 0.0196976 0.0194319 0.0188331 0.0179702 0.0168906 0.015625 0.0141983 0.0126429 0.0110046
 1.0241e-16 2.97049e-05 0.000174333 0.00082868 0.00319042 0.00994901 0.0251305 0.051421 0.0852385 0.11448 0.124597 0.10995 0.0788066 0.0461959 0.0228003 0.0106917 0.00666392 0.00692395 0.00913018 0.0122124 0.0156597 0.0190854 0.0221023 0.0243495 0.0255644 0.025641 0.0246521 0.0228208 0.0204578 0.0178833 0.0153613 0.0130622 0.01106 0.00935295 0.00789696 0.00663642
 1.01294e-16 3.42696e-05 0.00020114 0.000956137 0.00368119 0.0114795 0.0289962 0.0593299 0.0983451 0.132072 0.143715 0.126751 0.0906997 0.052866 0.0255314 0.011033 0.00561853 0.00487418 0.00609526 0.00809499 0.0103907 0.0126955 0.0147486 0.0163093 0.0171982 0.0173353 0.0167557 0.0155928 0.01404 0.0123019 0.0105531 0.00891374 0.00744623 0.00616664 0.00506329 0.00411397
 1.0085e-16 3.42715e-05 0.000201149 0.000956175 0.00368134 0.0114799 0.0289974 0.0593324 0.0983498 0.13208 0.143728 0.126773 0.090738 0.0529338 0.0256487 0.0112268 0.00592185 0.00532213 0.00671829 0.00890945 0.0113887 0.0138367 0.015958 0.0174823 0.0182143 0.0180773 0.0171301 0.0155466 0.013569 0.0114495 0.00939995 0.00756233 0.00600401 0.00473147 0.00371352 0.0029038
 1.01405e-16 2.80029e-05 0.000164336 0.000781143 0.00300738 0.00937818 0.0236887 0.0484713 0.0803508 0.107922 0.117473 0.103699 0.0744045 0.0437722 0.0218958 0.0107561 0.00735832 0.0081458 0.0109118 0.0146205 0.0187307 0.0227897 0.0263276 0.0289027 0.0301917 0.0300624 0.0286019 0.0260845 0.0228971 0.0194455 0.0160734 0.0130151 0.0103868 0.00820837 0.00643932 0.00501383
 1.02284e-16 2.85137e-05 0.00016734 0.000795435 0.00306242 0.00954985 0.0241222 0.049358 0.0818188 0.109888 0.1196 0.105543 0.0756551 0.0443626 0.0219232 0.0103305 0.00651381 0.00684137 0.00907659 0.0122041 0.0157443 0.0193331 0.0225983 0.0251829 0.0268114 0.0273473 0.026816 0.0253849 0.02331 0.0208694 0.0183062 0.0157954 0.0134396 0.0112835 0.00933755 0.00759899
 1.02795e-16 2.74838e-05 0.000161292 0.000766679 0.0029517 0.00920456 0.0232501 0.0475736 0.0788618 0.105919 0.115286 0.101752 0.0729697 0.0428536 0.0212995 0.0102404 0.00672817 0.00727004 0.00971068 0.0130607 0.0168346 0.0206471 0.0241004 0.0268141 0.0284987 0.029017 0.0284075 0.0268608 0.0246601 0.022107 0.0194591 0.0168951 0.0145105 0.0123369 0.0103699 0.00859456
 1.01367e-16 3.63694e-05 0.000213472 0.00101477 0.00390698 0.0121836 0.0307747 0.0629685 0.104375 0.140164 0.152506 0.134472 0.0961523 0.0558986 0.026724 0.011083 0.00496822 0.00367807 0.0043418 0.00572496 0.00736968 0.00905157 0.010588 0.0118123 0.0125977 0.0128819 0.0126782 0.0120646 0.0111594 0.010089 0.00896187 0.0078539 0.00680661 0.00583537 0.00494137 0.00412191
 1.01176e-16 3.04749e-05 0.000178852 0.000850159 0.00327312 0.0102069 0.0257819 0.0527539 0.0874482 0.117449 0.127829 0.112806 0.0808616 0.0474162 0.0234313 0.0110339 0.00693566 0.00724331 0.00954897 0.0127441 0.0162885 0.0197663 0.0227596 0.0248819 0.0258551 0.0255746 0.0241323 0.0217864 0.0188935 0.0158224 0.0128807 0.0102723 0.00808994 0.00633625 0.00495807 0.00388039
 1.01983e-16 2.81988e-05 0.00016549 0.000786633 0.00302853 0.00944414 0.0238553 0.0488119 0.0809142 0.108675 0.118285 0.104395 0.0748591 0.04395 0.0218197 0.0104486 0.00680856 0.00731247 0.00974592 0.0130918 0.0168511 0.0206294 0.0240202 0.0266356 0.0281814 0.0285196 0.0276935 0.0259044 0.023451 0.0206545 0.0177928 0.0150634 0.0125766 0.0103724 0.00844759 0.00678089
 1.01938e-16 3.2255e-05 0.000189311 0.000899897 0.00346465 0.0108042 0.0272905 0.0558401 0.0925612 0.124307 0.135272 0.119321 0.0854162 0.0498551 0.0242067 0.0106837 0.00576924 0.00532152 0.00680169 0.00908996 0.0117172 0.0143865 0.0168171 0.018744 0.0199646 0.0203796 0.0200104 0.018983 0.0174877 0.0157294 0.0138847 0.0120783 0.01038 0.00881692 0.00739248 0.00610233
 1.02192e-16 2.75787e-05 0.000161847 0.000769312 0.00296183 0.00923614 0.0233299 0.0477371 0.0791335 0.106286 0.115692 0.102123 0.0732653 0.043086 0.0215233 0.0105259 0.00714309 0.00787265 0.0105452 0.0141487 0.0181632 0.0221591 0.0256907 0.0283376 0.0297889 0.0299123 0.0287801 0.0266394 0.0238418 0.0207559 0.0176921 0.01486 0.0123626 0.0102178 0.00839296 0.00683778
 1.06512e-16 6.07122e-06 3.55529e-05 0.000168835 0.000649746 0.00202592 0.00511789 0.0104762 0.0173817 0.0233926 0.0255863 0.0228793 0.0170554 0.0113228 0.00805882 0.00792955 0.0105312 0.0152824 0.02176 0.029588 0.038251 0.047025 0.0550428 0.0614483 0.0655768 0.067095 0.0660575 0.062857 0.058097 0.0524317 0.0464302 0.0404996 0.0348752 0.0296588 0.0248766 0.0205291
pSPR Fmed_Fpbrs
0.5467   0.349813 0.349813
Fs Fmed_Fpbrs
0.44402   1.005 1.005
SSBpbr Bo_Bmed_Bpbrs
910348  452170  272934 272934
Ro
30946
SPR SPRFo_SPRFmed_SPRFpbrs
636338 347886 222599
log_Ro
10.16
likeval ReclasPelacesDesembMPH_pf_preclas_ppelaces_ptallas_desvR_qrecl_qpela
 84.3021 66.6048 0.0397164 0.000695891 322.159 191.344 79.1637 0 24.6677 2.02813e-05 0 0 0 0 0
q_reclas_q_pelaces
0.528263 1
M
0.7
N
 19042.7 21033.3 9220.02 1226.27 0.203392
 36159.9 9008.24 7510.95 3292.45 437.97
 6700.57 16625.2 2650.96 2210.33 1097.79
 27608.5 2730.4 2154.88 343.604 428.783
 58129.8 12670.7 793.721 626.419 224.531
 27665.7 28578.7 5878.24 368.226 394.776
 61358.2 12700.1 8321.88 1711.69 222.18
 76359.6 28664 4164.83 2729.05 634.187
 116214 33901.2 6651.52 966.455 780.444
 189628 51843.6 8127.89 1594.72 418.824
 62679.6 88846 17343.1 2719 673.585
 32426.3 28792.6 25988.2 5073 992.36
 48824.4 14994.8 8811.38 7953.15 1856.18
 22153.4 21431.2 3220.77 1892.61 2106.96
 14985.4 8908.68 2539.17 381.596 473.869
 16446.7 5918.84 934.23 266.276 89.7104
 11610.1 7401.59 1506.12 237.725 90.5847
 11743.1 5356.48 2229.89 453.75 98.9104
 10952.3 5515.93 1822.94 758.885 188.084
 30019.4 5160.79 1918 633.872 329.279
 34673.3 14020.7 1689.86 628.032 315.376
 38257.7 16842.1 5992.47 722.248 403.214
 67624.7 18475 6918.37 2461.58 462.315
 63045.6 32403.7 7198.82 2695.76 1139.3
 6337.61 30232.8 12692.2 2819.71 1502.16
pred_Ctot
 650.762 4330.16 1898.14 252.454 0.0418725
 1936.49 2719.26 2267.28 993.869 132.207
 874.494 9512.78 1516.85 1264.73 628.145
 1511.98 839.388 662.46 105.632 131.818
 416.875 601.703 37.692 29.7472 10.6625
 1510.46 8763.83 1802.6 112.919 121.06
 2624.1 3176.5 2081.43 428.121 55.5706
 5856.5 11464.3 1665.74 1091.5 253.646
 8548.44 13140.6 2578.23 374.613 302.512
 7730.8 12446.2 1951.27 382.846 100.547
 3394.18 27063.6 5282.92 828.241 205.182
 1610.67 8168.75 7373.11 1439.26 281.542
 4104.82 6415.56 3769.96 3402.76 794.168
 3067.3 12692.2 1907.43 1120.86 1247.8
 2234.44 5499.08 1567.36 235.549 292.506
 1115.09 2155.75 340.264 96.9825 32.6742
 594.766 2154.24 438.356 69.1901 26.3647
 458.431 1238.72 515.676 104.933 22.8737
 403.797 1213.76 401.13 166.989 41.387
 1288.39 1294.69 481.17 159.02 82.6067
 545.425 1416.99 170.783 63.4713 31.8731
 758.985 2115.93 752.856 90.7385 50.6572
 1709.14 2901.29 1086.45 386.564 72.6016
 1559.64 4990.12 1108.61 415.143 175.451
 168.222 4964.18 2084.05 462.994 246.653
F
 0.0485451 0.329747 0.329747 0.329747 0.329747
 0.0770278 0.523219 0.523219 0.523219 0.523219
 0.197743 1.34319 1.34319 1.34319 1.34319
 0.0788318 0.535473 0.535473 0.535473 0.535473
 0.0100161 0.0680355 0.0680355 0.0680355 0.0680355
 0.0785818 0.533774 0.533774 0.533774 0.533774
 0.0610864 0.414935 0.414935 0.414935 0.414935
 0.112004 0.760796 0.760796 0.760796 0.760796
 0.107197 0.728148 0.728148 0.728148 0.728148
 0.0581571 0.395038 0.395038 0.395038 0.395038
 0.0779174 0.529262 0.529262 0.529262 0.529262
 0.0712651 0.484075 0.484075 0.484075 0.484075
 0.123382 0.838086 0.838086 0.838086 0.838086
 0.210967 1.43301 1.43301 1.43301 1.43301
 0.228934 1.55506 1.55506 1.55506 1.55506
 0.0984315 0.668606 0.668606 0.668606 0.668606
 0.073572 0.499745 0.499745 0.499745 0.499745
 0.0556274 0.377855 0.377855 0.377855 0.377855
 0.0524631 0.35636 0.35636 0.35636 0.35636
 0.0613087 0.416446 0.416446 0.416446 0.416446
 0.0220874 0.150031 0.150031 0.150031 0.150031
 0.0279277 0.189702 0.189702 0.189702 0.189702
 0.0357007 0.2425 0.2425 0.2425 0.2425
 0.0349323 0.237281 0.237281 0.237281 0.237281
 0.037524 0.254885 0.254885 0.254885 0.254885
YTP_r0W_actual
 1884.08 109212 68773.7 19029.1 10556.8
YTP_p0W_proyectada
 23564 31286.2 175084 95884.2 33703.7
 23564 122847 8291.27 41515.9 23532.5
CTP_r0_actual
 168.222 4964.18 2084.05 462.994 246.653
CTP_p0_proyectada
 2772.24 1461.97 5611.67 2355.88 724.81
 2772.24 5740.51 265.746 1020.05 506.075
Wmedp
 8.5 21.4 31.2 40.7 46.5
nmprior
 10.6 11 7 0
nm_flota  nm_reclas  nm_pelaces    nm_pelaL
inf 25.998 21.2681 53.2166
cv_recla  cv_pelaces  cv_mph
0.830508 0.92539 0.855872
 ------------------------------------------------
Talla a la edad & desviaci?n 
 7.2 14.2025 17.0495 18.207 18.6776
 1.08 2.13037 2.55742 2.73105 2.80164
