years
 1997 1998 1999 2000 2001 2002 2003 2004 2005 2006 2007 2008 2009 2010 2011 2012 2013 2014 2015 2016 2017 2018 2019 2020 2021
reclasobs
 0 0 0 370054 412103 1.49427e+06 250295 1.28982e+06 931140 785840 897777 1.04006e+06 184774 17550 25797 100020 73551 82996 120727 218422 84188 347160 605670 569463 516374
reclaspred
 453602 133355 452941 324491 430735 506799 1.07943e+06 680173 703077 588373 448702 298533 181868 85543.8 62188.4 65665.4 84858.2 118674 127440 181735 258118 235060 409827 526784 629996
pelacesobs
 0 0 0 0 0 0 0 0 0 2.06254e+06 1.5e+06 0 1.87456e+06 323000 250000 174000 83755 137374 0 501740 490994 745055 786931 1.00524e+06 1.33801e+06
pelacespred
 1.90279e+06 497770 1.01132e+06 1.11023e+06 1.24845e+06 1.24255e+06 2.89915e+06 2.36911e+06 2.11952e+06 1.80657e+06 1.23727e+06 844858 509743 200848 143959 162221 218672 309015 342533 474697 746808 665982 914609 1.3948e+06 1.6746e+06
mphobs
 0 0 0 0 0 112323 0 153150 637223 0 255016 313432 73983 77613 109348 50772 0 0 0 0 0 0 0 0 0
mphpred
 162574 111733 147337 200180 192642 275210 412441 468428 378782 352848 304461 209600 128738 67600.7 33554.5 29954.7 37542.8 53400.3 67639.4 78629.8 115923 134906 169181 243101 338996
desembarqueobs
 350755 77701 442110 56441 14545 235359 269955 359681 431902 328805 639364 411747 362871 311530 167758 66681 60226 58785 57116 73181 50977 67692 138656 160484 209506
desembarquepred
 350766 77705.1 442160 56443 14545.1 235397 269984 359718 431988 328876 639783 412110 363372 312140 167853 66699 60247.8 58789.3 57115.2 73185 50978.7 67690 138662 160493 209510
Reclutas
 75216.1 93737.3 60335.3 86914.6 142350 106860 158145 134788 147391 134862 67340.9 41332.9 42157.9 24195.4 19183.6 24532.3 20770 23755.2 27345.4 47028.1 58529.2 75990.6 124380 151449 71425.2
log_desv_Rt
 0.168121 0.388251 -0.052328 0.312682 0.806042 0.519279 0.91127 0.751462 0.840842 0.752009 0.0575225 -0.430587 -0.410824 -0.966081 -1.19819 -0.952255 -1.11873 -0.984445 -0.843696 -0.301499 -0.0827189 0.178365 0.6711 0.868004 0.116406
SSB
 898246 617342 814060 1.10602e+06 1.06437e+06 1.52057e+06 2.2788e+06 2.58813e+06 2.09282e+06 1.94954e+06 1.68219e+06 1.15807e+06 711295 373503 185393 165504 207429 295044 373717 434441 640488 745372 934750 1.34317e+06 1.873e+06
BT
 3.10053e+06 863516 1.73076e+06 1.69455e+06 1.8492e+06 2.01662e+06 4.45222e+06 3.90097e+06 3.51877e+06 2.98177e+06 2.40975e+06 1.62776e+06 1.10903e+06 596942 355260 294071 371404 502045 553570 758766 1.14152e+06 1.04436e+06 1.44235e+06 2.18571e+06 2.63005e+06
Ftot
 0.328736 0.238852 0.32261 0.0594284 0.0129535 0.136914 0.0859011 0.176399 0.209009 0.182503 0.408819 0.386515 0.60985 1.07362 0.975315 0.376621 0.262508 0.173954 0.145216 0.14919 0.0706959 0.0943032 0.111937 0.106865 0.0967212
BD_Bspro_t
 0.960717 0.816415 0.795351 0.709385 0.798119 0.881951 0.858497 0.859992 0.810349 0.766928 0.72028 0.569839 0.455784 0.341131 0.22415 0.242941 0.364983 0.535861 0.646902 0.72684 0.810449 0.866772 0.871581 0.876049 0.880025
BD_Bspro
 0.687093 0.472222 0.622697 0.846029 0.814168 1.16313 1.74311 1.97973 1.60086 1.49125 1.28675 0.885838 0.54409 0.285703 0.141813 0.126599 0.158668 0.225687 0.285867 0.332316 0.489927 0.570156 0.715016 1.02742 1.43271
BD_Bo
 0.593997 0.40824 0.538327 0.731399 0.703855 1.00553 1.50694 1.7115 1.38396 1.2892 1.11241 0.765815 0.47037 0.246993 0.122598 0.109445 0.13717 0.195109 0.247134 0.28729 0.423546 0.492904 0.618137 0.888217 1.23859
BD_Brms
 2.09709 1.44128 1.90054 2.58218 2.48494 3.55 5.32018 6.04238 4.886 4.55148 3.92732 2.70368 1.66062 0.871999 0.432828 0.386393 0.484274 0.688824 0.872498 1.01427 1.49531 1.74018 2.18231 3.13582 4.3728
S_f
 0.201011 1 1 1 1
 0.201011 1 1 1 1
 0.201011 1 1 1 1
 0.201011 1 1 1 1
 0.201011 1 1 1 1
 0.201011 1 1 1 1
 0.201011 1 1 1 1
 0.201011 1 1 1 1
 0.201011 1 1 1 1
 0.201011 1 1 1 1
 0.201011 1 1 1 1
 0.201011 1 1 1 1
 0.201011 1 1 1 1
 0.201011 1 1 1 1
 0.201011 1 1 1 1
 0.201011 1 1 1 1
 0.201011 1 1 1 1
 0.201011 1 1 1 1
 0.201011 1 1 1 1
 0.201011 1 1 1 1
 0.201011 1 1 1 1
 0.201011 1 1 1 1
 0.201011 1 1 1 1
 0.201011 1 1 1 1
 0.201011 1 1 1 1
Scru_reclas
 1 1 1 1 1
 1 1 1 1 1
 1 1 1 1 1
 1 1 1 1 1
 1 1 1 1 1
 1 1 1 1 1
 1 1 1 1 1
 1 1 1 1 1
 1 1 1 1 1
 1 1 1 1 1
 1 1 1 1 1
 1 1 1 1 1
 1 1 1 1 1
 1 1 1 1 1
 1 1 1 1 1
 1 1 1 1 1
 1 1 1 1 1
 1 1 1 1 1
 1 1 1 1 1
 1 1 1 1 1
 1 1 1 1 1
 1 1 1 1 1
 1 1 1 1 1
 1 1 1 1 1
 1 1 1 1 1
Scru_pelaces
 1 1 1 1 1
 1 1 1 1 1
 1 1 1 1 1
 1 1 1 1 1
 1 1 1 1 1
 1 1 1 1 1
 1 1 1 1 1
 1 1 1 1 1
 1 1 1 1 1
 1 1 1 1 1
 1 1 1 1 1
 1 1 1 1 1
 1 1 1 1 1
 1 1 1 1 1
 1 1 1 1 1
 1 1 1 1 1
 1 1 1 1 1
 1 1 1 1 1
 1 1 1 1 1
 1 1 1 1 1
 1 1 1 1 1
 1 1 1 1 1
 1 1 1 1 1
 1 1 1 1 1
 1 1 1 1 1
pf_obs 
 0.256992 0.487395 0.22802 0.0275931 0
 0.321318 0.546541 0.124235 0.00734118 0.000564706
 0.182869 0.594174 0.210203 0.0122559 0.00049798
 0.330522 0.361315 0.267642 0.0388342 0.00168674
 0.649043 0.306663 0.0425973 0.00169635 0
 0.582887 0.30429 0.105238 0.00758474 0
 0.465427 0.430635 0.0974691 0.00646863 0
 0.296916 0.608066 0.0921331 0.00288517 0
 0.311714 0.524322 0.152257 0.0117073 0
 0.15457 0.633149 0.183074 0.0267441 0.00246327
 0.131901 0.49318 0.331252 0.0422183 0.00144891
 0.196976 0.569456 0.194076 0.0375587 0.00193317
 0.518974 0.381816 0.0799577 0.0180837 0.00116848
 0.0928022 0.601141 0.25162 0.0475244 0.00691264
 0.122501 0.610282 0.24278 0.0234846 0.000952079
 0.383417 0.481906 0.127806 0.00687128 0
 0.0376549 0.599619 0.316969 0.0457579 0
 0.0361596 0.667082 0.258105 0.0386534 0
 0.158088 0.579412 0.248529 0.0139706 0
 0.0477256 0.309471 0.559284 0.082774 0.000745712
 0.0406174 0.521527 0.379366 0.0568643 0.0016247
 0.151134 0.462217 0.34131 0.0453401 0
 0.294876 0.26143 0.354403 0.0886775 0.000613685
 0.281977 0.475581 0.204845 0.0348837 0.00271318
 0.0841818 0.532909 0.334909 0.0458182 0.00218182
pf_pred 
 0.386982 0.433062 0.16098 0.0189662 9.55914e-06
 0.314733 0.537939 0.104079 0.0386887 0.00456049
 0.179729 0.589025 0.18153 0.0351218 0.0145946
 0.261798 0.412095 0.234173 0.0721689 0.0197653
 0.3028 0.449254 0.138414 0.0786536 0.0308787
 0.17954 0.561896 0.166611 0.0513322 0.0406212
 0.254014 0.4003 0.236744 0.0701983 0.0387429
 0.192224 0.515167 0.157016 0.0928617 0.0427316
 0.216876 0.439985 0.21884 0.0666993 0.0575993
 0.19862 0.482715 0.179037 0.0890495 0.0505791
 0.121111 0.503171 0.226316 0.0839396 0.0654634
 0.122217 0.397563 0.274929 0.123657 0.0816328
 0.198141 0.363123 0.198711 0.137416 0.102609
 0.185706 0.505434 0.139868 0.0765396 0.0924528
 0.262539 0.484225 0.157184 0.0434971 0.0525545
 0.345947 0.483538 0.111962 0.0363439 0.022209
 0.234622 0.580029 0.137027 0.0317284 0.016593
 0.246827 0.476158 0.209932 0.0495947 0.0174891
 0.244655 0.48205 0.172778 0.0761753 0.0243419
 0.323142 0.428059 0.15878 0.0569103 0.0331088
 0.276329 0.519277 0.129263 0.0479475 0.0271835
 0.267325 0.485217 0.177566 0.0442013 0.0256909
 0.314827 0.448393 0.156809 0.0573845 0.0225873
 0.269827 0.515667 0.140377 0.0490918 0.0250366
 0.117287 0.581336 0.21284 0.0579403 0.0305963
pobs_RECLAS
 0 0 0 0 0
 0 0 0 0 0
 0 0 0 0 0
 0 0 0 0 0
 0.835266 0.146461 0.0176864 0.000547809 3.91292e-05
 0.385257 0.428462 0.181853 0.0044286 0
 0.867414 0.0963971 0.0333333 0.00285562 0
 0.441836 0.489002 0.0689373 0.000224442 0
 0.779404 0.147425 0.0564933 0.0165055 0.000172143
 0.814271 0.122319 0.05973 0.00367925 0
 0.40263 0.566651 0.0304383 0.000280538 0
 0.475488 0.404961 0.113038 0.00651328 0
 0.955842 0.0263864 0.0167828 0.000988607 0
 0.975058 0.0227948 0.00214734 0 0
 0.738997 0.206755 0.0527124 0.00153531 0
 0.850938 0.134255 0.0134407 0.00136685 0
 0.542534 0.407297 0.0501686 0 0
 0.764087 0.199537 0.0359546 0.000420521 0
 0.470689 0.182191 0.310203 0.0369168 0
 0.84361 0.089868 0.0606195 0.00523954 0.000663233
 0.607945 0.314616 0.071237 0.00620181 0
 0.523733 0.453247 0.0230204 0 0
 0.530135 0.295979 0.169645 0.0042399 0
 0.562478 0.366248 0.0663022 0.0049721 0
 0.250443 0.683176 0.0655157 0.000865301 0
ppred_RECLAS
 0.762014 0.168123 0.0624956 0.00736306 3.71104e-06
 0.698374 0.236778 0.0458112 0.0170292 0.00200734
 0.526263 0.340184 0.10484 0.0202842 0.00842894
 0.63891 0.201576 0.114545 0.0353013 0.00966815
 0.683737 0.20379 0.0627872 0.0356788 0.0140072
 0.522981 0.326689 0.0968682 0.0298448 0.0236174
 0.629795 0.198654 0.117488 0.0348368 0.0192267
 0.544417 0.290553 0.0885563 0.0523738 0.0241005
 0.582194 0.234738 0.116754 0.0355849 0.0307299
 0.554577 0.268303 0.0995124 0.0494955 0.0281129
 0.412847 0.33615 0.151193 0.0560769 0.0437337
 0.414943 0.264982 0.183245 0.0824197 0.0544096
 0.561905 0.198392 0.108566 0.0750771 0.0560602
 0.554613 0.276452 0.0765021 0.0418641 0.050568
 0.657613 0.224816 0.072977 0.0201948 0.0243999
 0.729163 0.200228 0.0463624 0.0150496 0.00919651
 0.607497 0.297452 0.0702707 0.016271 0.00850924
 0.62199 0.238979 0.105363 0.0248911 0.0087776
 0.618834 0.243255 0.0871879 0.03844 0.0122835
 0.705325 0.186358 0.0691259 0.0247763 0.0144142
 0.655908 0.246906 0.0614621 0.0227981 0.0129252
 0.645854 0.234535 0.0858285 0.0213652 0.012418
 0.696864 0.198379 0.0693758 0.0253882 0.00999312
 0.648916 0.247945 0.0674967 0.0236045 0.0120382
 0.399116 0.395729 0.144885 0.0394413 0.0208276
pobs_PELACES
 0 0 0 0 0
 0 0 0 0 0
 0 0 0 0 0
 0 0 0 0 0
 0 0 0 0 0
 0 0 0 0 0
 0 0 0 0 0
 0 0 0 0 0
 0 0 0 0 0
 0 0 0 0 0
 0.450072 0.473896 0.0757376 0.000293798 0
 0 0 0 0 0
 0.463077 0.371075 0.160297 0.00555027 0
 0.529543 0.364841 0.0842815 0.0213345 0
 0.631943 0.363953 0.00410389 0 0
 0.735681 0.248677 0.0153453 0.000297389 0
 0.695825 0.281241 0.0229344 0 0
 0.275771 0.60734 0.115278 0.00161068 0
 0 0 0 0 0
 0.896147 0.0623911 0.0374545 0.00400742 0
 0.803859 0.145111 0.0509908 3.86294e-05 0
 0.739449 0.233085 0.0266225 0.000797448 4.60066e-05
 0.878498 0.100942 0.0204185 0.000141795 0
 0.694673 0.275183 0.0284847 0.00165964 0
 0.469039 0.446079 0.0841089 0.000773354 0
ppred_PELACES
 0.777374 0.157272 0.058462 0.00688783 3.47152e-06
 0.711472 0.226496 0.0438219 0.0162897 0.00192017
 0.547409 0.324999 0.10016 0.0193787 0.00805269
 0.642517 0.199562 0.113401 0.0349487 0.00957157
 0.684475 0.203315 0.0626406 0.0355955 0.0139745
 0.531978 0.320527 0.0950411 0.0292819 0.0231719
 0.63506 0.195829 0.115817 0.0343414 0.0189532
 0.555927 0.283212 0.086319 0.0510506 0.0234916
 0.595535 0.227242 0.113026 0.0344486 0.0297487
 0.56643 0.261163 0.0968642 0.0481784 0.0273648
 0.439198 0.321064 0.144408 0.0535602 0.0417709
 0.439878 0.253689 0.175435 0.078907 0.0520907
 0.601015 0.180681 0.0988739 0.0683748 0.0510556
 0.623024 0.23399 0.0647514 0.0354338 0.0428008
 0.712966 0.18847 0.061179 0.0169299 0.0204552
 0.748322 0.186064 0.0430828 0.013985 0.00854595
 0.623873 0.285042 0.0673389 0.0155922 0.00815423
 0.632712 0.2322 0.102374 0.0241851 0.00852863
 0.627823 0.237518 0.0851316 0.0375334 0.0119938
 0.713435 0.18123 0.0672236 0.0240945 0.0140175
 0.660103 0.243897 0.0607129 0.0225202 0.0127677
 0.65152 0.230782 0.0844552 0.0210233 0.0122193
 0.703062 0.194323 0.0679573 0.0248691 0.00978879
 0.655308 0.243431 0.0662678 0.0231747 0.011819
 0.405248 0.391691 0.143407 0.0390389 0.0206151
pobs_pel_tallas
 0 0 0 0 0 0 0 0 0 0 0 0 0 0 0 0 0 0 0 0 0 0 0 0 0 0 0 0 0 0 0 0 0 0 0 0
 0 0 0 0 0 0 0 0 0 0 0 0 0 0 0 0 0 0 0 0 0 0 0 0 0 0 0 0 0 0 0 0 0 0 0 0
 0 0 0 0 0 0 0 0 0 0 0 0 0 0 0 0 0 0 0 0 0 0 0 0 0 0 0 0 0 0 0 0 0 0 0 0
 0 0 0 0 0 0 0 0 0 0 0 0 0 0 0 0 0 0 0 0 0 0 0 0 0 0 0 0 0 0 0 0 0 0 0 0
 0 0 0 0 0 0 0 0 0 0 0 0 0 0 0 0 0 0 0 0 0 0 0 0 0 0 0 0 0 0 0 0 0 0 0 0
 0 0 0 0 0 0 0 0 0 0 0 0 0 0 0 0 0 0 0 0 0 0 0 0 0 0 0 0 0 0 0 0 0 0 0 0
 0 0 0 0 0 0 0 0 0 0 0 0 0 0 0 0 0 0 0 0 0 0 0 0 0 0 0 0 0 0 0 0 0 0 0 0
 0 0 0 0 0 0 0 0 0 0 0 0 0 0 0 0 0 0 0 0 0 0 0 0 0 0 0 0 0 0 0 0 0 0 0 0
 0 0 0 0 0 0 0 0 0 0 0 0 0 0 0 0 0 0 0 0 0 0 0 0 0 0 0 0 0 0 0 0 0 0 0 0
 0 0 0 0 0 0 0 0 0 0 0 0 0 0 0 0 0 0 0 0 0 0 0 0 0 0 0 0 0 0 0 0 0 0 0 0
 0 0 0 0 0 0 0 0 1.78061e-05 0.00172719 0.00360574 0.0105946 0.0120993 0.0124554 0.0147524 0.0171206 0.0266825 0.0428682 0.0675386 0.121331 0.153587 0.119568 0.100827 0.0573624 0.0630603 0.0341343 0.0324427 0.0444173 0.0211091 0.0280891 0.0125444 0.00206551 0 0 0 0
 0 0 0 0 0 0 0 0 0 0 0 0 0 0 0 0 0 0 0 0 0 0 0 0 0 0 0 0 0 0 0 0 0 0 0 0
 0 0 0 0 0 0 0.0133647 0.0140871 0.0187388 0.0205184 0.03894 0.0496705 0.03968 0.0493445 0.0407372 0.0367815 0.0215668 0.0243155 0.0234873 0.0199281 0.019796 0.0243948 0.0301388 0.0376714 0.0412746 0.0863199 0.0771752 0.113111 0.0741005 0.0525337 0.0229764 0.00759418 0.00175318 0 0 0
 0 0 0 0 0 0 0 0 0 0 0.00219441 0.00772107 0.0458388 0.0604681 0.0671733 0.0775358 0.0609151 0.0617685 0.073594 0.0568108 0.0755445 0.0548602 0.0670107 0.0636378 0.0643287 0.046367 0.0373049 0.0286899 0.0247887 0.0153202 0.00654259 0.00121912 0.000365735 0 0 0
 0 0 0 0 0 0 0 0 0 0 0 0 0.000112435 0.00938835 0.0111873 0.0202946 0.0414886 0.0713402 0.111592 0.104902 0.108894 0.110636 0.117776 0.105296 0.107544 0.0401394 0.0192827 0.0124803 0.00416011 0.0028671 0.000618394 0 0 0 0 0
 0 0 0 0 0 0 0 0 0 0 0.00291406 0.0102884 0.027416 0.0768956 0.0749926 0.110853 0.0956884 0.0897413 0.0766577 0.0534642 0.0500743 0.0551293 0.0594112 0.0620874 0.0668451 0.0424026 0.0208742 0.0120726 0.0048766 0.00582813 0.00118941 0.000297354 0 0 0 0
 0 0.00264628 0.0354308 0.0461629 0.0458689 0.0383711 0.0214643 0.0164657 0.0346957 0.0420465 0.0363128 0.0245516 0.0311673 0.0291091 0.0169068 0.0133784 0.00837989 0.0085269 0.0148486 0.0160247 0.0276389 0.0546898 0.0760071 0.122758 0.109233 0.0665981 0.0333725 0.0166128 0.00676272 0.00308733 0.000882094 0 0 0 0 0
 0 0 0 0 0 0 0 0.000805153 0.000690131 0.00759144 0.0133425 0.0154129 0.00931677 0.000345066 0.00356568 0.00563607 0.00851162 0.0253048 0.0502646 0.0516448 0.0657925 0.0565908 0.0611916 0.0827007 0.0866115 0.110766 0.145733 0.0935128 0.0569358 0.0249597 0.0138026 0.00621118 0.00161031 0.00115022 0 0
 0 0 0 0 0 0 0 0 0 0 0 0 0 0 0 0 0 0 0 0 0 0 0 0 0 0 0 0 0 0 0 0 0 0 0 0
 0.00147267 0.00158595 0.00478618 0.00569244 0.00954404 0.0108468 0.00647125 0.017049 0.0510054 0.094081 0.124002 0.0959785 0.0687766 0.0820023 0.061753 0.0591476 0.0492212 0.0479892 0.0443925 0.0268479 0.0217502 0.0140895 0.0121071 0.0120363 0.00920419 0.00665534 0.0049561 0.00860946 0.00930331 0.0156896 0.0114698 0.00855282 0.00243557 0.00046729 0 2.83206e-05
 0 0 0 0 0.000772559 0.00158375 0.000888443 0.00281984 0.00712685 0.0440552 0.0773331 0.111326 0.0921469 0.0852325 0.0710754 0.0886704 0.0786465 0.0553345 0.0373146 0.0185414 0.00753245 0.00457741 0.012979 0.0271748 0.0457355 0.0583668 0.034881 0.0177882 0.00938659 0.00492506 0.0015258 0.00185414 0.000309023 5.79419e-05 3.86279e-05 0
 0 0.00173294 0.00326652 0 0.00397197 0.00683976 0.00946217 0.0152591 0.00757587 0.0136028 0.0228656 0.0392903 0.0559909 0.0764795 0.0681675 0.0726916 0.0566044 0.0477403 0.0527397 0.0444891 0.0609904 0.0582453 0.0661739 0.0445044 0.0529084 0.0360697 0.0280645 0.0235558 0.0158879 0.00826598 0.00280645 0.00217768 0.000904811 0.00058276 9.20147e-05 0
 0 0 0 0 0 0 0 0 0 0 0 0 0 0 0 0 0 0 0 0 0 0 0 0 0 0 0 0 0 0 0 0 0 0 0 0
 0 0 0 0 0 0 0 0 0 0 0 0 0 0 0 0 0 0 0 0 0 0 0 0 0 0 0 0 0 0 0 0 0 0 0 0
 0 0 0 0 0 0 0 0 0 0 0 0 0 0 0 0 0 0 0 0 0 0 0 0 0 0 0 0 0 0 0 0 0 0 0 0
ppred_pel_tallas
 1.01119e-16 3.39163e-05 0.000199065 0.000946274 0.00364322 0.011361 0.0286971 0.0587179 0.0973308 0.130711 0.142234 0.125448 0.0897733 0.0523385 0.0253003 0.0109742 0.00564993 0.00496204 0.00623596 0.0082978 0.0106683 0.013059 0.0152051 0.0168595 0.0178345 0.0180416 0.0175072 0.0163576 0.0147819 0.0129839 0.0111413 0.00938183 0.00777824 0.0063589 0.00512433 0.00406269
 1.01346e-16 3.10454e-05 0.000182204 0.000866101 0.00333451 0.0103983 0.0262654 0.0537431 0.089087 0.119647 0.130214 0.114893 0.0823207 0.0481967 0.0236777 0.0109184 0.00655692 0.00662065 0.00866005 0.0115635 0.0148145 0.0180358 0.0208543 0.0229223 0.0239853 0.023939 0.0228506 0.0209337 0.0184893 0.0158325 0.0132287 0.0108576 0.00880677 0.00708946 0.00567365 0.00450954
 1.0257e-16 2.38956e-05 0.000140219 0.000666479 0.00256588 0.00800137 0.020211 0.0413561 0.0685585 0.0920908 0.100262 0.0885552 0.0636457 0.0376589 0.0192398 0.0101189 0.00778345 0.00923266 0.0125964 0.0169704 0.0218319 0.0266956 0.0310365 0.0343517 0.0362626 0.0365971 0.0354224 0.0330117 0.0297649 0.0261074 0.0224043 0.0189103 0.015762 0.0130008 0.0106105 0.0085523
 1.03323e-16 2.80377e-05 0.000164548 0.000782168 0.00301135 0.00939059 0.0237199 0.0485346 0.0804534 0.108052 0.117597 0.103764 0.0743541 0.0435487 0.0214271 0.00994207 0.0060687 0.00623498 0.00824975 0.0111346 0.0144502 0.0178809 0.0211051 0.0238084 0.0257385 0.0267539 0.0268446 0.0261172 0.0247532 0.0229559 0.020907 0.018742 0.0165493 0.0143827 0.0122795 0.0102741
 1.02832e-16 2.98673e-05 0.00017529 0.000833232 0.00320797 0.0100037 0.0252687 0.0517034 0.0857056 0.115105 0.125269 0.110524 0.0791778 0.0463323 0.0227177 0.0104044 0.0061576 0.0061588 0.00806104 0.0108124 0.0139409 0.0171144 0.020004 0.0222982 0.0237604 0.0242782 0.0238826 0.0227276 0.0210408 0.0190631 0.016997 0.0149796 0.0130806 0.0113192 0.00968876 0.00817773
 1.03543e-16 2.32225e-05 0.000136268 0.000647696 0.00249356 0.00777585 0.0196414 0.0401905 0.0666264 0.0894961 0.0974386 0.0860647 0.061863 0.0366188 0.0187357 0.00989884 0.00766969 0.00913582 0.012483 0.0168342 0.0216821 0.0265536 0.030936 0.0343378 0.0363877 0.0369158 0.0359838 0.0338524 0.0309027 0.0275373 0.0240977 0.0208169 0.0178141 0.0151206 0.0127174 0.0105707
 1.03774e-16 2.77124e-05 0.000162639 0.00077309 0.0029764 0.00928161 0.0234447 0.0479713 0.0795196 0.106798 0.116232 0.102559 0.0734903 0.0430417 0.021176 0.0098234 0.0059947 0.0061606 0.0081575 0.0110214 0.0143224 0.0177527 0.0209989 0.0237535 0.0257678 0.0268994 0.027133 0.0265651 0.0253639 0.0237189 0.0217987 0.0197289 0.0175917 0.0154389 0.0133099 0.0112444
 1.0417e-16 2.42652e-05 0.000142393 0.000676823 0.00260572 0.00812563 0.0205249 0.0419979 0.0696211 0.093514 0.101801 0.0898884 0.0645478 0.03808 0.0192478 0.00978939 0.00713478 0.00822597 0.011168 0.0150684 0.0194472 0.023884 0.0279297 0.0311523 0.0332231 0.0339854 0.0334819 0.0319253 0.02963 0.0269279 0.0240974 0.0213253 0.0187051 0.0162613 0.0139835 0.0118565
 1.04253e-16 2.59901e-05 0.000152525 0.000725002 0.00279124 0.00870417 0.0219861 0.0449874 0.0745746 0.100161 0.109019 0.0962199 0.0690029 0.0405247 0.0201447 0.00969321 0.00638683 0.0069304 0.00929725 0.0125674 0.0163001 0.0201503 0.023757 0.0267676 0.0289024 0.0300099 0.0300892 0.0292714 0.0277692 0.0258159 0.0236139 0.0213072 0.0189815 0.0166808 0.0144312 0.0122586
 1.04395e-16 2.47223e-05 0.000145079 0.000689596 0.00265491 0.00827902 0.0209123 0.0427904 0.070934 0.0952752 0.103712 0.091561 0.0657166 0.0387048 0.0194443 0.0096951 0.00682846 0.00772251 0.0104488 0.0141123 0.0182519 0.0224785 0.0263787 0.0295526 0.0316906 0.0326375 0.032417 0.031207 0.0292783 0.0269199 0.0243762 0.0218138 0.0193205 0.0169276 0.0146395 0.0124593
 1.05947e-16 1.91769e-05 0.000112517 0.000534779 0.0020588 0.00642007 0.0162168 0.0331836 0.0550126 0.0739019 0.0804765 0.0711207 0.0512045 0.0304778 0.0159059 0.00891411 0.00752643 0.00937232 0.0129756 0.0176124 0.0228361 0.0281998 0.0332016 0.0373474 0.0402478 0.041697 0.0417044 0.0404659 0.038292 0.035519 0.0324352 0.0292418 0.0260528 0.0229201 0.0198686 0.0169236
 1.07719e-16 1.92039e-05 0.000112681 0.000535574 0.00206189 0.00642971 0.0162411 0.0332328 0.0550923 0.0740034 0.0805724 0.0711707 0.0511651 0.0303036 0.0155406 0.00827933 0.00651975 0.00787863 0.0108909 0.0148761 0.0194658 0.0243189 0.0290498 0.0332652 0.0366353 0.0389523 0.0401566 0.0403196 0.0395961 0.0381658 0.0361879 0.0337802 0.0310255 0.0279916 0.0247543 0.0214095
 1.06198e-16 2.62271e-05 0.000153921 0.000731647 0.00281684 0.00878402 0.0221878 0.0453996 0.0752565 0.101072 0.11 0.0970593 0.0695471 0.040728 0.0200306 0.00928209 0.00565555 0.0058152 0.00772121 0.0104733 0.013681 0.0170728 0.0203728 0.0233081 0.0256541 0.0272759 0.0281438 0.0283192 0.0279175 0.0270646 0.0258635 0.0243804 0.0226516 0.0207014 0.0185627 0.0162892
 1.04213e-16 2.71889e-05 0.000159563 0.000758459 0.00292006 0.00910589 0.0230009 0.0470636 0.0780159 0.104782 0.114047 0.100652 0.072169 0.042359 0.0210087 0.010026 0.00649057 0.00694525 0.00925926 0.0124607 0.0160822 0.0197618 0.0231288 0.02583 0.0275979 0.0283071 0.0279951 0.0268376 0.0250909 0.0230218 0.0208496 0.0187154 0.0166825 0.0147583 0.0129251 0.0111658
 1.02468e-16 3.1109e-05 0.000182581 0.0008679 0.00334145 0.01042 0.0263201 0.0538546 0.0892708 0.119891 0.130471 0.1151 0.0824257 0.0481713 0.0235044 0.0105702 0.00598749 0.00576987 0.00746973 0.00999792 0.012881 0.0158014 0.0184513 0.0205409 0.0218503 0.0222759 0.0218485 0.0207138 0.0190875 0.0171979 0.0152384 0.0133407 0.0115727 0.00995332 0.00847507 0.00712399
 1.01553e-16 3.26506e-05 0.000191632 0.000910929 0.00350712 0.0109366 0.0276251 0.0565247 0.0936964 0.125833 0.136934 0.120793 0.0864836 0.0505045 0.0245705 0.0109251 0.00601022 0.00563275 0.0072168 0.00961641 0.0123377 0.0150564 0.0174646 0.0192763 0.0202803 0.0203861 0.0196413 0.0182119 0.0163345 0.0142573 0.0121896 0.0102729 0.00857679 0.00711398 0.00586338 0.00479209
 1.01966e-16 2.72281e-05 0.000159788 0.000759518 0.00292412 0.00911853 0.0230328 0.0471294 0.0781265 0.104935 0.114224 0.100835 0.0723593 0.0425885 0.0213404 0.0105449 0.0072952 0.00813796 0.0109315 0.0146707 0.0188286 0.0229612 0.0266046 0.0293207 0.0307851 0.0308597 0.0296198 0.0273238 0.0243403 0.0210569 0.0178023 0.0148008 0.0121652 0.00991839 0.00802872 0.00644322
 1.02759e-16 2.76115e-05 0.000162043 0.000770251 0.00296546 0.00924746 0.0233585 0.0477952 0.0792287 0.106411 0.115818 0.102213 0.0732845 0.0430054 0.0213141 0.0101474 0.00653907 0.00697851 0.0093036 0.0125304 0.0161882 0.0199125 0.0233271 0.0260688 0.0278554 0.0285432 0.028151 0.0268398 0.0248593 0.0224821 0.0199463 0.0174237 0.0150159 0.0127697 0.0107012 0.00881548
 1.03137e-16 2.73984e-05 0.000160792 0.000764303 0.00294256 0.00917604 0.0231781 0.0474262 0.0786171 0.10559 0.114926 0.10143 0.07273 0.0426951 0.021188 0.010133 0.00658885 0.00707286 0.00943846 0.0127053 0.0163995 0.0201506 0.0235766 0.0263112 0.0280731 0.0287247 0.0282953 0.0269583 0.0249749 0.0226244 0.0201457 0.0177043 0.01539 0.0132353 0.011242 0.00940464
 1.02497e-16 3.11292e-05 0.0001827 0.000868467 0.00334364 0.0104268 0.0263373 0.0538898 0.0893289 0.119968 0.130554 0.11517 0.0824674 0.0481798 0.0234791 0.0105095 0.00588554 0.00561748 0.00725781 0.00972171 0.0125441 0.0154182 0.0180484 0.0201544 0.0215209 0.0220424 0.0217398 0.0207439 0.0192526 0.0174775 0.0155996 0.0137443 0.01198 0.0103313 0.00880029 0.00738362
 1.02312e-16 2.88062e-05 0.000169056 0.000803591 0.00309382 0.00964776 0.0243696 0.0498641 0.0826582 0.111016 0.12083 0.106634 0.076449 0.0448516 0.0222077 0.0105339 0.00672957 0.00712408 0.00945139 0.0126732 0.0162864 0.0199018 0.0231229 0.0255759 0.0269824 0.0272204 0.026347 0.0245729 0.0222007 0.0195483 0.0168837 0.0143884 0.0121522 0.0101933 0.00848811 0.00699969
 1.02568e-16 2.84315e-05 0.000166857 0.000793139 0.00305359 0.00952229 0.0240526 0.0492156 0.0815828 0.109571 0.119256 0.105241 0.0754416 0.0442438 0.0218761 0.0103273 0.00653628 0.00688172 0.00913253 0.012274 0.0158244 0.0194165 0.0226757 0.025244 0.0268476 0.0273547 0.026798 0.0253529 0.0232826 0.0208695 0.0183565 0.0159143 0.0136369 0.0115588 0.00968031 0.0079905
 1.0234e-16 3.06774e-05 0.000180047 0.00085585 0.00329505 0.0102753 0.0259546 0.0531069 0.0880316 0.118227 0.128663 0.11351 0.0812988 0.0475361 0.0232383 0.0105252 0.00606721 0.005937 0.00772243 0.0103473 0.0133383 0.0163709 0.0191279 0.0213085 0.0226833 0.023142 0.0227119 0.0215397 0.019845 0.0178621 0.0157916 0.013773 0.0118818 0.0101441 0.00855898 0.00711769
 1.02369e-16 2.85971e-05 0.000167829 0.000797755 0.00307136 0.0095777 0.0241926 0.049502 0.082058 0.11021 0.119953 0.105862 0.0758977 0.0445334 0.0220599 0.0104806 0.00671867 0.00713166 0.00947134 0.0127078 0.0163419 0.019986 0.0232449 0.0257445 0.0272047 0.0275 0.026683 0.024959 0.0226252 0.0199949 0.0173338 0.0148228 0.0125539 0.010549 0.0087897 0.00724427
 1.04468e-16 1.76995e-05 0.000103836 0.000493496 0.00189983 0.00592429 0.0149646 0.0306221 0.0507688 0.0682094 0.0743001 0.0657157 0.0474294 0.0284638 0.0152812 0.00923749 0.00854878 0.0110531 0.015385 0.0208313 0.0268857 0.0329991 0.0385496 0.0429319 0.0456817 0.0465744 0.0456643 0.0432473 0.0397675 0.0357016 0.0314593 0.0273281 0.0234665 0.0199324 0.0167271 0.0138337
pSPR Fmed_Fpbrs
0.739147   0.333249 0.333249
Fs Fmed_Fpbrs
0.184515   1.005 1.005
SSBpbr Bo_Bmed_Bpbrs
1.5122e+06  1.04213e+06  428330 428330
Ro
63576.6
SPR SPRFo_SPRFmed_SPRFpbrs
1.30731e+06 966296 435661
log_Ro
10.88
likeval ReclasPelacesDesembMPH_pf_preclas_ppelaces_ptallas_desvR_qrecl_qpela
 62.148 23.5313 0.0381623 0.00022584 319.379 201.821 78.2044 0 16.36 9.77027e-05 1.88609e-06 0 0 0 0
q_reclas_q_pelaces
0.246432 1.21578
M
0.7
N
 75216.1 18923.9 7034.49 828.784 0.417714
 93737.3 34962.8 6764.51 2514.54 296.405
 60335.3 44366.5 13673.2 2645.44 1099.29
 86914.6 28080.3 15956.6 4917.62 1346.81
 142350 42648 13139.7 7466.64 2931.34
 106860 70505 20905.8 6441.02 5097.03
 158145 51624.8 30531.8 9053.15 4996.49
 134788 77188.3 23525.9 13913.6 6402.55
 147391 64602.2 32131.9 9793.33 8457.2
 134862 70180.7 26029.7 12946.7 7353.57
 67340.9 64558.3 29037 10769.7 8399.15
 41332.9 30802.3 21300.9 9580.71 6324.73
 42157.9 18991 10392.4 7186.72 5366.34
 24195.4 18519.7 5124.91 2804.5 3387.58
 19183.6 9682.83 3143.13 869.791 1050.91
 24532.3 7830.36 1813.1 588.548 359.649
 20770 11294.1 2668.15 617.805 323.093
 23755.2 9783.95 4313.62 1019.06 359.361
 27345.4 11391.1 4082.83 1800.06 575.212
 47028.1 13188.7 4892.08 1753.43 1020.1
 58529.2 22663.5 5641.61 2092.64 1186.41
 75990.6 28654.6 10486.2 2610.32 1517.19
 124380 37027.2 12948.9 4738.68 1865.2
 151449 60391.2 16440 5749.28 2932.1
 71425.2 73609.1 26949.9 7336.43 3874.11
pred_Ctot
 3472.12 3885.57 1444.36 170.171 0.0857675
 3168.92 5416.27 1047.92 389.54 45.9176
 2734.77 8962.66 2762.17 534.417 222.073
 742.753 1169.16 664.376 204.752 56.0764
 266.253 395.031 121.708 69.1604 27.1518
 2089.5 6539.37 1939.02 597.407 472.752
 1948.92 3071.29 1816.41 538.594 297.254
 3383.85 9068.82 2764.05 1634.71 752.233
 4371.66 8868.97 4411.25 1344.49 1161.05
 3500.97 8508.58 3155.8 1569.63 891.534
 3838.82 15948.9 7173.48 2660.62 2074.98
 2232.02 7260.59 5020.96 2258.32 1490.84
 3522.7 6455.87 3532.84 2443.08 1824.26
 3419.87 9307.83 2575.74 1409.52 1702.57
 2484.02 4581.51 1487.19 411.548 497.245
 1291.98 1805.83 418.136 135.73 82.942
 770.096 1903.82 449.763 104.142 54.4629
 588.231 1134.77 500.303 118.193 41.6795
 566.705 1116.59 400.212 176.448 56.3842
 1000.93 1325.9 491.818 176.278 102.554
 594.416 1117.02 278.06 103.141 58.4749
 1027.31 1864.65 682.373 169.862 98.7284
 1992.8 2838.25 992.572 363.234 142.973
 2317.57 4429.13 1205.72 421.655 215.042
 990.137 4907.65 1796.8 489.133 258.294
F
 0.0660796 0.328736 0.328736 0.328736 0.328736
 0.0480119 0.238852 0.238852 0.238852 0.238852
 0.0648483 0.32261 0.32261 0.32261 0.32261
 0.0119458 0.0594284 0.0594284 0.0594284 0.0594284
 0.00260381 0.0129535 0.0129535 0.0129535 0.0129535
 0.0275213 0.136914 0.136914 0.136914 0.136914
 0.0172671 0.0859011 0.0859011 0.0859011 0.0859011
 0.0354582 0.176399 0.176399 0.176399 0.176399
 0.0420131 0.209009 0.209009 0.209009 0.209009
 0.0366852 0.182503 0.182503 0.182503 0.182503
 0.0821773 0.408819 0.408819 0.408819 0.408819
 0.0776939 0.386515 0.386515 0.386515 0.386515
 0.122587 0.60985 0.60985 0.60985 0.60985
 0.215809 1.07362 1.07362 1.07362 1.07362
 0.196049 0.975315 0.975315 0.975315 0.975315
 0.0757052 0.376621 0.376621 0.376621 0.376621
 0.0527671 0.262508 0.262508 0.262508 0.262508
 0.0349667 0.173954 0.173954 0.173954 0.173954
 0.0291901 0.145216 0.145216 0.145216 0.145216
 0.0299888 0.14919 0.14919 0.14919 0.14919
 0.0142107 0.0706959 0.0706959 0.0706959 0.0706959
 0.018956 0.0943032 0.0943032 0.0943032 0.0943032
 0.0225006 0.111937 0.111937 0.111937 0.111937
 0.0214811 0.106865 0.106865 0.106865 0.106865
 0.0194421 0.0967212 0.0967212 0.0967212 0.0967212
YTP_r0W_actual
 11089.5 107968 59294.3 20103.4 11055
YTP_p0W_proyectada
 66269.8 359031 499333 238482 107610
 66269.8 245326 95148.1 118402 58529.6
CTP_r0_actual
 990.137 4907.65 1796.8 489.133 258.294
CTP_p0_proyectada
 7796.44 16777.1 16004.3 5859.51 2314.18
 7796.44 11463.9 3049.62 2909.13 1258.7
Wmedp
 8.5 21.4 31.2 40.7 46.5
nmprior
 10.6 11 7 0
nm_flota  nm_reclas  nm_pelaces    nm_pelaL
inf 12.6725 21.2679 53.2159
cv_recla  cv_pelaces  cv_mph
0.71308 0.550041 0.487572
 ------------------------------------------------
Talla a la edad & desviaci?n 
 7.2 14.2025 17.0495 18.207 18.6776
 1.08 2.13037 2.55742 2.73105 2.80164
