years
 1997 1998 1999 2000 2001 2002 2003 2004 2005 2006 2007 2008 2009 2010 2011 2012 2013 2014 2015 2016 2017 2018 2019 2020 2021
reclasobs
 0 0 0 370054 412103 1.49427e+06 250295 1.28982e+06 931140 785840 897777 1.04006e+06 184774 17550 25797 100020 73551 82996 120727 218422 84188 347160 605670 569463 516374
reclaspred
 443572 131882 457661 328869 429508 505524 1.07148e+06 669470 684193 561043 426011 284684 174323 85640.8 64661.4 68400.3 87401.8 121974 130286 184732 261224 237341 413732 532097 639084
pelacesobs
 0 0 0 0 0 0 0 0 0 2.06254e+06 1.5e+06 0 1.87456e+06 323000 250000 174000 83755 137374 0 501740 490994 745055 786931 1.00524e+06 1.33801e+06
pelacespred
 1.80843e+06 488396 996583 1.1007e+06 1.21476e+06 1.2161e+06 2.79701e+06 2.29426e+06 2.01944e+06 1.69364e+06 1.16165e+06 795691 485607 205146 151472 168468 222978 311589 344939 473927 737863 659397 904648 1.37932e+06 1.66084e+06
mphobs
 0 0 0 0 0 112323 0 153150 637223 0 255016 313432 73983 77613 109348 50772 0 0 0 0 0 0 0 0 0
mphpred
 1.03127e+06 724148 964786 1.34126e+06 1.27164e+06 1.79262e+06 2.69392e+06 3.04428e+06 2.44764e+06 2.25034e+06 1.90454e+06 1.31886e+06 816723 437555 231213 209718 257181 362128 456395 527251 771844 893644 1.11965e+06 1.60912e+06 2.24716e+06
desembarqueobs
 350755 77701 442110 56441 14545 235359 269955 359681 431902 328805 639364 411747 362871 311530 167758 66681 60226 58785 57116 73181 50977 67692 138656 160484 209506
desembarquepred
 350765 77704.6 442153 56442.7 14545.1 235391 269980 359716 431982 328875 639803 412124 363391 312170 167875 66699.3 60245.4 58789.4 57115.8 73184.6 50978.5 67690.4 138661 160491 209510
Reclutas
 85777.6 107742 70210.3 100984 164929 123383 181266 150656 160448 141438 69463.2 41769.3 42761.3 25350.3 20939.8 27972.1 24277.4 27796.8 31852.2 55250 68931.7 88951.8 146040 178549 84008.7
log_desv_Rt
 0.179513 0.407496 -0.0207502 0.342713 0.833269 0.543052 0.927722 0.742757 0.805726 0.679614 -0.0314475 -0.540083 -0.516612 -1.03946 -1.23059 -0.941036 -1.0827 -0.947326 -0.811139 -0.260377 -0.0391288 0.21585 0.711636 0.91262 0.158675
SSB
 1.03127e+06 724148 964786 1.34126e+06 1.27164e+06 1.79262e+06 2.69392e+06 3.04428e+06 2.44764e+06 2.25034e+06 1.90454e+06 1.31886e+06 816723 437555 231213 209718 257181 362128 456395 527251 771844 893644 1.11965e+06 1.60912e+06 2.24716e+06
BT
 3.53711e+06 1.00455e+06 2.02575e+06 2.02985e+06 2.18514e+06 2.3638e+06 5.19002e+06 4.51979e+06 4.01296e+06 3.35423e+06 2.67024e+06 1.80966e+06 1.22908e+06 670713 415928 357204 448994 604792 666796 908307 1.36264e+06 1.24397e+06 1.71503e+06 2.60093e+06 3.13708e+06
Ftot
 0.280745 0.201253 0.267821 0.0488242 0.0108162 0.115499 0.0722595 0.149081 0.177421 0.157676 0.35885 0.337218 0.524114 0.892927 0.761483 0.294611 0.210942 0.140549 0.11852 0.122318 0.0584231 0.0782822 0.0930295 0.0887112 0.0802705
BD_Bspro_t
 0.966205 0.839105 0.821788 0.74708 0.825176 0.898193 0.877721 0.87863 0.833471 0.791911 0.745638 0.602827 0.492464 0.381205 0.267703 0.292841 0.421406 0.591995 0.695514 0.766294 0.838751 0.887075 0.890799 0.894482 0.897987
BD_Bspro
 0.699647 0.491284 0.65454 0.909953 0.862717 1.21617 1.82763 2.06533 1.66056 1.5267 1.2921 0.894754 0.554089 0.296851 0.156862 0.142279 0.174479 0.245679 0.309632 0.357703 0.523642 0.606275 0.759605 1.09168 1.52454
BD_Bo
 0.606341 0.425765 0.56725 0.7886 0.747664 1.05398 1.5839 1.7899 1.4391 1.3231 1.11978 0.775428 0.480195 0.257262 0.135943 0.123304 0.15121 0.212915 0.268339 0.309999 0.453809 0.525422 0.658303 0.946089 1.32123
BD_Brms
 2.16099 1.51742 2.02167 2.81056 2.66466 3.75637 5.64499 6.37917 5.12894 4.71549 3.99088 2.76361 1.71141 0.916879 0.484498 0.439455 0.538911 0.758825 0.956357 1.10483 1.61737 1.87259 2.34618 3.37185 4.70884
S_f
 0.209936 1 1 1 1
 0.209936 1 1 1 1
 0.209936 1 1 1 1
 0.209936 1 1 1 1
 0.209936 1 1 1 1
 0.209936 1 1 1 1
 0.209936 1 1 1 1
 0.209936 1 1 1 1
 0.209936 1 1 1 1
 0.209936 1 1 1 1
 0.209936 1 1 1 1
 0.209936 1 1 1 1
 0.209936 1 1 1 1
 0.209936 1 1 1 1
 0.209936 1 1 1 1
 0.209936 1 1 1 1
 0.209936 1 1 1 1
 0.209936 1 1 1 1
 0.209936 1 1 1 1
 0.209936 1 1 1 1
 0.209936 1 1 1 1
 0.209936 1 1 1 1
 0.209936 1 1 1 1
 0.209936 1 1 1 1
 0.209936 1 1 1 1
Scru_reclas
 1 1 1 1 1
 1 1 1 1 1
 1 1 1 1 1
 1 1 1 1 1
 1 1 1 1 1
 1 1 1 1 1
 1 1 1 1 1
 1 1 1 1 1
 1 1 1 1 1
 1 1 1 1 1
 1 1 1 1 1
 1 1 1 1 1
 1 1 1 1 1
 1 1 1 1 1
 1 1 1 1 1
 1 1 1 1 1
 1 1 1 1 1
 1 1 1 1 1
 1 1 1 1 1
 1 1 1 1 1
 1 1 1 1 1
 1 1 1 1 1
 1 1 1 1 1
 1 1 1 1 1
 1 1 1 1 1
Scru_pelaces
 1 1 1 1 1
 1 1 1 1 1
 1 1 1 1 1
 1 1 1 1 1
 1 1 1 1 1
 1 1 1 1 1
 1 1 1 1 1
 1 1 1 1 1
 1 1 1 1 1
 1 1 1 1 1
 1 1 1 1 1
 1 1 1 1 1
 1 1 1 1 1
 1 1 1 1 1
 1 1 1 1 1
 1 1 1 1 1
 1 1 1 1 1
 1 1 1 1 1
 1 1 1 1 1
 1 1 1 1 1
 1 1 1 1 1
 1 1 1 1 1
 1 1 1 1 1
 1 1 1 1 1
 1 1 1 1 1
pf_obs 
 0.256992 0.487395 0.22802 0.0275931 0
 0.321318 0.546541 0.124235 0.00734118 0.000564706
 0.182869 0.594174 0.210203 0.0122559 0.00049798
 0.330522 0.361315 0.267642 0.0388342 0.00168674
 0.649043 0.306663 0.0425973 0.00169635 0
 0.582887 0.30429 0.105238 0.00758474 0
 0.465427 0.430635 0.0974691 0.00646863 0
 0.296916 0.608066 0.0921331 0.00288517 0
 0.311714 0.524322 0.152257 0.0117073 0
 0.15457 0.633149 0.183074 0.0267441 0.00246327
 0.131901 0.49318 0.331252 0.0422183 0.00144891
 0.196976 0.569456 0.194076 0.0375587 0.00193317
 0.518974 0.381816 0.0799577 0.0180837 0.00116848
 0.0928022 0.601141 0.25162 0.0475244 0.00691264
 0.122501 0.610282 0.24278 0.0234846 0.000952079
 0.383417 0.481906 0.127806 0.00687128 0
 0.0376549 0.599619 0.316969 0.0457579 0
 0.0361596 0.667082 0.258105 0.0386534 0
 0.158088 0.579412 0.248529 0.0139706 0
 0.0477256 0.309471 0.559284 0.082774 0.000745712
 0.0406174 0.521527 0.379366 0.0568643 0.0016247
 0.151134 0.462217 0.34131 0.0453401 0
 0.294876 0.26143 0.354403 0.0886775 0.000613685
 0.281977 0.475581 0.204845 0.0348837 0.00271318
 0.0841818 0.532909 0.334909 0.0458182 0.00218182
pf_pred 
 0.393005 0.428598 0.159562 0.018826 9.34343e-06
 0.319396 0.529391 0.106772 0.0397499 0.00469224
 0.182595 0.580237 0.184475 0.0372063 0.0154866
 0.26305 0.402079 0.237709 0.0755748 0.021587
 0.307679 0.439409 0.137988 0.0815787 0.0333447
 0.183258 0.555555 0.165773 0.0520577 0.0433563
 0.256754 0.393514 0.237891 0.0709844 0.0408566
 0.191181 0.509156 0.158657 0.095913 0.0450922
 0.212358 0.430179 0.225025 0.0701198 0.0623183
 0.191922 0.470027 0.18463 0.0965792 0.0568415
 0.117178 0.48406 0.231945 0.0911092 0.0757085
 0.115829 0.377268 0.277939 0.133179 0.095784
 0.188591 0.341623 0.200454 0.147677 0.121655
 0.178262 0.480707 0.143582 0.0842498 0.113199
 0.247611 0.460598 0.170694 0.0509845 0.0701118
 0.336074 0.459116 0.125381 0.0464652 0.0329641
 0.235322 0.56102 0.140833 0.0384606 0.0243649
 0.246804 0.464777 0.211604 0.053119 0.0236963
 0.244994 0.471367 0.175026 0.0796858 0.0289272
 0.32702 0.41704 0.159789 0.0593321 0.0368187
 0.281565 0.509847 0.12926 0.049526 0.0298017
 0.271581 0.478599 0.177288 0.0449475 0.0275844
 0.320636 0.440045 0.157242 0.0582474 0.0238301
 0.27584 0.507541 0.140311 0.0501374 0.0261708
 0.119871 0.575305 0.213641 0.0590615 0.0321207
pobs_RECLAS
 0 0 0 0 0
 0 0 0 0 0
 0 0 0 0 0
 0 0 0 0 0
 0.835266 0.146461 0.0176864 0.000547809 3.91292e-05
 0.385257 0.428462 0.181853 0.0044286 0
 0.867414 0.0963971 0.0333333 0.00285562 0
 0.441836 0.489002 0.0689373 0.000224442 0
 0.779404 0.147425 0.0564933 0.0165055 0.000172143
 0.814271 0.122319 0.05973 0.00367925 0
 0.40263 0.566651 0.0304383 0.000280538 0
 0.475488 0.404961 0.113038 0.00651328 0
 0.955842 0.0263864 0.0167828 0.000988607 0
 0.975058 0.0227948 0.00214734 0 0
 0.738997 0.206755 0.0527124 0.00153531 0
 0.850938 0.134255 0.0134407 0.00136685 0
 0.542534 0.407297 0.0501686 0 0
 0.764087 0.199537 0.0359546 0.000420521 0
 0.470689 0.182191 0.310203 0.0369168 0
 0.84361 0.089868 0.0606195 0.00523954 0.000663233
 0.607945 0.314616 0.071237 0.00620181 0
 0.523733 0.453247 0.0230204 0 0
 0.530135 0.295979 0.169645 0.0042399 0
 0.562478 0.366248 0.0663022 0.0049721 0
 0.250443 0.683176 0.0655157 0.000865301 0
ppred_RECLAS
 0.75807 0.170826 0.0635966 0.00750347 3.724e-06
 0.69321 0.238629 0.0481285 0.0179177 0.00211508
 0.519266 0.34125 0.108494 0.0218818 0.009108
 0.630207 0.201759 0.11928 0.0379226 0.0108321
 0.679279 0.203558 0.0639237 0.0377917 0.0154471
 0.518073 0.327811 0.0978158 0.0307172 0.0255828
 0.622824 0.199697 0.120723 0.0360225 0.0207336
 0.531527 0.294906 0.0918954 0.0555534 0.0261177
 0.564516 0.237844 0.124416 0.038769 0.0344555
 0.532842 0.271728 0.106736 0.0558334 0.0328607
 0.392428 0.333138 0.159628 0.0627028 0.0521038
 0.388937 0.260736 0.192088 0.0920417 0.0661977
 0.534008 0.196194 0.115121 0.0848111 0.0698662
 0.525916 0.277334 0.0828368 0.0486061 0.0653076
 0.623964 0.230203 0.0853111 0.0254816 0.0350412
 0.710318 0.20032 0.0547059 0.0202735 0.0143828
 0.597201 0.295521 0.0741848 0.0202594 0.0128343
 0.611213 0.23991 0.109226 0.0274192 0.0122316
 0.608598 0.244361 0.0907352 0.0413099 0.0149961
 0.699608 0.186151 0.0713235 0.0264836 0.0164345
 0.651818 0.247092 0.0626446 0.0240022 0.014443
 0.640643 0.236111 0.0874632 0.0221743 0.0136085
 0.693108 0.198784 0.0710315 0.0263124 0.0107649
 0.645685 0.248329 0.0686509 0.0245311 0.0128048
 0.394418 0.395845 0.146998 0.0406379 0.022101
pobs_PELACES
 0 0 0 0 0
 0 0 0 0 0
 0 0 0 0 0
 0 0 0 0 0
 0 0 0 0 0
 0 0 0 0 0
 0 0 0 0 0
 0 0 0 0 0
 0 0 0 0 0
 0 0 0 0 0
 0.450072 0.473896 0.0757376 0.000293798 0
 0 0 0 0 0
 0.463077 0.371075 0.160297 0.00555027 0
 0.529543 0.364841 0.0842815 0.0213345 0
 0.631943 0.363953 0.00410389 0 0
 0.735681 0.248677 0.0153453 0.000297389 0
 0.695825 0.281241 0.0229344 0 0
 0.275771 0.60734 0.115278 0.00161068 0
 0 0 0 0 0
 0.896147 0.0623911 0.0374545 0.00400742 0
 0.803859 0.145111 0.0509908 3.86294e-05 0
 0.739449 0.233085 0.0266225 0.000797448 4.60066e-05
 0.878498 0.100942 0.0204185 0.000141795 0
 0.694673 0.275183 0.0284847 0.00165964 0
 0.469039 0.446079 0.0841089 0.000773354 0
ppred_PELACES
 0.77124 0.161527 0.0601347 0.00709502 3.52129e-06
 0.704254 0.230038 0.0463959 0.0172727 0.00203894
 0.536667 0.328898 0.104567 0.0210898 0.00877833
 0.633168 0.200143 0.118325 0.0376189 0.0107454
 0.679893 0.203169 0.0638013 0.0377194 0.0154175
 0.525587 0.3227 0.0962907 0.0302383 0.0251839
 0.627239 0.197359 0.11931 0.0356009 0.0204909
 0.541193 0.288822 0.0899994 0.0544073 0.0255788
 0.575852 0.231653 0.121177 0.0377598 0.0335586
 0.54306 0.265785 0.104402 0.0546122 0.0321419
 0.414945 0.320791 0.153712 0.0603789 0.0501727
 0.410025 0.251738 0.185459 0.0888653 0.0639132
 0.567802 0.181966 0.106772 0.0786605 0.0647995
 0.583355 0.243732 0.0728004 0.042717 0.0573951
 0.669282 0.202459 0.0750296 0.0224106 0.0308181
 0.725864 0.189569 0.05177 0.0191855 0.0136109
 0.610357 0.285869 0.0717618 0.0195977 0.0124152
 0.619884 0.234559 0.10679 0.0268076 0.0119588
 0.615934 0.239781 0.0890346 0.0405356 0.0147151
 0.706267 0.182024 0.0697424 0.0258965 0.0160701
 0.655267 0.244644 0.0620241 0.0237645 0.0143
 0.645328 0.233033 0.0863229 0.0218852 0.0134311
 0.698243 0.195457 0.0698431 0.0258721 0.0105848
 0.650958 0.244633 0.0676291 0.024166 0.0126142
 0.399428 0.39257 0.145782 0.0403017 0.0219182
pobs_pel_tallas
 0 0 0 0 0 0 0 0 0 0 0 0 0 0 0 0 0 0 0 0 0 0 0 0 0 0 0 0 0 0 0 0 0 0 0 0
 0 0 0 0 0 0 0 0 0 0 0 0 0 0 0 0 0 0 0 0 0 0 0 0 0 0 0 0 0 0 0 0 0 0 0 0
 0 0 0 0 0 0 0 0 0 0 0 0 0 0 0 0 0 0 0 0 0 0 0 0 0 0 0 0 0 0 0 0 0 0 0 0
 0 0 0 0 0 0 0 0 0 0 0 0 0 0 0 0 0 0 0 0 0 0 0 0 0 0 0 0 0 0 0 0 0 0 0 0
 0 0 0 0 0 0 0 0 0 0 0 0 0 0 0 0 0 0 0 0 0 0 0 0 0 0 0 0 0 0 0 0 0 0 0 0
 0 0 0 0 0 0 0 0 0 0 0 0 0 0 0 0 0 0 0 0 0 0 0 0 0 0 0 0 0 0 0 0 0 0 0 0
 0 0 0 0 0 0 0 0 0 0 0 0 0 0 0 0 0 0 0 0 0 0 0 0 0 0 0 0 0 0 0 0 0 0 0 0
 0 0 0 0 0 0 0 0 0 0 0 0 0 0 0 0 0 0 0 0 0 0 0 0 0 0 0 0 0 0 0 0 0 0 0 0
 0 0 0 0 0 0 0 0 0 0 0 0 0 0 0 0 0 0 0 0 0 0 0 0 0 0 0 0 0 0 0 0 0 0 0 0
 0 0 0 0 0 0 0 0 0 0 0 0 0 0 0 0 0 0 0 0 0 0 0 0 0 0 0 0 0 0 0 0 0 0 0 0
 0 0 0 0 0 0 0 0 1.78061e-05 0.00172719 0.00360574 0.0105946 0.0120993 0.0124554 0.0147524 0.0171206 0.0266825 0.0428682 0.0675386 0.121331 0.153587 0.119568 0.100827 0.0573624 0.0630603 0.0341343 0.0324427 0.0444173 0.0211091 0.0280891 0.0125444 0.00206551 0 0 0 0
 0 0 0 0 0 0 0 0 0 0 0 0 0 0 0 0 0 0 0 0 0 0 0 0 0 0 0 0 0 0 0 0 0 0 0 0
 0 0 0 0 0 0 0.0133647 0.0140871 0.0187388 0.0205184 0.03894 0.0496705 0.03968 0.0493445 0.0407372 0.0367815 0.0215668 0.0243155 0.0234873 0.0199281 0.019796 0.0243948 0.0301388 0.0376714 0.0412746 0.0863199 0.0771752 0.113111 0.0741005 0.0525337 0.0229764 0.00759418 0.00175318 0 0 0
 0 0 0 0 0 0 0 0 0 0 0.00219441 0.00772107 0.0458388 0.0604681 0.0671733 0.0775358 0.0609151 0.0617685 0.073594 0.0568108 0.0755445 0.0548602 0.0670107 0.0636378 0.0643287 0.046367 0.0373049 0.0286899 0.0247887 0.0153202 0.00654259 0.00121912 0.000365735 0 0 0
 0 0 0 0 0 0 0 0 0 0 0 0 0.000112435 0.00938835 0.0111873 0.0202946 0.0414886 0.0713402 0.111592 0.104902 0.108894 0.110636 0.117776 0.105296 0.107544 0.0401394 0.0192827 0.0124803 0.00416011 0.0028671 0.000618394 0 0 0 0 0
 0 0 0 0 0 0 0 0 0 0 0.00291406 0.0102884 0.027416 0.0768956 0.0749926 0.110853 0.0956884 0.0897413 0.0766577 0.0534642 0.0500743 0.0551293 0.0594112 0.0620874 0.0668451 0.0424026 0.0208742 0.0120726 0.0048766 0.00582813 0.00118941 0.000297354 0 0 0 0
 0 0.00264628 0.0354308 0.0461629 0.0458689 0.0383711 0.0214643 0.0164657 0.0346957 0.0420465 0.0363128 0.0245516 0.0311673 0.0291091 0.0169068 0.0133784 0.00837989 0.0085269 0.0148486 0.0160247 0.0276389 0.0546898 0.0760071 0.122758 0.109233 0.0665981 0.0333725 0.0166128 0.00676272 0.00308733 0.000882094 0 0 0 0 0
 0 0 0 0 0 0 0 0.000805153 0.000690131 0.00759144 0.0133425 0.0154129 0.00931677 0.000345066 0.00356568 0.00563607 0.00851162 0.0253048 0.0502646 0.0516448 0.0657925 0.0565908 0.0611916 0.0827007 0.0866115 0.110766 0.145733 0.0935128 0.0569358 0.0249597 0.0138026 0.00621118 0.00161031 0.00115022 0 0
 0 0 0 0 0 0 0 0 0 0 0 0 0 0 0 0 0 0 0 0 0 0 0 0 0 0 0 0 0 0 0 0 0 0 0 0
 0.00147267 0.00158595 0.00478618 0.00569244 0.00954404 0.0108468 0.00647125 0.017049 0.0510054 0.094081 0.124002 0.0959785 0.0687766 0.0820023 0.061753 0.0591476 0.0492212 0.0479892 0.0443925 0.0268479 0.0217502 0.0140895 0.0121071 0.0120363 0.00920419 0.00665534 0.0049561 0.00860946 0.00930331 0.0156896 0.0114698 0.00855282 0.00243557 0.00046729 0 2.83206e-05
 0 0 0 0 0.000772559 0.00158375 0.000888443 0.00281984 0.00712685 0.0440552 0.0773331 0.111326 0.0921469 0.0852325 0.0710754 0.0886704 0.0786465 0.0553345 0.0373146 0.0185414 0.00753245 0.00457741 0.012979 0.0271748 0.0457355 0.0583668 0.034881 0.0177882 0.00938659 0.00492506 0.0015258 0.00185414 0.000309023 5.79419e-05 3.86279e-05 0
 0 0.00173294 0.00326652 0 0.00397197 0.00683976 0.00946217 0.0152591 0.00757587 0.0136028 0.0228656 0.0392903 0.0559909 0.0764795 0.0681675 0.0726916 0.0566044 0.0477403 0.0527397 0.0444891 0.0609904 0.0582453 0.0661739 0.0445044 0.0529084 0.0360697 0.0280645 0.0235558 0.0158879 0.00826598 0.00280645 0.00217768 0.000904811 0.00058276 9.20147e-05 0
 0 0 0 0 0 0 0 0 0 0 0 0 0 0 0 0 0 0 0 0 0 0 0 0 0 0 0 0 0 0 0 0 0 0 0 0
 0 0 0 0 0 0 0 0 0 0 0 0 0 0 0 0 0 0 0 0 0 0 0 0 0 0 0 0 0 0 0 0 0 0 0 0
 0 0 0 0 0 0 0 0 0 0 0 0 0 0 0 0 0 0 0 0 0 0 0 0 0 0 0 0 0 0 0 0 0 0 0 0
ppred_pel_tallas
 1.01151e-16 3.3649e-05 0.000197495 0.000938809 0.00361448 0.0112714 0.0284707 0.0582547 0.0965632 0.12968 0.141114 0.124464 0.089076 0.0519463 0.0251376 0.0109497 0.00570418 0.0050721 0.00640041 0.00852255 0.0109584 0.0134145 0.0156196 0.0173196 0.0183222 0.0185361 0.0179883 0.0168086 0.0151911 0.0133449 0.0114527 0.00964546 0.00799797 0.00653943 0.00527046 0.00417899
 1.01423e-16 3.07308e-05 0.000180357 0.000857318 0.00330069 0.0102929 0.0259991 0.0531981 0.0881838 0.118434 0.128896 0.113734 0.0814977 0.0477305 0.0234779 0.0108755 0.00659879 0.00671762 0.00880815 0.0117684 0.0150824 0.0183696 0.0212515 0.0233749 0.0244805 0.0244612 0.0233833 0.0214618 0.019 0.0163161 0.0136783 0.0112684 0.00917549 0.00741429 0.00595394 0.00474588
 1.02727e-16 2.34274e-05 0.00013747 0.000653407 0.00251555 0.00784441 0.0198146 0.0405449 0.0672141 0.090286 0.0982999 0.0868284 0.0624184 0.0369605 0.0189344 0.0100419 0.00782507 0.00934633 0.0127741 0.0172191 0.0221614 0.0271124 0.0315419 0.0349406 0.0369242 0.0373165 0.0361819 0.0337932 0.0305507 0.0268812 0.0231511 0.0196168 0.0164162 0.0135931 0.0111339 0.00900296
 1.0354e-16 2.76301e-05 0.000162155 0.000770791 0.00296755 0.00925399 0.0233749 0.0478286 0.0792832 0.106481 0.115888 0.102259 0.0732811 0.0429317 0.0211451 0.00984811 0.00606255 0.00627114 0.00831668 0.0112359 0.014595 0.01808 0.0213695 0.0241481 0.026161 0.0272628 0.0274388 0.0267899 0.0254914 0.0237413 0.0217168 0.0195515 0.0173334 0.0151186 0.0129488 0.0108641
 1.02989e-16 2.96675e-05 0.000174117 0.000827656 0.0031865 0.00993677 0.0250995 0.0513574 0.0851321 0.114335 0.124431 0.109786 0.078651 0.0460282 0.0225764 0.0103531 0.00614618 0.0061638 0.00807562 0.0108372 0.0139801 0.0171733 0.0200894 0.0224172 0.0239199 0.024484 0.0241385 0.0230342 0.0213952 0.0194584 0.017423 0.0154234 0.0135278 0.0117552 0.0101003 0.00855392
 1.03688e-16 2.29439e-05 0.000134632 0.000639919 0.00246362 0.00768247 0.0194055 0.0397079 0.0658266 0.0884223 0.0962711 0.0850371 0.0611324 0.0362024 0.0185525 0.00985037 0.00769009 0.00919669 0.0125787 0.0169682 0.0218593 0.0267776 0.0312078 0.0346551 0.0367458 0.0373081 0.0364029 0.0342911 0.031354 0.0279948 0.0245546 0.0212663 0.0182487 0.0155326 0.0130995 0.0109165
 1.03939e-16 2.73714e-05 0.000160637 0.000763573 0.00293976 0.00916733 0.023156 0.0473808 0.0785408 0.105484 0.114803 0.101301 0.0725945 0.0425289 0.020946 0.00975454 0.00600481 0.00621338 0.00824483 0.0111471 0.0144936 0.0179765 0.0212807 0.0240963 0.0261716 0.0273616 0.0276477 0.027124 0.0259562 0.0243316 0.0224172 0.0203378 0.0181758 0.0159843 0.0138053 0.0116818
 1.04437e-16 2.3623e-05 0.000138622 0.000658894 0.00253669 0.00791035 0.0199811 0.0408853 0.0677772 0.0910386 0.0991094 0.08752 0.0628646 0.0371224 0.0188294 0.00968453 0.00719277 0.0083828 0.0114122 0.0154089 0.0198963 0.0244495 0.0286117 0.0319429 0.034107 0.0349426 0.0344903 0.0329634 0.0306781 0.0279684 0.0251143 0.0223034 0.0196297 0.0171185 0.0147611 0.0125452
 1.04662e-16 2.5132e-05 0.000147487 0.000701049 0.00269901 0.00841657 0.0212597 0.043501 0.0721111 0.0968533 0.105422 0.0930534 0.0667492 0.0392358 0.0195688 0.00952494 0.00642018 0.00707486 0.00953315 0.0129046 0.0167565 0.0207424 0.0244964 0.027659 0.0299429 0.0311895 0.0313914 0.0306739 0.0292452 0.0273342 0.0251402 0.0228057 0.0204168 0.0180206 0.0156487 0.0133348
 1.04948e-16 2.37035e-05 0.000139097 0.000661155 0.0025454 0.00793753 0.0200497 0.0410256 0.068009 0.091348 0.0994411 0.0878006 0.0630393 0.0371719 0.018756 0.00948769 0.00685589 0.00787563 0.0107025 0.0144769 0.0187478 0.0231257 0.0271926 0.0305422 0.0328574 0.0339753 0.0339125 0.0328397 0.0310211 0.028739 0.0262318 0.0236621 0.021116 0.0186266 0.0162039 0.0138596
 1.06706e-16 1.81194e-05 0.000106308 0.000505263 0.00194516 0.00606567 0.0153217 0.031352 0.0519768 0.0698255 0.0760424 0.0672137 0.0484172 0.0288703 0.015162 0.00864951 0.00747729 0.00941605 0.0130777 0.0177785 0.0230881 0.0285671 0.0337181 0.0380479 0.0411645 0.0428548 0.0431163 0.0421286 0.040184 0.0376003 0.0346495 0.0315213 0.0283245 0.0251127 0.021919 0.018782
 1.08755e-16 1.79021e-05 0.000105039 0.000499241 0.001922 0.00599346 0.0151392 0.0309782 0.0513552 0.0689853 0.0751135 0.0663599 0.047731 0.028319 0.0146147 0.00793647 0.00643213 0.00789188 0.0109592 0.0150041 0.0196797 0.0246573 0.0295595 0.0339976 0.0376406 0.0402729 0.0418196 0.0423301 0.0419333 0.0407822 0.039012 0.036723 0.0339888 0.0308776 0.0274748 0.0238934
 1.07306e-16 2.47789e-05 0.000145418 0.000691226 0.00266121 0.0082987 0.0209619 0.0428914 0.0710992 0.0954903 0.103928 0.0917102 0.0657324 0.038531 0.0190195 0.00893224 0.00560746 0.00590276 0.00789829 0.0107473 0.0140794 0.0176315 0.0211313 0.0243059 0.0269276 0.0288533 0.0300409 0.0305344 0.0304289 0.0298283 0.0288151 0.0274389 0.025726 0.023699 0.0213973 0.0188887
 1.05263e-16 2.54595e-05 0.000149409 0.000710185 0.00273419 0.00852625 0.0215368 0.044068 0.0730511 0.0981162 0.106798 0.0942701 0.0676273 0.0397621 0.0198491 0.00968812 0.006559 0.00723659 0.00973204 0.013132 0.0169838 0.0209222 0.0245661 0.0275498 0.0295935 0.0305615 0.0304836 0.0295292 0.0279488 0.0260026 0.023902 0.02178 0.0196939 0.017649 0.0156308 0.0136316
 1.03342e-16 2.92048e-05 0.0001714 0.000814742 0.00313677 0.00978171 0.0247079 0.050556 0.0838038 0.112551 0.122491 0.108076 0.0774309 0.0453239 0.0222493 0.0102347 0.00612088 0.00617791 0.00811432 0.0109038 0.0140853 0.0173321 0.0203185 0.0227337 0.0243387 0.0250152 0.0247852 0.023791 0.0222478 0.0203845 0.0183949 0.0164103 0.0144995 0.0126846 0.0109652 0.00933844
 1.02092e-16 3.16715e-05 0.000185883 0.000883599 0.00340189 0.0106085 0.0267962 0.0548288 0.0908855 0.122059 0.13283 0.117179 0.0839094 0.0490286 0.0239041 0.0107175 0.00602369 0.00576096 0.00743444 0.0099329 0.0127732 0.0156322 0.018199 0.0201825 0.0213649 0.0216478 0.0210707 0.0197907 0.0180356 0.0160453 0.014022 0.0121026 0.0103553 0.00879567 0.00740904 0.00617232
 1.02366e-16 2.66388e-05 0.000156328 0.000743069 0.00286078 0.00892103 0.022534 0.0461087 0.0764347 0.102663 0.111753 0.098659 0.0708076 0.0416958 0.0209313 0.0104066 0.00728215 0.00818353 0.0110179 0.0148018 0.0190163 0.0232201 0.02695 0.0297671 0.0313448 0.0315409 0.0304253 0.0282493 0.0253734 0.0221773 0.0189822 0.0160072 0.0133623 0.0110712 0.00910578 0.00741948
 1.03073e-16 2.70522e-05 0.000158759 0.00075464 0.00290535 0.00906002 0.022885 0.0468265 0.0776232 0.104255 0.113474 0.100149 0.0718146 0.0421634 0.0209353 0.0100319 0.00655149 0.00705864 0.00943739 0.0127234 0.0164515 0.0202575 0.0237628 0.026601 0.0284858 0.0292695 0.0289668 0.0277343 0.025818 0.0234863 0.0209738 0.0184498 0.0160151 0.0137174 0.0115757 0.00960015
 1.03423e-16 2.68801e-05 0.000157749 0.000749834 0.00288685 0.00900231 0.0227392 0.0465283 0.077129 0.103592 0.112753 0.0995164 0.0713678 0.0419149 0.0208373 0.0100266 0.00660144 0.00714874 0.00956469 0.0128871 0.0166471 0.0204744 0.0239848 0.0268087 0.0286612 0.0294008 0.0290532 0.0277878 0.0258624 0.0235528 0.0210945 0.0186509 0.016311 0.0141079 0.0120465 0.0101258
 1.02691e-16 3.08167e-05 0.000180865 0.000859744 0.00331005 0.0103221 0.0260728 0.0533485 0.0884318 0.118764 0.129244 0.114016 0.0816452 0.0477076 0.0232644 0.0104398 0.0058844 0.00565025 0.00731576 0.00980737 0.0126637 0.0155791 0.0182575 0.0204174 0.0218423 0.0224239 0.0221807 0.0212403 0.0197969 0.0180589 0.016204 0.0143557 0.0125812 0.0109059 0.00933365 0.00786432
 1.02445e-16 2.85954e-05 0.000167819 0.000797706 0.00307117 0.00957711 0.0241911 0.049499 0.082053 0.110204 0.119946 0.105856 0.0758947 0.0445337 0.0220639 0.0104886 0.00673157 0.00715024 0.00949603 0.0127381 0.0163757 0.0200197 0.0232733 0.0257618 0.0272055 0.0274809 0.0266439 0.0249035 0.0225603 0.0199305 0.0172804 0.01479 0.0125483 0.0105734 0.00884296 0.00732156
 1.02681e-16 2.81616e-05 0.000165273 0.000785604 0.00302457 0.00943181 0.0238241 0.048748 0.0808079 0.108531 0.118125 0.104246 0.0747341 0.043841 0.0216998 0.0102824 0.00655929 0.00694565 0.00923241 0.0124136 0.016009 0.0196496 0.0229578 0.0255721 0.0272159 0.0277553 0.0272218 0.0257909 0.0237263 0.0213111 0.0187888 0.0163303 0.0140301 0.0119231 0.0100104 0.00828254
 1.02439e-16 3.04673e-05 0.000178813 0.000849985 0.00327247 0.0102049 0.0257767 0.052743 0.0874284 0.117417 0.127783 0.112735 0.0807471 0.0472207 0.0230976 0.0104845 0.00607613 0.00597347 0.00778171 0.0104319 0.0134524 0.0165186 0.0193117 0.0215294 0.0229403 0.0234323 0.0230313 0.0218828 0.020205 0.0182317 0.0161626 0.0141368 0.01223 0.010469 0.00885416 0.00737855
 1.0246e-16 2.84075e-05 0.000166715 0.000792462 0.00305097 0.00951414 0.0240321 0.0491736 0.0815136 0.109479 0.119159 0.105162 0.0754 0.0442492 0.0219338 0.0104453 0.00672904 0.00716798 0.0095295 0.0127901 0.016452 0.0201272 0.0234188 0.025951 0.0274419 0.0277647 0.026971 0.0252651 0.0229439 0.0203203 0.0176595 0.0151421 0.0128602 0.010836 0.00905188 0.00747754
 1.04607e-16 1.74457e-05 0.000102346 0.000486413 0.00187256 0.00583924 0.0147498 0.0301825 0.0500403 0.0672314 0.0732364 0.064779 0.0467622 0.0280812 0.0151083 0.0091835 0.00855197 0.0110859 0.0154408 0.0209126 0.0269978 0.0331476 0.0387394 0.0431665 0.0459629 0.046902 0.0460358 0.0436579 0.04021 0.0361666 0.0319355 0.0278031 0.0239275 0.0203676 0.0171264 0.0141896
pSPR Fmed_Fpbrs
0.772593   0.330585 0.330585
Fs Fmed_Fpbrs
0.153645   1.005 1.005
SSBpbr Bo_Bmed_Bpbrs
1.70081e+06  1.229e+06  477223 477223
Ro
71682.4
SPR SPRFo_SPRFmed_SPRFpbrs
1.47399e+06 1.1388e+06 487279
log_Ro
11
likeval ReclasPelacesDesembMPH_pf_preclas_ppelaces_ptallas_desvR_qrecl_qpela
 63.9806 24.2591 0.0419137 0.00179302 321.651 204.878 78.9101 0 16.7733 0.000122404 0 0 0 0 0
q_reclas_q_pelaces
0.208511 1
M
0.7
N
 85777.6 21596.5 8040.13 948.618 0.470803
 107742 40157.9 8099.36 3015.3 355.938
 70210.3 51289.8 16306.5 3288.83 1368.93
 100984 32959.2 19485.5 6195.02 1769.53
 164929 49635.6 15587.1 9215.12 3766.61
 123383 81715.5 24383.1 7657.07 6377.19
 181266 59802.6 36152.4 10787.6 6209.01
 150656 88659 27626.9 16701.3 7851.87
 160448 72508.6 37929 11819 10504
 141438 76763 30153 15772.9 9283.12
 69463.2 67949 32558.8 12789.3 10627.4
 41769.3 31991.2 23568.4 11293.2 8122.19
 42761.3 19324.4 11339 8353.57 6881.56
 25350.3 19022.1 5681.72 3333.86 4479.41
 20939.8 10436.7 3867.76 1155.26 1588.67
 27972.1 8862.16 2420.2 896.903 636.296
 24277.4 13057.5 3277.82 895.151 567.08
 27796.8 11533.6 5250.99 1318.16 588.029
 31852.2 13402.1 4976.43 2265.66 822.471
 55250 15428.6 5911.46 2195.02 1362.13
 68931.7 26740.7 6779.52 2597.57 1563.05
 88951.8 33813.2 12525.5 3175.56 1948.85
 146040 43452.2 15526.8 5751.63 2353.1
 178549 71118.7 19660.9 7025.45 3667.16
 84008.7 87029 32318.5 8934.5 4859.04
pred_Ctot
 3542.78 3863.64 1438.39 169.709 0.0842273
 3213.37 5326.09 1074.21 399.916 47.2076
 2769.62 8801.06 2798.12 564.347 234.901
 741.027 1132.68 669.639 212.898 60.8117
 269.062 384.258 120.669 71.3396 29.1595
 2128.65 6453.1 1925.54 604.681 503.608
 1964.35 3010.65 1820.03 543.079 312.581
 3344.5 8907.11 2775.53 1677.89 788.837
 4227.92 8564.63 4480.13 1396.05 1240.72
 3318.25 8126.57 3192.17 1669.81 982.764
 3640.96 15040.8 7207.02 2830.96 2352.43
 2061.47 6714.42 4946.62 2370.24 1704.71
 3224.6 5841.21 3427.44 2525.05 2080.1
 3150.18 8494.89 2537.34 1488.83 2000.41
 2245.44 4176.89 1547.92 462.348 635.802
 1210.82 1654.12 451.729 167.407 118.765
 758.246 1807.7 453.788 123.926 78.5077
 582.219 1096.43 499.18 125.31 55.9004
 563.74 1084.63 402.741 183.36 66.5625
 1008.83 1286.54 492.935 183.035 113.583
 604.736 1095.04 277.622 106.37 64.0071
 1043.71 1839.3 681.337 172.738 106.01
 2033.59 2790.93 997.287 369.427 151.139
 2371.82 4364.1 1206.46 431.107 225.03
 1010.56 4850.07 1801.09 497.914 270.791
F
 0.0589384 0.280745 0.280745 0.280745 0.280745
 0.0422502 0.201253 0.201253 0.201253 0.201253
 0.0562253 0.267821 0.267821 0.267821 0.267821
 0.0102499 0.0488242 0.0488242 0.0488242 0.0488242
 0.00227072 0.0108162 0.0108162 0.0108162 0.0108162
 0.0242474 0.115499 0.115499 0.115499 0.115499
 0.0151699 0.0722595 0.0722595 0.0722595 0.0722595
 0.0312974 0.149081 0.149081 0.149081 0.149081
 0.0372471 0.177421 0.177421 0.177421 0.177421
 0.033102 0.157676 0.157676 0.157676 0.157676
 0.0753354 0.35885 0.35885 0.35885 0.35885
 0.0707942 0.337218 0.337218 0.337218 0.337218
 0.11003 0.524114 0.524114 0.524114 0.524114
 0.187457 0.892927 0.892927 0.892927 0.892927
 0.159863 0.761483 0.761483 0.761483 0.761483
 0.0618495 0.294611 0.294611 0.294611 0.294611
 0.0442843 0.210942 0.210942 0.210942 0.210942
 0.0295063 0.140549 0.140549 0.140549 0.140549
 0.0248816 0.11852 0.11852 0.11852 0.11852
 0.025679 0.122318 0.122318 0.122318 0.122318
 0.0122651 0.0584231 0.0584231 0.0584231 0.0584231
 0.0164343 0.0782822 0.0782822 0.0782822 0.0782822
 0.0195302 0.0930295 0.0930295 0.0930295 0.0930295
 0.0186237 0.0887112 0.0887112 0.0887112 0.0887112
 0.0168517 0.0802705 0.0802705 0.0802705 0.0802705
YTP_r0W_actual
 11318.3 106701 59435.9 20464.3 11589.9
YTP_p0W_proyectada
 80737.5 423379 600160 290733 133910
 80737.5 284708 112201 142310 71353.3
CTP_r0_actual
 1010.56 4850.07 1801.09 497.914 270.791
CTP_p0_proyectada
 9498.53 19784.1 19235.9 7143.31 2879.79
 9498.53 13304.1 3596.19 3496.56 1534.48
Wmedp
 8.5 21.4 31.2 40.7 46.5
nmprior
 10.6 11 7 0
nm_flota  nm_reclas  nm_pelaces    nm_pelaL
inf 11.9361 21.458 53.8351
cv_recla  cv_pelaces  cv_mph
0.723517 0.558482 1.37382
 ------------------------------------------------
Talla a la edad & desviaci?n 
 7.2 14.2025 17.0495 18.207 18.6776
 1.08 2.13037 2.55742 2.73105 2.80164
