years
 1997 1998 1999 2000 2001 2002 2003 2004 2005 2006 2007 2008 2009 2010 2011 2012 2013 2014 2015 2016 2017 2018 2019 2020 2021
reclasobs
 0 0 0 370054 412103 1.49427e+06 250295 1.28982e+06 931140 785840 897777 1.04006e+06 184774 17550 25797 100020 73551 82996 120727 218422 84188 347160 605670 569463 516374
reclaspred
 886136 186766 391124 188948 305015 376199 818058 613899 709630 858753 792244 539747 326561 131668 73566.1 71628.4 84030 106470 113404 145425 227709 223925 373443 431757 451887
pelacesobs
 0 0 0 0 0 0 0 0 0 2.06254e+06 1.5e+06 0 1.87456e+06 323000 250000 174000 83755 137374 0 501740 490994 745055 786931 1.00524e+06 1.33801e+06
pelacespred
 2.61914e+06 612612 577261 525229 832709 651900 2.25063e+06 1.71112e+06 1.94758e+06 2.37257e+06 1.70784e+06 1.21264e+06 805949 259077 158225 151553 181963 237328 238410 316819 592424 505347 663539 928451 848152
mphobs
 0 0 0 0 0 112323 0 153150 637223 0 255016 313432 73983 77613 109348 50772 0 0 0 0 0 0 0 0 0
mphpred
 301208 143842 132536 89397.3 89189 166211 214375 301092 273701 317265 388956 257062 158399 87776.6 38246.8 29657.7 32107.7 39005 45938.5 50479.5 75845.1 96349 117266 159349 193483
desembarqueobs
 350755 77701 442110 56441 14545 235359 269955 359681 431902 328805 639364 411747 362871 311530 167758 66681 60226 58785 57116 73181 50977 67692 138656 160484 209506
desembarquepred
 350740 77680.3 441836 56436.4 14544.8 235376 269974 359441 431726 328681 638730 411444 362574 311261 167384 66637.2 60222.4 58740.3 57071 73147.6 50971.4 67657.4 138618 160450 209461
Reclutas
 28892.3 42258.8 11914 18013.6 43989.1 26319.5 64966.3 64720.9 85426.6 122650 60283.8 46650.4 53259.6 27657.4 13819.7 11934.8 8273.63 9116.67 9905.87 14882.8 20058.5 25031.6 39140.4 40817.9 11254.1
log_desv_Rt
 0.0513311 0.431569 -0.834532 -0.421117 0.471697 -0.0419364 0.861623 0.857839 1.13541 1.49709 0.786818 0.530437 0.662934 0.0076494 -0.686146 -0.832782 -1.19917 -1.10214 -1.01912 -0.612039 -0.31359 -0.0921065 0.354911 0.396875 -0.891513
SSB
 573623 273933 252403 170249 169852 316533 408257 573402 521239 604201 740730 489551 301656 167163 72837.6 56480.4 61146.2 74281.5 87485.7 96133.7 144440 183488 223323 303465 368471
BT
 1.47865e+06 404492 495111 295669 395006 466607 1.25852e+06 1.17437e+06 1.30681e+06 1.41033e+06 1.32719e+06 921300 725296 405086 209521 124451 131128 156064 154089 202729 312458 283869 388588 543944 527888
Ftot
 0.529564 0.636108 1.2736 0.432094 0.0830435 0.74759 0.554375 0.878405 0.975053 0.627671 1.00723 1.0096 1.66229 2.86615 3.06894 1.32782 1.01654 0.805208 0.679118 0.748853 0.331741 0.408763 0.502156 0.51069 0.542402
BD_Bspro_t
 0.930714 0.662378 0.540527 0.284913 0.402964 0.611685 0.526295 0.569875 0.505736 0.495143 0.511044 0.341512 0.244545 0.168358 0.0906718 0.086527 0.126552 0.20172 0.277634 0.351809 0.478962 0.603327 0.610627 0.609864 0.58551
BD_Bspro
 1.01638 0.48537 0.447221 0.301656 0.300953 0.56085 0.723372 1.01598 0.92356 1.07056 1.31247 0.867413 0.53449 0.296188 0.129058 0.100075 0.108342 0.131616 0.155012 0.170335 0.255926 0.325114 0.395695 0.537696 0.652876
BD_Bo
 0.740815 0.353776 0.32597 0.219871 0.219359 0.408792 0.527251 0.74053 0.673163 0.780306 0.956629 0.632239 0.389578 0.215885 0.0940674 0.0729426 0.0789684 0.0959321 0.112985 0.124153 0.186539 0.236969 0.288414 0.391915 0.475868
BD_Brms
 2.43915 1.16482 1.07326 0.723931 0.722244 1.34596 1.73599 2.43821 2.21641 2.56918 3.14973 2.08166 1.2827 0.710807 0.309719 0.240165 0.260005 0.315859 0.372006 0.408778 0.614186 0.780225 0.94961 1.29039 1.56681
S_f
 0.134941 1 1 1 1
 0.134941 1 1 1 1
 0.134941 1 1 1 1
 0.134941 1 1 1 1
 0.134941 1 1 1 1
 0.134941 1 1 1 1
 0.134941 1 1 1 1
 0.134941 1 1 1 1
 0.134941 1 1 1 1
 0.134941 1 1 1 1
 0.134941 1 1 1 1
 0.134941 1 1 1 1
 0.134941 1 1 1 1
 0.134941 1 1 1 1
 0.134941 1 1 1 1
 0.134941 1 1 1 1
 0.134941 1 1 1 1
 0.134941 1 1 1 1
 0.134941 1 1 1 1
 0.134941 1 1 1 1
 0.134941 1 1 1 1
 0.134941 1 1 1 1
 0.134941 1 1 1 1
 0.134941 1 1 1 1
 0.134941 1 1 1 1
Scru_reclas
 0.439929 0.798105 0.95214 0.990111 0.998019
 0.439929 0.798105 0.95214 0.990111 0.998019
 0.439929 0.798105 0.95214 0.990111 0.998019
 0.439929 0.798105 0.95214 0.990111 0.998019
 0.439929 0.798105 0.95214 0.990111 0.998019
 0.439929 0.798105 0.95214 0.990111 0.998019
 0.439929 0.798105 0.95214 0.990111 0.998019
 0.439929 0.798105 0.95214 0.990111 0.998019
 0.439929 0.798105 0.95214 0.990111 0.998019
 0.439929 0.798105 0.95214 0.990111 0.998019
 0.439929 0.798105 0.95214 0.990111 0.998019
 0.439929 0.798105 0.95214 0.990111 0.998019
 0.439929 0.798105 0.95214 0.990111 0.998019
 0.439929 0.798105 0.95214 0.990111 0.998019
 0.439929 0.798105 0.95214 0.990111 0.998019
 0.439929 0.798105 0.95214 0.990111 0.998019
 0.439929 0.798105 0.95214 0.990111 0.998019
 0.439929 0.798105 0.95214 0.990111 0.998019
 0.439929 0.798105 0.95214 0.990111 0.998019
 0.439929 0.798105 0.95214 0.990111 0.998019
 0.439929 0.798105 0.95214 0.990111 0.998019
 0.439929 0.798105 0.95214 0.990111 0.998019
 0.439929 0.798105 0.95214 0.990111 0.998019
 0.439929 0.798105 0.95214 0.990111 0.998019
 0.439929 0.798105 0.95214 0.990111 0.998019
Scru_pelaces
 0.833088 1 1 1 1
 0.833088 1 1 1 1
 0.833088 1 1 1 1
 0.833088 1 1 1 1
 0.833088 1 1 1 1
 0.833088 1 1 1 1
 0.833088 1 1 1 1
 0.833088 1 1 1 1
 0.833088 1 1 1 1
 0.833088 1 1 1 1
 0.833088 1 1 1 1
 0.833088 1 1 1 1
 0.833088 1 1 1 1
 0.833088 1 1 1 1
 0.833088 1 1 1 1
 0.833088 1 1 1 1
 0.833088 1 1 1 1
 0.833088 1 1 1 1
 0.833088 1 1 1 1
 0.833088 1 1 1 1
 0.833088 1 1 1 1
 0.833088 1 1 1 1
 0.833088 1 1 1 1
 0.833088 1 1 1 1
 0.833088 1 1 1 1
pf_obs 
 0.256992 0.487395 0.22802 0.0275931 0
 0.321318 0.546541 0.124235 0.00734118 0.000564706
 0.182869 0.594174 0.210203 0.0122559 0.00049798
 0.330522 0.361315 0.267642 0.0388342 0.00168674
 0.649043 0.306663 0.0425973 0.00169635 0
 0.582887 0.30429 0.105238 0.00758474 0
 0.465427 0.430635 0.0974691 0.00646863 0
 0.296916 0.608066 0.0921331 0.00288517 0
 0.311714 0.524322 0.152257 0.0117073 0
 0.15457 0.633149 0.183074 0.0267441 0.00246327
 0.131901 0.49318 0.331252 0.0422183 0.00144891
 0.196976 0.569456 0.194076 0.0375587 0.00193317
 0.518974 0.381816 0.0799577 0.0180837 0.00116848
 0.0928022 0.601141 0.25162 0.0475244 0.00691264
 0.122501 0.610282 0.24278 0.0234846 0.000952079
 0.383417 0.481906 0.127806 0.00687128 0
 0.0376549 0.599619 0.316969 0.0457579 0
 0.0361596 0.667082 0.258105 0.0386534 0
 0.158088 0.579412 0.248529 0.0139706 0
 0.0477256 0.309471 0.559284 0.082774 0.000745712
 0.0406174 0.521527 0.379366 0.0568643 0.0016247
 0.151134 0.462217 0.34131 0.0453401 0
 0.294876 0.26143 0.354403 0.0886775 0.000613685
 0.281977 0.475581 0.204845 0.0348837 0.00271318
 0.0841818 0.532909 0.334909 0.0458182 0.00218182
pf_pred 
 0.187428 0.559625 0.22474 0.0282 7.22692e-06
 0.270112 0.504027 0.155553 0.0624684 0.00784046
 0.0917482 0.718539 0.131007 0.0404314 0.0182747
 0.253898 0.44438 0.238699 0.0435206 0.0195022
 0.354895 0.488888 0.0930438 0.0499785 0.0131956
 0.147695 0.689798 0.123154 0.0234384 0.015914
 0.371791 0.410289 0.176369 0.0314885 0.0100617
 0.252566 0.637531 0.0717792 0.0308554 0.00726912
 0.310718 0.549826 0.11895 0.0133925 0.00711327
 0.320656 0.575604 0.0827509 0.0179025 0.0030862
 0.145364 0.707517 0.124653 0.0179206 0.00454531
 0.188258 0.552523 0.214597 0.0378084 0.00681411
 0.310497 0.513166 0.120026 0.0466172 0.00969344
 0.260635 0.659514 0.0594297 0.0139001 0.00652133
 0.302588 0.650704 0.0416639 0.00375439 0.0012901
 0.344219 0.624035 0.0296192 0.00189649 0.000229619
 0.220882 0.69155 0.0833293 0.00395514 0.000283906
 0.262524 0.576148 0.143196 0.0172546 0.000877758
 0.25102 0.598896 0.117253 0.0291419 0.00369013
 0.312085 0.535374 0.121974 0.0238803 0.00668676
 0.275779 0.602142 0.0950091 0.0216459 0.00542453
 0.240529 0.583925 0.145955 0.0230295 0.00656168
 0.285598 0.53017 0.141648 0.0354056 0.0071782
 0.224251 0.614559 0.119622 0.0319599 0.00960813
 0.0669313 0.685522 0.19611 0.0381721 0.0132646
pobs_RECLAS
 0 0 0 0 0
 0 0 0 0 0
 0 0 0 0 0
 0 0 0 0 0
 0.835266 0.146461 0.0176864 0.000547809 3.91292e-05
 0.385257 0.428462 0.181853 0.0044286 0
 0.867414 0.0963971 0.0333333 0.00285562 0
 0.441836 0.489002 0.0689373 0.000224442 0
 0.779404 0.147425 0.0564933 0.0165055 0.000172143
 0.814271 0.122319 0.05973 0.00367925 0
 0.40263 0.566651 0.0304383 0.000280538 0
 0.475488 0.404961 0.113038 0.00651328 0
 0.955842 0.0263864 0.0167828 0.000988607 0
 0.975058 0.0227948 0.00214734 0 0
 0.738997 0.206755 0.0527124 0.00153531 0
 0.850938 0.134255 0.0134407 0.00136685 0
 0.542534 0.407297 0.0501686 0 0
 0.764087 0.199537 0.0359546 0.000420521 0
 0.470689 0.182191 0.310203 0.0369168 0
 0.84361 0.089868 0.0606195 0.00523954 0.000663233
 0.607945 0.314616 0.071237 0.00620181 0
 0.523733 0.453247 0.0230204 0 0
 0.530135 0.295979 0.169645 0.0042399 0
 0.562478 0.366248 0.0663022 0.0049721 0
 0.250443 0.683176 0.0655157 0.000865301 0
ppred_RECLAS
 0.479543 0.337602 0.161744 0.0211048 5.45181e-06
 0.598332 0.260588 0.0959442 0.0400668 0.00506898
 0.3096 0.523378 0.113842 0.0365348 0.0166454
 0.569361 0.23698 0.151862 0.0287922 0.0130052
 0.682183 0.229037 0.0520026 0.0290472 0.00773048
 0.419536 0.452076 0.0962898 0.0190564 0.0130421
 0.70155 0.182125 0.0933995 0.0173403 0.00558512
 0.590457 0.338852 0.0455144 0.0203453 0.00483137
 0.658452 0.261824 0.0675758 0.00791173 0.00423578
 0.66215 0.277655 0.0476206 0.0107132 0.00186159
 0.423504 0.461329 0.0969655 0.014496 0.00370609
 0.493389 0.323989 0.150122 0.0275038 0.00499653
 0.678026 0.227487 0.0634765 0.0256371 0.00537348
 0.684991 0.274873 0.0295497 0.00718707 0.00339879
 0.739279 0.24007 0.0183381 0.00171837 0.00059519
 0.708293 0.274973 0.0155703 0.00103671 0.000126523
 0.553766 0.387571 0.0557143 0.00274988 0.000198967
 0.598086 0.300931 0.0892286 0.0111805 0.000573307
 0.580826 0.322036 0.0752171 0.0194399 0.00248127
 0.653004 0.258421 0.0702393 0.0143 0.00403613
 0.605623 0.316998 0.0596711 0.014137 0.00357107
 0.559486 0.323628 0.0965046 0.0158342 0.00454761
 0.616362 0.27045 0.0862031 0.0224062 0.00457896
 0.539959 0.349501 0.0811588 0.0225483 0.00683286
 0.2242 0.540792 0.184565 0.0373576 0.0130853
pobs_PELACES
 0 0 0 0 0
 0 0 0 0 0
 0 0 0 0 0
 0 0 0 0 0
 0 0 0 0 0
 0 0 0 0 0
 0 0 0 0 0
 0 0 0 0 0
 0 0 0 0 0
 0 0 0 0 0
 0.450072 0.473896 0.0757376 0.000293798 0
 0 0 0 0 0
 0.463077 0.371075 0.160297 0.00555027 0
 0.529543 0.364841 0.0842815 0.0213345 0
 0.631943 0.363953 0.00410389 0 0
 0.735681 0.248677 0.0153453 0.000297389 0
 0.695825 0.281241 0.0229344 0 0
 0.275771 0.60734 0.115278 0.00161068 0
 0 0 0 0 0
 0.896147 0.0623911 0.0374545 0.00400742 0
 0.803859 0.145111 0.0509908 3.86294e-05 0
 0.739449 0.233085 0.0266225 0.000797448 4.60066e-05
 0.878498 0.100942 0.0204185 0.000141795 0
 0.694673 0.275183 0.0284847 0.00165964 0
 0.469039 0.446079 0.0841089 0.000773354 0
ppred_PELACES
 0.632328 0.253219 0.10169 0.01276 3.27004e-06
 0.741838 0.178274 0.055019 0.0220951 0.00277317
 0.504316 0.392147 0.0714979 0.0220657 0.00997354
 0.709864 0.172806 0.0928228 0.0169239 0.00758381
 0.777447 0.16866 0.0320989 0.0172419 0.00455232
 0.584234 0.336493 0.0600764 0.0114336 0.00776308
 0.816656 0.119744 0.0514737 0.00918996 0.00293654
 0.742702 0.219465 0.0247094 0.0106217 0.00250234
 0.800198 0.159378 0.0344802 0.0038821 0.00206193
 0.785094 0.182089 0.0261778 0.00566334 0.000976302
 0.604938 0.327055 0.0576218 0.00828392 0.00210111
 0.676366 0.220286 0.0855577 0.0150739 0.00271672
 0.843469 0.116499 0.0272483 0.0105831 0.00220061
 0.883913 0.10355 0.00933101 0.00218245 0.00102391
 0.912498 0.0816415 0.00522742 0.00047105 0.000161864
 0.844044 0.148406 0.00704397 0.000451018 5.46074e-05
 0.719265 0.249182 0.0300256 0.00142513 0.000102298
 0.747034 0.197628 0.0491183 0.00591858 0.000301084
 0.725726 0.219314 0.0429376 0.0106717 0.00135132
 0.786353 0.166272 0.0378818 0.00741656 0.00207672
 0.725213 0.228467 0.0360487 0.00821298 0.00205819
 0.69302 0.236024 0.0589953 0.00930859 0.00265225
 0.746846 0.18787 0.0501941 0.0125462 0.00254365
 0.681541 0.252288 0.0491069 0.0131201 0.00394431
 0.349566 0.477871 0.136707 0.0266094 0.00924667
pobs_pel_tallas
 0 0 0 0 0 0 0 0 0 0 0 0 0 0 0 0 0 0 0 0 0 0 0 0 0 0 0 0 0 0 0 0 0 0 0 0
 0 0 0 0 0 0 0 0 0 0 0 0 0 0 0 0 0 0 0 0 0 0 0 0 0 0 0 0 0 0 0 0 0 0 0 0
 0 0 0 0 0 0 0 0 0 0 0 0 0 0 0 0 0 0 0 0 0 0 0 0 0 0 0 0 0 0 0 0 0 0 0 0
 0 0 0 0 0 0 0 0 0 0 0 0 0 0 0 0 0 0 0 0 0 0 0 0 0 0 0 0 0 0 0 0 0 0 0 0
 0 0 0 0 0 0 0 0 0 0 0 0 0 0 0 0 0 0 0 0 0 0 0 0 0 0 0 0 0 0 0 0 0 0 0 0
 0 0 0 0 0 0 0 0 0 0 0 0 0 0 0 0 0 0 0 0 0 0 0 0 0 0 0 0 0 0 0 0 0 0 0 0
 0 0 0 0 0 0 0 0 0 0 0 0 0 0 0 0 0 0 0 0 0 0 0 0 0 0 0 0 0 0 0 0 0 0 0 0
 0 0 0 0 0 0 0 0 0 0 0 0 0 0 0 0 0 0 0 0 0 0 0 0 0 0 0 0 0 0 0 0 0 0 0 0
 0 0 0 0 0 0 0 0 0 0 0 0 0 0 0 0 0 0 0 0 0 0 0 0 0 0 0 0 0 0 0 0 0 0 0 0
 0 0 0 0 0 0 0 0 0 0 0 0 0 0 0 0 0 0 0 0 0 0 0 0 0 0 0 0 0 0 0 0 0 0 0 0
 0 0 0 0 0 0 0 0 1.78061e-05 0.00172719 0.00360574 0.0105946 0.0120993 0.0124554 0.0147524 0.0171206 0.0266825 0.0428682 0.0675386 0.121331 0.153587 0.119568 0.100827 0.0573624 0.0630603 0.0341343 0.0324427 0.0444173 0.0211091 0.0280891 0.0125444 0.00206551 0 0 0 0
 0 0 0 0 0 0 0 0 0 0 0 0 0 0 0 0 0 0 0 0 0 0 0 0 0 0 0 0 0 0 0 0 0 0 0 0
 0 0 0 0 0 0 0.0133647 0.0140871 0.0187388 0.0205184 0.03894 0.0496705 0.03968 0.0493445 0.0407372 0.0367815 0.0215668 0.0243155 0.0234873 0.0199281 0.019796 0.0243948 0.0301388 0.0376714 0.0412746 0.0863199 0.0771752 0.113111 0.0741005 0.0525337 0.0229764 0.00759418 0.00175318 0 0 0
 0 0 0 0 0 0 0 0 0 0 0.00219441 0.00772107 0.0458388 0.0604681 0.0671733 0.0775358 0.0609151 0.0617685 0.073594 0.0568108 0.0755445 0.0548602 0.0670107 0.0636378 0.0643287 0.046367 0.0373049 0.0286899 0.0247887 0.0153202 0.00654259 0.00121912 0.000365735 0 0 0
 0 0 0 0 0 0 0 0 0 0 0 0 0.000112435 0.00938835 0.0111873 0.0202946 0.0414886 0.0713402 0.111592 0.104902 0.108894 0.110636 0.117776 0.105296 0.107544 0.0401394 0.0192827 0.0124803 0.00416011 0.0028671 0.000618394 0 0 0 0 0
 0 0 0 0 0 0 0 0 0 0 0.00291406 0.0102884 0.027416 0.0768956 0.0749926 0.110853 0.0956884 0.0897413 0.0766577 0.0534642 0.0500743 0.0551293 0.0594112 0.0620874 0.0668451 0.0424026 0.0208742 0.0120726 0.0048766 0.00582813 0.00118941 0.000297354 0 0 0 0
 0 0.00264628 0.0354308 0.0461629 0.0458689 0.0383711 0.0214643 0.0164657 0.0346957 0.0420465 0.0363128 0.0245516 0.0311673 0.0291091 0.0169068 0.0133784 0.00837989 0.0085269 0.0148486 0.0160247 0.0276389 0.0546898 0.0760071 0.122758 0.109233 0.0665981 0.0333725 0.0166128 0.00676272 0.00308733 0.000882094 0 0 0 0 0
 0 0 0 0 0 0 0 0.000805153 0.000690131 0.00759144 0.0133425 0.0154129 0.00931677 0.000345066 0.00356568 0.00563607 0.00851162 0.0253048 0.0502646 0.0516448 0.0657925 0.0565908 0.0611916 0.0827007 0.0866115 0.110766 0.145733 0.0935128 0.0569358 0.0249597 0.0138026 0.00621118 0.00161031 0.00115022 0 0
 0 0 0 0 0 0 0 0 0 0 0 0 0 0 0 0 0 0 0 0 0 0 0 0 0 0 0 0 0 0 0 0 0 0 0 0
 0.00147267 0.00158595 0.00478618 0.00569244 0.00954404 0.0108468 0.00647125 0.017049 0.0510054 0.094081 0.124002 0.0959785 0.0687766 0.0820023 0.061753 0.0591476 0.0492212 0.0479892 0.0443925 0.0268479 0.0217502 0.0140895 0.0121071 0.0120363 0.00920419 0.00665534 0.0049561 0.00860946 0.00930331 0.0156896 0.0114698 0.00855282 0.00243557 0.00046729 0 2.83206e-05
 0 0 0 0 0.000772559 0.00158375 0.000888443 0.00281984 0.00712685 0.0440552 0.0773331 0.111326 0.0921469 0.0852325 0.0710754 0.0886704 0.0786465 0.0553345 0.0373146 0.0185414 0.00753245 0.00457741 0.012979 0.0271748 0.0457355 0.0583668 0.034881 0.0177882 0.00938659 0.00492506 0.0015258 0.00185414 0.000309023 5.79419e-05 3.86279e-05 0
 0 0.00173294 0.00326652 0 0.00397197 0.00683976 0.00946217 0.0152591 0.00757587 0.0136028 0.0228656 0.0392903 0.0559909 0.0764795 0.0681675 0.0726916 0.0566044 0.0477403 0.0527397 0.0444891 0.0609904 0.0582453 0.0661739 0.0445044 0.0529084 0.0360697 0.0280645 0.0235558 0.0158879 0.00826598 0.00280645 0.00217768 0.000904811 0.00058276 9.20147e-05 0
 0 0 0 0 0 0 0 0 0 0 0 0 0 0 0 0 0 0 0 0 0 0 0 0 0 0 0 0 0 0 0 0 0 0 0 0
 0 0 0 0 0 0 0 0 0 0 0 0 0 0 0 0 0 0 0 0 0 0 0 0 0 0 0 0 0 0 0 0 0 0 0 0
 0 0 0 0 0 0 0 0 0 0 0 0 0 0 0 0 0 0 0 0 0 0 0 0 0 0 0 0 0 0 0 0 0 0 0 0
ppred_pel_tallas
 1.01965e-16 2.75956e-05 0.000161948 0.000769793 0.00296369 0.00924194 0.0233445 0.0477669 0.0791824 0.10635 0.115757 0.102171 0.0732781 0.0430506 0.0214269 0.0103508 0.00686503 0.00746463 0.0099854 0.0134307 0.0173057 0.0212123 0.0247368 0.0274816 0.0291423 0.0295713 0.0288044 0.0270374 0.0245669 0.0217147 0.0187625 0.0159144 0.0132895 0.010938 0.00886745 0.00706634
 1.01728e-16 3.23676e-05 0.000189971 0.000903034 0.00347673 0.0108419 0.0273857 0.0560348 0.0928842 0.124742 0.135746 0.119742 0.0857259 0.0500514 0.0243306 0.0107864 0.00589124 0.00548912 0.00702991 0.00938399 0.012071 0.0147805 0.017218 0.0191073 0.0202403 0.0205205 0.0199808 0.0187652 0.0170856 0.0151672 0.0132026 0.0113252 0.00960612 0.00806712 0.00670181 0.00549401
 1.02367e-16 2.20192e-05 0.000129197 0.000614064 0.00236405 0.00737195 0.0186213 0.0381038 0.0631696 0.0848604 0.0924116 0.0816722 0.0588096 0.0350197 0.0183002 0.0102839 0.00869204 0.0107827 0.0148279 0.019949 0.0255733 0.0311234 0.0359672 0.039506 0.0413017 0.041177 0.0392524 0.0359025 0.0316527 0.0270514 0.0225597 0.0184875 0.0149835 0.0120661 0.00967432 0.00771636
 1.0231e-16 3.09732e-05 0.000181785 0.000864118 0.00332689 0.0103746 0.0262054 0.0536199 0.0888813 0.119367 0.129898 0.114588 0.0820449 0.0479207 0.0233305 0.0104065 0.00577981 0.00548179 0.00708126 0.00950607 0.0123036 0.0151803 0.0178521 0.0200457 0.0215446 0.0222319 0.0221086 0.0212796 0.0199167 0.0182112 0.0163333 0.0144102 0.0125226 0.0107158 0.00901518 0.00743925
 1.01316e-16 3.39198e-05 0.000199085 0.000946366 0.00364357 0.0113622 0.0286999 0.0587237 0.0973406 0.130725 0.142251 0.125469 0.089799 0.0523754 0.0253587 0.0110676 0.00579338 0.00517036 0.00651979 0.00865887 0.0110947 0.0135222 0.0156604 0.0172508 0.0181041 0.0181421 0.0174123 0.0160701 0.0143347 0.0124345 0.0105609 0.0088419 0.00733836 0.00605795 0.00497696 0.00406088
 1.01719e-16 2.55017e-05 0.000149648 0.000711301 0.00273845 0.00853953 0.0215704 0.0441375 0.0731689 0.0982822 0.106999 0.094496 0.0678946 0.0401306 0.0204231 0.0106092 0.00799488 0.00936479 0.0127111 0.0170598 0.0218503 0.0265693 0.03067 0.0336372 0.0350957 0.0348955 0.033144 0.0301684 0.0264265 0.0223963 0.0184807 0.0149512 0.0119385 0.00945914 0.00745825 0.00585225
 1.01223e-16 3.56276e-05 0.000209116 0.000994062 0.00382723 0.0119349 0.0301465 0.0616832 0.102245 0.137306 0.149399 0.131742 0.0942203 0.0548161 0.0262828 0.0110324 0.00514707 0.00402683 0.00486113 0.00643563 0.00828871 0.0101799 0.0119048 0.0132744 0.0141434 0.0144391 0.014174 0.0134345 0.0123541 0.0110778 0.00973262 0.00841062 0.00716608 0.0060233 0.00498895 0.00406269
 1.00905e-16 3.24068e-05 0.000190198 0.000904105 0.00348084 0.0108547 0.027418 0.0561013 0.0929955 0.124895 0.135921 0.119917 0.0858956 0.0502399 0.0245881 0.0111796 0.00649422 0.00637565 0.00826139 0.0109924 0.0140396 0.0170281 0.0195939 0.0214023 0.0222135 0.0219383 0.0206576 0.0185967 0.0160661 0.013387 0.0108272 0.00856439 0.00667927 0.00517386 0.00400118 0.00309475
 1.00772e-16 3.49115e-05 0.000204908 0.000974051 0.00375017 0.0116946 0.0295395 0.0604415 0.100188 0.134547 0.146407 0.129126 0.0923977 0.0538537 0.0260042 0.011229 0.00570374 0.00492929 0.00614653 0.0081417 0.0104178 0.0126771 0.0146501 0.01609 0.0168166 0.0167554 0.0159535 0.0145621 0.0127949 0.0108766 0.00899811 0.00728997 0.00581791 0.00459435 0.00359829 0.00279448
 1.00672e-16 3.42538e-05 0.000201045 0.000955679 0.00367942 0.011474 0.0289823 0.0593016 0.0982989 0.132013 0.143655 0.126713 0.0907014 0.0529263 0.0256709 0.0112802 0.00601202 0.00545781 0.00690862 0.00916036 0.0116994 0.0141971 0.0163476 0.0178712 0.0185669 0.0183576 0.0173075 0.0156007 0.013493 0.0112501 0.00909543 0.00717909 0.00557203 0.00428036 0.00326941 0.00248738
 1.01308e-16 2.64041e-05 0.000154946 0.000736494 0.00283545 0.00884203 0.0223345 0.0457008 0.0757598 0.10176 0.11078 0.0978227 0.0702573 0.0414717 0.0210032 0.0107436 0.00789337 0.00911522 0.0123281 0.0165304 0.0211588 0.0257087 0.029646 0.0324691 0.033813 0.0335332 0.0317372 0.0287474 0.0250149 0.0210111 0.0171344 0.0136547 0.0107037 0.00829932 0.00638768 0.00488444
 1.01932e-16 2.95145e-05 0.000173217 0.000823373 0.00317 0.00988531 0.0249696 0.0510916 0.0846921 0.113745 0.123794 0.109234 0.0782791 0.045857 0.022579 0.0105001 0.0064329 0.00661036 0.0087137 0.0116947 0.0150676 0.0184739 0.0215524 0.0239583 0.025428 0.0258339 0.0252074 0.023718 0.0216217 0.0191952 0.0166796 0.0142476 0.0119987 0.00997287 0.00817482 0.0065943
 1.00892e-16 3.67966e-05 0.000215979 0.00102669 0.00395286 0.0123267 0.0311361 0.063708 0.105601 0.141812 0.1543 0.136057 0.0972937 0.056578 0.0270779 0.0112788 0.00512741 0.00386605 0.00458618 0.00603056 0.00772347 0.00942244 0.0109271 0.0120571 0.0126796 0.0127376 0.0122609 0.0113532 0.0101631 0.00884674 0.00753606 0.00632085 0.00524603 0.0043207 0.00353258 0.00286155
 1.0029e-16 3.85596e-05 0.00022633 0.00107591 0.00414236 0.0129176 0.0326288 0.066762 0.110662 0.148607 0.161688 0.14256 0.101917 0.0592128 0.0282372 0.0115844 0.00499549 0.00347459 0.00396811 0.00516027 0.00656356 0.00794432 0.0091199 0.00993093 0.010265 0.0100819 0.0094228 0.00839778 0.00715743 0.00585729 0.00462708 0.00355263 0.00267262 0.00198693 0.00147093 0.00108979
 1.00125e-16 3.98051e-05 0.000233645 0.00111069 0.00427628 0.0133352 0.0336836 0.0689201 0.114239 0.153407 0.166905 0.147145 0.105163 0.0610342 0.0289847 0.011681 0.00471515 0.00292143 0.00314654 0.00404192 0.00512672 0.00619337 0.00709331 0.00770036 0.00792664 0.00774195 0.00718107 0.00633368 0.00532165 0.00427054 0.00328498 0.00243406 0.0017485 0.00122725 0.00084897 0.000583561
 1.00167e-16 3.68229e-05 0.000216131 0.00102741 0.00395561 0.0123352 0.0311578 0.0637525 0.105675 0.141914 0.154418 0.136178 0.0974148 0.0567186 0.027276 0.0115849 0.00559876 0.00456016 0.00555167 0.00729367 0.00927274 0.0111963 0.0128098 0.0138864 0.0142675 0.0138998 0.0128488 0.01128 0.00941745 0.00749159 0.00569412 0.00415118 0.00291809 0.00199157 0.00133068 0.000878273
 1.00562e-16 3.13861e-05 0.000184202 0.000875596 0.00337106 0.0105123 0.0265534 0.0543324 0.0900643 0.120961 0.131649 0.116169 0.0832557 0.0487865 0.0240457 0.0112178 0.00690918 0.0071045 0.0093213 0.0124201 0.0158525 0.0192036 0.0220597 0.0240394 0.0248697 0.02445 0.0228753 0.020407 0.0174052 0.0142437 0.0112366 0.00859456 0.00641617 0.0047075 0.00341516 0.00245986
 1.0098e-16 3.2595e-05 0.000191304 0.000909368 0.00350111 0.0109179 0.0275777 0.0564279 0.0935362 0.125619 0.136704 0.120597 0.0863572 0.0504596 0.0246024 0.0110302 0.00619584 0.00591584 0.00761762 0.0101504 0.0130078 0.0158472 0.018339 0.0201767 0.0211341 0.0211151 0.0201732 0.0184902 0.0163265 0.013957 0.0116168 0.00946855 0.00759681 0.00602181 0.00472329 0.00366332
 1.01111e-16 3.16666e-05 0.000185852 0.000883445 0.00340129 0.0106066 0.0267915 0.0548193 0.0908706 0.122041 0.132817 0.117183 0.0839461 0.0491177 0.024073 0.0110042 0.00647647 0.00643312 0.00837436 0.0111699 0.0143021 0.0174009 0.0201031 0.0220712 0.0230586 0.0229652 0.0218573 0.0199447 0.0175223 0.0148994 0.0123372 0.0100134 0.00801551 0.00635754 0.00500804 0.00391668
 1.00944e-16 3.43081e-05 0.000201365 0.000957204 0.0036853 0.0114923 0.0290286 0.0593962 0.0984553 0.132221 0.143879 0.126902 0.0908191 0.0529594 0.0256208 0.0111467 0.00578381 0.00511472 0.00642938 0.00853237 0.0109278 0.0133111 0.0154029 0.0169459 0.017751 0.0177392 0.0169566 0.0155572 0.0137602 0.011796 0.00986018 0.00808694 0.00654397 0.00524507 0.00417056 0.00328695
 1.00965e-16 3.16447e-05 0.000185722 0.000882825 0.0033989 0.0105991 0.0267727 0.0547809 0.0908072 0.121957 0.132727 0.117108 0.0839028 0.0491128 0.0241085 0.0110836 0.0066085 0.00663051 0.00864958 0.01153 0.0147439 0.0179068 0.0206405 0.0225946 0.0235158 0.0233051 0.0220399 0.0199476 0.0173447 0.0145612 0.0118745 0.00947132 0.00744087 0.00579238 0.00448512 0.00345767
 1.01359e-16 3.02412e-05 0.000177482 0.000843649 0.00324806 0.0101287 0.0255845 0.0523499 0.086778 0.116547 0.126845 0.11193 0.0802186 0.0470082 0.023173 0.0108195 0.00668147 0.00689591 0.00907934 0.0121449 0.0155772 0.0189889 0.0219912 0.024219 0.0254024 0.0254259 0.0243515 0.0223941 0.0198613 0.0170776 0.01432 0.0117797 0.00955531 0.00766994 0.00609989 0.00480165
 1.01324e-16 3.25863e-05 0.000191254 0.000909134 0.00350021 0.0109151 0.0275706 0.0564133 0.0935118 0.125585 0.136665 0.120557 0.0863181 0.0504145 0.0245392 0.0109326 0.0060451 0.00569296 0.00730596 0.00973989 0.0124998 0.0152588 0.0177046 0.0195464 0.0205678 0.0206741 0.01991 0.0184406 0.0165039 0.0143516 0.0121984 0.0101927 0.00841152 0.00687458 0.00556657 0.00445831
 1.01415e-16 2.97413e-05 0.000174546 0.000829686 0.00319429 0.00996107 0.025161 0.0514835 0.0853424 0.114621 0.124753 0.110095 0.0789271 0.0462993 0.0229122 0.0108457 0.00689546 0.00726679 0.00961422 0.0128587 0.0164733 0.0200489 0.0231715 0.0254537 0.0266123 0.0265317 0.025288 0.0231209 0.0203681 0.0173829 0.0144636 0.0118121 0.00952696 0.0076233 0.00606448 0.00479324
 1.03443e-16 1.5275e-05 8.95946e-05 0.000425772 0.00163904 0.00511102 0.0129105 0.0264198 0.043806 0.0588673 0.0641569 0.0568234 0.0411833 0.025059 0.0140772 0.0094688 0.00975403 0.0131077 0.0183505 0.0248046 0.0319001 0.0389684 0.0452452 0.0499932 0.0526597 0.0529988 0.0511188 0.0474331 0.0425415 0.0370805 0.0315945 0.0264618 0.021882 0.0179107 0.014515 0.011627
pSPR Fmed_Fpbrs
0.423717   0.353718 0.353718
Fs Fmed_Fpbrs
0.73965   1.005 1.005
SSBpbr Bo_Bmed_Bpbrs
774313  289374  235173 235173
Ro
27446.7
SPR SPRFo_SPRFmed_SPRFpbrs
564381 239138 199632
log_Ro
10.04
likeval ReclasPelacesDesembMPH_pf_preclas_ppelaces_ptallas_desvR_qrecl_qpela
 68.2272 14.2636 0.057156 0.000176472 320.701 187.344 81.7376 0 19.5152 4.11662e-06 0.000106246 0 0 0 0
q_reclas_q_pelaces
1.3331 4.33386
M
0.7
N
 28892.3 14098 5661.62 710.413 0.18206
 42258.8 13358 4122.54 1655.57 207.792
 11914 19259 3511.38 1083.68 489.817
 18013.6 4982.1 2676.14 487.925 218.646
 43989.1 8438.63 1606.02 862.673 227.768
 26319.5 21600.9 3856.56 733.971 498.346
 64966.3 11815.7 5079.16 906.818 289.763
 64720.9 29936 3370.47 1448.85 341.33
 85426.6 28547 6175.9 695.341 369.321
 122650 37191.6 5346.8 1156.74 199.409
 60283.8 55960.1 9859.27 1417.4 359.506
 46650.4 26131.6 10149.4 1788.16 322.274
 53259.6 20215.4 4728.23 1836.42 381.859
 27657.4 21133.7 1904.39 445.421 208.972
 13819.7 9329.05 597.33 53.8262 18.496
 11934.8 4535.67 215.281 13.7842 1.66894
 8273.63 4954.45 596.993 28.3357 2.03398
 9116.67 3581.93 890.251 107.272 5.45705
 9905.87 4061.08 795.085 197.61 25.0226
 14882.8 4488.36 1022.58 200.203 56.0591
 20058.5 6680.25 1054.04 240.143 60.1804
 25031.6 9524.71 2380.75 375.647 107.031
 39140.4 11763.2 3142.84 785.568 159.268
 40817.9 18163.1 3535.39 944.566 283.966
 11254.1 18919.8 5412.46 1053.52 366.092
pred_Ctot
 1438.93 4296.36 1725.38 216.498 0.0554827
 2512.27 4687.88 1446.77 581.01 72.923
 1366.41 10701.2 1951.09 602.145 272.166
 736.23 1288.57 692.158 126.197 56.5507
 352.754 485.938 92.4825 49.677 13.116
 1826.92 8532.46 1523.36 289.922 196.849
 3382.18 3732.39 1604.43 286.45 91.5314
 5238.38 13222.8 1488.75 639.962 150.766
 7631.89 13504.9 2921.67 328.949 174.717
 7198.38 12921.7 1857.67 401.89 69.2818
 5552.97 27027.4 4761.78 684.571 173.632
 4306.66 12639.7 4909.19 864.919 155.882
 7796.26 12885.1 3013.72 1170.51 243.392
 6522.77 16505.3 1487.31 347.871 163.206
 3450.93 7421.09 475.165 42.8178 14.7132
 1422.61 2579.06 122.412 7.83794 0.948986
 768.744 2406.83 290.014 13.7652 0.988087
 679.296 1490.82 370.527 44.6472 2.27125
 627.132 1496.25 292.937 72.8065 9.21921
 1034.73 1775.06 404.412 79.1763 22.1703
 633.152 1382.44 218.128 49.6962 12.454
 969.154 2352.78 588.088 92.7916 26.4387
 1851.42 3436.88 918.247 229.52 46.5334
 1962.59 5378.46 1046.9 279.704 84.0878
 573.644 5875.35 1680.79 327.159 113.686
F
 0.0714596 0.529564 0.529564 0.529564 0.529564
 0.0858367 0.636108 0.636108 0.636108 0.636108
 0.171861 1.2736 1.2736 1.2736 1.2736
 0.0583071 0.432094 0.432094 0.432094 0.432094
 0.0112059 0.0830435 0.0830435 0.0830435 0.0830435
 0.10088 0.74759 0.74759 0.74759 0.74759
 0.0748077 0.554375 0.554375 0.554375 0.554375
 0.118532 0.878405 0.878405 0.878405 0.878405
 0.131574 0.975053 0.975053 0.975053 0.975053
 0.0846983 0.627671 0.627671 0.627671 0.627671
 0.135916 1.00723 1.00723 1.00723 1.00723
 0.136235 1.0096 1.0096 1.0096 1.0096
 0.22431 1.66229 1.66229 1.66229 1.66229
 0.38676 2.86615 2.86615 2.86615 2.86615
 0.414125 3.06894 3.06894 3.06894 3.06894
 0.179177 1.32782 1.32782 1.32782 1.32782
 0.137172 1.01654 1.01654 1.01654 1.01654
 0.108655 0.805208 0.805208 0.805208 0.805208
 0.0916405 0.679118 0.679118 0.679118 0.679118
 0.101051 0.748853 0.748853 0.748853 0.748853
 0.0447652 0.331741 0.331741 0.331741 0.331741
 0.0551587 0.408763 0.408763 0.408763 0.408763
 0.0677612 0.502156 0.502156 0.502156 0.502156
 0.0689128 0.51069 0.51069 0.51069 0.51069
 0.073192 0.542402 0.542402 0.542402 0.542402
YTP_r0W_actual
 6424.81 129258 55466 13446.2 4865.78
YTP_p0W_proyectada
 14507 53610.1 82189.8 30671.6 8790.03
 14507 83093.3 14207.4 19488.8 7527.61
CTP_r0_actual
 573.644 5875.35 1680.79 327.159 113.686
CTP_p0_proyectada
 1706.71 2505.15 2634.29 753.603 189.033
 1706.71 3882.87 455.367 478.841 161.884
Wmedp
 8.5 21.4 31.2 40.7 46.5
nmprior
 10.6 11 7 0
nm_flota  nm_reclas  nm_pelaces    nm_pelaL
inf 30.3509 13.7035 30.0525
cv_recla  cv_pelaces  cv_mph
0.747143 0.42824 0.430999
 ------------------------------------------------
Talla a la edad & desviaci?n 
 7.2 14.2025 17.0495 18.207 18.6776
 1.08 2.13037 2.55742 2.73105 2.80164
