years
 1997 1998 1999 2000 2001 2002 2003 2004 2005 2006 2007 2008 2009 2010 2011 2012 2013 2014 2015 2016 2017 2018 2019 2020 2021
reclasobs
 0 0 0 370054 412103 1.49427e+06 250295 1.28982e+06 931140 785840 897777 1.04006e+06 184774 17550 25797 100020 73551 82996 120727 218422 84188 347160 605670 569463 516374
reclaspred
 427466 122977 395285 289904 414109 490165 1.06199e+06 685104 731485 645994 502049 336104 206259 90680.5 61372.1 63139.8 81116.6 112639 121425 174934 251529 230035 400703 517498 611627
pelacesobs
 0 0 0 0 0 0 0 0 0 2.06254e+06 1.5e+06 0 1.87456e+06 323000 250000 174000 83755 137374 0 501740 490994 745055 786931 1.00524e+06 1.33801e+06
pelacespred
 1.8152e+06 438060 900081 998035 1.21698e+06 1.21858e+06 2.91992e+06 2.38771e+06 2.22589e+06 1.99363e+06 1.38009e+06 954161 570042 200203 134160 151805 205750 295081 327116 457139 739991 663313 905983 1.38613e+06 1.66482e+06
mphobs
 0 0 0 0 0 112323 0 153150 637223 0 255016 313432 73983 77613 109348 50772 0 0 0 0 0 0 0 0 0
mphpred
 153368 98823.1 128622 164631 172665 261797 391556 451658 371399 359472 326653 225112 138225 71290.5 31934 27485.8 34530 48927.7 62249.4 72855.6 109242 128904 161661 232227 324817
desembarqueobs
 350755 77701 442110 56441 14545 235359 269955 359681 431902 328805 639364 411747 362871 311530 167758 66681 60226 58785 57116 73181 50977 67692 138656 160484 209506
desembarquepred
 350771 77706.8 442176 56443.8 14545.2 235412 269997 359728 432003 328876 639715 412049 363279 312015 167786 66696.9 60253.6 58789.8 57113.6 73185.6 50979.5 67689.4 138664 160498 209513
Reclutas
 53719.7 66329.9 42885.9 63756.5 104098 78648.5 118228 107222 125021 123711 65500.5 42033.4 42361.4 23045.4 16687.9 19043.2 15344.2 17574.7 20135.3 34200.4 42399 55553.1 90367 110708 51267.2
log_desv_Rt
 0.0715353 0.282396 -0.153701 0.242827 0.733088 0.452743 0.860369 0.762655 0.916237 0.905705 0.269812 -0.173781 -0.166006 -0.774779 -1.09756 -0.965535 -1.18151 -1.04578 -0.909768 -0.380007 -0.16512 0.105095 0.591634 0.794648 0.0248064
SSB
 612944 394952 514046 657958 690066 1.04629e+06 1.56487e+06 1.80508e+06 1.48432e+06 1.43665e+06 1.30548e+06 899674 552425 284916 127626 109849 138001 195542 248783 291171 436592 515172 646088 928106 1.29815e+06
BT
 2.19699e+06 573134 1.17354e+06 1.07457e+06 1.25416e+06 1.41355e+06 3.1824e+06 2.83845e+06 2.67284e+06 2.34782e+06 1.98132e+06 1.34499e+06 936154 499826 279123 210310 260164 348578 380877 527545 798591 733906 1.01666e+06 1.54533e+06 1.84596e+06
Ftot
 0.603808 0.458797 0.638249 0.114003 0.0227944 0.233054 0.141933 0.293771 0.339991 0.284529 0.606299 0.554101 0.884291 1.68458 1.76865 0.706446 0.483632 0.311567 0.255628 0.260201 0.122893 0.158552 0.188912 0.182498 0.162222
BD_Bspro_t
 0.939836 0.739904 0.709158 0.594141 0.720185 0.836668 0.806267 0.810415 0.752474 0.70906 0.665716 0.506536 0.392154 0.27888 0.163291 0.172272 0.270808 0.425775 0.542823 0.636325 0.742902 0.817462 0.824224 0.830525 0.836722
BD_Bspro
 0.596035 0.384057 0.499865 0.639807 0.67103 1.01742 1.52171 1.75528 1.44337 1.39702 1.26947 0.874855 0.537185 0.277057 0.124105 0.106818 0.134194 0.190148 0.24192 0.283139 0.424548 0.50096 0.628265 0.902503 1.26234
BD_Bo
 0.511176 0.329377 0.428698 0.548716 0.575493 0.87257 1.30506 1.50538 1.23787 1.19812 1.08873 0.750299 0.460704 0.237611 0.106436 0.0916102 0.115088 0.163076 0.207477 0.242828 0.364104 0.429637 0.538816 0.774011 1.08261
BD_Brms
 0.92941 0.598868 0.77945 0.997665 1.04635 1.58649 2.37283 2.73705 2.25068 2.1784 1.97951 1.36418 0.837644 0.43202 0.19352 0.166564 0.209252 0.296502 0.377231 0.441505 0.662007 0.781158 0.979666 1.40729 1.96839
S_f
 0.152217 0.777874 0.985571 0.99925 0.999962
 0.152217 0.777874 0.985571 0.99925 0.999962
 0.152217 0.777874 0.985571 0.99925 0.999962
 0.152217 0.777874 0.985571 0.99925 0.999962
 0.152217 0.777874 0.985571 0.99925 0.999962
 0.152217 0.777874 0.985571 0.99925 0.999962
 0.152217 0.777874 0.985571 0.99925 0.999962
 0.152217 0.777874 0.985571 0.99925 0.999962
 0.152217 0.777874 0.985571 0.99925 0.999962
 0.152217 0.777874 0.985571 0.99925 0.999962
 0.152217 0.777874 0.985571 0.99925 0.999962
 0.152217 0.777874 0.985571 0.99925 0.999962
 0.152217 0.777874 0.985571 0.99925 0.999962
 0.152217 0.777874 0.985571 0.99925 0.999962
 0.152217 0.777874 0.985571 0.99925 0.999962
 0.152217 0.777874 0.985571 0.99925 0.999962
 0.152217 0.777874 0.985571 0.99925 0.999962
 0.152217 0.777874 0.985571 0.99925 0.999962
 0.152217 0.777874 0.985571 0.99925 0.999962
 0.152217 0.777874 0.985571 0.99925 0.999962
 0.152217 0.777874 0.985571 0.99925 0.999962
 0.152217 0.777874 0.985571 0.99925 0.999962
 0.152217 0.777874 0.985571 0.99925 0.999962
 0.152217 0.777874 0.985571 0.99925 0.999962
 0.152217 0.777874 0.985571 0.99925 0.999962
Scru_reclas
 1 1 1 1 1
 1 1 1 1 1
 1 1 1 1 1
 1 1 1 1 1
 1 1 1 1 1
 1 1 1 1 1
 1 1 1 1 1
 1 1 1 1 1
 1 1 1 1 1
 1 1 1 1 1
 1 1 1 1 1
 1 1 1 1 1
 1 1 1 1 1
 1 1 1 1 1
 1 1 1 1 1
 1 1 1 1 1
 1 1 1 1 1
 1 1 1 1 1
 1 1 1 1 1
 1 1 1 1 1
 1 1 1 1 1
 1 1 1 1 1
 1 1 1 1 1
 1 1 1 1 1
 1 1 1 1 1
Scru_pelaces
 0.940766 1 1 1 1
 0.940766 1 1 1 1
 0.940766 1 1 1 1
 0.940766 1 1 1 1
 0.940766 1 1 1 1
 0.940766 1 1 1 1
 0.940766 1 1 1 1
 0.940766 1 1 1 1
 0.940766 1 1 1 1
 0.940766 1 1 1 1
 0.940766 1 1 1 1
 0.940766 1 1 1 1
 0.940766 1 1 1 1
 0.940766 1 1 1 1
 0.940766 1 1 1 1
 0.940766 1 1 1 1
 0.940766 1 1 1 1
 0.940766 1 1 1 1
 0.940766 1 1 1 1
 0.940766 1 1 1 1
 0.940766 1 1 1 1
 0.940766 1 1 1 1
 0.940766 1 1 1 1
 0.940766 1 1 1 1
 0.940766 1 1 1 1
pf_obs 
 0.256992 0.487395 0.22802 0.0275931 0
 0.321318 0.546541 0.124235 0.00734118 0.000564706
 0.182869 0.594174 0.210203 0.0122559 0.00049798
 0.330522 0.361315 0.267642 0.0388342 0.00168674
 0.649043 0.306663 0.0425973 0.00169635 0
 0.582887 0.30429 0.105238 0.00758474 0
 0.465427 0.430635 0.0974691 0.00646863 0
 0.296916 0.608066 0.0921331 0.00288517 0
 0.311714 0.524322 0.152257 0.0117073 0
 0.15457 0.633149 0.183074 0.0267441 0.00246327
 0.131901 0.49318 0.331252 0.0422183 0.00144891
 0.196976 0.569456 0.194076 0.0375587 0.00193317
 0.518974 0.381816 0.0799577 0.0180837 0.00116848
 0.0928022 0.601141 0.25162 0.0475244 0.00691264
 0.122501 0.610282 0.24278 0.0234846 0.000952079
 0.383417 0.481906 0.127806 0.00687128 0
 0.0376549 0.599619 0.316969 0.0457579 0
 0.0361596 0.667082 0.258105 0.0386534 0
 0.158088 0.579412 0.248529 0.0139706 0
 0.0477256 0.309471 0.559284 0.082774 0.000745712
 0.0406174 0.521527 0.379366 0.0568643 0.0016247
 0.151134 0.462217 0.34131 0.0453401 0
 0.294876 0.26143 0.354403 0.0886775 0.000613685
 0.281977 0.475581 0.204845 0.0348837 0.00271318
 0.0841818 0.532909 0.334909 0.0458182 0.00218182
pf_pred 
 0.38319 0.426506 0.170275 0.0200158 1.24497e-05
 0.31951 0.530221 0.11301 0.0334007 0.00385781
 0.187263 0.579974 0.19193 0.0308388 0.0099952
 0.272257 0.408746 0.246266 0.0601678 0.0125644
 0.294787 0.447467 0.159679 0.0759498 0.0221171
 0.171926 0.540236 0.197589 0.056198 0.0340518
 0.241836 0.379036 0.268437 0.0763467 0.0343437
 0.194014 0.490812 0.176816 0.0983761 0.0399814
 0.224528 0.426506 0.233942 0.0649754 0.0500483
 0.210735 0.475248 0.193358 0.0813198 0.0393386
 0.129068 0.505249 0.242777 0.0761378 0.0467677
 0.130473 0.406519 0.302213 0.107418 0.053377
 0.206252 0.380603 0.224319 0.124026 0.0648005
 0.194504 0.530667 0.155961 0.0651707 0.0536973
 0.283998 0.506723 0.158387 0.0292529 0.0216397
 0.358918 0.507408 0.106498 0.0207185 0.00645696
 0.234845 0.584241 0.151827 0.0232644 0.00582254
 0.245763 0.46516 0.234559 0.0458798 0.00863894
 0.240007 0.473101 0.194257 0.0753868 0.0172481
 0.312808 0.418967 0.182761 0.058154 0.02731
 0.266428 0.506858 0.151769 0.0513156 0.0236292
 0.255393 0.464923 0.20705 0.0488532 0.0237813
 0.29949 0.433221 0.181811 0.0635187 0.0219593
 0.259696 0.497353 0.164157 0.053849 0.0249448
 0.108845 0.555015 0.243519 0.0628816 0.0297392
pobs_RECLAS
 0 0 0 0 0
 0 0 0 0 0
 0 0 0 0 0
 0 0 0 0 0
 0.835266 0.146461 0.0176864 0.000547809 3.91292e-05
 0.385257 0.428462 0.181853 0.0044286 0
 0.867414 0.0963971 0.0333333 0.00285562 0
 0.441836 0.489002 0.0689373 0.000224442 0
 0.779404 0.147425 0.0564933 0.0165055 0.000172143
 0.814271 0.122319 0.05973 0.00367925 0
 0.40263 0.566651 0.0304383 0.000280538 0
 0.475488 0.404961 0.113038 0.00651328 0
 0.955842 0.0263864 0.0167828 0.000988607 0
 0.975058 0.0227948 0.00214734 0 0
 0.738997 0.206755 0.0527124 0.00153531 0
 0.850938 0.134255 0.0134407 0.00136685 0
 0.542534 0.407297 0.0501686 0 0
 0.764087 0.199537 0.0359546 0.000420521 0
 0.470689 0.182191 0.310203 0.0369168 0
 0.84361 0.089868 0.0606195 0.00523954 0.000663233
 0.607945 0.314616 0.071237 0.00620181 0
 0.523733 0.453247 0.0230204 0 0
 0.530135 0.295979 0.169645 0.0042399 0
 0.562478 0.366248 0.0663022 0.0049721 0
 0.250443 0.683176 0.0655157 0.000865301 0
ppred_RECLAS
 0.778421 0.16447 0.0511774 0.00592837 3.68461e-06
 0.720439 0.228964 0.0381869 0.0111253 0.00128403
 0.565152 0.331522 0.085421 0.0135246 0.00438014
 0.679444 0.198727 0.0943516 0.0227341 0.00474398
 0.69883 0.207403 0.0583985 0.0273959 0.00797218
 0.536781 0.326869 0.0940175 0.0263678 0.0159654
 0.647549 0.197491 0.110169 0.0309003 0.0138902
 0.576762 0.281924 0.0797765 0.0437637 0.0177732
 0.62494 0.228835 0.0984945 0.0269709 0.0207595
 0.602042 0.26246 0.0838924 0.0347884 0.0168167
 0.462967 0.343975 0.128814 0.0398097 0.0244346
 0.472129 0.28012 0.16254 0.0569384 0.0282719
 0.613768 0.210791 0.0959342 0.0522362 0.0272705
 0.60566 0.285289 0.062376 0.0256008 0.0210741
 0.715279 0.218274 0.0505156 0.00916069 0.00677015
 0.757044 0.20178 0.0329046 0.00630687 0.00196403
 0.628658 0.299086 0.0607805 0.00918003 0.00229584
 0.648003 0.23677 0.0937456 0.0180793 0.00340175
 0.639934 0.244192 0.0788176 0.0301603 0.00689553
 0.719904 0.186615 0.063985 0.0200755 0.00942094
 0.666466 0.246917 0.0582544 0.019425 0.00893815
 0.65744 0.232719 0.0816128 0.0189899 0.00923746
 0.705873 0.198277 0.0654919 0.0225632 0.00779481
 0.660334 0.245645 0.06382 0.0206448 0.0095565
 0.406126 0.402614 0.139098 0.0354209 0.0167398
pobs_PELACES
 0 0 0 0 0
 0 0 0 0 0
 0 0 0 0 0
 0 0 0 0 0
 0 0 0 0 0
 0 0 0 0 0
 0 0 0 0 0
 0 0 0 0 0
 0 0 0 0 0
 0 0 0 0 0
 0.450072 0.473896 0.0757376 0.000293798 0
 0 0 0 0 0
 0.463077 0.371075 0.160297 0.00555027 0
 0.529543 0.364841 0.0842815 0.0213345 0
 0.631943 0.363953 0.00410389 0 0
 0.735681 0.248677 0.0153453 0.000297389 0
 0.695825 0.281241 0.0229344 0 0
 0.275771 0.60734 0.115278 0.00161068 0
 0 0 0 0 0
 0.896147 0.0623911 0.0374545 0.00400742 0
 0.803859 0.145111 0.0509908 3.86294e-05 0
 0.739449 0.233085 0.0266225 0.000797448 4.60066e-05
 0.878498 0.100942 0.0204185 0.000141795 0
 0.694673 0.275183 0.0284847 0.00165964 0
 0.469039 0.446079 0.0841089 0.000773354 0
ppred_PELACES
 0.790951 0.156819 0.0468184 0.00540866 3.36112e-06
 0.7283 0.2238 0.0361702 0.0105159 0.00121356
 0.584956 0.319712 0.078852 0.0124486 0.00403106
 0.67188 0.204028 0.0961147 0.023147 0.00483001
 0.686946 0.215695 0.0606384 0.0284437 0.00827707
 0.534748 0.329873 0.0933782 0.026161 0.0158393
 0.641269 0.201886 0.111531 0.0312622 0.0140524
 0.578339 0.28281 0.078432 0.0429691 0.0174493
 0.629232 0.228311 0.0960056 0.026249 0.0202023
 0.603108 0.263534 0.0826089 0.0342121 0.016537
 0.482702 0.336364 0.120836 0.0372422 0.0228554
 0.489949 0.275593 0.153954 0.0537958 0.026708
 0.648529 0.197244 0.0844894 0.0458213 0.0239165
 0.678594 0.239957 0.0467435 0.0190394 0.0156667
 0.777765 0.175107 0.0358988 0.00645826 0.00477096
 0.773729 0.189461 0.0294353 0.00562394 0.00175107
 0.639152 0.292509 0.0575057 0.00866647 0.00216715
 0.650347 0.236852 0.0917964 0.0176785 0.0033261
 0.639344 0.245996 0.0780208 0.029821 0.00681754
 0.719642 0.187921 0.0632939 0.0198354 0.00930767
 0.658987 0.253016 0.0591928 0.0197269 0.00907683
 0.651835 0.237364 0.082342 0.0191459 0.00931298
 0.702171 0.201636 0.0657446 0.022631 0.00781786
 0.655866 0.249754 0.064081 0.0207121 0.00958728
 0.400367 0.407998 0.1394 0.0354716 0.0167632
pobs_pel_tallas
 0 0 0 0 0 0 0 0 0 0 0 0 0 0 0 0 0 0 0 0 0 0 0 0 0 0 0 0 0 0 0 0 0 0 0 0
 0 0 0 0 0 0 0 0 0 0 0 0 0 0 0 0 0 0 0 0 0 0 0 0 0 0 0 0 0 0 0 0 0 0 0 0
 0 0 0 0 0 0 0 0 0 0 0 0 0 0 0 0 0 0 0 0 0 0 0 0 0 0 0 0 0 0 0 0 0 0 0 0
 0 0 0 0 0 0 0 0 0 0 0 0 0 0 0 0 0 0 0 0 0 0 0 0 0 0 0 0 0 0 0 0 0 0 0 0
 0 0 0 0 0 0 0 0 0 0 0 0 0 0 0 0 0 0 0 0 0 0 0 0 0 0 0 0 0 0 0 0 0 0 0 0
 0 0 0 0 0 0 0 0 0 0 0 0 0 0 0 0 0 0 0 0 0 0 0 0 0 0 0 0 0 0 0 0 0 0 0 0
 0 0 0 0 0 0 0 0 0 0 0 0 0 0 0 0 0 0 0 0 0 0 0 0 0 0 0 0 0 0 0 0 0 0 0 0
 0 0 0 0 0 0 0 0 0 0 0 0 0 0 0 0 0 0 0 0 0 0 0 0 0 0 0 0 0 0 0 0 0 0 0 0
 0 0 0 0 0 0 0 0 0 0 0 0 0 0 0 0 0 0 0 0 0 0 0 0 0 0 0 0 0 0 0 0 0 0 0 0
 0 0 0 0 0 0 0 0 0 0 0 0 0 0 0 0 0 0 0 0 0 0 0 0 0 0 0 0 0 0 0 0 0 0 0 0
 0 0 0 0 0 0 0 0 1.78061e-05 0.00172719 0.00360574 0.0105946 0.0120993 0.0124554 0.0147524 0.0171206 0.0266825 0.0428682 0.0675386 0.121331 0.153587 0.119568 0.100827 0.0573624 0.0630603 0.0341343 0.0324427 0.0444173 0.0211091 0.0280891 0.0125444 0.00206551 0 0 0 0
 0 0 0 0 0 0 0 0 0 0 0 0 0 0 0 0 0 0 0 0 0 0 0 0 0 0 0 0 0 0 0 0 0 0 0 0
 0 0 0 0 0 0 0.0133647 0.0140871 0.0187388 0.0205184 0.03894 0.0496705 0.03968 0.0493445 0.0407372 0.0367815 0.0215668 0.0243155 0.0234873 0.0199281 0.019796 0.0243948 0.0301388 0.0376714 0.0412746 0.0863199 0.0771752 0.113111 0.0741005 0.0525337 0.0229764 0.00759418 0.00175318 0 0 0
 0 0 0 0 0 0 0 0 0 0 0.00219441 0.00772107 0.0458388 0.0604681 0.0671733 0.0775358 0.0609151 0.0617685 0.073594 0.0568108 0.0755445 0.0548602 0.0670107 0.0636378 0.0643287 0.046367 0.0373049 0.0286899 0.0247887 0.0153202 0.00654259 0.00121912 0.000365735 0 0 0
 0 0 0 0 0 0 0 0 0 0 0 0 0.000112435 0.00938835 0.0111873 0.0202946 0.0414886 0.0713402 0.111592 0.104902 0.108894 0.110636 0.117776 0.105296 0.107544 0.0401394 0.0192827 0.0124803 0.00416011 0.0028671 0.000618394 0 0 0 0 0
 0 0 0 0 0 0 0 0 0 0 0.00291406 0.0102884 0.027416 0.0768956 0.0749926 0.110853 0.0956884 0.0897413 0.0766577 0.0534642 0.0500743 0.0551293 0.0594112 0.0620874 0.0668451 0.0424026 0.0208742 0.0120726 0.0048766 0.00582813 0.00118941 0.000297354 0 0 0 0
 0 0.00264628 0.0354308 0.0461629 0.0458689 0.0383711 0.0214643 0.0164657 0.0346957 0.0420465 0.0363128 0.0245516 0.0311673 0.0291091 0.0169068 0.0133784 0.00837989 0.0085269 0.0148486 0.0160247 0.0276389 0.0546898 0.0760071 0.122758 0.109233 0.0665981 0.0333725 0.0166128 0.00676272 0.00308733 0.000882094 0 0 0 0 0
 0 0 0 0 0 0 0 0.000805153 0.000690131 0.00759144 0.0133425 0.0154129 0.00931677 0.000345066 0.00356568 0.00563607 0.00851162 0.0253048 0.0502646 0.0516448 0.0657925 0.0565908 0.0611916 0.0827007 0.0866115 0.110766 0.145733 0.0935128 0.0569358 0.0249597 0.0138026 0.00621118 0.00161031 0.00115022 0 0
 0 0 0 0 0 0 0 0 0 0 0 0 0 0 0 0 0 0 0 0 0 0 0 0 0 0 0 0 0 0 0 0 0 0 0 0
 0.00147267 0.00158595 0.00478618 0.00569244 0.00954404 0.0108468 0.00647125 0.017049 0.0510054 0.094081 0.124002 0.0959785 0.0687766 0.0820023 0.061753 0.0591476 0.0492212 0.0479892 0.0443925 0.0268479 0.0217502 0.0140895 0.0121071 0.0120363 0.00920419 0.00665534 0.0049561 0.00860946 0.00930331 0.0156896 0.0114698 0.00855282 0.00243557 0.00046729 0 2.83206e-05
 0 0 0 0 0.000772559 0.00158375 0.000888443 0.00281984 0.00712685 0.0440552 0.0773331 0.111326 0.0921469 0.0852325 0.0710754 0.0886704 0.0786465 0.0553345 0.0373146 0.0185414 0.00753245 0.00457741 0.012979 0.0271748 0.0457355 0.0583668 0.034881 0.0177882 0.00938659 0.00492506 0.0015258 0.00185414 0.000309023 5.79419e-05 3.86279e-05 0
 0 0.00173294 0.00326652 0 0.00397197 0.00683976 0.00946217 0.0152591 0.00757587 0.0136028 0.0228656 0.0392903 0.0559909 0.0764795 0.0681675 0.0726916 0.0566044 0.0477403 0.0527397 0.0444891 0.0609904 0.0582453 0.0661739 0.0445044 0.0529084 0.0360697 0.0280645 0.0235558 0.0158879 0.00826598 0.00280645 0.00217768 0.000904811 0.00058276 9.20147e-05 0
 0 0 0 0 0 0 0 0 0 0 0 0 0 0 0 0 0 0 0 0 0 0 0 0 0 0 0 0 0 0 0 0 0 0 0 0
 0 0 0 0 0 0 0 0 0 0 0 0 0 0 0 0 0 0 0 0 0 0 0 0 0 0 0 0 0 0 0 0 0 0 0 0
 0 0 0 0 0 0 0 0 0 0 0 0 0 0 0 0 0 0 0 0 0 0 0 0 0 0 0 0 0 0 0 0 0 0 0 0
ppred_pel_tallas
 1.00902e-16 3.45083e-05 0.00020254 0.000962796 0.00370683 0.0115594 0.0291982 0.0597431 0.0990301 0.132992 0.144716 0.127634 0.0913317 0.0532347 0.0257101 0.0111111 0.00565903 0.004909 0.00613661 0.00814551 0.0104479 0.0127524 0.014794 0.0163278 0.0171713 0.0172433 0.0165797 0.0153177 0.0136566 0.0118088 0.00995737 0.00823075 0.0066985 0.00538171 0.00427101 0.00334363
 1.01005e-16 3.17791e-05 0.000186512 0.00088658 0.00341336 0.0106442 0.0268865 0.0550139 0.0911932 0.122475 0.13329 0.117602 0.0842494 0.049302 0.0241759 0.0110719 0.00654351 0.00651934 0.00848906 0.011315 0.0144725 0.0175838 0.0202782 0.0222126 0.0231383 0.0229575 0.0217446 0.0197204 0.0171929 0.0144835 0.0118621 0.00951083 0.00751656 0.00588895 0.00458938 0.00355947
 1.0184e-16 2.55326e-05 0.00014983 0.000712173 0.00274181 0.00855001 0.0215969 0.0441915 0.073258 0.0984006 0.107124 0.0945982 0.0679497 0.0401266 0.0203542 0.010466 0.0077604 0.00901627 0.0122274 0.0164307 0.0210846 0.0257014 0.0297612 0.0327709 0.0343651 0.0343882 0.032925 0.0302675 0.0268329 0.0230616 0.0193288 0.0158934 0.0128883 0.0103441 0.00822764 0.00647914
 1.02452e-16 2.93182e-05 0.000172066 0.000817906 0.00314895 0.00981969 0.0248038 0.0507523 0.0841293 0.112988 0.122967 0.108498 0.0777354 0.0455073 0.0223492 0.010298 0.00618347 0.00626292 0.00823721 0.0110764 0.0143165 0.0176262 0.0206725 0.0231348 0.0247626 0.0254256 0.0251355 0.024028 0.0223178 0.0202404 0.0180031 0.0157576 0.0135961 0.0115644 0.00968231 0.00796038
 1.02296e-16 2.99755e-05 0.000175924 0.000836246 0.00321956 0.0100399 0.02536 0.0518904 0.086016 0.115523 0.125726 0.110933 0.0794839 0.0465375 0.0228665 0.0105529 0.00635383 0.00643836 0.00844842 0.0113201 0.0145656 0.017832 0.0207681 0.0230422 0.0244053 0.0247436 0.0240998 0.0226504 0.0206526 0.0183782 0.016057 0.013846 0.0118252 0.0100151 0.00840278 0.00696504
 1.03073e-16 2.33437e-05 0.000136979 0.000651072 0.00250656 0.00781637 0.0197438 0.0404001 0.066974 0.0899636 0.0979492 0.0865195 0.0621982 0.0368338 0.018876 0.0100213 0.0078205 0.00934662 0.0127738 0.0172147 0.0221492 0.0270886 0.0315029 0.0348851 0.0368545 0.0372399 0.0361117 0.033748 0.0305521 0.0269509 0.0233069 0.0198688 0.016765 0.014028 0.0116351 0.00954393
 1.0338e-16 2.79834e-05 0.000164229 0.00078065 0.00300551 0.00937236 0.0236739 0.0484404 0.0802973 0.107843 0.11737 0.103565 0.0742145 0.0434731 0.0214013 0.00994913 0.00609841 0.00628455 0.00832028 0.0112275 0.0145651 0.0180139 0.0212489 0.023953 0.0258725 0.0268664 0.026928 0.0261684 0.0247741 0.0229533 0.0208907 0.0187229 0.0165373 0.0143849 0.0122997 0.0103125
 1.03498e-16 2.52425e-05 0.000148131 0.0007041 0.00271075 0.00845314 0.0213521 0.0436905 0.0724266 0.097281 0.105898 0.0934984 0.0671225 0.0395635 0.0199316 0.0100277 0.00717046 0.00817113 0.0110535 0.0148884 0.0191817 0.0235069 0.0274119 0.0304649 0.0323399 0.0328874 0.0321602 0.0303849 0.0278916 0.0250278 0.0220858 0.0192623 0.0166555 0.014288 0.0121425 0.0101915
 1.03284e-16 2.74595e-05 0.000161152 0.000766013 0.00294915 0.00919659 0.02323 0.0475323 0.0787928 0.105825 0.11518 0.101649 0.0728765 0.0427597 0.0211806 0.0100644 0.00646028 0.00687658 0.00916373 0.0123454 0.0159574 0.0196431 0.0230351 0.0257794 0.0276008 0.02836 0.0280754 0.0269031 0.0250839 0.0228781 0.0205103 0.018139 0.015854 0.0136935 0.0116682 0.0097827
 1.03207e-16 2.63218e-05 0.000154469 0.000734236 0.00282678 0.008815 0.0222661 0.0455605 0.0755255 0.10144 0.110419 0.0974714 0.0699354 0.0411424 0.0205807 0.0101141 0.00693235 0.00770017 0.0103555 0.0139414 0.0179698 0.0220368 0.0257193 0.0286126 0.0304095 0.0309657 0.0303252 0.0286937 0.0263748 0.0236902 0.0209128 0.0182293 0.0157365 0.0134624 0.0113976 0.00952237
 1.04173e-16 2.10745e-05 0.000123656 0.000587733 0.00226268 0.00705586 0.0178228 0.0364697 0.0604596 0.081217 0.0884368 0.0781421 0.0562303 0.0334098 0.0173254 0.00953016 0.00783659 0.00962263 0.0132511 0.0179166 0.0231259 0.0283951 0.0331891 0.0369894 0.0393984 0.0402237 0.0395112 0.0375127 0.034606 0.0311949 0.0276254 0.0241379 0.020863 0.0178464 0.0150873 0.012572
 1.05372e-16 2.13882e-05 0.000125503 0.000596524 0.00229655 0.00716149 0.0180895 0.037015 0.0613619 0.0824236 0.0897363 0.0792562 0.056958 0.0336939 0.0172023 0.00903521 0.00695096 0.00827801 0.0113656 0.0154372 0.0200658 0.0248605 0.0293888 0.0332209 0.0360102 0.0375612 0.0378572 0.0370388 0.0353468 0.0330495 0.0303836 0.0275225 0.0245763 0.0216116 0.0186772 0.0158237
 1.03956e-16 2.82996e-05 0.000166087 0.000789482 0.00303952 0.00947842 0.0239418 0.0489885 0.0812056 0.109062 0.118694 0.104729 0.0750374 0.0439326 0.0215852 0.00996261 0.00600745 0.00611018 0.00805606 0.0108565 0.0140707 0.0173861 0.0204891 0.0230768 0.0249112 0.0258662 0.0259465 0.0252694 0.0240212 0.0224022 0.0205824 0.0186784 0.0167544 0.0148384 0.012945 0.0110916
 1.02129e-16 2.96123e-05 0.000173789 0.000826093 0.00318046 0.00991795 0.025052 0.0512605 0.0849724 0.114123 0.124209 0.109609 0.0785657 0.0460614 0.0227468 0.0106884 0.00669201 0.00697784 0.00921274 0.01233 0.0158188 0.019291 0.0223557 0.0246472 0.0258969 0.0259929 0.0250022 0.0231442 0.0207282 0.0180761 0.0154568 0.0130488 0.0109358 0.00912637 0.00758563 0.00626466
 1.01012e-16 3.3934e-05 0.000199167 0.000946757 0.00364507 0.0113668 0.0287117 0.0587479 0.097381 0.130779 0.142312 0.125526 0.0898475 0.0524189 0.0254081 0.0111371 0.00589835 0.00532532 0.0067373 0.00894705 0.011454 0.0139424 0.0161189 0.0177138 0.0185297 0.0184858 0.0176338 0.0161393 0.0142357 0.0121677 0.010142 0.00829887 0.00670724 0.00537824 0.00428725 0.00339531
 1.00755e-16 3.37586e-05 0.000198136 0.000941851 0.00362618 0.0113079 0.0285629 0.0584436 0.0968769 0.130104 0.141581 0.124889 0.0894087 0.052198 0.0253664 0.0112297 0.0061046 0.00564994 0.00719676 0.00955493 0.0122098 0.0148243 0.0170812 0.0186894 0.019439 0.0192484 0.0181826 0.0164311 0.0142578 0.0119374 0.00970113 0.00770467 0.00602222 0.0046613 0.00358754 0.00274904
 1.01311e-16 2.78947e-05 0.0001637 0.000778117 0.00299573 0.00934184 0.0235969 0.0482836 0.0800397 0.107504 0.117021 0.103303 0.074128 0.0436249 0.0218506 0.0107806 0.00743446 0.00827065 0.0110905 0.0148587 0.0190296 0.0231429 0.0267197 0.0293101 0.0305854 0.0304127 0.0288826 0.0262774 0.0229943 0.0194497 0.0159961 0.0128738 0.0102017 0.00799946 0.00622407 0.0048061
 1.02144e-16 2.83806e-05 0.000166558 0.000791716 0.0030481 0.00950519 0.0240094 0.0491272 0.0814366 0.109376 0.119044 0.105058 0.0753188 0.0441884 0.0218797 0.0103808 0.00663889 0.00704122 0.00936053 0.0125807 0.0162139 0.0198831 0.0232018 0.0257997 0.0273935 0.0278458 0.0271898 0.0256072 0.0233718 0.0207799 0.0180893 0.0154845 0.0130713 0.0108925 0.008953 0.00724247
 1.02531e-16 2.79012e-05 0.000163743 0.000778329 0.00299656 0.00934444 0.0236034 0.0482965 0.08006 0.107528 0.117036 0.103293 0.0740688 0.0434862 0.0215897 0.0103391 0.00673848 0.00723926 0.00965136 0.01297 0.0167037 0.0204653 0.0238562 0.0264966 0.0280987 0.0285283 0.0278285 0.0261953 0.0239179 0.0213041 0.0186169 0.0160384 0.0136657 0.0115293 0.00962166 0.00792251
 1.02077e-16 3.14001e-05 0.00018429 0.000876026 0.00337273 0.0105175 0.0265665 0.0543588 0.0901065 0.121013 0.131692 0.116176 0.0831926 0.0486132 0.0237082 0.0106416 0.00599943 0.0057566 0.00744191 0.00995604 0.012822 0.0157206 0.0183435 0.0203994 0.0216676 0.0220435 0.0215571 0.0203551 0.0186547 0.016688 0.0146534 0.0126886 0.0108678 0.00921543 0.00772768 0.0063919
 1.02025e-16 2.87579e-05 0.000168772 0.000802238 0.00308861 0.0096315 0.0243285 0.0497802 0.0825193 0.11083 0.12063 0.106463 0.0763371 0.044808 0.022227 0.0106108 0.00686742 0.00733403 0.00974702 0.0130641 0.0167723 0.0204682 0.0237394 0.0261978 0.0275556 0.0276895 0.026664 0.0247051 0.0221349 0.0192919 0.0164619 0.0138387 0.0115186 0.00952 0.00781527 0.00636001
 1.0234e-16 2.84455e-05 0.000166939 0.000793526 0.00305507 0.00952692 0.0240643 0.0492396 0.0816228 0.109626 0.119316 0.105298 0.0754895 0.0442864 0.0219241 0.0103945 0.0066371 0.00702973 0.00933891 0.0125452 0.0161589 0.0198024 0.0230894 0.0256516 0.027209 0.0276295 0.0269518 0.0253633 0.0231422 0.0205865 0.0179525 0.0154199 0.0130871 0.0109884 0.00912007 0.00746505
 1.02142e-16 3.06389e-05 0.00017982 0.000854769 0.00329089 0.0102623 0.0259218 0.0530398 0.0879207 0.118079 0.128503 0.113373 0.0812093 0.0475012 0.0232534 0.010586 0.00617629 0.00610296 0.00795578 0.0106553 0.0137201 0.0168146 0.0196088 0.0217907 0.0231241 0.0234978 0.0229461 0.021628 0.0197791 0.0176503 0.015456 0.0133449 0.0113966 0.00963658 0.00805952 0.00665007
 1.02151e-16 2.86217e-05 0.000167973 0.000798437 0.00307398 0.00958587 0.0242133 0.0495444 0.0821283 0.110305 0.120058 0.105957 0.0759729 0.0445912 0.0221137 0.0105477 0.00681575 0.00727292 0.0096678 0.0129655 0.016659 0.0203508 0.0236342 0.0261254 0.0275384 0.0277475 0.0268117 0.0249476 0.0224672 0.0196994 0.0169224 0.0143261 0.0120065 0.00998497 0.00823906 0.00673075
 1.04114e-16 1.74873e-05 0.000102589 0.000487563 0.00187698 0.00585304 0.0147847 0.030254 0.0501592 0.0673922 0.0734147 0.064944 0.0468972 0.028194 0.0152262 0.00934189 0.00878656 0.011429 0.0159184 0.0215389 0.0277685 0.0340337 0.0396851 0.0440923 0.0467752 0.0475071 0.0463556 0.0436427 0.0398462 0.0354771 0.0309741 0.0266441 0.0226539 0.0190603 0.0158556 0.0130099
pSPR Fmed_Fpbrs
0.65662   0.6 0.325
Fs Fmed_Fpbrs
0.315349   0.402281 1.2933
SSBpbr Bo_Bmed_Bpbrs
1.19909e+06  727390  659498 329749
Ro
50011.1
SPR SPRFo_SPRFmed_SPRFpbrs
1.02837e+06 675247 334220
log_Ro
10.64
likeval ReclasPelacesDesembMPH_pf_preclas_ppelaces_ptallas_desvR_qrecl_qpela
 60.5644 21.1867 0.0253306 0.000231875 314.604 195.881 76.6971 0 15.613 5.63581e-05 1.70927e-05 1.62051e-15 0 0 0
q_reclas_q_pelaces
0.345141 1.80073
M
0.7
N
 53719.7 13710.1 4542.16 528.34 0.328445
 66329.9 24333.9 4256.48 1243.97 143.596
 42885.9 30716.6 8456.91 1344.83 435.641
 63756.5 19324.8 9284.33 2238.81 467.197
 104098 31115.9 8782.06 4120.48 1199.07
 78648.5 51514.5 15180.1 4264.16 2582.11
 118228 37694.5 21339.9 5991.23 2693.29
 107222 57455.4 16761.9 9213.69 3742.24
 125021 50916.3 22702.9 6231.24 4796.77
 123711 58952.3 19408.5 8063.98 3898.52
 65500.5 58829.3 23462.5 7281.16 4470.03
 42033.4 29659.1 18229 6409.95 3183.39
 42361.4 19184.8 9571.1 5243.08 2738.07
 23045.4 18386.8 4788.67 1988.17 1637.61
 16687.9 8855.55 2462.67 452.024 334.276
 19043.2 6331.04 1111 213.978 66.6519
 15344.2 8492.44 1814.73 274.998 68.7861
 17574.7 7078.92 2894.96 559.498 105.286
 20135.3 8323.1 2758.71 1057.49 241.796
 34200.4 9617.32 3387.83 1064.84 499.747
 42399 16323.9 3900.72 1301.79 599.03
 55553.1 20664.5 7367.19 1716.08 834.818
 90367 26929 9071.02 3129.18 1081.1
 110708 43602.9 11545 3739.3 1731.04
 51267.2 53469.6 18787 4789.33 2263.56
pred_Ctot
 3410.54 3796.07 1515.52 178.149 0.110807
 3230.7 5361.29 1142.69 337.729 39.008
 2871.48 8893.31 2943.05 472.882 153.266
 789.594 1185.44 714.215 174.498 36.439
 259.355 393.684 140.487 66.8211 19.4587
 1975.36 6207.11 2270.22 645.694 391.243
 1819.51 2851.77 2019.65 574.412 258.393
 3380.89 8552.92 3081.21 1714.31 696.718
 4548.31 8639.82 4739.01 1316.22 1013.84
 3780.44 8525.62 3468.71 1458.82 705.707
 4174.95 16343.2 7853.06 2462.81 1512.78
 2456.99 7655.33 5691.09 2022.84 1005.16
 3866.6 7135.15 4205.3 2325.12 1214.81
 3804.37 10379.5 3050.5 1274.7 1050.29
 2876.8 5132.92 1604.4 296.321 219.202
 1404.96 1986.21 416.879 81.1013 25.2753
 786.52 1956.69 508.486 77.9151 19.5003
 587.033 1111.09 560.272 109.589 20.6351
 553.877 1091.8 448.298 173.974 39.8045
 957.313 1282.2 559.317 177.974 83.5791
 565.699 1076.2 322.246 108.957 50.1712
 953.995 1736.68 773.416 182.486 88.8327
 1845.24 2669.19 1120.18 391.355 135.297
 2184.77 4184.14 1381.02 453.022 209.856
 900.554 4592.03 2014.8 520.264 246.053
F
 0.0919097 0.469686 0.595095 0.603355 0.603785
 0.0698367 0.356886 0.452177 0.458453 0.45878
 0.0971522 0.496477 0.629039 0.63777 0.638224
 0.0173531 0.0886797 0.112358 0.113917 0.113998
 0.00346969 0.0177312 0.0224655 0.0227773 0.0227935
 0.0354747 0.181286 0.229691 0.232879 0.233045
 0.0216047 0.110406 0.139885 0.141827 0.141928
 0.0447169 0.228517 0.289532 0.293551 0.29376
 0.0517523 0.26447 0.335085 0.339735 0.339977
 0.0433101 0.221328 0.280423 0.284316 0.284518
 0.0922889 0.471624 0.597551 0.605844 0.606276
 0.0843435 0.431021 0.546106 0.553685 0.55408
 0.134604 0.687867 0.871532 0.883628 0.884257
 0.256421 1.31039 1.66027 1.68332 1.68451
 0.269218 1.37578 1.74313 1.76732 1.76858
 0.107533 0.549525 0.696252 0.705916 0.706418
 0.0736169 0.376204 0.476653 0.483269 0.483613
 0.0474257 0.242359 0.307071 0.311333 0.311555
 0.0389109 0.198846 0.251939 0.255436 0.255618
 0.039607 0.202404 0.256447 0.260006 0.260191
 0.0187063 0.0955948 0.121119 0.1228 0.122888
 0.0241343 0.123333 0.156264 0.158433 0.158546
 0.0287555 0.146949 0.186186 0.18877 0.188904
 0.0277793 0.141961 0.179865 0.182361 0.182491
 0.024693 0.126188 0.159882 0.162101 0.162216
YTP_r0W_actual
 10086.2 101025 66488.4 21382.8 10531.1
YTP_p0W_proyectada
 15677.3 104573 175839 78827.4 32600
 15677.3 84612.5 67767.1 77511.7 39879.8
CTP_r0_actual
 900.554 4592.03 2014.8 520.264 246.053
CTP_p0_proyectada
 1844.39 4886.58 5635.86 1936.79 701.075
 1844.39 3953.85 2172.02 1904.46 857.63
Wmedp
 8.5 21.4 31.2 40.7 46.5
nmprior
 10.6 11 7 0
nm_flota  nm_reclas  nm_pelaces    nm_pelaL
inf 14.8916 20.4543 50.5848
cv_recla  cv_pelaces  cv_mph
0.703937 0.52192 0.494043
 ------------------------------------------------
Talla a la edad & desviaci?n 
 7.2 14.2025 17.0495 18.207 18.6776
 1.08 2.13037 2.55742 2.73105 2.80164
