years
 1997 1998 1999 2000 2001 2002 2003 2004 2005 2006 2007 2008 2009 2010 2011 2012 2013 2014 2015 2016 2017 2018 2019 2020 2021
reclasobs
 0 0 0 370054 412103 1.49427e+06 250295 1.28982e+06 931140 785840 897777 1.04006e+06 184774 17550 25797 100020 73551 82996 120727 218422 84188 347160 605670 569463 516374
reclaspred
 493211 124919 318777 220544 351911 418726 914715 624343 713707 726551 594167 406957 259395 109801 65140.2 63109.9 77409.5 101628 107465 153780 225831 207873 358455 443261 481801
pelacesobs
 0 0 0 0 0 0 0 0 0 2.06254e+06 1.5e+06 0 1.87456e+06 323000 250000 174000 83755 137374 0 501740 490994 745055 786931 1.00524e+06 1.33801e+06
pelacespred
 2.1424e+06 453472 725516 772880 1.08405e+06 1.00672e+06 2.70552e+06 2.14599e+06 2.25643e+06 2.28536e+06 1.62549e+06 1.16264e+06 738723 243934 149190 155049 200018 272878 287033 410739 691334 596946 816560 1.20741e+06 1.28959e+06
mphobs
 0 0 0 0 0 112323 0 153150 637223 0 255016 313432 73983 77613 109348 50772 0 0 0 0 0 0 0 0 0
mphpred
 191645 105471 115214 115166 130964 219065 314965 375523 324372 345315 360331 250073 157151 83731.8 34733.1 27052.4 32593.6 43220.2 52790.3 60832.9 93197.8 111712 139244 196688 259234
desembarqueobs
 350755 77701 442110 56441 14545 235359 269955 359681 431902 328805 639364 411747 362871 311530 167758 66681 60226 58785 57116 73181 50977 67692 138656 160484 209506
desembarquepred
 350757 77697.6 442073 56442.6 14545.1 235410 269995 359645 431905 328793 639270 411778 362950 311602 167587 66672.1 60244 58773.8 57100.2 73173.9 50976.9 67678.6 138651 160486 209503
Reclutas
 38434.2 47642.9 23910.5 39028.7 68806.2 49300 80818.7 82725.2 106398 125112 65139.8 45936.8 47516.5 24029.4 14581.5 15039 10903.9 12095.3 13767 23114.5 28028.2 37183.5 59440.9 66531.3 24791.9
log_desv_Rt
 0.0367024 0.251489 -0.437928 0.0520531 0.619049 0.28568 0.779964 0.803279 1.05494 1.21696 0.564291 0.215022 0.248833 -0.432966 -0.932492 -0.901599 -1.22312 -1.11943 -0.989973 -0.471785 -0.279035 0.00361913 0.472738 0.585428 -0.401729
SSB
 533734 293739 320872 320740 364737 610099 877181 1.04584e+06 903379 961708 1.00353e+06 696456 437669 233194 96732.3 75341.4 90773.7 120369 147022 169420 259557 311118 387796 547779 721970
BT
 1.69334e+06 432693 719236 570561 727451 850160 1.97012e+06 1.82163e+06 1.88456e+06 1.82294e+06 1.64238e+06 1.14247e+06 837902 450951 235563 156522 179802 227225 237846 329632 497948 457809 633456 927701 1.0158e+06
Ftot
 0.592684 0.552934 0.946657 0.211298 0.0376055 0.356227 0.232983 0.456536 0.513515 0.37674 0.708365 0.666239 1.05249 1.88997 2.14013 0.911767 0.636098 0.458471 0.384049 0.398892 0.178265 0.233235 0.27802 0.27143 0.261375
BD_Bspro_t
 0.927877 0.678886 0.601158 0.421724 0.581031 0.749336 0.699304 0.708582 0.644632 0.614404 0.595506 0.432449 0.327416 0.228965 0.121861 0.117871 0.186041 0.301347 0.401529 0.496097 0.626331 0.724401 0.734314 0.740345 0.737041
BD_Bspro
 0.700591 0.385568 0.421183 0.42101 0.478761 0.800829 1.15141 1.37279 1.18579 1.26236 1.31725 0.914184 0.574494 0.306096 0.126973 0.0988947 0.119151 0.157999 0.192984 0.222385 0.3407 0.40838 0.50903 0.719026 0.947673
BD_Bo
 0.573689 0.315728 0.344892 0.34475 0.392041 0.655771 0.942846 1.12413 0.971005 1.0337 1.07865 0.748592 0.470432 0.250651 0.103974 0.0809814 0.0975689 0.129379 0.158028 0.182103 0.278987 0.334408 0.416826 0.588785 0.776016
BD_Brms
 1.94308 1.06937 1.16815 1.16767 1.32784 2.22109 3.19342 3.80742 3.28879 3.50114 3.65339 2.53548 1.59335 0.848954 0.352158 0.274284 0.330466 0.438208 0.535239 0.616782 0.944929 1.13264 1.41179 1.99421 2.62836
S_f
 0.161764 1 1 1 1
 0.161764 1 1 1 1
 0.161764 1 1 1 1
 0.161764 1 1 1 1
 0.161764 1 1 1 1
 0.161764 1 1 1 1
 0.161764 1 1 1 1
 0.161764 1 1 1 1
 0.161764 1 1 1 1
 0.161764 1 1 1 1
 0.161764 1 1 1 1
 0.161764 1 1 1 1
 0.161764 1 1 1 1
 0.161764 1 1 1 1
 0.161764 1 1 1 1
 0.161764 1 1 1 1
 0.161764 1 1 1 1
 0.161764 1 1 1 1
 0.161764 1 1 1 1
 0.161764 1 1 1 1
 0.161764 1 1 1 1
 0.161764 1 1 1 1
 0.161764 1 1 1 1
 0.161764 1 1 1 1
 0.161764 1 1 1 1
Scru_reclas
 0.899277 1 1 1 1
 0.899277 1 1 1 1
 0.899277 1 1 1 1
 0.899277 1 1 1 1
 0.899277 1 1 1 1
 0.899277 1 1 1 1
 0.899277 1 1 1 1
 0.899277 1 1 1 1
 0.899277 1 1 1 1
 0.899277 1 1 1 1
 0.899277 1 1 1 1
 0.899277 1 1 1 1
 0.899277 1 1 1 1
 0.899277 1 1 1 1
 0.899277 1 1 1 1
 0.899277 1 1 1 1
 0.899277 1 1 1 1
 0.899277 1 1 1 1
 0.899277 1 1 1 1
 0.899277 1 1 1 1
 0.899277 1 1 1 1
 0.899277 1 1 1 1
 0.899277 1 1 1 1
 0.899277 1 1 1 1
 0.899277 1 1 1 1
Scru_pelaces
 1 1 1 1 1
 1 1 1 1 1
 1 1 1 1 1
 1 1 1 1 1
 1 1 1 1 1
 1 1 1 1 1
 1 1 1 1 1
 1 1 1 1 1
 1 1 1 1 1
 1 1 1 1 1
 1 1 1 1 1
 1 1 1 1 1
 1 1 1 1 1
 1 1 1 1 1
 1 1 1 1 1
 1 1 1 1 1
 1 1 1 1 1
 1 1 1 1 1
 1 1 1 1 1
 1 1 1 1 1
 1 1 1 1 1
 1 1 1 1 1
 1 1 1 1 1
 1 1 1 1 1
 1 1 1 1 1
pf_obs 
 0.256992 0.487395 0.22802 0.0275931 0
 0.321318 0.546541 0.124235 0.00734118 0.000564706
 0.182869 0.594174 0.210203 0.0122559 0.00049798
 0.330522 0.361315 0.267642 0.0388342 0.00168674
 0.649043 0.306663 0.0425973 0.00169635 0
 0.582887 0.30429 0.105238 0.00758474 0
 0.465427 0.430635 0.0974691 0.00646863 0
 0.296916 0.608066 0.0921331 0.00288517 0
 0.311714 0.524322 0.152257 0.0117073 0
 0.15457 0.633149 0.183074 0.0267441 0.00246327
 0.131901 0.49318 0.331252 0.0422183 0.00144891
 0.196976 0.569456 0.194076 0.0375587 0.00193317
 0.518974 0.381816 0.0799577 0.0180837 0.00116848
 0.0928022 0.601141 0.25162 0.0475244 0.00691264
 0.122501 0.610282 0.24278 0.0234846 0.000952079
 0.383417 0.481906 0.127806 0.00687128 0
 0.0376549 0.599619 0.316969 0.0457579 0
 0.0361596 0.667082 0.258105 0.0386534 0
 0.158088 0.579412 0.248529 0.0139706 0
 0.0477256 0.309471 0.559284 0.082774 0.000745712
 0.0406174 0.521527 0.379366 0.0568643 0.0016247
 0.151134 0.462217 0.34131 0.0453401 0
 0.294876 0.26143 0.354403 0.0886775 0.000613685
 0.281977 0.475581 0.204845 0.0348837 0.00271318
 0.0841818 0.532909 0.334909 0.0458182 0.00218182
pf_pred 
 0.302838 0.48932 0.185644 0.0221883 9.73116e-06
 0.296593 0.550216 0.107521 0.0407924 0.00487768
 0.159499 0.650179 0.148873 0.0290922 0.0123571
 0.304375 0.454959 0.18617 0.0426278 0.0118684
 0.311099 0.51629 0.112892 0.0461957 0.0135226
 0.164736 0.617822 0.16296 0.0356328 0.0188492
 0.266833 0.433598 0.221584 0.0584459 0.0195401
 0.225408 0.554173 0.130357 0.0666168 0.0234457
 0.27201 0.503667 0.160489 0.0377514 0.0260822
 0.262519 0.551582 0.128616 0.0409823 0.0163005
 0.142879 0.621589 0.176161 0.0410764 0.0182946
 0.16146 0.498138 0.246862 0.0699615 0.0235789
 0.24874 0.468158 0.168178 0.0833437 0.0315805
 0.21143 0.613075 0.109363 0.0392867 0.0268465
 0.291752 0.581245 0.0987385 0.0176134 0.0106511
 0.364966 0.565909 0.0567296 0.00963689 0.00275861
 0.224536 0.658304 0.104408 0.0104663 0.00228691
 0.250523 0.532127 0.184511 0.0292637 0.00357452
 0.248087 0.541975 0.149056 0.0516842 0.00919844
 0.3227 0.481267 0.141299 0.0388607 0.0158728
 0.259921 0.578189 0.115033 0.0337736 0.0130825
 0.253743 0.524342 0.173372 0.0344932 0.01405
 0.295376 0.494238 0.147824 0.0488774 0.0136854
 0.23916 0.568717 0.134759 0.0403057 0.0170584
 0.0875758 0.628406 0.2123 0.0503051 0.0214138
pobs_RECLAS
 0 0 0 0 0
 0 0 0 0 0
 0 0 0 0 0
 0 0 0 0 0
 0.835266 0.146461 0.0176864 0.000547809 3.91292e-05
 0.385257 0.428462 0.181853 0.0044286 0
 0.867414 0.0963971 0.0333333 0.00285562 0
 0.441836 0.489002 0.0689373 0.000224442 0
 0.779404 0.147425 0.0564933 0.0165055 0.000172143
 0.814271 0.122319 0.05973 0.00367925 0
 0.40263 0.566651 0.0304383 0.000280538 0
 0.475488 0.404961 0.113038 0.00651328 0
 0.955842 0.0263864 0.0167828 0.000988607 0
 0.975058 0.0227948 0.00214734 0 0
 0.738997 0.206755 0.0527124 0.00153531 0
 0.850938 0.134255 0.0134407 0.00136685 0
 0.542534 0.407297 0.0501686 0 0
 0.764087 0.199537 0.0359546 0.000420521 0
 0.470689 0.182191 0.310203 0.0369168 0
 0.84361 0.089868 0.0606195 0.00523954 0.000663233
 0.607945 0.314616 0.071237 0.00620181 0
 0.523733 0.453247 0.0230204 0 0
 0.530135 0.295979 0.169645 0.0042399 0
 0.562478 0.366248 0.0663022 0.0049721 0
 0.250443 0.683176 0.0655157 0.000865301 0
ppred_RECLAS
 0.715868 0.199425 0.07566 0.00904294 3.96598e-06
 0.709018 0.227611 0.0444787 0.0168748 0.00201778
 0.533418 0.360929 0.0826431 0.0161497 0.0068597
 0.711136 0.188926 0.0773085 0.0177016 0.00492846
 0.71552 0.213201 0.0466187 0.0190764 0.00558412
 0.528545 0.348723 0.0919807 0.0201126 0.0106392
 0.672196 0.193864 0.0990716 0.0261316 0.00873653
 0.625116 0.268206 0.0630894 0.0322409 0.0113471
 0.682699 0.219528 0.0699507 0.0164543 0.0113682
 0.669599 0.247116 0.0576215 0.0183606 0.00730282
 0.494424 0.366647 0.103909 0.024229 0.0107911
 0.529367 0.279581 0.138552 0.0392661 0.0132338
 0.668983 0.206278 0.0741017 0.0367225 0.0139148
 0.650827 0.271465 0.0484249 0.0173958 0.0118874
 0.750145 0.205051 0.0348329 0.00621363 0.00375747
 0.775184 0.200344 0.0200836 0.00341168 0.00097661
 0.627758 0.316002 0.0501182 0.00502411 0.00109777
 0.65703 0.243508 0.0844349 0.0133914 0.00163575
 0.65272 0.250318 0.0688434 0.023871 0.00424841
 0.730988 0.191151 0.0561217 0.0154348 0.00630442
 0.663509 0.262885 0.0523022 0.0153558 0.00594821
 0.657045 0.24097 0.079676 0.0158519 0.0064569
 0.703195 0.208185 0.062267 0.0205884 0.00576462
 0.639736 0.269292 0.0638095 0.019085 0.00807729
 0.351424 0.446688 0.150909 0.0357582 0.0152215
pobs_PELACES
 0 0 0 0 0
 0 0 0 0 0
 0 0 0 0 0
 0 0 0 0 0
 0 0 0 0 0
 0 0 0 0 0
 0 0 0 0 0
 0 0 0 0 0
 0 0 0 0 0
 0 0 0 0 0
 0.450072 0.473896 0.0757376 0.000293798 0
 0 0 0 0 0
 0.463077 0.371075 0.160297 0.00555027 0
 0.529543 0.364841 0.0842815 0.0213345 0
 0.631943 0.363953 0.00410389 0 0
 0.735681 0.248677 0.0153453 0.000297389 0
 0.695825 0.281241 0.0229344 0 0
 0.275771 0.60734 0.115278 0.00161068 0
 0 0 0 0 0
 0.896147 0.0623911 0.0374545 0.00400742 0
 0.803859 0.145111 0.0509908 3.86294e-05 0
 0.739449 0.233085 0.0266225 0.000797448 4.60066e-05
 0.878498 0.100942 0.0204185 0.000141795 0
 0.694673 0.275183 0.0284847 0.00165964 0
 0.469039 0.446079 0.0841089 0.000773354 0
ppred_PELACES
 0.767486 0.163196 0.061915 0.00740013 3.24549e-06
 0.759462 0.188152 0.0367679 0.0139494 0.00166798
 0.622905 0.291706 0.0667927 0.0130523 0.00554405
 0.743744 0.167599 0.0685816 0.0157033 0.00437211
 0.73864 0.195874 0.0428299 0.017526 0.00513028
 0.579082 0.311342 0.0821208 0.0179566 0.00949875
 0.708631 0.172316 0.0880598 0.023227 0.00776547
 0.67782 0.2305 0.0542198 0.0277083 0.00975188
 0.733883 0.184115 0.0586668 0.0138 0.00953436
 0.714379 0.213624 0.0498118 0.0158721 0.00631305
 0.569499 0.312202 0.0884792 0.0206312 0.00918871
 0.600623 0.237252 0.117575 0.0333211 0.0112301
 0.750427 0.155525 0.0558696 0.0276873 0.0104912
 0.777584 0.172918 0.0308457 0.0110808 0.00757206
 0.85785 0.11666 0.0198175 0.00353512 0.00213774
 0.831486 0.150171 0.0150539 0.00255727 0.000732033
 0.690985 0.262327 0.0416053 0.00417073 0.000911311
 0.707458 0.207704 0.07202 0.0114224 0.00139524
 0.699184 0.216826 0.0596325 0.0206772 0.00368
 0.771384 0.162447 0.0476941 0.013117 0.00535771
 0.697294 0.23649 0.0470508 0.013814 0.00535098
 0.694414 0.214714 0.0709945 0.0141247 0.00575335
 0.739935 0.182415 0.0545593 0.0180399 0.00505105
 0.680369 0.23892 0.0566127 0.0169325 0.00716629
 0.393095 0.417988 0.141213 0.0334607 0.0142435
pobs_pel_tallas
 0 0 0 0 0 0 0 0 0 0 0 0 0 0 0 0 0 0 0 0 0 0 0 0 0 0 0 0 0 0 0 0 0 0 0 0
 0 0 0 0 0 0 0 0 0 0 0 0 0 0 0 0 0 0 0 0 0 0 0 0 0 0 0 0 0 0 0 0 0 0 0 0
 0 0 0 0 0 0 0 0 0 0 0 0 0 0 0 0 0 0 0 0 0 0 0 0 0 0 0 0 0 0 0 0 0 0 0 0
 0 0 0 0 0 0 0 0 0 0 0 0 0 0 0 0 0 0 0 0 0 0 0 0 0 0 0 0 0 0 0 0 0 0 0 0
 0 0 0 0 0 0 0 0 0 0 0 0 0 0 0 0 0 0 0 0 0 0 0 0 0 0 0 0 0 0 0 0 0 0 0 0
 0 0 0 0 0 0 0 0 0 0 0 0 0 0 0 0 0 0 0 0 0 0 0 0 0 0 0 0 0 0 0 0 0 0 0 0
 0 0 0 0 0 0 0 0 0 0 0 0 0 0 0 0 0 0 0 0 0 0 0 0 0 0 0 0 0 0 0 0 0 0 0 0
 0 0 0 0 0 0 0 0 0 0 0 0 0 0 0 0 0 0 0 0 0 0 0 0 0 0 0 0 0 0 0 0 0 0 0 0
 0 0 0 0 0 0 0 0 0 0 0 0 0 0 0 0 0 0 0 0 0 0 0 0 0 0 0 0 0 0 0 0 0 0 0 0
 0 0 0 0 0 0 0 0 0 0 0 0 0 0 0 0 0 0 0 0 0 0 0 0 0 0 0 0 0 0 0 0 0 0 0 0
 0 0 0 0 0 0 0 0 1.78061e-05 0.00172719 0.00360574 0.0105946 0.0120993 0.0124554 0.0147524 0.0171206 0.0266825 0.0428682 0.0675386 0.121331 0.153587 0.119568 0.100827 0.0573624 0.0630603 0.0341343 0.0324427 0.0444173 0.0211091 0.0280891 0.0125444 0.00206551 0 0 0 0
 0 0 0 0 0 0 0 0 0 0 0 0 0 0 0 0 0 0 0 0 0 0 0 0 0 0 0 0 0 0 0 0 0 0 0 0
 0 0 0 0 0 0 0.0133647 0.0140871 0.0187388 0.0205184 0.03894 0.0496705 0.03968 0.0493445 0.0407372 0.0367815 0.0215668 0.0243155 0.0234873 0.0199281 0.019796 0.0243948 0.0301388 0.0376714 0.0412746 0.0863199 0.0771752 0.113111 0.0741005 0.0525337 0.0229764 0.00759418 0.00175318 0 0 0
 0 0 0 0 0 0 0 0 0 0 0.00219441 0.00772107 0.0458388 0.0604681 0.0671733 0.0775358 0.0609151 0.0617685 0.073594 0.0568108 0.0755445 0.0548602 0.0670107 0.0636378 0.0643287 0.046367 0.0373049 0.0286899 0.0247887 0.0153202 0.00654259 0.00121912 0.000365735 0 0 0
 0 0 0 0 0 0 0 0 0 0 0 0 0.000112435 0.00938835 0.0111873 0.0202946 0.0414886 0.0713402 0.111592 0.104902 0.108894 0.110636 0.117776 0.105296 0.107544 0.0401394 0.0192827 0.0124803 0.00416011 0.0028671 0.000618394 0 0 0 0 0
 0 0 0 0 0 0 0 0 0 0 0.00291406 0.0102884 0.027416 0.0768956 0.0749926 0.110853 0.0956884 0.0897413 0.0766577 0.0534642 0.0500743 0.0551293 0.0594112 0.0620874 0.0668451 0.0424026 0.0208742 0.0120726 0.0048766 0.00582813 0.00118941 0.000297354 0 0 0 0
 0 0.00264628 0.0354308 0.0461629 0.0458689 0.0383711 0.0214643 0.0164657 0.0346957 0.0420465 0.0363128 0.0245516 0.0311673 0.0291091 0.0169068 0.0133784 0.00837989 0.0085269 0.0148486 0.0160247 0.0276389 0.0546898 0.0760071 0.122758 0.109233 0.0665981 0.0333725 0.0166128 0.00676272 0.00308733 0.000882094 0 0 0 0 0
 0 0 0 0 0 0 0 0.000805153 0.000690131 0.00759144 0.0133425 0.0154129 0.00931677 0.000345066 0.00356568 0.00563607 0.00851162 0.0253048 0.0502646 0.0516448 0.0657925 0.0565908 0.0611916 0.0827007 0.0866115 0.110766 0.145733 0.0935128 0.0569358 0.0249597 0.0138026 0.00621118 0.00161031 0.00115022 0 0
 0 0 0 0 0 0 0 0 0 0 0 0 0 0 0 0 0 0 0 0 0 0 0 0 0 0 0 0 0 0 0 0 0 0 0 0
 0.00147267 0.00158595 0.00478618 0.00569244 0.00954404 0.0108468 0.00647125 0.017049 0.0510054 0.094081 0.124002 0.0959785 0.0687766 0.0820023 0.061753 0.0591476 0.0492212 0.0479892 0.0443925 0.0268479 0.0217502 0.0140895 0.0121071 0.0120363 0.00920419 0.00665534 0.0049561 0.00860946 0.00930331 0.0156896 0.0114698 0.00855282 0.00243557 0.00046729 0 2.83206e-05
 0 0 0 0 0.000772559 0.00158375 0.000888443 0.00281984 0.00712685 0.0440552 0.0773331 0.111326 0.0921469 0.0852325 0.0710754 0.0886704 0.0786465 0.0553345 0.0373146 0.0185414 0.00753245 0.00457741 0.012979 0.0271748 0.0457355 0.0583668 0.034881 0.0177882 0.00938659 0.00492506 0.0015258 0.00185414 0.000309023 5.79419e-05 3.86279e-05 0
 0 0.00173294 0.00326652 0 0.00397197 0.00683976 0.00946217 0.0152591 0.00757587 0.0136028 0.0228656 0.0392903 0.0559909 0.0764795 0.0681675 0.0726916 0.0566044 0.0477403 0.0527397 0.0444891 0.0609904 0.0582453 0.0661739 0.0445044 0.0529084 0.0360697 0.0280645 0.0235558 0.0158879 0.00826598 0.00280645 0.00217768 0.000904811 0.00058276 9.20147e-05 0
 0 0 0 0 0 0 0 0 0 0 0 0 0 0 0 0 0 0 0 0 0 0 0 0 0 0 0 0 0 0 0 0 0 0 0 0
 0 0 0 0 0 0 0 0 0 0 0 0 0 0 0 0 0 0 0 0 0 0 0 0 0 0 0 0 0 0 0 0 0 0 0 0
 0 0 0 0 0 0 0 0 0 0 0 0 0 0 0 0 0 0 0 0 0 0 0 0 0 0 0 0 0 0 0 0 0 0 0 0
ppred_pel_tallas
 1.01187e-16 3.34854e-05 0.000196535 0.000934242 0.00359689 0.0112166 0.0283322 0.0579713 0.0960934 0.12905 0.140429 0.123861 0.0886477 0.0517033 0.0250328 0.010926 0.00572382 0.00511944 0.00647323 0.00862377 0.0110914 0.0135814 0.0158196 0.0175496 0.0185761 0.0188067 0.0182673 0.0170881 0.0154637 0.0136049 0.0116952 0.00986676 0.00819563 0.00671191 0.00541727 0.00430063
 1.01141e-16 3.31364e-05 0.000194484 0.000924488 0.00355933 0.0110994 0.0280363 0.0573661 0.095091 0.127706 0.138972 0.122589 0.0877673 0.0512492 0.0249233 0.0110649 0.00606155 0.00565519 0.0072291 0.00961764 0.0123172 0.0149969 0.0173437 0.0190683 0.0199592 0.0199293 0.0190339 0.01745 0.015427 0.0132259 0.0110667 0.00909831 0.00739333 0.005963 0.00478106 0.00380667
 1.01751e-16 2.71862e-05 0.000159541 0.000758344 0.0029196 0.00910443 0.0229972 0.0470566 0.078006 0.104773 0.11405 0.100686 0.0722601 0.0425467 0.02135 0.0105998 0.00739624 0.00829264 0.0111497 0.0149596 0.0191884 0.0233816 0.0270638 0.029786 0.031217 0.0312174 0.0298677 0.0274371 0.0243084 0.0208842 0.0175061 0.0144078 0.0117072 0.00942781 0.00753519 0.00597132
 1.01773e-16 3.24503e-05 0.000190457 0.000905349 0.00348564 0.0108697 0.0274559 0.0561784 0.0931219 0.12506 0.13609 0.12004 0.0859273 0.0501449 0.0243315 0.0107118 0.00574611 0.00526658 0.00671893 0.0089779 0.0115744 0.0142138 0.0166181 0.0185248 0.0197318 0.0201393 0.019766 0.0187346 0.0172323 0.0154622 0.013601 0.0117756 0.0100594 0.00848369 0.00705544 0.00577248
 1.01514e-16 3.22288e-05 0.000189155 0.00089915 0.00346177 0.0107952 0.0272678 0.0557938 0.0924852 0.124207 0.135168 0.119242 0.0853884 0.0498954 0.0243311 0.0109152 0.0061412 0.00587351 0.00756969 0.0100933 0.0129455 0.0157895 0.0183017 0.0201812 0.0212064 0.0212831 0.0204634 0.0189242 0.0169172 0.0147059 0.0125125 0.0104873 0.00870387 0.00717514 0.00587775 0.00477537
 1.02329e-16 2.52761e-05 0.000148325 0.000705019 0.00271427 0.00846413 0.0213799 0.0437476 0.072522 0.0974116 0.106047 0.0936444 0.0672597 0.0397095 0.020125 0.0103204 0.00762026 0.00883644 0.0119856 0.0161194 0.0207101 0.025285 0.02934 0.0323957 0.0340945 0.0342803 0.0330279 0.0306113 0.0274246 0.0238841 0.0203442 0.0170484 0.0141221 0.0115955 0.00944123 0.00760963
 1.02468e-16 3.09194e-05 0.000181469 0.000862618 0.00332112 0.0103566 0.0261599 0.0535268 0.088727 0.119159 0.129673 0.114389 0.0819019 0.0478363 0.0232879 0.0103847 0.00576373 0.00546303 0.00705562 0.00947143 0.0122592 0.0151268 0.017792 0.0199838 0.0214879 0.0221893 0.0220902 0.0212955 0.0199756 0.0183189 0.0164921 0.0146177 0.0127719 0.0109959 0.00931245 0.00773914
 1.02253e-16 2.95782e-05 0.00017359 0.000825147 0.00317683 0.0099066 0.0250234 0.0512018 0.0848749 0.113992 0.124064 0.109476 0.0784608 0.0459804 0.0226707 0.0105932 0.00655458 0.00677888 0.00893798 0.011973 0.0153848 0.0188001 0.021844 0.0241638 0.0254973 0.0257301 0.0249168 0.0232567 0.0210351 0.0185512 0.0160565 0.0137198 0.011624 0.00978404 0.00817668 0.00676665
 1.01813e-16 3.2021e-05 0.000187935 0.000893356 0.00343946 0.0107256 0.0270921 0.0554342 0.0918889 0.123406 0.134294 0.118466 0.0848222 0.0495439 0.0241215 0.0107577 0.0059665 0.00563906 0.00725313 0.00968833 0.0124627 0.0152588 0.0177728 0.0197195 0.0208837 0.0211661 0.020601 0.0193377 0.017596 0.0156098 0.0135788 0.0116417 0.009872 0.00829215 0.00689455 0.00566121
 1.01618e-16 3.11717e-05 0.000182947 0.000869633 0.00334811 0.0104408 0.0263726 0.0539622 0.0894498 0.120133 0.13074 0.11535 0.0826324 0.0483475 0.0236931 0.0108273 0.00637014 0.00633018 0.00824998 0.0110217 0.0141417 0.0172523 0.020002 0.0220621 0.0231898 0.0232812 0.0223916 0.0207128 0.0185184 0.0160958 0.0136882 0.0114608 0.00949602 0.0078099 0.00637895 0.00516492
 1.02496e-16 2.48583e-05 0.000145872 0.000693356 0.00266937 0.0083241 0.0210262 0.0430239 0.0713225 0.095801 0.104295 0.0921016 0.0661604 0.0390783 0.0198382 0.0102279 0.00762005 0.00888283 0.0120677 0.0162419 0.020883 0.0255195 0.029647 0.0327837 0.034569 0.034842 0.033672 0.0313268 0.0281947 0.0246871 0.0211551 0.0178412 0.0148722 0.0122821 0.0100492 0.00813022
 1.03417e-16 2.62124e-05 0.000153829 0.000731199 0.0028151 0.00877857 0.0221741 0.045372 0.0752123 0.101018 0.109954 0.0970492 0.0696067 0.0408975 0.0203637 0.00985395 0.00656361 0.00717018 0.00962761 0.0130018 0.0168373 0.0207711 0.0244222 0.0274189 0.0294681 0.0304132 0.0302595 0.0291539 0.0273327 0.0250565 0.0225546 0.0199946 0.0174793 0.0150628 0.0127733 0.0106327
 1.02286e-16 3.27412e-05 0.000192166 0.000913476 0.00351694 0.0109673 0.0277024 0.0566827 0.0939574 0.126181 0.137306 0.121105 0.0866722 0.0505445 0.0244599 0.0106566 0.00555712 0.00495181 0.00626337 0.00836262 0.0107899 0.0132685 0.0155429 0.0173729 0.0185745 0.0190566 0.0188367 0.0180252 0.0167893 0.0153073 0.0137309 0.0121646 0.0106641 0.00924933 0.00792188 0.0066803
 1.01229e-16 3.3926e-05 0.000199121 0.000946535 0.00364422 0.0113642 0.028705 0.0587342 0.0973581 0.130749 0.142278 0.125495 0.0898221 0.0523983 0.0253873 0.0111096 0.00585722 0.00526419 0.00665034 0.00882983 0.0113046 0.0137629 0.0159162 0.0174997 0.0183204 0.0183003 0.0174918 0.0160585 0.0142298 0.0122446 0.0103028 0.0085378 0.00701239 0.00573281 0.00467144 0.00378851
 1.00541e-16 3.74237e-05 0.00021966 0.00104419 0.00402025 0.0125368 0.031667 0.0647941 0.107401 0.144229 0.156929 0.138374 0.0989462 0.0575306 0.0275178 0.0114335 0.00515287 0.00383413 0.00451629 0.00591817 0.0075543 0.00917778 0.0105862 0.0115991 0.0120866 0.0119974 0.0113698 0.0103186 0.00900402 0.00759332 0.00622726 0.00500076 0.00395936 0.00310838 0.00242794 0.00188785
 1.00385e-16 3.62754e-05 0.000212916 0.00101212 0.00389676 0.0121517 0.0306942 0.0628041 0.104103 0.139804 0.152123 0.134157 0.0959754 0.0558935 0.0269036 0.0114695 0.00560766 0.00463447 0.0056781 0.00747867 0.00952906 0.0115375 0.0132474 0.0144286 0.0149176 0.0146553 0.0137006 0.0122124 0.0104087 0.00851513 0.00672023 0.0051494 0.00385999 0.00285316 0.00209445 0.00153427
 1.00863e-16 3.01536e-05 0.000176965 0.000841185 0.00323857 0.0100991 0.0255097 0.0521971 0.0865255 0.116211 0.126484 0.111625 0.08003 0.0469577 0.0232589 0.0110437 0.00706358 0.00747038 0.00988225 0.013198 0.0168727 0.0204786 0.0235828 0.0257826 0.0267869 0.0264831 0.0249622 0.0224885 0.0194303 0.0161713 0.0130354 0.0102417 0.00789562 0.00600933 0.00453538 0.00340065
 1.01548e-16 3.08697e-05 0.000181174 0.000861207 0.00331567 0.0103396 0.0261171 0.0534394 0.0885831 0.118969 0.129473 0.114231 0.0818289 0.0478738 0.0234548 0.0107095 0.00629124 0.00624971 0.00815505 0.0109157 0.01404 0.0171803 0.0199937 0.0221559 0.0234213 0.0236756 0.0229565 0.0214337 0.0193587 0.0170014 0.0145958 0.0123079 0.0102303 0.00839634 0.00680254 0.00543002
 1.018e-16 3.05092e-05 0.000179057 0.000851141 0.00327691 0.0102187 0.0258118 0.0528147 0.087548 0.11758 0.127964 0.112906 0.0808927 0.0473528 0.0232492 0.0106989 0.00639854 0.00644645 0.00844017 0.0112951 0.0145142 0.0177389 0.0206132 0.0228027 0.0240568 0.0242641 0.0234723 0.0218667 0.0197153 0.0173022 0.0148689 0.0125819 0.0105276 0.00872867 0.00716997 0.00582243
 1.01432e-16 3.36553e-05 0.000197532 0.000938985 0.00361516 0.0112735 0.028476 0.0582656 0.0965813 0.129705 0.141141 0.124487 0.0890927 0.0519559 0.0251419 0.0109506 0.0057023 0.00506644 0.00638831 0.00849982 0.0109194 0.013353 0.0155295 0.0171972 0.0181675 0.0183552 0.0177941 0.0166204 0.0150328 0.0132417 0.0114268 0.00971227 0.00816323 0.00679787 0.00560664 0.00456985
 1.0147e-16 3.04276e-05 0.000178576 0.000848851 0.00326809 0.0101912 0.0257423 0.0526727 0.0873131 0.117266 0.127627 0.112619 0.0807093 0.0472905 0.023302 0.0108622 0.00668306 0.0068759 0.00904088 0.0120832 0.015484 0.0188544 0.0218059 0.0239756 0.0250976 0.0250625 0.0239399 0.021952 0.0194126 0.0166495 0.0139395 0.0114695 0.0093306 0.00753671 0.00605444 0.0048321
 1.01832e-16 3.03012e-05 0.000177836 0.000845335 0.00325456 0.010149 0.0256357 0.0524544 0.0869508 0.116778 0.127091 0.112136 0.0803418 0.0470318 0.0230946 0.0106333 0.00636835 0.00642605 0.00842229 0.0112822 0.0145143 0.0177643 0.0206794 0.0229259 0.0242517 0.0245401 0.0238309 0.0222994 0.0202043 0.0178222 0.0153907 0.013077 0.0109718 0.00910536 0.00747122 0.00604867
 1.0169e-16 3.22847e-05 0.000189484 0.000900719 0.00346781 0.0108141 0.0273155 0.0558912 0.0926462 0.124422 0.135399 0.119439 0.0855144 0.0499388 0.0242962 0.0108055 0.00594991 0.00558514 0.00716712 0.00956657 0.0122995 0.0150497 0.0175154 0.0194144 0.0205347 0.0207792 0.0201841 0.0189001 0.0171475 0.0151599 0.013137 0.0112166 0.00947141 0.00792243 0.00656051 0.00536581
 1.01799e-16 2.96897e-05 0.000174244 0.000828253 0.00318878 0.00994389 0.0251176 0.0513945 0.0851946 0.114422 0.124533 0.109895 0.0787692 0.0461783 0.0227999 0.0107062 0.00669412 0.00697443 0.00920857 0.0123283 0.015823 0.0193051 0.0223834 0.0246907 0.025955 0.0260597 0.0250663 0.0231888 0.0207331 0.0180206 0.0153233 0.0128266 0.010623 0.0087314 0.00712596 0.00576435
 1.03956e-16 1.71707e-05 0.000100729 0.000478718 0.00184292 0.00574683 0.0145164 0.0297051 0.0492498 0.0661719 0.0720896 0.0637817 0.0460796 0.0277458 0.0150627 0.00936173 0.0089279 0.0116739 0.0162738 0.0220171 0.0283752 0.0347609 0.0405078 0.0449697 0.0476551 0.0483335 0.0470772 0.0442203 0.0402576 0.0357181 0.0310567 0.0265917 0.0224968 0.0188305 0.0155836 0.012722
pSPR Fmed_Fpbrs
0.545757   0.345247 0.345247
Fs Fmed_Fpbrs
0.439897   1.005 1.005
SSBpbr Bo_Bmed_Bpbrs
930355  461230  274684 274684
Ro
37049.1
SPR SPRFo_SPRFmed_SPRFpbrs
761834 415777 263021
log_Ro
10.34
likeval ReclasPelacesDesembMPH_pf_preclas_ppelaces_ptallas_desvR_qrecl_qpela
 64.1769 15.0785 0.00765114 0.000208101 313.451 190.706 78.1838 0 16.146 2.0365e-05 4.92007e-05 0 0 0 0
q_reclas_q_pelaces
0.527569 2.71265
M
0.7
N
 38434.2 12343.5 4683.01 559.717 0.245476
 47642.9 17341 3388.69 1285.64 153.728
 23910.5 21634.5 4953.71 968.032 411.178
 39028.7 10187.7 4168.82 954.546 265.764
 68806.2 18729.8 4095.48 1675.87 490.568
 49300 33960.9 8957.69 1958.69 1036.12
 80818.7 23110.8 11810.4 3115.17 1041.49
 82725.2 38649 9091.29 4645.97 1635.14
 106398 38155.6 12158 2859.88 1975.88
 125112 48624.2 11338 3612.75 1436.95
 65139.8 58455.4 16566.5 3862.9 1720.46
 45936.8 28845.3 14294.8 4051.21 1365.37
 47516.5 20480.9 7357.41 3646.11 1381.58
 24029.4 19902 3550.21 1275.35 871.511
 14581.5 8789.42 1493.09 266.344 161.062
 15039 5122.06 513.461 87.2238 24.9683
 10903.9 6444.03 1022.03 102.453 22.3862
 12095.3 4885.28 1693.94 268.66 32.8165
 13767 5577 1533.81 531.839 94.6534
 23114.5 6424.68 1886.27 518.771 211.894
 28028.2 10761.1 2140.96 628.582 243.487
 37183.5 13522.7 4471.25 889.576 362.347
 59440.9 17781.1 5318.22 1758.45 492.356
 66531.3 28219.4 6686.66 1999.94 846.427
 24791.9 31619.2 10682.2 2531.18 1077.47
pred_Ctot
 2540.99 4105.69 1557.66 186.173 0.0816503
 2946.79 5466.64 1068.27 405.291 48.4619
 2463.2 10041 2299.11 449.281 190.835
 945.034 1412.57 578.025 132.352 36.8494
 300.208 498.215 108.94 44.5784 13.0491
 1991.95 7470.55 1970.47 430.864 227.92
 2154.44 3500.93 1789.1 471.9 157.77
 4253.43 10457.2 2459.81 1257.05 442.417
 6128.72 11348.2 3616.02 850.587 587.665
 5338.44 11216.7 2615.45 833.392 331.477
 5105.55 22211.4 6294.8 1467.79 653.725
 3396.34 10478.4 5192.8 1471.66 495.989
 5402.44 10168 3652.69 1810.16 685.903
 4632.78 13433.5 2396.32 860.838 588.253
 3130.22 6236.2 1059.37 188.974 114.276
 1495.8 2319.36 232.505 39.4965 11.3061
 771.342 2261.45 358.668 35.9548 7.85617
 624.447 1326.36 459.907 72.9417 8.90975
 598.514 1307.53 359.601 124.689 22.1914
 1042.64 1554.97 456.535 125.558 51.2848
 573.915 1276.66 253.998 74.5733 28.8866
 992.281 2050.48 677.986 134.888 54.9435
 1884.83 3153.79 943.28 311.893 87.328
 2060.62 4900.11 1161.09 347.276 146.976
 739.942 5309.5 1793.76 425.036 180.929
F
 0.0958751 0.592684 0.592684 0.592684 0.592684
 0.0894451 0.552934 0.552934 0.552934 0.552934
 0.153135 0.946657 0.946657 0.946657 0.946657
 0.0341804 0.211298 0.211298 0.211298 0.211298
 0.00608323 0.0376055 0.0376055 0.0376055 0.0376055
 0.0576248 0.356227 0.356227 0.356227 0.356227
 0.0376883 0.232983 0.232983 0.232983 0.232983
 0.0738513 0.456536 0.456536 0.456536 0.456536
 0.0830685 0.513515 0.513515 0.513515 0.513515
 0.0609432 0.37674 0.37674 0.37674 0.37674
 0.114588 0.708365 0.708365 0.708365 0.708365
 0.107774 0.666239 0.666239 0.666239 0.666239
 0.170255 1.05249 1.05249 1.05249 1.05249
 0.30573 1.88997 1.88997 1.88997 1.88997
 0.346197 2.14013 2.14013 2.14013 2.14013
 0.147491 0.911767 0.911767 0.911767 0.911767
 0.102898 0.636098 0.636098 0.636098 0.636098
 0.0741644 0.458471 0.458471 0.458471 0.458471
 0.0621255 0.384049 0.384049 0.384049 0.384049
 0.0645266 0.398892 0.398892 0.398892 0.398892
 0.0288369 0.178265 0.178265 0.178265 0.178265
 0.0377291 0.233235 0.233235 0.233235 0.233235
 0.0449737 0.27802 0.27802 0.27802 0.27802
 0.0439077 0.27143 0.27143 0.27143 0.27143
 0.0422812 0.261375 0.261375 0.261375 0.261375
YTP_r0W_actual
 8287.35 116809 59193.9 17469 7743.74
YTP_p0W_proyectada
 25711.6 121806 181929 80177.2 30005.1
 25711.6 120977 32280.4 43138.9 19677.6
CTP_r0_actual
 739.942 5309.5 1793.76 425.036 180.929
CTP_p0_proyectada
 3024.9 5691.89 5831.05 1969.96 645.27
 3024.9 5653.15 1034.63 1059.92 423.173
Wmedp
 8.5 21.4 31.2 40.7 46.5
nmprior
 10.6 11 7 0
nm_flota  nm_reclas  nm_pelaces    nm_pelaL
inf 17.7856 18.0353 42.9497
cv_recla  cv_pelaces  cv_mph
0.724627 0.440303 0.468032
 ------------------------------------------------
Talla a la edad & desviaci?n 
 7.2 14.2025 17.0495 18.207 18.6776
 1.08 2.13037 2.55742 2.73105 2.80164
