years
 1997 1998 1999 2000 2001 2002 2003 2004 2005 2006 2007 2008 2009 2010 2011 2012 2013 2014 2015 2016 2017 2018 2019 2020 2021
reclasobs
 0 0 0 370054 412103 1.49427e+06 250295 1.28982e+06 931140 785840 897777 1.04006e+06 184774 17550 25797 100020 73551 82996 120727 218422 84188 347160 605670 569463 516374
reclaspred
 2.01672e+06 252992 314032 95713.3 234839 240044 524236 449670 579884 1.04198e+06 934809 590290 369972 161249 97405.2 92418 102106 120746 101820 170761 299295 260898 430341 502042 427863
pelacesobs
 0 0 0 0 0 0 0 0 0 2.06254e+06 1.5e+06 0 1.87456e+06 323000 250000 174000 83755 137374 0 501740 490994 745055 786931 1.00524e+06 1.33801e+06
pelacespred
 1.20523e+06 454702 122414 88911.7 203012 138979 479173 391602 509841 935207 692911 435974 302102 102616 64229.1 64663.7 73677.9 88763.8 72891.2 129635 252026 208538 272346 367749 285723
mphobs
 0 0 0 0 0 112323 0 153150 637223 0 255016 313432 73983 77613 109348 50772 0 0 0 0 0 0 0 0 0
mphpred
 801282 343836 143128 61723.8 45250.2 127966 136128 186070 202231 279884 500766 343816 183050 109073 46053.6 36640.3 40411.2 47858.3 50336.3 46710.9 99493.9 129435 142925 202513 233932
desembarqueobs
 350755 77701 442110 56441 14545 235359 269955 359681 431902 328805 639364 411747 362871 311530 167758 66681 60226 58785 57116 73181 50977 67692 138656 160484 209506
desembarquepred
 350744 77681.7 441562 56417.3 14543.7 235196 269852 359104 431433 328546 638636 411383 362263 311032 167415 66629.9 60203.3 58743.9 57068 73106 50963.5 67652.8 138576 160404 209410
Reclutas
 5660.73 8949 1160.14 8466.79 54443.4 15274.1 54923 71444 89587.5 212298 51493.8 21452.1 56273.1 22017.5 14621.5 14636.1 9733.57 9666.69 7135.55 27672.2 29953.3 28123.4 58731.2 49256.6 1238.12
log_desv_Rt
 -1.27869 -0.820703 -2.8637 -0.876093 0.984916 -0.286085 0.993688 1.25667 1.48297 2.34575 0.929217 0.0535788 1.01797 0.0795944 -0.329754 -0.328754 -0.736664 -0.743559 -1.04716 0.308185 0.387395 0.324356 1.06073 0.884799 -2.79865
SSB
 1.94743e+06 835656 347857 150013 109976 311007 330844 452222 491500 680228 1.21706e+06 835608 444882 265090 111928 89050.3 98214.9 116314 122337 113526 241809 314577 347364 492186 568545
BT
 2.37723e+06 984341 468708 226259 375987 431867 1.0574e+06 1.08511e+06 1.30341e+06 1.97862e+06 1.7943e+06 1.14868e+06 899959 478195 253152 170466 181635 206640 180837 293319 491623 438623 587844 792112 681642
Ftot
 0.158072 0.240665 1.00117 0.564888 0.157117 1.03441 0.871018 1.50531 1.37757 0.70299 0.750585 0.606509 1.19833 2.14626 2.37373 1.03983 0.804868 0.609514 0.610644 0.79065 0.253455 0.292205 0.397215 0.390673 0.418606
BD_Bspro_t
 0.980039 0.853739 0.622429 0.276718 0.368247 0.675679 0.499321 0.522722 0.495979 0.528523 0.63273 0.464469 0.321692 0.252763 0.142885 0.14213 0.203675 0.302716 0.367252 0.407468 0.618441 0.72965 0.713563 0.720352 0.691023
BD_Bspro
 4.65776 1.99868 0.831987 0.358794 0.263035 0.743852 0.791296 1.0816 1.17555 1.62694 2.9109 1.99857 1.06405 0.63403 0.267704 0.212986 0.234906 0.278195 0.2926 0.271525 0.578347 0.752391 0.830808 1.17719 1.35982
BD_Bo
 2.05226 0.880639 0.366582 0.158088 0.115896 0.327749 0.348653 0.476565 0.517958 0.716845 1.28257 0.880589 0.46883 0.27936 0.117953 0.0938439 0.103502 0.122575 0.128922 0.119637 0.254826 0.331511 0.366062 0.51868 0.59915
BD_Brms
 5.675 2.43519 1.01369 0.437154 0.320481 0.906307 0.964114 1.31782 1.43228 1.98225 3.54663 2.43505 1.29643 0.772501 0.326171 0.259502 0.286209 0.338952 0.356503 0.330826 0.704657 0.916712 1.01225 1.43428 1.6568
S_f
 0.104656 0.689528 0.97685 0.998754 0.999934
 0.104656 0.689528 0.97685 0.998754 0.999934
 0.104656 0.689528 0.97685 0.998754 0.999934
 0.104656 0.689528 0.97685 0.998754 0.999934
 0.104656 0.689528 0.97685 0.998754 0.999934
 0.104656 0.689528 0.97685 0.998754 0.999934
 0.104656 0.689528 0.97685 0.998754 0.999934
 0.104656 0.689528 0.97685 0.998754 0.999934
 0.104656 0.689528 0.97685 0.998754 0.999934
 0.104656 0.689528 0.97685 0.998754 0.999934
 0.104656 0.689528 0.97685 0.998754 0.999934
 0.104656 0.689528 0.97685 0.998754 0.999934
 0.104656 0.689528 0.97685 0.998754 0.999934
 0.104656 0.689528 0.97685 0.998754 0.999934
 0.104656 0.689528 0.97685 0.998754 0.999934
 0.104656 0.689528 0.97685 0.998754 0.999934
 0.104656 0.689528 0.97685 0.998754 0.999934
 0.104656 0.689528 0.97685 0.998754 0.999934
 0.104656 0.689528 0.97685 0.998754 0.999934
 0.104656 0.689528 0.97685 0.998754 0.999934
 0.104656 0.689528 0.97685 0.998754 0.999934
 0.104656 0.689528 0.97685 0.998754 0.999934
 0.104656 0.689528 0.97685 0.998754 0.999934
 0.104656 0.689528 0.97685 0.998754 0.999934
 0.104656 0.689528 0.97685 0.998754 0.999934
Scru_reclas
 0.793053 0.950705 0.989802 0.997957 0.999593
 0.793053 0.950705 0.989802 0.997957 0.999593
 0.793053 0.950705 0.989802 0.997957 0.999593
 0.793053 0.950705 0.989802 0.997957 0.999593
 0.793053 0.950705 0.989802 0.997957 0.999593
 0.793053 0.950705 0.989802 0.997957 0.999593
 0.793053 0.950705 0.989802 0.997957 0.999593
 0.793053 0.950705 0.989802 0.997957 0.999593
 0.793053 0.950705 0.989802 0.997957 0.999593
 0.793053 0.950705 0.989802 0.997957 0.999593
 0.793053 0.950705 0.989802 0.997957 0.999593
 0.793053 0.950705 0.989802 0.997957 0.999593
 0.793053 0.950705 0.989802 0.997957 0.999593
 0.793053 0.950705 0.989802 0.997957 0.999593
 0.793053 0.950705 0.989802 0.997957 0.999593
 0.793053 0.950705 0.989802 0.997957 0.999593
 0.793053 0.950705 0.989802 0.997957 0.999593
 0.793053 0.950705 0.989802 0.997957 0.999593
 0.793053 0.950705 0.989802 0.997957 0.999593
 0.793053 0.950705 0.989802 0.997957 0.999593
 0.793053 0.950705 0.989802 0.997957 0.999593
 0.793053 0.950705 0.989802 0.997957 0.999593
 0.793053 0.950705 0.989802 0.997957 0.999593
 0.793053 0.950705 0.989802 0.997957 0.999593
 0.793053 0.950705 0.989802 0.997957 0.999593
Scru_pelaces
 1 1 1 1 1
 1 1 1 1 1
 1 1 1 1 1
 1 1 1 1 1
 1 1 1 1 1
 1 1 1 1 1
 1 1 1 1 1
 1 1 1 1 1
 1 1 1 1 1
 1 1 1 1 1
 1 1 1 1 1
 1 1 1 1 1
 1 1 1 1 1
 1 1 1 1 1
 1 1 1 1 1
 1 1 1 1 1
 1 1 1 1 1
 1 1 1 1 1
 1 1 1 1 1
 1 1 1 1 1
 1 1 1 1 1
 1 1 1 1 1
 1 1 1 1 1
 1 1 1 1 1
 1 1 1 1 1
pf_obs 
 0.256992 0.487395 0.22802 0.0275931 0
 0.321318 0.546541 0.124235 0.00734118 0.000564706
 0.182869 0.594174 0.210203 0.0122559 0.00049798
 0.330522 0.361315 0.267642 0.0388342 0.00168674
 0.649043 0.306663 0.0425973 0.00169635 0
 0.582887 0.30429 0.105238 0.00758474 0
 0.465427 0.430635 0.0974691 0.00646863 0
 0.296916 0.608066 0.0921331 0.00288517 0
 0.311714 0.524322 0.152257 0.0117073 0
 0.15457 0.633149 0.183074 0.0267441 0.00246327
 0.131901 0.49318 0.331252 0.0422183 0.00144891
 0.196976 0.569456 0.194076 0.0375587 0.00193317
 0.518974 0.381816 0.0799577 0.0180837 0.00116848
 0.0928022 0.601141 0.25162 0.0475244 0.00691264
 0.122501 0.610282 0.24278 0.0234846 0.000952079
 0.383417 0.481906 0.127806 0.00687128 0
 0.0376549 0.599619 0.316969 0.0457579 0
 0.0361596 0.667082 0.258105 0.0386534 0
 0.158088 0.579412 0.248529 0.0139706 0
 0.0477256 0.309471 0.559284 0.082774 0.000745712
 0.0406174 0.521527 0.379366 0.0568643 0.0016247
 0.151134 0.462217 0.34131 0.0453401 0
 0.294876 0.26143 0.354403 0.0886775 0.000613685
 0.281977 0.475581 0.204845 0.0348837 0.00271318
 0.0841818 0.532909 0.334909 0.0458182 0.00218182
pf_pred 
 0.00990475 0.652934 0.298815 0.0383447 2.10511e-06
 0.027045 0.0517877 0.676623 0.217296 0.027249
 0.00932509 0.18046 0.0615664 0.553475 0.195173
 0.206426 0.0724408 0.199873 0.0409351 0.480325
 0.599317 0.276117 0.0168929 0.0304945 0.077179
 0.0914024 0.818491 0.0688787 0.00293991 0.0182883
 0.396461 0.2621 0.320617 0.0160553 0.0047661
 0.346514 0.561874 0.0510175 0.0381962 0.00239779
 0.341471 0.55188 0.0981904 0.00480123 0.00365674
 0.449253 0.451867 0.0893216 0.00882946 0.000729109
 0.0752519 0.784872 0.122861 0.0154158 0.0015995
 0.0540462 0.337742 0.547045 0.0539305 0.00723684
 0.268968 0.237136 0.228991 0.238967 0.0259374
 0.150902 0.694094 0.0715281 0.0395127 0.0439634
 0.231991 0.546409 0.201305 0.00965147 0.0106432
 0.291526 0.579486 0.109395 0.0178951 0.00169796
 0.174033 0.631166 0.172137 0.0193251 0.00333869
 0.188008 0.489699 0.270455 0.0459782 0.00586013
 0.148402 0.530657 0.22546 0.0805002 0.0149803
 0.460637 0.300625 0.172125 0.0472061 0.0194063
 0.249126 0.650014 0.0675378 0.0242401 0.00908223
 0.169855 0.5353 0.266529 0.0191151 0.00920091
 0.286901 0.394553 0.231427 0.078942 0.0081768
 0.175962 0.596922 0.147547 0.0582233 0.0213456
 0.0050144 0.564105 0.343647 0.0571981 0.0300353
pobs_RECLAS
 0 0 0 0 0
 0 0 0 0 0
 0 0 0 0 0
 0 0 0 0 0
 0.835266 0.146461 0.0176864 0.000547809 3.91292e-05
 0.385257 0.428462 0.181853 0.0044286 0
 0.867414 0.0963971 0.0333333 0.00285562 0
 0.441836 0.489002 0.0689373 0.000224442 0
 0.779404 0.147425 0.0564933 0.0165055 0.000172143
 0.814271 0.122319 0.05973 0.00367925 0
 0.40263 0.566651 0.0304383 0.000280538 0
 0.475488 0.404961 0.113038 0.00651328 0
 0.955842 0.0263864 0.0167828 0.000988607 0
 0.975058 0.0227948 0.00214734 0 0
 0.738997 0.206755 0.0527124 0.00153531 0
 0.850938 0.134255 0.0134407 0.00136685 0
 0.542534 0.407297 0.0501686 0 0
 0.764087 0.199537 0.0359546 0.000420521 0
 0.470689 0.182191 0.310203 0.0369168 0
 0.84361 0.089868 0.0606195 0.00523954 0.000663233
 0.607945 0.314616 0.071237 0.00620181 0
 0.523733 0.453247 0.0230204 0 0
 0.530135 0.295979 0.169645 0.0042399 0
 0.562478 0.366248 0.0663022 0.0049721 0
 0.250443 0.683176 0.0655157 0.000865301 0
ppred_RECLAS
 0.0573759 0.684202 0.229399 0.0290216 1.59398e-06
 0.171887 0.0593373 0.566827 0.179437 0.0225113
 0.0674854 0.225486 0.0545676 0.482327 0.170134
 0.663993 0.0413472 0.0825506 0.0166512 0.195458
 0.900444 0.0750478 0.00336384 0.00598657 0.0151583
 0.375627 0.579387 0.0345237 0.00144861 0.00901401
 0.818212 0.0942252 0.082304 0.00405461 0.00120403
 0.769877 0.207099 0.012933 0.00949531 0.000596166
 0.764904 0.207342 0.0255904 0.00122797 0.000935434
 0.829938 0.146957 0.0209032 0.00203409 0.00016803
 0.326297 0.597398 0.0671513 0.00829294 0.000860757
 0.282214 0.312217 0.365341 0.0354678 0.00476118
 0.731463 0.109734 0.0743332 0.0761982 0.00827255
 0.549491 0.393714 0.0265453 0.0143192 0.0159309
 0.689433 0.246595 0.0582481 0.00272239 0.00300162
 0.716309 0.245161 0.0327609 0.00526826 0.000500019
 0.563548 0.357551 0.0698507 0.00771668 0.00133362
 0.595348 0.274479 0.109503 0.0183318 0.00233736
 0.524074 0.331683 0.101792 0.0357896 0.00666265
 0.848151 0.0969222 0.0397768 0.0107354 0.00441483
 0.656517 0.308643 0.023439 0.00829221 0.00310826
 0.557249 0.315888 0.114837 0.00811748 0.00390897
 0.719308 0.177061 0.0755913 0.0254075 0.0026328
 0.56345 0.342236 0.0615843 0.0239464 0.00878279
 0.0310008 0.623578 0.276304 0.0453133 0.0238043
pobs_PELACES
 0 0 0 0 0
 0 0 0 0 0
 0 0 0 0 0
 0 0 0 0 0
 0 0 0 0 0
 0 0 0 0 0
 0 0 0 0 0
 0 0 0 0 0
 0 0 0 0 0
 0 0 0 0 0
 0.450072 0.473896 0.0757376 0.000293798 0
 0 0 0 0 0
 0.463077 0.371075 0.160297 0.00555027 0
 0.529543 0.364841 0.0842815 0.0213345 0
 0.631943 0.363953 0.00410389 0 0
 0.735681 0.248677 0.0153453 0.000297389 0
 0.695825 0.281241 0.0229344 0 0
 0.275771 0.60734 0.115278 0.00161068 0
 0 0 0 0 0
 0.896147 0.0623911 0.0374545 0.00400742 0
 0.803859 0.145111 0.0509908 3.86294e-05 0
 0.739449 0.233085 0.0266225 0.000797448 4.60066e-05
 0.878498 0.100942 0.0204185 0.000141795 0
 0.694673 0.275183 0.0284847 0.00165964 0
 0.469039 0.446079 0.0841089 0.000773354 0
ppred_PELACES
 0.0709564 0.684626 0.217194 0.0272219 1.4926e-06
 0.216932 0.0596338 0.534814 0.167627 0.0209933
 0.105284 0.241885 0.0511323 0.445036 0.156662
 0.743075 0.0346116 0.0629118 0.0125349 0.146866
 0.919031 0.0619867 0.00262919 0.00463564 0.0117177
 0.470639 0.495964 0.0257336 0.00106298 0.00660092
 0.871179 0.0707383 0.0546435 0.0026532 0.000786317
 0.845149 0.14183 0.00737563 0.00531277 0.000332823
 0.838325 0.145305 0.0151161 0.000712298 0.000541432
 0.871716 0.112421 0.0143689 0.00137978 0.000113762
 0.404534 0.534497 0.0537435 0.00654728 0.000678257
 0.358849 0.294582 0.312587 0.0299668 0.00401519
 0.818734 0.0813018 0.0472166 0.0475918 0.005156
 0.694907 0.274473 0.0145019 0.0076393 0.00847815
 0.815556 0.153897 0.0278792 0.00127038 0.0013971
 0.790226 0.184586 0.0214675 0.00339833 0.000321882
 0.648533 0.293853 0.0510879 0.00556528 0.000959935
 0.67177 0.229681 0.0830694 0.0137323 0.00174762
 0.604767 0.283785 0.0789461 0.0274092 0.00509297
 0.890474 0.072871 0.0266502 0.00709325 0.00291135
 0.707798 0.264321 0.0188223 0.00659244 0.00246683
 0.619402 0.276835 0.0940231 0.00657798 0.00316208
 0.773495 0.147105 0.058092 0.0193106 0.00199744
 0.629229 0.295657 0.0492428 0.0189375 0.00693327
 0.0410299 0.635019 0.259742 0.0421215 0.0220877
pobs_pel_tallas
 0 0 0 0 0 0 0 0 0 0 0 0 0 0 0 0 0 0 0 0 0 0 0 0 0 0 0 0 0 0 0 0 0 0 0 0
 0 0 0 0 0 0 0 0 0 0 0 0 0 0 0 0 0 0 0 0 0 0 0 0 0 0 0 0 0 0 0 0 0 0 0 0
 0 0 0 0 0 0 0 0 0 0 0 0 0 0 0 0 0 0 0 0 0 0 0 0 0 0 0 0 0 0 0 0 0 0 0 0
 0 0 0 0 0 0 0 0 0 0 0 0 0 0 0 0 0 0 0 0 0 0 0 0 0 0 0 0 0 0 0 0 0 0 0 0
 0 0 0 0 0 0 0 0 0 0 0 0 0 0 0 0 0 0 0 0 0 0 0 0 0 0 0 0 0 0 0 0 0 0 0 0
 0 0 0 0 0 0 0 0 0 0 0 0 0 0 0 0 0 0 0 0 0 0 0 0 0 0 0 0 0 0 0 0 0 0 0 0
 0 0 0 0 0 0 0 0 0 0 0 0 0 0 0 0 0 0 0 0 0 0 0 0 0 0 0 0 0 0 0 0 0 0 0 0
 0 0 0 0 0 0 0 0 0 0 0 0 0 0 0 0 0 0 0 0 0 0 0 0 0 0 0 0 0 0 0 0 0 0 0 0
 0 0 0 0 0 0 0 0 0 0 0 0 0 0 0 0 0 0 0 0 0 0 0 0 0 0 0 0 0 0 0 0 0 0 0 0
 0 0 0 0 0 0 0 0 0 0 0 0 0 0 0 0 0 0 0 0 0 0 0 0 0 0 0 0 0 0 0 0 0 0 0 0
 0 0 0 0 0 0 0 0 1.78061e-05 0.00172719 0.00360574 0.0105946 0.0120993 0.0124554 0.0147524 0.0171206 0.0266825 0.0428682 0.0675386 0.121331 0.153587 0.119568 0.100827 0.0573624 0.0630603 0.0341343 0.0324427 0.0444173 0.0211091 0.0280891 0.0125444 0.00206551 0 0 0 0
 0 0 0 0 0 0 0 0 0 0 0 0 0 0 0 0 0 0 0 0 0 0 0 0 0 0 0 0 0 0 0 0 0 0 0 0
 0 0 0 0 0 0 0.0133647 0.0140871 0.0187388 0.0205184 0.03894 0.0496705 0.03968 0.0493445 0.0407372 0.0367815 0.0215668 0.0243155 0.0234873 0.0199281 0.019796 0.0243948 0.0301388 0.0376714 0.0412746 0.0863199 0.0771752 0.113111 0.0741005 0.0525337 0.0229764 0.00759418 0.00175318 0 0 0
 0 0 0 0 0 0 0 0 0 0 0.00219441 0.00772107 0.0458388 0.0604681 0.0671733 0.0775358 0.0609151 0.0617685 0.073594 0.0568108 0.0755445 0.0548602 0.0670107 0.0636378 0.0643287 0.046367 0.0373049 0.0286899 0.0247887 0.0153202 0.00654259 0.00121912 0.000365735 0 0 0
 0 0 0 0 0 0 0 0 0 0 0 0 0.000112435 0.00938835 0.0111873 0.0202946 0.0414886 0.0713402 0.111592 0.104902 0.108894 0.110636 0.117776 0.105296 0.107544 0.0401394 0.0192827 0.0124803 0.00416011 0.0028671 0.000618394 0 0 0 0 0
 0 0 0 0 0 0 0 0 0 0 0.00291406 0.0102884 0.027416 0.0768956 0.0749926 0.110853 0.0956884 0.0897413 0.0766577 0.0534642 0.0500743 0.0551293 0.0594112 0.0620874 0.0668451 0.0424026 0.0208742 0.0120726 0.0048766 0.00582813 0.00118941 0.000297354 0 0 0 0
 0 0.00264628 0.0354308 0.0461629 0.0458689 0.0383711 0.0214643 0.0164657 0.0346957 0.0420465 0.0363128 0.0245516 0.0311673 0.0291091 0.0169068 0.0133784 0.00837989 0.0085269 0.0148486 0.0160247 0.0276389 0.0546898 0.0760071 0.122758 0.109233 0.0665981 0.0333725 0.0166128 0.00676272 0.00308733 0.000882094 0 0 0 0 0
 0 0 0 0 0 0 0 0.000805153 0.000690131 0.00759144 0.0133425 0.0154129 0.00931677 0.000345066 0.00356568 0.00563607 0.00851162 0.0253048 0.0502646 0.0516448 0.0657925 0.0565908 0.0611916 0.0827007 0.0866115 0.110766 0.145733 0.0935128 0.0569358 0.0249597 0.0138026 0.00621118 0.00161031 0.00115022 0 0
 0 0 0 0 0 0 0 0 0 0 0 0 0 0 0 0 0 0 0 0 0 0 0 0 0 0 0 0 0 0 0 0 0 0 0 0
 0.00147267 0.00158595 0.00478618 0.00569244 0.00954404 0.0108468 0.00647125 0.017049 0.0510054 0.094081 0.124002 0.0959785 0.0687766 0.0820023 0.061753 0.0591476 0.0492212 0.0479892 0.0443925 0.0268479 0.0217502 0.0140895 0.0121071 0.0120363 0.00920419 0.00665534 0.0049561 0.00860946 0.00930331 0.0156896 0.0114698 0.00855282 0.00243557 0.00046729 0 2.83206e-05
 0 0 0 0 0.000772559 0.00158375 0.000888443 0.00281984 0.00712685 0.0440552 0.0773331 0.111326 0.0921469 0.0852325 0.0710754 0.0886704 0.0786465 0.0553345 0.0373146 0.0185414 0.00753245 0.00457741 0.012979 0.0271748 0.0457355 0.0583668 0.034881 0.0177882 0.00938659 0.00492506 0.0015258 0.00185414 0.000309023 5.79419e-05 3.86279e-05 0
 0 0.00173294 0.00326652 0 0.00397197 0.00683976 0.00946217 0.0152591 0.00757587 0.0136028 0.0228656 0.0392903 0.0559909 0.0764795 0.0681675 0.0726916 0.0566044 0.0477403 0.0527397 0.0444891 0.0609904 0.0582453 0.0661739 0.0445044 0.0529084 0.0360697 0.0280645 0.0235558 0.0158879 0.00826598 0.00280645 0.00217768 0.000904811 0.00058276 9.20147e-05 0
 0 0 0 0 0 0 0 0 0 0 0 0 0 0 0 0 0 0 0 0 0 0 0 0 0 0 0 0 0 0 0 0 0 0 0 0
 0 0 0 0 0 0 0 0 0 0 0 0 0 0 0 0 0 0 0 0 0 0 0 0 0 0 0 0 0 0 0 0 0 0 0 0
 0 0 0 0 0 0 0 0 0 0 0 0 0 0 0 0 0 0 0 0 0 0 0 0 0 0 0 0 0 0 0 0 0 0 0 0
ppred_pel_tallas
 1.04242e-16 3.13494e-06 1.8302e-05 8.67952e-05 0.000333824 0.00104069 0.00262946 0.00538565 0.00894796 0.0120793 0.0133093 0.0121315 0.00953917 0.00729361 0.00676947 0.00849184 0.012435 0.0184301 0.0262741 0.0356156 0.0458285 0.055998 0.0650332 0.0718725 0.0757151 0.0761985 0.073468 0.0681089 0.0609777 0.0529902 0.0449372 0.037377 0.0306158 0.0247535 0.0197605 0.0155506
 1.14352e-16 9.47543e-06 5.55823e-05 0.000264154 0.00101691 0.00317102 0.00800974 0.0163895 0.0271699 0.0364961 0.0397352 0.0350979 0.0252321 0.0149495 0.00769147 0.0041753 0.00346291 0.00445999 0.00656564 0.00960666 0.0135915 0.0185404 0.0244048 0.0310333 0.0381593 0.0454062 0.0523095 0.0583582 0.0630508 0.0659624 0.0668084 0.0654929 0.0621299 0.0570281 0.0506456 0.0435194
 1.23417e-16 4.61254e-06 2.70208e-05 0.000128343 0.000493957 0.00154019 0.0038906 0.00796265 0.0132066 0.0177595 0.0193875 0.0172478 0.0126675 0.00804344 0.00512912 0.00437179 0.00541693 0.00781194 0.0112918 0.015721 0.0209628 0.0268103 0.0329898 0.0392033 0.0451831 0.050728 0.0557097 0.0600445 0.0636476 0.0663934 0.0681025 0.0685658 0.0675973 0.0650952 0.061092 0.0557723
 1.08198e-16 3.24154e-05 0.000190266 0.000904467 0.0034823 0.0108593 0.0274294 0.0561233 0.0930268 0.124921 0.135909 0.11981 0.0856075 0.049647 0.0235105 0.00936927 0.00364032 0.0021356 0.00232275 0.0031596 0.00433021 0.00575348 0.00739429 0.00921406 0.0111632 0.0131811 0.0151958 0.0171229 0.0188649 0.020315 0.0213658 0.0219237 0.0219242 0.0213455 0.0202154 0.0186105
 1.00765e-16 4.00892e-05 0.000235314 0.00111863 0.00430686 0.0134306 0.0339245 0.0694128 0.115055 0.154501 0.168091 0.148179 0.105878 0.0614004 0.0290673 0.011556 0.00441916 0.00244983 0.00247403 0.00314476 0.00399954 0.00486036 0.00561324 0.00616432 0.00644812 0.00644105 0.00616631 0.0056859 0.00508344 0.00444318 0.00383246 0.00329204 0.00283568 0.00245653 0.00213677 0.0018567
 1.00872e-16 2.05548e-05 0.000120591 0.000573128 0.0022064 0.0068803 0.0173795 0.0355639 0.0589625 0.0792197 0.0862982 0.0763386 0.0551198 0.0331242 0.0178601 0.010902 0.0101699 0.0131307 0.0181572 0.0243568 0.0310577 0.0375298 0.0429688 0.0466239 0.0479656 0.0468143 0.0433854 0.0382278 0.032085 0.0257211 0.0197711 0.0146519 0.0105452 0.00743885 0.0051972 0.00363231
 1.00927e-16 3.80031e-05 0.000223066 0.00106039 0.00408264 0.0127314 0.0321584 0.0657993 0.109066 0.14646 0.159347 0.140481 0.1004 0.0582684 0.0276704 0.0111537 0.00451402 0.00282746 0.00309517 0.00404552 0.00523805 0.00649304 0.00768226 0.00868874 0.00941728 0.00981082 0.00985864 0.00959231 0.00907229 0.00837052 0.00755534 0.00668272 0.00579459 0.00492159 0.00408752 0.00331237
 1.0035e-16 3.68708e-05 0.000216413 0.00102875 0.00396077 0.0123513 0.0311985 0.0638357 0.105813 0.142099 0.154617 0.13635 0.09753 0.0567699 0.0272712 0.0115326 0.00549977 0.00440793 0.0053368 0.0070092 0.00891862 0.0107827 0.0123583 0.013429 0.0138431 0.0135483 0.0126047 0.011167 0.00944514 0.0076547 0.00597459 0.00452187 0.00334737 0.00244758 0.00178482 0.00130742
 1.00312e-16 3.65735e-05 0.000214666 0.00102045 0.00392881 0.0122517 0.0309466 0.0633205 0.104959 0.140953 0.153372 0.135254 0.0967528 0.0563308 0.0270851 0.0114971 0.00554765 0.00451277 0.00549672 0.00723162 0.00921148 0.0111501 0.0127983 0.0139329 0.0143955 0.0141289 0.0131903 0.0117342 0.00997235 0.00812418 0.00637348 0.00484287 0.00358885 0.00261322 0.00188277 0.00134915
 1.00294e-16 3.80281e-05 0.00022321 0.00106107 0.00408522 0.0127394 0.0321787 0.0658412 0.109136 0.146558 0.159462 0.140604 0.100532 0.0584348 0.0279168 0.011541 0.00511204 0.00370664 0.00431412 0.00563318 0.00717411 0.00869265 0.00999192 0.0108982 0.0112879 0.0111149 0.0104212 0.00932349 0.00798297 0.00656709 0.00521658 0.00402588 0.00303943 0.00226037 0.00166541 0.00121989
 1.01194e-16 1.7674e-05 0.000103674 0.000492695 0.0018967 0.00591449 0.01494 0.0305728 0.050691 0.0681165 0.0742294 0.0657257 0.0475939 0.0288759 0.016068 0.0105737 0.0106549 0.0141707 0.019728 0.026519 0.0338708 0.0410114 0.0470762 0.0512521 0.0529578 0.0519836 0.0485402 0.0431958 0.036729 0.0299459 0.0235213 0.0179047 0.0133026 0.00972024 0.00703495 0.00506875
 1.05751e-16 1.56728e-05 9.19456e-05 0.000436983 0.00168227 0.00524586 0.0132509 0.0271149 0.0449534 0.0603935 0.065779 0.0581622 0.0419414 0.0250995 0.0133517 0.00789426 0.00715103 0.00922597 0.01295 0.0177569 0.0232859 0.0291483 0.0348792 0.0399897 0.0440518 0.0467728 0.0480333 0.0478778 0.0464709 0.0440378 0.0408135 0.0370148 0.032836 0.0284564 0.0240497 0.0197846
 1.02574e-16 3.57166e-05 0.000209642 0.000996571 0.0038369 0.0119651 0.0302227 0.0618388 0.102502 0.137647 0.149762 0.132042 0.0943896 0.0548241 0.0261177 0.0106738 0.00455107 0.00313114 0.00360225 0.00477105 0.00621925 0.00776759 0.00928092 0.0106333 0.011721 0.0124795 0.0128912 0.012979 0.0127911 0.0123818 0.0117974 0.01107 0.010221 0.00926793 0.00823293 0.00714706
 1.00954e-16 3.0325e-05 0.00017797 0.000845963 0.00325696 0.0101565 0.0256546 0.0524936 0.0870173 0.116872 0.127206 0.112267 0.0804993 0.0472521 0.0234395 0.0111859 0.00722558 0.00768764 0.0101719 0.0135615 0.0172944 0.0209238 0.0239984 0.0261032 0.0269451 0.0264229 0.024652 0.0219298 0.0186595 0.0152546 0.0120569 0.0092889 0.00704509 0.00531608 0.00402777 0.0030807
 1.00555e-16 3.5581e-05 0.000208839 0.00099274 0.00382213 0.011919 0.0301063 0.0616013 0.10211 0.137127 0.149213 0.131595 0.0941525 0.0548524 0.0264412 0.0113397 0.00564523 0.00476818 0.00589446 0.00778845 0.00994929 0.0120836 0.0139294 0.015249 0.0158701 0.0157248 0.0148639 0.0134397 0.0116656 0.00976464 0.0079257 0.00627723 0.00488228 0.00374997 0.00285507 0.00215741
 1.00497e-16 3.44777e-05 0.000202359 0.000961927 0.00370348 0.011549 0.0291718 0.0596893 0.0989416 0.132876 0.144595 0.127541 0.0912953 0.0532741 0.0258415 0.0113581 0.00605657 0.00549878 0.00695647 0.00921534 0.0117554 0.0142428 0.0163666 0.0178439 0.0184728 0.0181787 0.0170316 0.0152245 0.013023 0.0107024 0.00849358 0.00655093 0.00494611 0.00368267 0.00272084 0.00200234
 1.01058e-16 2.83038e-05 0.000166102 0.000789535 0.00303969 0.00947893 0.0239432 0.0489921 0.0812141 0.109081 0.118736 0.104816 0.075208 0.0442502 0.0221443 0.0108928 0.0074687 0.00827581 0.0110809 0.0148323 0.0189765 0.0230484 0.0265656 0.0290769 0.0302544 0.0299692 0.0283193 0.0255965 0.0222085 0.0185816 0.0150762 0.0119368 0.00928292 0.00713079 0.00543123 0.00410676
 1.01808e-16 2.93144e-05 0.000172041 0.000817784 0.00314848 0.00981819 0.0248001 0.0507448 0.0841176 0.112975 0.122958 0.108502 0.0777674 0.0455831 0.0224923 0.0105403 0.00656537 0.00682864 0.00902611 0.0121109 0.0155894 0.0190897 0.0222349 0.0246663 0.0261113 0.026441 0.025694 0.0240541 0.0217956 0.0192137 0.0165645 0.0140306 0.011715 0.00965654 0.00785442 0.00629139
 1.02393e-16 2.6395e-05 0.000154896 0.000736265 0.00283459 0.00883933 0.0223276 0.0456864 0.0757348 0.101723 0.110731 0.097757 0.0701623 0.04132 0.0207508 0.0103308 0.00724818 0.00816119 0.0109982 0.0147868 0.0190143 0.023244 0.0270165 0.0298944 0.03155 0.0318366 0.0308159 0.028729 0.0259259 0.0227769 0.0195975 0.0166051 0.0139127 0.0115504 0.00949922 0.00772208
 1.00782e-16 3.88445e-05 0.000228006 0.00108388 0.00417306 0.0130134 0.0328706 0.0672565 0.111481 0.149704 0.162875 0.14359 0.102618 0.0595488 0.0282645 0.011367 0.00455558 0.00279271 0.00300747 0.00389392 0.00499609 0.0061263 0.00715295 0.00796098 0.00846369 0.00861938 0.00843846 0.00797647 0.00731677 0.00654884 0.00574982 0.004974 0.0042515 0.0035935 0.00300027 0.00246837
 1.00696e-16 3.08867e-05 0.000181269 0.000861647 0.00331735 0.0103448 0.0261303 0.0534668 0.0886301 0.119036 0.129558 0.114334 0.0819634 0.0480742 0.023778 0.0112321 0.00710391 0.00744646 0.00981522 0.013079 0.0166795 0.0201814 0.0231485 0.0251791 0.0259887 0.0254775 0.023754 0.0211035 0.0179139 0.0145848 0.0114489 0.00872469 0.00650902 0.00479826 0.00352559 0.00259808
 1.01799e-16 2.70329e-05 0.000158642 0.000754074 0.00290316 0.00905317 0.0228677 0.0467916 0.0775664 0.104182 0.113404 0.100109 0.0718339 0.0422707 0.0211657 0.0104347 0.00719172 0.00801003 0.0107675 0.0144728 0.0186122 0.0227544 0.026447 0.0292582 0.030862 0.0311085 0.0300526 0.0279265 0.0250727 0.0218584 0.0186018 0.0155289 0.0127657 0.0103556 0.00829086 0.00654061
 1.0163e-16 3.37467e-05 0.000198071 0.000941547 0.00362502 0.0113043 0.0285538 0.0584246 0.0968443 0.130057 0.14152 0.124814 0.0893091 0.052047 0.0251207 0.0108309 0.00548299 0.00473249 0.00592051 0.00788594 0.0101638 0.0124834 0.014599 0.0162805 0.017351 0.0177232 0.0174138 0.0165297 0.0152343 0.0137041 0.0120923 0.0105079 0.00901359 0.00763545 0.00637905 0.00524286
 1.01771e-16 2.7462e-05 0.00016116 0.000766041 0.00294923 0.00919684 0.0232307 0.0475342 0.0787978 0.105837 0.115208 0.101707 0.072992 0.0429754 0.0215604 0.0106956 0.00744994 0.00833943 0.0112 0.0150101 0.0192268 0.0233883 0.0270135 0.0296512 0.0309726 0.0308465 0.0293669 0.0268191 0.023602 0.0201308 0.0167538 0.0137036 0.0110902 0.00892452 0.00715701 0.00571534
 1.06374e-16 1.82804e-06 1.06338e-05 5.03494e-05 0.000193515 0.000603157 0.00152423 0.00312392 0.00519782 0.00703982 0.0078171 0.00726733 0.00601454 0.00515118 0.00557208 0.00770093 0.011646 0.0174068 0.0248995 0.033855 0.0437248 0.0536807 0.0627206 0.0698566 0.074325 0.07575 0.0742083 0.0701723 0.0643607 0.0575529 0.050428 0.0434738 0.0369723 0.0310425 0.0257066 0.0209491
pSPR Fmed_Fpbrs
0.51517   0.411631 0.411631
Fs Fmed_Fpbrs
0.640618   1.005 1.005
SSBpbr Bo_Bmed_Bpbrs
948919  441409  343159 343159
Ro
20333
SPR SPRFo_SPRFmed_SPRFpbrs
418104 215394 172104
log_Ro
9.74
likeval ReclasPelacesDesembMPH_pf_preclas_ppelaces_ptallas_desvR_qrecl_qpela
 95.2259 96.2285 0.11297 0.000181336 370.751 196.431 83.5302 0 51.3969 4.05537e-06 0 0 0 0 0
q_reclas_q_pelaces
0.751741 1
M
0.7
N
 5660.73 58973.8 19427.9 2441.99 0.133917
 8949 2764.91 26261.4 8267.22 1035.61
 1160.14 4333.41 1163.07 10308.9 3632.5
 8466.79 518.801 1078.99 217.202 2546.28
 54443.4 3963.12 174.516 308.576 780.121
 15274.1 26594.9 1765.96 74.3315 462.054
 54923 6806.67 6471.87 319.255 94.697
 71444 24897.7 1853.94 1372.47 86.1062
 89587.5 30306.8 4379 211.579 161.043
 212298 38514.9 5821.17 566.172 46.7125
 51493.8 97946.4 11778.9 1454.68 150.807
 21452.1 23639.2 28987.7 2809.77 376.7
 56273.1 9997.63 7726.86 7959.79 863.36
 22017.5 24650.6 2172.9 1190.19 1323.66
 14621.5 8733.97 2786.81 132.588 146.152
 14636.1 5663.63 844.056 136.165 12.9104
 9733.57 6518.64 1373.11 151.785 26.2014
 9666.69 4443.07 1858.35 310.628 39.5553
 7135.55 4503.69 1449.28 508.792 94.5964
 27672.2 3324.04 1467.91 396.358 162.807
 29953.3 12650.3 956.96 336.719 126.028
 28123.4 14485 5274.68 370.99 178.388
 58731.2 13545 5880.44 1968.91 203.738
 49256.6 27977.5 5114.75 1981.02 725.555
 1238.12 23480.2 10612.4 1734.12 909.713
pred_Ctot
 66.8573 4407.32 2017.01 258.827 0.0142095
 160.308 306.969 4010.65 1288.01 161.517
 83.4997 1615.9 551.285 4955.99 1747.64
 350.739 123.084 339.605 69.5529 816.122
 639.158 294.472 18.0159 32.5216 82.3097
 1134.12 10155.9 854.649 36.4784 226.922
 3459.53 2287.09 2797.71 140.099 41.5891
 7557.39 12254.3 1112.68 833.049 52.2951
 8722.39 14097 2508.13 122.64 93.4063
 10875.7 10939 2162.33 213.747 17.6506
 2810.43 29312.6 4588.49 575.733 59.7365
 952.321 5951.18 9639.21 950.283 127.517
 4804.71 4236.07 4090.57 4268.79 463.332
 3227 14843 1529.61 844.969 940.146
 2346.37 5526.4 2036.01 97.6154 107.646
 1092.17 2170.98 409.836 67.0421 6.36123
 568.251 2060.88 562.063 63.1003 10.9015
 431.199 1123.13 620.293 105.452 13.4403
 318.866 1140.2 484.439 172.968 32.1877
 1588.01 1036.38 593.388 162.739 66.9015
 564.752 1473.54 153.104 54.9506 20.5888
 610.227 1923.14 957.543 68.6736 33.0555
 1723.99 2370.88 1390.65 474.363 49.1345
 1422.49 4825.57 1192.78 470.682 172.56
 38.2633 4304.51 2622.26 436.46 229.19
F
 0.0165432 0.108995 0.154413 0.157875 0.158062
 0.0251871 0.165945 0.235094 0.240365 0.240649
 0.104778 0.690332 0.97799 0.999919 1.0011
 0.059119 0.389506 0.551811 0.564184 0.564851
 0.0164433 0.108336 0.15348 0.156921 0.157107
 0.108257 0.713253 1.01046 1.03312 1.03434
 0.0911574 0.600591 0.850854 0.869933 0.870961
 0.15754 1.03796 1.47047 1.50344 1.50522
 0.144171 0.949871 1.34568 1.37585 1.37748
 0.0735723 0.484731 0.686716 0.702115 0.702944
 0.0785533 0.517549 0.733209 0.74965 0.750535
 0.063475 0.418205 0.592469 0.605754 0.60647
 0.125413 0.826285 1.17059 1.19684 1.19826
 0.22462 1.47991 2.09658 2.14359 2.14612
 0.248426 1.63676 2.31878 2.37078 2.37358
 0.108824 0.71699 1.01576 1.03853 1.03976
 0.0842344 0.554979 0.786235 0.803865 0.804815
 0.0637894 0.420277 0.595404 0.608755 0.609474
 0.0639077 0.421056 0.596508 0.609883 0.610604
 0.0827464 0.545175 0.772346 0.789665 0.790598
 0.0265256 0.174764 0.247588 0.253139 0.253438
 0.030581 0.201483 0.28544 0.291841 0.292185
 0.041571 0.273891 0.388019 0.39672 0.397189
 0.0408864 0.26938 0.381629 0.390187 0.390648
 0.0438097 0.288641 0.408916 0.418085 0.418579
YTP_r0W_actual
 428.549 94699.2 86534.7 17938.5 9809.33
YTP_p0W_proyectada
 13997.7 4709.14 129518 68672.5 16867
 13997.7 81546.8 2166.49 31881.5 16887.9
CTP_r0_actual
 38.2633 4304.51 2622.26 436.46 229.19
CTP_p0_proyectada
 1646.79 220.053 4151.21 1687.29 362.732
 1646.79 3810.6 69.4388 783.33 363.181
Wmedp
 8.5 21.4 31.2 40.7 46.5
nmprior
 10.6 11 7 0
nm_flota  nm_reclas  nm_pelaces    nm_pelaL
inf 26.5068 20.3083 50.1158
cv_recla  cv_pelaces  cv_mph
0.882678 1.11231 0.436899
 ------------------------------------------------
Talla a la edad & desviaci?n 
 7.2 14.2025 17.0495 18.207 18.6776
 1.08 2.13037 2.55742 2.73105 2.80164
