years
 1997 1998 1999 2000 2001 2002 2003 2004 2005 2006 2007 2008 2009 2010 2011 2012 2013 2014 2015 2016 2017 2018 2019 2020 2021
reclasobs
 0 0 0 370054 412103 1.49427e+06 250295 1.28982e+06 931140 785840 897777 1.04006e+06 184774 17550 25797 100020 73551 82996 120727 218422 84188 347160 605670 569463 516374
reclaspred
 1.01774e+06 153125 198515 109863 253201 259416 573661 459000 637270 983813 830397 539524 346931 150940 93086.6 87938.7 100121 120505 107138 179028 291345 254552 430575 496621 419701
pelacesobs
 0 0 0 0 0 0 0 0 0 2.06254e+06 1.5e+06 0 1.87456e+06 323000 250000 174000 83755 137374 0 501740 490994 745055 786931 1.00524e+06 1.33801e+06
pelacespred
 876339 272566 100660 116174 241871 190442 571057 463481 641433 987081 753455 507844 333219 115989 70694.6 72081.9 85831.7 105757 95188.5 155711 287214 245276 326324 442881 365615
mphobs
 0 0 0 0 0 112323 0 153150 637223 0 255016 313432 73983 77613 109348 50772 0 0 0 0 0 0 0 0 0
mphpred
 1.2202e+06 512491 271247 128131 165842 377328 448899 560459 583995 819926 1.27273e+06 911100 526033 292093 125072 96802.5 110554 135995 147855 147593 279931 356844 415756 582173 679416
desembarqueobs
 350755 77701 442110 56441 14545 235359 269955 359681 431902 328805 639364 411747 362871 311530 167758 66681 60226 58785 57116 73181 50977 67692 138656 160484 209506
desembarquepred
 350738 77673.1 441550 56421.3 14544.3 235283 269901 359287 431574 328609 638804 411485 362456 311195 167477 66643.6 60215 58754.4 57081.3 73130.3 50967 67660.7 138600 160428 209440
Reclutas
 14113.6 26219 3882.7 22274.5 55845.6 23022.7 57268 73904 108055 200758 59698.2 29347.4 50749.3 22181.2 14707 15901.3 10947.2 10902.7 9580.38 29120.2 32810.3 34948.2 64547.9 56669.7 3767.16
log_desv_Rt
 -0.665105 -0.0457595 -1.95571 -0.208801 0.710346 -0.175762 0.735497 0.990522 1.37039 1.98985 0.777058 0.0669598 0.614653 -0.212998 -0.623918 -0.545847 -0.919157 -0.923237 -1.05253 0.0591869 0.178498 0.241623 0.855162 0.724996 -1.98592
SSB
 1.2202e+06 512491 271247 128131 165842 377328 448899 560459 583995 819926 1.27273e+06 911100 526033 292093 125072 96802.5 110554 135995 147855 147593 279931 356844 415756 582173 679416
BT
 1.79565e+06 649074 417676 270360 444992 523964 1.21432e+06 1.22099e+06 1.54011e+06 2.07322e+06 1.90401e+06 1.27926e+06 954370 505165 266325 183875 202431 236728 220018 338707 554611 503233 680725 923765 821904
Ftot
 0.211491 0.37151 1.22429 0.588064 0.0810063 0.600965 0.499558 0.890505 0.83187 0.433066 0.530485 0.49114 0.878661 1.47645 1.62083 0.704831 0.531376 0.410582 0.396552 0.477891 0.161949 0.204411 0.266241 0.257648 0.285972
BD_Bspro_t
 0.967887 0.782806 0.561331 0.242747 0.433261 0.684347 0.559515 0.569057 0.539503 0.573905 0.644471 0.487617 0.360307 0.270596 0.155673 0.152058 0.224956 0.338213 0.413354 0.472113 0.651048 0.753802 0.749102 0.752374 0.726199
BD_Bspro
 2.16201 0.90806 0.480609 0.227029 0.293848 0.668571 0.795383 0.993051 1.03475 1.45279 2.25509 1.61433 0.932053 0.517545 0.221608 0.17152 0.195886 0.240963 0.261977 0.261513 0.495997 0.632275 0.736658 1.03153 1.20383
BD_Bo
 1.3279 0.557727 0.295188 0.13944 0.18048 0.410633 0.488521 0.609928 0.635541 0.892297 1.38506 0.991518 0.572464 0.317874 0.136111 0.105347 0.120312 0.147999 0.160905 0.16062 0.304639 0.388341 0.452453 0.633559 0.739385
BD_Brms
 4.42048 1.85663 0.982659 0.464186 0.600804 1.36697 1.62625 2.0304 2.11567 2.97039 4.61077 3.30069 1.90569 1.05818 0.453103 0.350691 0.40051 0.492676 0.535641 0.534692 1.01412 1.29276 1.50618 2.10907 2.46135
S_f
 0.14537 1 1 1 1
 0.14537 1 1 1 1
 0.14537 1 1 1 1
 0.14537 1 1 1 1
 0.14537 1 1 1 1
 0.14537 1 1 1 1
 0.14537 1 1 1 1
 0.14537 1 1 1 1
 0.14537 1 1 1 1
 0.14537 1 1 1 1
 0.14537 1 1 1 1
 0.14537 1 1 1 1
 0.14537 1 1 1 1
 0.14537 1 1 1 1
 0.14537 1 1 1 1
 0.14537 1 1 1 1
 0.14537 1 1 1 1
 0.14537 1 1 1 1
 0.14537 1 1 1 1
 0.14537 1 1 1 1
 0.14537 1 1 1 1
 0.14537 1 1 1 1
 0.14537 1 1 1 1
 0.14537 1 1 1 1
 0.14537 1 1 1 1
Scru_reclas
 0.977976 1 1 1 1
 0.977976 1 1 1 1
 0.977976 1 1 1 1
 0.977976 1 1 1 1
 0.977976 1 1 1 1
 0.977976 1 1 1 1
 0.977976 1 1 1 1
 0.977976 1 1 1 1
 0.977976 1 1 1 1
 0.977976 1 1 1 1
 0.977976 1 1 1 1
 0.977976 1 1 1 1
 0.977976 1 1 1 1
 0.977976 1 1 1 1
 0.977976 1 1 1 1
 0.977976 1 1 1 1
 0.977976 1 1 1 1
 0.977976 1 1 1 1
 0.977976 1 1 1 1
 0.977976 1 1 1 1
 0.977976 1 1 1 1
 0.977976 1 1 1 1
 0.977976 1 1 1 1
 0.977976 1 1 1 1
 0.977976 1 1 1 1
Scru_pelaces
 1 1 1 1 1
 1 1 1 1 1
 1 1 1 1 1
 1 1 1 1 1
 1 1 1 1 1
 1 1 1 1 1
 1 1 1 1 1
 1 1 1 1 1
 1 1 1 1 1
 1 1 1 1 1
 1 1 1 1 1
 1 1 1 1 1
 1 1 1 1 1
 1 1 1 1 1
 1 1 1 1 1
 1 1 1 1 1
 1 1 1 1 1
 1 1 1 1 1
 1 1 1 1 1
 1 1 1 1 1
 1 1 1 1 1
 1 1 1 1 1
 1 1 1 1 1
 1 1 1 1 1
 1 1 1 1 1
pf_obs 
 0.256992 0.487395 0.22802 0.0275931 0
 0.321318 0.546541 0.124235 0.00734118 0.000564706
 0.182869 0.594174 0.210203 0.0122559 0.00049798
 0.330522 0.361315 0.267642 0.0388342 0.00168674
 0.649043 0.306663 0.0425973 0.00169635 0
 0.582887 0.30429 0.105238 0.00758474 0
 0.465427 0.430635 0.0974691 0.00646863 0
 0.296916 0.608066 0.0921331 0.00288517 0
 0.311714 0.524322 0.152257 0.0117073 0
 0.15457 0.633149 0.183074 0.0267441 0.00246327
 0.131901 0.49318 0.331252 0.0422183 0.00144891
 0.196976 0.569456 0.194076 0.0375587 0.00193317
 0.518974 0.381816 0.0799577 0.0180837 0.00116848
 0.0928022 0.601141 0.25162 0.0475244 0.00691264
 0.122501 0.610282 0.24278 0.0234846 0.000952079
 0.383417 0.481906 0.127806 0.00687128 0
 0.0376549 0.599619 0.316969 0.0457579 0
 0.0361596 0.667082 0.258105 0.0386534 0
 0.158088 0.579412 0.248529 0.0139706 0
 0.0477256 0.309471 0.559284 0.082774 0.000745712
 0.0406174 0.521527 0.379366 0.0568643 0.0016247
 0.151134 0.462217 0.34131 0.0453401 0
 0.294876 0.26143 0.354403 0.0886775 0.000613685
 0.281977 0.475581 0.204845 0.0348837 0.00271318
 0.0841818 0.532909 0.334909 0.0458182 0.00218182
pf_pred 
 0.04475 0.624686 0.291322 0.0392389 3.64177e-06
 0.144478 0.225106 0.41226 0.192257 0.0258981
 0.0384271 0.559978 0.105668 0.193521 0.102405
 0.4588 0.185588 0.207093 0.0390785 0.10944
 0.422196 0.512324 0.0224545 0.0250564 0.0179695
 0.11255 0.744903 0.126392 0.00553962 0.0106146
 0.339548 0.357272 0.254482 0.0431794 0.00551878
 0.311213 0.564274 0.0673553 0.0479765 0.0091809
 0.350376 0.539525 0.0901966 0.0107664 0.00913634
 0.378871 0.527957 0.0773816 0.0129365 0.00285456
 0.0858887 0.76659 0.125393 0.0183786 0.00375046
 0.0781005 0.421297 0.419814 0.0686698 0.0121187
 0.23875 0.324638 0.199527 0.198824 0.0382615
 0.152881 0.653697 0.0824855 0.0506967 0.0602399
 0.227301 0.565299 0.160045 0.020195 0.0271607
 0.298232 0.581549 0.0879507 0.0249002 0.00736772
 0.178797 0.662393 0.131604 0.0199031 0.0073022
 0.194569 0.532501 0.220149 0.0437391 0.0090418
 0.174478 0.55348 0.179857 0.0743574 0.0178272
 0.416805 0.372458 0.141291 0.0459135 0.0235327
 0.244457 0.651042 0.0667392 0.0253174 0.0124438
 0.195653 0.568251 0.203441 0.020855 0.0117998
 0.284958 0.46394 0.177397 0.0635104 0.0101942
 0.181959 0.619544 0.128791 0.049246 0.0204606
 0.0140317 0.625421 0.273061 0.056764 0.0307228
pobs_RECLAS
 0 0 0 0 0
 0 0 0 0 0
 0 0 0 0 0
 0 0 0 0 0
 0.835266 0.146461 0.0176864 0.000547809 3.91292e-05
 0.385257 0.428462 0.181853 0.0044286 0
 0.867414 0.0963971 0.0333333 0.00285562 0
 0.441836 0.489002 0.0689373 0.000224442 0
 0.779404 0.147425 0.0564933 0.0165055 0.000172143
 0.814271 0.122319 0.05973 0.00367925 0
 0.40263 0.566651 0.0304383 0.000280538 0
 0.475488 0.404961 0.113038 0.00651328 0
 0.955842 0.0263864 0.0167828 0.000988607 0
 0.975058 0.0227948 0.00214734 0 0
 0.738997 0.206755 0.0527124 0.00153531 0
 0.850938 0.134255 0.0134407 0.00136685 0
 0.542534 0.407297 0.0501686 0 0
 0.764087 0.199537 0.0359546 0.000420521 0
 0.470689 0.182191 0.310203 0.0369168 0
 0.84361 0.089868 0.0606195 0.00523954 0.000663233
 0.607945 0.314616 0.071237 0.00620181 0
 0.523733 0.453247 0.0230204 0 0
 0.530135 0.295979 0.169645 0.0042399 0
 0.562478 0.366248 0.0663022 0.0049721 0
 0.250443 0.683176 0.0655157 0.000865301 0
ppred_RECLAS
 0.24187 0.495779 0.231206 0.0311418 2.89027e-06
 0.537786 0.121618 0.222733 0.103871 0.013992
 0.232235 0.447113 0.0843704 0.154517 0.0817654
 0.856147 0.0493302 0.0550461 0.0103872 0.0290898
 0.831557 0.149354 0.00654602 0.00730451 0.00523852
 0.471307 0.443772 0.0752975 0.0033002 0.00632361
 0.781665 0.118109 0.0841277 0.0142745 0.00182443
 0.766116 0.191604 0.0228711 0.0162908 0.00311746
 0.795242 0.170055 0.0284294 0.00339351 0.00287972
 0.808555 0.162727 0.0238506 0.00398729 0.000879834
 0.396175 0.506378 0.0828293 0.0121401 0.0024774
 0.370872 0.287504 0.286492 0.0468621 0.00827012
 0.694243 0.130391 0.08014 0.0798578 0.0153678
 0.586502 0.319085 0.0402631 0.0247462 0.0294045
 0.702976 0.2173 0.061521 0.00776291 0.0104405
 0.75114 0.206229 0.031189 0.00883009 0.00261273
 0.603252 0.320022 0.0635819 0.00961581 0.00352791
 0.625404 0.247659 0.102388 0.0203425 0.00420523
 0.593339 0.27265 0.0885995 0.0366292 0.00878189
 0.832424 0.107023 0.0405989 0.0131929 0.00676193
 0.687155 0.269575 0.0276345 0.0104831 0.00515256
 0.623464 0.266013 0.095236 0.00976277 0.0055238
 0.731484 0.174221 0.066617 0.0238497 0.00382817
 0.603108 0.300586 0.0624859 0.0238928 0.00992693
 0.088771 0.578012 0.252362 0.0524611 0.0283939
pobs_PELACES
 0 0 0 0 0
 0 0 0 0 0
 0 0 0 0 0
 0 0 0 0 0
 0 0 0 0 0
 0 0 0 0 0
 0 0 0 0 0
 0 0 0 0 0
 0 0 0 0 0
 0 0 0 0 0
 0.450072 0.473896 0.0757376 0.000293798 0
 0 0 0 0 0
 0.463077 0.371075 0.160297 0.00555027 0
 0.529543 0.364841 0.0842815 0.0213345 0
 0.631943 0.363953 0.00410389 0 0
 0.735681 0.248677 0.0153453 0.000297389 0
 0.695825 0.281241 0.0229344 0 0
 0.275771 0.60734 0.115278 0.00161068 0
 0 0 0 0 0
 0.896147 0.0623911 0.0374545 0.00400742 0
 0.803859 0.145111 0.0509908 3.86294e-05 0
 0.739449 0.233085 0.0266225 0.000797448 4.60066e-05
 0.878498 0.100942 0.0204185 0.000141795 0
 0.694673 0.275183 0.0284847 0.00165964 0
 0.469039 0.446079 0.0841089 0.000773354 0
ppred_PELACES
 0.257207 0.485749 0.226529 0.0305118 2.8318e-06
 0.569173 0.11336 0.207608 0.0968177 0.0130419
 0.30403 0.405303 0.0764808 0.140067 0.0741194
 0.877801 0.0419045 0.04676 0.00882365 0.0247109
 0.837782 0.143834 0.00630409 0.00703455 0.00504491
 0.519206 0.403567 0.0684756 0.00300121 0.0057507
 0.808231 0.103738 0.0738915 0.0125376 0.00160244
 0.811522 0.154407 0.018431 0.0131282 0.00251225
 0.833924 0.137929 0.0230586 0.00275242 0.00233569
 0.82992 0.144567 0.021189 0.00354233 0.000781649
 0.437935 0.471357 0.0771009 0.0113005 0.00230607
 0.409099 0.270035 0.269084 0.0440147 0.00776761
 0.748403 0.107295 0.0659447 0.0657125 0.0126456
 0.687443 0.241191 0.0304342 0.0187053 0.0222264
 0.792638 0.151704 0.0429498 0.00541954 0.00728886
 0.790137 0.173912 0.0263015 0.00744638 0.00220331
 0.643633 0.28745 0.0571105 0.00863712 0.00316884
 0.65715 0.226671 0.0937115 0.0186186 0.00384885
 0.625251 0.251255 0.0816469 0.0337548 0.00809275
 0.853204 0.0937515 0.0355645 0.0115569 0.00592343
 0.701573 0.257151 0.0263609 0.00999998 0.0049151
 0.642033 0.252895 0.0905395 0.00928133 0.0052514
 0.750171 0.162096 0.061981 0.0221899 0.00356176
 0.625596 0.283555 0.0589456 0.0225391 0.00936449
 0.0974564 0.572503 0.249956 0.0519611 0.0281233
pobs_pel_tallas
 0 0 0 0 0 0 0 0 0 0 0 0 0 0 0 0 0 0 0 0 0 0 0 0 0 0 0 0 0 0 0 0 0 0 0 0
 0 0 0 0 0 0 0 0 0 0 0 0 0 0 0 0 0 0 0 0 0 0 0 0 0 0 0 0 0 0 0 0 0 0 0 0
 0 0 0 0 0 0 0 0 0 0 0 0 0 0 0 0 0 0 0 0 0 0 0 0 0 0 0 0 0 0 0 0 0 0 0 0
 0 0 0 0 0 0 0 0 0 0 0 0 0 0 0 0 0 0 0 0 0 0 0 0 0 0 0 0 0 0 0 0 0 0 0 0
 0 0 0 0 0 0 0 0 0 0 0 0 0 0 0 0 0 0 0 0 0 0 0 0 0 0 0 0 0 0 0 0 0 0 0 0
 0 0 0 0 0 0 0 0 0 0 0 0 0 0 0 0 0 0 0 0 0 0 0 0 0 0 0 0 0 0 0 0 0 0 0 0
 0 0 0 0 0 0 0 0 0 0 0 0 0 0 0 0 0 0 0 0 0 0 0 0 0 0 0 0 0 0 0 0 0 0 0 0
 0 0 0 0 0 0 0 0 0 0 0 0 0 0 0 0 0 0 0 0 0 0 0 0 0 0 0 0 0 0 0 0 0 0 0 0
 0 0 0 0 0 0 0 0 0 0 0 0 0 0 0 0 0 0 0 0 0 0 0 0 0 0 0 0 0 0 0 0 0 0 0 0
 0 0 0 0 0 0 0 0 0 0 0 0 0 0 0 0 0 0 0 0 0 0 0 0 0 0 0 0 0 0 0 0 0 0 0 0
 0 0 0 0 0 0 0 0 1.78061e-05 0.00172719 0.00360574 0.0105946 0.0120993 0.0124554 0.0147524 0.0171206 0.0266825 0.0428682 0.0675386 0.121331 0.153587 0.119568 0.100827 0.0573624 0.0630603 0.0341343 0.0324427 0.0444173 0.0211091 0.0280891 0.0125444 0.00206551 0 0 0 0
 0 0 0 0 0 0 0 0 0 0 0 0 0 0 0 0 0 0 0 0 0 0 0 0 0 0 0 0 0 0 0 0 0 0 0 0
 0 0 0 0 0 0 0.0133647 0.0140871 0.0187388 0.0205184 0.03894 0.0496705 0.03968 0.0493445 0.0407372 0.0367815 0.0215668 0.0243155 0.0234873 0.0199281 0.019796 0.0243948 0.0301388 0.0376714 0.0412746 0.0863199 0.0771752 0.113111 0.0741005 0.0525337 0.0229764 0.00759418 0.00175318 0 0 0
 0 0 0 0 0 0 0 0 0 0 0.00219441 0.00772107 0.0458388 0.0604681 0.0671733 0.0775358 0.0609151 0.0617685 0.073594 0.0568108 0.0755445 0.0548602 0.0670107 0.0636378 0.0643287 0.046367 0.0373049 0.0286899 0.0247887 0.0153202 0.00654259 0.00121912 0.000365735 0 0 0
 0 0 0 0 0 0 0 0 0 0 0 0 0.000112435 0.00938835 0.0111873 0.0202946 0.0414886 0.0713402 0.111592 0.104902 0.108894 0.110636 0.117776 0.105296 0.107544 0.0401394 0.0192827 0.0124803 0.00416011 0.0028671 0.000618394 0 0 0 0 0
 0 0 0 0 0 0 0 0 0 0 0.00291406 0.0102884 0.027416 0.0768956 0.0749926 0.110853 0.0956884 0.0897413 0.0766577 0.0534642 0.0500743 0.0551293 0.0594112 0.0620874 0.0668451 0.0424026 0.0208742 0.0120726 0.0048766 0.00582813 0.00118941 0.000297354 0 0 0 0
 0 0.00264628 0.0354308 0.0461629 0.0458689 0.0383711 0.0214643 0.0164657 0.0346957 0.0420465 0.0363128 0.0245516 0.0311673 0.0291091 0.0169068 0.0133784 0.00837989 0.0085269 0.0148486 0.0160247 0.0276389 0.0546898 0.0760071 0.122758 0.109233 0.0665981 0.0333725 0.0166128 0.00676272 0.00308733 0.000882094 0 0 0 0 0
 0 0 0 0 0 0 0 0.000805153 0.000690131 0.00759144 0.0133425 0.0154129 0.00931677 0.000345066 0.00356568 0.00563607 0.00851162 0.0253048 0.0502646 0.0516448 0.0657925 0.0565908 0.0611916 0.0827007 0.0866115 0.110766 0.145733 0.0935128 0.0569358 0.0249597 0.0138026 0.00621118 0.00161031 0.00115022 0 0
 0 0 0 0 0 0 0 0 0 0 0 0 0 0 0 0 0 0 0 0 0 0 0 0 0 0 0 0 0 0 0 0 0 0 0 0
 0.00147267 0.00158595 0.00478618 0.00569244 0.00954404 0.0108468 0.00647125 0.017049 0.0510054 0.094081 0.124002 0.0959785 0.0687766 0.0820023 0.061753 0.0591476 0.0492212 0.0479892 0.0443925 0.0268479 0.0217502 0.0140895 0.0121071 0.0120363 0.00920419 0.00665534 0.0049561 0.00860946 0.00930331 0.0156896 0.0114698 0.00855282 0.00243557 0.00046729 0 2.83206e-05
 0 0 0 0 0.000772559 0.00158375 0.000888443 0.00281984 0.00712685 0.0440552 0.0773331 0.111326 0.0921469 0.0852325 0.0710754 0.0886704 0.0786465 0.0553345 0.0373146 0.0185414 0.00753245 0.00457741 0.012979 0.0271748 0.0457355 0.0583668 0.034881 0.0177882 0.00938659 0.00492506 0.0015258 0.00185414 0.000309023 5.79419e-05 3.86279e-05 0
 0 0.00173294 0.00326652 0 0.00397197 0.00683976 0.00946217 0.0152591 0.00757587 0.0136028 0.0228656 0.0392903 0.0559909 0.0764795 0.0681675 0.0726916 0.0566044 0.0477403 0.0527397 0.0444891 0.0609904 0.0582453 0.0661739 0.0445044 0.0529084 0.0360697 0.0280645 0.0235558 0.0158879 0.00826598 0.00280645 0.00217768 0.000904811 0.00058276 9.20147e-05 0
 0 0 0 0 0 0 0 0 0 0 0 0 0 0 0 0 0 0 0 0 0 0 0 0 0 0 0 0 0 0 0 0 0 0 0 0
 0 0 0 0 0 0 0 0 0 0 0 0 0 0 0 0 0 0 0 0 0 0 0 0 0 0 0 0 0 0 0 0 0 0 0 0
 0 0 0 0 0 0 0 0 0 0 0 0 0 0 0 0 0 0 0 0 0 0 0 0 0 0 0 0 0 0 0 0 0 0 0 0
ppred_pel_tallas
 1.04423e-16 1.12483e-05 6.59528e-05 0.000313373 0.00120627 0.00376144 0.00950159 0.019445 0.0322458 0.0433459 0.0472763 0.0419566 0.0305917 0.0189808 0.0113226 0.00859422 0.00978165 0.0136035 0.0192191 0.0261011 0.0337323 0.0414558 0.0484978 0.0540948 0.0576506 0.058862 0.0577704 0.0547201 0.0502485 0.0449463 0.0393368 0.033806 0.0285905 0.0238059 0.0194941 0.015664
 1.06921e-16 2.48362e-05 0.00014576 0.000692865 0.00266754 0.00831845 0.0210117 0.0429928 0.0712656 0.0957085 0.104152 0.091875 0.0657796 0.0384167 0.0187019 0.00835268 0.00468436 0.00454359 0.00602543 0.00833112 0.0111711 0.0143856 0.0178082 0.0212474 0.0245048 0.0273984 0.0297781 0.03153 0.0325736 0.032858 0.0323624 0.0311016 0.0291357 0.0265736 0.02357 0.0203108
 1.09494e-16 1.3286e-05 7.79252e-05 0.000370311 0.00142554 0.00444523 0.0112287 0.0229781 0.0380993 0.0511981 0.0557976 0.0494172 0.0358104 0.0217799 0.0122192 0.00820001 0.00843974 0.0113608 0.0159555 0.0216622 0.0280243 0.0345075 0.0404981 0.0454005 0.0487643 0.0503795 0.0503099 0.0488466 0.0464075 0.0434158 0.0402035 0.0369644 0.0337625 0.0305775 0.0273633 0.0240958
 1.02136e-16 3.82906e-05 0.000224757 0.00106844 0.00411363 0.012828 0.0324024 0.0662984 0.109892 0.147568 0.160545 0.141521 0.101108 0.0586081 0.0276983 0.0109335 0.00406639 0.0021289 0.00210223 0.00272153 0.00357512 0.00452783 0.00550355 0.0064345 0.00726044 0.00793604 0.00843522 0.00874958 0.00888277 0.00884377 0.00864215 0.00828715 0.00779001 0.00716745 0.00644432 0.00565358
 1.00614e-16 3.65497e-05 0.000214527 0.00101978 0.00392626 0.0122437 0.0309266 0.0632794 0.104891 0.140861 0.153271 0.135165 0.0966866 0.0562877 0.0270558 0.0114696 0.00551185 0.00446062 0.00542174 0.00712861 0.00907715 0.0109842 0.0126049 0.013721 0.0141792 0.0139268 0.0130239 0.0116256 0.0099417 0.00818691 0.00653805 0.00510917 0.00394778 0.00304746 0.00236879 0.00186005
 1.01476e-16 2.26689e-05 0.000133011 0.000632192 0.00243384 0.00758958 0.019171 0.0392287 0.0650345 0.0873653 0.0951389 0.0840812 0.0605413 0.0360449 0.0188244 0.0105588 0.00889931 0.0110192 0.0151347 0.0203353 0.0260253 0.0316044 0.0364174 0.0398459 0.041441 0.0410273 0.0387411 0.0349857 0.0303232 0.0253407 0.0205339 0.0162383 0.0126167 0.00968907 0.00738524 0.0055959
 1.01589e-16 3.52596e-05 0.000206957 0.000983801 0.00378773 0.0118117 0.0298353 0.0610464 0.101189 0.135887 0.147853 0.130371 0.0932257 0.0542087 0.0259385 0.0107983 0.00490801 0.00371559 0.00444525 0.00590786 0.00766623 0.00950691 0.0112524 0.0127345 0.0138159 0.0144153 0.0145184 0.0141722 0.0134639 0.0124962 0.0113646 0.0101454 0.00889392 0.0076498 0.00644431 0.00530536
 1.00881e-16 3.54051e-05 0.000207806 0.000987829 0.00380322 0.01186 0.0299574 0.0612966 0.101605 0.136449 0.148475 0.130945 0.0936886 0.0545844 0.0263164 0.0112934 0.00563251 0.004767 0.00589654 0.00779129 0.00995232 0.0120873 0.0139358 0.015262 0.015897 0.0157759 0.0149526 0.0135814 0.0118751 0.0100538 0.00830057 0.00673597 0.0054143 0.00433655 0.00347154 0.00277628
 1.00577e-16 3.63813e-05 0.000213539 0.00101509 0.00390817 0.0121873 0.0307841 0.0629879 0.104408 0.140211 0.152564 0.134539 0.0962346 0.0560159 0.0269094 0.0113814 0.00543279 0.00436436 0.00529807 0.00697832 0.00891066 0.0108216 0.012475 0.0136581 0.0142171 0.0140922 0.0133294 0.0120657 0.0104921 0.0088077 0.0071805 0.00572375 0.00449197 0.00349142 0.00269807 0.00207518
 1.00507e-16 3.62069e-05 0.000212514 0.00101022 0.00388942 0.0121288 0.0306364 0.0626857 0.103907 0.13954 0.151835 0.1339 0.095786 0.0557722 0.0268249 0.0114015 0.00552483 0.0045199 0.0055219 0.00727744 0.00928699 0.0112678 0.012973 0.0141798 0.0147282 0.0145571 0.0137174 0.0123557 0.010675 0.00888708 0.00716981 0.00564294 0.00436334 0.00333628 0.00253437 0.00191641
 1.01745e-16 1.91279e-05 0.000112215 0.000533316 0.00205312 0.0064023 0.0161721 0.0330933 0.0548669 0.0737186 0.0803095 0.0710506 0.0513225 0.0308846 0.0167309 0.010337 0.00977947 0.0127151 0.0176427 0.0237413 0.03039 0.0369057 0.0425266 0.0465316 0.0483972 0.0479189 0.0452565 0.0408809 0.0354481 0.0296427 0.0240423 0.0190372 0.0148157 0.0114004 0.00870856 0.00661291
 1.05784e-16 1.78628e-05 0.000104806 0.000498127 0.0019177 0.00598004 0.0151053 0.030909 0.0512413 0.0688343 0.0749547 0.0662328 0.0476683 0.0283399 0.0147331 0.00817484 0.00682927 0.00850163 0.0118425 0.0162171 0.0212596 0.0266071 0.0318354 0.0365011 0.0402187 0.0427271 0.0439237 0.0438537 0.0426684 0.0405701 0.0377647 0.0344377 0.0307517 0.0268559 0.0228977 0.0190246
 1.0382e-16 3.26509e-05 0.000191641 0.000910988 0.00350738 0.0109375 0.0276271 0.0565281 0.0936999 0.125831 0.136915 0.120736 0.086354 0.0502509 0.0241168 0.0101668 0.00481779 0.0038651 0.00474763 0.0063709 0.00833283 0.0104341 0.0125045 0.0143795 0.0159214 0.017042 0.0177125 0.0179562 0.0178277 0.0173895 0.0166943 0.0157781 0.0146653 0.0133785 0.01195 0.0104266
 1.02192e-16 2.99982e-05 0.000176055 0.000836863 0.00322193 0.0100473 0.0253787 0.0519288 0.0860802 0.115611 0.125827 0.111035 0.0795831 0.0466485 0.0230188 0.0107854 0.00670932 0.0069585 0.00916633 0.0122499 0.0156909 0.0190971 0.0220766 0.0242653 0.0253998 0.0253776 0.0242778 0.0223331 0.0198652 0.0172045 0.0146231 0.0122965 0.0102992 0.00862687 0.00722972 0.00604485
 1.01187e-16 3.45816e-05 0.000202972 0.000964846 0.00371473 0.0115841 0.0292604 0.0598704 0.0992408 0.133275 0.145022 0.127901 0.0915158 0.0533282 0.0257295 0.0110754 0.00557695 0.00477814 0.00594899 0.00789332 0.010128 0.0123696 0.0143627 0.0158718 0.0167218 0.0168352 0.0162468 0.0150882 0.0135498 0.0118331 0.0101101 0.00849947 0.00706312 0.00581697 0.00474923 0.00383731
 1.00789e-16 3.44734e-05 0.000202334 0.000961813 0.00370305 0.0115476 0.0291683 0.0596822 0.0989296 0.132859 0.144574 0.127518 0.0912664 0.0532334 0.0257776 0.0112553 0.00589647 0.00526215 0.00662647 0.00878235 0.0112224 0.0136293 0.0157109 0.0172003 0.0179049 0.01775 0.0167946 0.015212 0.0132428 0.0111375 0.00910645 0.00729042 0.00575601 0.00450913 0.00351798 0.00273548
 1.0135e-16 2.80898e-05 0.000164847 0.000783568 0.00301672 0.00940729 0.0237622 0.0486218 0.0806002 0.108256 0.117838 0.104021 0.0746339 0.043905 0.0219581 0.0107798 0.00736538 0.00814659 0.0109094 0.0146143 0.0187188 0.022769 0.0262943 0.0288528 0.0301212 0.0299684 0.0284828 0.0259407 0.0227312 0.0192622 0.015879 0.0128168 0.010192 0.00802385 0.00627045 0.00486441
 1.02224e-16 2.86768e-05 0.000168298 0.00079999 0.00307996 0.00960454 0.0242604 0.0496406 0.0822873 0.110517 0.120284 0.106145 0.0760826 0.0446058 0.0220294 0.0103568 0.00649859 0.00680074 0.00901336 0.0121159 0.0156278 0.0191862 0.0224209 0.0249771 0.0265813 0.0270983 0.0265542 0.0251163 0.0230404 0.0206038 0.0180491 0.015551 0.0132117 0.0110752 0.00915146 0.00743678
 1.02779e-16 2.72868e-05 0.000160136 0.000761179 0.00293052 0.00913852 0.0230833 0.0472324 0.0782963 0.10516 0.114462 0.101028 0.0724587 0.0425699 0.021189 0.0102379 0.00679261 0.00738733 0.00988226 0.0132924 0.0171294 0.0210021 0.0245048 0.0272498 0.0289425 0.0294441 0.0287953 0.0271925 0.0249261 0.0223058 0.0195958 0.0169791 0.0145533 0.01235 0.0103635 0.0085768
 1.0121e-16 3.72202e-05 0.000218468 0.00103853 0.00399845 0.0124688 0.0314952 0.0644425 0.106817 0.143443 0.15607 0.137605 0.0983727 0.057149 0.0272457 0.0111676 0.00480594 0.00334342 0.00384075 0.00503978 0.00648485 0.00796632 0.00932144 0.0104034 0.0111005 0.0113576 0.0111857 0.0106529 0.00986225 0.00892439 0.00793439 0.00695879 0.00603436 0.00517508 0.00438262 0.00365525
 1.01032e-16 3.0615e-05 0.000179674 0.000854067 0.00328817 0.0102538 0.0259004 0.0529965 0.0878503 0.117989 0.128417 0.113325 0.0812358 0.0476389 0.0235472 0.0110979 0.00698754 0.00730441 0.00962824 0.012843 0.0164026 0.0198852 0.0228673 0.0249576 0.0258766 0.0255214 0.0239893 0.0215474 0.0185623 0.0154123 0.012413 0.00977259 0.0075846 0.00584925 0.00450867 0.00348188
 1.01932e-16 2.80187e-05 0.000164432 0.000781604 0.00300917 0.00938376 0.0237027 0.0484998 0.0803972 0.107981 0.117531 0.103733 0.0743917 0.0436904 0.0217182 0.0104457 0.00686668 0.00741883 0.00990212 0.0133036 0.0171222 0.020958 0.0243975 0.0270461 0.0286041 0.0289313 0.0280722 0.0262321 0.0237159 0.0208515 0.0179233 0.0151338 0.0125963 0.0103524 0.00839924 0.00671468
 1.01862e-16 3.27303e-05 0.000192102 0.000913168 0.00351575 0.0109635 0.027693 0.0566636 0.0939259 0.126139 0.137262 0.12107 0.0866554 0.0505512 0.0244939 0.0107239 0.00566751 0.00511822 0.00649907 0.00867754 0.0111866 0.0137389 0.0160659 0.0179149 0.0190921 0.0195022 0.0191644 0.0181975 0.0167816 0.0151109 0.0133533 0.0116273 0.00999996 0.00849817 0.00712634 0.00588168
 1.02142e-16 2.73031e-05 0.000160228 0.000761614 0.00293219 0.0091437 0.0230964 0.0472594 0.078342 0.105224 0.114538 0.101111 0.0725537 0.0426959 0.021381 0.0105431 0.00726559 0.00808441 0.0108513 0.0145588 0.0186805 0.0227747 0.0263812 0.0290663 0.0305104 0.0305796 0.0293524 0.0270883 0.0241552 0.0209377 0.0177592 0.0148377 0.0122788 0.0100989 0.00826082 0.00670827
 1.06835e-16 4.28591e-06 2.50696e-05 0.000118992 0.000457827 0.00142742 0.00360616 0.00738324 0.0122559 0.0165117 0.0181064 0.0163003 0.012387 0.00868127 0.00693248 0.00769972 0.0107903 0.0158653 0.0226471 0.030814 0.039853 0.0490183 0.0574102 0.0641381 0.0685082 0.0701688 0.0691695 0.0659106 0.0610117 0.0551469 0.0489047 0.0427087 0.0368073 0.0313127 0.0262598 0.0216571
pSPR Fmed_Fpbrs
0.53617   0.350398 0.350398
Fs Fmed_Fpbrs
0.463893   1.005 1.005
SSBpbr Bo_Bmed_Bpbrs
918893  446738  276033 276033
Ro
27446.7
SPR SPRFo_SPRFmed_SPRFpbrs
564381 302604 197758
log_Ro
10.04
likeval ReclasPelacesDesembMPH_pf_preclas_ppelaces_ptallas_desvR_qrecl_qpela
 88.6595 75.065 0.063487 0.00064603 333.145 192.072 80.4572 0 30.592 1.50951e-05 0 0 0 0 0
q_reclas_q_pelaces
0.576629 1
M
0.7
N
 14113.6 30968.5 14442.1 1945.25 0.180539
 26219 6796.41 12447 5804.65 781.917
 3882.7 12335.5 2327.71 4262.98 2255.84
 22274.5 1613.74 1800.73 339.799 951.617
 55845.6 10154.9 445.077 496.649 356.178
 23022.7 27407.4 4650.39 203.821 390.548
 57268 10476.3 7462.2 1266.16 161.828
 73904 26446.4 3156.81 2248.56 430.291
 108055 32243.4 5390.38 643.429 546.011
 200758 47546.5 6968.8 1165.03 257.075
 59698.2 93610.6 15312.1 2244.26 457.98
 29347.4 27445 27348.4 4473.44 789.462
 50749.3 13569.3 8339.85 8310.49 1599.26
 22181.2 22179.5 2798.67 1720.1 2043.9
 14707 8887.22 2516.11 317.491 427.001
 15901.3 5770.19 872.656 247.063 73.1032
 10947.2 7127.33 1416.06 214.157 78.5714
 10902.7 5032.12 2080.4 413.333 85.4448
 9580.38 5100.41 1657.41 685.216 164.281
 29120.2 4490.98 1703.64 553.611 283.75
 32810.3 13490.2 1382.89 524.599 257.846
 34948.2 15914 5697.41 584.049 330.456
 64547.9 16846.7 6441.68 2306.2 370.174
 56669.7 30836.6 6410.33 2451.13 1018.39
 3767.16 27106.8 11834.9 2460.25 1331.58
pred_Ctot
 307.855 4297.49 2004.13 269.942 0.0250533
 994.425 1549.37 2837.53 1323.28 178.253
 459.943 6702.5 1264.77 2316.3 1225.71
 1319.02 533.553 595.377 112.348 314.634
 470.493 570.931 25.0232 27.9227 20.0251
 1392.1 9213.46 1563.3 68.5177 131.289
 2897.01 3048.24 2171.23 368.405 47.0861
 6501.98 11789 1407.21 1002.34 191.811
 8913.33 13725.2 2294.54 273.891 232.423
 8841.21 12320.2 1805.75 301.882 66.6132
 3200.63 28566.9 4672.75 684.875 139.761
 1460.36 7877.6 7849.86 1284.02 226.601
 4408.76 5994.76 3684.46 3671.49 706.538
 3119.64 13339.1 1683.17 1034.5 1229.24
 2250.6 5597.24 1584.67 199.958 268.928
 1120.29 2184.56 330.381 93.5362 27.6764
 587.872 2177.9 432.705 65.4401 24.0091
 455.868 1247.63 515.8 102.479 21.1846
 387.236 1228.39 399.174 165.029 39.5657
 1411.15 1261 478.359 155.446 79.673
 549.771 1464.16 150.093 56.9374 27.9854
 737.129 2140.9 766.467 78.5716 44.456
 1766.26 2875.65 1099.57 393.658 63.1871
 1501.46 5112.27 1062.74 406.362 168.834
 110.583 4928.93 2151.98 447.356 242.126
F
 0.0307445 0.211491 0.211491 0.211491 0.211491
 0.0540065 0.37151 0.37151 0.37151 0.37151
 0.177975 1.22429 1.22429 1.22429 1.22429
 0.0854871 0.588064 0.588064 0.588064 0.588064
 0.0117759 0.0810063 0.0810063 0.0810063 0.0810063
 0.0873625 0.600965 0.600965 0.600965 0.600965
 0.072621 0.499558 0.499558 0.499558 0.499558
 0.129453 0.890505 0.890505 0.890505 0.890505
 0.120929 0.83187 0.83187 0.83187 0.83187
 0.062955 0.433066 0.433066 0.433066 0.433066
 0.0771169 0.530485 0.530485 0.530485 0.530485
 0.0713972 0.49114 0.49114 0.49114 0.49114
 0.127731 0.878661 0.878661 0.878661 0.878661
 0.214632 1.47645 1.47645 1.47645 1.47645
 0.235621 1.62083 1.62083 1.62083 1.62083
 0.102462 0.704831 0.704831 0.704831 0.704831
 0.0772463 0.531376 0.531376 0.531376 0.531376
 0.0596865 0.410582 0.410582 0.410582 0.410582
 0.0576469 0.396552 0.396552 0.396552 0.396552
 0.0694712 0.477891 0.477891 0.477891 0.477891
 0.0235426 0.161949 0.161949 0.161949 0.161949
 0.0297153 0.204411 0.204411 0.204411 0.204411
 0.0387035 0.266241 0.266241 0.266241 0.266241
 0.0374544 0.257648 0.257648 0.257648 0.257648
 0.0415719 0.285972 0.285972 0.285972 0.285972
YTP_r0W_actual
 1238.53 108436 71015.5 18386.3 10363
YTP_p0W_proyectada
 21626.5 18521.8 152176 86671 28264.5
 21626.5 114301 4908.53 36084 21271.3
CTP_r0_actual
 110.583 4928.93 2151.98 447.356 242.126
CTP_p0_proyectada
 2544.3 865.504 4877.45 2129.51 607.838
 2544.3 5341.17 157.325 886.585 457.447
Wmedp
 8.5 21.4 31.2 40.7 46.5
nmprior
 10.6 11 7 0
nm_flota  nm_reclas  nm_pelaces    nm_pelaL
inf 31.2283 23.5554 60.774
cv_recla  cv_pelaces  cv_mph
0.851702 0.982406 0.82464
 ------------------------------------------------
Talla a la edad & desviaci?n 
 7.2 14.2025 17.0495 18.207 18.6776
 1.08 2.13037 2.55742 2.73105 2.80164
