    unsorted:	 0.0007171580017 0.0008999963917 0.7721730046 5.157996486 3.622911657 19.96950028 49.74507572 40.12673125 77.21255870 84.26389473 203.7918068 137.8969622 241.5822698 357.3311822 416.7001750 463.9443721 518.1813832 544.2739513 559.1916161 600.8208237 793.7423600 770.9224223 821.6942613 837.7402757 864.1153676 876.0175067 882.5393845 738.9764673 930.6236472 939.2592120 957.9713957 988.7743412 1062.154253 1173.220878 1208.105502 1240.437960 1351.259538 1641.710055 5540.404675 194820.0437 210733.3995 292454.4810 347205.8570 412706.1843 473128.2184 510340.1461 643132.5739 677948.9071 705540.1567 810696.8018 887390.2251 982924.3004 1018898.944 1176183.682 1308563.654 1391101.332 1599020.476 1893406.469 2030271.858 2173881.336 2332123.731 2449388.090 2501536.619 2867885.733 3455043.951
      sorted:	 0.0007171580017 0.0008999963917 0.7721730046 3.622911657 5.157996486 19.96950028 40.12673125 49.74507572 77.21255870 84.26389473 137.8969622 203.7918068 241.5822698 357.3311822 416.7001750 463.9443721 518.1813832 544.2739513 559.1916161 600.8208237 738.9764673 770.9224223 793.7423600 821.6942613 837.7402757 864.1153676 876.0175067 882.5393845 930.6236472 939.2592120 957.9713957 988.7743412 1062.154253 1173.220878 1208.105502 1240.437960 1351.259538 1641.710055 5540.404675 194820.0437 210733.3995 292454.4810 347205.8570 412706.1843 473128.2184 510340.1461 643132.5739 677948.9071 705540.1567 810696.8018 887390.2251 982924.3004 1018898.944 1176183.682 1308563.654 1391101.332 1599020.476 1893406.469 2030271.858 2173881.336 2332123.731 2449388.090 2501536.619 2867885.733 3455043.951
