years
 1997 1998 1999 2000 2001 2002 2003 2004 2005 2006 2007 2008 2009 2010 2011 2012 2013 2014 2015 2016 2017 2018 2019 2020 2021
reclasobs
 0 0 0 370054 412103 1.49427e+06 250295 1.28982e+06 931140 785840 897777 1.04006e+06 184774 17550 25797 100020 73551 82996 120727 218422 84188 347160 605670 569463 516374
reclaspred
 540939 129136 285996 190091 325556 384435 839991 590586 694370 759276 633501 438901 285276 120196 67982.5 64450 77285.9 98721.9 102823 145652 215844 198988 342476 416297 427676
pelacesobs
 0 0 0 0 0 0 0 0 0 2.06254e+06 1.5e+06 0 1.87456e+06 323000 250000 174000 83755 137374 0 501740 490994 745055 786931 1.00524e+06 1.33801e+06
pelacespred
 2.28833e+06 471427 630114 665702 1.01839e+06 903200 2.55702e+06 2.00454e+06 2.22705e+06 2.41428e+06 1.73139e+06 1.26279e+06 825912 269853 158701 159430 200009 266369 272146 389627 667387 567291 776891 1.12962e+06 1.12028e+06
mphobs
 0 0 0 0 0 112323 0 153150 637223 0 255016 313432 73983 77613 109348 50772 0 0 0 0 0 0 0 0 0
mphpred
 261305 133896 133959 114402 136826 242497 337404 408409 363110 404598 451919 313522 199947 109006 44436.9 33306.8 39205.2 50212.2 60048.4 68096.1 104958 126430 157222 221030 282316
desembarqueobs
 350755 77701 442110 56441 14545 235359 269955 359681 431902 328805 639364 411747 362871 311530 167758 66681 60226 58785 57116 73181 50977 67692 138656 160484 209506
desembarquepred
 350758 77690.6 441986 56441 14544.7 235394 269987 359581 431835 328736 639041 411653 362784 311419 167496 66655.8 60236.8 58759.4 57089.3 73164.6 50975.1 67671.1 138642 160473 209489
Reclutas
 33354.9 42989.9 18050.5 31828.8 58680.9 40205 69317.2 75408.1 99129.1 125792 64431.6 47601.9 49508 24413.3 13859 13937.1 9706.96 10663.2 11951.1 19925.6 23879.8 32017.8 51077 54723.5 17270.3
log_desv_Rt
 0.014959 0.26872 -0.599072 -0.0318722 0.57987 0.201748 0.746448 0.83067 1.10418 1.34238 0.67336 0.370627 0.409889 -0.297116 -0.863309 -0.857691 -1.2194 -1.12544 -1.01142 -0.500239 -0.319212 -0.0259515 0.441089 0.510049 -0.643256
SSB
 522962 267974 268099 228959 273837 485322 675264 817369 726711 809742 904449 627467 400164 218158 88933.8 66658.5 78463.3 100492 120178 136284 210059 253031 314656 442358 565013
BT
 1.54353e+06 397710 588786 431134 579055 687928 1.60851e+06 1.51747e+06 1.63411e+06 1.65656e+06 1.52906e+06 1.0765e+06 808370 438106 224349 142859 158804 195424 199656 275036 413030 379533 526401 758799 788159
Ftot
 0.599973 0.625439 1.18395 0.302135 0.0500308 0.456744 0.309149 0.595978 0.655562 0.451816 0.794968 0.749427 1.17072 2.05541 2.39487 1.0625 0.751405 0.563395 0.47786 0.505055 0.222011 0.290159 0.346135 0.339817 0.340069
BD_Bspro_t
 0.925044 0.658116 0.555392 0.345479 0.514024 0.705004 0.642378 0.653997 0.59202 0.57151 0.56688 0.403894 0.304898 0.214196 0.111274 0.103987 0.162468 0.261988 0.351781 0.440022 0.574549 0.679815 0.690647 0.696399 0.685829
BD_Bspro
 0.773972 0.396594 0.396781 0.338853 0.405272 0.718266 0.999375 1.20969 1.07552 1.1984 1.33856 0.928637 0.592234 0.322869 0.13162 0.0986531 0.116124 0.148726 0.177861 0.201697 0.310882 0.37448 0.465683 0.654679 0.836205
BD_Bo
 0.610889 0.313028 0.313175 0.267454 0.319878 0.56692 0.788798 0.954794 0.848895 0.945886 1.05652 0.732965 0.467445 0.254838 0.103886 0.077866 0.0916555 0.117388 0.140384 0.159198 0.245376 0.295573 0.36756 0.516732 0.660009
BD_Brms
 2.04933 1.05011 1.0506 0.897219 1.07308 1.90183 2.64615 3.20302 2.84776 3.17313 3.54426 2.45885 1.56812 0.854896 0.348504 0.261214 0.307474 0.393798 0.47094 0.534056 0.823155 0.99155 1.23304 1.73346 2.21411
S_f
 0.152675 1 1 1 1
 0.152675 1 1 1 1
 0.152675 1 1 1 1
 0.152675 1 1 1 1
 0.152675 1 1 1 1
 0.152675 1 1 1 1
 0.152675 1 1 1 1
 0.152675 1 1 1 1
 0.152675 1 1 1 1
 0.152675 1 1 1 1
 0.152675 1 1 1 1
 0.152675 1 1 1 1
 0.152675 1 1 1 1
 0.152675 1 1 1 1
 0.152675 1 1 1 1
 0.152675 1 1 1 1
 0.152675 1 1 1 1
 0.152675 1 1 1 1
 0.152675 1 1 1 1
 0.152675 1 1 1 1
 0.152675 1 1 1 1
 0.152675 1 1 1 1
 0.152675 1 1 1 1
 0.152675 1 1 1 1
 0.152675 1 1 1 1
Scru_reclas
 0.8605 1 1 1 1
 0.8605 1 1 1 1
 0.8605 1 1 1 1
 0.8605 1 1 1 1
 0.8605 1 1 1 1
 0.8605 1 1 1 1
 0.8605 1 1 1 1
 0.8605 1 1 1 1
 0.8605 1 1 1 1
 0.8605 1 1 1 1
 0.8605 1 1 1 1
 0.8605 1 1 1 1
 0.8605 1 1 1 1
 0.8605 1 1 1 1
 0.8605 1 1 1 1
 0.8605 1 1 1 1
 0.8605 1 1 1 1
 0.8605 1 1 1 1
 0.8605 1 1 1 1
 0.8605 1 1 1 1
 0.8605 1 1 1 1
 0.8605 1 1 1 1
 0.8605 1 1 1 1
 0.8605 1 1 1 1
 0.8605 1 1 1 1
Scru_pelaces
 1 1 1 1 1
 1 1 1 1 1
 1 1 1 1 1
 1 1 1 1 1
 1 1 1 1 1
 1 1 1 1 1
 1 1 1 1 1
 1 1 1 1 1
 1 1 1 1 1
 1 1 1 1 1
 1 1 1 1 1
 1 1 1 1 1
 1 1 1 1 1
 1 1 1 1 1
 1 1 1 1 1
 1 1 1 1 1
 1 1 1 1 1
 1 1 1 1 1
 1 1 1 1 1
 1 1 1 1 1
 1 1 1 1 1
 1 1 1 1 1
 1 1 1 1 1
 1 1 1 1 1
 1 1 1 1 1
pf_obs 
 0.256992 0.487395 0.22802 0.0275931 0
 0.321318 0.546541 0.124235 0.00734118 0.000564706
 0.182869 0.594174 0.210203 0.0122559 0.00049798
 0.330522 0.361315 0.267642 0.0388342 0.00168674
 0.649043 0.306663 0.0425973 0.00169635 0
 0.582887 0.30429 0.105238 0.00758474 0
 0.465427 0.430635 0.0974691 0.00646863 0
 0.296916 0.608066 0.0921331 0.00288517 0
 0.311714 0.524322 0.152257 0.0117073 0
 0.15457 0.633149 0.183074 0.0267441 0.00246327
 0.131901 0.49318 0.331252 0.0422183 0.00144891
 0.196976 0.569456 0.194076 0.0375587 0.00193317
 0.518974 0.381816 0.0799577 0.0180837 0.00116848
 0.0928022 0.601141 0.25162 0.0475244 0.00691264
 0.122501 0.610282 0.24278 0.0234846 0.000952079
 0.383417 0.481906 0.127806 0.00687128 0
 0.0376549 0.599619 0.316969 0.0457579 0
 0.0361596 0.667082 0.258105 0.0386534 0
 0.158088 0.579412 0.248529 0.0139706 0
 0.0477256 0.309471 0.559284 0.082774 0.000745712
 0.0406174 0.521527 0.379366 0.0568643 0.0016247
 0.151134 0.462217 0.34131 0.0453401 0
 0.294876 0.26143 0.354403 0.0886775 0.000613685
 0.281977 0.475581 0.204845 0.0348837 0.00271318
 0.0841818 0.532909 0.334909 0.0458182 0.00218182
pf_pred 
 0.260092 0.516328 0.199269 0.024302 8.96123e-06
 0.290168 0.53673 0.120795 0.0466191 0.00568757
 0.141402 0.674106 0.139501 0.0313958 0.013595
 0.325469 0.449061 0.177022 0.0366334 0.0118147
 0.322008 0.532459 0.0968865 0.0381931 0.0104528
 0.159761 0.639493 0.157656 0.0286871 0.0144035
 0.279139 0.439074 0.214464 0.0528722 0.0144511
 0.244007 0.564431 0.11668 0.0569918 0.0178906
 0.291591 0.52398 0.137696 0.0284646 0.0182679
 0.285572 0.563624 0.111544 0.0293123 0.0099483
 0.145147 0.654537 0.158033 0.0312753 0.0110081
 0.171722 0.516844 0.238457 0.0575734 0.0154044
 0.259461 0.491861 0.155174 0.0715929 0.0219104
 0.213124 0.635723 0.100394 0.0316728 0.0190851
 0.287109 0.602777 0.0889621 0.014049 0.00710298
 0.366277 0.576451 0.048426 0.00714705 0.00169931
 0.220663 0.675876 0.0941106 0.00790596 0.00144425
 0.252225 0.545896 0.175079 0.0243784 0.00242208
 0.249011 0.559382 0.139879 0.0448617 0.00686727
 0.325949 0.494143 0.134006 0.0335095 0.0123922
 0.257275 0.595991 0.10757 0.0291717 0.00999231
 0.253399 0.534786 0.169969 0.0306774 0.0111691
 0.294613 0.507151 0.141995 0.0451298 0.011111
 0.230751 0.5877 0.130528 0.036546 0.014475
 0.074694 0.6464 0.213082 0.0473254 0.0184986
pobs_RECLAS
 0 0 0 0 0
 0 0 0 0 0
 0 0 0 0 0
 0 0 0 0 0
 0.835266 0.146461 0.0176864 0.000547809 3.91292e-05
 0.385257 0.428462 0.181853 0.0044286 0
 0.867414 0.0963971 0.0333333 0.00285562 0
 0.441836 0.489002 0.0689373 0.000224442 0
 0.779404 0.147425 0.0564933 0.0165055 0.000172143
 0.814271 0.122319 0.05973 0.00367925 0
 0.40263 0.566651 0.0304383 0.000280538 0
 0.475488 0.404961 0.113038 0.00651328 0
 0.955842 0.0263864 0.0167828 0.000988607 0
 0.975058 0.0227948 0.00214734 0 0
 0.738997 0.206755 0.0527124 0.00153531 0
 0.850938 0.134255 0.0134407 0.00136685 0
 0.542534 0.407297 0.0501686 0 0
 0.764087 0.199537 0.0359546 0.000420521 0
 0.470689 0.182191 0.310203 0.0369168 0
 0.84361 0.089868 0.0606195 0.00523954 0.000663233
 0.607945 0.314616 0.071237 0.00620181 0
 0.523733 0.453247 0.0230204 0 0
 0.530135 0.295979 0.169645 0.0042399 0
 0.562478 0.366248 0.0663022 0.0049721 0
 0.250443 0.683176 0.0655157 0.000865301 0
ppred_RECLAS
 0.674188 0.227361 0.0877465 0.0107012 3.946e-06
 0.706939 0.221594 0.0498715 0.0192472 0.00234817
 0.509283 0.385274 0.0797296 0.0179438 0.00777
 0.734751 0.176587 0.0696111 0.0144055 0.00464595
 0.728534 0.213195 0.0387931 0.0152924 0.00418529
 0.524921 0.361575 0.0891398 0.0162199 0.00814389
 0.689844 0.188915 0.0922748 0.0227487 0.00621771
 0.655083 0.257518 0.0532344 0.0260022 0.00816245
 0.708978 0.215257 0.0565668 0.0116936 0.00750465
 0.698965 0.237492 0.0470005 0.0123512 0.00419187
 0.504878 0.379101 0.0915308 0.0181143 0.0063758
 0.553369 0.278697 0.128582 0.0310452 0.00830648
 0.687884 0.207305 0.0654016 0.0301743 0.00923462
 0.663512 0.271851 0.0429311 0.0135441 0.00816125
 0.758452 0.204238 0.0301429 0.00476022 0.00240669
 0.781842 0.198442 0.0166705 0.00246036 0.000584986
 0.62859 0.322103 0.0448504 0.00376776 0.000688287
 0.664286 0.24508 0.0786018 0.0109447 0.00108739
 0.658741 0.25419 0.0635626 0.0203857 0.00312058
 0.738347 0.191817 0.0520186 0.0130077 0.00481043
 0.664152 0.269497 0.0486412 0.013191 0.00451836
 0.660647 0.243076 0.077256 0.0139438 0.00507667
 0.706367 0.211113 0.0591087 0.0187863 0.0046252
 0.633285 0.280168 0.0622251 0.0174222 0.00690048
 0.317281 0.476934 0.157218 0.0349181 0.0136489
pobs_PELACES
 0 0 0 0 0
 0 0 0 0 0
 0 0 0 0 0
 0 0 0 0 0
 0 0 0 0 0
 0 0 0 0 0
 0 0 0 0 0
 0 0 0 0 0
 0 0 0 0 0
 0 0 0 0 0
 0.450072 0.473896 0.0757376 0.000293798 0
 0 0 0 0 0
 0.463077 0.371075 0.160297 0.00555027 0
 0.529543 0.364841 0.0842815 0.0213345 0
 0.631943 0.363953 0.00410389 0 0
 0.735681 0.248677 0.0153453 0.000297389 0
 0.695825 0.281241 0.0229344 0 0
 0.275771 0.60734 0.115278 0.00161068 0
 0 0 0 0 0
 0.896147 0.0623911 0.0374545 0.00400742 0
 0.803859 0.145111 0.0509908 3.86294e-05 0
 0.739449 0.233085 0.0266225 0.000797448 4.60066e-05
 0.878498 0.100942 0.0204185 0.000141795 0
 0.694673 0.275183 0.0284847 0.00165964 0
 0.469039 0.446079 0.0841089 0.000773354 0
ppred_PELACES
 0.739851 0.181539 0.0700624 0.00854453 3.15074e-06
 0.769535 0.174263 0.0392192 0.0151361 0.00184661
 0.626781 0.293023 0.0606391 0.0136473 0.00590954
 0.77792 0.147847 0.0582819 0.012061 0.00388983
 0.759772 0.188663 0.0343292 0.0135327 0.00370369
 0.593324 0.309515 0.0763053 0.0138846 0.00697132
 0.738092 0.159527 0.0779205 0.0192099 0.00525048
 0.72279 0.206967 0.0427845 0.0208979 0.00656016
 0.772762 0.168078 0.0441689 0.00913066 0.00585984
 0.753794 0.194236 0.0384401 0.0101016 0.00342838
 0.596774 0.308739 0.0745424 0.0147522 0.00519243
 0.639706 0.224823 0.103727 0.0250439 0.00670079
 0.780373 0.145875 0.0460213 0.0212328 0.00649815
 0.802811 0.159311 0.0251586 0.00793713 0.00478267
 0.876976 0.104021 0.0153522 0.00242445 0.00122576
 0.848614 0.137705 0.0115682 0.00170732 0.000405939
 0.708172 0.253087 0.0352404 0.00296044 0.000540808
 0.729133 0.19774 0.0634189 0.0088306 0.00087735
 0.719412 0.208999 0.0522621 0.0167614 0.00256578
 0.790651 0.153472 0.04162 0.0104075 0.00384882
 0.70975 0.232908 0.0420372 0.0114 0.0039049
 0.710447 0.207405 0.0659188 0.0118976 0.00433168
 0.754884 0.176231 0.0493422 0.0156822 0.00386098
 0.688174 0.238233 0.0529114 0.0148145 0.00586764
 0.372626 0.43827 0.144473 0.0320874 0.0125424
pobs_pel_tallas
 0 0 0 0 0 0 0 0 0 0 0 0 0 0 0 0 0 0 0 0 0 0 0 0 0 0 0 0 0 0 0 0 0 0 0 0
 0 0 0 0 0 0 0 0 0 0 0 0 0 0 0 0 0 0 0 0 0 0 0 0 0 0 0 0 0 0 0 0 0 0 0 0
 0 0 0 0 0 0 0 0 0 0 0 0 0 0 0 0 0 0 0 0 0 0 0 0 0 0 0 0 0 0 0 0 0 0 0 0
 0 0 0 0 0 0 0 0 0 0 0 0 0 0 0 0 0 0 0 0 0 0 0 0 0 0 0 0 0 0 0 0 0 0 0 0
 0 0 0 0 0 0 0 0 0 0 0 0 0 0 0 0 0 0 0 0 0 0 0 0 0 0 0 0 0 0 0 0 0 0 0 0
 0 0 0 0 0 0 0 0 0 0 0 0 0 0 0 0 0 0 0 0 0 0 0 0 0 0 0 0 0 0 0 0 0 0 0 0
 0 0 0 0 0 0 0 0 0 0 0 0 0 0 0 0 0 0 0 0 0 0 0 0 0 0 0 0 0 0 0 0 0 0 0 0
 0 0 0 0 0 0 0 0 0 0 0 0 0 0 0 0 0 0 0 0 0 0 0 0 0 0 0 0 0 0 0 0 0 0 0 0
 0 0 0 0 0 0 0 0 0 0 0 0 0 0 0 0 0 0 0 0 0 0 0 0 0 0 0 0 0 0 0 0 0 0 0 0
 0 0 0 0 0 0 0 0 0 0 0 0 0 0 0 0 0 0 0 0 0 0 0 0 0 0 0 0 0 0 0 0 0 0 0 0
 0 0 0 0 0 0 0 0 1.78061e-05 0.00172719 0.00360574 0.0105946 0.0120993 0.0124554 0.0147524 0.0171206 0.0266825 0.0428682 0.0675386 0.121331 0.153587 0.119568 0.100827 0.0573624 0.0630603 0.0341343 0.0324427 0.0444173 0.0211091 0.0280891 0.0125444 0.00206551 0 0 0 0
 0 0 0 0 0 0 0 0 0 0 0 0 0 0 0 0 0 0 0 0 0 0 0 0 0 0 0 0 0 0 0 0 0 0 0 0
 0 0 0 0 0 0 0.0133647 0.0140871 0.0187388 0.0205184 0.03894 0.0496705 0.03968 0.0493445 0.0407372 0.0367815 0.0215668 0.0243155 0.0234873 0.0199281 0.019796 0.0243948 0.0301388 0.0376714 0.0412746 0.0863199 0.0771752 0.113111 0.0741005 0.0525337 0.0229764 0.00759418 0.00175318 0 0 0
 0 0 0 0 0 0 0 0 0 0 0.00219441 0.00772107 0.0458388 0.0604681 0.0671733 0.0775358 0.0609151 0.0617685 0.073594 0.0568108 0.0755445 0.0548602 0.0670107 0.0636378 0.0643287 0.046367 0.0373049 0.0286899 0.0247887 0.0153202 0.00654259 0.00121912 0.000365735 0 0 0
 0 0 0 0 0 0 0 0 0 0 0 0 0.000112435 0.00938835 0.0111873 0.0202946 0.0414886 0.0713402 0.111592 0.104902 0.108894 0.110636 0.117776 0.105296 0.107544 0.0401394 0.0192827 0.0124803 0.00416011 0.0028671 0.000618394 0 0 0 0 0
 0 0 0 0 0 0 0 0 0 0 0.00291406 0.0102884 0.027416 0.0768956 0.0749926 0.110853 0.0956884 0.0897413 0.0766577 0.0534642 0.0500743 0.0551293 0.0594112 0.0620874 0.0668451 0.0424026 0.0208742 0.0120726 0.0048766 0.00582813 0.00118941 0.000297354 0 0 0 0
 0 0.00264628 0.0354308 0.0461629 0.0458689 0.0383711 0.0214643 0.0164657 0.0346957 0.0420465 0.0363128 0.0245516 0.0311673 0.0291091 0.0169068 0.0133784 0.00837989 0.0085269 0.0148486 0.0160247 0.0276389 0.0546898 0.0760071 0.122758 0.109233 0.0665981 0.0333725 0.0166128 0.00676272 0.00308733 0.000882094 0 0 0 0 0
 0 0 0 0 0 0 0 0.000805153 0.000690131 0.00759144 0.0133425 0.0154129 0.00931677 0.000345066 0.00356568 0.00563607 0.00851162 0.0253048 0.0502646 0.0516448 0.0657925 0.0565908 0.0611916 0.0827007 0.0866115 0.110766 0.145733 0.0935128 0.0569358 0.0249597 0.0138026 0.00621118 0.00161031 0.00115022 0 0
 0 0 0 0 0 0 0 0 0 0 0 0 0 0 0 0 0 0 0 0 0 0 0 0 0 0 0 0 0 0 0 0 0 0 0 0
 0.00147267 0.00158595 0.00478618 0.00569244 0.00954404 0.0108468 0.00647125 0.017049 0.0510054 0.094081 0.124002 0.0959785 0.0687766 0.0820023 0.061753 0.0591476 0.0492212 0.0479892 0.0443925 0.0268479 0.0217502 0.0140895 0.0121071 0.0120363 0.00920419 0.00665534 0.0049561 0.00860946 0.00930331 0.0156896 0.0114698 0.00855282 0.00243557 0.00046729 0 2.83206e-05
 0 0 0 0 0.000772559 0.00158375 0.000888443 0.00281984 0.00712685 0.0440552 0.0773331 0.111326 0.0921469 0.0852325 0.0710754 0.0886704 0.0786465 0.0553345 0.0373146 0.0185414 0.00753245 0.00457741 0.012979 0.0271748 0.0457355 0.0583668 0.034881 0.0177882 0.00938659 0.00492506 0.0015258 0.00185414 0.000309023 5.79419e-05 3.86279e-05 0
 0 0.00173294 0.00326652 0 0.00397197 0.00683976 0.00946217 0.0152591 0.00757587 0.0136028 0.0228656 0.0392903 0.0559909 0.0764795 0.0681675 0.0726916 0.0566044 0.0477403 0.0527397 0.0444891 0.0609904 0.0582453 0.0661739 0.0445044 0.0529084 0.0360697 0.0280645 0.0235558 0.0158879 0.00826598 0.00280645 0.00217768 0.000904811 0.00058276 9.20147e-05 0
 0 0 0 0 0 0 0 0 0 0 0 0 0 0 0 0 0 0 0 0 0 0 0 0 0 0 0 0 0 0 0 0 0 0 0 0
 0 0 0 0 0 0 0 0 0 0 0 0 0 0 0 0 0 0 0 0 0 0 0 0 0 0 0 0 0 0 0 0 0 0 0 0
 0 0 0 0 0 0 0 0 0 0 0 0 0 0 0 0 0 0 0 0 0 0 0 0 0 0 0 0 0 0 0 0 0 0 0 0
ppred_pel_tallas
 1.01348e-16 3.22811e-05 0.000189463 0.000900617 0.00346742 0.0108128 0.0273124 0.0558848 0.0926357 0.124408 0.135384 0.119426 0.085505 0.0499339 0.0242951 0.0108078 0.0059562 0.00559753 0.00718936 0.00960402 0.0123588 0.015138 0.0176389 0.0195764 0.020733 0.021005 0.0204202 0.0191221 0.0173262 0.0152656 0.0131438 0.0111077 0.00924208 0.00758109 0.00612767 0.00487071
 1.0122e-16 3.35751e-05 0.000197061 0.00093674 0.00360651 0.0112466 0.0284079 0.0581264 0.0963508 0.129396 0.140807 0.1242 0.0889005 0.0518712 0.0251518 0.011041 0.00587185 0.00532584 0.00675242 0.00897855 0.0115101 0.0140352 0.0162632 0.0179254 0.0188239 0.0188746 0.0181238 0.0167291 0.0149155 0.0129191 0.0109397 0.00911317 0.00750743 0.00613575 0.00497853 0.00400368
 1.01702e-16 2.73552e-05 0.000160533 0.000763061 0.00293776 0.00916106 0.0231403 0.0473493 0.0784912 0.105425 0.114759 0.101311 0.0727072 0.0428067 0.0214743 0.010651 0.00741773 0.0083051 0.0111592 0.0149646 0.0191833 0.0233579 0.0270106 0.0296916 0.0310707 0.0310117 0.0296002 0.027112 0.0239366 0.020482 0.0170935 0.0140054 0.0113334 0.00909689 0.00725595 0.00574681
 1.01472e-16 3.39397e-05 0.000199203 0.000946933 0.00364576 0.011369 0.0287171 0.0587588 0.0973982 0.1308 0.14233 0.125528 0.089819 0.0523429 0.025261 0.0108868 0.005504 0.00474253 0.00592736 0.00788964 0.0101606 0.0124669 0.0145606 0.0162098 0.0172373 0.0175564 0.0171863 0.0162381 0.0148801 0.0132945 0.0116394 0.010028 0.00852505 0.00715699 0.00592773 0.00483253
 1.01187e-16 3.31499e-05 0.000194563 0.000924865 0.00356078 0.011104 0.0280477 0.0573895 0.0951298 0.127758 0.139028 0.12264 0.0878035 0.0512708 0.0249346 0.0110713 0.00606664 0.0056608 0.0072356 0.00962443 0.0123227 0.0149991 0.0173396 0.0190551 0.0199344 0.019892 0.0189848 0.0173921 0.0153651 0.0131663 0.011016 0.00906225 0.00737605 0.00596624 0.00480407 0.00384649
 1.01987e-16 2.5897e-05 0.000151971 0.000722351 0.00278101 0.00867224 0.0219056 0.0448231 0.0743046 0.099805 0.10865 0.0959368 0.0688929 0.0406467 0.0205498 0.0104556 0.00761728 0.00876332 0.0118589 0.0159334 0.0204517 0.0249399 0.0288951 0.0318405 0.0334227 0.0334905 0.0321246 0.0296054 0.0263336 0.0227319 0.0191598 0.015864 0.0129707 0.0105081 0.00844387 0.00672167
 1.02064e-16 3.22035e-05 0.000189009 0.000898466 0.00345915 0.010787 0.0272472 0.0557513 0.0924137 0.124108 0.135053 0.119123 0.0852641 0.049745 0.0241138 0.0105767 0.00561966 0.00510717 0.00650735 0.0087098 0.0112586 0.0138734 0.0162903 0.018258 0.0195796 0.0201513 0.0199792 0.0191658 0.0178747 0.0162863 0.0145595 0.012811 0.0111122 0.00950015 0.00799267 0.00660125
 1.017e-16 3.15381e-05 0.000185099 0.000879866 0.00338752 0.0105636 0.026683 0.0545972 0.0905021 0.121545 0.132275 0.116699 0.0835864 0.0488814 0.0239094 0.0108495 0.00627727 0.00615106 0.00798366 0.0106574 0.0136708 0.0166746 0.0193284 0.0213155 0.0224025 0.0224911 0.0216369 0.0200275 0.0179282 0.0156167 0.0133259 0.011212 0.00935055 0.00775265 0.00639192 0.00522911
 1.0127e-16 3.37156e-05 0.000197886 0.000940665 0.00362162 0.0112937 0.028527 0.0583699 0.0967543 0.129937 0.141395 0.124714 0.0892608 0.0520654 0.0252161 0.0110186 0.00578813 0.00518674 0.00655352 0.0087143 0.01118 0.0136474 0.0158355 0.0174842 0.0184005 0.0185003 0.0178242 0.0165201 0.0148011 0.0128918 0.0109834 0.00920742 0.00763107 0.00627037 0.00511023 0.0041236
 1.01117e-16 3.28895e-05 0.000193034 0.000917592 0.00353278 0.0110166 0.0278272 0.0569382 0.094382 0.126754 0.137938 0.121682 0.0871268 0.050894 0.0247855 0.0110632 0.00614465 0.00580578 0.0074494 0.00991526 0.0126963 0.0154539 0.0178647 0.0196301 0.0205315 0.0204797 0.0195325 0.0178739 0.0157631 0.0134713 0.0112275 0.00918702 0.00742564 0.0059552 0.004748 0.00376061
 1.01909e-16 2.60475e-05 0.000152854 0.00072655 0.00279717 0.00872265 0.0220329 0.0450837 0.0747364 0.100385 0.10928 0.0964918 0.0692879 0.0408726 0.0206507 0.010485 0.00761129 0.00873779 0.0118172 0.0158739 0.0203712 0.0248356 0.028765 0.0316839 0.0332402 0.0332839 0.0318971 0.0293608 0.0260766 0.0224677 0.0188941 0.0156028 0.0127198 0.0102726 0.00822833 0.00652926
 1.0272e-16 2.79161e-05 0.000163832 0.000778759 0.00299822 0.00934963 0.0236165 0.0483232 0.0801036 0.107585 0.117094 0.103334 0.0740753 0.0434449 0.0214862 0.0101531 0.00644255 0.00680213 0.00904592 0.0121834 0.0157479 0.0193843 0.0227281 0.0254267 0.027205 0.0279208 0.0275884 0.0263594 0.0244713 0.0221847 0.0197281 0.017268 0.0149046 0.0126865 0.0106336 0.00875534
 1.01735e-16 3.40465e-05 0.000199831 0.000949916 0.00365725 0.0114048 0.0288076 0.0589439 0.097705 0.131212 0.142777 0.12592 0.0900959 0.0524961 0.0253195 0.0108853 0.00546346 0.00466861 0.00581626 0.00773415 0.00995407 0.0122057 0.0142461 0.0158499 0.0168463 0.0171553 0.0168005 0.0158955 0.0146079 0.0131157 0.0115702 0.0100753 0.00868519 0.00741649 0.00626485 0.00522028
 1.00906e-16 3.50255e-05 0.000205577 0.000977231 0.00376241 0.0117327 0.029636 0.0606389 0.100515 0.134986 0.146885 0.129546 0.0926968 0.0540246 0.0260801 0.01125 0.00569653 0.00490454 0.00610484 0.00807893 0.010328 0.0125541 0.014489 0.0158882 0.0165752 0.0164805 0.0156563 0.0142585 0.0125042 0.0106192 0.00879257 0.00715049 0.00575204 0.00460208 0.00367227 0.00292151
 1.00393e-16 3.82572e-05 0.000224555 0.00106747 0.00410986 0.0128163 0.0323728 0.0662381 0.109794 0.147441 0.16042 0.141443 0.101121 0.0587557 0.0280292 0.0115169 0.00499459 0.00350726 0.00402667 0.00524836 0.00668892 0.00811579 0.00934597 0.0102185 0.0106183 0.0105011 0.00990356 0.00893063 0.00772819 0.006448 0.00521766 0.00412288 0.00320424 0.00246536 0.00188653 0.00143826
 1.00287e-16 3.70218e-05 0.000217299 0.00103296 0.00397701 0.012402 0.0313263 0.0640973 0.106246 0.14268 0.155249 0.136905 0.0979214 0.0569868 0.027355 0.0115332 0.00544863 0.00431613 0.00520387 0.00683186 0.00869615 0.0105196 0.0120652 0.0131216 0.0135399 0.0132673 0.0123599 0.0109659 0.00928785 0.00753468 0.00588102 0.00444255 0.00327155 0.00236784 0.00169787 0.00121381
 1.0071e-16 3.09026e-05 0.000181363 0.000862097 0.00331909 0.0103502 0.026144 0.0534947 0.088676 0.119097 0.129622 0.114385 0.0819882 0.0480651 0.02373 0.0111377 0.00695115 0.0072205 0.00950299 0.0126749 0.0161909 0.0196328 0.0225815 0.0246492 0.0255568 0.0251989 0.0236676 0.0212232 0.0182259 0.0150506 0.0120128 0.00932502 0.00708803 0.00531066 0.0039429 0.00290924
 1.0131e-16 3.18144e-05 0.000186721 0.000887582 0.00341723 0.0106563 0.026917 0.055076 0.0912954 0.12261 0.133431 0.117714 0.0843014 0.0492759 0.0240587 0.0108442 0.00617491 0.00597232 0.00772944 0.0103253 0.0132655 0.0162119 0.0188363 0.0208302 0.021962 0.0221262 0.0213637 0.019842 0.0178067 0.0155204 0.0132097 0.0110346 0.00908276 0.007383 0.00592746 0.00469246
 1.01506e-16 3.13909e-05 0.000184234 0.000875756 0.00337169 0.0105143 0.0265583 0.0543421 0.0900794 0.120978 0.131659 0.116157 0.0832029 0.0486665 0.0238218 0.0108396 0.00631371 0.00622295 0.00809273 0.0108102 0.0138738 0.0169316 0.0196388 0.0216728 0.0227945 0.0228999 0.0220408 0.0204024 0.0182508 0.0158664 0.0134874 0.0112775 0.00932006 0.00763445 0.00620123 0.00498601
 1.01179e-16 3.4495e-05 0.000202463 0.00096243 0.00370542 0.011555 0.0291871 0.0597204 0.0989923 0.132941 0.144659 0.127583 0.0912906 0.0532023 0.0256787 0.0110705 0.00559926 0.0048207 0.00601168 0.00797813 0.0102362 0.0125004 0.0145127 0.0160351 0.0168908 0.0170017 0.0164037 0.01523 0.0136734 0.0119377 0.0101965 0.00856948 0.00711866 0.00585975 0.00478063 0.00385843
 1.01247e-16 3.09706e-05 0.000181764 0.000864009 0.00332645 0.0103732 0.026202 0.0536133 0.088872 0.119359 0.129902 0.114622 0.0821341 0.0481035 0.0236618 0.0109609 0.00664962 0.00676614 0.00886587 0.0118358 0.0151529 0.0184305 0.0212846 0.0233578 0.02439 0.0242766 0.0230904 0.0210563 0.018489 0.0157175 0.0130187 0.0105794 0.00848978 0.00676151 0.0053579 0.00422285
 1.01615e-16 3.1e-05 0.000181939 0.000864844 0.00332968 0.0103833 0.0262274 0.053665 0.0889571 0.119471 0.130019 0.114712 0.0821711 0.0480695 0.0235422 0.0107346 0.00628509 0.00622526 0.00811406 0.0108549 0.0139543 0.0170647 0.019844 0.0219697 0.0231992 0.0234218 0.0226789 0.0211439 0.0190709 0.0167312 0.0143578 0.0121142 0.0100889 0.00831008 0.00676902 0.0054423
 1.01478e-16 3.29364e-05 0.00019331 0.00091891 0.00353786 0.0110325 0.0278672 0.05702 0.094517 0.126934 0.13813 0.121842 0.087221 0.0509083 0.0247171 0.0109058 0.00588142 0.0054114 0.00689844 0.00919262 0.0118073 0.0144315 0.0167724 0.0185575 0.019583 0.0197577 0.0191201 0.0178201 0.0160753 0.0141161 0.0121387 0.0102785 0.00860584 0.00713958 0.00586783 0.00476738
 1.01612e-16 3.003e-05 0.000176242 0.000837752 0.00322535 0.0100579 0.0254056 0.0519839 0.0861716 0.115733 0.12596 0.111151 0.0796647 0.0466928 0.0230344 0.010783 0.00669671 0.00694054 0.00914765 0.0122373 0.0156946 0.0191306 0.0221545 0.0244002 0.0255976 0.0256332 0.0245721 0.0226326 0.0201251 0.0173749 0.0146577 0.0121603 0.00997597 0.00812173 0.00656874 0.00527037
 1.03883e-16 1.6279e-05 9.54921e-05 0.000453817 0.00174704 0.00544781 0.0137611 0.02816 0.0466893 0.0627355 0.0683561 0.0605029 0.0437637 0.0264571 0.0145549 0.00933833 0.00920077 0.0121773 0.0170125 0.0230168 0.0296513 0.0363026 0.0422719 0.0468813 0.0496168 0.0502396 0.04883 0.0457442 0.0415078 0.0366822 0.0317497 0.0270484 0.0227619 0.0189506 0.0156014 0.0126737
pSPR Fmed_Fpbrs
0.498684   0.348092 0.348092
Fs Fmed_Fpbrs
0.534868   1.005 1.005
SSBpbr Bo_Bmed_Bpbrs
856068  384104  255187 255187
Ro
32859.6
SPR SPRFo_SPRFmed_SPRFpbrs
675686 336954 235201
log_Ro
10.22
likeval ReclasPelacesDesembMPH_pf_preclas_ppelaces_ptallas_desvR_qrecl_qpela
 68.1773 13.5425 0.0197915 0.000214524 314.126 189.036 78.9212 0 17.2271 1.09502e-05 6.7406e-05 0 0 0 0
q_reclas_q_pelaces
0.625681 3.21572
M
0.7
N
 33354.9 12480.6 4816.71 587.426 0.21661
 42989.9 15113.7 3401.46 1312.74 160.156
 18050.5 19403.9 4015.51 903.72 391.329
 31828.8 7481.35 2949.18 610.311 196.833
 58680.9 15093.2 2746.37 1082.63 296.299
 40205 28918.4 7129.3 1297.25 651.339
 69317.2 18620.4 9095.07 2242.23 612.848
 75408.1 32835 6787.68 3315.42 1040.76
 99129.1 34189.7 8984.63 1857.32 1191.98
 125792 44537.7 8814.18 2316.26 786.116
 64431.6 58302.6 14076.7 2785.83 980.544
 47601.9 28338.8 13074.7 3156.78 844.631
 49508 21082.7 6651.26 3068.69 939.15
 24413.3 20561 3247.02 1024.38 617.262
 13859 8857.98 1307.32 206.455 104.38
 13937.1 4774.54 401.096 59.1966 14.0748
 9706.96 5884.59 819.384 68.8341 12.5745
 10663.2 4297.88 1378.41 191.933 19.0692
 11951.1 4858.77 1214.98 389.666 59.6488
 19925.6 5517.16 1496.19 374.137 138.361
 23879.8 9160.46 1653.36 448.373 153.583
 32017.8 11463.1 3643.28 657.571 239.409
 51077 15210.6 4258.76 1353.54 333.244
 54723.5 24058.5 5343.38 1496.07 592.557
 17270.3 25801 8505.14 1888.99 738.371
pred_Ctot
 2110.79 4190.28 1617.18 197.224 0.0727253
 2831.21 5236.95 1178.62 454.869 55.4944
 2169.12 10340.8 2139.96 481.615 208.548
 1034.66 1427.56 562.748 116.457 37.5587
 321.266 531.231 96.6631 38.105 10.4287
 1955.44 7827.29 1929.68 351.125 176.297
 2304.52 3624.92 1770.58 436.504 119.306
 4741.52 10968 2267.32 1107.46 347.648
 6829.18 12271.8 3224.88 666.652 427.842
 6054.07 11948.7 2364.7 621.416 210.902
 5333.33 24050.5 5806.79 1149.19 404.486
 3725.71 11213.6 5173.61 1249.12 334.217
 5887.94 11161.8 3521.36 1624.65 497.212
 4814.93 14362.3 2268.12 715.557 431.172
 3117.03 6544.1 965.826 152.525 77.1142
 1515 2384.32 200.3 29.5617 7.02871
 761.652 2332.89 324.837 27.2886 4.98503
 635.201 1374.78 440.918 61.3945 6.09975
 607.279 1364.2 341.131 109.407 16.7477
 1068.18 1619.37 439.156 109.815 40.6111
 573.472 1328.48 239.775 65.0244 22.2731
 1000.35 2111.19 670.991 121.106 44.0924
 1896.57 3264.78 914.092 290.522 71.5269
 1995.72 5082.91 1128.91 316.08 125.191
 630.291 5454.52 1798.05 399.346 156.097
F
 0.091601 0.599973 0.599973 0.599973 0.599973
 0.095489 0.625439 0.625439 0.625439 0.625439
 0.180759 1.18395 1.18395 1.18395 1.18395
 0.0461284 0.302135 0.302135 0.302135 0.302135
 0.00763845 0.0500308 0.0500308 0.0500308 0.0500308
 0.0697334 0.456744 0.456744 0.456744 0.456744
 0.0471994 0.309149 0.309149 0.309149 0.309149
 0.0909909 0.595978 0.595978 0.595978 0.595978
 0.100088 0.655562 0.655562 0.655562 0.655562
 0.068981 0.451816 0.451816 0.451816 0.451816
 0.121372 0.794968 0.794968 0.794968 0.794968
 0.114419 0.749427 0.749427 0.749427 0.749427
 0.178739 1.17072 1.17072 1.17072 1.17072
 0.31381 2.05541 2.05541 2.05541 2.05541
 0.365637 2.39487 2.39487 2.39487 2.39487
 0.162217 1.0625 1.0625 1.0625 1.0625
 0.114721 0.751405 0.751405 0.751405 0.751405
 0.0860164 0.563395 0.563395 0.563395 0.563395
 0.0729573 0.47786 0.47786 0.47786 0.47786
 0.0771093 0.505055 0.505055 0.505055 0.505055
 0.0338955 0.222011 0.222011 0.222011 0.222011
 0.0443 0.290159 0.290159 0.290159 0.290159
 0.0528462 0.346135 0.346135 0.346135 0.346135
 0.0518816 0.339817 0.339817 0.339817 0.339817
 0.0519201 0.340069 0.340069 0.340069 0.340069
YTP_r0W_actual
 7059.26 119999 59335.7 16413.1 6680.96
YTP_p0W_proyectada
 20656.6 84037.8 137218 59005.9 20264.6
 20656.6 103517 22271.2 32537 14481.6
CTP_r0_actual
 630.291 5454.52 1798.05 399.346 156.097
CTP_p0_proyectada
 2430.19 3927 4398 1449.78 435.797
 2430.19 4837.25 713.82 799.435 311.431
Wmedp
 8.5 21.4 31.2 40.7 46.5
nmprior
 10.6 11 7 0
nm_flota  nm_reclas  nm_pelaces    nm_pelaL
inf 18.4642 16.3818 37.9028
cv_recla  cv_pelaces  cv_mph
0.74687 0.417274 0.4752
 ------------------------------------------------
Talla a la edad & desviaci?n 
 7.2 14.2025 17.0495 18.207 18.6776
 1.08 2.13037 2.55742 2.73105 2.80164
