years
 1997 1998 1999 2000 2001 2002 2003 2004 2005 2006 2007 2008 2009 2010 2011 2012 2013 2014 2015 2016 2017 2018 2019 2020 2021
reclasobs
 0 0 0 370054 412103 1.49427e+06 250295 1.28982e+06 931140 785840 897777 1.04006e+06 184774 17550 25797 100020 73551 82996 120727 218422 84188 347160 605670 569463 516374
reclaspred
 367184 96476 272260 205562 327723 390709 875266 601938 704172 674279 539093 362214 223408 102789 71544.7 72955.2 90954.1 122445 126286 185905 274135 247690 425101 528113 573725
pelacesobs
 0 0 0 0 0 0 0 0 0 2.06254e+06 1.5e+06 0 1.87456e+06 323000 250000 174000 83755 137374 0 501740 490994 745055 786931 1.00524e+06 1.33801e+06
pelacespred
 907688 211394 372426 425698 585476 581448 1.51201e+06 1.26611e+06 1.32792e+06 1.27849e+06 922519 641185 394251 150397 103090 112836 147076 200771 213568 304703 499797 442606 598862 882890 958467
mphobs
 0 0 0 0 0 112323 0 153150 637223 0 255016 313432 73983 77613 109348 50772 0 0 0 0 0 0 0 0 0
mphpred
 139532 79314.1 92203.1 105181 121372 202874 304508 365424 323326 344563 340595 241976 148838 78777.6 37488.2 32166.4 39160.9 53683.7 65532.4 73866.8 114524 137133 169139 238635 316991
desembarqueobs
 350755 77701 442110 56441 14545 235359 269955 359681 431902 328805 639364 411747 362871 311530 167758 66681 60226 58785 57116 73181 50977 67692 138656 160484 209506
desembarquepred
 350756 77696.9 442056 56441.2 14545.1 235391 269980 359660 431900 328798 639464 411926 363105 311868 167759 66687.2 60242.3 58783.8 57110 73175.9 50976.2 67684.3 138651 160482 209501
Reclutas
 42646.9 55956 31149.8 55906.1 98188 68060.7 113448 112498 145316 151038 67902.4 39483.4 43471.1 23239.6 17702.7 21440.1 17242.3 18930.3 20722.7 40642.4 50204.2 61498 100810 114692 38185.4
log_desv_Rt
 -0.15929 0.112322 -0.473436 0.11143 0.67464 0.308155 0.819096 0.810694 1.06667 1.10528 0.305826 -0.236365 -0.140149 -0.766385 -1.03853 -0.846983 -1.06488 -0.97148 -0.881014 -0.207433 0.00385421 0.20676 0.700995 0.83001 -0.269792
SSB
 621608 353339 410759 468573 540705 903792 1.35656e+06 1.62794e+06 1.4404e+06 1.53501e+06 1.51733e+06 1.07799e+06 663064 350949 167008 143299 174459 239157 291943 329072 510195 610919 753502 1.0631e+06 1.41217e+06
BT
 1.90513e+06 511224 909189 822200 1.05973e+06 1.22608e+06 2.89186e+06 2.67399e+06 2.77276e+06 2.60532e+06 2.22763e+06 1.52682e+06 1.06337e+06 569612 327169 257170 312688 406603 431795 605481 936373 856293 1.16816e+06 1.71311e+06 1.88134e+06
Ftot
 0.486595 0.445058 0.699653 0.140625 0.0249544 0.232794 0.147042 0.282801 0.306849 0.229949 0.449501 0.414287 0.662725 1.16513 1.11846 0.446034 0.319597 0.219508 0.189645 0.200752 0.0890026 0.11627 0.141098 0.137534 0.130826
BD_Bspro_t
 0.93943 0.718326 0.661396 0.513958 0.671645 0.816277 0.781922 0.791917 0.744252 0.718662 0.693777 0.544864 0.430603 0.320782 0.203358 0.215116 0.322998 0.481356 0.587565 0.668369 0.773497 0.842052 0.845437 0.848376 0.847255
BD_Bspro
 0.60446 0.343592 0.399428 0.455647 0.525789 0.87886 1.31914 1.58303 1.40066 1.49266 1.47547 1.04825 0.644772 0.341268 0.162401 0.139346 0.169646 0.23256 0.283889 0.319994 0.496121 0.594066 0.732716 1.03378 1.37322
BD_Bo
 0.520348 0.29578 0.343846 0.392243 0.452624 0.756564 1.13558 1.36275 1.20576 1.28495 1.27016 0.902384 0.555051 0.29378 0.139802 0.119956 0.14604 0.200199 0.244385 0.275466 0.427084 0.511401 0.630757 0.889924 1.18213
BD_Brms
 1.79812 1.0221 1.1882 1.35544 1.56409 2.61439 3.92412 4.70913 4.16663 4.4403 4.38917 3.11829 1.91804 1.01519 0.483102 0.414521 0.504657 0.691809 0.844501 0.951904 1.47584 1.7672 2.17965 3.07523 4.08498
S_f
 0.180751 1 1 1 1
 0.180751 1 1 1 1
 0.180751 1 1 1 1
 0.180751 1 1 1 1
 0.180751 1 1 1 1
 0.180751 1 1 1 1
 0.180751 1 1 1 1
 0.180751 1 1 1 1
 0.180751 1 1 1 1
 0.180751 1 1 1 1
 0.180751 1 1 1 1
 0.180751 1 1 1 1
 0.180751 1 1 1 1
 0.180751 1 1 1 1
 0.180751 1 1 1 1
 0.180751 1 1 1 1
 0.180751 1 1 1 1
 0.180751 1 1 1 1
 0.180751 1 1 1 1
 0.180751 1 1 1 1
 0.180751 1 1 1 1
 0.180751 1 1 1 1
 0.180751 1 1 1 1
 0.180751 1 1 1 1
 0.180751 1 1 1 1
Scru_reclas
 1 1 1 1 1
 1 1 1 1 1
 1 1 1 1 1
 1 1 1 1 1
 1 1 1 1 1
 1 1 1 1 1
 1 1 1 1 1
 1 1 1 1 1
 1 1 1 1 1
 1 1 1 1 1
 1 1 1 1 1
 1 1 1 1 1
 1 1 1 1 1
 1 1 1 1 1
 1 1 1 1 1
 1 1 1 1 1
 1 1 1 1 1
 1 1 1 1 1
 1 1 1 1 1
 1 1 1 1 1
 1 1 1 1 1
 1 1 1 1 1
 1 1 1 1 1
 1 1 1 1 1
 1 1 1 1 1
Scru_pelaces
 1 1 1 1 1
 1 1 1 1 1
 1 1 1 1 1
 1 1 1 1 1
 1 1 1 1 1
 1 1 1 1 1
 1 1 1 1 1
 1 1 1 1 1
 1 1 1 1 1
 1 1 1 1 1
 1 1 1 1 1
 1 1 1 1 1
 1 1 1 1 1
 1 1 1 1 1
 1 1 1 1 1
 1 1 1 1 1
 1 1 1 1 1
 1 1 1 1 1
 1 1 1 1 1
 1 1 1 1 1
 1 1 1 1 1
 1 1 1 1 1
 1 1 1 1 1
 1 1 1 1 1
 1 1 1 1 1
pf_obs 
 0.256992 0.487395 0.22802 0.0275931 0
 0.321318 0.546541 0.124235 0.00734118 0.000564706
 0.182869 0.594174 0.210203 0.0122559 0.00049798
 0.330522 0.361315 0.267642 0.0388342 0.00168674
 0.649043 0.306663 0.0425973 0.00169635 0
 0.582887 0.30429 0.105238 0.00758474 0
 0.465427 0.430635 0.0974691 0.00646863 0
 0.296916 0.608066 0.0921331 0.00288517 0
 0.311714 0.524322 0.152257 0.0117073 0
 0.15457 0.633149 0.183074 0.0267441 0.00246327
 0.131901 0.49318 0.331252 0.0422183 0.00144891
 0.196976 0.569456 0.194076 0.0375587 0.00193317
 0.518974 0.381816 0.0799577 0.0180837 0.00116848
 0.0928022 0.601141 0.25162 0.0475244 0.00691264
 0.122501 0.610282 0.24278 0.0234846 0.000952079
 0.383417 0.481906 0.127806 0.00687128 0
 0.0376549 0.599619 0.316969 0.0457579 0
 0.0361596 0.667082 0.258105 0.0386534 0
 0.158088 0.579412 0.248529 0.0139706 0
 0.0477256 0.309471 0.559284 0.082774 0.000745712
 0.0406174 0.521527 0.379366 0.0568643 0.0016247
 0.151134 0.462217 0.34131 0.0453401 0
 0.294876 0.26143 0.354403 0.0886775 0.000613685
 0.281977 0.475581 0.204845 0.0348837 0.00271318
 0.0841818 0.532909 0.334909 0.0458182 0.00218182
pf_pred 
 0.308164 0.485201 0.184485 0.0221394 1.11109e-05
 0.315046 0.518157 0.116979 0.0444782 0.00534037
 0.173985 0.626628 0.150833 0.0340522 0.014502
 0.325986 0.418217 0.194051 0.0467094 0.015036
 0.328884 0.497054 0.108003 0.0501132 0.0159456
 0.1678 0.609829 0.164697 0.0357865 0.0218883
 0.269857 0.40468 0.238496 0.0644108 0.0225559
 0.219353 0.535836 0.135686 0.0799661 0.0291593
 0.26057 0.472929 0.182926 0.0463212 0.0372538
 0.230965 0.532509 0.151279 0.0585138 0.0267337
 0.114479 0.57476 0.215183 0.0611306 0.0344479
 0.110649 0.417614 0.306187 0.114633 0.0509167
 0.19746 0.365756 0.205102 0.150377 0.0813058
 0.17164 0.540162 0.131346 0.0736535 0.083199
 0.247694 0.506089 0.160554 0.0390404 0.0466219
 0.32384 0.514577 0.1087 0.0344844 0.0183988
 0.213717 0.602317 0.140003 0.0295743 0.0143882
 0.225411 0.492635 0.215986 0.0502039 0.0157646
 0.221251 0.49895 0.177951 0.078019 0.0238293
 0.333882 0.420912 0.157105 0.0560316 0.0320691
 0.26597 0.552535 0.114685 0.0428061 0.0240047
 0.242083 0.512519 0.184721 0.0383411 0.0223359
 0.294329 0.459323 0.166585 0.0600405 0.019722
 0.240896 0.539911 0.142674 0.0517442 0.0247756
 0.0782004 0.600724 0.228364 0.0603462 0.0323653
pobs_RECLAS
 0 0 0 0 0
 0 0 0 0 0
 0 0 0 0 0
 0 0 0 0 0
 0.835266 0.146461 0.0176864 0.000547809 3.91292e-05
 0.385257 0.428462 0.181853 0.0044286 0
 0.867414 0.0963971 0.0333333 0.00285562 0
 0.441836 0.489002 0.0689373 0.000224442 0
 0.779404 0.147425 0.0564933 0.0165055 0.000172143
 0.814271 0.122319 0.05973 0.00367925 0
 0.40263 0.566651 0.0304383 0.000280538 0
 0.475488 0.404961 0.113038 0.00651328 0
 0.955842 0.0263864 0.0167828 0.000988607 0
 0.975058 0.0227948 0.00214734 0 0
 0.738997 0.206755 0.0527124 0.00153531 0
 0.850938 0.134255 0.0134407 0.00136685 0
 0.542534 0.407297 0.0501686 0 0
 0.764087 0.199537 0.0359546 0.000420521 0
 0.470689 0.182191 0.310203 0.0369168 0
 0.84361 0.089868 0.0606195 0.00523954 0.000663233
 0.607945 0.314616 0.071237 0.00620181 0
 0.523733 0.453247 0.0230204 0 0
 0.530135 0.295979 0.169645 0.0042399 0
 0.562478 0.366248 0.0663022 0.0049721 0
 0.250443 0.683176 0.0655157 0.000865301 0
ppred_RECLAS
 0.717922 0.197828 0.0752189 0.00902679 4.5302e-06
 0.723681 0.209031 0.0471908 0.017943 0.00215437
 0.551077 0.34056 0.081975 0.0185067 0.00788154
 0.72942 0.167891 0.0779011 0.0187513 0.00603615
 0.730784 0.199391 0.0433251 0.0201027 0.00639651
 0.530584 0.343984 0.0928999 0.020186 0.0123465
 0.673291 0.181078 0.106717 0.0288212 0.0100929
 0.612474 0.265998 0.0673569 0.0396965 0.0144752
 0.665043 0.214234 0.0828646 0.0209833 0.0168758
 0.62732 0.258058 0.0733108 0.0283563 0.0129554
 0.424094 0.3738 0.139946 0.0397568 0.0224035
 0.414068 0.275137 0.201726 0.0755236 0.0335456
 0.588254 0.187652 0.105228 0.0771514 0.0417142
 0.560511 0.286584 0.0696859 0.0390771 0.0441415
 0.668227 0.223189 0.0708058 0.0172171 0.0205606
 0.731713 0.204174 0.0431299 0.0136828 0.00730031
 0.605183 0.302442 0.0702999 0.0148502 0.00722474
 0.619757 0.241832 0.106027 0.0246449 0.00773877
 0.613641 0.247543 0.0882864 0.0387074 0.0118224
 0.737119 0.166111 0.0620009 0.0221126 0.012656
 0.668187 0.249769 0.0518425 0.0193502 0.0108511
 0.640004 0.243436 0.087739 0.0182113 0.0106091
 0.699234 0.195769 0.0710007 0.02559 0.00840577
 0.638791 0.256909 0.0678892 0.0246217 0.0117891
 0.32092 0.442547 0.168234 0.0444564 0.0238432
pobs_PELACES
 0 0 0 0 0
 0 0 0 0 0
 0 0 0 0 0
 0 0 0 0 0
 0 0 0 0 0
 0 0 0 0 0
 0 0 0 0 0
 0 0 0 0 0
 0 0 0 0 0
 0 0 0 0 0
 0.450072 0.473896 0.0757376 0.000293798 0
 0 0 0 0 0
 0.463077 0.371075 0.160297 0.00555027 0
 0.529543 0.364841 0.0842815 0.0213345 0
 0.631943 0.363953 0.00410389 0 0
 0.735681 0.248677 0.0153453 0.000297389 0
 0.695825 0.281241 0.0229344 0 0
 0.275771 0.60734 0.115278 0.00161068 0
 0 0 0 0 0
 0.896147 0.0623911 0.0374545 0.00400742 0
 0.803859 0.145111 0.0509908 3.86294e-05 0
 0.739449 0.233085 0.0266225 0.000797448 4.60066e-05
 0.878498 0.100942 0.0204185 0.000141795 0
 0.694673 0.275183 0.0284847 0.00165964 0
 0.469039 0.446079 0.0841089 0.000773354 0
ppred_PELACES
 0.743783 0.179691 0.0683225 0.00819918 4.11486e-06
 0.747084 0.191327 0.043194 0.0164234 0.00197191
 0.597287 0.305504 0.0735368 0.0166017 0.00707024
 0.736858 0.163276 0.0757598 0.0182359 0.00587023
 0.73211 0.19841 0.0431119 0.0200038 0.00636503
 0.546224 0.332523 0.0898046 0.0195134 0.0119351
 0.681974 0.176265 0.103881 0.0280552 0.0098246
 0.630457 0.253654 0.0642311 0.0378544 0.0138034
 0.683262 0.202581 0.0783572 0.0198419 0.0159578
 0.641735 0.248076 0.0704752 0.0272594 0.0124542
 0.454014 0.35438 0.132675 0.0376913 0.0212395
 0.441477 0.262267 0.19229 0.0719907 0.0319764
 0.630863 0.168233 0.0943386 0.0691675 0.0373975
 0.636043 0.237331 0.0577094 0.0323612 0.0365552
 0.731561 0.180584 0.0572893 0.0139305 0.0166357
 0.754714 0.18667 0.0394322 0.0125097 0.00667441
 0.625629 0.28678 0.0666593 0.0140811 0.0068506
 0.633639 0.233003 0.102156 0.0237452 0.00745624
 0.625723 0.239802 0.0855254 0.0374969 0.0114527
 0.7475 0.159552 0.0595525 0.0212395 0.0121562
 0.6735 0.24577 0.0510124 0.0190404 0.0106774
 0.647214 0.238561 0.0859818 0.0178465 0.0103967
 0.707195 0.190588 0.0691214 0.0249127 0.00818328
 0.647325 0.250839 0.0662852 0.02404 0.0115106
 0.328677 0.437492 0.166312 0.0439486 0.0235708
pobs_pel_tallas
 0 0 0 0 0 0 0 0 0 0 0 0 0 0 0 0 0 0 0 0 0 0 0 0 0 0 0 0 0 0 0 0 0 0 0 0
 0 0 0 0 0 0 0 0 0 0 0 0 0 0 0 0 0 0 0 0 0 0 0 0 0 0 0 0 0 0 0 0 0 0 0 0
 0 0 0 0 0 0 0 0 0 0 0 0 0 0 0 0 0 0 0 0 0 0 0 0 0 0 0 0 0 0 0 0 0 0 0 0
 0 0 0 0 0 0 0 0 0 0 0 0 0 0 0 0 0 0 0 0 0 0 0 0 0 0 0 0 0 0 0 0 0 0 0 0
 0 0 0 0 0 0 0 0 0 0 0 0 0 0 0 0 0 0 0 0 0 0 0 0 0 0 0 0 0 0 0 0 0 0 0 0
 0 0 0 0 0 0 0 0 0 0 0 0 0 0 0 0 0 0 0 0 0 0 0 0 0 0 0 0 0 0 0 0 0 0 0 0
 0 0 0 0 0 0 0 0 0 0 0 0 0 0 0 0 0 0 0 0 0 0 0 0 0 0 0 0 0 0 0 0 0 0 0 0
 0 0 0 0 0 0 0 0 0 0 0 0 0 0 0 0 0 0 0 0 0 0 0 0 0 0 0 0 0 0 0 0 0 0 0 0
 0 0 0 0 0 0 0 0 0 0 0 0 0 0 0 0 0 0 0 0 0 0 0 0 0 0 0 0 0 0 0 0 0 0 0 0
 0 0 0 0 0 0 0 0 0 0 0 0 0 0 0 0 0 0 0 0 0 0 0 0 0 0 0 0 0 0 0 0 0 0 0 0
 0 0 0 0 0 0 0 0 1.78061e-05 0.00172719 0.00360574 0.0105946 0.0120993 0.0124554 0.0147524 0.0171206 0.0266825 0.0428682 0.0675386 0.121331 0.153587 0.119568 0.100827 0.0573624 0.0630603 0.0341343 0.0324427 0.0444173 0.0211091 0.0280891 0.0125444 0.00206551 0 0 0 0
 0 0 0 0 0 0 0 0 0 0 0 0 0 0 0 0 0 0 0 0 0 0 0 0 0 0 0 0 0 0 0 0 0 0 0 0
 0 0 0 0 0 0 0.0133647 0.0140871 0.0187388 0.0205184 0.03894 0.0496705 0.03968 0.0493445 0.0407372 0.0367815 0.0215668 0.0243155 0.0234873 0.0199281 0.019796 0.0243948 0.0301388 0.0376714 0.0412746 0.0863199 0.0771752 0.113111 0.0741005 0.0525337 0.0229764 0.00759418 0.00175318 0 0 0
 0 0 0 0 0 0 0 0 0 0 0.00219441 0.00772107 0.0458388 0.0604681 0.0671733 0.0775358 0.0609151 0.0617685 0.073594 0.0568108 0.0755445 0.0548602 0.0670107 0.0636378 0.0643287 0.046367 0.0373049 0.0286899 0.0247887 0.0153202 0.00654259 0.00121912 0.000365735 0 0 0
 0 0 0 0 0 0 0 0 0 0 0 0 0.000112435 0.00938835 0.0111873 0.0202946 0.0414886 0.0713402 0.111592 0.104902 0.108894 0.110636 0.117776 0.105296 0.107544 0.0401394 0.0192827 0.0124803 0.00416011 0.0028671 0.000618394 0 0 0 0 0
 0 0 0 0 0 0 0 0 0 0 0.00291406 0.0102884 0.027416 0.0768956 0.0749926 0.110853 0.0956884 0.0897413 0.0766577 0.0534642 0.0500743 0.0551293 0.0594112 0.0620874 0.0668451 0.0424026 0.0208742 0.0120726 0.0048766 0.00582813 0.00118941 0.000297354 0 0 0 0
 0 0.00264628 0.0354308 0.0461629 0.0458689 0.0383711 0.0214643 0.0164657 0.0346957 0.0420465 0.0363128 0.0245516 0.0311673 0.0291091 0.0169068 0.0133784 0.00837989 0.0085269 0.0148486 0.0160247 0.0276389 0.0546898 0.0760071 0.122758 0.109233 0.0665981 0.0333725 0.0166128 0.00676272 0.00308733 0.000882094 0 0 0 0 0
 0 0 0 0 0 0 0 0.000805153 0.000690131 0.00759144 0.0133425 0.0154129 0.00931677 0.000345066 0.00356568 0.00563607 0.00851162 0.0253048 0.0502646 0.0516448 0.0657925 0.0565908 0.0611916 0.0827007 0.0866115 0.110766 0.145733 0.0935128 0.0569358 0.0249597 0.0138026 0.00621118 0.00161031 0.00115022 0 0
 0 0 0 0 0 0 0 0 0 0 0 0 0 0 0 0 0 0 0 0 0 0 0 0 0 0 0 0 0 0 0 0 0 0 0 0
 0.00147267 0.00158595 0.00478618 0.00569244 0.00954404 0.0108468 0.00647125 0.017049 0.0510054 0.094081 0.124002 0.0959785 0.0687766 0.0820023 0.061753 0.0591476 0.0492212 0.0479892 0.0443925 0.0268479 0.0217502 0.0140895 0.0121071 0.0120363 0.00920419 0.00665534 0.0049561 0.00860946 0.00930331 0.0156896 0.0114698 0.00855282 0.00243557 0.00046729 0 2.83206e-05
 0 0 0 0 0.000772559 0.00158375 0.000888443 0.00281984 0.00712685 0.0440552 0.0773331 0.111326 0.0921469 0.0852325 0.0710754 0.0886704 0.0786465 0.0553345 0.0373146 0.0185414 0.00753245 0.00457741 0.012979 0.0271748 0.0457355 0.0583668 0.034881 0.0177882 0.00938659 0.00492506 0.0015258 0.00185414 0.000309023 5.79419e-05 3.86279e-05 0
 0 0.00173294 0.00326652 0 0.00397197 0.00683976 0.00946217 0.0152591 0.00757587 0.0136028 0.0228656 0.0392903 0.0559909 0.0764795 0.0681675 0.0726916 0.0566044 0.0477403 0.0527397 0.0444891 0.0609904 0.0582453 0.0661739 0.0445044 0.0529084 0.0360697 0.0280645 0.0235558 0.0158879 0.00826598 0.00280645 0.00217768 0.000904811 0.00058276 9.20147e-05 0
 0 0 0 0 0 0 0 0 0 0 0 0 0 0 0 0 0 0 0 0 0 0 0 0 0 0 0 0 0 0 0 0 0 0 0 0
 0 0 0 0 0 0 0 0 0 0 0 0 0 0 0 0 0 0 0 0 0 0 0 0 0 0 0 0 0 0 0 0 0 0 0 0
 0 0 0 0 0 0 0 0 0 0 0 0 0 0 0 0 0 0 0 0 0 0 0 0 0 0 0 0 0 0 0 0 0 0 0 0
ppred_pel_tallas
 1.01311e-16 3.24525e-05 0.000190469 0.000905403 0.00348585 0.0108703 0.0274575 0.0561818 0.0931278 0.125069 0.136102 0.120058 0.0859536 0.0501881 0.0244044 0.0108317 0.00593422 0.00554587 0.00711022 0.00949427 0.0122149 0.014958 0.017424 0.0193305 0.0204628 0.0207187 0.0201269 0.0188303 0.0170433 0.0149976 0.0128953 0.0108818 0.00904097 0.00740595 0.00597872 0.00474726
 1.01333e-16 3.25968e-05 0.000191316 0.000909424 0.00350133 0.0109186 0.0275794 0.0564314 0.0935418 0.125626 0.13671 0.120598 0.0863509 0.0504404 0.0245642 0.0109643 0.00609087 0.00575873 0.00739575 0.00985477 0.0126367 0.0154092 0.0178551 0.0196796 0.0206654 0.0207201 0.0198944 0.0183616 0.0163687 0.0141749 0.0119998 0.00999274 0.00822846 0.00672165 0.00545087 0.00438091
 1.02045e-16 2.60697e-05 0.000152985 0.000727172 0.00279957 0.00873013 0.0220518 0.0451223 0.0748003 0.10047 0.109372 0.0965715 0.0693409 0.0408955 0.0206468 0.0104579 0.00756065 0.0086599 0.0117069 0.015727 0.0201873 0.0246189 0.028526 0.0314383 0.0330079 0.0330858 0.0317523 0.0292837 0.026075 0.0225421 0.0190381 0.0158046 0.0129642 0.010543 0.00850835 0.00680427
 1.0203e-16 3.21499e-05 0.000188694 0.000896966 0.00345337 0.010769 0.0272017 0.0556582 0.0922595 0.123902 0.134829 0.118927 0.0851287 0.0496752 0.0240971 0.0105983 0.00567217 0.00519066 0.00662559 0.00886602 0.0114525 0.0140991 0.0165359 0.0185063 0.0198103 0.0203442 0.020118 0.0192408 0.0178841 0.0162362 0.0144619 0.0126813 0.0109668 0.00935342 0.00785587 0.00648174
 1.01662e-16 3.19442e-05 0.000187483 0.000891204 0.00343117 0.0106998 0.0270268 0.0553007 0.091668 0.12311 0.133975 0.118193 0.0846423 0.0494709 0.0241454 0.0108682 0.00616596 0.0059414 0.00767521 0.01024 0.0131383 0.0160312 0.018592 0.0205164 0.0215801 0.0216874 0.0208901 0.0193659 0.0173677 0.0151598 0.0129649 0.0109326 0.00913588 0.00758671 0.00626157 0.00512471
 1.02612e-16 2.38442e-05 0.000139917 0.00066504 0.00256034 0.00798408 0.0201674 0.0412668 0.0684107 0.0918929 0.100048 0.0883705 0.0635217 0.037603 0.0192432 0.0101719 0.00788374 0.00938543 0.012809 0.0172467 0.0221676 0.0270753 0.0314332 0.0347296 0.0365819 0.0368219 0.0355274 0.0329881 0.0296218 0.0258702 0.0221091 0.0185971 0.0154674 0.0127529 0.0104259 0.00843592
 1.02956e-16 2.97573e-05 0.000174646 0.000830177 0.00319621 0.00996707 0.025176 0.0515137 0.0853906 0.11468 0.124801 0.110099 0.0788466 0.0460851 0.0224982 0.0101408 0.00578416 0.00562285 0.00732652 0.00986681 0.0128056 0.015852 0.01872 0.0211307 0.0228601 0.0237812 0.0238832 0.0232578 0.0220633 0.0204781 0.0186622 0.0167361 0.0147793 0.0128415 0.0109582 0.0091621
 1.02941e-16 2.75139e-05 0.000161469 0.000767516 0.00295492 0.0092146 0.0232755 0.0476256 0.0789481 0.106035 0.115414 0.101867 0.0730593 0.0429191 0.0213556 0.0103056 0.00681878 0.00739838 0.00988401 0.0132796 0.0170904 0.0209207 0.0243623 0.0270279 0.0286276 0.0290309 0.028291 0.0266176 0.0243137 0.0216971 0.0190343 0.016504 0.0141936 0.0121204 0.0102635 0.00859251
 1.02606e-16 2.98144e-05 0.000174979 0.000831757 0.00320229 0.00998601 0.0252239 0.0516119 0.0855539 0.114901 0.125047 0.110329 0.0790388 0.0462528 0.0226823 0.0103947 0.00616188 0.00617332 0.00808757 0.0108559 0.0140082 0.0172128 0.02014 0.0224757 0.0239783 0.0245289 0.0241512 0.0229924 0.0212758 0.0192412 0.0170951 0.0149821 0.0129824 0.0111265 0.00941801 0.00785278
 1.026e-16 2.80055e-05 0.000164355 0.000781239 0.00300776 0.00937938 0.0236917 0.0484771 0.0803594 0.10793 0.117474 0.10368 0.0743464 0.0436497 0.0216719 0.0103796 0.00676534 0.00726631 0.00968282 0.0130043 0.0167353 0.0204847 0.0238513 0.0264537 0.0280055 0.0283763 0.0276159 0.0259287 0.0236119 0.0209799 0.0182988 0.0157503 0.0134271 0.011353 0.00951215 0.00787679
 1.04287e-16 1.98244e-05 0.000116315 0.000552827 0.00212828 0.00663673 0.0167641 0.0343037 0.05687 0.0763987 0.0831997 0.0735374 0.0529665 0.0315703 0.0165551 0.0094 0.00806645 0.0101026 0.0139728 0.0189073 0.0244112 0.0299801 0.0350507 0.0390753 0.0416329 0.0425178 0.0417755 0.0396685 0.036593 0.0329744 0.0291781 0.0254606 0.0219637 0.0187404 0.0157944 0.0131146
 1.06783e-16 1.9274e-05 0.000113092 0.000537525 0.00206939 0.00645311 0.0163002 0.0333538 0.0552932 0.074274 0.0808689 0.0714372 0.0513666 0.030443 0.015649 0.00839656 0.00668187 0.00811528 0.011226 0.0153269 0.0200388 0.0250055 0.0298224 0.0340768 0.037422 0.0396395 0.0406678 0.0405856 0.0395635 0.0378037 0.0354913 0.032771 0.0297498 0.0265149 0.0231543 0.0197681
 1.05519e-16 2.75281e-05 0.00016156 0.000767968 0.00295669 0.00922014 0.0232894 0.0476534 0.0789918 0.106087 0.115452 0.101857 0.0729555 0.0426654 0.0208737 0.00948747 0.00552744 0.00548258 0.00720733 0.00976079 0.0127474 0.0159063 0.0189782 0.0217074 0.023883 0.0253776 0.0261621 0.0262927 0.0258769 0.0250336 0.0238613 0.022426 0.020766 0.0189088 0.0168892 0.0147596
 1.03717e-16 2.77567e-05 0.000162896 0.000774305 0.00298107 0.00929615 0.0234814 0.0480469 0.0796459 0.106971 0.116428 0.102752 0.0736708 0.0432323 0.0214262 0.0101982 0.00656442 0.00699201 0.00930235 0.0124999 0.0161049 0.0197462 0.0230454 0.0256439 0.0272731 0.0278116 0.0273067 0.0259487 0.0240109 0.0217777 0.0194827 0.017277 0.0152282 0.0133417 0.0115931 0.00995474
 1.02129e-16 3.19195e-05 0.00018734 0.000890527 0.00342857 0.0106917 0.0270064 0.0552587 0.0915978 0.123015 0.133868 0.118089 0.0845486 0.0493774 0.0240281 0.0106953 0.00590307 0.00555541 0.00713877 0.00953861 0.0122784 0.0150474 0.0175489 0.0195042 0.0207031 0.0210478 0.0205701 0.0194137 0.0177897 0.0159218 0.014 0.0121544 0.0104524 0.00891275 0.00752709 0.00627918
 1.01363e-16 3.29293e-05 0.000193268 0.000918709 0.00353708 0.01103 0.027861 0.0570075 0.0944966 0.126907 0.138103 0.121823 0.0872191 0.0509297 0.0247692 0.0109991 0.00602989 0.005631 0.0072032 0.00958958 0.0122913 0.0149813 0.0173498 0.0191101 0.0200514 0.0200857 0.0192648 0.0177602 0.0158149 0.013683 0.0115789 0.00964697 0.00795776 0.00652247 0.00531672 0.004303
 1.01844e-16 2.73048e-05 0.000160238 0.000761657 0.00293235 0.0091442 0.0230977 0.0472621 0.0783465 0.10523 0.114546 0.10112 0.0725643 0.0427107 0.0214044 0.0105811 0.00732553 0.00817458 0.0109799 0.0147323 0.0189017 0.0230408 0.0266824 0.0293853 0.0308235 0.0308592 0.02957 0.0272181 0.0241774 0.0208409 0.0175421 0.0145088 0.0118556 0.00960562 0.007726 0.00616141
 1.02691e-16 2.76519e-05 0.000162281 0.00077138 0.00296981 0.00926102 0.0233927 0.0478653 0.0793449 0.106567 0.115988 0.102364 0.0733925 0.0430696 0.0213473 0.0101655 0.00655359 0.00699566 0.00932616 0.0125591 0.0162223 0.0199496 0.0233632 0.0260986 0.0278726 0.0285416 0.0281255 0.0267869 0.0247781 0.022374 0.0198153 0.0172755 0.0148573 0.0126079 0.0105427 0.00866615
 1.03116e-16 2.7307e-05 0.000160255 0.000761748 0.00293272 0.00914537 0.0231006 0.0472677 0.0783544 0.105237 0.114543 0.101093 0.0724928 0.0425636 0.0211372 0.0101327 0.00662016 0.00712945 0.00952123 0.0128172 0.016542 0.0203224 0.0237727 0.0265228 0.0282889 0.0289324 0.0284837 0.0271186 0.0251018 0.0227166 0.0202049 0.0177348 0.0153975 0.0132256 0.0112206 0.00937652
 1.02196e-16 3.26137e-05 0.000191418 0.000909916 0.00350323 0.0109245 0.0275944 0.0564618 0.0935913 0.12569 0.136773 0.120637 0.0863433 0.0503647 0.024395 0.0106664 0.00561691 0.00505505 0.00641353 0.00856551 0.0110486 0.0135803 0.015898 0.0177545 0.0189602 0.0194217 0.0191574 0.0182821 0.0169698 0.0154067 0.013752 0.0121163 0.0105601 0.00910524 0.00775398 0.00650365
 1.01958e-16 2.93904e-05 0.000172486 0.000819897 0.00315661 0.00984354 0.0248641 0.050876 0.0843354 0.113268 0.12328 0.108794 0.0779913 0.0457443 0.0226267 0.0106933 0.00677719 0.0071295 0.00943488 0.0126315 0.0162054 0.0197602 0.0228952 0.0252342 0.0265007 0.0265785 0.0255352 0.0235951 0.0210759 0.0183095 0.0155748 0.0130588 0.0108519 0.00896706 0.00737172 0.0060173
 1.02398e-16 2.82441e-05 0.000165756 0.000787903 0.00303342 0.00945941 0.0238938 0.0488907 0.0810445 0.108849 0.118472 0.104555 0.0749609 0.0439847 0.0217905 0.0103578 0.00664944 0.0070706 0.0094045 0.0126386 0.0162849 0.0199652 0.0232914 0.0258929 0.0274871 0.0279394 0.0272867 0.0257146 0.0235005 0.0209418 0.0182952 0.0157414 0.0133802 0.0112478 0.00934305 0.00765105
 1.02282e-16 3.08575e-05 0.000181104 0.000860878 0.00331441 0.0103357 0.0261071 0.0534189 0.0885487 0.118921 0.129417 0.114173 0.0817674 0.0477981 0.0233439 0.0105351 0.00602042 0.00584806 0.00759171 0.0101709 0.013114 0.016101 0.0188204 0.0209766 0.0223436 0.0228115 0.0224054 0.0212672 0.0196106 0.0176645 0.0156252 0.0136303 0.0117552 0.0100276 0.00844906 0.00701305
 1.02387e-16 2.82493e-05 0.000165786 0.000788044 0.00303396 0.00946108 0.0238981 0.0488994 0.0810594 0.10887 0.118497 0.104583 0.0749934 0.0440288 0.0218584 0.0104656 0.00681572 0.00731385 0.0097393 0.0130705 0.0168048 0.0205455 0.0238855 0.0264397 0.0279202 0.0281989 0.0273319 0.0255323 0.0231086 0.0203854 0.0176376 0.0150521 0.0127234 0.0106731 0.00888057 0.00731132
 1.05115e-16 1.43625e-05 8.4241e-05 0.000400328 0.00154109 0.00480558 0.0121389 0.0248408 0.0411878 0.0553484 0.0603207 0.0534228 0.0387127 0.0235443 0.0132075 0.00886025 0.00911445 0.0122615 0.0172064 0.0233324 0.0301305 0.0370017 0.0432541 0.0482112 0.0513518 0.0524216 0.051476 0.0488395 0.0450026 0.0404924 0.0357637 0.0311365 0.0267894 0.0227908 0.0191475 0.015846
pSPR Fmed_Fpbrs
0.671559   0.339384 0.339384
Fs Fmed_Fpbrs
0.257324   1.005 1.005
SSBpbr Bo_Bmed_Bpbrs
1.1946e+06  742514  345699 345699
Ro
50011.1
SPR SPRFo_SPRFmed_SPRFpbrs
1.02837e+06 690610 349012
log_Ro
10.64
likeval ReclasPelacesDesembMPH_pf_preclas_ppelaces_ptallas_desvR_qrecl_qpela
 66.6366 31.3143 0.00982059 0.000177998 314.831 196.593 77.7333 0 15.6352 6.5144e-05 0 0 0 0 0
q_reclas_q_pelaces
0.318631 1
M
0.7
N
 42646.9 14343.8 5453.83 654.497 0.328467
 55956 19394.7 4378.56 1664.83 199.891
 31149.8 25639.2 6171.52 1393.28 593.365
 55906.1 13631 6324.74 1522.4 490.071
 98188 27065.4 5880.97 2728.75 868.264
 68060.7 48539.3 13109 2848.43 1742.2
 113448 32405.3 19097.9 5157.79 1806.2
 112498 54858.8 13891.5 8186.92 2985.33
 145316 53081.2 20531.5 5199.06 4181.34
 151038 68268.5 19394.2 7501.57 3427.3
 67902.4 71949.5 26937 7652.44 4312.25
 39483.4 31088 22793.2 8533.49 3790.35
 43471.1 18192.3 10201.5 7479.57 4044.05
 23239.6 19150.1 4656.54 2611.2 2949.61
 17702.7 9348.93 2965.9 721.189 861.241
 21440.1 7181.84 1517.09 481.291 256.788
 17242.3 9822.15 2283.07 482.277 234.632
 18930.3 8081.67 3543.25 823.596 258.618
 20722.7 9034.84 3222.28 1412.75 431.495
 40642.4 9943.83 3711.53 1323.72 757.617
 50204.2 19463.2 4039.82 1507.86 845.572
 61498 24532.8 8842.09 1835.28 1069.16
 100810 29903.9 10845.4 3908.89 1283.99
 114692 48800.3 12895.7 4676.94 2239.36
 38185.4 55556.2 21119.6 5580.94 2993.21
pred_Ctot
 2595.44 4086.5 1553.78 186.464 0.0935793
 3124.92 5139.56 1160.31 441.176 52.9708
 2680.68 9654.83 2323.98 524.662 223.441
 1010.56 1296.47 601.559 144.799 46.6117
 317.87 480.407 104.386 48.4349 15.4116
 2021.75 7347.58 1984.36 431.177 263.724
 2143.16 3213.89 1894.09 511.538 179.135
 4043.59 9877.67 2501.26 1474.11 537.527
 5656.54 10266.5 3971.03 1005.56 808.718
 4432.77 10220.1 2903.39 1123.02 513.082
 3828.6 19222.1 7196.5 2044.43 1152.06
 2057.52 7765.53 5693.55 2131.59 946.796
 3553.81 6582.75 3691.34 2706.43 1463.31
 3212.56 10110.1 2458.37 1378.56 1557.22
 2357.6 4817.05 1528.19 371.594 443.755
 1199.88 1906.59 402.749 127.77 68.1706
 698.349 1968.15 457.478 96.6379 47.0151
 530.795 1160.05 508.601 118.22 37.1222
 503.194 1134.77 404.716 177.44 54.1954
 1043.77 1315.84 491.135 175.164 100.253
 576.722 1198.1 248.681 92.8198 52.0511
 920.891 1949.64 702.686 145.851 84.9666
 1828.31 2853.21 1034.79 372.958 122.509
 2028.1 4545.52 1201.17 435.635 208.586
 642.643 4936.69 1876.67 495.919 265.975
F
 0.0879525 0.486595 0.486595 0.486595 0.486595
 0.0804446 0.445058 0.445058 0.445058 0.445058
 0.126463 0.699653 0.699653 0.699653 0.699653
 0.0254181 0.140625 0.140625 0.140625 0.140625
 0.00451054 0.0249544 0.0249544 0.0249544 0.0249544
 0.0420778 0.232794 0.232794 0.232794 0.232794
 0.026578 0.147042 0.147042 0.147042 0.147042
 0.0511166 0.282801 0.282801 0.282801 0.282801
 0.0554632 0.306849 0.306849 0.306849 0.306849
 0.0415636 0.229949 0.229949 0.229949 0.229949
 0.0812478 0.449501 0.449501 0.449501 0.449501
 0.0748829 0.414287 0.414287 0.414287 0.414287
 0.119788 0.662725 0.662725 0.662725 0.662725
 0.210598 1.16513 1.16513 1.16513 1.16513
 0.202164 1.11846 1.11846 1.11846 1.11846
 0.0806211 0.446034 0.446034 0.446034 0.446034
 0.0577674 0.319597 0.319597 0.319597 0.319597
 0.0396763 0.219508 0.219508 0.219508 0.219508
 0.0342786 0.189645 0.189645 0.189645 0.189645
 0.0362862 0.200752 0.200752 0.200752 0.200752
 0.0160873 0.0890026 0.0890026 0.0890026 0.0890026
 0.0210158 0.11627 0.11627 0.11627 0.11627
 0.0255036 0.141098 0.141098 0.141098 0.141098
 0.0248593 0.137534 0.137534 0.137534 0.137534
 0.023647 0.130826 0.130826 0.130826 0.130826
YTP_r0W_actual
 7197.6 108607 61930.3 20382.3 11383.7
YTP_p0W_proyectada
 46834.4 191140 364233 180623 78291.3
 46834.4 195076 50654.7 86366.9 44329.6
CTP_r0_actual
 642.643 4936.69 1876.67 495.919 265.975
CTP_p0_proyectada
 5509.93 8931.76 11674.1 4437.91 1683.68
 5509.93 9115.71 1623.55 2122.04 953.324
Wmedp
 8.5 21.4 31.2 40.7 46.5
nmprior
 10.6 11 7 0
nm_flota  nm_reclas  nm_pelaces    nm_pelaL
inf 14.8483 20.4935 50.711
cv_recla  cv_pelaces  cv_mph
0.738382 0.634517 0.432858
 ------------------------------------------------
Talla a la edad & desviaci?n 
 7.2 14.2025 17.0495 18.207 18.6776
 1.08 2.13037 2.55742 2.73105 2.80164
