years
 1997 1998 1999 2000 2001 2002 2003 2004 2005 2006 2007 2008 2009 2010 2011 2012 2013 2014 2015 2016 2017 2018 2019 2020 2021
reclasobs
 0 0 0 370054 412103 1.49427e+06 250295 1.28982e+06 931140 785840 897777 1.04006e+06 184774 17550 25797 100020 73551 82996 120727 218422 84188 347160 605670 569463 516374
reclaspred
 3.6826e+06 441103 601259 163121 218172 283860 489041 423866 638977 1.15721e+06 1.322e+06 830541 440101 199668 128369 117195 121852 150753 132103 183136 360331 346536 523504 561429 479236
pelacesobs
 0 0 0 0 0 0 0 0 0 2.06254e+06 1.5e+06 0 1.87456e+06 323000 250000 174000 83755 137374 0 501740 490994 745055 786931 1.00524e+06 1.33801e+06
pelacespred
 1.56741e+06 629687 188199 120513 125200 115901 258258 236653 347483 666382 680272 439918 238019 85478.6 53461.4 55621.6 60272.5 74630.9 68190 91436.9 197532 203432 232156 289102 232942
mphobs
 0 0 0 0 0 112323 0 153150 637223 0 255016 313432 73983 77613 109348 50772 0 0 0 0 0 0 0 0 0
mphpred
 2.63026e+06 1.12541e+06 470066 234768 114083 292365 291735 412121 458939 748441 1.33722e+06 915301 485415 265149 119889 101574 101245 120959 129472 118414 247786 338128 368883 480288 489320
desembarqueobs
 350755 77701 442110 56441 14545 235359 269955 359681 431902 328805 639364 411747 362871 311530 167758 66681 60226 58785 57116 73181 50977 67692 138656 160484 209506
desembarquepred
 350736 77680.5 441620 56416.4 14543.4 235092 269753 359104 431408 328563 638492 411217 362117 310824 167396 66626.2 60188.6 58736.3 57057.8 73107.2 50960 67646.5 138548 160363 209356
Reclutas
 3329.19 4762.95 670.357 2594.15 52872.7 12425.5 54283.5 66431.7 109855 230810 52219.8 17205.3 53550.1 27692.8 19481.6 14003.6 10887.8 10759.9 6939.17 28986.3 34492.9 29106.4 56201.9 41201.6 765.325
log_desv_Rt
 -1.68951 -1.33138 -3.29219 -1.93898 1.07564 -0.372491 1.10197 1.30393 1.80692 2.54935 1.06322 -0.0470256 1.08837 0.428929 0.0772249 -0.252931 -0.504603 -0.516421 -0.955063 0.47458 0.648508 0.478714 1.13671 0.826231 -3.1597
SSB
 2.63026e+06 1.12541e+06 470066 234768 114083 292365 291735 412121 458939 748441 1.33722e+06 915301 485415 265149 119889 101574 101245 120959 129472 118414 247786 338128 368883 480288 489320
BT
 3.07684e+06 1.30107e+06 594716 290143 372546 401499 993058 975121 1.38398e+06 2.13561e+06 1.92115e+06 1.20766e+06 908733 483839 276819 179484 189893 217232 186508 301470 528986 465615 600418 740019 590258
Ftot
 0.0927939 0.170679 0.679451 0.331171 0.0651506 0.761282 0.524783 0.788929 0.637742 0.27457 0.458011 0.468559 0.762262 1.34512 1.16517 0.537255 0.469717 0.373025 0.411493 0.383314 0.137588 0.189132 0.255408 0.275163 0.415056
BD_Bspro_t
 0.985296 0.887526 0.694927 0.377385 0.385047 0.671204 0.475626 0.503997 0.478417 0.54186 0.640193 0.471883 0.332253 0.246412 0.1463 0.149015 0.19486 0.289012 0.355867 0.39717 0.596847 0.718266 0.705813 0.692907 0.630529
BD_Bspro
 7.09302 3.03487 1.26762 0.633097 0.307646 0.788418 0.786719 1.11136 1.23762 2.01831 3.60608 2.46828 1.30901 0.715025 0.323303 0.273913 0.273026 0.326188 0.349146 0.319327 0.668202 0.911827 0.994765 1.29519 1.31955
BD_Bo
 2.4634 1.05401 0.440246 0.219875 0.106845 0.273817 0.273227 0.385977 0.429824 0.700961 1.25239 0.857235 0.45462 0.248328 0.112283 0.0951301 0.0948218 0.113285 0.121258 0.110902 0.232067 0.316678 0.345482 0.449819 0.458278
BD_Brms
 11.9818 5.12664 2.14133 1.06946 0.519688 1.33183 1.32896 1.87736 2.09064 3.40942 6.09154 4.16953 2.21124 1.20785 0.546138 0.462706 0.461207 0.551011 0.589792 0.539421 1.12876 1.5403 1.6804 2.18789 2.22903
S_f
 0.5 1 1 1 1
 0.5 1 1 1 1
 0.5 1 1 1 1
 0.5 1 1 1 1
 0.5 1 1 1 1
 0.5 1 1 1 1
 0.5 1 1 1 1
 0.5 1 1 1 1
 0.5 1 1 1 1
 0.5 1 1 1 1
 0.5 1 1 1 1
 0.5 1 1 1 1
 0.5 1 1 1 1
 0.5 1 1 1 1
 0.5 1 1 1 1
 0.5 1 1 1 1
 0.5 1 1 1 1
 0.5 1 1 1 1
 0.5 1 1 1 1
 0.5 1 1 1 1
 0.5 1 1 1 1
 0.5 1 1 1 1
 0.5 1 1 1 1
 0.5 1 1 1 1
 0.5 1 1 1 1
Scru_reclas
 0.5 1 1 1 1
 0.5 1 1 1 1
 0.5 1 1 1 1
 0.5 1 1 1 1
 0.5 1 1 1 1
 0.5 1 1 1 1
 0.5 1 1 1 1
 0.5 1 1 1 1
 0.5 1 1 1 1
 0.5 1 1 1 1
 0.5 1 1 1 1
 0.5 1 1 1 1
 0.5 1 1 1 1
 0.5 1 1 1 1
 0.5 1 1 1 1
 0.5 1 1 1 1
 0.5 1 1 1 1
 0.5 1 1 1 1
 0.5 1 1 1 1
 0.5 1 1 1 1
 0.5 1 1 1 1
 0.5 1 1 1 1
 0.5 1 1 1 1
 0.5 1 1 1 1
 0.5 1 1 1 1
Scru_pelaces
 0.5 1 1 1 1
 0.5 1 1 1 1
 0.5 1 1 1 1
 0.5 1 1 1 1
 0.5 1 1 1 1
 0.5 1 1 1 1
 0.5 1 1 1 1
 0.5 1 1 1 1
 0.5 1 1 1 1
 0.5 1 1 1 1
 0.5 1 1 1 1
 0.5 1 1 1 1
 0.5 1 1 1 1
 0.5 1 1 1 1
 0.5 1 1 1 1
 0.5 1 1 1 1
 0.5 1 1 1 1
 0.5 1 1 1 1
 0.5 1 1 1 1
 0.5 1 1 1 1
 0.5 1 1 1 1
 0.5 1 1 1 1
 0.5 1 1 1 1
 0.5 1 1 1 1
 0.5 1 1 1 1
pf_obs 
 0.256992 0.487395 0.22802 0.0275931 0
 0.321318 0.546541 0.124235 0.00734118 0.000564706
 0.182869 0.594174 0.210203 0.0122559 0.00049798
 0.330522 0.361315 0.267642 0.0388342 0.00168674
 0.649043 0.306663 0.0425973 0.00169635 0
 0.582887 0.30429 0.105238 0.00758474 0
 0.465427 0.430635 0.0974691 0.00646863 0
 0.296916 0.608066 0.0921331 0.00288517 0
 0.311714 0.524322 0.152257 0.0117073 0
 0.15457 0.633149 0.183074 0.0267441 0.00246327
 0.131901 0.49318 0.331252 0.0422183 0.00144891
 0.196976 0.569456 0.194076 0.0375587 0.00193317
 0.518974 0.381816 0.0799577 0.0180837 0.00116848
 0.0928022 0.601141 0.25162 0.0475244 0.00691264
 0.122501 0.610282 0.24278 0.0234846 0.000952079
 0.383417 0.481906 0.127806 0.00687128 0
 0.0376549 0.599619 0.316969 0.0457579 0
 0.0361596 0.667082 0.258105 0.0386534 0
 0.158088 0.579412 0.248529 0.0139706 0
 0.0477256 0.309471 0.559284 0.082774 0.000745712
 0.0406174 0.521527 0.379366 0.0568643 0.0016247
 0.151134 0.462217 0.34131 0.0453401 0
 0.294876 0.26143 0.354403 0.0886775 0.000613685
 0.281977 0.475581 0.204845 0.0348837 0.00271318
 0.0841818 0.532909 0.334909 0.0458182 0.00218182
pf_pred 
 0.0162176 0.627289 0.314184 0.0423086 1.1377e-06
 0.0487505 0.0311396 0.586689 0.293849 0.0395714
 0.0168935 0.0954982 0.0290563 0.547438 0.311114
 0.191712 0.0326652 0.0753435 0.022924 0.677356
 0.893901 0.0363886 0.00281719 0.00649795 0.0603952
 0.211773 0.744826 0.0148851 0.0011524 0.0273633
 0.743024 0.10365 0.144884 0.00289546 0.00554689
 0.619866 0.331084 0.019784 0.0276546 0.00161143
 0.693553 0.246825 0.0519287 0.00310301 0.00459021
 0.722878 0.234315 0.0344787 0.00725384 0.00107465
 0.196212 0.682829 0.102274 0.0150493 0.00363523
 0.141377 0.307608 0.468095 0.0701113 0.0128087
 0.558197 0.121139 0.114881 0.174816 0.0309676
 0.425586 0.436994 0.0376793 0.0357328 0.0640076
 0.545118 0.315874 0.105752 0.00911836 0.0241371
 0.528706 0.365416 0.073523 0.0246149 0.00774055
 0.449836 0.398563 0.117544 0.0236502 0.0104078
 0.470289 0.345567 0.133402 0.0393429 0.0113995
 0.361591 0.424079 0.139822 0.0539768 0.0205312
 0.758455 0.135468 0.0704649 0.0232327 0.0123802
 0.566872 0.37912 0.0302897 0.0157555 0.00796284
 0.409421 0.431887 0.138904 0.0110977 0.00869006
 0.572746 0.253799 0.126846 0.0407965 0.00581172
 0.397713 0.447247 0.0920975 0.0460294 0.016913
 0.0135819 0.580368 0.301525 0.0620903 0.0424345
pobs_RECLAS
 0 0 0 0 0
 0 0 0 0 0
 0 0 0 0 0
 0 0 0 0 0
 0.835266 0.146461 0.0176864 0.000547809 3.91292e-05
 0.385257 0.428462 0.181853 0.0044286 0
 0.867414 0.0963971 0.0333333 0.00285562 0
 0.441836 0.489002 0.0689373 0.000224442 0
 0.779404 0.147425 0.0564933 0.0165055 0.000172143
 0.814271 0.122319 0.05973 0.00367925 0
 0.40263 0.566651 0.0304383 0.000280538 0
 0.475488 0.404961 0.113038 0.00651328 0
 0.955842 0.0263864 0.0167828 0.000988607 0
 0.975058 0.0227948 0.00214734 0 0
 0.738997 0.206755 0.0527124 0.00153531 0
 0.850938 0.134255 0.0134407 0.00136685 0
 0.542534 0.407297 0.0501686 0 0
 0.764087 0.199537 0.0359546 0.000420521 0
 0.470689 0.182191 0.310203 0.0369168 0
 0.84361 0.089868 0.0606195 0.00523954 0.000663233
 0.607945 0.314616 0.071237 0.00620181 0
 0.523733 0.453247 0.0230204 0 0
 0.530135 0.295979 0.169645 0.0042399 0
 0.562478 0.366248 0.0663022 0.0049721 0
 0.250443 0.683176 0.0655157 0.000865301 0
ppred_RECLAS
 0.0162647 0.627259 0.314169 0.0423066 1.13765e-06
 0.0490212 0.0311307 0.586522 0.293766 0.0395601
 0.0174576 0.0954434 0.0290396 0.547124 0.310935
 0.193718 0.0325841 0.0751565 0.0228671 0.675675
 0.894092 0.0363231 0.00281212 0.00648626 0.0602865
 0.218399 0.738565 0.01476 0.00114271 0.0271333
 0.747475 0.101854 0.142375 0.00284532 0.00545083
 0.629548 0.322651 0.0192801 0.0269502 0.00157038
 0.700017 0.241619 0.0508333 0.00303755 0.00449338
 0.724921 0.232587 0.0342244 0.00720035 0.00106673
 0.199315 0.680194 0.101879 0.0149912 0.0036212
 0.143841 0.306726 0.466751 0.0699101 0.0127719
 0.56787 0.118486 0.112365 0.170989 0.0302896
 0.448036 0.419915 0.0362067 0.0343363 0.0615061
 0.563236 0.303293 0.10154 0.00875518 0.0231757
 0.534731 0.360744 0.0725831 0.0243002 0.0076416
 0.454845 0.394934 0.116473 0.0234349 0.0103131
 0.474024 0.34313 0.132462 0.0390655 0.0113191
 0.365525 0.421466 0.13896 0.0536441 0.0204047
 0.761286 0.133879 0.0696388 0.0229604 0.0122351
 0.56799 0.378141 0.0302115 0.0157148 0.00794228
 0.411007 0.430727 0.138531 0.0110679 0.00866672
 0.575036 0.252439 0.126167 0.0405779 0.00578057
 0.400171 0.445421 0.0917216 0.0458416 0.016844
 0.0138142 0.580232 0.301454 0.0620757 0.0424245
pobs_PELACES
 0 0 0 0 0
 0 0 0 0 0
 0 0 0 0 0
 0 0 0 0 0
 0 0 0 0 0
 0 0 0 0 0
 0 0 0 0 0
 0 0 0 0 0
 0 0 0 0 0
 0 0 0 0 0
 0.450072 0.473896 0.0757376 0.000293798 0
 0 0 0 0 0
 0.463077 0.371075 0.160297 0.00555027 0
 0.529543 0.364841 0.0842815 0.0213345 0
 0.631943 0.363953 0.00410389 0 0
 0.735681 0.248677 0.0153453 0.000297389 0
 0.695825 0.281241 0.0229344 0 0
 0.275771 0.60734 0.115278 0.00161068 0
 0 0 0 0 0
 0.896147 0.0623911 0.0374545 0.00400742 0
 0.803859 0.145111 0.0509908 3.86294e-05 0
 0.739449 0.233085 0.0266225 0.000797448 4.60066e-05
 0.878498 0.100942 0.0204185 0.000141795 0
 0.694673 0.275183 0.0284847 0.00165964 0
 0.469039 0.446079 0.0841089 0.000773354 0
ppred_PELACES
 0.0165115 0.627101 0.31409 0.042296 1.13736e-06
 0.0503508 0.0310872 0.585702 0.293355 0.0395048
 0.0194883 0.0952462 0.0289796 0.545993 0.310293
 0.202395 0.0322334 0.0743476 0.022621 0.668403
 0.895106 0.0359755 0.00278521 0.00642418 0.0597096
 0.240597 0.717589 0.0143408 0.00111026 0.0263627
 0.763466 0.0954043 0.133359 0.00266513 0.00510564
 0.659362 0.296684 0.0177284 0.0247813 0.001444
 0.721639 0.224204 0.0471693 0.00281861 0.00416951
 0.733863 0.225027 0.033112 0.0069663 0.00103206
 0.211649 0.669715 0.10031 0.0147603 0.00356542
 0.153627 0.30322 0.461417 0.069111 0.0126259
 0.598433 0.110106 0.104418 0.158895 0.0281473
 0.503333 0.377847 0.0325794 0.0308964 0.0553442
 0.60982 0.270944 0.09071 0.00782137 0.0207038
 0.556704 0.343708 0.0691553 0.0231526 0.00728072
 0.47412 0.38097 0.112355 0.0226063 0.0099484
 0.489389 0.333106 0.128592 0.0379242 0.0109885
 0.381411 0.410914 0.135481 0.052301 0.0198938
 0.77259 0.12754 0.0663414 0.0218732 0.0116557
 0.573552 0.373273 0.0298226 0.0155125 0.00784003
 0.418582 0.425187 0.136749 0.0109256 0.00855526
 0.5853 0.246342 0.123119 0.0395978 0.00564095
 0.411117 0.437293 0.0900479 0.045005 0.0165366
 0.0147789 0.579664 0.301159 0.062015 0.042383
pobs_pel_tallas
 0 0 0 0 0 0 0 0 0 0 0 0 0 0 0 0 0 0 0 0 0 0 0 0 0 0 0 0 0 0 0 0 0 0 0 0
 0 0 0 0 0 0 0 0 0 0 0 0 0 0 0 0 0 0 0 0 0 0 0 0 0 0 0 0 0 0 0 0 0 0 0 0
 0 0 0 0 0 0 0 0 0 0 0 0 0 0 0 0 0 0 0 0 0 0 0 0 0 0 0 0 0 0 0 0 0 0 0 0
 0 0 0 0 0 0 0 0 0 0 0 0 0 0 0 0 0 0 0 0 0 0 0 0 0 0 0 0 0 0 0 0 0 0 0 0
 0 0 0 0 0 0 0 0 0 0 0 0 0 0 0 0 0 0 0 0 0 0 0 0 0 0 0 0 0 0 0 0 0 0 0 0
 0 0 0 0 0 0 0 0 0 0 0 0 0 0 0 0 0 0 0 0 0 0 0 0 0 0 0 0 0 0 0 0 0 0 0 0
 0 0 0 0 0 0 0 0 0 0 0 0 0 0 0 0 0 0 0 0 0 0 0 0 0 0 0 0 0 0 0 0 0 0 0 0
 0 0 0 0 0 0 0 0 0 0 0 0 0 0 0 0 0 0 0 0 0 0 0 0 0 0 0 0 0 0 0 0 0 0 0 0
 0 0 0 0 0 0 0 0 0 0 0 0 0 0 0 0 0 0 0 0 0 0 0 0 0 0 0 0 0 0 0 0 0 0 0 0
 0 0 0 0 0 0 0 0 0 0 0 0 0 0 0 0 0 0 0 0 0 0 0 0 0 0 0 0 0 0 0 0 0 0 0 0
 0 0 0 0 0 0 0 0 1.78061e-05 0.00172719 0.00360574 0.0105946 0.0120993 0.0124554 0.0147524 0.0171206 0.0266825 0.0428682 0.0675386 0.121331 0.153587 0.119568 0.100827 0.0573624 0.0630603 0.0341343 0.0324427 0.0444173 0.0211091 0.0280891 0.0125444 0.00206551 0 0 0 0
 0 0 0 0 0 0 0 0 0 0 0 0 0 0 0 0 0 0 0 0 0 0 0 0 0 0 0 0 0 0 0 0 0 0 0 0
 0 0 0 0 0 0 0.0133647 0.0140871 0.0187388 0.0205184 0.03894 0.0496705 0.03968 0.0493445 0.0407372 0.0367815 0.0215668 0.0243155 0.0234873 0.0199281 0.019796 0.0243948 0.0301388 0.0376714 0.0412746 0.0863199 0.0771752 0.113111 0.0741005 0.0525337 0.0229764 0.00759418 0.00175318 0 0 0
 0 0 0 0 0 0 0 0 0 0 0.00219441 0.00772107 0.0458388 0.0604681 0.0671733 0.0775358 0.0609151 0.0617685 0.073594 0.0568108 0.0755445 0.0548602 0.0670107 0.0636378 0.0643287 0.046367 0.0373049 0.0286899 0.0247887 0.0153202 0.00654259 0.00121912 0.000365735 0 0 0
 0 0 0 0 0 0 0 0 0 0 0 0 0.000112435 0.00938835 0.0111873 0.0202946 0.0414886 0.0713402 0.111592 0.104902 0.108894 0.110636 0.117776 0.105296 0.107544 0.0401394 0.0192827 0.0124803 0.00416011 0.0028671 0.000618394 0 0 0 0 0
 0 0 0 0 0 0 0 0 0 0 0.00291406 0.0102884 0.027416 0.0768956 0.0749926 0.110853 0.0956884 0.0897413 0.0766577 0.0534642 0.0500743 0.0551293 0.0594112 0.0620874 0.0668451 0.0424026 0.0208742 0.0120726 0.0048766 0.00582813 0.00118941 0.000297354 0 0 0 0
 0 0.00264628 0.0354308 0.0461629 0.0458689 0.0383711 0.0214643 0.0164657 0.0346957 0.0420465 0.0363128 0.0245516 0.0311673 0.0291091 0.0169068 0.0133784 0.00837989 0.0085269 0.0148486 0.0160247 0.0276389 0.0546898 0.0760071 0.122758 0.109233 0.0665981 0.0333725 0.0166128 0.00676272 0.00308733 0.000882094 0 0 0 0 0
 0 0 0 0 0 0 0 0.000805153 0.000690131 0.00759144 0.0133425 0.0154129 0.00931677 0.000345066 0.00356568 0.00563607 0.00851162 0.0253048 0.0502646 0.0516448 0.0657925 0.0565908 0.0611916 0.0827007 0.0866115 0.110766 0.145733 0.0935128 0.0569358 0.0249597 0.0138026 0.00621118 0.00161031 0.00115022 0 0
 0 0 0 0 0 0 0 0 0 0 0 0 0 0 0 0 0 0 0 0 0 0 0 0 0 0 0 0 0 0 0 0 0 0 0 0
 0.00147267 0.00158595 0.00478618 0.00569244 0.00954404 0.0108468 0.00647125 0.017049 0.0510054 0.094081 0.124002 0.0959785 0.0687766 0.0820023 0.061753 0.0591476 0.0492212 0.0479892 0.0443925 0.0268479 0.0217502 0.0140895 0.0121071 0.0120363 0.00920419 0.00665534 0.0049561 0.00860946 0.00930331 0.0156896 0.0114698 0.00855282 0.00243557 0.00046729 0 2.83206e-05
 0 0 0 0 0.000772559 0.00158375 0.000888443 0.00281984 0.00712685 0.0440552 0.0773331 0.111326 0.0921469 0.0852325 0.0710754 0.0886704 0.0786465 0.0553345 0.0373146 0.0185414 0.00753245 0.00457741 0.012979 0.0271748 0.0457355 0.0583668 0.034881 0.0177882 0.00938659 0.00492506 0.0015258 0.00185414 0.000309023 5.79419e-05 3.86279e-05 0
 0 0.00173294 0.00326652 0 0.00397197 0.00683976 0.00946217 0.0152591 0.00757587 0.0136028 0.0228656 0.0392903 0.0559909 0.0764795 0.0681675 0.0726916 0.0566044 0.0477403 0.0527397 0.0444891 0.0609904 0.0582453 0.0661739 0.0445044 0.0529084 0.0360697 0.0280645 0.0235558 0.0158879 0.00826598 0.00280645 0.00217768 0.000904811 0.00058276 9.20147e-05 0
 0 0 0 0 0 0 0 0 0 0 0 0 0 0 0 0 0 0 0 0 0 0 0 0 0 0 0 0 0 0 0 0 0 0 0 0
 0 0 0 0 0 0 0 0 0 0 0 0 0 0 0 0 0 0 0 0 0 0 0 0 0 0 0 0 0 0 0 0 0 0 0 0
 0 0 0 0 0 0 0 0 0 0 0 0 0 0 0 0 0 0 0 0 0 0 0 0 0 0 0 0 0 0 0 0 0 0 0 0
ppred_pel_tallas
 1.06117e-16 7.58791e-07 4.35664e-06 2.05077e-05 7.86177e-05 0.000244855 0.000619179 0.00127209 0.00212832 0.00291787 0.00333242 0.00331354 0.00318883 0.00351174 0.00479581 0.00739519 0.0115406 0.0173766 0.0249137 0.0339309 0.0439062 0.0540285 0.0633062 0.0707511 0.0755858 0.077405 0.0762438 0.0725257 0.066924 0.0601839 0.05297 0.0457779 0.038919 0.0325562 0.026762 0.0215688
 1.20251e-16 2.21049e-06 1.29335e-05 6.14028e-05 0.000236277 0.000736655 0.00186072 0.00380803 0.00631546 0.0084915 0.00926707 0.00823809 0.00603866 0.0038175 0.00242268 0.00209259 0.00270784 0.00414005 0.00639813 0.00960116 0.0139009 0.019414 0.02617 0.0340697 0.0428567 0.052109 0.0612563 0.0696298 0.0765379 0.0813601 0.08364 0.0831581 0.0799695 0.0743928 0.0669592 0.0583271
 1.33702e-16 8.64988e-07 5.03418e-06 2.38484e-05 9.16837e-05 0.000285755 0.000721843 0.00147802 0.00245425 0.00330908 0.00363559 0.00328949 0.00253613 0.00185057 0.00160389 0.00194364 0.00288826 0.00445575 0.00671157 0.00974982 0.0136585 0.018495 0.0242728 0.0309549 0.0384456 0.0465781 0.0550982 0.0636498 0.0717745 0.078934 0.0845628 0.0881428 0.0892879 0.0878151 0.0837865 0.0775084
 1.33075e-16 8.83804e-06 5.18488e-05 0.000246423 0.000948675 0.00295827 0.00747228 0.0152894 0.0253447 0.0340399 0.0370492 0.0326969 0.0234432 0.0137612 0.00683834 0.00331303 0.00227369 0.00266249 0.00389032 0.00578809 0.00839171 0.0117974 0.016095 0.0213357 0.0275071 0.0345098 0.0421383 0.0500707 0.057876 0.0650432 0.0710316 0.0753382 0.0775689 0.0775 0.0751136 0.070606
 1.03063e-16 3.90448e-05 0.000229185 0.00108949 0.0041947 0.0130809 0.033041 0.0676049 0.112058 0.150474 0.163705 0.144301 0.10308 0.0597244 0.0281742 0.0110289 0.00395046 0.00186581 0.00169085 0.00213332 0.00277609 0.00349053 0.00421527 0.00490369 0.0055211 0.00604925 0.00648702 0.00684501 0.00713621 0.00736666 0.00752958 0.00760555 0.00756806 0.00739234 0.00706393 0.00658481
 1.01708e-16 1.05328e-05 6.17325e-05 0.000293265 0.00112878 0.00351973 0.0088913 0.018198 0.0301849 0.040597 0.0443344 0.0394791 0.0290738 0.0186078 0.012093 0.0105363 0.0130702 0.0185316 0.0260846 0.0350688 0.0447057 0.053985 0.061754 0.0669341 0.0687691 0.0670125 0.0619901 0.0545099 0.0456572 0.0365417 0.028078 0.0208575 0.0151252 0.0108421 0.00779093 0.00568228
 1.02255e-16 3.33075e-05 0.000195496 0.000929318 0.00357796 0.0111575 0.028183 0.0576656 0.0955849 0.128362 0.139666 0.123156 0.088072 0.0512251 0.0245374 0.010265 0.00475027 0.00370393 0.00451727 0.00608249 0.00800214 0.010087 0.0121745 0.0140993 0.0157109 0.0168959 0.0175918 0.017787 0.01751 0.0168143 0.0157657 0.014435 0.0128965 0.0112281 0.00951125 0.0078268
 1.01268e-16 2.87759e-05 0.000168874 0.000802714 0.00309043 0.00963717 0.0243429 0.0498099 0.0825697 0.110902 0.120717 0.106561 0.076454 0.0449704 0.0224803 0.0110162 0.00749631 0.00825992 0.0110319 0.0147392 0.0188178 0.0227964 0.0261905 0.0285521 0.0295627 0.0291093 0.0273102 0.0244793 0.021043 0.0174393 0.0140302 0.0110507 0.00860175 0.00667527 0.00519683 0.00406709
 1.01035e-16 3.14887e-05 0.000184807 0.000878474 0.00338215 0.0105469 0.0266407 0.0545108 0.0903595 0.121355 0.132072 0.116529 0.0834856 0.0488639 0.0239778 0.0110098 0.00654738 0.00655843 0.00855735 0.0114175 0.0146184 0.0177829 0.0205395 0.0225423 0.0235383 0.0234243 0.0222681 0.0202845 0.0177766 0.0150625 0.0124123 0.0100107 0.00794982 0.00624623 0.00486861 0.00376518
 1.00832e-16 3.20217e-05 0.000187936 0.00089335 0.00343943 0.0107255 0.0270919 0.055434 0.0918896 0.12341 0.134307 0.118499 0.0848906 0.0496743 0.0243529 0.0111431 0.0065712 0.00653348 0.00849907 0.0113203 0.0144674 0.017559 0.0202216 0.0221102 0.022976 0.0227235 0.0214312 0.0193263 0.0167242 0.013953 0.0112887 0.00891682 0.00692543 0.00532269 0.00406638 0.00309312
 1.02316e-16 9.26891e-06 5.43159e-05 0.000258014 0.000993067 0.00309653 0.00782228 0.0160104 0.0265577 0.0357231 0.0390234 0.0347772 0.0256709 0.0165478 0.0109575 0.00981139 0.0123748 0.0176514 0.0249247 0.0336169 0.0430256 0.0522213 0.0601294 0.0657277 0.0682758 0.0674894 0.0636032 0.057295 0.0495055 0.0412149 0.033248 0.0261605 0.0202174 0.0154446 0.0117168 0.0088443
 1.09614e-16 6.72485e-06 3.94116e-05 0.000187227 0.00072064 0.00224705 0.00567617 0.0116167 0.0192656 0.0259026 0.0282649 0.0251167 0.0183846 0.0115515 0.00715542 0.00582288 0.0070061 0.0100121 0.0144216 0.0200051 0.0265285 0.0336464 0.0408977 0.0477634 0.0537502 0.0584645 0.0616559 0.0632207 0.0631753 0.061618 0.0586979 0.0546011 0.0495523 0.0438169 0.0376971 0.0315111
 1.08294e-16 2.61116e-05 0.000153249 0.00072847 0.00280464 0.00874597 0.0220916 0.0452022 0.0749274 0.100625 0.109498 0.0965799 0.0691249 0.0403229 0.0195389 0.00856716 0.00457073 0.0042185 0.00549303 0.0075443 0.010066 0.0129004 0.0158974 0.0188956 0.0217393 0.0242983 0.0264759 0.0282048 0.0294341 0.0301178 0.0302107 0.0296766 0.0285037 0.0267207 0.0244069 0.0216897
 1.04234e-16 2.19756e-05 0.000128943 0.000612859 0.00235942 0.00735751 0.0185848 0.038029 0.0630452 0.0846918 0.0922244 0.0814981 0.0586654 0.0348959 0.0181658 0.0100974 0.00840921 0.0103593 0.014222 0.0191266 0.0245165 0.0298399 0.0344978 0.0379272 0.0397232 0.0397326 0.0380863 0.0351527 0.0314351 0.0274453 0.0235979 0.0201515 0.0172043 0.0147313 0.01264 0.0108231
 1.02613e-16 2.66148e-05 0.000156188 0.000742409 0.00285825 0.00891313 0.022514 0.0460677 0.0763664 0.10257 0.111649 0.09856 0.0707211 0.041614 0.0208336 0.010266 0.00707048 0.00787437 0.0105905 0.0142467 0.0183418 0.0224573 0.0261544 0.0290135 0.0307174 0.031119 0.0302684 0.028386 0.0257964 0.0228458 0.0198311 0.0169592 0.0143409 0.0120111 0.00995907 0.00815777
 1.0223e-16 2.43016e-05 0.000142601 0.000677799 0.00260946 0.00813726 0.0205543 0.0420586 0.0697234 0.0936563 0.101969 0.0900678 0.0647441 0.0383311 0.0196234 0.0103834 0.00805654 0.00958903 0.0130719 0.0175719 0.0225384 0.0274547 0.0317653 0.0349442 0.0366048 0.0365872 0.0349907 0.0321362 0.0284769 0.0244869 0.0205659 0.0169839 0.0138726 0.0112526 0.00907645 0.00727121
 1.02961e-16 2.07022e-05 0.000121466 0.000577311 0.00222254 0.00693067 0.0175066 0.0358231 0.0593891 0.0797833 0.086887 0.0767998 0.0553234 0.0329888 0.0173228 0.00987041 0.00850122 0.0106497 0.0147017 0.019837 0.0255163 0.0311874 0.036238 0.0400801 0.0422718 0.0426145 0.0411907 0.0383253 0.034491 0.0301897 0.0258511 0.0217737 0.0181155 0.0149217 0.0121691 0.00980748
 1.03751e-16 2.13661e-05 0.000125368 0.000595871 0.00229402 0.00715357 0.0180696 0.0369746 0.0612965 0.0823406 0.0896583 0.0792171 0.0569944 0.0338446 0.0175159 0.00957923 0.00781361 0.00955836 0.0131535 0.0177854 0.0229606 0.0281977 0.0329646 0.0367447 0.0391398 0.0399546 0.0392297 0.0372107 0.0342704 0.0308103 0.0271779 0.0236192 0.0202734 0.0171959 0.0143951 0.0118634
 1.04784e-16 1.66608e-05 9.77367e-05 0.000464494 0.00178816 0.00557605 0.014085 0.0288225 0.0477865 0.0642065 0.06995 0.0618925 0.044723 0.0269457 0.014659 0.00915844 0.00878406 0.0115149 0.0160678 0.0217557 0.0280655 0.0344257 0.0401858 0.0447144 0.0475296 0.048403 0.0473996 0.0448374 0.0411881 0.0369541 0.0325636 0.0283127 0.0243589 0.0207525 0.0174848 0.0145295
 1.0228e-16 3.37064e-05 0.000197836 0.000940435 0.00362075 0.011291 0.0285201 0.0583555 0.0967293 0.129901 0.141346 0.124651 0.0891706 0.0519228 0.0249798 0.0106328 0.00518546 0.00429586 0.00531211 0.00708735 0.00917995 0.0113503 0.0133869 0.0150896 0.0162997 0.0169303 0.0169789 0.0165169 0.0156626 0.0145464 0.0132829 0.011955 0.0106138 0.00928764 0.00799448 0.00675174
 1.01445e-16 2.50373e-05 0.000146918 0.000698317 0.00268845 0.00838359 0.0211765 0.0433319 0.0718346 0.0964935 0.105061 0.0928067 0.0667293 0.0395388 0.0202998 0.0108317 0.008504 0.010167 0.013843 0.0185504 0.0236925 0.0287023 0.0329738 0.0359419 0.0372041 0.0366159 0.0343249 0.0307255 0.0263556 0.0217693 0.0174265 0.0136284 0.0105073 0.00805769 0.00618849 0.00477526
 1.02855e-16 1.82823e-05 0.000107255 0.000509741 0.00196236 0.0061193 0.0154572 0.0316302 0.0524408 0.0704573 0.0767526 0.0678941 0.0490218 0.0294593 0.0158871 0.00971107 0.00909203 0.0117957 0.0164025 0.0221559 0.0285019 0.0348339 0.0404679 0.0447441 0.047165 0.047505 0.0458531 0.0425708 0.0381879 0.0332702 0.028306 0.0236394 0.0194584 0.0158234 0.0127158 0.0100823
 1.03453e-16 2.55447e-05 0.000149908 0.000712556 0.00274331 0.00855471 0.0216086 0.0442151 0.0732951 0.0984445 0.107156 0.0945894 0.0678626 0.0399134 0.0199492 0.00977941 0.00667852 0.00741498 0.00999701 0.0135101 0.0174985 0.0215891 0.0253869 0.0285054 0.0306393 0.031625 0.0314666 0.0303152 0.0284154 0.0260376 0.0234201 0.0207384 0.0181011 0.0155667 0.0131672 0.0109272
 1.0374e-16 1.79571e-05 0.000105345 0.00050066 0.0019274 0.00601026 0.0151818 0.0310668 0.0515071 0.0692043 0.0753917 0.0666998 0.0481799 0.0289942 0.0157096 0.00971338 0.00920449 0.0119906 0.0166737 0.022499 0.0289028 0.0352644 0.0408871 0.045105 0.047426 0.047642 0.0458704 0.0425056 0.0381067 0.0332578 0.0284484 0.024006 0.0200879 0.0167161 0.0138347 0.0113611
 1.08576e-16 6.81167e-07 3.90566e-06 1.83742e-05 7.0421e-05 0.000219307 0.000554591 0.00113958 0.00190731 0.00261702 0.00299438 0.00299001 0.00290199 0.00323308 0.00445341 0.00689345 0.0107754 0.0162446 0.0233244 0.0318254 0.0412812 0.0509581 0.0599528 0.0673599 0.0724592 0.074863 0.0745767 0.0719514 0.0675581 0.0620284 0.0559203 0.0496439 0.043454 0.0374882 0.0318223 0.0265152
pSPR Fmed_Fpbrs
0.514431   0.255595 0.255595
Fs Fmed_Fpbrs
0.382597   1.005 1.005
SSBpbr Bo_Bmed_Bpbrs
1.06774e+06  495889  219521 219521
Ro
18033.7
SPR SPRFo_SPRFmed_SPRFpbrs
370825 190764 94780.9
log_Ro
9.62
likeval ReclasPelacesDesembMPH_pf_preclas_ppelaces_ptallas_desvR_qrecl_qpela
 100.391 131.114 0.157568 0.000571721 429.785 216.743 91.7073 0 69.4968 0 0 0 0 0 0
q_reclas_q_pelaces
1 1
M
0.7
N
 3329.19 65702.9 32908 4431.45 0.119164
 4762.95 1578.28 29735.7 14893.4 2005.63
 670.357 2171.74 660.773 12449.4 7075.09
 2594.15 237.006 546.663 166.328 4914.63
 52872.7 1091.63 84.5137 194.934 1811.81
 12425.5 25414.3 507.898 39.3212 933.667
 54283.5 4216.95 5894.56 117.801 225.674
 66431.7 20735.1 1239.03 1731.95 100.92
 109855 22235.9 4678.13 279.543 413.521
 230810 39658 5835.54 1227.72 181.886
 52219.8 99914.1 14965.1 2202.07 531.921
 17205.3 20624 31384 4700.71 858.774
 53550.1 6759.44 6410.24 9754.61 1727.97
 27692.8 18164.8 1566.24 1485.33 2660.65
 19481.6 7018.96 2349.89 202.617 536.345
 14003.6 5402.63 1087.03 363.929 114.443
 10887.8 5315.81 1567.73 315.434 138.814
 10759.9 4275 1650.32 486.71 141.023
 6939.17 4434.04 1461.93 564.364 214.668
 28986.3 2805.09 1459.1 481.074 256.354
 34492.9 11883.7 949.444 493.864 249.599
 29106.4 15989.9 5142.7 410.875 321.735
 56201.9 13149.6 6572.05 2113.71 301.112
 41201.6 24563.2 5058.07 2527.97 928.875
 765.325 17830.2 9263.52 1907.55 1303.68
pred_Ctot
 108.839 4209.84 2108.54 283.94 0.00763532
 281.576 179.858 3388.64 1697.24 228.559
 141.595 800.434 243.54 4588.44 2607.65
 287.431 48.9744 112.961 34.3696 1015.55
 1220.99 49.7036 3.84802 8.87561 82.4944
 2891.36 10169.2 203.228 15.7338 373.594
 9146.81 1275.95 1783.56 35.6439 68.2836
 15928.9 8508 508.397 710.651 41.4094
 21969.3 7818.56 1644.92 98.2923 145.402
 21462.3 6956.83 1023.67 215.367 31.9065
 7788.56 27104.7 4059.74 597.378 144.299
 2619.41 5699.32 8672.79 1299.01 237.317
 12474.4 2707.16 2567.31 3906.73 692.052
 10130.3 10401.8 896.884 850.551 1523.58
 6395.04 3705.67 1240.63 106.972 283.164
 2409.36 1665.23 335.051 112.172 35.2744
 1661.29 1471.93 434.101 87.3426 38.4371
 1330.88 977.93 377.52 111.338 32.2599
 939.084 1101.37 363.13 140.183 53.3214
 3676.12 656.592 341.533 112.606 60.0051
 1655.7 1107.32 88.4693 46.0183 23.2576
 1899.12 2003.33 644.314 51.4772 40.3093
 4881.45 2163.1 1081.1 347.704 49.5326
 3838.99 4317.12 888.986 444.307 163.255
 104.39 4460.7 2317.51 477.225 326.151
F
 0.0463969 0.0927939 0.0927939 0.0927939 0.0927939
 0.0853395 0.170679 0.170679 0.170679 0.170679
 0.339725 0.679451 0.679451 0.679451 0.679451
 0.165586 0.331171 0.331171 0.331171 0.331171
 0.0325753 0.0651506 0.0651506 0.0651506 0.0651506
 0.380641 0.761282 0.761282 0.761282 0.761282
 0.262392 0.524783 0.524783 0.524783 0.524783
 0.394464 0.788929 0.788929 0.788929 0.788929
 0.318871 0.637742 0.637742 0.637742 0.637742
 0.137285 0.27457 0.27457 0.27457 0.27457
 0.229006 0.458011 0.458011 0.458011 0.458011
 0.23428 0.468559 0.468559 0.468559 0.468559
 0.381131 0.762262 0.762262 0.762262 0.762262
 0.672558 1.34512 1.34512 1.34512 1.34512
 0.582584 1.16517 1.16517 1.16517 1.16517
 0.268628 0.537255 0.537255 0.537255 0.537255
 0.234859 0.469717 0.469717 0.469717 0.469717
 0.186512 0.373025 0.373025 0.373025 0.373025
 0.205746 0.411493 0.411493 0.411493 0.411493
 0.191657 0.383314 0.383314 0.383314 0.383314
 0.0687942 0.137588 0.137588 0.137588 0.137588
 0.0945662 0.189132 0.189132 0.189132 0.189132
 0.127704 0.255408 0.255408 0.255408 0.255408
 0.137582 0.275163 0.275163 0.275163 0.275163
 0.207528 0.415056 0.415056 0.415056 0.415056
YTP_r0W_actual
 1169.17 98135.4 76477.9 19613.9 13959.3
YTP_p0W_proyectada
 57111.5 3187.43 87976 59624.3 18627.2
 57111.5 71272.2 844.714 20860.8 14633.3
CTP_r0_actual
 104.39 4460.7 2317.51 477.225 326.151
CTP_p0_proyectada
 6719 148.945 2819.74 1464.97 400.584
 6719 3330.48 27.0742 512.551 314.696
Wmedp
 8.5 21.4 31.2 40.7 46.5
nmprior
 10.6 11 7 0
nm_flota  nm_reclas  nm_pelaces    nm_pelaL
inf 11.001 8.35539 15.7964
cv_recla  cv_pelaces  cv_mph
0.906299 1.29836 0.775765
 ------------------------------------------------
Talla a la edad & desviaci?n 
 7.2 14.2025 17.0495 18.207 18.6776
 1.08 2.13037 2.55742 2.73105 2.80164
