    unsorted:	 2.296356450e-06 2.870803379e-06 -1.889592165e-06 5.771842992e-05 0.0008999965252 0.007231430844 11.84565529 61.49427957 88.67691531 128.3063332 211.0898798 192.5680018 463.9370223 613.2441550 622.0137537 836.4623948 862.4980946 1072.275547 1176.409198 1473.139430 1351.737433 1653.142092 1848.362799 2109.937008 2416.679684 2563.650697 2832.844001 3175.178447 3735.946080 3956.580443 4480.715724 4388.588340 4824.081925 5245.098854 5390.472214 6119.984252 6337.074382 6681.316995 20169.53854 196446.0722 366109.9829 361605.9087 398298.9894 422227.2000 463513.9012 471028.9414 489659.1639 498572.7083 316776.2973 524521.2094 559148.9661 570922.1023 641115.1113 678797.5428 793934.4504 868663.8408 1021609.769 1067981.234 1299473.061 1615559.903 1837540.453 2109623.135 2247851.597 2658661.719 6300079.244
      sorted:	 -1.889592165e-06 2.296356450e-06 2.870803379e-06 5.771842992e-05 0.0008999965252 0.007231430844 11.84565529 61.49427957 88.67691531 128.3063332 192.5680018 211.0898798 463.9370223 613.2441550 622.0137537 836.4623948 862.4980946 1072.275547 1176.409198 1351.737433 1473.139430 1653.142092 1848.362799 2109.937008 2416.679684 2563.650697 2832.844001 3175.178447 3735.946080 3956.580443 4388.588340 4480.715724 4824.081925 5245.098854 5390.472214 6119.984252 6337.074382 6681.316995 20169.53854 196446.0722 316776.2973 361605.9087 366109.9829 398298.9894 422227.2000 463513.9012 471028.9414 489659.1639 498572.7083 524521.2094 559148.9661 570922.1023 641115.1113 678797.5428 793934.4504 868663.8408 1021609.769 1067981.234 1299473.061 1615559.903 1837540.453 2109623.135 2247851.597 2658661.719 6300079.244
