years
 1997 1998 1999 2000 2001 2002 2003 2004 2005 2006 2007 2008 2009 2010 2011 2012 2013 2014 2015 2016 2017 2018 2019 2020 2021
reclasobs
 0 0 0 370054 412103 1.49427e+06 250295 1.28982e+06 931140 785840 897777 1.04006e+06 184774 17550 25797 100020 73551 82996 120727 218422 84188 347160 605670 569463 516374
reclaspred
 3.35574e+06 662186 1.79444e+06 969508 936366 1.09823e+06 1.97132e+06 1.22928e+06 1.38898e+06 1.37064e+06 1.1286e+06 732100 484015 268450 190069 190273 230206 335573 371463 465462 691136 688428 1.19973e+06 1.55399e+06 2.40935e+06
pelacesobs
 0 0 0 0 0 0 0 0 0 2.06254e+06 1.5e+06 0 1.87456e+06 323000 250000 174000 83755 137374 0 501740 490994 745055 786931 1.00524e+06 1.33801e+06
pelacespred
 2.02514e+06 788968 665171 730733 592176 564179 996303 858861 817619 834328 589695 394579 261856 122932 86637.5 96895.7 121792 176403 207449 250851 401983 416557 549881 844396 1.29745e+06
mphobs
 0 0 0 0 0 112323 0 153150 637223 0 255016 313432 73983 77613 109348 50772 0 0 0 0 0 0 0 0 0
mphpred
 2.42673e+06 1.31448e+06 1.04151e+06 1.12947e+06 802071 973111 1.27766e+06 1.41113e+06 1.15026e+06 1.27418e+06 1.19793e+06 768271 496151 327488 175303 158607 180023 253645 325324 360025 515457 642401 806734 1.19266e+06 1.79371e+06
desembarqueobs
 350755 77701 442110 56441 14545 235359 269955 359681 431902 328805 639364 411747 362871 311530 167758 66681 60226 58785 57116 73181 50977 67692 138656 160484 209506
desembarquepred
 350598 77625.2 442182 56494.9 14554.7 234937 270004 360178 431876 328303 638746 412566 363791 312117 167559 66567.4 60173.2 58827.7 57182.3 73235.2 50997.6 67709.8 138779 160629 209551
Reclutas
 96304.9 75366.3 38444.3 42104.6 87433.4 58632.2 98083.7 85404.3 140867 124840 54050.6 47176 63781.8 28828.2 20869.7 20554.8 19340.5 22415.1 22241.7 37583.6 57014.8 65733 116894 146355 145174
log_desv_Rt
 0.535275 0.290116 -0.383033 -0.292088 0.438633 0.0390389 0.553577 0.415152 0.915573 0.794789 -0.0423248 -0.178358 0.123223 -0.67089 -0.993945 -1.00915 -1.07005 -0.922511 -0.930274 -0.405677 0.0110669 0.153356 0.72902 0.953791 0.945688
SSB
 2.42673e+06 1.31448e+06 1.04151e+06 1.12947e+06 802071 973111 1.27766e+06 1.41113e+06 1.15026e+06 1.27418e+06 1.19793e+06 768271 496151 327488 175303 158607 180023 253645 325324 360025 515457 642401 806734 1.19266e+06 1.79371e+06
BT
 5.38654e+06 1.61522e+06 1.70372e+06 1.49086e+06 1.3024e+06 1.27773e+06 2.61854e+06 2.23627e+06 2.39989e+06 2.16133e+06 1.78161e+06 1.22105e+06 972903 553995 347357 269122 330438 445278 475062 621545 989621 901005 1.27421e+06 1.99155e+06 3.05571e+06
Ftot
 0.101795 0.114122 0.237843 0.0569155 0.0152192 0.206938 0.13323 0.282254 0.299534 0.231579 0.53332 0.531604 0.701076 1.04114 0.813471 0.335807 0.25246 0.170154 0.14954 0.152884 0.0720352 0.0958633 0.112643 0.100739 0.084834
BD_Bspro_t
 0.984992 0.905181 0.838703 0.723659 0.763448 0.838988 0.779453 0.771575 0.701515 0.675939 0.633255 0.452329 0.355843 0.296497 0.197758 0.209592 0.296502 0.460087 0.582942 0.663851 0.757211 0.836279 0.84435 0.852387 0.865598
BD_Bspro
 2.09294 1.13368 0.898258 0.974116 0.691749 0.839264 1.10192 1.21704 0.992045 1.09892 1.03316 0.662598 0.427907 0.282443 0.151191 0.136791 0.155262 0.218757 0.280577 0.310505 0.444558 0.554041 0.69577 1.02861 1.54699
BD_Bo
 1.7952 0.972401 0.770471 0.835538 0.593341 0.71987 0.945165 1.0439 0.850916 0.942591 0.886182 0.568337 0.367033 0.242263 0.129682 0.117331 0.133174 0.187636 0.240662 0.266332 0.381315 0.475223 0.59679 0.882281 1.32692
BD_Brms
 8.73174 4.72969 3.74752 4.064 2.88597 3.5014 4.59722 5.07747 4.1388 4.5847 4.31033 2.76435 1.78522 1.17835 0.630766 0.570692 0.647749 0.912651 1.17056 1.29542 1.85469 2.31145 2.90275 4.29135 6.45404
S_f
 0.5 1 1 1 1
 0.5 1 1 1 1
 0.5 1 1 1 1
 0.5 1 1 1 1
 0.5 1 1 1 1
 0.5 1 1 1 1
 0.5 1 1 1 1
 0.5 1 1 1 1
 0.5 1 1 1 1
 0.5 1 1 1 1
 0.5 1 1 1 1
 0.5 1 1 1 1
 0.5 1 1 1 1
 0.5 1 1 1 1
 0.5 1 1 1 1
 0.5 1 1 1 1
 0.5 1 1 1 1
 0.5 1 1 1 1
 0.5 1 1 1 1
 0.5 1 1 1 1
 0.5 1 1 1 1
 0.5 1 1 1 1
 0.5 1 1 1 1
 0.5 1 1 1 1
 0.5 1 1 1 1
Scru_reclas
 0.5 1 1 1 1
 0.5 1 1 1 1
 0.5 1 1 1 1
 0.5 1 1 1 1
 0.5 1 1 1 1
 0.5 1 1 1 1
 0.5 1 1 1 1
 0.5 1 1 1 1
 0.5 1 1 1 1
 0.5 1 1 1 1
 0.5 1 1 1 1
 0.5 1 1 1 1
 0.5 1 1 1 1
 0.5 1 1 1 1
 0.5 1 1 1 1
 0.5 1 1 1 1
 0.5 1 1 1 1
 0.5 1 1 1 1
 0.5 1 1 1 1
 0.5 1 1 1 1
 0.5 1 1 1 1
 0.5 1 1 1 1
 0.5 1 1 1 1
 0.5 1 1 1 1
 0.5 1 1 1 1
Scru_pelaces
 0.5 1 1 1 1
 0.5 1 1 1 1
 0.5 1 1 1 1
 0.5 1 1 1 1
 0.5 1 1 1 1
 0.5 1 1 1 1
 0.5 1 1 1 1
 0.5 1 1 1 1
 0.5 1 1 1 1
 0.5 1 1 1 1
 0.5 1 1 1 1
 0.5 1 1 1 1
 0.5 1 1 1 1
 0.5 1 1 1 1
 0.5 1 1 1 1
 0.5 1 1 1 1
 0.5 1 1 1 1
 0.5 1 1 1 1
 0.5 1 1 1 1
 0.5 1 1 1 1
 0.5 1 1 1 1
 0.5 1 1 1 1
 0.5 1 1 1 1
 0.5 1 1 1 1
 0.5 1 1 1 1
pf_obs 
 0.256992 0.487395 0.22802 0.0275931 0
 0.321318 0.546541 0.124235 0.00734118 0.000564706
 0.182869 0.594174 0.210203 0.0122559 0.00049798
 0.330522 0.361315 0.267642 0.0388342 0.00168674
 0.649043 0.306663 0.0425973 0.00169635 0
 0.582887 0.30429 0.105238 0.00758474 0
 0.465427 0.430635 0.0974691 0.00646863 0
 0.296916 0.608066 0.0921331 0.00288517 0
 0.311714 0.524322 0.152257 0.0117073 0
 0.15457 0.633149 0.183074 0.0267441 0.00246327
 0.131901 0.49318 0.331252 0.0422183 0.00144891
 0.196976 0.569456 0.194076 0.0375587 0.00193317
 0.518974 0.381816 0.0799577 0.0180837 0.00116848
 0.0928022 0.601141 0.25162 0.0475244 0.00691264
 0.122501 0.610282 0.24278 0.0234846 0.000952079
 0.383417 0.481906 0.127806 0.00687128 0
 0.0376549 0.599619 0.316969 0.0457579 0
 0.0361596 0.667082 0.258105 0.0386534 0
 0.158088 0.579412 0.248529 0.0139706 0
 0.0477256 0.309471 0.559284 0.082774 0.000745712
 0.0406174 0.521527 0.379366 0.0568643 0.0016247
 0.151134 0.462217 0.34131 0.0453401 0
 0.294876 0.26143 0.354403 0.0886775 0.000613685
 0.281977 0.475581 0.204845 0.0348837 0.00271318
 0.0841818 0.532909 0.334909 0.0458182 0.00218182
pf_pred 
 0.425063 0.289432 0.143728 0.071373 0.0704048
 0.339017 0.398866 0.131954 0.0655264 0.0646374
 0.227394 0.397444 0.226389 0.0748946 0.0738786
 0.327103 0.260101 0.21235 0.120957 0.0794881
 0.517524 0.239767 0.0938167 0.0765932 0.0722992
 0.326961 0.459676 0.106031 0.0414882 0.0658441
 0.493904 0.256869 0.170218 0.0392634 0.0397453
 0.399868 0.40186 0.100633 0.0666861 0.0309531
 0.546375 0.268111 0.124224 0.0311079 0.0301824
 0.44096 0.404863 0.0911251 0.0422209 0.0208312
 0.255234 0.467444 0.20084 0.0452043 0.0312782
 0.362874 0.28359 0.221893 0.0953373 0.0363057
 0.53859 0.263585 0.0880537 0.0688969 0.0408747
 0.369032 0.468374 0.0928835 0.0310289 0.0386819
 0.470665 0.326872 0.150291 0.0298043 0.0223686
 0.526212 0.329142 0.0893211 0.0410685 0.0142568
 0.456408 0.385925 0.109531 0.0297241 0.0184111
 0.469178 0.341596 0.134342 0.0381282 0.016756
 0.421996 0.375572 0.13027 0.0512322 0.0209305
 0.533611 0.281564 0.120094 0.0416555 0.023075
 0.541461 0.323263 0.0816676 0.0348333 0.0187751
 0.464805 0.378246 0.110647 0.0279533 0.0183491
 0.552318 0.286907 0.113627 0.0332388 0.0139094
 0.494686 0.36286 0.0912952 0.0361566 0.0150028
 0.416919 0.389646 0.138903 0.0349479 0.0195839
pobs_RECLAS
 0 0 0 0 0
 0 0 0 0 0
 0 0 0 0 0
 0 0 0 0 0
 0.835266 0.146461 0.0176864 0.000547809 3.91292e-05
 0.385257 0.428462 0.181853 0.0044286 0
 0.867414 0.0963971 0.0333333 0.00285562 0
 0.441836 0.489002 0.0689373 0.000224442 0
 0.779404 0.147425 0.0564933 0.0165055 0.000172143
 0.814271 0.122319 0.05973 0.00367925 0
 0.40263 0.566651 0.0304383 0.000280538 0
 0.475488 0.404961 0.113038 0.00651328 0
 0.955842 0.0263864 0.0167828 0.000988607 0
 0.975058 0.0227948 0.00214734 0 0
 0.738997 0.206755 0.0527124 0.00153531 0
 0.850938 0.134255 0.0134407 0.00136685 0
 0.542534 0.407297 0.0501686 0 0
 0.764087 0.199537 0.0359546 0.000420521 0
 0.470689 0.182191 0.310203 0.0369168 0
 0.84361 0.089868 0.0606195 0.00523954 0.000663233
 0.607945 0.314616 0.071237 0.00620181 0
 0.523733 0.453247 0.0230204 0 0
 0.530135 0.295979 0.169645 0.0042399 0
 0.562478 0.366248 0.0663022 0.0049721 0
 0.250443 0.683176 0.0655157 0.000865301 0
ppred_RECLAS
 0.425859 0.289031 0.143528 0.0712741 0.0703072
 0.339846 0.398365 0.131788 0.0654442 0.0645564
 0.228908 0.396665 0.225945 0.0747479 0.0737339
 0.327487 0.259953 0.212229 0.120888 0.0794427
 0.517636 0.239711 0.093795 0.0765755 0.0722825
 0.328566 0.45858 0.105778 0.0413893 0.0656871
 0.495002 0.256312 0.169849 0.0391782 0.039659
 0.402409 0.400159 0.100207 0.0664038 0.030822
 0.549194 0.266445 0.123452 0.0309146 0.0299948
 0.443013 0.403376 0.0907904 0.0420659 0.0207547
 0.259815 0.464569 0.199604 0.0449263 0.0310858
 0.368407 0.281127 0.219966 0.0945094 0.0359905
 0.547257 0.258634 0.0863998 0.0676028 0.0401069
 0.383569 0.457583 0.0907435 0.030314 0.0377907
 0.481429 0.320225 0.147235 0.0291982 0.0219138
 0.529481 0.32687 0.0887047 0.0407851 0.0141584
 0.4587 0.384298 0.10907 0.0295988 0.0183335
 0.470623 0.340666 0.133976 0.0380244 0.0167104
 0.423217 0.374778 0.129995 0.051124 0.0208863
 0.534888 0.280793 0.119765 0.0415415 0.0230118
 0.542018 0.322871 0.0815685 0.034791 0.0187523
 0.465564 0.377709 0.11049 0.0279136 0.0183231
 0.553219 0.28633 0.113398 0.0331719 0.0138815
 0.495492 0.362281 0.0911496 0.036099 0.0149789
 0.417569 0.389211 0.138748 0.0349089 0.019562
pobs_PELACES
 0 0 0 0 0
 0 0 0 0 0
 0 0 0 0 0
 0 0 0 0 0
 0 0 0 0 0
 0 0 0 0 0
 0 0 0 0 0
 0 0 0 0 0
 0 0 0 0 0
 0 0 0 0 0
 0.450072 0.473896 0.0757376 0.000293798 0
 0 0 0 0 0
 0.463077 0.371075 0.160297 0.00555027 0
 0.529543 0.364841 0.0842815 0.0213345 0
 0.631943 0.363953 0.00410389 0 0
 0.735681 0.248677 0.0153453 0.000297389 0
 0.695825 0.281241 0.0229344 0 0
 0.275771 0.60734 0.115278 0.00161068 0
 0 0 0 0 0
 0.896147 0.0623911 0.0374545 0.00400742 0
 0.803859 0.145111 0.0509908 3.86294e-05 0
 0.739449 0.233085 0.0266225 0.000797448 4.60066e-05
 0.878498 0.100942 0.0204185 0.000141795 0
 0.694673 0.275183 0.0284847 0.00165964 0
 0.469039 0.446079 0.0841089 0.000773354 0
ppred_PELACES
 0.429971 0.286961 0.142501 0.0707637 0.0698037
 0.344083 0.395808 0.130943 0.0650241 0.064142
 0.235908 0.393064 0.223894 0.0740693 0.0730644
 0.329559 0.259152 0.211575 0.120516 0.079198
 0.518263 0.2394 0.0936731 0.076476 0.0721885
 0.336142 0.453405 0.104585 0.0409222 0.0649459
 0.500498 0.253522 0.168001 0.0387519 0.0392274
 0.413657 0.392626 0.0983209 0.0651538 0.0302419
 0.561398 0.259232 0.12011 0.0300777 0.0291828
 0.452461 0.396533 0.0892504 0.0413523 0.0204027
 0.277092 0.453725 0.194945 0.0438776 0.0303602
 0.389042 0.271943 0.212779 0.0914217 0.0348146
 0.57573 0.242368 0.080966 0.0633511 0.0375845
 0.424913 0.426893 0.0846574 0.0282808 0.0352561
 0.514972 0.299512 0.137711 0.0273095 0.0204963
 0.543259 0.317299 0.0861072 0.0395908 0.0137438
 0.469059 0.376944 0.106982 0.0290324 0.0179826
 0.477623 0.336161 0.132205 0.0375217 0.0164895
 0.429251 0.370857 0.128635 0.0505891 0.0206678
 0.541158 0.277008 0.118151 0.0409815 0.0227016
 0.544967 0.320792 0.0810433 0.034567 0.0186316
 0.469502 0.374926 0.109676 0.0277079 0.0181881
 0.557808 0.283388 0.112233 0.0328312 0.0137389
 0.499647 0.359297 0.0903989 0.0358016 0.0148555
 0.420978 0.386934 0.137936 0.0347047 0.0194476
pobs_pel_tallas
 0 0 0 0 0 0 0 0 0 0 0 0 0 0 0 0 0 0 0 0 0 0 0 0 0 0 0 0 0 0 0 0 0 0 0 0
 0 0 0 0 0 0 0 0 0 0 0 0 0 0 0 0 0 0 0 0 0 0 0 0 0 0 0 0 0 0 0 0 0 0 0 0
 0 0 0 0 0 0 0 0 0 0 0 0 0 0 0 0 0 0 0 0 0 0 0 0 0 0 0 0 0 0 0 0 0 0 0 0
 0 0 0 0 0 0 0 0 0 0 0 0 0 0 0 0 0 0 0 0 0 0 0 0 0 0 0 0 0 0 0 0 0 0 0 0
 0 0 0 0 0 0 0 0 0 0 0 0 0 0 0 0 0 0 0 0 0 0 0 0 0 0 0 0 0 0 0 0 0 0 0 0
 0 0 0 0 0 0 0 0 0 0 0 0 0 0 0 0 0 0 0 0 0 0 0 0 0 0 0 0 0 0 0 0 0 0 0 0
 0 0 0 0 0 0 0 0 0 0 0 0 0 0 0 0 0 0 0 0 0 0 0 0 0 0 0 0 0 0 0 0 0 0 0 0
 0 0 0 0 0 0 0 0 0 0 0 0 0 0 0 0 0 0 0 0 0 0 0 0 0 0 0 0 0 0 0 0 0 0 0 0
 0 0 0 0 0 0 0 0 0 0 0 0 0 0 0 0 0 0 0 0 0 0 0 0 0 0 0 0 0 0 0 0 0 0 0 0
 0 0 0 0 0 0 0 0 0 0 0 0 0 0 0 0 0 0 0 0 0 0 0 0 0 0 0 0 0 0 0 0 0 0 0 0
 0 0 0 0 0 0 0 0 1.78061e-05 0.00172719 0.00360574 0.0105946 0.0120993 0.0124554 0.0147524 0.0171206 0.0266825 0.0428682 0.0675386 0.121331 0.153587 0.119568 0.100827 0.0573624 0.0630603 0.0341343 0.0324427 0.0444173 0.0211091 0.0280891 0.0125444 0.00206551 0 0 0 0
 0 0 0 0 0 0 0 0 0 0 0 0 0 0 0 0 0 0 0 0 0 0 0 0 0 0 0 0 0 0 0 0 0 0 0 0
 0 0 0 0 0 0 0.0133647 0.0140871 0.0187388 0.0205184 0.03894 0.0496705 0.03968 0.0493445 0.0407372 0.0367815 0.0215668 0.0243155 0.0234873 0.0199281 0.019796 0.0243948 0.0301388 0.0376714 0.0412746 0.0863199 0.0771752 0.113111 0.0741005 0.0525337 0.0229764 0.00759418 0.00175318 0 0 0
 0 0 0 0 0 0 0 0 0 0 0.00219441 0.00772107 0.0458388 0.0604681 0.0671733 0.0775358 0.0609151 0.0617685 0.073594 0.0568108 0.0755445 0.0548602 0.0670107 0.0636378 0.0643287 0.046367 0.0373049 0.0286899 0.0247887 0.0153202 0.00654259 0.00121912 0.000365735 0 0 0
 0 0 0 0 0 0 0 0 0 0 0 0 0.000112435 0.00938835 0.0111873 0.0202946 0.0414886 0.0713402 0.111592 0.104902 0.108894 0.110636 0.117776 0.105296 0.107544 0.0401394 0.0192827 0.0124803 0.00416011 0.0028671 0.000618394 0 0 0 0 0
 0 0 0 0 0 0 0 0 0 0 0.00291406 0.0102884 0.027416 0.0768956 0.0749926 0.110853 0.0956884 0.0897413 0.0766577 0.0534642 0.0500743 0.0551293 0.0594112 0.0620874 0.0668451 0.0424026 0.0208742 0.0120726 0.0048766 0.00582813 0.00118941 0.000297354 0 0 0 0
 0 0.00264628 0.0354308 0.0461629 0.0458689 0.0383711 0.0214643 0.0164657 0.0346957 0.0420465 0.0363128 0.0245516 0.0311673 0.0291091 0.0169068 0.0133784 0.00837989 0.0085269 0.0148486 0.0160247 0.0276389 0.0546898 0.0760071 0.122758 0.109233 0.0665981 0.0333725 0.0166128 0.00676272 0.00308733 0.000882094 0 0 0 0 0
 0 0 0 0 0 0 0 0.000805153 0.000690131 0.00759144 0.0133425 0.0154129 0.00931677 0.000345066 0.00356568 0.00563607 0.00851162 0.0253048 0.0502646 0.0516448 0.0657925 0.0565908 0.0611916 0.0827007 0.0866115 0.110766 0.145733 0.0935128 0.0569358 0.0249597 0.0138026 0.00621118 0.00161031 0.00115022 0 0
 0 0 0 0 0 0 0 0 0 0 0 0 0 0 0 0 0 0 0 0 0 0 0 0 0 0 0 0 0 0 0 0 0 0 0 0
 0.00147267 0.00158595 0.00478618 0.00569244 0.00954404 0.0108468 0.00647125 0.017049 0.0510054 0.094081 0.124002 0.0959785 0.0687766 0.0820023 0.061753 0.0591476 0.0492212 0.0479892 0.0443925 0.0268479 0.0217502 0.0140895 0.0121071 0.0120363 0.00920419 0.00665534 0.0049561 0.00860946 0.00930331 0.0156896 0.0114698 0.00855282 0.00243557 0.00046729 0 2.83206e-05
 0 0 0 0 0.000772559 0.00158375 0.000888443 0.00281984 0.00712685 0.0440552 0.0773331 0.111326 0.0921469 0.0852325 0.0710754 0.0886704 0.0786465 0.0553345 0.0373146 0.0185414 0.00753245 0.00457741 0.012979 0.0271748 0.0457355 0.0583668 0.034881 0.0177882 0.00938659 0.00492506 0.0015258 0.00185414 0.000309023 5.79419e-05 3.86279e-05 0
 0 0.00173294 0.00326652 0 0.00397197 0.00683976 0.00946217 0.0152591 0.00757587 0.0136028 0.0228656 0.0392903 0.0559909 0.0764795 0.0681675 0.0726916 0.0566044 0.0477403 0.0527397 0.0444891 0.0609904 0.0582453 0.0661739 0.0445044 0.0529084 0.0360697 0.0280645 0.0235558 0.0158879 0.00826598 0.00280645 0.00217768 0.000904811 0.00058276 9.20147e-05 0
 0 0 0 0 0 0 0 0 0 0 0 0 0 0 0 0 0 0 0 0 0 0 0 0 0 0 0 0 0 0 0 0 0 0 0 0
 0 0 0 0 0 0 0 0 0 0 0 0 0 0 0 0 0 0 0 0 0 0 0 0 0 0 0 0 0 0 0 0 0 0 0 0
 0 0 0 0 0 0 0 0 0 0 0 0 0 0 0 0 0 0 0 0 0 0 0 0 0 0 0 0 0 0 0 0 0 0 0 0
ppred_pel_tallas
 1.0781e-16 1.87732e-05 0.00011015 0.000523532 0.00201551 0.00628508 0.0158758 0.0324856 0.0538548 0.0723443 0.0787745 0.0696028 0.0500819 0.02975 0.0154177 0.00847113 0.00696817 0.00858579 0.0118863 0.0161821 0.0210718 0.0261664 0.0310279 0.0352204 0.0383927 0.0403468 0.0410643 0.0406816 0.0394286 0.0375544 0.0352671 0.032706 0.0299473 0.0270298 0.0239878 0.0208733
 1.0722e-16 1.50324e-05 8.81782e-05 0.000419056 0.00161321 0.0050305 0.012707 0.0260028 0.0431125 0.0579292 0.0631182 0.0558644 0.0404037 0.0244166 0.0134169 0.00858824 0.00844982 0.0111938 0.0156734 0.0212707 0.0275144 0.0338693 0.0397215 0.0444716 0.0476585 0.0490567 0.0487125 0.0469047 0.0440496 0.040586 0.0368785 0.0331682 0.0295722 0.0261195 0.0227997 0.019604
 1.09266e-16 1.03156e-05 6.04861e-05 0.000287404 0.00110632 0.00344977 0.0087142 0.0178333 0.0295717 0.0397474 0.0433412 0.0384399 0.0279751 0.0172538 0.0101131 0.00743422 0.00827671 0.0114666 0.0162546 0.0222056 0.0289235 0.0359068 0.0425546 0.0482598 0.0525295 0.0550804 0.0558783 0.0551068 0.0530866 0.0501736 0.0466779 0.0428214 0.0387421 0.0345236 0.0302351 0.0259581
 1.1093e-16 1.43937e-05 8.44405e-05 0.000401314 0.00154495 0.00481765 0.0121692 0.0249014 0.0412833 0.0554619 0.0604052 0.0534047 0.0384977 0.0230128 0.0121948 0.00713904 0.0063956 0.00822465 0.0115606 0.0159008 0.0209431 0.0263712 0.0318071 0.0368532 0.0411615 0.0444913 0.0467351 0.0479034 0.0480819 0.0473807 0.0458969 0.0437036 0.0408625 0.037448 0.0335691 0.029377
 1.07409e-16 2.2621e-05 0.000132745 0.000630962 0.00242916 0.00757504 0.0191341 0.0391519 0.0649027 0.0871746 0.0948953 0.0837807 0.0601395 0.0354349 0.0178302 0.00894087 0.00636861 0.0072668 0.0098836 0.0134154 0.0174574 0.0216712 0.0256939 0.0291692 0.0318148 0.0334766 0.0341495 0.033954 0.0330827 0.0317363 0.0300736 0.0281896 0.0261231 0.0238826 0.0214771 0.0189386
 1.06074e-16 1.46885e-05 8.61537e-05 0.000409419 0.00157609 0.00491472 0.0124146 0.025405 0.0421232 0.0566055 0.0616907 0.054636 0.0395913 0.0240771 0.0135022 0.00904838 0.00929161 0.0124775 0.0174761 0.0236444 0.0304487 0.0372657 0.0433841 0.0481193 0.0509602 0.0516826 0.0503905 0.0474661 0.0434549 0.0389242 0.0343432 0.0300183 0.0260886 0.022566 0.0193952 0.0165077
 1.05632e-16 2.18473e-05 0.0001282 0.000609352 0.00234595 0.00731554 0.0184786 0.0378109 0.0626805 0.0841924 0.0916556 0.0809362 0.0581321 0.034322 0.0174007 0.0089423 0.00664621 0.00777683 0.0106498 0.014486 0.0188772 0.0234634 0.0278477 0.0316317 0.034488 0.0362215 0.0367966 0.0363194 0.0349873 0.0330272 0.0306426 0.0279882 0.0251694 0.0222597 0.0193227 0.0164262
 1.05176e-16 1.8066e-05 0.000105989 0.000503729 0.00193923 0.00604716 0.015275 0.0312571 0.0518213 0.0696225 0.0758367 0.0670686 0.0483923 0.0290142 0.015526 0.00930569 0.00852505 0.0109702 0.0152421 0.0206105 0.0265619 0.0325458 0.0379442 0.0421617 0.0447504 0.0455076 0.0445119 0.0420814 0.0386759 0.0347764 0.0307835 0.0269626 0.0234403 0.0202383 0.0173237 0.014653
 1.04187e-16 2.45029e-05 0.000143791 0.000683472 0.00263133 0.00820548 0.0207265 0.0424104 0.0703041 0.0944293 0.102792 0.0907499 0.0651373 0.0383697 0.0192875 0.00963692 0.00681484 0.00772984 0.0104736 0.0141615 0.0183384 0.0226183 0.0265889 0.0298478 0.0320791 0.0331172 0.0329729 0.0318106 0.0298902 0.0274948 0.0248699 0.0221899 0.0195565 0.0170176 0.0145941 0.0123024
 1.03771e-16 1.97583e-05 0.000115923 0.000550957 0.00212107 0.00661422 0.0167073 0.0341878 0.056679 0.0761455 0.082933 0.0733232 0.0528588 0.031599 0.0167388 0.00976675 0.00866338 0.0109897 0.0152052 0.0205137 0.0263717 0.0322104 0.0373979 0.0413302 0.0435582 0.0438884 0.0424196 0.0395003 0.0356273 0.0313204 0.0270157 0.0230056 0.0194315 0.016316 0.0136141 0.0112594
 1.05842e-16 1.21139e-05 7.1038e-05 0.000337556 0.0012994 0.00405185 0.0102351 0.0209456 0.034732 0.0466814 0.0508969 0.0451287 0.0328155 0.0201837 0.0117291 0.0084709 0.0092838 0.0127631 0.0179991 0.0244502 0.0316227 0.0389064 0.0455866 0.0509591 0.0544756 0.0558583 0.0551464 0.0526547 0.0488702 0.0443215 0.0394674 0.0346358 0.0300164 0.0256923 0.0216884 0.0180112
 1.07878e-16 1.69881e-05 9.96703e-05 0.000473714 0.0018237 0.00568693 0.0143649 0.0293942 0.0487304 0.0654627 0.0712867 0.0629997 0.0453592 0.0270026 0.0141028 0.0079282 0.00673918 0.00845343 0.0117893 0.0161399 0.0211496 0.0264623 0.0316638 0.0363263 0.0400851 0.0427025 0.0440973 0.0443288 0.0435493 0.0419446 0.0396866 0.0369125 0.0337295 0.0302336 0.0265302 0.0227437
 1.05162e-16 2.5127e-05 0.000147457 0.000700905 0.00269846 0.00841483 0.0212553 0.0434921 0.0720966 0.0968345 0.105404 0.0930412 0.0667498 0.0392547 0.0196118 0.00959973 0.0065363 0.00724138 0.0097549 0.0131776 0.0170639 0.0210527 0.0247652 0.0278355 0.0299804 0.0310571 0.0310848 0.0302209 0.0287037 0.0267834 0.024666 0.0224846 0.0203023 0.0181348 0.0159811 0.0138472
 1.0396e-16 1.85582e-05 0.000108875 0.000517445 0.00199203 0.0062118 0.0156909 0.0321083 0.0532331 0.071521 0.0779092 0.0689123 0.0497459 0.0298721 0.0160683 0.00975619 0.00906246 0.0117122 0.0162587 0.0219306 0.028167 0.0343595 0.0398285 0.043926 0.0461743 0.0463741 0.0446439 0.0413727 0.0371089 0.0324235 0.0277926 0.0235319 0.0197883 0.016576 0.0138323 0.0114704
 1.03949e-16 2.24802e-05 0.000131912 0.000626989 0.00241384 0.00752725 0.0190134 0.0389055 0.064496 0.086634 0.0943212 0.0833083 0.0598754 0.0354301 0.0181065 0.00953557 0.00735878 0.00876203 0.0119991 0.0162365 0.021003 0.025862 0.0303356 0.0339562 0.0363586 0.0373543 0.0369622 0.0353831 0.0329315 0.0299512 0.0267423 0.0235217 0.0204181 0.0174922 0.0147674 0.0122557
 1.03329e-16 2.37143e-05 0.000139156 0.000661424 0.00254642 0.00794068 0.0200577 0.0410424 0.0680383 0.0913915 0.0994996 0.0878788 0.0631531 0.0373546 0.0190606 0.00998654 0.00763663 0.00903197 0.0123177 0.0166003 0.0213686 0.0261518 0.0304418 0.0337528 0.0357196 0.0361773 0.0351916 0.0330254 0.0300606 0.0266996 0.0232825 0.0200404 0.01709 0.0144592 0.0121257 0.0100519
 1.0348e-16 2.04813e-05 0.000120169 0.000571149 0.00219882 0.00685668 0.0173197 0.0354407 0.0587552 0.0789317 0.0859597 0.0759804 0.0547336 0.0326381 0.0171406 0.00976993 0.00841901 0.0105506 0.0145688 0.0196641 0.0253048 0.0309471 0.0359882 0.0398489 0.0420939 0.0425278 0.0412312 0.0385219 0.0348616 0.0307384 0.0265672 0.0226331 0.019083 0.0159547 0.0132221 0.0108367
 1.04046e-16 2.08531e-05 0.000122356 0.000581552 0.00223889 0.00698165 0.0176353 0.0360861 0.0598239 0.0803635 0.0875084 0.0773244 0.0556477 0.0330751 0.0171733 0.00948133 0.00783761 0.00965043 0.0133019 0.0179957 0.0232425 0.0285596 0.0334115 0.0372771 0.0397543 0.0406441 0.0399847 0.03802 0.0351213 0.0316889 0.0280687 0.0245052 0.0211366 0.0180183 0.0151602 0.0125573
 1.04651e-16 1.87453e-05 0.000109978 0.000522699 0.00201227 0.00627495 0.0158503 0.0324341 0.0537717 0.0722398 0.0786794 0.069563 0.0501494 0.0299825 0.0158898 0.00928649 0.00826183 0.0105102 0.0145822 0.0197378 0.0254792 0.0312838 0.0365645 0.0407508 0.0434056 0.0443181 0.0435402 0.0413498 0.0381633 0.034425 0.030514 0.0266929 0.0231028 0.0197917 0.0167573 0.0139838
 1.04237e-16 2.36211e-05 0.000138612 0.000658848 0.00253651 0.0079098 0.0199797 0.0408824 0.067772 0.0910308 0.0990988 0.0875054 0.0628427 0.0370869 0.0187703 0.00958845 0.00704449 0.00816732 0.0111186 0.0150356 0.0194556 0.023971 0.0281419 0.0315394 0.0338294 0.0348398 0.034589 0.0332601 0.0311384 0.0285327 0.0257089 0.0228547 0.0200769 0.0174221 0.0149069 0.0125423
 1.03314e-16 2.37889e-05 0.000139593 0.000663503 0.00255442 0.00796565 0.0201208 0.0411714 0.0682522 0.0916791 0.0998131 0.0881567 0.0633549 0.0374781 0.0191312 0.0100353 0.00768703 0.00909765 0.0124051 0.0167105 0.0214973 0.0262889 0.0305715 0.033855 0.035773 0.036163 0.0350973 0.0328482 0.0298079 0.0263885 0.0229367 0.0196863 0.0167526 0.0141589 0.0118759 0.00985892
 1.03481e-16 2.05005e-05 0.000120282 0.000571687 0.00220089 0.00686315 0.0173361 0.0354741 0.0588104 0.0790058 0.0860399 0.07605 0.0547811 0.0326613 0.0171434 0.00975685 0.00839195 0.0105087 0.0145102 0.0195875 0.0252111 0.0308402 0.035875 0.0397387 0.0419973 0.0424546 0.0411885 0.0385129 0.0348846 0.0307878 0.0266345 0.0227086 0.0191577 0.0160215 0.0132765 0.0108769
 1.03456e-16 2.43474e-05 0.000142875 0.000679115 0.00261454 0.00815314 0.0205943 0.0421401 0.0698568 0.0938306 0.102146 0.0901933 0.0647675 0.0382115 0.019318 0.00983187 0.00717552 0.00828199 0.0112515 0.0151899 0.0196162 0.0241075 0.0282097 0.031483 0.0335881 0.0343566 0.0338196 0.0321813 0.0297535 0.026872 0.0238275 0.0208253 0.0179817 0.015344 0.0129212 0.0107105
 1.03325e-16 2.18143e-05 0.000127997 0.000608366 0.00234212 0.00730357 0.0184485 0.0377501 0.0625825 0.0840693 0.0915441 0.0808912 0.058216 0.034604 0.01797 0.00992204 0.0081947 0.0100692 0.0138412 0.0186617 0.0239994 0.0293299 0.0340783 0.0376944 0.0397679 0.0401178 0.0388277 0.0362072 0.0327018 0.0287799 0.0248371 0.0211418 0.0178282 0.0149247 0.0123986 0.0101967
 1.04186e-16 1.83852e-05 0.000107862 0.000512637 0.00197353 0.00615413 0.0155452 0.0318098 0.0527374 0.0708524 0.0771739 0.0682452 0.0492283 0.0294898 0.0157344 0.00936028 0.00850378 0.0109105 0.0151586 0.0205121 0.0264597 0.0324553 0.0378831 0.0421451 0.044784 0.045581 0.0445944 0.0421222 0.03861 0.0345348 0.0303068 0.0262132 0.0224115 0.0189577 0.0158492 0.0130639
pSPR Fmed_Fpbrs
0.700822   0.255595 0.255595
Fs Fmed_Fpbrs
0.184984   1.005 1.005
SSBpbr Bo_Bmed_Bpbrs
1.35179e+06  879774  277921 277921
Ro
56387.3
SPR SPRFo_SPRFmed_SPRFpbrs
1.15948e+06 812591 296358
log_Ro
10.76
likeval ReclasPelacesDesembMPH_pf_preclas_ppelaces_ptallas_desvR_qrecl_qpela
 184.498 51.029 0.171442 0.0010177 345.407 217.016 82.5737 0 14.7719 0 0 0 0 0 0
q_reclas_q_pelaces
1 1
M
0.7
N
 96304.9 33523.4 16647.2 8266.78 8154.63
 75366.3 45450.4 15036 7466.67 7365.38
 38444.3 35350 20135.8 6661.39 6571.02
 42104.6 16950.4 13838.5 7882.59 5180.1
 87433.4 20321.9 7951.61 6491.8 6127.85
 58632.2 43089 9939.13 3889.01 6172.08
 98083.7 26253.9 17397.5 4013.01 4062.25
 85404.3 45568 11411.1 7561.72 3509.86
 140867 36828.4 17063.7 4273.06 4145.93
 124840 60222.7 13554.7 6280.3 3098.62
 54050.6 55215.5 23723.6 5339.63 3694.65
 47176 20558.2 16085.6 6911.25 2631.9
 63781.8 17958.9 5999.38 4694.16 2784.92
 28828.2 22307.6 4423.84 1477.84 1842.34
 20869.7 8506.11 3910.98 775.589 582.094
 20554.8 6900.3 1872.57 860.982 298.887
 19340.5 8629.53 2449.19 664.65 411.683
 22415.1 8465.25 3329.19 944.875 415.24
 22241.7 10223.2 3545.98 1394.56 569.734
 37583.6 10249.2 4371.55 1516.3 839.954
 57014.8 17290 4368.05 1863.09 1004.2
 65733 27311.1 7989.2 2018.35 1324.89
 116894 31114.3 12322.5 3604.66 1508.44
 146355 54868.7 13804.9 5467.31 2268.6
 145174 69107.7 24635.9 6198.37 3473.4
pred_Ctot
 3447.03 2347.14 1165.56 578.798 570.946
 3016.1 3548.55 1173.94 582.962 575.054
 3121.3 5455.47 3107.5 1028.03 1014.09
 850.958 676.654 552.429 314.67 206.788
 476.878 220.936 86.4484 70.5777 66.6209
 4169.61 5862.08 1352.18 529.084 839.686
 4563.36 2373.31 1572.71 362.77 367.221
 8150.23 8190.82 2051.13 1359.21 630.894
 14213.2 6974.51 3231.5 809.226 785.151
 9882.19 9073.23 2042.17 946.197 466.841
 9239.11 16920.8 7270.11 1636.33 1132.23
 8040.96 6284.1 4916.94 2112.59 804.502
 13838.9 6772.72 2262.51 1770.28 1050.26
 8667.33 11000.6 2181.53 728.765 908.51
 5133.89 3565.44 1639.34 325.098 243.992
 2307.05 1443.04 391.607 180.055 62.5055
 1661.5 1404.91 398.735 108.207 67.0232
 1321.21 961.936 378.308 107.369 47.1851
 1157.35 1030.03 357.273 140.507 57.4031
 1997.94 1054.23 449.654 155.966 86.397
 1453.57 867.813 219.24 93.5115 50.4025
 2218.56 1805.4 528.127 133.423 87.5821
 4618.87 2399.32 950.229 277.966 116.321
 5185.33 3803.52 956.963 378.996 157.26
 4346.54 4062.2 1448.12 364.345 204.169
F
 0.0508976 0.101795 0.101795 0.101795 0.101795
 0.057061 0.114122 0.114122 0.114122 0.114122
 0.118922 0.237843 0.237843 0.237843 0.237843
 0.0284578 0.0569155 0.0569155 0.0569155 0.0569155
 0.00760961 0.0152192 0.0152192 0.0152192 0.0152192
 0.103469 0.206938 0.206938 0.206938 0.206938
 0.0666152 0.13323 0.13323 0.13323 0.13323
 0.141127 0.282254 0.282254 0.282254 0.282254
 0.149767 0.299534 0.299534 0.299534 0.299534
 0.115789 0.231579 0.231579 0.231579 0.231579
 0.26666 0.53332 0.53332 0.53332 0.53332
 0.265802 0.531604 0.531604 0.531604 0.531604
 0.350538 0.701076 0.701076 0.701076 0.701076
 0.52057 1.04114 1.04114 1.04114 1.04114
 0.406735 0.813471 0.813471 0.813471 0.813471
 0.167904 0.335807 0.335807 0.335807 0.335807
 0.12623 0.25246 0.25246 0.25246 0.25246
 0.085077 0.170154 0.170154 0.170154 0.170154
 0.0747698 0.14954 0.14954 0.14954 0.14954
 0.0764418 0.152884 0.152884 0.152884 0.152884
 0.0360176 0.0720352 0.0720352 0.0720352 0.0720352
 0.0479317 0.0958633 0.0958633 0.0958633 0.0958633
 0.0563217 0.112643 0.112643 0.112643 0.112643
 0.0503696 0.100739 0.100739 0.100739 0.100739
 0.042417 0.084834 0.084834 0.084834 0.084834
YTP_r0W_actual
 48681.2 89368.4 47787.8 14974.6 8738.44
YTP_p0W_proyectada
 152291 713166 474403 220612 92345.7
 152291 190051 188999 112490 54143.9
CTP_r0_actual
 4346.54 4062.2 1448.12 364.345 204.169
CTP_p0_proyectada
 17916.6 33325.5 15205.2 5420.45 1985.93
 17916.6 8880.91 6057.66 2763.89 1164.39
Wmedp
 8.5 21.4 31.2 40.7 46.5
nmprior
 10.6 11 7 0
nm_flota  nm_reclas  nm_pelaces    nm_pelaL
inf 11.8068 10.9846 22.5433
cv_recla  cv_pelaces  cv_mph
1.22863 0.809992 1.03502
 ------------------------------------------------
Talla a la edad & desviaci?n 
 7.2 14.2025 17.0495 18.207 18.6776
 1.08 2.13037 2.55742 2.73105 2.80164
