years
 1997 1998 1999 2000 2001 2002 2003 2004 2005 2006 2007 2008 2009 2010 2011 2012 2013 2014 2015 2016 2017 2018 2019 2020 2021
reclasobs
 0 0 0 370054 412103 1.49427e+06 250295 1.28982e+06 931140 785840 897777 1.04006e+06 184774 17550 25797 100020 73551 82996 120727 218422 84188 347160 605670 569463 516374
reclaspred
 3.29138e+06 408905 589737 174459 228648 297991 549833 464068 722383 1.14526e+06 1.24956e+06 811789 443440 201243 129240 118874 126366 159954 149574 200475 370079 364029 560443 598961 540560
pelacesobs
 0 0 0 0 0 0 0 0 0 2.06254e+06 1.5e+06 0 1.87456e+06 323000 250000 174000 83755 137374 0 501740 490994 745055 786931 1.00524e+06 1.33801e+06
pelacespred
 1.42416e+06 566429 182841 127273 132258 122739 287710 264882 399851 663140 642795 431239 238016 86005.9 53933.7 56545.3 62699.4 79653.2 77935.7 100642 205132 213239 248633 312086 265985
mphobs
 0 0 0 0 0 112323 0 153150 637223 0 255016 313432 73983 77613 109348 50772 0 0 0 0 0 0 0 0 0
mphpred
 2.34867e+06 1.0171e+06 452632 238528 130070 297021 324948 459393 507883 816696 1.2527e+06 882926 490152 265233 121059 102380 103998 127118 140935 137548 256575 350066 395238 508860 538160
desembarqueobs
 350755 77701 442110 56441 14545 235359 269955 359681 431902 328805 639364 411747 362871 311530 167758 66681 60226 58785 57116 73181 50977 67692 138656 160484 209506
desembarquepred
 350735 77680.6 441649 56420 14543.7 235153 269806 359207 431500 328582 638603 411328 362270 310985 167453 66638.3 60200.6 58747.4 57070.9 73120.3 50962.5 67654 138570 160390 209391
Reclutas
 8483.85 11057.1 1917.97 5455.35 50342.7 17625.6 57140.9 67526.8 122342 199274 61853.1 24476.4 51100.5 27804.7 19412.6 14414.8 11336.9 11473.1 9066.45 27404.6 35825.2 32540.8 56296.7 46328.4 2101.63
log_desv_Rt
 -0.994081 -0.729171 -2.48097 -1.43565 0.786608 -0.262894 0.913275 1.08028 1.67457 2.16244 0.992518 0.0654659 0.801549 0.192961 -0.166325 -0.463989 -0.704178 -0.692236 -0.927664 0.178468 0.446407 0.35025 0.898392 0.703511 -2.38953
SSB
 2.34867e+06 1.0171e+06 452632 238528 130070 297021 324948 459393 507883 816696 1.2527e+06 882926 490152 265233 121059 102380 103998 127118 140935 137548 256575 350066 395238 508860 538160
BT
 2.90246e+06 1.1889e+06 590039 308276 378897 418899 1.06398e+06 1.03692e+06 1.53104e+06 2.04347e+06 1.88304e+06 1.21447e+06 900689 483945 277819 181965 195702 228943 208738 314667 548367 487753 630230 794082 653349
Ftot
 0.103753 0.183972 0.692034 0.310343 0.0621669 0.728778 0.468399 0.723985 0.56709 0.277204 0.483813 0.479289 0.756808 1.33674 1.15831 0.530135 0.453616 0.352186 0.365019 0.350615 0.134 0.180183 0.23885 0.2583 0.36957
BD_Bspro_t
 0.983643 0.877428 0.686447 0.377501 0.403147 0.66369 0.495694 0.526085 0.502972 0.561527 0.626407 0.465444 0.335396 0.246018 0.146168 0.148972 0.198726 0.298915 0.37536 0.431492 0.605194 0.72706 0.72046 0.706197 0.653662
BD_Bspro
 4.98221 2.15757 0.960164 0.505988 0.275918 0.630068 0.689309 0.974507 1.07737 1.73245 2.65733 1.87294 1.03976 0.562637 0.256801 0.217179 0.220611 0.269654 0.298964 0.291779 0.544271 0.742593 0.838417 1.07944 1.14159
BD_Bo
 2.2679 0.982123 0.437066 0.230325 0.125597 0.286806 0.313773 0.443595 0.490418 0.78861 1.20962 0.852563 0.473297 0.256112 0.116896 0.0988595 0.100422 0.122746 0.136088 0.132817 0.247752 0.338028 0.381646 0.491361 0.519653
BD_Brms
 11.0309 4.77698 2.12586 1.12029 0.610898 1.39501 1.52617 2.15761 2.38536 3.83575 5.88349 4.14681 2.30208 1.24571 0.568573 0.480846 0.488445 0.597029 0.661923 0.646015 1.20505 1.64414 1.8563 2.38995 2.52756
S_f
 0.5 1 1 1 1
 0.5 1 1 1 1
 0.5 1 1 1 1
 0.5 1 1 1 1
 0.5 1 1 1 1
 0.5 1 1 1 1
 0.5 1 1 1 1
 0.5 1 1 1 1
 0.5 1 1 1 1
 0.5 1 1 1 1
 0.5 1 1 1 1
 0.5 1 1 1 1
 0.5 1 1 1 1
 0.5 1 1 1 1
 0.5 1 1 1 1
 0.5 1 1 1 1
 0.5 1 1 1 1
 0.5 1 1 1 1
 0.5 1 1 1 1
 0.5 1 1 1 1
 0.5 1 1 1 1
 0.5 1 1 1 1
 0.5 1 1 1 1
 0.5 1 1 1 1
 0.5 1 1 1 1
Scru_reclas
 0.5 1 1 1 1
 0.5 1 1 1 1
 0.5 1 1 1 1
 0.5 1 1 1 1
 0.5 1 1 1 1
 0.5 1 1 1 1
 0.5 1 1 1 1
 0.5 1 1 1 1
 0.5 1 1 1 1
 0.5 1 1 1 1
 0.5 1 1 1 1
 0.5 1 1 1 1
 0.5 1 1 1 1
 0.5 1 1 1 1
 0.5 1 1 1 1
 0.5 1 1 1 1
 0.5 1 1 1 1
 0.5 1 1 1 1
 0.5 1 1 1 1
 0.5 1 1 1 1
 0.5 1 1 1 1
 0.5 1 1 1 1
 0.5 1 1 1 1
 0.5 1 1 1 1
 0.5 1 1 1 1
Scru_pelaces
 0.5 1 1 1 1
 0.5 1 1 1 1
 0.5 1 1 1 1
 0.5 1 1 1 1
 0.5 1 1 1 1
 0.5 1 1 1 1
 0.5 1 1 1 1
 0.5 1 1 1 1
 0.5 1 1 1 1
 0.5 1 1 1 1
 0.5 1 1 1 1
 0.5 1 1 1 1
 0.5 1 1 1 1
 0.5 1 1 1 1
 0.5 1 1 1 1
 0.5 1 1 1 1
 0.5 1 1 1 1
 0.5 1 1 1 1
 0.5 1 1 1 1
 0.5 1 1 1 1
 0.5 1 1 1 1
 0.5 1 1 1 1
 0.5 1 1 1 1
 0.5 1 1 1 1
 0.5 1 1 1 1
pf_obs 
 0.256992 0.487395 0.22802 0.0275931 0
 0.321318 0.546541 0.124235 0.00734118 0.000564706
 0.182869 0.594174 0.210203 0.0122559 0.00049798
 0.330522 0.361315 0.267642 0.0388342 0.00168674
 0.649043 0.306663 0.0425973 0.00169635 0
 0.582887 0.30429 0.105238 0.00758474 0
 0.465427 0.430635 0.0974691 0.00646863 0
 0.296916 0.608066 0.0921331 0.00288517 0
 0.311714 0.524322 0.152257 0.0117073 0
 0.15457 0.633149 0.183074 0.0267441 0.00246327
 0.131901 0.49318 0.331252 0.0422183 0.00144891
 0.196976 0.569456 0.194076 0.0375587 0.00193317
 0.518974 0.381816 0.0799577 0.0180837 0.00116848
 0.0928022 0.601141 0.25162 0.0475244 0.00691264
 0.122501 0.610282 0.24278 0.0234846 0.000952079
 0.383417 0.481906 0.127806 0.00687128 0
 0.0376549 0.599619 0.316969 0.0457579 0
 0.0361596 0.667082 0.258105 0.0386534 0
 0.158088 0.579412 0.248529 0.0139706 0
 0.0477256 0.309471 0.559284 0.082774 0.000745712
 0.0406174 0.521527 0.379366 0.0568643 0.0016247
 0.151134 0.462217 0.34131 0.0453401 0
 0.294876 0.26143 0.354403 0.0886775 0.000613685
 0.281977 0.475581 0.204845 0.0348837 0.00271318
 0.0841818 0.532909 0.334909 0.0458182 0.00218182
pf_pred 
 0.0451024 0.616797 0.298231 0.0398679 1.57149e-06
 0.113066 0.078625 0.522111 0.252449 0.033749
 0.0445096 0.202341 0.0667653 0.443356 0.243028
 0.307742 0.0711911 0.131521 0.0433973 0.446148
 0.844306 0.0767543 0.00811808 0.0149977 0.055824
 0.278283 0.661757 0.029559 0.00312637 0.0272743
 0.717203 0.138517 0.132294 0.00590921 0.00607746
 0.597223 0.343705 0.0289343 0.0276342 0.00250385
 0.698223 0.23738 0.0549524 0.00462608 0.00481855
 0.661369 0.286316 0.0411517 0.0095264 0.0016373
 0.242918 0.612324 0.122395 0.0175916 0.00477228
 0.192395 0.343363 0.375477 0.0750524 0.0137135
 0.523699 0.168689 0.130785 0.143017 0.0338105
 0.428372 0.4197 0.0538072 0.041717 0.0564033
 0.54257 0.31846 0.102035 0.0130812 0.0238543
 0.534896 0.359589 0.0734588 0.0235362 0.0085199
 0.452559 0.399052 0.114725 0.0234366 0.0102273
 0.473693 0.344069 0.132841 0.0381909 0.0112064
 0.405551 0.395857 0.129828 0.0501251 0.0186392
 0.703267 0.178831 0.0785133 0.0257498 0.0136385
 0.575595 0.356462 0.040947 0.0179772 0.00901875
 0.428685 0.421651 0.125704 0.0144397 0.00951996
 0.551244 0.274793 0.128391 0.0382765 0.00729564
 0.416852 0.422526 0.0983559 0.0459548 0.0163115
 0.032928 0.586271 0.275914 0.0642274 0.0406605
pobs_RECLAS
 0 0 0 0 0
 0 0 0 0 0
 0 0 0 0 0
 0 0 0 0 0
 0.835266 0.146461 0.0176864 0.000547809 3.91292e-05
 0.385257 0.428462 0.181853 0.0044286 0
 0.867414 0.0963971 0.0333333 0.00285562 0
 0.441836 0.489002 0.0689373 0.000224442 0
 0.779404 0.147425 0.0564933 0.0165055 0.000172143
 0.814271 0.122319 0.05973 0.00367925 0
 0.40263 0.566651 0.0304383 0.000280538 0
 0.475488 0.404961 0.113038 0.00651328 0
 0.955842 0.0263864 0.0167828 0.000988607 0
 0.975058 0.0227948 0.00214734 0 0
 0.738997 0.206755 0.0527124 0.00153531 0
 0.850938 0.134255 0.0134407 0.00136685 0
 0.542534 0.407297 0.0501686 0 0
 0.764087 0.199537 0.0359546 0.000420521 0
 0.470689 0.182191 0.310203 0.0369168 0
 0.84361 0.089868 0.0606195 0.00523954 0.000663233
 0.607945 0.314616 0.071237 0.00620181 0
 0.523733 0.453247 0.0230204 0 0
 0.530135 0.295979 0.169645 0.0042399 0
 0.562478 0.366248 0.0663022 0.0049721 0
 0.250443 0.683176 0.0655157 0.000865301 0
ppred_RECLAS
 0.045246 0.616704 0.298186 0.0398619 1.57125e-06
 0.113704 0.0785684 0.521735 0.252267 0.0337247
 0.045991 0.202027 0.0666618 0.442669 0.242651
 0.310281 0.0709301 0.131039 0.0432382 0.444512
 0.844558 0.0766302 0.00810496 0.0149734 0.0557337
 0.285752 0.654909 0.0292531 0.00309402 0.026992
 0.721271 0.136525 0.13039 0.00582421 0.00599004
 0.605982 0.33623 0.028305 0.0270333 0.0024494
 0.70368 0.233087 0.0539585 0.00454242 0.00473141
 0.663682 0.28436 0.0408706 0.00946134 0.00162611
 0.246806 0.609179 0.121766 0.0175012 0.00474777
 0.195642 0.341982 0.373967 0.0747506 0.0136584
 0.533397 0.165254 0.128122 0.140105 0.0331221
 0.450638 0.403352 0.0517114 0.0400921 0.0542064
 0.560547 0.305944 0.0980246 0.0125671 0.0229169
 0.540803 0.355022 0.0725258 0.0232373 0.00841169
 0.457347 0.395562 0.113721 0.0232316 0.0101379
 0.477167 0.341797 0.131964 0.0379387 0.0111325
 0.40907 0.393513 0.129059 0.0498284 0.0185288
 0.70615 0.177094 0.0777505 0.0254996 0.013506
 0.576675 0.355555 0.0408428 0.0179315 0.0089958
 0.430203 0.42053 0.12537 0.0144014 0.00949466
 0.55338 0.273485 0.12778 0.0380943 0.00726092
 0.419161 0.420853 0.0979664 0.0457728 0.0162469
 0.0334029 0.585983 0.275778 0.0641958 0.0406406
pobs_PELACES
 0 0 0 0 0
 0 0 0 0 0
 0 0 0 0 0
 0 0 0 0 0
 0 0 0 0 0
 0 0 0 0 0
 0 0 0 0 0
 0 0 0 0 0
 0 0 0 0 0
 0 0 0 0 0
 0.450072 0.473896 0.0757376 0.000293798 0
 0 0 0 0 0
 0.463077 0.371075 0.160297 0.00555027 0
 0.529543 0.364841 0.0842815 0.0213345 0
 0.631943 0.363953 0.00410389 0 0
 0.735681 0.248677 0.0153453 0.000297389 0
 0.695825 0.281241 0.0229344 0 0
 0.275771 0.60734 0.115278 0.00161068 0
 0 0 0 0 0
 0.896147 0.0623911 0.0374545 0.00400742 0
 0.803859 0.145111 0.0509908 3.86294e-05 0
 0.739449 0.233085 0.0266225 0.000797448 4.60066e-05
 0.878498 0.100942 0.0204185 0.000141795 0
 0.694673 0.275183 0.0284847 0.00165964 0
 0.469039 0.446079 0.0841089 0.000773354 0
ppred_PELACES
 0.0459913 0.616223 0.297953 0.0398308 1.57002e-06
 0.116799 0.0782941 0.519913 0.251386 0.033607
 0.0512689 0.20091 0.066293 0.44022 0.241309
 0.321344 0.0697923 0.128937 0.0425446 0.437382
 0.8459 0.0759687 0.00803499 0.0148442 0.0552526
 0.310913 0.631839 0.0282226 0.00298503 0.0260412
 0.736539 0.129046 0.123248 0.00550516 0.00566191
 0.634115 0.312223 0.026284 0.0251031 0.00227451
 0.722812 0.218038 0.0504747 0.00424913 0.00442592
 0.673813 0.275794 0.0396394 0.00917632 0.00157713
 0.261944 0.596936 0.119319 0.0171495 0.00465235
 0.208387 0.336563 0.368041 0.0735662 0.013442
 0.564307 0.154307 0.119635 0.130824 0.0309279
 0.505616 0.362986 0.0465363 0.0360798 0.0487816
 0.606949 0.27364 0.0876742 0.0112402 0.0204971
 0.562435 0.338298 0.0691094 0.0221427 0.00801544
 0.475974 0.381984 0.109818 0.0224342 0.00978988
 0.49168 0.33231 0.128301 0.0368857 0.0108234
 0.423705 0.383767 0.125863 0.0485943 0.0180699
 0.718009 0.169947 0.0746126 0.0244705 0.012961
 0.582063 0.351029 0.040323 0.0177032 0.0088813
 0.437506 0.415141 0.123763 0.0142168 0.00937298
 0.563098 0.267534 0.125 0.0372654 0.00710292
 0.429572 0.41331 0.0962105 0.0449524 0.0159557
 0.0354287 0.584755 0.2752 0.0640613 0.0405554
pobs_pel_tallas
 0 0 0 0 0 0 0 0 0 0 0 0 0 0 0 0 0 0 0 0 0 0 0 0 0 0 0 0 0 0 0 0 0 0 0 0
 0 0 0 0 0 0 0 0 0 0 0 0 0 0 0 0 0 0 0 0 0 0 0 0 0 0 0 0 0 0 0 0 0 0 0 0
 0 0 0 0 0 0 0 0 0 0 0 0 0 0 0 0 0 0 0 0 0 0 0 0 0 0 0 0 0 0 0 0 0 0 0 0
 0 0 0 0 0 0 0 0 0 0 0 0 0 0 0 0 0 0 0 0 0 0 0 0 0 0 0 0 0 0 0 0 0 0 0 0
 0 0 0 0 0 0 0 0 0 0 0 0 0 0 0 0 0 0 0 0 0 0 0 0 0 0 0 0 0 0 0 0 0 0 0 0
 0 0 0 0 0 0 0 0 0 0 0 0 0 0 0 0 0 0 0 0 0 0 0 0 0 0 0 0 0 0 0 0 0 0 0 0
 0 0 0 0 0 0 0 0 0 0 0 0 0 0 0 0 0 0 0 0 0 0 0 0 0 0 0 0 0 0 0 0 0 0 0 0
 0 0 0 0 0 0 0 0 0 0 0 0 0 0 0 0 0 0 0 0 0 0 0 0 0 0 0 0 0 0 0 0 0 0 0 0
 0 0 0 0 0 0 0 0 0 0 0 0 0 0 0 0 0 0 0 0 0 0 0 0 0 0 0 0 0 0 0 0 0 0 0 0
 0 0 0 0 0 0 0 0 0 0 0 0 0 0 0 0 0 0 0 0 0 0 0 0 0 0 0 0 0 0 0 0 0 0 0 0
 0 0 0 0 0 0 0 0 1.78061e-05 0.00172719 0.00360574 0.0105946 0.0120993 0.0124554 0.0147524 0.0171206 0.0266825 0.0428682 0.0675386 0.121331 0.153587 0.119568 0.100827 0.0573624 0.0630603 0.0341343 0.0324427 0.0444173 0.0211091 0.0280891 0.0125444 0.00206551 0 0 0 0
 0 0 0 0 0 0 0 0 0 0 0 0 0 0 0 0 0 0 0 0 0 0 0 0 0 0 0 0 0 0 0 0 0 0 0 0
 0 0 0 0 0 0 0.0133647 0.0140871 0.0187388 0.0205184 0.03894 0.0496705 0.03968 0.0493445 0.0407372 0.0367815 0.0215668 0.0243155 0.0234873 0.0199281 0.019796 0.0243948 0.0301388 0.0376714 0.0412746 0.0863199 0.0771752 0.113111 0.0741005 0.0525337 0.0229764 0.00759418 0.00175318 0 0 0
 0 0 0 0 0 0 0 0 0 0 0.00219441 0.00772107 0.0458388 0.0604681 0.0671733 0.0775358 0.0609151 0.0617685 0.073594 0.0568108 0.0755445 0.0548602 0.0670107 0.0636378 0.0643287 0.046367 0.0373049 0.0286899 0.0247887 0.0153202 0.00654259 0.00121912 0.000365735 0 0 0
 0 0 0 0 0 0 0 0 0 0 0 0 0.000112435 0.00938835 0.0111873 0.0202946 0.0414886 0.0713402 0.111592 0.104902 0.108894 0.110636 0.117776 0.105296 0.107544 0.0401394 0.0192827 0.0124803 0.00416011 0.0028671 0.000618394 0 0 0 0 0
 0 0 0 0 0 0 0 0 0 0 0.00291406 0.0102884 0.027416 0.0768956 0.0749926 0.110853 0.0956884 0.0897413 0.0766577 0.0534642 0.0500743 0.0551293 0.0594112 0.0620874 0.0668451 0.0424026 0.0208742 0.0120726 0.0048766 0.00582813 0.00118941 0.000297354 0 0 0 0
 0 0.00264628 0.0354308 0.0461629 0.0458689 0.0383711 0.0214643 0.0164657 0.0346957 0.0420465 0.0363128 0.0245516 0.0311673 0.0291091 0.0169068 0.0133784 0.00837989 0.0085269 0.0148486 0.0160247 0.0276389 0.0546898 0.0760071 0.122758 0.109233 0.0665981 0.0333725 0.0166128 0.00676272 0.00308733 0.000882094 0 0 0 0 0
 0 0 0 0 0 0 0 0.000805153 0.000690131 0.00759144 0.0133425 0.0154129 0.00931677 0.000345066 0.00356568 0.00563607 0.00851162 0.0253048 0.0502646 0.0516448 0.0657925 0.0565908 0.0611916 0.0827007 0.0866115 0.110766 0.145733 0.0935128 0.0569358 0.0249597 0.0138026 0.00621118 0.00161031 0.00115022 0 0
 0 0 0 0 0 0 0 0 0 0 0 0 0 0 0 0 0 0 0 0 0 0 0 0 0 0 0 0 0 0 0 0 0 0 0 0
 0.00147267 0.00158595 0.00478618 0.00569244 0.00954404 0.0108468 0.00647125 0.017049 0.0510054 0.094081 0.124002 0.0959785 0.0687766 0.0820023 0.061753 0.0591476 0.0492212 0.0479892 0.0443925 0.0268479 0.0217502 0.0140895 0.0121071 0.0120363 0.00920419 0.00665534 0.0049561 0.00860946 0.00930331 0.0156896 0.0114698 0.00855282 0.00243557 0.00046729 0 2.83206e-05
 0 0 0 0 0.000772559 0.00158375 0.000888443 0.00281984 0.00712685 0.0440552 0.0773331 0.111326 0.0921469 0.0852325 0.0710754 0.0886704 0.0786465 0.0553345 0.0373146 0.0185414 0.00753245 0.00457741 0.012979 0.0271748 0.0457355 0.0583668 0.034881 0.0177882 0.00938659 0.00492506 0.0015258 0.00185414 0.000309023 5.79419e-05 3.86279e-05 0
 0 0.00173294 0.00326652 0 0.00397197 0.00683976 0.00946217 0.0152591 0.00757587 0.0136028 0.0228656 0.0392903 0.0559909 0.0764795 0.0681675 0.0726916 0.0566044 0.0477403 0.0527397 0.0444891 0.0609904 0.0582453 0.0661739 0.0445044 0.0529084 0.0360697 0.0280645 0.0235558 0.0158879 0.00826598 0.00280645 0.00217768 0.000904811 0.00058276 9.20147e-05 0
 0 0 0 0 0 0 0 0 0 0 0 0 0 0 0 0 0 0 0 0 0 0 0 0 0 0 0 0 0 0 0 0 0 0 0 0
 0 0 0 0 0 0 0 0 0 0 0 0 0 0 0 0 0 0 0 0 0 0 0 0 0 0 0 0 0 0 0 0 0 0 0 0
 0 0 0 0 0 0 0 0 0 0 0 0 0 0 0 0 0 0 0 0 0 0 0 0 0 0 0 0 0 0 0 0 0 0 0 0
ppred_pel_tallas
 1.05799e-16 2.04377e-06 1.19017e-05 5.63801e-05 0.00021674 0.000675586 0.00170715 0.00349808 0.00581754 0.00787059 0.00871721 0.00805198 0.006556 0.0054267 0.00563099 0.00760148 0.0114182 0.0170518 0.024407 0.0332209 0.0429646 0.0528358 0.0618589 0.0690642 0.073692 0.0753507 0.074084 0.0703186 0.0647265 0.0580487 0.050944 0.0439009 0.0372227 0.0310626 0.0254829 0.0205048
 1.17614e-16 5.10977e-06 2.99507e-05 0.000142296 0.00054772 0.00170787 0.00431397 0.00882787 0.014637 0.0196689 0.0214351 0.0189824 0.0137539 0.00836794 0.00471739 0.00324308 0.00350827 0.00500181 0.00748002 0.0109201 0.0153744 0.0208665 0.0273377 0.0346221 0.0424392 0.050399 0.0580238 0.0647841 0.0701522 0.0736663 0.074996 0.0739969 0.0707408 0.0655098 0.0587578 0.0510428
 1.27409e-16 2.25543e-06 1.31866e-05 6.25825e-05 0.00024078 0.000750674 0.00189631 0.00388189 0.00644166 0.00867233 0.00949364 0.00850845 0.00638476 0.00432344 0.0032257 0.00337076 0.0046578 0.00694081 0.0101562 0.0142819 0.0192632 0.0249757 0.0312295 0.0377995 0.0444616 0.0510148 0.0572816 0.0630843 0.0682144 0.0724121 0.0753742 0.0767942 0.0764254 0.0741444 0.0699994 0.0642205
 1.23752e-16 1.40269e-05 8.23069e-05 0.000391214 0.00150614 0.00469667 0.0118634 0.0242742 0.0402382 0.0540419 0.0588165 0.0518999 0.0371952 0.0217983 0.0107585 0.00506916 0.00324836 0.00356155 0.00499211 0.00716051 0.00998439 0.0134582 0.0175665 0.0222593 0.0274466 0.0329935 0.0387145 0.0443682 0.0496592 0.0542525 0.0578043 0.0600057 0.0606311 0.0595793 0.0568957 0.0527729
 1.03231e-16 3.69008e-05 0.000216595 0.00102963 0.00396419 0.012362 0.0312253 0.0638902 0.105901 0.142212 0.154726 0.13641 0.0974968 0.0565966 0.0269007 0.0108846 0.00446779 0.00286961 0.00317731 0.00415362 0.00536742 0.00664154 0.00785204 0.00889163 0.00968123 0.010185 0.0104146 0.0104194 0.0102667 0.0100188 0.00971627 0.00937159 0.00897349 0.00849913 0.00792788 0.00725239
 1.01926e-16 1.35955e-05 7.97208e-05 0.000378801 0.00145814 0.00454685 0.0114856 0.0235055 0.0389797 0.0523991 0.0571536 0.0507299 0.0370038 0.0229867 0.0137531 0.0104774 0.0119159 0.0164845 0.0231091 0.0310703 0.0396433 0.0479315 0.0549196 0.0596558 0.0614686 0.0601308 0.0559155 0.0495181 0.0418775 0.0339562 0.0265497 0.0201744 0.0150488 0.011147 0.0082908 0.00624093
 1.02246e-16 3.21347e-05 0.000188608 0.000896563 0.00345183 0.0107642 0.0271895 0.0556331 0.0922171 0.123842 0.134757 0.118848 0.0850361 0.0495499 0.0239044 0.0102919 0.00519886 0.00449681 0.00566788 0.00762608 0.00995245 0.0124132 0.0147924 0.0168762 0.0184827 0.0194929 0.0198674 0.0196407 0.0188998 0.0177561 0.0163208 0.0146914 0.0129495 0.0111641 0.00939809 0.00771021
 1.01444e-16 2.76757e-05 0.000162413 0.000771995 0.00297215 0.00926831 0.0234112 0.0479037 0.0794107 0.106661 0.116108 0.102508 0.0735808 0.04335 0.0217996 0.0108968 0.00769084 0.00867046 0.0116496 0.0155871 0.0199172 0.0241515 0.0277817 0.0303349 0.0314734 0.0310737 0.0292546 0.0263395 0.0227712 0.0190055 0.0154204 0.0122631 0.00964218 0.00755394 0.00592616 0.0046608
 1.01141e-16 3.15396e-05 0.000185106 0.000879899 0.00338764 0.010564 0.0266839 0.0545993 0.0905059 0.121551 0.132284 0.116713 0.0836098 0.0489217 0.0239787 0.0109644 0.00645847 0.00642132 0.00836438 0.0111633 0.0143038 0.0174183 0.0201455 0.0221484 0.0231793 0.0231347 0.0220762 0.0202077 0.0178186 0.0152136 0.012652 0.010312 0.00828394 0.0065864 0.00519305 0.00405845
 1.01042e-16 2.94053e-05 0.000172571 0.000820293 0.00315812 0.00984826 0.0248761 0.0509007 0.0843771 0.113327 0.12335 0.108871 0.0780801 0.0458636 0.0228099 0.0109855 0.00723136 0.00780103 0.0103722 0.013863 0.0177241 0.0215118 0.0247728 0.0270853 0.0281447 0.0278343 0.0262509 0.0236734 0.0204882 0.0170976 0.0138394 0.0109403 0.00850747 0.00655015 0.00501588 0.00382649
 1.02695e-16 1.14591e-05 6.71807e-05 0.000319189 0.00122863 0.00383114 0.00967776 0.0198063 0.0328475 0.0441626 0.0481878 0.0428146 0.0313234 0.0196435 0.0120809 0.00966296 0.0113826 0.0159412 0.0224544 0.0303101 0.0388576 0.0472665 0.0545797 0.0598818 0.0625016 0.0621666 0.0590606 0.0537579 0.0470677 0.0398387 0.0327898 0.0264113 0.0209468 0.0164374 0.0127971 0.00988568
 1.0849e-16 9.11377e-06 5.34343e-05 0.000253887 0.000977287 0.00304739 0.00769779 0.0157533 0.0261228 0.0351124 0.0382891 0.0339638 0.0247282 0.0152741 0.00899736 0.00668754 0.00753109 0.0105159 0.0150128 0.0206767 0.0271976 0.0341648 0.0410605 0.0473307 0.0524825 0.0561671 0.0582225 0.058664 0.0576362 0.0553508 0.0520337 0.0478995 0.0431514 0.0379923 0.0326363 0.0273062
 1.07689e-16 2.46254e-05 0.00014452 0.000686959 0.00264479 0.0082475 0.0208325 0.0426265 0.0706594 0.0948976 0.103278 0.0911231 0.0652833 0.038211 0.018757 0.00863633 0.00519656 0.00531278 0.00708415 0.00968872 0.0127913 0.0161735 0.0196105 0.0228694 0.0257432 0.0280827 0.0298103 0.0309111 0.0314086 0.031337 0.030723 0.029584 0.0279393 0.0258278 0.023322 0.0205311
 1.04298e-16 2.20746e-05 0.000129525 0.000615631 0.00237009 0.00739081 0.0186689 0.038201 0.0633298 0.0850728 0.0926358 0.0818533 0.0589029 0.0350009 0.0181544 0.00998738 0.0082029 0.0100445 0.0137821 0.0185513 0.0238119 0.0290341 0.0336429 0.037095 0.0389951 0.039186 0.0377797 0.035115 0.0316601 0.0278944 0.0242085 0.0208494 0.0179165 0.0153964 0.0132147 0.0112842
 1.02678e-16 2.64897e-05 0.000155454 0.000738916 0.0028448 0.00887118 0.022408 0.0458509 0.0760071 0.102088 0.111125 0.0980996 0.0703955 0.0414319 0.02076 0.0102588 0.00710223 0.00793474 0.0106789 0.0143651 0.0184911 0.0226352 0.0263547 0.0292269 0.0309328 0.0313256 0.030458 0.0285541 0.0259433 0.0229753 0.0199494 0.0170726 0.0144546 0.0121276 0.0100783 0.00827724
 1.02227e-16 2.45513e-05 0.000144067 0.000684771 0.00263631 0.00822099 0.0207658 0.0424913 0.0704403 0.0946186 0.103014 0.0909862 0.0653931 0.038693 0.0197675 0.0103932 0.00798526 0.00945584 0.0128761 0.017307 0.0222002 0.0270461 0.0312976 0.0344368 0.036083 0.036078 0.0345191 0.031721 0.0281289 0.0242086 0.0203529 0.0168274 0.0137617 0.0111764 0.00902565 0.00723835
 1.02912e-16 2.0783e-05 0.00012194 0.000579567 0.00223123 0.00695775 0.017575 0.0359631 0.0596212 0.080095 0.0872263 0.0770992 0.0555379 0.0331146 0.0173847 0.00989903 0.00851802 0.0106654 0.01472 0.0198579 0.0255371 0.0312036 0.0362432 0.0400667 0.042232 0.0425419 0.0410815 0.0381792 0.0343117 0.0299846 0.0256301 0.021548 0.0178959 0.0147175 0.011987 0.00965154
 1.03703e-16 2.14659e-05 0.000125954 0.000598658 0.00230475 0.00718704 0.0181541 0.0371476 0.0615831 0.0827254 0.0900768 0.0795853 0.0572562 0.0339938 0.0175814 0.00959645 0.00780607 0.00953621 0.0131187 0.0177368 0.0228963 0.0281164 0.0328662 0.0366298 0.0390103 0.0398129 0.0390785 0.0370526 0.034108 0.0306461 0.0270143 0.0234589 0.0201191 0.0170505 0.0142612 0.0117432
 1.04426e-16 1.85039e-05 0.00010856 0.000515955 0.0019863 0.00619397 0.0156458 0.0320157 0.0530785 0.0713101 0.0776709 0.0686811 0.0495348 0.0296575 0.0157947 0.00935082 0.00844671 0.0108109 0.0150115 0.0203094 0.0261953 0.0321278 0.0374983 0.0417166 0.044333 0.0451346 0.0441829 0.0417758 0.0383549 0.0343905 0.0302833 0.0263105 0.0226193 0.0192566 0.0162137 0.0134652
 1.02562e-16 3.13282e-05 0.00018387 0.00087403 0.00336506 0.0104936 0.026506 0.0542349 0.0899007 0.120735 0.131386 0.115897 0.0829739 0.0484471 0.0235562 0.0104543 0.00573025 0.00536627 0.00690087 0.0092494 0.0119569 0.014733 0.0172999 0.0193932 0.0208065 0.0214334 0.0212838 0.0204691 0.0191634 0.017556 0.0158106 0.0140432 0.0123212 0.0106749 0.00911622 0.00765333
 1.01711e-16 2.54076e-05 0.000149094 0.000708666 0.0027283 0.00850787 0.0214904 0.043974 0.0728983 0.0979199 0.106608 0.0941583 0.0676689 0.040031 0.0204342 0.010714 0.00819098 0.00966318 0.0131267 0.0176009 0.0225094 0.0273174 0.0314555 0.0343909 0.0357403 0.03536 0.0333773 0.0301497 0.0261695 0.0219456 0.0179019 0.0143181 0.0113202 0.00891004 0.00701261 0.00552365
 1.02819e-16 1.9107e-05 0.000112098 0.000532767 0.00205102 0.00639578 0.0161556 0.033059 0.0548087 0.0736359 0.0802078 0.0709329 0.0511774 0.0306777 0.016404 0.00981136 0.00896269 0.0115113 0.0159703 0.0215577 0.0277188 0.0338577 0.0393067 0.0434234 0.045726 0.0459992 0.0443362 0.0410963 0.0368018 0.0320084 0.027193 0.022689 0.0186743 0.015201 0.0122432 0.00974205
 1.03474e-16 2.45775e-05 0.000144227 0.000685546 0.00263931 0.00823037 0.0207894 0.0425391 0.0705177 0.0947169 0.103106 0.091032 0.0653488 0.0385124 0.0193927 0.00974437 0.00695908 0.00793767 0.010765 0.0145492 0.0188245 0.0231911 0.0272198 0.0304924 0.0326806 0.0336131 0.0333031 0.0319254 0.0297568 0.0271006 0.0242231 0.0213181 0.0185026 0.0158348 0.0133412 0.011038
 1.03791e-16 1.87609e-05 0.000110066 0.000523108 0.00201384 0.00627982 0.0158627 0.0324597 0.0538152 0.0723016 0.0787555 0.0696514 0.0502588 0.0301391 0.0161377 0.00968527 0.00888183 0.0114245 0.0158531 0.0213986 0.027513 0.0336077 0.0390242 0.0431319 0.0454611 0.0458081 0.044274 0.0412202 0.0371637 0.0326465 0.0281249 0.023906 0.020141 0.0168574 0.0140119 0.0115379
 1.08194e-16 1.58174e-06 9.19249e-06 4.35077e-05 0.00016719 0.000521078 0.00131684 0.00269922 0.00449251 0.0060886 0.00677143 0.00631992 0.0052818 0.00461391 0.00510774 0.00715284 0.0108692 0.0162816 0.0233359 0.0318045 0.0412013 0.0507792 0.0596259 0.0668317 0.0716812 0.0738004 0.0732174 0.0703119 0.0656848 0.0599932 0.0538123 0.0475574 0.0414768 0.0356917 0.0302551 0.0252011
pSPR Fmed_Fpbrs
0.523763   0.255595 0.255595
Fs Fmed_Fpbrs
0.370018   1.005 1.005
SSBpbr Bo_Bmed_Bpbrs
1.03561e+06  490635  212917 212917
Ro
22925.4
SPR SPRFo_SPRFmed_SPRFpbrs
471410 246907 120490
log_Ro
9.86
likeval ReclasPelacesDesembMPH_pf_preclas_ppelaces_ptallas_desvR_qrecl_qpela
 99.3281 123.476 0.103824 0.000569887 390.898 209.409 87.5137 0 43.0817 0 0 0 0 0 0
q_reclas_q_pelaces
1 1
M
0.7
N
 8483.85 59336.9 28690.3 3835.36 0.15118
 11057.1 3999.97 26561.9 12843.1 1716.95
 1917.97 5008.25 1652.54 10973.8 6015.32
 5455.35 673.85 1244.9 410.772 4222.96
 50342.7 2319.67 245.345 453.26 1687.11
 17625.6 24234.3 1082.48 114.491 998.815
 57140.9 6079.74 5806.58 259.365 266.75
 67526.8 22450.7 1889.97 1805.06 163.55
 122342 23348.5 5405.06 455.016 473.947
 199274 45753.7 6576.1 1522.33 261.643
 61853.1 86148.9 17219.9 2474.99 671.421
 24476.4 24115.5 26371 5271.18 963.146
 51100.5 9564.58 7415.46 8109.01 1917.04
 27804.7 17381.2 2228.34 1727.64 2335.86
 19412.6 7076.91 2267.45 290.696 530.099
 14414.8 5401.98 1103.55 353.577 127.992
 11336.9 5491.42 1578.74 322.515 140.74
 11473.1 4487.33 1732.51 498.084 146.154
 9066.45 4777.49 1566.86 604.947 224.951
 27404.6 3751.19 1646.9 540.13 286.084
 35825.2 11420.4 1311.87 575.96 288.946
 32540.8 16637.4 4960 569.758 375.636
 56296.7 14767.1 6899.64 2056.95 392.062
 46328.4 24809.1 5775.09 2698.29 957.751
 2101.63 20218.7 9515.4 2215 1402.25
pred_Ctot
 309.369 4230.77 2045.64 273.464 0.0107792
 702.549 488.546 3244.2 1568.62 209.704
 411.55 1870.91 617.333 4099.41 2247.11
 568.971 131.622 243.164 80.2354 824.864
 1110.05 100.912 10.6732 19.7181 73.3944
 3952.67 9399.45 419.849 44.4063 387.397
 8696.68 1679.63 1604.17 71.6541 73.6943
 15058.7 8666.35 729.563 696.784 63.1333
 22079.4 7506.52 1737.72 146.287 152.374
 18697 8094.19 1163.36 269.313 46.2867
 9692.02 24430.7 4883.35 701.875 190.406
 3803.08 6787.27 7422.07 1483.57 271.076
 11831.8 3811.16 2954.81 3231.16 763.875
 10124.3 9919.36 1271.7 985.957 1333.06
 6343.47 3723.28 1192.94 152.94 278.894
 2450.91 1647.65 336.591 107.844 39.0385
 1676.24 1478.05 424.929 86.8069 37.881
 1345.81 977.536 377.416 108.504 31.8387
 1099.24 1072.96 351.895 135.863 50.521
 3201.33 814.055 357.399 117.215 62.0838
 1676.13 1038.01 119.237 52.3494 26.2625
 2026.67 1993.42 594.285 68.2659 45.007
 4589.09 2287.64 1068.85 318.65 60.736
 4066.91 4122.27 959.584 448.346 159.139
 257.732 4588.83 2159.62 502.718 318.256
F
 0.0518764 0.103753 0.103753 0.103753 0.103753
 0.0919859 0.183972 0.183972 0.183972 0.183972
 0.346017 0.692034 0.692034 0.692034 0.692034
 0.155171 0.310343 0.310343 0.310343 0.310343
 0.0310835 0.0621669 0.0621669 0.0621669 0.0621669
 0.364389 0.728778 0.728778 0.728778 0.728778
 0.2342 0.468399 0.468399 0.468399 0.468399
 0.361993 0.723985 0.723985 0.723985 0.723985
 0.283545 0.56709 0.56709 0.56709 0.56709
 0.138602 0.277204 0.277204 0.277204 0.277204
 0.241907 0.483813 0.483813 0.483813 0.483813
 0.239644 0.479289 0.479289 0.479289 0.479289
 0.378404 0.756808 0.756808 0.756808 0.756808
 0.668368 1.33674 1.33674 1.33674 1.33674
 0.579154 1.15831 1.15831 1.15831 1.15831
 0.265068 0.530135 0.530135 0.530135 0.530135
 0.226808 0.453616 0.453616 0.453616 0.453616
 0.176093 0.352186 0.352186 0.352186 0.352186
 0.182509 0.365019 0.365019 0.365019 0.365019
 0.175307 0.350615 0.350615 0.350615 0.350615
 0.0670002 0.134 0.134 0.134 0.134
 0.0900913 0.180183 0.180183 0.180183 0.180183
 0.119425 0.23885 0.23885 0.23885 0.23885
 0.12915 0.2583 0.2583 0.2583 0.2583
 0.184785 0.36957 0.36957 0.36957 0.36957
YTP_r0W_actual
 2886.6 100954 71267.4 20661.7 13621.4
YTP_p0W_proyectada
 60132.8 8954.23 104403 64095.7 22896.1
 60132.8 75042.6 2372.99 24756.1 15730.7
CTP_r0_actual
 257.732 4588.83 2159.62 502.718 318.256
CTP_p0_proyectada
 7074.44 418.422 3346.26 1574.83 492.389
 7074.44 3506.66 76.0575 608.258 338.296
Wmedp
 8.5 21.4 31.2 40.7 46.5
nmprior
 10.6 11 7 0
nm_flota  nm_reclas  nm_pelaces    nm_pelaL
inf 13.3227 9.37373 18.3437
cv_recla  cv_pelaces  cv_mph
0.90149 1.25998 0.77452
 ------------------------------------------------
Talla a la edad & desviaci?n 
 7.2 14.2025 17.0495 18.207 18.6776
 1.08 2.13037 2.55742 2.73105 2.80164
