years
 1997 1998 1999 2000 2001 2002 2003 2004 2005 2006 2007 2008 2009 2010 2011 2012 2013 2014 2015 2016 2017 2018 2019 2020 2021
reclasobs
 0 0 0 370054 412103 1.49427e+06 250295 1.28982e+06 931140 785840 897777 1.04006e+06 184774 17550 25797 100020 73551 82996 120727 218422 84188 347160 605670 569463 516374
reclaspred
 1.61148e+06 210558 277045 105287 241924 249620 548867 450071 611420 1.00912e+06 881713 564507 356338 155408 95062.7 89665.7 101209 120904 105870 174655 294437 258396 432413 496288 418954
pelacesobs
 0 0 0 0 0 0 0 0 0 2.06254e+06 1.5e+06 0 1.87456e+06 323000 250000 174000 83755 137374 0 501740 490994 745055 786931 1.00524e+06 1.33801e+06
pelacespred
 1.17061e+06 413777 130253 111269 224474 165765 530404 429777 587476 973444 736164 484552 321915 110862 68456.7 69207.3 81375.6 99130 86709.3 144829 273396 231304 306205 410638 327924
mphobs
 0 0 0 0 0 112323 0 153150 637223 0 255016 313432 73983 77613 109348 50772 0 0 0 0 0 0 0 0 0
mphpred
 1.7805e+06 757927 344737 162577 139551 344376 393959 511768 542029 764095 1.26127e+06 889169 499126 280533 120169 93854 105810 128430 137775 134389 263205 340084 390255 546434 626938
desembarqueobs
 350755 77701 442110 56441 14545 235359 269955 359681 431902 328805 639364 411747 362871 311530 167758 66681 60226 58785 57116 73181 50977 67692 138656 160484 209506
desembarquepred
 350743 77678.8 441578 56420.5 14544 235247 269875 359216 431522 328586 638738 411431 362369 311129 167448 66638.3 60210.3 58749.2 57076 73121.4 50965.7 67657.1 138590 160417 209426
Reclutas
 10320.3 16100.5 2359.2 13413.5 55540.4 19813.2 56533.8 72458.7 101207 207698 56416.5 26368.1 52499.9 22652.2 14801 15401.2 10507.9 10399 8704.6 28267 31950.8 32511.4 62115.7 52477 2495.13
log_desv_Rt
 -0.858135 -0.413396 -2.33392 -0.595984 0.824866 -0.205894 0.842594 1.09077 1.42492 2.14384 0.840516 0.0799085 0.768567 -0.071988 -0.497547 -0.457802 -0.840114 -0.850538 -1.02839 0.14945 0.271953 0.289345 0.936755 0.76813 -2.2779
SSB
 1.7805e+06 757927 344737 162577 139551 344376 393959 511768 542029 764095 1.26127e+06 889169 499126 280533 120169 93854 105810 128430 137775 134389 263205 340084 390255 546434 626938
BT
 2.31793e+06 908074 478609 264580 414135 479537 1.14427e+06 1.15662e+06 1.44307e+06 2.0477e+06 1.87151e+06 1.23693e+06 934775 495233 261592 178632 194441 224868 204805 319199 529726 478159 644900 865601 754611
Ftot
 0.140603 0.254569 0.949573 0.482226 0.0979248 0.666883 0.581707 0.976684 0.905161 0.463418 0.534413 0.503964 0.935431 1.54961 1.69182 0.72885 0.557796 0.436957 0.428155 0.528096 0.171686 0.214701 0.285131 0.274458 0.312088
BD_Bspro_t
 0.978147 0.841579 0.622377 0.292669 0.41213 0.685687 0.537633 0.550578 0.520515 0.556223 0.641209 0.480003 0.347104 0.262004 0.150335 0.147516 0.215898 0.32361 0.39467 0.447792 0.636162 0.74377 0.736288 0.739841 0.709335
BD_Bspro
 3.55701 1.51416 0.688701 0.324789 0.278788 0.687981 0.787035 1.02239 1.08284 1.52648 2.51971 1.77635 0.997134 0.560436 0.240069 0.187498 0.211383 0.256573 0.275241 0.268477 0.52582 0.679406 0.779636 1.09164 1.25247
BD_Bo
 1.86085 0.79213 0.360294 0.169913 0.145848 0.359917 0.411737 0.534863 0.566489 0.798577 1.31819 0.929295 0.52165 0.293192 0.125592 0.0980894 0.110585 0.134226 0.143992 0.140454 0.275082 0.355431 0.407866 0.571092 0.65523
BD_Brms
 6.19684 2.63789 1.19982 0.565831 0.485691 1.19857 1.37113 1.78116 1.88647 2.65935 4.38972 3.09466 1.73715 0.976364 0.418236 0.326649 0.368261 0.446988 0.479511 0.467728 0.916056 1.18363 1.35824 1.9018 2.18199
S_f
 0.145711 1 1 1 1
 0.145711 1 1 1 1
 0.145711 1 1 1 1
 0.145711 1 1 1 1
 0.145711 1 1 1 1
 0.145711 1 1 1 1
 0.145711 1 1 1 1
 0.145711 1 1 1 1
 0.145711 1 1 1 1
 0.145711 1 1 1 1
 0.145711 1 1 1 1
 0.145711 1 1 1 1
 0.145711 1 1 1 1
 0.145711 1 1 1 1
 0.145711 1 1 1 1
 0.145711 1 1 1 1
 0.145711 1 1 1 1
 0.145711 1 1 1 1
 0.145711 1 1 1 1
 0.145711 1 1 1 1
 0.145711 1 1 1 1
 0.145711 1 1 1 1
 0.145711 1 1 1 1
 0.145711 1 1 1 1
 0.145711 1 1 1 1
Scru_reclas
 0.891877 1 1 1 1
 0.891877 1 1 1 1
 0.891877 1 1 1 1
 0.891877 1 1 1 1
 0.891877 1 1 1 1
 0.891877 1 1 1 1
 0.891877 1 1 1 1
 0.891877 1 1 1 1
 0.891877 1 1 1 1
 0.891877 1 1 1 1
 0.891877 1 1 1 1
 0.891877 1 1 1 1
 0.891877 1 1 1 1
 0.891877 1 1 1 1
 0.891877 1 1 1 1
 0.891877 1 1 1 1
 0.891877 1 1 1 1
 0.891877 1 1 1 1
 0.891877 1 1 1 1
 0.891877 1 1 1 1
 0.891877 1 1 1 1
 0.891877 1 1 1 1
 0.891877 1 1 1 1
 0.891877 1 1 1 1
 0.891877 1 1 1 1
Scru_pelaces
 1 1 1 1 1
 1 1 1 1 1
 1 1 1 1 1
 1 1 1 1 1
 1 1 1 1 1
 1 1 1 1 1
 1 1 1 1 1
 1 1 1 1 1
 1 1 1 1 1
 1 1 1 1 1
 1 1 1 1 1
 1 1 1 1 1
 1 1 1 1 1
 1 1 1 1 1
 1 1 1 1 1
 1 1 1 1 1
 1 1 1 1 1
 1 1 1 1 1
 1 1 1 1 1
 1 1 1 1 1
 1 1 1 1 1
 1 1 1 1 1
 1 1 1 1 1
 1 1 1 1 1
 1 1 1 1 1
pf_obs 
 0.256992 0.487395 0.22802 0.0275931 0
 0.321318 0.546541 0.124235 0.00734118 0.000564706
 0.182869 0.594174 0.210203 0.0122559 0.00049798
 0.330522 0.361315 0.267642 0.0388342 0.00168674
 0.649043 0.306663 0.0425973 0.00169635 0
 0.582887 0.30429 0.105238 0.00758474 0
 0.465427 0.430635 0.0974691 0.00646863 0
 0.296916 0.608066 0.0921331 0.00288517 0
 0.311714 0.524322 0.152257 0.0117073 0
 0.15457 0.633149 0.183074 0.0267441 0.00246327
 0.131901 0.49318 0.331252 0.0422183 0.00144891
 0.196976 0.569456 0.194076 0.0375587 0.00193317
 0.518974 0.381816 0.0799577 0.0180837 0.00116848
 0.0928022 0.601141 0.25162 0.0475244 0.00691264
 0.122501 0.610282 0.24278 0.0234846 0.000952079
 0.383417 0.481906 0.127806 0.00687128 0
 0.0376549 0.599619 0.316969 0.0457579 0
 0.0361596 0.667082 0.258105 0.0386534 0
 0.158088 0.579412 0.248529 0.0139706 0
 0.0477256 0.309471 0.559284 0.082774 0.000745712
 0.0406174 0.521527 0.379366 0.0568643 0.0016247
 0.151134 0.462217 0.34131 0.0453401 0
 0.294876 0.26143 0.354403 0.0886775 0.000613685
 0.281977 0.475581 0.204845 0.0348837 0.00271318
 0.0841818 0.532909 0.334909 0.0458182 0.00218182
pf_pred 
 0.0222722 0.633106 0.304214 0.0404056 2.25344e-06
 0.0684991 0.133504 0.516725 0.248291 0.0329798
 0.0219332 0.355583 0.0892156 0.345306 0.187962
 0.31336 0.137576 0.199616 0.0500836 0.299365
 0.519318 0.384109 0.0193495 0.0280752 0.0491485
 0.106297 0.791819 0.0814151 0.00410129 0.0163682
 0.376779 0.332175 0.257867 0.0265139 0.00666617
 0.325884 0.57116 0.0548752 0.0425995 0.00548135
 0.352734 0.547419 0.0845976 0.00812787 0.00712153
 0.409931 0.50508 0.0718788 0.0111081 0.00200232
 0.0812481 0.787436 0.112402 0.0159962 0.00291763
 0.0727512 0.409744 0.443539 0.0633127 0.0106536
 0.261329 0.301974 0.192973 0.208889 0.0348351
 0.159396 0.669834 0.0698122 0.0446126 0.0563456
 0.234451 0.573279 0.15321 0.015968 0.0230919
 0.297353 0.590043 0.0843233 0.0225355 0.0057453
 0.179832 0.662337 0.132537 0.018941 0.00635252
 0.196965 0.5342 0.217101 0.0434431 0.00829071
 0.171217 0.560451 0.178502 0.0725439 0.0172868
 0.438049 0.357703 0.13812 0.0439907 0.0221382
 0.250244 0.655523 0.0599828 0.0231611 0.0110891
 0.191204 0.576971 0.202688 0.0185467 0.0105902
 0.292208 0.455055 0.180295 0.0633371 0.00910485
 0.179412 0.627788 0.123956 0.0491118 0.019733
 0.0101763 0.625284 0.27889 0.0550663 0.0305837
pobs_RECLAS
 0 0 0 0 0
 0 0 0 0 0
 0 0 0 0 0
 0 0 0 0 0
 0.835266 0.146461 0.0176864 0.000547809 3.91292e-05
 0.385257 0.428462 0.181853 0.0044286 0
 0.867414 0.0963971 0.0333333 0.00285562 0
 0.441836 0.489002 0.0689373 0.000224442 0
 0.779404 0.147425 0.0564933 0.0165055 0.000172143
 0.814271 0.122319 0.05973 0.00367925 0
 0.40263 0.566651 0.0304383 0.000280538 0
 0.475488 0.404961 0.113038 0.00651328 0
 0.955842 0.0263864 0.0167828 0.000988607 0
 0.975058 0.0227948 0.00214734 0 0
 0.738997 0.206755 0.0527124 0.00153531 0
 0.850938 0.134255 0.0134407 0.00136685 0
 0.542534 0.407297 0.0501686 0 0
 0.764087 0.199537 0.0359546 0.000420521 0
 0.470689 0.182191 0.310203 0.0369168 0
 0.84361 0.089868 0.0606195 0.00523954 0.000663233
 0.607945 0.314616 0.071237 0.00620181 0
 0.523733 0.453247 0.0230204 0 0
 0.530135 0.295979 0.169645 0.0042399 0
 0.562478 0.366248 0.0663022 0.0049721 0
 0.250443 0.683176 0.0655157 0.000865301 0
ppred_RECLAS
 0.123202 0.567752 0.27281 0.0362346 2.02082e-06
 0.313647 0.0983695 0.380736 0.182947 0.0243004
 0.129648 0.316422 0.0793903 0.307278 0.167262
 0.742732 0.0515464 0.0747914 0.0187651 0.112165
 0.869238 0.104491 0.00526373 0.00763743 0.0133701
 0.433618 0.501813 0.0515966 0.00259918 0.0103733
 0.794206 0.109688 0.0851502 0.00875518 0.00220124
 0.763138 0.200686 0.0192813 0.014968 0.00192596
 0.782642 0.183828 0.0284086 0.00272941 0.00239147
 0.814392 0.158875 0.0226097 0.00349409 0.000629837
 0.359811 0.548688 0.0783222 0.0111462 0.00203302
 0.332125 0.295128 0.31947 0.0456026 0.00767351
 0.701137 0.122177 0.0780759 0.0845155 0.0140941
 0.578383 0.335965 0.0350153 0.0223761 0.0282609
 0.694075 0.229091 0.0612249 0.00638105 0.00922789
 0.732726 0.224441 0.032075 0.00857208 0.0021854
 0.582729 0.336972 0.0674301 0.00963646 0.00323193
 0.607173 0.261319 0.106201 0.0212514 0.00405563
 0.565387 0.2939 0.0936063 0.0380419 0.00906516
 0.831971 0.106956 0.041299 0.0131536 0.00661953
 0.673498 0.285466 0.0261212 0.0100862 0.00482905
 0.59434 0.289386 0.10166 0.0093023 0.00531162
 0.719973 0.180036 0.0713309 0.0250583 0.00360219
 0.576375 0.324093 0.0639916 0.0253537 0.0101871
 0.0602855 0.593629 0.264771 0.0522786 0.0290355
pobs_PELACES
 0 0 0 0 0
 0 0 0 0 0
 0 0 0 0 0
 0 0 0 0 0
 0 0 0 0 0
 0 0 0 0 0
 0 0 0 0 0
 0 0 0 0 0
 0 0 0 0 0
 0 0 0 0 0
 0.450072 0.473896 0.0757376 0.000293798 0
 0 0 0 0 0
 0.463077 0.371075 0.160297 0.00555027 0
 0.529543 0.364841 0.0842815 0.0213345 0
 0.631943 0.363953 0.00410389 0 0
 0.735681 0.248677 0.0153453 0.000297389 0
 0.695825 0.281241 0.0229344 0 0
 0.275771 0.60734 0.115278 0.00161068 0
 0 0 0 0 0
 0.896147 0.0623911 0.0374545 0.00400742 0
 0.803859 0.145111 0.0509908 3.86294e-05 0
 0.739449 0.233085 0.0266225 0.000797448 4.60066e-05
 0.878498 0.100942 0.0204185 0.000141795 0
 0.694673 0.275183 0.0284847 0.00165964 0
 0.469039 0.446079 0.0841089 0.000773354 0
ppred_PELACES
 0.140833 0.556335 0.267324 0.0355059 1.98018e-06
 0.355046 0.092436 0.357771 0.171912 0.0228346
 0.179175 0.298416 0.0748726 0.289792 0.157744
 0.787612 0.0425542 0.0617442 0.0154916 0.0925979
 0.884553 0.0922527 0.00464723 0.00674292 0.0118042
 0.508831 0.435175 0.0447448 0.00225402 0.00899579
 0.836017 0.0874024 0.0678503 0.0069764 0.00175402
 0.826315 0.147158 0.0141385 0.0109757 0.00141226
 0.83899 0.136172 0.0210439 0.00202183 0.0017715
 0.848627 0.12957 0.0184394 0.0028496 0.000513664
 0.422846 0.494662 0.0706102 0.0100487 0.00183284
 0.391244 0.269004 0.291192 0.041566 0.00699427
 0.773969 0.0924033 0.0590491 0.0639194 0.0106595
 0.70421 0.2357 0.0245654 0.0156982 0.0198268
 0.803863 0.146877 0.039253 0.00409107 0.00591625
 0.790576 0.175862 0.0251326 0.00671671 0.00171239
 0.646951 0.285109 0.0570519 0.00815331 0.0027345
 0.662187 0.224722 0.0913279 0.0182752 0.00348766
 0.622032 0.255594 0.081406 0.0330837 0.00788365
 0.865643 0.0855234 0.0330231 0.0105178 0.00529304
 0.708245 0.255086 0.0233413 0.00901277 0.00431513
 0.635732 0.259858 0.0912872 0.00835311 0.00476964
 0.757521 0.155895 0.0617663 0.0216983 0.00311918
 0.622391 0.288888 0.0570405 0.0225997 0.00908049
 0.0728255 0.585708 0.261238 0.051581 0.028648
pobs_pel_tallas
 0 0 0 0 0 0 0 0 0 0 0 0 0 0 0 0 0 0 0 0 0 0 0 0 0 0 0 0 0 0 0 0 0 0 0 0
 0 0 0 0 0 0 0 0 0 0 0 0 0 0 0 0 0 0 0 0 0 0 0 0 0 0 0 0 0 0 0 0 0 0 0 0
 0 0 0 0 0 0 0 0 0 0 0 0 0 0 0 0 0 0 0 0 0 0 0 0 0 0 0 0 0 0 0 0 0 0 0 0
 0 0 0 0 0 0 0 0 0 0 0 0 0 0 0 0 0 0 0 0 0 0 0 0 0 0 0 0 0 0 0 0 0 0 0 0
 0 0 0 0 0 0 0 0 0 0 0 0 0 0 0 0 0 0 0 0 0 0 0 0 0 0 0 0 0 0 0 0 0 0 0 0
 0 0 0 0 0 0 0 0 0 0 0 0 0 0 0 0 0 0 0 0 0 0 0 0 0 0 0 0 0 0 0 0 0 0 0 0
 0 0 0 0 0 0 0 0 0 0 0 0 0 0 0 0 0 0 0 0 0 0 0 0 0 0 0 0 0 0 0 0 0 0 0 0
 0 0 0 0 0 0 0 0 0 0 0 0 0 0 0 0 0 0 0 0 0 0 0 0 0 0 0 0 0 0 0 0 0 0 0 0
 0 0 0 0 0 0 0 0 0 0 0 0 0 0 0 0 0 0 0 0 0 0 0 0 0 0 0 0 0 0 0 0 0 0 0 0
 0 0 0 0 0 0 0 0 0 0 0 0 0 0 0 0 0 0 0 0 0 0 0 0 0 0 0 0 0 0 0 0 0 0 0 0
 0 0 0 0 0 0 0 0 1.78061e-05 0.00172719 0.00360574 0.0105946 0.0120993 0.0124554 0.0147524 0.0171206 0.0266825 0.0428682 0.0675386 0.121331 0.153587 0.119568 0.100827 0.0573624 0.0630603 0.0341343 0.0324427 0.0444173 0.0211091 0.0280891 0.0125444 0.00206551 0 0 0 0
 0 0 0 0 0 0 0 0 0 0 0 0 0 0 0 0 0 0 0 0 0 0 0 0 0 0 0 0 0 0 0 0 0 0 0 0
 0 0 0 0 0 0 0.0133647 0.0140871 0.0187388 0.0205184 0.03894 0.0496705 0.03968 0.0493445 0.0407372 0.0367815 0.0215668 0.0243155 0.0234873 0.0199281 0.019796 0.0243948 0.0301388 0.0376714 0.0412746 0.0863199 0.0771752 0.113111 0.0741005 0.0525337 0.0229764 0.00759418 0.00175318 0 0 0
 0 0 0 0 0 0 0 0 0 0 0.00219441 0.00772107 0.0458388 0.0604681 0.0671733 0.0775358 0.0609151 0.0617685 0.073594 0.0568108 0.0755445 0.0548602 0.0670107 0.0636378 0.0643287 0.046367 0.0373049 0.0286899 0.0247887 0.0153202 0.00654259 0.00121912 0.000365735 0 0 0
 0 0 0 0 0 0 0 0 0 0 0 0 0.000112435 0.00938835 0.0111873 0.0202946 0.0414886 0.0713402 0.111592 0.104902 0.108894 0.110636 0.117776 0.105296 0.107544 0.0401394 0.0192827 0.0124803 0.00416011 0.0028671 0.000618394 0 0 0 0 0
 0 0 0 0 0 0 0 0 0 0 0.00291406 0.0102884 0.027416 0.0768956 0.0749926 0.110853 0.0956884 0.0897413 0.0766577 0.0534642 0.0500743 0.0551293 0.0594112 0.0620874 0.0668451 0.0424026 0.0208742 0.0120726 0.0048766 0.00582813 0.00118941 0.000297354 0 0 0 0
 0 0.00264628 0.0354308 0.0461629 0.0458689 0.0383711 0.0214643 0.0164657 0.0346957 0.0420465 0.0363128 0.0245516 0.0311673 0.0291091 0.0169068 0.0133784 0.00837989 0.0085269 0.0148486 0.0160247 0.0276389 0.0546898 0.0760071 0.122758 0.109233 0.0665981 0.0333725 0.0166128 0.00676272 0.00308733 0.000882094 0 0 0 0 0
 0 0 0 0 0 0 0 0.000805153 0.000690131 0.00759144 0.0133425 0.0154129 0.00931677 0.000345066 0.00356568 0.00563607 0.00851162 0.0253048 0.0502646 0.0516448 0.0657925 0.0565908 0.0611916 0.0827007 0.0866115 0.110766 0.145733 0.0935128 0.0569358 0.0249597 0.0138026 0.00621118 0.00161031 0.00115022 0 0
 0 0 0 0 0 0 0 0 0 0 0 0 0 0 0 0 0 0 0 0 0 0 0 0 0 0 0 0 0 0 0 0 0 0 0 0
 0.00147267 0.00158595 0.00478618 0.00569244 0.00954404 0.0108468 0.00647125 0.017049 0.0510054 0.094081 0.124002 0.0959785 0.0687766 0.0820023 0.061753 0.0591476 0.0492212 0.0479892 0.0443925 0.0268479 0.0217502 0.0140895 0.0121071 0.0120363 0.00920419 0.00665534 0.0049561 0.00860946 0.00930331 0.0156896 0.0114698 0.00855282 0.00243557 0.00046729 0 2.83206e-05
 0 0 0 0 0.000772559 0.00158375 0.000888443 0.00281984 0.00712685 0.0440552 0.0773331 0.111326 0.0921469 0.0852325 0.0710754 0.0886704 0.0786465 0.0553345 0.0373146 0.0185414 0.00753245 0.00457741 0.012979 0.0271748 0.0457355 0.0583668 0.034881 0.0177882 0.00938659 0.00492506 0.0015258 0.00185414 0.000309023 5.79419e-05 3.86279e-05 0
 0 0.00173294 0.00326652 0 0.00397197 0.00683976 0.00946217 0.0152591 0.00757587 0.0136028 0.0228656 0.0392903 0.0559909 0.0764795 0.0681675 0.0726916 0.0566044 0.0477403 0.0527397 0.0444891 0.0609904 0.0582453 0.0661739 0.0445044 0.0529084 0.0360697 0.0280645 0.0235558 0.0158879 0.00826598 0.00280645 0.00217768 0.000904811 0.00058276 9.20147e-05 0
 0 0 0 0 0 0 0 0 0 0 0 0 0 0 0 0 0 0 0 0 0 0 0 0 0 0 0 0 0 0 0 0 0 0 0 0
 0 0 0 0 0 0 0 0 0 0 0 0 0 0 0 0 0 0 0 0 0 0 0 0 0 0 0 0 0 0 0 0 0 0 0 0
 0 0 0 0 0 0 0 0 0 0 0 0 0 0 0 0 0 0 0 0 0 0 0 0 0 0 0 0 0 0 0 0 0 0 0 0
ppred_pel_tallas
 1.05196e-16 6.17681e-06 3.61719e-05 0.000171776 0.000661066 0.00206122 0.00520705 0.0106587 0.0176844 0.0237997 0.0260308 0.023275 0.0173465 0.0115088 0.00817956 0.00803547 0.0106649 0.0154763 0.0220399 0.0299751 0.0387596 0.0476585 0.055789 0.0622755 0.0664327 0.0679083 0.0667431 0.0633242 0.05826 0.0522209 0.0458029 0.0394473 0.0334275 0.0278809 0.0228622 0.0183888
 1.12083e-16 1.54987e-05 9.09424e-05 0.000432256 0.00166414 0.00518937 0.0131079 0.026821 0.0444606 0.059715 0.0649969 0.0573681 0.0411462 0.0241794 0.0120579 0.00589321 0.00406352 0.00466559 0.00658173 0.00938333 0.0129478 0.0172089 0.0220586 0.0273239 0.0327711 0.0381195 0.0430592 0.0472714 0.0504537 0.0523507 0.0527867 0.0516962 0.0491432 0.04532 0.0405266 0.0351299
 1.18489e-16 7.83708e-06 4.59458e-05 0.000218302 0.0008403 0.00262023 0.00661874 0.0135451 0.0224611 0.0301908 0.0329226 0.0292045 0.0212649 0.0131379 0.00774305 0.00575854 0.00648376 0.00904755 0.0129098 0.0177793 0.023405 0.0294643 0.0355628 0.041297 0.0463329 0.0504647 0.0536305 0.0558788 0.0573041 0.0579787 0.0579095 0.0570363 0.0552674 0.0525335 0.0488398 0.0442945
 1.0575e-16 3.43579e-05 0.000201669 0.000958675 0.00369101 0.0115101 0.0290735 0.0594871 0.0986025 0.132409 0.144055 0.126992 0.0907422 0.0526294 0.0249305 0.009946 0.00387564 0.00227494 0.00245035 0.00328307 0.00441929 0.00575094 0.00721847 0.00876285 0.0103225 0.0118375 0.0132522 0.0145132 0.0155669 0.0163574 0.0168296 0.0169362 0.0166481 0.0159636 0.0149135 0.0135608
 1.0088e-16 3.8587e-05 0.000226493 0.00107668 0.00414534 0.0129269 0.0326523 0.0668099 0.110741 0.148712 0.1618 0.142653 0.10197 0.0592158 0.0281873 0.0114753 0.00481347 0.00320005 0.00358046 0.00464468 0.00591773 0.00718412 0.0082823 0.00907289 0.00945788 0.00940214 0.00894091 0.00816829 0.00721158 0.00619995 0.00523794 0.00439065 0.00368237 0.00310567 0.00263525 0.00224122
 1.01275e-16 2.22178e-05 0.000130359 0.00061958 0.00238527 0.00743812 0.0187884 0.0384462 0.0637383 0.0856274 0.0932551 0.0824372 0.0594027 0.0354574 0.0186823 0.010738 0.00933601 0.0117133 0.0161163 0.02163 0.0276284 0.0334654 0.0384348 0.0418749 0.043313 0.0425775 0.0398385 0.0355559 0.0303599 0.0249025 0.0197284 0.0151989 0.0114786 0.00856947 0.00637083 0.00473895
 1.01314e-16 3.64706e-05 0.000214067 0.00101761 0.0039179 0.0122177 0.0308607 0.0631443 0.104666 0.140554 0.152926 0.134833 0.0963895 0.0559953 0.0266935 0.0109395 0.00470953 0.00328743 0.00379938 0.00502105 0.0065159 0.00808806 0.00958457 0.010862 0.0118028 0.0123355 0.012445 0.0121676 0.0115745 0.0107509 0.00977742 0.00872031 0.00762933 0.00654177 0.00548792 0.0044947
 1.00692e-16 3.60498e-05 0.000211592 0.00100583 0.00387253 0.0120762 0.0305034 0.0624135 0.103456 0.138934 0.151176 0.133321 0.0953755 0.0555403 0.0267265 0.0113822 0.00554829 0.00457078 0.00559691 0.00737713 0.00941118 0.0114138 0.0131352 0.0143508 0.0149006 0.0147254 0.0138801 0.0125159 0.0108403 0.0090676 0.00737545 0.00588071 0.00463526 0.00363845 0.00285752 0.00224748
 1.00496e-16 3.66021e-05 0.000214835 0.00102125 0.00393191 0.0122613 0.0309711 0.0633705 0.105042 0.141063 0.153489 0.135353 0.0968135 0.0563455 0.0270539 0.0114186 0.00541458 0.00431288 0.00521732 0.00686508 0.0087604 0.0106311 0.0122435 0.0133874 0.0139119 0.0137589 0.0129757 0.0116996 0.0101216 0.00844035 0.00682337 0.00538342 0.00417437 0.00320161 0.0024399 0.00185099
 1.00427e-16 3.7022e-05 0.000217301 0.00103298 0.00397706 0.0124021 0.0313267 0.064098 0.106247 0.142681 0.155248 0.1369 0.0979091 0.056962 0.0273102 0.0114582 0.005331 0.00414247 0.0049626 0.00651695 0.00831111 0.0100805 0.0116017 0.0126748 0.0131565 0.0129925 0.0122291 0.0109982 0.00948281 0.00787337 0.00633002 0.00496041 0.00381561 0.00290009 0.00218881 0.00164416
 1.01595e-16 1.84709e-05 0.000108356 0.000514963 0.00198245 0.00618191 0.0156155 0.0319545 0.0529801 0.0711869 0.0775607 0.0686406 0.0496292 0.0299606 0.0164023 0.0103954 0.010099 0.0132605 0.0184288 0.0247924 0.0317131 0.0384755 0.0442805 0.0483725 0.0502059 0.0495729 0.0466503 0.0419425 0.0361486 0.029996 0.0240969 0.0188629 0.0144894 0.0109938 0.00828066 0.00620602
 1.05977e-16 1.70843e-05 0.000100235 0.000476397 0.00183403 0.00571913 0.0144463 0.0295606 0.0490063 0.0658333 0.0716903 0.0633566 0.0456166 0.0271573 0.0141873 0.00798385 0.00680051 0.00854755 0.0119418 0.0163793 0.0215075 0.0269697 0.0323435 0.0371834 0.0410966 0.0438094 0.0452021 0.0453009 0.0442387 0.0422033 0.0393932 0.0359942 0.0321774 0.0281071 0.0239489 0.0198694
 1.03563e-16 3.37651e-05 0.000198183 0.000942096 0.00362716 0.011311 0.0285705 0.0584584 0.0968989 0.130125 0.141583 0.124841 0.0892652 0.051895 0.0248119 0.0102974 0.00463631 0.00347273 0.00415536 0.00555725 0.00727675 0.00913054 0.010971 0.0126565 0.0140673 0.0151248 0.0157998 0.0161062 0.0160838 0.0157794 0.0152316 0.0144669 0.0135038 0.0123626 0.0110743 0.00968462
 1.01892e-16 3.0729e-05 0.000180346 0.000857266 0.00330049 0.0102922 0.0259975 0.0531949 0.0881785 0.118428 0.12889 0.11373 0.0814999 0.0477408 0.0234995 0.0109123 0.00665513 0.0067973 0.00891221 0.0118929 0.0152163 0.0184941 0.0213415 0.0234028 0.0244226 0.0243042 0.0231308 0.0211364 0.0186428 0.0159801 0.0134198 0.0111367 0.00920414 0.00761571 0.00631817 0.00524382
 1.01023e-16 3.50709e-05 0.000205844 0.000978506 0.00376732 0.0117481 0.0296746 0.060718 0.100646 0.135161 0.147072 0.129705 0.092797 0.0540557 0.0260446 0.0111492 0.00552307 0.00464411 0.00574235 0.00760624 0.00975084 0.0118971 0.0137964 0.0152209 0.0160017 0.0160654 0.0154484 0.0142812 0.0127517 0.0110584 0.00937065 0.00780501 0.0064218 0.00523559 0.00423294 0.0033891
 1.00725e-16 3.44926e-05 0.000202447 0.000962348 0.0037051 0.011554 0.0291846 0.0597154 0.0989847 0.132933 0.144655 0.12759 0.0913203 0.0532688 0.0258021 0.0112785 0.00592636 0.00530428 0.00668448 0.00885784 0.0113144 0.0137337 0.0158201 0.0173039 0.0179907 0.0178061 0.0168114 0.0151837 0.0131687 0.0110215 0.00895658 0.00711727 0.00557108 0.00432336 0.00334064 0.00257352
 1.01311e-16 2.82344e-05 0.000165696 0.000787606 0.00303226 0.00945577 0.0238847 0.0488723 0.0810154 0.108814 0.118444 0.104553 0.0750111 0.0441172 0.0220463 0.0107934 0.00733655 0.00808797 0.010822 0.0144953 0.0185657 0.0225823 0.0260778 0.0286137 0.0298692 0.0297142 0.0282362 0.0257093 0.0225198 0.0190723 0.0157101 0.0126669 0.0100588 0.00790515 0.00616495 0.00477135
 1.02161e-16 2.88964e-05 0.000169587 0.000806119 0.00310356 0.00967814 0.0244463 0.050021 0.0829176 0.111363 0.121204 0.106955 0.0766579 0.0449328 0.0221717 0.0103915 0.00647683 0.00674406 0.00892526 0.0119928 0.015465 0.0189808 0.0221727 0.0246891 0.0262594 0.0267506 0.02619 0.0247451 0.0226712 0.0202447 0.0177071 0.0152321 0.0129206 0.0108156 0.00892554 0.00724521
 1.02745e-16 2.71467e-05 0.000159312 0.000757264 0.00291545 0.00909151 0.0229645 0.0469894 0.0778937 0.10462 0.113875 0.100513 0.0720965 0.042371 0.0211156 0.010245 0.0068524 0.00749143 0.0100331 0.013495 0.0173857 0.0213083 0.0248497 0.027616 0.029308 0.0297856 0.0290922 0.0274298 0.0250966 0.0224099 0.0196403 0.0169753 0.0145143 0.0122887 0.0102911 0.00850206
 1.01106e-16 3.77622e-05 0.000221651 0.00105366 0.00405672 0.0126506 0.0319542 0.0653816 0.108374 0.145533 0.158341 0.139602 0.0997874 0.0579458 0.0275784 0.011222 0.00470331 0.00313135 0.00352316 0.00460544 0.0059239 0.00727823 0.00851827 0.00950976 0.0101504 0.0103898 0.0102375 0.00975501 0.009036 0.00818115 0.00727703 0.00638442 0.00553713 0.00474835 0.00402008 0.00335124
 1.00926e-16 3.09058e-05 0.000181382 0.000862186 0.00331943 0.0103513 0.0261467 0.0535003 0.0886853 0.11911 0.129636 0.114398 0.0819987 0.0480738 0.0237389 0.0111491 0.00696691 0.00724153 0.00952866 0.0127026 0.0162152 0.019646 0.0225743 0.0246122 0.0254834 0.0250876 0.0235243 0.0210615 0.0180663 0.0149173 0.0119294 0.00931056 0.00715329 0.00545636 0.0041599 0.00318052
 1.01891e-16 2.77443e-05 0.00016282 0.00077394 0.00297966 0.00929173 0.0234703 0.0480243 0.0796091 0.106924 0.116382 0.102725 0.0736801 0.0432961 0.0215661 0.0104454 0.00696148 0.00758978 0.0101519 0.0136407 0.0175511 0.0214742 0.0249851 0.0276783 0.0292467 0.0295474 0.0286282 0.0267025 0.0240863 0.0211192 0.0180956 0.0152247 0.0126235 0.0103339 0.00835132 0.00665086
 1.01819e-16 3.30505e-05 0.000193982 0.00092211 0.00355018 0.0110709 0.0279643 0.0572185 0.0948455 0.127373 0.138604 0.122249 0.0874891 0.0510179 0.0246831 0.0107438 0.00558771 0.00496467 0.00627222 0.00836985 0.0107929 0.0132615 0.0155169 0.0173156 0.0184703 0.018888 0.0185854 0.0176748 0.0163274 0.0147285 0.0130385 0.0113715 0.00979264 0.00832928 0.00698756 0.00576683
 1.02105e-16 2.71636e-05 0.000159409 0.000757716 0.00291718 0.0090969 0.0229782 0.0470176 0.0779413 0.104686 0.113955 0.1006 0.0721947 0.0425009 0.0213133 0.0105589 0.0073388 0.00820812 0.0110292 0.0147962 0.0189787 0.0231275 0.0267739 0.0294763 0.0309104 0.0309416 0.0296524 0.0273105 0.0242937 0.0209965 0.0177503 0.014778 0.0121866 0.00999094 0.00815076 0.00660571
 1.07011e-16 3.21246e-06 1.87661e-05 8.90217e-05 0.00034243 0.00106756 0.0026972 0.00552353 0.00917379 0.0123744 0.013609 0.0123448 0.00958077 0.00709456 0.00625803 0.00756619 0.0109534 0.0162267 0.0231959 0.0315715 0.0408415 0.0502462 0.0588657 0.0657877 0.0703003 0.0720406 0.0710558 0.0677513 0.0627575 0.0567616 0.0503649 0.0440015 0.0379284 0.0322639 0.0270482 0.0222941
pSPR Fmed_Fpbrs
0.533223   0.35029 0.35029
Fs Fmed_Fpbrs
0.469236   1.005 1.005
SSBpbr Bo_Bmed_Bpbrs
956822  462358  287324 287324
Ro
24343
SPR SPRFo_SPRFmed_SPRFpbrs
500561 266911 175341
log_Ro
9.92
likeval ReclasPelacesDesembMPH_pf_preclas_ppelaces_ptallas_desvR_qrecl_qpela
 91.3711 82.6536 0.0813508 0.000603068 349.04 193.56 81.8192 0 37.5663 1.01262e-05 0 0 0 0 0
q_reclas_q_pelaces
0.637038 1
M
0.7
N
 10320.3 45042.3 21643.3 2874.65 0.160321
 16100.5 5020.97 19433.5 9337.99 1240.34
 2359.2 7704.12 1932.96 7481.47 4072.42
 13413.5 1020.16 1480.21 371.384 2219.87
 55540.4 6208.97 312.777 453.825 794.467
 19813.2 27189.8 2795.67 140.832 562.059
 56533.8 8927.87 6930.69 712.616 179.167
 72458.7 25792.4 2478.05 1923.7 247.526
 101207 31208.9 4822.99 463.378 406.005
 207698 44047.8 6268.53 968.732 174.622
 56416.5 96405 13761.3 1958.39 357.203
 26368.1 25916.8 28054.4 4004.61 673.851
 52499.9 12166.9 7775.11 8416.39 1403.55
 22652.2 22748.7 2370.95 1515.12 1913.59
 14801 8975.16 2398.62 249.992 361.523
 15401.2 5744.15 820.899 219.386 55.9313
 10507.9 6877.4 1376.21 196.674 65.9617
 10399 4810.75 1955.11 391.228 74.6622
 8704.6 4845.44 1543.26 627.186 149.455
 28267 4061.14 1568.13 499.444 251.344
 31950.8 12997.3 1189.3 459.226 219.868
 32511.4 15474.3 5436.08 497.421 284.028
 62115.7 15647.4 6199.57 2177.89 313.077
 52477 29590.5 5842.59 2314.86 930.104
 2495.13 25037.7 11167.3 2204.98 1224.64
pred_Ctot
 150.688 4283.45 2058.24 273.375 0.0152462
 422.538 823.525 3187.43 1531.59 203.437
 220.995 3582.78 898.919 3479.24 1893.87
 657.213 288.539 418.658 105.041 627.862
 566.351 418.896 21.1019 30.6178 53.5997
 1326.88 9884.14 1016.29 51.1956 204.322
 3320.35 2927.28 2272.44 233.653 58.7454
 6969.38 12214.9 1173.56 911.036 117.224
 9062.26 14064 2173.44 208.817 182.963
 9791.24 12063.9 1716.83 265.318 47.8256
 3053.21 29590.9 4223.94 601.117 109.641
 1348.32 7593.88 8220.21 1173.39 197.445
 4848.92 5603.08 3580.58 3875.9 646.36
 3335.74 14017.9 1460.99 933.625 1179.17
 2358.83 5767.8 1541.45 160.655 232.329
 1122.84 2228.07 318.414 85.0966 21.6949
 592.683 2182.9 436.81 62.4247 20.9363
 463.015 1255.77 510.349 102.124 19.4893
 379.978 1243.8 396.146 160.995 38.3642
 1512.31 1234.92 476.841 151.873 76.4294
 568.517 1489.25 136.272 52.6187 25.1928
 721.439 2176.99 764.772 69.9794 39.9583
 1822.29 2837.85 1124.37 394.988 56.7804
 1482.91 5188.91 1024.54 405.928 163.101
 79.9824 4914.51 2191.97 432.802 240.377
F
 0.0204874 0.140603 0.140603 0.140603 0.140603
 0.0370935 0.254569 0.254569 0.254569 0.254569
 0.138363 0.949573 0.949573 0.949573 0.949573
 0.0702655 0.482226 0.482226 0.482226 0.482226
 0.0142687 0.0979248 0.0979248 0.0979248 0.0979248
 0.097172 0.666883 0.666883 0.666883 0.666883
 0.084761 0.581707 0.581707 0.581707 0.581707
 0.142313 0.976684 0.976684 0.976684 0.976684
 0.131892 0.905161 0.905161 0.905161 0.905161
 0.067525 0.463418 0.463418 0.463418 0.463418
 0.0778698 0.534413 0.534413 0.534413 0.534413
 0.073433 0.503964 0.503964 0.503964 0.503964
 0.136302 0.935431 0.935431 0.935431 0.935431
 0.225796 1.54961 1.54961 1.54961 1.54961
 0.246516 1.69182 1.69182 1.69182 1.69182
 0.106201 0.72885 0.72885 0.72885 0.72885
 0.081277 0.557796 0.557796 0.557796 0.557796
 0.0636694 0.436957 0.436957 0.436957 0.436957
 0.0623869 0.428155 0.428155 0.428155 0.428155
 0.0769493 0.528096 0.528096 0.528096 0.528096
 0.0250165 0.171686 0.171686 0.171686 0.171686
 0.0312843 0.214701 0.214701 0.214701 0.214701
 0.0415467 0.285131 0.285131 0.285131 0.285131
 0.0399915 0.274458 0.274458 0.274458 0.274458
 0.0454746 0.312088 0.312088 0.312088 0.312088
YTP_r0W_actual
 895.803 108119 72335.1 17788.2 10288.1
YTP_p0W_proyectada
 20584.5 12219.9 136937 79673.9 24505.9
 20584.5 108518 3238.44 32470.5 19554
CTP_r0_actual
 79.9824 4914.51 2191.97 432.802 240.377
CTP_p0_proyectada
 2421.7 571.023 4389.01 1957.59 527.008
 2421.7 5070.94 103.796 797.8 420.517
Wmedp
 8.5 21.4 31.2 40.7 46.5
nmprior
 10.6 11 7 0
nm_flota  nm_reclas  nm_pelaces    nm_pelaL
inf 28.494 20.7849 51.6502
cv_recla  cv_pelaces  cv_mph
0.864628 1.03087 0.796749
 ------------------------------------------------
Talla a la edad & desviaci?n 
 7.2 14.2025 17.0495 18.207 18.6776
 1.08 2.13037 2.55742 2.73105 2.80164
