years
 1997 1998 1999 2000 2001 2002 2003 2004 2005 2006 2007 2008 2009 2010 2011 2012 2013 2014 2015 2016 2017 2018 2019 2020 2021
reclasobs
 0 0 0 370054 412103 1.49427e+06 250295 1.28982e+06 931140 785840 897777 1.04006e+06 184774 17550 25797 100020 73551 82996 120727 218422 84188 347160 605670 569463 516374
reclaspred
 382676 94541.1 232428 176323 301987 354965 799600 566718 701275 724831 590145 396962 246579 111587 75503.8 75622.6 92696.9 122356 123663 185305 278206 250521 427591 523297 542594
pelacesobs
 0 0 0 0 0 0 0 0 0 2.06254e+06 1.5e+06 0 1.87456e+06 323000 250000 174000 83755 137374 0 501740 490994 745055 786931 1.00524e+06 1.33801e+06
pelacespred
 785251 176406 265208 309450 463132 448361 1.20419e+06 1.00608e+06 1.13814e+06 1.17622e+06 865897 604267 374891 139346 92932.1 100284 128739 172897 179788 261123 438042 386107 519711 754696 780238
mphobs
 0 0 0 0 0 112323 0 153150 637223 0 255016 313432 73983 77613 109348 50772 0 0 0 0 0 0 0 0 0
mphpred
 589346 308916 327814 327092 407397 721678 1.05678e+06 1.28265e+06 1.17388e+06 1.33647e+06 1.42459e+06 1.02202e+06 626527 332669 153747 128910 155048 208650 250090 277647 442627 537343 657860 922200 1.19732e+06
desembarqueobs
 350755 77701 442110 56441 14545 235359 269955 359681 431902 328805 639364 411747 362871 311530 167758 66681 60226 58785 57116 73181 50977 67692 138656 160484 209506
desembarquepred
 350749 77690.6 441973 56439.6 14545 235385 269976 359620 431854 328763 639326 411841 362982 311736 167707 66680.5 60239.2 58780.2 57106.4 73170.4 50974.9 67680.8 138645 160476 209494
Reclutas
 35535.5 48171 23034 46190.7 83069.8 54381.9 95255.3 100514 139631 157855 67445.9 38522.9 44349.5 22838.8 16875 19775.7 15425.3 16623.7 17742.5 36946.5 45282.6 54274.6 89389.9 98120 27003.4
log_desv_Rt
 -0.221713 0.0825116 -0.655274 0.0405338 0.627437 0.203786 0.764316 0.818049 1.14676 1.26943 0.41908 -0.140992 -0.000144281 -0.663785 -0.966409 -0.807789 -1.05624 -0.981416 -0.916284 -0.182774 0.0206787 0.201811 0.700763 0.793946 -0.496283
SSB
 589346 308916 327814 327092 407397 721678 1.05678e+06 1.28265e+06 1.17388e+06 1.33647e+06 1.42459e+06 1.02202e+06 626527 332669 153747 128910 155048 208650 250090 277647 442627 537343 657860 922200 1.19732e+06
BT
 1.67601e+06 450545 715494 614092 840873 987319 2.34156e+06 2.20625e+06 2.43223e+06 2.41994e+06 2.12104e+06 1.45853e+06 1.02814e+06 548931 308318 234601 279730 356759 371364 527460 825676 755226 1.02656e+06 1.48367e+06 1.56272e+06
Ftot
 0.511719 0.527006 0.917509 0.203494 0.0329782 0.295067 0.19169 0.363268 0.381339 0.263956 0.478193 0.437416 0.707973 1.24595 1.24053 0.503143 0.363905 0.25485 0.223687 0.240565 0.102771 0.132935 0.16288 0.159844 0.15577
BD_Bspro_t
 0.934693 0.690002 0.607842 0.428089 0.610057 0.781085 0.736708 0.74919 0.702883 0.688886 0.677829 0.528199 0.413081 0.305916 0.188559 0.19625 0.295571 0.445294 0.548034 0.628886 0.747412 0.823852 0.826634 0.829036 0.824674
BD_Bspro
 0.646155 0.338693 0.359413 0.358621 0.446667 0.791243 1.15864 1.40628 1.28704 1.4653 1.56191 1.12054 0.68692 0.364736 0.168567 0.141336 0.169993 0.228763 0.274197 0.304411 0.485293 0.58914 0.721273 1.01109 1.31274
BD_Bo
 0.543444 0.284855 0.302281 0.301615 0.375666 0.665469 0.974466 1.18274 1.08245 1.23238 1.31363 0.942421 0.577728 0.306758 0.141772 0.118869 0.142971 0.192399 0.230611 0.256022 0.408152 0.495491 0.606621 0.850372 1.10407
BD_Brms
 1.8591 0.974477 1.03409 1.03181 1.28514 2.27654 3.3336 4.04611 3.70302 4.21591 4.49388 3.22398 1.97638 1.04941 0.484995 0.406646 0.489099 0.658189 0.788911 0.87584 1.39627 1.69505 2.07522 2.90908 3.77696
S_f
 0.171212 1 1 1 1
 0.171212 1 1 1 1
 0.171212 1 1 1 1
 0.171212 1 1 1 1
 0.171212 1 1 1 1
 0.171212 1 1 1 1
 0.171212 1 1 1 1
 0.171212 1 1 1 1
 0.171212 1 1 1 1
 0.171212 1 1 1 1
 0.171212 1 1 1 1
 0.171212 1 1 1 1
 0.171212 1 1 1 1
 0.171212 1 1 1 1
 0.171212 1 1 1 1
 0.171212 1 1 1 1
 0.171212 1 1 1 1
 0.171212 1 1 1 1
 0.171212 1 1 1 1
 0.171212 1 1 1 1
 0.171212 1 1 1 1
 0.171212 1 1 1 1
 0.171212 1 1 1 1
 0.171212 1 1 1 1
 0.171212 1 1 1 1
Scru_reclas
 1 1 1 1 1
 1 1 1 1 1
 1 1 1 1 1
 1 1 1 1 1
 1 1 1 1 1
 1 1 1 1 1
 1 1 1 1 1
 1 1 1 1 1
 1 1 1 1 1
 1 1 1 1 1
 1 1 1 1 1
 1 1 1 1 1
 1 1 1 1 1
 1 1 1 1 1
 1 1 1 1 1
 1 1 1 1 1
 1 1 1 1 1
 1 1 1 1 1
 1 1 1 1 1
 1 1 1 1 1
 1 1 1 1 1
 1 1 1 1 1
 1 1 1 1 1
 1 1 1 1 1
 1 1 1 1 1
Scru_pelaces
 1 1 1 1 1
 1 1 1 1 1
 1 1 1 1 1
 1 1 1 1 1
 1 1 1 1 1
 1 1 1 1 1
 1 1 1 1 1
 1 1 1 1 1
 1 1 1 1 1
 1 1 1 1 1
 1 1 1 1 1
 1 1 1 1 1
 1 1 1 1 1
 1 1 1 1 1
 1 1 1 1 1
 1 1 1 1 1
 1 1 1 1 1
 1 1 1 1 1
 1 1 1 1 1
 1 1 1 1 1
 1 1 1 1 1
 1 1 1 1 1
 1 1 1 1 1
 1 1 1 1 1
 1 1 1 1 1
pf_obs 
 0.256992 0.487395 0.22802 0.0275931 0
 0.321318 0.546541 0.124235 0.00734118 0.000564706
 0.182869 0.594174 0.210203 0.0122559 0.00049798
 0.330522 0.361315 0.267642 0.0388342 0.00168674
 0.649043 0.306663 0.0425973 0.00169635 0
 0.582887 0.30429 0.105238 0.00758474 0
 0.465427 0.430635 0.0974691 0.00646863 0
 0.296916 0.608066 0.0921331 0.00288517 0
 0.311714 0.524322 0.152257 0.0117073 0
 0.15457 0.633149 0.183074 0.0267441 0.00246327
 0.131901 0.49318 0.331252 0.0422183 0.00144891
 0.196976 0.569456 0.194076 0.0375587 0.00193317
 0.518974 0.381816 0.0799577 0.0180837 0.00116848
 0.0928022 0.601141 0.25162 0.0475244 0.00691264
 0.122501 0.610282 0.24278 0.0234846 0.000952079
 0.383417 0.481906 0.127806 0.00687128 0
 0.0376549 0.599619 0.316969 0.0457579 0
 0.0361596 0.667082 0.258105 0.0386534 0
 0.158088 0.579412 0.248529 0.0139706 0
 0.0477256 0.309471 0.559284 0.082774 0.000745712
 0.0406174 0.521527 0.379366 0.0568643 0.0016247
 0.151134 0.462217 0.34131 0.0453401 0
 0.294876 0.26143 0.354403 0.0886775 0.000613685
 0.281977 0.475581 0.204845 0.0348837 0.00271318
 0.0841818 0.532909 0.334909 0.0458182 0.00218182
pf_pred 
 0.264703 0.512373 0.19868 0.0242331 1.06158e-05
 0.308599 0.504088 0.130524 0.0506127 0.00617594
 0.158574 0.648543 0.140628 0.0364129 0.0158426
 0.35581 0.408877 0.181372 0.0393279 0.0146138
 0.33643 0.517733 0.0925649 0.0410604 0.0122118
 0.159058 0.631067 0.163749 0.0292766 0.016849
 0.275761 0.405265 0.239367 0.062111 0.0174957
 0.232439 0.544012 0.125092 0.0738849 0.024572
 0.283149 0.485834 0.163734 0.0376496 0.029633
 0.251361 0.549931 0.134671 0.0453864 0.0186505
 0.111518 0.612699 0.202583 0.0496101 0.0235899
 0.106745 0.428666 0.320382 0.105931 0.0382764
 0.201016 0.369612 0.206052 0.154002 0.069318
 0.167655 0.561965 0.125078 0.069729 0.0755725
 0.244197 0.521063 0.158487 0.0352749 0.0409783
 0.317018 0.532873 0.103488 0.0314769 0.0151446
 0.205349 0.616278 0.139169 0.0270276 0.012176
 0.217604 0.502485 0.217081 0.0490214 0.0138092
 0.212217 0.509636 0.178637 0.0771736 0.0223367
 0.34085 0.419308 0.155159 0.0543862 0.030296
 0.260779 0.570575 0.107282 0.0396981 0.0216663
 0.231772 0.525244 0.18755 0.0352639 0.0201707
 0.286607 0.465267 0.169645 0.0605757 0.0179045
 0.228114 0.553389 0.142502 0.0519589 0.0240369
 0.0628691 0.609504 0.234886 0.0604849 0.0322564
pobs_RECLAS
 0 0 0 0 0
 0 0 0 0 0
 0 0 0 0 0
 0 0 0 0 0
 0.835266 0.146461 0.0176864 0.000547809 3.91292e-05
 0.385257 0.428462 0.181853 0.0044286 0
 0.867414 0.0963971 0.0333333 0.00285562 0
 0.441836 0.489002 0.0689373 0.000224442 0
 0.779404 0.147425 0.0564933 0.0165055 0.000172143
 0.814271 0.122319 0.05973 0.00367925 0
 0.40263 0.566651 0.0304383 0.000280538 0
 0.475488 0.404961 0.113038 0.00651328 0
 0.955842 0.0263864 0.0167828 0.000988607 0
 0.975058 0.0227948 0.00214734 0 0
 0.738997 0.206755 0.0527124 0.00153531 0
 0.850938 0.134255 0.0134407 0.00136685 0
 0.542534 0.407297 0.0501686 0 0
 0.764087 0.199537 0.0359546 0.000420521 0
 0.470689 0.182191 0.310203 0.0369168 0
 0.84361 0.089868 0.0606195 0.00523954 0.000663233
 0.607945 0.314616 0.071237 0.00620181 0
 0.523733 0.453247 0.0230204 0 0
 0.530135 0.295979 0.169645 0.0042399 0
 0.562478 0.366248 0.0663022 0.0049721 0
 0.250443 0.683176 0.0655157 0.000865301 0
ppred_RECLAS
 0.685231 0.219339 0.0850518 0.0103738 4.54444e-06
 0.729928 0.196905 0.0509848 0.0197701 0.00241242
 0.542965 0.352267 0.0763843 0.0197783 0.00860516
 0.765423 0.14889 0.0660453 0.014321 0.0053215
 0.747861 0.196725 0.0351722 0.0156019 0.00464016
 0.529256 0.35326 0.0916638 0.0163885 0.00943176
 0.692089 0.172299 0.101767 0.0264065 0.0074383
 0.644017 0.252304 0.0580159 0.0342667 0.0113961
 0.702646 0.201527 0.0679178 0.0156173 0.012292
 0.665717 0.245555 0.0601336 0.020266 0.00832783
 0.430788 0.39253 0.129786 0.0317831 0.015113
 0.417965 0.279314 0.208757 0.0690235 0.0249405
 0.607837 0.181415 0.101136 0.0755882 0.0340231
 0.569811 0.290446 0.0646456 0.0360388 0.0390589
 0.6798 0.220751 0.0671437 0.0149444 0.0173607
 0.737173 0.205062 0.0398245 0.012113 0.00582798
 0.606898 0.304864 0.0688447 0.0133701 0.00602327
 0.622445 0.24248 0.104755 0.0236559 0.00666382
 0.614421 0.24944 0.0874334 0.0377725 0.0109327
 0.753832 0.156596 0.0579463 0.0203113 0.0113145
 0.674427 0.251297 0.0472498 0.0174841 0.00954243
 0.639591 0.246414 0.0879878 0.0165438 0.00946295
 0.703034 0.193678 0.0706187 0.025216 0.00745315
 0.635186 0.261546 0.0673501 0.0245571 0.0113605
 0.283231 0.466182 0.179653 0.0462621 0.0246714
pobs_PELACES
 0 0 0 0 0
 0 0 0 0 0
 0 0 0 0 0
 0 0 0 0 0
 0 0 0 0 0
 0 0 0 0 0
 0 0 0 0 0
 0 0 0 0 0
 0 0 0 0 0
 0 0 0 0 0
 0.450072 0.473896 0.0757376 0.000293798 0
 0 0 0 0 0
 0.463077 0.371075 0.160297 0.00555027 0
 0.529543 0.364841 0.0842815 0.0213345 0
 0.631943 0.363953 0.00410389 0 0
 0.735681 0.248677 0.0153453 0.000297389 0
 0.695825 0.281241 0.0229344 0 0
 0.275771 0.60734 0.115278 0.00161068 0
 0 0 0 0 0
 0.896147 0.0623911 0.0374545 0.00400742 0
 0.803859 0.145111 0.0509908 3.86294e-05 0
 0.739449 0.233085 0.0266225 0.000797448 4.60066e-05
 0.878498 0.100942 0.0204185 0.000141795 0
 0.694673 0.275183 0.0284847 0.00165964 0
 0.469039 0.446079 0.0841089 0.000773354 0
ppred_PELACES
 0.714609 0.198868 0.077114 0.0094056 4.1203e-06
 0.757384 0.176887 0.0458015 0.0177602 0.00216717
 0.604254 0.305028 0.066141 0.017126 0.00745119
 0.775268 0.142641 0.0632734 0.01372 0.00509816
 0.749558 0.195401 0.0349355 0.0154969 0.00460893
 0.549304 0.338215 0.0877601 0.0156905 0.00903009
 0.703148 0.166111 0.0981122 0.0254582 0.00717116
 0.666455 0.236401 0.054359 0.0321068 0.0106778
 0.723967 0.187077 0.0630479 0.0144975 0.0114106
 0.681586 0.233899 0.057279 0.0193039 0.0079325
 0.463104 0.370244 0.122418 0.0299786 0.014255
 0.447321 0.265226 0.198228 0.0655421 0.0236826
 0.652911 0.160564 0.0895116 0.0669003 0.0301126
 0.650638 0.235875 0.0524994 0.0292675 0.0317202
 0.748784 0.173192 0.0526783 0.0117248 0.0136205
 0.762953 0.184948 0.0359182 0.0109249 0.00525633
 0.630374 0.286658 0.0647334 0.0125717 0.00566357
 0.63868 0.232054 0.10025 0.0226387 0.00637727
 0.628809 0.240132 0.0841707 0.036363 0.0105247
 0.765836 0.14896 0.0551205 0.0193208 0.0107627
 0.680568 0.246557 0.0463586 0.0171543 0.00936243
 0.647929 0.240714 0.0859523 0.0161611 0.00924403
 0.71225 0.187668 0.0684272 0.0244335 0.00722186
 0.645256 0.254327 0.0654912 0.0238793 0.0110469
 0.29196 0.460505 0.177466 0.0456988 0.024371
pobs_pel_tallas
 0 0 0 0 0 0 0 0 0 0 0 0 0 0 0 0 0 0 0 0 0 0 0 0 0 0 0 0 0 0 0 0 0 0 0 0
 0 0 0 0 0 0 0 0 0 0 0 0 0 0 0 0 0 0 0 0 0 0 0 0 0 0 0 0 0 0 0 0 0 0 0 0
 0 0 0 0 0 0 0 0 0 0 0 0 0 0 0 0 0 0 0 0 0 0 0 0 0 0 0 0 0 0 0 0 0 0 0 0
 0 0 0 0 0 0 0 0 0 0 0 0 0 0 0 0 0 0 0 0 0 0 0 0 0 0 0 0 0 0 0 0 0 0 0 0
 0 0 0 0 0 0 0 0 0 0 0 0 0 0 0 0 0 0 0 0 0 0 0 0 0 0 0 0 0 0 0 0 0 0 0 0
 0 0 0 0 0 0 0 0 0 0 0 0 0 0 0 0 0 0 0 0 0 0 0 0 0 0 0 0 0 0 0 0 0 0 0 0
 0 0 0 0 0 0 0 0 0 0 0 0 0 0 0 0 0 0 0 0 0 0 0 0 0 0 0 0 0 0 0 0 0 0 0 0
 0 0 0 0 0 0 0 0 0 0 0 0 0 0 0 0 0 0 0 0 0 0 0 0 0 0 0 0 0 0 0 0 0 0 0 0
 0 0 0 0 0 0 0 0 0 0 0 0 0 0 0 0 0 0 0 0 0 0 0 0 0 0 0 0 0 0 0 0 0 0 0 0
 0 0 0 0 0 0 0 0 0 0 0 0 0 0 0 0 0 0 0 0 0 0 0 0 0 0 0 0 0 0 0 0 0 0 0 0
 0 0 0 0 0 0 0 0 1.78061e-05 0.00172719 0.00360574 0.0105946 0.0120993 0.0124554 0.0147524 0.0171206 0.0266825 0.0428682 0.0675386 0.121331 0.153587 0.119568 0.100827 0.0573624 0.0630603 0.0341343 0.0324427 0.0444173 0.0211091 0.0280891 0.0125444 0.00206551 0 0 0 0
 0 0 0 0 0 0 0 0 0 0 0 0 0 0 0 0 0 0 0 0 0 0 0 0 0 0 0 0 0 0 0 0 0 0 0 0
 0 0 0 0 0 0 0.0133647 0.0140871 0.0187388 0.0205184 0.03894 0.0496705 0.03968 0.0493445 0.0407372 0.0367815 0.0215668 0.0243155 0.0234873 0.0199281 0.019796 0.0243948 0.0301388 0.0376714 0.0412746 0.0863199 0.0771752 0.113111 0.0741005 0.0525337 0.0229764 0.00759418 0.00175318 0 0 0
 0 0 0 0 0 0 0 0 0 0 0.00219441 0.00772107 0.0458388 0.0604681 0.0671733 0.0775358 0.0609151 0.0617685 0.073594 0.0568108 0.0755445 0.0548602 0.0670107 0.0636378 0.0643287 0.046367 0.0373049 0.0286899 0.0247887 0.0153202 0.00654259 0.00121912 0.000365735 0 0 0
 0 0 0 0 0 0 0 0 0 0 0 0 0.000112435 0.00938835 0.0111873 0.0202946 0.0414886 0.0713402 0.111592 0.104902 0.108894 0.110636 0.117776 0.105296 0.107544 0.0401394 0.0192827 0.0124803 0.00416011 0.0028671 0.000618394 0 0 0 0 0
 0 0 0 0 0 0 0 0 0 0 0.00291406 0.0102884 0.027416 0.0768956 0.0749926 0.110853 0.0956884 0.0897413 0.0766577 0.0534642 0.0500743 0.0551293 0.0594112 0.0620874 0.0668451 0.0424026 0.0208742 0.0120726 0.0048766 0.00582813 0.00118941 0.000297354 0 0 0 0
 0 0.00264628 0.0354308 0.0461629 0.0458689 0.0383711 0.0214643 0.0164657 0.0346957 0.0420465 0.0363128 0.0245516 0.0311673 0.0291091 0.0169068 0.0133784 0.00837989 0.0085269 0.0148486 0.0160247 0.0276389 0.0546898 0.0760071 0.122758 0.109233 0.0665981 0.0333725 0.0166128 0.00676272 0.00308733 0.000882094 0 0 0 0 0
 0 0 0 0 0 0 0 0.000805153 0.000690131 0.00759144 0.0133425 0.0154129 0.00931677 0.000345066 0.00356568 0.00563607 0.00851162 0.0253048 0.0502646 0.0516448 0.0657925 0.0565908 0.0611916 0.0827007 0.0866115 0.110766 0.145733 0.0935128 0.0569358 0.0249597 0.0138026 0.00621118 0.00161031 0.00115022 0 0
 0 0 0 0 0 0 0 0 0 0 0 0 0 0 0 0 0 0 0 0 0 0 0 0 0 0 0 0 0 0 0 0 0 0 0 0
 0.00147267 0.00158595 0.00478618 0.00569244 0.00954404 0.0108468 0.00647125 0.017049 0.0510054 0.094081 0.124002 0.0959785 0.0687766 0.0820023 0.061753 0.0591476 0.0492212 0.0479892 0.0443925 0.0268479 0.0217502 0.0140895 0.0121071 0.0120363 0.00920419 0.00665534 0.0049561 0.00860946 0.00930331 0.0156896 0.0114698 0.00855282 0.00243557 0.00046729 0 2.83206e-05
 0 0 0 0 0.000772559 0.00158375 0.000888443 0.00281984 0.00712685 0.0440552 0.0773331 0.111326 0.0921469 0.0852325 0.0710754 0.0886704 0.0786465 0.0553345 0.0373146 0.0185414 0.00753245 0.00457741 0.012979 0.0271748 0.0457355 0.0583668 0.034881 0.0177882 0.00938659 0.00492506 0.0015258 0.00185414 0.000309023 5.79419e-05 3.86279e-05 0
 0 0.00173294 0.00326652 0 0.00397197 0.00683976 0.00946217 0.0152591 0.00757587 0.0136028 0.0228656 0.0392903 0.0559909 0.0764795 0.0681675 0.0726916 0.0566044 0.0477403 0.0527397 0.0444891 0.0609904 0.0582453 0.0661739 0.0445044 0.0529084 0.0360697 0.0280645 0.0235558 0.0158879 0.00826598 0.00280645 0.00217768 0.000904811 0.00058276 9.20147e-05 0
 0 0 0 0 0 0 0 0 0 0 0 0 0 0 0 0 0 0 0 0 0 0 0 0 0 0 0 0 0 0 0 0 0 0 0 0
 0 0 0 0 0 0 0 0 0 0 0 0 0 0 0 0 0 0 0 0 0 0 0 0 0 0 0 0 0 0 0 0 0 0 0 0
 0 0 0 0 0 0 0 0 0 0 0 0 0 0 0 0 0 0 0 0 0 0 0 0 0 0 0 0 0 0 0 0 0 0 0 0
ppred_pel_tallas
 1.01483e-16 3.11812e-05 0.000183003 0.000869906 0.00334917 0.0104441 0.0263809 0.0539791 0.0894774 0.120169 0.130777 0.115375 0.0826355 0.0483196 0.0236246 0.0107052 0.00617686 0.00604664 0.00786075 0.010522 0.0135441 0.0165914 0.0193342 0.0214603 0.0227315 0.0230336 0.0223972 0.0209789 0.0190144 0.0167588 0.0144349 0.0122036 0.0101578 0.00833512 0.00673915 0.00535807
 1.0142e-16 3.30454e-05 0.00019395 0.000921954 0.00354957 0.011069 0.0279595 0.0572088 0.09483 0.127354 0.138587 0.122245 0.0875093 0.0510756 0.0247965 0.0109376 0.00589333 0.00541668 0.00690097 0.00919162 0.0117995 0.0144121 0.0167355 0.0184965 0.0194918 0.019632 0.0189583 0.0176241 0.0158504 0.0138707 0.0118833 0.0100241 0.00836287 0.00691636 0.00567017 0.00459828
 1.01975e-16 2.63734e-05 0.000154768 0.000735651 0.00283222 0.00883194 0.022309 0.0456484 0.0756724 0.101641 0.110646 0.097693 0.07014 0.0413542 0.0208551 0.0105246 0.00755973 0.00862414 0.0116435 0.0156318 0.0200519 0.024434 0.0282827 0.0311299 0.0326308 0.0326411 0.0312463 0.0287284 0.0254875 0.0219429 0.0184495 0.0152482 0.0124582 0.0101009 0.00813758 0.00650622
 1.01655e-16 3.38238e-05 0.000198524 0.000943702 0.00363332 0.0113302 0.0286191 0.0585583 0.0970658 0.130354 0.141842 0.125096 0.0895053 0.0521506 0.0251506 0.0108097 0.00542321 0.00463595 0.00578368 0.00770547 0.00994041 0.012224 0.0143174 0.0159964 0.0170871 0.0175013 0.0172509 0.0164348 0.0152073 0.0137365 0.0121694 0.0106125 0.00912899 0.00774798 0.00647942 0.00532629
 1.01308e-16 3.27048e-05 0.000191949 0.000912437 0.00351293 0.0109547 0.0276708 0.0566183 0.0938518 0.126042 0.137164 0.121 0.0866416 0.0506161 0.0246607 0.0110253 0.00614875 0.00583146 0.00749109 0.00997333 0.0127726 0.0155497 0.0179811 0.0197673 0.0206902 0.0206611 0.0197389 0.0181085 0.0160292 0.0137714 0.0115618 0.00955229 0.00781493 0.00635802 0.00515147 0.00415098
 1.02318e-16 2.39788e-05 0.000140706 0.000668791 0.00257478 0.00802912 0.0202811 0.0414996 0.0687967 0.0924117 0.100614 0.0888718 0.0638858 0.0378261 0.0193709 0.0102608 0.007977 0.00950904 0.0129768 0.0174638 0.0224305 0.0273704 0.0317366 0.0350078 0.0367965 0.0369344 0.0355059 0.0328124 0.029287 0.025387 0.0215019 0.0178998 0.0147188 0.011992 0.00968766 0.00774864
 1.02657e-16 3.06801e-05 0.000180065 0.000855941 0.00329541 0.0102764 0.0259574 0.0531125 0.0880401 0.118237 0.128667 0.1135 0.0812616 0.0474541 0.0230868 0.0102705 0.00566778 0.0053483 0.00690666 0.00928623 0.0120467 0.014907 0.0175958 0.0198498 0.0214573 0.0222991 0.0223655 0.0217443 0.0205864 0.0190621 0.0173245 0.0154894 0.0136337 0.0118052 0.0100375 0.00836087
 1.02451e-16 2.90829e-05 0.000170681 0.000811318 0.00312358 0.00974055 0.024604 0.0503436 0.0834527 0.112082 0.121988 0.107651 0.0771651 0.0452465 0.0223563 0.0105259 0.00662062 0.0069311 0.00916935 0.0122912 0.0157982 0.0193112 0.0224471 0.0248449 0.0262362 0.0265037 0.0257029 0.0240369 0.0217962 0.0192853 0.0167589 0.0143874 0.0122533 0.0103704 0.00871449 0.00725009
 1.01988e-16 3.15887e-05 0.000185397 0.000881289 0.003393 0.0105807 0.0267261 0.0546854 0.0906478 0.12174 0.132482 0.116871 0.0836882 0.048897 0.0238359 0.0106804 0.00599508 0.00572939 0.00739662 0.00989087 0.0127333 0.0156046 0.0181971 0.0202208 0.021456 0.0217993 0.0212823 0.0200529 0.0183299 0.0163468 0.0143037 0.0123395 0.0105289 0.00889612 0.00743617 0.00613444
 1.01924e-16 2.97426e-05 0.000174555 0.000829732 0.00319448 0.00996165 0.0251624 0.0514863 0.0853466 0.114625 0.124754 0.110086 0.0789002 0.0462423 0.0228079 0.0106705 0.0066197 0.0068582 0.00904399 0.0121101 0.0155509 0.0189865 0.0220343 0.0243351 0.0256217 0.0257784 0.0248627 0.0230806 0.0207272 0.0181132 0.0155013 0.0130701 0.0109094 0.00903798 0.00743251 0.00605474
 1.03555e-16 2.02214e-05 0.000118644 0.000563899 0.0021709 0.00676964 0.0170999 0.0349908 0.0580093 0.0779297 0.0848685 0.0750159 0.0540389 0.0322244 0.0169246 0.00965002 0.00832171 0.0104371 0.0144241 0.019488 0.0251091 0.0307554 0.0358348 0.0397751 0.0421422 0.0427334 0.0416143 0.0390823 0.0355768 0.0315668 0.0274545 0.0235207 0.019917 0.016693 0.0138381 0.0113202
 1.06259e-16 1.95291e-05 0.000114589 0.00054464 0.00209679 0.00653854 0.016516 0.0337954 0.0560252 0.0752571 0.0819391 0.0723819 0.0520447 0.0308422 0.0158493 0.00849562 0.00675006 0.00818997 0.0113235 0.0154526 0.020191 0.0251755 0.0299938 0.0342259 0.0375189 0.0396518 0.0405639 0.0403392 0.0391573 0.0372326 0.0347633 0.031907 0.0287819 0.0254827 0.0221013 0.0187373
 1.05029e-16 2.84892e-05 0.000167203 0.000794798 0.00306 0.0095423 0.0241031 0.0493183 0.0817511 0.109791 0.11948 0.105401 0.0754757 0.0441012 0.0215047 0.00965268 0.00545387 0.00526778 0.00687036 0.00928958 0.0121243 0.0151191 0.0180247 0.0205959 0.0226314 0.02401 0.0247053 0.0247732 0.0243196 0.0234615 0.0222971 0.020893 0.0192887 0.0175124 0.0155974 0.0135928
 1.0331e-16 2.83931e-05 0.000166632 0.000792068 0.00304946 0.00950942 0.0240201 0.0491491 0.0814727 0.109424 0.119096 0.105102 0.0753453 0.0441944 0.0218644 0.0103418 0.00656932 0.00692911 0.00918975 0.0123327 0.0158702 0.0194291 0.0226313 0.0251201 0.02663 0.0270442 0.0264156 0.0249412 0.0229019 0.0205891 0.0182432 0.0160198 0.0139887 0.0121544 0.0104885 0.00895686
 1.01844e-16 3.26702e-05 0.000191748 0.000911485 0.00350927 0.0109433 0.027642 0.0565592 0.0937531 0.125908 0.137013 0.120856 0.0865146 0.0504939 0.0245121 0.0108095 0.00582217 0.0053526 0.00682605 0.00910448 0.0117087 0.0143343 0.016695 0.0185234 0.0196185 0.0198881 0.0193659 0.0181936 0.0165781 0.0147386 0.0128614 0.0110742 0.00944307 0.00798569 0.00669212 0.0055435
 1.01192e-16 3.32885e-05 0.000195377 0.000928734 0.00357568 0.0111504 0.0281651 0.0576296 0.0955277 0.128292 0.139609 0.123149 0.0881626 0.0514696 0.0250109 0.0110707 0.00601769 0.00557312 0.00710804 0.00945306 0.0121059 0.0147398 0.0170469 0.0187432 0.019621 0.0195953 0.0187209 0.0171718 0.0151934 0.0130419 0.010933 0.00901214 0.0073495 0.00595492 0.00480148 0.00384825
 1.01709e-16 2.75116e-05 0.000161452 0.000767431 0.00295458 0.00921354 0.0232728 0.0476204 0.0789404 0.106028 0.115413 0.101884 0.0731092 0.0430246 0.0215488 0.010631 0.00733217 0.00816158 0.0109536 0.0146914 0.0188418 0.0229564 0.0265673 0.0292337 0.0306302 0.0306207 0.0292848 0.0268881 0.0238074 0.0204391 0.0171193 0.0140778 0.0114299 0.0091982 0.00734805 0.0058215
 1.02575e-16 2.78717e-05 0.000163571 0.000777514 0.00299342 0.00933467 0.0235787 0.0482459 0.0799758 0.107414 0.116909 0.103175 0.07397 0.0434003 0.021496 0.0102105 0.00654808 0.0069632 0.00927215 0.0124813 0.0161161 0.0198107 0.0231879 0.0258848 0.0276199 0.0282512 0.0278004 0.0264317 0.0243991 0.0219791 0.0194133 0.0168763 0.014471 0.0122439 0.0102091 0.0083688
 1.03015e-16 2.74415e-05 0.000161045 0.000765504 0.00294718 0.00919046 0.0232145 0.0475007 0.0787408 0.105756 0.115108 0.101591 0.072848 0.0427691 0.0212335 0.0101692 0.00663074 0.00713029 0.00951714 0.0128077 0.0165242 0.020292 0.0237243 0.0264504 0.0281867 0.0287956 0.0283092 0.0269061 0.024854 0.0224392 0.0199064 0.0174253 0.0150879 0.0129264 0.0109411 0.00912371
 1.01998e-16 3.34128e-05 0.00019611 0.000932226 0.00358914 0.0111924 0.0282711 0.0578462 0.0958857 0.128769 0.140121 0.123582 0.0884315 0.0515442 0.0248943 0.0107613 0.00548872 0.00477665 0.00599311 0.00798794 0.010299 0.0126551 0.0148094 0.016531 0.0176429 0.0180585 0.0177956 0.0169622 0.0157221 0.0142501 0.012696 0.0111639 0.00971056 0.0083566 0.00710352 0.0059481
 1.01766e-16 2.96987e-05 0.000174296 0.000828499 0.00318973 0.00994683 0.025125 0.0514098 0.0852201 0.114456 0.124573 0.109933 0.0788046 0.0462147 0.0228468 0.0107758 0.00679981 0.00712872 0.00942124 0.0126033 0.0161552 0.0196776 0.0227673 0.0250475 0.0262423 0.0262386 0.0251091 0.0230849 0.0204909 0.017666 0.0148945 0.0123666 0.0101729 0.00832433 0.00678386 0.00549727
 1.02286e-16 2.82753e-05 0.00016594 0.000788774 0.00303678 0.00946986 0.0239202 0.0489447 0.0811342 0.10897 0.118604 0.104672 0.0750469 0.0440394 0.0218253 0.010387 0.00668463 0.00711949 0.0094719 0.0127268 0.0163932 0.0200892 0.0234227 0.0260195 0.0275948 0.0280135 0.0273145 0.0256874 0.0234148 0.0208 0.0181045 0.0155129 0.0131273 0.0109845 0.00908222 0.00740381
 1.0221e-16 3.10778e-05 0.000182398 0.000867029 0.0033381 0.0104095 0.0262937 0.0538005 0.0891812 0.11977 0.13034 0.114985 0.0823431 0.0481234 0.0234818 0.0105617 0.00598587 0.00577259 0.0074778 0.0100147 0.0129115 0.0158516 0.0185276 0.0206482 0.0219907 0.0224466 0.0220407 0.0209129 0.0192737 0.0173489 0.0153325 0.0133607 0.0115084 0.00980346 0.00824773 0.00683498
 1.0235e-16 2.81592e-05 0.000165257 0.000785526 0.00302427 0.00943085 0.0238217 0.0487432 0.0808006 0.108523 0.11812 0.104252 0.0747617 0.0439031 0.0218151 0.0104766 0.00686428 0.00739572 0.00985709 0.0132279 0.0170028 0.0207802 0.0241474 0.026714 0.0281887 0.0284429 0.0275348 0.0256831 0.0232023 0.0204239 0.017628 0.015005 0.0126508 0.0105865 0.00878974 0.00722361
 1.05379e-16 1.27624e-05 7.4845e-05 0.000355654 0.00136908 0.00426914 0.010784 0.0220687 0.0365936 0.0491815 0.0536178 0.0475292 0.0345348 0.0211889 0.0122195 0.00868991 0.00940235 0.0128658 0.0181146 0.0245777 0.0317437 0.0389879 0.0455829 0.0508161 0.0541383 0.0552801 0.0542985 0.0515333 0.0474994 0.0427509 0.0377661 0.0328827 0.0282898 0.0240615 0.0202065 0.0167127
pSPR Fmed_Fpbrs
0.63533   0.342316 0.342316
Fs Fmed_Fpbrs
0.303077   1.005 1.005
SSBpbr Bo_Bmed_Bpbrs
1.08447e+06  634771  317007 317007
Ro
44355.9
SPR SPRFo_SPRFmed_SPRFpbrs
912081 579473 312220
log_Ro
10.52
likeval ReclasPelacesDesembMPH_pf_preclas_ppelaces_ptallas_desvR_qrecl_qpela
 69.7914 38.0668 0.00507738 0.00101867 313.91 194.336 77.6081 0 16.2296 5.00973e-05 0 0 0 0 0
q_reclas_q_pelaces
0.366787 1
M
0.7
N
 35535.5 14061.6 5452.58 665.053 0.291339
 48171 16166.1 4185.92 1623.15 198.063
 23034 21857.1 4739.41 1227.18 533.924
 46190.7 9775.53 4336.28 940.263 349.39
 83069.8 22152.2 3960.57 1756.85 522.505
 54381.9 41019 10643.6 1902.96 1095.18
 95255.3 25674.8 15164.7 3934.93 1108.41
 100514 45775.2 10525.7 6216.94 2067.58
 139631 46903.8 15807.3 3634.8 2860.85
 157855 64956.2 15907 5360.91 2202.94
 67445.9 74924.6 24773.1 6066.63 2884.71
 38522.9 30859.8 23064.4 7626 2755.53
 44349.5 17749.6 9895.08 7395.51 3328.8
 22838.8 19509.2 4342.24 2420.72 2623.58
 16875 9162.68 2786.92 620.295 720.587
 19775.7 6776.38 1316.02 400.282 192.589
 15425.3 9009.79 2034.6 395.134 178.009
 16623.7 7197.28 3109.33 702.152 197.795
 17742.5 7902.62 2770.01 1196.69 346.362
 36946.5 8479.59 3137.76 1099.84 612.671
 45282.6 17606.8 3310.49 1225 668.577
 54274.6 22094.5 7889.34 1483.38 848.486
 89389.9 26345.4 9606.05 3430.06 1013.83
 98120 43168.9 11116.3 4053.23 1875.08
 27003.4 47409.6 18270.3 4704.75 2509.03
pred_Ctot
 2154.6 4170.56 1617.2 197.25 0.0864091
 3004.56 4907.85 1270.8 492.77 60.1296
 2430.03 9938.44 2155.01 558 242.776
 1139.72 1309.7 580.966 125.974 46.8105
 336.471 517.797 92.5763 41.0655 12.2133
 1932.33 7666.58 1989.32 355.669 204.692
 2215.99 3256.67 1923.53 499.118 140.593
 4374.61 10238.6 2354.3 1390.55 462.457
 6370.78 10931.2 3683.97 847.107 666.736
 5029.31 11003.2 2694.55 908.106 373.165
 3831.04 21048.5 6959.48 1704.29 810.4
 2007.67 8062.38 6025.77 1992.36 719.907
 3666.48 6741.63 3758.34 2808.96 1264.34
 3194.28 10706.9 2383.08 1328.52 1439.86
 2350.83 5016.16 1525.72 339.584 394.489
 1179.71 1982.97 385.106 117.134 56.3571
 672.492 2018.23 455.759 88.5118 39.8747
 511.716 1181.64 510.486 115.279 32.4737
 480.494 1153.9 404.462 174.733 50.5739
 1074.7 1322.08 489.219 171.48 95.5238
 568.577 1244.03 233.907 86.5539 47.239
 879.497 1993.13 711.691 133.815 76.5413
 1770.83 2874.7 1048.17 374.273 110.625
 1907.97 4628.61 1191.9 434.591 201.048
 511.863 4962.42 1912.38 492.452 262.623
F
 0.0876122 0.511719 0.511719 0.511719 0.511719
 0.0902297 0.527006 0.527006 0.527006 0.527006
 0.157088 0.917509 0.917509 0.917509 0.917509
 0.0348406 0.203494 0.203494 0.203494 0.203494
 0.00564626 0.0329782 0.0329782 0.0329782 0.0329782
 0.0505189 0.295067 0.295067 0.295067 0.295067
 0.0328196 0.19169 0.19169 0.19169 0.19169
 0.0621958 0.363268 0.363268 0.363268 0.363268
 0.0652897 0.381339 0.381339 0.381339 0.381339
 0.0451924 0.263956 0.263956 0.263956 0.263956
 0.0818723 0.478193 0.478193 0.478193 0.478193
 0.0748907 0.437416 0.437416 0.437416 0.437416
 0.121213 0.707973 0.707973 0.707973 0.707973
 0.213321 1.24595 1.24595 1.24595 1.24595
 0.212392 1.24053 1.24053 1.24053 1.24053
 0.086144 0.503143 0.503143 0.503143 0.503143
 0.0623048 0.363905 0.363905 0.363905 0.363905
 0.0436334 0.25485 0.25485 0.25485 0.25485
 0.0382979 0.223687 0.223687 0.223687 0.223687
 0.0411876 0.240565 0.240565 0.240565 0.240565
 0.0175956 0.102771 0.102771 0.102771 0.102771
 0.02276 0.132935 0.132935 0.132935 0.132935
 0.027887 0.16288 0.16288 0.16288 0.16288
 0.0273671 0.159844 0.159844 0.159844 0.159844
 0.0266696 0.15577 0.15577 0.15577 0.15577
YTP_r0W_actual
 5732.87 109173 63108.4 20239.8 11240.3
YTP_p0W_proyectada
 38812.5 134759 303166 152405 63892.6
 38812.5 171609 35713.1 71886.6 37404.2
CTP_r0_actual
 511.863 4962.42 1912.38 492.452 262.623
CTP_p0_proyectada
 4566.18 6297.17 9716.85 3744.6 1374.03
 4566.18 8019.11 1144.65 1766.26 804.391
Wmedp
 8.5 21.4 31.2 40.7 46.5
nmprior
 10.6 11 7 0
nm_flota  nm_reclas  nm_pelaces    nm_pelaL
inf 16.5091 20.0171 49.1838
cv_recla  cv_pelaces  cv_mph
0.755659 0.699593 1.03551
 ------------------------------------------------
Talla a la edad & desviaci?n 
 7.2 14.2025 17.0495 18.207 18.6776
 1.08 2.13037 2.55742 2.73105 2.80164
