years
 1997 1998 1999 2000 2001 2002 2003 2004 2005 2006 2007 2008 2009 2010 2011 2012 2013 2014 2015 2016 2017 2018 2019 2020 2021
reclasobs
 0 0 0 370054 412103 1.49427e+06 250295 1.28982e+06 931140 785840 897777 1.04006e+06 184774 17550 25797 100020 73551 82996 120727 218422 84188 347160 605670 569463 516374
reclaspred
 1.30262e+06 237471 534322 256776 337543 432184 888157 709751 977647 1.17435e+06 1.14166e+06 777642 447612 205151 134036 128749 148168 201236 211357 279381 455293 451383 726359 822599 935869
pelacesobs
 0 0 0 0 0 0 0 0 0 2.06254e+06 1.5e+06 0 1.87456e+06 323000 250000 174000 83755 137374 0 501740 490994 745055 786931 1.00524e+06 1.33801e+06
pelacespred
 698214 248546 175227 178240 199645 192570 457077 441965 555270 692586 589300 416018 237662 87492.5 56475.1 61924.8 74580.7 102226 113098 143834 257959 267449 326421 440006 482309
mphobs
 0 0 0 0 0 112323 0 153150 637223 0 255016 313432 73983 77613 109348 50772 0 0 0 0 0 0 0 0 0
mphpred
 927880 464109 355311 284489 241514 394266 527738 724071 743517 984477 1.14399e+06 823765 496963 265735 124990 108134 118008 155833 187374 204799 328098 426593 507477 670468 826864
desembarqueobs
 350755 77701 442110 56441 14545 235359 269955 359681 431902 328805 639364 411747 362871 311530 167758 66681 60226 58785 57116 73181 50977 67692 138656 160484 209506
desembarquepred
 350744 77691.4 441970 56438.3 14544.8 235367 269945 359523 431750 328693 639122 411721 362768 311520 167646 66676.5 60234.7 58777.4 57102.5 73160.6 50972.2 67676.4 138631 160462 209481
Reclutas
 35034.3 39429.2 17365.7 20871 48703.5 33639.7 72169.2 80908.6 131044 148759 71719.9 38241.3 47461.4 28309.9 19705.1 16206.6 13378.5 14319.8 14456.8 29094.5 40891.1 42713.5 67071.7 72089 22166.1
log_desv_Rt
 -0.0559171 0.0622628 -0.757746 -0.573883 0.273507 -0.0965391 0.666769 0.781076 1.26329 1.39008 0.660524 0.0316712 0.247672 -0.269032 -0.631368 -0.826828 -1.0186 -0.950599 -0.941083 -0.241696 0.0986687 0.142269 0.593518 0.665657 -0.513679
SSB
 927880 464109 355311 284489 241514 394266 527738 724071 743517 984477 1.14399e+06 823765 496963 265735 124990 108134 118008 155833 187374 204799 328098 426593 507477 670468 826864
BT
 2.03593e+06 607408 670469 436077 496422 566066 1.4695e+06 1.42762e+06 1.86524e+06 1.96248e+06 1.82018e+06 1.22966e+06 888614 485635 283930 195315 223877 280416 284952 400037 664778 599690 788452 1.08583e+06 1.11323e+06
Ftot
 0.259635 0.314442 0.762242 0.212695 0.0421389 0.514342 0.293079 0.481952 0.422548 0.270179 0.528297 0.500396 0.750629 1.31709 1.12222 0.491459 0.389017 0.281486 0.260557 0.253017 0.109082 0.145691 0.18501 0.189079 0.216338
BD_Bspro_t
 0.961978 0.769847 0.626301 0.393579 0.486262 0.666275 0.583983 0.623573 0.592804 0.606069 0.611 0.45674 0.343907 0.247795 0.148797 0.154452 0.21891 0.342172 0.443148 0.527244 0.661724 0.767291 0.769656 0.762591 0.746459
BD_Bspro
 1.21796 0.6092 0.466389 0.373427 0.317016 0.517522 0.69272 0.950431 0.975956 1.29225 1.50162 1.08129 0.652324 0.34881 0.164065 0.14194 0.1549 0.204549 0.245951 0.268824 0.430668 0.559955 0.666125 0.88007 1.08536
BD_Bo
 0.983671 0.492015 0.376675 0.301595 0.256035 0.417972 0.559469 0.767607 0.788222 1.04367 1.21277 0.873295 0.526844 0.281713 0.132506 0.114636 0.125103 0.165202 0.19864 0.217113 0.347825 0.452243 0.53799 0.710781 0.87658
BD_Brms
 4.78451 2.39313 1.83212 1.46694 1.24534 2.03299 2.72122 3.73359 3.83386 5.07634 5.89884 4.24765 2.56253 1.37023 0.644498 0.557583 0.608494 0.803533 0.966171 1.05602 1.6918 2.19968 2.61675 3.45719 4.26363
S_f
 0.5 1 1 1 1
 0.5 1 1 1 1
 0.5 1 1 1 1
 0.5 1 1 1 1
 0.5 1 1 1 1
 0.5 1 1 1 1
 0.5 1 1 1 1
 0.5 1 1 1 1
 0.5 1 1 1 1
 0.5 1 1 1 1
 0.5 1 1 1 1
 0.5 1 1 1 1
 0.5 1 1 1 1
 0.5 1 1 1 1
 0.5 1 1 1 1
 0.5 1 1 1 1
 0.5 1 1 1 1
 0.5 1 1 1 1
 0.5 1 1 1 1
 0.5 1 1 1 1
 0.5 1 1 1 1
 0.5 1 1 1 1
 0.5 1 1 1 1
 0.5 1 1 1 1
 0.5 1 1 1 1
Scru_reclas
 0.5 1 1 1 1
 0.5 1 1 1 1
 0.5 1 1 1 1
 0.5 1 1 1 1
 0.5 1 1 1 1
 0.5 1 1 1 1
 0.5 1 1 1 1
 0.5 1 1 1 1
 0.5 1 1 1 1
 0.5 1 1 1 1
 0.5 1 1 1 1
 0.5 1 1 1 1
 0.5 1 1 1 1
 0.5 1 1 1 1
 0.5 1 1 1 1
 0.5 1 1 1 1
 0.5 1 1 1 1
 0.5 1 1 1 1
 0.5 1 1 1 1
 0.5 1 1 1 1
 0.5 1 1 1 1
 0.5 1 1 1 1
 0.5 1 1 1 1
 0.5 1 1 1 1
 0.5 1 1 1 1
Scru_pelaces
 0.5 1 1 1 1
 0.5 1 1 1 1
 0.5 1 1 1 1
 0.5 1 1 1 1
 0.5 1 1 1 1
 0.5 1 1 1 1
 0.5 1 1 1 1
 0.5 1 1 1 1
 0.5 1 1 1 1
 0.5 1 1 1 1
 0.5 1 1 1 1
 0.5 1 1 1 1
 0.5 1 1 1 1
 0.5 1 1 1 1
 0.5 1 1 1 1
 0.5 1 1 1 1
 0.5 1 1 1 1
 0.5 1 1 1 1
 0.5 1 1 1 1
 0.5 1 1 1 1
 0.5 1 1 1 1
 0.5 1 1 1 1
 0.5 1 1 1 1
 0.5 1 1 1 1
 0.5 1 1 1 1
pf_obs 
 0.256992 0.487395 0.22802 0.0275931 0
 0.321318 0.546541 0.124235 0.00734118 0.000564706
 0.182869 0.594174 0.210203 0.0122559 0.00049798
 0.330522 0.361315 0.267642 0.0388342 0.00168674
 0.649043 0.306663 0.0425973 0.00169635 0
 0.582887 0.30429 0.105238 0.00758474 0
 0.465427 0.430635 0.0974691 0.00646863 0
 0.296916 0.608066 0.0921331 0.00288517 0
 0.311714 0.524322 0.152257 0.0117073 0
 0.15457 0.633149 0.183074 0.0267441 0.00246327
 0.131901 0.49318 0.331252 0.0422183 0.00144891
 0.196976 0.569456 0.194076 0.0375587 0.00193317
 0.518974 0.381816 0.0799577 0.0180837 0.00116848
 0.0928022 0.601141 0.25162 0.0475244 0.00691264
 0.122501 0.610282 0.24278 0.0234846 0.000952079
 0.383417 0.481906 0.127806 0.00687128 0
 0.0376549 0.599619 0.316969 0.0457579 0
 0.0361596 0.667082 0.258105 0.0386534 0
 0.158088 0.579412 0.248529 0.0139706 0
 0.0477256 0.309471 0.559284 0.082774 0.000745712
 0.0406174 0.521527 0.379366 0.0568643 0.0016247
 0.151134 0.462217 0.34131 0.0453401 0
 0.294876 0.26143 0.354403 0.0886775 0.000613685
 0.281977 0.475581 0.204845 0.0348837 0.00271318
 0.0841818 0.532909 0.334909 0.0458182 0.00218182
pf_pred 
 0.355049 0.447106 0.176157 0.0216841 4.66858e-06
 0.427988 0.310356 0.18139 0.0714666 0.0087991
 0.272669 0.45167 0.149565 0.0874149 0.0386813
 0.473741 0.255488 0.168148 0.0556802 0.0469431
 0.633986 0.240369 0.0609981 0.0401455 0.0245015
 0.380523 0.481981 0.0902964 0.0229144 0.0242851
 0.63625 0.214019 0.116498 0.0218252 0.0114084
 0.533447 0.369479 0.0571154 0.0310898 0.00886907
 0.621581 0.274289 0.082464 0.0127476 0.00891842
 0.540939 0.36172 0.0705558 0.0212123 0.00557318
 0.307805 0.497035 0.153778 0.0299953 0.0113873
 0.28316 0.365314 0.252416 0.0780948 0.0210159
 0.470985 0.252797 0.140765 0.0972625 0.03819
 0.434435 0.390599 0.0836103 0.0465568 0.0447997
 0.539307 0.322458 0.0954702 0.0204361 0.0223294
 0.552491 0.343966 0.0724738 0.0214574 0.00961173
 0.460516 0.399452 0.107632 0.0226781 0.00972196
 0.477124 0.343294 0.132969 0.0358283 0.0107853
 0.451064 0.364655 0.120989 0.0468632 0.0164284
 0.608935 0.249934 0.0937526 0.0311063 0.0162722
 0.558766 0.339764 0.0648501 0.0243259 0.0122933
 0.453238 0.395385 0.116565 0.0222485 0.0125631
 0.528508 0.298643 0.124994 0.0368497 0.011005
 0.464886 0.375997 0.100784 0.0421821 0.0161497
 0.187429 0.525809 0.201493 0.0540093 0.0312594
pobs_RECLAS
 0 0 0 0 0
 0 0 0 0 0
 0 0 0 0 0
 0 0 0 0 0
 0.835266 0.146461 0.0176864 0.000547809 3.91292e-05
 0.385257 0.428462 0.181853 0.0044286 0
 0.867414 0.0963971 0.0333333 0.00285562 0
 0.441836 0.489002 0.0689373 0.000224442 0
 0.779404 0.147425 0.0564933 0.0165055 0.000172143
 0.814271 0.122319 0.05973 0.00367925 0
 0.40263 0.566651 0.0304383 0.000280538 0
 0.475488 0.404961 0.113038 0.00651328 0
 0.955842 0.0263864 0.0167828 0.000988607 0
 0.975058 0.0227948 0.00214734 0 0
 0.738997 0.206755 0.0527124 0.00153531 0
 0.850938 0.134255 0.0134407 0.00136685 0
 0.542534 0.407297 0.0501686 0 0
 0.764087 0.199537 0.0359546 0.000420521 0
 0.470689 0.182191 0.310203 0.0369168 0
 0.84361 0.089868 0.0606195 0.00523954 0.000663233
 0.607945 0.314616 0.071237 0.00620181 0
 0.523733 0.453247 0.0230204 0 0
 0.530135 0.295979 0.169645 0.0042399 0
 0.562478 0.366248 0.0663022 0.0049721 0
 0.250443 0.683176 0.0655157 0.000865301 0
ppred_RECLAS
 0.357239 0.445587 0.175558 0.0216104 4.65273e-06
 0.430949 0.308749 0.180451 0.0710966 0.00875355
 0.280536 0.446784 0.147948 0.0864694 0.0382629
 0.475618 0.254577 0.167548 0.0554816 0.0467757
 0.634281 0.240175 0.0609489 0.0401131 0.0244817
 0.385917 0.477784 0.0895103 0.0227149 0.0240737
 0.638809 0.212513 0.115678 0.0216716 0.0113281
 0.53865 0.365358 0.0564785 0.0307431 0.00877016
 0.625711 0.271295 0.0815638 0.0126084 0.00882107
 0.543427 0.359759 0.0701734 0.0210973 0.00554297
 0.312867 0.4934 0.152653 0.029776 0.011304
 0.287645 0.363028 0.250836 0.0776062 0.0208844
 0.48058 0.248212 0.138212 0.0954985 0.0374974
 0.45626 0.375525 0.0803838 0.0447602 0.0430709
 0.556472 0.310443 0.091913 0.0196746 0.0214974
 0.557794 0.33989 0.0716151 0.0212031 0.00949784
 0.464447 0.396541 0.106848 0.0225128 0.00965111
 0.479754 0.341567 0.1323 0.0356481 0.010731
 0.45344 0.363076 0.120466 0.0466604 0.0163573
 0.611137 0.248526 0.0932246 0.0309311 0.0161806
 0.559633 0.339097 0.0647227 0.0242781 0.0122691
 0.454443 0.394514 0.116308 0.0221994 0.0125354
 0.530101 0.297635 0.124572 0.0367253 0.0109679
 0.466517 0.374851 0.100477 0.0420535 0.0161005
 0.188601 0.52505 0.201202 0.0539314 0.0312143
pobs_PELACES
 0 0 0 0 0
 0 0 0 0 0
 0 0 0 0 0
 0 0 0 0 0
 0 0 0 0 0
 0 0 0 0 0
 0 0 0 0 0
 0 0 0 0 0
 0 0 0 0 0
 0 0 0 0 0
 0.450072 0.473896 0.0757376 0.000293798 0
 0 0 0 0 0
 0.463077 0.371075 0.160297 0.00555027 0
 0.529543 0.364841 0.0842815 0.0213345 0
 0.631943 0.363953 0.00410389 0 0
 0.735681 0.248677 0.0153453 0.000297389 0
 0.695825 0.281241 0.0229344 0 0
 0.275771 0.60734 0.115278 0.00161068 0
 0 0 0 0 0
 0.896147 0.0623911 0.0374545 0.00400742 0
 0.803859 0.145111 0.0509908 3.86294e-05 0
 0.739449 0.233085 0.0266225 0.000797448 4.60066e-05
 0.878498 0.100942 0.0204185 0.000141795 0
 0.694673 0.275183 0.0284847 0.00165964 0
 0.469039 0.446079 0.0841089 0.000773354 0
ppred_PELACES
 0.367135 0.438727 0.172856 0.0212777 4.5811e-06
 0.443715 0.301823 0.176403 0.0695016 0.00855717
 0.306606 0.430595 0.142587 0.0833361 0.0368764
 0.484377 0.250324 0.164749 0.0545549 0.0459943
 0.635893 0.239117 0.0606804 0.0399364 0.0243738
 0.406213 0.461993 0.0865518 0.0219641 0.023278
 0.64989 0.205993 0.112129 0.0210067 0.0109806
 0.558341 0.349765 0.0540679 0.0294309 0.00839584
 0.641891 0.259568 0.0780379 0.0120634 0.00843975
 0.554465 0.351062 0.0684769 0.0205873 0.00540897
 0.331905 0.479729 0.148423 0.028951 0.0109908
 0.304855 0.354258 0.244776 0.0757313 0.0203798
 0.511531 0.233422 0.129976 0.0898079 0.0352629
 0.510476 0.338081 0.0723687 0.0402971 0.0387762
 0.601573 0.278875 0.0825668 0.017674 0.0193114
 0.577691 0.324597 0.0683927 0.0202491 0.00907047
 0.480444 0.384697 0.103656 0.0218404 0.00936284
 0.491355 0.33395 0.12935 0.0348532 0.0104917
 0.464115 0.355985 0.118113 0.0457491 0.0160378
 0.621011 0.242216 0.0908575 0.0301457 0.0157697
 0.564064 0.335685 0.0640715 0.0240338 0.0121457
 0.460409 0.3902 0.115036 0.0219567 0.0123984
 0.537697 0.292823 0.122558 0.0361316 0.0107906
 0.474289 0.36939 0.0990134 0.0414409 0.015866
 0.194125 0.521476 0.199833 0.0535643 0.0310019
pobs_pel_tallas
 0 0 0 0 0 0 0 0 0 0 0 0 0 0 0 0 0 0 0 0 0 0 0 0 0 0 0 0 0 0 0 0 0 0 0 0
 0 0 0 0 0 0 0 0 0 0 0 0 0 0 0 0 0 0 0 0 0 0 0 0 0 0 0 0 0 0 0 0 0 0 0 0
 0 0 0 0 0 0 0 0 0 0 0 0 0 0 0 0 0 0 0 0 0 0 0 0 0 0 0 0 0 0 0 0 0 0 0 0
 0 0 0 0 0 0 0 0 0 0 0 0 0 0 0 0 0 0 0 0 0 0 0 0 0 0 0 0 0 0 0 0 0 0 0 0
 0 0 0 0 0 0 0 0 0 0 0 0 0 0 0 0 0 0 0 0 0 0 0 0 0 0 0 0 0 0 0 0 0 0 0 0
 0 0 0 0 0 0 0 0 0 0 0 0 0 0 0 0 0 0 0 0 0 0 0 0 0 0 0 0 0 0 0 0 0 0 0 0
 0 0 0 0 0 0 0 0 0 0 0 0 0 0 0 0 0 0 0 0 0 0 0 0 0 0 0 0 0 0 0 0 0 0 0 0
 0 0 0 0 0 0 0 0 0 0 0 0 0 0 0 0 0 0 0 0 0 0 0 0 0 0 0 0 0 0 0 0 0 0 0 0
 0 0 0 0 0 0 0 0 0 0 0 0 0 0 0 0 0 0 0 0 0 0 0 0 0 0 0 0 0 0 0 0 0 0 0 0
 0 0 0 0 0 0 0 0 0 0 0 0 0 0 0 0 0 0 0 0 0 0 0 0 0 0 0 0 0 0 0 0 0 0 0 0
 0 0 0 0 0 0 0 0 1.78061e-05 0.00172719 0.00360574 0.0105946 0.0120993 0.0124554 0.0147524 0.0171206 0.0266825 0.0428682 0.0675386 0.121331 0.153587 0.119568 0.100827 0.0573624 0.0630603 0.0341343 0.0324427 0.0444173 0.0211091 0.0280891 0.0125444 0.00206551 0 0 0 0
 0 0 0 0 0 0 0 0 0 0 0 0 0 0 0 0 0 0 0 0 0 0 0 0 0 0 0 0 0 0 0 0 0 0 0 0
 0 0 0 0 0 0 0.0133647 0.0140871 0.0187388 0.0205184 0.03894 0.0496705 0.03968 0.0493445 0.0407372 0.0367815 0.0215668 0.0243155 0.0234873 0.0199281 0.019796 0.0243948 0.0301388 0.0376714 0.0412746 0.0863199 0.0771752 0.113111 0.0741005 0.0525337 0.0229764 0.00759418 0.00175318 0 0 0
 0 0 0 0 0 0 0 0 0 0 0.00219441 0.00772107 0.0458388 0.0604681 0.0671733 0.0775358 0.0609151 0.0617685 0.073594 0.0568108 0.0755445 0.0548602 0.0670107 0.0636378 0.0643287 0.046367 0.0373049 0.0286899 0.0247887 0.0153202 0.00654259 0.00121912 0.000365735 0 0 0
 0 0 0 0 0 0 0 0 0 0 0 0 0.000112435 0.00938835 0.0111873 0.0202946 0.0414886 0.0713402 0.111592 0.104902 0.108894 0.110636 0.117776 0.105296 0.107544 0.0401394 0.0192827 0.0124803 0.00416011 0.0028671 0.000618394 0 0 0 0 0
 0 0 0 0 0 0 0 0 0 0 0.00291406 0.0102884 0.027416 0.0768956 0.0749926 0.110853 0.0956884 0.0897413 0.0766577 0.0534642 0.0500743 0.0551293 0.0594112 0.0620874 0.0668451 0.0424026 0.0208742 0.0120726 0.0048766 0.00582813 0.00118941 0.000297354 0 0 0 0
 0 0.00264628 0.0354308 0.0461629 0.0458689 0.0383711 0.0214643 0.0164657 0.0346957 0.0420465 0.0363128 0.0245516 0.0311673 0.0291091 0.0169068 0.0133784 0.00837989 0.0085269 0.0148486 0.0160247 0.0276389 0.0546898 0.0760071 0.122758 0.109233 0.0665981 0.0333725 0.0166128 0.00676272 0.00308733 0.000882094 0 0 0 0 0
 0 0 0 0 0 0 0 0.000805153 0.000690131 0.00759144 0.0133425 0.0154129 0.00931677 0.000345066 0.00356568 0.00563607 0.00851162 0.0253048 0.0502646 0.0516448 0.0657925 0.0565908 0.0611916 0.0827007 0.0866115 0.110766 0.145733 0.0935128 0.0569358 0.0249597 0.0138026 0.00621118 0.00161031 0.00115022 0 0
 0 0 0 0 0 0 0 0 0 0 0 0 0 0 0 0 0 0 0 0 0 0 0 0 0 0 0 0 0 0 0 0 0 0 0 0
 0.00147267 0.00158595 0.00478618 0.00569244 0.00954404 0.0108468 0.00647125 0.017049 0.0510054 0.094081 0.124002 0.0959785 0.0687766 0.0820023 0.061753 0.0591476 0.0492212 0.0479892 0.0443925 0.0268479 0.0217502 0.0140895 0.0121071 0.0120363 0.00920419 0.00665534 0.0049561 0.00860946 0.00930331 0.0156896 0.0114698 0.00855282 0.00243557 0.00046729 0 2.83206e-05
 0 0 0 0 0.000772559 0.00158375 0.000888443 0.00281984 0.00712685 0.0440552 0.0773331 0.111326 0.0921469 0.0852325 0.0710754 0.0886704 0.0786465 0.0553345 0.0373146 0.0185414 0.00753245 0.00457741 0.012979 0.0271748 0.0457355 0.0583668 0.034881 0.0177882 0.00938659 0.00492506 0.0015258 0.00185414 0.000309023 5.79419e-05 3.86279e-05 0
 0 0.00173294 0.00326652 0 0.00397197 0.00683976 0.00946217 0.0152591 0.00757587 0.0136028 0.0228656 0.0392903 0.0559909 0.0764795 0.0681675 0.0726916 0.0566044 0.0477403 0.0527397 0.0444891 0.0609904 0.0582453 0.0661739 0.0445044 0.0529084 0.0360697 0.0280645 0.0235558 0.0158879 0.00826598 0.00280645 0.00217768 0.000904811 0.00058276 9.20147e-05 0
 0 0 0 0 0 0 0 0 0 0 0 0 0 0 0 0 0 0 0 0 0 0 0 0 0 0 0 0 0 0 0 0 0 0 0 0
 0 0 0 0 0 0 0 0 0 0 0 0 0 0 0 0 0 0 0 0 0 0 0 0 0 0 0 0 0 0 0 0 0 0 0 0
 0 0 0 0 0 0 0 0 0 0 0 0 0 0 0 0 0 0 0 0 0 0 0 0 0 0 0 0 0 0 0 0 0 0 0 0
ppred_pel_tallas
 1.03328e-16 1.60396e-05 9.40868e-05 0.000447135 0.00172131 0.00536758 0.0135585 0.0277454 0.0460021 0.061813 0.0673531 0.0596203 0.0431368 0.0261013 0.0144014 0.00930455 0.00923324 0.0122567 0.0171415 0.0232084 0.0299221 0.0366686 0.0427445 0.0474637 0.0503002 0.0510005 0.0496294 0.0465299 0.0422192 0.0372578 0.0321358 0.0272074 0.0226783 0.0186335 0.0150831 0.0120036
 1.05391e-16 1.93733e-05 0.000113671 0.000540269 0.00207995 0.00648601 0.0163834 0.0335243 0.0555767 0.0746579 0.0812952 0.0718332 0.0516938 0.0307216 0.0159471 0.00880278 0.00728636 0.00900079 0.0124598 0.0169468 0.0220354 0.0273062 0.0322852 0.0364984 0.039562 0.041256 0.0415567 0.0406142 0.0386898 0.0360789 0.0330457 0.0297888 0.02644 0.0230838 0.0197845 0.0166054
 1.06751e-16 1.33997e-05 7.85895e-05 0.000373462 0.00143766 0.00448302 0.0113241 0.0231737 0.0384243 0.051637 0.0562816 0.0498594 0.0361604 0.0220517 0.0124778 0.00853023 0.0089266 0.0120835 0.0169848 0.0230529 0.0298008 0.0366492 0.0429271 0.0479785 0.0512992 0.0526433 0.0520639 0.0498709 0.0465276 0.0425253 0.0382771 0.0340622 0.0300233 0.0262036 0.0225979 0.0191959
 1.06444e-16 2.11441e-05 0.000124072 0.00058973 0.0022704 0.00707995 0.0178835 0.0365933 0.0606622 0.0814821 0.0887066 0.0783359 0.0562729 0.0332412 0.0168845 0.00872984 0.0065552 0.00771773 0.0105915 0.0144254 0.0188254 0.0234422 0.0278884 0.0317739 0.0347762 0.0366998 0.0375029 0.0372786 0.0362071 0.0344942 0.0323231 0.0298299 0.0271069 0.024221 0.021236 0.0182271
 1.03451e-16 2.77503e-05 0.000162858 0.000774123 0.00298037 0.00929396 0.0234759 0.0480356 0.0796272 0.106946 0.116402 0.10273 0.0736573 0.0432296 0.0214344 0.0102182 0.00659867 0.0070446 0.00937805 0.012603 0.0162379 0.0199087 0.0232329 0.0258478 0.0274807 0.0280071 0.0274728 0.0260683 0.024069 0.0217627 0.0193883 0.0171025 0.0149787 0.0130285 0.0112316 0.00956385
 1.03222e-16 1.77443e-05 0.000104093 0.000494704 0.00190445 0.00593871 0.0150011 0.0306972 0.0508953 0.0683848 0.0745056 0.0659319 0.04766 0.0287506 0.0157027 0.00989871 0.00956976 0.0125555 0.0174711 0.0235535 0.0302134 0.0367922 0.0425506 0.0467849 0.0489789 0.0489225 0.0467548 0.0429122 0.038008 0.0326814 0.0274684 0.0227281 0.0186308 0.0151956 0.0123506 0.00999003
 1.02894e-16 2.83595e-05 0.000166437 0.000791145 0.00304592 0.00949837 0.0239922 0.0490917 0.0813769 0.109293 0.118948 0.104958 0.075213 0.0440588 0.021691 0.0100854 0.00618265 0.00636878 0.00842477 0.0113559 0.0147107 0.0181606 0.0213714 0.0240177 0.0258415 0.0267021 0.0265987 0.025654 0.0240694 0.02207 0.0198558 0.0175765 0.0153271 0.0131617 0.0111116 0.00920119
 1.02286e-16 2.43732e-05 0.000143021 0.000679794 0.00261714 0.00816121 0.0206148 0.0421824 0.0699287 0.0939325 0.10227 0.0903362 0.0649414 0.0384566 0.0197033 0.0104501 0.00813546 0.00969601 0.0132147 0.0177511 0.022746 0.0276737 0.0319696 0.035102 0.0366835 0.0365602 0.0348438 0.0318715 0.0281137 0.0240587 0.0201142 0.0165511 0.0134948 0.0109546 0.00886957 0.00715387
 1.02002e-16 2.80128e-05 0.000164397 0.000781435 0.00300851 0.00938172 0.0236976 0.0484894 0.08038 0.107958 0.117508 0.103716 0.0743859 0.0437004 0.021748 0.0105004 0.00695371 0.00754665 0.0100776 0.0135288 0.0173913 0.0212554 0.0246976 0.0273159 0.0288089 0.0290409 0.0280677 0.0261106 0.0234917 0.0205535 0.0175895 0.0148039 0.0123053 0.0101252 0.00824812 0.00664006
 1.02047e-16 2.42043e-05 0.000142029 0.000675078 0.00259898 0.00810458 0.0204718 0.0418898 0.0694437 0.0932815 0.101563 0.0897139 0.0645 0.0382073 0.0195979 0.0104309 0.00816508 0.00976086 0.013316 0.0178964 0.0229441 0.0279316 0.0322905 0.0354835 0.0371162 0.0370274 0.0353219 0.032332 0.0285257 0.0243929 0.0203466 0.0166663 0.0134885 0.0108338 0.00865189 0.00686427
 1.03772e-16 1.4505e-05 8.50738e-05 0.000404279 0.00155629 0.00485295 0.0122586 0.0250861 0.0415954 0.0558992 0.060929 0.0539806 0.0391579 0.0238965 0.01355 0.00930057 0.00975723 0.0131984 0.018509 0.0250394 0.0322294 0.0394122 0.0458221 0.0507178 0.0535402 0.0540353 0.0523015 0.048742 0.0439467 0.0385436 0.0330718 0.0279079 0.0232538 0.0191715 0.0156377 0.0125955
 1.07145e-16 1.33206e-05 7.81313e-05 0.000371298 0.00142934 0.00445712 0.0112586 0.0230391 0.0381993 0.051329 0.0559312 0.049514 0.0358342 0.0217032 0.012016 0.00783549 0.00786877 0.0105378 0.0148533 0.020295 0.0264673 0.0329076 0.0390658 0.0443815 0.0483906 0.0508126 0.0515896 0.0508628 0.0489049 0.0460335 0.04254 0.0386519 0.0345325 0.0303019 0.0260648 0.0219287
 1.06655e-16 2.23274e-05 0.000131021 0.000622768 0.00239762 0.00747666 0.0188856 0.0386434 0.0640598 0.0860425 0.0936632 0.0826933 0.0593601 0.0349782 0.0176061 0.00883973 0.00631505 0.00722668 0.00985143 0.0134031 0.0174893 0.0217811 0.0259211 0.0295522 0.0323813 0.034234 0.035077 0.0349995 0.034166 0.032759 0.0309342 0.0287995 0.0264212 0.0238444 0.0211169 0.0183047
 1.04334e-16 2.22856e-05 0.000130766 0.000621535 0.00239283 0.00746172 0.018848 0.0385672 0.0639362 0.0858851 0.0935143 0.0826152 0.05942 0.035246 0.018168 0.00981596 0.0078621 0.00951979 0.0130476 0.0175908 0.0226353 0.0276882 0.0322138 0.0357011 0.0377705 0.0382568 0.0372406 0.0350104 0.0319764 0.0285647 0.0251275 0.0218944 0.018969 0.0163593 0.0140222 0.0119043
 1.02773e-16 2.62555e-05 0.000154078 0.000732375 0.00281961 0.00879263 0.0222096 0.045445 0.0753346 0.101185 0.110145 0.097238 0.0697864 0.0410918 0.0206238 0.0102476 0.00716552 0.00805361 0.0108526 0.0145982 0.0187855 0.0229864 0.0267507 0.0296492 0.0313592 0.0317341 0.0308309 0.0288815 0.0262236 0.0232145 0.0201582 0.0172632 0.0146372 0.0123085 0.0102594 0.00845624
 1.02197e-16 2.5216e-05 0.000147971 0.000703332 0.00270778 0.00844386 0.0213287 0.043643 0.0723489 0.0971802 0.105798 0.0934315 0.0671221 0.0396587 0.0201551 0.0104258 0.00780592 0.00911663 0.0123763 0.0166298 0.0213346 0.0259981 0.0300949 0.0331278 0.0347306 0.0347507 0.0332795 0.0306174 0.0271894 0.023441 0.0197478 0.0163642 0.0134148 0.0109204 0.00883827 0.0071019
 1.02785e-16 2.09781e-05 0.000123085 0.000585009 0.00225218 0.00702309 0.0177401 0.0363008 0.060181 0.0808469 0.0880446 0.0778215 0.056056 0.0334188 0.0175357 0.00997064 0.00856262 0.0107094 0.0147727 0.0199193 0.0256011 0.0312586 0.0362728 0.0400512 0.0421513 0.0423787 0.0408252 0.0378282 0.0338746 0.0294795 0.0250818 0.0209845 0.0173449 0.0142026 0.0115259 0.00925487
 1.03633e-16 2.14518e-05 0.000125871 0.000598264 0.00230323 0.0071823 0.0181422 0.0371231 0.0615426 0.0826711 0.0900181 0.0795346 0.0572219 0.033978 0.0175816 0.0096098 0.00783208 0.00957656 0.0131761 0.0178133 0.0229925 0.0282303 0.0329925 0.0367606 0.0391355 0.0399214 0.0391602 0.0370998 0.0341159 0.030614 0.026945 0.0233582 0.0199948 0.0169113 0.014116 0.0115999
 1.04114e-16 2.02649e-05 0.000118901 0.000565121 0.00217562 0.00678434 0.017137 0.0350666 0.0581346 0.0780967 0.0850469 0.0751655 0.054129 0.0322426 0.0168696 0.00951755 0.00809763 0.0100987 0.0139474 0.018856 0.0243208 0.0298325 0.0348251 0.0387508 0.0411916 0.0419494 0.0410799 0.0388582 0.0356927 0.0320186 0.0282073 0.0245159 0.0210815 0.0179488 0.0151109 0.0125458
 1.03142e-16 2.71016e-05 0.000159049 0.000756015 0.00291064 0.00907652 0.0229267 0.0469119 0.0777648 0.104446 0.113683 0.100337 0.071956 0.0422601 0.0210084 0.0101076 0.00665227 0.00720026 0.00962909 0.0129668 0.0167383 0.0205678 0.0240653 0.0268562 0.0286527 0.0293133 0.0288668 0.0274896 0.0254483 0.0230291 0.0204774 0.0179645 0.0155847 0.0133733 0.0113336 0.00946051
 1.02413e-16 2.46222e-05 0.000144484 0.000686753 0.00264394 0.00824478 0.0208259 0.0426142 0.070644 0.0948919 0.103311 0.091246 0.0655751 0.038791 0.0197997 0.0103812 0.00794124 0.00938173 0.012768 0.0171596 0.0220101 0.0268138 0.0310289 0.0341432 0.0357807 0.0357867 0.0342595 0.0315126 0.0279874 0.0241446 0.0203707 0.0169249 0.0139309 0.0114041 0.00929526 0.00753158
 1.03094e-16 2.01047e-05 0.000117957 0.000560628 0.00215831 0.00673035 0.0170006 0.0347879 0.0576735 0.0774805 0.0843842 0.0745994 0.0537641 0.0321109 0.0169568 0.00981166 0.00861619 0.0108861 0.0150553 0.0203201 0.0261395 0.0319508 0.0371275 0.0410677 0.043319 0.0436782 0.0422297 0.039306 0.0353908 0.0309977 0.0265659 0.0224002 0.0186616 0.0153956 0.012578 0.0101571
 1.03581e-16 2.34709e-05 0.000137728 0.000654643 0.00252032 0.0078593 0.0198522 0.0406216 0.0673401 0.0904522 0.098473 0.0869625 0.0624741 0.0369119 0.0187601 0.00971094 0.00729016 0.00854984 0.011662 0.0157598 0.0203648 0.0250447 0.029331 0.0327681 0.0350025 0.0358559 0.0353554 0.0337062 0.0312251 0.0282556 0.0250961 0.0219598 0.0189703 0.0161817 0.0136095 0.0112573
 1.03692e-16 2.0709e-05 0.000121507 0.00057751 0.00222331 0.00693308 0.0175127 0.0358354 0.0594092 0.0798093 0.0869125 0.0768157 0.0553204 0.032958 0.0172537 0.00974793 0.00830473 0.0103548 0.0142842 0.0192793 0.0248137 0.0303546 0.0353127 0.0391226 0.0413595 0.0418333 0.040623 0.0380386 0.0345291 0.0305678 0.0265549 0.0227625 0.0193282 0.0162845 0.0136033 0.0112378
 1.06296e-16 8.4989e-06 4.98085e-05 0.000236615 0.000910725 0.00283978 0.00717359 0.014682 0.0243521 0.0327494 0.0357572 0.0318245 0.0234011 0.0149098 0.00958138 0.00822665 0.010154 0.0144515 0.020498 0.0278437 0.0359711 0.0441877 0.0516737 0.0576234 0.0614156 0.0627454 0.0616767 0.0585929 0.0540746 0.0487462 0.0431455 0.0376512 0.0324743 0.0276961 0.0233256 0.0193497
pSPR Fmed_Fpbrs
0.560407   0.255595 0.255595
Fs Fmed_Fpbrs
0.32397   1.005 1.005
SSBpbr Bo_Bmed_Bpbrs
943283  481458  193934 193934
Ro
37049.1
SPR SPRFo_SPRFmed_SPRFpbrs
761834 426937 194721
log_Ro
10.34
likeval ReclasPelacesDesembMPH_pf_preclas_ppelaces_ptallas_desvR_qrecl_qpela
 103.752 94.1072 0.00767352 0.000646618 344.448 205.205 81.7807 0 15.5629 0 0 0 0 0 0
q_reclas_q_pelaces
1 1
M
0.7
N
 35034.3 23314.5 9185.77 1130.73 0.243445
 39429.2 15279.5 8930.23 3518.45 433.198
 17365.7 16731.4 5540.41 3238.15 1432.89
 20871 5890.72 3876.93 1283.8 1082.35
 48703.5 9318.62 2364.77 1556.36 949.872
 33639.7 23681.2 4436.54 1125.86 1193.2
 72169.2 12916.9 7031.08 1317.23 688.541
 80908.6 30953.1 4784.85 2604.55 743.008
 131044 31574.3 9492.69 1467.42 1026.63
 148759 52681.4 10275.8 3089.39 811.685
 71719.9 64536.9 19967.1 3894.7 1478.57
 38241.3 27347.4 18895.8 5846.17 1573.25
 47461.4 14786.6 8233.61 5689.06 2233.8
 28309.9 16193.4 3466.3 1930.15 1857.3
 19705.1 7276.62 2154.39 461.163 503.888
 16206.6 5583.24 1176.39 348.295 156.017
 13378.5 6294.57 1696.06 357.362 153.199
 14319.8 5469.24 2118.42 570.805 171.828
 14456.8 6177.43 2049.62 793.886 278.305
 29094.5 6302.1 2363.98 784.348 410.306
 40891.1 12731 2429.94 911.494 460.63
 42713.5 19228.1 5668.69 1081.97 610.961
 67071.7 19720.7 8253.86 2433.34 726.709
 72089 30364 8138.93 3406.45 1304.19
 22166.1 32569 12480.6 3345.38 1936.23
pred_Ctot
 3090.47 3891.77 1533.33 188.746 0.040637
 4162.96 3018.77 1764.35 695.141 85.5871
 4045.22 6700.81 2218.9 1296.86 573.862
 1523.62 821.687 540.788 179.076 150.976
 731.145 277.206 70.3462 46.2979 28.2563
 5567.76 7052.27 1321.2 335.28 355.336
 7134.68 2399.94 1306.36 244.74 127.93
 12634.1 8750.7 1352.72 736.328 210.054
 18168.1 8017.15 2410.32 372.597 260.675
 13624.3 9110.39 1777.04 534.26 140.368
 12156.8 19630.5 6073.46 1184.67 449.742
 6175.9 7967.74 5505.35 1703.3 458.37
 10913.4 5857.67 3261.73 2253.71 884.917
 10195.8 9166.98 1962.26 1092.64 1051.41
 6283.27 3756.84 1112.29 238.093 260.152
 2575.44 1603.4 337.837 100.024 44.8052
 1719.85 1491.8 401.963 84.6939 36.3078
 1363.06 980.732 379.87 102.356 30.8117
 1279.54 1034.42 343.212 132.938 46.6026
 2504.65 1028.02 385.62 127.946 66.9305
 1565.89 952.156 181.736 68.1709 34.4507
 2167.21 1890.58 557.368 106.384 60.072
 4284.69 2421.15 1013.34 298.746 89.2194
 4702.34 3803.22 1019.44 426.673 163.355
 1644.59 4613.68 1767.99 473.902 274.284
F
 0.129818 0.259635 0.259635 0.259635 0.259635
 0.157221 0.314442 0.314442 0.314442 0.314442
 0.381121 0.762242 0.762242 0.762242 0.762242
 0.106347 0.212695 0.212695 0.212695 0.212695
 0.0210694 0.0421389 0.0421389 0.0421389 0.0421389
 0.257171 0.514342 0.514342 0.514342 0.514342
 0.14654 0.293079 0.293079 0.293079 0.293079
 0.240976 0.481952 0.481952 0.481952 0.481952
 0.211274 0.422548 0.422548 0.422548 0.422548
 0.135089 0.270179 0.270179 0.270179 0.270179
 0.264148 0.528297 0.528297 0.528297 0.528297
 0.250198 0.500396 0.500396 0.500396 0.500396
 0.375315 0.750629 0.750629 0.750629 0.750629
 0.658547 1.31709 1.31709 1.31709 1.31709
 0.561108 1.12222 1.12222 1.12222 1.12222
 0.245729 0.491459 0.491459 0.491459 0.491459
 0.194509 0.389017 0.389017 0.389017 0.389017
 0.140743 0.281486 0.281486 0.281486 0.281486
 0.130278 0.260557 0.260557 0.260557 0.260557
 0.126508 0.253017 0.253017 0.253017 0.253017
 0.0545411 0.109082 0.109082 0.109082 0.109082
 0.0728456 0.145691 0.145691 0.145691 0.145691
 0.0925048 0.18501 0.18501 0.18501 0.18501
 0.0945395 0.189079 0.189079 0.189079 0.189079
 0.108169 0.216338 0.216338 0.216338 0.216338
YTP_r0W_actual
 18419.4 101501 58343.7 19477.4 11739.4
YTP_p0W_proyectada
 79534.9 101961 196026 97991.1 42012.2
 79534.9 99255.5 27021.2 46481.7 24049.5
CTP_r0_actual
 1644.59 4613.68 1767.99 473.902 274.284
CTP_p0_proyectada
 9357.05 4764.55 6282.9 2407.64 903.488
 9357.05 4638.11 866.064 1142.06 517.194
Wmedp
 8.5 21.4 31.2 40.7 46.5
nmprior
 10.6 11 7 0
nm_flota  nm_reclas  nm_pelaces    nm_pelaL
inf 14.8191 12.3381 26.2194
cv_recla  cv_pelaces  cv_mph
0.921347 1.09998 0.825016
 ------------------------------------------------
Talla a la edad & desviaci?n 
 7.2 14.2025 17.0495 18.207 18.6776
 1.08 2.13037 2.55742 2.73105 2.80164
