years
 1997 1998 1999 2000 2001 2002 2003 2004 2005 2006 2007 2008 2009 2010 2011 2012 2013 2014 2015 2016 2017 2018 2019 2020 2021
reclasobs
 0 0 0 370054 412103 1.49427e+06 250295 1.28982e+06 931140 785840 897777 1.04006e+06 184774 17550 25797 100020 73551 82996 120727 218422 84188 347160 605670 569463 516374
reclaspred
 4.2936e+06 670389 838609 189381 246879 341004 679197 611062 656533 913174 1.00644e+06 678368 360154 142403 79318.4 81470.4 92474.9 112461 121792 137824 222833 240163 387798 380887 284484
pelacesobs
 0 0 0 0 0 0 0 0 0 2.06254e+06 1.5e+06 0 1.87456e+06 323000 250000 174000 83755 137374 0 501740 490994 745055 786931 1.00524e+06 0
pelacespred
 5.25947e+06 1.83061e+06 494011 287905 680751 419105 2.13927e+06 1.54383e+06 1.66796e+06 2.49474e+06 1.77935e+06 1.25155e+06 876668 289767 174328 156131 174261 220089 207027 250783 514354 421515 521855 610174 286421
mphobs
 0 0 0 0 0 112323 0 153150 637223 0 255016 313432 73983 77613 109348 50772 0 0 0 0 0 0 0 0 0
mphpred
 1.01343e+06 431994 192226 73281 51657.8 146919 162089 286731 258048 300384 443284 275715 167254 96603.2 44524 33787.9 34108 38516.4 44642.4 45507 65955.9 87914.8 105427 128291 127116
desembarqueobs
 350755 77701 442110 56441 14545 235359 269955 359681 431902 328805 639364 411747 362871 311530 167758 66681 60226 58785 57116 71774 51957 67425 138520 160799 200461
desembarquepred
 350743 77678.8 441549 56414.7 14543.2 235184 269875 359097 431392 328505 638106 411014 362105 310922 167183 66589 60176.1 58689.2 57024.7 71687.1 51937 67352.6 138401 160682 200374
Reclutas
 10731.7 16364.3 2152.01 5905.08 41163.3 13906.5 63739.3 57957.4 68980.4 129766 55107.7 46926.9 55394.8 29090 13178 10790.2 7157.19 8087.61 8192.4 11120 16639.6 20377.2 28414.3 26154.3 758.941
log_desv_Rt
 -0.519046 -0.0971436 -2.12584 -1.11643 0.825302 -0.259892 1.26256 1.16746 1.34158 1.97349 1.11705 0.956347 1.12224 0.478149 -0.313694 -0.513606 -0.924128 -0.801911 -0.789038 -0.483497 -0.0804565 0.122172 0.454646 0.371771 -3.16808
SSB
 1.48041e+06 631053 280802 107048 75461.3 214618 236778 418855 376955 438798 647546 402763 244323 141117 65040.4 49357.2 49824.7 56264.5 65213.3 66476.3 96347.9 128425 154007 187406 185691
BT
 1.99399e+06 767398 409430 166093 276191 325925 1.05506e+06 960355 1.03393e+06 1.26524e+06 1.19891e+06 833199 682445 390691 200414 112919 112493 129868 122155 149931 234832 210920 280255 349799 257549
Ftot
 0.20881 0.323425 1.32554 0.847624 0.242867 1.60685 1.44321 1.72194 1.95595 1.22112 1.58883 1.59464 2.81228 4.81294 4.95303 2.22317 1.78228 1.49235 1.26156 1.4754 0.703996 0.775349 0.965622 1.14224 1.55776
BD_Bspro_t
 0.973563 0.815004 0.567547 0.21301 0.27433 0.567011 0.414752 0.497193 0.420296 0.414916 0.473132 0.295685 0.205211 0.143919 0.0808625 0.0754055 0.103983 0.158802 0.221233 0.27135 0.381996 0.514712 0.517682 0.488546 0.391426
BD_Bspro
 3.98316 1.6979 0.755522 0.288022 0.203035 0.577446 0.637071 1.12696 1.01423 1.18062 1.74227 1.08367 0.657371 0.379687 0.174996 0.132799 0.134057 0.151384 0.175462 0.17886 0.259232 0.345539 0.414369 0.504231 0.499615
BD_Bo
 1.71992 0.73315 0.326233 0.124367 0.08767 0.24934 0.275086 0.48662 0.437941 0.50979 0.75231 0.467925 0.283851 0.163948 0.0755631 0.0573425 0.0578857 0.0653674 0.0757639 0.0772313 0.111936 0.149203 0.178924 0.217726 0.215733
BD_Brms
 4.73386 2.0179 0.897914 0.342305 0.2413 0.686276 0.757139 1.33936 1.20538 1.40313 2.07064 1.2879 0.781264 0.451246 0.207978 0.157828 0.159323 0.179915 0.208531 0.212569 0.308089 0.410662 0.492465 0.599262 0.593777
S_f
 0.0876922 0.709062 0.984075 0.999362 0.999975
 0.0876922 0.709062 0.984075 0.999362 0.999975
 0.0876922 0.709062 0.984075 0.999362 0.999975
 0.0876922 0.709062 0.984075 0.999362 0.999975
 0.0876922 0.709062 0.984075 0.999362 0.999975
 0.0876922 0.709062 0.984075 0.999362 0.999975
 0.0876922 0.709062 0.984075 0.999362 0.999975
 0.0876922 0.709062 0.984075 0.999362 0.999975
 0.0876922 0.709062 0.984075 0.999362 0.999975
 0.0876922 0.709062 0.984075 0.999362 0.999975
 0.0876922 0.709062 0.984075 0.999362 0.999975
 0.0876922 0.709062 0.984075 0.999362 0.999975
 0.0876922 0.709062 0.984075 0.999362 0.999975
 0.0876922 0.709062 0.984075 0.999362 0.999975
 0.0876922 0.709062 0.984075 0.999362 0.999975
 0.0876922 0.709062 0.984075 0.999362 0.999975
 0.0876922 0.709062 0.984075 0.999362 0.999975
 0.0876922 0.709062 0.984075 0.999362 0.999975
 0.0876922 0.709062 0.984075 0.999362 0.999975
 0.0876922 0.709062 0.984075 0.999362 0.999975
 0.0876922 0.709062 0.984075 0.999362 0.999975
 0.0876922 0.709062 0.984075 0.999362 0.999975
 0.0876922 0.709062 0.984075 0.999362 0.999975
 0.0876922 0.709062 0.984075 0.999362 0.999975
 0.0876922 0.709062 0.984075 0.999362 0.999975
Scru_reclas
 0.194668 0.54884 0.859594 0.968564 0.993592
 0.194668 0.54884 0.859594 0.968564 0.993592
 0.194668 0.54884 0.859594 0.968564 0.993592
 0.194668 0.54884 0.859594 0.968564 0.993592
 0.194668 0.54884 0.859594 0.968564 0.993592
 0.194668 0.54884 0.859594 0.968564 0.993592
 0.194668 0.54884 0.859594 0.968564 0.993592
 0.194668 0.54884 0.859594 0.968564 0.993592
 0.194668 0.54884 0.859594 0.968564 0.993592
 0.194668 0.54884 0.859594 0.968564 0.993592
 0.194668 0.54884 0.859594 0.968564 0.993592
 0.194668 0.54884 0.859594 0.968564 0.993592
 0.194668 0.54884 0.859594 0.968564 0.993592
 0.194668 0.54884 0.859594 0.968564 0.993592
 0.194668 0.54884 0.859594 0.968564 0.993592
 0.194668 0.54884 0.859594 0.968564 0.993592
 0.194668 0.54884 0.859594 0.968564 0.993592
 0.194668 0.54884 0.859594 0.968564 0.993592
 0.194668 0.54884 0.859594 0.968564 0.993592
 0.194668 0.54884 0.859594 0.968564 0.993592
 0.194668 0.54884 0.859594 0.968564 0.993592
 0.194668 0.54884 0.859594 0.968564 0.993592
 0.194668 0.54884 0.859594 0.968564 0.993592
 0.194668 0.54884 0.859594 0.968564 0.993592
 0.194668 0.54884 0.859594 0.968564 0.993592
Scru_pelaces
 0.800343 1 1 1 1
 0.800343 1 1 1 1
 0.800343 1 1 1 1
 0.800343 1 1 1 1
 0.800343 1 1 1 1
 0.800343 1 1 1 1
 0.800343 1 1 1 1
 0.800343 1 1 1 1
 0.800343 1 1 1 1
 0.800343 1 1 1 1
 0.800343 1 1 1 1
 0.800343 1 1 1 1
 0.800343 1 1 1 1
 0.800343 1 1 1 1
 0.800343 1 1 1 1
 0.800343 1 1 1 1
 0.800343 1 1 1 1
 0.800343 1 1 1 1
 0.800343 1 1 1 1
 0.800343 1 1 1 1
 0.800343 1 1 1 1
 0.800343 1 1 1 1
 0.800343 1 1 1 1
 0.800343 1 1 1 1
 0.800343 1 1 1 1
pf_obs 
 0.256992 0.487395 0.22802 0.0275931 0
 0.321318 0.546541 0.124235 0.00734118 0.000564706
 0.182869 0.594174 0.210203 0.0122559 0.00049798
 0.330522 0.361315 0.267642 0.0388342 0.00168674
 0.649043 0.306663 0.0425973 0.00169635 0
 0.582887 0.30429 0.105238 0.00758474 0
 0.465427 0.430635 0.0974691 0.00646863 0
 0.296916 0.608066 0.0921331 0.00288517 0
 0.311714 0.524322 0.152257 0.0117073 0
 0.15457 0.633149 0.183074 0.0267441 0.00246327
 0.131901 0.49318 0.331252 0.0422183 0.00144891
 0.196976 0.569456 0.194076 0.0375587 0.00193317
 0.518974 0.381816 0.0799577 0.0180837 0.00116848
 0.0928022 0.601141 0.25162 0.0475244 0.00691264
 0.122501 0.610282 0.24278 0.0234846 0.000952079
 0.383417 0.481906 0.127806 0.00687128 0
 0.0376549 0.599619 0.316969 0.0457579 0
 0.0361596 0.667082 0.258105 0.0386534 0
 0.158088 0.579412 0.248529 0.0139706 0
 0.0477256 0.309471 0.559284 0.082774 0.000745712
 0.0406174 0.521527 0.379366 0.0568643 0.0016247
 0.151134 0.462217 0.34131 0.0453401 0
 0.294876 0.26143 0.354403 0.0886775 0.000613685
 0.281977 0.475581 0.204845 0.0348837 0.00271318
 0 0 0 0 0
pf_pred 
 0.0206467 0.64432 0.296398 0.0386329 2.40208e-06
 0.0528891 0.125378 0.601241 0.195439 0.0250529
 0.0167303 0.357052 0.113827 0.376711 0.13568
 0.158826 0.166271 0.339734 0.0623634 0.272806
 0.578578 0.289768 0.0371914 0.0481105 0.0463521
 0.104504 0.822139 0.0558513 0.00500793 0.0124977
 0.528832 0.281901 0.180593 0.00665523 0.00201902
 0.26822 0.68867 0.0313359 0.0112503 0.000524355
 0.313714 0.572288 0.110377 0.00265544 0.000965203
 0.397744 0.526504 0.068845 0.00669531 0.000211789
 0.132545 0.764276 0.0951745 0.00729312 0.000712007
 0.193135 0.537089 0.251353 0.0170341 0.00138813
 0.332417 0.526346 0.11107 0.0281674 0.00199983
 0.281186 0.668571 0.0452776 0.00394397 0.00102154
 0.297238 0.675655 0.0266084 0.000452308 4.59555e-05
 0.336958 0.638466 0.0243382 0.000232805 4.03242e-06
 0.215933 0.700898 0.0816782 0.00147758 1.38226e-05
 0.273624 0.576364 0.141255 0.00860577 0.000151907
 0.245953 0.623975 0.113659 0.0154812 0.000931134
 0.300193 0.553048 0.130939 0.0138723 0.00194831
 0.299262 0.587246 0.0988695 0.0130875 0.00153429
 0.237936 0.599837 0.144218 0.0157315 0.00227666
 0.261091 0.548746 0.162199 0.0249211 0.00304272
 0.207146 0.622391 0.140543 0.0256111 0.00430865
 0.00865132 0.740049 0.216217 0.0290584 0.00602421
pobs_RECLAS
 0 0 0 0 0
 0 0 0 0 0
 0 0 0 0 0
 0 0 0 0 0
 0.835266 0.146461 0.0176864 0.000547809 3.91292e-05
 0.385257 0.428462 0.181853 0.0044286 0
 0.867414 0.0963971 0.0333333 0.00285562 0
 0.441836 0.489002 0.0689373 0.000224442 0
 0.779404 0.147425 0.0564933 0.0165055 0.000172143
 0.814271 0.122319 0.05973 0.00367925 0
 0.40263 0.566651 0.0304383 0.000280538 0
 0.475488 0.404961 0.113038 0.00651328 0
 0.955842 0.0263864 0.0167828 0.000988607 0
 0.975058 0.0227948 0.00214734 0 0
 0.738997 0.206755 0.0527124 0.00153531 0
 0.850938 0.134255 0.0134407 0.00136685 0
 0.542534 0.407297 0.0501686 0 0
 0.764087 0.199537 0.0359546 0.000420521 0
 0.470689 0.182191 0.310203 0.0369168 0
 0.84361 0.089868 0.0606195 0.00523954 0.000663233
 0.607945 0.314616 0.071237 0.00620181 0
 0.523733 0.453247 0.0230204 0 0
 0.530135 0.295979 0.169645 0.0042399 0
 0.562478 0.366248 0.0663022 0.0049721 0
 0.250443 0.683176 0.0655157 0.000865301 0
ppred_RECLAS
 0.0550192 0.593678 0.306924 0.044376 2.82871e-06
 0.125263 0.102128 0.54877 0.19784 0.0259996
 0.0456127 0.312689 0.106742 0.390707 0.14425
 0.332576 0.116092 0.260647 0.0530016 0.237684
 0.788084 0.136264 0.019639 0.0281794 0.0278336
 0.270245 0.665481 0.0475242 0.00470761 0.0120423
 0.774605 0.131253 0.0893693 0.00364087 0.00113222
 0.541143 0.429984 0.0203993 0.00808688 0.000386341
 0.601091 0.331113 0.0654137 0.00173578 0.000646676
 0.66838 0.286733 0.0403993 0.00434704 0.000140958
 0.326041 0.589497 0.0772657 0.00654143 0.00065461
 0.428191 0.373165 0.183738 0.0137567 0.00114912
 0.648319 0.27906 0.0559179 0.0155694 0.00113278
 0.669357 0.312623 0.0160972 0.00151938 0.000403079
 0.690604 0.300374 0.00884163 0.000162699 1.69306e-05
 0.634308 0.352098 0.0134501 0.000141714 2.51579e-06
 0.471353 0.470576 0.0569229 0.00113672 1.08998e-05
 0.54011 0.360008 0.0934741 0.00629429 0.000113889
 0.498625 0.408575 0.0800019 0.0120548 0.000743236
 0.571379 0.333622 0.0837761 0.00981068 0.00141239
 0.554393 0.366223 0.06818 0.0100015 0.00120201
 0.476259 0.402308 0.106633 0.0128877 0.00191201
 0.509605 0.354134 0.114367 0.0194586 0.00243549
 0.439327 0.430555 0.105234 0.0212236 0.00366016
 0.0265352 0.713862 0.219991 0.0326691 0.00694236
pobs_PELACES
 0 0 0 0 0
 0 0 0 0 0
 0 0 0 0 0
 0 0 0 0 0
 0 0 0 0 0
 0 0 0 0 0
 0 0 0 0 0
 0 0 0 0 0
 0 0 0 0 0
 0 0 0 0 0
 0.450072 0.473896 0.0757376 0.000293798 0
 0 0 0 0 0
 0.463077 0.371075 0.160297 0.00555027 0
 0.529543 0.364841 0.0842815 0.0213345 0
 0.631943 0.363953 0.00410389 0 0
 0.735681 0.248677 0.0153453 0.000297389 0
 0.695825 0.281241 0.0229344 0 0
 0.275771 0.60734 0.115278 0.00161068 0
 0 0 0 0 0
 0.896147 0.0623911 0.0374545 0.00400742 0
 0.803859 0.145111 0.0509908 3.86294e-05 0
 0.739449 0.233085 0.0266225 0.000797448 4.60066e-05
 0.878498 0.100942 0.0204185 0.000141795 0
 0.694673 0.275183 0.0284847 0.00165964 0
 0 0 0 0 0
ppred_PELACES
 0.137822 0.631441 0.204519 0.0262156 1.62893e-06
 0.348357 0.117793 0.392435 0.125357 0.0160581
 0.174657 0.404336 0.0781396 0.252145 0.0907229
 0.680661 0.0884976 0.11747 0.0211091 0.0922627
 0.912534 0.0665278 0.00598851 0.00761667 0.00733336
 0.547845 0.430046 0.0169478 0.00147789 0.0036841
 0.92751 0.051808 0.0197582 0.000709197 0.000214925
 0.796095 0.19694 0.00510247 0.00177967 8.28508e-05
 0.84654 0.13838 0.0146159 0.000340825 0.000123729
 0.861258 0.127472 0.0102644 0.000974192 3.07861e-05
 0.61583 0.356248 0.02581 0.00192379 0.000187607
 0.735478 0.204832 0.0557181 0.00367269 0.000298961
 0.892415 0.0956328 0.00947912 0.00230936 0.000163697
 0.926822 0.0715031 0.00151883 0.000124178 3.20824e-05
 0.934001 0.0652036 0.00078176 1.2452e-05 1.26186e-06
 0.862755 0.134538 0.00268184 2.4798e-05 4.28945e-07
 0.75328 0.231257 0.0151935 0.000266861 2.49352e-06
 0.799414 0.173891 0.0251761 0.00149327 2.63308e-05
 0.759862 0.213039 0.0237529 0.00315628 0.00018965
 0.81888 0.156579 0.0219584 0.00226523 0.000317804
 0.777755 0.197083 0.0219769 0.00285099 0.000333962
 0.726818 0.232096 0.0366094 0.00391149 0.0005656
 0.764282 0.193094 0.0364748 0.00548093 0.000668597
 0.713253 0.245097 0.0344825 0.00613651 0.00103139
 0.0879061 0.761484 0.130078 0.0170094 0.00352244
pobs_pel_tallas
 0 0 0 0 0 0 0 0 0 0 0 0 0 0 0 0 0 0 0 0 0 0 0 0 0 0 0 0 0 0 0 0 0 0 0 0
 0 0 0 0 0 0 0 0 0 0 0 0 0 0 0 0 0 0 0 0 0 0 0 0 0 0 0 0 0 0 0 0 0 0 0 0
 0 0 0 0 0 0 0 0 0 0 0 0 0 0 0 0 0 0 0 0 0 0 0 0 0 0 0 0 0 0 0 0 0 0 0 0
 0 0 0 0 0 0 0 0 0 0 0 0 0 0 0 0 0 0 0 0 0 0 0 0 0 0 0 0 0 0 0 0 0 0 0 0
 0 0 0 0 0 0 0 0 0 0 0 0 0 0 0 0 0 0 0 0 0 0 0 0 0 0 0 0 0 0 0 0 0 0 0 0
 0 0 0 0 0 0 0 0 0 0 0 0 0 0 0 0 0 0 0 0 0 0 0 0 0 0 0 0 0 0 0 0 0 0 0 0
 0 0 0 0 0 0 0 0 0 0 0 0 0 0 0 0 0 0 0 0 0 0 0 0 0 0 0 0 0 0 0 0 0 0 0 0
 0 0 0 0 0 0 0 0 0 0 0 0 0 0 0 0 0 0 0 0 0 0 0 0 0 0 0 0 0 0 0 0 0 0 0 0
 0 0 0 0 0 0 0 0 0 0 0 0 0 0 0 0 0 0 0 0 0 0 0 0 0 0 0 0 0 0 0 0 0 0 0 0
 0 0 0 0 0 0 0 0 0 0 0 0 0 0 0 0 0 0 0 0 0 0 0 0 0 0 0 0 0 0 0 0 0 0 0 0
 0 0 0 0 0 0 0 0 1.78061e-05 0.00172719 0.00360574 0.0105946 0.0120993 0.0124554 0.0147524 0.0171206 0.0266825 0.0428682 0.0675386 0.121331 0.153587 0.119568 0.100827 0.0573624 0.0630603 0.0341343 0.0324427 0.0444173 0.0211091 0.0280891 0.0125444 0.00206551 0 0 0 0
 0 0 0 0 0 0 0 0 0 0 0 0 0 0 0 0 0 0 0 0 0 0 0 0 0 0 0 0 0 0 0 0 0 0 0 0
 0 0 0 0 0 0 0.0133647 0.0140871 0.0187388 0.0205184 0.03894 0.0496705 0.03968 0.0493445 0.0407372 0.0367815 0.0215668 0.0243155 0.0234873 0.0199281 0.019796 0.0243948 0.0301388 0.0376714 0.0412746 0.0863199 0.0771752 0.113111 0.0741005 0.0525337 0.0229764 0.00759418 0.00175318 0 0 0
 0 0 0 0 0 0 0 0 0 0 0.00219441 0.00772107 0.0458388 0.0604681 0.0671733 0.0775358 0.0609151 0.0617685 0.073594 0.0568108 0.0755445 0.0548602 0.0670107 0.0636378 0.0643287 0.046367 0.0373049 0.0286899 0.0247887 0.0153202 0.00654259 0.00121912 0.000365735 0 0 0
 0 0 0 0 0 0 0 0 0 0 0 0 0.000112435 0.00938835 0.0111873 0.0202946 0.0414886 0.0713402 0.111592 0.104902 0.108894 0.110636 0.117776 0.105296 0.107544 0.0401394 0.0192827 0.0124803 0.00416011 0.0028671 0.000618394 0 0 0 0 0
 0 0 0 0 0 0 0 0 0 0 0.00291406 0.0102884 0.027416 0.0768956 0.0749926 0.110853 0.0956884 0.0897413 0.0766577 0.0534642 0.0500743 0.0551293 0.0594112 0.0620874 0.0668451 0.0424026 0.0208742 0.0120726 0.0048766 0.00582813 0.00118941 0.000297354 0 0 0 0
 0 0.00264628 0.0354308 0.0461629 0.0458689 0.0383711 0.0214643 0.0164657 0.0346957 0.0420465 0.0363128 0.0245516 0.0311673 0.0291091 0.0169068 0.0133784 0.00837989 0.0085269 0.0148486 0.0160247 0.0276389 0.0546898 0.0760071 0.122758 0.109233 0.0665981 0.0333725 0.0166128 0.00676272 0.00308733 0.000882094 0 0 0 0 0
 0 0 0 0 0 0 0 0.000805153 0.000690131 0.00759144 0.0133425 0.0154129 0.00931677 0.000345066 0.00356568 0.00563607 0.00851162 0.0253048 0.0502646 0.0516448 0.0657925 0.0565908 0.0611916 0.0827007 0.0866115 0.110766 0.145733 0.0935128 0.0569358 0.0249597 0.0138026 0.00621118 0.00161031 0.00115022 0 0
 0 0 0 0 0 0 0 0 0 0 0 0 0 0 0 0 0 0 0 0 0 0 0 0 0 0 0 0 0 0 0 0 0 0 0 0
 0.00147267 0.00158595 0.00478618 0.00569244 0.00954404 0.0108468 0.00647125 0.017049 0.0510054 0.094081 0.124002 0.0959785 0.0687766 0.0820023 0.061753 0.0591476 0.0492212 0.0479892 0.0443925 0.0268479 0.0217502 0.0140895 0.0121071 0.0120363 0.00920419 0.00665534 0.0049561 0.00860946 0.00930331 0.0156896 0.0114698 0.00855282 0.00243557 0.00046729 0 2.83206e-05
 0 0 0 0 0.000772559 0.00158375 0.000888443 0.00281984 0.00712685 0.0440552 0.0773331 0.111326 0.0921469 0.0852325 0.0710754 0.0886704 0.0786465 0.0553345 0.0373146 0.0185414 0.00753245 0.00457741 0.012979 0.0271748 0.0457355 0.0583668 0.034881 0.0177882 0.00938659 0.00492506 0.0015258 0.00185414 0.000309023 5.79419e-05 3.86279e-05 0
 0 0.00173294 0.00326652 0 0.00397197 0.00683976 0.00946217 0.0152591 0.00757587 0.0136028 0.0228656 0.0392903 0.0559909 0.0764795 0.0681675 0.0726916 0.0566044 0.0477403 0.0527397 0.0444891 0.0609904 0.0582453 0.0661739 0.0445044 0.0529084 0.0360697 0.0280645 0.0235558 0.0158879 0.00826598 0.00280645 0.00217768 0.000904811 0.00058276 9.20147e-05 0
 0 0 0 0 0 0 0 0 0 0 0 0 0 0 0 0 0 0 0 0 0 0 0 0 0 0 0 0 0 0 0 0 0 0 0 0
 0 0 0 0 0 0 0 0 0 0 0 0 0 0 0 0 0 0 0 0 0 0 0 0 0 0 0 0 0 0 0 0 0 0 0 0
 0 0 0 0 0 0 0 0 0 0 0 0 0 0 0 0 0 0 0 0 0 0 0 0 0 0 0 0 0 0 0 0 0 0 0 0
ppred_pel_tallas
 1.0401e-16 6.04841e-06 3.54116e-05 0.000168147 0.000647067 0.00201754 0.00509683 0.0104337 0.0173135 0.0233076 0.0255112 0.0228546 0.0171281 0.0115469 0.00850515 0.00869634 0.0117451 0.0170847 0.0242793 0.0329016 0.0423433 0.051754 0.0601264 0.0664808 0.0700768 0.0705774 0.0681129 0.0632187 0.0566804 0.0493387 0.0419206 0.0349401 0.0286806 0.0232365 0.0185845 0.0146494
 1.10667e-16 1.52082e-05 8.92342e-05 0.000424129 0.00163284 0.00509175 0.0128614 0.0263168 0.0436256 0.0585961 0.0637859 0.0563156 0.040427 0.0238287 0.0120166 0.00609468 0.0044846 0.00532849 0.00753097 0.01066 0.0145683 0.019149 0.0242445 0.029632 0.0350382 0.0401618 0.0446967 0.0483518 0.0508723 0.0520616 0.0518055 0.050095 0.0470388 0.0428589 0.0378686 0.0324313
 1.14144e-16 7.64458e-06 4.48054e-05 0.000212857 0.000819299 0.00255471 0.00645338 0.0132075 0.0219046 0.0294525 0.0321432 0.0285741 0.0209378 0.013197 0.00823701 0.00676376 0.00813534 0.0115251 0.0163925 0.0223875 0.0291396 0.0361578 0.0428567 0.0486575 0.0531096 0.0559811 0.0572879 0.0572478 0.0561846 0.0544162 0.0521708 0.0495548 0.0465739 0.0431871 0.0393693 0.0351548
 1.06733e-16 2.96963e-05 0.000174296 0.000828534 0.00318992 0.00994746 0.0251264 0.0514115 0.0852187 0.114442 0.124522 0.109807 0.0785376 0.0457031 0.0219376 0.00925937 0.00441651 0.00359672 0.0044887 0.00612149 0.00815889 0.0104504 0.0128672 0.0152733 0.0175378 0.0195507 0.0212321 0.0225292 0.0234078 0.0238426 0.0238121 0.0233027 0.0223182 0.0208896 0.019081 0.0169878
 1.00712e-16 3.98061e-05 0.000233652 0.00111072 0.00427642 0.0133357 0.0336847 0.0689222 0.114242 0.15341 0.166905 0.147137 0.10514 0.0609857 0.0288962 0.0115322 0.00448028 0.00257229 0.00265723 0.00339608 0.00432544 0.00526192 0.00608411 0.00669041 0.00700894 0.0070123 0.00672306 0.00620565 0.00554831 0.00484103 0.00415691 0.00354188 0.00301391 0.00256943 0.00219302 0.00186661
 1.00604e-16 2.39187e-05 0.000140345 0.000667058 0.00256808 0.00800819 0.0202284 0.0413924 0.0686214 0.0921837 0.100385 0.0887162 0.0638749 0.0380215 0.0198402 0.0110984 0.00931122 0.0114864 0.0157284 0.0210609 0.0268376 0.0324098 0.0370768 0.040188 0.0412858 0.040218 0.0371758 0.0326405 0.027262 0.0217079 0.016532 0.0120972 0.00856027 0.00590812 0.00401883 0.00272453
 1.00332e-16 4.04585e-05 0.000237484 0.00112894 0.00434657 0.0135545 0.0342373 0.0700528 0.116115 0.155925 0.169637 0.149537 0.106837 0.0619329 0.0292757 0.0115633 0.00430422 0.00224193 0.00217503 0.00275034 0.00351199 0.00429451 0.0049975 0.00553743 0.00585219 0.00591253 0.00572726 0.00533839 0.00480873 0.00420622 0.00359027 0.00300373 0.00247131 0.00200281 0.00159848 0.00125418
 1.00202e-16 3.47341e-05 0.000203863 0.000969075 0.003731 0.0116348 0.0293885 0.0601329 0.0996772 0.133864 0.145673 0.128497 0.0919903 0.053701 0.0260883 0.0115327 0.00624115 0.00574235 0.00728351 0.00963203 0.0122496 0.0147814 0.0168959 0.0182938 0.0187665 0.0182457 0.0168209 0.0147149 0.012228 0.00966793 0.00728976 0.00526026 0.00365097 0.00245461 0.00161353 0.00104867
 1.00271e-16 3.69314e-05 0.000216768 0.00103044 0.00396729 0.0123717 0.0312498 0.0639407 0.105987 0.142332 0.15487 0.136571 0.0976845 0.0568522 0.0272965 0.0115192 0.00545822 0.00434075 0.00524254 0.00688674 0.00877001 0.0106146 0.0121822 0.0132599 0.0136968 0.0134384 0.0125392 0.0111464 0.00946202 0.00769546 0.00602223 0.00455961 0.00336187 0.00243108 0.00173578 0.00122987
 1.00223e-16 3.75727e-05 0.000220534 0.00104835 0.00403624 0.0125867 0.0317929 0.0650519 0.107828 0.144804 0.157557 0.138932 0.0993563 0.0577908 0.0276827 0.0115709 0.00531686 0.00405999 0.00482455 0.00631644 0.00803528 0.00971631 0.0111384 0.0121059 0.0124808 0.0122148 0.0113604 0.0100558 0.00848932 0.00685559 0.00531713 0.00398172 0.00289807 0.00206597 0.0014539 0.00101684
 1.00558e-16 2.68802e-05 0.000157739 0.000749764 0.00288654 0.00900132 0.0227369 0.0465243 0.0771255 0.103596 0.112784 0.0996023 0.0715581 0.0422849 0.0214976 0.0111284 0.00833158 0.00970911 0.0131334 0.0175648 0.0223985 0.0270814 0.03103 0.0337024 0.0347151 0.0339347 0.0315107 0.027832 0.0234283 0.0188458 0.0145405 0.0108142 0.00780232 0.00550246 0.00382398 0.00263813
 1.00998e-16 3.20914e-05 0.000188347 0.000895307 0.00344697 0.010749 0.0271513 0.0555554 0.0920903 0.123678 0.134594 0.118742 0.0850426 0.0497188 0.0242925 0.0109785 0.00628964 0.00611124 0.00791165 0.0105547 0.0135332 0.0164963 0.019103 0.0210346 0.0220548 0.0220617 0.0211076 0.0193784 0.0171413 0.0146802 0.0122385 0.00998651 0.00801438 0.00634652 0.00496552 0.00383518
 1.00253e-16 3.893e-05 0.000228506 0.00108625 0.00418219 0.0130418 0.0329425 0.0674038 0.111726 0.150034 0.163239 0.143923 0.10288 0.0597501 0.0284518 0.0116004 0.00489225 0.00328081 0.00368322 0.00477493 0.00607206 0.00735088 0.00844116 0.00919526 0.00950899 0.00934465 0.00873961 0.00779499 0.00664937 0.00544612 0.0043051 0.00330597 0.00248508 0.00184316 0.00135831 0.000999143
 1.00051e-16 4.04293e-05 0.00023731 0.00112811 0.00434338 0.0135445 0.0342122 0.0700015 0.116031 0.155813 0.169519 0.149443 0.106791 0.0619493 0.0293635 0.0117365 0.0045856 0.0026602 0.0027567 0.00350951 0.00444009 0.00535272 0.00611467 0.0066155 0.00677935 0.0065817 0.00605556 0.00528242 0.00437192 0.00343644 0.00256918 0.00183101 0.00124803 0.000817443 0.000517944 0.000320285
 1.00033e-16 4.07421e-05 0.000239147 0.00113685 0.00437701 0.0136494 0.0344771 0.0705435 0.116929 0.157018 0.170829 0.150594 0.107605 0.0624041 0.0295466 0.0117531 0.00450316 0.00250344 0.00252546 0.00319591 0.00403885 0.0048664 0.00555575 0.00600602 0.00614825 0.00596045 0.00547325 0.00476157 0.003926 0.00306953 0.00227749 0.00160552 0.00107725 0.000689785 0.000423176 0.000250156
 1.00083e-16 3.76383e-05 0.000220919 0.00105017 0.00404327 0.0126086 0.0318482 0.0651651 0.108016 0.145056 0.157833 0.139179 0.0995402 0.0579121 0.0277673 0.0116515 0.00542041 0.00420544 0.00502368 0.00657368 0.00834577 0.0100638 0.011495 0.0124339 0.0127382 0.0123619 0.0113673 0.00990817 0.00819101 0.00642766 0.00479373 0.003404 0.00230759 0.0014992 0.000938573 0.000570395
 1.00301e-16 3.28686e-05 0.000192907 0.000916985 0.00353042 0.0110093 0.0278086 0.0569006 0.0943206 0.126675 0.13786 0.121631 0.0871316 0.0509789 0.0249792 0.0114057 0.00668942 0.00661369 0.00857524 0.0113898 0.0145074 0.0175315 0.0200763 0.0217891 0.0224214 0.0218879 0.020287 0.0178735 0.0149931 0.0120025 0.00919909 0.00677961 0.00483195 0.00335375 0.00228468 0.00153926
 1.00467e-16 3.48779e-05 0.000204709 0.000973104 0.00374652 0.0116832 0.0295108 0.0603828 0.100091 0.134418 0.14627 0.129012 0.0923326 0.0538483 0.0260623 0.0113568 0.00591596 0.00524679 0.00658992 0.00872313 0.0111329 0.0134992 0.015528 0.0169516 0.0175777 0.0173335 0.0162818 0.014601 0.0125384 0.0103516 0.00825766 0.00640317 0.00485819 0.00362959 0.00268375 0.00196933
 1.00524e-16 3.31549e-05 0.00019459 0.000924986 0.00356124 0.0111054 0.0280514 0.0573971 0.0951431 0.127778 0.139055 0.122676 0.0878565 0.0513563 0.0250774 0.0113051 0.00643233 0.00620189 0.00799043 0.0106151 0.0135428 0.0164036 0.0188417 0.0205308 0.0212384 0.0208791 0.019535 0.0174302 0.0148726 0.0121816 0.00962481 0.00738106 0.00553317 0.00408475 0.00298893 0.00217712
 1.00456e-16 3.5726e-05 0.00020969 0.000996786 0.0038377 0.0119675 0.030229 0.0618523 0.102526 0.137686 0.149821 0.132132 0.0945387 0.0550805 0.0265569 0.0113986 0.00568728 0.0048139 0.00595157 0.00785724 0.0100247 0.0121555 0.0139833 0.0152668 0.0158335 0.0156177 0.0146763 0.0131699 0.0113209 0.00936074 0.00748434 0.00582279 0.0044384 0.00333663 0.00248677 0.00184246
 1.0049e-16 3.39344e-05 0.000199168 0.000946755 0.00364506 0.0113668 0.0287116 0.0587479 0.0973815 0.130782 0.14232 0.125544 0.0898843 0.052489 0.0255323 0.011344 0.00622291 0.00580533 0.00740589 0.00982267 0.0125294 0.015176 0.0174318 0.018995 0.0196502 0.0193187 0.0180762 0.01613 0.0137651 0.0112767 0.00891239 0.0068375 0.00512859 0.00378894 0.00277517 0.00202383
 1.00757e-16 3.17148e-05 0.000186133 0.00088478 0.00340643 0.0106226 0.0268319 0.0549022 0.0910084 0.122227 0.133022 0.11737 0.0840939 0.0492316 0.0241796 0.0111376 0.0066693 0.0067133 0.00876321 0.0116785 0.0149258 0.0181146 0.0208595 0.0228039 0.0236904 0.0234195 0.0220717 0.0198811 0.0171736 0.0142889 0.0115137 0.00904177 0.00696655 0.00529861 0.00399592 0.00299365
 1.00801e-16 3.33468e-05 0.000195718 0.000930356 0.00358192 0.0111699 0.0282143 0.0577302 0.0956947 0.128517 0.139855 0.12337 0.0883301 0.0515853 0.0251005 0.0111666 0.00614863 0.00576152 0.00737024 0.00979813 0.0125326 0.0152335 0.0175777 0.0192676 0.0200865 0.0199476 0.0189122 0.0171685 0.0149805 0.0126249 0.0103358 0.0082726 0.00651394 0.00507211 0.00391757 0.00300287
 1.00829e-16 3.11238e-05 0.000182663 0.000868277 0.00334288 0.0104244 0.0263314 0.0538782 0.0893114 0.11995 0.130548 0.115197 0.0825578 0.0483751 0.0238386 0.0111144 0.00683773 0.00702772 0.00922463 0.0123016 0.0157191 0.0190701 0.0219493 0.023981 0.0248951 0.0245885 0.0231488 0.0208257 0.017965 0.0149266 0.0120129 0.00942712 0.00726524 0.0055354 0.00419003 0.00315798
 1.02844e-16 3.87692e-06 2.26516e-05 0.000107459 0.00041336 0.00128871 0.003256 0.00666815 0.0110757 0.0149423 0.0164394 0.0149271 0.0116154 0.00865573 0.00770866 0.00937197 0.0135563 0.0200005 0.0284211 0.0383851 0.049165 0.0597224 0.0688387 0.0753497 0.0784074 0.0776788 0.073418 0.0663814 0.0576253 0.0482531 0.0391966 0.0310872 0.0242318 0.0186704 0.0142739 0.010841
pSPR Fmed_Fpbrs
0.366033   0.413323 0.413323
Fs Fmed_Fpbrs
1.25762   1.005 1.005
SSBpbr Bo_Bmed_Bpbrs
860743  272023  312728 312728
Ro
18033.7
SPR SPRFo_SPRFmed_SPRFpbrs
371667 136042 153618
log_Ro
9.62
likeval ReclasPelacesDesembMPH_pf_preclas_ppelaces_ptallas_desvR_qrecl_qpela
 72.6529 15.4494 0.233137 0.000164553 325.12 195.198 79.9687 0 44.7413 6.59485e-05 0.000144219 0 0 0 0
q_reclas_q_pelaces
3.1606 5.52087
M
0.7
N
 10731.7 43825.6 14887.8 1913.4 0.118903
 16364.3 5232.49 18768.1 6019.8 771.257
 2152.01 7899.02 2065.89 6779.37 2440.9
 5905.08 951.383 1532.42 278.35 1217.12
 41163.3 2722.32 259.018 330.457 318.204
 13906.5 20010.3 1138 101.281 252.68
 63739.3 5998.11 3180.04 116.253 35.2569
 57957.4 27889.3 1070.49 381.62 17.7815
 68980.4 24747.1 4084.83 97.6469 35.4838
 129766 28855.5 3070.44 295.964 9.35877
 55107.7 57896.2 6028.23 458.474 44.7463
 46926.9 23806.6 9319.15 626.832 51.0662
 55394.8 20262.1 3816.23 963.507 68.3949
 29090 21496.1 1369.81 119.047 30.8322
 13178 9471.97 351.761 5.96634 0.606141
 10790.2 4238.5 140.342 1.33482 0.0231153
 7157.19 4409.16 435.11 7.81714 0.0731087
 8087.61 3039.9 618.744 37.4012 0.659994
 8192.4 3523.54 523.959 70.7471 4.25368
 11120 3642.16 715.296 75.1843 10.556
 16639.6 4851.88 635.353 83.1619 9.74496
 20377.2 7768.31 1462.56 157.811 22.8284
 28414.3 9453.88 2226.17 338.642 41.3299
 26154.3 12964.5 2367.27 427.431 71.8821
 758.941 11750 2864.22 382.009 79.172
pred_Ctot
 140.183 4374.68 2012.43 262.302 0.0163092
 329.63 781.417 3747.23 1218.07 156.142
 170.98 3648.98 1163.28 3849.9 1386.61
 305.522 319.845 653.523 119.964 524.779
 624.576 312.805 40.1482 51.9354 50.0372
 1325.17 10425.2 708.228 63.5036 158.478
 5489.15 2926.06 1874.51 69.0797 20.9569
 5892.81 15130.1 688.451 247.171 11.5201
 7896.84 14405.7 2778.43 66.8431 24.2962
 9535.61 12622.5 1650.51 160.515 5.07748
 5195.98 29960.9 3731 285.903 27.9119
 4439.83 12346.7 5778.16 391.582 31.9105
 8831.4 13983.6 2950.81 748.331 53.1299
 7379.23 17545.4 1188.23 103.503 26.8086
 3422.97 7780.79 306.42 5.20874 0.529219
 1390.03 2633.82 100.401 0.960373 0.0166346
 751.494 2439.28 284.258 5.1423 0.0481057
 718.871 1514.24 371.108 22.6093 0.399095
 620.985 1575.42 286.968 39.0872 2.35094
 977.814 1801.44 426.505 45.1861 6.34621
 718.979 1410.86 237.534 31.4428 3.68613
 967.066 2437.97 586.159 63.9392 9.25324
 1667.24 3504.12 1035.75 159.138 19.4299
 1803.15 5417.77 1223.4 222.939 37.5058
 70.2418 6008.61 1755.51 235.931 48.9118
F
 0.018311 0.148059 0.205484 0.208676 0.208804
 0.0283618 0.229328 0.318274 0.323219 0.323417
 0.11624 0.939893 1.30443 1.3247 1.32551
 0.07433 0.601018 0.834126 0.847083 0.847603
 0.0212975 0.172208 0.238999 0.242712 0.242861
 0.140908 1.13936 1.58126 1.60582 1.60681
 0.126558 1.02332 1.42022 1.44229 1.44317
 0.151001 1.22096 1.69452 1.72084 1.7219
 0.171521 1.38689 1.9248 1.9547 1.9559
 0.107082 0.865849 1.20167 1.22034 1.22109
 0.139328 1.12658 1.56353 1.58782 1.58879
 0.139838 1.1307 1.56925 1.59362 1.5946
 0.246615 1.99408 2.76749 2.81049 2.81221
 0.422057 3.41267 4.73629 4.80987 4.81282
 0.434342 3.51201 4.87416 4.94987 4.95291
 0.194954 1.57636 2.18776 2.22175 2.22311
 0.156292 1.26375 1.7539 1.78114 1.78223
 0.130867 1.05817 1.46858 1.49139 1.49231
 0.110629 0.894526 1.24147 1.26076 1.26153
 0.129381 1.04615 1.45191 1.47446 1.47537
 0.061735 0.499177 0.692785 0.703547 0.703979
 0.067992 0.549771 0.763001 0.774854 0.775329
 0.0846775 0.684686 0.950244 0.965006 0.965597
 0.100165 0.809919 1.12405 1.14151 1.14221
 0.136603 1.10455 1.53295 1.55677 1.55772
nmprior
 10 11 7 0
nm_flota  nm_reclas  nm_pelaces    nm_pelaL
inf 17.7354 12.5739 20.8624
cv_recla  cv_pelaces  cv_mph
0.770995 0.462509 0.41619
 ------------------------------------------------
Talla a la edad & desviación 
 7.2 14.2025 17.0495 18.207 18.6776
 1.08 2.13037 2.55742 2.73105 2.80164
