years
 1997 1998 1999 2000 2001 2002 2003 2004 2005 2006 2007 2008 2009 2010 2011 2012 2013 2014 2015 2016 2017 2018 2019 2020 2021
reclasobs
 0 0 0 370054 412103 1.49427e+06 250295 1.28982e+06 931140 785840 897777 1.04006e+06 184774 17550 25797 100020 73551 82996 120727 218422 84188 347160 605670 569463 516374
reclaspred
 383874 96067.7 245715 187008 313688 368226 823768 578950 706699 723165 587546 395201 244218 110628 75287.7 75721.3 93120.9 123063 124865 188041 283062 255681 420177 490182 466613
pelacesobs
 0 0 0 0 0 0 0 0 0 2.06254e+06 1.5e+06 0 1.87456e+06 323000 250000 174000 83755 137374 0 501740 490994 745055 786931 1.00524e+06 0
pelacespred
 809747 183166 289156 335776 490726 476438 1.26056e+06 1.05189e+06 1.16825e+06 1.19631e+06 878845 612968 378238 140882 94485.8 102331 131777 177082 184953 270137 453575 401293 521510 715715 710971
mphobs
 0 0 0 0 0 112323 0 153150 637223 0 255016 313432 73983 77613 109348 50772 0 0 0 0 0 0 0 0 0
mphpred
 594935 317561 344604 357723 438140 762432 1.11547e+06 1.34465e+06 1.2194e+06 1.36846e+06 1.44501e+06 1.03622e+06 635156 335277 155522 131163 158270 213644 256281 286148 457944 556660 680124 901690 1.18217e+06
desembarqueobs
 350755 77701 442110 56441 14545 235359 269955 359681 431902 328805 639364 411747 362871 311530 167758 66681 60226 58785 57116 71774 51957 67425 138520 160799 200461
desembarquepred
 350751 77692.6 441999 56440.1 14545 235386 269976 359629 431865 328772 639355 411859 363010 311765 167719 66682.4 60240.2 58781.2 57107.6 71765.5 51955.3 67414.7 138510 160795 200460
Reclutas
 37003.4 49616.6 25040 48697.7 86315.6 56311.6 98243.7 102478 140062 157953 67643.2 38534.9 43749.4 22918 17058.1 20072.9 15725.8 16903.2 18252.5 37969.3 46874.4 56320.1 82244.5 91312.8 18834.2
log_desv_Rt
 -0.181234 0.112081 -0.571768 0.0933878 0.665765 0.238655 0.795206 0.837405 1.14984 1.27005 0.422002 -0.140679 -0.0137658 -0.660322 -0.955621 -0.792874 -1.03694 -0.96474 -0.887942 -0.155467 0.0552274 0.238806 0.617452 0.722046 -0.856568
SSB
 594935 317561 344604 357723 438140 762432 1.11547e+06 1.34465e+06 1.2194e+06 1.36846e+06 1.44501e+06 1.03622e+06 635156 335277 155522 131163 158270 213644 256281 286148 457944 556660 680124 901690 1.18217e+06
BT
 1.7221e+06 462208 759161 661204 890238 1.03781e+06 2.44257e+06 2.28897e+06 2.48636e+06 2.4563e+06 2.14497e+06 1.4744e+06 1.03433e+06 551997 311221 238268 285187 364244 380619 542392 854300 782086 1.0298e+06 1.41576e+06 1.44178e+06
Ftot
 0.507449 0.508707 0.863841 0.185403 0.0306993 0.278607 0.181201 0.345752 0.366104 0.257597 0.471117 0.431006 0.697058 1.23423 1.22162 0.492851 0.355538 0.248278 0.217906 0.227868 0.101124 0.127506 0.157602 0.166038 0.161351
BD_Bspro_t
 0.935608 0.695967 0.62012 0.449295 0.62631 0.790024 0.746935 0.758224 0.71103 0.694301 0.681507 0.532253 0.417005 0.308115 0.190709 0.199426 0.300501 0.451623 0.554402 0.636378 0.75489 0.828937 0.831353 0.825881 0.810177
BD_Bspro
 0.650805 0.347383 0.376965 0.391317 0.479285 0.834031 1.22022 1.47093 1.33391 1.49696 1.58071 1.13353 0.694803 0.366763 0.170126 0.143481 0.173133 0.233707 0.280348 0.31302 0.500949 0.608935 0.743993 0.986367 1.29318
BD_Bo
 0.539601 0.288025 0.312553 0.324452 0.397389 0.691519 1.01172 1.21959 1.10598 1.24118 1.31061 0.939846 0.576081 0.304094 0.141057 0.118964 0.14355 0.193773 0.232445 0.259534 0.415351 0.504886 0.616866 0.817825 1.07221
BD_Brms
 1.8568 0.991112 1.07551 1.11646 1.36744 2.37956 3.48139 4.19668 3.80575 4.27096 4.5099 3.23406 1.98233 1.0464 0.485385 0.409362 0.493963 0.666785 0.799856 0.893072 1.42925 1.73734 2.12267 2.81418 3.68955
S_f
 0.173459 1 1 1 1
 0.173459 1 1 1 1
 0.173459 1 1 1 1
 0.173459 1 1 1 1
 0.173459 1 1 1 1
 0.173459 1 1 1 1
 0.173459 1 1 1 1
 0.173459 1 1 1 1
 0.173459 1 1 1 1
 0.173459 1 1 1 1
 0.173459 1 1 1 1
 0.173459 1 1 1 1
 0.173459 1 1 1 1
 0.173459 1 1 1 1
 0.173459 1 1 1 1
 0.173459 1 1 1 1
 0.173459 1 1 1 1
 0.173459 1 1 1 1
 0.173459 1 1 1 1
 0.173459 1 1 1 1
 0.173459 1 1 1 1
 0.173459 1 1 1 1
 0.173459 1 1 1 1
 0.173459 1 1 1 1
 0.173459 1 1 1 1
Scru_reclas
 1 1 1 1 1
 1 1 1 1 1
 1 1 1 1 1
 1 1 1 1 1
 1 1 1 1 1
 1 1 1 1 1
 1 1 1 1 1
 1 1 1 1 1
 1 1 1 1 1
 1 1 1 1 1
 1 1 1 1 1
 1 1 1 1 1
 1 1 1 1 1
 1 1 1 1 1
 1 1 1 1 1
 1 1 1 1 1
 1 1 1 1 1
 1 1 1 1 1
 1 1 1 1 1
 1 1 1 1 1
 1 1 1 1 1
 1 1 1 1 1
 1 1 1 1 1
 1 1 1 1 1
 1 1 1 1 1
Scru_pelaces
 1 1 1 1 1
 1 1 1 1 1
 1 1 1 1 1
 1 1 1 1 1
 1 1 1 1 1
 1 1 1 1 1
 1 1 1 1 1
 1 1 1 1 1
 1 1 1 1 1
 1 1 1 1 1
 1 1 1 1 1
 1 1 1 1 1
 1 1 1 1 1
 1 1 1 1 1
 1 1 1 1 1
 1 1 1 1 1
 1 1 1 1 1
 1 1 1 1 1
 1 1 1 1 1
 1 1 1 1 1
 1 1 1 1 1
 1 1 1 1 1
 1 1 1 1 1
 1 1 1 1 1
 1 1 1 1 1
pf_obs 
 0.256992 0.487395 0.22802 0.0275931 0
 0.321318 0.546541 0.124235 0.00734118 0.000564706
 0.182869 0.594174 0.210203 0.0122559 0.00049798
 0.330522 0.361315 0.267642 0.0388342 0.00168674
 0.649043 0.306663 0.0425973 0.00169635 0
 0.582887 0.30429 0.105238 0.00758474 0
 0.465427 0.430635 0.0974691 0.00646863 0
 0.296916 0.608066 0.0921331 0.00288517 0
 0.311714 0.524322 0.152257 0.0117073 0
 0.15457 0.633149 0.183074 0.0267441 0.00246327
 0.131901 0.49318 0.331252 0.0422183 0.00144891
 0.196976 0.569456 0.194076 0.0375587 0.00193317
 0.518974 0.381816 0.0799577 0.0180837 0.00116848
 0.0928022 0.601141 0.25162 0.0475244 0.00691264
 0.122501 0.610282 0.24278 0.0234846 0.000952079
 0.383417 0.481906 0.127806 0.00687128 0
 0.0376549 0.599619 0.316969 0.0457579 0
 0.0361596 0.667082 0.258105 0.0386534 0
 0.158088 0.579412 0.248529 0.0139706 0
 0.0477256 0.309471 0.559284 0.082774 0.000745712
 0.0406174 0.521527 0.379366 0.0568643 0.0016247
 0.151134 0.462217 0.34131 0.0453401 0
 0.294876 0.26143 0.354403 0.0886775 0.000613685
 0.281977 0.475581 0.204845 0.0348837 0.00271318
 0 0 0 0 0
pf_pred 
 0.274722 0.506189 0.195346 0.0237322 1.04634e-05
 0.309762 0.50798 0.127202 0.0490893 0.0059664
 0.164543 0.641356 0.142848 0.0357703 0.0154821
 0.348771 0.413571 0.182443 0.0406352 0.0145795
 0.332676 0.514535 0.0970304 0.0428041 0.0129543
 0.158456 0.626595 0.165735 0.0312541 0.0179601
 0.274071 0.401575 0.241507 0.0638788 0.0189685
 0.229946 0.541503 0.126431 0.0760359 0.0260836
 0.278558 0.483224 0.167515 0.0391118 0.0315908
 0.250337 0.544227 0.137601 0.047701 0.0201331
 0.112033 0.608167 0.203124 0.0513575 0.025318
 0.106886 0.425929 0.319975 0.106869 0.0403412
 0.198879 0.367557 0.206768 0.155332 0.0714637
 0.169704 0.554553 0.126512 0.071169 0.0780625
 0.246554 0.518385 0.156997 0.0358162 0.0422482
 0.319207 0.529719 0.103942 0.0314796 0.0156528
 0.207252 0.613596 0.139397 0.0273527 0.012403
 0.218477 0.50085 0.217244 0.0493535 0.0140755
 0.21522 0.505647 0.178887 0.0775921 0.0226547
 0.342539 0.418505 0.153964 0.0544689 0.030524
 0.263719 0.566754 0.107911 0.0396995 0.0219154
 0.234232 0.523769 0.186279 0.0354681 0.0202514
 0.264532 0.479331 0.175192 0.0623075 0.0186373
 0.226096 0.534456 0.156057 0.0570377 0.0263534
 0.0482669 0.614268 0.233052 0.0680495 0.0363631
pobs_RECLAS
 0 0 0 0 0
 0 0 0 0 0
 0 0 0 0 0
 0 0 0 0 0
 0.835266 0.146461 0.0176864 0.000547809 3.91292e-05
 0.385257 0.428462 0.181853 0.0044286 0
 0.867414 0.0963971 0.0333333 0.00285562 0
 0.441836 0.489002 0.0689373 0.000224442 0
 0.779404 0.147425 0.0564933 0.0165055 0.000172143
 0.814271 0.122319 0.05973 0.00367925 0
 0.40263 0.566651 0.0304383 0.000280538 0
 0.475488 0.404961 0.113038 0.00651328 0
 0.955842 0.0263864 0.0167828 0.000988607 0
 0.975058 0.0227948 0.00214734 0 0
 0.738997 0.206755 0.0527124 0.00153531 0
 0.850938 0.134255 0.0134407 0.00136685 0
 0.542534 0.407297 0.0501686 0 0
 0.764087 0.199537 0.0359546 0.000420521 0
 0.470689 0.182191 0.310203 0.0369168 0
 0.84361 0.089868 0.0606195 0.00523954 0.000663233
 0.607945 0.314616 0.071237 0.00620181 0
 0.523733 0.453247 0.0230204 0 0
 0.530135 0.295979 0.169645 0.0042399 0
 0.562478 0.366248 0.0663022 0.0049721 0
 0.250443 0.683176 0.0655157 0.000865301 0
ppred_RECLAS
 0.693238 0.214096 0.082623 0.0100377 4.42558e-06
 0.728094 0.200109 0.0501089 0.0193378 0.00235035
 0.549091 0.34615 0.0770973 0.0193058 0.00835594
 0.757236 0.15417 0.0680108 0.0151479 0.00543492
 0.742158 0.198808 0.0374909 0.0165388 0.0050053
 0.524584 0.353984 0.093629 0.0176564 0.0101462
 0.687338 0.172961 0.104018 0.027513 0.00816984
 0.637472 0.25493 0.0595218 0.0357964 0.0122797
 0.694859 0.204385 0.0708521 0.0165427 0.0133617
 0.661485 0.245749 0.0621348 0.0215397 0.00909121
 0.428701 0.391282 0.130686 0.0330423 0.016289
 0.415013 0.278982 0.209583 0.0699992 0.0264234
 0.601236 0.182955 0.10292 0.0773178 0.0355716
 0.569743 0.287367 0.0655582 0.0368795 0.0404517
 0.679116 0.220774 0.0668631 0.0152537 0.017993
 0.736415 0.205093 0.0402437 0.0121881 0.00606036
 0.606395 0.304654 0.0692115 0.0135808 0.00615819
 0.62047 0.243227 0.1055 0.0239675 0.00683548
 0.615467 0.247761 0.0876523 0.0380191 0.0111005
 0.752641 0.157456 0.0579263 0.0204931 0.0114842
 0.674877 0.250265 0.047651 0.0175303 0.0096773
 0.639682 0.24645 0.0876503 0.0166888 0.00952893
 0.67651 0.21083 0.0770569 0.0274054 0.00819745
 0.629565 0.255821 0.0746979 0.0273015 0.0126142
 0.227763 0.498418 0.189099 0.0552154 0.0295051
pobs_PELACES
 0 0 0 0 0
 0 0 0 0 0
 0 0 0 0 0
 0 0 0 0 0
 0 0 0 0 0
 0 0 0 0 0
 0 0 0 0 0
 0 0 0 0 0
 0 0 0 0 0
 0 0 0 0 0
 0.450072 0.473896 0.0757376 0.000293798 0
 0 0 0 0 0
 0.463077 0.371075 0.160297 0.00555027 0
 0.529543 0.364841 0.0842815 0.0213345 0
 0.631943 0.363953 0.00410389 0 0
 0.735681 0.248677 0.0153453 0.000297389 0
 0.695825 0.281241 0.0229344 0 0
 0.275771 0.60734 0.115278 0.00161068 0
 0 0 0 0 0
 0.896147 0.0623911 0.0374545 0.00400742 0
 0.803859 0.145111 0.0509908 3.86294e-05 0
 0.739449 0.233085 0.0266225 0.000797448 4.60066e-05
 0.878498 0.100942 0.0204185 0.000141795 0
 0.694673 0.275183 0.0284847 0.00165964 0
 0 0 0 0 0
ppred_PELACES
 0.721862 0.19412 0.0749137 0.00910112 4.01264e-06
 0.75468 0.180543 0.0452095 0.017447 0.00212054
 0.606498 0.30208 0.0672816 0.0168479 0.0072921
 0.766411 0.148343 0.0654404 0.0145754 0.00522951
 0.743757 0.197575 0.0372584 0.0164362 0.00497426
 0.543492 0.339906 0.0899053 0.0169542 0.00974271
 0.69786 0.16714 0.100518 0.0265871 0.0078949
 0.658971 0.239812 0.0559919 0.0336735 0.0115515
 0.715611 0.190485 0.0660337 0.0154177 0.012453
 0.677035 0.23446 0.0592805 0.0205502 0.00867359
 0.46042 0.369557 0.12343 0.0312078 0.0153847
 0.443808 0.26525 0.199266 0.0665536 0.0251227
 0.645827 0.162496 0.0914115 0.0686719 0.0315939
 0.649638 0.234006 0.0533846 0.0300313 0.0329402
 0.747046 0.174037 0.0527083 0.0120246 0.0141839
 0.761668 0.185444 0.0363881 0.0110204 0.00547974
 0.629287 0.286936 0.0651862 0.0127909 0.00580003
 0.636282 0.233094 0.101104 0.022969 0.0065507
 0.629434 0.238762 0.0844687 0.0366383 0.0106973
 0.764029 0.150206 0.0552593 0.0195495 0.0109554
 0.680899 0.245629 0.0467683 0.0172056 0.00949804
 0.647659 0.240994 0.0857099 0.0163194 0.00931799
 0.685845 0.204746 0.0748332 0.0266146 0.00796089
 0.640063 0.248571 0.0725809 0.0265278 0.0122567
 0.235596 0.493362 0.187181 0.0546553 0.0292058
pobs_pel_tallas
 0 0 0 0 0 0 0 0 0 0 0 0 0 0 0 0 0 0 0 0 0 0 0 0 0 0 0 0 0 0 0 0 0 0 0 0
 0 0 0 0 0 0 0 0 0 0 0 0 0 0 0 0 0 0 0 0 0 0 0 0 0 0 0 0 0 0 0 0 0 0 0 0
 0 0 0 0 0 0 0 0 0 0 0 0 0 0 0 0 0 0 0 0 0 0 0 0 0 0 0 0 0 0 0 0 0 0 0 0
 0 0 0 0 0 0 0 0 0 0 0 0 0 0 0 0 0 0 0 0 0 0 0 0 0 0 0 0 0 0 0 0 0 0 0 0
 0 0 0 0 0 0 0 0 0 0 0 0 0 0 0 0 0 0 0 0 0 0 0 0 0 0 0 0 0 0 0 0 0 0 0 0
 0 0 0 0 0 0 0 0 0 0 0 0 0 0 0 0 0 0 0 0 0 0 0 0 0 0 0 0 0 0 0 0 0 0 0 0
 0 0 0 0 0 0 0 0 0 0 0 0 0 0 0 0 0 0 0 0 0 0 0 0 0 0 0 0 0 0 0 0 0 0 0 0
 0 0 0 0 0 0 0 0 0 0 0 0 0 0 0 0 0 0 0 0 0 0 0 0 0 0 0 0 0 0 0 0 0 0 0 0
 0 0 0 0 0 0 0 0 0 0 0 0 0 0 0 0 0 0 0 0 0 0 0 0 0 0 0 0 0 0 0 0 0 0 0 0
 0 0 0 0 0 0 0 0 0 0 0 0 0 0 0 0 0 0 0 0 0 0 0 0 0 0 0 0 0 0 0 0 0 0 0 0
 0 0 0 0 0 0 0 0 1.78061e-05 0.00172719 0.00360574 0.0105946 0.0120993 0.0124554 0.0147524 0.0171206 0.0266825 0.0428682 0.0675386 0.121331 0.153587 0.119568 0.100827 0.0573624 0.0630603 0.0341343 0.0324427 0.0444173 0.0211091 0.0280891 0.0125444 0.00206551 0 0 0 0
 0 0 0 0 0 0 0 0 0 0 0 0 0 0 0 0 0 0 0 0 0 0 0 0 0 0 0 0 0 0 0 0 0 0 0 0
 0 0 0 0 0 0 0.0133647 0.0140871 0.0187388 0.0205184 0.03894 0.0496705 0.03968 0.0493445 0.0407372 0.0367815 0.0215668 0.0243155 0.0234873 0.0199281 0.019796 0.0243948 0.0301388 0.0376714 0.0412746 0.0863199 0.0771752 0.113111 0.0741005 0.0525337 0.0229764 0.00759418 0.00175318 0 0 0
 0 0 0 0 0 0 0 0 0 0 0.00219441 0.00772107 0.0458388 0.0604681 0.0671733 0.0775358 0.0609151 0.0617685 0.073594 0.0568108 0.0755445 0.0548602 0.0670107 0.0636378 0.0643287 0.046367 0.0373049 0.0286899 0.0247887 0.0153202 0.00654259 0.00121912 0.000365735 0 0 0
 0 0 0 0 0 0 0 0 0 0 0 0 0.000112435 0.00938835 0.0111873 0.0202946 0.0414886 0.0713402 0.111592 0.104902 0.108894 0.110636 0.117776 0.105296 0.107544 0.0401394 0.0192827 0.0124803 0.00416011 0.0028671 0.000618394 0 0 0 0 0
 0 0 0 0 0 0 0 0 0 0 0.00291406 0.0102884 0.027416 0.0768956 0.0749926 0.110853 0.0956884 0.0897413 0.0766577 0.0534642 0.0500743 0.0551293 0.0594112 0.0620874 0.0668451 0.0424026 0.0208742 0.0120726 0.0048766 0.00582813 0.00118941 0.000297354 0 0 0 0
 0 0.00264628 0.0354308 0.0461629 0.0458689 0.0383711 0.0214643 0.0164657 0.0346957 0.0420465 0.0363128 0.0245516 0.0311673 0.0291091 0.0169068 0.0133784 0.00837989 0.0085269 0.0148486 0.0160247 0.0276389 0.0546898 0.0760071 0.122758 0.109233 0.0665981 0.0333725 0.0166128 0.00676272 0.00308733 0.000882094 0 0 0 0 0
 0 0 0 0 0 0 0 0.000805153 0.000690131 0.00759144 0.0133425 0.0154129 0.00931677 0.000345066 0.00356568 0.00563607 0.00851162 0.0253048 0.0502646 0.0516448 0.0657925 0.0565908 0.0611916 0.0827007 0.0866115 0.110766 0.145733 0.0935128 0.0569358 0.0249597 0.0138026 0.00621118 0.00161031 0.00115022 0 0
 0 0 0 0 0 0 0 0 0 0 0 0 0 0 0 0 0 0 0 0 0 0 0 0 0 0 0 0 0 0 0 0 0 0 0 0
 0.00147267 0.00158595 0.00478618 0.00569244 0.00954404 0.0108468 0.00647125 0.017049 0.0510054 0.094081 0.124002 0.0959785 0.0687766 0.0820023 0.061753 0.0591476 0.0492212 0.0479892 0.0443925 0.0268479 0.0217502 0.0140895 0.0121071 0.0120363 0.00920419 0.00665534 0.0049561 0.00860946 0.00930331 0.0156896 0.0114698 0.00855282 0.00243557 0.00046729 0 2.83206e-05
 0 0 0 0 0.000772559 0.00158375 0.000888443 0.00281984 0.00712685 0.0440552 0.0773331 0.111326 0.0921469 0.0852325 0.0710754 0.0886704 0.0786465 0.0553345 0.0373146 0.0185414 0.00753245 0.00457741 0.012979 0.0271748 0.0457355 0.0583668 0.034881 0.0177882 0.00938659 0.00492506 0.0015258 0.00185414 0.000309023 5.79419e-05 3.86279e-05 0
 0 0.00173294 0.00326652 0 0.00397197 0.00683976 0.00946217 0.0152591 0.00757587 0.0136028 0.0228656 0.0392903 0.0559909 0.0764795 0.0681675 0.0726916 0.0566044 0.0477403 0.0527397 0.0444891 0.0609904 0.0582453 0.0661739 0.0445044 0.0529084 0.0360697 0.0280645 0.0235558 0.0158879 0.00826598 0.00280645 0.00217768 0.000904811 0.00058276 9.20147e-05 0
 0 0 0 0 0 0 0 0 0 0 0 0 0 0 0 0 0 0 0 0 0 0 0 0 0 0 0 0 0 0 0 0 0 0 0 0
 0 0 0 0 0 0 0 0 0 0 0 0 0 0 0 0 0 0 0 0 0 0 0 0 0 0 0 0 0 0 0 0 0 0 0 0
 0 0 0 0 0 0 0 0 0 0 0 0 0 0 0 0 0 0 0 0 0 0 0 0 0 0 0 0 0 0 0 0 0 0 0 0
ppred_pel_tallas
 1.0144e-16 3.14972e-05 0.000184859 0.00087873 0.00338315 0.01055 0.0266485 0.0545267 0.0903849 0.121387 0.132101 0.116539 0.0834604 0.0487842 0.0238186 0.0107368 0.00611682 0.00592256 0.00767475 0.0102672 0.0132146 0.0161864 0.0188604 0.0209319 0.0221684 0.0224588 0.0218331 0.0204447 0.0185239 0.0163201 0.0140511 0.0118738 0.0098788 0.00810282 0.00654889 0.00520514
 1.014e-16 3.29276e-05 0.000193259 0.000918664 0.00353691 0.0110295 0.0278597 0.0570047 0.0944918 0.1269 0.138094 0.121813 0.0872049 0.0509084 0.0247347 0.0109433 0.00594321 0.00550356 0.0070268 0.0093604 0.0120128 0.0146664 0.0170215 0.0187994 0.0197933 0.0199128 0.0192016 0.017818 0.0159895 0.0139561 0.0119215 0.0100248 0.00833704 0.00687465 0.00562143 0.00454911
 1.01974e-16 2.64712e-05 0.000155342 0.000738381 0.00284273 0.00886472 0.0223918 0.0458178 0.0759531 0.102018 0.111055 0.0980519 0.0703928 0.0414934 0.0209071 0.0105212 0.00752051 0.00855539 0.011544 0.0154985 0.0198838 0.0242341 0.0280585 0.0308932 0.0323961 0.0324231 0.0310575 0.0285774 0.0253772 0.0218714 0.0184107 0.0152338 0.0124596 0.0101104 0.00814922 0.00651629
 1.01723e-16 3.34379e-05 0.000196257 0.000932926 0.00359183 0.0112008 0.0282923 0.0578896 0.0959577 0.128866 0.140226 0.123674 0.0884978 0.0515828 0.024913 0.0107698 0.00549439 0.00478419 0.00600609 0.00801004 0.0103343 0.0127081 0.0148838 0.0166282 0.0177608 0.0181902 0.0179285 0.0170792 0.0158027 0.0142738 0.0126454 0.0110283 0.00948767 0.0080538 0.00673673 0.00553936
 1.01391e-16 3.2452e-05 0.000190465 0.000905378 0.00348575 0.01087 0.0274567 0.0561803 0.0931258 0.125068 0.136104 0.120068 0.0859789 0.0502392 0.0244962 0.0109844 0.00617221 0.00589431 0.00758903 0.0101103 0.0129537 0.0157785 0.0182579 0.0200892 0.0210509 0.021052 0.0201503 0.0185304 0.016452 0.0141865 0.0119614 0.00992937 0.00816351 0.00667318 0.00542967 0.00439038
 1.02425e-16 2.37254e-05 0.000139219 0.000661719 0.00254755 0.00794419 0.0200666 0.0410608 0.0680694 0.0914352 0.0995522 0.0879372 0.063221 0.0374467 0.0192031 0.0102148 0.00799265 0.0095603 0.0130585 0.0175791 0.0225846 0.0275677 0.0319789 0.0352947 0.0371247 0.0372988 0.0358997 0.0332279 0.0297158 0.0258204 0.0219311 0.0183159 0.0151134 0.0123572 0.0100172 0.00803822
 1.02764e-16 3.04496e-05 0.000178711 0.000849507 0.00327064 0.0101992 0.0257623 0.0527132 0.0873783 0.117348 0.127701 0.11265 0.0806559 0.0471074 0.0229313 0.010224 0.00567467 0.00538409 0.00696588 0.0093715 0.0121629 0.0150591 0.0177874 0.0200829 0.0217321 0.0226135 0.0227156 0.0221243 0.0209886 0.0194775 0.017743 0.0159004 0.0140266 0.0121707 0.0103682 0.00865144
 1.0257e-16 2.87567e-05 0.000168766 0.000802212 0.00308852 0.00963121 0.0243278 0.0497786 0.0825162 0.110825 0.120621 0.106448 0.0763111 0.044762 0.022147 0.0104781 0.00665852 0.00702328 0.00931083 0.0124871 0.0160546 0.0196311 0.0228285 0.0252809 0.0267159 0.0270134 0.0262286 0.0245658 0.0223179 0.0197916 0.0172436 0.0148454 0.01268 0.0107617 0.00906648 0.00755999
 1.02112e-16 3.12245e-05 0.000183259 0.000871121 0.00335385 0.0104587 0.0264178 0.0540545 0.0896021 0.120336 0.130956 0.115529 0.0827341 0.0483549 0.0236003 0.0106239 0.00603259 0.00582534 0.00754516 0.0100977 0.0130057 0.0159469 0.0186088 0.0206961 0.0219844 0.0223672 0.0218748 0.0206553 0.018929 0.0169314 0.0148641 0.0128675 0.0110175 0.00933932 0.00782966 0.00647568
 1.0203e-16 2.95442e-05 0.00017339 0.000824194 0.00317316 0.00989516 0.0249945 0.0511426 0.084777 0.11386 0.123922 0.109354 0.0783783 0.0459428 0.0226721 0.0106272 0.0066205 0.00688136 0.00908424 0.0121693 0.0156333 0.0190967 0.0221768 0.0245131 0.0258374 0.0260323 0.0251532 0.023404 0.0210777 0.0184829 0.0158805 0.0134485 0.0112762 0.00938326 0.00774809 0.00633468
 1.03664e-16 2.01043e-05 0.000117957 0.000560632 0.00215833 0.00673041 0.0170008 0.034788 0.0576732 0.0774784 0.0843774 0.0745829 0.0537293 0.0320442 0.0168384 0.00961423 0.00830604 0.0104267 0.0144141 0.0194782 0.025102 0.0307554 0.0358479 0.0398086 0.0422036 0.0428297 0.0417506 0.0392608 0.0357962 0.0318222 0.0277378 0.0238216 0.020224 0.0169945 0.0141239 0.0115819
 1.06376e-16 1.93759e-05 0.000113689 0.000540365 0.00208033 0.0064872 0.0163863 0.0335301 0.0555854 0.0746666 0.0812967 0.071816 0.051641 0.0306095 0.0157417 0.00845766 0.00674348 0.00819705 0.0113393 0.0154778 0.0202286 0.0252294 0.0300688 0.0343267 0.03765 0.0398166 0.0407645 0.0405754 0.0394267 0.03753 0.0350813 0.0322365 0.0291125 0.0258043 0.0224046 0.0190145
 1.05187e-16 2.81804e-05 0.00016539 0.000786176 0.0030268 0.00943878 0.0238416 0.0487833 0.0808644 0.108601 0.118185 0.104262 0.074665 0.0436381 0.021299 0.00959475 0.00546993 0.00532564 0.00696317 0.00942089 0.0123 0.0153444 0.0183022 0.0209257 0.0230109 0.0244342 0.0251679 0.0252666 0.0248355 0.0239908 0.02283 0.0214188 0.0197965 0.0179914 0.0160381 0.0139877
 1.03406e-16 2.83494e-05 0.000166376 0.00079085 0.00304477 0.0094948 0.0239832 0.0490735 0.0813474 0.109255 0.118912 0.104939 0.0752271 0.044122 0.0218229 0.0103128 0.00653891 0.0068888 0.00913506 0.012262 0.0157846 0.0193333 0.022533 0.0250303 0.0265611 0.0270087 0.0264239 0.0249995 0.0230117 0.0207468 0.0184406 0.0162459 0.0142308 0.0124001 0.0107264 0.00917816
 1.01881e-16 3.25945e-05 0.000191303 0.00090937 0.00350113 0.0109179 0.0275778 0.0564279 0.0935357 0.125616 0.136696 0.120577 0.0863163 0.0503814 0.0244637 0.0107986 0.00583127 0.00537437 0.0068593 0.00915027 0.0117682 0.0144081 0.0167823 0.0186224 0.0197263 0.0200018 0.0194825 0.0183106 0.0166938 0.014852 0.0129719 0.0111813 0.00954608 0.0080836 0.0067837 0.00562744
 1.01212e-16 3.32325e-05 0.000195048 0.000927171 0.00356966 0.0111317 0.0281177 0.0575326 0.0953669 0.128076 0.139374 0.122942 0.0880158 0.0513861 0.0249746 0.0110617 0.00602302 0.00558722 0.00712996 0.00948365 0.0121463 0.0147907 0.0171083 0.0188144 0.0197005 0.0196812 0.018811 0.0172641 0.0152858 0.0131327 0.0110208 0.00909538 0.00742704 0.00602572 0.00486475 0.00390346
 1.0173e-16 2.74643e-05 0.000161174 0.000766109 0.00294949 0.00919766 0.0232327 0.0475384 0.0788044 0.105845 0.115215 0.101709 0.0729849 0.0429536 0.0215173 0.010622 0.00733457 0.00817038 0.0109678 0.0147115 0.018869 0.0229914 0.0266107 0.0292854 0.0306901 0.0306878 0.0293581 0.0269661 0.0238886 0.0205217 0.0172016 0.0141578 0.0115058 0.0092685 0.0074114 0.00587705
 1.02607e-16 2.77672e-05 0.000162957 0.000774596 0.00298219 0.00929963 0.0234902 0.0480649 0.0796757 0.107011 0.116471 0.102789 0.0736963 0.0432449 0.0214287 0.0101949 0.00655984 0.00699222 0.00931687 0.0125435 0.0161978 0.019913 0.0233105 0.0260258 0.0277758 0.0284177 0.0279728 0.0266056 0.0245705 0.0221447 0.0195706 0.0170231 0.0146055 0.0123647 0.0103153 0.00846012
 1.03036e-16 2.74687e-05 0.000161205 0.000766263 0.00295011 0.00919958 0.0232375 0.0475478 0.0788188 0.105861 0.115221 0.10169 0.0729173 0.042806 0.0212447 0.0101627 0.00661123 0.00709838 0.00947152 0.0127469 0.0164481 0.0202022 0.0236248 0.0263474 0.0280875 0.0287079 0.0282396 0.0268591 0.0248314 0.0224402 0.0199277 0.0174622 0.0151351 0.0129788 0.0109943 0.00917426
 1.02018e-16 3.33341e-05 0.000195648 0.000930028 0.00358067 0.011166 0.0282044 0.0577098 0.0956596 0.128466 0.139791 0.123292 0.0882261 0.0514286 0.0248462 0.0107537 0.00550411 0.00480814 0.00604013 0.00805208 0.0103815 0.012756 0.0149267 0.0166608 0.0177802 0.0181974 0.0179308 0.0170896 0.0158388 0.014355 0.0127892 0.0112463 0.00978329 0.00842068 0.00715974 0.00599698
 1.01779e-16 2.97131e-05 0.00017438 0.000828902 0.00319128 0.00995167 0.0251372 0.0514348 0.0852616 0.114512 0.124633 0.109986 0.0788411 0.0462336 0.0228517 0.0107706 0.00678664 0.00710764 0.00939129 0.0125636 0.0161058 0.0196197 0.0227038 0.0249827 0.0261812 0.0261864 0.02507 0.0230616 0.0204843 0.017675 0.0149165 0.0123981 0.0102101 0.00836362 0.00682226 0.00553263
 1.02292e-16 2.82635e-05 0.000165871 0.000788445 0.00303551 0.00946591 0.0239102 0.0489243 0.0811004 0.108924 0.118554 0.104628 0.0750164 0.0440223 0.0218185 0.0103866 0.00668805 0.00712583 0.00948112 0.0127391 0.0164088 0.0201077 0.0234435 0.0260416 0.0276169 0.0280344 0.0273333 0.0257035 0.0234282 0.020811 0.0181139 0.0155213 0.0131355 0.0109928 0.00909091 0.00741274
 1.02416e-16 2.99271e-05 0.000175641 0.000834902 0.00321439 0.0100238 0.0253193 0.051807 0.0858774 0.115336 0.12552 0.110747 0.0793394 0.046431 0.0227738 0.0104432 0.0061991 0.00621608 0.00814295 0.0109253 0.0140891 0.0172983 0.0202195 0.0225349 0.0240016 0.0245013 0.0240607 0.0228322 0.0210455 0.0189466 0.0167473 0.0145959 0.0125742 0.0107128 0.00901379 0.0074705
 1.02596e-16 2.79326e-05 0.000163927 0.000779205 0.00299993 0.00935495 0.02363 0.0483509 0.0801502 0.107649 0.117169 0.103411 0.0741554 0.043541 0.0216243 0.0103676 0.00677188 0.00728433 0.00971134 0.0130449 0.01679 0.0205553 0.0239386 0.0265573 0.0281238 0.0285063 0.0277536 0.0260691 0.0237499 0.0211102 0.0184167 0.0158521 0.0135105 0.0114171 0.00955761 0.0079055
 1.06061e-16 1.03061e-05 6.0421e-05 0.000287073 0.00110501 0.00344567 0.00870397 0.0178131 0.029541 0.0397144 0.0433271 0.0384794 0.0281162 0.0175631 0.0106849 0.00839829 0.00979616 0.0137206 0.0194044 0.0263479 0.0340385 0.0418165 0.0489057 0.0545445 0.0581457 0.0594215 0.0584321 0.05554 0.0512931 0.0462803 0.0410082 0.0358326 0.0309509 0.0264382 0.0223024 0.0185311
pSPR Fmed_Fpbrs
0.641164   0.340608 0.340608
Fs Fmed_Fpbrs
0.294297   1.005 1.005
SSBpbr Bo_Bmed_Bpbrs
1.10255e+06  651786  320409 320409
Ro
44355.9
SPR SPRFo_SPRFmed_SPRFpbrs
914153 586122 311368
log_Ro
10.52
likeval ReclasPelacesDesembMPH_pf_preclas_ppelaces_ptallas_desvR_qrecl_qpela
 68.9943 35.4915 0.00552361 0.00105178 285.457 194.589 70.3375 0 16.4457 5.17851e-05 0 0 0 0 0
q_reclas_q_pelaces
0.360692 1
M
0.7
N
 37003.4 14094.4 5439.23 660.803 0.291345
 49616.6 16827.1 4213.64 1626.11 197.64
 25040 22557.9 5024.28 1258.12 544.54
 48697.7 10704.2 4722.06 1051.73 377.352
 86315.6 23417.2 4415.99 1948.08 589.567
 56311.6 42635.4 11277.1 2126.62 1222.06
 98243.7 26644.2 16023.8 4238.32 1258.55
 102478 47276.8 11038.3 6638.44 2277.27
 140062 47926.9 16614.4 3879.17 3133.22
 157953 65272.9 16503.5 5721.11 2414.7
 67643.2 75009.4 25052.7 6334.27 3122.64
 38534.9 30954.8 23254.4 7766.84 2931.83
 43749.4 17757.4 9989.37 7504.41 3452.55
 22918 19251.1 4391.83 2470.6 2709.91
 17058.1 9187.41 2782.47 634.776 748.77
 20072.9 6853.25 1344.75 407.268 202.509
 15725.8 9151.17 2078.97 407.938 184.979
 16903.2 7342.14 3184.65 723.491 206.338
 18252.5 8040.08 2844.4 1233.76 360.223
 37969.3 8727.73 3210.84 1135.93 636.564
 46874.4 18124.3 3450.91 1269.55 700.834
 56320.1 22872.4 8134.61 1548.85 884.358
 82244.5 27355.9 9998.4 3555.95 1063.65
 91312.8 39740.1 11603.8 4241.1 1959.53
 18834.2 44057.3 16715.3 4880.73 2608.08
pred_Ctot
 2253.69 4152.54 1602.53 194.688 0.085837
 3029.1 4967.43 1243.89 480.034 58.3442
 2527.65 9852.25 2194.37 549.489 237.83
 1110.43 1316.74 580.87 129.376 46.4188
 329.777 510.051 96.1848 42.4311 12.8414
 1915.91 7576.24 2003.92 377.897 217.158
 2190.14 3209.05 1929.92 510.465 151.58
 4304.95 10137.8 2366.99 1423.51 488.325
 6220.5 10790.9 3740.79 873.408 705.457
 4976.78 10819.4 2735.56 948.31 400.251
 3835.34 20820 6953.75 1758.17 866.736
 2004.96 7989.54 6002.06 2004.65 756.717
 3608.33 6668.73 3751.46 2818.25 1296.59
 3215.83 10508.6 2397.37 1348.63 1479.26
 2371.33 4985.77 1509.98 344.477 406.338
 1188.68 1972.59 387.065 117.225 58.2887
 678.811 2009.71 456.567 89.5883 40.6237
 513.684 1177.6 510.783 116.04 33.0943
 487.959 1146.43 405.583 175.921 51.3642
 1060.67 1295.9 476.747 168.662 94.5171
 586.748 1260.97 240.092 88.3273 48.7595
 887.113 1983.68 705.5 134.329 76.6987
 1597.56 2894.78 1058.02 376.288 112.554
 1867.44 4414.34 1288.95 471.103 217.665
 374.441 4765.32 1807.96 527.909 282.095
F
 0.0880217 0.507449 0.507449 0.507449 0.507449
 0.0882398 0.508707 0.508707 0.508707 0.508707
 0.149841 0.863841 0.863841 0.863841 0.863841
 0.0321597 0.185403 0.185403 0.185403 0.185403
 0.00532507 0.0306993 0.0306993 0.0306993 0.0306993
 0.0483269 0.278607 0.278607 0.278607 0.278607
 0.031431 0.181201 0.181201 0.181201 0.181201
 0.0599738 0.345752 0.345752 0.345752 0.345752
 0.0635041 0.366104 0.366104 0.366104 0.366104
 0.0446825 0.257597 0.257597 0.257597 0.257597
 0.0817195 0.471117 0.471117 0.471117 0.471117
 0.0747619 0.431006 0.431006 0.431006 0.431006
 0.120911 0.697058 0.697058 0.697058 0.697058
 0.214088 1.23423 1.23423 1.23423 1.23423
 0.211901 1.22162 1.22162 1.22162 1.22162
 0.0854894 0.492851 0.492851 0.492851 0.492851
 0.0616713 0.355538 0.355538 0.355538 0.355538
 0.043066 0.248278 0.248278 0.248278 0.248278
 0.0377977 0.217906 0.217906 0.217906 0.217906
 0.0395258 0.227868 0.227868 0.227868 0.227868
 0.0175408 0.101124 0.101124 0.101124 0.101124
 0.022117 0.127506 0.127506 0.127506 0.127506
 0.0273375 0.157602 0.157602 0.157602 0.157602
 0.0288007 0.166038 0.166038 0.166038 0.166038
 0.0279877 0.161351 0.161351 0.161351 0.161351
nmprior
 10 11 7 0
nm_flota  nm_reclas  nm_pelaces    nm_pelaL
inf 16.6227 19.6851 35.7244
cv_recla  cv_pelaces  cv_mph
0.751331 0.701014 1.05221
 ------------------------------------------------
Talla a la edad & desviación 
 7.2 14.2025 17.0495 18.207 18.6776
 1.08 2.13037 2.55742 2.73105 2.80164
