years
 1997 1998 1999 2000 2001 2002 2003 2004 2005 2006 2007 2008 2009 2010 2011 2012 2013 2014 2015 2016 2017 2018 2019 2020 2021
reclasobs
 0 0 0 370054 412103 1.49427e+06 250295 1.28982e+06 931140 785840 897777 1.04006e+06 184774 17550 25797 100020 73551 82996 120727 218422 84188 347160 605670 569463 516374
reclaspred
 458958 134792 458068 327963 434541 509031 1.07979e+06 679289 701495 589424 450590 299707 181768 84843 61160.8 64349.1 83489.5 117056 125599 179635 257175 237130 415094 550765 635655
pelacesobs
 0 0 0 0 0 0 0 0 0 2.06254e+06 1.5e+06 0 1.87456e+06 323000 250000 174000 83755 137374 0 501740 490994 745055 786931 1.00524e+06 0
pelacespred
 1.9039e+06 521195 1.03011e+06 1.15357e+06 1.2848e+06 1.29871e+06 2.93749e+06 2.43349e+06 2.15794e+06 1.85752e+06 1.28224e+06 876963 521972 203101 142064 160982 218054 310484 347196 477688 756665 691679 949800 1.46634e+06 1.7909e+06
mphobs
 0 0 0 0 0 112323 0 153150 637223 0 255016 313432 73983 77613 109348 50772 0 0 0 0 0 0 0 0 0
mphpred
 165355 113791 149897 203713 195887 279221 416018 471059 380267 354164 306971 211671 129818 67628.1 33210.7 29473.1 36970.1 52828.4 67098.6 77954.8 115540 135496 172347 248313 374671
desembarqueobs
 350755 77701 442110 56441 14545 235359 269955 359681 431902 328805 639364 411747 362871 311530 167758 66681 60226 58785 57116 71774 51957 67425 138520 160799 200461
desembarquepred
 350766 77705 442158 56442.9 14545.1 235396 269983 359716 431986 328875 639770 412100 363363 312131 167849 66699.6 60248.7 58789.6 57115.4 71778.3 51958.9 67423.1 138525 160806 200461
Reclutas
 75333.7 93425.3 60364.9 86651.5 141489 104728 156036 133098 145625 135031 67613 41155.6 41572.1 24068.5 18914.1 23962.8 20405.1 23339.2 26620.4 46144.8 58247.4 77366.9 123516 164181 80443.1
log_desv_Rt
 0.169683 0.384917 -0.0518361 0.309649 0.799978 0.499122 0.897839 0.738841 0.828789 0.753257 0.0615555 -0.434884 -0.424817 -0.97134 -1.21234 -0.975741 -1.13646 -1.00211 -0.870566 -0.320461 -0.0875446 0.196314 0.664122 0.948725 0.235306
SSB
 896192 616728 812412 1.10408e+06 1.06167e+06 1.51333e+06 2.25473e+06 2.55305e+06 2.06097e+06 1.9195e+06 1.66372e+06 1.14722e+06 703588 366531 179995 159739 200371 286320 363662 422500 626205 734362 934087 1.34581e+06 2.03065e+06
BT
 3.10144e+06 862354 1.72931e+06 1.69103e+06 1.84221e+06 2.003e+06 4.40041e+06 3.8502e+06 3.47e+06 2.94906e+06 2.39072e+06 1.61456e+06 1.09731e+06 589023 347793 285363 361218 489428 538983 740271 1.12367e+06 1.03554e+06 1.4389e+06 2.21532e+06 2.66743e+06
Ftot
 0.329835 0.239192 0.323399 0.0595446 0.0129927 0.137702 0.0869485 0.17899 0.21241 0.185341 0.413361 0.390185 0.617387 1.0983 1.00868 0.390797 0.271732 0.17931 0.149232 0.150404 0.0736639 0.0950882 0.111559 0.106225 0.0896918
BD_Bspro_t
 0.960638 0.816238 0.794995 0.709008 0.797688 0.881433 0.857225 0.858411 0.808066 0.764239 0.718051 0.56739 0.452782 0.336443 0.218838 0.236319 0.356793 0.527933 0.640179 0.721159 0.807681 0.86495 0.871518 0.876283 0.879185
BD_Bspro
 0.683968 0.470683 0.620028 0.84263 0.81026 1.15496 1.7208 1.94847 1.57292 1.46495 1.26974 0.87555 0.536974 0.279735 0.137371 0.121912 0.152922 0.218517 0.277544 0.32245 0.477916 0.560461 0.71289 1.02711 1.54978
BD_Bo
 0.592576 0.40779 0.53718 0.730038 0.701994 1.00064 1.49087 1.68812 1.36275 1.26921 1.10008 0.758559 0.465224 0.242357 0.119016 0.105622 0.132488 0.189319 0.240459 0.279364 0.414057 0.485572 0.617633 0.88987 1.3427
BD_Brms
 2.09893 1.44441 1.90272 2.58583 2.48649 3.5443 5.28072 5.97939 4.82692 4.49559 3.89654 2.68685 1.64785 0.858438 0.42156 0.374117 0.46928 0.670577 0.851717 0.989521 1.46661 1.71992 2.18769 3.15196 4.75589
S_f
 0.200749 1 1 1 1
 0.200749 1 1 1 1
 0.200749 1 1 1 1
 0.200749 1 1 1 1
 0.200749 1 1 1 1
 0.200749 1 1 1 1
 0.200749 1 1 1 1
 0.200749 1 1 1 1
 0.200749 1 1 1 1
 0.200749 1 1 1 1
 0.200749 1 1 1 1
 0.200749 1 1 1 1
 0.200749 1 1 1 1
 0.200749 1 1 1 1
 0.200749 1 1 1 1
 0.200749 1 1 1 1
 0.200749 1 1 1 1
 0.200749 1 1 1 1
 0.200749 1 1 1 1
 0.200749 1 1 1 1
 0.200749 1 1 1 1
 0.200749 1 1 1 1
 0.200749 1 1 1 1
 0.200749 1 1 1 1
 0.200749 1 1 1 1
Scru_reclas
 1 1 1 1 1
 1 1 1 1 1
 1 1 1 1 1
 1 1 1 1 1
 1 1 1 1 1
 1 1 1 1 1
 1 1 1 1 1
 1 1 1 1 1
 1 1 1 1 1
 1 1 1 1 1
 1 1 1 1 1
 1 1 1 1 1
 1 1 1 1 1
 1 1 1 1 1
 1 1 1 1 1
 1 1 1 1 1
 1 1 1 1 1
 1 1 1 1 1
 1 1 1 1 1
 1 1 1 1 1
 1 1 1 1 1
 1 1 1 1 1
 1 1 1 1 1
 1 1 1 1 1
 1 1 1 1 1
Scru_pelaces
 0.921656 1 1 1 1
 0.921656 1 1 1 1
 0.921656 1 1 1 1
 0.921656 1 1 1 1
 0.921656 1 1 1 1
 0.921656 1 1 1 1
 0.921656 1 1 1 1
 0.921656 1 1 1 1
 0.921656 1 1 1 1
 0.921656 1 1 1 1
 0.921656 1 1 1 1
 0.921656 1 1 1 1
 0.921656 1 1 1 1
 0.921656 1 1 1 1
 0.921656 1 1 1 1
 0.921656 1 1 1 1
 0.921656 1 1 1 1
 0.921656 1 1 1 1
 0.921656 1 1 1 1
 0.921656 1 1 1 1
 0.921656 1 1 1 1
 0.921656 1 1 1 1
 0.921656 1 1 1 1
 0.921656 1 1 1 1
 0.921656 1 1 1 1
pf_obs 
 0.256992 0.487395 0.22802 0.0275931 0
 0.321318 0.546541 0.124235 0.00734118 0.000564706
 0.182869 0.594174 0.210203 0.0122559 0.00049798
 0.330522 0.361315 0.267642 0.0388342 0.00168674
 0.649043 0.306663 0.0425973 0.00169635 0
 0.582887 0.30429 0.105238 0.00758474 0
 0.465427 0.430635 0.0974691 0.00646863 0
 0.296916 0.608066 0.0921331 0.00288517 0
 0.311714 0.524322 0.152257 0.0117073 0
 0.15457 0.633149 0.183074 0.0267441 0.00246327
 0.131901 0.49318 0.331252 0.0422183 0.00144891
 0.196976 0.569456 0.194076 0.0375587 0.00193317
 0.518974 0.381816 0.0799577 0.0180837 0.00116848
 0.0928022 0.601141 0.25162 0.0475244 0.00691264
 0.122501 0.610282 0.24278 0.0234846 0.000952079
 0.383417 0.481906 0.127806 0.00687128 0
 0.0376549 0.599619 0.316969 0.0457579 0
 0.0361596 0.667082 0.258105 0.0386534 0
 0.158088 0.579412 0.248529 0.0139706 0
 0.0477256 0.309471 0.559284 0.082774 0.000745712
 0.0406174 0.521527 0.379366 0.0568643 0.0016247
 0.151134 0.462217 0.34131 0.0453401 0
 0.294876 0.26143 0.354403 0.0886775 0.000613685
 0.281977 0.475581 0.204845 0.0348837 0.00271318
 0 0 0 0 0
pf_pred 
 0.388017 0.432397 0.160656 0.0189204 9.57513e-06
 0.313745 0.539435 0.103736 0.0385428 0.00454147
 0.180016 0.588305 0.182112 0.035021 0.0145452
 0.261202 0.413097 0.233677 0.0723357 0.0196879
 0.301761 0.449648 0.138999 0.0786278 0.0309641
 0.17716 0.562886 0.167404 0.0517493 0.0408011
 0.253852 0.397684 0.238376 0.0708936 0.039194
 0.192369 0.515249 0.155835 0.0934088 0.0431384
 0.217287 0.44042 0.218375 0.0660464 0.057872
 0.201134 0.482219 0.178172 0.0883438 0.0501313
 0.122321 0.506416 0.224105 0.0828033 0.0643546
 0.122271 0.400771 0.275202 0.121786 0.0799701
 0.197188 0.364272 0.200237 0.137499 0.100803
 0.188031 0.503818 0.139822 0.076859 0.0914699
 0.265266 0.487341 0.153505 0.0426014 0.0512869
 0.347961 0.486141 0.110038 0.0346602 0.0211993
 0.237216 0.580432 0.135957 0.0307739 0.015622
 0.248635 0.478505 0.207629 0.0486338 0.0165965
 0.244059 0.484782 0.172687 0.0749311 0.0235409
 0.324846 0.426971 0.159159 0.056695 0.0323294
 0.2797 0.518265 0.127768 0.047627 0.0266398
 0.273015 0.484602 0.174398 0.0429943 0.0249911
 0.311435 0.455344 0.155463 0.0559479 0.0218101
 0.286236 0.501907 0.1401 0.0478327 0.0239245
 0.123838 0.593112 0.199036 0.0555578 0.028456
pobs_RECLAS
 0 0 0 0 0
 0 0 0 0 0
 0 0 0 0 0
 0 0 0 0 0
 0.835266 0.146461 0.0176864 0.000547809 3.91292e-05
 0.385257 0.428462 0.181853 0.0044286 0
 0.867414 0.0963971 0.0333333 0.00285562 0
 0.441836 0.489002 0.0689373 0.000224442 0
 0.779404 0.147425 0.0564933 0.0165055 0.000172143
 0.814271 0.122319 0.05973 0.00367925 0
 0.40263 0.566651 0.0304383 0.000280538 0
 0.475488 0.404961 0.113038 0.00651328 0
 0.955842 0.0263864 0.0167828 0.000988607 0
 0.975058 0.0227948 0.00214734 0 0
 0.738997 0.206755 0.0527124 0.00153531 0
 0.850938 0.134255 0.0134407 0.00136685 0
 0.542534 0.407297 0.0501686 0 0
 0.764087 0.199537 0.0359546 0.000420521 0
 0.470689 0.182191 0.310203 0.0369168 0
 0.84361 0.089868 0.0606195 0.00523954 0.000663233
 0.607945 0.314616 0.071237 0.00620181 0
 0.523733 0.453247 0.0230204 0 0
 0.530135 0.295979 0.169645 0.0042399 0
 0.562478 0.366248 0.0663022 0.0049721 0
 0.250443 0.683176 0.0655157 0.000865301 0
ppred_RECLAS
 0.763055 0.167413 0.0622021 0.00732551 3.70725e-06
 0.697687 0.237635 0.0456983 0.0169791 0.00200063
 0.527089 0.339294 0.10503 0.0201977 0.00838866
 0.6385 0.202132 0.11434 0.0353945 0.00963345
 0.682954 0.20417 0.0631147 0.0357022 0.0140598
 0.519264 0.32886 0.097804 0.030234 0.0238376
 0.629913 0.19725 0.118234 0.0351631 0.0194401
 0.545011 0.290272 0.0877915 0.0526231 0.0243026
 0.583152 0.234553 0.1163 0.0351742 0.0308208
 0.558822 0.266308 0.0983966 0.0487884 0.0276853
 0.415997 0.336966 0.149118 0.0550968 0.0428212
 0.415451 0.266905 0.183279 0.0811067 0.0532584
 0.560921 0.19923 0.109515 0.0752019 0.0551319
 0.559486 0.273334 0.0758571 0.041698 0.0496248
 0.661958 0.224219 0.0706255 0.0196004 0.0235965
 0.731384 0.200272 0.0453316 0.0142787 0.00873334
 0.611381 0.295715 0.0692666 0.0156785 0.00795901
 0.624651 0.239041 0.103722 0.0242954 0.00829089
 0.618435 0.244696 0.0871648 0.0378218 0.0118824
 0.707225 0.185153 0.069018 0.0245854 0.0140194
 0.660016 0.244623 0.0603067 0.0224801 0.0125741
 0.652731 0.231486 0.0833071 0.0205377 0.0119378
 0.693795 0.202491 0.0691344 0.0248801 0.00969895
 0.667591 0.233744 0.0652461 0.0222763 0.0111419
 0.414251 0.396519 0.133063 0.0371426 0.0190239
pobs_PELACES
 0 0 0 0 0
 0 0 0 0 0
 0 0 0 0 0
 0 0 0 0 0
 0 0 0 0 0
 0 0 0 0 0
 0 0 0 0 0
 0 0 0 0 0
 0 0 0 0 0
 0 0 0 0 0
 0.450072 0.473896 0.0757376 0.000293798 0
 0 0 0 0 0
 0.463077 0.371075 0.160297 0.00555027 0
 0.529543 0.364841 0.0842815 0.0213345 0
 0.631943 0.363953 0.00410389 0 0
 0.735681 0.248677 0.0153453 0.000297389 0
 0.695825 0.281241 0.0229344 0 0
 0.275771 0.60734 0.115278 0.00161068 0
 0 0 0 0 0
 0.896147 0.0623911 0.0374545 0.00400742 0
 0.803859 0.145111 0.0509908 3.86294e-05 0
 0.739449 0.233085 0.0266225 0.000797448 4.60066e-05
 0.878498 0.100942 0.0204185 0.000141795 0
 0.694673 0.275183 0.0284847 0.00165964 0
 0 0 0 0 0
ppred_PELACES
 0.764032 0.166723 0.0619456 0.00729531 3.69196e-06
 0.693772 0.240713 0.0462901 0.017199 0.00202654
 0.528015 0.33863 0.104824 0.0201582 0.00837224
 0.62316 0.210709 0.119192 0.0368964 0.0100422
 0.665794 0.21522 0.0665307 0.0376345 0.0148207
 0.507957 0.336595 0.100104 0.0309451 0.0243983
 0.616139 0.204591 0.122634 0.0364717 0.0201636
 0.536474 0.295718 0.0894386 0.0536104 0.0247586
 0.576926 0.238057 0.118037 0.0356996 0.0312811
 0.550745 0.271183 0.100198 0.0496815 0.0281921
 0.422679 0.333111 0.147412 0.0544664 0.0423312
 0.42064 0.264536 0.181652 0.0803868 0.0527856
 0.580823 0.190199 0.104551 0.0717932 0.0526329
 0.609967 0.242011 0.0671642 0.0369196 0.043938
 0.701927 0.197708 0.062275 0.0172829 0.0208065
 0.735585 0.19714 0.0446227 0.0140554 0.00859675
 0.609023 0.297509 0.0696869 0.0157736 0.0080073
 0.616577 0.244182 0.105953 0.0248179 0.00846922
 0.608423 0.251117 0.0894519 0.0388142 0.0121942
 0.698471 0.190688 0.0710815 0.0253204 0.0144385
 0.645934 0.254755 0.0628047 0.0234113 0.0130949
 0.639815 0.240096 0.0864055 0.0213015 0.0123818
 0.682604 0.209892 0.0716612 0.0257894 0.0100534
 0.6556 0.242177 0.0675999 0.0230799 0.0115439
 0.400269 0.405984 0.13624 0.0380292 0.0194781
pobs_pel_tallas
 0 0 0 0 0 0 0 0 0 0 0 0 0 0 0 0 0 0 0 0 0 0 0 0 0 0 0 0 0 0 0 0 0 0 0 0
 0 0 0 0 0 0 0 0 0 0 0 0 0 0 0 0 0 0 0 0 0 0 0 0 0 0 0 0 0 0 0 0 0 0 0 0
 0 0 0 0 0 0 0 0 0 0 0 0 0 0 0 0 0 0 0 0 0 0 0 0 0 0 0 0 0 0 0 0 0 0 0 0
 0 0 0 0 0 0 0 0 0 0 0 0 0 0 0 0 0 0 0 0 0 0 0 0 0 0 0 0 0 0 0 0 0 0 0 0
 0 0 0 0 0 0 0 0 0 0 0 0 0 0 0 0 0 0 0 0 0 0 0 0 0 0 0 0 0 0 0 0 0 0 0 0
 0 0 0 0 0 0 0 0 0 0 0 0 0 0 0 0 0 0 0 0 0 0 0 0 0 0 0 0 0 0 0 0 0 0 0 0
 0 0 0 0 0 0 0 0 0 0 0 0 0 0 0 0 0 0 0 0 0 0 0 0 0 0 0 0 0 0 0 0 0 0 0 0
 0 0 0 0 0 0 0 0 0 0 0 0 0 0 0 0 0 0 0 0 0 0 0 0 0 0 0 0 0 0 0 0 0 0 0 0
 0 0 0 0 0 0 0 0 0 0 0 0 0 0 0 0 0 0 0 0 0 0 0 0 0 0 0 0 0 0 0 0 0 0 0 0
 0 0 0 0 0 0 0 0 0 0 0 0 0 0 0 0 0 0 0 0 0 0 0 0 0 0 0 0 0 0 0 0 0 0 0 0
 0 0 0 0 0 0 0 0 1.78061e-05 0.00172719 0.00360574 0.0105946 0.0120993 0.0124554 0.0147524 0.0171206 0.0266825 0.0428682 0.0675386 0.121331 0.153587 0.119568 0.100827 0.0573624 0.0630603 0.0341343 0.0324427 0.0444173 0.0211091 0.0280891 0.0125444 0.00206551 0 0 0 0
 0 0 0 0 0 0 0 0 0 0 0 0 0 0 0 0 0 0 0 0 0 0 0 0 0 0 0 0 0 0 0 0 0 0 0 0
 0 0 0 0 0 0 0.0133647 0.0140871 0.0187388 0.0205184 0.03894 0.0496705 0.03968 0.0493445 0.0407372 0.0367815 0.0215668 0.0243155 0.0234873 0.0199281 0.019796 0.0243948 0.0301388 0.0376714 0.0412746 0.0863199 0.0771752 0.113111 0.0741005 0.0525337 0.0229764 0.00759418 0.00175318 0 0 0
 0 0 0 0 0 0 0 0 0 0 0.00219441 0.00772107 0.0458388 0.0604681 0.0671733 0.0775358 0.0609151 0.0617685 0.073594 0.0568108 0.0755445 0.0548602 0.0670107 0.0636378 0.0643287 0.046367 0.0373049 0.0286899 0.0247887 0.0153202 0.00654259 0.00121912 0.000365735 0 0 0
 0 0 0 0 0 0 0 0 0 0 0 0 0.000112435 0.00938835 0.0111873 0.0202946 0.0414886 0.0713402 0.111592 0.104902 0.108894 0.110636 0.117776 0.105296 0.107544 0.0401394 0.0192827 0.0124803 0.00416011 0.0028671 0.000618394 0 0 0 0 0
 0 0 0 0 0 0 0 0 0 0 0.00291406 0.0102884 0.027416 0.0768956 0.0749926 0.110853 0.0956884 0.0897413 0.0766577 0.0534642 0.0500743 0.0551293 0.0594112 0.0620874 0.0668451 0.0424026 0.0208742 0.0120726 0.0048766 0.00582813 0.00118941 0.000297354 0 0 0 0
 0 0.00264628 0.0354308 0.0461629 0.0458689 0.0383711 0.0214643 0.0164657 0.0346957 0.0420465 0.0363128 0.0245516 0.0311673 0.0291091 0.0169068 0.0133784 0.00837989 0.0085269 0.0148486 0.0160247 0.0276389 0.0546898 0.0760071 0.122758 0.109233 0.0665981 0.0333725 0.0166128 0.00676272 0.00308733 0.000882094 0 0 0 0 0
 0 0 0 0 0 0 0 0.000805153 0.000690131 0.00759144 0.0133425 0.0154129 0.00931677 0.000345066 0.00356568 0.00563607 0.00851162 0.0253048 0.0502646 0.0516448 0.0657925 0.0565908 0.0611916 0.0827007 0.0866115 0.110766 0.145733 0.0935128 0.0569358 0.0249597 0.0138026 0.00621118 0.00161031 0.00115022 0 0
 0 0 0 0 0 0 0 0 0 0 0 0 0 0 0 0 0 0 0 0 0 0 0 0 0 0 0 0 0 0 0 0 0 0 0 0
 0.00147267 0.00158595 0.00478618 0.00569244 0.00954404 0.0108468 0.00647125 0.017049 0.0510054 0.094081 0.124002 0.0959785 0.0687766 0.0820023 0.061753 0.0591476 0.0492212 0.0479892 0.0443925 0.0268479 0.0217502 0.0140895 0.0121071 0.0120363 0.00920419 0.00665534 0.0049561 0.00860946 0.00930331 0.0156896 0.0114698 0.00855282 0.00243557 0.00046729 0 2.83206e-05
 0 0 0 0 0.000772559 0.00158375 0.000888443 0.00281984 0.00712685 0.0440552 0.0773331 0.111326 0.0921469 0.0852325 0.0710754 0.0886704 0.0786465 0.0553345 0.0373146 0.0185414 0.00753245 0.00457741 0.012979 0.0271748 0.0457355 0.0583668 0.034881 0.0177882 0.00938659 0.00492506 0.0015258 0.00185414 0.000309023 5.79419e-05 3.86279e-05 0
 0 0.00173294 0.00326652 0 0.00397197 0.00683976 0.00946217 0.0152591 0.00757587 0.0136028 0.0228656 0.0392903 0.0559909 0.0764795 0.0681675 0.0726916 0.0566044 0.0477403 0.0527397 0.0444891 0.0609904 0.0582453 0.0661739 0.0445044 0.0529084 0.0360697 0.0280645 0.0235558 0.0158879 0.00826598 0.00280645 0.00217768 0.000904811 0.00058276 9.20147e-05 0
 0 0 0 0 0 0 0 0 0 0 0 0 0 0 0 0 0 0 0 0 0 0 0 0 0 0 0 0 0 0 0 0 0 0 0 0
 0 0 0 0 0 0 0 0 0 0 0 0 0 0 0 0 0 0 0 0 0 0 0 0 0 0 0 0 0 0 0 0 0 0 0 0
 0 0 0 0 0 0 0 0 0 0 0 0 0 0 0 0 0 0 0 0 0 0 0 0 0 0 0 0 0 0 0 0 0 0 0 0
ppred_pel_tallas
 1.01185e-16 3.33349e-05 0.000195651 0.00093004 0.00358071 0.0111661 0.0282047 0.0577106 0.0956614 0.12847 0.139799 0.123308 0.0882571 0.0514861 0.0249475 0.0109227 0.00577078 0.00520565 0.0065995 0.0087943 0.0113086 0.013843 0.0161179 0.0178713 0.0189046 0.0191238 0.0185569 0.0173379 0.0156672 0.013761 0.0118076 0.00994246 0.00824268 0.0067383 0.00542987 0.00430478
 1.01422e-16 3.02742e-05 0.000177675 0.000844566 0.00325159 0.0101397 0.0256123 0.0524068 0.0868725 0.116675 0.126984 0.112055 0.080312 0.0470711 0.0232187 0.0108649 0.0067406 0.00697817 0.00918979 0.0122838 0.0157386 0.01916 0.0221525 0.0243468 0.0254726 0.0254193 0.0242584 0.0222173 0.0196163 0.0167905 0.0140223 0.0115026 0.0093245 0.00750195 0.00600065 0.00476736
 1.02683e-16 2.30505e-05 0.000135256 0.000642882 0.00247502 0.00771803 0.0194954 0.0398919 0.0661319 0.0888337 0.0967223 0.0854435 0.0614414 0.0364194 0.0187261 0.0100426 0.0079569 0.0095834 0.01312 0.0176855 0.0227541 0.0278247 0.032351 0.0358092 0.0378044 0.0381574 0.0369375 0.0344292 0.0310487 0.027239 0.0233803 0.0197381 0.0164549 0.013574 0.0110792 0.00893007
 1.03498e-16 2.71941e-05 0.000159595 0.000758615 0.00292067 0.00910778 0.0230056 0.0470731 0.0780313 0.104801 0.114063 0.100656 0.0721498 0.0423036 0.0209003 0.00984251 0.00620511 0.00653071 0.00869653 0.0117488 0.0152483 0.0188671 0.0222668 0.0251157 0.0271476 0.0282133 0.0283029 0.0275295 0.0260849 0.0241846 0.0220204 0.0197356 0.0174235 0.0151403 0.012925 0.0108137
 1.03001e-16 2.90532e-05 0.000170509 0.000810503 0.00312045 0.00973079 0.0245793 0.050293 0.0833682 0.111967 0.121858 0.107525 0.0770523 0.0451342 0.0222154 0.0103183 0.00630485 0.00646709 0.00852377 0.0114459 0.0147603 0.0181211 0.0211815 0.023612 0.0251619 0.0257121 0.0252954 0.0240745 0.0222903 0.0201974 0.0180103 0.0158742 0.0138627 0.0119965 0.0102685 0.00866684
 1.03735e-16 2.21758e-05 0.000130121 0.000618469 0.00238103 0.00742491 0.018755 0.038377 0.0636209 0.0854618 0.0930539 0.0822098 0.0591313 0.0350807 0.0180944 0.00979566 0.00787082 0.00954974 0.0131025 0.0176813 0.0227757 0.0278945 0.0325004 0.0360772 0.0382351 0.0387953 0.0378223 0.0355895 0.0324966 0.0289661 0.0253562 0.0219113 0.0187568 0.0159254 0.0133977 0.0111385
 1.04003e-16 2.68877e-05 0.000157796 0.000750067 0.00288776 0.00900516 0.0227464 0.0465427 0.0771519 0.10362 0.112777 0.0995194 0.0713319 0.0418178 0.0206489 0.0097058 0.0060962 0.00640254 0.00852849 0.0115357 0.0149964 0.0185945 0.022004 0.0249033 0.0270321 0.0282406 0.0285111 0.0279424 0.0267083 0.025005 0.023007 0.020845 0.0186047 0.0163412 0.0140971 0.0119157
 1.04365e-16 2.34175e-05 0.000137415 0.000653155 0.00251459 0.00784143 0.019807 0.0405292 0.0671871 0.0902468 0.0982497 0.0867661 0.0623346 0.0368325 0.018725 0.00970011 0.00728858 0.00854752 0.0116503 0.0157282 0.0202997 0.0249303 0.029152 0.0325142 0.0346737 0.0354675 0.0349403 0.0333148 0.0309194 0.0281008 0.0251493 0.0222599 0.0195296 0.0169833 0.0146097 0.0123926
 1.04442e-16 2.51791e-05 0.000147763 0.000702359 0.00270406 0.00843229 0.0212994 0.0435823 0.072246 0.097035 0.105621 0.0932321 0.0668839 0.0393279 0.0196386 0.00959789 0.00651852 0.00721538 0.00972748 0.0131585 0.0170673 0.0210973 0.0248712 0.0280197 0.03025 0.0314036 0.0314802 0.0306173 0.0290385 0.0269886 0.0246799 0.0222637 0.0198294 0.0174233 0.0150719 0.0128021
 1.04536e-16 2.40388e-05 0.000141065 0.000670512 0.00258143 0.00804986 0.0203335 0.0416062 0.0689715 0.0926408 0.100849 0.0890435 0.063932 0.0376989 0.0190227 0.00962311 0.00695252 0.007982 0.0108382 0.0146455 0.0189414 0.0233255 0.0273694 0.0306577 0.0328692 0.0338431 0.0336044 0.0323383 0.0303271 0.0278713 0.0252253 0.0225626 0.0199745 0.0174934 0.0151234 0.0128673
 1.06051e-16 1.84571e-05 0.00010829 0.000514681 0.00198142 0.00617874 0.0156073 0.0319365 0.0529459 0.0711278 0.0774616 0.0684706 0.0493277 0.0294234 0.0154706 0.00885267 0.0076797 0.0096791 0.0134325 0.0182354 0.0236381 0.0291794 0.034339 0.0386041 0.0415717 0.0430301 0.0429915 0.0416624 0.0393684 0.0364618 0.0332442 0.0299262 0.0266261 0.0233969 0.0202623 0.0172456
 1.07894e-16 1.83655e-05 0.000107758 0.000512166 0.00197176 0.00614863 0.0155311 0.0317802 0.052685 0.0707719 0.0770598 0.0680815 0.0489739 0.0290655 0.0150159 0.00817838 0.00665223 0.00816801 0.0113286 0.0154786 0.0202493 0.0252882 0.0301933 0.0345544 0.0380277 0.0403979 0.0416051 0.0417265 0.0409267 0.0393969 0.0373063 0.0347801 0.0319061 0.028755 0.0254046 0.0219525
 1.06473e-16 2.5347e-05 0.000148753 0.000707078 0.00272224 0.00848902 0.0214426 0.043875 0.0727298 0.0976805 0.106313 0.0938155 0.0672439 0.0394221 0.0194684 0.00915706 0.00576446 0.006074 0.0081175 0.0110218 0.0143986 0.0179674 0.0214386 0.0245246 0.0269888 0.028689 0.0295939 0.0297684 0.0293341 0.0284245 0.0271487 0.0255773 0.0237495 0.0216917 0.019439 0.0170479
 1.04354e-16 2.66199e-05 0.000156221 0.000742572 0.00285889 0.00891512 0.022519 0.0460777 0.0763821 0.102589 0.111663 0.0985556 0.0706827 0.0415205 0.0206556 0.00996254 0.00658834 0.007153 0.00957173 0.0128889 0.0166363 0.0204434 0.0239273 0.0267227 0.0285529 0.029288 0.0289667 0.0277705 0.0259642 0.0238239 0.0215762 0.0193671 0.0172623 0.0152696 0.013371 0.011549
 1.02515e-16 3.06281e-05 0.000179757 0.00085447 0.00328974 0.0102587 0.0259128 0.0530213 0.0878898 0.118037 0.128457 0.11333 0.0811736 0.0474705 0.0232202 0.0105401 0.0061072 0.0060004 0.00781054 0.0104606 0.0134737 0.0165209 0.0192799 0.021447 0.0227923 0.0232082 0.0227289 0.0215097 0.019779 0.0177786 0.015713 0.0137212 0.0118745 0.0101917 0.00866348 0.00727309
 1.01583e-16 3.20957e-05 0.000188373 0.000895433 0.00344746 0.0107506 0.0271551 0.0555632 0.0921029 0.123694 0.13461 0.118751 0.0850396 0.0496973 0.0242451 0.0108948 0.00615521 0.00590901 0.00762452 0.0101695 0.0130457 0.015915 0.018452 0.020354 0.0213974 0.0214872 0.020675 0.0191383 0.0171294 0.0149129 0.0127121 0.0106777 0.0088838 0.00734338 0.00603318 0.00491698
 1.02003e-16 2.65811e-05 0.000155988 0.000741451 0.00285455 0.00890159 0.0224849 0.0460083 0.0762687 0.102441 0.111515 0.0984546 0.070675 0.041646 0.0209586 0.0105056 0.00745807 0.00845098 0.0113943 0.0152993 0.0196344 0.0239401 0.027733 0.0305558 0.03207 0.0321322 0.0308216 0.028409 0.0252802 0.0218411 0.0184357 0.0152989 0.0125487 0.010209 0.00824609 0.0066039
 1.02833e-16 2.69084e-05 0.000157914 0.00075062 0.00288987 0.00901174 0.0227631 0.0465771 0.07721 0.103701 0.112874 0.0996252 0.0714518 0.0419763 0.0208905 0.0100901 0.00669303 0.00728461 0.00975916 0.0131516 0.0169878 0.0208892 0.0244607 0.0273208 0.0291732 0.0298681 0.029427 0.0280211 0.0259153 0.0233984 0.0207221 0.0180681 0.0155432 0.013196 0.0110416 0.00908363
 1.03256e-16 2.65531e-05 0.000155828 0.000740698 0.00285167 0.00889261 0.0224621 0.0459615 0.0761898 0.102331 0.111385 0.0983168 0.0705249 0.041455 0.0206738 0.0100561 0.00676141 0.00742226 0.00996007 0.0134177 0.0173181 0.0212752 0.0248859 0.0277628 0.0296088 0.0302791 0.0298054 0.0283722 0.0262571 0.023757 0.0211254 0.0185385 0.0160918 0.0138194 0.0117228 0.00979512
 1.02616e-16 3.04771e-05 0.000178871 0.000850261 0.00327353 0.0102082 0.0257851 0.0527601 0.0874567 0.117455 0.127822 0.112768 0.0807649 0.04722 0.0230766 0.0104403 0.00600325 0.00586418 0.00762835 0.0102295 0.0132013 0.0162266 0.0189951 0.021212 0.0226508 0.0232 0.0228815 0.021833 0.0202623 0.0183923 0.0164133 0.0144578 0.0125979 0.01086 0.00924646 0.00775405
 1.02391e-16 2.81888e-05 0.000165431 0.000786352 0.00302745 0.00944076 0.0238467 0.0487945 0.0808855 0.108637 0.118244 0.104362 0.0748401 0.0439488 0.0218372 0.010486 0.00686862 0.00739842 0.00985885 0.0132278 0.0169991 0.0207703 0.0241283 0.0266826 0.0281427 0.0283816 0.0274595 0.0255972 0.0231115 0.0203352 0.0175489 0.014942 0.0126088 0.0105676 0.00879362 0.00724743
 1.02616e-16 2.79215e-05 0.000163863 0.000778899 0.00299876 0.0093513 0.0236207 0.0483319 0.0801185 0.107606 0.11712 0.103364 0.0741132 0.0434992 0.0215722 0.0102913 0.00665675 0.00711671 0.00948091 0.0127479 0.0164327 0.020157 0.0235315 0.026184 0.0278302 0.0283339 0.0277306 0.0262047 0.0240318 0.0215072 0.0188852 0.0163438 0.0139811 0.011832 0.00989558 0.00815887
 1.02442e-16 2.9786e-05 0.000174812 0.000830959 0.00319921 0.00997641 0.0251997 0.0515623 0.085472 0.114792 0.12493 0.110229 0.0789756 0.0462324 0.022703 0.0104555 0.00626716 0.00633201 0.00830943 0.0111468 0.0143661 0.0176245 0.0205802 0.0229088 0.0243631 0.024825 0.0243264 0.0230278 0.0211689 0.0190054 0.016756 0.0145724 0.0125364 0.0106754 0.00898688 0.00745915
 1.02372e-16 2.86098e-05 0.000167903 0.00079811 0.00307272 0.00958195 0.0242034 0.049524 0.0820944 0.110259 0.120006 0.105908 0.0759291 0.0445488 0.022062 0.0104724 0.00670159 0.00710513 0.00943412 0.0126591 0.016282 0.0199174 0.0231718 0.0256727 0.0271408 0.0274505 0.0266526 0.02495 0.0226369 0.0200242 0.0173755 0.014871 0.0126029 0.0105941 0.00882766 0.0072736
 1.04284e-16 1.74829e-05 0.000102564 0.000487443 0.00187652 0.0058516 0.014781 0.0302465 0.0501467 0.0673753 0.0733958 0.0649262 0.0468819 0.0281799 0.0152098 0.00931831 0.00875062 0.0113754 0.0158425 0.0214371 0.0276395 0.0338799 0.0395128 0.0439122 0.0466013 0.0473556 0.0462426 0.0435821 0.0398481 0.0355465 0.0311104 0.0268412 0.0229014 0.0193442 0.0161602 0.0133193
pSPR Fmed_Fpbrs
0.736539   0.332323 0.332323
Fs Fmed_Fpbrs
0.186497   1.005 1.005
SSBpbr Bo_Bmed_Bpbrs
1.51236e+06  1.0383e+06  426975 426975
Ro
63576.6
SPR SPRFo_SPRFmed_SPRFpbrs
1.31028e+06 965074 435437
log_Ro
10.88
likeval ReclasPelacesDesembMPH_pf_preclas_ppelaces_ptallas_desvR_qrecl_qpela
 61.6001 23.1348 0.0367797 0.000229881 290.232 201.515 71.0912 0 16.8176 9.59219e-05 3.35216e-06 0 0 0 0
q_reclas_q_pelaces
0.249612 1.29755
M
0.7
N
 75333.7 18856.8 7006.21 825.118 0.41757
 93425.3 35012.8 6733.12 2501.68 294.77
 60364.9 44218.6 13688 2632.27 1093.25
 86651.5 28092 15890.9 4919.08 1338.85
 141489 42518.5 13143.7 7435.02 2927.96
 104728 70078.4 20841.5 6442.71 5079.67
 156036 50588.4 30323.2 9018.2 4985.77
 133098 76144.2 23029.5 13804.1 6375.06
 145625 63761.8 31615.2 9561.88 8378.42
 135031 69296.4 25603.9 12695.3 7204.03
 67613 64605.2 28589.8 10563.5 8209.92
 41155.6 30901.9 21219.8 9390.42 6166.19
 41572.1 18897.5 10387.8 7133.12 5229.42
 24068.5 18237.7 5061.41 2782.21 3311.11
 18914.1 9587.13 3019.79 838.069 1008.93
 23962.8 7670.75 1736.27 546.899 334.501
 20405.1 11001.7 2576.98 583.299 296.105
 23339.2 9594.92 4163.35 975.198 332.79
 26620.4 11180.2 3982.56 1728.08 542.906
 46144.8 12829.2 4782.24 1703.51 971.398
 58247.4 22233.3 5481.16 2043.17 1142.83
 77366.9 28500.2 10256.6 2528.57 1469.77
 123516 37692.8 12869 4631.3 1805.41
 164181 59977.6 16741.8 5715.98 2858.96
 80443.1 79809.7 26782.4 7475.91 3829.06
pred_Ctot
 3484.43 3882.97 1442.71 169.907 0.0859856
 3158.73 5430.95 1044.4 388.043 45.7228
 2739.14 8951.69 2771.03 532.882 221.32
 740.982 1171.88 662.899 205.203 55.8509
 265.096 395.015 122.11 69.0743 27.2019
 2056.8 6535.01 1943.53 600.8 473.693
 1943.67 3044.94 1825.17 542.81 300.096
 3385.36 9067.49 2742.42 1643.83 759.161
 4382.64 8883.19 4404.58 1332.15 1167.27
 3554.4 8521.68 3148.62 1561.19 885.911
 3890.71 16107.8 7128.22 2633.76 2046.96
 2240.01 7342.15 5041.72 2231.12 1465.06
 3510.05 6484.23 3564.33 2447.56 1794.35
 3468.72 9294.21 2579.38 1417.86 1687.4
 2522.66 4634.57 1459.82 405.136 487.735
 1306.22 1824.93 413.073 130.112 79.5804
 781.518 1912.26 447.916 101.386 51.4674
 594.68 1144.48 496.602 116.321 39.6951
 566.007 1124.28 400.486 173.776 54.5947
 988.744 1299.58 484.437 172.564 98.4019
 615.429 1140.35 281.129 104.795 58.6161
 1053.18 1869.4 672.761 165.855 96.4059
 1969.77 2879.97 983.276 353.861 137.945
 2494.28 4373.67 1220.84 416.819 208.481
 1033.41 4949.44 1660.93 463.622 237.461
F
 0.0662142 0.329835 0.329835 0.329835 0.329835
 0.0480176 0.239192 0.239192 0.239192 0.239192
 0.0649222 0.323399 0.323399 0.323399 0.323399
 0.0119535 0.0595446 0.0595446 0.0595446 0.0595446
 0.00260827 0.0129927 0.0129927 0.0129927 0.0129927
 0.0276437 0.137702 0.137702 0.137702 0.137702
 0.0174549 0.0869485 0.0869485 0.0869485 0.0869485
 0.0359321 0.17899 0.17899 0.17899 0.17899
 0.0426411 0.21241 0.21241 0.21241 0.21241
 0.0372071 0.185341 0.185341 0.185341 0.185341
 0.082982 0.413361 0.413361 0.413361 0.413361
 0.0783295 0.390185 0.390185 0.390185 0.390185
 0.12394 0.617387 0.617387 0.617387 0.617387
 0.220483 1.0983 1.0983 1.0983 1.0983
 0.202492 1.00868 1.00868 1.00868 1.00868
 0.0784523 0.390797 0.390797 0.390797 0.390797
 0.05455 0.271732 0.271732 0.271732 0.271732
 0.0359963 0.17931 0.17931 0.17931 0.17931
 0.0299582 0.149232 0.149232 0.149232 0.149232
 0.0301936 0.150404 0.150404 0.150404 0.150404
 0.014788 0.0736639 0.0736639 0.0736639 0.0736639
 0.0190889 0.0950882 0.0950882 0.0950882 0.0950882
 0.0223954 0.111559 0.111559 0.111559 0.111559
 0.0213246 0.106225 0.106225 0.106225 0.106225
 0.0180056 0.0896918 0.0896918 0.0896918 0.0896918
nmprior
 10 11 7 0
nm_flota  nm_reclas  nm_pelaces    nm_pelaL
inf 12.5394 19.7818 35.9351
cv_recla  cv_pelaces  cv_mph
0.70993 0.565976 0.491915
 ------------------------------------------------
Talla a la edad & desviación 
 7.2 14.2025 17.0495 18.207 18.6776
 1.08 2.13037 2.55742 2.73105 2.80164
