years
 1997 1998 1999 2000 2001 2002 2003 2004 2005 2006 2007 2008 2009 2010 2011 2012 2013 2014 2015 2016 2017 2018 2019 2020 2021
reclasobs
 0 0 0 370054 412103 1.49427e+06 250295 1.28982e+06 931140 785840 897777 1.04006e+06 184774 17550 25797 100020 73551 82996 120727 218422 84188 347160 605670 569463 516374
reclaspred
 539457 129227 291019 195279 331597 390021 845762 591712 692787 760385 635728 439661 283910 119320 67756.3 64473.9 77417.6 98670.4 102656 147033 219126 203191 341949 415634 402479
pelacesobs
 0 0 0 0 0 0 0 0 0 2.06254e+06 1.5e+06 0 1.87456e+06 323000 250000 174000 83755 137374 0 501740 490994 745055 786931 1.00524e+06 0
pelacespred
 2.24934e+06 464900 636032 674331 1.02109e+06 906222 2.53083e+06 1.98012e+06 2.18581e+06 2.3808e+06 1.71223e+06 1.24496e+06 808378 263651 155671 157063 197314 262039 267732 388269 666986 571256 763155 1.09803e+06 1.04998e+06
mphobs
 0 0 0 0 0 112323 0 153150 637223 0 255016 313432 73983 77613 109348 50772 0 0 0 0 0 0 0 0 0
mphpred
 260969 134217 135368 117936 140882 247655 342674 412122 364671 405127 454950 316363 200902 108567 44291.7 33353.8 39400.3 50490.6 60181.4 68478.5 106775 129022 160963 218464 295179
desembarqueobs
 350755 77701 442110 56441 14545 235359 269955 359681 431902 328805 639364 411747 362871 311530 167758 66681 60226 58785 57116 71774 51957 67425 138520 160799 200461
desembarquepred
 350752 77691 441980 56440.7 14545 235395 269987 359578 431838 328750 639063 411653 362799 311433 167501 66659.6 60235 58762.7 57090 71759.3 51955.4 67404.7 138503 160792 200445
Reclutas
 33612.4 43304 18677.2 32754 59699 40194 69682.8 75546.1 99036.3 127279 64615.5 47152.6 48996.6 24437.6 13922.6 14030.4 9760.25 10660.3 12006.7 20296.7 24473.6 32990.8 48609.6 57330.9 14315.4
log_desv_Rt
 0.0226494 0.276 -0.564941 -0.00321931 0.597071 0.201473 0.751708 0.832499 1.10324 1.35413 0.676209 0.361144 0.399507 -0.29612 -0.85873 -0.851019 -1.21393 -1.12572 -1.00678 -0.481788 -0.29465 0.00398307 0.391577 0.556596 -0.830905
SSB
 524797 269903 272218 237164 283307 498022 689101 828758 733335 814691 914884 636190 404004 218323 89068.6 67072.9 79232 101534 121022 137707 214720 259457 323689 439321 593591
BT
 1.55255e+06 400293 601062 445026 594346 702024 1.62838e+06 1.53115e+06 1.64081e+06 1.67013e+06 1.54149e+06 1.08336e+06 809799 438414 224794 143663 159978 196563 200855 278399 422623 389162 529030 756953 763648
Ftot
 0.597741 0.619871 1.16218 0.290897 0.048379 0.444364 0.303027 0.587557 0.649014 0.448587 0.784155 0.737545 1.15855 2.05447 2.38825 1.05389 0.74289 0.556984 0.474486 0.488264 0.221274 0.281074 0.33595 0.344717 0.324482
BD_Bspro_t
 0.925376 0.659771 0.559471 0.353281 0.522231 0.710252 0.646949 0.657368 0.5945 0.573349 0.570056 0.407326 0.306983 0.214469 0.111616 0.104787 0.164123 0.264264 0.3536 0.443145 0.581362 0.685388 0.696798 0.695256 0.67866
BD_Bspro
 0.774927 0.398545 0.401964 0.350202 0.418337 0.73539 1.01754 1.22376 1.08286 1.20299 1.35094 0.939413 0.596561 0.32238 0.131521 0.0990413 0.116996 0.149928 0.178704 0.203341 0.317061 0.383121 0.477966 0.648711 0.87651
BD_Bo
 0.60767 0.312525 0.315205 0.274616 0.328045 0.576666 0.79792 0.95963 0.849139 0.943342 1.05936 0.736653 0.467802 0.252799 0.103134 0.0776646 0.0917439 0.117568 0.140133 0.159453 0.248628 0.300429 0.374804 0.508696 0.687327
BD_Brms
 2.04654 1.05254 1.06157 0.924866 1.10481 1.94213 2.68728 3.2319 2.85978 3.17704 3.56776 2.48094 1.57549 0.85139 0.34734 0.261563 0.30898 0.395952 0.471947 0.537014 0.837342 1.0118 1.26228 1.71321 2.31482
S_f
 0.153137 1 1 1 1
 0.153137 1 1 1 1
 0.153137 1 1 1 1
 0.153137 1 1 1 1
 0.153137 1 1 1 1
 0.153137 1 1 1 1
 0.153137 1 1 1 1
 0.153137 1 1 1 1
 0.153137 1 1 1 1
 0.153137 1 1 1 1
 0.153137 1 1 1 1
 0.153137 1 1 1 1
 0.153137 1 1 1 1
 0.153137 1 1 1 1
 0.153137 1 1 1 1
 0.153137 1 1 1 1
 0.153137 1 1 1 1
 0.153137 1 1 1 1
 0.153137 1 1 1 1
 0.153137 1 1 1 1
 0.153137 1 1 1 1
 0.153137 1 1 1 1
 0.153137 1 1 1 1
 0.153137 1 1 1 1
 0.153137 1 1 1 1
Scru_reclas
 0.862548 1 1 1 1
 0.862548 1 1 1 1
 0.862548 1 1 1 1
 0.862548 1 1 1 1
 0.862548 1 1 1 1
 0.862548 1 1 1 1
 0.862548 1 1 1 1
 0.862548 1 1 1 1
 0.862548 1 1 1 1
 0.862548 1 1 1 1
 0.862548 1 1 1 1
 0.862548 1 1 1 1
 0.862548 1 1 1 1
 0.862548 1 1 1 1
 0.862548 1 1 1 1
 0.862548 1 1 1 1
 0.862548 1 1 1 1
 0.862548 1 1 1 1
 0.862548 1 1 1 1
 0.862548 1 1 1 1
 0.862548 1 1 1 1
 0.862548 1 1 1 1
 0.862548 1 1 1 1
 0.862548 1 1 1 1
 0.862548 1 1 1 1
Scru_pelaces
 1 1 1 1 1
 1 1 1 1 1
 1 1 1 1 1
 1 1 1 1 1
 1 1 1 1 1
 1 1 1 1 1
 1 1 1 1 1
 1 1 1 1 1
 1 1 1 1 1
 1 1 1 1 1
 1 1 1 1 1
 1 1 1 1 1
 1 1 1 1 1
 1 1 1 1 1
 1 1 1 1 1
 1 1 1 1 1
 1 1 1 1 1
 1 1 1 1 1
 1 1 1 1 1
 1 1 1 1 1
 1 1 1 1 1
 1 1 1 1 1
 1 1 1 1 1
 1 1 1 1 1
 1 1 1 1 1
pf_obs 
 0.256992 0.487395 0.22802 0.0275931 0
 0.321318 0.546541 0.124235 0.00734118 0.000564706
 0.182869 0.594174 0.210203 0.0122559 0.00049798
 0.330522 0.361315 0.267642 0.0388342 0.00168674
 0.649043 0.306663 0.0425973 0.00169635 0
 0.582887 0.30429 0.105238 0.00758474 0
 0.465427 0.430635 0.0974691 0.00646863 0
 0.296916 0.608066 0.0921331 0.00288517 0
 0.311714 0.524322 0.152257 0.0117073 0
 0.15457 0.633149 0.183074 0.0267441 0.00246327
 0.131901 0.49318 0.331252 0.0422183 0.00144891
 0.196976 0.569456 0.194076 0.0375587 0.00193317
 0.518974 0.381816 0.0799577 0.0180837 0.00116848
 0.0928022 0.601141 0.25162 0.0475244 0.00691264
 0.122501 0.610282 0.24278 0.0234846 0.000952079
 0.383417 0.481906 0.127806 0.00687128 0
 0.0376549 0.599619 0.316969 0.0457579 0
 0.0361596 0.667082 0.258105 0.0386534 0
 0.158088 0.579412 0.248529 0.0139706 0
 0.0477256 0.309471 0.559284 0.082774 0.000745712
 0.0406174 0.521527 0.379366 0.0568643 0.0016247
 0.151134 0.462217 0.34131 0.0453401 0
 0.294876 0.26143 0.354403 0.0886775 0.000613685
 0.281977 0.475581 0.204845 0.0348837 0.00271318
 0 0 0 0 0
pf_pred 
 0.261638 0.515053 0.199181 0.0241192 8.98982e-06
 0.290477 0.536977 0.120361 0.0465461 0.00563844
 0.144075 0.671345 0.139693 0.0313117 0.0135757
 0.323902 0.451053 0.176514 0.0367289 0.011802
 0.318949 0.533038 0.0987458 0.0386429 0.0106245
 0.156661 0.639099 0.159853 0.0296128 0.0147748
 0.277483 0.434438 0.218312 0.0546047 0.0151625
 0.242579 0.563428 0.116645 0.058616 0.0187322
 0.290144 0.522952 0.139033 0.0287837 0.0190867
 0.287807 0.560238 0.111946 0.0297622 0.0102474
 0.144123 0.656264 0.157023 0.0313761 0.0112139
 0.168748 0.515323 0.242246 0.0579616 0.0157212
 0.256886 0.488481 0.157856 0.0742058 0.0225708
 0.21445 0.631756 0.101095 0.0326697 0.0200287
 0.288364 0.602062 0.0881218 0.0141015 0.00735075
 0.366811 0.575874 0.0484901 0.00709734 0.00172777
 0.220213 0.675748 0.0946213 0.00796737 0.00145004
 0.250583 0.545562 0.176657 0.0247363 0.00246194
 0.249401 0.556915 0.140998 0.0456563 0.00702928
 0.328161 0.492156 0.133318 0.0337531 0.0126122
 0.258452 0.594848 0.107465 0.0291107 0.0101241
 0.254516 0.534397 0.169329 0.0305907 0.0111685
 0.27791 0.518912 0.145647 0.0461496 0.0113813
 0.244765 0.564453 0.137101 0.0384812 0.0152001
 0.0612267 0.670731 0.200332 0.0486589 0.0190522
pobs_RECLAS
 0 0 0 0 0
 0 0 0 0 0
 0 0 0 0 0
 0 0 0 0 0
 0.835266 0.146461 0.0176864 0.000547809 3.91292e-05
 0.385257 0.428462 0.181853 0.0044286 0
 0.867414 0.0963971 0.0333333 0.00285562 0
 0.441836 0.489002 0.0689373 0.000224442 0
 0.779404 0.147425 0.0564933 0.0165055 0.000172143
 0.814271 0.122319 0.05973 0.00367925 0
 0.40263 0.566651 0.0304383 0.000280538 0
 0.475488 0.404961 0.113038 0.00651328 0
 0.955842 0.0263864 0.0167828 0.000988607 0
 0.975058 0.0227948 0.00214734 0 0
 0.738997 0.206755 0.0527124 0.00153531 0
 0.850938 0.134255 0.0134407 0.00136685 0
 0.542534 0.407297 0.0501686 0 0
 0.764087 0.199537 0.0359546 0.000420521 0
 0.470689 0.182191 0.310203 0.0369168 0
 0.84361 0.089868 0.0606195 0.00523954 0.000663233
 0.607945 0.314616 0.071237 0.00620181 0
 0.523733 0.453247 0.0230204 0 0
 0.530135 0.295979 0.169645 0.0042399 0
 0.562478 0.366248 0.0663022 0.0049721 0
 0.250443 0.683176 0.0655157 0.000865301 0
ppred_RECLAS
 0.675754 0.226182 0.087469 0.0105918 3.94781e-06
 0.707 0.221747 0.0497036 0.0192214 0.00232842
 0.513827 0.38133 0.0793471 0.0177853 0.00771112
 0.733069 0.178081 0.0696895 0.014501 0.00465957
 0.7256 0.214764 0.0397853 0.0155694 0.00428069
 0.51869 0.364746 0.091231 0.0169006 0.00843226
 0.68784 0.187696 0.0943207 0.0235917 0.0065509
 0.652998 0.258127 0.0534393 0.0268542 0.00858192
 0.707256 0.215665 0.0573372 0.0118703 0.00787133
 0.701065 0.235154 0.0469881 0.0124924 0.00430123
 0.502345 0.381589 0.091302 0.0182438 0.00652037
 0.547683 0.280408 0.131815 0.0315392 0.00855449
 0.684485 0.207402 0.0670233 0.0315066 0.00958323
 0.66507 0.269358 0.0431035 0.0139292 0.00853954
 0.759181 0.203739 0.0298205 0.00477197 0.00248751
 0.781929 0.198331 0.0167 0.00244433 0.000595044
 0.62761 0.322706 0.0451867 0.00380484 0.000692473
 0.662057 0.246016 0.0796618 0.0111546 0.00111019
 0.658996 0.253012 0.0640569 0.0207421 0.00319346
 0.739873 0.190556 0.0516189 0.0130687 0.00488328
 0.665367 0.268433 0.0484948 0.0131366 0.00456863
 0.661676 0.242526 0.0768465 0.013883 0.00506861
 0.68882 0.223622 0.0627656 0.0198879 0.00490468
 0.65099 0.260846 0.0633573 0.017783 0.0070243
 0.272617 0.519698 0.155222 0.037702 0.0147621
pobs_PELACES
 0 0 0 0 0
 0 0 0 0 0
 0 0 0 0 0
 0 0 0 0 0
 0 0 0 0 0
 0 0 0 0 0
 0 0 0 0 0
 0 0 0 0 0
 0 0 0 0 0
 0 0 0 0 0
 0.450072 0.473896 0.0757376 0.000293798 0
 0 0 0 0 0
 0.463077 0.371075 0.160297 0.00555027 0
 0.529543 0.364841 0.0842815 0.0213345 0
 0.631943 0.363953 0.00410389 0 0
 0.735681 0.248677 0.0153453 0.000297389 0
 0.695825 0.281241 0.0229344 0 0
 0.275771 0.60734 0.115278 0.00161068 0
 0 0 0 0 0
 0.896147 0.0623911 0.0374545 0.00400742 0
 0.803859 0.145111 0.0509908 3.86294e-05 0
 0.739449 0.233085 0.0266225 0.000797448 4.60066e-05
 0.878498 0.100942 0.0204185 0.000141795 0
 0.694673 0.275183 0.0284847 0.00165964 0
 0 0 0 0 0
ppred_PELACES
 0.740628 0.180927 0.0699684 0.00847257 3.15794e-06
 0.768872 0.174921 0.0392078 0.0151624 0.00183673
 0.62901 0.290986 0.0605483 0.0135717 0.00588421
 0.775462 0.149799 0.0586218 0.012198 0.00391957
 0.756539 0.190549 0.0352995 0.013814 0.00379804
 0.585852 0.31385 0.0785006 0.0145423 0.00725562
 0.735477 0.159053 0.079927 0.0199915 0.0055512
 0.719969 0.208309 0.0431255 0.0216713 0.00692561
 0.770535 0.169047 0.0449432 0.00930446 0.00616987
 0.755026 0.192705 0.0385061 0.0102373 0.0035248
 0.593001 0.312076 0.0746697 0.0149204 0.00533257
 0.633044 0.22749 0.106939 0.0255872 0.0069401
 0.776624 0.146835 0.0474508 0.0223059 0.00678468
 0.803448 0.158071 0.025295 0.00817427 0.00501138
 0.876911 0.104137 0.0152422 0.00243909 0.00127144
 0.848043 0.138202 0.011637 0.00170327 0.000414641
 0.706295 0.254519 0.0356389 0.00300089 0.000546156
 0.726314 0.199239 0.0645149 0.00903367 0.000899097
 0.718956 0.208524 0.0527935 0.0170949 0.00263194
 0.790779 0.153265 0.0415173 0.0105112 0.00392764
 0.710334 0.232361 0.0419782 0.0113713 0.00395471
 0.710371 0.207619 0.0657859 0.0118848 0.00433909
 0.738147 0.188174 0.0528163 0.0167353 0.00412721
 0.704245 0.221044 0.0536897 0.0150695 0.00595247
 0.322383 0.484141 0.144602 0.0351225 0.0137521
pobs_pel_tallas
 0 0 0 0 0 0 0 0 0 0 0 0 0 0 0 0 0 0 0 0 0 0 0 0 0 0 0 0 0 0 0 0 0 0 0 0
 0 0 0 0 0 0 0 0 0 0 0 0 0 0 0 0 0 0 0 0 0 0 0 0 0 0 0 0 0 0 0 0 0 0 0 0
 0 0 0 0 0 0 0 0 0 0 0 0 0 0 0 0 0 0 0 0 0 0 0 0 0 0 0 0 0 0 0 0 0 0 0 0
 0 0 0 0 0 0 0 0 0 0 0 0 0 0 0 0 0 0 0 0 0 0 0 0 0 0 0 0 0 0 0 0 0 0 0 0
 0 0 0 0 0 0 0 0 0 0 0 0 0 0 0 0 0 0 0 0 0 0 0 0 0 0 0 0 0 0 0 0 0 0 0 0
 0 0 0 0 0 0 0 0 0 0 0 0 0 0 0 0 0 0 0 0 0 0 0 0 0 0 0 0 0 0 0 0 0 0 0 0
 0 0 0 0 0 0 0 0 0 0 0 0 0 0 0 0 0 0 0 0 0 0 0 0 0 0 0 0 0 0 0 0 0 0 0 0
 0 0 0 0 0 0 0 0 0 0 0 0 0 0 0 0 0 0 0 0 0 0 0 0 0 0 0 0 0 0 0 0 0 0 0 0
 0 0 0 0 0 0 0 0 0 0 0 0 0 0 0 0 0 0 0 0 0 0 0 0 0 0 0 0 0 0 0 0 0 0 0 0
 0 0 0 0 0 0 0 0 0 0 0 0 0 0 0 0 0 0 0 0 0 0 0 0 0 0 0 0 0 0 0 0 0 0 0 0
 0 0 0 0 0 0 0 0 1.78061e-05 0.00172719 0.00360574 0.0105946 0.0120993 0.0124554 0.0147524 0.0171206 0.0266825 0.0428682 0.0675386 0.121331 0.153587 0.119568 0.100827 0.0573624 0.0630603 0.0341343 0.0324427 0.0444173 0.0211091 0.0280891 0.0125444 0.00206551 0 0 0 0
 0 0 0 0 0 0 0 0 0 0 0 0 0 0 0 0 0 0 0 0 0 0 0 0 0 0 0 0 0 0 0 0 0 0 0 0
 0 0 0 0 0 0 0.0133647 0.0140871 0.0187388 0.0205184 0.03894 0.0496705 0.03968 0.0493445 0.0407372 0.0367815 0.0215668 0.0243155 0.0234873 0.0199281 0.019796 0.0243948 0.0301388 0.0376714 0.0412746 0.0863199 0.0771752 0.113111 0.0741005 0.0525337 0.0229764 0.00759418 0.00175318 0 0 0
 0 0 0 0 0 0 0 0 0 0 0.00219441 0.00772107 0.0458388 0.0604681 0.0671733 0.0775358 0.0609151 0.0617685 0.073594 0.0568108 0.0755445 0.0548602 0.0670107 0.0636378 0.0643287 0.046367 0.0373049 0.0286899 0.0247887 0.0153202 0.00654259 0.00121912 0.000365735 0 0 0
 0 0 0 0 0 0 0 0 0 0 0 0 0.000112435 0.00938835 0.0111873 0.0202946 0.0414886 0.0713402 0.111592 0.104902 0.108894 0.110636 0.117776 0.105296 0.107544 0.0401394 0.0192827 0.0124803 0.00416011 0.0028671 0.000618394 0 0 0 0 0
 0 0 0 0 0 0 0 0 0 0 0.00291406 0.0102884 0.027416 0.0768956 0.0749926 0.110853 0.0956884 0.0897413 0.0766577 0.0534642 0.0500743 0.0551293 0.0594112 0.0620874 0.0668451 0.0424026 0.0208742 0.0120726 0.0048766 0.00582813 0.00118941 0.000297354 0 0 0 0
 0 0.00264628 0.0354308 0.0461629 0.0458689 0.0383711 0.0214643 0.0164657 0.0346957 0.0420465 0.0363128 0.0245516 0.0311673 0.0291091 0.0169068 0.0133784 0.00837989 0.0085269 0.0148486 0.0160247 0.0276389 0.0546898 0.0760071 0.122758 0.109233 0.0665981 0.0333725 0.0166128 0.00676272 0.00308733 0.000882094 0 0 0 0 0
 0 0 0 0 0 0 0 0.000805153 0.000690131 0.00759144 0.0133425 0.0154129 0.00931677 0.000345066 0.00356568 0.00563607 0.00851162 0.0253048 0.0502646 0.0516448 0.0657925 0.0565908 0.0611916 0.0827007 0.0866115 0.110766 0.145733 0.0935128 0.0569358 0.0249597 0.0138026 0.00621118 0.00161031 0.00115022 0 0
 0 0 0 0 0 0 0 0 0 0 0 0 0 0 0 0 0 0 0 0 0 0 0 0 0 0 0 0 0 0 0 0 0 0 0 0
 0.00147267 0.00158595 0.00478618 0.00569244 0.00954404 0.0108468 0.00647125 0.017049 0.0510054 0.094081 0.124002 0.0959785 0.0687766 0.0820023 0.061753 0.0591476 0.0492212 0.0479892 0.0443925 0.0268479 0.0217502 0.0140895 0.0121071 0.0120363 0.00920419 0.00665534 0.0049561 0.00860946 0.00930331 0.0156896 0.0114698 0.00855282 0.00243557 0.00046729 0 2.83206e-05
 0 0 0 0 0.000772559 0.00158375 0.000888443 0.00281984 0.00712685 0.0440552 0.0773331 0.111326 0.0921469 0.0852325 0.0710754 0.0886704 0.0786465 0.0553345 0.0373146 0.0185414 0.00753245 0.00457741 0.012979 0.0271748 0.0457355 0.0583668 0.034881 0.0177882 0.00938659 0.00492506 0.0015258 0.00185414 0.000309023 5.79419e-05 3.86279e-05 0
 0 0.00173294 0.00326652 0 0.00397197 0.00683976 0.00946217 0.0152591 0.00757587 0.0136028 0.0228656 0.0392903 0.0559909 0.0764795 0.0681675 0.0726916 0.0566044 0.0477403 0.0527397 0.0444891 0.0609904 0.0582453 0.0661739 0.0445044 0.0529084 0.0360697 0.0280645 0.0235558 0.0158879 0.00826598 0.00280645 0.00217768 0.000904811 0.00058276 9.20147e-05 0
 0 0 0 0 0 0 0 0 0 0 0 0 0 0 0 0 0 0 0 0 0 0 0 0 0 0 0 0 0 0 0 0 0 0 0 0
 0 0 0 0 0 0 0 0 0 0 0 0 0 0 0 0 0 0 0 0 0 0 0 0 0 0 0 0 0 0 0 0 0 0 0 0
 0 0 0 0 0 0 0 0 0 0 0 0 0 0 0 0 0 0 0 0 0 0 0 0 0 0 0 0 0 0 0 0 0 0 0 0
ppred_pel_tallas
 1.01344e-16 3.2315e-05 0.000189662 0.000901564 0.00347107 0.0108242 0.0273411 0.0559435 0.092733 0.124539 0.135526 0.119551 0.0855933 0.0499834 0.0243154 0.0108103 0.00594834 0.00558214 0.00716654 0.00957297 0.012319 0.0150894 0.0175828 0.0195148 0.0206686 0.0209407 0.0203589 0.019066 0.0172766 0.015223 0.0131081 0.0110783 0.00921802 0.00756153 0.00611182 0.00485794
 1.01221e-16 3.35462e-05 0.000196891 0.000935934 0.0036034 0.0112369 0.0283835 0.0580763 0.0962679 0.129285 0.140687 0.124094 0.0888255 0.0518294 0.0251353 0.0110402 0.00588054 0.00534192 0.00677599 0.00901039 0.0115507 0.0140841 0.016319 0.0179857 0.0188856 0.0189344 0.0181786 0.0167767 0.0149548 0.0129498 0.0109625 0.00912927 0.00751831 0.00614282 0.00498299 0.00400645
 1.01696e-16 2.74523e-05 0.000161104 0.000765773 0.0029482 0.00919363 0.0232225 0.0475176 0.07877 0.105799 0.115166 0.101668 0.0729597 0.0429477 0.0215308 0.0106555 0.00739104 0.00825483 0.0110852 0.0148644 0.0190553 0.0232031 0.0268332 0.0294989 0.030872 0.0308172 0.0294192 0.0269516 0.0238007 0.0203717 0.0170072 0.0139398 0.0112845 0.00906073 0.0072292 0.00572687
 1.01484e-16 3.38326e-05 0.000198574 0.000943942 0.00363424 0.0113331 0.0286264 0.0585732 0.0970907 0.130388 0.141881 0.125133 0.0895399 0.0521864 0.0251971 0.0108791 0.00552915 0.00479166 0.00600019 0.00798868 0.0102878 0.0126216 0.0147393 0.0164061 0.0174424 0.0177608 0.017381 0.0164161 0.015037 0.0134284 0.011751 0.0101193 0.00859897 0.00721644 0.00597534 0.00487046
 1.01216e-16 3.30091e-05 0.000193736 0.000920932 0.00354563 0.0110567 0.0279284 0.0571454 0.0947253 0.127215 0.138438 0.122121 0.0874354 0.051063 0.0248468 0.0110549 0.00608981 0.00571076 0.00731102 0.00972807 0.0124573 0.0151653 0.0175353 0.019275 0.0201712 0.0201368 0.019229 0.017628 0.015587 0.0133704 0.0112004 0.00922635 0.00751998 0.00609064 0.00490982 0.0039347
 1.02056e-16 2.55714e-05 0.000150059 0.000713259 0.002746 0.00856307 0.0216298 0.0442589 0.0733696 0.0985498 0.107285 0.094737 0.068042 0.0401661 0.0203466 0.0104175 0.00767035 0.00887809 0.0120322 0.0161716 0.020761 0.025322 0.0293449 0.0323464 0.0339675 0.0340542 0.0326874 0.0301498 0.0268464 0.0232046 0.0195878 0.0162459 0.0133068 0.0107996 0.00869269 0.00693011
 1.02133e-16 3.20895e-05 0.00018834 0.000895284 0.00344689 0.0107488 0.0271506 0.0555538 0.0920864 0.123669 0.134575 0.118701 0.0849629 0.0495705 0.0240314 0.0105446 0.00560885 0.00510389 0.0065075 0.00871394 0.0112696 0.0138956 0.0163291 0.0183194 0.0196693 0.0202738 0.0201368 0.0193578 0.0180975 0.016533 0.014821 0.0130769 0.0113723 0.00974515 0.00821527 0.00679657
 1.01749e-16 3.14152e-05 0.000184377 0.000876433 0.0033743 0.0105224 0.0265788 0.0543842 0.0901491 0.121072 0.13176 0.116246 0.0832646 0.0486989 0.0238307 0.0108318 0.00629208 0.00618654 0.00803795 0.0107324 0.0137687 0.0167962 0.0194729 0.0214799 0.0225825 0.0226814 0.0218324 0.0202236 0.0181214 0.0158044 0.0135063 0.0113837 0.00951205 0.00790243 0.0065284 0.00535089
 1.01302e-16 3.36185e-05 0.000197316 0.000937955 0.00361119 0.0112612 0.0284448 0.0582017 0.0964756 0.129563 0.140988 0.124356 0.0890066 0.0519211 0.0251536 0.0110041 0.00579902 0.00521364 0.00659497 0.00877187 0.0112556 0.0137421 0.0159489 0.0176144 0.0185445 0.018654 0.0179833 0.0166807 0.0149594 0.013045 0.0111293 0.00934401 0.00775683 0.00638404 0.00521091 0.0042108
 1.01126e-16 3.29432e-05 0.000193349 0.000919092 0.00353855 0.0110346 0.0278726 0.0570312 0.0945361 0.126961 0.138163 0.121879 0.0872658 0.0509706 0.0248144 0.0110618 0.00612375 0.00576888 0.00739576 0.00984311 0.0126049 0.0153444 0.0177409 0.019498 0.0203989 0.0203546 0.0194221 0.0177835 0.0156953 0.0134262 0.0112029 0.00917923 0.00743035 0.00596816 0.0047655 0.00377976
 1.01924e-16 2.58831e-05 0.000151889 0.00072196 0.0027795 0.00866754 0.0218937 0.0447988 0.0742644 0.0997512 0.108592 0.0958871 0.0688602 0.0406336 0.0205545 0.0104764 0.00765468 0.00882022 0.0119387 0.0160385 0.0205817 0.0250903 0.0290573 0.0320021 0.0335691 0.033607 0.0321993 0.0296307 0.0263077 0.0226583 0.0190467 0.0157225 0.0128127 0.0103449 0.00828493 0.0065741
 1.02796e-16 2.76258e-05 0.000162127 0.000770652 0.00296701 0.00925229 0.0233706 0.0478201 0.0792699 0.106465 0.115877 0.102263 0.0733147 0.0430127 0.0212985 0.0101082 0.00647284 0.00687936 0.00916565 0.0123505 0.0159685 0.0196624 0.0230636 0.0258152 0.027638 0.0283869 0.0280748 0.0268528 0.0249596 0.022657 0.0201752 0.0176823 0.01528 0.0130188 0.0109204 0.00899639
 1.01805e-16 3.38831e-05 0.000198871 0.000945354 0.00363968 0.01135 0.0286692 0.0586608 0.0972358 0.130582 0.142092 0.125317 0.0896669 0.052251 0.0252105 0.0108544 0.00547164 0.00469884 0.005865 0.00780341 0.0100472 0.0123257 0.0143949 0.0160275 0.0170518 0.0173858 0.0170524 0.016164 0.0148877 0.013401 0.0118546 0.0103523 0.0089487 0.00766077 0.00648531 0.00541375
 1.00926e-16 3.50532e-05 0.00020574 0.000978005 0.00376539 0.0117421 0.0296595 0.060687 0.100594 0.135093 0.147001 0.129648 0.0927678 0.0540627 0.0260924 0.0112449 0.00567887 0.00487529 0.00606288 0.00802288 0.0102575 0.0124707 0.014396 0.0157912 0.0164808 0.0163956 0.0155871 0.0142092 0.0124768 0.0106133 0.00880555 0.00717847 0.00579047 0.00464643 0.00371853 0.00296649
 1.00394e-16 3.82543e-05 0.000224538 0.00106739 0.00410955 0.0128153 0.0323703 0.0662332 0.109786 0.14743 0.160408 0.141433 0.101114 0.0587517 0.0280278 0.0115172 0.00499608 0.00350977 0.00403026 0.00525312 0.00669483 0.00812269 0.00935352 0.0102262 0.0106256 0.0105075 0.00990856 0.00893406 0.00773008 0.0064486 0.00521735 0.00412209 0.00320341 0.0024648 0.00188642 0.00143867
 1.00289e-16 3.69969e-05 0.000217153 0.00103227 0.00397433 0.0123936 0.0313052 0.0640542 0.106175 0.142584 0.155145 0.136813 0.0978567 0.0569506 0.0273404 0.0115318 0.00545514 0.00432853 0.00522216 0.00685668 0.00872792 0.0105581 0.0121094 0.0131699 0.01359 0.0133167 0.0124062 0.0110074 0.00932342 0.00756401 0.00590437 0.00446064 0.00328526 0.00237809 0.00170547 0.00121942
 1.00718e-16 3.08208e-05 0.000180883 0.000859813 0.00331029 0.0103228 0.0260747 0.053353 0.0884412 0.118782 0.12928 0.114084 0.081775 0.0479455 0.0236809 0.0111314 0.00696964 0.00725697 0.00955718 0.0127488 0.0162858 0.0197486 0.0227157 0.0247971 0.0257121 0.0253545 0.0238168 0.0213606 0.0183479 0.0151556 0.0121009 0.00939737 0.00714658 0.00535744 0.00397985 0.00293807
 1.01334e-16 3.16915e-05 0.000186 0.000884151 0.00340402 0.0106151 0.0268129 0.0548631 0.0909426 0.122136 0.132917 0.117261 0.0839801 0.0490942 0.0239813 0.0108287 0.00619316 0.00601304 0.00779129 0.0104107 0.0133768 0.0163501 0.0190001 0.0210159 0.0221637 0.0223371 0.0215766 0.0200503 0.0180052 0.0157052 0.0133783 0.0111856 0.00921553 0.00749752 0.00602417 0.00477226
 1.01528e-16 3.1371e-05 0.000184118 0.000875201 0.00336955 0.0105076 0.0265415 0.0543077 0.0900223 0.120901 0.131575 0.116083 0.0831497 0.0486347 0.0238052 0.0108303 0.00630597 0.0062137 0.00808066 0.010795 0.0138563 0.0169131 0.0196216 0.02166 0.0227894 0.0229057 0.0220597 0.0204356 0.0182977 0.0159253 0.0135553 0.0113506 0.00939451 0.0077067 0.00626833 0.00504589
 1.01185e-16 3.45006e-05 0.000202496 0.000962585 0.00370602 0.0115569 0.0291918 0.05973 0.0990082 0.132963 0.144682 0.127603 0.0913048 0.05321 0.0256814 0.0110698 0.00559619 0.00481551 0.00600417 0.00796803 0.0102234 0.0124851 0.0144953 0.0160166 0.0168723 0.0169845 0.0163889 0.0152186 0.0136659 0.0119344 0.0101972 0.00857361 0.00712555 0.00586861 0.00479064 0.00386884
 1.01248e-16 3.0996e-05 0.000181914 0.000864719 0.00332919 0.0103817 0.0262235 0.0536573 0.088945 0.119457 0.130009 0.114715 0.0822002 0.0481404 0.0236765 0.0109619 0.00664238 0.00675259 0.00884595 0.0118088 0.0151184 0.0183888 0.0212368 0.0233059 0.0243365 0.0242242 0.0230419 0.0210134 0.0184531 0.0156888 0.0129969 0.0105636 0.00847892 0.00675444 0.00535362 0.00422053
 1.01613e-16 3.09967e-05 0.00018192 0.000864753 0.00332932 0.0103822 0.0262246 0.0536593 0.0889477 0.119458 0.130005 0.1147 0.0821628 0.0480652 0.0235411 0.0107358 0.00628807 0.00623001 0.0081208 0.0108638 0.0139654 0.0170776 0.019858 0.0219839 0.0232125 0.023433 0.0226871 0.0211485 0.0190719 0.0167288 0.0143527 0.0121074 0.0100812 0.00830223 0.00676167 0.00543586
 1.0158e-16 3.2207e-05 0.000189027 0.000898547 0.00345945 0.010788 0.0272495 0.0557563 0.0924229 0.124123 0.135075 0.119156 0.085319 0.0498392 0.0242746 0.0108414 0.00603323 0.00571716 0.00735442 0.00981493 0.0126092 0.0154122 0.0179129 0.0198201 0.0209163 0.0211042 0.0204246 0.0190376 0.0171754 0.0150838 0.0129725 0.0109857 0.00919896 0.00763227 0.00627308 0.00509674
 1.01631e-16 3.07301e-05 0.000180353 0.000857302 0.00330063 0.0102927 0.0259986 0.0531971 0.0881819 0.118431 0.128891 0.113725 0.0814812 0.0477011 0.023427 0.0107915 0.00646725 0.00652332 0.00853782 0.0114149 0.014649 0.0178736 0.0207253 0.0228636 0.0240364 0.0241351 0.0232159 0.0214764 0.0191992 0.0166817 0.0141761 0.0118548 0.00980451 0.00804381 0.00654994 0.00528449
 1.0406e-16 1.409e-05 8.26367e-05 0.000392692 0.00151167 0.00471382 0.0119072 0.0243671 0.0404038 0.0542995 0.0591898 0.0524503 0.0380708 0.0232788 0.0132817 0.00923589 0.00979902 0.0133051 0.0186725 0.0252638 0.0325201 0.0397707 0.0462446 0.0511957 0.0540618 0.0545884 0.0528762 0.0493322 0.0445503 0.0391613 0.0337043 0.0285536 0.0239073 0.0198226 0.0162725 0.0131983
pSPR Fmed_Fpbrs
0.501638   0.346925 0.346925
Fs Fmed_Fpbrs
0.526495   1.005 1.005
SSBpbr Bo_Bmed_Bpbrs
863622  390045  256431 256431
Ro
32859.6
SPR SPRFo_SPRFmed_SPRFpbrs
677221 339720 234945
log_Ro
10.22
likeval ReclasPelacesDesembMPH_pf_preclas_ppelaces_ptallas_desvR_qrecl_qpela
 67.7113 13.3992 0.0183195 0.000217781 285.454 188.753 71.9653 0 17.5353 1.13699e-05 6.46664e-05 0 0 0 0
q_reclas_q_pelaces
0.620137 3.13952
M
0.7
N
 33612.4 12498.9 4833.58 585.306 0.218158
 43304 15231.4 3414.05 1320.28 159.935
 18677.2 19556.7 4069.36 912.131 395.47
 32754 7762.71 3037.83 632.112 203.115
 59699 15556.5 2881.86 1127.78 310.073
 40194 29426.8 7360.29 1363.5 680.293
 69682.8 18646.7 9370.28 2343.71 650.798
 75546.1 33034.4 6839 3436.72 1098.29
 99036.3 34287 9115.63 1887.18 1251.41
 127279 44527.1 8897.34 2365.47 814.451
 64615.5 59008.6 14118.9 2821.21 1008.3
 47152.6 28456.3 13376.9 3200.66 868.127
 48996.6 20914.5 6758.67 3177.15 966.378
 24437.6 20375.5 3260.55 1053.67 645.971
 13922.6 8859.67 1296.76 207.511 108.17
 14030.4 4796.01 403.837 59.1083 14.3892
 9760.25 5928.89 830.19 69.9042 12.7224
 10660.3 4325.61 1400.66 196.127 19.52
 12006.7 4860.95 1230.68 398.504 61.354
 20296.7 5544.5 1501.93 380.254 142.086
 24473.6 9352.89 1689.69 457.712 159.183
 32990.8 11748.3 3722.56 672.515 245.531
 48609.6 15692.5 4404.54 1395.62 344.183
 57330.9 22928.4 5569.11 1563.12 617.437
 14315.4 27005.8 8066 1959.17 767.102
pred_Ctot
 2125.65 4184.5 1618.23 195.954 0.0730369
 2835.76 5242.19 1175.02 454.403 55.0448
 2212.46 10309.4 2145.17 480.832 208.473
 1028.95 1432.87 560.733 116.677 37.4917
 317.038 529.844 98.1542 38.4113 10.5609
 1909.08 7788.09 1947.97 360.863 180.046
 2278.46 3567.25 1792.6 448.369 124.502
 4699.33 10915 2259.69 1135.53 362.888
 6777.14 12215 3247.52 672.325 445.825
 6101.02 11876.1 2373.07 630.909 217.227
 5294.71 24109.6 5768.64 1152.68 411.97
 3645.35 11132.2 5233.06 1252.1 339.613
 5787.28 11004.8 3556.28 1671.75 508.489
 4830.46 14230.2 2277.16 735.881 451.145
 3132.01 6539.19 957.119 153.161 79.8389
 1517.89 2383.01 200.656 29.3693 7.14962
 759.761 2331.41 326.455 27.4884 5.00283
 629.901 1371.4 444.069 62.1805 6.18866
 607.712 1357.03 343.569 111.25 17.1282
 1056.16 1583.96 429.073 108.632 40.5914
 587.557 1352.31 244.307 66.1792 23.0158
 1002.05 2103.96 666.66 120.438 43.9713
 1758.22 3282.94 921.447 291.969 72.0044
 2126.54 4904.02 1191.15 334.328 132.06
 500.503 5482.94 1637.63 397.766 155.744
F
 0.0915364 0.597741 0.597741 0.597741 0.597741
 0.0949253 0.619871 0.619871 0.619871 0.619871
 0.177972 1.16218 1.16218 1.16218 1.16218
 0.0445471 0.290897 0.290897 0.290897 0.290897
 0.00740862 0.048379 0.048379 0.048379 0.048379
 0.0680486 0.444364 0.444364 0.444364 0.444364
 0.0464046 0.303027 0.303027 0.303027 0.303027
 0.0899768 0.587557 0.587557 0.587557 0.587557
 0.0993882 0.649014 0.649014 0.649014 0.649014
 0.0686953 0.448587 0.448587 0.448587 0.448587
 0.120083 0.784155 0.784155 0.784155 0.784155
 0.112945 0.737545 0.737545 0.737545 0.737545
 0.177416 1.15855 1.15855 1.15855 1.15855
 0.314615 2.05447 2.05447 2.05447 2.05447
 0.36573 2.38825 2.38825 2.38825 2.38825
 0.161389 1.05389 1.05389 1.05389 1.05389
 0.113764 0.74289 0.74289 0.74289 0.74289
 0.085295 0.556984 0.556984 0.556984 0.556984
 0.0726614 0.474486 0.474486 0.474486 0.474486
 0.0747713 0.488264 0.488264 0.488264 0.488264
 0.0338852 0.221274 0.221274 0.221274 0.221274
 0.0430428 0.281074 0.281074 0.281074 0.281074
 0.0514463 0.33595 0.33595 0.33595 0.33595
 0.052789 0.344717 0.344717 0.344717 0.344717
 0.0496903 0.324482 0.324482 0.324482 0.324482
nmprior
 10 11 7 0
nm_flota  nm_reclas  nm_pelaces    nm_pelaL
inf 18.6776 14.3423 24.4311
cv_recla  cv_pelaces  cv_mph
0.744313 0.430728 0.478793
 ------------------------------------------------
Talla a la edad & desviación 
 7.2 14.2025 17.0495 18.207 18.6776
 1.08 2.13037 2.55742 2.73105 2.80164
