years
 1997 1998 1999 2000 2001 2002 2003 2004 2005 2006 2007 2008 2009 2010 2011 2012 2013 2014 2015 2016 2017 2018 2019 2020 2021
reclasobs
 0 0 0 370054 412103 1.49427e+06 250295 1.28982e+06 931140 785840 897777 1.04006e+06 184774 17550 25797 100020 73551 82996 120727 218422 84188 347160 605670 569463 516374
reclaspred
 1.35101e+06 240853 532117 252506 332993 424884 864857 691783 958892 1.17046e+06 1.1484e+06 781701 447340 203868 133219 127843 146510 197974 206756 275470 453848 446955 674734 651216 621974
pelacesobs
 0 0 0 0 0 0 0 0 0 2.06254e+06 1.5e+06 0 1.87456e+06 323000 250000 174000 83755 137374 0 501740 490994 745055 786931 1.00524e+06 0
pelacespred
 713977 255208 173790 175297 196770 188882 445498 428896 543775 689336 592647 418130 237590 86824.2 56054.8 61415.5 73666.3 100434 110464 141780 256727 265387 304292 349962 332247
mphobs
 0 0 0 0 0 112323 0 153150 637223 0 255016 313432 73983 77613 109348 50772 0 0 0 0 0 0 0 0 0
mphpred
 962984 476370 355987 280677 236986 389740 514578 705107 726085 971895 1.14952e+06 828831 497872 264599 124074 107501 116875 153672 183641 200554 326134 425223 490706 571601 629407
desembarqueobs
 350755 77701 442110 56441 14545 235359 269955 359681 431902 328805 639364 411747 362871 311530 167758 66681 60226 58785 57116 71774 51957 67425 138520 160799 200461
desembarquepred
 350743 77690.5 441955 56437.7 14544.8 235361 269941 359514 431744 328690 639106 411708 362752 311502 167640 66675.7 60234.1 58776.8 57102.1 71753.8 51951.8 67408.9 138493 160784 200470
Reclutas
 33970.1 38618.1 16782 20444.5 48651.7 32378.2 71003.1 79868 130461 151820 71574.2 37578.6 47111 28304.5 19751.2 16082.1 13239.8 14052.9 14180 29159.9 41055.5 40793.1 52144.3 48870.6 12415.3
log_desv_Rt
 -0.0267626 0.101477 -0.731938 -0.53453 0.332442 -0.0747599 0.710479 0.828131 1.31883 1.47045 0.71849 0.0741889 0.300262 -0.209223 -0.56903 -0.774539 -0.96902 -0.909413 -0.900413 -0.179449 0.162679 0.156268 0.40177 0.336931 -1.03332
SSB
 962984 476370 355987 280677 236986 389740 514578 705107 726085 971895 1.14952e+06 828831 497872 264599 124074 107501 116875 153672 183641 200554 326134 425223 490706 571601 629407
BT
 2.04634e+06 620178 664069 429660 491108 557925 1.44099e+06 1.39917e+06 1.84106e+06 1.96466e+06 1.82539e+06 1.23139e+06 887861 484447 283134 194119 221755 276185 279518 395409 663850 593183 724993 867705 795664
Ftot
 0.250472 0.310091 0.765012 0.216237 0.0427136 0.522728 0.300835 0.494046 0.430615 0.271081 0.525308 0.497863 0.750976 1.32418 1.1285 0.494798 0.393293 0.286031 0.266248 0.251709 0.111519 0.14654 0.198743 0.238473 0.309224
BD_Bspro_t
 0.963128 0.774366 0.62721 0.391411 0.483586 0.665199 0.57883 0.617937 0.587395 0.603128 0.611844 0.457714 0.343853 0.246819 0.147952 0.15382 0.217421 0.339101 0.438232 0.522396 0.661636 0.7665 0.763119 0.733149 0.676599
BD_Bspro
 1.33915 0.662455 0.495046 0.390317 0.32956 0.541985 0.715588 0.980543 1.00972 1.35155 1.59855 1.1526 0.692355 0.36796 0.172541 0.149494 0.16253 0.213701 0.255377 0.278896 0.453532 0.591328 0.68239 0.794886 0.875273
BD_Bo
 1.03128 0.510153 0.381232 0.300581 0.253792 0.417379 0.55107 0.75511 0.777577 1.04082 1.23104 0.887609 0.533179 0.283364 0.132873 0.115124 0.125163 0.16457 0.196664 0.214776 0.349262 0.455378 0.525505 0.612137 0.674043
BD_Brms
 5.0383 2.49236 1.86251 1.46849 1.2399 2.03911 2.69226 3.6891 3.79886 5.08492 6.01424 4.33642 2.60485 1.38438 0.649152 0.56244 0.611487 0.804008 0.960805 1.04929 1.70632 2.22475 2.56736 2.9906 3.29304
S_f
 0.5 1 1 1 1
 0.5 1 1 1 1
 0.5 1 1 1 1
 0.5 1 1 1 1
 0.5 1 1 1 1
 0.5 1 1 1 1
 0.5 1 1 1 1
 0.5 1 1 1 1
 0.5 1 1 1 1
 0.5 1 1 1 1
 0.5 1 1 1 1
 0.5 1 1 1 1
 0.5 1 1 1 1
 0.5 1 1 1 1
 0.5 1 1 1 1
 0.5 1 1 1 1
 0.5 1 1 1 1
 0.5 1 1 1 1
 0.5 1 1 1 1
 0.5 1 1 1 1
 0.5 1 1 1 1
 0.5 1 1 1 1
 0.5 1 1 1 1
 0.5 1 1 1 1
 0.5 1 1 1 1
Scru_reclas
 0.5 1 1 1 1
 0.5 1 1 1 1
 0.5 1 1 1 1
 0.5 1 1 1 1
 0.5 1 1 1 1
 0.5 1 1 1 1
 0.5 1 1 1 1
 0.5 1 1 1 1
 0.5 1 1 1 1
 0.5 1 1 1 1
 0.5 1 1 1 1
 0.5 1 1 1 1
 0.5 1 1 1 1
 0.5 1 1 1 1
 0.5 1 1 1 1
 0.5 1 1 1 1
 0.5 1 1 1 1
 0.5 1 1 1 1
 0.5 1 1 1 1
 0.5 1 1 1 1
 0.5 1 1 1 1
 0.5 1 1 1 1
 0.5 1 1 1 1
 0.5 1 1 1 1
 0.5 1 1 1 1
Scru_pelaces
 0.5 1 1 1 1
 0.5 1 1 1 1
 0.5 1 1 1 1
 0.5 1 1 1 1
 0.5 1 1 1 1
 0.5 1 1 1 1
 0.5 1 1 1 1
 0.5 1 1 1 1
 0.5 1 1 1 1
 0.5 1 1 1 1
 0.5 1 1 1 1
 0.5 1 1 1 1
 0.5 1 1 1 1
 0.5 1 1 1 1
 0.5 1 1 1 1
 0.5 1 1 1 1
 0.5 1 1 1 1
 0.5 1 1 1 1
 0.5 1 1 1 1
 0.5 1 1 1 1
 0.5 1 1 1 1
 0.5 1 1 1 1
 0.5 1 1 1 1
 0.5 1 1 1 1
 0.5 1 1 1 1
pf_obs 
 0.256992 0.487395 0.22802 0.0275931 0
 0.321318 0.546541 0.124235 0.00734118 0.000564706
 0.182869 0.594174 0.210203 0.0122559 0.00049798
 0.330522 0.361315 0.267642 0.0388342 0.00168674
 0.649043 0.306663 0.0425973 0.00169635 0
 0.582887 0.30429 0.105238 0.00758474 0
 0.465427 0.430635 0.0974691 0.00646863 0
 0.296916 0.608066 0.0921331 0.00288517 0
 0.311714 0.524322 0.152257 0.0117073 0
 0.15457 0.633149 0.183074 0.0267441 0.00246327
 0.131901 0.49318 0.331252 0.0422183 0.00144891
 0.196976 0.569456 0.194076 0.0375587 0.00193317
 0.518974 0.381816 0.0799577 0.0180837 0.00116848
 0.0928022 0.601141 0.25162 0.0475244 0.00691264
 0.122501 0.610282 0.24278 0.0234846 0.000952079
 0.383417 0.481906 0.127806 0.00687128 0
 0.0376549 0.599619 0.316969 0.0457579 0
 0.0361596 0.667082 0.258105 0.0386534 0
 0.158088 0.579412 0.248529 0.0139706 0
 0.0477256 0.309471 0.559284 0.082774 0.000745712
 0.0406174 0.521527 0.379366 0.0568643 0.0016247
 0.151134 0.462217 0.34131 0.0453401 0
 0.294876 0.26143 0.354403 0.0886775 0.000613685
 0.281977 0.475581 0.204845 0.0348837 0.00271318
 0 0 0 0 0
pf_pred 
 0.337595 0.457847 0.182014 0.0225396 4.32032e-06
 0.420002 0.303167 0.191342 0.0760667 0.00942148
 0.267129 0.449222 0.148264 0.0935761 0.0418081
 0.474133 0.251724 0.168039 0.0554608 0.0506428
 0.639161 0.237182 0.0591925 0.0395141 0.0249501
 0.373404 0.489943 0.0898231 0.0224168 0.0244132
 0.63999 0.209396 0.117767 0.0215907 0.0112565
 0.536772 0.36825 0.055243 0.0310694 0.00866576
 0.626456 0.272024 0.0807049 0.0121069 0.00870827
 0.549353 0.356828 0.0683216 0.0202699 0.00522795
 0.305043 0.503794 0.151365 0.0289818 0.0108161
 0.278258 0.365301 0.258394 0.0776348 0.0204122
 0.469915 0.249996 0.141764 0.100276 0.0380494
 0.436189 0.388882 0.0824988 0.0467821 0.0456474
 0.541776 0.321655 0.0941968 0.0199832 0.0223887
 0.55163 0.34559 0.072148 0.0211285 0.00950411
 0.460308 0.399351 0.10817 0.0225824 0.00958805
 0.475835 0.344194 0.133172 0.0360715 0.0107279
 0.45147 0.363917 0.121226 0.0469035 0.0164829
 0.614954 0.246381 0.0919956 0.0306451 0.0160236
 0.56057 0.340305 0.0634277 0.0236831 0.0120143
 0.441767 0.404575 0.118997 0.0221792 0.0124825
 0.47366 0.327709 0.143956 0.0423415 0.0123333
 0.418332 0.381417 0.12468 0.0547694 0.0208015
 0.157217 0.510974 0.217577 0.0711228 0.0431089
pobs_RECLAS
 0 0 0 0 0
 0 0 0 0 0
 0 0 0 0 0
 0 0 0 0 0
 0.835266 0.146461 0.0176864 0.000547809 3.91292e-05
 0.385257 0.428462 0.181853 0.0044286 0
 0.867414 0.0963971 0.0333333 0.00285562 0
 0.441836 0.489002 0.0689373 0.000224442 0
 0.779404 0.147425 0.0564933 0.0165055 0.000172143
 0.814271 0.122319 0.05973 0.00367925 0
 0.40263 0.566651 0.0304383 0.000280538 0
 0.475488 0.404961 0.113038 0.00651328 0
 0.955842 0.0263864 0.0167828 0.000988607 0
 0.975058 0.0227948 0.00214734 0 0
 0.738997 0.206755 0.0527124 0.00153531 0
 0.850938 0.134255 0.0134407 0.00136685 0
 0.542534 0.407297 0.0501686 0 0
 0.764087 0.199537 0.0359546 0.000420521 0
 0.470689 0.182191 0.310203 0.0369168 0
 0.84361 0.089868 0.0606195 0.00523954 0.000663233
 0.607945 0.314616 0.071237 0.00620181 0
 0.523733 0.453247 0.0230204 0 0
 0.530135 0.295979 0.169645 0.0042399 0
 0.562478 0.366248 0.0663022 0.0049721 0
 0.250443 0.683176 0.0655157 0.000865301 0
ppred_RECLAS
 0.339643 0.456432 0.181451 0.0224699 4.30696e-06
 0.422898 0.301654 0.190387 0.0756869 0.00937444
 0.274937 0.444436 0.146685 0.0925792 0.0413626
 0.476046 0.250808 0.167428 0.055259 0.0504585
 0.639459 0.236986 0.0591436 0.0394815 0.0249295
 0.378876 0.485665 0.0890387 0.022221 0.0242
 0.642621 0.207865 0.116906 0.0214329 0.0111742
 0.542144 0.36398 0.0546024 0.0307091 0.00856526
 0.630667 0.268957 0.079795 0.0119704 0.00861009
 0.551844 0.354856 0.067944 0.0201578 0.00519906
 0.310042 0.50017 0.150276 0.0287734 0.0107383
 0.282666 0.36307 0.256816 0.0771606 0.0202876
 0.479514 0.245469 0.139197 0.0984601 0.0373604
 0.458213 0.373692 0.0792763 0.0449547 0.0438644
 0.559069 0.309516 0.0906419 0.0192291 0.0215438
 0.556982 0.341464 0.0712867 0.0208763 0.00939065
 0.464295 0.396401 0.107371 0.0224156 0.00951722
 0.478516 0.342433 0.132491 0.0358869 0.010673
 0.45391 0.362299 0.120687 0.0466949 0.0164096
 0.61713 0.244989 0.0914757 0.0304719 0.0159331
 0.561457 0.339618 0.0632996 0.0236353 0.01199
 0.442973 0.4037 0.118739 0.0221312 0.0124555
 0.475392 0.326631 0.143482 0.0422021 0.0122927
 0.420431 0.38004 0.12423 0.0545717 0.0207265
 0.158792 0.51002 0.21717 0.0709899 0.0430283
pobs_PELACES
 0 0 0 0 0
 0 0 0 0 0
 0 0 0 0 0
 0 0 0 0 0
 0 0 0 0 0
 0 0 0 0 0
 0 0 0 0 0
 0 0 0 0 0
 0 0 0 0 0
 0 0 0 0 0
 0.450072 0.473896 0.0757376 0.000293798 0
 0 0 0 0 0
 0.463077 0.371075 0.160297 0.00555027 0
 0.529543 0.364841 0.0842815 0.0213345 0
 0.631943 0.363953 0.00410389 0 0
 0.735681 0.248677 0.0153453 0.000297389 0
 0.695825 0.281241 0.0229344 0 0
 0.275771 0.60734 0.115278 0.00161068 0
 0 0 0 0 0
 0.896147 0.0623911 0.0374545 0.00400742 0
 0.803859 0.145111 0.0509908 3.86294e-05 0
 0.739449 0.233085 0.0266225 0.000797448 4.60066e-05
 0.878498 0.100942 0.0204185 0.000141795 0
 0.694673 0.275183 0.0284847 0.00165964 0
 0 0 0 0 0
ppred_PELACES
 0.348973 0.449983 0.178887 0.0221524 4.24611e-06
 0.435432 0.295102 0.186252 0.0740431 0.00917084
 0.300801 0.428583 0.141452 0.0892768 0.0398872
 0.484952 0.246545 0.164582 0.0543197 0.0496008
 0.641083 0.235919 0.0588773 0.0393038 0.0248172
 0.399374 0.469636 0.0861002 0.0214877 0.0234014
 0.653939 0.201283 0.113204 0.0207541 0.0108203
 0.562298 0.347958 0.0521989 0.0293573 0.00818823
 0.647058 0.257021 0.0762537 0.0114392 0.00822798
 0.562878 0.346118 0.0662711 0.0196615 0.00507105
 0.328882 0.486512 0.146173 0.0279877 0.0104451
 0.299616 0.354491 0.250748 0.0753374 0.0198082
 0.510479 0.230866 0.130915 0.0926025 0.0351378
 0.512735 0.336086 0.0712984 0.0404307 0.0394501
 0.604341 0.277737 0.0813354 0.0172548 0.0193318
 0.577023 0.326017 0.0680618 0.0199319 0.00896584
 0.480468 0.384434 0.104129 0.0217389 0.00922991
 0.490303 0.334693 0.129496 0.0350758 0.0104318
 0.46482 0.355061 0.118276 0.045762 0.0160817
 0.626895 0.238741 0.0891428 0.0296948 0.0155267
 0.565983 0.336113 0.0626464 0.0233914 0.0118663
 0.448947 0.399371 0.117466 0.0218939 0.012322
 0.483576 0.321535 0.141244 0.0415437 0.012101
 0.430048 0.373734 0.122169 0.0536662 0.0203825
 0.165727 0.505815 0.21538 0.0704047 0.0426736
pobs_pel_tallas
 0 0 0 0 0 0 0 0 0 0 0 0 0 0 0 0 0 0 0 0 0 0 0 0 0 0 0 0 0 0 0 0 0 0 0 0
 0 0 0 0 0 0 0 0 0 0 0 0 0 0 0 0 0 0 0 0 0 0 0 0 0 0 0 0 0 0 0 0 0 0 0 0
 0 0 0 0 0 0 0 0 0 0 0 0 0 0 0 0 0 0 0 0 0 0 0 0 0 0 0 0 0 0 0 0 0 0 0 0
 0 0 0 0 0 0 0 0 0 0 0 0 0 0 0 0 0 0 0 0 0 0 0 0 0 0 0 0 0 0 0 0 0 0 0 0
 0 0 0 0 0 0 0 0 0 0 0 0 0 0 0 0 0 0 0 0 0 0 0 0 0 0 0 0 0 0 0 0 0 0 0 0
 0 0 0 0 0 0 0 0 0 0 0 0 0 0 0 0 0 0 0 0 0 0 0 0 0 0 0 0 0 0 0 0 0 0 0 0
 0 0 0 0 0 0 0 0 0 0 0 0 0 0 0 0 0 0 0 0 0 0 0 0 0 0 0 0 0 0 0 0 0 0 0 0
 0 0 0 0 0 0 0 0 0 0 0 0 0 0 0 0 0 0 0 0 0 0 0 0 0 0 0 0 0 0 0 0 0 0 0 0
 0 0 0 0 0 0 0 0 0 0 0 0 0 0 0 0 0 0 0 0 0 0 0 0 0 0 0 0 0 0 0 0 0 0 0 0
 0 0 0 0 0 0 0 0 0 0 0 0 0 0 0 0 0 0 0 0 0 0 0 0 0 0 0 0 0 0 0 0 0 0 0 0
 0 0 0 0 0 0 0 0 1.78061e-05 0.00172719 0.00360574 0.0105946 0.0120993 0.0124554 0.0147524 0.0171206 0.0266825 0.0428682 0.0675386 0.121331 0.153587 0.119568 0.100827 0.0573624 0.0630603 0.0341343 0.0324427 0.0444173 0.0211091 0.0280891 0.0125444 0.00206551 0 0 0 0
 0 0 0 0 0 0 0 0 0 0 0 0 0 0 0 0 0 0 0 0 0 0 0 0 0 0 0 0 0 0 0 0 0 0 0 0
 0 0 0 0 0 0 0.0133647 0.0140871 0.0187388 0.0205184 0.03894 0.0496705 0.03968 0.0493445 0.0407372 0.0367815 0.0215668 0.0243155 0.0234873 0.0199281 0.019796 0.0243948 0.0301388 0.0376714 0.0412746 0.0863199 0.0771752 0.113111 0.0741005 0.0525337 0.0229764 0.00759418 0.00175318 0 0 0
 0 0 0 0 0 0 0 0 0 0 0.00219441 0.00772107 0.0458388 0.0604681 0.0671733 0.0775358 0.0609151 0.0617685 0.073594 0.0568108 0.0755445 0.0548602 0.0670107 0.0636378 0.0643287 0.046367 0.0373049 0.0286899 0.0247887 0.0153202 0.00654259 0.00121912 0.000365735 0 0 0
 0 0 0 0 0 0 0 0 0 0 0 0 0.000112435 0.00938835 0.0111873 0.0202946 0.0414886 0.0713402 0.111592 0.104902 0.108894 0.110636 0.117776 0.105296 0.107544 0.0401394 0.0192827 0.0124803 0.00416011 0.0028671 0.000618394 0 0 0 0 0
 0 0 0 0 0 0 0 0 0 0 0.00291406 0.0102884 0.027416 0.0768956 0.0749926 0.110853 0.0956884 0.0897413 0.0766577 0.0534642 0.0500743 0.0551293 0.0594112 0.0620874 0.0668451 0.0424026 0.0208742 0.0120726 0.0048766 0.00582813 0.00118941 0.000297354 0 0 0 0
 0 0.00264628 0.0354308 0.0461629 0.0458689 0.0383711 0.0214643 0.0164657 0.0346957 0.0420465 0.0363128 0.0245516 0.0311673 0.0291091 0.0169068 0.0133784 0.00837989 0.0085269 0.0148486 0.0160247 0.0276389 0.0546898 0.0760071 0.122758 0.109233 0.0665981 0.0333725 0.0166128 0.00676272 0.00308733 0.000882094 0 0 0 0 0
 0 0 0 0 0 0 0 0.000805153 0.000690131 0.00759144 0.0133425 0.0154129 0.00931677 0.000345066 0.00356568 0.00563607 0.00851162 0.0253048 0.0502646 0.0516448 0.0657925 0.0565908 0.0611916 0.0827007 0.0866115 0.110766 0.145733 0.0935128 0.0569358 0.0249597 0.0138026 0.00621118 0.00161031 0.00115022 0 0
 0 0 0 0 0 0 0 0 0 0 0 0 0 0 0 0 0 0 0 0 0 0 0 0 0 0 0 0 0 0 0 0 0 0 0 0
 0.00147267 0.00158595 0.00478618 0.00569244 0.00954404 0.0108468 0.00647125 0.017049 0.0510054 0.094081 0.124002 0.0959785 0.0687766 0.0820023 0.061753 0.0591476 0.0492212 0.0479892 0.0443925 0.0268479 0.0217502 0.0140895 0.0121071 0.0120363 0.00920419 0.00665534 0.0049561 0.00860946 0.00930331 0.0156896 0.0114698 0.00855282 0.00243557 0.00046729 0 2.83206e-05
 0 0 0 0 0.000772559 0.00158375 0.000888443 0.00281984 0.00712685 0.0440552 0.0773331 0.111326 0.0921469 0.0852325 0.0710754 0.0886704 0.0786465 0.0553345 0.0373146 0.0185414 0.00753245 0.00457741 0.012979 0.0271748 0.0457355 0.0583668 0.034881 0.0177882 0.00938659 0.00492506 0.0015258 0.00185414 0.000309023 5.79419e-05 3.86279e-05 0
 0 0.00173294 0.00326652 0 0.00397197 0.00683976 0.00946217 0.0152591 0.00757587 0.0136028 0.0228656 0.0392903 0.0559909 0.0764795 0.0681675 0.0726916 0.0566044 0.0477403 0.0527397 0.0444891 0.0609904 0.0582453 0.0661739 0.0445044 0.0529084 0.0360697 0.0280645 0.0235558 0.0158879 0.00826598 0.00280645 0.00217768 0.000904811 0.00058276 9.20147e-05 0
 0 0 0 0 0 0 0 0 0 0 0 0 0 0 0 0 0 0 0 0 0 0 0 0 0 0 0 0 0 0 0 0 0 0 0 0
 0 0 0 0 0 0 0 0 0 0 0 0 0 0 0 0 0 0 0 0 0 0 0 0 0 0 0 0 0 0 0 0 0 0 0 0
 0 0 0 0 0 0 0 0 0 0 0 0 0 0 0 0 0 0 0 0 0 0 0 0 0 0 0 0 0 0 0 0 0 0 0 0
ppred_pel_tallas
 1.03448e-16 1.52482e-05 8.9439e-05 0.000425037 0.00163622 0.00510223 0.0128882 0.0263741 0.0437296 0.0587625 0.0640375 0.056705 0.0410701 0.0249359 0.0139122 0.00921947 0.0093744 0.0125538 0.0175885 0.0238217 0.0307172 0.0376485 0.0438946 0.0487519 0.0516801 0.0524183 0.0510316 0.0478701 0.0434626 0.0383826 0.0331321 0.028074 0.0234196 0.019257 0.0155981 0.0124205
 1.05713e-16 1.90118e-05 0.00011155 0.000530185 0.00204112 0.00636493 0.0160775 0.0328985 0.0545393 0.0732644 0.079778 0.0704932 0.0507307 0.0301519 0.0156568 0.00865233 0.00717567 0.00887741 0.012303 0.0167544 0.0218183 0.0270882 0.0321025 0.0363963 0.039589 0.0414561 0.041961 0.0412343 0.0395148 0.0370764 0.0341663 0.0309736 0.0276286 0.0242215 0.0208281 0.0175254
 1.07079e-16 1.31465e-05 7.7103e-05 0.000366396 0.00141045 0.00439818 0.0111098 0.0227352 0.0376974 0.0506608 0.0552193 0.0489223 0.0354893 0.0216596 0.0122867 0.00844519 0.0088804 0.0120423 0.0169358 0.0229941 0.0297363 0.0365882 0.0428838 0.0479716 0.05135 0.0527731 0.0522914 0.0502082 0.0469791 0.0430858 0.038932 0.0347891 0.0307943 0.026988 0.0233656 0.0199201
 1.06601e-16 2.11691e-05 0.000124219 0.000590428 0.00227309 0.00708834 0.0179047 0.0366366 0.0607339 0.081578 0.0888101 0.0784251 0.0563321 0.0332665 0.0168794 0.0086983 0.00649679 0.00762806 0.0104647 0.014257 0.0186148 0.0231947 0.0276162 0.0314954 0.0345141 0.036478 0.0373427 0.037196 0.0362102 0.0345828 0.0324892 0.03006 0.0273837 0.0245259 0.0215511 0.0185365
 1.03423e-16 2.79764e-05 0.000164186 0.000780438 0.00300468 0.00936978 0.0236674 0.0484274 0.0802766 0.107818 0.117349 0.103563 0.0742479 0.0435626 0.0215743 0.0102426 0.0065584 0.00695976 0.00925037 0.0124277 0.0160105 0.0196282 0.0229033 0.0254783 0.0270844 0.0275994 0.0270692 0.0256822 0.0237109 0.0214391 0.0191025 0.0168553 0.0147691 0.0128543 0.0110901 0.00945174
 1.03207e-16 1.74464e-05 0.000102344 0.000486384 0.00187242 0.0058388 0.0147488 0.030181 0.0500398 0.0672368 0.0732586 0.064837 0.0468875 0.0283226 0.0155375 0.00989821 0.00967231 0.0127403 0.0177407 0.0239167 0.0306746 0.0373458 0.0431788 0.0474582 0.0496603 0.0495727 0.0473386 0.0434041 0.0383948 0.0329627 0.0276545 0.0228357 0.0186796 0.0152046 0.0123358 0.00996365
 1.02892e-16 2.85358e-05 0.000167473 0.000796069 0.00306488 0.00955751 0.0241416 0.0493973 0.0818833 0.109972 0.119686 0.105606 0.07567 0.0443117 0.021788 0.0100845 0.00612007 0.00625673 0.00826168 0.0111367 0.0144331 0.0178285 0.0209962 0.0236176 0.0254392 0.0263214 0.0262603 0.0253723 0.0238511 0.0219136 0.0197538 0.0175173 0.0152983 0.0131517 0.0111114 0.00920428
 1.02246e-16 2.45456e-05 0.000144034 0.000684609 0.00263568 0.00821903 0.0207609 0.0424812 0.0704239 0.0945973 0.102993 0.090972 0.0653928 0.0387126 0.0198135 0.0104746 0.00811408 0.00964512 0.0131366 0.0176426 0.0226036 0.0274954 0.0317562 0.0348573 0.0364139 0.0362739 0.0345495 0.0315778 0.027828 0.0237871 0.0198615 0.0163208 0.0132892 0.010775 0.00871636 0.00702644
 1.01944e-16 2.8238e-05 0.000165719 0.000787722 0.00303272 0.00945721 0.0238883 0.0488795 0.0810265 0.108826 0.118451 0.104546 0.074975 0.0440341 0.021891 0.010531 0.00692368 0.00747715 0.00997145 0.013382 0.0171994 0.0210165 0.0244135 0.0269924 0.0284552 0.0286681 0.0276876 0.0257339 0.0231273 0.0202083 0.0172682 0.0145098 0.0120406 0.00989113 0.0080453 0.00646818
 1.01967e-16 2.45709e-05 0.000144182 0.000685315 0.0026384 0.0082275 0.0207823 0.042525 0.0704964 0.0946946 0.103099 0.0910646 0.0654579 0.0387481 0.0198264 0.0104734 0.00810468 0.00963073 0.0131197 0.0176268 0.0225942 0.0274998 0.0317828 0.0349133 0.0365031 0.036394 0.0346906 0.0317222 0.0279519 0.0238641 0.0198674 0.016238 0.0131104 0.0105043 0.00836903 0.00662574
 1.03684e-16 1.43735e-05 8.43008e-05 0.000400602 0.00154213 0.0048088 0.0121471 0.024858 0.0412175 0.0553924 0.0603791 0.0534995 0.0388223 0.0237183 0.0134963 0.00933246 0.00985293 0.0133546 0.018732 0.025336 0.0326004 0.0398487 0.0463039 0.0512149 0.0540161 0.0544529 0.0526291 0.0489589 0.0440453 0.03853 0.0329631 0.027728 0.0230293 0.0189273 0.0153947 0.012369
 1.0719e-16 1.30922e-05 7.67901e-05 0.000364922 0.00140479 0.00438056 0.0110653 0.0226434 0.0375435 0.0504485 0.0549735 0.0486705 0.0352331 0.0213579 0.0118588 0.00778441 0.00786809 0.0105627 0.0148984 0.0203634 0.0265656 0.0330431 0.0392457 0.0446115 0.048674 0.0511489 0.0519741 0.0512862 0.0493536 0.046491 0.0429886 0.0390744 0.0349144 0.0306327 0.026339 0.0221457
 1.06758e-16 2.22814e-05 0.000130751 0.000621486 0.00239268 0.00746127 0.0188467 0.0385639 0.0639278 0.0858651 0.0934696 0.0825215 0.0592346 0.0349001 0.017559 0.00880369 0.00627432 0.00717138 0.00977596 0.0133053 0.0173706 0.0216474 0.0257831 0.0294242 0.0322802 0.0341763 0.0350764 0.0350641 0.0342973 0.0329517 0.0311771 0.0290774 0.0267172 0.024142 0.0214019 0.0185659
 1.04355e-16 2.23839e-05 0.000131344 0.000624282 0.00240341 0.00749471 0.0189313 0.0387377 0.0642187 0.0862643 0.0939263 0.0829772 0.0596759 0.0353888 0.0182252 0.00982034 0.00783475 0.00946822 0.0129714 0.0174871 0.022502 0.0275259 0.0320261 0.0354953 0.037556 0.0380445 0.0370411 0.0348324 0.0318261 0.0284453 0.0250391 0.0218351 0.0189353 0.0163467 0.014026 0.0119199
 1.02742e-16 2.63761e-05 0.000154787 0.000735743 0.00283258 0.00883308 0.0223118 0.0456541 0.075681 0.10165 0.11065 0.0976829 0.0701024 0.0412713 0.0207016 0.010266 0.00715257 0.00802098 0.0108021 0.0145278 0.0186926 0.0228696 0.0266101 0.0294867 0.0311785 0.03154 0.0306289 0.028677 0.0260216 0.0230194 0.0199737 0.0170923 0.0144824 0.0121715 0.010141 0.00835671
 1.02177e-16 2.51869e-05 0.0001478 0.00070252 0.00270465 0.00843411 0.0213041 0.0435926 0.0722654 0.0970682 0.105676 0.0933252 0.0670478 0.0396191 0.0201428 0.0104322 0.00782605 0.00914966 0.0124235 0.0166927 0.0214135 0.0260911 0.0301979 0.0332346 0.0348335 0.0348418 0.0333521 0.0306668 0.0272139 0.0234415 0.0197277 0.0163283 0.0133687 0.0108692 0.00878649 0.00705293
 1.02782e-16 2.09791e-05 0.000123091 0.000585038 0.00225229 0.00702343 0.0177409 0.0363025 0.0601839 0.0808508 0.0880488 0.0778251 0.0560583 0.0334196 0.017535 0.00996867 0.00855922 0.0107043 0.0147657 0.0199102 0.0255903 0.0312465 0.0362605 0.0400399 0.0421424 0.0423734 0.0408241 0.0378316 0.0338819 0.0294896 0.0250933 0.0209959 0.0173549 0.0142102 0.0115307 0.0092568
 1.0364e-16 2.1406e-05 0.000125602 0.000596984 0.0022983 0.00716693 0.0181033 0.0370437 0.061411 0.0824945 0.0898261 0.0793658 0.0571024 0.0339107 0.0175537 0.00960564 0.00784144 0.0095955 0.0132043 0.0178519 0.0230422 0.028291 0.0330631 0.0368388 0.0392181 0.040005 0.0392413 0.0371757 0.0341849 0.0306751 0.0269982 0.0234038 0.0200336 0.0169441 0.0141434 0.0116225
 1.04119e-16 2.02956e-05 0.000119081 0.000565979 0.00217892 0.00679464 0.017163 0.0351198 0.0582227 0.078215 0.0851754 0.0752782 0.0542083 0.0322863 0.0168858 0.00951633 0.00808507 0.0100768 0.0139155 0.0188132 0.0242667 0.029768 0.0347525 0.0386737 0.0411147 0.0418775 0.0410173 0.0388078 0.0356559 0.0319952 0.0281957 0.0245137 0.0210859 0.0179573 0.0151213 0.0125565
 1.0309e-16 2.7358e-05 0.000160555 0.000763173 0.00293821 0.00916248 0.0231438 0.0473561 0.078501 0.105434 0.114757 0.101281 0.0726258 0.0426383 0.021168 0.0101371 0.00660955 0.00710851 0.00949071 0.0127767 0.0164916 0.0202634 0.0237072 0.0264542 0.0282204 0.0288668 0.0284222 0.0270608 0.0250458 0.0226595 0.0201439 0.0176681 0.0153249 0.0131486 0.0111423 0.00930064
 1.02358e-16 2.47059e-05 0.000144975 0.000689088 0.00265293 0.00827282 0.0208967 0.0427591 0.0708842 0.0952144 0.103662 0.0915554 0.0657962 0.0389194 0.0198607 0.0104055 0.00795049 0.00938611 0.0127706 0.0171602 0.0220067 0.026803 0.0310064 0.0341043 0.0357206 0.0357016 0.0341472 0.031373 0.0278232 0.0239608 0.0201741 0.0167233 0.0137322 0.0112157 0.009123 0.00737946
 1.03126e-16 1.96053e-05 0.000115024 0.000546684 0.00210461 0.0065629 0.0165777 0.0339226 0.0562396 0.0755559 0.0822927 0.0727614 0.0524634 0.0313821 0.0166597 0.00977733 0.00873563 0.0111185 0.0153998 0.0207889 0.0267415 0.0326839 0.0379752 0.0419991 0.0442928 0.0446486 0.0431534 0.0401482 0.0361291 0.0316225 0.0270789 0.0228109 0.0189837 0.015644 0.0127664 0.0102978
 1.04103e-16 2.11121e-05 0.000123878 0.000588791 0.00226676 0.00706858 0.0178549 0.0365352 0.0605679 0.0813614 0.0885908 0.0782708 0.0563068 0.0334231 0.0172739 0.0094102 0.00763656 0.0093251 0.0128397 0.0173842 0.0224826 0.0276732 0.0324439 0.0362939 0.0388328 0.0398603 0.0394 0.0376703 0.0350116 0.0317949 0.0283435 0.0248899 0.021571 0.01845 0.0155502 0.0128821
 1.04653e-16 1.87801e-05 0.000110182 0.000523669 0.00201601 0.00628661 0.0158798 0.0324944 0.0538716 0.0723742 0.0788261 0.0696935 0.0502454 0.0300436 0.0159287 0.00931901 0.00830043 0.0105627 0.0146526 0.0198268 0.0255833 0.0313952 0.036671 0.0408372 0.0434561 0.0443193 0.043484 0.0412358 0.0379989 0.0342245 0.0302957 0.0264761 0.0229044 0.0196242 0.0166275 0.0138927
 1.07636e-16 7.25997e-06 4.25364e-05 0.000202045 0.000777629 0.00242473 0.00612519 0.0125368 0.020796 0.0279732 0.0305586 0.027236 0.0201103 0.012977 0.00862144 0.00776893 0.0098641 0.0141584 0.0201365 0.0274059 0.0354858 0.0437172 0.0513118 0.0574891 0.0616389 0.0634485 0.0629527 0.0604885 0.0565796 0.0517926 0.0466159 0.0413942 0.0363234 0.0314886 0.0269189 0.0226319
pSPR Fmed_Fpbrs
0.550787   0.254687 0.254687
Fs Fmed_Fpbrs
0.334676   1.005 1.005
SSBpbr Bo_Bmed_Bpbrs
933780  467625  191133 191133
Ro
34891.6
SPR SPRFo_SPRFmed_SPRFpbrs
719098 396070 183145
log_Ro
10.28
likeval ReclasPelacesDesembMPH_pf_preclas_ppelaces_ptallas_desvR_qrecl_qpela
 100.512 92.1664 0.00850182 0.000641352 313.239 206.091 74.4121 0 16.1425 0 0 0 0 0 0
q_reclas_q_pelaces
1 1
M
0.7
N
 33970.1 24300.5 9660.48 1196.3 0.229303
 38618.1 14883.4 9393.56 3734.34 462.529
 16782 16422.9 5420.32 3421 1528.44
 20444.5 5684.83 3794.92 1252.5 1143.69
 48651.7 9112.04 2274.05 1518.05 958.53
 32378.2 23649.2 4335.7 1082.04 1178.41
 71003.1 12380.5 6962.94 1276.54 665.536
 79868 30335.1 4550.72 2559.39 713.854
 130461 30980.3 9191.33 1378.84 991.769
 151820 52235.6 10001.5 2967.28 765.313
 71574.2 65835.1 19780.2 3787.31 1413.43
 37578.6 27332.6 19333.6 5808.8 1527.29
 47111 14548.7 8250.04 5835.63 2214.32
 28304.5 16071 3409.36 1933.33 1886.44
 19751.2 7249.48 2123.01 450.383 504.597
 16082.1 5578.76 1164.67 341.072 153.422
 13239.8 6235.8 1689.05 352.62 149.716
 14052.9 5400.97 2089.69 566.021 168.338
 14180 6048.54 2014.86 779.567 273.956
 29159.9 6163.89 2301.52 766.669 400.874
 41055.5 12768 2379.76 888.572 450.766
 40793.1 19281.9 5671.33 1057.05 594.911
 52144.3 18826.1 8269.91 2432.41 708.519
 48870.6 23444.7 7663.74 3366.53 1278.61
 12415.3 21540.6 9172.14 2998.25 1817.29
pred_Ctot
 2896.56 3928.33 1561.68 193.39 0.0370683
 4024.66 2905.1 1833.53 728.907 90.2812
 3921.21 6594.18 2176.39 1373.61 613.705
 1516.18 804.961 537.355 177.352 161.945
 740.235 274.688 68.5528 45.7627 28.8955
 5436.73 7133.54 1307.82 326.387 355.455
 7193.14 2353.5 1323.64 242.667 126.517
 12751.9 8748.42 1312.39 738.107 205.87
 18400.9 7990.16 2370.54 355.617 255.788
 13948.4 9060.05 1734.72 514.662 132.74
 12071 19935.9 5989.76 1146.86 428.009
 6041.38 7931.22 5610.12 1685.56 443.179
 10837.1 5765.35 3269.32 2312.54 877.487
 10234.5 9124.54 1935.71 1097.67 1071.05
 6325.33 3755.38 1099.76 233.308 261.392
 2571.21 1610.83 336.29 98.4825 44.2997
 1719.15 1491.49 403.991 84.3403 35.8093
 1357.93 982.253 380.043 102.94 30.615
 1280.88 1032.49 343.936 133.072 46.7643
 2498.02 1000.83 373.697 124.484 65.0898
 1606.44 975.222 181.766 67.8693 34.4296
 2081.46 1906.22 560.672 104.501 58.8134
 3567.7 2468.37 1084.31 318.925 92.8973
 3977.76 3626.76 1185.54 520.782 197.794
 1290.5 4194.28 1785.95 583.804 353.855
F
 0.125236 0.250472 0.250472 0.250472 0.250472
 0.155045 0.310091 0.310091 0.310091 0.310091
 0.382506 0.765012 0.765012 0.765012 0.765012
 0.108118 0.216237 0.216237 0.216237 0.216237
 0.0213568 0.0427136 0.0427136 0.0427136 0.0427136
 0.261364 0.522728 0.522728 0.522728 0.522728
 0.150417 0.300835 0.300835 0.300835 0.300835
 0.247023 0.494046 0.494046 0.494046 0.494046
 0.215308 0.430615 0.430615 0.430615 0.430615
 0.135541 0.271081 0.271081 0.271081 0.271081
 0.262654 0.525308 0.525308 0.525308 0.525308
 0.248931 0.497863 0.497863 0.497863 0.497863
 0.375488 0.750976 0.750976 0.750976 0.750976
 0.662091 1.32418 1.32418 1.32418 1.32418
 0.564248 1.1285 1.1285 1.1285 1.1285
 0.247399 0.494798 0.494798 0.494798 0.494798
 0.196646 0.393293 0.393293 0.393293 0.393293
 0.143015 0.286031 0.286031 0.286031 0.286031
 0.133124 0.266248 0.266248 0.266248 0.266248
 0.125854 0.251709 0.251709 0.251709 0.251709
 0.0557593 0.111519 0.111519 0.111519 0.111519
 0.0732701 0.14654 0.14654 0.14654 0.14654
 0.0993714 0.198743 0.198743 0.198743 0.198743
 0.119236 0.238473 0.238473 0.238473 0.238473
 0.154612 0.309224 0.309224 0.309224 0.309224
nmprior
 10 11 7 0
nm_flota  nm_reclas  nm_pelaces    nm_pelaL
inf 13.7548 12.2792 20.277
cv_recla  cv_pelaces  cv_mph
0.906849 1.12967 0.821649
 ------------------------------------------------
Talla a la edad & desviación 
 7.2 14.2025 17.0495 18.207 18.6776
 1.08 2.13037 2.55742 2.73105 2.80164
