years
 1997 1998 1999 2000 2001 2002 2003 2004 2005 2006 2007 2008 2009 2010 2011 2012 2013 2014 2015 2016 2017 2018 2019 2020 2021
reclasobs
 0 0 0 370054 412103 1.49427e+06 250295 1.28982e+06 931140 785840 897777 1.04006e+06 184774 17550 25797 100020 73551 82996 120727 218422 84188 347160 605670 569463 516374
reclaspred
 1.3235e+06 224994 490395 173202 239412 309086 416470 556476 868885 1.06201e+06 1.11949e+06 793161 487569 242368 141051 110648 119159 154871 146406 242639 414204 389930 690684 596483 403400
pelacesobs
 0 0 0 0 0 0 0 0 0 2.06254e+06 1.5e+06 0 1.87456e+06 323000 250000 174000 83755 137374 0 501740 490994 745055 786931 1.00524e+06 0
pelacespred
 649482 222433 142486 119793 139162 128776 187236 317011 477989 616972 574741 423383 262595 108795 59947.3 52664.8 59048 76483.4 75863.2 121789 224119 226804 300361 322170 220855
mphobs
 0 0 0 0 0 112323 0 153150 637223 0 255016 313432 73983 77613 109348 50772 0 0 0 0 0 0 0 0 0
mphpred
 1.04542e+06 408171 343030 218826 147474 302073 295278 351843 709916 839251 1.08972e+06 835480 518529 309283 143802 100806 93332.4 124917 134237 149453 316432 351928 475685 580587 473992
desembarqueobs
 350755 77701 442110 56441 14545 235359 269955 359681 431902 328805 639364 411747 362871 311530 167758 66681 60226 58785 57116 71774 51957 67425 138520 160799 200461
desembarquepred
 350517 77620 441505 56337.8 14546.3 235105 270178 359172 429686 328129 639600 411922 362280 312249 168155 66982.5 60292 58803.4 57283.9 72109.1 52003.3 67379.9 138303 160661 200225
Reclutas
 16336.9 53302.2 7926.64 7866.27 46861.5 21953 27697.9 126758 100091 156988 82482 37982.6 54996.3 26515.8 15805.3 12066.1 13047.5 10415.1 10743.2 36783.6 25498.7 50885.2 57132.8 18412.2 4658.46
log_desv_Rt
 -0.518818 0.663733 -1.24201 -1.24966 0.534952 -0.223339 0.00911338 1.53004 1.29384 1.74392 1.10034 0.324885 0.695022 -0.034503 -0.551901 -0.821848 -0.743651 -0.968986 -0.937976 0.292808 -0.073619 0.617327 0.733133 -0.399233 -1.77356
SSB
 1.04542e+06 408171 343030 218826 147474 302073 295278 351843 709916 839251 1.08972e+06 835480 518529 309283 143802 100806 93332.4 124917 134237 149453 316432 351928 475685 580587 473992
BT
 1.66297e+06 564556 538612 297522 382451 435008 689392 1.29882e+06 1.60078e+06 1.84189e+06 1.82053e+06 1.24083e+06 951557 526557 284482 171473 194002 219360 208722 379121 542561 536886 722394 753572 592474
Ftot
 0.255227 0.33159 0.821576 0.312231 0.0593825 0.704842 0.609765 0.613943 0.470948 0.297904 0.539029 0.491216 0.692555 1.13963 1.0697 0.5701 0.481385 0.363692 0.37424 0.28699 0.12219 0.167748 0.193965 0.259487 0.469428
BD_Bspro_t
 0.961072 0.756592 0.628419 0.341604 0.376505 0.607533 0.443208 0.467549 0.580129 0.564276 0.593613 0.454776 0.350169 0.272685 0.164305 0.14455 0.181504 0.297974 0.367778 0.454444 0.651118 0.726206 0.754365 0.72854 0.607077
BD_Bspro
 1.84812 0.721579 0.606421 0.386848 0.26071 0.534015 0.522003 0.622001 1.25502 1.48366 1.92644 1.47699 0.916675 0.546761 0.254219 0.178208 0.164997 0.220833 0.237308 0.264209 0.559401 0.622151 0.840935 1.02638 0.83794
BD_Bo
 1.15835 0.452264 0.380086 0.242465 0.163405 0.334705 0.327176 0.389852 0.786607 0.929913 1.20744 0.925734 0.574544 0.342694 0.159337 0.111696 0.103415 0.138411 0.148738 0.165598 0.350615 0.389946 0.527073 0.643307 0.525196
BD_Brms
 5.65912 2.20954 1.85691 1.18456 0.798318 1.6352 1.59842 1.90462 3.84297 4.54309 5.89894 4.52268 2.80694 1.67423 0.778442 0.545689 0.505234 0.67621 0.726659 0.809031 1.71293 1.90508 2.57502 3.14288 2.56585
S_f
 0.5 1 1 1 1
 0.5 1 1 1 1
 0.5 1 1 1 1
 0.5 1 1 1 1
 0.5 1 1 1 1
 0.5 1 1 1 1
 0.5 1 1 1 1
 0.5 1 1 1 1
 0.5 1 1 1 1
 0.5 1 1 1 1
 0.5 1 1 1 1
 0.5 1 1 1 1
 0.5 1 1 1 1
 0.5 1 1 1 1
 0.5 1 1 1 1
 0.5 1 1 1 1
 0.5 1 1 1 1
 0.5 1 1 1 1
 0.5 1 1 1 1
 0.5 1 1 1 1
 0.5 1 1 1 1
 0.5 1 1 1 1
 0.5 1 1 1 1
 0.5 1 1 1 1
 0.5 1 1 1 1
Scru_reclas
 0.5 1 1 1 1
 0.5 1 1 1 1
 0.5 1 1 1 1
 0.5 1 1 1 1
 0.5 1 1 1 1
 0.5 1 1 1 1
 0.5 1 1 1 1
 0.5 1 1 1 1
 0.5 1 1 1 1
 0.5 1 1 1 1
 0.5 1 1 1 1
 0.5 1 1 1 1
 0.5 1 1 1 1
 0.5 1 1 1 1
 0.5 1 1 1 1
 0.5 1 1 1 1
 0.5 1 1 1 1
 0.5 1 1 1 1
 0.5 1 1 1 1
 0.5 1 1 1 1
 0.5 1 1 1 1
 0.5 1 1 1 1
 0.5 1 1 1 1
 0.5 1 1 1 1
 0.5 1 1 1 1
Scru_pelaces
 0.5 1 1 1 1
 0.5 1 1 1 1
 0.5 1 1 1 1
 0.5 1 1 1 1
 0.5 1 1 1 1
 0.5 1 1 1 1
 0.5 1 1 1 1
 0.5 1 1 1 1
 0.5 1 1 1 1
 0.5 1 1 1 1
 0.5 1 1 1 1
 0.5 1 1 1 1
 0.5 1 1 1 1
 0.5 1 1 1 1
 0.5 1 1 1 1
 0.5 1 1 1 1
 0.5 1 1 1 1
 0.5 1 1 1 1
 0.5 1 1 1 1
 0.5 1 1 1 1
 0.5 1 1 1 1
 0.5 1 1 1 1
 0.5 1 1 1 1
 0.5 1 1 1 1
 0.5 1 1 1 1
pf_obs 
 0.256992 0.487395 0.22802 0.0275931 0
 0.321318 0.546541 0.124235 0.00734118 0.000564706
 0.182869 0.594174 0.210203 0.0122559 0.00049798
 0.330522 0.361315 0.267642 0.0388342 0.00168674
 0.649043 0.306663 0.0425973 0.00169635 0
 0.582887 0.30429 0.105238 0.00758474 0
 0.465427 0.430635 0.0974691 0.00646863 0
 0.296916 0.608066 0.0921331 0.00288517 0
 0.311714 0.524322 0.152257 0.0117073 0
 0.15457 0.633149 0.183074 0.0267441 0.00246327
 0.131901 0.49318 0.331252 0.0422183 0.00144891
 0.196976 0.569456 0.194076 0.0375587 0.00193317
 0.518974 0.381816 0.0799577 0.0180837 0.00116848
 0.0928022 0.601141 0.25162 0.0475244 0.00691264
 0.122501 0.610282 0.24278 0.0234846 0.000952079
 0.383417 0.481906 0.127806 0.00687128 0
 0.0376549 0.599619 0.316969 0.0457579 0
 0.0361596 0.667082 0.258105 0.0386534 0
 0.158088 0.579412 0.248529 0.0139706 0
 0.0477256 0.309471 0.559284 0.082774 0.000745712
 0.0406174 0.521527 0.379366 0.0568643 0.0016247
 0.151134 0.462217 0.34131 0.0453401 0
 0.294876 0.26143 0.354403 0.0886775 0.000613685
 0.281977 0.475581 0.204845 0.0348837 0.00271318
 0 0 0 0 0
pf_pred 
 0.210178 0.397608 0.197446 0.098049 0.0967188
 0.593081 0.148166 0.13026 0.0646853 0.0638078
 0.136718 0.658133 0.0746977 0.0656707 0.0647798
 0.317468 0.197216 0.369987 0.0419932 0.0733361
 0.781818 0.110059 0.031242 0.0586113 0.0182698
 0.329749 0.589372 0.0407982 0.0115812 0.0284993
 0.528748 0.258553 0.187032 0.012947 0.0127192
 0.837672 0.118334 0.0241372 0.0174604 0.00239606
 0.524341 0.440129 0.0259012 0.00528321 0.00434622
 0.604109 0.283772 0.103744 0.00610523 0.00226977
 0.345189 0.503418 0.108518 0.0396727 0.00320269
 0.270811 0.403089 0.250705 0.0540424 0.0213522
 0.497195 0.232195 0.149591 0.0930396 0.0279798
 0.37598 0.442284 0.0839255 0.0540688 0.0437418
 0.45113 0.347081 0.143021 0.0271389 0.0316289
 0.506461 0.343571 0.0948337 0.0390778 0.0160572
 0.531171 0.33213 0.0951614 0.0262668 0.0152712
 0.443796 0.402117 0.109159 0.031276 0.013652
 0.462822 0.343478 0.140039 0.038015 0.0156464
 0.743951 0.168387 0.0560525 0.022853 0.00875704
 0.416634 0.503573 0.0524746 0.0174677 0.00985069
 0.569183 0.257001 0.150042 0.0156351 0.00813965
 0.485046 0.378408 0.0814556 0.0475554 0.00753533
 0.200977 0.531867 0.196317 0.0422589 0.0285809
 0.100993 0.315963 0.388101 0.143252 0.0516916
pobs_RECLAS
 0 0 0 0 0
 0 0 0 0 0
 0 0 0 0 0
 0 0 0 0 0
 0.835266 0.146461 0.0176864 0.000547809 3.91292e-05
 0.385257 0.428462 0.181853 0.0044286 0
 0.867414 0.0963971 0.0333333 0.00285562 0
 0.441836 0.489002 0.0689373 0.000224442 0
 0.779404 0.147425 0.0564933 0.0165055 0.000172143
 0.814271 0.122319 0.05973 0.00367925 0
 0.40263 0.566651 0.0304383 0.000280538 0
 0.475488 0.404961 0.113038 0.00651328 0
 0.955842 0.0263864 0.0167828 0.000988607 0
 0.975058 0.0227948 0.00214734 0 0
 0.738997 0.206755 0.0527124 0.00153531 0
 0.850938 0.134255 0.0134407 0.00136685 0
 0.542534 0.407297 0.0501686 0 0
 0.764087 0.199537 0.0359546 0.000420521 0
 0.470689 0.182191 0.310203 0.0369168 0
 0.84361 0.089868 0.0606195 0.00523954 0.000663233
 0.607945 0.314616 0.071237 0.00620181 0
 0.523733 0.453247 0.0230204 0 0
 0.530135 0.295979 0.169645 0.0042399 0
 0.562478 0.366248 0.0663022 0.0049721 0
 0.250443 0.683176 0.0655157 0.000865301 0
ppred_RECLAS
 0.211735 0.396824 0.197057 0.0978557 0.0965281
 0.596194 0.147032 0.129264 0.0641905 0.0633197
 0.141968 0.654131 0.0742434 0.0652714 0.0643859
 0.320069 0.196465 0.368577 0.0418332 0.0730566
 0.782129 0.109902 0.0311974 0.0585277 0.0182438
 0.337572 0.582493 0.040322 0.011446 0.0281666
 0.535907 0.254625 0.184191 0.0127503 0.012526
 0.841581 0.115485 0.023556 0.01704 0.00233837
 0.529399 0.435449 0.0256258 0.00522703 0.00430001
 0.606809 0.281837 0.103036 0.00606359 0.00225429
 0.350703 0.499179 0.107604 0.0393386 0.00317572
 0.275069 0.400735 0.249241 0.0537269 0.0212275
 0.505777 0.228231 0.147038 0.0914516 0.0275022
 0.392762 0.430389 0.0816685 0.0526147 0.0425655
 0.467146 0.336954 0.138847 0.026347 0.030706
 0.513015 0.339008 0.0935744 0.0385589 0.015844
 0.536369 0.328447 0.0941063 0.0259756 0.0151019
 0.447381 0.399525 0.108455 0.0310744 0.013564
 0.466565 0.341084 0.139063 0.03775 0.0155373
 0.746001 0.167038 0.0556036 0.02267 0.0086869
 0.417604 0.502736 0.0523874 0.0174387 0.00983432
 0.570582 0.256166 0.149555 0.0155843 0.00811322
 0.486733 0.377168 0.0811887 0.0473996 0.00751065
 0.202514 0.530843 0.195939 0.0421776 0.0285259
 0.102842 0.315313 0.387303 0.142957 0.0515852
pobs_PELACES
 0 0 0 0 0
 0 0 0 0 0
 0 0 0 0 0
 0 0 0 0 0
 0 0 0 0 0
 0 0 0 0 0
 0 0 0 0 0
 0 0 0 0 0
 0 0 0 0 0
 0 0 0 0 0
 0.450072 0.473896 0.0757376 0.000293798 0
 0 0 0 0 0
 0.463077 0.371075 0.160297 0.00555027 0
 0.529543 0.364841 0.0842815 0.0213345 0
 0.631943 0.363953 0.00410389 0 0
 0.735681 0.248677 0.0153453 0.000297389 0
 0.695825 0.281241 0.0229344 0 0
 0.275771 0.60734 0.115278 0.00161068 0
 0 0 0 0 0
 0.896147 0.0623911 0.0374545 0.00400742 0
 0.803859 0.145111 0.0509908 3.86294e-05 0
 0.739449 0.233085 0.0266225 0.000797448 4.60066e-05
 0.878498 0.100942 0.0204185 0.000141795 0
 0.694673 0.275183 0.0284847 0.00165964 0
 0 0 0 0 0
ppred_PELACES
 0.218849 0.393243 0.195279 0.0969725 0.095657
 0.609293 0.142262 0.125071 0.0621082 0.0612656
 0.159296 0.640921 0.0727441 0.0639533 0.0630857
 0.331383 0.193196 0.362443 0.0411371 0.071841
 0.783794 0.109062 0.030959 0.0580804 0.0181044
 0.364049 0.559211 0.0387104 0.0109885 0.0270408
 0.56082 0.240957 0.174304 0.0120659 0.0118536
 0.854624 0.105976 0.0216166 0.015637 0.00214584
 0.548704 0.417585 0.0245745 0.0050126 0.00412361
 0.618473 0.273476 0.0999795 0.00588371 0.00218742
 0.371214 0.48341 0.104205 0.0380959 0.0030754
 0.291522 0.39164 0.243585 0.0525075 0.0207458
 0.534291 0.215064 0.138554 0.0861753 0.0259155
 0.438395 0.398046 0.0755312 0.0486608 0.0393667
 0.511222 0.309082 0.127363 0.0241677 0.0281661
 0.536469 0.322681 0.0890675 0.0367018 0.0150809
 0.556054 0.314502 0.0901107 0.0248727 0.0144607
 0.46226 0.388768 0.105535 0.0302378 0.0131988
 0.481961 0.33124 0.135049 0.0366606 0.0150889
 0.754869 0.161206 0.0536623 0.0218785 0.00838362
 0.422515 0.498496 0.0519456 0.0172916 0.00975138
 0.57735 0.252129 0.147198 0.0153387 0.00798535
 0.494731 0.371291 0.0799236 0.046661 0.00739361
 0.209517 0.526182 0.194219 0.0418073 0.0282754
 0.110211 0.312723 0.384121 0.141783 0.0511615
pobs_pel_tallas
 0 0 0 0 0 0 0 0 0 0 0 0 0 0 0 0 0 0 0 0 0 0 0 0 0 0 0 0 0 0 0 0 0 0 0 0
 0 0 0 0 0 0 0 0 0 0 0 0 0 0 0 0 0 0 0 0 0 0 0 0 0 0 0 0 0 0 0 0 0 0 0 0
 0 0 0 0 0 0 0 0 0 0 0 0 0 0 0 0 0 0 0 0 0 0 0 0 0 0 0 0 0 0 0 0 0 0 0 0
 0 0 0 0 0 0 0 0 0 0 0 0 0 0 0 0 0 0 0 0 0 0 0 0 0 0 0 0 0 0 0 0 0 0 0 0
 0 0 0 0 0 0 0 0 0 0 0 0 0 0 0 0 0 0 0 0 0 0 0 0 0 0 0 0 0 0 0 0 0 0 0 0
 0 0 0 0 0 0 0 0 0 0 0 0 0 0 0 0 0 0 0 0 0 0 0 0 0 0 0 0 0 0 0 0 0 0 0 0
 0 0 0 0 0 0 0 0 0 0 0 0 0 0 0 0 0 0 0 0 0 0 0 0 0 0 0 0 0 0 0 0 0 0 0 0
 0 0 0 0 0 0 0 0 0 0 0 0 0 0 0 0 0 0 0 0 0 0 0 0 0 0 0 0 0 0 0 0 0 0 0 0
 0 0 0 0 0 0 0 0 0 0 0 0 0 0 0 0 0 0 0 0 0 0 0 0 0 0 0 0 0 0 0 0 0 0 0 0
 0 0 0 0 0 0 0 0 0 0 0 0 0 0 0 0 0 0 0 0 0 0 0 0 0 0 0 0 0 0 0 0 0 0 0 0
 0 0 0 0 0 0 0 0 1.78061e-05 0.00172719 0.00360574 0.0105946 0.0120993 0.0124554 0.0147524 0.0171206 0.0266825 0.0428682 0.0675386 0.121331 0.153587 0.119568 0.100827 0.0573624 0.0630603 0.0341343 0.0324427 0.0444173 0.0211091 0.0280891 0.0125444 0.00206551 0 0 0 0
 0 0 0 0 0 0 0 0 0 0 0 0 0 0 0 0 0 0 0 0 0 0 0 0 0 0 0 0 0 0 0 0 0 0 0 0
 0 0 0 0 0 0 0.0133647 0.0140871 0.0187388 0.0205184 0.03894 0.0496705 0.03968 0.0493445 0.0407372 0.0367815 0.0215668 0.0243155 0.0234873 0.0199281 0.019796 0.0243948 0.0301388 0.0376714 0.0412746 0.0863199 0.0771752 0.113111 0.0741005 0.0525337 0.0229764 0.00759418 0.00175318 0 0 0
 0 0 0 0 0 0 0 0 0 0 0.00219441 0.00772107 0.0458388 0.0604681 0.0671733 0.0775358 0.0609151 0.0617685 0.073594 0.0568108 0.0755445 0.0548602 0.0670107 0.0636378 0.0643287 0.046367 0.0373049 0.0286899 0.0247887 0.0153202 0.00654259 0.00121912 0.000365735 0 0 0
 0 0 0 0 0 0 0 0 0 0 0 0 0.000112435 0.00938835 0.0111873 0.0202946 0.0414886 0.0713402 0.111592 0.104902 0.108894 0.110636 0.117776 0.105296 0.107544 0.0401394 0.0192827 0.0124803 0.00416011 0.0028671 0.000618394 0 0 0 0 0
 0 0 0 0 0 0 0 0 0 0 0.00291406 0.0102884 0.027416 0.0768956 0.0749926 0.110853 0.0956884 0.0897413 0.0766577 0.0534642 0.0500743 0.0551293 0.0594112 0.0620874 0.0668451 0.0424026 0.0208742 0.0120726 0.0048766 0.00582813 0.00118941 0.000297354 0 0 0 0
 0 0.00264628 0.0354308 0.0461629 0.0458689 0.0383711 0.0214643 0.0164657 0.0346957 0.0420465 0.0363128 0.0245516 0.0311673 0.0291091 0.0169068 0.0133784 0.00837989 0.0085269 0.0148486 0.0160247 0.0276389 0.0546898 0.0760071 0.122758 0.109233 0.0665981 0.0333725 0.0166128 0.00676272 0.00308733 0.000882094 0 0 0 0 0
 0 0 0 0 0 0 0 0.000805153 0.000690131 0.00759144 0.0133425 0.0154129 0.00931677 0.000345066 0.00356568 0.00563607 0.00851162 0.0253048 0.0502646 0.0516448 0.0657925 0.0565908 0.0611916 0.0827007 0.0866115 0.110766 0.145733 0.0935128 0.0569358 0.0249597 0.0138026 0.00621118 0.00161031 0.00115022 0 0
 0 0 0 0 0 0 0 0 0 0 0 0 0 0 0 0 0 0 0 0 0 0 0 0 0 0 0 0 0 0 0 0 0 0 0 0
 0.00147267 0.00158595 0.00478618 0.00569244 0.00954404 0.0108468 0.00647125 0.017049 0.0510054 0.094081 0.124002 0.0959785 0.0687766 0.0820023 0.061753 0.0591476 0.0492212 0.0479892 0.0443925 0.0268479 0.0217502 0.0140895 0.0121071 0.0120363 0.00920419 0.00665534 0.0049561 0.00860946 0.00930331 0.0156896 0.0114698 0.00855282 0.00243557 0.00046729 0 2.83206e-05
 0 0 0 0 0.000772559 0.00158375 0.000888443 0.00281984 0.00712685 0.0440552 0.0773331 0.111326 0.0921469 0.0852325 0.0710754 0.0886704 0.0786465 0.0553345 0.0373146 0.0185414 0.00753245 0.00457741 0.012979 0.0271748 0.0457355 0.0583668 0.034881 0.0177882 0.00938659 0.00492506 0.0015258 0.00185414 0.000309023 5.79419e-05 3.86279e-05 0
 0 0.00173294 0.00326652 0 0.00397197 0.00683976 0.00946217 0.0152591 0.00757587 0.0136028 0.0228656 0.0392903 0.0559909 0.0764795 0.0681675 0.0726916 0.0566044 0.0477403 0.0527397 0.0444891 0.0609904 0.0582453 0.0661739 0.0445044 0.0529084 0.0360697 0.0280645 0.0235558 0.0158879 0.00826598 0.00280645 0.00217768 0.000904811 0.00058276 9.20147e-05 0
 0 0 0 0 0 0 0 0 0 0 0 0 0 0 0 0 0 0 0 0 0 0 0 0 0 0 0 0 0 0 0 0 0 0 0 0
 0 0 0 0 0 0 0 0 0 0 0 0 0 0 0 0 0 0 0 0 0 0 0 0 0 0 0 0 0 0 0 0 0 0 0 0
 0 0 0 0 0 0 0 0 0 0 0 0 0 0 0 0 0 0 0 0 0 0 0 0 0 0 0 0 0 0 0 0 0 0 0 0
ppred_pel_tallas
 1.10702e-16 9.57159e-06 5.61185e-05 0.00026664 0.00102638 0.00320047 0.0080845 0.0165449 0.0274361 0.0368796 0.0402213 0.0356899 0.0260107 0.0161158 0.00957633 0.00722403 0.008201 0.0114301 0.0162209 0.0221644 0.0288748 0.0358575 0.0425198 0.048265 0.0526123 0.0552901 0.0562733 0.0557488 0.0540319 0.0514635 0.048329 0.0448194 0.0410389 0.0370409 0.0328722 0.0286041
 1.06819e-16 2.65866e-05 0.000156034 0.000741704 0.00285558 0.00890483 0.0224929 0.0460236 0.0762897 0.102457 0.111498 0.0983595 0.0704324 0.0411536 0.0200678 0.0090124 0.00510802 0.00496635 0.00652584 0.00889851 0.0117331 0.0148157 0.0179336 0.0208686 0.0234274 0.0254721 0.0269342 0.0278062 0.0281198 0.0279195 0.0272438 0.0261217 0.0245805 0.0226602 0.0204254 0.0179687
 1.06387e-16 6.98461e-06 4.09084e-05 0.00019428 0.000747689 0.00233133 0.00588943 0.0120554 0.0200015 0.0269171 0.0294376 0.0263144 0.0195968 0.0129707 0.00916212 0.00892216 0.0117635 0.0169863 0.0240649 0.0325229 0.0417247 0.0508055 0.0587587 0.064625 0.0677086 0.0677387 0.0649261 0.0598867 0.053469 0.0465427 0.0398196 0.0337536 0.0285315 0.0241329 0.0204212 0.0172293
 1.09979e-16 1.4471e-05 8.48996e-05 0.000403507 0.00155341 0.00484405 0.0122358 0.0250373 0.0415069 0.0557574 0.0607141 0.0536472 0.0386064 0.0229462 0.011923 0.00661894 0.00556227 0.00700252 0.00988933 0.0137673 0.0184114 0.0236012 0.0290532 0.0344356 0.0394129 0.0436892 0.0470372 0.0493048 0.0504073 0.0503156 0.0490483 0.0466746 0.0433213 0.0391764 0.0344821 0.0295138
 1.03317e-16 3.41941e-05 0.000200701 0.000954061 0.00367322 0.0114546 0.0289334 0.059201 0.0981301 0.13178 0.143386 0.126437 0.0904211 0.0525958 0.0252002 0.0105483 0.00488007 0.00378312 0.00456571 0.00607257 0.0078758 0.00976388 0.0115619 0.0131079 0.0142762 0.0150002 0.0152817 0.0151789 0.0147816 0.0141816 0.0134493 0.0126245 0.0117202 0.0107357 0.00967129 0.00853906
 1.02373e-16 1.59096e-05 9.33131e-05 0.000443435 0.00170702 0.005323 0.013446 0.0275161 0.0456252 0.0613163 0.0668376 0.0592248 0.0429824 0.0262694 0.0149614 0.0103558 0.0109222 0.0147571 0.0206078 0.0277153 0.0354043 0.0428769 0.0492356 0.0536371 0.0554821 0.0545594 0.0510958 0.0456878 0.0391466 0.0323046 0.0258507 0.0202328 0.0156427 0.0120638 0.0093507 0.00730888
 1.03522e-16 2.44772e-05 0.000143641 0.000682761 0.0026286 0.00819696 0.020705 0.0423662 0.0702305 0.0943292 0.102679 0.0906434 0.0650446 0.0382828 0.0191852 0.00949217 0.00660068 0.00742386 0.0100626 0.0136484 0.0177482 0.0220024 0.0260227 0.029421 0.031879 0.0332084 0.0333789 0.032503 0.0307892 0.0284813 0.0258072 0.0229491 0.0200386 0.0171684 0.0144095 0.0118224
 1.0098e-16 3.72826e-05 0.000218833 0.00104026 0.00400512 0.0124896 0.0315477 0.0645501 0.106996 0.143684 0.156335 0.137845 0.0985564 0.0572813 0.0273563 0.0112942 0.00498256 0.00359689 0.00418978 0.00549228 0.00703348 0.00858453 0.00996256 0.0110044 0.0115903 0.0116692 0.0112685 0.0104819 0.00944284 0.00829053 0.00714146 0.00607334 0.0051233 0.00429672 0.00358091 0.00295761
 1.0085e-16 2.39557e-05 0.000140564 0.000668099 0.00257209 0.0080207 0.02026 0.0414569 0.068728 0.0923258 0.100537 0.0888438 0.0639522 0.0380385 0.0197961 0.0109907 0.00912934 0.0112134 0.0153469 0.0205603 0.0262217 0.0317012 0.0363194 0.0394435 0.0406263 0.0397143 0.0368851 0.0325967 0.0274703 0.0221451 0.0171525 0.0128417 0.00936593 0.00671678 0.00478334 0.00341168
 1.01813e-16 2.69923e-05 0.000158404 0.000752942 0.0028988 0.00903958 0.0228334 0.0467213 0.0774498 0.104025 0.113233 0.099957 0.0717218 0.0421992 0.0211198 0.0103958 0.00714512 0.00794623 0.0106814 0.0143634 0.0184828 0.0226139 0.0263096 0.0291417 0.0307856 0.0310891 0.0301012 0.0280457 0.0252559 0.0220906 0.0188628 0.0157966 0.0130195 0.0105796 0.00847499 0.00668114
 1.0309e-16 1.62191e-05 9.51369e-05 0.00045212 0.00174049 0.00542737 0.0137096 0.0280548 0.0465161 0.0625066 0.0681165 0.0603142 0.043678 0.0265063 0.0147626 0.00973964 0.00985041 0.0131428 0.0183562 0.0247724 0.0318007 0.0387585 0.0448718 0.0494007 0.051798 0.0518342 0.049643 0.0456694 0.040545 0.0349329 0.0293936 0.0243086 0.0198676 0.0161058 0.0129645 0.0103483
 1.06359e-16 1.27407e-05 7.47235e-05 0.000355089 0.00136692 0.00426245 0.010767 0.0220334 0.0365333 0.0490952 0.0535096 0.0473999 0.0343685 0.0209439 0.0118264 0.00805538 0.00841616 0.011414 0.0161013 0.0219553 0.0285459 0.0353548 0.0417679 0.0471661 0.051047 0.0531227 0.0533627 0.051966 0.0492807 0.0457032 0.0415924 0.037223 0.0327809 0.0283863 0.0241271 0.0200822
 1.06209e-16 2.33192e-05 0.000136845 0.00065046 0.00250424 0.00780918 0.0197255 0.0403617 0.0669074 0.0898647 0.0978168 0.0863439 0.0619445 0.0364284 0.0182014 0.00891753 0.00609432 0.00679218 0.00920961 0.0125357 0.0163847 0.0204491 0.0243985 0.0278997 0.0306753 0.0325528 0.0334868 0.0335436 0.0328599 0.0315931 0.0298817 0.0278271 0.0254994 0.0229542 0.0202529 0.0174733
 1.04714e-16 1.91449e-05 0.000112322 0.000533838 0.00205516 0.00640868 0.0161881 0.0331255 0.0549183 0.0737814 0.0803615 0.0710575 0.0512427 0.0306674 0.0163082 0.00961383 0.00863385 0.0110099 0.0152507 0.020581 0.0264643 0.0323347 0.0375632 0.0415494 0.0438494 0.0442749 0.0429292 0.0401628 0.0364698 0.0323622 0.0282625 0.0244456 0.0210336 0.018032 0.0153829 0.0130143
 1.04056e-16 2.23171e-05 0.000130953 0.00062243 0.00239628 0.00747249 0.0188751 0.0386226 0.0640274 0.0860054 0.0936395 0.0827122 0.0594602 0.0352108 0.0180429 0.00957979 0.007484 0.00896389 0.0122843 0.0166109 0.0214637 0.0263925 0.0309048 0.0345213 0.0368711 0.037769 0.0372461 0.0355222 0.0329333 0.0298422 0.0265622 0.0233149 0.0202254 0.0173448 0.0146834 0.0122397
 1.03336e-16 2.34184e-05 0.000137418 0.000653163 0.00251461 0.00784149 0.0198072 0.0405298 0.0671888 0.0902513 0.0982606 0.08679 0.0623826 0.0369229 0.0188848 0.00996656 0.00770804 0.00917078 0.0125237 0.016881 0.0217298 0.0265926 0.0309527 0.0343156 0.0363095 0.0367664 0.0357528 0.0335366 0.0305066 0.0270731 0.0235834 0.0202738 0.0172643 0.0145845 0.0122119 0.0101084
 1.02912e-16 2.42721e-05 0.000142431 0.000676994 0.00260637 0.00812764 0.02053 0.0420086 0.0696396 0.0935416 0.101838 0.0899377 0.0646192 0.0381945 0.0194388 0.0101027 0.00762633 0.00895627 0.0121922 0.0164217 0.0211285 0.0258418 0.0300555 0.0332855 0.0351686 0.0355409 0.0344689 0.0322168 0.029169 0.0257321 0.0222518 0.0189659 0.0159973 0.0133782 0.0110878 0.00908658
 1.03281e-16 2.01853e-05 0.000118431 0.00056288 0.00216697 0.00675738 0.0170689 0.0349276 0.057905 0.0777912 0.0847217 0.0748957 0.0539732 0.0322268 0.0170013 0.00981107 0.00858651 0.0108317 0.0149734 0.0202054 0.0259869 0.0317576 0.0368947 0.0408009 0.0430289 0.0433801 0.0419425 0.0390504 0.035187 0.0308628 0.0265118 0.0224319 0.0187763 0.0155831 0.012822 0.0104376
 1.0399e-16 2.10421e-05 0.000123466 0.000586829 0.0022592 0.00704501 0.0177954 0.0364135 0.0603665 0.0810916 0.0882994 0.0780189 0.0561378 0.0333469 0.0172788 0.00948297 0.00777489 0.00953712 0.0131372 0.017775 0.0229642 0.0282283 0.0330394 0.0368829 0.0393607 0.0402741 0.0396571 0.0377466 0.0349052 0.0315252 0.0279466 0.0244113 0.0210579 0.0179447 0.0150853 0.0124788
 1.01958e-16 3.29351e-05 0.000193304 0.000918885 0.00353776 0.0110322 0.0278664 0.0570183 0.0945139 0.126928 0.138121 0.121826 0.0871927 0.0508577 0.0246292 0.0107602 0.00565282 0.0050725 0.00642477 0.00856951 0.0110375 0.0135417 0.0158156 0.0176101 0.0187357 0.0191021 0.0187339 0.0177543 0.0163467 0.0147061 0.0129989 0.0113399 0.00979004 0.00836905 0.00707407 0.00589605
 1.0195e-16 1.84566e-05 0.000108272 0.000514561 0.0019809 0.00617709 0.0156033 0.0319296 0.0529388 0.0711317 0.0775013 0.0685896 0.0495957 0.029947 0.0164065 0.0104149 0.010133 0.0133093 0.0184917 0.0248658 0.0317888 0.0385405 0.0443178 0.0483646 0.0501387 0.0494406 0.0464594 0.0417129 0.0359122 0.0297922 0.0239654 0.0188365 0.0145881 0.0112213 0.00862414 0.00663946
 1.03072e-16 2.51983e-05 0.000147874 0.000702883 0.00270607 0.00843856 0.0213153 0.0436149 0.0723005 0.0971095 0.105706 0.0933151 0.0669617 0.0394107 0.0197486 0.00976549 0.00677871 0.00760534 0.0102829 0.0139073 0.0180215 0.0222444 0.0261682 0.029392 0.0315957 0.0326033 0.0324113 0.0311689 0.0291252 0.0265607 0.0237294 0.0208246 0.0179743 0.0152542 0.0127099 0.0103739
 1.03205e-16 2.16004e-05 0.00012674 0.000602389 0.0023191 0.00723179 0.0182672 0.0373792 0.0619681 0.0832453 0.0906503 0.0801096 0.0576714 0.0343162 0.0178862 0.00997961 0.00835888 0.0103351 0.0142192 0.0191619 0.0246213 0.030056 0.0348719 0.0385028 0.0405286 0.0407694 0.0393206 0.0365118 0.0328128 0.028715 0.0246314 0.0208396 0.0174746 0.014559 0.0120504 0.00988474
 1.05687e-16 9.17026e-06 5.37495e-05 0.00025535 0.000982858 0.00306472 0.00774178 0.0158446 0.0262792 0.0353374 0.0385733 0.0343081 0.0251782 0.0159451 0.0100801 0.00843895 0.0102549 0.0145273 0.020578 0.027929 0.0360471 0.0442277 0.0516401 0.0574707 0.0610954 0.0622135 0.0609006 0.0575585 0.05279 0.0472424 0.0414734 0.0358757 0.030667 0.0259272 0.0216574 0.0178313
 1.12817e-16 4.83175e-06 2.82975e-05 0.00013439 0.000517202 0.00161264 0.00407371 0.00833798 0.0138313 0.018606 0.0203288 0.0181262 0.0134015 0.00868547 0.00584268 0.00537683 0.00695335 0.0101269 0.0146273 0.020285 0.0268821 0.0340769 0.0414127 0.0483828 0.0545153 0.0594447 0.0629504 0.0649511 0.0654687 0.0645829 0.0623978 0.0590332 0.054636 0.0493966 0.0435586 0.0374094
pSPR Fmed_Fpbrs
0.509142   0.254687 0.254687
Fs Fmed_Fpbrs
0.388809   1.005 1.005
SSBpbr Bo_Bmed_Bpbrs
902505  414378  184731 184731
Ro
27446.7
SPR SPRFo_SPRFmed_SPRFpbrs
565663 288003 144067
log_Ro
10.04
likeval ReclasPelacesDesembMPH_pf_preclas_ppelaces_ptallas_desvR_qrecl_qpela
 103.173 97.8522 0.565002 0.000550048 332.038 224.012 76.9171 0 28.713 0 0 0 0 0 0
q_reclas_q_pelaces
1 1
M
0.7
N
 16336.9 16317.6 8103.08 4023.87 3969.28
 53302.2 7140.72 6277.79 3117.46 3075.17
 7926.64 22425.1 2545.24 2237.65 2207.3
 7866.27 2610.24 4896.92 555.797 970.633
 46861.5 3341.66 948.58 1779.58 554.716
 21953 22590 1563.75 443.893 1092.34
 27697.9 7663.62 5543.71 383.753 377.002
 126758 10139.9 2068.28 1496.15 205.315
 100091 46307.8 2725.17 555.868 457.284
 156988 39275.9 14358.8 845.003 314.151
 82482 67169.3 14479.1 5293.39 427.324
 37982.6 31282.7 19456.6 4194.1 1657.09
 54996.3 14754.1 9505.3 5911.92 1777.89
 26515.8 19317.1 3665.51 2361.5 1910.46
 15805.3 7447.85 3069.01 582.36 678.709
 12066.1 4597.42 1269 522.912 214.867
 13047.5 4505.72 1290.97 356.339 207.171
 10415.1 5093.17 1382.59 396.139 172.915
 10743.2 4312.05 1758.06 477.243 196.425
 36783.6 4424.46 1472.81 600.477 230.096
 25498.7 15824.5 1648.98 548.912 309.552
 50885.2 11911.8 6954.36 724.676 377.268
 57132.8 23235.9 5001.73 2920.11 462.702
 18412.2 25749 9504.19 2045.86 1383.67
 4658.46 8030.67 9864.17 3640.95 1313.82
pred_Ctot
 1418 2682.53 1332.11 661.505 652.531
 5912.79 1477.15 1298.65 644.888 636.14
 1966.1 9464.37 1074.2 944.386 931.575
 825.076 512.552 961.569 109.137 190.595
 987.614 139.03 39.4657 74.0394 23.079
 4785.05 8552.5 592.031 168.057 413.559
 5327.14 2604.93 1884.35 130.441 128.146
 24525 3464.54 706.679 511.198 70.1509
 15308.3 12849.7 756.193 154.245 126.889
 15759 7402.57 2706.29 159.263 59.21
 14232.9 20757 4474.41 1635.79 132.054
 6033.27 8980.24 5585.35 1203.99 475.696
 11808.5 5514.66 3552.81 2209.71 664.525
 8556.55 10065.5 1909.98 1230.5 995.477
 4854.45 3734.82 1539 292.032 340.348
 2187.79 1484.14 409.658 168.807 69.3633
 2035.24 1272.59 364.622 100.644 58.5133
 1258.52 1140.33 309.554 88.6928 38.7145
 1332.8 989.122 403.273 109.473 45.0572
 3565.56 807.034 268.645 109.529 41.9702
 1090.65 1318.23 137.366 45.7263 25.7868
 2958.45 1335.82 779.876 81.2666 42.3076
 3818.99 2979.38 641.338 374.426 59.3292
 1623.31 4295.95 1585.68 341.331 230.852
 710.407 2222.56 2730 1007.67 363.611
F
 0.127613 0.255227 0.255227 0.255227 0.255227
 0.165795 0.33159 0.33159 0.33159 0.33159
 0.410788 0.821576 0.821576 0.821576 0.821576
 0.156115 0.312231 0.312231 0.312231 0.312231
 0.0296913 0.0593825 0.0593825 0.0593825 0.0593825
 0.352421 0.704842 0.704842 0.704842 0.704842
 0.304883 0.609765 0.609765 0.609765 0.609765
 0.306971 0.613943 0.613943 0.613943 0.613943
 0.235474 0.470948 0.470948 0.470948 0.470948
 0.148952 0.297904 0.297904 0.297904 0.297904
 0.269515 0.539029 0.539029 0.539029 0.539029
 0.245608 0.491216 0.491216 0.491216 0.491216
 0.346277 0.692555 0.692555 0.692555 0.692555
 0.569817 1.13963 1.13963 1.13963 1.13963
 0.534849 1.0697 1.0697 1.0697 1.0697
 0.28505 0.5701 0.5701 0.5701 0.5701
 0.240693 0.481385 0.481385 0.481385 0.481385
 0.181846 0.363692 0.363692 0.363692 0.363692
 0.18712 0.37424 0.37424 0.37424 0.37424
 0.143495 0.28699 0.28699 0.28699 0.28699
 0.0610949 0.12219 0.12219 0.12219 0.12219
 0.0838738 0.167748 0.167748 0.167748 0.167748
 0.0969823 0.193965 0.193965 0.193965 0.193965
 0.129744 0.259487 0.259487 0.259487 0.259487
 0.234714 0.469428 0.469428 0.469428 0.469428
nmprior
 10 11 7 0
nm_flota  nm_reclas  nm_pelaces    nm_pelaL
inf 7.68819 11.4057 18.5587
cv_recla  cv_pelaces  cv_mph
0.918773 1.16399 0.760919
 ------------------------------------------------
Talla a la edad & desviación 
 7.2 14.2025 17.0495 18.207 18.6776
 1.08 2.13037 2.55742 2.73105 2.80164
