years
 1997 1998 1999 2000 2001 2002 2003 2004 2005 2006 2007 2008 2009 2010 2011 2012 2013 2014 2015 2016 2017 2018 2019 2020 2021
reclasobs
 0 0 0 370054 412103 1.49427e+06 250295 1.28982e+06 931140 785840 897777 1.04006e+06 184774 17550 25797 100020 73551 82996 120727 218422 84188 347160 605670 569463 516374
reclaspred
 685917 126888 187120 126010 267933 283831 625599 482565 666993 944220 797407 526393 334298 145821 91571.9 87450.7 101032 123477 113464 187172 303411 268894 413944 413415 319107
pelacesobs
 0 0 0 0 0 0 0 0 0 2.06254e+06 1.5e+06 0 1.87456e+06 323000 250000 174000 83755 137374 0 501740 490994 745055 786931 1.00524e+06 0
pelacespred
 706934 187369 109494 139200 269354 223541 646036 521981 707730 996080 762706 523429 336634 117888 73236.1 75510.9 91372.9 114270 106728 171958 315226 273024 332161 390643 307986
mphobs
 0 0 0 0 0 112323 0 153150 637223 0 255016 313432 73983 77613 109348 50772 0 0 0 0 0 0 0 0 0
mphpred
 285742 121506 84171.4 47347.3 68766.9 144514 180385 221438 222828 303771 436342 315515 186183 101177 43762 34513.6 39802.7 49868 55192 57015.6 105126 134237 156994 189902 207291
desembarqueobs
 350755 77701 442110 56441 14545 235359 269955 359681 431902 328805 639364 411747 362871 311530 167758 66681 60226 58785 57116 71774 51957 67425 138520 160799 200461
desembarquepred
 350736 77672.2 441644 56427.5 14544.6 235320 269930 359386 431651 328646 638922 411571 362583 311320 167531 66653.8 60222.7 58762.2 57089.3 71737.5 51949 67399.3 138475 160761 200447
Reclutas
 19109 35814.7 7076.02 27977.4 58060 27269.7 61169.7 75927.7 114269 190244 62773.8 32399.5 48363.8 22317.7 15093.5 16380.2 11564.7 11587.2 10900.2 30415.9 35766.4 39014.7 52439.2 45107.8 2383.41
log_desv_Rt
 -0.422087 0.206112 -1.41553 -0.0408486 0.689232 -0.0664685 0.741407 0.957536 1.36631 1.87606 0.767293 0.105898 0.506508 -0.266865 -0.657981 -0.576171 -0.924285 -0.922341 -0.983463 0.0427198 0.204765 0.291693 0.587409 0.436811 -2.50371
SSB
 833552 354452 245541 138119 200604 421570 526211 645969 650023 886146 1.27288e+06 920406 543124 295150 127660 100681 116111 145473 161004 166323 306669 391588 457976 553972 604699
BT
 1.5007e+06 486147 428485 309954 494141 583727 1.34653e+06 1.32986e+06 1.65945e+06 2.09082e+06 1.92288e+06 1.30811e+06 959718 508775 271163 190026 212434 251944 240678 366553 605771 552558 691283 835652 724432
Ftot
 0.325783 0.517368 1.33605 0.52137 0.0669393 0.531117 0.416043 0.764858 0.736544 0.401063 0.532273 0.486463 0.844143 1.45642 1.57829 0.672905 0.50329 0.380957 0.361145 0.410184 0.151105 0.184474 0.241154 0.283641 0.336045
BD_Bspro_t
 0.952648 0.715409 0.535185 0.251303 0.45974 0.690536 0.590141 0.600925 0.566083 0.593128 0.646053 0.492283 0.369401 0.273505 0.158585 0.157506 0.234621 0.354305 0.434835 0.502583 0.672945 0.771301 0.767017 0.743107 0.685996
BD_Bspro
 1.38777 0.590122 0.408798 0.229953 0.333982 0.701865 0.876082 1.07547 1.08222 1.47533 2.1192 1.53237 0.90424 0.491391 0.21254 0.167623 0.193311 0.242196 0.268053 0.276909 0.510569 0.65195 0.762478 0.9223 1.00676
BD_Bo
 0.925146 0.393401 0.272522 0.153297 0.222647 0.467894 0.584034 0.716951 0.721451 0.98352 1.41275 1.02155 0.602805 0.327582 0.141688 0.111745 0.128869 0.161458 0.178695 0.1846 0.340368 0.434618 0.508301 0.614845 0.671147
BD_Brms
 3.09663 1.31678 0.912179 0.513111 0.745239 1.56612 1.95487 2.39976 2.41482 3.29202 4.72871 3.41929 2.01769 1.09648 0.474256 0.374029 0.431349 0.540428 0.598125 0.617888 1.13927 1.45474 1.70137 2.058 2.24645
S_f
 0.147311 1 1 1 1
 0.147311 1 1 1 1
 0.147311 1 1 1 1
 0.147311 1 1 1 1
 0.147311 1 1 1 1
 0.147311 1 1 1 1
 0.147311 1 1 1 1
 0.147311 1 1 1 1
 0.147311 1 1 1 1
 0.147311 1 1 1 1
 0.147311 1 1 1 1
 0.147311 1 1 1 1
 0.147311 1 1 1 1
 0.147311 1 1 1 1
 0.147311 1 1 1 1
 0.147311 1 1 1 1
 0.147311 1 1 1 1
 0.147311 1 1 1 1
 0.147311 1 1 1 1
 0.147311 1 1 1 1
 0.147311 1 1 1 1
 0.147311 1 1 1 1
 0.147311 1 1 1 1
 0.147311 1 1 1 1
 0.147311 1 1 1 1
Scru_reclas
 0.985425 1 1 1 1
 0.985425 1 1 1 1
 0.985425 1 1 1 1
 0.985425 1 1 1 1
 0.985425 1 1 1 1
 0.985425 1 1 1 1
 0.985425 1 1 1 1
 0.985425 1 1 1 1
 0.985425 1 1 1 1
 0.985425 1 1 1 1
 0.985425 1 1 1 1
 0.985425 1 1 1 1
 0.985425 1 1 1 1
 0.985425 1 1 1 1
 0.985425 1 1 1 1
 0.985425 1 1 1 1
 0.985425 1 1 1 1
 0.985425 1 1 1 1
 0.985425 1 1 1 1
 0.985425 1 1 1 1
 0.985425 1 1 1 1
 0.985425 1 1 1 1
 0.985425 1 1 1 1
 0.985425 1 1 1 1
 0.985425 1 1 1 1
Scru_pelaces
 1 1 1 1 1
 1 1 1 1 1
 1 1 1 1 1
 1 1 1 1 1
 1 1 1 1 1
 1 1 1 1 1
 1 1 1 1 1
 1 1 1 1 1
 1 1 1 1 1
 1 1 1 1 1
 1 1 1 1 1
 1 1 1 1 1
 1 1 1 1 1
 1 1 1 1 1
 1 1 1 1 1
 1 1 1 1 1
 1 1 1 1 1
 1 1 1 1 1
 1 1 1 1 1
 1 1 1 1 1
 1 1 1 1 1
 1 1 1 1 1
 1 1 1 1 1
 1 1 1 1 1
 1 1 1 1 1
pf_obs 
 0.256992 0.487395 0.22802 0.0275931 0
 0.321318 0.546541 0.124235 0.00734118 0.000564706
 0.182869 0.594174 0.210203 0.0122559 0.00049798
 0.330522 0.361315 0.267642 0.0388342 0.00168674
 0.649043 0.306663 0.0425973 0.00169635 0
 0.582887 0.30429 0.105238 0.00758474 0
 0.465427 0.430635 0.0974691 0.00646863 0
 0.296916 0.608066 0.0921331 0.00288517 0
 0.311714 0.524322 0.152257 0.0117073 0
 0.15457 0.633149 0.183074 0.0267441 0.00246327
 0.131901 0.49318 0.331252 0.0422183 0.00144891
 0.196976 0.569456 0.194076 0.0375587 0.00193317
 0.518974 0.381816 0.0799577 0.0180837 0.00116848
 0.0928022 0.601141 0.25162 0.0475244 0.00691264
 0.122501 0.610282 0.24278 0.0234846 0.000952079
 0.383417 0.481906 0.127806 0.00687128 0
 0.0376549 0.599619 0.316969 0.0457579 0
 0.0361596 0.667082 0.258105 0.0386534 0
 0.158088 0.579412 0.248529 0.0139706 0
 0.0477256 0.309471 0.559284 0.082774 0.000745712
 0.0406174 0.521527 0.379366 0.0568643 0.0016247
 0.151134 0.462217 0.34131 0.0453401 0
 0.294876 0.26143 0.354403 0.0886775 0.000613685
 0.281977 0.475581 0.204845 0.0348837 0.00271318
 0 0 0 0 0
pf_pred 
 0.0905932 0.607412 0.266538 0.0354511 5.4757e-06
 0.236791 0.337527 0.284322 0.124763 0.0165968
 0.0667491 0.682529 0.110881 0.0934028 0.0464382
 0.459951 0.26745 0.199364 0.032388 0.040847
 0.375518 0.550912 0.0364343 0.0271591 0.00997669
 0.120811 0.710596 0.148731 0.00983627 0.0100256
 0.314355 0.375996 0.25027 0.0523828 0.00699532
 0.288075 0.564204 0.0810078 0.0539203 0.0127929
 0.341142 0.528216 0.103534 0.0148653 0.0122422
 0.347226 0.545695 0.0858474 0.0168267 0.00440561
 0.0927735 0.739148 0.140508 0.0221043 0.00546698
 0.0855781 0.434205 0.391249 0.074374 0.0145941
 0.221384 0.348011 0.204469 0.184241 0.0418955
 0.15629 0.630905 0.0951155 0.0558839 0.0618058
 0.230906 0.562586 0.154422 0.0232807 0.028806
 0.298131 0.579644 0.0894063 0.0245408 0.00827764
 0.181613 0.656075 0.134046 0.0206758 0.00758946
 0.19495 0.530575 0.220038 0.0449572 0.00947975
 0.182764 0.543156 0.180634 0.074912 0.0185331
 0.394776 0.389992 0.143049 0.0475729 0.0246102
 0.248605 0.634313 0.0754447 0.0276731 0.013964
 0.20033 0.565544 0.197645 0.0235077 0.0129736
 0.225461 0.503633 0.191591 0.0669567 0.0123589
 0.168231 0.573561 0.167896 0.0638705 0.0264414
 0.0111734 0.605013 0.264665 0.0774743 0.0416737
pobs_RECLAS
 0 0 0 0 0
 0 0 0 0 0
 0 0 0 0 0
 0 0 0 0 0
 0.835266 0.146461 0.0176864 0.000547809 3.91292e-05
 0.385257 0.428462 0.181853 0.0044286 0
 0.867414 0.0963971 0.0333333 0.00285562 0
 0.441836 0.489002 0.0689373 0.000224442 0
 0.779404 0.147425 0.0564933 0.0165055 0.000172143
 0.814271 0.122319 0.05973 0.00367925 0
 0.40263 0.566651 0.0304383 0.000280538 0
 0.475488 0.404961 0.113038 0.00651328 0
 0.955842 0.0263864 0.0167828 0.000988607 0
 0.975058 0.0227948 0.00214734 0 0
 0.738997 0.206755 0.0527124 0.00153531 0
 0.850938 0.134255 0.0134407 0.00136685 0
 0.542534 0.407297 0.0501686 0 0
 0.764087 0.199537 0.0359546 0.000420521 0
 0.470689 0.182191 0.310203 0.0369168 0
 0.84361 0.089868 0.0606195 0.00523954 0.000663233
 0.607945 0.314616 0.071237 0.00620181 0
 0.523733 0.453247 0.0230204 0 0
 0.530135 0.295979 0.169645 0.0042399 0
 0.562478 0.366248 0.0663022 0.0049721 0
 0.250443 0.683176 0.0655157 0.000865301 0
ppred_RECLAS
 0.404771 0.397566 0.174456 0.0232036 3.58398e-06
 0.682698 0.140326 0.118206 0.0518699 0.00690006
 0.353573 0.472761 0.0768031 0.0646965 0.0321659
 0.855248 0.0716858 0.0534364 0.0086811 0.0109484
 0.801452 0.175157 0.0115839 0.00863497 0.003172
 0.488257 0.413611 0.0865709 0.00572532 0.00583555
 0.759151 0.132078 0.0879134 0.0184007 0.00245727
 0.741977 0.204484 0.0293596 0.0195423 0.00463654
 0.785798 0.171729 0.0336601 0.00483288 0.00398007
 0.785058 0.179683 0.0282673 0.0055406 0.00145065
 0.415243 0.476421 0.0905649 0.0142474 0.00352377
 0.392923 0.288265 0.259747 0.0493763 0.00968893
 0.670887 0.147101 0.086427 0.0778766 0.0177088
 0.590633 0.306115 0.04615 0.0271148 0.0299881
 0.704532 0.216132 0.0593252 0.0089439 0.0110666
 0.749357 0.206996 0.0319277 0.00876371 0.00295601
 0.605836 0.315989 0.0645615 0.00995818 0.00365535
 0.624074 0.247757 0.102749 0.0209932 0.00442666
 0.60486 0.262621 0.0873382 0.0362206 0.0089609
 0.817591 0.11754 0.0431137 0.0143381 0.00741731
 0.690578 0.261208 0.0310679 0.0113957 0.00575032
 0.628723 0.262575 0.0917641 0.0109143 0.0060235
 0.663873 0.218562 0.0831446 0.0290572 0.00536339
 0.579198 0.290171 0.0849406 0.0323129 0.013377
 0.0716629 0.568003 0.248475 0.072735 0.0391244
pobs_PELACES
 0 0 0 0 0
 0 0 0 0 0
 0 0 0 0 0
 0 0 0 0 0
 0 0 0 0 0
 0 0 0 0 0
 0 0 0 0 0
 0 0 0 0 0
 0 0 0 0 0
 0 0 0 0 0
 0.450072 0.473896 0.0757376 0.000293798 0
 0 0 0 0 0
 0.463077 0.371075 0.160297 0.00555027 0
 0.529543 0.364841 0.0842815 0.0213345 0
 0.631943 0.363953 0.00410389 0 0
 0.735681 0.248677 0.0153453 0.000297389 0
 0.695825 0.281241 0.0229344 0 0
 0.275771 0.60734 0.115278 0.00161068 0
 0 0 0 0 0
 0.896147 0.0623911 0.0374545 0.00400742 0
 0.803859 0.145111 0.0509908 3.86294e-05 0
 0.739449 0.233085 0.0266225 0.000797448 4.60066e-05
 0.878498 0.100942 0.0204185 0.000141795 0
 0.694673 0.275183 0.0284847 0.00165964 0
 0 0 0 0 0
ppred_PELACES
 0.430633 0.380293 0.166876 0.0221954 3.42826e-06
 0.716357 0.12544 0.105667 0.0463676 0.00616811
 0.447015 0.404423 0.0657012 0.0553445 0.0275163
 0.874106 0.0623468 0.0464749 0.00755016 0.00952209
 0.806732 0.170499 0.0112759 0.00840534 0.00308765
 0.529255 0.380475 0.0796354 0.00526665 0.00536804
 0.782413 0.119321 0.0794225 0.0166235 0.00221995
 0.783499 0.171578 0.024635 0.0163975 0.00389041
 0.820791 0.143674 0.0281612 0.00404335 0.00332987
 0.805797 0.162346 0.0255399 0.00500602 0.00131069
 0.455648 0.443502 0.0843071 0.013263 0.00328029
 0.429602 0.270848 0.244053 0.046393 0.00910353
 0.724005 0.123359 0.072478 0.0653077 0.0148507
 0.688064 0.233258 0.0351661 0.0206614 0.0228508
 0.790471 0.153268 0.04207 0.0063425 0.00784778
 0.785703 0.176979 0.0272979 0.00749288 0.00252736
 0.64248 0.286612 0.0585594 0.0090324 0.00331553
 0.652208 0.229216 0.0950594 0.0194221 0.00409538
 0.632292 0.244389 0.0812749 0.033706 0.00833881
 0.836199 0.10555 0.0387156 0.0128754 0.00666066
 0.702665 0.251004 0.0298542 0.0109505 0.00552568
 0.64413 0.251679 0.0879562 0.0104614 0.00577354
 0.682036 0.206752 0.0786519 0.0274871 0.00507358
 0.602041 0.274419 0.0803296 0.0305588 0.0126509
 0.0792793 0.563343 0.246436 0.0721382 0.0388034
pobs_pel_tallas
 0 0 0 0 0 0 0 0 0 0 0 0 0 0 0 0 0 0 0 0 0 0 0 0 0 0 0 0 0 0 0 0 0 0 0 0
 0 0 0 0 0 0 0 0 0 0 0 0 0 0 0 0 0 0 0 0 0 0 0 0 0 0 0 0 0 0 0 0 0 0 0 0
 0 0 0 0 0 0 0 0 0 0 0 0 0 0 0 0 0 0 0 0 0 0 0 0 0 0 0 0 0 0 0 0 0 0 0 0
 0 0 0 0 0 0 0 0 0 0 0 0 0 0 0 0 0 0 0 0 0 0 0 0 0 0 0 0 0 0 0 0 0 0 0 0
 0 0 0 0 0 0 0 0 0 0 0 0 0 0 0 0 0 0 0 0 0 0 0 0 0 0 0 0 0 0 0 0 0 0 0 0
 0 0 0 0 0 0 0 0 0 0 0 0 0 0 0 0 0 0 0 0 0 0 0 0 0 0 0 0 0 0 0 0 0 0 0 0
 0 0 0 0 0 0 0 0 0 0 0 0 0 0 0 0 0 0 0 0 0 0 0 0 0 0 0 0 0 0 0 0 0 0 0 0
 0 0 0 0 0 0 0 0 0 0 0 0 0 0 0 0 0 0 0 0 0 0 0 0 0 0 0 0 0 0 0 0 0 0 0 0
 0 0 0 0 0 0 0 0 0 0 0 0 0 0 0 0 0 0 0 0 0 0 0 0 0 0 0 0 0 0 0 0 0 0 0 0
 0 0 0 0 0 0 0 0 0 0 0 0 0 0 0 0 0 0 0 0 0 0 0 0 0 0 0 0 0 0 0 0 0 0 0 0
 0 0 0 0 0 0 0 0 1.78061e-05 0.00172719 0.00360574 0.0105946 0.0120993 0.0124554 0.0147524 0.0171206 0.0266825 0.0428682 0.0675386 0.121331 0.153587 0.119568 0.100827 0.0573624 0.0630603 0.0341343 0.0324427 0.0444173 0.0211091 0.0280891 0.0125444 0.00206551 0 0 0 0
 0 0 0 0 0 0 0 0 0 0 0 0 0 0 0 0 0 0 0 0 0 0 0 0 0 0 0 0 0 0 0 0 0 0 0 0
 0 0 0 0 0 0 0.0133647 0.0140871 0.0187388 0.0205184 0.03894 0.0496705 0.03968 0.0493445 0.0407372 0.0367815 0.0215668 0.0243155 0.0234873 0.0199281 0.019796 0.0243948 0.0301388 0.0376714 0.0412746 0.0863199 0.0771752 0.113111 0.0741005 0.0525337 0.0229764 0.00759418 0.00175318 0 0 0
 0 0 0 0 0 0 0 0 0 0 0.00219441 0.00772107 0.0458388 0.0604681 0.0671733 0.0775358 0.0609151 0.0617685 0.073594 0.0568108 0.0755445 0.0548602 0.0670107 0.0636378 0.0643287 0.046367 0.0373049 0.0286899 0.0247887 0.0153202 0.00654259 0.00121912 0.000365735 0 0 0
 0 0 0 0 0 0 0 0 0 0 0 0 0.000112435 0.00938835 0.0111873 0.0202946 0.0414886 0.0713402 0.111592 0.104902 0.108894 0.110636 0.117776 0.105296 0.107544 0.0401394 0.0192827 0.0124803 0.00416011 0.0028671 0.000618394 0 0 0 0 0
 0 0 0 0 0 0 0 0 0 0 0.00291406 0.0102884 0.027416 0.0768956 0.0749926 0.110853 0.0956884 0.0897413 0.0766577 0.0534642 0.0500743 0.0551293 0.0594112 0.0620874 0.0668451 0.0424026 0.0208742 0.0120726 0.0048766 0.00582813 0.00118941 0.000297354 0 0 0 0
 0 0.00264628 0.0354308 0.0461629 0.0458689 0.0383711 0.0214643 0.0164657 0.0346957 0.0420465 0.0363128 0.0245516 0.0311673 0.0291091 0.0169068 0.0133784 0.00837989 0.0085269 0.0148486 0.0160247 0.0276389 0.0546898 0.0760071 0.122758 0.109233 0.0665981 0.0333725 0.0166128 0.00676272 0.00308733 0.000882094 0 0 0 0 0
 0 0 0 0 0 0 0 0.000805153 0.000690131 0.00759144 0.0133425 0.0154129 0.00931677 0.000345066 0.00356568 0.00563607 0.00851162 0.0253048 0.0502646 0.0516448 0.0657925 0.0565908 0.0611916 0.0827007 0.0866115 0.110766 0.145733 0.0935128 0.0569358 0.0249597 0.0138026 0.00621118 0.00161031 0.00115022 0 0
 0 0 0 0 0 0 0 0 0 0 0 0 0 0 0 0 0 0 0 0 0 0 0 0 0 0 0 0 0 0 0 0 0 0 0 0
 0.00147267 0.00158595 0.00478618 0.00569244 0.00954404 0.0108468 0.00647125 0.017049 0.0510054 0.094081 0.124002 0.0959785 0.0687766 0.0820023 0.061753 0.0591476 0.0492212 0.0479892 0.0443925 0.0268479 0.0217502 0.0140895 0.0121071 0.0120363 0.00920419 0.00665534 0.0049561 0.00860946 0.00930331 0.0156896 0.0114698 0.00855282 0.00243557 0.00046729 0 2.83206e-05
 0 0 0 0 0.000772559 0.00158375 0.000888443 0.00281984 0.00712685 0.0440552 0.0773331 0.111326 0.0921469 0.0852325 0.0710754 0.0886704 0.0786465 0.0553345 0.0373146 0.0185414 0.00753245 0.00457741 0.012979 0.0271748 0.0457355 0.0583668 0.034881 0.0177882 0.00938659 0.00492506 0.0015258 0.00185414 0.000309023 5.79419e-05 3.86279e-05 0
 0 0.00173294 0.00326652 0 0.00397197 0.00683976 0.00946217 0.0152591 0.00757587 0.0136028 0.0228656 0.0392903 0.0559909 0.0764795 0.0681675 0.0726916 0.0566044 0.0477403 0.0527397 0.0444891 0.0609904 0.0582453 0.0661739 0.0445044 0.0529084 0.0360697 0.0280645 0.0235558 0.0158879 0.00826598 0.00280645 0.00217768 0.000904811 0.00058276 9.20147e-05 0
 0 0 0 0 0 0 0 0 0 0 0 0 0 0 0 0 0 0 0 0 0 0 0 0 0 0 0 0 0 0 0 0 0 0 0 0
 0 0 0 0 0 0 0 0 0 0 0 0 0 0 0 0 0 0 0 0 0 0 0 0 0 0 0 0 0 0 0 0 0 0 0 0
 0 0 0 0 0 0 0 0 0 0 0 0 0 0 0 0 0 0 0 0 0 0 0 0 0 0 0 0 0 0 0 0 0 0 0 0
ppred_pel_tallas
 1.03256e-16 1.8806e-05 0.000110333 0.000524386 0.00201876 0.00629519 0.0159015 0.0325389 0.0539456 0.0724743 0.0789371 0.0697965 0.0503299 0.0301151 0.0160053 0.00942507 0.00846258 0.0108086 0.0150102 0.0203216 0.0262334 0.0322054 0.0376269 0.0419005 0.0445638 0.045386 0.0444083 0.0419107 0.0383242 0.0341196 0.0297123 0.0254061 0.0213833 0.017728 0.0144639 0.0115878
 1.03423e-16 3.12544e-05 0.00018344 0.000871998 0.00335725 0.0104693 0.0264445 0.0541087 0.0896903 0.120449 0.131065 0.115592 0.0827078 0.0481956 0.0232557 0.0100215 0.00507706 0.00440938 0.00557292 0.00751601 0.00983704 0.0123155 0.014749 0.0169364 0.0187056 0.0199421 0.0206033 0.0207116 0.0203337 0.0195539 0.0184531 0.0170993 0.0155488 0.013854 0.0120717 0.0102661
 1.04252e-16 1.9521e-05 0.00011453 0.000544332 0.00209556 0.00653466 0.0165064 0.0337767 0.0559978 0.0752313 0.08194 0.0724515 0.0522441 0.0312588 0.0166079 0.00976644 0.00874313 0.0111301 0.0154033 0.0207692 0.0266782 0.0325521 0.0377498 0.0416618 0.04384 0.0440996 0.0425551 0.0395741 0.0356715 0.0313793 0.0271368 0.0232292 0.0197824 0.0167989 0.0142133 0.0119427
 1.01385e-16 3.81304e-05 0.000223814 0.00106395 0.00409635 0.0127741 0.0322663 0.06602 0.109431 0.146951 0.159878 0.140945 0.10072 0.0584322 0.0277067 0.0110962 0.00437841 0.00261047 0.00278364 0.00362627 0.00470555 0.00585476 0.00696159 0.00792491 0.00866203 0.00912219 0.00929331 0.00919805 0.00888206 0.00839921 0.00779922 0.00712128 0.00639398 0.00563903 0.00487599 0.00412521
 1.00649e-16 3.51968e-05 0.000206582 0.000982008 0.0037808 0.0117901 0.0297808 0.0609353 0.101006 0.135647 0.147606 0.130187 0.093166 0.0543191 0.0262612 0.0113937 0.00586216 0.0051297 0.00641005 0.00847048 0.0107964 0.0130717 0.0150091 0.0163494 0.0169094 0.0166244 0.0155632 0.0139075 0.0119044 0.0098079 0.0078283 0.00610286 0.00469092 0.00358847 0.0027523 0.00212396
 1.01687e-16 2.31062e-05 0.00013558 0.000644411 0.00248089 0.00773633 0.0195416 0.0399869 0.0662905 0.08905 0.0969665 0.0856798 0.0616563 0.0366364 0.0190014 0.0104504 0.00857776 0.0104956 0.0143885 0.0193451 0.02479 0.0301559 0.0348253 0.038213 0.03989 0.0396812 0.0377025 0.0343191 0.0300463 0.0254253 0.0209154 0.016831 0.0133294 0.0104389 0.00810635 0.00624337
 1.01842e-16 3.41345e-05 0.000200349 0.000952387 0.00366677 0.0114345 0.0288826 0.0590971 0.0979583 0.13155 0.143139 0.126227 0.0902866 0.05255 0.0252393 0.010671 0.00509839 0.00412221 0.00505761 0.00674784 0.00875465 0.0108476 0.0128257 0.014497 0.0157059 0.0163616 0.0164514 0.0160326 0.0152089 0.0140999 0.0128157 0.0114425 0.0100409 0.0086526 0.00730916 0.00603887
 1.01151e-16 3.41838e-05 0.000200635 0.000953733 0.00367194 0.0114506 0.0289233 0.0591808 0.0980984 0.131742 0.143359 0.126446 0.090499 0.0527849 0.025559 0.0111577 0.00584317 0.00521431 0.00656955 0.00871401 0.0111473 0.0135583 0.0156604 0.0171919 0.0179634 0.0179 0.0170573 0.0156015 0.0137637 0.0117832 0.00985946 0.00812433 0.00663802 0.00540363 0.00439019 0.00355472
 1.00742e-16 3.58089e-05 0.000210178 0.000999106 0.00384664 0.0119954 0.0302994 0.0619963 0.102764 0.138005 0.150165 0.132429 0.0947359 0.0551653 0.0265417 0.0112967 0.00549844 0.0045252 0.00554575 0.00732244 0.00936284 0.0113882 0.013154 0.0144382 0.0150795 0.0150123 0.014281 0.0130235 0.0114335 0.00971433 0.00803745 0.00651926 0.00521686 0.00413891 0.00326397 0.0025582
 1.00649e-16 3.51558e-05 0.000206342 0.000980866 0.00377641 0.0117764 0.0297462 0.0608645 0.100889 0.135489 0.147432 0.13003 0.0930456 0.054233 0.0261903 0.0113136 0.00575155 0.00497222 0.0061952 0.00819526 0.0104681 0.0127101 0.0146465 0.0160276 0.0166732 0.0165133 0.0156032 0.0141051 0.0122447 0.0102572 0.00834072 0.00662851 0.00518437 0.004015 0.00309126 0.00236902
 1.01951e-16 1.98992e-05 0.000116746 0.000554859 0.00213607 0.00666101 0.0168256 0.03443 0.0570818 0.0766904 0.0835361 0.0738792 0.0533092 0.0319674 0.0171136 0.0102631 0.00939608 0.0120625 0.0167023 0.022484 0.0288075 0.0350281 0.0404293 0.0443312 0.0462366 0.0459456 0.0435979 0.0396241 0.0346288 0.029245 0.0240086 0.0192836 0.0152496 0.0119343 0.0092703 0.00714967
 1.05573e-16 1.87568e-05 0.000110054 0.00052308 0.00201377 0.00627965 0.0158621 0.0324575 0.0538078 0.0722804 0.0787031 0.0695352 0.0500236 0.0296967 0.0153577 0.00839069 0.00685688 0.0084409 0.0117174 0.0160163 0.020957 0.0261703 0.0312301 0.0356962 0.0391918 0.0414704 0.0424481 0.0421917 0.0408727 0.038709 0.0359148 0.0326745 0.0291407 0.0254459 0.0217165 0.0180787
 1.04008e-16 3.15877e-05 0.000185397 0.000881303 0.00339308 0.010581 0.0267267 0.0546861 0.0906472 0.121733 0.132462 0.11682 0.0835791 0.0486881 0.0234643 0.0100603 0.00501953 0.0042819 0.00537211 0.00722547 0.00943729 0.01179 0.0140886 0.0161438 0.0177987 0.0189557 0.0195883 0.0197318 0.0194592 0.0188527 0.017982 0.0168952 0.0156233 0.0141915 0.0126322 0.0109914
 1.02353e-16 3.00249e-05 0.000176212 0.000837615 0.00322483 0.0100563 0.0254015 0.0519754 0.0861573 0.115714 0.125937 0.111128 0.0796407 0.0466641 0.0229929 0.0107174 0.00659344 0.00678419 0.00892254 0.0119299 0.0152967 0.0186432 0.0215907 0.0237866 0.0249741 0.02505 0.0240851 0.0222972 0.0199897 0.0174753 0.0150117 0.0127655 0.010809 0.00914054 0.00771723 0.00648483
 1.01232e-16 3.44872e-05 0.000202417 0.00096221 0.00370458 0.0115524 0.0291804 0.0597068 0.0989698 0.132911 0.144626 0.127554 0.0912695 0.0531896 0.0256718 0.0110662 0.00559514 0.00481532 0.00600424 0.00796819 0.0102236 0.0124854 0.0144958 0.0160175 0.0168739 0.0169874 0.0163937 0.0152264 0.013678 0.0119519 0.0102213 0.00860539 0.00716541 0.00591636 0.00484532 0.00392879
 1.00821e-16 3.42802e-05 0.0002012 0.000956418 0.00368227 0.0114828 0.0290047 0.0593474 0.0983748 0.132114 0.143764 0.126806 0.0907624 0.0529498 0.0256598 0.0112372 0.00593521 0.00534096 0.00674421 0.00894318 0.0114298 0.0138833 0.0160068 0.0175285 0.0182525 0.0181022 0.0171373 0.0155336 0.0135355 0.0113973 0.00933259 0.00748459 0.00592106 0.00464824 0.00363418 0.00283146
 1.0139e-16 2.80395e-05 0.000164551 0.000782165 0.00301131 0.00939045 0.0237197 0.0485347 0.0804559 0.108063 0.117627 0.103834 0.0745001 0.043826 0.0219183 0.0107599 0.00735155 0.00813177 0.0108909 0.014592 0.0186941 0.0227451 0.026276 0.0288457 0.0301316 0.0300017 0.0285426 0.0260283 0.0228448 0.0193973 0.016029 0.0129739 0.0103483 0.00817235 0.00640574 0.00498289
 1.02283e-16 2.84614e-05 0.000167033 0.000793976 0.00305681 0.00953233 0.024078 0.0492675 0.0816688 0.109687 0.119381 0.105351 0.0755193 0.0442868 0.021893 0.0103283 0.00652855 0.006869 0.00911724 0.0122592 0.0158147 0.0194182 0.0226959 0.025289 0.0269208 0.0274542 0.0269153 0.0254726 0.0233838 0.0209285 0.0183514 0.0158285 0.0134628 0.011299 0.00934734 0.00760476
 1.02782e-16 2.75936e-05 0.000161937 0.000769744 0.00296351 0.00924137 0.0233431 0.0477638 0.079177 0.106342 0.115746 0.102156 0.0732556 0.0430137 0.0213646 0.0102477 0.00670146 0.00721834 0.0096342 0.0129569 0.0167015 0.0204855 0.0239142 0.0266104 0.0282867 0.0288068 0.0282085 0.0266802 0.0245022 0.0219733 0.0193485 0.0168049 0.0144376 0.0122778 0.010322 0.00855559
 1.01338e-16 3.64792e-05 0.000214116 0.00101784 0.00391878 0.0122204 0.0308676 0.0631586 0.10469 0.140587 0.152966 0.134877 0.0964396 0.0560615 0.026794 0.0110984 0.00495439 0.00364539 0.00429173 0.00565558 0.00727878 0.00893808 0.0104526 0.0116576 0.0124277 0.0127019 0.0124935 0.0118806 0.0109803 0.00991827 0.00880219 0.00770711 0.00667406 0.00571793 0.00483948 0.00403552
 1.01141e-16 3.06624e-05 0.000179953 0.000855394 0.00329328 0.0102698 0.0259407 0.0530788 0.0879866 0.118171 0.128614 0.113496 0.0813508 0.0476915 0.0235458 0.0110519 0.00689886 0.00716804 0.00943647 0.0125904 0.0160903 0.0195236 0.0224769 0.0245681 0.0255226 0.0252373 0.0238033 0.0214767 0.0186103 0.0155692 0.0126583 0.0100791 0.00792348 0.00619383 0.00483722 0.00377902
 1.0196e-16 2.81101e-05 0.000164969 0.000784156 0.00301899 0.0094144 0.0237801 0.0486582 0.0806595 0.108333 0.117914 0.10407 0.0746303 0.0438248 0.0217744 0.010455 0.00684926 0.00738254 0.00984717 0.0132274 0.0170222 0.0208331 0.0242486 0.0268767 0.02842 0.0287399 0.027882 0.0260513 0.0235521 0.0207108 0.0178098 0.0150494 0.012541 0.0103242 0.00839432 0.00672827
 1.02366e-16 2.97611e-05 0.000174666 0.000830267 0.00319654 0.0099681 0.0251787 0.0515194 0.0854007 0.114696 0.124825 0.110135 0.0789056 0.046186 0.0226703 0.0104242 0.00622708 0.00627652 0.00823501 0.0110534 0.0142577 0.0175099 0.0204729 0.0228251 0.0243198 0.0248356 0.0243975 0.0231578 0.0213467 0.0192125 0.0169695 0.0147694 0.0126974 0.0107874 0.00904458 0.00746466
 1.02871e-16 2.62757e-05 0.000154197 0.000732943 0.0028218 0.00879946 0.0222269 0.0454803 0.0753929 0.101263 0.110228 0.0973094 0.0698322 0.0411078 0.0206116 0.0102084 0.00709678 0.00794923 0.0107056 0.0144037 0.0185436 0.0227043 0.0264438 0.0293402 0.0310755 0.0315042 0.0306796 0.0288257 0.02627 0.0233588 0.0203862 0.0175537 0.0149654 0.0126491 0.0105898 0.0087588
 1.07974e-16 3.49288e-06 2.04147e-05 9.68643e-05 0.000372635 0.00116175 0.0029351 0.00601013 0.00997968 0.0134546 0.0147788 0.0133632 0.0102805 0.00744391 0.00631742 0.00740514 0.010601 0.0156699 0.0224009 0.0305073 0.0394988 0.0486502 0.0570828 0.0639244 0.0684925 0.0704364 0.0697941 0.0669423 0.0624684 0.0570103 0.0511214 0.0451961 0.0394629 0.0340253 0.0289208 0.0241703
pSPR Fmed_Fpbrs
0.541275   0.348759 0.348759
Fs Fmed_Fpbrs
0.452179   1.005 1.005
SSBpbr Bo_Bmed_Bpbrs
900994  442636  269180 269180
Ro
29143.9
SPR SPRFo_SPRFmed_SPRFpbrs
600641 325112 209479
log_Ro
10.1
likeval ReclasPelacesDesembMPH_pf_preclas_ppelaces_ptallas_desvR_qrecl_qpela
 85.9182 62.1423 0.0364878 0.000175083 292.9 192.194 70.4161 0 28.9675 1.79769e-05 0 0 0 0 0
q_reclas_q_pelaces
0.548365 1
M
0.7
N
 19109 21251.1 9325.2 1240.3 0.191575
 35814.7 9044.58 7618.87 3343.23 444.737
 7076.02 16479.9 2677.27 2255.25 1121.27
 27977.4 2886.08 2151.36 349.502 440.784
 58060 12866.1 850.89 634.276 232.997
 27269.7 28548.8 5975.41 395.181 402.789
 61169.7 12522.6 8335.29 1744.62 232.98
 75927.7 28570.2 4102.08 2730.42 647.81
 114269 33686.9 6602.88 948.035 780.746
 190244 50909.7 8008.99 1569.82 411.014
 62773.8 89052.6 16928.4 2663.13 658.662
 32399.5 28821.7 25970.3 4936.8 968.731
 48363.8 14976.5 8799.24 7928.71 1802.95
 22317.7 21208.5 3197.4 1878.59 2077.66
 15093.5 8942.66 2454.63 370.062 457.89
 16380.2 5940.33 916.256 251.499 84.8311
 11564.7 7366.54 1505.1 232.152 85.216
 11587.2 5332.5 2211.47 451.839 95.2754
 10900.2 5440.03 1809.16 750.288 185.62
 30415.9 5132.44 1882.58 626.077 323.88
 35766.4 14218.4 1691.13 620.305 313.009
 39014.7 17370.1 6070.46 722.016 398.472
 52439.2 18854.7 7172.66 2506.68 462.685
 45107.8 25131.7 7356.68 2798.61 1158.58
 2383.41 21483.2 9397.92 2751.01 1479.78
pred_Ctot
 645.734 4329.54 1899.84 252.69 0.0390299
 1898.41 2706.04 2279.48 1000.26 133.06
 919.521 9402.36 1527.47 1286.69 639.722
 1494.07 868.766 647.601 105.207 132.685
 409.948 601.423 39.7748 29.6492 10.8914
 1482.58 8720.33 1825.21 120.709 123.033
 2624.43 3139.04 2089.41 437.323 58.4011
 5856.42 11470 1646.85 1096.17 260.074
 8502.81 13165.6 2580.55 370.512 305.132
 7875.96 12377.7 1947.24 381.673 99.9303
 3420.01 27248 5179.68 814.855 201.535
 1618.01 8209.43 7397.26 1406.17 275.929
 4096.32 6439.32 3783.34 3409.04 775.201
 3137.7 12666.1 1909.55 1121.93 1240.82
 2282.15 5560.31 1526.23 230.095 284.704
 1118.08 2173.85 335.301 92.0355 31.0437
 596.865 2156.17 440.539 67.9501 24.9425
 456.244 1241.71 514.958 105.214 22.1856
 407.392 1210.73 402.645 166.983 41.3113
 1287.07 1271.48 466.376 155.1 80.2357
 566.959 1446.59 172.056 63.1102 31.8457
 753.39 2126.87 743.293 88.4067 48.7906
 1318.9 2946.17 1120.77 391.685 72.2973
 1330.73 4536.95 1328.08 505.225 209.155
 83.0226 4495.48 1966.56 575.663 309.652
F
 0.0479914 0.325783 0.325783 0.325783 0.325783
 0.0762138 0.517368 0.517368 0.517368 0.517368
 0.196814 1.33605 1.33605 1.33605 1.33605
 0.0768034 0.52137 0.52137 0.52137 0.52137
 0.00986088 0.0669393 0.0669393 0.0669393 0.0669393
 0.0782392 0.531117 0.531117 0.531117 0.531117
 0.0612876 0.416043 0.416043 0.416043 0.416043
 0.112672 0.764858 0.764858 0.764858 0.764858
 0.108501 0.736544 0.736544 0.736544 0.736544
 0.059081 0.401063 0.401063 0.401063 0.401063
 0.0784095 0.532273 0.532273 0.532273 0.532273
 0.0716613 0.486463 0.486463 0.486463 0.486463
 0.124351 0.844143 0.844143 0.844143 0.844143
 0.214547 1.45642 1.45642 1.45642 1.45642
 0.2325 1.57829 1.57829 1.57829 1.57829
 0.0991261 0.672905 0.672905 0.672905 0.672905
 0.07414 0.50329 0.50329 0.50329 0.50329
 0.056119 0.380957 0.380957 0.380957 0.380957
 0.0532005 0.361145 0.361145 0.361145 0.361145
 0.0604246 0.410184 0.410184 0.410184 0.410184
 0.0222594 0.151105 0.151105 0.151105 0.151105
 0.027175 0.184474 0.184474 0.184474 0.184474
 0.0355246 0.241154 0.241154 0.241154 0.241154
 0.0417833 0.283641 0.283641 0.283641 0.283641
 0.0495031 0.336045 0.336045 0.336045 0.336045
nmprior
 10 11 7 0
nm_flota  nm_reclas  nm_pelaces    nm_pelaL
inf 27.0491 21.9132 40.6301
cv_recla  cv_pelaces  cv_mph
0.838431 0.927595 0.429299
 ------------------------------------------------
Talla a la edad & desviación 
 7.2 14.2025 17.0495 18.207 18.6776
 1.08 2.13037 2.55742 2.73105 2.80164
