years
 1997 1998 1999 2000 2001 2002 2003 2004 2005 2006 2007 2008 2009 2010 2011 2012 2013 2014 2015 2016 2017 2018 2019 2020 2021
reclasobs
 0 0 0 370054 412103 1.49427e+06 250295 1.28982e+06 931140 785840 897777 1.04006e+06 184774 17550 25797 100020 73551 82996 120727 218422 84188 347160 605670 569463 516374
reclaspred
 379798 105499 331644 246920 364173 433387 953114 633228 701843 632747 496856 333047 203725 95460.5 68348.7 70824.3 89411.9 122015 127796 186567 272398 248535 422205 526053 553723
pelacesobs
 0 0 0 0 0 0 0 0 0 2.06254e+06 1.5e+06 0 1.87456e+06 323000 250000 174000 83755 137374 0 501740 490994 745055 786931 1.00524e+06 0
pelacespred
 1.1245e+06 277268 538470 605741 762716 764041 1.89817e+06 1.58119e+06 1.54486e+06 1.40864e+06 998013 689768 420386 165152 116193 128492 169160 233141 252363 357176 577392 516326 692933 1.01287e+06 1.11258e+06
mphobs
 0 0 0 0 0 112323 0 153150 637223 0 255016 313432 73983 77613 109348 50772 0 0 0 0 0 0 0 0 0
mphpred
 711510 440500 549802 695113 740847 1.15976e+06 1.74836e+06 2.05504e+06 1.75452e+06 1.76158e+06 1.64029e+06 1.15492e+06 711166 375042 184244 161542 198231 275326 340114 388447 592989 704554 879324 1.21779e+06 1.7183e+06
desembarqueobs
 350755 77701 442110 56441 14545 235359 269955 359681 431902 328805 639364 411747 362871 311530 167758 66681 60226 58785 57116 71774 51957 67425 138520 160799 200461
desembarquepred
 350761 77701.4 442111 56442.1 14545.1 235392 269980 359685 431934 328829 639589 412000 363216 311987 167806 66692.7 60244.2 58786.5 57112.8 71773.3 51957.3 67420 138519 160802 200461
Reclutas
 53551.5 68931.1 42431.5 69307.6 118381 84029.8 134801 125443 150370 147610 68357.7 40023.8 42498.5 23771.9 18681.5 23419 19350.8 21483.7 24114.5 45423.2 56799 71816.1 109828 133895 44959.4
log_desv_Rt
 -0.0516003 0.200863 -0.284353 0.20631 0.741664 0.398927 0.871556 0.79961 0.980857 0.962329 0.19251 -0.34277 -0.282776 -0.863741 -1.10471 -0.878699 -1.06951 -0.964949 -0.849432 -0.216221 0.00727337 0.241864 0.666675 0.86481 -0.226485
SSB
 711510 440500 549802 695113 740847 1.15976e+06 1.74836e+06 2.05504e+06 1.75452e+06 1.76158e+06 1.64029e+06 1.15492e+06 711166 375042 184244 161542 198231 275326 340114 388447 592989 704554 879324 1.21779e+06 1.7183e+06
BT
 2.30192e+06 627907 1.20699e+06 1.14442e+06 1.37674e+06 1.55365e+06 3.58267e+06 3.24022e+06 3.16198e+06 2.84045e+06 2.36785e+06 1.61595e+06 1.11101e+06 597258 351384 285321 352361 464493 501210 698198 1.07616e+06 987794 1.33622e+06 1.94631e+06 2.15849e+06
Ftot
 0.420448 0.34537 0.499116 0.0942984 0.0183286 0.179935 0.112889 0.222261 0.249621 0.200486 0.415783 0.385897 0.612106 1.07448 0.992179 0.390089 0.27806 0.188388 0.161308 0.164846 0.0777821 0.0996448 0.119848 0.119765 0.108258
BD_Bspro_t
 0.948556 0.76076 0.724112 0.607954 0.735036 0.850553 0.822317 0.828587 0.780704 0.746762 0.712406 0.565116 0.45148 0.338992 0.221903 0.23821 0.354516 0.51927 0.62595 0.705331 0.80001 0.860387 0.864734 0.865137 0.860806
BD_Bspro
 0.612254 0.37905 0.473104 0.598144 0.637498 0.997976 1.50447 1.76836 1.50977 1.51583 1.41147 0.993809 0.611957 0.322723 0.158542 0.139006 0.170577 0.236918 0.292668 0.334259 0.510267 0.606268 0.756657 1.04791 1.4786
BD_Bo
 0.529042 0.327533 0.408804 0.51685 0.550855 0.86234 1.29999 1.52802 1.30457 1.30982 1.21963 0.85874 0.528786 0.278862 0.136994 0.120114 0.147394 0.204718 0.252891 0.288829 0.440916 0.523869 0.653819 0.905485 1.27764
BD_Brms
 1.85577 1.14892 1.434 1.813 1.93229 3.02491 4.56011 5.35998 4.57618 4.59457 4.27822 3.01228 1.85487 0.97819 0.480548 0.421335 0.517028 0.71811 0.88709 1.01315 1.54664 1.83763 2.29346 3.17626 4.4817
S_f
 0.191588 1 1 1 1
 0.191588 1 1 1 1
 0.191588 1 1 1 1
 0.191588 1 1 1 1
 0.191588 1 1 1 1
 0.191588 1 1 1 1
 0.191588 1 1 1 1
 0.191588 1 1 1 1
 0.191588 1 1 1 1
 0.191588 1 1 1 1
 0.191588 1 1 1 1
 0.191588 1 1 1 1
 0.191588 1 1 1 1
 0.191588 1 1 1 1
 0.191588 1 1 1 1
 0.191588 1 1 1 1
 0.191588 1 1 1 1
 0.191588 1 1 1 1
 0.191588 1 1 1 1
 0.191588 1 1 1 1
 0.191588 1 1 1 1
 0.191588 1 1 1 1
 0.191588 1 1 1 1
 0.191588 1 1 1 1
 0.191588 1 1 1 1
Scru_reclas
 1 1 1 1 1
 1 1 1 1 1
 1 1 1 1 1
 1 1 1 1 1
 1 1 1 1 1
 1 1 1 1 1
 1 1 1 1 1
 1 1 1 1 1
 1 1 1 1 1
 1 1 1 1 1
 1 1 1 1 1
 1 1 1 1 1
 1 1 1 1 1
 1 1 1 1 1
 1 1 1 1 1
 1 1 1 1 1
 1 1 1 1 1
 1 1 1 1 1
 1 1 1 1 1
 1 1 1 1 1
 1 1 1 1 1
 1 1 1 1 1
 1 1 1 1 1
 1 1 1 1 1
 1 1 1 1 1
Scru_pelaces
 1 1 1 1 1
 1 1 1 1 1
 1 1 1 1 1
 1 1 1 1 1
 1 1 1 1 1
 1 1 1 1 1
 1 1 1 1 1
 1 1 1 1 1
 1 1 1 1 1
 1 1 1 1 1
 1 1 1 1 1
 1 1 1 1 1
 1 1 1 1 1
 1 1 1 1 1
 1 1 1 1 1
 1 1 1 1 1
 1 1 1 1 1
 1 1 1 1 1
 1 1 1 1 1
 1 1 1 1 1
 1 1 1 1 1
 1 1 1 1 1
 1 1 1 1 1
 1 1 1 1 1
 1 1 1 1 1
pf_obs 
 0.256992 0.487395 0.22802 0.0275931 0
 0.321318 0.546541 0.124235 0.00734118 0.000564706
 0.182869 0.594174 0.210203 0.0122559 0.00049798
 0.330522 0.361315 0.267642 0.0388342 0.00168674
 0.649043 0.306663 0.0425973 0.00169635 0
 0.582887 0.30429 0.105238 0.00758474 0
 0.465427 0.430635 0.0974691 0.00646863 0
 0.296916 0.608066 0.0921331 0.00288517 0
 0.311714 0.524322 0.152257 0.0117073 0
 0.15457 0.633149 0.183074 0.0267441 0.00246327
 0.131901 0.49318 0.331252 0.0422183 0.00144891
 0.196976 0.569456 0.194076 0.0375587 0.00193317
 0.518974 0.381816 0.0799577 0.0180837 0.00116848
 0.0928022 0.601141 0.25162 0.0475244 0.00691264
 0.122501 0.610282 0.24278 0.0234846 0.000952079
 0.383417 0.481906 0.127806 0.00687128 0
 0.0376549 0.599619 0.316969 0.0457579 0
 0.0361596 0.667082 0.258105 0.0386534 0
 0.158088 0.579412 0.248529 0.0139706 0
 0.0477256 0.309471 0.559284 0.082774 0.000745712
 0.0406174 0.521527 0.379366 0.0568643 0.0016247
 0.151134 0.462217 0.34131 0.0453401 0
 0.294876 0.26143 0.354403 0.0886775 0.000613685
 0.281977 0.475581 0.204845 0.0348837 0.00271318
 0 0 0 0 0
pf_pred 
 0.345219 0.461082 0.173126 0.0205622 1.07962e-05
 0.318247 0.525003 0.11038 0.0414453 0.00492504
 0.182054 0.606064 0.163166 0.034305 0.0144114
 0.299019 0.417077 0.210361 0.056634 0.0169092
 0.320751 0.474905 0.121583 0.0613228 0.0214387
 0.17268 0.589941 0.165966 0.0424899 0.0289229
 0.265399 0.398094 0.239955 0.0675059 0.0290467
 0.208638 0.526267 0.143659 0.0865922 0.0348428
 0.241173 0.458196 0.199924 0.0545749 0.046132
 0.217029 0.509307 0.165244 0.0721007 0.036319
 0.116011 0.542176 0.222342 0.0721388 0.0473316
 0.112513 0.403003 0.297148 0.121858 0.0654776
 0.193006 0.35668 0.204485 0.150774 0.0950548
 0.175779 0.515419 0.136486 0.0782475 0.0940678
 0.250615 0.489894 0.16227 0.04297 0.0542503
 0.330718 0.494746 0.114099 0.0377937 0.0226432
 0.222319 0.5877 0.140437 0.032388 0.0171555
 0.232902 0.482627 0.214977 0.0513711 0.0181227
 0.231326 0.486865 0.177303 0.0789762 0.02553
 0.332917 0.419191 0.157011 0.0571789 0.0337025
 0.274021 0.535378 0.119772 0.0448615 0.0259669
 0.25608 0.499285 0.180408 0.0403601 0.0238673
 0.290544 0.46312 0.165329 0.0597388 0.0212677
 0.25812 0.514137 0.148666 0.0530724 0.0260039
 0.0830082 0.602725 0.217793 0.0629762 0.0334974
pobs_RECLAS
 0 0 0 0 0
 0 0 0 0 0
 0 0 0 0 0
 0 0 0 0 0
 0.835266 0.146461 0.0176864 0.000547809 3.91292e-05
 0.385257 0.428462 0.181853 0.0044286 0
 0.867414 0.0963971 0.0333333 0.00285562 0
 0.441836 0.489002 0.0689373 0.000224442 0
 0.779404 0.147425 0.0564933 0.0165055 0.000172143
 0.814271 0.122319 0.05973 0.00367925 0
 0.40263 0.566651 0.0304383 0.000280538 0
 0.475488 0.404961 0.113038 0.00651328 0
 0.955842 0.0263864 0.0167828 0.000988607 0
 0.975058 0.0227948 0.00214734 0 0
 0.738997 0.206755 0.0527124 0.00153531 0
 0.850938 0.134255 0.0134407 0.00136685 0
 0.542534 0.407297 0.0501686 0 0
 0.764087 0.199537 0.0359546 0.000420521 0
 0.470689 0.182191 0.310203 0.0369168 0
 0.84361 0.089868 0.0606195 0.00523954 0.000663233
 0.607945 0.314616 0.071237 0.00620181 0
 0.523733 0.453247 0.0230204 0 0
 0.530135 0.295979 0.169645 0.0042399 0
 0.562478 0.366248 0.0663022 0.0049721 0
 0.250443 0.683176 0.0655157 0.000865301 0
ppred_RECLAS
 0.738619 0.184059 0.06911 0.0082082 4.30973e-06
 0.713277 0.220799 0.0464222 0.0174305 0.00207131
 0.545595 0.336695 0.0906459 0.019058 0.0080062
 0.691084 0.183802 0.0927043 0.0249581 0.00745173
 0.711556 0.201669 0.0516302 0.0260408 0.00910396
 0.523816 0.339555 0.095526 0.0244561 0.0166473
 0.654774 0.187084 0.112767 0.0317244 0.0136505
 0.582143 0.277881 0.0758555 0.0457227 0.0183978
 0.627206 0.225101 0.0982178 0.0268113 0.0226635
 0.593943 0.264132 0.0856975 0.0373922 0.0188354
 0.412849 0.360117 0.147681 0.0479151 0.0314379
 0.403937 0.270669 0.199573 0.0818436 0.0439767
 0.565832 0.191896 0.110014 0.0811173 0.0511401
 0.550121 0.281328 0.0744971 0.0427093 0.0513444
 0.654949 0.225569 0.0747165 0.0197853 0.0249793
 0.725442 0.202959 0.0468067 0.015504 0.00928887
 0.602578 0.300335 0.0717683 0.0165514 0.00876704
 0.615528 0.241894 0.107747 0.0257474 0.00908314
 0.613045 0.245091 0.0892551 0.039757 0.0128519
 0.724353 0.173215 0.0648787 0.023627 0.0139263
 0.664178 0.247654 0.0554041 0.020752 0.0120117
 0.643598 0.239201 0.086431 0.019336 0.0114345
 0.682619 0.207181 0.0739615 0.0267247 0.0095143
 0.646299 0.245122 0.0708786 0.025303 0.0123977
 0.32208 0.445587 0.161011 0.0465575 0.0247642
pobs_PELACES
 0 0 0 0 0
 0 0 0 0 0
 0 0 0 0 0
 0 0 0 0 0
 0 0 0 0 0
 0 0 0 0 0
 0 0 0 0 0
 0 0 0 0 0
 0 0 0 0 0
 0 0 0 0 0
 0.450072 0.473896 0.0757376 0.000293798 0
 0 0 0 0 0
 0.463077 0.371075 0.160297 0.00555027 0
 0.529543 0.364841 0.0842815 0.0213345 0
 0.631943 0.363953 0.00410389 0 0
 0.735681 0.248677 0.0153453 0.000297389 0
 0.695825 0.281241 0.0229344 0 0
 0.275771 0.60734 0.115278 0.00161068 0
 0 0 0 0 0
 0.896147 0.0623911 0.0374545 0.00400742 0
 0.803859 0.145111 0.0509908 3.86294e-05 0
 0.739449 0.233085 0.0266225 0.000797448 4.60066e-05
 0.878498 0.100942 0.0204185 0.000141795 0
 0.694673 0.275183 0.0284847 0.00165964 0
 0 0 0 0 0
ppred_PELACES
 0.759688 0.169222 0.0635393 0.00754657 3.96234e-06
 0.731744 0.206578 0.0434322 0.0163079 0.0019379
 0.578358 0.312419 0.0841101 0.0176838 0.00742893
 0.696429 0.180622 0.0911004 0.0245263 0.00732281
 0.712559 0.200968 0.0514507 0.0259502 0.00907232
 0.535773 0.331028 0.0931272 0.0238419 0.0162292
 0.66155 0.183412 0.110554 0.0311017 0.0133826
 0.596492 0.268339 0.0732506 0.0441526 0.017766
 0.642641 0.215781 0.0941515 0.0257013 0.0217252
 0.606775 0.255785 0.0829894 0.0362106 0.0182402
 0.439971 0.343482 0.140859 0.0457018 0.0299857
 0.428949 0.259311 0.191199 0.0784092 0.0421314
 0.605435 0.174392 0.0999795 0.0737182 0.0464753
 0.619589 0.237887 0.0629937 0.0361144 0.0434161
 0.71209 0.188215 0.0623434 0.0165089 0.0208427
 0.745676 0.188001 0.0433571 0.0143614 0.00860429
 0.6202 0.287018 0.068586 0.0158175 0.00837829
 0.627351 0.234456 0.104434 0.0249556 0.00880384
 0.623203 0.238657 0.0869122 0.0387134 0.0125146
 0.733047 0.167752 0.0628325 0.0228818 0.0134871
 0.66879 0.244253 0.0546432 0.0204669 0.0118467
 0.649672 0.235124 0.084958 0.0190064 0.0112396
 0.689505 0.202686 0.0723568 0.0261449 0.00930788
 0.653568 0.240084 0.0694219 0.0247829 0.0121429
 0.328418 0.441421 0.159506 0.0461222 0.0245326
pobs_pel_tallas
 0 0 0 0 0 0 0 0 0 0 0 0 0 0 0 0 0 0 0 0 0 0 0 0 0 0 0 0 0 0 0 0 0 0 0 0
 0 0 0 0 0 0 0 0 0 0 0 0 0 0 0 0 0 0 0 0 0 0 0 0 0 0 0 0 0 0 0 0 0 0 0 0
 0 0 0 0 0 0 0 0 0 0 0 0 0 0 0 0 0 0 0 0 0 0 0 0 0 0 0 0 0 0 0 0 0 0 0 0
 0 0 0 0 0 0 0 0 0 0 0 0 0 0 0 0 0 0 0 0 0 0 0 0 0 0 0 0 0 0 0 0 0 0 0 0
 0 0 0 0 0 0 0 0 0 0 0 0 0 0 0 0 0 0 0 0 0 0 0 0 0 0 0 0 0 0 0 0 0 0 0 0
 0 0 0 0 0 0 0 0 0 0 0 0 0 0 0 0 0 0 0 0 0 0 0 0 0 0 0 0 0 0 0 0 0 0 0 0
 0 0 0 0 0 0 0 0 0 0 0 0 0 0 0 0 0 0 0 0 0 0 0 0 0 0 0 0 0 0 0 0 0 0 0 0
 0 0 0 0 0 0 0 0 0 0 0 0 0 0 0 0 0 0 0 0 0 0 0 0 0 0 0 0 0 0 0 0 0 0 0 0
 0 0 0 0 0 0 0 0 0 0 0 0 0 0 0 0 0 0 0 0 0 0 0 0 0 0 0 0 0 0 0 0 0 0 0 0
 0 0 0 0 0 0 0 0 0 0 0 0 0 0 0 0 0 0 0 0 0 0 0 0 0 0 0 0 0 0 0 0 0 0 0 0
 0 0 0 0 0 0 0 0 1.78061e-05 0.00172719 0.00360574 0.0105946 0.0120993 0.0124554 0.0147524 0.0171206 0.0266825 0.0428682 0.0675386 0.121331 0.153587 0.119568 0.100827 0.0573624 0.0630603 0.0341343 0.0324427 0.0444173 0.0211091 0.0280891 0.0125444 0.00206551 0 0 0 0
 0 0 0 0 0 0 0 0 0 0 0 0 0 0 0 0 0 0 0 0 0 0 0 0 0 0 0 0 0 0 0 0 0 0 0 0
 0 0 0 0 0 0 0.0133647 0.0140871 0.0187388 0.0205184 0.03894 0.0496705 0.03968 0.0493445 0.0407372 0.0367815 0.0215668 0.0243155 0.0234873 0.0199281 0.019796 0.0243948 0.0301388 0.0376714 0.0412746 0.0863199 0.0771752 0.113111 0.0741005 0.0525337 0.0229764 0.00759418 0.00175318 0 0 0
 0 0 0 0 0 0 0 0 0 0 0.00219441 0.00772107 0.0458388 0.0604681 0.0671733 0.0775358 0.0609151 0.0617685 0.073594 0.0568108 0.0755445 0.0548602 0.0670107 0.0636378 0.0643287 0.046367 0.0373049 0.0286899 0.0247887 0.0153202 0.00654259 0.00121912 0.000365735 0 0 0
 0 0 0 0 0 0 0 0 0 0 0 0 0.000112435 0.00938835 0.0111873 0.0202946 0.0414886 0.0713402 0.111592 0.104902 0.108894 0.110636 0.117776 0.105296 0.107544 0.0401394 0.0192827 0.0124803 0.00416011 0.0028671 0.000618394 0 0 0 0 0
 0 0 0 0 0 0 0 0 0 0 0.00291406 0.0102884 0.027416 0.0768956 0.0749926 0.110853 0.0956884 0.0897413 0.0766577 0.0534642 0.0500743 0.0551293 0.0594112 0.0620874 0.0668451 0.0424026 0.0208742 0.0120726 0.0048766 0.00582813 0.00118941 0.000297354 0 0 0 0
 0 0.00264628 0.0354308 0.0461629 0.0458689 0.0383711 0.0214643 0.0164657 0.0346957 0.0420465 0.0363128 0.0245516 0.0311673 0.0291091 0.0169068 0.0133784 0.00837989 0.0085269 0.0148486 0.0160247 0.0276389 0.0546898 0.0760071 0.122758 0.109233 0.0665981 0.0333725 0.0166128 0.00676272 0.00308733 0.000882094 0 0 0 0 0
 0 0 0 0 0 0 0 0.000805153 0.000690131 0.00759144 0.0133425 0.0154129 0.00931677 0.000345066 0.00356568 0.00563607 0.00851162 0.0253048 0.0502646 0.0516448 0.0657925 0.0565908 0.0611916 0.0827007 0.0866115 0.110766 0.145733 0.0935128 0.0569358 0.0249597 0.0138026 0.00621118 0.00161031 0.00115022 0 0
 0 0 0 0 0 0 0 0 0 0 0 0 0 0 0 0 0 0 0 0 0 0 0 0 0 0 0 0 0 0 0 0 0 0 0 0
 0.00147267 0.00158595 0.00478618 0.00569244 0.00954404 0.0108468 0.00647125 0.017049 0.0510054 0.094081 0.124002 0.0959785 0.0687766 0.0820023 0.061753 0.0591476 0.0492212 0.0479892 0.0443925 0.0268479 0.0217502 0.0140895 0.0121071 0.0120363 0.00920419 0.00665534 0.0049561 0.00860946 0.00930331 0.0156896 0.0114698 0.00855282 0.00243557 0.00046729 0 2.83206e-05
 0 0 0 0 0.000772559 0.00158375 0.000888443 0.00281984 0.00712685 0.0440552 0.0773331 0.111326 0.0921469 0.0852325 0.0710754 0.0886704 0.0786465 0.0553345 0.0373146 0.0185414 0.00753245 0.00457741 0.012979 0.0271748 0.0457355 0.0583668 0.034881 0.0177882 0.00938659 0.00492506 0.0015258 0.00185414 0.000309023 5.79419e-05 3.86279e-05 0
 0 0.00173294 0.00326652 0 0.00397197 0.00683976 0.00946217 0.0152591 0.00757587 0.0136028 0.0228656 0.0392903 0.0559909 0.0764795 0.0681675 0.0726916 0.0566044 0.0477403 0.0527397 0.0444891 0.0609904 0.0582453 0.0661739 0.0445044 0.0529084 0.0360697 0.0280645 0.0235558 0.0158879 0.00826598 0.00280645 0.00217768 0.000904811 0.00058276 9.20147e-05 0
 0 0 0 0 0 0 0 0 0 0 0 0 0 0 0 0 0 0 0 0 0 0 0 0 0 0 0 0 0 0 0 0 0 0 0 0
 0 0 0 0 0 0 0 0 0 0 0 0 0 0 0 0 0 0 0 0 0 0 0 0 0 0 0 0 0 0 0 0 0 0 0 0
 0 0 0 0 0 0 0 0 0 0 0 0 0 0 0 0 0 0 0 0 0 0 0 0 0 0 0 0 0 0 0 0 0 0 0 0
ppred_pel_tallas
 1.01217e-16 3.31456e-05 0.000194539 0.000924754 0.00356036 0.0111026 0.0280444 0.0573825 0.0951178 0.12774 0.139005 0.12261 0.0877623 0.0512067 0.0248294 0.0109005 0.00580174 0.00527258 0.00670065 0.00893348 0.0114896 0.0140669 0.0163819 0.0181687 0.0192254 0.0194563 0.018889 0.0176591 0.0159692 0.0140381 0.0120567 0.0101622 0.00843316 0.00690042 0.00556511 0.00441513
 1.01335e-16 3.19286e-05 0.000187391 0.000890763 0.00342947 0.0106945 0.0270134 0.0552734 0.0916229 0.12305 0.133912 0.118141 0.0846151 0.0494742 0.0241829 0.0109455 0.00629316 0.00613228 0.00794353 0.010595 0.0135799 0.0165466 0.0191534 0.0210827 0.022101 0.0221109 0.0211703 0.0194699 0.0172802 0.0148848 0.0125233 0.0103582 0.00846969 0.00687198 0.00553896 0.00442902
 1.02251e-16 2.52446e-05 0.00014814 0.000704139 0.00271088 0.00845356 0.0213532 0.043693 0.0724315 0.0972902 0.105915 0.0935289 0.0671788 0.0396657 0.0201102 0.0103248 0.00763828 0.00886706 0.0120303 0.0161805 0.020789 0.0253815 0.0294519 0.0325183 0.0342212 0.0344031 0.0331384 0.0307013 0.0274876 0.0239156 0.0203421 0.0170134 0.0140572 0.0115058 0.00933337 0.00749104
 1.02538e-16 3.03877e-05 0.000178347 0.000847771 0.00326395 0.0101783 0.0257096 0.0526055 0.0872003 0.11711 0.127445 0.112431 0.0805145 0.0470556 0.0229632 0.0103342 0.00586897 0.00567798 0.0073771 0.009911 0.0128268 0.0158229 0.0186043 0.0208867 0.0224463 0.0231632 0.0230407 0.0221901 0.0207914 0.0190435 0.017122 0.0151558 0.0132249 0.011372 0.00962019 0.00798654
 1.02112e-16 3.10918e-05 0.000182479 0.000867411 0.00333956 0.0104141 0.0263052 0.0538243 0.0892209 0.119825 0.130402 0.115046 0.0824005 0.0481846 0.0235628 0.0106835 0.00617146 0.00604397 0.00785238 0.0104999 0.013499 0.0165126 0.0192121 0.0212892 0.0225138 0.0227831 0.0221408 0.0207554 0.0188707 0.0167427 0.0145871 0.0125494 0.0107019 0.00906015 0.00760746 0.00631784
 1.03008e-16 2.33885e-05 0.000137241 0.00065232 0.00251136 0.00783136 0.0197816 0.0404775 0.0671024 0.0901361 0.0981371 0.0866856 0.062318 0.0369055 0.0189142 0.0100437 0.00784023 0.00937098 0.0128062 0.0172561 0.0221984 0.0271423 0.0315558 0.0349297 0.0368824 0.0372428 0.0360829 0.0336834 0.0304512 0.0268168 0.0231457 0.019689 0.0165759 0.0138392 0.0114549 0.00937882
 1.03324e-16 2.8867e-05 0.000169418 0.000805324 0.00310052 0.00966864 0.0244223 0.0499715 0.0828345 0.111248 0.12107 0.106815 0.0765124 0.0447559 0.0219151 0.00999026 0.00585651 0.00582854 0.00764894 0.0103184 0.0134038 0.0166092 0.0196388 0.022203 0.024068 0.0250996 0.0252831 0.0247094 0.0235378 0.0219484 0.0201026 0.018122 0.0160875 0.0140507 0.0120507 0.0101251
 1.03475e-16 2.60335e-05 0.000152776 0.000726186 0.00279579 0.00871834 0.022022 0.045061 0.0746977 0.100329 0.109211 0.0964094 0.0691825 0.0407177 0.0204018 0.0100816 0.00698045 0.00780161 0.0105054 0.0141422 0.0182225 0.0223375 0.0260582 0.0289755 0.0307806 0.0313315 0.030678 0.0290334 0.0267088 0.0240312 0.0212748 0.0186229 0.0161663 0.0139247 0.0118811 0.0100104
 1.03306e-16 2.80437e-05 0.000164582 0.000782326 0.00301196 0.00939247 0.0237247 0.0485445 0.0804701 0.108076 0.117626 0.103797 0.0743949 0.0436064 0.0215177 0.0100873 0.00629347 0.00656459 0.00870469 0.0117235 0.0151624 0.0186808 0.0219312 0.024579 0.026363 0.0271489 0.0269508 0.0259114 0.024253 0.0222169 0.0200109 0.0177823 0.0156149 0.0135458 0.0115881 0.00974985
 1.03358e-16 2.64813e-05 0.000155406 0.000738695 0.00284395 0.00886854 0.0224014 0.0458371 0.0759838 0.102055 0.111086 0.0980551 0.070343 0.0413596 0.0206476 0.0100783 0.00682055 0.00751666 0.0100926 0.0135904 0.0175287 0.0215146 0.0251384 0.0280072 0.0298219 0.0304403 0.0299011 0.0283989 0.0262223 0.0236777 0.0210246 0.0184406 0.0160178 0.013784 0.0117327 0.00984913
 1.05083e-16 1.92116e-05 0.000112718 0.000535732 0.00206246 0.00643147 0.0162457 0.0332428 0.0551113 0.0740363 0.0806276 0.0712656 0.0513336 0.030604 0.0160617 0.00914252 0.00787408 0.00988482 0.0136919 0.018556 0.0240039 0.0295527 0.0346606 0.0387972 0.0415505 0.0427114 0.0423087 0.0405766 0.0378765 0.0345976 0.0310748 0.0275428 0.0241333 0.0209003 0.0178587 0.0150148
 1.07462e-16 1.87276e-05 0.000109885 0.000522277 0.00201069 0.00627004 0.0158378 0.0324076 0.0537248 0.0721677 0.0785771 0.0694161 0.049921 0.0296016 0.0152452 0.00822706 0.00660423 0.00805909 0.0111663 0.0152609 0.0199751 0.0249615 0.0298241 0.0341569 0.0376174 0.0399872 0.0411993 0.0413221 0.0405117 0.0389538 0.036817 0.0342313 0.0312931 0.0280842 0.0246928 0.0212243
 1.06181e-16 2.64196e-05 0.000155051 0.000737023 0.00283755 0.00884859 0.0223509 0.0457332 0.0758093 0.101814 0.110805 0.0977658 0.0700441 0.0410006 0.0201301 0.00927046 0.00557063 0.00566841 0.00750925 0.0101899 0.0133242 0.0166494 0.0198998 0.0228113 0.0251653 0.0268275 0.0277634 0.028025 0.0277157 0.02695 0.0258214 0.0243908 0.0226932 0.020755 0.0186135 0.0163278
 1.04242e-16 2.70393e-05 0.000158684 0.00075428 0.00290397 0.00905571 0.0228741 0.0468042 0.0775862 0.104205 0.11342 0.100102 0.0717809 0.0421439 0.0209253 0.0100251 0.00654098 0.00703617 0.00939156 0.0126382 0.0163065 0.0200294 0.0234303 0.0261504 0.0279189 0.0286102 0.0282644 0.0270628 0.0252684 0.0231544 0.0209448 0.0187832 0.0167331 0.0148003 0.0129642 0.0112051
 1.02488e-16 3.10708e-05 0.000182357 0.000866834 0.00333735 0.0104072 0.0262878 0.0537885 0.0891612 0.119743 0.130311 0.114959 0.0823247 0.0481126 0.0234764 0.0105588 0.00598289 0.00576738 0.00746794 0.00999709 0.0128823 0.0158064 0.0184624 0.0205604 0.0218805 0.0223186 0.0219043 0.0207823 0.0191668 0.0172851 0.0153297 0.013432 0.0116602 0.0100339 0.00854642 0.00718495
 1.01573e-16 3.25353e-05 0.000190955 0.00090771 0.00349473 0.010898 0.0275275 0.056325 0.0933653 0.125389 0.136451 0.120369 0.086183 0.0503356 0.0245008 0.0109151 0.00603463 0.00568166 0.0072896 0.00971561 0.0124652 0.015212 0.0176451 0.0194755 0.0204899 0.0205969 0.0198447 0.0184011 0.0165051 0.0144074 0.0123195 0.0103842 0.00867165 0.0071946 0.00593162 0.00484941
 1.02003e-16 2.7068e-05 0.000158848 0.000755049 0.00290691 0.00906487 0.0228973 0.0468521 0.077667 0.104318 0.113554 0.100246 0.0719409 0.0423519 0.0212396 0.0105247 0.00731907 0.0081911 0.0110122 0.0147818 0.0189734 0.0231408 0.0268171 0.029561 0.0310457 0.0311317 0.029894 0.027592 0.024596 0.0212956 0.0180211 0.0149981 0.0123405 0.0100715 0.00816015 0.00655373
 1.02828e-16 2.73778e-05 0.000160671 0.000763727 0.00294034 0.00916913 0.0231606 0.0473904 0.0785578 0.10551 0.114839 0.101352 0.0726725 0.0426579 0.0211635 0.0101119 0.00656449 0.00704212 0.00940184 0.0126671 0.0163681 0.0201384 0.0235985 0.0263816 0.0282023 0.0289149 0.0285373 0.0272305 0.0252455 0.022856 0.0203015 0.017755 0.015319 0.0130413 0.0109391 0.00901888
 1.03227e-16 2.7197e-05 0.000159609 0.00075868 0.00292091 0.00910853 0.0230075 0.0470773 0.0780388 0.104813 0.114082 0.100686 0.0722011 0.0423928 0.0210534 0.0100945 0.00659823 0.00710908 0.00949705 0.0127887 0.0165118 0.0202956 0.0237567 0.026527 0.0283232 0.0290063 0.0286039 0.0272884 0.02532 0.0229773 0.0204986 0.0180491 0.0157189 0.013541 0.0115187 0.00964824
 1.02364e-16 3.19838e-05 0.000187719 0.00089233 0.00343552 0.0107133 0.027061 0.0553705 0.0917828 0.123262 0.134134 0.118317 0.0846971 0.0494343 0.0240005 0.0105899 0.00571533 0.00527056 0.00673933 0.00901327 0.01163 0.0142983 0.0167434 0.0187055 0.0199855 0.0204848 0.0202222 0.0193177 0.017953 0.0163229 0.0145937 0.0128808 0.011247 0.00971541 0.00828832 0.0069636
 1.02113e-16 2.9185e-05 0.00017128 0.000814164 0.00313453 0.00977472 0.0246903 0.0505203 0.0837457 0.112476 0.122419 0.108034 0.0774476 0.0454277 0.0224744 0.0106289 0.00674731 0.00710809 0.00941341 0.0126102 0.0161894 0.0197585 0.0229197 0.0252992 0.0266204 0.0267653 0.0257971 0.0239338 0.0214858 0.0187781 0.016084 0.0135875 0.011378 0.00947038 0.00783574 0.00643028
 1.02461e-16 2.83511e-05 0.000166385 0.000790892 0.00304493 0.0094953 0.0239845 0.0490761 0.0813518 0.109261 0.11892 0.104947 0.0752371 0.0441359 0.0218453 0.0103502 0.00660025 0.00698565 0.00928123 0.0124726 0.0160741 0.0197124 0.023005 0.0255872 0.0271802 0.0276511 0.0270351 0.0255138 0.0233589 0.0208614 0.0182723 0.015768 0.0134458 0.0113408 0.00945223 0.00776649
 1.02427e-16 3.00866e-05 0.000176577 0.000839354 0.00323154 0.0100772 0.0254543 0.0520833 0.0863353 0.11595 0.126188 0.111334 0.079756 0.0466661 0.0228729 0.0104613 0.00617198 0.00615792 0.00805483 0.0108035 0.0139298 0.0171001 0.0199841 0.0222679 0.0237117 0.0241993 0.0237584 0.0225409 0.0207748 0.0187042 0.0165382 0.0144228 0.0124377 0.0106115 0.00894455 0.00742893
 1.02483e-16 2.85211e-05 0.000167383 0.000795636 0.0030632 0.00955226 0.0241283 0.0493705 0.0818399 0.109917 0.119634 0.105579 0.0756921 0.0444075 0.0219879 0.0104307 0.00666672 0.0070633 0.00937928 0.0125899 0.016201 0.0198309 0.02309 0.0256092 0.0271105 0.0274675 0.026728 0.0250893 0.0228395 0.020283 0.0176781 0.0152015 0.0129442 0.0109298 0.00914409 0.00756026
 1.0514e-16 1.43514e-05 8.41754e-05 0.000400016 0.00153989 0.00480182 0.0121294 0.0248214 0.0411557 0.0553057 0.060275 0.0533844 0.0386892 0.0235387 0.0132199 0.00889105 0.00916624 0.0123386 0.0173127 0.0234694 0.0302954 0.0371858 0.0434427 0.0483851 0.0514906 0.0525069 0.0514959 0.0487911 0.0448925 0.0403361 0.0355818 0.0309511 0.0266203 0.0226526 0.0190479 0.0157864
pSPR Fmed_Fpbrs
0.709061   0.335079 0.335079
Fs Fmed_Fpbrs
0.214538   1.005 1.005
SSBpbr Bo_Bmed_Bpbrs
1.3449e+06  886373  383404 383404
Ro
56387.3
SPR SPRFo_SPRFmed_SPRFpbrs
1.16212e+06 824011 389401
log_Ro
10.76
likeval ReclasPelacesDesembMPH_pf_preclas_ppelaces_ptallas_desvR_qrecl_qpela
 64.2873 26.3426 0.0190254 0.00137995 287.934 199.062 70.8983 0 15.6685 8.2797e-05 0 0 0 0 0
q_reclas_q_pelaces
0.275434 1
M
0.7
N
 53551.5 15816.7 5938.81 705.353 0.370347
 68931.1 24534.8 5158.35 1936.85 230.16
 42431.5 32038.5 8625.49 1813.48 761.837
 69307.6 19149.3 9658.36 2600.25 776.356
 118381 33800.9 8653.54 4364.6 1525.88
 84029.8 58580.2 16480.2 4219.18 2872
 134801 40314 24299.7 6836.15 2941.49
 125443 65508 17882.3 10778.7 4337.11
 150370 59696.5 26047.2 7110.33 6010.34
 147610 71184.6 23095.8 10077.4 5076.22
 68357.7 70538.8 28927.4 9385.49 6157.99
 40023.8 31346.3 23112.7 9478.33 5092.96
 42498.5 18458.8 10582.5 7802.81 4919.25
 23771.9 18768.8 4970.08 2849.36 3425.45
 18681.5 9608.5 3182.67 842.788 1064.03
 23419 7670.97 1769.1 585.987 351.08
 19350.8 10792 2578.88 594.746 315.029
 21483.7 9110.81 4058.24 969.761 342.112
 24114.5 10290.3 3747.44 1669.23 539.597
 45423.2 11610.5 4348.78 1583.7 933.47
 56799 21855.2 4889.36 1831.34 1060.02
 71816.1 27788.3 10040.8 2246.29 1328.36
 109828 34988.5 12490.5 4513.23 1606.76
 133895 53301.1 15412.4 5502.07 2695.85
 44959.4 64982 23481 6789.69 3611.47
pred_Ctot
 2994.52 3999.53 1501.74 178.361 0.093649
 3186.16 5256.12 1105.08 414.933 49.3075
 2798.24 9315.44 2507.93 527.282 221.51
 893.342 1246.05 628.471 169.198 50.5176
 298.492 441.948 113.145 57.0672 19.9509
 2051.85 7009.92 1972.08 504.882 343.674
 2076.81 3115.19 1877.71 528.251 227.298
 3770.18 9509.87 2595.99 1564.76 629.624
 5064.03 9620.98 4197.9 1145.94 968.656
 4009.1 9408.24 3052.5 1331.89 670.908
 3781.51 17672.8 7247.47 2351.44 1542.82
 2060.09 7378.87 5440.69 2231.18 1198.87
 3405.02 6292.58 3607.55 2659.96 1676.96
 3218.64 9437.68 2499.15 1432.77 1722.45
 2351.43 4596.49 1522.52 403.171 509.01
 1218.08 1822.21 420.242 139.199 83.3976
 724.192 1914.4 457.468 105.502 55.8831
 548.846 1137.33 506.604 121.058 42.707
 528.703 1112.75 405.231 180.503 58.3495
 1017.43 1281.09 479.842 174.745 102.999
 604.725 1181.5 264.32 99.0029 57.3052
 977.716 1906.28 688.8 154.095 91.1255
 1795.31 2861.69 1021.59 369.135 131.416
 2187.22 4356.62 1259.75 449.717 220.348
 664.509 4825.02 1743.51 504.146 268.158
F
 0.0805527 0.420448 0.420448 0.420448 0.420448
 0.0661686 0.34537 0.34537 0.34537 0.34537
 0.0956244 0.499116 0.499116 0.499116 0.499116
 0.0180664 0.0942984 0.0942984 0.0942984 0.0942984
 0.00351153 0.0183286 0.0183286 0.0183286 0.0183286
 0.0344733 0.179935 0.179935 0.179935 0.179935
 0.0216282 0.112889 0.112889 0.112889 0.112889
 0.0425824 0.222261 0.222261 0.222261 0.222261
 0.0478243 0.249621 0.249621 0.249621 0.249621
 0.0384107 0.200486 0.200486 0.200486 0.200486
 0.0796589 0.415783 0.415783 0.415783 0.415783
 0.0739331 0.385897 0.385897 0.385897 0.385897
 0.117272 0.612106 0.612106 0.612106 0.612106
 0.205856 1.07448 1.07448 1.07448 1.07448
 0.190089 0.992179 0.992179 0.992179 0.992179
 0.0747363 0.390089 0.390089 0.390089 0.390089
 0.0532729 0.27806 0.27806 0.27806 0.27806
 0.0360928 0.188388 0.188388 0.188388 0.188388
 0.0309046 0.161308 0.161308 0.161308 0.161308
 0.0315825 0.164846 0.164846 0.164846 0.164846
 0.0149021 0.0777821 0.0777821 0.0777821 0.0777821
 0.0190907 0.0996448 0.0996448 0.0996448 0.0996448
 0.0229613 0.119848 0.119848 0.119848 0.119848
 0.0229455 0.119765 0.119765 0.119765 0.119765
 0.0207409 0.108258 0.108258 0.108258 0.108258
nmprior
 10 11 7 0
nm_flota  nm_reclas  nm_pelaces    nm_pelaL
inf 13.7617 20.1232 36.6805
cv_recla  cv_pelaces  cv_mph
0.72525 0.60394 1.20523
 ------------------------------------------------
Talla a la edad & desviación 
 7.2 14.2025 17.0495 18.207 18.6776
 1.08 2.13037 2.55742 2.73105 2.80164
