years
 1997 1998 1999 2000 2001 2002 2003 2004 2005 2006 2007 2008 2009 2010 2011 2012 2013 2014 2015 2016 2017 2018 2019 2020 2021
reclasobs
 0 0 0 370054 412103 1.49427e+06 250295 1.28982e+06 931140 785840 897777 1.04006e+06 184774 17550 25797 100020 73551 82996 120727 218422 84188 347160 605670 569463 516374
reclaspred
 389975 110556 359122 265170 379065 450427 982795 643367 697998 613676 477889 319997 195484 92515.1 67074.2 69921.2 88650 121704 128202 186010 269847 246744 422206 533353 574342
pelacesobs
 0 0 0 0 0 0 0 0 0 2.06254e+06 1.5e+06 0 1.87456e+06 323000 250000 174000 83755 137374 0 501740 490994 745055 786931 1.00524e+06 0
pelacespred
 1.25079e+06 316129 627864 702477 854382 857329 2.09125e+06 1.7368e+06 1.65052e+06 1.47167e+06 1.03407e+06 712901 433874 173129 123205 136636 180395 249640 271984 382551 613490 549871 743074 1.10039e+06 1.23591e+06
mphobs
 0 0 0 0 0 112323 0 153150 637223 0 255016 313432 73983 77613 109348 50772 0 0 0 0 0 0 0 0 0
mphpred
 768473 492395 628352 819582 846253 1.29013e+06 1.94676e+06 2.26818e+06 1.90798e+06 1.87115e+06 1.699e+06 1.19114e+06 734104 387790 193583 171199 210418 293608 364638 418100 632355 747645 937439 1.31045e+06 1.87758e+06
desembarqueobs
 350755 77701 442110 56441 14545 235359 269955 359681 431902 328805 639364 411747 362871 311530 167758 66681 60226 58785 57116 71774 51957 67425 138520 160799 200461
desembarquepred
 350763 77702.5 442126 56442.3 14545.1 235392 269980 359693 431947 328840 639641 412031 363261 312035 167824 66694.6 60244.6 58787.4 57113.7 71774.6 51957.7 67420.9 138520 160803 200461
Reclutas
 59638.1 76302.8 48100.3 75900.8 128363 92298.2 145235 131420 152750 145961 68551.4 40347.2 42350.5 24067 19155.1 24396 20403.2 22808.5 25786.4 47626.8 59688.1 76342.8 117943 146551 54309.3
log_desv_Rt
 -0.0039501 0.242465 -0.218957 0.237183 0.762617 0.43278 0.886106 0.786157 0.93656 0.891093 0.13534 -0.394722 -0.346266 -0.911404 -1.13968 -0.897827 -1.07655 -0.96511 -0.842399 -0.228849 -0.00311219 0.242989 0.677955 0.895129 -0.0975501
SSB
 768473 492395 628352 819582 846253 1.29013e+06 1.94676e+06 2.26818e+06 1.90798e+06 1.87115e+06 1.699e+06 1.19114e+06 734104 387790 193583 171199 210418 293608 364638 418100 632355 747645 937439 1.31045e+06 1.87758e+06
BT
 2.53117e+06 697083 1.36687e+06 1.31751e+06 1.54068e+06 1.7209e+06 3.928e+06 3.51957e+06 3.35148e+06 2.95419e+06 2.43471e+06 1.65836e+06 1.1355e+06 612028 364276 299968 372538 494000 536307 743607 1.14081e+06 1.04777e+06 1.42585e+06 2.10261e+06 2.37869e+06
Ftot
 0.386513 0.305154 0.429202 0.0799072 0.0160932 0.161322 0.100975 0.200878 0.228874 0.188899 0.401555 0.373936 0.590563 1.03181 0.935487 0.366059 0.260786 0.175782 0.149893 0.152572 0.0728528 0.0936504 0.111967 0.110622 0.0985267
BD_Bspro_t
 0.952961 0.780382 0.750125 0.645545 0.759574 0.863624 0.837658 0.842502 0.795014 0.758447 0.720509 0.574065 0.460959 0.348144 0.23151 0.249845 0.369556 0.536523 0.642997 0.720852 0.810254 0.867497 0.872117 0.873479 0.870989
BD_Bspro
 0.622761 0.399031 0.509209 0.664179 0.685792 1.0455 1.57763 1.8381 1.54621 1.51635 1.37685 0.965285 0.594909 0.31426 0.156877 0.138737 0.17052 0.237936 0.295498 0.338823 0.512452 0.605882 0.759689 1.06197 1.52157
BD_Bo
 0.540444 0.346287 0.441902 0.576388 0.595145 0.907307 1.3691 1.59514 1.34183 1.31592 1.19486 0.837694 0.516274 0.272721 0.136141 0.120399 0.147981 0.206486 0.256439 0.294037 0.444717 0.525797 0.659274 0.921599 1.32045
BD_Brms
 1.9051 1.22068 1.55773 2.03181 2.09793 3.19832 4.82616 5.62298 4.73004 4.63871 4.21195 2.95293 1.8199 0.961361 0.479907 0.424415 0.521644 0.727877 0.903965 1.0365 1.56766 1.85347 2.32398 3.2487 4.65466
S_f
 0.19622 1 1 1 1
 0.19622 1 1 1 1
 0.19622 1 1 1 1
 0.19622 1 1 1 1
 0.19622 1 1 1 1
 0.19622 1 1 1 1
 0.19622 1 1 1 1
 0.19622 1 1 1 1
 0.19622 1 1 1 1
 0.19622 1 1 1 1
 0.19622 1 1 1 1
 0.19622 1 1 1 1
 0.19622 1 1 1 1
 0.19622 1 1 1 1
 0.19622 1 1 1 1
 0.19622 1 1 1 1
 0.19622 1 1 1 1
 0.19622 1 1 1 1
 0.19622 1 1 1 1
 0.19622 1 1 1 1
 0.19622 1 1 1 1
 0.19622 1 1 1 1
 0.19622 1 1 1 1
 0.19622 1 1 1 1
 0.19622 1 1 1 1
Scru_reclas
 1 1 1 1 1
 1 1 1 1 1
 1 1 1 1 1
 1 1 1 1 1
 1 1 1 1 1
 1 1 1 1 1
 1 1 1 1 1
 1 1 1 1 1
 1 1 1 1 1
 1 1 1 1 1
 1 1 1 1 1
 1 1 1 1 1
 1 1 1 1 1
 1 1 1 1 1
 1 1 1 1 1
 1 1 1 1 1
 1 1 1 1 1
 1 1 1 1 1
 1 1 1 1 1
 1 1 1 1 1
 1 1 1 1 1
 1 1 1 1 1
 1 1 1 1 1
 1 1 1 1 1
 1 1 1 1 1
Scru_pelaces
 1 1 1 1 1
 1 1 1 1 1
 1 1 1 1 1
 1 1 1 1 1
 1 1 1 1 1
 1 1 1 1 1
 1 1 1 1 1
 1 1 1 1 1
 1 1 1 1 1
 1 1 1 1 1
 1 1 1 1 1
 1 1 1 1 1
 1 1 1 1 1
 1 1 1 1 1
 1 1 1 1 1
 1 1 1 1 1
 1 1 1 1 1
 1 1 1 1 1
 1 1 1 1 1
 1 1 1 1 1
 1 1 1 1 1
 1 1 1 1 1
 1 1 1 1 1
 1 1 1 1 1
 1 1 1 1 1
pf_obs 
 0.256992 0.487395 0.22802 0.0275931 0
 0.321318 0.546541 0.124235 0.00734118 0.000564706
 0.182869 0.594174 0.210203 0.0122559 0.00049798
 0.330522 0.361315 0.267642 0.0388342 0.00168674
 0.649043 0.306663 0.0425973 0.00169635 0
 0.582887 0.30429 0.105238 0.00758474 0
 0.465427 0.430635 0.0974691 0.00646863 0
 0.296916 0.608066 0.0921331 0.00288517 0
 0.311714 0.524322 0.152257 0.0117073 0
 0.15457 0.633149 0.183074 0.0267441 0.00246327
 0.131901 0.49318 0.331252 0.0422183 0.00144891
 0.196976 0.569456 0.194076 0.0375587 0.00193317
 0.518974 0.381816 0.0799577 0.0180837 0.00116848
 0.0928022 0.601141 0.25162 0.0475244 0.00691264
 0.122501 0.610282 0.24278 0.0234846 0.000952079
 0.383417 0.481906 0.127806 0.00687128 0
 0.0376549 0.599619 0.316969 0.0457579 0
 0.0361596 0.667082 0.258105 0.0386534 0
 0.158088 0.579412 0.248529 0.0139706 0
 0.0477256 0.309471 0.559284 0.082774 0.000745712
 0.0406174 0.521527 0.379366 0.0568643 0.0016247
 0.151134 0.462217 0.34131 0.0453401 0
 0.294876 0.26143 0.354403 0.0886775 0.000613685
 0.281977 0.475581 0.204845 0.0348837 0.00271318
 0 0 0 0 0
pf_pred 
 0.35879 0.452023 0.169143 0.0200336 1.05705e-05
 0.318966 0.526638 0.108842 0.0407277 0.00482639
 0.183155 0.598834 0.168587 0.0348423 0.0145827
 0.288954 0.414172 0.21764 0.0612711 0.017963
 0.317766 0.465454 0.126271 0.0663529 0.0241565
 0.175332 0.581471 0.165921 0.0450119 0.032264
 0.263596 0.396419 0.239722 0.0684041 0.0318585
 0.204244 0.522252 0.147232 0.0890341 0.037238
 0.233512 0.451526 0.206708 0.0582745 0.0499787
 0.210684 0.499544 0.170701 0.0781465 0.0409254
 0.116475 0.527639 0.225234 0.0769653 0.053687
 0.113372 0.396623 0.29263 0.124915 0.0724601
 0.191691 0.352873 0.203734 0.150316 0.101386
 0.176858 0.506096 0.138409 0.0799115 0.0987263
 0.250707 0.482703 0.163909 0.0448264 0.0578552
 0.332889 0.485906 0.116734 0.0396388 0.024832
 0.225824 0.581225 0.14054 0.0337635 0.0186471
 0.23637 0.478204 0.214288 0.051815 0.0193229
 0.235122 0.482522 0.176818 0.079234 0.0263036
 0.331826 0.418574 0.15746 0.0577005 0.0344397
 0.27668 0.52849 0.12205 0.0459128 0.0268667
 0.261491 0.493529 0.178994 0.0413368 0.0246496
 0.296937 0.459159 0.162996 0.0591155 0.021793
 0.265746 0.509323 0.146899 0.0521473 0.0258851
 0.0927328 0.598591 0.214116 0.0617553 0.0328043
pobs_RECLAS
 0 0 0 0 0
 0 0 0 0 0
 0 0 0 0 0
 0 0 0 0 0
 0.835266 0.146461 0.0176864 0.000547809 3.91292e-05
 0.385257 0.428462 0.181853 0.0044286 0
 0.867414 0.0963971 0.0333333 0.00285562 0
 0.441836 0.489002 0.0689373 0.000224442 0
 0.779404 0.147425 0.0564933 0.0165055 0.000172143
 0.814271 0.122319 0.05973 0.00367925 0
 0.40263 0.566651 0.0304383 0.000280538 0
 0.475488 0.404961 0.113038 0.00651328 0
 0.955842 0.0263864 0.0167828 0.000988607 0
 0.975058 0.0227948 0.00214734 0 0
 0.738997 0.206755 0.0527124 0.00153531 0
 0.850938 0.134255 0.0134407 0.00136685 0
 0.542534 0.407297 0.0501686 0 0
 0.764087 0.199537 0.0359546 0.000420521 0
 0.470689 0.182191 0.310203 0.0369168 0
 0.84361 0.089868 0.0606195 0.00523954 0.000663233
 0.607945 0.314616 0.071237 0.00620181 0
 0.523733 0.453247 0.0230204 0 0
 0.530135 0.295979 0.169645 0.0042399 0
 0.562478 0.366248 0.0663022 0.0049721 0
 0.250443 0.683176 0.0655157 0.000865301 0
ppred_RECLAS
 0.744912 0.179825 0.0672889 0.0079698 4.20519e-06
 0.708435 0.225465 0.0465974 0.0174363 0.00206628
 0.540035 0.337203 0.0949311 0.0196197 0.00821151
 0.675248 0.189163 0.0994015 0.027984 0.00820415
 0.70375 0.202116 0.0548311 0.0288127 0.0104896
 0.522169 0.336917 0.0961383 0.0260809 0.0186945
 0.647086 0.18998 0.114885 0.032782 0.0152679
 0.569412 0.282593 0.0796679 0.0481768 0.0201497
 0.611261 0.229 0.104836 0.029555 0.0253476
 0.578809 0.266564 0.0910884 0.0417001 0.0218384
 0.407861 0.353624 0.150951 0.0515821 0.035981
 0.400009 0.268399 0.198026 0.0845315 0.0490346
 0.557331 0.19325 0.111575 0.0823204 0.055524
 0.544634 0.279974 0.0765684 0.0442074 0.0546158
 0.648037 0.226738 0.0769922 0.0210561 0.0271761
 0.722237 0.202315 0.0486043 0.0165043 0.0103392
 0.601387 0.299265 0.0723624 0.0173844 0.00960116
 0.61425 0.241566 0.108248 0.0261745 0.00976103
 0.612244 0.244615 0.0896383 0.0401678 0.0133346
 0.718409 0.176401 0.0663588 0.0243169 0.014514
 0.661755 0.247137 0.0570739 0.0214701 0.0125636
 0.644508 0.237568 0.0861612 0.0198981 0.0118654
 0.684016 0.206364 0.0732567 0.0265688 0.00979465
 0.649725 0.242972 0.0700779 0.0248768 0.0123485
 0.343613 0.433067 0.154908 0.0446786 0.0237332
pobs_PELACES
 0 0 0 0 0
 0 0 0 0 0
 0 0 0 0 0
 0 0 0 0 0
 0 0 0 0 0
 0 0 0 0 0
 0 0 0 0 0
 0 0 0 0 0
 0 0 0 0 0
 0 0 0 0 0
 0.450072 0.473896 0.0757376 0.000293798 0
 0 0 0 0 0
 0.463077 0.371075 0.160297 0.00555027 0
 0.529543 0.364841 0.0842815 0.0213345 0
 0.631943 0.363953 0.00410389 0 0
 0.735681 0.248677 0.0153453 0.000297389 0
 0.695825 0.281241 0.0229344 0 0
 0.275771 0.60734 0.115278 0.00161068 0
 0 0 0 0 0
 0.896147 0.0623911 0.0374545 0.00400742 0
 0.803859 0.145111 0.0509908 3.86294e-05 0
 0.739449 0.233085 0.0266225 0.000797448 4.60066e-05
 0.878498 0.100942 0.0204185 0.000141795 0
 0.694673 0.275183 0.0284847 0.00165964 0
 0 0 0 0 0
ppred_PELACES
 0.7639 0.16644 0.0622802 0.00737657 3.89217e-06
 0.724868 0.212757 0.0439712 0.0164536 0.00194982
 0.568155 0.316588 0.0891275 0.0184202 0.0077095
 0.679878 0.186466 0.0979842 0.027585 0.00808717
 0.70464 0.20151 0.0546665 0.0287263 0.0104581
 0.532834 0.329397 0.0939926 0.0254988 0.0182772
 0.653178 0.1867 0.112901 0.0322161 0.0150043
 0.582425 0.274053 0.0772603 0.0467209 0.0195408
 0.625586 0.220562 0.100973 0.028466 0.0244136
 0.590974 0.258865 0.0884577 0.0404958 0.0212077
 0.433815 0.338124 0.144335 0.0493212 0.0344039
 0.424032 0.257652 0.190097 0.0811469 0.0470712
 0.595556 0.176563 0.10194 0.0752119 0.0507294
 0.611281 0.238998 0.065362 0.0377373 0.0466223
 0.70236 0.191743 0.0651092 0.0178063 0.0229817
 0.741289 0.188438 0.0452704 0.0153722 0.00963002
 0.617847 0.286907 0.0693743 0.0166665 0.00920469
 0.625238 0.234686 0.105165 0.0254289 0.00948301
 0.621639 0.238688 0.0874663 0.0391945 0.0130115
 0.726523 0.171318 0.0644467 0.0236162 0.0140958
 0.666067 0.243987 0.0563463 0.0211964 0.0124034
 0.650178 0.233778 0.0847868 0.0195807 0.0116762
 0.6904 0.202195 0.0717767 0.026032 0.00959677
 0.656373 0.238361 0.0687479 0.0244047 0.0121141
 0.349531 0.429162 0.153512 0.0442757 0.0235192
pobs_pel_tallas
 0 0 0 0 0 0 0 0 0 0 0 0 0 0 0 0 0 0 0 0 0 0 0 0 0 0 0 0 0 0 0 0 0 0 0 0
 0 0 0 0 0 0 0 0 0 0 0 0 0 0 0 0 0 0 0 0 0 0 0 0 0 0 0 0 0 0 0 0 0 0 0 0
 0 0 0 0 0 0 0 0 0 0 0 0 0 0 0 0 0 0 0 0 0 0 0 0 0 0 0 0 0 0 0 0 0 0 0 0
 0 0 0 0 0 0 0 0 0 0 0 0 0 0 0 0 0 0 0 0 0 0 0 0 0 0 0 0 0 0 0 0 0 0 0 0
 0 0 0 0 0 0 0 0 0 0 0 0 0 0 0 0 0 0 0 0 0 0 0 0 0 0 0 0 0 0 0 0 0 0 0 0
 0 0 0 0 0 0 0 0 0 0 0 0 0 0 0 0 0 0 0 0 0 0 0 0 0 0 0 0 0 0 0 0 0 0 0 0
 0 0 0 0 0 0 0 0 0 0 0 0 0 0 0 0 0 0 0 0 0 0 0 0 0 0 0 0 0 0 0 0 0 0 0 0
 0 0 0 0 0 0 0 0 0 0 0 0 0 0 0 0 0 0 0 0 0 0 0 0 0 0 0 0 0 0 0 0 0 0 0 0
 0 0 0 0 0 0 0 0 0 0 0 0 0 0 0 0 0 0 0 0 0 0 0 0 0 0 0 0 0 0 0 0 0 0 0 0
 0 0 0 0 0 0 0 0 0 0 0 0 0 0 0 0 0 0 0 0 0 0 0 0 0 0 0 0 0 0 0 0 0 0 0 0
 0 0 0 0 0 0 0 0 1.78061e-05 0.00172719 0.00360574 0.0105946 0.0120993 0.0124554 0.0147524 0.0171206 0.0266825 0.0428682 0.0675386 0.121331 0.153587 0.119568 0.100827 0.0573624 0.0630603 0.0341343 0.0324427 0.0444173 0.0211091 0.0280891 0.0125444 0.00206551 0 0 0 0
 0 0 0 0 0 0 0 0 0 0 0 0 0 0 0 0 0 0 0 0 0 0 0 0 0 0 0 0 0 0 0 0 0 0 0 0
 0 0 0 0 0 0 0.0133647 0.0140871 0.0187388 0.0205184 0.03894 0.0496705 0.03968 0.0493445 0.0407372 0.0367815 0.0215668 0.0243155 0.0234873 0.0199281 0.019796 0.0243948 0.0301388 0.0376714 0.0412746 0.0863199 0.0771752 0.113111 0.0741005 0.0525337 0.0229764 0.00759418 0.00175318 0 0 0
 0 0 0 0 0 0 0 0 0 0 0.00219441 0.00772107 0.0458388 0.0604681 0.0671733 0.0775358 0.0609151 0.0617685 0.073594 0.0568108 0.0755445 0.0548602 0.0670107 0.0636378 0.0643287 0.046367 0.0373049 0.0286899 0.0247887 0.0153202 0.00654259 0.00121912 0.000365735 0 0 0
 0 0 0 0 0 0 0 0 0 0 0 0 0.000112435 0.00938835 0.0111873 0.0202946 0.0414886 0.0713402 0.111592 0.104902 0.108894 0.110636 0.117776 0.105296 0.107544 0.0401394 0.0192827 0.0124803 0.00416011 0.0028671 0.000618394 0 0 0 0 0
 0 0 0 0 0 0 0 0 0 0 0.00291406 0.0102884 0.027416 0.0768956 0.0749926 0.110853 0.0956884 0.0897413 0.0766577 0.0534642 0.0500743 0.0551293 0.0594112 0.0620874 0.0668451 0.0424026 0.0208742 0.0120726 0.0048766 0.00582813 0.00118941 0.000297354 0 0 0 0
 0 0.00264628 0.0354308 0.0461629 0.0458689 0.0383711 0.0214643 0.0164657 0.0346957 0.0420465 0.0363128 0.0245516 0.0311673 0.0291091 0.0169068 0.0133784 0.00837989 0.0085269 0.0148486 0.0160247 0.0276389 0.0546898 0.0760071 0.122758 0.109233 0.0665981 0.0333725 0.0166128 0.00676272 0.00308733 0.000882094 0 0 0 0 0
 0 0 0 0 0 0 0 0.000805153 0.000690131 0.00759144 0.0133425 0.0154129 0.00931677 0.000345066 0.00356568 0.00563607 0.00851162 0.0253048 0.0502646 0.0516448 0.0657925 0.0565908 0.0611916 0.0827007 0.0866115 0.110766 0.145733 0.0935128 0.0569358 0.0249597 0.0138026 0.00621118 0.00161031 0.00115022 0 0
 0 0 0 0 0 0 0 0 0 0 0 0 0 0 0 0 0 0 0 0 0 0 0 0 0 0 0 0 0 0 0 0 0 0 0 0
 0.00147267 0.00158595 0.00478618 0.00569244 0.00954404 0.0108468 0.00647125 0.017049 0.0510054 0.094081 0.124002 0.0959785 0.0687766 0.0820023 0.061753 0.0591476 0.0492212 0.0479892 0.0443925 0.0268479 0.0217502 0.0140895 0.0121071 0.0120363 0.00920419 0.00665534 0.0049561 0.00860946 0.00930331 0.0156896 0.0114698 0.00855282 0.00243557 0.00046729 0 2.83206e-05
 0 0 0 0 0.000772559 0.00158375 0.000888443 0.00281984 0.00712685 0.0440552 0.0773331 0.111326 0.0921469 0.0852325 0.0710754 0.0886704 0.0786465 0.0553345 0.0373146 0.0185414 0.00753245 0.00457741 0.012979 0.0271748 0.0457355 0.0583668 0.034881 0.0177882 0.00938659 0.00492506 0.0015258 0.00185414 0.000309023 5.79419e-05 3.86279e-05 0
 0 0.00173294 0.00326652 0 0.00397197 0.00683976 0.00946217 0.0152591 0.00757587 0.0136028 0.0228656 0.0392903 0.0559909 0.0764795 0.0681675 0.0726916 0.0566044 0.0477403 0.0527397 0.0444891 0.0609904 0.0582453 0.0661739 0.0445044 0.0529084 0.0360697 0.0280645 0.0235558 0.0158879 0.00826598 0.00280645 0.00217768 0.000904811 0.00058276 9.20147e-05 0
 0 0 0 0 0 0 0 0 0 0 0 0 0 0 0 0 0 0 0 0 0 0 0 0 0 0 0 0 0 0 0 0 0 0 0 0
 0 0 0 0 0 0 0 0 0 0 0 0 0 0 0 0 0 0 0 0 0 0 0 0 0 0 0 0 0 0 0 0 0 0 0 0
 0 0 0 0 0 0 0 0 0 0 0 0 0 0 0 0 0 0 0 0 0 0 0 0 0 0 0 0 0 0 0 0 0 0 0 0
ppred_pel_tallas
 1.01193e-16 3.33291e-05 0.000195617 0.000929879 0.00358009 0.0111642 0.0281998 0.0577005 0.0956448 0.128448 0.139774 0.123286 0.0882413 0.0514764 0.0249419 0.0109187 0.0057665 0.00519998 0.00659186 0.00878454 0.011297 0.0138303 0.0161052 0.0178604 0.0188972 0.0191215 0.018561 0.0173489 0.0156849 0.0137844 0.0118352 0.00997231 0.00827291 0.00676725 0.00545624 0.00432776
 1.01351e-16 3.1629e-05 0.000185632 0.000882397 0.00339726 0.010594 0.0267597 0.0547543 0.0907627 0.121896 0.132658 0.117039 0.0838359 0.0490391 0.0240083 0.0109309 0.00637419 0.00628546 0.00816922 0.0109008 0.0139709 0.0170199 0.0196966 0.0216739 0.0227118 0.0227103 0.0217298 0.0199676 0.0177035 0.0152301 0.0127948 0.0105653 0.00862421 0.00698564 0.00562203 0.00448967
 1.02362e-16 2.47999e-05 0.000145529 0.000691723 0.00266308 0.00830448 0.0209767 0.0429225 0.0711546 0.095576 0.104051 0.0918891 0.0660139 0.0390041 0.0198232 0.0102569 0.00768613 0.00898753 0.0122168 0.0164405 0.0211321 0.0258136 0.0299726 0.0331204 0.0348912 0.0351229 0.0338875 0.0314593 0.0282353 0.0246363 0.0210217 0.0176404 0.0146229 0.0120042 0.00976154 0.00784912
 1.02778e-16 2.96663e-05 0.000174111 0.000827631 0.0031864 0.00993648 0.0250988 0.0513558 0.085129 0.114329 0.124422 0.10977 0.0786233 0.0459791 0.0224918 0.0102141 0.00593077 0.00584969 0.007646 0.010288 0.0133269 0.0164566 0.0193741 0.0217858 0.023459 0.0242671 0.0242095 0.023396 0.0220072 0.0202434 0.0182821 0.0162544 0.0142428 0.0122934 0.0104338 0.00868622
 1.02318e-16 3.07465e-05 0.000180451 0.000857773 0.00330245 0.0102984 0.0260129 0.0532262 0.0882296 0.118494 0.128954 0.11377 0.0814915 0.0476619 0.0233238 0.0106037 0.00616577 0.00607371 0.00790754 0.0105832 0.0136177 0.0166755 0.0194281 0.0215666 0.0228591 0.0232 0.0226294 0.0213115 0.0194852 0.0174019 0.0152734 0.0132428 0.0113815 0.00970608 0.00820285 0.00685003
 1.03172e-16 2.32602e-05 0.000136489 0.000648742 0.00249759 0.0077884 0.0196731 0.0402555 0.0667343 0.0896417 0.097599 0.0862107 0.0619773 0.0367052 0.0188144 0.00999556 0.00780895 0.00933858 0.0127656 0.0172061 0.0221417 0.027085 0.0315073 0.0349025 0.0368904 0.0372995 0.0361993 0.0338659 0.0307006 0.0271278 0.0235076 0.0200871 0.016993 0.0142579 0.0118589 0.00975482
 1.03472e-16 2.8502e-05 0.000167276 0.000795136 0.00306129 0.00954632 0.0241133 0.0493393 0.0817868 0.109842 0.119541 0.10547 0.0755562 0.0442122 0.021678 0.00993178 0.0058912 0.00592026 0.00779135 0.0105167 0.0136651 0.0169378 0.0200344 0.0226606 0.0245781 0.02565 0.0258605 0.0253011 0.0241322 0.0225354 0.0206734 0.0186686 0.0166021 0.0145263 0.0124811 0.0105058
 1.03705e-16 2.54203e-05 0.000149175 0.000709068 0.00272988 0.0085128 0.0215028 0.0439988 0.0729372 0.097966 0.106641 0.0941486 0.0675762 0.0398048 0.0200047 0.00998542 0.00704202 0.00796065 0.0107517 0.0144849 0.0186735 0.0229038 0.0267389 0.029761 0.0316539 0.0322708 0.0316595 0.0300343 0.0277088 0.0250129 0.0222231 0.0195247 0.0170093 0.0146981 0.0125758 0.01062
 1.03625e-16 2.73002e-05 0.000160217 0.000761571 0.00293205 0.00914327 0.0230953 0.0472566 0.0783356 0.10521 0.11451 0.101054 0.0724439 0.0424928 0.0210244 0.00995085 0.00633708 0.00671161 0.00893966 0.012056 0.0156078 0.0192517 0.0226343 0.0254134 0.0273206 0.0282151 0.028106 0.027133 0.0255164 0.0234958 0.0212787 0.019012 0.0167809 0.0146249 0.0125615 0.0106049
 1.03723e-16 2.57925e-05 0.000151362 0.000719465 0.00276991 0.00863766 0.0218182 0.0446439 0.0740061 0.0994 0.108198 0.0955126 0.0685328 0.0403232 0.0201821 0.00993791 0.00683893 0.00762001 0.010264 0.013837 0.0178643 0.0219531 0.0256904 0.028679 0.0306147 0.0313498 0.0309178 0.0295085 0.0274057 0.0249112 0.0222807 0.0196889 0.0172273 0.0149253 0.0127803 0.0107839
 1.05462e-16 1.8943e-05 0.000111142 0.000528237 0.00203361 0.0063415 0.0160184 0.0327777 0.0543403 0.0730006 0.0794999 0.0702692 0.0506167 0.0301784 0.0158419 0.00902376 0.00778047 0.00977552 0.0135494 0.0183763 0.0237932 0.0293277 0.0344484 0.0386336 0.0414758 0.0427647 0.0425212 0.0409666 0.0384454 0.03533 0.0319402 0.0285005 0.0251372 0.0219049 0.018823 0.0159059
 1.07771e-16 1.85131e-05 0.000108625 0.000516292 0.00198764 0.00619817 0.0156563 0.0320362 0.0531091 0.0713409 0.0776773 0.0686223 0.0493526 0.0292695 0.0150834 0.00815499 0.00656496 0.00802383 0.0111241 0.0152098 0.0199181 0.0249062 0.0297819 0.0341434 0.0376506 0.0400854 0.0413788 0.0415946 0.0408824 0.03942 0.0373683 0.0348503 0.0319573 0.0287678 0.0253697 0.0218706
 1.0646e-16 2.59889e-05 0.000152522 0.000725001 0.00279126 0.00870423 0.0219862 0.0449872 0.0745728 0.100154 0.109 0.0961763 0.0689126 0.0403529 0.0198398 0.00918368 0.00558349 0.00573472 0.00761818 0.0103453 0.013534 0.016921 0.0202386 0.02322 0.0256438 0.0273733 0.028372 0.0286899 0.0284288 0.0277005 0.0265963 0.0251745 0.0234682 0.0215031 0.0193173 0.0169722
 1.04481e-16 2.6677e-05 0.000156557 0.000744169 0.00286504 0.0089343 0.0225674 0.0461768 0.0765463 0.102809 0.111902 0.0987644 0.0708281 0.041597 0.0206772 0.00994565 0.00654171 0.00707709 0.00946261 0.0127422 0.0164505 0.0202212 0.0236769 0.0264577 0.0282911 0.0290488 0.0287685 0.0276283 0.0258879 0.0238168 0.0216358 0.0194858 0.0174288 0.0154704 0.0135917 0.0117761
 1.02673e-16 3.06467e-05 0.000179866 0.000854994 0.00329176 0.010265 0.0259287 0.0530537 0.0879434 0.118109 0.128534 0.113395 0.0812128 0.0474797 0.0231992 0.0104879 0.00601865 0.0058672 0.00762395 0.0102151 0.0131705 0.0161702 0.0189026 0.0210724 0.0224554 0.0229439 0.0225664 0.0214673 0.0198618 0.0179782 0.01601 0.0140888 0.0122832 0.0106132 0.0090735 0.00765324
 1.01683e-16 3.2344e-05 0.000189832 0.000902371 0.00347417 0.0108339 0.0273655 0.0559937 0.0928162 0.124651 0.135649 0.119662 0.0856797 0.0500465 0.0243692 0.0108723 0.00603369 0.00570142 0.00732478 0.00976785 0.0125386 0.0153111 0.0177744 0.0196389 0.0206901 0.020835 0.0201199 0.0187104 0.0168433 0.014767 0.0126911 0.0107574 0.00903571 0.00753943 0.00624868 0.00513237
 1.02082e-16 2.69654e-05 0.000158245 0.000752186 0.00289589 0.00903049 0.0228105 0.0466744 0.0773724 0.103922 0.113123 0.0998665 0.0716702 0.0421956 0.0211669 0.0104981 0.00731286 0.00819318 0.011019 0.0147939 0.0189927 0.0231703 0.0268604 0.0296219 0.031128 0.0312383 0.0300268 0.0277513 0.0247799 0.0215004 0.0182412 0.0152267 0.01257 0.0102945 0.0083698 0.0067447
 1.02887e-16 2.72856e-05 0.00016013 0.000761155 0.00293044 0.00913825 0.0230826 0.0472308 0.0782933 0.105155 0.114453 0.101012 0.0724301 0.0425186 0.0211001 0.0100913 0.00656405 0.00705162 0.0094187 0.0126921 0.016403 0.0201853 0.0236595 0.0264584 0.0282963 0.0290266 0.0286666 0.0273763 0.0254056 0.0230274 0.02048 0.0179358 0.0154972 0.013212 0.0110979 0.00916233
 1.03275e-16 2.71288e-05 0.000159209 0.000756777 0.00291358 0.00908568 0.0229498 0.0469592 0.0778431 0.10455 0.113796 0.100435 0.0720215 0.0422894 0.0210057 0.0100779 0.00659577 0.00711295 0.0095051 0.0128013 0.0165304 0.020322 0.0237929 0.0265749 0.0283848 0.0290827 0.0286959 0.0273955 0.0254409 0.0231096 0.0206387 0.0181929 0.0158619 0.0136789 0.0116476 0.00976502
 1.02441e-16 3.16995e-05 0.000186049 0.000884392 0.00340495 0.010618 0.0268203 0.0548779 0.0909665 0.122166 0.132943 0.117269 0.0839538 0.049014 0.0238217 0.0105542 0.00575782 0.00536498 0.00688244 0.00921023 0.0118861 0.0146153 0.0171174 0.0191276 0.0204422 0.0209604 0.0207009 0.0197858 0.0184002 0.0167421 0.014981 0.0132343 0.0115658 0.00999923 0.00853714 0.0071778
 1.02188e-16 2.90663e-05 0.000170583 0.00081085 0.00312177 0.00973492 0.0245897 0.0503146 0.0834048 0.112019 0.121921 0.107595 0.0771343 0.0452465 0.0223898 0.0105974 0.00673904 0.00710905 0.00941955 0.0126222 0.0162101 0.0197917 0.0229703 0.0253722 0.0267207 0.0268964 0.0259607 0.0241292 0.0217096 0.0190242 0.0163443 0.0138526 0.0116384 0.00971746 0.0080623 0.00663127
 1.02499e-16 2.83731e-05 0.000166514 0.000791508 0.00304731 0.0095027 0.0240032 0.0491143 0.0814152 0.109346 0.119012 0.105028 0.0752929 0.0441649 0.0218528 0.0103423 0.00658021 0.00695343 0.00923523 0.0124112 0.015997 0.0196211 0.0229036 0.0254818 0.0270786 0.0275612 0.0269643 0.0254674 0.0233396 0.0208692 0.0183045 0.0158202 0.0135125 0.0114162 0.00953091 0.00784377
 1.02428e-16 3.01256e-05 0.000176806 0.000840443 0.00323573 0.0100903 0.0254873 0.0521509 0.0864473 0.116101 0.126352 0.111478 0.079858 0.0467237 0.0228973 0.0104659 0.00616559 0.00614406 0.0080338 0.0107744 0.0138918 0.0170527 0.0199278 0.0222039 0.0236421 0.0241266 0.0236854 0.0224702 0.0207088 0.0186446 0.0164862 0.0143792 0.0124026 0.0105847 0.0089253 0.00741635
 1.02459e-16 2.86433e-05 0.000168101 0.000799049 0.00307634 0.00959323 0.0242318 0.0495823 0.0821909 0.110388 0.120146 0.106029 0.0760112 0.0445875 0.0220637 0.0104441 0.00664547 0.00701827 0.00931153 0.012497 0.0160807 0.0196827 0.0229162 0.0254146 0.0269022 0.0272534 0.0265158 0.0248859 0.0226497 0.0201097 0.0175225 0.0150638 0.0128236 0.0108257 0.00905535 0.00748594
 1.0494e-16 1.52715e-05 8.95785e-05 0.000425705 0.0016388 0.00511029 0.0129086 0.0264155 0.0437975 0.0588519 0.0641297 0.0567743 0.0410934 0.0248965 0.013794 0.00899897 0.00901643 0.0120146 0.0168235 0.0227972 0.0294225 0.0361078 0.0421739 0.0469586 0.0499546 0.0509178 0.0499098 0.0472566 0.0434465 0.0390023 0.0343723 0.0298701 0.0256667 0.0218229 0.0183372 0.0151887
pSPR Fmed_Fpbrs
0.725373   0.333682 0.333682
Fs Fmed_Fpbrs
0.197719   1.005 1.005
SSBpbr Bo_Bmed_Bpbrs
1.42193e+06  960332  403376 403376
Ro
59874.1
SPR SPRFo_SPRFmed_SPRFpbrs
1.23398e+06 895094 411757
log_Ro
10.82
likeval ReclasPelacesDesembMPH_pf_preclas_ppelaces_ptallas_desvR_qrecl_qpela
 63.7751 25.0787 0.0239567 0.00147317 288.901 200.376 71.0861 0 15.8581 9.17414e-05 0 0 0 0 0
q_reclas_q_pelaces
0.257363 1
M
0.7
N
 59638.1 16816.3 6292.51 745.295 0.393247
 76302.8 27452.4 5673.66 2123.04 251.588
 48100.3 35688.6 10047.2 2076.49 869.084
 75900.8 21956.7 11537.8 3248.19 952.279
 128363 37104.9 10066 5289.5 1925.7
 92298.2 63542.2 18131.6 4918.83 3525.76
 145235 44405.8 26853.1 7662.46 3568.71
 131420 70706.5 19933.4 12054.1 5041.57
 152750 62739.2 28721.9 8097.19 6944.49
 145961 72522.4 24781.9 11345.1 5941.44
 68551.4 69844.5 29814.5 10188 7106.63
 40347.2 31462.3 23213.1 9908.98 5747.94
 42350.5 18618.4 10749.5 7931.01 5349.36
 24067 18729.5 5122.21 2957.35 3653.64
 19155.1 9760.84 3314.44 906.444 1169.9
 24396 7916.96 1901.97 645.842 404.592
 20403.2 11275 2726.31 654.969 361.731
 22808.5 9626.51 4313.74 1043.06 388.981
 25786.4 10942.4 4009.79 1796.83 596.498
 47626.8 12434 4677.44 1714.03 1023.05
 59688.1 22953.2 5300.82 1994.07 1166.86
 76342.8 29219.5 10597.4 2447.36 1459.38
 117943 37220.4 13212.8 4792.03 1766.59
 146551 57295.9 16525.3 5866.27 2911.92
 54309.3 71212.4 25472.7 7346.83 3902.62
pred_Ctot
 3146.28 3963.85 1483.24 175.677 0.0926943
 3200.34 5284.02 1092.06 408.64 48.4255
 2807.59 9179.57 2584.28 534.1 223.539
 849.957 1218.28 640.186 180.228 52.838
 291.103 426.399 115.676 60.7854 22.1296
 2072.04 6871.72 1960.83 531.943 381.291
 2051.44 3085.13 1865.64 532.355 247.938
 3661.21 9361.73 2639.23 1596 667.517
 4836.83 9352.64 4281.62 1207.06 1035.23
 3827.75 9075.81 3101.32 1419.78 743.541
 3752.43 16998.8 7256.28 2479.56 1729.62
 2061.52 7212.06 5321.1 2271.42 1317.59
 3354.9 6175.86 3565.68 2630.78 1774.42
 3209.49 9184.27 2511.75 1450.18 1791.62
 2334.74 4495.22 1526.42 417.45 538.783
 1221.06 1782.34 428.191 145.398 91.0858
 734.131 1889.5 456.882 109.761 60.6198
 557.238 1127.36 505.18 122.153 45.5535
 538.405 1104.93 404.896 181.438 60.2326
 1011.96 1276.52 480.203 175.968 105.03
 609.766 1164.72 268.981 101.186 59.2105
 1000.75 1888.79 685.026 158.2 94.3364
 1845.54 2853.79 1013.06 367.417 135.449
 2265.9 4342.76 1252.54 444.636 220.71
 748.674 4832.7 1728.66 498.579 264.844
F
 0.0758416 0.386513 0.386513 0.386513 0.386513
 0.0598773 0.305154 0.305154 0.305154 0.305154
 0.084218 0.429202 0.429202 0.429202 0.429202
 0.0156794 0.0799072 0.0799072 0.0799072 0.0799072
 0.00315781 0.0160932 0.0160932 0.0160932 0.0160932
 0.0316547 0.161322 0.161322 0.161322 0.161322
 0.0198133 0.100975 0.100975 0.100975 0.100975
 0.0394162 0.200878 0.200878 0.200878 0.200878
 0.0449095 0.228874 0.228874 0.228874 0.228874
 0.0370658 0.188899 0.188899 0.188899 0.188899
 0.0787931 0.401555 0.401555 0.401555 0.401555
 0.0733736 0.373936 0.373936 0.373936 0.373936
 0.11588 0.590563 0.590563 0.590563 0.590563
 0.202462 1.03181 1.03181 1.03181 1.03181
 0.183561 0.935487 0.935487 0.935487 0.935487
 0.071828 0.366059 0.366059 0.366059 0.366059
 0.0511713 0.260786 0.260786 0.260786 0.260786
 0.0344919 0.175782 0.175782 0.175782 0.175782
 0.029412 0.149893 0.149893 0.149893 0.149893
 0.0299377 0.152572 0.152572 0.152572 0.152572
 0.0142952 0.0728528 0.0728528 0.0728528 0.0728528
 0.0183761 0.0936504 0.0936504 0.0936504 0.0936504
 0.0219702 0.111967 0.111967 0.111967 0.111967
 0.0217062 0.110622 0.110622 0.110622 0.110622
 0.0193329 0.0985267 0.0985267 0.0985267 0.0985267
nmprior
 10 11 7 0
nm_flota  nm_reclas  nm_pelaces    nm_pelaL
inf 13.221 20.2195 36.8914
cv_recla  cv_pelaces  cv_mph
0.722355 0.589274 1.24527
 ------------------------------------------------
Talla a la edad & desviación 
 7.2 14.2025 17.0495 18.207 18.6776
 1.08 2.13037 2.55742 2.73105 2.80164
