    unsorted:	 1.728063231e-05 -2.021905840e-06 0.0008999960141 0.008539767021 32.72060924 41.03446157 48.42079961 65.29069405 95.82490773 103.6579679 288.9305412 335.7961142 461.6374535 614.7775402 682.0953563 782.0030023 832.3125427 935.7915770 1029.898142 1063.919301 1282.394955 1472.408699 1656.198853 1766.199162 1953.117193 2200.811356 2377.792728 2737.708824 2687.800853 3314.203682 3521.789487 3926.074094 3866.360937 4377.373100 4891.710455 5462.724313 5579.774935 5884.230043 9916.234447 364813.2905 338728.2850 378557.0409 417730.3783 423746.8718 445784.9407 461675.5997 497904.4362 291464.4942 263619.0116 196494.2091 528181.7661 574572.6319 627809.8909 715049.3627 806544.5898 918554.5386 1080922.705 1188482.160 1382220.522 1529476.323 1804155.550 1960941.321 2347569.415 2393867.619 2706871.751
      sorted:	 -2.021905840e-06 1.728063231e-05 0.0008999960141 0.008539767021 32.72060924 41.03446157 48.42079961 65.29069405 95.82490773 103.6579679 288.9305412 335.7961142 461.6374535 614.7775402 682.0953563 782.0030023 832.3125427 935.7915770 1029.898142 1063.919301 1282.394955 1472.408699 1656.198853 1766.199162 1953.117193 2200.811356 2377.792728 2687.800853 2737.708824 3314.203682 3521.789487 3866.360937 3926.074094 4377.373100 4891.710455 5462.724313 5579.774935 5884.230043 9916.234447 196494.2091 263619.0116 291464.4942 338728.2850 364813.2905 378557.0409 417730.3783 423746.8718 445784.9407 461675.5997 497904.4362 528181.7661 574572.6319 627809.8909 715049.3627 806544.5898 918554.5386 1080922.705 1188482.160 1382220.522 1529476.323 1804155.550 1960941.321 2347569.415 2393867.619 2706871.751
