years
 1997 1998 1999 2000 2001 2002 2003 2004 2005 2006 2007 2008 2009 2010 2011 2012 2013 2014 2015 2016 2017 2018 2019 2020 2021
reclasobs
 0 0 0 370054 412103 1.49427e+06 250295 1.28982e+06 931140 785840 897777 1.04006e+06 184774 17550 25797 100020 73551 82996 120727 218422 84188 347160 605670 569463 516374
reclaspred
 1.32657e+06 238312 463876 164420 272546 346645 719514 605927 681649 918917 940500 645158 361563 147025 83200.9 80945.2 91170 110848 118159 140072 226235 233272 376347 379356 303408
pelacesobs
 0 0 0 0 0 0 0 0 0 2.06254e+06 1.5e+06 0 1.87456e+06 323000 250000 174000 83755 137374 0 501740 490994 745055 786931 1.00524e+06 0
pelacespred
 2.48859e+06 644941 442252 346831 713395 472761 2.09167e+06 1.54376e+06 1.75987e+06 2.43606e+06 1.77451e+06 1.26459e+06 852151 286867 171116 156412 175469 222708 212351 267706 531247 441595 547558 655164 377202
mphobs
 0 0 0 0 0 112323 0 153150 637223 0 255016 313432 73983 77613 109348 50772 0 0 0 0 0 0 0 0 0
mphpred
 384388 157178 144655 71210.2 64001.2 147410 170023 277155 255601 303526 418065 272654 166125 93831 43797.9 32390.8 33197.2 37940.7 43959.3 45725.9 67927.3 88560.1 106565 130951 137412
desembarqueobs
 350755 77701 442110 56441 14545 235359 269955 359681 431902 328805 639364 411747 362871 311530 167758 66681 60226 58785 57116 71774 51957 67425 138520 160799 200461
desembarquepred
 350732 77666.4 441586 56424.1 14544.1 235256 269925 359201 431507 328563 638301 411161 362242 311001 167220 66606.2 60189.7 58707.9 57039.1 71704.9 51942.4 67367.5 138430 160719 200408
Reclutas
 17104.3 44980.9 5172.87 10336.8 40643.1 17068.5 62865.8 60112.2 75523.2 127075 58560.3 46312.1 53060.5 28777.9 13027.4 11165.2 7402.36 8336.48 8568.98 12284.5 17517.3 21725.3 30145 28491.1 1716.63
log_desv_Rt
 -0.232916 0.733994 -1.42882 -0.736539 0.632584 -0.235011 1.06876 1.02397 1.2522 1.77253 0.997812 0.763159 0.899189 0.287364 -0.505191 -0.659441 -1.07045 -0.951604 -0.924096 -0.563907 -0.209058 0.00623076 0.333774 0.277347 -2.53188
SSB
 625301 255689 235318 115841 104114 239799 276585 450860 415797 493760 680085 443539 270243 152639 71248 52691.6 54003.3 61719.8 71510.5 74384.3 110500 144065 173353 213024 223535
BT
 1.21551e+06 392142 393287 197316 306025 361302 1.09002e+06 1.01059e+06 1.12331e+06 1.31262e+06 1.25494e+06 873157 697453 399004 204875 117810 118598 137549 130877 165102 256956 231917 307215 388244 302114
Ftot
 0.61046 0.882542 1.93113 0.808887 0.188027 1.52621 1.24512 1.7462 1.89534 1.17659 1.64125 1.51769 2.6581 4.8115 4.95303 2.28009 1.79691 1.45531 1.24408 1.41097 0.664438 0.741179 0.918965 1.078 1.34241
BD_Bspro_t
 0.934719 0.643009 0.52456 0.21714 0.302549 0.548055 0.435058 0.511381 0.446245 0.444548 0.487078 0.318023 0.223527 0.155637 0.0890439 0.0812936 0.113475 0.173674 0.239711 0.296273 0.416416 0.545142 0.548774 0.52218 0.439474
BD_Bspro
 1.40528 0.574626 0.528844 0.260336 0.233981 0.538915 0.621586 1.01325 0.934447 1.10966 1.5284 0.996793 0.607334 0.343035 0.16012 0.118417 0.121365 0.138707 0.16071 0.167169 0.248335 0.323766 0.389588 0.478741 0.502364
BD_Bo
 0.840512 0.34369 0.316307 0.15571 0.139947 0.322331 0.371777 0.606033 0.558903 0.663698 0.914152 0.596193 0.363253 0.205173 0.0957696 0.0708265 0.0725898 0.0829621 0.0961225 0.0999854 0.148532 0.193648 0.233017 0.28634 0.300469
BD_Brms
 2.20054 0.899815 0.828124 0.407664 0.366394 0.843896 0.97335 1.58666 1.46326 1.73763 2.39334 1.56089 0.951034 0.537164 0.250734 0.185431 0.190047 0.217203 0.251658 0.261772 0.388871 0.506989 0.610061 0.749668 0.786659
S_f
 0.080575 0.624778 0.96936 0.998339 0.999912
 0.080575 0.624778 0.96936 0.998339 0.999912
 0.080575 0.624778 0.96936 0.998339 0.999912
 0.080575 0.624778 0.96936 0.998339 0.999912
 0.080575 0.624778 0.96936 0.998339 0.999912
 0.080575 0.624778 0.96936 0.998339 0.999912
 0.080575 0.624778 0.96936 0.998339 0.999912
 0.080575 0.624778 0.96936 0.998339 0.999912
 0.080575 0.624778 0.96936 0.998339 0.999912
 0.080575 0.624778 0.96936 0.998339 0.999912
 0.080575 0.624778 0.96936 0.998339 0.999912
 0.080575 0.624778 0.96936 0.998339 0.999912
 0.080575 0.624778 0.96936 0.998339 0.999912
 0.080575 0.624778 0.96936 0.998339 0.999912
 0.080575 0.624778 0.96936 0.998339 0.999912
 0.080575 0.624778 0.96936 0.998339 0.999912
 0.080575 0.624778 0.96936 0.998339 0.999912
 0.080575 0.624778 0.96936 0.998339 0.999912
 0.080575 0.624778 0.96936 0.998339 0.999912
 0.080575 0.624778 0.96936 0.998339 0.999912
 0.080575 0.624778 0.96936 0.998339 0.999912
 0.080575 0.624778 0.96936 0.998339 0.999912
 0.080575 0.624778 0.96936 0.998339 0.999912
 0.080575 0.624778 0.96936 0.998339 0.999912
 0.080575 0.624778 0.96936 0.998339 0.999912
Scru_reclas
 0.284377 0.666654 0.909622 0.98064 0.996092
 0.284377 0.666654 0.909622 0.98064 0.996092
 0.284377 0.666654 0.909622 0.98064 0.996092
 0.284377 0.666654 0.909622 0.98064 0.996092
 0.284377 0.666654 0.909622 0.98064 0.996092
 0.284377 0.666654 0.909622 0.98064 0.996092
 0.284377 0.666654 0.909622 0.98064 0.996092
 0.284377 0.666654 0.909622 0.98064 0.996092
 0.284377 0.666654 0.909622 0.98064 0.996092
 0.284377 0.666654 0.909622 0.98064 0.996092
 0.284377 0.666654 0.909622 0.98064 0.996092
 0.284377 0.666654 0.909622 0.98064 0.996092
 0.284377 0.666654 0.909622 0.98064 0.996092
 0.284377 0.666654 0.909622 0.98064 0.996092
 0.284377 0.666654 0.909622 0.98064 0.996092
 0.284377 0.666654 0.909622 0.98064 0.996092
 0.284377 0.666654 0.909622 0.98064 0.996092
 0.284377 0.666654 0.909622 0.98064 0.996092
 0.284377 0.666654 0.909622 0.98064 0.996092
 0.284377 0.666654 0.909622 0.98064 0.996092
 0.284377 0.666654 0.909622 0.98064 0.996092
 0.284377 0.666654 0.909622 0.98064 0.996092
 0.284377 0.666654 0.909622 0.98064 0.996092
 0.284377 0.666654 0.909622 0.98064 0.996092
 0.284377 0.666654 0.909622 0.98064 0.996092
Scru_pelaces
 0.811978 1 1 1 1
 0.811978 1 1 1 1
 0.811978 1 1 1 1
 0.811978 1 1 1 1
 0.811978 1 1 1 1
 0.811978 1 1 1 1
 0.811978 1 1 1 1
 0.811978 1 1 1 1
 0.811978 1 1 1 1
 0.811978 1 1 1 1
 0.811978 1 1 1 1
 0.811978 1 1 1 1
 0.811978 1 1 1 1
 0.811978 1 1 1 1
 0.811978 1 1 1 1
 0.811978 1 1 1 1
 0.811978 1 1 1 1
 0.811978 1 1 1 1
 0.811978 1 1 1 1
 0.811978 1 1 1 1
 0.811978 1 1 1 1
 0.811978 1 1 1 1
 0.811978 1 1 1 1
 0.811978 1 1 1 1
 0.811978 1 1 1 1
pf_obs 
 0.256992 0.487395 0.22802 0.0275931 0
 0.321318 0.546541 0.124235 0.00734118 0.000564706
 0.182869 0.594174 0.210203 0.0122559 0.00049798
 0.330522 0.361315 0.267642 0.0388342 0.00168674
 0.649043 0.306663 0.0425973 0.00169635 0
 0.582887 0.30429 0.105238 0.00758474 0
 0.465427 0.430635 0.0974691 0.00646863 0
 0.296916 0.608066 0.0921331 0.00288517 0
 0.311714 0.524322 0.152257 0.0117073 0
 0.15457 0.633149 0.183074 0.0267441 0.00246327
 0.131901 0.49318 0.331252 0.0422183 0.00144891
 0.196976 0.569456 0.194076 0.0375587 0.00193317
 0.518974 0.381816 0.0799577 0.0180837 0.00116848
 0.0928022 0.601141 0.25162 0.0475244 0.00691264
 0.122501 0.610282 0.24278 0.0234846 0.000952079
 0.383417 0.481906 0.127806 0.00687128 0
 0.0376549 0.599619 0.316969 0.0457579 0
 0.0361596 0.667082 0.258105 0.0386534 0
 0.158088 0.579412 0.248529 0.0139706 0
 0.0477256 0.309471 0.559284 0.082774 0.000745712
 0.0406174 0.521527 0.379366 0.0568643 0.0016247
 0.151134 0.462217 0.34131 0.0453401 0
 0.294876 0.26143 0.354403 0.0886775 0.000613685
 0.281977 0.475581 0.204845 0.0348837 0.00271318
 0 0 0 0 0
pf_pred 
 0.0833989 0.613484 0.267912 0.0351982 6.79838e-06
 0.268404 0.306196 0.330984 0.0838241 0.0105924
 0.0373969 0.774972 0.107523 0.0629439 0.017164
 0.187995 0.257802 0.504296 0.0294268 0.0204808
 0.439416 0.385547 0.0796757 0.0871073 0.00825348
 0.115939 0.7513 0.103612 0.0134996 0.0156492
 0.452034 0.317122 0.213503 0.0137083 0.00363222
 0.265465 0.665131 0.0510025 0.0170848 0.00131619
 0.31211 0.55589 0.12632 0.00424351 0.00143656
 0.359247 0.543058 0.0887958 0.00854051 0.000358948
 0.136504 0.728001 0.124233 0.0102828 0.000979467
 0.172765 0.529695 0.274594 0.0211432 0.00180297
 0.296941 0.516903 0.14787 0.0354893 0.00279662
 0.266804 0.660193 0.065193 0.00631104 0.00149898
 0.277956 0.681251 0.0400299 0.000691462 7.1647e-05
 0.333589 0.627658 0.0383679 0.000379232 6.2351e-06
 0.209616 0.690246 0.0978458 0.0022712 2.11452e-05
 0.259787 0.559162 0.170352 0.0104684 0.000229942
 0.238263 0.602499 0.138112 0.019943 0.00118341
 0.297789 0.531089 0.151311 0.0172998 0.00251152
 0.280945 0.581012 0.119598 0.016413 0.00203242
 0.230447 0.572227 0.173761 0.0205248 0.00304046
 0.249673 0.530041 0.184609 0.0315721 0.00410596
 0.201043 0.597362 0.164854 0.0310135 0.00572711
 0.0159133 0.693789 0.247328 0.0354471 0.00752225
pobs_RECLAS
 0 0 0 0 0
 0 0 0 0 0
 0 0 0 0 0
 0 0 0 0 0
 0.835266 0.146461 0.0176864 0.000547809 3.91292e-05
 0.385257 0.428462 0.181853 0.0044286 0
 0.867414 0.0963971 0.0333333 0.00285562 0
 0.441836 0.489002 0.0689373 0.000224442 0
 0.779404 0.147425 0.0564933 0.0165055 0.000172143
 0.814271 0.122319 0.05973 0.00367925 0
 0.40263 0.566651 0.0304383 0.000280538 0
 0.475488 0.404961 0.113038 0.00651328 0
 0.955842 0.0263864 0.0167828 0.000988607 0
 0.975058 0.0227948 0.00214734 0 0
 0.738997 0.206755 0.0527124 0.00153531 0
 0.850938 0.134255 0.0134407 0.00136685 0
 0.542534 0.407297 0.0501686 0 0
 0.764087 0.199537 0.0359546 0.000420521 0
 0.470689 0.182191 0.310203 0.0369168 0
 0.84361 0.089868 0.0606195 0.00523954 0.000663233
 0.607945 0.314616 0.071237 0.00620181 0
 0.523733 0.453247 0.0230204 0 0
 0.530135 0.295979 0.169645 0.0042399 0
 0.562478 0.366248 0.0663022 0.0049721 0
 0.250443 0.683176 0.0655157 0.000865301 0
ppred_RECLAS
 0.244056 0.529375 0.199218 0.0273464 5.35609e-06
 0.579164 0.191966 0.17631 0.0465906 0.00596971
 0.130716 0.728682 0.0792732 0.0480484 0.0132797
 0.467893 0.18721 0.312436 0.0190305 0.0134306
 0.729381 0.192233 0.0347782 0.039785 0.00382295
 0.326387 0.588288 0.0659172 0.00892265 0.0104856
 0.75762 0.150899 0.0843292 0.00563691 0.00151428
 0.573955 0.393012 0.0240324 0.00834875 0.00065195
 0.636717 0.306018 0.0547089 0.00190349 0.000653138
 0.668394 0.288197 0.0393033 0.00393736 0.00016778
 0.371615 0.546295 0.0750225 0.00644545 0.000622354
 0.445578 0.380233 0.16026 0.012821 0.00110832
 0.644721 0.281236 0.058467 0.014424 0.00115158
 0.668435 0.31273 0.0168147 0.00162947 0.000391549
 0.681238 0.308902 0.00967583 0.000166996 1.7504e-05
 0.660959 0.32389 0.0149953 0.000152951 2.54834e-06
 0.500148 0.448191 0.0504364 0.0012136 1.14526e-05
 0.567689 0.341697 0.0850593 0.0054335 0.000120992
 0.532942 0.38264 0.0728133 0.010946 0.000658537
 0.612291 0.306378 0.0715702 0.00850887 0.00125232
 0.577004 0.350895 0.0620838 0.00889987 0.00111754
 0.514637 0.374252 0.0973063 0.0120019 0.00180284
 0.545273 0.335607 0.0991063 0.0176817 0.00233163
 0.476948 0.406846 0.0942636 0.0184823 0.00346054
 0.0569479 0.700086 0.205697 0.0306706 0.00659857
pobs_PELACES
 0 0 0 0 0
 0 0 0 0 0
 0 0 0 0 0
 0 0 0 0 0
 0 0 0 0 0
 0 0 0 0 0
 0 0 0 0 0
 0 0 0 0 0
 0 0 0 0 0
 0 0 0 0 0
 0.450072 0.473896 0.0757376 0.000293798 0
 0 0 0 0 0
 0.463077 0.371075 0.160297 0.00555027 0
 0.529543 0.364841 0.0842815 0.0213345 0
 0.631943 0.363953 0.00410389 0 0
 0.735681 0.248677 0.0153453 0.000297389 0
 0.695825 0.281241 0.0229344 0 0
 0.275771 0.60734 0.115278 0.00161068 0
 0 0 0 0 0
 0.896147 0.0623911 0.0374545 0.00400742 0
 0.803859 0.145111 0.0509908 3.86294e-05 0
 0.739449 0.233085 0.0266225 0.000797448 4.60066e-05
 0.878498 0.100942 0.0204185 0.000141795 0
 0.694673 0.275183 0.0284847 0.00165964 0
 0 0 0 0 0
ppred_PELACES
 0.431549 0.440698 0.113396 0.0143545 2.76698e-06
 0.791233 0.117583 0.0715899 0.0174004 0.00219394
 0.303408 0.628158 0.0402095 0.0221928 0.00603248
 0.712329 0.129487 0.144461 0.008099 0.00562474
 0.853695 0.114277 0.0148318 0.01571 0.00148601
 0.560897 0.40379 0.0278762 0.00344938 0.00398754
 0.896282 0.0749926 0.0266599 0.00163344 0.000431714
 0.783789 0.206055 0.00757147 0.0023994 0.000184294
 0.833731 0.149779 0.0158198 0.000501388 0.000169204
 0.832679 0.152692 0.0133503 0.00122668 5.14294e-05
 0.614515 0.353434 0.0295161 0.00231556 0.000219928
 0.695833 0.237526 0.0617413 0.00451564 0.000384001
 0.860553 0.122352 0.0137791 0.00307403 0.000241284
 0.903999 0.0936397 0.00213504 0.000183286 4.3251e-05
 0.909774 0.0890428 0.00116387 1.77706e-05 1.82905e-06
 0.850733 0.145423 0.00380741 3.52459e-05 5.77444e-07
 0.732944 0.249883 0.0168004 0.000368584 3.42115e-06
 0.779192 0.189723 0.0293339 0.00171409 3.75486e-05
 0.744313 0.224536 0.0271836 0.00374573 0.000221712
 0.808085 0.164877 0.0240433 0.00261592 0.000378756
 0.756029 0.21437 0.0257746 0.00340556 0.000420852
 0.713957 0.238769 0.0418206 0.00475086 0.000702299
 0.747661 0.204974 0.0399599 0.00655514 0.000850592
 0.696111 0.257045 0.0386124 0.00695046 0.00128046
 0.139506 0.707973 0.13087 0.0178694 0.00378219
pobs_pel_tallas
 0 0 0 0 0 0 0 0 0 0 0 0 0 0 0 0 0 0 0 0 0 0 0 0 0 0 0 0 0 0 0 0 0 0 0 0
 0 0 0 0 0 0 0 0 0 0 0 0 0 0 0 0 0 0 0 0 0 0 0 0 0 0 0 0 0 0 0 0 0 0 0 0
 0 0 0 0 0 0 0 0 0 0 0 0 0 0 0 0 0 0 0 0 0 0 0 0 0 0 0 0 0 0 0 0 0 0 0 0
 0 0 0 0 0 0 0 0 0 0 0 0 0 0 0 0 0 0 0 0 0 0 0 0 0 0 0 0 0 0 0 0 0 0 0 0
 0 0 0 0 0 0 0 0 0 0 0 0 0 0 0 0 0 0 0 0 0 0 0 0 0 0 0 0 0 0 0 0 0 0 0 0
 0 0 0 0 0 0 0 0 0 0 0 0 0 0 0 0 0 0 0 0 0 0 0 0 0 0 0 0 0 0 0 0 0 0 0 0
 0 0 0 0 0 0 0 0 0 0 0 0 0 0 0 0 0 0 0 0 0 0 0 0 0 0 0 0 0 0 0 0 0 0 0 0
 0 0 0 0 0 0 0 0 0 0 0 0 0 0 0 0 0 0 0 0 0 0 0 0 0 0 0 0 0 0 0 0 0 0 0 0
 0 0 0 0 0 0 0 0 0 0 0 0 0 0 0 0 0 0 0 0 0 0 0 0 0 0 0 0 0 0 0 0 0 0 0 0
 0 0 0 0 0 0 0 0 0 0 0 0 0 0 0 0 0 0 0 0 0 0 0 0 0 0 0 0 0 0 0 0 0 0 0 0
 0 0 0 0 0 0 0 0 1.78061e-05 0.00172719 0.00360574 0.0105946 0.0120993 0.0124554 0.0147524 0.0171206 0.0266825 0.0428682 0.0675386 0.121331 0.153587 0.119568 0.100827 0.0573624 0.0630603 0.0341343 0.0324427 0.0444173 0.0211091 0.0280891 0.0125444 0.00206551 0 0 0 0
 0 0 0 0 0 0 0 0 0 0 0 0 0 0 0 0 0 0 0 0 0 0 0 0 0 0 0 0 0 0 0 0 0 0 0 0
 0 0 0 0 0 0 0.0133647 0.0140871 0.0187388 0.0205184 0.03894 0.0496705 0.03968 0.0493445 0.0407372 0.0367815 0.0215668 0.0243155 0.0234873 0.0199281 0.019796 0.0243948 0.0301388 0.0376714 0.0412746 0.0863199 0.0771752 0.113111 0.0741005 0.0525337 0.0229764 0.00759418 0.00175318 0 0 0
 0 0 0 0 0 0 0 0 0 0 0.00219441 0.00772107 0.0458388 0.0604681 0.0671733 0.0775358 0.0609151 0.0617685 0.073594 0.0568108 0.0755445 0.0548602 0.0670107 0.0636378 0.0643287 0.046367 0.0373049 0.0286899 0.0247887 0.0153202 0.00654259 0.00121912 0.000365735 0 0 0
 0 0 0 0 0 0 0 0 0 0 0 0 0.000112435 0.00938835 0.0111873 0.0202946 0.0414886 0.0713402 0.111592 0.104902 0.108894 0.110636 0.117776 0.105296 0.107544 0.0401394 0.0192827 0.0124803 0.00416011 0.0028671 0.000618394 0 0 0 0 0
 0 0 0 0 0 0 0 0 0 0 0.00291406 0.0102884 0.027416 0.0768956 0.0749926 0.110853 0.0956884 0.0897413 0.0766577 0.0534642 0.0500743 0.0551293 0.0594112 0.0620874 0.0668451 0.0424026 0.0208742 0.0120726 0.0048766 0.00582813 0.00118941 0.000297354 0 0 0 0
 0 0.00264628 0.0354308 0.0461629 0.0458689 0.0383711 0.0214643 0.0164657 0.0346957 0.0420465 0.0363128 0.0245516 0.0311673 0.0291091 0.0169068 0.0133784 0.00837989 0.0085269 0.0148486 0.0160247 0.0276389 0.0546898 0.0760071 0.122758 0.109233 0.0665981 0.0333725 0.0166128 0.00676272 0.00308733 0.000882094 0 0 0 0 0
 0 0 0 0 0 0 0 0.000805153 0.000690131 0.00759144 0.0133425 0.0154129 0.00931677 0.000345066 0.00356568 0.00563607 0.00851162 0.0253048 0.0502646 0.0516448 0.0657925 0.0565908 0.0611916 0.0827007 0.0866115 0.110766 0.145733 0.0935128 0.0569358 0.0249597 0.0138026 0.00621118 0.00161031 0.00115022 0 0
 0 0 0 0 0 0 0 0 0 0 0 0 0 0 0 0 0 0 0 0 0 0 0 0 0 0 0 0 0 0 0 0 0 0 0 0
 0.00147267 0.00158595 0.00478618 0.00569244 0.00954404 0.0108468 0.00647125 0.017049 0.0510054 0.094081 0.124002 0.0959785 0.0687766 0.0820023 0.061753 0.0591476 0.0492212 0.0479892 0.0443925 0.0268479 0.0217502 0.0140895 0.0121071 0.0120363 0.00920419 0.00665534 0.0049561 0.00860946 0.00930331 0.0156896 0.0114698 0.00855282 0.00243557 0.00046729 0 2.83206e-05
 0 0 0 0 0.000772559 0.00158375 0.000888443 0.00281984 0.00712685 0.0440552 0.0773331 0.111326 0.0921469 0.0852325 0.0710754 0.0886704 0.0786465 0.0553345 0.0373146 0.0185414 0.00753245 0.00457741 0.012979 0.0271748 0.0457355 0.0583668 0.034881 0.0177882 0.00938659 0.00492506 0.0015258 0.00185414 0.000309023 5.79419e-05 3.86279e-05 0
 0 0.00173294 0.00326652 0 0.00397197 0.00683976 0.00946217 0.0152591 0.00757587 0.0136028 0.0228656 0.0392903 0.0559909 0.0764795 0.0681675 0.0726916 0.0566044 0.0477403 0.0527397 0.0444891 0.0609904 0.0582453 0.0661739 0.0445044 0.0529084 0.0360697 0.0280645 0.0235558 0.0158879 0.00826598 0.00280645 0.00217768 0.000904811 0.00058276 9.20147e-05 0
 0 0 0 0 0 0 0 0 0 0 0 0 0 0 0 0 0 0 0 0 0 0 0 0 0 0 0 0 0 0 0 0 0 0 0 0
 0 0 0 0 0 0 0 0 0 0 0 0 0 0 0 0 0 0 0 0 0 0 0 0 0 0 0 0 0 0 0 0 0 0 0 0
 0 0 0 0 0 0 0 0 0 0 0 0 0 0 0 0 0 0 0 0 0 0 0 0 0 0 0 0 0 0 0 0 0 0 0 0
ppred_pel_tallas
 1.02247e-16 1.88483e-05 0.000110576 0.000525529 0.00202315 0.00630884 0.015936 0.03261 0.0540651 0.0726395 0.0791295 0.0699959 0.0505376 0.0303664 0.0163685 0.00999124 0.00933512 0.0120915 0.0167901 0.0226421 0.0290667 0.0354299 0.0410205 0.0451579 0.0473366 0.04734 0.0452836 0.0415696 0.0367743 0.031508 0.0262928 0.0214911 0.0172928 0.0137454 0.0108074 0.00839797
 1.01756e-16 3.4519e-05 0.000202607 0.000963121 0.0037081 0.0115634 0.0292081 0.0597632 0.0990623 0.133032 0.144751 0.127646 0.0912965 0.0531273 0.0254969 0.0107455 0.00508164 0.00405406 0.00494581 0.00658647 0.00853392 0.0105581 0.0124607 0.0140534 0.0151856 0.0157716 0.0158038 0.0153442 0.0144997 0.013392 0.0121317 0.010803 0.00946324 0.00814888 0.00688573 0.00569614
 1.0182e-16 1.32682e-05 7.77992e-05 0.000369666 0.00142297 0.00443717 0.0112086 0.0229387 0.0380401 0.0511372 0.0557803 0.0495184 0.0361365 0.0224803 0.0135074 0.0103703 0.0118623 0.0164434 0.0230686 0.0310341 0.0396247 0.0479515 0.055005 0.059836 0.0617704 0.0605727 0.0565021 0.0502363 0.0426965 0.0348304 0.0274244 0.0209943 0.0157654 0.0117253 0.00871257 0.00650559
 1.02635e-16 3.10791e-05 0.00018241 0.000867099 0.00333838 0.0104104 0.0262959 0.0538047 0.0891866 0.119773 0.130331 0.114949 0.0822565 0.0479505 0.0231715 0.0100447 0.0051775 0.00458384 0.00583461 0.0078841 0.010329 0.0129414 0.0155063 0.0178061 0.0196503 0.0209066 0.0215178 0.0214987 0.0209168 0.0198674 0.018452 0.016766 0.0148969 0.0129271 0.0109375 0.00900695
 1.00858e-16 3.72424e-05 0.000218596 0.00103914 0.00400078 0.0124761 0.0315135 0.0644802 0.106881 0.14353 0.156168 0.137702 0.0984637 0.057246 0.0273741 0.0113609 0.00510098 0.00377614 0.00444041 0.00582071 0.00743702 0.0090479 0.0104568 0.011489 0.0120187 0.0119962 0.0114582 0.0105145 0.00931761 0.00802496 0.00676716 0.00562971 0.00465085 0.00383144 0.00315057 0.00258024
 1.00833e-16 2.44868e-05 0.000143683 0.000682931 0.0026292 0.00819881 0.0207098 0.0423773 0.0702531 0.0943725 0.102761 0.0907957 0.0653293 0.0388015 0.0200907 0.0109917 0.00894691 0.0108849 0.0148683 0.0199166 0.025406 0.0307247 0.0352148 0.0382638 0.0394375 0.0385852 0.035876 0.03175 0.0268052 0.021658 0.0168217 0.0126348 0.00924734 0.00665406 0.00475089 0.00339201
 1.0048e-16 3.90978e-05 0.000229493 0.00109095 0.00420028 0.0130983 0.033085 0.0676952 0.112208 0.15068 0.163938 0.144528 0.10329 0.0599412 0.0284557 0.0114522 0.00460199 0.00283404 0.00305622 0.00395179 0.00505851 0.00618344 0.00718992 0.00795867 0.00840064 0.0084746 0.00819457 0.00762268 0.00685104 0.00597872 0.00509193 0.00425228 0.00349456 0.00283156 0.00226214 0.00177888
 1.00266e-16 3.41979e-05 0.000200714 0.000954103 0.00367335 0.011455 0.0289344 0.0592039 0.0981376 0.131798 0.143427 0.126523 0.0905924 0.0529161 0.0257649 0.0114885 0.00635787 0.00597471 0.00762933 0.0101035 0.0128563 0.0155223 0.0177557 0.0192433 0.0197659 0.0192504 0.0177887 0.0156117 0.0130309 0.0103664 0.0078836 0.00575658 0.00406058 0.00278932 0.00188444 0.00126549
 1.00299e-16 3.63733e-05 0.000213491 0.00101486 0.00390728 0.0121845 0.0307771 0.0629737 0.104384 0.140181 0.152533 0.134518 0.0962328 0.0560412 0.0269707 0.011491 0.00560765 0.00462389 0.00565993 0.00745255 0.00949359 0.0114911 0.0131888 0.0143564 0.0148307 0.0145526 0.013581 0.0120753 0.010254 0.00834354 0.00653375 0.00495149 0.00365542 0.00264775 0.00189444 0.00134567
 1.00284e-16 3.63276e-05 0.000213222 0.00101358 0.00390236 0.0121692 0.0307383 0.0628944 0.104253 0.140005 0.152342 0.134351 0.0961169 0.0559807 0.0269546 0.0115064 0.00564747 0.00468765 0.00575021 0.00757167 0.00964113 0.0116625 0.0133747 0.0145438 0.0150043 0.0146974 0.0136854 0.0121326 0.0102639 0.00831142 0.00646949 0.00486709 0.00356287 0.00255725 0.00181336 0.00127824
 1.00625e-16 2.68228e-05 0.000157402 0.000748162 0.00288037 0.00898209 0.0226883 0.0464249 0.0769607 0.103375 0.112542 0.099388 0.0714023 0.0421891 0.021442 0.0110889 0.00828955 0.00965354 0.0130587 0.0174696 0.0222856 0.0269583 0.0309088 0.0335992 0.0346472 0.0339183 0.0315573 0.0279465 0.0236077 0.0190797 0.0148129 0.0111064 0.00809558 0.00578056 0.00407473 0.00285404
 1.01127e-16 3.0364e-05 0.000178203 0.000847074 0.00326125 0.0101699 0.0256884 0.0525624 0.0871304 0.117021 0.12736 0.112385 0.080545 0.0472006 0.0232696 0.0108676 0.00671487 0.00693263 0.00912719 0.0122063 0.0156511 0.0190708 0.0220726 0.0242881 0.0254445 0.0254252 0.0242931 0.0222661 0.0196564 0.0167947 0.0139646 0.0113631 0.00909389 0.00718331 0.00560881 0.00432599
 1.00353e-16 3.75418e-05 0.000220353 0.00104749 0.00403293 0.0125764 0.0317668 0.0649985 0.10774 0.144684 0.157426 0.138814 0.0992665 0.0577277 0.0276322 0.0115153 0.00524022 0.0039501 0.00467278 0.00611878 0.00779417 0.00944242 0.0108512 0.0118323 0.0122517 0.0120602 0.0113043 0.0101118 0.0086584 0.00712639 0.00566828 0.00438581 0.00332598 0.00249075 0.00185351 0.00137562
 1.0007e-16 3.9435e-05 0.000231471 0.00110035 0.00423647 0.0132111 0.03337 0.0682786 0.113176 0.151981 0.165356 0.145787 0.104207 0.06051 0.0287931 0.0117032 0.0048783 0.00320373 0.00355462 0.00458843 0.00581591 0.00701321 0.00801244 0.00866982 0.00888606 0.00862897 0.00794163 0.00693065 0.00573944 0.00451509 0.00337953 0.0024125 0.00164819 0.00108304 0.000689281 0.000428737
 1.00047e-16 3.96866e-05 0.000232949 0.00110737 0.00426352 0.0132955 0.0335831 0.0687146 0.113898 0.152951 0.16641 0.146713 0.104863 0.0608774 0.028943 0.011721 0.00481881 0.00308771 0.00338262 0.00435447 0.00551555 0.00664757 0.00758985 0.00820565 0.00840086 0.00814542 0.00748107 0.00651005 0.00536961 0.00420037 0.00311879 0.00220085 0.00147886 0.000948933 0.000583896 0.000346602
 1.00103e-16 3.71145e-05 0.000217843 0.00103555 0.00398695 0.012433 0.0314046 0.0642576 0.106512 0.143038 0.15564 0.137253 0.098178 0.0571516 0.0274626 0.011627 0.00556356 0.00447549 0.00542145 0.00711268 0.00903475 0.0108979 0.0124521 0.0134754 0.0138136 0.0134165 0.0123507 0.0107815 0.00893135 0.0070287 0.00526294 0.00375808 0.00256753 0.00168615 0.00107116 0.000663611
 1.00333e-16 3.19826e-05 0.000187704 0.000892245 0.00343516 0.0107122 0.0270583 0.0553655 0.0917767 0.12326 0.13415 0.118372 0.0848278 0.0496931 0.0244649 0.011366 0.0069345 0.00707481 0.00925405 0.0123092 0.0156822 0.018953 0.0217062 0.023561 0.0242489 0.0236771 0.021952 0.0193483 0.0162393 0.0130099 0.00998144 0.00736631 0.00525959 0.00365899 0.00249963 0.00168956
 1.00539e-16 3.39968e-05 0.000199535 0.0009485 0.00365178 0.0113877 0.0287645 0.0588562 0.0975608 0.131022 0.14258 0.125769 0.0900371 0.0525613 0.025536 0.0112927 0.00612112 0.00564849 0.00718606 0.00953465 0.0121757 0.01477 0.0169988 0.0185697 0.0192726 0.0190267 0.017899 0.0160824 0.0138451 0.0114668 0.00918353 0.00715504 0.00545839 0.00410222 0.00305144 0.00225175
 1.00599e-16 3.24773e-05 0.000190611 0.000906069 0.0034884 0.0108782 0.0274776 0.0562232 0.0931977 0.125166 0.136218 0.120181 0.0860903 0.0503644 0.0246688 0.0112493 0.00657988 0.00649564 0.0084277 0.0112113 0.0143104 0.0173414 0.0199304 0.0217335 0.0225047 0.0221529 0.0207625 0.0185675 0.0158905 0.0130662 0.0103754 0.00800611 0.0060463 0.00450103 0.00332277 0.00244137
 1.00503e-16 3.52557e-05 0.000206928 0.000983652 0.00378713 0.0118098 0.0298307 0.0610374 0.101176 0.135874 0.147851 0.130401 0.093313 0.0543929 0.026275 0.0113628 0.00579425 0.00502452 0.00626441 0.00828326 0.0105723 0.0128233 0.0147567 0.0161186 0.0167269 0.016512 0.0155329 0.0139576 0.0120195 0.00996143 0.00798795 0.00623693 0.00477416 0.00360594 0.00270073 0.00201065
 1.00573e-16 3.29878e-05 0.000193609 0.000920322 0.00354328 0.0110494 0.0279099 0.0571077 0.0946634 0.127134 0.138355 0.12206 0.0874185 0.051107 0.0249682 0.0112774 0.00644679 0.00624194 0.00805322 0.0107032 0.01366 0.0165525 0.0190229 0.0207429 0.0214775 0.02114 0.0198111 0.0177145 0.0151581 0.0124616 0.00989326 0.00763255 0.00576321 0.00428996 0.00316721 0.00232777
 1.00868e-16 3.11543e-05 0.000182842 0.000869132 0.00334617 0.0104347 0.0263573 0.0539312 0.0893991 0.120067 0.130674 0.115305 0.0826282 0.0484022 0.0238259 0.0110652 0.00675028 0.00689566 0.00904068 0.0120617 0.0154263 0.0187369 0.021598 0.0236425 0.0246037 0.0243768 0.0230409 0.0208327 0.0180833 0.0151387 0.0122914 0.00974013 0.00758185 0.00583004 0.00444506 0.0033643
 1.009e-16 3.26225e-05 0.000191465 0.000910133 0.00350405 0.0109271 0.0276009 0.0564754 0.0936152 0.125725 0.136821 0.120704 0.0864414 0.0505237 0.0246613 0.0111028 0.00629975 0.0060657 0.00782383 0.0104172 0.0133303 0.0162091 0.0187121 0.0205234 0.0214126 0.0212866 0.0202092 0.0183785 0.0160733 0.0135855 0.0111625 0.008973 0.00710032 0.0055582 0.00431645 0.00332618
 1.00931e-16 3.03769e-05 0.000178276 0.000847421 0.00326258 0.010174 0.0256989 0.052584 0.0871667 0.117071 0.127419 0.112446 0.0806094 0.0472793 0.023384 0.011046 0.00698952 0.00733546 0.00968423 0.0129294 0.016529 0.0200621 0.0231047 0.0252629 0.0262522 0.0259632 0.0244854 0.0220781 0.0191016 0.0159307 0.0128814 0.0101659 0.00788549 0.00605016 0.00461209 0.00349917
 1.0288e-16 6.12475e-06 3.58532e-05 0.000170232 0.000655071 0.00204249 0.00515992 0.0105633 0.0175304 0.0236049 0.0258505 0.0231913 0.0174505 0.0118985 0.0089787 0.00941462 0.0128436 0.0186962 0.026512 0.0358082 0.0458855 0.0557747 0.0643424 0.0705047 0.0734696 0.0729209 0.0690862 0.0626585 0.0546095 0.045956 0.0375586 0.0300022 0.023574 0.0183173 0.0141206 0.0108068
pSPR Fmed_Fpbrs
0.373118   0.431956 0.431956
Fs Fmed_Fpbrs
1.33077   1.005 1.005
SSBpbr Bo_Bmed_Bpbrs
743952  240384  284157 284157
Ro
21590.3
SPR SPRFo_SPRFmed_SPRFpbrs
444966 166025 192206
log_Ro
9.8
likeval ReclasPelacesDesembMPH_pf_preclas_ppelaces_ptallas_desvR_qrecl_qpela
 75.1295 14.5347 0.168657 0.000162674 295.806 191.012 77.0025 0 32.7196 3.1423e-05 0.000129291 0 0 0 0
q_reclas_q_pelaces
2.21298 5.04146
M
0.7
N
 17104.3 18685.8 5725.24 735.461 0.141881
 44980.9 8086.05 6336.72 1573.23 198.59
 5172.87 20803.6 2313.47 1337.58 364.501
 10336.8 2198.61 3091.33 176.716 122.859
 40643.1 4809.19 658.66 700.822 66.3073
 17068.5 19879.3 2123.48 272.583 315.739
 62865.8 7495.17 3804.33 240.175 63.5811
 60112.2 28238.2 1709.73 565.056 43.5001
 75523.2 25932.9 4710 156.24 52.8571
 127075 32192.2 3940.65 372.477 15.6403
 58560.3 57395.9 7664.63 625.507 59.537
 46312.1 25477.9 10222.1 775.423 66.0712
 53060.5 20350.7 4901.74 1165.75 91.8188
 28777.9 21269.1 1920.12 185.061 43.945
 13027.4 9698.02 522.637 8.98957 0.931263
 11165.2 4340.38 218.138 2.13319 0.0350529
 7402.36 4613.95 518.618 11.8806 0.110533
 8336.48 3180.42 745.586 45.1196 0.99026
 8568.98 3681.72 636.206 90.3283 5.35528
 12284.5 3849.36 840.383 94.5906 13.7209
 17517.3 5444.73 791.65 106.285 13.1458
 21725.3 8245.35 1785.19 206.446 30.5476
 30145 10163 2576.87 432.165 56.1449
 28491.1 13901.2 2842.28 525.066 96.8677
 1716.63 12971.2 3520 496.405 105.252
pred_Ctot
 592.09 4355.43 1902.04 249.89 0.0482651
 2229.6 2543.54 2749.45 696.318 87.9899
 540.902 11209.1 1555.2 910.411 248.257
 470.826 645.653 1262.99 73.6982 51.2934
 439.875 385.95 79.7589 87.1983 8.2621
 1430.5 9269.88 1278.42 166.564 193.087
 4340.77 3045.24 2050.21 131.637 34.8792
 5720.28 14332.3 1099.01 368.144 28.3613
 7760.37 13821.8 3140.85 105.512 35.7191
 8311.26 12563.8 2054.31 197.587 8.30434
 5256.8 28035.4 4784.22 395.992 37.7194
 3860.91 11837.5 6136.57 472.504 40.2923
 7448.22 12965.6 3709.04 890.183 70.1479
 6800.71 16828 1661.73 160.865 38.2082
 3154.34 7731.08 454.274 7.84695 0.813075
 1361.96 2562.57 156.646 1.54831 0.0254563
 723.59 2382.71 337.762 7.84013 0.0729927
 667.871 1437.52 437.948 26.9126 0.591144
 591.202 1494.98 342.697 49.4845 2.93641
 955.653 1704.35 485.581 55.5179 8.05986
 658.748 1362.33 280.428 38.4846 4.76553
 908.892 2256.88 685.319 80.9507 11.9917
 1553.89 3298.82 1148.95 196.496 25.5544
 1713.21 5090.48 1404.82 264.285 48.8041
 127.358 5552.57 1979.43 283.692 60.2025
F
 0.0491878 0.381402 0.591755 0.609446 0.610407
 0.0711109 0.551393 0.855501 0.881076 0.882465
 0.155601 1.20653 1.87196 1.92792 1.93096
 0.0651761 0.505375 0.784102 0.807543 0.808816
 0.0151502 0.117475 0.182265 0.187714 0.18801
 0.122974 0.95354 1.47944 1.52367 1.52607
 0.100326 0.777923 1.20697 1.24305 1.24501
 0.1407 1.09099 1.6927 1.7433 1.74605
 0.152717 1.18417 1.83727 1.89219 1.89518
 0.0948037 0.735107 1.14054 1.17463 1.17649
 0.132244 1.02542 1.59096 1.63853 1.64111
 0.122288 0.948223 1.47119 1.51517 1.51756
 0.214177 1.66073 2.57666 2.65369 2.65787
 0.387687 3.00612 4.66408 4.80351 4.81108
 0.399091 3.09455 4.80127 4.94481 4.9526
 0.183718 1.42455 2.21023 2.2763 2.27989
 0.144786 1.12267 1.74185 1.79393 1.79675
 0.117262 0.909247 1.41072 1.45289 1.45518
 0.100242 0.777276 1.20596 1.24202 1.24397
 0.113689 0.881542 1.36774 1.40862 1.41084
 0.0535371 0.415126 0.644079 0.663334 0.66438
 0.0597206 0.463073 0.718469 0.739948 0.741115
 0.0740456 0.574149 0.890807 0.917438 0.918884
 0.0868599 0.673511 1.04497 1.07621 1.07791
 0.108165 0.838709 1.30128 1.34018 1.34229
nmprior
 10 11 7 0
nm_flota  nm_reclas  nm_pelaces    nm_pelaL
inf 21.6099 14.3442 24.4349
cv_recla  cv_pelaces  cv_mph
0.784025 0.448609 0.413807
 ------------------------------------------------
Talla a la edad & desviación 
 7.2 14.2025 17.0495 18.207 18.6776
 1.08 2.13037 2.55742 2.73105 2.80164
