years
 1997 1998 1999 2000 2001 2002 2003 2004 2005 2006 2007 2008 2009 2010 2011 2012 2013 2014 2015 2016 2017 2018 2019 2020 2021
reclasobs
 0 0 0 370054 412103 1.49427e+06 250295 1.28982e+06 931140 785840 897777 1.04006e+06 184774 17550 25797 100020 73551 82996 120727 218422 84188 347160 605670 569463 516374
reclaspred
 464872 132500 427005 305373 422765 495421 1.06404e+06 683077 724779 638165 495845 330967 202030 89759.2 60909.5 62578.4 80939.6 112566 120675 173697 250734 231414 403573 534743 604192
pelacesobs
 0 0 0 0 0 0 0 0 0 2.06254e+06 1.5e+06 0 1.87456e+06 323000 250000 174000 83755 137374 0 501740 490994 745055 786931 1.00524e+06 0
pelacespred
 1.92552e+06 506284 965002 1.0824e+06 1.26307e+06 1.27655e+06 2.94588e+06 2.44282e+06 2.2394e+06 2.01103e+06 1.4066e+06 969589 573639 205242 135287 153119 208925 299432 334029 462176 746112 682924 932766 1.43588e+06 1.73441e+06
mphobs
 0 0 0 0 0 112323 0 153150 637223 0 255016 313432 73983 77613 109348 50772 0 0 0 0 0 0 0 0 0
mphpred
 167965 109547 139966 180112 180294 266639 395367 453415 371748 357471 324522 224146 137385 70615.3 32101.1 27432.3 34534.3 49164 62439.5 72683.2 108949 128917 163668 234839 352522
desembarqueobs
 350755 77701 442110 56441 14545 235359 269955 359681 431902 328805 639364 411747 362871 311530 167758 66681 60226 58785 57116 71774 51957 67425 138520 160799 200461
desembarquepred
 350766 77705 442159 56443.3 14545.1 235403 269989 359712 431983 328865 639674 412033 363271 312008 167788 66696.6 60251.7 58788.4 57113.5 71777.9 51959.2 67421.7 138525 160807 200461
Reclutas
 59995.3 73856 46198.7 67780.7 112096 82742.8 126018 112991 130122 129499 66656.4 41966.7 42309 23484.1 17047.5 19922.6 16308 18579 21069.1 36265.5 45592.3 60663.8 96131.8 127351 58781.1
log_desv_Rt
 0.122021 0.329872 -0.139294 0.244032 0.747114 0.443492 0.864176 0.755065 0.896228 0.891426 0.227306 -0.235367 -0.227245 -0.81592 -1.13624 -0.980391 -1.18059 -1.05021 -0.924435 -0.381379 -0.152507 0.133102 0.593475 0.874699 0.101575
SSB
 722926 471495 602417 775207 775991 1.14762e+06 1.70167e+06 1.95151e+06 1.60001e+06 1.53857e+06 1.39675e+06 964731 591310 303930 138164 118069 148637 211604 268742 312831 468920 554864 704432 1.01076e+06 1.51726e+06
BT
 2.49017e+06 670038 1.31376e+06 1.22633e+06 1.38713e+06 1.53702e+06 3.42675e+06 3.03997e+06 2.83905e+06 2.49257e+06 2.08766e+06 1.41619e+06 977491 520558 291876 222880 277824 373289 407306 562696 857496 791296 1.09882e+06 1.68701e+06 1.99551e+06
Ftot
 0.421473 0.320408 0.451472 0.0852903 0.0177803 0.183309 0.116361 0.236601 0.277257 0.232154 0.496703 0.468237 0.748313 1.37148 1.37382 0.541701 0.371246 0.246913 0.203636 0.205243 0.0990433 0.126955 0.149207 0.142871 0.120849
BD_Bspro_t
 0.949939 0.772616 0.741513 0.632404 0.742954 0.848989 0.818866 0.821746 0.76501 0.721163 0.678964 0.521464 0.406137 0.290469 0.173323 0.181834 0.284929 0.444606 0.561359 0.652464 0.75645 0.827286 0.835756 0.841484 0.844575
BD_Bspro
 0.660544 0.430809 0.550434 0.708313 0.70903 1.04859 1.55483 1.78312 1.46195 1.4058 1.27623 0.881484 0.540285 0.277704 0.126242 0.107881 0.135811 0.193344 0.245552 0.285836 0.428456 0.506984 0.643646 0.923537 1.38634
BD_Bo
 0.568435 0.370735 0.473678 0.609542 0.610159 0.902372 1.33802 1.53447 1.25809 1.20977 1.09826 0.758565 0.464945 0.238979 0.108638 0.0928375 0.116872 0.166383 0.211311 0.245978 0.36871 0.436287 0.553893 0.794754 1.19302
BD_Brms
 1.98494 1.29458 1.65406 2.12848 2.13064 3.15103 4.67228 5.35827 4.39316 4.22445 3.83507 2.64886 1.62356 0.834501 0.379358 0.324183 0.408111 0.581 0.737884 0.858939 1.28751 1.52349 1.93416 2.77523 4.16595
S_f
 0.187314 1 1 1 1
 0.187314 1 1 1 1
 0.187314 1 1 1 1
 0.187314 1 1 1 1
 0.187314 1 1 1 1
 0.187314 1 1 1 1
 0.187314 1 1 1 1
 0.187314 1 1 1 1
 0.187314 1 1 1 1
 0.187314 1 1 1 1
 0.187314 1 1 1 1
 0.187314 1 1 1 1
 0.187314 1 1 1 1
 0.187314 1 1 1 1
 0.187314 1 1 1 1
 0.187314 1 1 1 1
 0.187314 1 1 1 1
 0.187314 1 1 1 1
 0.187314 1 1 1 1
 0.187314 1 1 1 1
 0.187314 1 1 1 1
 0.187314 1 1 1 1
 0.187314 1 1 1 1
 0.187314 1 1 1 1
 0.187314 1 1 1 1
Scru_reclas
 1 1 1 1 1
 1 1 1 1 1
 1 1 1 1 1
 1 1 1 1 1
 1 1 1 1 1
 1 1 1 1 1
 1 1 1 1 1
 1 1 1 1 1
 1 1 1 1 1
 1 1 1 1 1
 1 1 1 1 1
 1 1 1 1 1
 1 1 1 1 1
 1 1 1 1 1
 1 1 1 1 1
 1 1 1 1 1
 1 1 1 1 1
 1 1 1 1 1
 1 1 1 1 1
 1 1 1 1 1
 1 1 1 1 1
 1 1 1 1 1
 1 1 1 1 1
 1 1 1 1 1
 1 1 1 1 1
Scru_pelaces
 0.887039 1 1 1 1
 0.887039 1 1 1 1
 0.887039 1 1 1 1
 0.887039 1 1 1 1
 0.887039 1 1 1 1
 0.887039 1 1 1 1
 0.887039 1 1 1 1
 0.887039 1 1 1 1
 0.887039 1 1 1 1
 0.887039 1 1 1 1
 0.887039 1 1 1 1
 0.887039 1 1 1 1
 0.887039 1 1 1 1
 0.887039 1 1 1 1
 0.887039 1 1 1 1
 0.887039 1 1 1 1
 0.887039 1 1 1 1
 0.887039 1 1 1 1
 0.887039 1 1 1 1
 0.887039 1 1 1 1
 0.887039 1 1 1 1
 0.887039 1 1 1 1
 0.887039 1 1 1 1
 0.887039 1 1 1 1
 0.887039 1 1 1 1
pf_obs 
 0.256992 0.487395 0.22802 0.0275931 0
 0.321318 0.546541 0.124235 0.00734118 0.000564706
 0.182869 0.594174 0.210203 0.0122559 0.00049798
 0.330522 0.361315 0.267642 0.0388342 0.00168674
 0.649043 0.306663 0.0425973 0.00169635 0
 0.582887 0.30429 0.105238 0.00758474 0
 0.465427 0.430635 0.0974691 0.00646863 0
 0.296916 0.608066 0.0921331 0.00288517 0
 0.311714 0.524322 0.152257 0.0117073 0
 0.15457 0.633149 0.183074 0.0267441 0.00246327
 0.131901 0.49318 0.331252 0.0422183 0.00144891
 0.196976 0.569456 0.194076 0.0375587 0.00193317
 0.518974 0.381816 0.0799577 0.0180837 0.00116848
 0.0928022 0.601141 0.25162 0.0475244 0.00691264
 0.122501 0.610282 0.24278 0.0234846 0.000952079
 0.383417 0.481906 0.127806 0.00687128 0
 0.0376549 0.599619 0.316969 0.0457579 0
 0.0361596 0.667082 0.258105 0.0386534 0
 0.158088 0.579412 0.248529 0.0139706 0
 0.0477256 0.309471 0.559284 0.082774 0.000745712
 0.0406174 0.521527 0.379366 0.0568643 0.0016247
 0.151134 0.462217 0.34131 0.0453401 0
 0.294876 0.26143 0.354403 0.0886775 0.000613685
 0.281977 0.475581 0.204845 0.0348837 0.00271318
 0 0 0 0 0
pf_pred 
 0.371299 0.444243 0.165022 0.0194259 9.9727e-06
 0.308251 0.548919 0.100924 0.0374901 0.00441551
 0.17671 0.604441 0.173662 0.0319296 0.0132577
 0.26686 0.429851 0.222668 0.063975 0.0166464
 0.299092 0.468852 0.136058 0.0704797 0.0255186
 0.171907 0.576895 0.168032 0.0487617 0.0344048
 0.253018 0.408351 0.235909 0.068713 0.0340092
 0.197658 0.526364 0.150868 0.0871583 0.0379514
 0.229249 0.458365 0.204936 0.0587395 0.0487106
 0.216332 0.504383 0.16609 0.0742594 0.038935
 0.129816 0.540662 0.212086 0.0698387 0.0475967
 0.133028 0.435029 0.268374 0.105276 0.0582927
 0.211768 0.398314 0.195653 0.120701 0.0735645
 0.198253 0.539511 0.132514 0.0650916 0.0646298
 0.281534 0.520967 0.132901 0.0326431 0.0319551
 0.356011 0.519799 0.0900516 0.0229726 0.0111661
 0.235339 0.605883 0.128159 0.0222026 0.00841705
 0.249389 0.49657 0.201291 0.0425778 0.0101727
 0.242547 0.504003 0.167671 0.0679676 0.0178117
 0.321132 0.442976 0.156961 0.0522174 0.026714
 0.272875 0.534571 0.125646 0.0445202 0.0223881
 0.265836 0.497054 0.17432 0.0409722 0.0218183
 0.302472 0.468747 0.154892 0.0543215 0.0195668
 0.278056 0.514441 0.139445 0.0460779 0.0219806
 0.113668 0.608964 0.197646 0.0535742 0.0261478
pobs_RECLAS
 0 0 0 0 0
 0 0 0 0 0
 0 0 0 0 0
 0 0 0 0 0
 0.835266 0.146461 0.0176864 0.000547809 3.91292e-05
 0.385257 0.428462 0.181853 0.0044286 0
 0.867414 0.0963971 0.0333333 0.00285562 0
 0.441836 0.489002 0.0689373 0.000224442 0
 0.779404 0.147425 0.0564933 0.0165055 0.000172143
 0.814271 0.122319 0.05973 0.00367925 0
 0.40263 0.566651 0.0304383 0.000280538 0
 0.475488 0.404961 0.113038 0.00651328 0
 0.955842 0.0263864 0.0167828 0.000988607 0
 0.975058 0.0227948 0.00214734 0 0
 0.738997 0.206755 0.0527124 0.00153531 0
 0.850938 0.134255 0.0134407 0.00136685 0
 0.542534 0.407297 0.0501686 0 0
 0.764087 0.199537 0.0359546 0.000420521 0
 0.470689 0.182191 0.310203 0.0369168 0
 0.84361 0.089868 0.0606195 0.00523954 0.000663233
 0.607945 0.314616 0.071237 0.00620181 0
 0.523733 0.453247 0.0230204 0 0
 0.530135 0.295979 0.169645 0.0042399 0
 0.562478 0.366248 0.0663022 0.0049721 0
 0.250443 0.683176 0.0655157 0.000865301 0
ppred_RECLAS
 0.764054 0.166721 0.0619313 0.0072904 3.74268e-06
 0.708007 0.231704 0.0426011 0.0158249 0.00186382
 0.541231 0.336818 0.0967714 0.0177924 0.00738773
 0.661201 0.198643 0.102899 0.0295641 0.00769266
 0.695126 0.203937 0.0591811 0.0306566 0.0110998
 0.528152 0.328715 0.0957445 0.0277844 0.0196038
 0.645288 0.19391 0.112024 0.0326291 0.0161496
 0.571331 0.281222 0.0806047 0.0465663 0.0202764
 0.61738 0.227544 0.101735 0.0291597 0.0241812
 0.598884 0.258166 0.0850123 0.0380093 0.0199286
 0.451475 0.340809 0.13369 0.0440232 0.0300028
 0.457859 0.272035 0.167822 0.0658317 0.036452
 0.602849 0.200691 0.09858 0.0608152 0.0370655
 0.601725 0.268007 0.0658277 0.0323348 0.0321054
 0.70545 0.213581 0.0544857 0.0133827 0.0131007
 0.753815 0.19871 0.0344251 0.00878201 0.0042686
 0.627001 0.295547 0.0625153 0.0108303 0.0041058
 0.642696 0.236376 0.095818 0.0202678 0.00484238
 0.633531 0.243845 0.0811221 0.0328838 0.00861758
 0.718633 0.183598 0.0650547 0.0216423 0.011072
 0.668172 0.243955 0.0573392 0.0203171 0.0102169
 0.660543 0.229824 0.0806006 0.0189444 0.0100882
 0.700001 0.201603 0.0666173 0.0233631 0.00841544
 0.674445 0.231983 0.0628815 0.0207784 0.00991196
 0.407916 0.406798 0.132031 0.0357884 0.0174671
pobs_PELACES
 0 0 0 0 0
 0 0 0 0 0
 0 0 0 0 0
 0 0 0 0 0
 0 0 0 0 0
 0 0 0 0 0
 0 0 0 0 0
 0 0 0 0 0
 0 0 0 0 0
 0 0 0 0 0
 0.450072 0.473896 0.0757376 0.000293798 0
 0 0 0 0 0
 0.463077 0.371075 0.160297 0.00555027 0
 0.529543 0.364841 0.0842815 0.0213345 0
 0.631943 0.363953 0.00410389 0 0
 0.735681 0.248677 0.0153453 0.000297389 0
 0.695825 0.281241 0.0229344 0 0
 0.275771 0.60734 0.115278 0.00161068 0
 0 0 0 0 0
 0.896147 0.0623911 0.0374545 0.00400742 0
 0.803859 0.145111 0.0509908 3.86294e-05 0
 0.739449 0.233085 0.0266225 0.000797448 4.60066e-05
 0.878498 0.100942 0.0204185 0.000141795 0
 0.694673 0.275183 0.0284847 0.00165964 0
 0 0 0 0 0
ppred_PELACES
 0.762819 0.167593 0.0622552 0.00732854 3.76225e-06
 0.700941 0.23731 0.0436319 0.0162078 0.00190892
 0.541531 0.336597 0.096708 0.0177808 0.00738288
 0.639146 0.211574 0.109598 0.0314887 0.00819344
 0.670201 0.220609 0.0640194 0.0331629 0.0120073
 0.510504 0.341009 0.0993255 0.0288236 0.0203371
 0.624743 0.205141 0.118512 0.0345189 0.017085
 0.557462 0.29032 0.0832125 0.0480728 0.0209324
 0.606574 0.23397 0.104609 0.0299833 0.0248641
 0.58497 0.267121 0.0879612 0.0393277 0.0206199
 0.454781 0.338755 0.132884 0.0437579 0.029822
 0.459277 0.271324 0.167383 0.0656596 0.0363567
 0.622029 0.190998 0.0938191 0.0578781 0.0352755
 0.659396 0.229199 0.0562957 0.0276527 0.0274565
 0.754352 0.178122 0.0454398 0.0111609 0.0109256
 0.7585 0.194928 0.03377 0.00861489 0.00418736
 0.622241 0.299319 0.0633131 0.0109686 0.0041582
 0.630284 0.244587 0.0991464 0.0209718 0.00501059
 0.618254 0.254011 0.084504 0.0342547 0.00897684
 0.705342 0.192271 0.0681277 0.0226646 0.011595
 0.64717 0.259395 0.0609683 0.021603 0.0108636
 0.641043 0.243026 0.0852305 0.0200326 0.0106677
 0.68297 0.213048 0.0703993 0.0246894 0.00889321
 0.656291 0.244919 0.066388 0.0219371 0.0104647
 0.386975 0.421185 0.1367 0.0370542 0.0180849
pobs_pel_tallas
 0 0 0 0 0 0 0 0 0 0 0 0 0 0 0 0 0 0 0 0 0 0 0 0 0 0 0 0 0 0 0 0 0 0 0 0
 0 0 0 0 0 0 0 0 0 0 0 0 0 0 0 0 0 0 0 0 0 0 0 0 0 0 0 0 0 0 0 0 0 0 0 0
 0 0 0 0 0 0 0 0 0 0 0 0 0 0 0 0 0 0 0 0 0 0 0 0 0 0 0 0 0 0 0 0 0 0 0 0
 0 0 0 0 0 0 0 0 0 0 0 0 0 0 0 0 0 0 0 0 0 0 0 0 0 0 0 0 0 0 0 0 0 0 0 0
 0 0 0 0 0 0 0 0 0 0 0 0 0 0 0 0 0 0 0 0 0 0 0 0 0 0 0 0 0 0 0 0 0 0 0 0
 0 0 0 0 0 0 0 0 0 0 0 0 0 0 0 0 0 0 0 0 0 0 0 0 0 0 0 0 0 0 0 0 0 0 0 0
 0 0 0 0 0 0 0 0 0 0 0 0 0 0 0 0 0 0 0 0 0 0 0 0 0 0 0 0 0 0 0 0 0 0 0 0
 0 0 0 0 0 0 0 0 0 0 0 0 0 0 0 0 0 0 0 0 0 0 0 0 0 0 0 0 0 0 0 0 0 0 0 0
 0 0 0 0 0 0 0 0 0 0 0 0 0 0 0 0 0 0 0 0 0 0 0 0 0 0 0 0 0 0 0 0 0 0 0 0
 0 0 0 0 0 0 0 0 0 0 0 0 0 0 0 0 0 0 0 0 0 0 0 0 0 0 0 0 0 0 0 0 0 0 0 0
 0 0 0 0 0 0 0 0 1.78061e-05 0.00172719 0.00360574 0.0105946 0.0120993 0.0124554 0.0147524 0.0171206 0.0266825 0.0428682 0.0675386 0.121331 0.153587 0.119568 0.100827 0.0573624 0.0630603 0.0341343 0.0324427 0.0444173 0.0211091 0.0280891 0.0125444 0.00206551 0 0 0 0
 0 0 0 0 0 0 0 0 0 0 0 0 0 0 0 0 0 0 0 0 0 0 0 0 0 0 0 0 0 0 0 0 0 0 0 0
 0 0 0 0 0 0 0.0133647 0.0140871 0.0187388 0.0205184 0.03894 0.0496705 0.03968 0.0493445 0.0407372 0.0367815 0.0215668 0.0243155 0.0234873 0.0199281 0.019796 0.0243948 0.0301388 0.0376714 0.0412746 0.0863199 0.0771752 0.113111 0.0741005 0.0525337 0.0229764 0.00759418 0.00175318 0 0 0
 0 0 0 0 0 0 0 0 0 0 0.00219441 0.00772107 0.0458388 0.0604681 0.0671733 0.0775358 0.0609151 0.0617685 0.073594 0.0568108 0.0755445 0.0548602 0.0670107 0.0636378 0.0643287 0.046367 0.0373049 0.0286899 0.0247887 0.0153202 0.00654259 0.00121912 0.000365735 0 0 0
 0 0 0 0 0 0 0 0 0 0 0 0 0.000112435 0.00938835 0.0111873 0.0202946 0.0414886 0.0713402 0.111592 0.104902 0.108894 0.110636 0.117776 0.105296 0.107544 0.0401394 0.0192827 0.0124803 0.00416011 0.0028671 0.000618394 0 0 0 0 0
 0 0 0 0 0 0 0 0 0 0 0.00291406 0.0102884 0.027416 0.0768956 0.0749926 0.110853 0.0956884 0.0897413 0.0766577 0.0534642 0.0500743 0.0551293 0.0594112 0.0620874 0.0668451 0.0424026 0.0208742 0.0120726 0.0048766 0.00582813 0.00118941 0.000297354 0 0 0 0
 0 0.00264628 0.0354308 0.0461629 0.0458689 0.0383711 0.0214643 0.0164657 0.0346957 0.0420465 0.0363128 0.0245516 0.0311673 0.0291091 0.0169068 0.0133784 0.00837989 0.0085269 0.0148486 0.0160247 0.0276389 0.0546898 0.0760071 0.122758 0.109233 0.0665981 0.0333725 0.0166128 0.00676272 0.00308733 0.000882094 0 0 0 0 0
 0 0 0 0 0 0 0 0.000805153 0.000690131 0.00759144 0.0133425 0.0154129 0.00931677 0.000345066 0.00356568 0.00563607 0.00851162 0.0253048 0.0502646 0.0516448 0.0657925 0.0565908 0.0611916 0.0827007 0.0866115 0.110766 0.145733 0.0935128 0.0569358 0.0249597 0.0138026 0.00621118 0.00161031 0.00115022 0 0
 0 0 0 0 0 0 0 0 0 0 0 0 0 0 0 0 0 0 0 0 0 0 0 0 0 0 0 0 0 0 0 0 0 0 0 0
 0.00147267 0.00158595 0.00478618 0.00569244 0.00954404 0.0108468 0.00647125 0.017049 0.0510054 0.094081 0.124002 0.0959785 0.0687766 0.0820023 0.061753 0.0591476 0.0492212 0.0479892 0.0443925 0.0268479 0.0217502 0.0140895 0.0121071 0.0120363 0.00920419 0.00665534 0.0049561 0.00860946 0.00930331 0.0156896 0.0114698 0.00855282 0.00243557 0.00046729 0 2.83206e-05
 0 0 0 0 0.000772559 0.00158375 0.000888443 0.00281984 0.00712685 0.0440552 0.0773331 0.111326 0.0921469 0.0852325 0.0710754 0.0886704 0.0786465 0.0553345 0.0373146 0.0185414 0.00753245 0.00457741 0.012979 0.0271748 0.0457355 0.0583668 0.034881 0.0177882 0.00938659 0.00492506 0.0015258 0.00185414 0.000309023 5.79419e-05 3.86279e-05 0
 0 0.00173294 0.00326652 0 0.00397197 0.00683976 0.00946217 0.0152591 0.00757587 0.0136028 0.0228656 0.0392903 0.0559909 0.0764795 0.0681675 0.0726916 0.0566044 0.0477403 0.0527397 0.0444891 0.0609904 0.0582453 0.0661739 0.0445044 0.0529084 0.0360697 0.0280645 0.0235558 0.0158879 0.00826598 0.00280645 0.00217768 0.000904811 0.00058276 9.20147e-05 0
 0 0 0 0 0 0 0 0 0 0 0 0 0 0 0 0 0 0 0 0 0 0 0 0 0 0 0 0 0 0 0 0 0 0 0 0
 0 0 0 0 0 0 0 0 0 0 0 0 0 0 0 0 0 0 0 0 0 0 0 0 0 0 0 0 0 0 0 0 0 0 0 0
 0 0 0 0 0 0 0 0 0 0 0 0 0 0 0 0 0 0 0 0 0 0 0 0 0 0 0 0 0 0 0 0 0 0 0 0
ppred_pel_tallas
 1.01191e-16 3.32821e-05 0.000195341 0.000928565 0.00357503 0.0111484 0.02816 0.057619 0.0955097 0.128266 0.139577 0.123113 0.0881192 0.0514086 0.0249155 0.0109181 0.00578193 0.00522803 0.00663287 0.00883986 0.0113673 0.0139149 0.0162015 0.0179639 0.0190024 0.0192225 0.0186525 0.017427 0.0157474 0.0138311 0.0118676 0.00999271 0.00828413 0.00677203 0.00545693 0.00432615
 1.01343e-16 3.05867e-05 0.00017951 0.00085329 0.00328518 0.0102445 0.0258769 0.0529481 0.0877697 0.117879 0.128294 0.113207 0.0811297 0.0475345 0.0234179 0.0109086 0.00670068 0.0068843 0.00904609 0.0120847 0.0154779 0.0188346 0.0217644 0.0239035 0.0249861 0.0249044 0.023731 0.0216922 0.0191062 0.0163052 0.0135693 0.0110873 0.00895055 0.00717179 0.00571536 0.00452659
 1.02439e-16 2.36398e-05 0.000138716 0.000659331 0.00253835 0.00791553 0.0199942 0.0409126 0.0678237 0.0911051 0.0991925 0.0876187 0.0629905 0.0373072 0.0191263 0.0101659 0.00794593 0.00950144 0.0129813 0.0174832 0.0224748 0.0274541 0.0318773 0.0352242 0.0371052 0.0373471 0.0360258 0.0334326 0.0299896 0.0261449 0.0222821 0.0186674 0.0154416 0.0126437 0.0102507 0.00821487
 1.0309e-16 2.78912e-05 0.000163687 0.000778071 0.00299557 0.00934138 0.0235957 0.0482804 0.0800324 0.107488 0.116986 0.103232 0.0739878 0.0433646 0.021393 0.0100206 0.00624293 0.00650923 0.00863822 0.0116491 0.0150909 0.0186297 0.021924 0.0246411 0.0265175 0.0274107 0.0273213 0.0263758 0.0247806 0.0227648 0.0205311 0.0182289 0.0159519 0.0137518 0.0116584 0.00969577
 1.02682e-16 2.92456e-05 0.000171638 0.00081587 0.00314111 0.00979522 0.024742 0.050626 0.0839204 0.112709 0.122666 0.10824 0.0775684 0.0454441 0.0223819 0.0104185 0.00639578 0.00658084 0.00867548 0.01164 0.014992 0.0183759 0.0214345 0.0238295 0.0253056 0.0257443 0.0251853 0.0238036 0.0218554 0.0196114 0.0173 0.015076 0.0130181 0.0111465 0.00945001 0.00790944
 1.03462e-16 2.2287e-05 0.000130774 0.000621572 0.00239297 0.00746215 0.018849 0.0385695 0.0639401 0.0858908 0.0935215 0.0826241 0.059432 0.0352644 0.0181987 0.00986724 0.00794497 0.00964777 0.0132358 0.0178542 0.022986 0.028132 0.0327465 0.0363059 0.0384157 0.0388968 0.0378182 0.0354621 0.0322396 0.0285854 0.0248687 0.0213424 0.0181367 0.0152853 0.0127669 0.0105417
 1.03734e-16 2.72629e-05 0.000159999 0.000760539 0.00292807 0.00913089 0.023064 0.0471925 0.078229 0.105066 0.11435 0.100906 0.0723215 0.0423894 0.0209152 0.00980356 0.00611968 0.00639588 0.00850444 0.0114924 0.0149258 0.0184852 0.0218422 0.0246744 0.0267222 0.0278388 0.0280114 0.0273456 0.0260227 0.0242465 0.022198 0.020012 0.017776 0.0155438 0.0133543 0.0112454
 1.03906e-16 2.43325e-05 0.000142787 0.000678696 0.00261293 0.00814811 0.0205816 0.0421141 0.0698139 0.0937735 0.102085 0.0901422 0.0647368 0.0382051 0.0193359 0.00987442 0.00724516 0.00838217 0.0113836 0.0153498 0.0197915 0.0242766 0.0283433 0.0315488 0.0335577 0.0342139 0.0335674 0.0318448 0.029378 0.0265164 0.0235535 0.0206862 0.0180124 0.0155556 0.0133004 0.0112238
 1.03754e-16 2.64718e-05 0.000155352 0.00073844 0.00284298 0.00886551 0.0223937 0.0458213 0.0759569 0.102017 0.11104 0.098004 0.070283 0.0412777 0.0205207 0.0098758 0.00650666 0.00705461 0.00945147 0.0127546 0.0165081 0.0203531 0.0239156 0.0268327 0.0288206 0.0297317 0.029578 0.0285102 0.0267652 0.0245999 0.022236 0.0198307 0.0174741 0.0152071 0.0130462 0.0110039
 1.03651e-16 2.5531e-05 0.000149826 0.000712163 0.0027418 0.00854997 0.0215967 0.0441908 0.0732554 0.0983926 0.107104 0.0945529 0.0678576 0.0399526 0.0200462 0.00995271 0.00695294 0.00781787 0.0105506 0.0142217 0.0183509 0.0225341 0.0263446 0.0293729 0.0313061 0.0319945 0.0314765 0.0299527 0.0277214 0.0250993 0.0223545 0.01967 0.017141 0.0147964 0.0126306 0.0106304
 1.04894e-16 1.98572e-05 0.000116509 0.000553754 0.00213185 0.00664787 0.0167923 0.0343611 0.0569648 0.0765246 0.0833332 0.0736468 0.0530265 0.0315685 0.0164857 0.00925353 0.00782422 0.00973895 0.0134616 0.0182314 0.0235707 0.0289999 0.0339839 0.0380005 0.0406454 0.0417166 0.0412474 0.0394752 0.036762 0.033497 0.0300136 0.0265442 0.023217 0.0200817 0.0171474 0.0144144
 1.0642e-16 2.00505e-05 0.00011765 0.000559192 0.00215282 0.00671326 0.0169573 0.0346984 0.057522 0.0772673 0.0841267 0.0743116 0.053426 0.0316481 0.0162391 0.00866331 0.00683035 0.00824681 0.0113742 0.0154892 0.0201901 0.0251018 0.0298039 0.0338739 0.0369654 0.038873 0.0395607 0.0391417 0.0378239 0.035843 0.0334076 0.0306718 0.0277375 0.0246745 0.0215454 0.0184223
 1.05032e-16 2.71438e-05 0.000159302 0.000757227 0.00291533 0.00909115 0.0229636 0.046987 0.0778879 0.104607 0.113847 0.100454 0.0719809 0.0421558 0.0207367 0.00961404 0.0058601 0.00601868 0.00797222 0.0107796 0.0140247 0.017413 0.0206463 0.0234329 0.0255385 0.0268306 0.0272961 0.0270255 0.0261715 0.0249 0.0233506 0.0216175 0.0197534 0.0177866 0.0157422 0.0136568
 1.03107e-16 2.87747e-05 0.000168873 0.000802723 0.00309049 0.00963737 0.0243433 0.0498103 0.0825685 0.110894 0.120694 0.106507 0.0763405 0.0447539 0.0220961 0.010376 0.00649118 0.00677211 0.00895725 0.0120183 0.0154697 0.0189459 0.0220782 0.0245186 0.0260067 0.0264263 0.0258256 0.0243931 0.0224 0.0201287 0.0178141 0.0156104 0.0135895 0.0117606 0.0101008 0.00858065
 1.01598e-16 3.29132e-05 0.000193174 0.000918263 0.00353537 0.0110247 0.0278475 0.0569798 0.0944505 0.126845 0.138033 0.121757 0.0871626 0.0508782 0.0247097 0.0109146 0.00590285 0.00544484 0.00694445 0.00925108 0.011876 0.0145058 0.0168451 0.0186196 0.0196258 0.0197746 0.0191085 0.0177829 0.0160206 0.014056 0.0120875 0.0102497 0.0086098 0.00718189 0.00594858 0.00488159
 1.01035e-16 3.30947e-05 0.000194238 0.00092332 0.00355483 0.0110854 0.0280009 0.0572936 0.0949711 0.127545 0.138799 0.12244 0.0876684 0.0512073 0.0249323 0.0111184 0.00615997 0.00580534 0.00743984 0.00989486 0.0126594 0.0153924 0.0177692 0.0194906 0.0203395 0.0202291 0.0192219 0.0175073 0.0153501 0.0130267 0.0107695 0.00873457 0.00699689 0.00556506 0.00440689 0.00347394
 1.01568e-16 2.71575e-05 0.000159372 0.000757539 0.00291649 0.00909475 0.0229728 0.0470066 0.0779234 0.104663 0.113932 0.100585 0.072197 0.0425274 0.0213732 0.0106651 0.00750879 0.00846246 0.0113877 0.0152727 0.0195751 0.0238288 0.027545 0.0302637 0.0316468 0.0315549 0.0300763 0.0274936 0.0242068 0.0206357 0.0171362 0.013951 0.0112012 0.0089087 0.00703342 0.00550969
 1.02442e-16 2.75061e-05 0.000161423 0.000767302 0.0029541 0.00921204 0.023269 0.0476123 0.0789258 0.106005 0.11538 0.101833 0.0730273 0.0428853 0.0213116 0.0102408 0.00672247 0.00726207 0.00970393 0.0130601 0.0168469 0.0206811 0.0241652 0.0269168 0.0286419 0.0291953 0.0286065 0.0270569 0.0248228 0.0222038 0.0194607 0.0167812 0.0142736 0.011984 0.0099215 0.00808083
 1.02879e-16 2.69818e-05 0.000158345 0.000752664 0.00289774 0.00903628 0.022825 0.046704 0.0774206 0.103984 0.113184 0.0999029 0.0716596 0.0421157 0.0209913 0.0101899 0.00682294 0.00746613 0.0100046 0.013463 0.0173546 0.0212858 0.0248469 0.0276459 0.0293844 0.0299205 0.0292939 0.0277008 0.0254326 0.0228003 0.0200695 0.0174245 0.014964 0.0127208 0.0106909 0.00885891
 1.02351e-16 3.07767e-05 0.00018063 0.000858623 0.00330573 0.0103086 0.0260387 0.053279 0.0883168 0.11861 0.129079 0.113876 0.0815572 0.0476804 0.0232962 0.0105299 0.00604022 0.00588599 0.00764724 0.0102454 0.0132078 0.0162127 0.018946 0.0211101 0.0224778 0.0229395 0.0225221 0.0213702 0.0197003 0.0177441 0.0156996 0.0137046 0.0118337 0.0101129 0.00854137 0.00711072
 1.022e-16 2.82429e-05 0.000165748 0.000787859 0.00303325 0.00945885 0.0238924 0.048888 0.0810406 0.108846 0.118472 0.104565 0.0749904 0.0440461 0.0219021 0.0105443 0.00694157 0.00750066 0.00999969 0.0134116 0.0172238 0.0210263 0.0243975 0.0269398 0.0283584 0.0285261 0.0275083 0.0255346 0.0229333 0.0200489 0.0171719 0.0144989 0.0121273 0.0100752 0.00831453 0.00680111
 1.02476e-16 2.79751e-05 0.000164177 0.000780395 0.00300451 0.00936925 0.0236661 0.0484248 0.0802724 0.107813 0.117346 0.103564 0.0742595 0.0435903 0.0216269 0.0103331 0.00670388 0.00718073 0.00956839 0.0128615 0.0165709 0.0203132 0.0236938 0.0263357 0.0279521 0.0284067 0.0277384 0.0261372 0.0238864 0.0212891 0.0186061 0.0160203 0.0136319 0.0114759 0.00954936 0.00783604
 1.02333e-16 2.98021e-05 0.000174906 0.000831406 0.00320093 0.00998177 0.0252132 0.0515901 0.0855181 0.114854 0.124998 0.110291 0.0790232 0.046267 0.0227325 0.0104899 0.00631562 0.00640207 0.00840669 0.0112742 0.0145227 0.017804 0.0207711 0.0230946 0.0245243 0.0249424 0.0243835 0.0230144 0.0210821 0.01885 0.0165432 0.0143178 0.0122575 0.0103893 0.00870861 0.00720046
 1.02266e-16 2.864e-05 0.000168081 0.000798952 0.00307596 0.00959207 0.0242289 0.0495763 0.0821812 0.110376 0.120134 0.106022 0.0760134 0.0446036 0.0220991 0.0105063 0.0067444 0.00716527 0.00951696 0.0127671 0.016414 0.0200676 0.0233296 0.0258232 0.0272668 0.0275345 0.0266805 0.0249128 0.0225324 0.0198572 0.0171567 0.0146148 0.0123257 0.0103119 0.00855447 0.0070204
 1.04196e-16 1.69039e-05 9.91627e-05 0.000471272 0.00181425 0.00565741 0.0142905 0.029243 0.0484839 0.0651438 0.0709719 0.0627984 0.0453813 0.0273495 0.0148913 0.00932193 0.00895732 0.0117459 0.0163828 0.0221654 0.028565 0.0349917 0.0407753 0.0452667 0.0479728 0.0486641 0.0474156 0.0445656 0.0406128 0.0360888 0.0314482 0.0270072 0.0229352 0.0192855 0.0160445 0.013175
pSPR Fmed_Fpbrs
0.678988   0.336374 0.336374
Fs Fmed_Fpbrs
0.247079   1.005 1.005
SSBpbr Bo_Bmed_Bpbrs
1.27178e+06  799937  364206 364206
Ro
53103.6
SPR SPRFo_SPRFmed_SPRFpbrs
1.09444e+06 743112 368141
log_Ro
10.7
likeval ReclasPelacesDesembMPH_pf_preclas_ppelaces_ptallas_desvR_qrecl_qpela
 60.3194 21.0783 0.0235371 0.000232981 287.459 197.175 70.3783 0 16.131 6.45565e-05 1.47746e-05 0 0 0 0
q_reclas_q_pelaces
0.320283 1.72781
M
0.7
N
 59995.3 15536.8 5771.41 679.396 0.348782
 73856 27531.2 5061.89 1880.32 221.461
 46198.7 34539.4 9923.54 1824.55 757.583
 67780.7 21081.3 10920.4 3137.54 816.395
 112096 33125.4 9612.78 4979.54 1802.94
 82742.8 55480.3 16159.7 4689.44 3308.73
 126018 39701.9 22936.3 6680.62 3306.54
 112991 61229.2 17549.7 10138.7 4414.7
 130122 53677.3 23999.3 6878.76 5704.31
 129499 61346.5 20201 9031.94 4735.54
 66656.4 61570.7 24152.4 7953.24 5420.32
 41966.7 30159.8 18606 7298.59 4041.34
 42309 19090.1 9377.13 5784.86 3525.75
 23484.1 18262.1 4485.53 2203.31 2187.68
 17047.5 9019.85 2301.01 565.172 553.26
 19922.6 6544.79 1133.84 289.248 140.592
 16308 8938.66 1890.74 327.558 124.178
 18579 7554.28 3062.22 647.733 154.756
 21069.1 8809.05 2930.58 1187.95 311.315
 36265.5 10071.1 3568.49 1187.16 607.342
 45592.3 17329.7 4073.17 1443.25 725.776
 60663.8 22224.3 7794.19 1831.95 975.541
 96131.8 29416.8 9720.44 3409.01 1227.94
 127351 46421.9 12583.2 4157.96 1983.47
 58781.1 61570.4 19983.4 5416.71 2643.72
pred_Ctot
 3290.29 3936.69 1462.35 172.144 0.0883738
 3104.75 5528.79 1016.53 377.606 44.4736
 2707.36 9260.61 2660.67 489.192 203.121
 773.286 1245.59 645.231 185.382 48.2368
 268.095 420.261 121.957 63.1753 22.8739
 2012.52 6753.73 1967.15 570.855 402.778
 1956.41 3157.5 1824.12 531.31 262.969
 3531.69 9404.9 2695.66 1557.32 678.104
 4750.15 9497.55 4246.38 1217.11 1009.31
 3973.04 9263.23 3050.32 1363.81 715.059
 4281.78 17832.9 6995.35 2303.52 1569.91
 2547.2 8329.85 5138.78 2015.8 1116.18
 4011.85 7545.88 3706.56 2286.62 1393.65
 3883.22 10567.5 2595.58 1274.96 1265.92
 2823.17 5224.15 1332.71 327.338 320.439
 1390.59 2030.36 351.746 89.7322 43.6154
 791.026 2036.51 430.77 74.628 28.2916
 605.507 1205.65 488.727 103.377 24.6989
 568.331 1180.97 392.884 159.26 41.7359
 985.831 1359.88 481.848 160.3 82.0085
 603.334 1181.95 277.805 98.4352 49.5006
 1026.65 1919.61 673.217 158.233 84.2616
 1908.53 2957.69 977.334 342.757 123.462
 2422.24 4481.47 1214.75 401.4 191.48
 947.413 5075.68 1647.37 446.537 217.94
F
 0.0789477 0.421473 0.421473 0.421473 0.421473
 0.0600169 0.320408 0.320408 0.320408 0.320408
 0.0845669 0.451472 0.451472 0.451472 0.451472
 0.0159761 0.0852903 0.0852903 0.0852903 0.0852903
 0.00333049 0.0177803 0.0177803 0.0177803 0.0177803
 0.0343364 0.183309 0.183309 0.183309 0.183309
 0.0217961 0.116361 0.116361 0.116361 0.116361
 0.0443186 0.236601 0.236601 0.236601 0.236601
 0.0519341 0.277257 0.277257 0.277257 0.277257
 0.0434857 0.232154 0.232154 0.232154 0.232154
 0.0930394 0.496703 0.496703 0.496703 0.496703
 0.0877073 0.468237 0.468237 0.468237 0.468237
 0.140169 0.748313 0.748313 0.748313 0.748313
 0.256898 1.37148 1.37148 1.37148 1.37148
 0.257335 1.37382 1.37382 1.37382 1.37382
 0.101468 0.541701 0.541701 0.541701 0.541701
 0.0695394 0.371246 0.371246 0.371246 0.371246
 0.0462502 0.246913 0.246913 0.246913 0.246913
 0.0381439 0.203636 0.203636 0.203636 0.203636
 0.0384448 0.205243 0.205243 0.205243 0.205243
 0.0185522 0.0990433 0.0990433 0.0990433 0.0990433
 0.0237805 0.126955 0.126955 0.126955 0.126955
 0.0279484 0.149207 0.149207 0.149207 0.149207
 0.0267617 0.142871 0.142871 0.142871 0.142871
 0.0226366 0.120849 0.120849 0.120849 0.120849
nmprior
 10 11 7 0
nm_flota  nm_reclas  nm_pelaces    nm_pelaL
inf 14.1898 18.4501 33.052
cv_recla  cv_pelaces  cv_mph
0.702512 0.540234 0.49522
 ------------------------------------------------
Talla a la edad & desviación 
 7.2 14.2025 17.0495 18.207 18.6776
 1.08 2.13037 2.55742 2.73105 2.80164
