    unsorted:	 0.0007293122538 0.0008999969548 0.05651059022 1.003182379 3.214694328 16.24209724 49.29981937 41.46404529 72.69944253 80.60035102 195.5324987 132.4572324 228.9150660 344.0437516 356.4787780 450.6920662 402.9466976 499.5671100 533.6311093 582.5499917 605.0439249 732.5638901 745.1406017 769.7710078 798.1256262 824.5160976 848.0661257 881.4837329 888.5695639 904.0409120 944.2731518 969.0192411 992.8173227 1077.312531 1185.689398 1215.874002 1356.802448 1655.082156 5465.644102 194522.4959 210803.5975 290032.9785 347437.9860 419159.3691 503700.7225 520510.6419 686997.3516 658329.8922 763665.5476 819154.7671 892054.3709 989253.3050 1051454.808 1190249.359 1339366.971 1409792.515 1607226.131 1895362.572 2031427.952 2151556.894 2321016.077 2443073.963 2489243.683 2772433.903 3198275.667
      sorted:	 0.0007293122538 0.0008999969548 0.05651059022 1.003182379 3.214694328 16.24209724 41.46404529 49.29981937 72.69944253 80.60035102 132.4572324 195.5324987 228.9150660 344.0437516 356.4787780 402.9466976 450.6920662 499.5671100 533.6311093 582.5499917 605.0439249 732.5638901 745.1406017 769.7710078 798.1256262 824.5160976 848.0661257 881.4837329 888.5695639 904.0409120 944.2731518 969.0192411 992.8173227 1077.312531 1185.689398 1215.874002 1356.802448 1655.082156 5465.644102 194522.4959 210803.5975 290032.9785 347437.9860 419159.3691 503700.7225 520510.6419 658329.8922 686997.3516 763665.5476 819154.7671 892054.3709 989253.3050 1051454.808 1190249.359 1339366.971 1409792.515 1607226.131 1895362.572 2031427.952 2151556.894 2321016.077 2443073.963 2489243.683 2772433.903 3198275.667
