years
 1997 1998 1999 2000 2001 2002 2003 2004 2005 2006 2007 2008 2009 2010 2011 2012 2013 2014 2015 2016 2017 2018 2019 2020 2021
reclasobs
 0 0 0 370054 412103 1.49427e+06 250295 1.28982e+06 931140 785840 897777 1.04006e+06 184774 17550 25797 100020 73551 82996 120727 218422 84188 347160 605670 569463 516374
reclaspred
 4.96952e+06 846955 1.0661e+06 226922 258033 361201 696762 656589 664001 838935 939159 729660 394691 144579 79034.5 76879.1 79229.1 109711 139453 134961 196860 222286 353447 357063 304568
pelacesobs
 0 0 0 0 0 0 0 0 0 2.06254e+06 1.5e+06 0 1.87456e+06 323000 250000 174000 83755 137374 0 501740 490994 745055 786931 1.00524e+06 0
pelacespred
 1.34047e+07 7.05209e+06 1.65491e+06 847599 891428 748709 2.0821e+06 1.99755e+06 1.78019e+06 2.50093e+06 2.3021e+06 1.90079e+06 977422 279533 154449 163260 174283 265546 353835 310879 580624 652748 738657 852041 641840
mphobs
 0 0 0 0 0 112323 0 153150 637223 0 255016 313432 73983 77613 109348 50772 0 0 0 0 0 0 0 0 0
mphpred
 924728 391039 186179 66776.6 49232.9 141051 157866 293910 253912 272596 383262 277143 172710 96822.5 45877.5 32562.7 28505.2 35245.6 46807 42662 53560.6 74437 87223.3 107630 119476
desembarqueobs
 350755 77701 442110 56441 14545 235359 269955 359681 431902 328805 639364 411747 362871 311530 167758 66681 60226 58785 57116 71774 51957 67425 138520 160799 200461
desembarquepred
 350742 77675.8 441538 56413.6 14542.9 235191 269892 359100 431401 328514 638240 411047 362142 310963 167253 66606.3 60197.9 58700 57032.9 71688 51941.2 67353.1 138401 160688 200370
Reclutas
 13040.4 21071.7 2488.49 5846.49 38234.3 13830.2 64066.4 56089 62128.7 111763 69808.3 49165.3 54876.7 29453.1 12243.4 9039.41 7220.38 8868.84 7286.15 8589.87 15118.4 17731.4 25582.9 28245.1 1004.08
log_desv_Rt
 -0.324191 0.155684 -1.98057 -1.1264 0.751488 -0.265392 1.26768 1.13469 1.23696 1.82413 1.35351 1.00294 1.11284 0.490553 -0.387255 -0.690651 -0.915337 -0.709701 -0.906269 -0.741661 -0.176333 -0.016906 0.34968 0.448676 -2.88818
SSB
 1.2633e+06 534210 254345 91225.5 67258.5 192694 215665 401520 346877 372402 523586 378614 235945 132272 62674.7 44484.9 38941.9 48150.1 63944.4 58281.9 73170.7 101691 119158 147037 163219
BT
 1.81467e+06 666609 385000 148657 253530 303469 1.03562e+06 931847 956309 1.09789e+06 1.15803e+06 821857 673972 389144 195696 101896 101818 126461 116570 127999 198442 174645 233575 313743 233095
Ftot
 0.235618 0.381771 1.47605 1.02006 0.274306 1.71517 1.64897 1.72819 2.10465 1.44687 1.97336 1.72783 2.86724 4.95303 4.95303 2.42233 2.31243 1.75834 1.21987 1.67459 0.927955 0.966917 1.23922 1.43108 1.69494
BD_Bspro_t
 0.96886 0.788579 0.542107 0.186458 0.245248 0.527354 0.38953 0.483525 0.396797 0.374456 0.419138 0.284392 0.198283 0.133276 0.0766241 0.067745 0.0828038 0.139604 0.218826 0.245285 0.320496 0.458042 0.453665 0.428732 0.360889
BD_Bspro
 3.39901 1.43734 0.684336 0.24545 0.180964 0.518459 0.580264 1.08032 0.933301 1.00198 1.40875 1.01869 0.634828 0.355889 0.168631 0.11969 0.104776 0.129552 0.172048 0.156812 0.196872 0.273607 0.320605 0.395616 0.439155
BD_Bo
 1.50831 0.637817 0.303674 0.108918 0.0803029 0.230066 0.257492 0.479392 0.414152 0.444627 0.625132 0.452043 0.281705 0.157925 0.07483 0.0531124 0.0464944 0.0574885 0.0763461 0.0695853 0.0873617 0.121413 0.142268 0.175554 0.194875
BD_Brms
 4.25444 1.79907 0.856563 0.307222 0.226508 0.64894 0.726299 1.35221 1.16818 1.25414 1.76329 1.27506 0.794595 0.445455 0.211071 0.149813 0.131145 0.162156 0.215347 0.196277 0.246418 0.342466 0.401292 0.49518 0.549677
S_f
 0.0802859 0.775618 0.992747 0.999816 0.999995
 0.0802859 0.775618 0.992747 0.999816 0.999995
 0.0802859 0.775618 0.992747 0.999816 0.999995
 0.0802859 0.775618 0.992747 0.999816 0.999995
 0.0802859 0.775618 0.992747 0.999816 0.999995
 0.0802859 0.775618 0.992747 0.999816 0.999995
 0.0802859 0.775618 0.992747 0.999816 0.999995
 0.0802859 0.775618 0.992747 0.999816 0.999995
 0.0802859 0.775618 0.992747 0.999816 0.999995
 0.0802859 0.775618 0.992747 0.999816 0.999995
 0.0802859 0.775618 0.992747 0.999816 0.999995
 0.0802859 0.775618 0.992747 0.999816 0.999995
 0.0802859 0.775618 0.992747 0.999816 0.999995
 0.0802859 0.775618 0.992747 0.999816 0.999995
 0.0802859 0.775618 0.992747 0.999816 0.999995
 0.0802859 0.775618 0.992747 0.999816 0.999995
 0.0802859 0.775618 0.992747 0.999816 0.999995
 0.0802859 0.775618 0.992747 0.999816 0.999995
 0.0802859 0.775618 0.992747 0.999816 0.999995
 0.0802859 0.775618 0.992747 0.999816 0.999995
 0.0802859 0.775618 0.992747 0.999816 0.999995
 0.0802859 0.775618 0.992747 0.999816 0.999995
 0.0802859 0.775618 0.992747 0.999816 0.999995
 0.0802859 0.775618 0.992747 0.999816 0.999995
 0.0802859 0.775618 0.992747 0.999816 0.999995
Scru_reclas
 0.113624 0.392144 0.764522 0.942328 0.987985
 0.113624 0.392144 0.764522 0.942328 0.987985
 0.113624 0.392144 0.764522 0.942328 0.987985
 0.113624 0.392144 0.764522 0.942328 0.987985
 0.113624 0.392144 0.764522 0.942328 0.987985
 0.113624 0.392144 0.764522 0.942328 0.987985
 0.113624 0.392144 0.764522 0.942328 0.987985
 0.113624 0.392144 0.764522 0.942328 0.987985
 0.113624 0.392144 0.764522 0.942328 0.987985
 0.113624 0.392144 0.764522 0.942328 0.987985
 0.113624 0.392144 0.764522 0.942328 0.987985
 0.113624 0.392144 0.764522 0.942328 0.987985
 0.113624 0.392144 0.764522 0.942328 0.987985
 0.113624 0.392144 0.764522 0.942328 0.987985
 0.113624 0.392144 0.764522 0.942328 0.987985
 0.113624 0.392144 0.764522 0.942328 0.987985
 0.113624 0.392144 0.764522 0.942328 0.987985
 0.113624 0.392144 0.764522 0.942328 0.987985
 0.113624 0.392144 0.764522 0.942328 0.987985
 0.113624 0.392144 0.764522 0.942328 0.987985
 0.113624 0.392144 0.764522 0.942328 0.987985
 0.113624 0.392144 0.764522 0.942328 0.987985
 0.113624 0.392144 0.764522 0.942328 0.987985
 0.113624 0.392144 0.764522 0.942328 0.987985
 0.113624 0.392144 0.764522 0.942328 0.987985
Scru_pelaces
 0.0995719 0.357542 0.736896 0.933754 0.986099
 0.0995719 0.357542 0.736896 0.933754 0.986099
 0.0995719 0.357542 0.736896 0.933754 0.986099
 0.0995719 0.357542 0.736896 0.933754 0.986099
 0.0995719 0.357542 0.736896 0.933754 0.986099
 0.0995719 0.357542 0.736896 0.933754 0.986099
 0.0995719 0.357542 0.736896 0.933754 0.986099
 0.0995719 0.357542 0.736896 0.933754 0.986099
 0.0995719 0.357542 0.736896 0.933754 0.986099
 0.0995719 0.357542 0.736896 0.933754 0.986099
 0.0995719 0.357542 0.736896 0.933754 0.986099
 0.0995719 0.357542 0.736896 0.933754 0.986099
 0.0995719 0.357542 0.736896 0.933754 0.986099
 0.0995719 0.357542 0.736896 0.933754 0.986099
 0.0995719 0.357542 0.736896 0.933754 0.986099
 0.0995719 0.357542 0.736896 0.933754 0.986099
 0.0995719 0.357542 0.736896 0.933754 0.986099
 0.0995719 0.357542 0.736896 0.933754 0.986099
 0.0995719 0.357542 0.736896 0.933754 0.986099
 0.0995719 0.357542 0.736896 0.933754 0.986099
 0.0995719 0.357542 0.736896 0.933754 0.986099
 0.0995719 0.357542 0.736896 0.933754 0.986099
 0.0995719 0.357542 0.736896 0.933754 0.986099
 0.0995719 0.357542 0.736896 0.933754 0.986099
 0.0995719 0.357542 0.736896 0.933754 0.986099
pf_obs 
 0.256992 0.487395 0.22802 0.0275931 0
 0.321318 0.546541 0.124235 0.00734118 0.000564706
 0.182869 0.594174 0.210203 0.0122559 0.00049798
 0.330522 0.361315 0.267642 0.0388342 0.00168674
 0.649043 0.306663 0.0425973 0.00169635 0
 0.582887 0.30429 0.105238 0.00758474 0
 0.465427 0.430635 0.0974691 0.00646863 0
 0.296916 0.608066 0.0921331 0.00288517 0
 0.311714 0.524322 0.152257 0.0117073 0
 0.15457 0.633149 0.183074 0.0267441 0.00246327
 0.131901 0.49318 0.331252 0.0422183 0.00144891
 0.196976 0.569456 0.194076 0.0375587 0.00193317
 0.518974 0.381816 0.0799577 0.0180837 0.00116848
 0.0928022 0.601141 0.25162 0.0475244 0.00691264
 0.122501 0.610282 0.24278 0.0234846 0.000952079
 0.383417 0.481906 0.127806 0.00687128 0
 0.0376549 0.599619 0.316969 0.0457579 0
 0.0361596 0.667082 0.258105 0.0386534 0
 0.158088 0.579412 0.248529 0.0139706 0
 0.0477256 0.309471 0.559284 0.082774 0.000745712
 0.0406174 0.521527 0.379366 0.0568643 0.0016247
 0.151134 0.462217 0.34131 0.0453401 0
 0.294876 0.26143 0.354403 0.0886775 0.000613685
 0.281977 0.475581 0.204845 0.0348837 0.00271318
 0 0 0 0 0
pf_pred 
 0.025848 0.639481 0.295578 0.0390894 2.66916e-06
 0.0709307 0.1844 0.532267 0.187765 0.0246375
 0.0180758 0.475945 0.126201 0.27212 0.107658
 0.159656 0.216897 0.373577 0.0629823 0.186888
 0.545096 0.339245 0.0391115 0.0460841 0.0304638
 0.101303 0.830374 0.0543628 0.0047466 0.00921386
 0.537516 0.311195 0.144074 0.00575891 0.00145607
 0.240629 0.727607 0.0244367 0.00698338 0.000344507
 0.281144 0.614085 0.102067 0.00208711 0.000616298
 0.371961 0.563855 0.0584863 0.00555346 0.000144522
 0.182029 0.742068 0.0707713 0.00468213 0.000449882
 0.183462 0.671915 0.136476 0.00760434 0.000542241
 0.305587 0.568413 0.111421 0.0137696 0.000809355
 0.270027 0.688005 0.0378207 0.00367669 0.000470488
 0.259614 0.722362 0.017672 0.000318299 3.36653e-05
 0.291171 0.689256 0.0194139 0.000155832 2.99376e-06
 0.250026 0.685572 0.0634316 0.000963347 7.72928e-06
 0.305195 0.619348 0.0717488 0.0036535 5.48913e-05
 0.197826 0.713953 0.0821545 0.00577305 0.000293787
 0.249865 0.587956 0.149934 0.0114127 0.000832204
 0.319417 0.584011 0.0825694 0.0129602 0.00104262
 0.228556 0.659048 0.100866 0.00987438 0.00165605
 0.266877 0.581583 0.135642 0.0142836 0.00161438
 0.241584 0.642069 0.0992993 0.0152796 0.00176817
 0.010881 0.830931 0.141785 0.0140271 0.00237523
pobs_RECLAS
 0 0 0 0 0
 0 0 0 0 0
 0 0 0 0 0
 0 0 0 0 0
 0.835266 0.146461 0.0176864 0.000547809 3.91292e-05
 0.385257 0.428462 0.181853 0.0044286 0
 0.867414 0.0963971 0.0333333 0.00285562 0
 0.441836 0.489002 0.0689373 0.000224442 0
 0.779404 0.147425 0.0564933 0.0165055 0.000172143
 0.814271 0.122319 0.05973 0.00367925 0
 0.40263 0.566651 0.0304383 0.000280538 0
 0.475488 0.404961 0.113038 0.00651328 0
 0.955842 0.0263864 0.0167828 0.000988607 0
 0.975058 0.0227948 0.00214734 0 0
 0.738997 0.206755 0.0527124 0.00153531 0
 0.850938 0.134255 0.0134407 0.00136685 0
 0.542534 0.407297 0.0501686 0 0
 0.764087 0.199537 0.0359546 0.000420521 0
 0.470689 0.182191 0.310203 0.0369168 0
 0.84361 0.089868 0.0606195 0.00523954 0.000663233
 0.607945 0.314616 0.071237 0.00620181 0
 0.523733 0.453247 0.0230204 0 0
 0.530135 0.295979 0.169645 0.0042399 0
 0.562478 0.366248 0.0663022 0.0049721 0
 0.250443 0.683176 0.0655157 0.000865301 0
ppred_RECLAS
 0.0592846 0.518339 0.363541 0.0588321 4.21113e-06
 0.127486 0.11619 0.50726 0.218949 0.0301157
 0.0404534 0.340808 0.130901 0.344833 0.143004
 0.278125 0.126406 0.322348 0.0664457 0.206675
 0.739908 0.162408 0.028389 0.0409317 0.0283636
 0.25845 0.659837 0.0617372 0.00658251 0.0133936
 0.763438 0.138727 0.0921443 0.00449829 0.00119216
 0.499499 0.469705 0.0225279 0.00786131 0.000406512
 0.554631 0.359354 0.0832935 0.00207807 0.000643195
 0.637558 0.310199 0.0466797 0.0054154 0.000147724
 0.414967 0.510469 0.0684782 0.00552917 0.000556871
 0.401033 0.456781 0.132498 0.00901498 0.000673815
 0.609339 0.300561 0.0776884 0.0116912 0.000720259
 0.673776 0.305432 0.0183444 0.00215776 0.00028936
 0.662869 0.328148 0.00877101 0.000191149 2.11867e-05
 0.588948 0.395698 0.0152022 0.000148767 2.99567e-06
 0.528261 0.417625 0.053121 0.000983824 8.2738e-06
 0.57496 0.361562 0.0597078 0.00371237 5.84641e-05
 0.416043 0.493153 0.0832699 0.00715201 0.000381515
 0.492051 0.362337 0.132367 0.0123046 0.000940496
 0.564005 0.347724 0.0730645 0.0140237 0.00118259
 0.45041 0.436507 0.0991309 0.0118662 0.0020861
 0.501546 0.358305 0.122513 0.015768 0.0018681
 0.479207 0.409462 0.0919476 0.0172867 0.00209688
 0.0317557 0.757099 0.184849 0.0223324 0.00396388
pobs_PELACES
 0 0 0 0 0
 0 0 0 0 0
 0 0 0 0 0
 0 0 0 0 0
 0 0 0 0 0
 0 0 0 0 0
 0 0 0 0 0
 0 0 0 0 0
 0 0 0 0 0
 0 0 0 0 0
 0.450072 0.473896 0.0757376 0.000293798 0
 0 0 0 0 0
 0.463077 0.371075 0.160297 0.00555027 0
 0.529543 0.364841 0.0842815 0.0213345 0
 0.631943 0.363953 0.00410389 0 0
 0.735681 0.248677 0.0153453 0.000297389 0
 0.695825 0.281241 0.0229344 0 0
 0.275771 0.60734 0.115278 0.00161068 0
 0 0 0 0 0
 0.896147 0.0623911 0.0374545 0.00400742 0
 0.803859 0.145111 0.0509908 3.86294e-05 0
 0.739449 0.233085 0.0266225 0.000797448 4.60066e-05
 0.878498 0.100942 0.0204185 0.000141795 0
 0.694673 0.275183 0.0284847 0.00165964 0
 0 0 0 0 0
ppred_PELACES
 0.059013 0.508572 0.370761 0.0616498 4.44477e-06
 0.129216 0.112251 0.504088 0.223484 0.0309618
 0.054764 0.342113 0.12497 0.337279 0.140874
 0.31938 0.119508 0.299465 0.0633096 0.198337
 0.740179 0.158724 0.0287597 0.0426021 0.0297348
 0.333223 0.597154 0.0522345 0.00570268 0.0116864
 0.822762 0.106549 0.066478 0.00332354 0.000887129
 0.588702 0.387419 0.0173552 0.00620112 0.000322956
 0.663796 0.276078 0.0581783 0.00148489 0.000462871
 0.703407 0.255479 0.0366397 0.00435516 0.000119654
 0.519992 0.423169 0.0520982 0.00430473 0.000436646
 0.492769 0.392827 0.106431 0.00741462 0.000558162
 0.74929 0.199163 0.0443141 0.00681009 0.000422523
 0.862798 0.130598 0.00581471 0.000695066 9.38584e-05
 0.855684 0.141444 0.00280265 6.20708e-05 6.92774e-06
 0.706816 0.283409 0.00967637 9.67993e-05 1.96307e-06
 0.649338 0.314182 0.0357961 0.00067789 5.74152e-06
 0.662835 0.289694 0.0445868 0.00283831 4.50186e-05
 0.476468 0.444147 0.0726451 0.00639625 0.000343651
 0.581821 0.303547 0.103972 0.00989745 0.000761919
 0.606355 0.314353 0.0653352 0.012864 0.00109261
 0.496338 0.400883 0.0898009 0.011026 0.00195235
 0.564449 0.31571 0.104421 0.0137766 0.00164389
 0.553412 0.354275 0.0759046 0.0146219 0.00178636
 0.0450118 0.756772 0.17299 0.0214011 0.00382575
pobs_pel_tallas
 0 0 0 0 0 0 0 0 0 0 0 0 0 0 0 0 0 0 0 0 0 0 0 0 0 0 0 0 0 0 0 0 0 0 0 0
 0 0 0 0 0 0 0 0 0 0 0 0 0 0 0 0 0 0 0 0 0 0 0 0 0 0 0 0 0 0 0 0 0 0 0 0
 0 0 0 0 0 0 0 0 0 0 0 0 0 0 0 0 0 0 0 0 0 0 0 0 0 0 0 0 0 0 0 0 0 0 0 0
 0 0 0 0 0 0 0 0 0 0 0 0 0 0 0 0 0 0 0 0 0 0 0 0 0 0 0 0 0 0 0 0 0 0 0 0
 0 0 0 0 0 0 0 0 0 0 0 0 0 0 0 0 0 0 0 0 0 0 0 0 0 0 0 0 0 0 0 0 0 0 0 0
 0 0 0 0 0 0 0 0 0 0 0 0 0 0 0 0 0 0 0 0 0 0 0 0 0 0 0 0 0 0 0 0 0 0 0 0
 0 0 0 0 0 0 0 0 0 0 0 0 0 0 0 0 0 0 0 0 0 0 0 0 0 0 0 0 0 0 0 0 0 0 0 0
 0 0 0 0 0 0 0 0 0 0 0 0 0 0 0 0 0 0 0 0 0 0 0 0 0 0 0 0 0 0 0 0 0 0 0 0
 0 0 0 0 0 0 0 0 0 0 0 0 0 0 0 0 0 0 0 0 0 0 0 0 0 0 0 0 0 0 0 0 0 0 0 0
 0 0 0 0 0 0 0 0 0 0 0 0 0 0 0 0 0 0 0 0 0 0 0 0 0 0 0 0 0 0 0 0 0 0 0 0
 0 0 0 0 0 0 0 0 1.78061e-05 0.00172719 0.00360574 0.0105946 0.0120993 0.0124554 0.0147524 0.0171206 0.0266825 0.0428682 0.0675386 0.121331 0.153587 0.119568 0.100827 0.0573624 0.0630603 0.0341343 0.0324427 0.0444173 0.0211091 0.0280891 0.0125444 0.00206551 0 0 0 0
 0 0 0 0 0 0 0 0 0 0 0 0 0 0 0 0 0 0 0 0 0 0 0 0 0 0 0 0 0 0 0 0 0 0 0 0
 0 0 0 0 0 0 0.0133647 0.0140871 0.0187388 0.0205184 0.03894 0.0496705 0.03968 0.0493445 0.0407372 0.0367815 0.0215668 0.0243155 0.0234873 0.0199281 0.019796 0.0243948 0.0301388 0.0376714 0.0412746 0.0863199 0.0771752 0.113111 0.0741005 0.0525337 0.0229764 0.00759418 0.00175318 0 0 0
 0 0 0 0 0 0 0 0 0 0 0.00219441 0.00772107 0.0458388 0.0604681 0.0671733 0.0775358 0.0609151 0.0617685 0.073594 0.0568108 0.0755445 0.0548602 0.0670107 0.0636378 0.0643287 0.046367 0.0373049 0.0286899 0.0247887 0.0153202 0.00654259 0.00121912 0.000365735 0 0 0
 0 0 0 0 0 0 0 0 0 0 0 0 0.000112435 0.00938835 0.0111873 0.0202946 0.0414886 0.0713402 0.111592 0.104902 0.108894 0.110636 0.117776 0.105296 0.107544 0.0401394 0.0192827 0.0124803 0.00416011 0.0028671 0.000618394 0 0 0 0 0
 0 0 0 0 0 0 0 0 0 0 0.00291406 0.0102884 0.027416 0.0768956 0.0749926 0.110853 0.0956884 0.0897413 0.0766577 0.0534642 0.0500743 0.0551293 0.0594112 0.0620874 0.0668451 0.0424026 0.0208742 0.0120726 0.0048766 0.00582813 0.00118941 0.000297354 0 0 0 0
 0 0.00264628 0.0354308 0.0461629 0.0458689 0.0383711 0.0214643 0.0164657 0.0346957 0.0420465 0.0363128 0.0245516 0.0311673 0.0291091 0.0169068 0.0133784 0.00837989 0.0085269 0.0148486 0.0160247 0.0276389 0.0546898 0.0760071 0.122758 0.109233 0.0665981 0.0333725 0.0166128 0.00676272 0.00308733 0.000882094 0 0 0 0 0
 0 0 0 0 0 0 0 0.000805153 0.000690131 0.00759144 0.0133425 0.0154129 0.00931677 0.000345066 0.00356568 0.00563607 0.00851162 0.0253048 0.0502646 0.0516448 0.0657925 0.0565908 0.0611916 0.0827007 0.0866115 0.110766 0.145733 0.0935128 0.0569358 0.0249597 0.0138026 0.00621118 0.00161031 0.00115022 0 0
 0 0 0 0 0 0 0 0 0 0 0 0 0 0 0 0 0 0 0 0 0 0 0 0 0 0 0 0 0 0 0 0 0 0 0 0
 0.00147267 0.00158595 0.00478618 0.00569244 0.00954404 0.0108468 0.00647125 0.017049 0.0510054 0.094081 0.124002 0.0959785 0.0687766 0.0820023 0.061753 0.0591476 0.0492212 0.0479892 0.0443925 0.0268479 0.0217502 0.0140895 0.0121071 0.0120363 0.00920419 0.00665534 0.0049561 0.00860946 0.00930331 0.0156896 0.0114698 0.00855282 0.00243557 0.00046729 0 2.83206e-05
 0 0 0 0 0.000772559 0.00158375 0.000888443 0.00281984 0.00712685 0.0440552 0.0773331 0.111326 0.0921469 0.0852325 0.0710754 0.0886704 0.0786465 0.0553345 0.0373146 0.0185414 0.00753245 0.00457741 0.012979 0.0271748 0.0457355 0.0583668 0.034881 0.0177882 0.00938659 0.00492506 0.0015258 0.00185414 0.000309023 5.79419e-05 3.86279e-05 0
 0 0.00173294 0.00326652 0 0.00397197 0.00683976 0.00946217 0.0152591 0.00757587 0.0136028 0.0228656 0.0392903 0.0559909 0.0764795 0.0681675 0.0726916 0.0566044 0.0477403 0.0527397 0.0444891 0.0609904 0.0582453 0.0661739 0.0445044 0.0529084 0.0360697 0.0280645 0.0235558 0.0158879 0.00826598 0.00280645 0.00217768 0.000904811 0.00058276 9.20147e-05 0
 0 0 0 0 0 0 0 0 0 0 0 0 0 0 0 0 0 0 0 0 0 0 0 0 0 0 0 0 0 0 0 0 0 0 0 0
 0 0 0 0 0 0 0 0 0 0 0 0 0 0 0 0 0 0 0 0 0 0 0 0 0 0 0 0 0 0 0 0 0 0 0 0
 0 0 0 0 0 0 0 0 0 0 0 0 0 0 0 0 0 0 0 0 0 0 0 0 0 0 0 0 0 0 0 0 0 0 0 0
ppred_pel_tallas
 1.07548e-16 2.60737e-06 1.522e-05 7.2177e-05 0.000277597 0.000865394 0.00218646 0.00447801 0.00743889 0.010039 0.0110531 0.010056 0.00786784 0.00594569 0.00542493 0.00673791 0.00986868 0.0147002 0.0211137 0.0288979 0.0376412 0.0467053 0.0552938 0.06259 0.0679192 0.0708769 0.0713893 0.0696809 0.066178 0.0613829 0.0557666 0.0497088 0.0434886 0.0373089 0.0313308 0.0256975
 1.16319e-16 5.65255e-06 3.31342e-05 0.000157423 0.000605954 0.00188946 0.00477269 0.0097667 0.016194 0.0217624 0.0237196 0.0210127 0.0152403 0.00930169 0.00529329 0.00370303 0.00404298 0.00573427 0.00848146 0.0122189 0.0169512 0.0226445 0.0291789 0.0363364 0.0438069 0.0512045 0.058091 0.0640076 0.0685148 0.07124 0.0719278 0.070484 0.0670009 0.0617534 0.0551665 0.0477559
 1.20058e-16 2.41406e-06 1.41037e-05 6.69106e-05 0.00025739 0.000802434 0.00202722 0.00415083 0.0068915 0.00928862 0.0101963 0.00920448 0.00704915 0.00504581 0.0041996 0.00485614 0.00694899 0.0103401 0.014935 0.0206204 0.0271771 0.0342497 0.0413827 0.0481018 0.0540063 0.0588379 0.0625019 0.0650327 0.0665255 0.0670614 0.0666609 0.0652807 0.0628517 0.0593348 0.0547741 0.0493231
 1.15733e-16 1.39442e-05 8.18146e-05 0.000388858 0.00149704 0.00466828 0.0117917 0.0241281 0.0399978 0.0537243 0.0584851 0.0516414 0.0370841 0.0218836 0.0110822 0.00569661 0.00428458 0.00514697 0.00728248 0.0102967 0.0140557 0.018465 0.0233881 0.0286373 0.0339873 0.0391934 0.0440056 0.0481767 0.0514699 0.0536712 0.0546091 0.0541802 0.0523751 0.0492917 0.0451329 0.0401851
 1.03314e-16 3.22943e-05 0.000189543 0.000901004 0.00346892 0.0108175 0.0273241 0.0559087 0.0926746 0.124458 0.135433 0.119455 0.0854964 0.0498688 0.0241512 0.0105528 0.005546 0.00497905 0.00630881 0.00841898 0.0108524 0.0133321 0.0156037 0.0174311 0.0186385 0.0191465 0.0189854 0.0182771 0.0171946 0.0159138 0.0145744 0.0132599 0.0119997 0.0107864 0.00959873 0.00842037
 1.01678e-16 1.4567e-05 8.54274e-05 0.000405937 0.00156263 0.00487272 0.0123087 0.0251893 0.0417697 0.0561426 0.0612184 0.0542941 0.0395091 0.024356 0.0142449 0.0104015 0.0114615 0.0157077 0.0219935 0.0295867 0.0377887 0.0457499 0.0525085 0.057159 0.0590563 0.0579701 0.0541402 0.0482047 0.0410349 0.0335299 0.0264393 0.0202584 0.0152088 0.0112875 0.00834923 0.00618966
 1.01135e-16 3.58934e-05 0.000210677 0.00100149 0.00385582 0.0120241 0.0303717 0.062144 0.103008 0.13833 0.150511 0.132715 0.0949002 0.0551802 0.0263987 0.0109809 0.00497502 0.00374469 0.00446062 0.00590781 0.00763615 0.00942344 0.0110853 0.0124492 0.013378 0.0137954 0.0136983 0.0131487 0.012252 0.0111283 0.00988763 0.0086155 0.0073703 0.00618826 0.00509188 0.00409672
 1.00601e-16 2.56985e-05 0.000150799 0.000716763 0.00275947 0.00860504 0.0217359 0.0444766 0.0737323 0.0990427 0.107837 0.0952598 0.0684949 0.0405885 0.0208446 0.0111301 0.00874359 0.0104489 0.0142105 0.0190125 0.0242317 0.0292744 0.0335077 0.0363451 0.0373732 0.036453 0.0337537 0.0297057 0.024891 0.0199078 0.0152527 0.0112515 0.00804629 0.00562686 0.00388645 0.00267742
 1.00989e-16 2.89686e-05 0.000170007 0.000808102 0.00311118 0.00970188 0.0245063 0.0501442 0.0831232 0.111643 0.121519 0.107259 0.0769313 0.0452043 0.0225113 0.0108913 0.00723613 0.00785883 0.0104746 0.0140185 0.0179478 0.0218205 0.025182 0.0276059 0.0287805 0.0285792 0.0270874 0.0245725 0.0214118 0.0180022 0.0146814 0.0116817 0.00912046 0.00702023 0.00534266 0.00402221
 1.00759e-16 3.06949e-05 0.000180144 0.000856299 0.00329676 0.0102806 0.0259681 0.0531349 0.0880798 0.118297 0.128752 0.11362 0.0814449 0.0477574 0.0235983 0.0111098 0.0069794 0.00728541 0.00960196 0.0128117 0.0163696 0.019855 0.0228456 0.0249495 0.0258847 0.025544 0.024019 0.0215708 0.0185616 0.0153681 0.0123078 0.00959447 0.00732995 0.00552379 0.00412671 0.00306403
 1.01046e-16 2.2704e-05 0.000133214 0.000633158 0.00243755 0.00760116 0.0192003 0.0392887 0.0651344 0.0875011 0.0952907 0.0842248 0.0606651 0.0361593 0.0189581 0.0107495 0.00918618 0.0114391 0.0157172 0.0210955 0.0269548 0.0326641 0.0375352 0.0409223 0.0423615 0.041681 0.0390404 0.0348817 0.0298137 0.0244689 0.0193785 0.0148985 0.0111962 0.00828195 0.00606645 0.00441692
 1.0192e-16 2.15159e-05 0.000126242 0.000600014 0.00230995 0.00720324 0.0181951 0.0372319 0.0617245 0.0829202 0.0903018 0.0798148 0.0574878 0.0342644 0.0179644 0.0101898 0.00872153 0.0108874 0.0150037 0.020212 0.025947 0.0316319 0.0366299 0.0403329 0.0422882 0.0423003 0.0404701 0.037154 0.0328647 0.0281464 0.0234662 0.0191501 0.0153709 0.0121751 0.009529 0.00736297
 1.00948e-16 3.26934e-05 0.000191882 0.000912114 0.00351168 0.0109508 0.027661 0.0565983 0.0938187 0.125998 0.137117 0.120961 0.0866188 0.0506133 0.0246788 0.0110667 0.0062188 0.00593841 0.00764424 0.0101806 0.0130378 0.0158702 0.0183459 0.0201569 0.0210771 0.0210129 0.0200216 0.0182909 0.0160868 0.0136892 0.0113361 0.00919135 0.00733776 0.0057923 0.00453034 0.00350946
 1.00154e-16 3.764e-05 0.000220929 0.00105022 0.00404346 0.0126092 0.0318498 0.0651683 0.108021 0.145063 0.157839 0.139183 0.0995384 0.0579024 0.0277467 0.0116155 0.00536328 0.00412088 0.00490608 0.00642004 0.00815767 0.00984899 0.0112677 0.0122139 0.0125482 0.012224 0.0112989 0.0099187 0.00828076 0.00658783 0.00500848 0.00365349 0.00257127 0.00175862 0.00117924 0.000782656
 1.00089e-16 3.73302e-05 0.00021911 0.00104157 0.00401014 0.0125053 0.0315873 0.0646314 0.107132 0.143869 0.156543 0.138047 0.0987398 0.0574663 0.0275909 0.0116417 0.00551175 0.00437479 0.00527221 0.00690966 0.00877409 0.0105806 0.0120853 0.0130726 0.0133927 0.0129973 0.011952 0.0104182 0.00861324 0.00675971 0.00504223 0.00358141 0.00242889 0.00157909 0.000989658 0.000602451
 1.00234e-16 3.08446e-05 0.00018102 0.000860461 0.00331278 0.0103305 0.0260943 0.0533933 0.0885087 0.118875 0.129387 0.114193 0.0818838 0.0480711 0.0238571 0.0114029 0.00738681 0.00786992 0.0104074 0.013857 0.0176386 0.0212876 0.0243347 0.0263499 0.0270322 0.0262822 0.024228 0.0211898 0.0175992 0.0138997 0.0104594 0.00752003 0.00518636 0.00344981 0.00222891 0.00141081
 1.00635e-16 2.83396e-05 0.000166311 0.000790524 0.00304349 0.00949078 0.0239731 0.0490535 0.0813165 0.10922 0.118892 0.104963 0.0753353 0.0443683 0.022283 0.0110909 0.00776696 0.00871251 0.0116869 0.0156233 0.0199439 0.0241516 0.0277299 0.0301984 0.031214 0.0306512 0.0286319 0.0254883 0.0216771 0.0176719 0.0138705 0.0105396 0.00780323 0.00566801 0.00406469 0.00289087
 1.00827e-16 2.89272e-05 0.000169763 0.000806939 0.0031067 0.0096879 0.024471 0.0500721 0.083004 0.111484 0.121349 0.107115 0.0768438 0.0451833 0.0225567 0.011005 0.0074285 0.00814695 0.0108757 0.0145422 0.0185882 0.0225511 0.0259539 0.0283523 0.0294252 0.0290496 0.0273278 0.0245545 0.0211392 0.0175088 0.0140238 0.0109279 0.00833873 0.00626921 0.00466568 0.00344515
 1.01412e-16 2.08071e-05 0.000122076 0.000580199 0.00223364 0.00696526 0.0175941 0.0360024 0.0596881 0.0801899 0.0873428 0.0772334 0.0557024 0.0333478 0.0177528 0.010491 0.00943902 0.0120253 0.0166137 0.0223379 0.0285832 0.0346977 0.0399615 0.043694 0.0454018 0.0448933 0.0423209 0.0381315 0.0329475 0.0274188 0.0220943 0.0173462 0.0133548 0.0101426 0.00763116 0.00569814
 1.01951e-16 2.53953e-05 0.000149026 0.000708349 0.0027271 0.00850413 0.0214809 0.0439542 0.0728643 0.0978707 0.106545 0.0940798 0.0675633 0.0398702 0.0201728 0.0102909 0.00753439 0.0086997 0.0117965 0.0158785 0.0204253 0.0249747 0.0290324 0.0321248 0.033894 0.0341748 0.0330262 0.0307018 0.0275759 0.0240504 0.0204739 0.0170947 0.0140514 0.0113932 0.009113 0.00717849
 1.01523e-16 2.64654e-05 0.000155307 0.000738212 0.00284208 0.00886268 0.0223866 0.0458074 0.0759361 0.101996 0.111034 0.0980399 0.0703983 0.0415249 0.0209749 0.0106399 0.0077095 0.00883668 0.011938 0.0160182 0.0205279 0.0249818 0.0288672 0.0317007 0.0331276 0.0330021 0.031418 0.0286738 0.0251916 0.0214145 0.0177181 0.014359 0.0114657 0.00906124 0.00710343 0.00552218
 1.01876e-16 2.16718e-05 0.000127156 0.00060436 0.00232668 0.00725542 0.0183269 0.0375016 0.0621718 0.0835214 0.0909573 0.080396 0.0579105 0.0345243 0.0181147 0.0102963 0.00883374 0.0110344 0.0151989 0.0204573 0.026232 0.0319333 0.0369121 0.0405509 0.0423952 0.0422563 0.0402503 0.0367551 0.0323069 0.0274702 0.0227252 0.0184021 0.0146687 0.0115593 0.00902421 0.0069775
 1.02136e-16 2.46383e-05 0.00014458 0.000687213 0.00264571 0.00825032 0.0208399 0.0426427 0.0706907 0.0949531 0.103374 0.0912922 0.0655883 0.038759 0.0197109 0.0102193 0.00768438 0.00900527 0.0122524 0.0164998 0.0212247 0.0259507 0.0301653 0.0333772 0.0352155 0.03551 0.0343235 0.0319208 0.0286912 0.025052 0.0213638 0.0178819 0.0147473 0.012008 0.00965393 0.00765013
 1.01779e-16 2.41585e-05 0.00014176 0.000673799 0.00259405 0.00808921 0.020433 0.0418104 0.0693122 0.0931052 0.101372 0.0895476 0.0643856 0.03815 0.0195879 0.0104568 0.0082224 0.00985232 0.0134482 0.0180759 0.0231746 0.0282116 0.0326118 0.0358303 0.0374668 0.0373555 0.0356 0.0325346 0.0286325 0.024391 0.0202319 0.016444 0.0131722 0.0104439 0.00821327 0.00640359
 1.03617e-16 2.00645e-06 1.16704e-05 5.52536e-05 0.000212357 0.000661886 0.00167271 0.0034286 0.00570609 0.0077321 0.00859592 0.00801485 0.00668135 0.00580484 0.00637997 0.00888356 0.0134398 0.0200386 0.0285555 0.0386324 0.0495761 0.060367 0.0697972 0.0767034 0.0802262 0.0800073 0.0762629 0.0697029 0.061336 0.0522248 0.043274 0.0351064 0.0280392 0.0221395 0.0173165 0.0134113
pSPR Fmed_Fpbrs
0.333235   0.404526 0.404526
Fs Fmed_Fpbrs
1.42654   1.005 1.005
SSBpbr Bo_Bmed_Bpbrs
837560  237227  296937 296937
Ro
18033.7
SPR SPRFo_SPRFmed_SPRFpbrs
371667 123853 150349
log_Ro
9.62
likeval ReclasPelacesDesembMPH_pf_preclas_ppelaces_ptallas_desvR_qrecl_qpela
 70.0762 12.1058 0.197879 0.000161193 327.323 196.476 74.3696 0 41.7519 0.000141435 0.000634104 0 0 0 0
q_reclas_q_pelaces
5.39374 35.9654
M
0.7
N
 13040.4 35856 13233.2 1738.91 0.11872
 21071.7 6354.33 14831.6 5200.85 682.326
 2488.49 10148 2346.74 5041.78 1994.49
 5846.49 1097.65 1603.88 269.195 798.694
 38234.3 2674.99 247.089 289.317 191.222
 13830.2 18573 1073.78 93.4506 181.387
 64066.4 5984.36 2438.53 97.1461 24.5601
 56089 27869.5 827.106 235.601 11.6218
 62128.7 24244.5 3622.34 73.8681 21.8109
 111763 26055.6 2353.23 222.626 5.79301
 69808.3 49413.1 4212.33 277.873 26.6975
 49165.3 29586.6 5310.26 294.926 21.0285
 54876.7 21252.4 3846.57 474.421 27.8842
 29453.1 21647.5 1141.78 110.885 14.189
 12243.4 9827.05 230.669 4.15052 0.438974
 9039.41 4085.04 104.714 0.838514 0.0161081
 7220.38 3695.5 309.911 4.69488 0.0376664
 8868.84 2978 305.304 15.4967 0.232808
 7286.15 3824.29 378.119 26.4624 1.34652
 8589.87 3280.64 737.287 55.9348 4.07839
 15118.4 3728.99 444.498 69.4445 5.58597
 17731.4 6968.57 901.585 87.858 14.7331
 25582.9 8147.48 1634.69 171.443 19.3751
 28245.1 11501 1547.36 237.218 27.4485
 1004.08 12503.7 1882.23 185.601 31.4256
pred_Ctot
 175.93 4352.52 2011.8 266.055 0.0181672
 458.247 1191.32 3438.7 1213.05 159.17
 201.371 5302.2 1405.93 3031.52 1199.35
 332.185 451.282 777.273 131.042 388.843
 599.702 373.229 43.0296 50.7007 33.5156
 1289.71 10571.7 692.109 60.4304 117.304
 5757.03 3333.03 1543.09 61.6804 15.5951
 5267.83 15928.7 534.967 152.88 7.54193
 7014.47 15321.3 2546.55 52.0728 15.3765
 8874.13 13452.3 1395.35 132.493 3.44796
 7423.35 30262.4 2886.14 190.943 18.3467
 4616.68 16908.2 3434.32 191.358 13.6451
 8223.32 15296 2998.33 370.54 21.7797
 7110.09 18115.9 995.857 96.8111 12.3884
 2955.61 8223.85 201.189 3.62372 0.383268
 1161.88 2750.39 77.4689 0.621829 0.0119462
 889.308 2438.49 225.618 3.42649 0.027492
 846.602 1718.05 199.029 10.1347 0.152267
 491.634 1774.31 204.169 14.3471 0.730116
 783.187 1842.92 469.959 35.7724 2.6085
 783.956 1433.36 202.653 31.8088 2.55894
 956.754 2758.83 422.233 41.335 6.93237
 1752.4 3818.88 890.675 93.791 10.6006
 2219.45 5898.75 912.272 140.375 16.2443
 92.5943 7070.98 1206.55 119.367 20.2125
F
 0.0189168 0.182749 0.233909 0.235574 0.235616
 0.0306508 0.296108 0.379002 0.3817 0.381769
 0.118506 1.14485 1.46535 1.47578 1.47605
 0.0818962 0.791175 1.01266 1.01987 1.02005
 0.0220229 0.212757 0.272317 0.274256 0.274305
 0.137704 1.33031 1.70273 1.71485 1.71516
 0.132389 1.27897 1.63701 1.64867 1.64896
 0.138749 1.34041 1.71565 1.72787 1.72818
 0.168974 1.6324 2.08938 2.10426 2.10464
 0.116163 1.12222 1.43638 1.4466 1.44686
 0.158433 1.53057 1.95905 1.973 1.97335
 0.138721 1.34014 1.7153 1.72752 1.72783
 0.230199 2.22388 2.84644 2.86671 2.86723
 0.397659 3.84166 4.91711 4.95212 4.95301
 0.397658 3.84166 4.91711 4.95212 4.95301
 0.194479 1.8788 2.40476 2.42188 2.42232
 0.185655 1.79356 2.29566 2.312 2.31242
 0.14117 1.3638 1.74558 1.75801 1.75833
 0.0979383 0.946153 1.21102 1.21964 1.21986
 0.134446 1.29885 1.66245 1.67429 1.67459
 0.0745017 0.719738 0.921224 0.927784 0.92795
 0.0776298 0.749958 0.959904 0.966739 0.966913
 0.0994915 0.961158 1.23023 1.23899 1.23921
 0.114896 1.10997 1.42071 1.43082 1.43108
 0.13608 1.31463 1.68265 1.69463 1.69493
nmprior
 10 11 7 0
nm_flota  nm_reclas  nm_pelaces    nm_pelaL
inf 20.5983 9.43739 14.785
cv_recla  cv_pelaces  cv_mph
0.7572 0.409412 0.411919
 ------------------------------------------------
Talla a la edad & desviación 
 7.2 14.2025 17.0495 18.207 18.6776
 1.08 2.13037 2.55742 2.73105 2.80164
