years
 1997 1998 1999 2000 2001 2002 2003 2004 2005 2006 2007 2008 2009 2010 2011 2012 2013 2014 2015 2016 2017 2018 2019 2020 2021
reclasobs
 0 0 0 370054 412103 1.49427e+06 250295 1.28982e+06 931140 785840 897777 1.04006e+06 184774 17550 25797 100020 73551 82996 120727 218422 84188 347160 605670 569463 516374
reclaspred
 709418 220553 737282 264090 252476 281749 656530 304374 629000 1.52907e+06 1.84696e+06 1.22345e+06 609387 227262 125177 121431 113865 123544 95638.4 207819 432729 291933 395283 468500 237938
pelacesobs
 0 0 0 0 0 0 0 0 0 2.06254e+06 1.5e+06 0 1.87456e+06 323000 250000 174000 83755 137374 0 501740 490994 745055 786931 1.00524e+06 0
pelacespred
 337982 144010 208652 192860 156330 117637 359238 162872 358794 889817 981485 677314 355395 105390 53267.7 57929.9 55195.2 60507.5 47097.3 104334 224632 184470 180258 221175 121607
mphobs
 0 0 0 0 0 112323 0 153150 637223 0 255016 313432 73983 77613 109348 50772 0 0 0 0 0 0 0 0 0
mphpred
 596652 220355 462788 352554 187829 285310 350840 500730 296398 934995 1.8527e+06 1.3085e+06 724492 331526 118520 101249 105553 98281.3 104436 92610.9 329872 332396 261872 427065 325584
desembarqueobs
 350755 77701 442110 56441 14545 235359 269955 359681 431902 328805 639364 411747 362871 311530 167758 66681 60226 58785 57116 71774 51957 67425 138520 160799 200461
desembarquepred
 350375 77592.6 441277 56456.7 14546.3 235012 269200 358794 431037 328025 637396 410893 362307 309887 166731 66485.2 60074.4 58684.2 57037.6 71606.6 51937.1 67333.1 138229 160352 200636
Reclutas
 11582.6 101818 3820.8 705.97 40025.1 22466.2 76438.1 6285.86 164693 311247 40797.1 13288.2 39329.2 17526.1 20408.8 16257.7 6212.73 10617.9 2376.25 48463 20623.9 9214.38 75703 7430.86 177.17
log_desv_Rt
 -0.32274 1.85095 -1.43179 -3.12043 0.917262 0.339767 1.56424 -0.933942 2.33184 2.96834 0.936366 -0.18537 0.899722 0.0914487 0.243722 0.0163207 -0.945644 -0.409707 -1.90672 1.10856 0.254207 -0.55148 1.55457 -0.766603 -4.50289
SSB
 596652 220355 462788 352554 187829 285310 350840 500730 296398 934995 1.8527e+06 1.3085e+06 724492 331526 118520 101249 105553 98281.3 104436 92610.9 329872 332396 261872 427065 325584
BT
 1.03385e+06 419017 615105 411207 396422 418940 1.31803e+06 704663 1.59037e+06 2.7829e+06 2.42875e+06 1.62151e+06 1.1037e+06 522354 281039 187698 166560 190756 138637 378008 522852 409265 538678 534310 412824
Ftot
 0.46785 0.339405 0.560988 0.206639 0.0563074 0.768173 0.393763 1.04521 0.652396 0.208217 0.330569 0.321792 0.559264 1.19236 1.18932 0.518625 0.499238 0.452435 0.559667 0.332954 0.116825 0.222773 0.336323 0.327822 0.771729
BD_Bspro_t
 0.930209 0.646727 0.690253 0.4377 0.409825 0.569474 0.491158 0.516921 0.382005 0.60009 0.712987 0.559478 0.422598 0.29212 0.152445 0.161718 0.219188 0.265228 0.32039 0.3559 0.667297 0.70801 0.637566 0.663225 0.499907
BD_Bspro
 1.81002 0.668475 1.40392 1.06952 0.569803 0.865524 1.06432 1.51903 0.899159 2.83642 5.6204 3.96949 2.19783 1.00572 0.359546 0.30715 0.320208 0.298148 0.316818 0.280946 1.00071 1.00836 0.794422 1.29555 0.987699
BD_Bo
 0.621282 0.229452 0.481893 0.367108 0.195583 0.297088 0.365323 0.521401 0.308634 0.973593 1.92919 1.36252 0.7544 0.345211 0.123413 0.105428 0.109911 0.102339 0.108747 0.096434 0.343489 0.346118 0.272683 0.444695 0.339025
BD_Brms
 3.03528 1.12099 2.35429 1.79351 0.955523 1.45143 1.78479 2.54731 1.50783 4.75649 9.42505 6.65659 3.68563 1.68653 0.602935 0.515071 0.536969 0.499976 0.531283 0.471129 1.67812 1.69096 1.33219 2.17256 1.65631
S_f
 0.5 1 1 1 1
 0.5 1 1 1 1
 0.5 1 1 1 1
 0.5 1 1 1 1
 0.5 1 1 1 1
 0.5 1 1 1 1
 0.5 1 1 1 1
 0.5 1 1 1 1
 0.5 1 1 1 1
 0.5 1 1 1 1
 0.5 1 1 1 1
 0.5 1 1 1 1
 0.5 1 1 1 1
 0.5 1 1 1 1
 0.5 1 1 1 1
 0.5 1 1 1 1
 0.5 1 1 1 1
 0.5 1 1 1 1
 0.5 1 1 1 1
 0.5 1 1 1 1
 0.5 1 1 1 1
 0.5 1 1 1 1
 0.5 1 1 1 1
 0.5 1 1 1 1
 0.5 1 1 1 1
Scru_reclas
 0.5 1 1 1 1
 0.5 1 1 1 1
 0.5 1 1 1 1
 0.5 1 1 1 1
 0.5 1 1 1 1
 0.5 1 1 1 1
 0.5 1 1 1 1
 0.5 1 1 1 1
 0.5 1 1 1 1
 0.5 1 1 1 1
 0.5 1 1 1 1
 0.5 1 1 1 1
 0.5 1 1 1 1
 0.5 1 1 1 1
 0.5 1 1 1 1
 0.5 1 1 1 1
 0.5 1 1 1 1
 0.5 1 1 1 1
 0.5 1 1 1 1
 0.5 1 1 1 1
 0.5 1 1 1 1
 0.5 1 1 1 1
 0.5 1 1 1 1
 0.5 1 1 1 1
 0.5 1 1 1 1
Scru_pelaces
 0.5 1 1 1 1
 0.5 1 1 1 1
 0.5 1 1 1 1
 0.5 1 1 1 1
 0.5 1 1 1 1
 0.5 1 1 1 1
 0.5 1 1 1 1
 0.5 1 1 1 1
 0.5 1 1 1 1
 0.5 1 1 1 1
 0.5 1 1 1 1
 0.5 1 1 1 1
 0.5 1 1 1 1
 0.5 1 1 1 1
 0.5 1 1 1 1
 0.5 1 1 1 1
 0.5 1 1 1 1
 0.5 1 1 1 1
 0.5 1 1 1 1
 0.5 1 1 1 1
 0.5 1 1 1 1
 0.5 1 1 1 1
 0.5 1 1 1 1
 0.5 1 1 1 1
 0.5 1 1 1 1
pf_obs 
 0.256992 0.487395 0.22802 0.0275931 0
 0.321318 0.546541 0.124235 0.00734118 0.000564706
 0.182869 0.594174 0.210203 0.0122559 0.00049798
 0.330522 0.361315 0.267642 0.0388342 0.00168674
 0.649043 0.306663 0.0425973 0.00169635 0
 0.582887 0.30429 0.105238 0.00758474 0
 0.465427 0.430635 0.0974691 0.00646863 0
 0.296916 0.608066 0.0921331 0.00288517 0
 0.311714 0.524322 0.152257 0.0117073 0
 0.15457 0.633149 0.183074 0.0267441 0.00246327
 0.131901 0.49318 0.331252 0.0422183 0.00144891
 0.196976 0.569456 0.194076 0.0375587 0.00193317
 0.518974 0.381816 0.0799577 0.0180837 0.00116848
 0.0928022 0.601141 0.25162 0.0475244 0.00691264
 0.122501 0.610282 0.24278 0.0234846 0.000952079
 0.383417 0.481906 0.127806 0.00687128 0
 0.0376549 0.599619 0.316969 0.0457579 0
 0.0361596 0.667082 0.258105 0.0386534 0
 0.158088 0.579412 0.248529 0.0139706 0
 0.0477256 0.309471 0.559284 0.082774 0.000745712
 0.0406174 0.521527 0.379366 0.0568643 0.0016247
 0.151134 0.462217 0.34131 0.0453401 0
 0.294876 0.26143 0.354403 0.0886775 0.000613685
 0.281977 0.475581 0.204845 0.0348837 0.00271318
 0 0 0 0 0
pf_pred 
 0.252489 0.376308 0.186869 0.0927964 0.0915375
 0.839859 0.0699104 0.0454235 0.0225567 0.0222506
 0.0441723 0.879791 0.033194 0.0215675 0.0212749
 0.0247012 0.0959436 0.809402 0.0305383 0.0394147
 0.765678 0.0119478 0.0218757 0.184549 0.0159497
 0.3704 0.547184 0.00420227 0.00769409 0.0705189
 0.765404 0.140137 0.0820946 0.00063047 0.0117344
 0.0976552 0.79385 0.0648097 0.0379668 0.00571844
 0.921163 0.0181537 0.0533871 0.00435851 0.00293786
 0.72704 0.263673 0.00213854 0.00628909 0.000859526
 0.117729 0.74966 0.1281 0.00103896 0.003473
 0.0859203 0.207474 0.600397 0.102594 0.0036136
 0.401575 0.102338 0.1126 0.325846 0.0576408
 0.312348 0.421476 0.0455195 0.0500838 0.170573
 0.601859 0.226566 0.105162 0.0113575 0.0550556
 0.568437 0.351496 0.0455626 0.021148 0.0133557
 0.294223 0.532325 0.141272 0.0183123 0.0138676
 0.543746 0.224126 0.17508 0.0464638 0.0105839
 0.188068 0.593719 0.107193 0.0837357 0.0272843
 0.911506 0.0312768 0.0418394 0.00755391 0.00782359
 0.332089 0.639707 0.00996843 0.0133349 0.00490106
 0.202261 0.404333 0.376794 0.0058715 0.0107412
 0.77691 0.0782647 0.0734045 0.0684049 0.00301594
 0.0998048 0.79644 0.0363994 0.034139 0.0332164
 0.00641733 0.19473 0.706779 0.0323016 0.0597726
pobs_RECLAS
 0 0 0 0 0
 0 0 0 0 0
 0 0 0 0 0
 0 0 0 0 0
 0.835266 0.146461 0.0176864 0.000547809 3.91292e-05
 0.385257 0.428462 0.181853 0.0044286 0
 0.867414 0.0963971 0.0333333 0.00285562 0
 0.441836 0.489002 0.0689373 0.000224442 0
 0.779404 0.147425 0.0564933 0.0165055 0.000172143
 0.814271 0.122319 0.05973 0.00367925 0
 0.40263 0.566651 0.0304383 0.000280538 0
 0.475488 0.404961 0.113038 0.00651328 0
 0.955842 0.0263864 0.0167828 0.000988607 0
 0.975058 0.0227948 0.00214734 0 0
 0.738997 0.206755 0.0527124 0.00153531 0
 0.850938 0.134255 0.0134407 0.00136685 0
 0.542534 0.407297 0.0501686 0 0
 0.764087 0.199537 0.0359546 0.000420521 0
 0.470689 0.182191 0.310203 0.0369168 0
 0.84361 0.089868 0.0606195 0.00523954 0.000663233
 0.607945 0.314616 0.071237 0.00620181 0
 0.523733 0.453247 0.0230204 0 0
 0.530135 0.295979 0.169645 0.0042399 0
 0.562478 0.366248 0.0663022 0.0049721 0
 0.250443 0.683176 0.0655157 0.000865301 0
ppred_RECLAS
 0.256304 0.374387 0.185915 0.0923228 0.0910703
 0.841639 0.0691332 0.0449185 0.0223059 0.0220033
 0.0452683 0.878782 0.033156 0.0215427 0.0212505
 0.024877 0.0959263 0.809256 0.0305328 0.0394076
 0.765988 0.011932 0.0218468 0.184305 0.0159286
 0.379718 0.539086 0.00414007 0.00758022 0.0694752
 0.768276 0.138421 0.0810895 0.000622751 0.0115907
 0.103285 0.788897 0.0644054 0.0377299 0.00568276
 0.923426 0.0176326 0.0518546 0.0042334 0.00285353
 0.728493 0.262269 0.00212715 0.0062556 0.000854948
 0.119071 0.748519 0.127905 0.00103738 0.00346771
 0.0869021 0.207252 0.599753 0.102484 0.00360972
 0.40773 0.101286 0.111442 0.322495 0.057048
 0.328888 0.411338 0.0444247 0.0488791 0.16647
 0.61984 0.216334 0.100412 0.0108446 0.0525691
 0.574089 0.346894 0.0449659 0.0208711 0.0131808
 0.298797 0.528876 0.140356 0.0181936 0.0137777
 0.548516 0.221783 0.17325 0.045978 0.0104732
 0.192005 0.59084 0.106673 0.0833298 0.027152
 0.912548 0.0309087 0.041347 0.00746501 0.00773152
 0.332931 0.6389 0.00995586 0.0133181 0.00489488
 0.203547 0.403681 0.376186 0.00586204 0.0107238
 0.77918 0.0774683 0.0726575 0.0677088 0.00298525
 0.100954 0.795423 0.0363529 0.0340954 0.033174
 0.0066776 0.194679 0.706593 0.0322931 0.059757
pobs_PELACES
 0 0 0 0 0
 0 0 0 0 0
 0 0 0 0 0
 0 0 0 0 0
 0 0 0 0 0
 0 0 0 0 0
 0 0 0 0 0
 0 0 0 0 0
 0 0 0 0 0
 0 0 0 0 0
 0.450072 0.473896 0.0757376 0.000293798 0
 0 0 0 0 0
 0.463077 0.371075 0.160297 0.00555027 0
 0.529543 0.364841 0.0842815 0.0213345 0
 0.631943 0.363953 0.00410389 0 0
 0.735681 0.248677 0.0153453 0.000297389 0
 0.695825 0.281241 0.0229344 0 0
 0.275771 0.60734 0.115278 0.00161068 0
 0 0 0 0 0
 0.896147 0.0623911 0.0374545 0.00400742 0
 0.803859 0.145111 0.0509908 3.86294e-05 0
 0.739449 0.233085 0.0266225 0.000797448 4.60066e-05
 0.878498 0.100942 0.0204185 0.000141795 0
 0.694673 0.275183 0.0284847 0.00165964 0
 0 0 0 0 0
ppred_PELACES
 0.271293 0.366842 0.182168 0.090462 0.0892348
 0.848961 0.0659367 0.0428417 0.0212745 0.0209859
 0.0494415 0.874941 0.0330111 0.0214486 0.0211576
 0.0257177 0.0958436 0.808559 0.0305065 0.0393736
 0.767649 0.0118473 0.0216918 0.182997 0.0158156
 0.409993 0.512775 0.00393801 0.00721024 0.0660843
 0.779641 0.131632 0.0771126 0.000592209 0.0110223
 0.120386 0.773853 0.0631772 0.0370104 0.00557439
 0.930699 0.0159579 0.0469293 0.0038313 0.0025825
 0.735235 0.255756 0.00207434 0.00610027 0.000833719
 0.124913 0.743555 0.127057 0.0010305 0.00344472
 0.0912087 0.206274 0.596924 0.102001 0.00359269
 0.430189 0.0974451 0.107216 0.310265 0.0548847
 0.373676 0.383887 0.0414599 0.0456171 0.15536
 0.664877 0.190705 0.0885165 0.00955981 0.0463413
 0.594868 0.329969 0.0427722 0.0198528 0.0125377
 0.316336 0.515647 0.136846 0.0177385 0.0134331
 0.566928 0.212738 0.166184 0.044103 0.0100461
 0.20674 0.580065 0.104728 0.0818101 0.0266568
 0.916834 0.0293939 0.0393206 0.00709915 0.0073526
 0.337226 0.634787 0.00989176 0.0132323 0.00486336
 0.209571 0.400628 0.373341 0.0058177 0.0106427
 0.78858 0.0741706 0.0695646 0.0648265 0.00285817
 0.105971 0.790985 0.0361501 0.0339051 0.0329889
 0.00757753 0.194503 0.705953 0.0322639 0.0597028
pobs_pel_tallas
 0 0 0 0 0 0 0 0 0 0 0 0 0 0 0 0 0 0 0 0 0 0 0 0 0 0 0 0 0 0 0 0 0 0 0 0
 0 0 0 0 0 0 0 0 0 0 0 0 0 0 0 0 0 0 0 0 0 0 0 0 0 0 0 0 0 0 0 0 0 0 0 0
 0 0 0 0 0 0 0 0 0 0 0 0 0 0 0 0 0 0 0 0 0 0 0 0 0 0 0 0 0 0 0 0 0 0 0 0
 0 0 0 0 0 0 0 0 0 0 0 0 0 0 0 0 0 0 0 0 0 0 0 0 0 0 0 0 0 0 0 0 0 0 0 0
 0 0 0 0 0 0 0 0 0 0 0 0 0 0 0 0 0 0 0 0 0 0 0 0 0 0 0 0 0 0 0 0 0 0 0 0
 0 0 0 0 0 0 0 0 0 0 0 0 0 0 0 0 0 0 0 0 0 0 0 0 0 0 0 0 0 0 0 0 0 0 0 0
 0 0 0 0 0 0 0 0 0 0 0 0 0 0 0 0 0 0 0 0 0 0 0 0 0 0 0 0 0 0 0 0 0 0 0 0
 0 0 0 0 0 0 0 0 0 0 0 0 0 0 0 0 0 0 0 0 0 0 0 0 0 0 0 0 0 0 0 0 0 0 0 0
 0 0 0 0 0 0 0 0 0 0 0 0 0 0 0 0 0 0 0 0 0 0 0 0 0 0 0 0 0 0 0 0 0 0 0 0
 0 0 0 0 0 0 0 0 0 0 0 0 0 0 0 0 0 0 0 0 0 0 0 0 0 0 0 0 0 0 0 0 0 0 0 0
 0 0 0 0 0 0 0 0 1.78061e-05 0.00172719 0.00360574 0.0105946 0.0120993 0.0124554 0.0147524 0.0171206 0.0266825 0.0428682 0.0675386 0.121331 0.153587 0.119568 0.100827 0.0573624 0.0630603 0.0341343 0.0324427 0.0444173 0.0211091 0.0280891 0.0125444 0.00206551 0 0 0 0
 0 0 0 0 0 0 0 0 0 0 0 0 0 0 0 0 0 0 0 0 0 0 0 0 0 0 0 0 0 0 0 0 0 0 0 0
 0 0 0 0 0 0 0.0133647 0.0140871 0.0187388 0.0205184 0.03894 0.0496705 0.03968 0.0493445 0.0407372 0.0367815 0.0215668 0.0243155 0.0234873 0.0199281 0.019796 0.0243948 0.0301388 0.0376714 0.0412746 0.0863199 0.0771752 0.113111 0.0741005 0.0525337 0.0229764 0.00759418 0.00175318 0 0 0
 0 0 0 0 0 0 0 0 0 0 0.00219441 0.00772107 0.0458388 0.0604681 0.0671733 0.0775358 0.0609151 0.0617685 0.073594 0.0568108 0.0755445 0.0548602 0.0670107 0.0636378 0.0643287 0.046367 0.0373049 0.0286899 0.0247887 0.0153202 0.00654259 0.00121912 0.000365735 0 0 0
 0 0 0 0 0 0 0 0 0 0 0 0 0.000112435 0.00938835 0.0111873 0.0202946 0.0414886 0.0713402 0.111592 0.104902 0.108894 0.110636 0.117776 0.105296 0.107544 0.0401394 0.0192827 0.0124803 0.00416011 0.0028671 0.000618394 0 0 0 0 0
 0 0 0 0 0 0 0 0 0 0 0.00291406 0.0102884 0.027416 0.0768956 0.0749926 0.110853 0.0956884 0.0897413 0.0766577 0.0534642 0.0500743 0.0551293 0.0594112 0.0620874 0.0668451 0.0424026 0.0208742 0.0120726 0.0048766 0.00582813 0.00118941 0.000297354 0 0 0 0
 0 0.00264628 0.0354308 0.0461629 0.0458689 0.0383711 0.0214643 0.0164657 0.0346957 0.0420465 0.0363128 0.0245516 0.0311673 0.0291091 0.0169068 0.0133784 0.00837989 0.0085269 0.0148486 0.0160247 0.0276389 0.0546898 0.0760071 0.122758 0.109233 0.0665981 0.0333725 0.0166128 0.00676272 0.00308733 0.000882094 0 0 0 0 0
 0 0 0 0 0 0 0 0.000805153 0.000690131 0.00759144 0.0133425 0.0154129 0.00931677 0.000345066 0.00356568 0.00563607 0.00851162 0.0253048 0.0502646 0.0516448 0.0657925 0.0565908 0.0611916 0.0827007 0.0866115 0.110766 0.145733 0.0935128 0.0569358 0.0249597 0.0138026 0.00621118 0.00161031 0.00115022 0 0
 0 0 0 0 0 0 0 0 0 0 0 0 0 0 0 0 0 0 0 0 0 0 0 0 0 0 0 0 0 0 0 0 0 0 0 0
 0.00147267 0.00158595 0.00478618 0.00569244 0.00954404 0.0108468 0.00647125 0.017049 0.0510054 0.094081 0.124002 0.0959785 0.0687766 0.0820023 0.061753 0.0591476 0.0492212 0.0479892 0.0443925 0.0268479 0.0217502 0.0140895 0.0121071 0.0120363 0.00920419 0.00665534 0.0049561 0.00860946 0.00930331 0.0156896 0.0114698 0.00855282 0.00243557 0.00046729 0 2.83206e-05
 0 0 0 0 0.000772559 0.00158375 0.000888443 0.00281984 0.00712685 0.0440552 0.0773331 0.111326 0.0921469 0.0852325 0.0710754 0.0886704 0.0786465 0.0553345 0.0373146 0.0185414 0.00753245 0.00457741 0.012979 0.0271748 0.0457355 0.0583668 0.034881 0.0177882 0.00938659 0.00492506 0.0015258 0.00185414 0.000309023 5.79419e-05 3.86279e-05 0
 0 0.00173294 0.00326652 0 0.00397197 0.00683976 0.00946217 0.0152591 0.00757587 0.0136028 0.0228656 0.0392903 0.0559909 0.0764795 0.0681675 0.0726916 0.0566044 0.0477403 0.0527397 0.0444891 0.0609904 0.0582453 0.0661739 0.0445044 0.0529084 0.0360697 0.0280645 0.0235558 0.0158879 0.00826598 0.00280645 0.00217768 0.000904811 0.00058276 9.20147e-05 0
 0 0 0 0 0 0 0 0 0 0 0 0 0 0 0 0 0 0 0 0 0 0 0 0 0 0 0 0 0 0 0 0 0 0 0 0
 0 0 0 0 0 0 0 0 0 0 0 0 0 0 0 0 0 0 0 0 0 0 0 0 0 0 0 0 0 0 0 0 0 0 0 0
 0 0 0 0 0 0 0 0 0 0 0 0 0 0 0 0 0 0 0 0 0 0 0 0 0 0 0 0 0 0 0 0 0 0 0 0
ppred_pel_tallas
 1.09984e-16 1.18573e-05 6.95402e-05 0.000330454 0.00127209 0.00396671 0.0100199 0.0205047 0.0339987 0.0456893 0.0497982 0.0441141 0.0319901 0.0195026 0.0110274 0.00753382 0.00789476 0.0107235 0.0151442 0.0206783 0.0269364 0.0334501 0.0396651 0.0450246 0.04908 0.0515781 0.0524953 0.052006 0.0504043 0.0480084 0.0450843 0.0418103 0.0382836 0.0345541 0.0306653 0.0266837
 1.02342e-16 3.7034e-05 0.000217377 0.00103335 0.00397852 0.0124067 0.0313382 0.0641211 0.106284 0.142725 0.155282 0.136897 0.0978355 0.0567754 0.0269527 0.01085 0.00437067 0.00271777 0.00297233 0.00390102 0.00508321 0.00635476 0.0076029 0.00872513 0.00963702 0.0102857 0.0106558 0.0107649 0.0106504 0.010355 0.00991447 0.00935337 0.00868728 0.00792898 0.00709516 0.00621017
 1.0248e-16 2.20399e-06 1.28203e-05 6.06983e-05 0.000233284 0.00072712 0.00183762 0.00376684 0.00626978 0.00849817 0.00945339 0.00882778 0.00738624 0.00646279 0.00715576 0.00999225 0.0151053 0.0224679 0.0319092 0.0429807 0.054847 0.0663062 0.0759595 0.0824904 0.0849701 0.0830853 0.0772162 0.0683271 0.0577202 0.0467294 0.0364568 0.0276179 0.020515 0.0151123 0.0111625 0.00833442
 1.14397e-16 1.1399e-06 6.63996e-06 3.14645e-05 0.000120976 0.000377068 0.000952526 0.00195037 0.00323857 0.00436657 0.00479745 0.00434114 0.0033488 0.00244961 0.00213792 0.00261671 0.00392305 0.00609698 0.00924042 0.0134825 0.018918 0.0255543 0.0332748 0.0418195 0.0507834 0.0596352 0.0677579 0.0745089 0.0792961 0.0816601 0.081348 0.0783607 0.0729636 0.06565 0.0570677 0.0479219
 1.07339e-16 3.3486e-05 0.000196553 0.000934362 0.00359741 0.0112182 0.0283362 0.0579783 0.0961008 0.129047 0.140391 0.123747 0.0883898 0.0511977 0.0241265 0.00940802 0.00332942 0.00155611 0.00147091 0.00200681 0.0028597 0.00397966 0.00537087 0.00703273 0.00894285 0.0110498 0.0132695 0.0154857 0.0175559 0.0193248 0.0206422 0.0213845 0.0214747 0.0208952 0.0196932 0.0179729
 1.03559e-16 1.79109e-05 0.000105067 0.000499326 0.00192224 0.00599414 0.0151412 0.0309842 0.0513722 0.069029 0.0752163 0.0665818 0.0481751 0.0291511 0.0160815 0.0103741 0.0102528 0.013537 0.0188126 0.0252729 0.0322655 0.0390542 0.0448215 0.0488055 0.0504717 0.0496435 0.0465457 0.0417378 0.0359678 0.029993 0.0244266 0.0196508 0.0158063 0.0128414 0.0105915 0.00885665
 1.01673e-16 3.40141e-05 0.000199642 0.000949019 0.0036538 0.0113941 0.0287804 0.0588882 0.0976124 0.131087 0.142638 0.125791 0.0899896 0.0524064 0.0252251 0.0107585 0.00527753 0.00440068 0.00545063 0.00726694 0.0093987 0.0115968 0.0136392 0.0153156 0.0164591 0.0169787 0.0168736 0.0162227 0.0151571 0.0138242 0.0123566 0.010855 0.0093851 0.0079849 0.00667627 0.00547425
 1.02682e-16 5.29348e-06 3.09673e-05 0.000146992 0.000565569 0.00176336 0.00445496 0.00912136 0.0151421 0.0204032 0.0223814 0.020167 0.0153632 0.0108362 0.00875263 0.00980351 0.0137388 0.020106 0.0284977 0.0384165 0.0490983 0.0594785 0.0683202 0.0744532 0.077042 0.0757863 0.0709914 0.0634753 0.0543554 0.044783 0.0357158 0.0277834 0.0212649 0.0161535 0.0122636 0.0093385
 1.00924e-16 4.05962e-05 0.000238295 0.00113281 0.00436147 0.0136009 0.0343546 0.0702925 0.116512 0.156454 0.170205 0.15002 0.107142 0.0620302 0.0291728 0.0112648 0.0037885 0.00146508 0.00108957 0.00132792 0.00176413 0.00228751 0.00285716 0.00344 0.00400134 0.00450648 0.00492377 0.00522665 0.00539524 0.0054175 0.00529053 0.00502169 0.00462903 0.00414024 0.00359 0.00301582
 1.00362e-16 3.20827e-05 0.000188291 0.000895035 0.0034459 0.0107457 0.0271429 0.0555386 0.0920638 0.123646 0.134571 0.118746 0.0851 0.0498614 0.024564 0.0114384 0.00701254 0.00717743 0.00938986 0.0124786 0.0158769 0.0191556 0.0218906 0.0236954 0.0243006 0.0236197 0.021771 0.0190456 0.015834 0.0125353 0.00947913 0.00687922 0.00482481 0.00330275 0.002235 0.00151675
 1.02243e-16 5.48987e-06 3.21226e-05 0.000152489 0.000586742 0.0018294 0.00462172 0.00946237 0.0157066 0.0211589 0.0231976 0.0208724 0.0158365 0.0110491 0.00873882 0.00960118 0.0133573 0.0195281 0.0276993 0.0373889 0.0478658 0.0581087 0.0669239 0.0731728 0.0760276 0.0751658 0.0708416 0.0638024 0.0550906 0.0457964 0.0368418 0.0288538 0.0221386 0.0167374 0.0125213 0.0092863
 1.12214e-16 3.99953e-06 2.34197e-05 0.000111218 0.000428015 0.00133453 0.00337112 0.00689973 0.0114448 0.0153938 0.0168141 0.0149807 0.0110516 0.00711779 0.00472038 0.0042796 0.00553282 0.00814355 0.0119444 0.0168766 0.0228619 0.0297221 0.0371615 0.0447884 0.0521586 0.0588224 0.0643651 0.0684348 0.0707626 0.0711793 0.0696338 0.0662097 0.0611334 0.0547614 0.0475471 0.0399856
 1.1478e-16 1.87746e-05 0.000110176 0.000523701 0.00201623 0.00628737 0.0158814 0.0324956 0.0538659 0.0723431 0.0787309 0.0694638 0.0497631 0.0291228 0.0142926 0.00658683 0.00399774 0.00416895 0.00569265 0.00800095 0.0109129 0.0143452 0.0182052 0.0223716 0.0267009 0.0310359 0.0352088 0.0390375 0.0423236 0.044857 0.046434 0.0468872 0.0461193 0.0441304 0.0410319 0.037036
 1.09541e-16 1.63219e-05 9.57509e-05 0.000455062 0.00175186 0.00546285 0.0137991 0.0282371 0.0468154 0.0628996 0.0685207 0.0606149 0.0437714 0.0263151 0.0142115 0.00871853 0.00819811 0.0106609 0.0148471 0.0200918 0.0259157 0.0317986 0.0371578 0.0414386 0.0442334 0.0453731 0.044956 0.0432992 0.0408372 0.0379997 0.0351138 0.0323566 0.0297621 0.0272688 0.0247815 0.0222251
 1.03813e-16 2.90122e-05 0.000170271 0.000809376 0.00311612 0.00971729 0.0245451 0.050223 0.0832515 0.111809 0.121681 0.107356 0.0769047 0.0449946 0.0220485 0.0100776 0.00594112 0.00593339 0.00778155 0.0104743 0.0135673 0.0167529 0.019726 0.0221922 0.0239213 0.0247921 0.0248114 0.0240967 0.0228333 0.0212213 0.0194309 0.01758 0.0157329 0.0139168 0.0121421 0.0104201
 1.01983e-16 2.59651e-05 0.000152369 0.000724239 0.00278827 0.00869488 0.0219628 0.0449403 0.0744994 0.100068 0.10894 0.0962021 0.0691031 0.0408099 0.020704 0.0106491 0.0078954 0.00916345 0.0124068 0.0166374 0.021295 0.0258742 0.0298406 0.0326934 0.0340707 0.0338335 0.0320957 0.0291853 0.025556 0.0216773 0.0179395 0.0146003 0.0117757 0.0094683 0.00761195 0.0061153
 1.03348e-16 1.38276e-05 8.10933e-05 0.000385348 0.00148339 0.00462561 0.0116844 0.0239114 0.0396495 0.0532893 0.0580977 0.0515043 0.0374314 0.0229817 0.0132788 0.00947369 0.0102639 0.0140231 0.0196854 0.0266028 0.0341834 0.0417087 0.0483535 0.0533234 0.0560266 0.0562059 0.05399 0.0498394 0.0444162 0.038421 0.0324514 0.0269205 0.0220428 0.0178714 0.0143596 0.0114198
 1.04414e-16 2.47423e-05 0.0001452 0.000690181 0.00265718 0.0082861 0.0209301 0.0428266 0.0709927 0.0953503 0.103784 0.0916014 0.0656953 0.0385917 0.0192032 0.00927643 0.0061683 0.00675148 0.00910921 0.0123806 0.0161615 0.0201361 0.0239665 0.0273118 0.0298856 0.0315081 0.0321304 0.031822 0.0307322 0.0290415 0.0269198 0.0245058 0.0219058 0.0192052 0.0164831 0.01382
 1.05733e-16 9.05107e-06 5.30455e-05 0.000251993 0.000969919 0.00302436 0.00763989 0.0156365 0.0259356 0.0348801 0.0380866 0.0339047 0.0249455 0.0159219 0.010277 0.00887493 0.0109755 0.0155967 0.0220548 0.0298374 0.0383496 0.0468066 0.0542957 0.05994 0.0630923 0.0634814 0.0612651 0.0569654 0.0513176 0.0450853 0.0389024 0.033186 0.028127 0.0237407 0.0199438 0.0166254
 1.01156e-16 3.99921e-05 0.000234748 0.00111594 0.00429651 0.0133984 0.033843 0.0692458 0.114777 0.154126 0.167676 0.147798 0.105571 0.0611538 0.0288225 0.011238 0.00395521 0.00177733 0.00154655 0.00194235 0.00254205 0.0032184 0.00391049 0.00456742 0.00514357 0.00560361 0.00592601 0.00610274 0.00613607 0.00603442 0.00580919 0.00547365 0.00504376 0.00453929 0.00398439 0.00340648
 1.0103e-16 1.4743e-05 8.64573e-05 0.000410826 0.00158145 0.00493138 0.0124569 0.0254928 0.0422737 0.0568224 0.0619655 0.0549709 0.0400321 0.0247385 0.0145737 0.0107867 0.0120038 0.0164875 0.0230676 0.0309793 0.0394771 0.0476524 0.0544814 0.0590086 0.0605644 0.0589312 0.0543992 0.0476863 0.0397573 0.0315993 0.0240279 0.0175721 0.0124542 0.00864383 0.00595049 0.00411799
 1.06128e-16 9.16808e-06 5.37469e-05 0.00025536 0.000982935 0.00306499 0.00774231 0.0158449 0.0262763 0.035324 0.0385335 0.0342131 0.0249799 0.0155684 0.00941437 0.00733492 0.00853222 0.0119978 0.0170877 0.023414 0.0305914 0.0381059 0.0453236 0.0515852 0.0563296 0.059196 0.0600752 0.0590917 0.056536 0.0527743 0.0481704 0.0430402 0.0376424 0.0321904 0.0268699 0.0218482
 1.03373e-16 3.44015e-05 0.000201921 0.00095987 0.0036956 0.0115244 0.0291096 0.0595613 0.0987265 0.132578 0.144247 0.127179 0.0909134 0.0528056 0.0251582 0.0102878 0.00440136 0.00305618 0.00355219 0.00475102 0.00626281 0.00792811 0.00962721 0.0112431 0.0126705 0.0138308 0.0146791 0.0152015 0.0154046 0.0153038 0.0149153 0.0142549 0.0133426 0.0122094 0.0109019 0.00948184
 1.03478e-16 4.66549e-06 2.72793e-05 0.000129455 0.000498045 0.00155279 0.00392308 0.00803323 0.0133389 0.0179833 0.0197524 0.0178584 0.0137333 0.00993045 0.00839742 0.00978955 0.0139319 0.020456 0.0290011 0.0390804 0.0499187 0.0604302 0.0693551 0.0755057 0.0780409 0.0766702 0.0717234 0.0640529 0.0548114 0.0451787 0.0361261 0.0282799 0.0219006 0.0169524 0.0132182 0.0104138
 1.13983e-16 3.52594e-07 2.00947e-06 9.43226e-06 3.61153e-05 0.000112411 0.00028414 0.000583499 0.000975562 0.00133564 0.00152084 0.00150237 0.00142858 0.00155357 0.00211974 0.00331096 0.00528063 0.00818239 0.0121592 0.0173008 0.0235978 0.0309114 0.0389684 0.0473796 0.055677 0.0633577 0.0699284 0.0749425 0.0780359 0.0789605 0.0776161 0.0740751 0.0685905 0.0615765 0.0535619 0.0451225
pSPR Fmed_Fpbrs
0.495798   0.254687 0.254687
Fs Fmed_Fpbrs
0.407716   1.005 1.005
SSBpbr Bo_Bmed_Bpbrs
960355  428125  196572 196572
Ro
15994.5
SPR SPRFo_SPRFmed_SPRFpbrs
329639 163434 83954.8
log_Ro
9.5
likeval ReclasPelacesDesembMPH_pf_preclas_ppelaces_ptallas_desvR_qrecl_qpela
 120.822 104.686 0.77328 0.000831501 401.696 269.838 92.6917 0 90.564 0 0 0 0 0 0
q_reclas_q_pelaces
1 1
M
0.7
N
 11582.6 9509.06 4722.06 2344.9 2313.09
 101818 4552.06 2957.65 1468.73 1448.8
 3820.8 42669.7 1609.9 1046.02 1031.83
 705.97 1433.28 12091.5 456.205 588.807
 40025.1 316.162 578.872 4883.5 422.059
 22466.2 19324.1 148.405 271.721 2490.41
 76438.1 7598.3 4451.23 34.1845 636.246
 6285.86 31174.5 2545.08 1490.96 224.563
 164693 1850.95 5443.32 444.391 299.543
 311247 59020.6 478.691 1407.75 192.396
 40797.1 139279 23799.6 193.029 645.247
 13288.2 17172.8 49695.3 8491.79 299.1
 39329.2 5618.01 6181.33 17887.8 3164.27
 17526.1 14766.1 1594.75 1754.65 5975.89
 20408.8 4794.71 2225.48 240.353 1165.11
 16257.7 5591.84 724.84 336.437 212.471
 6212.73 6229.23 1653.15 214.289 162.277
 10617.9 2403.63 1877.64 498.299 113.506
 2376.25 4205.19 759.228 593.084 193.249
 48463 891.983 1193.22 215.43 223.121
 20623.9 20375.3 317.505 424.73 156.104
 9214.38 9660.44 9002.47 140.284 256.631
 75703 4093.41 3839.21 3577.72 157.74
 7430.86 31774.3 1452.17 1361.99 1325.18
 177.17 3132.18 11368.4 519.563 961.428
pred_Ctot
 1760.98 2624.55 1303.31 647.205 638.425
 11541.5 960.724 624.22 309.978 305.773
 683.008 13603.6 513.258 333.483 328.959
 50.1355 194.735 1642.83 61.9829 79.9991
 800.393 12.4895 22.8675 192.916 16.6728
 5267.62 7781.73 59.7621 109.421 1002.88
 9936.17 1819.2 1065.72 8.18451 152.331
 1895.72 15410.5 1258.11 737.023 111.008
 33590.2 661.976 1946.76 158.933 107.129
 22264.9 8074.73 65.4908 192.597 26.3222
 4512.66 28735.2 4910.19 39.8245 133.123
 1433.5 3461.53 10017.1 1711.7 60.2898
 7011.43 1786.81 1965.98 5689.22 1006.4
 5855.85 7901.75 853.392 938.962 3197.86
 6805.68 2561.96 1189.14 128.428 622.556
 2710.8 1676.23 217.281 100.852 63.6913
 1001.27 1811.55 480.761 62.3184 47.1926
 1566.22 645.577 504.304 133.835 30.4859
 423.897 1338.21 241.608 188.736 61.4974
 5396.52 185.173 247.708 44.7225 46.3191
 844.403 1626.58 25.3467 33.9067 12.4619
 703.002 1405.34 1309.63 20.4077 37.3332
 8508.92 857.176 803.945 749.188 33.0314
 815.594 6508.43 297.452 278.98 271.441
 41.7025 1265.44 4592.95 209.91 388.428
F
 0.233925 0.46785 0.46785 0.46785 0.46785
 0.169702 0.339405 0.339405 0.339405 0.339405
 0.280494 0.560988 0.560988 0.560988 0.560988
 0.10332 0.206639 0.206639 0.206639 0.206639
 0.0281537 0.0563074 0.0563074 0.0563074 0.0563074
 0.384086 0.768173 0.768173 0.768173 0.768173
 0.196881 0.393763 0.393763 0.393763 0.393763
 0.522606 1.04521 1.04521 1.04521 1.04521
 0.326198 0.652396 0.652396 0.652396 0.652396
 0.104109 0.208217 0.208217 0.208217 0.208217
 0.165285 0.330569 0.330569 0.330569 0.330569
 0.160896 0.321792 0.321792 0.321792 0.321792
 0.279632 0.559264 0.559264 0.559264 0.559264
 0.596181 1.19236 1.19236 1.19236 1.19236
 0.594658 1.18932 1.18932 1.18932 1.18932
 0.259312 0.518625 0.518625 0.518625 0.518625
 0.249619 0.499238 0.499238 0.499238 0.499238
 0.226217 0.452435 0.452435 0.452435 0.452435
 0.279834 0.559667 0.559667 0.559667 0.559667
 0.166477 0.332954 0.332954 0.332954 0.332954
 0.0584126 0.116825 0.116825 0.116825 0.116825
 0.111387 0.222773 0.222773 0.222773 0.222773
 0.168161 0.336323 0.336323 0.336323 0.336323
 0.163911 0.327822 0.327822 0.327822 0.327822
 0.385865 0.771729 0.771729 0.771729 0.771729
nmprior
 10 11 7 0
nm_flota  nm_reclas  nm_pelaces    nm_pelaL
inf 4.08228 5.27696 7.35971
cv_recla  cv_pelaces  cv_mph
0.994256 1.20395 0.935556
 ------------------------------------------------
Talla a la edad & desviación 
 7.2 14.2025 17.0495 18.207 18.6776
 1.08 2.13037 2.55742 2.73105 2.80164
