years
 1997 1998 1999 2000 2001 2002 2003 2004 2005 2006 2007 2008 2009 2010 2011 2012 2013 2014 2015 2016 2017 2018 2019 2020 2021
reclasobs
 0 0 0 370054 412103 1.49427e+06 250295 1.28982e+06 931140 785840 897777 1.04006e+06 184774 17550 25797 100020 73551 82996 120727 218422 84188 347160 605670 569463 516374
reclaspred
 744458 189130 551010 172502 207327 258639 427261 372030 609512 1.14829e+06 1.35005e+06 876659 460190 200814 122076 113614 126487 159208 136990 184866 374313 358579 490143 395755 241855
pelacesobs
 0 0 0 0 0 0 0 0 0 2.06254e+06 1.5e+06 0 1.87456e+06 323000 250000 174000 83755 137374 0 501740 490994 745055 786931 1.00524e+06 0
pelacespred
 313073 126245 143448 120934 122665 103276 204664 201439 329967 659526 696563 467366 250258 86449.3 50224.7 53578.9 62073.3 79276.4 71332.6 93587.4 204710 211448 218567 205533 115500
mphobs
 0 0 0 0 0 112323 0 153150 637223 0 255016 313432 73983 77613 109348 50772 0 0 0 0 0 0 0 0 0
mphpred
 639245 202539 371684 231865 131653 257125 270801 331498 428087 729728 1.34594e+06 956428 517387 269739 117258 95174.9 103317 126490 137757 117947 256656 350814 371106 385392 307019
desembarqueobs
 350755 77701 442110 56441 14545 235359 269955 359681 431902 328805 639364 411747 362871 311530 167758 66681 60226 58785 57116 71774 51957 67425 138520 160799 200461
desembarquepred
 350648 77650.6 441334 56423.7 14546.6 235108 269742 359324 431856 328772 638921 411434 362471 310829 167475 66746.2 60285.6 58834.5 57126.8 71676.8 51978.8 67463.3 138598 160857 200651
Reclutas
 2917.8 87847 597.526 3035.33 40942.3 23367.5 38936.3 71189 109993 233872 59014.7 18444.9 49322.2 26804.2 18472.6 15629.5 11100.5 11496.1 5459.25 30555.5 35617.5 29292.7 37680.5 22236.9 102.949
log_desv_Rt
 -1.82141 1.58335 -3.4072 -1.78192 0.819918 0.259102 0.769682 1.37309 1.80817 2.56253 1.18554 0.0225454 1.00613 0.396316 0.0240462 -0.143084 -0.485257 -0.450235 -1.19493 0.527298 0.680592 0.485094 0.736898 0.209507 -5.16577
SSB
 639245 202539 371684 231865 131653 257125 270801 331498 428087 729728 1.34594e+06 956428 517387 269739 117258 95174.9 103317 126490 137757 117947 256656 350814 371106 385392 307019
BT
 847214 378226 475327 288213 337509 388908 790532 911731 1.34907e+06 2.13075e+06 1.96997e+06 1.26046e+06 922664 486051 268569 178463 193412 228406 189252 309394 547029 480294 547937 551095 388287
Ftot
 0.446381 0.394875 0.736182 0.313667 0.0685457 0.831956 0.595971 0.895077 0.668263 0.276878 0.449246 0.445105 0.73103 1.33772 1.21794 0.554901 0.453758 0.354314 0.397521 0.372678 0.135115 0.182362 0.272388 0.387954 0.760289
BD_Bspro_t
 0.931595 0.629405 0.643401 0.344147 0.33451 0.549065 0.421185 0.437673 0.457205 0.532519 0.639527 0.480664 0.34411 0.247878 0.143236 0.142008 0.199941 0.299458 0.369974 0.396881 0.607557 0.726307 0.706004 0.645083 0.501221
BD_Bspro
 1.71994 0.544947 1.00005 0.623852 0.354224 0.691816 0.728613 0.891923 1.1518 1.96339 3.62136 2.57335 1.39207 0.725754 0.315493 0.256076 0.277982 0.340331 0.370646 0.317345 0.690552 0.943893 0.998492 1.03693 0.82606
BD_Bo
 0.745897 0.23633 0.433696 0.27055 0.153618 0.300024 0.315982 0.386805 0.499509 0.851476 1.5705 1.116 0.603708 0.314742 0.136822 0.111054 0.120554 0.147593 0.16074 0.137625 0.299476 0.409344 0.433022 0.449691 0.358242
BD_Brms
 3.64409 1.15459 2.11882 1.32177 0.750503 1.46577 1.54373 1.88974 2.44035 4.15989 7.67267 5.45222 2.94942 1.53767 0.668443 0.542555 0.588968 0.721069 0.785297 0.672367 1.46309 1.99985 2.11553 2.19697 1.75019
S_f
 0.5 1 1 1 1
 0.5 1 1 1 1
 0.5 1 1 1 1
 0.5 1 1 1 1
 0.5 1 1 1 1
 0.5 1 1 1 1
 0.5 1 1 1 1
 0.5 1 1 1 1
 0.5 1 1 1 1
 0.5 1 1 1 1
 0.5 1 1 1 1
 0.5 1 1 1 1
 0.5 1 1 1 1
 0.5 1 1 1 1
 0.5 1 1 1 1
 0.5 1 1 1 1
 0.5 1 1 1 1
 0.5 1 1 1 1
 0.5 1 1 1 1
 0.5 1 1 1 1
 0.5 1 1 1 1
 0.5 1 1 1 1
 0.5 1 1 1 1
 0.5 1 1 1 1
 0.5 1 1 1 1
Scru_reclas
 0.5 1 1 1 1
 0.5 1 1 1 1
 0.5 1 1 1 1
 0.5 1 1 1 1
 0.5 1 1 1 1
 0.5 1 1 1 1
 0.5 1 1 1 1
 0.5 1 1 1 1
 0.5 1 1 1 1
 0.5 1 1 1 1
 0.5 1 1 1 1
 0.5 1 1 1 1
 0.5 1 1 1 1
 0.5 1 1 1 1
 0.5 1 1 1 1
 0.5 1 1 1 1
 0.5 1 1 1 1
 0.5 1 1 1 1
 0.5 1 1 1 1
 0.5 1 1 1 1
 0.5 1 1 1 1
 0.5 1 1 1 1
 0.5 1 1 1 1
 0.5 1 1 1 1
 0.5 1 1 1 1
Scru_pelaces
 0.5 1 1 1 1
 0.5 1 1 1 1
 0.5 1 1 1 1
 0.5 1 1 1 1
 0.5 1 1 1 1
 0.5 1 1 1 1
 0.5 1 1 1 1
 0.5 1 1 1 1
 0.5 1 1 1 1
 0.5 1 1 1 1
 0.5 1 1 1 1
 0.5 1 1 1 1
 0.5 1 1 1 1
 0.5 1 1 1 1
 0.5 1 1 1 1
 0.5 1 1 1 1
 0.5 1 1 1 1
 0.5 1 1 1 1
 0.5 1 1 1 1
 0.5 1 1 1 1
 0.5 1 1 1 1
 0.5 1 1 1 1
 0.5 1 1 1 1
 0.5 1 1 1 1
 0.5 1 1 1 1
pf_obs 
 0.256992 0.487395 0.22802 0.0275931 0
 0.321318 0.546541 0.124235 0.00734118 0.000564706
 0.182869 0.594174 0.210203 0.0122559 0.00049798
 0.330522 0.361315 0.267642 0.0388342 0.00168674
 0.649043 0.306663 0.0425973 0.00169635 0
 0.582887 0.30429 0.105238 0.00758474 0
 0.465427 0.430635 0.0974691 0.00646863 0
 0.296916 0.608066 0.0921331 0.00288517 0
 0.311714 0.524322 0.152257 0.0117073 0
 0.15457 0.633149 0.183074 0.0267441 0.00246327
 0.131901 0.49318 0.331252 0.0422183 0.00144891
 0.196976 0.569456 0.194076 0.0375587 0.00193317
 0.518974 0.381816 0.0799577 0.0180837 0.00116848
 0.0928022 0.601141 0.25162 0.0475244 0.00691264
 0.122501 0.610282 0.24278 0.0234846 0.000952079
 0.383417 0.481906 0.127806 0.00687128 0
 0.0376549 0.599619 0.316969 0.0457579 0
 0.0361596 0.667082 0.258105 0.0386534 0
 0.158088 0.579412 0.248529 0.0139706 0
 0.0477256 0.309471 0.559284 0.082774 0.000745712
 0.0406174 0.521527 0.379366 0.0568643 0.0016247
 0.151134 0.462217 0.34131 0.0453401 0
 0.294876 0.26143 0.354403 0.0886775 0.000613685
 0.281977 0.475581 0.204845 0.0348837 0.00271318
 0 0 0 0 0
pf_pred 
 0.0699008 0.468226 0.232514 0.115463 0.113897
 0.85751 0.0208349 0.0612431 0.0304124 0.0299998
 0.00891474 0.922738 0.00999367 0.0293759 0.0289774
 0.147784 0.0187119 0.776024 0.00840469 0.0490753
 0.816112 0.0506031 0.00292651 0.121369 0.00898977
 0.386725 0.552246 0.0167944 0.000971263 0.043264
 0.639829 0.222887 0.123622 0.00375948 0.00990223
 0.704892 0.238793 0.03485 0.0193292 0.00213611
 0.706012 0.253598 0.0326818 0.00476965 0.0029378
 0.730428 0.230303 0.033874 0.00436541 0.00102951
 0.21487 0.670811 0.0976663 0.0143652 0.00228786
 0.142414 0.32958 0.451126 0.0656814 0.0111993
 0.516429 0.13272 0.134836 0.184562 0.0314531
 0.422491 0.419762 0.0432949 0.0439853 0.0704671
 0.539941 0.317972 0.103276 0.0106521 0.0281593
 0.57618 0.328416 0.0659386 0.0214166 0.00804839
 0.441416 0.425701 0.102971 0.0206742 0.00923839
 0.475625 0.337423 0.142477 0.0344632 0.0100114
 0.292896 0.472194 0.151159 0.063827 0.0199237
 0.78176 0.105162 0.0755115 0.0241728 0.0133931
 0.564089 0.387382 0.0233846 0.0167913 0.00835343
 0.4018 0.436041 0.144106 0.00869906 0.00935382
 0.468344 0.311498 0.160478 0.0530356 0.00664405
 0.326285 0.441814 0.135871 0.0699982 0.0260315
 0.00341185 0.51843 0.31357 0.0964327 0.0681556
pobs_RECLAS
 0 0 0 0 0
 0 0 0 0 0
 0 0 0 0 0
 0 0 0 0 0
 0.835266 0.146461 0.0176864 0.000547809 3.91292e-05
 0.385257 0.428462 0.181853 0.0044286 0
 0.867414 0.0963971 0.0333333 0.00285562 0
 0.441836 0.489002 0.0689373 0.000224442 0
 0.779404 0.147425 0.0564933 0.0165055 0.000172143
 0.814271 0.122319 0.05973 0.00367925 0
 0.40263 0.566651 0.0304383 0.000280538 0
 0.475488 0.404961 0.113038 0.00651328 0
 0.955842 0.0263864 0.0167828 0.000988607 0
 0.975058 0.0227948 0.00214734 0 0
 0.738997 0.206755 0.0527124 0.00153531 0
 0.850938 0.134255 0.0134407 0.00136685 0
 0.542534 0.407297 0.0501686 0 0
 0.764087 0.199537 0.0359546 0.000420521 0
 0.470689 0.182191 0.310203 0.0369168 0
 0.84361 0.089868 0.0606195 0.00523954 0.000663233
 0.607945 0.314616 0.071237 0.00620181 0
 0.523733 0.453247 0.0230204 0 0
 0.530135 0.295979 0.169645 0.0042399 0
 0.562478 0.366248 0.0663022 0.0049721 0
 0.250443 0.683176 0.0655157 0.000865301 0
ppred_RECLAS
 0.0711401 0.467602 0.232204 0.115309 0.113745
 0.859468 0.0205485 0.0604013 0.0299944 0.0295875
 0.00925152 0.922425 0.00999028 0.029366 0.0289676
 0.149308 0.0186784 0.774637 0.00838967 0.0489875
 0.816431 0.0505154 0.00292143 0.121158 0.00897418
 0.397349 0.542678 0.0165034 0.000954436 0.0425145
 0.646226 0.218929 0.121427 0.00369272 0.00972637
 0.715098 0.230535 0.0336448 0.0186607 0.00206223
 0.712744 0.247791 0.0319334 0.00466044 0.00287052
 0.732457 0.22857 0.033619 0.00433256 0.00102176
 0.218104 0.668047 0.097264 0.014306 0.00227844
 0.14473 0.32869 0.449907 0.065504 0.0111691
 0.525675 0.130182 0.132258 0.181034 0.0308517
 0.444713 0.40361 0.0416289 0.0422928 0.0677555
 0.559352 0.304556 0.0989184 0.0102026 0.0269711
 0.582341 0.323642 0.0649801 0.0211053 0.0079314
 0.446185 0.422066 0.102092 0.0204977 0.00915952
 0.479128 0.335169 0.141525 0.034233 0.00994454
 0.296276 0.469937 0.150437 0.0635219 0.0198285
 0.784304 0.103937 0.0746315 0.0238911 0.013237
 0.565186 0.386407 0.0233258 0.016749 0.0083324
 0.403312 0.43494 0.143742 0.00867708 0.00933018
 0.470866 0.310021 0.159716 0.0527841 0.00661254
 0.329759 0.439535 0.135171 0.0696372 0.0258973
 0.00354768 0.518359 0.313528 0.0964195 0.0681463
pobs_PELACES
 0 0 0 0 0
 0 0 0 0 0
 0 0 0 0 0
 0 0 0 0 0
 0 0 0 0 0
 0 0 0 0 0
 0 0 0 0 0
 0 0 0 0 0
 0 0 0 0 0
 0 0 0 0 0
 0.450072 0.473896 0.0757376 0.000293798 0
 0 0 0 0 0
 0.463077 0.371075 0.160297 0.00555027 0
 0.529543 0.364841 0.0842815 0.0213345 0
 0.631943 0.363953 0.00410389 0 0
 0.735681 0.248677 0.0153453 0.000297389 0
 0.695825 0.281241 0.0229344 0 0
 0.275771 0.60734 0.115278 0.00161068 0
 0 0 0 0 0
 0.896147 0.0623911 0.0374545 0.00400742 0
 0.803859 0.145111 0.0509908 3.86294e-05 0
 0.739449 0.233085 0.0266225 0.000797448 4.60066e-05
 0.878498 0.100942 0.0204185 0.000141795 0
 0.694673 0.275183 0.0284847 0.00165964 0
 0 0 0 0 0
ppred_PELACES
 0.0761634 0.465073 0.230948 0.114686 0.11313
 0.867155 0.0194245 0.0570975 0.0283538 0.0279691
 0.0104339 0.921324 0.00997835 0.0293309 0.028933
 0.156001 0.0185315 0.768542 0.00832365 0.0486021
 0.81812 0.0500506 0.00289455 0.120044 0.00889161
 0.430638 0.512702 0.0155918 0.000901716 0.0401662
 0.668371 0.205224 0.113826 0.00346157 0.00911753
 0.744209 0.206979 0.030207 0.016754 0.00185152
 0.73478 0.228783 0.0294837 0.00430292 0.00265032
 0.741314 0.221003 0.0325061 0.00418913 0.000987936
 0.231009 0.657022 0.0956587 0.0140699 0.00224084
 0.15406 0.325104 0.444999 0.0647894 0.0110472
 0.555621 0.121963 0.123908 0.169604 0.0289039
 0.499667 0.363666 0.0375091 0.0381073 0.0610501
 0.608138 0.270837 0.0879667 0.00907303 0.023985
 0.604428 0.306527 0.0615438 0.0199892 0.00751197
 0.464751 0.407916 0.0986692 0.0198106 0.00885244
 0.493732 0.325772 0.137557 0.0332732 0.00966572
 0.310131 0.460685 0.147475 0.0622712 0.0194381
 0.794525 0.0990116 0.0710951 0.022759 0.0126098
 0.570657 0.381545 0.0230323 0.0165383 0.00822757
 0.410573 0.429646 0.141992 0.00857148 0.00921663
 0.482077 0.303452 0.156332 0.0516657 0.00647244
 0.344058 0.430158 0.132287 0.0681516 0.0253448
 0.00401994 0.518113 0.313379 0.0963738 0.068114
pobs_pel_tallas
 0 0 0 0 0 0 0 0 0 0 0 0 0 0 0 0 0 0 0 0 0 0 0 0 0 0 0 0 0 0 0 0 0 0 0 0
 0 0 0 0 0 0 0 0 0 0 0 0 0 0 0 0 0 0 0 0 0 0 0 0 0 0 0 0 0 0 0 0 0 0 0 0
 0 0 0 0 0 0 0 0 0 0 0 0 0 0 0 0 0 0 0 0 0 0 0 0 0 0 0 0 0 0 0 0 0 0 0 0
 0 0 0 0 0 0 0 0 0 0 0 0 0 0 0 0 0 0 0 0 0 0 0 0 0 0 0 0 0 0 0 0 0 0 0 0
 0 0 0 0 0 0 0 0 0 0 0 0 0 0 0 0 0 0 0 0 0 0 0 0 0 0 0 0 0 0 0 0 0 0 0 0
 0 0 0 0 0 0 0 0 0 0 0 0 0 0 0 0 0 0 0 0 0 0 0 0 0 0 0 0 0 0 0 0 0 0 0 0
 0 0 0 0 0 0 0 0 0 0 0 0 0 0 0 0 0 0 0 0 0 0 0 0 0 0 0 0 0 0 0 0 0 0 0 0
 0 0 0 0 0 0 0 0 0 0 0 0 0 0 0 0 0 0 0 0 0 0 0 0 0 0 0 0 0 0 0 0 0 0 0 0
 0 0 0 0 0 0 0 0 0 0 0 0 0 0 0 0 0 0 0 0 0 0 0 0 0 0 0 0 0 0 0 0 0 0 0 0
 0 0 0 0 0 0 0 0 0 0 0 0 0 0 0 0 0 0 0 0 0 0 0 0 0 0 0 0 0 0 0 0 0 0 0 0
 0 0 0 0 0 0 0 0 1.78061e-05 0.00172719 0.00360574 0.0105946 0.0120993 0.0124554 0.0147524 0.0171206 0.0266825 0.0428682 0.0675386 0.121331 0.153587 0.119568 0.100827 0.0573624 0.0630603 0.0341343 0.0324427 0.0444173 0.0211091 0.0280891 0.0125444 0.00206551 0 0 0 0
 0 0 0 0 0 0 0 0 0 0 0 0 0 0 0 0 0 0 0 0 0 0 0 0 0 0 0 0 0 0 0 0 0 0 0 0
 0 0 0 0 0 0 0.0133647 0.0140871 0.0187388 0.0205184 0.03894 0.0496705 0.03968 0.0493445 0.0407372 0.0367815 0.0215668 0.0243155 0.0234873 0.0199281 0.019796 0.0243948 0.0301388 0.0376714 0.0412746 0.0863199 0.0771752 0.113111 0.0741005 0.0525337 0.0229764 0.00759418 0.00175318 0 0 0
 0 0 0 0 0 0 0 0 0 0 0.00219441 0.00772107 0.0458388 0.0604681 0.0671733 0.0775358 0.0609151 0.0617685 0.073594 0.0568108 0.0755445 0.0548602 0.0670107 0.0636378 0.0643287 0.046367 0.0373049 0.0286899 0.0247887 0.0153202 0.00654259 0.00121912 0.000365735 0 0 0
 0 0 0 0 0 0 0 0 0 0 0 0 0.000112435 0.00938835 0.0111873 0.0202946 0.0414886 0.0713402 0.111592 0.104902 0.108894 0.110636 0.117776 0.105296 0.107544 0.0401394 0.0192827 0.0124803 0.00416011 0.0028671 0.000618394 0 0 0 0 0
 0 0 0 0 0 0 0 0 0 0 0.00291406 0.0102884 0.027416 0.0768956 0.0749926 0.110853 0.0956884 0.0897413 0.0766577 0.0534642 0.0500743 0.0551293 0.0594112 0.0620874 0.0668451 0.0424026 0.0208742 0.0120726 0.0048766 0.00582813 0.00118941 0.000297354 0 0 0 0
 0 0.00264628 0.0354308 0.0461629 0.0458689 0.0383711 0.0214643 0.0164657 0.0346957 0.0420465 0.0363128 0.0245516 0.0311673 0.0291091 0.0169068 0.0133784 0.00837989 0.0085269 0.0148486 0.0160247 0.0276389 0.0546898 0.0760071 0.122758 0.109233 0.0665981 0.0333725 0.0166128 0.00676272 0.00308733 0.000882094 0 0 0 0 0
 0 0 0 0 0 0 0 0.000805153 0.000690131 0.00759144 0.0133425 0.0154129 0.00931677 0.000345066 0.00356568 0.00563607 0.00851162 0.0253048 0.0502646 0.0516448 0.0657925 0.0565908 0.0611916 0.0827007 0.0866115 0.110766 0.145733 0.0935128 0.0569358 0.0249597 0.0138026 0.00621118 0.00161031 0.00115022 0 0
 0 0 0 0 0 0 0 0 0 0 0 0 0 0 0 0 0 0 0 0 0 0 0 0 0 0 0 0 0 0 0 0 0 0 0 0
 0.00147267 0.00158595 0.00478618 0.00569244 0.00954404 0.0108468 0.00647125 0.017049 0.0510054 0.094081 0.124002 0.0959785 0.0687766 0.0820023 0.061753 0.0591476 0.0492212 0.0479892 0.0443925 0.0268479 0.0217502 0.0140895 0.0121071 0.0120363 0.00920419 0.00665534 0.0049561 0.00860946 0.00930331 0.0156896 0.0114698 0.00855282 0.00243557 0.00046729 0 2.83206e-05
 0 0 0 0 0.000772559 0.00158375 0.000888443 0.00281984 0.00712685 0.0440552 0.0773331 0.111326 0.0921469 0.0852325 0.0710754 0.0886704 0.0786465 0.0553345 0.0373146 0.0185414 0.00753245 0.00457741 0.012979 0.0271748 0.0457355 0.0583668 0.034881 0.0177882 0.00938659 0.00492506 0.0015258 0.00185414 0.000309023 5.79419e-05 3.86279e-05 0
 0 0.00173294 0.00326652 0 0.00397197 0.00683976 0.00946217 0.0152591 0.00757587 0.0136028 0.0228656 0.0392903 0.0559909 0.0764795 0.0681675 0.0726916 0.0566044 0.0477403 0.0527397 0.0444891 0.0609904 0.0582453 0.0661739 0.0445044 0.0529084 0.0360697 0.0280645 0.0235558 0.0158879 0.00826598 0.00280645 0.00217768 0.000904811 0.00058276 9.20147e-05 0
 0 0 0 0 0 0 0 0 0 0 0 0 0 0 0 0 0 0 0 0 0 0 0 0 0 0 0 0 0 0 0 0 0 0 0 0
 0 0 0 0 0 0 0 0 0 0 0 0 0 0 0 0 0 0 0 0 0 0 0 0 0 0 0 0 0 0 0 0 0 0 0 0
 0 0 0 0 0 0 0 0 0 0 0 0 0 0 0 0 0 0 0 0 0 0 0 0 0 0 0 0 0 0 0 0 0 0 0 0
ppred_pel_tallas
 1.12657e-16 3.35277e-06 1.96019e-05 9.30213e-05 0.000357875 0.00111575 0.00281879 0.0057714 0.00958119 0.0129111 0.0141655 0.0127701 0.00974233 0.00690119 0.00562846 0.00638118 0.0090342 0.0133523 0.0191505 0.0262075 0.0341483 0.0424072 0.0502864 0.0570811 0.0622224 0.0653894 0.0665522 0.065932 0.0639014 0.0608638 0.0571568 0.0530061 0.0485351 0.0438068 0.0388767 0.033829
 1.03099e-16 3.78255e-05 0.000222028 0.00105547 0.00406371 0.0126724 0.0320092 0.0654936 0.108558 0.145774 0.158589 0.139786 0.0998448 0.0578289 0.0272423 0.010602 0.00370643 0.00164661 0.00144666 0.00187397 0.00255012 0.00337875 0.00432477 0.00535533 0.0064298 0.0075002 0.00851339 0.0094132 0.0101434 0.0106519 0.0108967 0.0108519 0.0105139 0.00990317 0.00906363 0.0080571
 1.02802e-16 5.04869e-07 2.8409e-06 1.32463e-05 5.05659e-05 0.000157311 0.000398391 0.000822414 0.00139066 0.00195047 0.00234093 0.00258436 0.00298297 0.00402593 0.0062209 0.0100011 0.0157067 0.023543 0.0334702 0.0450723 0.0574854 0.0694472 0.0794874 0.0862256 0.0886936 0.0865748 0.0802852 0.0708558 0.0596701 0.0481395 0.037424 0.0282681 0.020975 0.0154875 0.011525 0.00872105
 1.13473e-16 6.81765e-06 3.99806e-05 0.000189986 0.000731353 0.00228052 0.00576038 0.011787 0.0195405 0.0262493 0.0285831 0.0252574 0.0181806 0.0108211 0.00566813 0.00326159 0.00296488 0.00404639 0.00614776 0.00923295 0.0134003 0.0187414 0.0252582 0.0328119 0.0410947 0.0496287 0.0577979 0.0649142 0.0703105 0.0734435 0.0739846 0.0718778 0.0673514 0.060876 0.0530855 0.0446736
 1.04598e-16 3.56883e-05 0.000209479 0.000995806 0.00383397 0.0119559 0.0301996 0.0617913 0.102422 0.137537 0.149635 0.131912 0.0942577 0.0546688 0.0258961 0.0103275 0.00401183 0.00232621 0.0024634 0.00324877 0.00430032 0.00549177 0.00675116 0.00801509 0.00922864 0.0103511 0.011357 0.0122296 0.012952 0.0134983 0.0138312 0.0139073 0.0136883 0.013154 0.0123124 0.0112036
 1.02297e-16 1.88112e-05 0.000110353 0.000524452 0.00201898 0.00629584 0.0159032 0.0325434 0.0539566 0.0724993 0.0789914 0.0699086 0.05055 0.0305238 0.0167226 0.0106133 0.0103187 0.0135393 0.0187881 0.0252257 0.0321867 0.0389276 0.0446246 0.048509 0.0500399 0.0490367 0.0457229 0.0406622 0.0346125 0.0283471 0.0225002 0.0174776 0.0134428 0.0103629 0.00808453 0.0064102
 1.02228e-16 2.91653e-05 0.000171168 0.000813636 0.00313251 0.00976842 0.0246743 0.0504874 0.0836902 0.112399 0.122326 0.107934 0.0773361 0.0452822 0.0222552 0.010283 0.00621428 0.00632799 0.00833859 0.0112219 0.014515 0.0178846 0.0209938 0.0235159 0.0251929 0.0258868 0.0256023 0.02447 0.022703 0.020539 0.0181922 0.0158241 0.0135391 0.0113951 0.00942241 0.0076382
 1.01159e-16 3.24721e-05 0.000190582 0.000905933 0.00348788 0.0108766 0.0274735 0.0562148 0.0931832 0.125145 0.136191 0.120149 0.0860471 0.0502993 0.024563 0.0110774 0.00631113 0.00609747 0.00787106 0.0104787 0.0134048 0.0162939 0.018803 0.020616 0.0215041 0.0213775 0.0203047 0.0184886 0.0162114 0.013766 0.0113976 0.00926929 0.00745697 0.00596624 0.00475991 0.00378456
 1.00765e-16 3.20618e-05 0.000188171 0.000894469 0.00344373 0.0107389 0.0271258 0.0555034 0.0920048 0.123565 0.134477 0.11865 0.0850023 0.0497469 0.0244016 0.0111873 0.00662655 0.00661064 0.0086045 0.0114563 0.0146312 0.0177418 0.0204083 0.0222806 0.0231073 0.0227944 0.0214257 0.0192369 0.0165532 0.0137122 0.010997 0.00859701 0.00660063 0.00501315 0.00378747 0.00285441
 1.00724e-16 3.23464e-05 0.000189843 0.000902417 0.00347434 0.0108344 0.0273669 0.0559966 0.092822 0.124662 0.135668 0.119695 0.0857398 0.0501548 0.0245579 0.0111852 0.00652474 0.00642886 0.00834044 0.0111022 0.0141841 0.0172089 0.0198089 0.0216448 0.0224724 0.0221984 0.0209008 0.0188045 0.0162209 0.0134746 0.0108387 0.0084973 0.00653793 0.00496897 0.00374848 0.00281292
 1.02161e-16 1.01126e-05 5.927e-05 0.000281569 0.00108376 0.00337936 0.00853669 0.017472 0.02898 0.0389745 0.0425573 0.0378843 0.0278728 0.0177882 0.0114757 0.00989672 0.0122161 0.0173228 0.0244322 0.032943 0.0421547 0.0511522 0.0588804 0.0643365 0.0667953 0.0659795 0.0621221 0.0558911 0.048213 0.0400524 0.032221 0.0252652 0.0194452 0.0147851 0.0111598 0.00838016
 1.09166e-16 6.7446e-06 3.95257e-05 0.000187765 0.000722703 0.00225348 0.00569244 0.0116501 0.0193216 0.0259796 0.0283532 0.0252056 0.0184719 0.01165 0.00729147 0.00603148 0.00732643 0.0104832 0.0150761 0.02086 0.0275749 0.0348414 0.0421612 0.0489845 0.0548012 0.0592211 0.0620196 0.0631359 0.0626388 0.0606771 0.0574401 0.0531371 0.0479981 0.0422782 0.036258 0.0302295
 1.08978e-16 2.42453e-05 0.000142291 0.000676372 0.00260404 0.00812043 0.0205115 0.0419694 0.0695694 0.0934313 0.101676 0.0896947 0.0642274 0.0375278 0.018301 0.00822589 0.0046825 0.00459159 0.00608965 0.00838987 0.0112006 0.0143576 0.0176955 0.0210332 0.0241953 0.0270336 0.0294377 0.03133 0.0326533 0.0333575 0.0333964 0.0327353 0.0313683 0.029334 0.0267264 0.0236903
 1.04813e-16 2.18151e-05 0.000128002 0.00060839 0.00234221 0.00730387 0.0184493 0.0377516 0.0625851 0.0840728 0.091548 0.0808948 0.0582189 0.0346061 0.0179708 0.00992011 0.00818599 0.0100458 0.0137899 0.0185626 0.0238264 0.029053 0.0336688 0.0371335 0.0390552 0.0392809 0.0379266 0.0353335 0.0319698 0.0283117 0.0247427 0.0214999 0.0186716 0.0162333 0.0141019 0.0121851
 1.0277e-16 2.65415e-05 0.000155758 0.000740362 0.00285037 0.00888854 0.0224519 0.0459406 0.0761558 0.102287 0.111342 0.0982887 0.0705272 0.0415013 0.0207798 0.0102439 0.00706088 0.00786756 0.0105827 0.0142365 0.0183292 0.0224432 0.0261405 0.0290029 0.0307147 0.0311299 0.0302995 0.0284442 0.025888 0.0229754 0.0200004 0.0171667 0.0145817 0.0122768 0.0102391 0.00844029
 1.02012e-16 2.63811e-05 0.000154813 0.000735863 0.00283303 0.00883448 0.0223154 0.0456616 0.0756942 0.101671 0.110678 0.0977221 0.0701621 0.0413698 0.0208674 0.010538 0.00757778 0.0086494 0.0116773 0.015674 0.0201004 0.0244846 0.0283291 0.0311647 0.0326466 0.0326324 0.0312109 0.0286682 0.0254084 0.0218544 0.0183622 0.0151724 0.0124021 0.0100689 0.00813063 0.00652171
 1.02628e-16 2.02947e-05 0.000119071 0.000565921 0.00217868 0.00679388 0.0171611 0.0351164 0.0582185 0.0782137 0.0851854 0.0753142 0.0542933 0.0324548 0.0171886 0.0100227 0.0088813 0.0112567 0.0155629 0.0209771 0.0269347 0.032844 0.0380487 0.0419216 0.0439977 0.0440787 0.0422721 0.0389481 0.0346358 0.0298924 0.0251917 0.0208582 0.017057 0.0138239 0.0111153 0.0088558
 1.03654e-16 2.15551e-05 0.000126478 0.000601152 0.00231435 0.00721699 0.0182298 0.0373023 0.0618395 0.0830691 0.0904493 0.0799105 0.0574814 0.03411 0.0176097 0.00956152 0.00772089 0.00940144 0.0129294 0.0174893 0.0225934 0.0277701 0.0324983 0.0362701 0.0386917 0.0395656 0.0389237 0.0369986 0.034148 0.0307603 0.0271745 0.0236342 0.0202816 0.0171795 0.0143453 0.0117802
 1.05292e-16 1.35547e-05 7.94966e-05 0.000377769 0.00145422 0.00453468 0.0114547 0.023441 0.0388681 0.0522356 0.0569395 0.0504552 0.0366206 0.0223882 0.0127673 0.00887133 0.00941076 0.0127872 0.0179673 0.0243489 0.0314081 0.0385159 0.0449455 0.0499895 0.0531094 0.0540513 0.0528908 0.0499875 0.0458731 0.0411131 0.0361888 0.0314321 0.0270182 0.0230016 0.0193696 0.0160901
 1.02413e-16 3.46618e-05 0.000203447 0.000967117 0.00372349 0.0116114 0.0293294 0.0600111 0.0994727 0.133582 0.145344 0.128159 0.0916412 0.0532828 0.0254873 0.0105971 0.00479807 0.00361674 0.0043272 0.0057653 0.00750821 0.00935467 0.0111391 0.0127039 0.0139184 0.014702 0.0150341 0.0149481 0.0145125 0.0138079 0.0129079 0.0118695 0.0107343 0.00953456 0.0083014 0.0070693
 1.01405e-16 2.49114e-05 0.000146178 0.000694798 0.0026749 0.00834132 0.0210698 0.0431136 0.0714729 0.0960085 0.104535 0.0923475 0.0664106 0.039373 0.0202569 0.0108763 0.00861732 0.010348 0.0140991 0.0188882 0.0241108 0.0291879 0.0335003 0.0364719 0.0376938 0.0370229 0.0346157 0.0308813 0.0263756 0.0216693 0.0172346 0.0133792 0.0102354 0.00779252 0.00595149 0.00457872
 1.02881e-16 1.79333e-05 0.000105205 0.000499996 0.00192484 0.00600229 0.0151617 0.0310256 0.0514387 0.0691121 0.0752903 0.0666082 0.0481098 0.0289443 0.0156694 0.00967032 0.00914939 0.0119198 0.0165906 0.0224157 0.0288411 0.0352554 0.0409674 0.0453097 0.0477783 0.0481431 0.046492 0.0431881 0.0387647 0.0337927 0.0287653 0.0240315 0.0197829 0.0160835 0.0129168 0.0102315
 1.04396e-16 2.10461e-05 0.000123492 0.000586957 0.00225971 0.00704659 0.0177993 0.0364214 0.0603788 0.081106 0.0883092 0.0780137 0.0561039 0.0332667 0.0171277 0.00922748 0.0073731 0.00894365 0.0123126 0.016699 0.0216488 0.026729 0.0314578 0.0353595 0.0380562 0.039343 0.0392203 0.0378686 0.0355836 0.0326928 0.0294863 0.0261784 0.0229035 0.0197366 0.0167215 0.0138939
 1.05544e-16 1.50328e-05 8.81772e-05 0.000419043 0.00161315 0.0050303 0.0127065 0.0260021 0.0431124 0.0579319 0.0631288 0.0558922 0.0404636 0.0245322 0.013623 0.00893307 0.00899371 0.0120035 0.0168107 0.0227764 0.0293898 0.0360605 0.0421122 0.0468874 0.0498855 0.0508706 0.0499123 0.0473422 0.0436501 0.0393542 0.0348926 0.0305631 0.0265189 0.0228029 0.0194001 0.0162817
 1.11112e-16 2.09464e-07 1.14218e-06 5.2492e-06 1.99084e-05 6.18015e-05 0.000156674 0.000324951 0.000555376 0.000796571 0.00100063 0.00120113 0.00155558 0.00231492 0.00376197 0.00617405 0.00980656 0.0148581 0.0214016 0.0293048 0.0381799 0.0473945 0.0561567 0.0636596 0.0692447 0.0725292 0.0734605 0.072277 0.0694033 0.0653181 0.0604459 0.0551017 0.049491 0.0437477 0.0379809 0.0323081
pSPR Fmed_Fpbrs
0.47252   0.254687 0.254687
Fs Fmed_Fpbrs
0.442776   1.005 1.005
SSBpbr Bo_Bmed_Bpbrs
857016  362106  175420 175420
Ro
18033.7
SPR SPRFo_SPRFmed_SPRFpbrs
371667 175620 94658.8
log_Ro
9.62
likeval ReclasPelacesDesembMPH_pf_preclas_ppelaces_ptallas_desvR_qrecl_qpela
 107.939 118.711 0.115208 0.000559337 370.443 222.856 76.7789 0 92.185 0 0 0 0 0 0
q_reclas_q_pelaces
1 1
M
0.7
N
 2917.8 10721.4 5324.11 2643.87 2608.01
 87847 1159.1 3407.11 1691.92 1668.97
 597.526 35807.6 387.812 1139.96 1124.49
 3035.33 205.348 8516.26 92.2349 538.562
 40942.3 1288.51 74.5179 3090.43 228.907
 23367.5 19646.3 597.466 34.553 1539.13
 38936.3 7655.08 4245.81 129.12 340.093
 71189 14352.8 2094.67 1161.79 128.392
 109993 22596.6 2912.07 424.995 261.769
 233872 39106.3 5751.93 741.264 174.815
 59014.7 101123 14722.9 2165.52 344.89
 18444.9 23410 32043.4 4665.34 795.486
 49322.2 7331.92 7448.84 10195.9 1737.58
 26804.2 16994 1752.79 1780.74 2852.85
 18472.6 6818.93 2214.76 228.434 603.877
 15629.5 4989.43 1001.76 325.369 122.274
 11100.5 5880.9 1422.51 285.607 127.625
 11496.1 4393.43 1855.13 448.729 130.354
 5459.25 4781.97 1530.81 646.384 201.77
 30555.5 2222.32 1595.73 510.826 283.027
 35617.5 12593.8 760.235 545.886 271.57
 29292.7 16531.7 5463.5 329.809 354.632
 37680.5 13278.7 6840.89 2260.82 283.225
 22236.9 16329.1 5021.71 2587.08 962.104
 102.949 9095.46 5501.36 1691.84 1195.74
pred_Ctot
 425.184 2848.07 1414.31 702.325 692.798
 11448.7 278.169 817.666 406.041 400.533
 135.154 13989.4 151.512 445.362 439.32
 319.736 40.4839 1678.96 18.1839 106.176
 994.008 61.6336 3.56443 147.825 10.9494
 5856.78 8363.52 254.344 14.7094 655.215
 7340.32 2557.03 1418.23 43.13 113.601
 18951 6419.93 936.941 519.665 57.4292
 22903.7 8226.98 1060.23 154.732 95.3049
 21918.9 6911.02 1016.5 130.999 30.8939
 8649.6 27003.5 3931.56 578.272 92.0981
 2680.86 6204.15 8492.18 1236.41 210.821
 11089.9 2850.05 2895.5 3963.34 675.431
 9765.32 9702.25 1000.7 1016.66 1628.75
 6272.77 3694.04 1199.81 123.75 327.141
 2767.15 1577.25 316.675 102.855 38.6531
 1641.73 1583.29 382.974 76.8926 34.3598
 1356.04 962.015 406.211 98.2567 28.5432
 715.846 1154.05 369.436 155.995 48.6941
 3776.16 507.968 364.745 116.762 64.6931
 1679.86 1153.62 69.6395 50.0045 24.8765
 1845.56 2002.84 661.912 39.9569 42.9643
 3477.58 2312.96 1191.59 393.803 49.3338
 2851.45 3861.07 1187.4 611.724 227.493
 23.9293 3636.05 2199.25 676.339 478.015
F
 0.22319 0.446381 0.446381 0.446381 0.446381
 0.197437 0.394875 0.394875 0.394875 0.394875
 0.368091 0.736182 0.736182 0.736182 0.736182
 0.156834 0.313667 0.313667 0.313667 0.313667
 0.0342729 0.0685457 0.0685457 0.0685457 0.0685457
 0.415978 0.831956 0.831956 0.831956 0.831956
 0.297985 0.595971 0.595971 0.595971 0.595971
 0.447539 0.895077 0.895077 0.895077 0.895077
 0.334132 0.668263 0.668263 0.668263 0.668263
 0.138439 0.276878 0.276878 0.276878 0.276878
 0.224623 0.449246 0.449246 0.449246 0.449246
 0.222553 0.445105 0.445105 0.445105 0.445105
 0.365515 0.73103 0.73103 0.73103 0.73103
 0.668858 1.33772 1.33772 1.33772 1.33772
 0.60897 1.21794 1.21794 1.21794 1.21794
 0.27745 0.554901 0.554901 0.554901 0.554901
 0.226879 0.453758 0.453758 0.453758 0.453758
 0.177157 0.354314 0.354314 0.354314 0.354314
 0.198761 0.397521 0.397521 0.397521 0.397521
 0.186339 0.372678 0.372678 0.372678 0.372678
 0.0675574 0.135115 0.135115 0.135115 0.135115
 0.0911809 0.182362 0.182362 0.182362 0.182362
 0.136194 0.272388 0.272388 0.272388 0.272388
 0.193977 0.387954 0.387954 0.387954 0.387954
 0.380144 0.760289 0.760289 0.760289 0.760289
nmprior
 10 11 7 0
nm_flota  nm_reclas  nm_pelaces    nm_pelaL
inf 11.0642 9.58113 15.0557
cv_recla  cv_pelaces  cv_mph
0.939755 1.28206 0.767317
 ------------------------------------------------
Talla a la edad & desviación 
 7.2 14.2025 17.0495 18.207 18.6776
 1.08 2.13037 2.55742 2.73105 2.80164
