years
 1997 1998 1999 2000 2001 2002 2003 2004 2005 2006 2007 2008 2009 2010 2011 2012 2013 2014 2015 2016 2017 2018 2019 2020 2021
reclasobs
 0 0 0 370054 412103 1.49427e+06 250295 1.28982e+06 931140 785840 897777 1.04006e+06 184774 17550 25797 100020 73551 82996 120727 218422 84188 347160 605670 569463 516374
reclaspred
 2.17936e+06 271334 361794 114315 241512 255783 549412 457314 596238 1.04421e+06 960768 607355 369774 161498 98731.8 93880.7 105303 124749 108124 176580 316881 287066 425235 382513 266132
pelacesobs
 0 0 0 0 0 0 0 0 0 2.06254e+06 1.5e+06 0 1.87456e+06 323000 250000 174000 83755 137374 0 501740 490994 745055 786931 1.00524e+06 0
pelacespred
 1.33927e+06 499639 152417 112267 214425 149132 506465 405709 532877 951492 712879 458387 306235 103990 66032.4 66284.5 77173 92736.1 78954.2 137014 270934 231025 269495 282695 184315
mphobs
 0 0 0 0 0 112323 0 153150 637223 0 255016 313432 73983 77613 109348 50772 0 0 0 0 0 0 0 0 0
mphpred
 2.1189e+06 904464 391943 188068 125879 323621 356000 480375 506896 705349 1.23747e+06 859298 468436 264133 113756 90852.1 101085 121326 128110 123121 253371 338695 383856 438135 414301
desembarqueobs
 350755 77701 442110 56441 14545 235359 269955 359681 431902 328805 639364 411747 362871 311530 167758 66681 60226 58785 57116 71774 51957 67425 138520 160799 200461
desembarquepred
 350745 77682.3 441628 56421.8 14543.8 235223 269857 359171 431489 328572 638710 411401 362314 311106 167437 66636.5 60208.2 58746.2 57073.2 71711.8 51944.9 67388.5 138444 160723 200427
Reclutas
 7457.17 10895.3 1700.24 8394.99 55014.9 17035.4 56733.2 70821.4 93073.2 212514 53632.7 23985.3 53476.3 23407.5 15052.7 14880.5 10134.3 9876.47 8007.64 27834.2 32952 32761.1 42793.9 29756.8 530.68
log_desv_Rt
 -1.00307 -0.623913 -2.48148 -0.88461 0.995358 -0.176951 1.02612 1.24792 1.52114 2.34676 0.969915 0.165195 0.966993 0.140813 -0.300691 -0.312193 -0.696315 -0.722089 -0.931849 0.31402 0.482806 0.476998 0.74415 0.380813 -3.64584
SSB
 2.1189e+06 904464 391943 188068 125879 323621 356000 480375 506896 705349 1.23747e+06 859298 468436 264133 113756 90852.1 101085 121326 128110 123121 253371 338695 383856 438135 414301
BT
 2.61796e+06 1.06393e+06 522085 267802 396413 449818 1.10437e+06 1.11076e+06 1.34497e+06 2.00752e+06 1.8285e+06 1.1895e+06 907104 481823 256290 173274 186904 213418 190899 303933 525949 477156 579397 643052 505942
Ftot
 0.116854 0.214297 0.829151 0.423241 0.111065 0.718042 0.661115 1.04628 0.983805 0.503845 0.545106 0.523184 1.01116 1.66904 1.80013 0.756507 0.588058 0.46583 0.464131 0.568599 0.18164 0.213984 0.292027 0.367586 0.519533
BD_Bspro_t
 0.981677 0.863626 0.653414 0.325312 0.39755 0.682426 0.517852 0.536875 0.502852 0.536412 0.636149 0.470441 0.331901 0.249733 0.143255 0.142794 0.206754 0.30916 0.375583 0.425487 0.627914 0.742151 0.7319 0.693782 0.597766
BD_Bspro
 5.05639 2.15835 0.935306 0.448793 0.300388 0.772266 0.849534 1.14633 1.20962 1.6832 2.95302 2.05057 1.11784 0.630309 0.27146 0.216803 0.241221 0.289524 0.305712 0.293809 0.604626 0.808239 0.916007 1.04554 0.988659
BD_Bo
 2.17166 0.926987 0.401704 0.192752 0.129013 0.33168 0.364865 0.492338 0.519519 0.722914 1.26829 0.880696 0.480102 0.270711 0.116589 0.0931145 0.103602 0.124347 0.1313 0.126187 0.25968 0.34713 0.393415 0.449046 0.424618
BD_Brms
 7.23835 3.08974 1.33892 0.642459 0.430014 1.10552 1.21613 1.64101 1.7316 2.40954 4.22733 2.93544 1.60022 0.902303 0.388602 0.310359 0.345314 0.414461 0.437634 0.420595 0.865538 1.15702 1.31129 1.49671 1.41529
S_f
 0.143321 1 1 1 1
 0.143321 1 1 1 1
 0.143321 1 1 1 1
 0.143321 1 1 1 1
 0.143321 1 1 1 1
 0.143321 1 1 1 1
 0.143321 1 1 1 1
 0.143321 1 1 1 1
 0.143321 1 1 1 1
 0.143321 1 1 1 1
 0.143321 1 1 1 1
 0.143321 1 1 1 1
 0.143321 1 1 1 1
 0.143321 1 1 1 1
 0.143321 1 1 1 1
 0.143321 1 1 1 1
 0.143321 1 1 1 1
 0.143321 1 1 1 1
 0.143321 1 1 1 1
 0.143321 1 1 1 1
 0.143321 1 1 1 1
 0.143321 1 1 1 1
 0.143321 1 1 1 1
 0.143321 1 1 1 1
 0.143321 1 1 1 1
Scru_reclas
 0.79614 1 1 1 1
 0.79614 1 1 1 1
 0.79614 1 1 1 1
 0.79614 1 1 1 1
 0.79614 1 1 1 1
 0.79614 1 1 1 1
 0.79614 1 1 1 1
 0.79614 1 1 1 1
 0.79614 1 1 1 1
 0.79614 1 1 1 1
 0.79614 1 1 1 1
 0.79614 1 1 1 1
 0.79614 1 1 1 1
 0.79614 1 1 1 1
 0.79614 1 1 1 1
 0.79614 1 1 1 1
 0.79614 1 1 1 1
 0.79614 1 1 1 1
 0.79614 1 1 1 1
 0.79614 1 1 1 1
 0.79614 1 1 1 1
 0.79614 1 1 1 1
 0.79614 1 1 1 1
 0.79614 1 1 1 1
 0.79614 1 1 1 1
Scru_pelaces
 1 1 1 1 1
 1 1 1 1 1
 1 1 1 1 1
 1 1 1 1 1
 1 1 1 1 1
 1 1 1 1 1
 1 1 1 1 1
 1 1 1 1 1
 1 1 1 1 1
 1 1 1 1 1
 1 1 1 1 1
 1 1 1 1 1
 1 1 1 1 1
 1 1 1 1 1
 1 1 1 1 1
 1 1 1 1 1
 1 1 1 1 1
 1 1 1 1 1
 1 1 1 1 1
 1 1 1 1 1
 1 1 1 1 1
 1 1 1 1 1
 1 1 1 1 1
 1 1 1 1 1
 1 1 1 1 1
pf_obs 
 0.256992 0.487395 0.22802 0.0275931 0
 0.321318 0.546541 0.124235 0.00734118 0.000564706
 0.182869 0.594174 0.210203 0.0122559 0.00049798
 0.330522 0.361315 0.267642 0.0388342 0.00168674
 0.649043 0.306663 0.0425973 0.00169635 0
 0.582887 0.30429 0.105238 0.00758474 0
 0.465427 0.430635 0.0974691 0.00646863 0
 0.296916 0.608066 0.0921331 0.00288517 0
 0.311714 0.524322 0.152257 0.0117073 0
 0.15457 0.633149 0.183074 0.0267441 0.00246327
 0.131901 0.49318 0.331252 0.0422183 0.00144891
 0.196976 0.569456 0.194076 0.0375587 0.00193317
 0.518974 0.381816 0.0799577 0.0180837 0.00116848
 0.0928022 0.601141 0.25162 0.0475244 0.00691264
 0.122501 0.610282 0.24278 0.0234846 0.000952079
 0.383417 0.481906 0.127806 0.00687128 0
 0.0376549 0.599619 0.316969 0.0457579 0
 0.0361596 0.667082 0.258105 0.0386534 0
 0.158088 0.579412 0.248529 0.0139706 0
 0.0477256 0.309471 0.559284 0.082774 0.000745712
 0.0406174 0.521527 0.379366 0.0568643 0.0016247
 0.151134 0.462217 0.34131 0.0453401 0
 0.294876 0.26143 0.354403 0.0886775 0.000613685
 0.281977 0.475581 0.204845 0.0348837 0.00271318
 0 0 0 0 0
pf_pred 
 0.0132609 0.63705 0.308973 0.0407144 1.59295e-06
 0.0402126 0.0866255 0.563723 0.273409 0.0360295
 0.0149379 0.241309 0.0671273 0.436837 0.239789
 0.206428 0.11035 0.167368 0.0465584 0.469296
 0.591485 0.282336 0.0175458 0.0266117 0.0820213
 0.0964873 0.826014 0.0535618 0.00332861 0.0206087
 0.410336 0.305009 0.260239 0.0168749 0.00754154
 0.329665 0.58411 0.0446007 0.0380541 0.00357035
 0.345069 0.560033 0.0826917 0.00631406 0.00589272
 0.438606 0.482404 0.0675453 0.0099734 0.00147225
 0.0768501 0.807827 0.0990966 0.0138753 0.0023512
 0.0678814 0.40327 0.462783 0.0567699 0.00929576
 0.279865 0.286192 0.18774 0.215446 0.0307565
 0.168812 0.682051 0.059269 0.03888 0.0509874
 0.243097 0.588448 0.13823 0.0120119 0.0182133
 0.291811 0.606701 0.0789011 0.0185344 0.0040527
 0.179193 0.663573 0.134701 0.0175179 0.00501485
 0.195549 0.540269 0.213575 0.0433545 0.00725229
 0.167677 0.567012 0.178182 0.0704377 0.0166903
 0.45623 0.347437 0.13375 0.0420305 0.0205522
 0.260029 0.655692 0.0538496 0.02073 0.00969975
 0.188386 0.59093 0.195549 0.0160598 0.00907516
 0.21755 0.502721 0.203669 0.0673976 0.00866295
 0.141897 0.593095 0.170266 0.0689803 0.0257609
 0.00377849 0.578118 0.288981 0.0829606 0.0461618
pobs_RECLAS
 0 0 0 0 0
 0 0 0 0 0
 0 0 0 0 0
 0 0 0 0 0
 0.835266 0.146461 0.0176864 0.000547809 3.91292e-05
 0.385257 0.428462 0.181853 0.0044286 0
 0.867414 0.0963971 0.0333333 0.00285562 0
 0.441836 0.489002 0.0689373 0.000224442 0
 0.779404 0.147425 0.0564933 0.0165055 0.000172143
 0.814271 0.122319 0.05973 0.00367925 0
 0.40263 0.566651 0.0304383 0.000280538 0
 0.475488 0.404961 0.113038 0.00651328 0
 0.955842 0.0263864 0.0167828 0.000988607 0
 0.975058 0.0227948 0.00214734 0 0
 0.738997 0.206755 0.0527124 0.00153531 0
 0.850938 0.134255 0.0134407 0.00136685 0
 0.542534 0.407297 0.0501686 0 0
 0.764087 0.199537 0.0359546 0.000420521 0
 0.470689 0.182191 0.310203 0.0369168 0
 0.84361 0.089868 0.0606195 0.00523954 0.000663233
 0.607945 0.314616 0.071237 0.00620181 0
 0.523733 0.453247 0.0230204 0 0
 0.530135 0.295979 0.169645 0.0042399 0
 0.562478 0.366248 0.0663022 0.0049721 0
 0.250443 0.683176 0.0655157 0.000865301 0
ppred_RECLAS
 0.0698783 0.600497 0.291245 0.0383783 1.50155e-06
 0.19071 0.0730424 0.475329 0.230538 0.0303799
 0.0826937 0.224711 0.0625101 0.40679 0.223295
 0.597757 0.055934 0.0848348 0.0235993 0.237875
 0.890005 0.0760207 0.00472432 0.00716535 0.0220847
 0.385449 0.561838 0.0364317 0.00226405 0.0140176
 0.802496 0.102161 0.0871655 0.00565214 0.00252599
 0.750081 0.217772 0.0166283 0.0141876 0.00133112
 0.761345 0.204075 0.0301327 0.00230083 0.00214729
 0.817994 0.156397 0.0218985 0.00323342 0.000477311
 0.324631 0.590999 0.0724982 0.0101511 0.00172012
 0.295602 0.304749 0.349723 0.0429008 0.00702477
 0.702482 0.118238 0.0775633 0.0890099 0.0127068
 0.576378 0.347613 0.030207 0.0198155 0.0259861
 0.687626 0.242852 0.0570475 0.00495733 0.00751661
 0.708453 0.249767 0.032482 0.00763024 0.00166842
 0.558619 0.35683 0.0724343 0.00942005 0.00269668
 0.582238 0.280569 0.110912 0.0225146 0.00376621
 0.535935 0.31614 0.0993462 0.0392728 0.00930573
 0.829207 0.109127 0.0420094 0.0132014 0.00645523
 0.663556 0.298125 0.0244839 0.00942533 0.0044102
 0.566252 0.315809 0.104507 0.00858276 0.00485001
 0.611241 0.249776 0.101192 0.0334864 0.00430417
 0.48466 0.356188 0.102255 0.0414267 0.0154709
 0.0213817 0.567903 0.283874 0.0814947 0.0453461
pobs_PELACES
 0 0 0 0 0
 0 0 0 0 0
 0 0 0 0 0
 0 0 0 0 0
 0 0 0 0 0
 0 0 0 0 0
 0 0 0 0 0
 0 0 0 0 0
 0 0 0 0 0
 0 0 0 0 0
 0.450072 0.473896 0.0757376 0.000293798 0
 0 0 0 0 0
 0.463077 0.371075 0.160297 0.00555027 0
 0.529543 0.364841 0.0842815 0.0213345 0
 0.631943 0.363953 0.00410389 0 0
 0.735681 0.248677 0.0153453 0.000297389 0
 0.695825 0.281241 0.0229344 0 0
 0.275771 0.60734 0.115278 0.00161068 0
 0 0 0 0 0
 0.896147 0.0623911 0.0374545 0.00400742 0
 0.803859 0.145111 0.0509908 3.86294e-05 0
 0.739449 0.233085 0.0266225 0.000797448 4.60066e-05
 0.878498 0.100942 0.0204185 0.000141795 0
 0.694673 0.275183 0.0284847 0.00165964 0
 0 0 0 0 0
ppred_PELACES
 0.0888673 0.588237 0.285299 0.0375948 1.47089e-06
 0.239242 0.0686621 0.446825 0.216713 0.0285581
 0.125219 0.214294 0.0596122 0.387932 0.212943
 0.677818 0.0448011 0.0679497 0.0189022 0.190529
 0.912948 0.0601643 0.00373892 0.0056708 0.0174783
 0.491123 0.465228 0.0301671 0.00187474 0.0116072
 0.860187 0.0723194 0.0617042 0.00400113 0.00178814
 0.835183 0.143617 0.0109661 0.00935648 0.000877853
 0.841065 0.135906 0.0200672 0.00153226 0.00143002
 0.866832 0.114431 0.0160224 0.00236579 0.000349233
 0.413265 0.513438 0.0629838 0.00881887 0.00149437
 0.379318 0.26853 0.308159 0.0378021 0.00618989
 0.797862 0.0803327 0.0526977 0.0604747 0.0086332
 0.732579 0.219439 0.0190688 0.012509 0.0164044
 0.82141 0.138843 0.0326152 0.0028342 0.00429739
 0.790796 0.179224 0.023308 0.00547519 0.0011972
 0.652441 0.28098 0.0570374 0.00741768 0.00212346
 0.666332 0.224092 0.0885863 0.0179825 0.00300809
 0.623207 0.256687 0.0806633 0.0318872 0.0075557
 0.877476 0.0782855 0.0301368 0.00947043 0.00463087
 0.722824 0.245607 0.0201708 0.00776497 0.0036333
 0.635306 0.265531 0.0878688 0.00721635 0.00407787
 0.68202 0.204301 0.082769 0.0273897 0.00352054
 0.56722 0.299125 0.0858729 0.0347899 0.0129924
 0.0308061 0.562434 0.281141 0.0807099 0.0449094
pobs_pel_tallas
 0 0 0 0 0 0 0 0 0 0 0 0 0 0 0 0 0 0 0 0 0 0 0 0 0 0 0 0 0 0 0 0 0 0 0 0
 0 0 0 0 0 0 0 0 0 0 0 0 0 0 0 0 0 0 0 0 0 0 0 0 0 0 0 0 0 0 0 0 0 0 0 0
 0 0 0 0 0 0 0 0 0 0 0 0 0 0 0 0 0 0 0 0 0 0 0 0 0 0 0 0 0 0 0 0 0 0 0 0
 0 0 0 0 0 0 0 0 0 0 0 0 0 0 0 0 0 0 0 0 0 0 0 0 0 0 0 0 0 0 0 0 0 0 0 0
 0 0 0 0 0 0 0 0 0 0 0 0 0 0 0 0 0 0 0 0 0 0 0 0 0 0 0 0 0 0 0 0 0 0 0 0
 0 0 0 0 0 0 0 0 0 0 0 0 0 0 0 0 0 0 0 0 0 0 0 0 0 0 0 0 0 0 0 0 0 0 0 0
 0 0 0 0 0 0 0 0 0 0 0 0 0 0 0 0 0 0 0 0 0 0 0 0 0 0 0 0 0 0 0 0 0 0 0 0
 0 0 0 0 0 0 0 0 0 0 0 0 0 0 0 0 0 0 0 0 0 0 0 0 0 0 0 0 0 0 0 0 0 0 0 0
 0 0 0 0 0 0 0 0 0 0 0 0 0 0 0 0 0 0 0 0 0 0 0 0 0 0 0 0 0 0 0 0 0 0 0 0
 0 0 0 0 0 0 0 0 0 0 0 0 0 0 0 0 0 0 0 0 0 0 0 0 0 0 0 0 0 0 0 0 0 0 0 0
 0 0 0 0 0 0 0 0 1.78061e-05 0.00172719 0.00360574 0.0105946 0.0120993 0.0124554 0.0147524 0.0171206 0.0266825 0.0428682 0.0675386 0.121331 0.153587 0.119568 0.100827 0.0573624 0.0630603 0.0341343 0.0324427 0.0444173 0.0211091 0.0280891 0.0125444 0.00206551 0 0 0 0
 0 0 0 0 0 0 0 0 0 0 0 0 0 0 0 0 0 0 0 0 0 0 0 0 0 0 0 0 0 0 0 0 0 0 0 0
 0 0 0 0 0 0 0.0133647 0.0140871 0.0187388 0.0205184 0.03894 0.0496705 0.03968 0.0493445 0.0407372 0.0367815 0.0215668 0.0243155 0.0234873 0.0199281 0.019796 0.0243948 0.0301388 0.0376714 0.0412746 0.0863199 0.0771752 0.113111 0.0741005 0.0525337 0.0229764 0.00759418 0.00175318 0 0 0
 0 0 0 0 0 0 0 0 0 0 0.00219441 0.00772107 0.0458388 0.0604681 0.0671733 0.0775358 0.0609151 0.0617685 0.073594 0.0568108 0.0755445 0.0548602 0.0670107 0.0636378 0.0643287 0.046367 0.0373049 0.0286899 0.0247887 0.0153202 0.00654259 0.00121912 0.000365735 0 0 0
 0 0 0 0 0 0 0 0 0 0 0 0 0.000112435 0.00938835 0.0111873 0.0202946 0.0414886 0.0713402 0.111592 0.104902 0.108894 0.110636 0.117776 0.105296 0.107544 0.0401394 0.0192827 0.0124803 0.00416011 0.0028671 0.000618394 0 0 0 0 0
 0 0 0 0 0 0 0 0 0 0 0.00291406 0.0102884 0.027416 0.0768956 0.0749926 0.110853 0.0956884 0.0897413 0.0766577 0.0534642 0.0500743 0.0551293 0.0594112 0.0620874 0.0668451 0.0424026 0.0208742 0.0120726 0.0048766 0.00582813 0.00118941 0.000297354 0 0 0 0
 0 0.00264628 0.0354308 0.0461629 0.0458689 0.0383711 0.0214643 0.0164657 0.0346957 0.0420465 0.0363128 0.0245516 0.0311673 0.0291091 0.0169068 0.0133784 0.00837989 0.0085269 0.0148486 0.0160247 0.0276389 0.0546898 0.0760071 0.122758 0.109233 0.0665981 0.0333725 0.0166128 0.00676272 0.00308733 0.000882094 0 0 0 0 0
 0 0 0 0 0 0 0 0.000805153 0.000690131 0.00759144 0.0133425 0.0154129 0.00931677 0.000345066 0.00356568 0.00563607 0.00851162 0.0253048 0.0502646 0.0516448 0.0657925 0.0565908 0.0611916 0.0827007 0.0866115 0.110766 0.145733 0.0935128 0.0569358 0.0249597 0.0138026 0.00621118 0.00161031 0.00115022 0 0
 0 0 0 0 0 0 0 0 0 0 0 0 0 0 0 0 0 0 0 0 0 0 0 0 0 0 0 0 0 0 0 0 0 0 0 0
 0.00147267 0.00158595 0.00478618 0.00569244 0.00954404 0.0108468 0.00647125 0.017049 0.0510054 0.094081 0.124002 0.0959785 0.0687766 0.0820023 0.061753 0.0591476 0.0492212 0.0479892 0.0443925 0.0268479 0.0217502 0.0140895 0.0121071 0.0120363 0.00920419 0.00665534 0.0049561 0.00860946 0.00930331 0.0156896 0.0114698 0.00855282 0.00243557 0.00046729 0 2.83206e-05
 0 0 0 0 0.000772559 0.00158375 0.000888443 0.00281984 0.00712685 0.0440552 0.0773331 0.111326 0.0921469 0.0852325 0.0710754 0.0886704 0.0786465 0.0553345 0.0373146 0.0185414 0.00753245 0.00457741 0.012979 0.0271748 0.0457355 0.0583668 0.034881 0.0177882 0.00938659 0.00492506 0.0015258 0.00185414 0.000309023 5.79419e-05 3.86279e-05 0
 0 0.00173294 0.00326652 0 0.00397197 0.00683976 0.00946217 0.0152591 0.00757587 0.0136028 0.0228656 0.0392903 0.0559909 0.0764795 0.0681675 0.0726916 0.0566044 0.0477403 0.0527397 0.0444891 0.0609904 0.0582453 0.0661739 0.0445044 0.0529084 0.0360697 0.0280645 0.0235558 0.0158879 0.00826598 0.00280645 0.00217768 0.000904811 0.00058276 9.20147e-05 0
 0 0 0 0 0 0 0 0 0 0 0 0 0 0 0 0 0 0 0 0 0 0 0 0 0 0 0 0 0 0 0 0 0 0 0 0
 0 0 0 0 0 0 0 0 0 0 0 0 0 0 0 0 0 0 0 0 0 0 0 0 0 0 0 0 0 0 0 0 0 0 0 0
 0 0 0 0 0 0 0 0 0 0 0 0 0 0 0 0 0 0 0 0 0 0 0 0 0 0 0 0 0 0 0 0 0 0 0 0
ppred_pel_tallas
 1.05534e-16 3.9122e-06 2.28736e-05 0.000108548 0.000417609 0.001302 0.00328937 0.0067352 0.0111822 0.0150717 0.0165439 0.0149332 0.0114327 0.0081735 0.00677825 0.00778956 0.011065 0.0163209 0.0233112 0.0317202 0.0410231 0.0504496 0.0590674 0.0659506 0.0703735 0.071962 0.0707571 0.0671658 0.0618289 0.0554536 0.0486687 0.0419411 0.0355603 0.0296734 0.0243406 0.0195826
 1.15147e-16 1.04483e-05 6.12939e-05 0.000291308 0.00112146 0.00349705 0.00883326 0.0180746 0.029963 0.0402467 0.0438158 0.0386953 0.0278025 0.0164396 0.0083942 0.00444605 0.00354428 0.00446033 0.00650494 0.00945811 0.0133021 0.0180407 0.0236186 0.029891 0.0366151 0.0434553 0.0500015 0.0557999 0.060399 0.0634036 0.0645314 0.0636592 0.0608494 0.056344 0.0505331 0.0438959
 1.24196e-16 5.48064e-06 3.21199e-05 0.00015259 0.000587326 0.00183136 0.00462604 0.00946721 0.0156997 0.0211047 0.0230201 0.020434 0.0149088 0.00927209 0.00557711 0.00431692 0.00502872 0.00713927 0.0103157 0.0144069 0.0192943 0.0248084 0.0307206 0.0367761 0.042738 0.048416 0.0536706 0.0583873 0.0624388 0.0656544 0.0678152 0.0686825 0.0680525 0.0658153 0.0620023 0.0568017
 1.10532e-16 2.95702e-05 0.000173561 0.000825049 0.00317652 0.00990569 0.0250208 0.0511952 0.0848588 0.113954 0.123982 0.109305 0.0781242 0.0453526 0.0215633 0.00874708 0.00364724 0.00245584 0.0028739 0.00395852 0.00542433 0.00719466 0.00922965 0.0114826 0.0138946 0.0163948 0.0188999 0.0213107 0.0235104 0.0253675 0.0267463 0.0275238 0.0276106 0.0269693 0.0256252 0.0236667
 1.01085e-16 3.98238e-05 0.000233757 0.00111122 0.00427835 0.0133417 0.0336999 0.0689533 0.114293 0.153478 0.166978 0.147198 0.105176 0.0609909 0.0288695 0.0114709 0.0043772 0.00241645 0.0024369 0.00310261 0.00395714 0.0048273 0.00560357 0.00619575 0.00654025 0.00661291 0.00643343 0.00605772 0.00556141 0.00502001 0.00449258 0.00401319 0.00359125 0.00321827 0.00287749 0.00255263
 1.01187e-16 2.14468e-05 0.00012583 0.000598043 0.00230234 0.00717949 0.0181352 0.0371098 0.0615241 0.0826568 0.0900302 0.0796109 0.0574196 0.0343804 0.0183095 0.0108277 0.00974358 0.0124005 0.0171027 0.022944 0.0292748 0.0354075 0.0405879 0.0441119 0.0454809 0.0445221 0.0414313 0.0367153 0.0310623 0.0251803 0.0196576 0.01488 0.0110164 0.00805702 0.00587909 0.00431324
 1.01121e-16 3.75239e-05 0.000220253 0.00104702 0.00403114 0.0125708 0.0317527 0.0649692 0.10769 0.144613 0.157338 0.138712 0.09914 0.0575463 0.0273447 0.011053 0.00452232 0.00289325 0.00320686 0.00420876 0.00546397 0.00679336 0.00806704 0.00916488 0.00998744 0.0104725 0.0106038 0.0104072 0.00993803 0.00926402 0.00845089 0.00755406 0.00661714 0.00567463 0.00475591 0.00388743
 1.00566e-16 3.64363e-05 0.000213861 0.00101662 0.00391408 0.0122057 0.0308306 0.0630831 0.104566 0.140424 0.152796 0.134746 0.0963881 0.0561158 0.0269769 0.0114428 0.00550948 0.00447041 0.00544127 0.00716016 0.0091251 0.0110538 0.0127015 0.0138492 0.0143417 0.0141234 0.0132505 0.0118742 0.0102009 0.00844277 0.00677608 0.00531618 0.00411366 0.00316645 0.00244 0.00188713
 1.00449e-16 3.66925e-05 0.000215366 0.00102378 0.00394163 0.0122916 0.0310476 0.0635271 0.105301 0.141411 0.153868 0.135687 0.0970514 0.056482 0.0271157 0.0114382 0.00541398 0.00430195 0.00519845 0.00683737 0.0087219 0.0105797 0.0121772 0.0133047 0.013812 0.0136417 0.012842 0.0115513 0.00996144 0.00827207 0.00665133 0.00521243 0.00400921 0.00304669 0.00229882 0.00172628
 1.00363e-16 3.78152e-05 0.000221959 0.00105512 0.00406234 0.0126681 0.0319984 0.0654724 0.108525 0.145738 0.15857 0.139819 0.0999742 0.058118 0.0277793 0.0115081 0.00513423 0.00376312 0.00440149 0.00575482 0.00733428 0.00889385 0.0102338 0.0111774 0.0115981 0.0114481 0.0107686 0.0096764 0.00833364 0.00690881 0.00554365 0.00433344 0.00332332 0.00251712 0.00189251 0.00141593
 1.01435e-16 1.80539e-05 0.000105906 0.000503311 0.00193758 0.00604199 0.0152621 0.0312315 0.0517822 0.0695801 0.0758169 0.0671137 0.0485607 0.0293864 0.0162157 0.0104692 0.0103592 0.0136915 0.0190455 0.0256131 0.0327405 0.0396858 0.0456191 0.0497578 0.0515395 0.050755 0.0475967 0.0425985 0.0364962 0.0300537 0.0239119 0.0184999 0.0140182 0.0104785 0.00777274 0.00574158
 1.06051e-16 1.65643e-05 9.71819e-05 0.000461883 0.00177815 0.00554487 0.0140061 0.02866 0.0475135 0.0638289 0.0695102 0.0614359 0.044247 0.0263686 0.0138249 0.00786002 0.00678734 0.00858754 0.0120218 0.0165068 0.0216985 0.0272439 0.0327212 0.0376825 0.0417289 0.0445775 0.0460963 0.0462984 0.0453046 0.0432938 0.0404608 0.0369933 0.0330703 0.0288674 0.0245643 0.0203409
 1.03256e-16 3.48064e-05 0.000204298 0.000971169 0.0037391 0.0116601 0.0294523 0.0602625 0.0998888 0.134139 0.145946 0.128678 0.0919892 0.0534377 0.0254725 0.0104377 0.00449542 0.00314871 0.00366165 0.00487576 0.00638767 0.00802606 0.00966102 0.0111693 0.0124461 0.0134214 0.0140671 0.0143914 0.0144248 0.0142033 0.0137567 0.0131052 0.0122636 0.0112501 0.0100936 0.0088375
 1.01539e-16 3.19654e-05 0.000187606 0.000891784 0.0034334 0.0107067 0.0270444 0.0553368 0.0917283 0.123193 0.13407 0.118286 0.084731 0.0495666 0.0242734 0.0110615 0.00646074 0.00637269 0.0082708 0.011012 0.0140736 0.0170844 0.0196837 0.0215402 0.0224174 0.0222282 0.0210541 0.0191187 0.0167274 0.0141935 0.0117745 0.00963618 0.00784798 0.00640243 0.00524667 0.00431283
 1.00807e-16 3.58357e-05 0.000210335 0.000999857 0.00384953 0.0120044 0.0303222 0.0620429 0.102841 0.138108 0.150276 0.132524 0.0947988 0.0551911 0.0265339 0.011259 0.00543014 0.00442149 0.00540069 0.00713243 0.0091295 0.0111204 0.0128685 0.0141585 0.0148322 0.0148235 0.0141709 0.0130029 0.0115026 0.00986239 0.00824603 0.00676563 0.00547793 0.0043945 0.0034988 0.00276269
 1.00634e-16 3.45023e-05 0.000202504 0.000962618 0.00370614 0.0115573 0.0291927 0.0597322 0.0990125 0.13297 0.144696 0.127628 0.0913514 0.0532942 0.0258281 0.0113128 0.00597682 0.0053779 0.00678673 0.00899162 0.0114785 0.0139216 0.0160195 0.0174974 0.0181582 0.0179276 0.0168706 0.0151709 0.0130819 0.010867 0.00874693 0.00686935 0.00530317 0.00405279 0.00308195 0.00233749
 1.01256e-16 2.84736e-05 0.000167101 0.000794285 0.00305798 0.00953598 0.0240873 0.0492868 0.0817022 0.109736 0.119445 0.105434 0.0756348 0.0444674 0.0221907 0.0108133 0.00728498 0.00798525 0.0106694 0.0142878 0.0182995 0.0222583 0.0257033 0.028202 0.029438 0.0292826 0.0278217 0.0253255 0.0221746 0.0187683 0.0154453 0.0124369 0.00985834 0.00772965 0.00601092 0.00463663
 1.0209e-16 2.90771e-05 0.000170648 0.000811163 0.00312298 0.0097387 0.0245993 0.050334 0.0834364 0.11206 0.121961 0.107621 0.0771328 0.0452049 0.0222943 0.0104291 0.0064731 0.00671835 0.00888188 0.0119295 0.0153777 0.018865 0.0220248 0.0245066 0.0260417 0.0264987 0.0259074 0.0244371 0.022345 0.0199091 0.0173717 0.0149067 0.0126142 0.0105357 0.00867767 0.00703235
 1.02678e-16 2.71979e-05 0.000159613 0.000758694 0.00292095 0.00910867 0.0230079 0.0470782 0.0780408 0.104817 0.11409 0.100703 0.0722334 0.0424524 0.0211579 0.0102682 0.00687111 0.00751351 0.010062 0.0135314 0.0174283 0.0213537 0.0248925 0.0276489 0.029323 0.0297749 0.0290498 0.0273524 0.0249841 0.0222658 0.0194711 0.0167894 0.014321 0.0120971 0.0101091 0.00833587
 1.00996e-16 3.82779e-05 0.000224679 0.00106806 0.00411216 0.0128235 0.0323909 0.0662751 0.109855 0.14752 0.160501 0.141501 0.101134 0.0587057 0.0278983 0.0112792 0.00461426 0.00294228 0.00323864 0.00421525 0.00541843 0.00665581 0.00778823 0.00869253 0.00927508 0.00948978 0.00934554 0.00889902 0.00823623 0.00744967 0.00661892 0.0057999 0.00502373 0.00430252 0.00363801 0.00302903
 1.00804e-16 3.15411e-05 0.000185113 0.000879925 0.00338773 0.0105643 0.0266847 0.054601 0.0905094 0.121558 0.132298 0.116738 0.0836571 0.0490082 0.0241297 0.0112143 0.00684893 0.00699637 0.00916112 0.0121996 0.0155652 0.0188479 0.0216416 0.023573 0.0243766 0.0239578 0.0224144 0.0200075 0.0170933 0.0140389 0.01115 0.00862756 0.00656074 0.0049472 0.00372724 0.00281798
 1.01773e-16 2.77259e-05 0.000162712 0.000773424 0.00297767 0.00928552 0.0234546 0.0479923 0.0795562 0.106853 0.116307 0.102661 0.0736409 0.0432861 0.0215852 0.0104942 0.00704441 0.00771446 0.0103262 0.0138695 0.017833 0.0217988 0.0253326 0.0280206 0.029551 0.0297815 0.0287658 0.0267278 0.0239966 0.0209246 0.0178163 0.0148874 0.0122566 0.00996373 0.0079994 0.00633257
 1.02348e-16 2.97603e-05 0.000174661 0.000830246 0.00319647 0.00996786 0.0251781 0.0515181 0.0853985 0.114693 0.124821 0.110131 0.0788999 0.0461777 0.0226572 0.0104031 0.0061945 0.00622893 0.00816968 0.0109694 0.0141571 0.0173985 0.02036 0.0227231 0.0242417 0.0247929 0.0243978 0.0232027 0.0214315 0.0193271 0.0171003 0.0149015 0.0128177 0.010886 0.00911612 0.00750808
 1.03119e-16 2.47584e-05 0.000145287 0.000690576 0.00265867 0.00829073 0.0209419 0.0428513 0.0710361 0.0954153 0.103873 0.0917224 0.0658746 0.0388826 0.0196896 0.0100717 0.00740845 0.0085789 0.0116448 0.0156851 0.0201942 0.0247225 0.0287898 0.0319368 0.0338175 0.0342741 0.0333657 0.0313375 0.0285471 0.0253728 0.0221352 0.0190537 0.0162409 0.0137265 0.0114928 0.00950756
 1.09046e-16 1.37925e-06 8.00581e-06 3.78707e-05 0.000145494 0.000453425 0.00114593 0.00234936 0.00391201 0.00530728 0.00591667 0.0055552 0.00471096 0.00423371 0.0048359 0.0068859 0.0105195 0.0157851 0.0226493 0.0309068 0.0401005 0.0495201 0.0582934 0.0655462 0.0705841 0.0730336 0.0729001 0.070521 0.0664424 0.0612656 0.0555172 0.049579 0.0436835 0.0379527 0.0324544 0.0272462
pSPR Fmed_Fpbrs
0.51889   0.350022 0.350022
Fs Fmed_Fpbrs
0.496243   1.005 1.005
SSBpbr Bo_Bmed_Bpbrs
975703  457498  292732 292732
Ro
20333
SPR SPRFo_SPRFmed_SPRFpbrs
419053 217443 146678
log_Ro
9.74
likeval ReclasPelacesDesembMPH_pf_preclas_ppelaces_ptallas_desvR_qrecl_qpela
 95.1569 81.9498 0.0905034 0.000561854 332.104 197.467 72.0475 0 53.2287 4.95423e-06 0 0 0 0 0
q_reclas_q_pelaces
0.729492 1
M
0.7
N
 7457.17 53637.6 26014.6 3428.03 0.134121
 10895.3 3641.62 23698.1 11493.8 1514.63
 1700.24 5246.8 1459.55 9498.17 5213.74
 8394.99 749.711 1137.08 316.314 3188.36
 55014.9 3923.47 243.824 369.807 1139.8
 17035.4 26888.1 1743.53 108.352 670.848
 56733.2 7632.26 6511.98 422.261 188.713
 70821.4 25626 1956.72 1669.51 156.638
 93073.2 30271.6 4469.75 341.295 318.52
 212514 40140.5 5620.41 829.881 122.505
 53632.7 98179.2 12043.7 1686.34 285.753
 23985.3 24631.7 28266.8 3467.51 567.785
 53476.3 11050.3 7248.91 8318.69 1187.55
 23407.5 22973 1996.31 1309.56 1717.37
 15052.7 9150.88 2149.6 186.796 283.232
 14880.5 5775.11 751.05 176.426 38.5772
 10134.3 6630.16 1345.88 175.031 50.1064
 9876.47 4625.8 1828.64 371.202 62.0943
 8007.64 4587.76 1441.69 569.92 135.043
 27834.2 3720.57 1432.27 450.088 220.085
 32952 12740.3 1046.32 402.791 188.47
 32761.1 15943 5275.81 433.284 244.843
 42793.9 15777.3 6391.91 2115.2 271.877
 29756.8 20379.7 5850.62 2370.28 885.186
 530.68 14018.5 7007.32 2011.66 1119.35
pred_Ctot
 89.1546 4282.95 2077.26 273.727 0.0107096
 237.418 511.442 3328.25 1614.23 212.72
 137.947 2228.41 619.899 4034.04 2214.37
 356.584 190.62 289.112 80.4252 810.664
 625.377 298.514 18.5512 28.1365 86.7212
 1205.22 10317.7 669.039 41.5775 257.422
 3708.65 2756.7 2352.06 152.517 68.1612
 7154.03 12675.7 967.876 825.809 77.48
 8874.56 14403 2126.68 162.386 151.55
 10691.7 11759.4 1646.52 243.118 35.8885
 2911.76 30607.6 3754.65 525.719 89.084
 1251.52 7435.03 8532.27 1046.66 171.385
 5231.9 5350.18 3509.68 4027.63 574.973
 3631.04 14670.5 1274.84 836.285 1096.71
 2498.52 6048 1420.71 123.457 187.194
 1106.51 2300.53 299.183 70.28 15.3673
 591.964 2192.12 444.987 57.8703 16.5666
 460.496 1272.27 502.944 102.095 17.0783
 372.039 1258.07 395.347 156.286 37.032
 1573.95 1198.63 461.423 145.001 70.9031
 609.878 1537.88 126.3 48.6206 22.75
 712.863 2236.11 739.97 60.7711 34.341
 1264.55 2922.16 1183.86 391.762 50.3551
 1101.58 4604.33 1321.81 535.509 199.987
 27.5032 4208.06 2103.46 603.861 336.007
F
 0.0167476 0.116854 0.116854 0.116854 0.116854
 0.0307133 0.214297 0.214297 0.214297 0.214297
 0.118835 0.829151 0.829151 0.829151 0.829151
 0.0606593 0.423241 0.423241 0.423241 0.423241
 0.0159179 0.111065 0.111065 0.111065 0.111065
 0.10291 0.718042 0.718042 0.718042 0.718042
 0.0947516 0.661115 0.661115 0.661115 0.661115
 0.149953 1.04628 1.04628 1.04628 1.04628
 0.141 0.983805 0.983805 0.983805 0.983805
 0.0722115 0.503845 0.503845 0.503845 0.503845
 0.0781252 0.545106 0.545106 0.545106 0.545106
 0.0749833 0.523184 0.523184 0.523184 0.523184
 0.14492 1.01116 1.01116 1.01116 1.01116
 0.239208 1.66904 1.66904 1.66904 1.66904
 0.257997 1.80013 1.80013 1.80013 1.80013
 0.108423 0.756507 0.756507 0.756507 0.756507
 0.0842811 0.588058 0.588058 0.588058 0.588058
 0.0667632 0.46583 0.46583 0.46583 0.46583
 0.0665198 0.464131 0.464131 0.464131 0.464131
 0.0814922 0.568599 0.568599 0.568599 0.568599
 0.0260328 0.18164 0.18164 0.18164 0.18164
 0.0306684 0.213984 0.213984 0.213984 0.213984
 0.0418535 0.292027 0.292027 0.292027 0.292027
 0.0526828 0.367586 0.367586 0.367586 0.367586
 0.07446 0.519533 0.519533 0.519533 0.519533
nmprior
 10 11 7 0
nm_flota  nm_reclas  nm_pelaces    nm_pelaL
inf 25.3743 20.0846 36.5963
cv_recla  cv_pelaces  cv_mph
0.882358 1.06522 0.769042
 ------------------------------------------------
Talla a la edad & desviación 
 7.2 14.2025 17.0495 18.207 18.6776
 1.08 2.13037 2.55742 2.73105 2.80164
