years
 1997 1998 1999 2000 2001 2002 2003 2004 2005 2006 2007 2008 2009 2010 2011 2012 2013 2014 2015 2016 2017 2018 2019 2020 2021
reclasobs
 0 0 0 370054 412103 1.49427e+06 250295 1.28982e+06 931140 785840 897777 1.04006e+06 184774 17550 25797 100020 73551 82996 120727 218422 84188 347160 605670 569463 516374
reclaspred
 431809 120657 368520 268501 398305 477105 1.03302e+06 677184 735970 682622 545718 368957 225874 96563.8 62192.2 62200.1 78573.2 108106 116642 166818 245273 228702 398798 524762 596199
pelacesobs
 0 0 0 0 0 0 0 0 0 2.06254e+06 1.5e+06 0 1.87456e+06 323000 250000 174000 83755 137374 0 501740 490994 745055 786931 1.00524e+06 0
pelacespred
 1.82691e+06 436884 836480 941468 1.19983e+06 1.20994e+06 2.89802e+06 2.38126e+06 2.26535e+06 2.13137e+06 1.50859e+06 1.05786e+06 626123 209618 134098 149314 199451 286309 317501 440748 734873 674041 917135 1.40901e+06 1.69617e+06
mphobs
 0 0 0 0 0 112323 0 153150 637223 0 255016 313432 73983 77613 109348 50772 0 0 0 0 0 0 0 0 0
mphpred
 157386 96507 120943 145232 158574 248804 366492 429026 356484 354945 337868 234623 144703 74101.7 32072.1 26925.2 32820.4 45686.6 57926.6 67533.1 102498 123287 156407 224372 335225
desembarqueobs
 350755 77701 442110 56441 14545 235359 269955 359681 431902 328805 639364 411747 362871 311530 167758 66681 60226 58785 57116 71774 51957 67425 138520 160799 200461
desembarquepred
 350769 77705.8 442165 56444.1 14545.2 235420 270003 359720 431994 328862 639602 411968 363175 311888 167723 66693.2 60256.1 58788.4 57111.4 71778.2 51960.1 67421.2 138527 160810 200462
Reclutas
 46311.8 56461.6 35185.3 52669.7 87458.6 63974.8 101681 94331 114521 121375 65918.4 43060.6 43054.6 23454.6 15804.9 16549.2 13061.6 14931.2 16811.4 28375.9 36079.2 47903.7 75978 99374.1 45347
log_desv_Rt
 0.0431519 0.241317 -0.231618 0.171795 0.678921 0.366245 0.8296 0.754566 0.948513 1.00664 0.396174 -0.029636 -0.0297766 -0.637177 -1.03192 -0.985908 -1.22257 -1.08879 -0.970189 -0.446704 -0.206528 0.076948 0.538199 0.806646 0.0220984
SSB
 532840 326730 409458 491689 536859 842338 1.24078e+06 1.45249e+06 1.2069e+06 1.20169e+06 1.14387e+06 794329 489899 250875 108582 91156.5 111115 154674 196114 228637 347014 417393 529524 759622 1.13492e+06
BT
 1.90686e+06 482405 959883 831772 1.00607e+06 1.14784e+06 2.62451e+06 2.35691e+06 2.28526e+06 2.07245e+06 1.80489e+06 1.23448e+06 872090 467369 254560 179845 216065 284918 306799 425144 653518 604649 842674 1.2906e+06 1.50831e+06
Ftot
 0.736689 0.58811 0.862255 0.158617 0.0302279 0.30108 0.1854 0.380446 0.437858 0.353997 0.72233 0.651098 1.04345 2.03927 2.25484 0.917338 0.636461 0.415184 0.338235 0.338643 0.163792 0.201519 0.237981 0.230686 0.193036
BD_Bspro_t
 0.928746 0.701707 0.659097 0.524264 0.66798 0.804521 0.767303 0.774132 0.711368 0.670279 0.633621 0.473117 0.36085 0.250067 0.140075 0.144713 0.226347 0.364905 0.479337 0.576103 0.696454 0.782908 0.793133 0.800367 0.803916
BD_Bspro
 0.582878 0.357412 0.44791 0.537863 0.587274 0.92144 1.3573 1.58889 1.32023 1.31453 1.25129 0.868924 0.535905 0.274434 0.118778 0.0997169 0.12155 0.1692 0.21453 0.250108 0.379602 0.45659 0.579251 0.830957 1.2415
BD_Bo
 0.494827 0.303421 0.380248 0.456612 0.49856 0.782246 1.15226 1.34887 1.1208 1.11596 1.06227 0.737662 0.45495 0.232978 0.100836 0.0846535 0.103188 0.14364 0.182123 0.212326 0.322258 0.387617 0.491749 0.705431 1.05396
BD_Brms
 1.45919 0.894753 1.12131 1.3465 1.4702 2.30675 3.39789 3.97766 3.3051 3.29083 3.1325 2.17528 1.34159 0.687025 0.297353 0.249633 0.304291 0.423578 0.53706 0.626125 0.950303 1.14304 1.45011 2.08024 3.108
S_f
 0.135735 0.748995 0.982668 0.999073 0.999951
 0.135735 0.748995 0.982668 0.999073 0.999951
 0.135735 0.748995 0.982668 0.999073 0.999951
 0.135735 0.748995 0.982668 0.999073 0.999951
 0.135735 0.748995 0.982668 0.999073 0.999951
 0.135735 0.748995 0.982668 0.999073 0.999951
 0.135735 0.748995 0.982668 0.999073 0.999951
 0.135735 0.748995 0.982668 0.999073 0.999951
 0.135735 0.748995 0.982668 0.999073 0.999951
 0.135735 0.748995 0.982668 0.999073 0.999951
 0.135735 0.748995 0.982668 0.999073 0.999951
 0.135735 0.748995 0.982668 0.999073 0.999951
 0.135735 0.748995 0.982668 0.999073 0.999951
 0.135735 0.748995 0.982668 0.999073 0.999951
 0.135735 0.748995 0.982668 0.999073 0.999951
 0.135735 0.748995 0.982668 0.999073 0.999951
 0.135735 0.748995 0.982668 0.999073 0.999951
 0.135735 0.748995 0.982668 0.999073 0.999951
 0.135735 0.748995 0.982668 0.999073 0.999951
 0.135735 0.748995 0.982668 0.999073 0.999951
 0.135735 0.748995 0.982668 0.999073 0.999951
 0.135735 0.748995 0.982668 0.999073 0.999951
 0.135735 0.748995 0.982668 0.999073 0.999951
 0.135735 0.748995 0.982668 0.999073 0.999951
 0.135735 0.748995 0.982668 0.999073 0.999951
Scru_reclas
 0.9166 1 1 1 1
 0.9166 1 1 1 1
 0.9166 1 1 1 1
 0.9166 1 1 1 1
 0.9166 1 1 1 1
 0.9166 1 1 1 1
 0.9166 1 1 1 1
 0.9166 1 1 1 1
 0.9166 1 1 1 1
 0.9166 1 1 1 1
 0.9166 1 1 1 1
 0.9166 1 1 1 1
 0.9166 1 1 1 1
 0.9166 1 1 1 1
 0.9166 1 1 1 1
 0.9166 1 1 1 1
 0.9166 1 1 1 1
 0.9166 1 1 1 1
 0.9166 1 1 1 1
 0.9166 1 1 1 1
 0.9166 1 1 1 1
 0.9166 1 1 1 1
 0.9166 1 1 1 1
 0.9166 1 1 1 1
 0.9166 1 1 1 1
Scru_pelaces
 0.845866 1 1 1 1
 0.845866 1 1 1 1
 0.845866 1 1 1 1
 0.845866 1 1 1 1
 0.845866 1 1 1 1
 0.845866 1 1 1 1
 0.845866 1 1 1 1
 0.845866 1 1 1 1
 0.845866 1 1 1 1
 0.845866 1 1 1 1
 0.845866 1 1 1 1
 0.845866 1 1 1 1
 0.845866 1 1 1 1
 0.845866 1 1 1 1
 0.845866 1 1 1 1
 0.845866 1 1 1 1
 0.845866 1 1 1 1
 0.845866 1 1 1 1
 0.845866 1 1 1 1
 0.845866 1 1 1 1
 0.845866 1 1 1 1
 0.845866 1 1 1 1
 0.845866 1 1 1 1
 0.845866 1 1 1 1
 0.845866 1 1 1 1
pf_obs 
 0.256992 0.487395 0.22802 0.0275931 0
 0.321318 0.546541 0.124235 0.00734118 0.000564706
 0.182869 0.594174 0.210203 0.0122559 0.00049798
 0.330522 0.361315 0.267642 0.0388342 0.00168674
 0.649043 0.306663 0.0425973 0.00169635 0
 0.582887 0.30429 0.105238 0.00758474 0
 0.465427 0.430635 0.0974691 0.00646863 0
 0.296916 0.608066 0.0921331 0.00288517 0
 0.311714 0.524322 0.152257 0.0117073 0
 0.15457 0.633149 0.183074 0.0267441 0.00246327
 0.131901 0.49318 0.331252 0.0422183 0.00144891
 0.196976 0.569456 0.194076 0.0375587 0.00193317
 0.518974 0.381816 0.0799577 0.0180837 0.00116848
 0.0928022 0.601141 0.25162 0.0475244 0.00691264
 0.122501 0.610282 0.24278 0.0234846 0.000952079
 0.383417 0.481906 0.127806 0.00687128 0
 0.0376549 0.599619 0.316969 0.0457579 0
 0.0361596 0.667082 0.258105 0.0386534 0
 0.158088 0.579412 0.248529 0.0139706 0
 0.0477256 0.309471 0.559284 0.082774 0.000745712
 0.0406174 0.521527 0.379366 0.0568643 0.0016247
 0.151134 0.462217 0.34131 0.0453401 0
 0.294876 0.26143 0.354403 0.0886775 0.000613685
 0.281977 0.475581 0.204845 0.0348837 0.00271318
 0 0 0 0 0
pf_pred 
 0.363952 0.438445 0.176772 0.0208183 1.30003e-05
 0.310125 0.541815 0.112802 0.0316184 0.00364012
 0.182436 0.595764 0.185916 0.0274804 0.00840343
 0.27353 0.426895 0.23899 0.050986 0.00959897
 0.288978 0.462918 0.162107 0.0688445 0.0171526
 0.160684 0.553576 0.202576 0.0546428 0.0285208
 0.240956 0.379521 0.27473 0.0747014 0.0300908
 0.194163 0.506039 0.171276 0.0934915 0.0350307
 0.230747 0.441084 0.229339 0.0569406 0.0418896
 0.222005 0.492714 0.185457 0.0701907 0.029633
 0.133677 0.534517 0.233217 0.0645299 0.0340582
 0.135226 0.435035 0.30065 0.0913669 0.037722
 0.210668 0.407738 0.225875 0.109688 0.0460312
 0.202657 0.555219 0.150457 0.0548686 0.0367984
 0.29048 0.540061 0.136949 0.0205112 0.0119992
 0.353019 0.540204 0.0915781 0.0123843 0.00281539
 0.231064 0.601314 0.147934 0.0169457 0.00274144
 0.244485 0.482134 0.228489 0.0397215 0.00516936
 0.234218 0.49281 0.193214 0.0668775 0.0128798
 0.305257 0.432889 0.186142 0.0538902 0.021822
 0.262561 0.517263 0.152404 0.0484446 0.0193281
 0.249467 0.477183 0.206995 0.0461777 0.0201773
 0.284713 0.44927 0.186086 0.0607906 0.0191403
 0.260696 0.497332 0.167886 0.0521088 0.0219778
 0.103934 0.574501 0.235918 0.0597541 0.0258928
pobs_RECLAS
 0 0 0 0 0
 0 0 0 0 0
 0 0 0 0 0
 0 0 0 0 0
 0.835266 0.146461 0.0176864 0.000547809 3.91292e-05
 0.385257 0.428462 0.181853 0.0044286 0
 0.867414 0.0963971 0.0333333 0.00285562 0
 0.441836 0.489002 0.0689373 0.000224442 0
 0.779404 0.147425 0.0564933 0.0165055 0.000172143
 0.814271 0.122319 0.05973 0.00367925 0
 0.40263 0.566651 0.0304383 0.000280538 0
 0.475488 0.404961 0.113038 0.00651328 0
 0.955842 0.0263864 0.0167828 0.000988607 0
 0.975058 0.0227948 0.00214734 0 0
 0.738997 0.206755 0.0527124 0.00153531 0
 0.850938 0.134255 0.0134407 0.00136685 0
 0.542534 0.407297 0.0501686 0 0
 0.764087 0.199537 0.0359546 0.000420521 0
 0.470689 0.182191 0.310203 0.0369168 0
 0.84361 0.089868 0.0606195 0.00523954 0.000663233
 0.607945 0.314616 0.071237 0.00620181 0
 0.523733 0.453247 0.0230204 0 0
 0.530135 0.295979 0.169645 0.0042399 0
 0.562478 0.366248 0.0663022 0.0049721 0
 0.250443 0.683176 0.0655157 0.000865301 0
ppred_RECLAS
 0.765411 0.175519 0.0529418 0.00612399 3.82058e-06
 0.712024 0.239057 0.0374254 0.0103078 0.00118559
 0.559761 0.344918 0.0801373 0.0116302 0.00355301
 0.680402 0.208655 0.0888073 0.0186316 0.00350459
 0.692131 0.21897 0.0584212 0.0244026 0.00607455
 0.516959 0.347686 0.0964409 0.0255765 0.0133376
 0.648114 0.200353 0.110206 0.0294674 0.0118593
 0.577294 0.292554 0.0749092 0.040196 0.0150475
 0.633833 0.234868 0.0922425 0.0225111 0.0165456
 0.61713 0.266682 0.0759889 0.0282735 0.0119256
 0.473044 0.360397 0.117702 0.0319894 0.0168676
 0.483124 0.297518 0.154292 0.0460654 0.0190008
 0.622163 0.224101 0.0917123 0.0437021 0.0183215
 0.624589 0.288485 0.0545023 0.0194172 0.0130063
 0.729511 0.222739 0.0387728 0.00566645 0.00331059
 0.752056 0.216272 0.0272349 0.00361556 0.000821136
 0.62393 0.311098 0.0574608 0.00646671 0.00104519
 0.646698 0.247521 0.0886604 0.0151506 0.00196991
 0.632455 0.259309 0.0769939 0.0262001 0.00504125
 0.713118 0.197058 0.0641707 0.0182644 0.00738922
 0.661551 0.256033 0.0573456 0.0179257 0.0071455
 0.650309 0.243967 0.0803906 0.0176352 0.00769885
 0.69102 0.213508 0.0671266 0.0215624 0.00678299
 0.661829 0.247301 0.0633772 0.0193426 0.0081508
 0.393139 0.426363 0.133023 0.0331314 0.0143438
pobs_PELACES
 0 0 0 0 0
 0 0 0 0 0
 0 0 0 0 0
 0 0 0 0 0
 0 0 0 0 0
 0 0 0 0 0
 0 0 0 0 0
 0 0 0 0 0
 0 0 0 0 0
 0 0 0 0 0
 0.450072 0.473896 0.0757376 0.000293798 0
 0 0 0 0 0
 0.463077 0.371075 0.160297 0.00555027 0
 0.529543 0.364841 0.0842815 0.0213345 0
 0.631943 0.363953 0.00410389 0 0
 0.735681 0.248677 0.0153453 0.000297389 0
 0.695825 0.281241 0.0229344 0 0
 0.275771 0.60734 0.115278 0.00161068 0
 0 0 0 0 0
 0.896147 0.0623911 0.0374545 0.00400742 0
 0.803859 0.145111 0.0509908 3.86294e-05 0
 0.739449 0.233085 0.0266225 0.000797448 4.60066e-05
 0.878498 0.100942 0.0204185 0.000141795 0
 0.694673 0.275183 0.0284847 0.00165964 0
 0 0 0 0 0
ppred_PELACES
 0.779965 0.166969 0.0475814 0.00548203 3.41935e-06
 0.721442 0.233023 0.0348632 0.00957157 0.00110073
 0.586269 0.32878 0.0714738 0.0103245 0.00315335
 0.670776 0.215863 0.0907583 0.0190246 0.00357835
 0.676252 0.230423 0.0613338 0.0256149 0.00637629
 0.513763 0.352298 0.0954775 0.0252798 0.0131817
 0.639737 0.206409 0.111926 0.0298971 0.0120316
 0.578731 0.294256 0.073167 0.0391803 0.0146657
 0.638585 0.234672 0.0891057 0.0216941 0.0159431
 0.617068 0.268977 0.074579 0.0276958 0.0116808
 0.493893 0.352293 0.108822 0.0294605 0.0155309
 0.501341 0.293252 0.144633 0.0430296 0.0177453
 0.659811 0.208511 0.078735 0.037307 0.0156357
 0.706115 0.233911 0.0377614 0.0133054 0.00890706
 0.801722 0.168069 0.024587 0.00354966 0.00207252
 0.77273 0.2 0.0234658 0.00309976 0.000703805
 0.637177 0.302664 0.0532256 0.00596947 0.000964646
 0.649731 0.24776 0.0859498 0.0146545 0.00190516
 0.631503 0.262008 0.0757924 0.025744 0.00495301
 0.712399 0.199191 0.0631935 0.0179534 0.00726266
 0.651622 0.264369 0.0584696 0.0182609 0.00727875
 0.64236 0.250701 0.0813359 0.0178231 0.00778042
 0.685356 0.218677 0.0675013 0.0216548 0.0068116
 0.655359 0.253258 0.0637594 0.019435 0.00818918
 0.384404 0.434445 0.133541 0.0332258 0.0143839
pobs_pel_tallas
 0 0 0 0 0 0 0 0 0 0 0 0 0 0 0 0 0 0 0 0 0 0 0 0 0 0 0 0 0 0 0 0 0 0 0 0
 0 0 0 0 0 0 0 0 0 0 0 0 0 0 0 0 0 0 0 0 0 0 0 0 0 0 0 0 0 0 0 0 0 0 0 0
 0 0 0 0 0 0 0 0 0 0 0 0 0 0 0 0 0 0 0 0 0 0 0 0 0 0 0 0 0 0 0 0 0 0 0 0
 0 0 0 0 0 0 0 0 0 0 0 0 0 0 0 0 0 0 0 0 0 0 0 0 0 0 0 0 0 0 0 0 0 0 0 0
 0 0 0 0 0 0 0 0 0 0 0 0 0 0 0 0 0 0 0 0 0 0 0 0 0 0 0 0 0 0 0 0 0 0 0 0
 0 0 0 0 0 0 0 0 0 0 0 0 0 0 0 0 0 0 0 0 0 0 0 0 0 0 0 0 0 0 0 0 0 0 0 0
 0 0 0 0 0 0 0 0 0 0 0 0 0 0 0 0 0 0 0 0 0 0 0 0 0 0 0 0 0 0 0 0 0 0 0 0
 0 0 0 0 0 0 0 0 0 0 0 0 0 0 0 0 0 0 0 0 0 0 0 0 0 0 0 0 0 0 0 0 0 0 0 0
 0 0 0 0 0 0 0 0 0 0 0 0 0 0 0 0 0 0 0 0 0 0 0 0 0 0 0 0 0 0 0 0 0 0 0 0
 0 0 0 0 0 0 0 0 0 0 0 0 0 0 0 0 0 0 0 0 0 0 0 0 0 0 0 0 0 0 0 0 0 0 0 0
 0 0 0 0 0 0 0 0 1.78061e-05 0.00172719 0.00360574 0.0105946 0.0120993 0.0124554 0.0147524 0.0171206 0.0266825 0.0428682 0.0675386 0.121331 0.153587 0.119568 0.100827 0.0573624 0.0630603 0.0341343 0.0324427 0.0444173 0.0211091 0.0280891 0.0125444 0.00206551 0 0 0 0
 0 0 0 0 0 0 0 0 0 0 0 0 0 0 0 0 0 0 0 0 0 0 0 0 0 0 0 0 0 0 0 0 0 0 0 0
 0 0 0 0 0 0 0.0133647 0.0140871 0.0187388 0.0205184 0.03894 0.0496705 0.03968 0.0493445 0.0407372 0.0367815 0.0215668 0.0243155 0.0234873 0.0199281 0.019796 0.0243948 0.0301388 0.0376714 0.0412746 0.0863199 0.0771752 0.113111 0.0741005 0.0525337 0.0229764 0.00759418 0.00175318 0 0 0
 0 0 0 0 0 0 0 0 0 0 0.00219441 0.00772107 0.0458388 0.0604681 0.0671733 0.0775358 0.0609151 0.0617685 0.073594 0.0568108 0.0755445 0.0548602 0.0670107 0.0636378 0.0643287 0.046367 0.0373049 0.0286899 0.0247887 0.0153202 0.00654259 0.00121912 0.000365735 0 0 0
 0 0 0 0 0 0 0 0 0 0 0 0 0.000112435 0.00938835 0.0111873 0.0202946 0.0414886 0.0713402 0.111592 0.104902 0.108894 0.110636 0.117776 0.105296 0.107544 0.0401394 0.0192827 0.0124803 0.00416011 0.0028671 0.000618394 0 0 0 0 0
 0 0 0 0 0 0 0 0 0 0 0.00291406 0.0102884 0.027416 0.0768956 0.0749926 0.110853 0.0956884 0.0897413 0.0766577 0.0534642 0.0500743 0.0551293 0.0594112 0.0620874 0.0668451 0.0424026 0.0208742 0.0120726 0.0048766 0.00582813 0.00118941 0.000297354 0 0 0 0
 0 0.00264628 0.0354308 0.0461629 0.0458689 0.0383711 0.0214643 0.0164657 0.0346957 0.0420465 0.0363128 0.0245516 0.0311673 0.0291091 0.0169068 0.0133784 0.00837989 0.0085269 0.0148486 0.0160247 0.0276389 0.0546898 0.0760071 0.122758 0.109233 0.0665981 0.0333725 0.0166128 0.00676272 0.00308733 0.000882094 0 0 0 0 0
 0 0 0 0 0 0 0 0.000805153 0.000690131 0.00759144 0.0133425 0.0154129 0.00931677 0.000345066 0.00356568 0.00563607 0.00851162 0.0253048 0.0502646 0.0516448 0.0657925 0.0565908 0.0611916 0.0827007 0.0866115 0.110766 0.145733 0.0935128 0.0569358 0.0249597 0.0138026 0.00621118 0.00161031 0.00115022 0 0
 0 0 0 0 0 0 0 0 0 0 0 0 0 0 0 0 0 0 0 0 0 0 0 0 0 0 0 0 0 0 0 0 0 0 0 0
 0.00147267 0.00158595 0.00478618 0.00569244 0.00954404 0.0108468 0.00647125 0.017049 0.0510054 0.094081 0.124002 0.0959785 0.0687766 0.0820023 0.061753 0.0591476 0.0492212 0.0479892 0.0443925 0.0268479 0.0217502 0.0140895 0.0121071 0.0120363 0.00920419 0.00665534 0.0049561 0.00860946 0.00930331 0.0156896 0.0114698 0.00855282 0.00243557 0.00046729 0 2.83206e-05
 0 0 0 0 0.000772559 0.00158375 0.000888443 0.00281984 0.00712685 0.0440552 0.0773331 0.111326 0.0921469 0.0852325 0.0710754 0.0886704 0.0786465 0.0553345 0.0373146 0.0185414 0.00753245 0.00457741 0.012979 0.0271748 0.0457355 0.0583668 0.034881 0.0177882 0.00938659 0.00492506 0.0015258 0.00185414 0.000309023 5.79419e-05 3.86279e-05 0
 0 0.00173294 0.00326652 0 0.00397197 0.00683976 0.00946217 0.0152591 0.00757587 0.0136028 0.0228656 0.0392903 0.0559909 0.0764795 0.0681675 0.0726916 0.0566044 0.0477403 0.0527397 0.0444891 0.0609904 0.0582453 0.0661739 0.0445044 0.0529084 0.0360697 0.0280645 0.0235558 0.0158879 0.00826598 0.00280645 0.00217768 0.000904811 0.00058276 9.20147e-05 0
 0 0 0 0 0 0 0 0 0 0 0 0 0 0 0 0 0 0 0 0 0 0 0 0 0 0 0 0 0 0 0 0 0 0 0 0
 0 0 0 0 0 0 0 0 0 0 0 0 0 0 0 0 0 0 0 0 0 0 0 0 0 0 0 0 0 0 0 0 0 0 0 0
 0 0 0 0 0 0 0 0 0 0 0 0 0 0 0 0 0 0 0 0 0 0 0 0 0 0 0 0 0 0 0 0 0 0 0 0
ppred_pel_tallas
 1.00919e-16 3.40296e-05 0.00019973 0.00094943 0.00365537 0.0113989 0.0287928 0.0589138 0.0976557 0.131148 0.142711 0.125874 0.0900872 0.0525403 0.0254327 0.0110904 0.00579265 0.00515991 0.00650582 0.00864545 0.0110864 0.0135247 0.0156791 0.0172895 0.0181622 0.0182124 0.0174801 0.0161137 0.0143275 0.0123494 0.0103753 0.0085425 0.00692428 0.00554168 0.00438281 0.00342124
 1.00952e-16 3.14804e-05 0.000184757 0.000878238 0.00338124 0.0105441 0.0266335 0.0544962 0.0903355 0.121324 0.13204 0.116505 0.0834774 0.0488778 0.0240191 0.0110862 0.00666948 0.0067389 0.00880715 0.0117418 0.0150119 0.0182273 0.0210023 0.0229801 0.0239026 0.0236702 0.022363 0.0202142 0.0175483 0.0147027 0.011961 0.00951389 0.00745162 0.0057827 0.00446432 0.00343251
 1.01624e-16 2.55902e-05 0.000150168 0.000713774 0.00274798 0.00856923 0.0216454 0.0442909 0.073423 0.0986228 0.107368 0.0948175 0.068116 0.0402425 0.0204451 0.0105646 0.00789501 0.00920878 0.0124929 0.0167758 0.0215046 0.0261771 0.0302579 0.0332409 0.0347542 0.034644 0.0330065 0.030152 0.0265205 0.0225741 0.0187054 0.0151831 0.0121427 0.00961006 0.00754273 0.00586919
 1.0218e-16 2.92706e-05 0.000171785 0.000816568 0.0031438 0.00980361 0.0247632 0.0506694 0.0839921 0.112805 0.12277 0.10833 0.0776292 0.0454726 0.0223831 0.0103986 0.00635807 0.00652666 0.00860688 0.0115627 0.0149172 0.0183206 0.0214198 0.0238766 0.0254299 0.0259498 0.0254596 0.0241166 0.022162 0.019858 0.0174341 0.0150558 0.0128202 0.0107704 0.00891726 0.00725916
 1.02124e-16 2.95098e-05 0.000173189 0.000823238 0.00316948 0.00988368 0.0249655 0.0510833 0.0846786 0.113728 0.123777 0.109224 0.0782813 0.0458779 0.0226252 0.0105807 0.0065594 0.00679479 0.00896504 0.0120143 0.0154447 0.0188832 0.0219542 0.0243031 0.0256649 0.0259215 0.0251234 0.0234661 0.0212321 0.0187199 0.0161822 0.0137917 0.0116364 0.00973762 0.00807799 0.00662699
 1.02955e-16 2.24296e-05 0.00013161 0.000625543 0.00240826 0.00750982 0.0189695 0.0388159 0.064349 0.0864407 0.0941221 0.0831592 0.0598266 0.0355178 0.0183646 0.0100126 0.00812425 0.00989816 0.0135806 0.0183043 0.0235369 0.0287603 0.0334084 0.0369395 0.0389483 0.0392555 0.0379415 0.0353099 0.0317995 0.0278739 0.0239272 0.0202297 0.0169204 0.0140336 0.0115409 0.00939156
 1.03246e-16 2.79167e-05 0.000163838 0.000778787 0.00299834 0.00935 0.0236174 0.0483249 0.0801059 0.107586 0.117092 0.103322 0.0740466 0.0433868 0.0213812 0.00997734 0.00616604 0.00639243 0.00847407 0.0114325 0.0148224 0.0183179 0.021586 0.0243023 0.0262079 0.0271608 0.0271567 0.0263136 0.0248267 0.0229137 0.0207677 0.0185319 0.0162969 0.0141151 0.0120191 0.0100371
 1.03167e-16 2.526e-05 0.000148233 0.000704582 0.0027126 0.00845891 0.0213667 0.0437205 0.0724765 0.097349 0.105975 0.0935716 0.0671875 0.0396268 0.0200093 0.0101413 0.0073429 0.00842462 0.0114066 0.0153514 0.0197514 0.0241617 0.0281107 0.0311491 0.0329408 0.0333365 0.0324009 0.0303817 0.0276359 0.0245378 0.0214021 0.01844 0.0157556 0.0133691 0.0112547 0.009373
 1.02832e-16 2.78676e-05 0.000163547 0.000777399 0.00299298 0.00933329 0.0235752 0.0482388 0.079964 0.107398 0.116893 0.103161 0.0739622 0.0433999 0.0215031 0.0102258 0.00657235 0.00699751 0.00931645 0.0125332 0.0161701 0.0198575 0.0232159 0.0258813 0.0275746 0.0281592 0.0276652 0.0262662 0.0242248 0.021823 0.0193036 0.016837 0.0145176 0.0123811 0.0104302 0.0086574
 1.02644e-16 2.69307e-05 0.000158043 0.000751228 0.0028922 0.00901901 0.0227815 0.0466149 0.0772733 0.103788 0.112973 0.0997249 0.071549 0.0420849 0.021039 0.0103165 0.00703923 0.00779128 0.0104588 0.0140582 0.0180859 0.0221254 0.0257419 0.0285223 0.0301565 0.0305046 0.0296234 0.0277377 0.025174 0.0222772 0.0193394 0.0165603 0.014042 0.0118098 0.00984505 0.00811463
 1.03398e-16 2.15632e-05 0.000126523 0.000601361 0.00231515 0.00721947 0.0182361 0.0373154 0.0618618 0.0831011 0.0904896 0.0799589 0.0575441 0.034203 0.0177592 0.00980276 0.0080955 0.00995218 0.0136918 0.0184799 0.0237976 0.0291323 0.0339199 0.0376176 0.0398153 0.0403245 0.0392128 0.0367688 0.0334152 0.0296014 0.0257108 0.0220088 0.0186355 0.0156322 0.0129824 0.0106495
 1.04457e-16 2.18856e-05 0.000128421 0.000610397 0.00234996 0.00732804 0.0185102 0.0378759 0.0627893 0.0843417 0.0918265 0.081107 0.0582982 0.0345069 0.0176537 0.00932921 0.00724078 0.00865299 0.0118705 0.0160865 0.020846 0.0257266 0.0302632 0.033998 0.0365691 0.0377832 0.0376455 0.0363356 0.0341425 0.0313846 0.028341 0.0252145 0.022129 0.0191488 0.0163085 0.0136358
 1.03199e-16 2.87921e-05 0.000168977 0.000803219 0.00309241 0.00964335 0.0243584 0.049841 0.0826189 0.110961 0.120762 0.106556 0.076354 0.0447176 0.0219968 0.010195 0.0062022 0.00634506 0.00836587 0.0112503 0.014537 0.0178922 0.0209803 0.0234802 0.0251437 0.0258465 0.0256083 0.0245731 0.0229606 0.021006 0.0189097 0.0168103 0.0147828 0.0128555 0.0110338 0.00931955
 1.01486e-16 3.08121e-05 0.000180834 0.000859585 0.00330942 0.0103201 0.0260678 0.0533387 0.088417 0.118748 0.129238 0.114037 0.0817174 0.0478646 0.0235538 0.0109268 0.00665056 0.00678398 0.00889509 0.0118758 0.0152043 0.0184937 0.0213596 0.023445 0.0244906 0.0243933 0.0232282 0.0212217 0.0186897 0.0159602 0.0133077 0.010915 0.00886722 0.00717098 0.00578549 0.00465229
 1.00623e-16 3.49783e-05 0.000205299 0.00097591 0.00375732 0.0117169 0.0295959 0.0605569 0.100379 0.134805 0.146689 0.129379 0.0925874 0.0539817 0.0260984 0.0113242 0.00582972 0.00510753 0.00639089 0.00845746 0.010799 0.0131039 0.0150885 0.0164943 0.0171356 0.0169413 0.0159707 0.0143938 0.0124468 0.0103752 0.0083855 0.0066163 0.00513326 0.00394207 0.00301061 0.00229092
 1.00538e-16 3.37154e-05 0.000197882 0.000940641 0.00362152 0.0112934 0.0285262 0.0583685 0.0967528 0.129938 0.141402 0.124737 0.0893122 0.0521659 0.0253957 0.0113183 0.0062586 0.0058825 0.0075224 0.00998278 0.0127373 0.0154328 0.0177341 0.0193348 0.0200161 0.0196972 0.0184539 0.0164954 0.0141092 0.011594 0.00919995 0.00709439 0.00535508 0.00398594 0.00294391 0.00216579
 1.01105e-16 2.78089e-05 0.000163196 0.000775718 0.00298649 0.00931302 0.0235241 0.0481347 0.0797933 0.107174 0.116664 0.102994 0.0739187 0.043527 0.0218482 0.0108559 0.00758242 0.00849916 0.0114125 0.0152837 0.0195567 0.0237555 0.0273842 0.0299778 0.0311986 0.0309133 0.0292223 0.0264254 0.0229419 0.0192104 0.0156016 0.0123672 0.0096303 0.00740811 0.0056505 0.00427831
 1.01894e-16 2.83542e-05 0.000166402 0.000790971 0.00304523 0.00949622 0.0239868 0.049081 0.0813603 0.109274 0.118936 0.104968 0.0752669 0.0441828 0.0219229 0.0104773 0.00679969 0.0072821 0.00969728 0.0130229 0.0167587 0.0205108 0.0238741 0.0264623 0.0279827 0.0282986 0.0274546 0.0256523 0.0231908 0.0203911 0.0175312 0.0148082 0.0123322 0.0101425 0.0082353 0.00658865
 1.02278e-16 2.75599e-05 0.000161738 0.000768793 0.00295984 0.00922992 0.0233142 0.0477049 0.0790797 0.106213 0.115609 0.102044 0.073196 0.0430194 0.0214425 0.0104089 0.00696672 0.00761528 0.01019 0.0136885 0.017606 0.0215321 0.0250416 0.02773 0.0292937 0.0295953 0.0286893 0.0267954 0.0242336 0.0213435 0.0184145 0.0156468 0.0131453 0.0109395 0.00901441 0.00733862
 1.01919e-16 3.10848e-05 0.000182438 0.000867216 0.00333881 0.0104118 0.0262993 0.0538122 0.0892008 0.119798 0.130372 0.115019 0.0823804 0.0481707 0.0235523 0.0106729 0.00615823 0.006027 0.00783231 0.0104795 0.0134831 0.0165085 0.0192282 0.0213339 0.0225925 0.0228966 0.0222827 0.0209126 0.0190237 0.016869 0.014665 0.0125618 0.0106397 0.00892352 0.00740567 0.00606731
 1.01884e-16 2.84372e-05 0.000166888 0.000793279 0.00305411 0.00952393 0.0240568 0.0492243 0.0815983 0.109595 0.119288 0.105287 0.0755108 0.0443576 0.0220675 0.0106411 0.0070264 0.00760518 0.0101385 0.0135887 0.0174346 0.021257 0.0246246 0.0271319 0.0284795 0.028541 0.0273881 0.025262 0.0225053 0.0194774 0.0164821 0.0137251 0.0113083 0.00925017 0.00751858 0.00606262
 1.02213e-16 2.80329e-05 0.000164515 0.000782001 0.00301069 0.00938852 0.0237148 0.0485244 0.0804378 0.108035 0.11759 0.103783 0.0744242 0.0437025 0.0217114 0.0104208 0.00682169 0.00734891 0.00980091 0.0131651 0.0169426 0.0207374 0.0241415 0.0267662 0.0283179 0.0286609 0.0278421 0.0260665 0.023636 0.0208724 0.0180523 0.0153689 0.0129267 0.0107591 0.00885755 0.00719732
 1.02092e-16 2.99063e-05 0.000175517 0.000834313 0.00321212 0.0100167 0.0253014 0.0517705 0.0858172 0.115256 0.125437 0.11068 0.0793073 0.0464436 0.0228381 0.0105698 0.0064051 0.00652321 0.00857183 0.0114881 0.0147819 0.0180957 0.0210719 0.0233727 0.0247429 0.0250653 0.0243811 0.0228688 0.0207902 0.0184234 0.0160063 0.0137034 0.0116021 0.00972852 0.00807347 0.00661517
 1.02039e-16 2.85997e-05 0.000167843 0.000797822 0.00307161 0.00957848 0.0241946 0.0495062 0.0820652 0.110221 0.119967 0.105879 0.075921 0.0445693 0.0221188 0.0105766 0.00686884 0.00735419 0.00978244 0.0131173 0.016848 0.0205716 0.0238753 0.0263697 0.027765 0.0279351 0.0269415 0.0250067 0.0224501 0.0196084 0.0167666 0.0141197 0.011766 0.0097275 0.00798014 0.00648326
 1.03851e-16 1.67923e-05 9.85066e-05 0.000468149 0.00180222 0.0056199 0.0141958 0.0290493 0.0481632 0.0647143 0.0705075 0.0623962 0.0451093 0.0272229 0.0148897 0.00942237 0.00915404 0.0120499 0.0168121 0.0227334 0.0292716 0.0358164 0.0416748 0.0461772 0.0488177 0.0493652 0.0479058 0.0447997 0.040574 0.0357892 0.0309248 0.0263137 0.0221328 0.018435 0.0151992 0.0123774
pSPR Fmed_Fpbrs
0.607177   0.389111 0.389111
Fs Fmed_Fpbrs
0.40221   1.005 1.005
SSBpbr Bo_Bmed_Bpbrs
1.07682e+06  599979  365162 365162
Ro
44355.9
SPR SPRFo_SPRFmed_SPRFpbrs
914153 555053 355707
log_Ro
10.52
likeval ReclasPelacesDesembMPH_pf_preclas_ppelaces_ptallas_desvR_qrecl_qpela
 60.2484 19.0056 0.0150638 0.000227644 283.836 193.302 69.394 0 15.7234 3.55346e-05 3.52611e-05 0 0 0 0
q_reclas_q_pelaces
0.429681 2.32754
M
0.7
N
 46311.8 12201.2 4011.06 466.788 0.291309
 56461.6 20809.3 3489.51 965.735 111.107
 35185.3 25886.8 6651.95 972.237 297.13
 52669.7 15542.7 6738.99 1415.67 266.305
 87458.6 25597.9 6853.68 2863.49 712.821
 63974.8 43252.8 12427 3303.83 1723.1
 101681 30496.8 17142.4 4590.59 1847.66
 94331 49238.7 13180.8 7094.84 2656.42
 114521 44485.8 18388.5 4503.73 3310.88
 121375 53588 15914.3 5938.51 2505.23
 65918.4 57445.6 20413.2 5580.93 2943.69
 43060.6 29677 16606.9 4984.7 2056.65
 43054.6 19574.6 9049.45 4349.25 1824.2
 23454.6 18556.8 4449.07 1611.78 1080.59
 15804.9 8831 2000.57 297.831 174.179
 16549.2 5779.19 810.102 108.357 24.619
 13061.6 7255.95 1443.66 163.322 26.4044
 14931.2 5949.4 2236.96 383.564 49.8806
 16811.4 7008.31 2164.78 738.694 142.156
 28375.9 7973.67 2701.37 771.011 311.974
 36079.2 13458 3072.54 961.738 383.393
 47903.7 17522.5 5911.48 1298.94 567.117
 75978 23146.4 7482.36 2408.18 757.632
 99374.1 36530.3 9617.58 2940.83 1239.36
 45347 47826.5 15261.9 3807.24 1648.43
pred_Ctot
 3187.64 3840.09 1548.24 182.335 0.113862
 3129.79 5468.01 1138.4 319.094 36.7361
 2813.73 9188.53 2867.4 423.834 129.607
 807.797 1260.72 705.792 150.573 28.348
 257.597 412.649 144.503 61.3686 15.29
 1846.68 6362.03 2328.12 627.988 327.778
 1819.91 2866.47 2074.99 564.208 227.271
 3424.5 8925.12 3020.83 1648.93 617.844
 4768.56 9115.34 4739.45 1176.72 865.68
 4106.41 9113.7 3430.39 1298.31 548.12
 4452.5 17803.6 7767.95 2149.34 1134.4
 2632.77 8469.89 5853.49 1778.86 734.427
 4122.55 7978.99 4420.12 2146.46 900.779
 4143.95 11353.1 3076.55 1121.96 752.456
 3050 5670.57 1437.94 215.365 125.99
 1403.42 2147.58 364.068 49.2338 11.1926
 781.323 2033.29 500.226 57.3003 9.26994
 590.32 1164.13 551.696 95.9092 12.4816
 543.953 1144.51 448.724 155.317 29.9122
 919.224 1303.56 560.534 162.28 65.7131
 571.228 1125.36 331.57 105.396 42.0501
 931.029 1780.89 772.521 172.339 75.3034
 1740.06 2745.78 1137.29 371.531 116.979
 2207.08 4210.45 1421.33 441.158 186.066
 844.665 4668.94 1917.29 485.618 210.429
F
 0.0999942 0.551777 0.723921 0.736006 0.736653
 0.0798269 0.440492 0.577917 0.587565 0.588081
 0.117038 0.645825 0.84731 0.861455 0.862212
 0.0215298 0.118803 0.155868 0.15847 0.158609
 0.00410297 0.0226405 0.029704 0.0301998 0.0302264
 0.040867 0.225508 0.295862 0.300801 0.301066
 0.0251652 0.138864 0.182187 0.185228 0.185391
 0.0516397 0.284952 0.373852 0.380093 0.380428
 0.0594325 0.327954 0.430269 0.437452 0.437837
 0.0480496 0.265142 0.347861 0.353668 0.353979
 0.0980451 0.541021 0.70981 0.72166 0.722294
 0.0883765 0.487669 0.639813 0.650494 0.651066
 0.141632 0.781538 1.02536 1.04248 1.0434
 0.276799 1.5274 2.00392 2.03738 2.03917
 0.30606 1.68886 2.21576 2.25275 2.25473
 0.124515 0.687082 0.901439 0.916488 0.917294
 0.0863897 0.476706 0.625429 0.63587 0.63643
 0.0563548 0.31097 0.407987 0.414798 0.415163
 0.0459101 0.253336 0.332372 0.337921 0.338218
 0.0459656 0.253642 0.332774 0.338329 0.338626
 0.0222323 0.12268 0.160954 0.163641 0.163784
 0.027353 0.150936 0.198026 0.201332 0.201509
 0.0323023 0.178247 0.233857 0.237761 0.23797
 0.0313121 0.172783 0.226688 0.230472 0.230675
 0.0262016 0.144583 0.18969 0.192857 0.193026
nmprior
 10 11 7 0
nm_flota  nm_reclas  nm_pelaces    nm_pelaL
inf 16.0946 17.7375 31.5261
cv_recla  cv_pelaces  cv_mph
0.702098 0.512985 0.489515
 ------------------------------------------------
Talla a la edad & desviación 
 7.2 14.2025 17.0495 18.207 18.6776
 1.08 2.13037 2.55742 2.73105 2.80164
