years
 1997 1998 1999 2000 2001 2002 2003 2004 2005 2006 2007 2008 2009 2010 2011 2012 2013 2014 2015 2016 2017 2018 2019 2020 2021
reclasobs
 0 0 0 370054 412103 1.49427e+06 250295 1.28982e+06 931140 785840 897777 1.04006e+06 184774 17550 25797 100020 73551 82996 120727 218422 84188 347160 605670 569463 516374
reclaspred
 1.01102e+06 204186 419069 190927 304353 375443 806418 614783 704345 875507 827342 562408 334649 133444 74527.1 73332.7 85832.3 107917 114440 146096 232236 231771 372710 398427 375838
pelacesobs
 0 0 0 0 0 0 0 0 0 2.06254e+06 1.5e+06 0 1.87456e+06 323000 250000 174000 83755 137374 0 501740 490994 745055 786931 1.00524e+06 0
pelacespred
 2.68024e+06 641654 559100 494236 800387 602328 2.18084e+06 1.63926e+06 1.86383e+06 2.34703e+06 1.68954e+06 1.19596e+06 801007 257329 157766 149275 177908 229455 227079 304189 579009 492510 612685 791994 623301
mphobs
 0 0 0 0 0 112323 0 153150 637223 0 255016 313432 73983 77613 109348 50772 0 0 0 0 0 0 0 0 0
mphpred
 338338 157873 141186 90480.4 87711.3 166649 209961 302206 275133 319988 405018 265746 162706 90177.6 39647.2 30840.2 33062.5 39765.1 46355.5 50574.9 76897.6 98730.9 118999 148494 177638
desembarqueobs
 350755 77701 442110 56441 14545 235359 269955 359681 431902 328805 639364 411747 362871 311530 167758 66681 60226 58785 57116 71774 51957 67425 138520 160799 200461
desembarquepred
 350739 77678.6 441808 56435 14544.7 235362 269966 359404 431698 328667 638675 411406 362532 311234 167366 66633.9 60219.5 58735.9 57067.8 71738.6 51950.6 67387.8 138476 160769 200440
Reclutas
 27338.9 41979.6 10707.4 16344 42602.6 24138.1 63994.7 63295.1 82398.9 123963 59648.3 46507.2 53691.5 28007.2 13749 11705.4 8085.95 8831.67 9530.12 14379.6 19745.3 24336.9 33434.2 36704.2 6178.31
log_desv_Rt
 0.0560642 0.48494 -0.881307 -0.458384 0.49967 -0.0684527 0.906555 0.895563 1.15933 1.56774 0.836221 0.587363 0.731009 0.0802168 -0.631281 -0.792197 -1.16212 -1.0739 -0.997788 -0.586437 -0.269329 -0.0602526 0.257333 0.350648 -1.4312
SSB
 602800 281275 251544 161204 156271 296910 374077 538425 490189 570106 721599 473466 289884 160665 70637.4 54946.4 58905.6 70847.3 82589.2 90106.6 137004 175904 212015 264564 316489
BT
 1.46874e+06 412647 479103 277207 373416 439751 1.20897e+06 1.12636e+06 1.25093e+06 1.37947e+06 1.30294e+06 903306 715812 401264 207414 122010 127572 150404 147002 193024 302083 273568 358880 477199 420164
Ftot
 0.495323 0.626858 1.2789 0.462083 0.0908066 0.806977 0.618631 0.944203 1.05352 0.671109 1.03964 1.05288 1.75241 3.0159 3.19726 1.38021 1.0652 0.854024 0.726029 0.788937 0.358794 0.425959 0.532763 0.60369 0.647
BD_Bspro_t
 0.933984 0.667925 0.540159 0.274916 0.385407 0.597615 0.505867 0.554421 0.489583 0.480295 0.503596 0.333235 0.236526 0.16215 0.0878571 0.0840472 0.121988 0.193585 0.265689 0.33709 0.466971 0.592856 0.597787 0.576459 0.527821
BD_Bspro
 1.13155 0.527996 0.472187 0.302605 0.293344 0.557345 0.7022 1.01071 0.920161 1.07018 1.35455 0.888769 0.544158 0.301593 0.132597 0.103143 0.110575 0.132991 0.155033 0.169144 0.257179 0.330198 0.397985 0.496627 0.594098
BD_Bo
 0.78531 0.366437 0.327705 0.210012 0.203585 0.386805 0.487336 0.701445 0.638605 0.742718 0.940079 0.616818 0.377653 0.209309 0.0920244 0.0715826 0.0767406 0.0922979 0.107595 0.117388 0.178486 0.229162 0.276207 0.344666 0.412313
BD_Brms
 2.58483 1.20612 1.07863 0.691251 0.670096 1.27316 1.60406 2.30879 2.10196 2.44464 3.09425 2.03024 1.24304 0.688938 0.302896 0.235613 0.25259 0.303797 0.354147 0.386381 0.587482 0.754283 0.90913 1.13446 1.35712
S_f
 0.131426 1 1 1 1
 0.131426 1 1 1 1
 0.131426 1 1 1 1
 0.131426 1 1 1 1
 0.131426 1 1 1 1
 0.131426 1 1 1 1
 0.131426 1 1 1 1
 0.131426 1 1 1 1
 0.131426 1 1 1 1
 0.131426 1 1 1 1
 0.131426 1 1 1 1
 0.131426 1 1 1 1
 0.131426 1 1 1 1
 0.131426 1 1 1 1
 0.131426 1 1 1 1
 0.131426 1 1 1 1
 0.131426 1 1 1 1
 0.131426 1 1 1 1
 0.131426 1 1 1 1
 0.131426 1 1 1 1
 0.131426 1 1 1 1
 0.131426 1 1 1 1
 0.131426 1 1 1 1
 0.131426 1 1 1 1
 0.131426 1 1 1 1
Scru_reclas
 0.397842 0.768787 0.94361 0.988265 0.997646
 0.397842 0.768787 0.94361 0.988265 0.997646
 0.397842 0.768787 0.94361 0.988265 0.997646
 0.397842 0.768787 0.94361 0.988265 0.997646
 0.397842 0.768787 0.94361 0.988265 0.997646
 0.397842 0.768787 0.94361 0.988265 0.997646
 0.397842 0.768787 0.94361 0.988265 0.997646
 0.397842 0.768787 0.94361 0.988265 0.997646
 0.397842 0.768787 0.94361 0.988265 0.997646
 0.397842 0.768787 0.94361 0.988265 0.997646
 0.397842 0.768787 0.94361 0.988265 0.997646
 0.397842 0.768787 0.94361 0.988265 0.997646
 0.397842 0.768787 0.94361 0.988265 0.997646
 0.397842 0.768787 0.94361 0.988265 0.997646
 0.397842 0.768787 0.94361 0.988265 0.997646
 0.397842 0.768787 0.94361 0.988265 0.997646
 0.397842 0.768787 0.94361 0.988265 0.997646
 0.397842 0.768787 0.94361 0.988265 0.997646
 0.397842 0.768787 0.94361 0.988265 0.997646
 0.397842 0.768787 0.94361 0.988265 0.997646
 0.397842 0.768787 0.94361 0.988265 0.997646
 0.397842 0.768787 0.94361 0.988265 0.997646
 0.397842 0.768787 0.94361 0.988265 0.997646
 0.397842 0.768787 0.94361 0.988265 0.997646
 0.397842 0.768787 0.94361 0.988265 0.997646
Scru_pelaces
 0.833692 1 1 1 1
 0.833692 1 1 1 1
 0.833692 1 1 1 1
 0.833692 1 1 1 1
 0.833692 1 1 1 1
 0.833692 1 1 1 1
 0.833692 1 1 1 1
 0.833692 1 1 1 1
 0.833692 1 1 1 1
 0.833692 1 1 1 1
 0.833692 1 1 1 1
 0.833692 1 1 1 1
 0.833692 1 1 1 1
 0.833692 1 1 1 1
 0.833692 1 1 1 1
 0.833692 1 1 1 1
 0.833692 1 1 1 1
 0.833692 1 1 1 1
 0.833692 1 1 1 1
 0.833692 1 1 1 1
 0.833692 1 1 1 1
 0.833692 1 1 1 1
 0.833692 1 1 1 1
 0.833692 1 1 1 1
 0.833692 1 1 1 1
pf_obs 
 0.256992 0.487395 0.22802 0.0275931 0
 0.321318 0.546541 0.124235 0.00734118 0.000564706
 0.182869 0.594174 0.210203 0.0122559 0.00049798
 0.330522 0.361315 0.267642 0.0388342 0.00168674
 0.649043 0.306663 0.0425973 0.00169635 0
 0.582887 0.30429 0.105238 0.00758474 0
 0.465427 0.430635 0.0974691 0.00646863 0
 0.296916 0.608066 0.0921331 0.00288517 0
 0.311714 0.524322 0.152257 0.0117073 0
 0.15457 0.633149 0.183074 0.0267441 0.00246327
 0.131901 0.49318 0.331252 0.0422183 0.00144891
 0.196976 0.569456 0.194076 0.0375587 0.00193317
 0.518974 0.381816 0.0799577 0.0180837 0.00116848
 0.0928022 0.601141 0.25162 0.0475244 0.00691264
 0.122501 0.610282 0.24278 0.0234846 0.000952079
 0.383417 0.481906 0.127806 0.00687128 0
 0.0376549 0.599619 0.316969 0.0457579 0
 0.0361596 0.667082 0.258105 0.0386534 0
 0.158088 0.579412 0.248529 0.0139706 0
 0.0477256 0.309471 0.559284 0.082774 0.000745712
 0.0406174 0.521527 0.379366 0.0568643 0.0016247
 0.151134 0.462217 0.34131 0.0453401 0
 0.294876 0.26143 0.354403 0.0886775 0.000613685
 0.281977 0.475581 0.204845 0.0348837 0.00271318
 0 0 0 0 0
pf_pred 
 0.164794 0.572426 0.233216 0.0295569 6.50851e-06
 0.263466 0.484907 0.172458 0.0702624 0.00890672
 0.0815573 0.724887 0.12743 0.0453207 0.0208051
 0.244572 0.432157 0.255144 0.0448526 0.0232748
 0.364712 0.480627 0.0884764 0.0522361 0.0139479
 0.141968 0.70388 0.116624 0.0214687 0.0160595
 0.3901 0.400257 0.171979 0.0284947 0.00916927
 0.255258 0.647609 0.0637453 0.0273896 0.00599841
 0.312086 0.55728 0.113596 0.0111814 0.00585652
 0.332601 0.572102 0.0772002 0.0157365 0.00236027
 0.14347 0.721485 0.115762 0.0156211 0.00366178
 0.189254 0.557328 0.213463 0.03425 0.00570514
 0.316459 0.516329 0.114946 0.0440256 0.00824055
 0.26622 0.662123 0.0541271 0.0120499 0.0054791
 0.303379 0.656548 0.0361596 0.00295597 0.000957284
 0.3415 0.630187 0.0266848 0.00146967 0.00015905
 0.219839 0.696115 0.0804323 0.00340585 0.000207878
 0.261587 0.583073 0.138605 0.0160151 0.000719539
 0.25038 0.605313 0.113949 0.0270875 0.00327043
 0.313506 0.540064 0.118241 0.0222587 0.00593007
 0.278652 0.605338 0.091265 0.0199814 0.00476359
 0.237394 0.593709 0.141734 0.0213689 0.00579382
 0.258124 0.553224 0.146871 0.0350621 0.00671948
 0.231123 0.5967 0.128394 0.0340863 0.00969679
 0.043995 0.72332 0.180579 0.0388558 0.0132501
pobs_RECLAS
 0 0 0 0 0
 0 0 0 0 0
 0 0 0 0 0
 0 0 0 0 0
 0.835266 0.146461 0.0176864 0.000547809 3.91292e-05
 0.385257 0.428462 0.181853 0.0044286 0
 0.867414 0.0963971 0.0333333 0.00285562 0
 0.441836 0.489002 0.0689373 0.000224442 0
 0.779404 0.147425 0.0564933 0.0165055 0.000172143
 0.814271 0.122319 0.05973 0.00367925 0
 0.40263 0.566651 0.0304383 0.000280538 0
 0.475488 0.404961 0.113038 0.00651328 0
 0.955842 0.0263864 0.0167828 0.000988607 0
 0.975058 0.0227948 0.00214734 0 0
 0.738997 0.206755 0.0527124 0.00153531 0
 0.850938 0.134255 0.0134407 0.00136685 0
 0.542534 0.407297 0.0501686 0 0
 0.764087 0.199537 0.0359546 0.000420521 0
 0.470689 0.182191 0.310203 0.0369168 0
 0.84361 0.089868 0.0606195 0.00523954 0.000663233
 0.607945 0.314616 0.071237 0.00620181 0
 0.523733 0.453247 0.0230204 0 0
 0.530135 0.295979 0.169645 0.0042399 0
 0.562478 0.366248 0.0663022 0.0049721 0
 0.250443 0.683176 0.0655157 0.000865301 0
ppred_RECLAS
 0.428277 0.364979 0.182513 0.0242256 5.38518e-06
 0.576573 0.257148 0.112252 0.0478977 0.00612933
 0.273899 0.544555 0.117498 0.0437659 0.020282
 0.544 0.236519 0.171394 0.0315558 0.0165303
 0.681489 0.226971 0.0512831 0.0317102 0.00854749
 0.400059 0.471585 0.0959035 0.0184899 0.0139625
 0.709102 0.176449 0.0930557 0.0161477 0.00524548
 0.586619 0.348197 0.0420675 0.0189307 0.00418522
 0.653005 0.269067 0.0673185 0.00693986 0.00366941
 0.666405 0.276535 0.0458016 0.009778 0.0014805
 0.411277 0.47811 0.094157 0.0133069 0.00314893
 0.485018 0.329612 0.154953 0.0260388 0.00437853
 0.678152 0.229307 0.0626573 0.0251341 0.00474917
 0.690906 0.272456 0.0273375 0.00637393 0.00292575
 0.739246 0.242498 0.0163928 0.00140349 0.000458832
 0.69975 0.284516 0.0147873 0.000852954 9.31844e-05
 0.544101 0.396953 0.0562957 0.00249661 0.000153828
 0.588109 0.31 0.0904493 0.0109455 0.000496436
 0.571 0.331123 0.076508 0.0190478 0.00232159
 0.645882 0.265067 0.0712302 0.0140435 0.00377694
 0.599793 0.323349 0.0598361 0.0137204 0.003302
 0.545106 0.336474 0.0985916 0.0155678 0.00426102
 0.572817 0.300181 0.0978149 0.0244561 0.00473139
 0.539983 0.33859 0.0894229 0.0248636 0.00714031
 0.152359 0.605782 0.185626 0.041832 0.0144004
pobs_PELACES
 0 0 0 0 0
 0 0 0 0 0
 0 0 0 0 0
 0 0 0 0 0
 0 0 0 0 0
 0 0 0 0 0
 0 0 0 0 0
 0 0 0 0 0
 0 0 0 0 0
 0 0 0 0 0
 0.450072 0.473896 0.0757376 0.000293798 0
 0 0 0 0 0
 0.463077 0.371075 0.160297 0.00555027 0
 0.529543 0.364841 0.0842815 0.0213345 0
 0.631943 0.363953 0.00410389 0 0
 0.735681 0.248677 0.0153453 0.000297389 0
 0.695825 0.281241 0.0229344 0 0
 0.275771 0.60734 0.115278 0.00161068 0
 0 0 0 0 0
 0.896147 0.0623911 0.0374545 0.00400742 0
 0.803859 0.145111 0.0509908 3.86294e-05 0
 0.739449 0.233085 0.0266225 0.000797448 4.60066e-05
 0.878498 0.100942 0.0204185 0.000141795 0
 0.694673 0.275183 0.0284847 0.00165964 0
 0 0 0 0 0
ppred_PELACES
 0.598923 0.274887 0.111994 0.0141936 3.12547e-06
 0.740005 0.171171 0.0608772 0.0248024 0.00314405
 0.479902 0.41049 0.0721614 0.0256643 0.0117815
 0.707597 0.167275 0.0987585 0.0173611 0.00900897
 0.789742 0.159071 0.0292826 0.0172883 0.00461625
 0.585562 0.339981 0.0563303 0.0103696 0.00775687
 0.835341 0.10806 0.0464304 0.00769291 0.00247549
 0.755721 0.212419 0.0209088 0.00898393 0.00196751
 0.810747 0.153314 0.0312516 0.00307615 0.0016112
 0.801345 0.17029 0.0229791 0.00468405 0.00070255
 0.611283 0.32743 0.0525359 0.00708926 0.00166182
 0.687858 0.214575 0.0821845 0.0131865 0.00219651
 0.856058 0.10873 0.0242057 0.00927105 0.00173532
 0.897439 0.0925458 0.00756541 0.00168422 0.00076582
 0.920465 0.0749594 0.00412841 0.000337489 0.000109295
 0.849215 0.144301 0.00611033 0.000336528 3.64196e-05
 0.727806 0.242871 0.0280624 0.00118828 7.25275e-05
 0.755064 0.193408 0.0459762 0.0053123 0.000238675
 0.734202 0.21463 0.0404037 0.0096046 0.00115962
 0.794738 0.161479 0.035354 0.00665534 0.00177309
 0.735406 0.222041 0.0334764 0.00732927 0.0017473
 0.696581 0.23622 0.0563921 0.00850207 0.0023052
 0.727571 0.203153 0.0539334 0.0128754 0.0024675
 0.703315 0.230247 0.049543 0.0131528 0.00374168
 0.269556 0.552659 0.137973 0.0296881 0.0101238
pobs_pel_tallas
 0 0 0 0 0 0 0 0 0 0 0 0 0 0 0 0 0 0 0 0 0 0 0 0 0 0 0 0 0 0 0 0 0 0 0 0
 0 0 0 0 0 0 0 0 0 0 0 0 0 0 0 0 0 0 0 0 0 0 0 0 0 0 0 0 0 0 0 0 0 0 0 0
 0 0 0 0 0 0 0 0 0 0 0 0 0 0 0 0 0 0 0 0 0 0 0 0 0 0 0 0 0 0 0 0 0 0 0 0
 0 0 0 0 0 0 0 0 0 0 0 0 0 0 0 0 0 0 0 0 0 0 0 0 0 0 0 0 0 0 0 0 0 0 0 0
 0 0 0 0 0 0 0 0 0 0 0 0 0 0 0 0 0 0 0 0 0 0 0 0 0 0 0 0 0 0 0 0 0 0 0 0
 0 0 0 0 0 0 0 0 0 0 0 0 0 0 0 0 0 0 0 0 0 0 0 0 0 0 0 0 0 0 0 0 0 0 0 0
 0 0 0 0 0 0 0 0 0 0 0 0 0 0 0 0 0 0 0 0 0 0 0 0 0 0 0 0 0 0 0 0 0 0 0 0
 0 0 0 0 0 0 0 0 0 0 0 0 0 0 0 0 0 0 0 0 0 0 0 0 0 0 0 0 0 0 0 0 0 0 0 0
 0 0 0 0 0 0 0 0 0 0 0 0 0 0 0 0 0 0 0 0 0 0 0 0 0 0 0 0 0 0 0 0 0 0 0 0
 0 0 0 0 0 0 0 0 0 0 0 0 0 0 0 0 0 0 0 0 0 0 0 0 0 0 0 0 0 0 0 0 0 0 0 0
 0 0 0 0 0 0 0 0 1.78061e-05 0.00172719 0.00360574 0.0105946 0.0120993 0.0124554 0.0147524 0.0171206 0.0266825 0.0428682 0.0675386 0.121331 0.153587 0.119568 0.100827 0.0573624 0.0630603 0.0341343 0.0324427 0.0444173 0.0211091 0.0280891 0.0125444 0.00206551 0 0 0 0
 0 0 0 0 0 0 0 0 0 0 0 0 0 0 0 0 0 0 0 0 0 0 0 0 0 0 0 0 0 0 0 0 0 0 0 0
 0 0 0 0 0 0 0.0133647 0.0140871 0.0187388 0.0205184 0.03894 0.0496705 0.03968 0.0493445 0.0407372 0.0367815 0.0215668 0.0243155 0.0234873 0.0199281 0.019796 0.0243948 0.0301388 0.0376714 0.0412746 0.0863199 0.0771752 0.113111 0.0741005 0.0525337 0.0229764 0.00759418 0.00175318 0 0 0
 0 0 0 0 0 0 0 0 0 0 0.00219441 0.00772107 0.0458388 0.0604681 0.0671733 0.0775358 0.0609151 0.0617685 0.073594 0.0568108 0.0755445 0.0548602 0.0670107 0.0636378 0.0643287 0.046367 0.0373049 0.0286899 0.0247887 0.0153202 0.00654259 0.00121912 0.000365735 0 0 0
 0 0 0 0 0 0 0 0 0 0 0 0 0.000112435 0.00938835 0.0111873 0.0202946 0.0414886 0.0713402 0.111592 0.104902 0.108894 0.110636 0.117776 0.105296 0.107544 0.0401394 0.0192827 0.0124803 0.00416011 0.0028671 0.000618394 0 0 0 0 0
 0 0 0 0 0 0 0 0 0 0 0.00291406 0.0102884 0.027416 0.0768956 0.0749926 0.110853 0.0956884 0.0897413 0.0766577 0.0534642 0.0500743 0.0551293 0.0594112 0.0620874 0.0668451 0.0424026 0.0208742 0.0120726 0.0048766 0.00582813 0.00118941 0.000297354 0 0 0 0
 0 0.00264628 0.0354308 0.0461629 0.0458689 0.0383711 0.0214643 0.0164657 0.0346957 0.0420465 0.0363128 0.0245516 0.0311673 0.0291091 0.0169068 0.0133784 0.00837989 0.0085269 0.0148486 0.0160247 0.0276389 0.0546898 0.0760071 0.122758 0.109233 0.0665981 0.0333725 0.0166128 0.00676272 0.00308733 0.000882094 0 0 0 0 0
 0 0 0 0 0 0 0 0.000805153 0.000690131 0.00759144 0.0133425 0.0154129 0.00931677 0.000345066 0.00356568 0.00563607 0.00851162 0.0253048 0.0502646 0.0516448 0.0657925 0.0565908 0.0611916 0.0827007 0.0866115 0.110766 0.145733 0.0935128 0.0569358 0.0249597 0.0138026 0.00621118 0.00161031 0.00115022 0 0
 0 0 0 0 0 0 0 0 0 0 0 0 0 0 0 0 0 0 0 0 0 0 0 0 0 0 0 0 0 0 0 0 0 0 0 0
 0.00147267 0.00158595 0.00478618 0.00569244 0.00954404 0.0108468 0.00647125 0.017049 0.0510054 0.094081 0.124002 0.0959785 0.0687766 0.0820023 0.061753 0.0591476 0.0492212 0.0479892 0.0443925 0.0268479 0.0217502 0.0140895 0.0121071 0.0120363 0.00920419 0.00665534 0.0049561 0.00860946 0.00930331 0.0156896 0.0114698 0.00855282 0.00243557 0.00046729 0 2.83206e-05
 0 0 0 0 0.000772559 0.00158375 0.000888443 0.00281984 0.00712685 0.0440552 0.0773331 0.111326 0.0921469 0.0852325 0.0710754 0.0886704 0.0786465 0.0553345 0.0373146 0.0185414 0.00753245 0.00457741 0.012979 0.0271748 0.0457355 0.0583668 0.034881 0.0177882 0.00938659 0.00492506 0.0015258 0.00185414 0.000309023 5.79419e-05 3.86279e-05 0
 0 0.00173294 0.00326652 0 0.00397197 0.00683976 0.00946217 0.0152591 0.00757587 0.0136028 0.0228656 0.0392903 0.0559909 0.0764795 0.0681675 0.0726916 0.0566044 0.0477403 0.0527397 0.0444891 0.0609904 0.0582453 0.0661739 0.0445044 0.0529084 0.0360697 0.0280645 0.0235558 0.0158879 0.00826598 0.00280645 0.00217768 0.000904811 0.00058276 9.20147e-05 0
 0 0 0 0 0 0 0 0 0 0 0 0 0 0 0 0 0 0 0 0 0 0 0 0 0 0 0 0 0 0 0 0 0 0 0 0
 0 0 0 0 0 0 0 0 0 0 0 0 0 0 0 0 0 0 0 0 0 0 0 0 0 0 0 0 0 0 0 0 0 0 0 0
 0 0 0 0 0 0 0 0 0 0 0 0 0 0 0 0 0 0 0 0 0 0 0 0 0 0 0 0 0 0 0 0 0 0 0 0
ppred_pel_tallas
 1.02168e-16 2.61399e-05 0.0001534 0.00072915 0.00280719 0.00875391 0.0221118 0.0452449 0.0750027 0.10074 0.109659 0.0968094 0.0694785 0.0409102 0.0205324 0.0102032 0.00713864 0.00803179 0.0108361 0.0145962 0.0188139 0.0230668 0.0269073 0.0299041 0.0317261 0.0322119 0.031399 0.0294985 0.0268306 0.0237433 0.0205415 0.0174464 0.0145877 0.012021 0.00975583 0.00778124
 1.0192e-16 3.22874e-05 0.000189501 0.0009008 0.00346813 0.010815 0.0273179 0.0558961 0.0926542 0.124432 0.135408 0.119441 0.0855031 0.0499073 0.0242347 0.0107005 0.00578419 0.00533979 0.00682538 0.00911915 0.0117503 0.01442 0.016846 0.0187622 0.0199657 0.0203584 0.0199638 0.0189109 0.0173934 0.0156186 0.0137651 0.0119579 0.010266 0.00871493 0.00730588 0.00603231
 1.02591e-16 2.09554e-05 0.00012295 0.000584361 0.00224968 0.00701528 0.0177204 0.0362606 0.0601151 0.0807605 0.0879559 0.0777558 0.0560363 0.0334622 0.0176584 0.0101956 0.00892206 0.0112407 0.0155085 0.0208748 0.0267617 0.0325703 0.0376405 0.0413465 0.043231 0.0431094 0.0411088 0.0376214 0.0331972 0.0284087 0.0237368 0.0195031 0.0158606 0.0128258 0.0103329 0.00828514
 1.02474e-16 3.08741e-05 0.000181204 0.000861356 0.00331626 0.0103414 0.0261217 0.0534485 0.0885971 0.118985 0.129481 0.114218 0.081775 0.0477531 0.0232305 0.0103311 0.00569592 0.00536891 0.00692839 0.00930975 0.0120683 0.0149198 0.0175897 0.0198122 0.0213746 0.0221581 0.0221557 0.0214599 0.0202276 0.0186356 0.0168432 0.0149713 0.0130994 0.0112762 0.0095339 0.00789906
 1.01278e-16 3.44556e-05 0.000202231 0.000961325 0.00370117 0.0115418 0.0291536 0.0596519 0.0988789 0.132789 0.144495 0.127441 0.0911947 0.053158 0.0256788 0.0111067 0.00566885 0.00492639 0.00615761 0.00816569 0.0104607 0.0127493 0.0147653 0.0162654 0.0170713 0.0171096 0.0164255 0.0151657 0.0135368 0.0117539 0.00999681 0.00838538 0.00697604 0.00577512 0.00475958 0.00389654
 1.0163e-16 2.55598e-05 0.000149988 0.000712919 0.00274468 0.00855895 0.0216195 0.0442379 0.0733355 0.0985061 0.107243 0.0947129 0.0680531 0.0402296 0.020483 0.0106554 0.00804731 0.00943572 0.0128072 0.0171832 0.0219982 0.026733 0.0308348 0.0337838 0.0352024 0.0349421 0.0331152 0.0300569 0.0262344 0.0221349 0.018168 0.014609 0.0115894 0.00912287 0.00715033 0.00558281
 1.01075e-16 3.64419e-05 0.000213897 0.0010168 0.00391477 0.0122079 0.030836 0.063094 0.104583 0.140444 0.152811 0.134741 0.0963465 0.0560149 0.026786 0.0111198 0.00500176 0.00372122 0.00440179 0.00580592 0.00747322 0.00917624 0.0107285 0.0119589 0.0127365 0.0129957 0.0127481 0.0120722 0.0110888 0.00992961 0.00870979 0.00751293 0.00638838 0.00535822 0.00442834 0.00359811
 1.00767e-16 3.29743e-05 0.00019353 0.000919946 0.00354183 0.0110449 0.0278985 0.0570843 0.0946246 0.127081 0.138298 0.122008 0.087379 0.0510789 0.0249451 0.0112511 0.00640964 0.00618741 0.00797586 0.0105991 0.0135275 0.0163936 0.0188439 0.0205547 0.0212949 0.0209803 0.0196921 0.0176521 0.0151646 0.0125439 0.0100518 0.00786159 0.00605128 0.0046212 0.0035232 0.00268952
 1.00675e-16 3.53713e-05 0.000207608 0.000986886 0.00379959 0.0118487 0.0299288 0.061238 0.101508 0.136319 0.148333 0.130819 0.093599 0.0545322 0.0262913 0.0112833 0.00562954 0.00476833 0.00590332 0.0078073 0.00998327 0.0121401 0.0140175 0.0153781 0.0160491 0.0159604 0.015159 0.0137926 0.0120691 0.0102069 0.00839103 0.00674804 0.00534095 0.00418074 0.00324551 0.00249926
 1.00576e-16 3.4962e-05 0.000205203 0.000975452 0.00375556 0.0117114 0.029582 0.0605285 0.100332 0.134742 0.146621 0.12932 0.0925478 0.0539638 0.0260994 0.011341 0.00586169 0.00515663 0.0064599 0.00854832 0.0109113 0.013234 0.0152288 0.0166343 0.0172629 0.0170435 0.0160377 0.0144195 0.0124298 0.010319 0.00829712 0.00650523 0.00500955 0.00381503 0.00288787 0.00217797
 1.01174e-16 2.66808e-05 0.000156571 0.000744217 0.00286519 0.00893476 0.0225687 0.04618 0.0765541 0.102827 0.11194 0.0988451 0.0709868 0.0418927 0.0211984 0.0108136 0.00790724 0.00910478 0.0123019 0.0164861 0.0210895 0.025605 0.0294975 0.0322652 0.0335448 0.033195 0.0313279 0.0282719 0.0244841 0.0204414 0.0165458 0.013069 0.010142 0.00777952 0.00592336 0.00448375
 1.01793e-16 3.00153e-05 0.000176158 0.000837357 0.00322384 0.0100532 0.0253937 0.0519594 0.0861302 0.115676 0.125893 0.11108 0.0795894 0.0465992 0.0228971 0.0105682 0.00636609 0.00645586 0.008478 0.011369 0.0146422 0.0179448 0.0209238 0.0232435 0.0246472 0.0250119 0.0243696 0.0228876 0.0208175 0.0184312 0.0159656 0.0135902 0.0114025 0.00944121 0.00770953 0.00619571
 1.00779e-16 3.73452e-05 0.0002192 0.00104201 0.00401184 0.0125106 0.0316007 0.0646585 0.107176 0.143926 0.156598 0.138078 0.0987264 0.0573861 0.0274177 0.011339 0.00503157 0.00366327 0.00428118 0.00561239 0.00718189 0.00875578 0.0101455 0.0111827 0.0117436 0.0117762 0.0113092 0.0104413 0.0093127 0.00807073 0.00683977 0.00570429 0.00470629 0.00385366 0.00313385 0.00252665
 1.00232e-16 3.91489e-05 0.000229791 0.00109236 0.00420573 0.0131152 0.0331279 0.0677831 0.112354 0.150878 0.164156 0.144729 0.103452 0.0600725 0.0285872 0.011624 0.00485315 0.00319848 0.00355927 0.00460466 0.00585104 0.00707809 0.00812041 0.00883532 0.00912266 0.00894696 0.00834576 0.00741838 0.00630036 0.00513155 0.00402852 0.00306832 0.00228545 0.00167941 0.0012275 0.000897764
 1.001e-16 4.01523e-05 0.000235684 0.00112038 0.0043136 0.0134516 0.0339776 0.0695215 0.115235 0.154745 0.168359 0.148423 0.106067 0.0615399 0.0291896 0.0117023 0.00462811 0.00275403 0.00289902 0.00370578 0.00469596 0.0056702 0.00649046 0.00704074 0.00724057 0.00706269 0.00653955 0.00575422 0.00481922 0.00385042 0.00294426 0.00216429 0.00153855 0.0010657 0.000725542 0.000489807
 1.00148e-16 3.70483e-05 0.000217454 0.0010337 0.00397983 0.0124108 0.0313486 0.0641429 0.106322 0.142783 0.155362 0.137007 0.0980018 0.0570476 0.0274103 0.0116008 0.00554559 0.0044564 0.0053978 0.00708434 0.00900394 0.010869 0.0124314 0.0134706 0.0138326 0.0134663 0.0124357 0.0109025 0.00908544 0.00720906 0.00546019 0.00396156 0.00276679 0.00187223 0.00123744 0.000806147
 1.00522e-16 3.17583e-05 0.000186388 0.000885988 0.00341107 0.0106371 0.0268685 0.0549772 0.0911329 0.122395 0.133207 0.117539 0.0842258 0.0493313 0.0242702 0.0112485 0.0068281 0.00694308 0.00908101 0.0120924 0.0154306 0.0186881 0.0214612 0.0233781 0.0241732 0.0237494 0.0222 0.0197813 0.0168453 0.0137574 0.0108244 0.00825177 0.00613537 0.00448034 0.00323365 0.00231679
 1.0091e-16 3.29449e-05 0.000193359 0.000919139 0.00353873 0.0110352 0.027874 0.0570342 0.094541 0.126968 0.13817 0.121886 0.0872723 0.0509772 0.024823 0.011075 0.0061446 0.00580098 0.007443 0.00990934 0.0126932 0.0154563 0.0178755 0.019651 0.0205622 0.0205166 0.019568 0.017897 0.0157602 0.0134287 0.0111338 0.00903517 0.00721502 0.00569195 0.00444428 0.00343278
 1.01028e-16 3.20361e-05 0.000188021 0.000893758 0.003441 0.0107304 0.0271043 0.0554593 0.0919312 0.123465 0.134365 0.118544 0.0849117 0.0496636 0.0243049 0.0110498 0.00641979 0.00630816 0.00818506 0.0109093 0.013963 0.0169811 0.0196073 0.0215116 0.0224533 0.0223352 0.0212243 0.0193275 0.0169358 0.0143536 0.0118381 0.0095639 0.00761647 0.0060088 0.00470856 0.00366463
 1.00867e-16 3.46736e-05 0.000203511 0.000967407 0.00372459 0.0116148 0.029338 0.0600293 0.0995046 0.13363 0.14541 0.128248 0.091774 0.0534989 0.0258492 0.0111902 0.00572528 0.00498745 0.00623701 0.00826781 0.010584 0.0128862 0.0149021 0.016382 0.0171429 0.0171088 0.016326 0.0149459 0.0131829 0.0112625 0.00937586 0.00765384 0.00616216 0.00491343 0.00388726 0.00304957
 1.00882e-16 3.20889e-05 0.000188331 0.000895228 0.00344666 0.0107481 0.0271488 0.0555505 0.0920826 0.123669 0.134588 0.118745 0.0850627 0.0497667 0.0243828 0.0111309 0.00652865 0.00646296 0.00839789 0.0111851 0.0142974 0.0173577 0.0199973 0.021876 0.022748 0.0225183 0.0212635 0.0192066 0.0166572 0.0139376 0.0113189 0.00898335 0.00701737 0.00542918 0.00417782 0.00320183
 1.01278e-16 3.03965e-05 0.000178394 0.000847983 0.00326475 0.0101808 0.0257159 0.0526188 0.0872238 0.117146 0.127496 0.112504 0.0806279 0.0472445 0.0232826 0.0108588 0.00668937 0.00689027 0.00906501 0.0121207 0.0155393 0.0189322 0.0219099 0.0241073 0.0252552 0.0252398 0.0241257 0.0221309 0.0195663 0.0167595 0.0139897 0.0114491 0.00923612 0.00737244 0.005832 0.00456842
 1.0139e-16 3.17465e-05 0.000186322 0.000885683 0.00340991 0.0106335 0.0268594 0.0549581 0.0911003 0.122348 0.133148 0.117466 0.0841305 0.0491883 0.0240387 0.0108732 0.00624337 0.00607986 0.00787974 0.0105206 0.0135026 0.0164801 0.019117 0.0210988 0.0221918 0.0222939 0.021454 0.0198514 0.0177445 0.0154065 0.0130705 0.0108976 0.00897143 0.00731332 0.00590632 0.0047182
 1.01406e-16 3.06899e-05 0.000180117 0.000856176 0.00329629 0.0102792 0.0259644 0.0531272 0.0880663 0.118277 0.128725 0.113583 0.0813905 0.0476695 0.0234514 0.0108692 0.00660324 0.00672914 0.00882653 0.011795 0.0151189 0.0184175 0.0213116 0.0234471 0.0245635 0.0245523 0.0234786 0.0215563 0.0190886 0.0163937 0.0137407 0.0113129 0.00920139 0.00742255 0.00594719 0.00472788
 1.03632e-16 1.17892e-05 6.9123e-05 0.000328432 0.00126423 0.00394218 0.00995818 0.0203797 0.0337967 0.0454336 0.0495608 0.0440017 0.0321209 0.0200038 0.0120605 0.00932372 0.0107352 0.0149463 0.0210538 0.0284626 0.0365684 0.0446086 0.0517007 0.0569956 0.0598616 0.0600268 0.057633 0.0531771 0.0473712 0.0409666 0.0346022 0.0287176 0.0235377 0.019114 0.0153919 0.0122738
pSPR Fmed_Fpbrs
0.409691   0.353815 0.353815
Fs Fmed_Fpbrs
0.784941   1.005 1.005
SSBpbr Bo_Bmed_Bpbrs
767594  276097  233206 233206
Ro
25848.3
SPR SPRFo_SPRFmed_SPRFpbrs
532721 218251 188485
log_Ro
9.98
likeval ReclasPelacesDesembMPH_pf_preclas_ppelaces_ptallas_desvR_qrecl_qpela
 69.0794 13.5559 0.0664337 0.000174282 293.413 187.384 75.8553 0 21.7685 8.41512e-06 0.000109323 0 0 0 0
q_reclas_q_pelaces
1.50843 4.42618
M
0.7
N
 27338.9 14950.3 6091 771.948 0.169985
 41979.6 12720.4 4524.04 1843.17 233.648
 10707.4 19197.9 3374.86 1200.27 551.001
 16344 4494.51 2653.54 466.475 242.062
 42602.6 7637.96 1406.03 830.118 221.654
 24138.1 20904.8 3463.65 637.607 476.957
 63994.7 10780.4 4632.07 767.472 246.964
 63295.1 29297.3 2883.78 1239.08 271.363
 82398.9 27763.3 5659.26 557.051 291.768
 123963 35627.3 4807.59 979.978 146.985
 59648.3 56361.1 9043.11 1220.29 286.051
 46507.2 25837.6 9896.09 1587.82 264.489
 53691.5 20110.3 4476.99 1714.74 320.958
 28007.2 21177.6 1731.22 385.407 175.245
 13749 9356.7 515.323 42.1265 13.6426
 11705.4 4485.1 189.918 10.4598 1.13198
 8085.95 4848.42 560.209 23.7216 1.44786
 8831.67 3490.81 829.819 95.8812 4.30782
 9530.12 3920.04 737.942 175.42 21.1795
 14379.6 4301.82 941.834 177.299 47.2353
 19745.3 6437.38 970.544 212.49 50.6577
 24336.9 9353.6 2232.96 336.656 91.2789
 33434.2 11427.4 3033.76 724.241 138.797
 36704.2 15480.2 3330.91 884.298 251.564
 6178.31 16836.5 4203.3 904.436 308.418
pred_Ctot
 1243.81 4320.46 1760.23 223.085 0.0491238
 2398.93 4415.21 1570.28 639.758 81.0981
 1202.97 10692.1 1879.6 668.48 306.875
 695.011 1228.08 725.055 127.46 66.1411
 363.725 479.326 88.2369 52.0947 13.9101
 1757.55 8713.96 1443.79 265.78 198.814
 3610.68 3704.69 1591.8 263.741 84.8688
 5350.42 13574.4 1336.15 574.109 125.732
 7723.67 13791.8 2811.32 276.723 144.94
 7564.74 13012 1755.86 357.913 53.6826
 5521.82 27768.3 4455.41 601.219 140.933
 4356.87 12830.4 4914.19 788.479 131.339
 8049.28 13133.1 2923.7 1119.81 209.602
 6742.68 16769.9 1370.9 305.192 138.772
 3475 7520.31 414.183 33.8586 10.965
 1411.19 2604.14 110.271 6.07318 0.65725
 765.835 2425 280.196 11.8647 0.724168
 678.721 1512.86 359.629 41.5532 1.86693
 627.191 1516.28 285.438 67.8531 8.1923
 1024.65 1765.13 386.455 72.7495 19.3817
 655.847 1424.75 214.806 47.0292 11.2118
 955.976 2390.84 570.759 86.0516 23.3315
 1632.58 3499.04 928.932 221.762 42.4995
 2022.63 5221.89 1123.61 298.299 84.8595
 363.985 5984.25 1493.99 321.466 109.622
F
 0.0650984 0.495323 0.495323 0.495323 0.495323
 0.0823855 0.626858 0.626858 0.626858 0.626858
 0.168081 1.2789 1.2789 1.2789 1.2789
 0.0607298 0.462083 0.462083 0.462083 0.462083
 0.0119344 0.0908066 0.0908066 0.0908066 0.0908066
 0.106058 0.806977 0.806977 0.806977 0.806977
 0.0813042 0.618631 0.618631 0.618631 0.618631
 0.124093 0.944203 0.944203 0.944203 0.944203
 0.13846 1.05352 1.05352 1.05352 1.05352
 0.0882013 0.671109 0.671109 0.671109 0.671109
 0.136636 1.03964 1.03964 1.03964 1.03964
 0.138376 1.05288 1.05288 1.05288 1.05288
 0.230312 1.75241 1.75241 1.75241 1.75241
 0.396368 3.0159 3.0159 3.0159 3.0159
 0.420203 3.19726 3.19726 3.19726 3.19726
 0.181395 1.38021 1.38021 1.38021 1.38021
 0.139995 1.0652 1.0652 1.0652 1.0652
 0.112241 0.854024 0.854024 0.854024 0.854024
 0.0954191 0.726029 0.726029 0.726029 0.726029
 0.103687 0.788937 0.788937 0.788937 0.788937
 0.0471549 0.358794 0.358794 0.358794 0.358794
 0.0559821 0.425959 0.425959 0.425959 0.425959
 0.070019 0.532763 0.532763 0.532763 0.532763
 0.0793406 0.60369 0.60369 0.60369 0.60369
 0.0850326 0.647 0.647 0.647 0.647
nmprior
 10 11 7 0
nm_flota  nm_reclas  nm_pelaces    nm_pelaL
inf 32.4781 10.9888 17.7477
cv_recla  cv_pelaces  cv_mph
0.751795 0.433241 0.428316
 ------------------------------------------------
Talla a la edad & desviación 
 7.2 14.2025 17.0495 18.207 18.6776
 1.08 2.13037 2.55742 2.73105 2.80164
