years
 1997 1998 1999 2000 2001 2002 2003 2004 2005 2006 2007 2008 2009 2010 2011 2012 2013 2014 2015 2016 2017 2018 2019 2020 2021
reclasobs
 0 0 0 370054 412103 1.49427e+06 250295 1.28982e+06 931140 785840 897777 1.04006e+06 184774 17550 25797 100020 73551 82996 120727 218422 84188 347160 605670 569463 516374
reclaspred
 7.79573e+06 1.40991e+06 1.65804e+06 264520 240179 358115 674869 663559 657709 825882 947381 740311 394976 142773 77405.7 76794.2 78479.7 109194 142970 135498 192586 224217 357905 355986 296526
pelacesobs
 0 0 0 0 0 0 0 0 0 2.06254e+06 1.5e+06 0 1.87456e+06 323000 250000 174000 83755 137374 0 501740 490994 745055 786931 1.00524e+06 0
pelacespred
 2.09244e+07 1.20558e+07 2.56297e+06 919898 827091 730426 2.0788e+06 2.0416e+06 1.75442e+06 2.48788e+06 2.31865e+06 1.90838e+06 985907 284074 155724 164126 173845 265679 363466 307229 570392 654646 739192 841680 595409
mphobs
 0 0 0 0 0 112323 0 153150 637223 0 255016 313432 73983 77613 109348 50772 0 0 0 0 0 0 0 0 0
mphpred
 1.22119e+06 510374 203207 61950 41608.1 139844 152492 296851 251751 265743 383740 272463 171859 97570.3 46444.7 32795.8 28309.6 34996.6 46560.8 41694.9 51105.5 72375.5 84472.4 104195 113840
desembarqueobs
 350755 77701 442110 56441 14545 235359 269955 359681 431902 328805 639364 411747 362871 311530 167758 66681 60226 58785 57116 71774 51957 67425 138520 160799 200461
desembarquepred
 350744 77678.7 441524 56405.7 14541.9 235152 269858 359039 431321 328469 638138 410968 362069 310925 167224 66595.8 60189.2 58689.1 57024.8 71674.5 51936.6 67342.6 138379 160661 200344
Reclutas
 7992.7 10980.8 1471.04 4233.73 38703.8 12274.9 64585.9 55127.7 59129.4 111668 68008.3 50403.1 55920.7 29395.7 11919.9 8834.27 7096.56 8670.22 7130.35 8023.99 14707.3 17116.6 24866.5 27448.3 573.587
log_desv_Rt
 -0.693716 -0.376094 -2.38628 -1.32916 0.883693 -0.26469 1.39575 1.23741 1.30748 1.94329 1.44739 1.14781 1.25169 0.608603 -0.294038 -0.593607 -0.812634 -0.612351 -0.807884 -0.689809 -0.0839029 0.0678048 0.441277 0.54006 -3.32809
SSB
 1.59678e+06 667345 265705 81003.4 54405.2 182854 199393 388151 329179 347475 501764 356262 224716 127579 60729.2 42882.5 37016.6 45760.1 60881.1 54518.7 66823.6 94635.3 110453 136241 148852
BT
 2.04929e+06 799825 386827 130304 241165 289442 1.02403e+06 912443 918259 1.07128e+06 1.12681e+06 807087 670294 387622 193553 99804.5 99270.4 122773 112591 121034 188563 165369 221981 298795 216449
Ftot
 0.174536 0.30076 1.38326 1.18868 0.342287 1.73972 1.84405 1.72167 2.17456 1.52378 1.9944 1.80407 2.97659 4.95303 4.9075 2.4211 2.36169 1.80455 1.23108 1.75013 0.994513 1.00548 1.29991 1.49885 1.80797
BD_Bspro_t
 0.975465 0.823105 0.551919 0.171893 0.221407 0.531909 0.377141 0.475891 0.38285 0.358192 0.407976 0.271948 0.190307 0.128509 0.0740847 0.0652536 0.0788342 0.133617 0.210896 0.233323 0.301789 0.440689 0.434927 0.410153 0.339383
BD_Bspro
 4.84404 2.02447 0.80605 0.245734 0.165045 0.55471 0.604882 1.1775 0.998605 1.05411 1.52216 1.08076 0.681702 0.387027 0.18423 0.130089 0.112294 0.138819 0.18469 0.165389 0.202717 0.287088 0.335072 0.413303 0.451562
BD_Bo
 1.76252 0.73661 0.293284 0.0894109 0.060052 0.201833 0.220088 0.428438 0.363345 0.38354 0.553843 0.393239 0.248039 0.140821 0.0670324 0.0473334 0.0408586 0.0505097 0.0672 0.0601773 0.0737593 0.104458 0.121917 0.150381 0.164302
BD_Brms
 3.20458 1.33929 0.533243 0.162565 0.109185 0.366969 0.40016 0.778978 0.660628 0.697346 1.00699 0.71498 0.450981 0.256038 0.121877 0.0860607 0.0742883 0.0918357 0.122182 0.109413 0.134108 0.189923 0.221667 0.273421 0.298731
S_f
 0.0780518 0.828466 0.996384 0.999936 0.999999
 0.0780518 0.828466 0.996384 0.999936 0.999999
 0.0780518 0.828466 0.996384 0.999936 0.999999
 0.0780518 0.828466 0.996384 0.999936 0.999999
 0.0780518 0.828466 0.996384 0.999936 0.999999
 0.0780518 0.828466 0.996384 0.999936 0.999999
 0.0780518 0.828466 0.996384 0.999936 0.999999
 0.0780518 0.828466 0.996384 0.999936 0.999999
 0.0780518 0.828466 0.996384 0.999936 0.999999
 0.0780518 0.828466 0.996384 0.999936 0.999999
 0.0780518 0.828466 0.996384 0.999936 0.999999
 0.0780518 0.828466 0.996384 0.999936 0.999999
 0.0780518 0.828466 0.996384 0.999936 0.999999
 0.0780518 0.828466 0.996384 0.999936 0.999999
 0.0780518 0.828466 0.996384 0.999936 0.999999
 0.0780518 0.828466 0.996384 0.999936 0.999999
 0.0780518 0.828466 0.996384 0.999936 0.999999
 0.0780518 0.828466 0.996384 0.999936 0.999999
 0.0780518 0.828466 0.996384 0.999936 0.999999
 0.0780518 0.828466 0.996384 0.999936 0.999999
 0.0780518 0.828466 0.996384 0.999936 0.999999
 0.0780518 0.828466 0.996384 0.999936 0.999999
 0.0780518 0.828466 0.996384 0.999936 0.999999
 0.0780518 0.828466 0.996384 0.999936 0.999999
 0.0780518 0.828466 0.996384 0.999936 0.999999
Scru_reclas
 0.0813682 0.308326 0.69168 0.918634 0.982705
 0.0813682 0.308326 0.69168 0.918634 0.982705
 0.0813682 0.308326 0.69168 0.918634 0.982705
 0.0813682 0.308326 0.69168 0.918634 0.982705
 0.0813682 0.308326 0.69168 0.918634 0.982705
 0.0813682 0.308326 0.69168 0.918634 0.982705
 0.0813682 0.308326 0.69168 0.918634 0.982705
 0.0813682 0.308326 0.69168 0.918634 0.982705
 0.0813682 0.308326 0.69168 0.918634 0.982705
 0.0813682 0.308326 0.69168 0.918634 0.982705
 0.0813682 0.308326 0.69168 0.918634 0.982705
 0.0813682 0.308326 0.69168 0.918634 0.982705
 0.0813682 0.308326 0.69168 0.918634 0.982705
 0.0813682 0.308326 0.69168 0.918634 0.982705
 0.0813682 0.308326 0.69168 0.918634 0.982705
 0.0813682 0.308326 0.69168 0.918634 0.982705
 0.0813682 0.308326 0.69168 0.918634 0.982705
 0.0813682 0.308326 0.69168 0.918634 0.982705
 0.0813682 0.308326 0.69168 0.918634 0.982705
 0.0813682 0.308326 0.69168 0.918634 0.982705
 0.0813682 0.308326 0.69168 0.918634 0.982705
 0.0813682 0.308326 0.69168 0.918634 0.982705
 0.0813682 0.308326 0.69168 0.918634 0.982705
 0.0813682 0.308326 0.69168 0.918634 0.982705
 0.0813682 0.308326 0.69168 0.918634 0.982705
Scru_pelaces
 0.0799291 0.306946 0.693055 0.920071 0.983245
 0.0799291 0.306946 0.693055 0.920071 0.983245
 0.0799291 0.306946 0.693055 0.920071 0.983245
 0.0799291 0.306946 0.693055 0.920071 0.983245
 0.0799291 0.306946 0.693055 0.920071 0.983245
 0.0799291 0.306946 0.693055 0.920071 0.983245
 0.0799291 0.306946 0.693055 0.920071 0.983245
 0.0799291 0.306946 0.693055 0.920071 0.983245
 0.0799291 0.306946 0.693055 0.920071 0.983245
 0.0799291 0.306946 0.693055 0.920071 0.983245
 0.0799291 0.306946 0.693055 0.920071 0.983245
 0.0799291 0.306946 0.693055 0.920071 0.983245
 0.0799291 0.306946 0.693055 0.920071 0.983245
 0.0799291 0.306946 0.693055 0.920071 0.983245
 0.0799291 0.306946 0.693055 0.920071 0.983245
 0.0799291 0.306946 0.693055 0.920071 0.983245
 0.0799291 0.306946 0.693055 0.920071 0.983245
 0.0799291 0.306946 0.693055 0.920071 0.983245
 0.0799291 0.306946 0.693055 0.920071 0.983245
 0.0799291 0.306946 0.693055 0.920071 0.983245
 0.0799291 0.306946 0.693055 0.920071 0.983245
 0.0799291 0.306946 0.693055 0.920071 0.983245
 0.0799291 0.306946 0.693055 0.920071 0.983245
 0.0799291 0.306946 0.693055 0.920071 0.983245
 0.0799291 0.306946 0.693055 0.920071 0.983245
pf_obs 
 0.256992 0.487395 0.22802 0.0275931 0
 0.321318 0.546541 0.124235 0.00734118 0.000564706
 0.182869 0.594174 0.210203 0.0122559 0.00049798
 0.330522 0.361315 0.267642 0.0388342 0.00168674
 0.649043 0.306663 0.0425973 0.00169635 0
 0.582887 0.30429 0.105238 0.00758474 0
 0.465427 0.430635 0.0974691 0.00646863 0
 0.296916 0.608066 0.0921331 0.00288517 0
 0.311714 0.524322 0.152257 0.0117073 0
 0.15457 0.633149 0.183074 0.0267441 0.00246327
 0.131901 0.49318 0.331252 0.0422183 0.00144891
 0.196976 0.569456 0.194076 0.0375587 0.00193317
 0.518974 0.381816 0.0799577 0.0180837 0.00116848
 0.0928022 0.601141 0.25162 0.0475244 0.00691264
 0.122501 0.610282 0.24278 0.0234846 0.000952079
 0.383417 0.481906 0.127806 0.00687128 0
 0.0376549 0.599619 0.316969 0.0457579 0
 0.0361596 0.667082 0.258105 0.0386534 0
 0.158088 0.579412 0.248529 0.0139706 0
 0.0477256 0.309471 0.559284 0.082774 0.000745712
 0.0406174 0.521527 0.379366 0.0568643 0.0016247
 0.151134 0.462217 0.34131 0.0453401 0
 0.294876 0.26143 0.354403 0.0886775 0.000613685
 0.281977 0.475581 0.204845 0.0348837 0.00271318
 0 0 0 0 0
pf_pred 
 0.0115933 0.637486 0.309908 0.0410114 1.82719e-06
 0.0306128 0.105117 0.595509 0.237457 0.0313041
 0.0113323 0.289647 0.0914582 0.41917 0.188393
 0.150569 0.17331 0.248823 0.0562386 0.37106
 0.622794 0.293077 0.0218442 0.0230135 0.0392707
 0.0881306 0.86717 0.0363279 0.00218068 0.00619114
 0.568056 0.294606 0.13267 0.00379918 0.000868665
 0.2292 0.748559 0.0169223 0.00513856 0.000179338
 0.268825 0.634559 0.094692 0.00146643 0.000457285
 0.376523 0.568914 0.0496848 0.00478163 9.6265e-05
 0.17365 0.763831 0.0585736 0.00359514 0.000350438
 0.187841 0.68452 0.121092 0.00613633 0.000409845
 0.306934 0.589215 0.0922081 0.0110498 0.000592602
 0.261897 0.704808 0.0302374 0.00271794 0.000339239
 0.245952 0.739893 0.0138781 0.000251768 2.49979e-05
 0.279229 0.704849 0.0157934 0.00012627 2.47334e-06
 0.244182 0.699351 0.0556836 0.000777058 6.2727e-06
 0.297435 0.63885 0.0606398 0.00303329 4.22636e-05
 0.190295 0.73336 0.0715105 0.00460282 0.0002316
 0.237365 0.612566 0.139488 0.00991534 0.000666054
 0.320948 0.594496 0.072439 0.0112684 0.00084817
 0.221378 0.682953 0.0864512 0.00790387 0.00131444
 0.263095 0.599847 0.124047 0.0117634 0.00124707
 0.237399 0.661233 0.0870035 0.0130087 0.00135546
 0.00638431 0.856863 0.123425 0.0114512 0.00187717
pobs_RECLAS
 0 0 0 0 0
 0 0 0 0 0
 0 0 0 0 0
 0 0 0 0 0
 0.835266 0.146461 0.0176864 0.000547809 3.91292e-05
 0.385257 0.428462 0.181853 0.0044286 0
 0.867414 0.0963971 0.0333333 0.00285562 0
 0.441836 0.489002 0.0689373 0.000224442 0
 0.779404 0.147425 0.0564933 0.0165055 0.000172143
 0.814271 0.122319 0.05973 0.00367925 0
 0.40263 0.566651 0.0304383 0.000280538 0
 0.475488 0.404961 0.113038 0.00651328 0
 0.955842 0.0263864 0.0167828 0.000988607 0
 0.975058 0.0227948 0.00214734 0 0
 0.738997 0.206755 0.0527124 0.00153531 0
 0.850938 0.134255 0.0134407 0.00136685 0
 0.542534 0.407297 0.0501686 0 0
 0.764087 0.199537 0.0359546 0.000420521 0
 0.470689 0.182191 0.310203 0.0369168 0
 0.84361 0.089868 0.0606195 0.00523954 0.000663233
 0.607945 0.314616 0.071237 0.00620181 0
 0.523733 0.453247 0.0230204 0 0
 0.530135 0.295979 0.169645 0.0042399 0
 0.562478 0.366248 0.0663022 0.0049721 0
 0.250443 0.683176 0.0655157 0.000865301 0
ppred_RECLAS
 0.0242922 0.472867 0.427902 0.0749357 3.57125e-06
 0.0443321 0.0535057 0.563125 0.297136 0.041901
 0.0180351 0.147258 0.0836866 0.507188 0.243832
 0.212315 0.079771 0.207683 0.0620818 0.438149
 0.782637 0.129125 0.0178664 0.0249074 0.045464
 0.232441 0.699048 0.0518902 0.00411748 0.0125041
 0.777454 0.121519 0.0964829 0.00365185 0.000893139
 0.486045 0.486339 0.0194976 0.00782644 0.000292173
 0.53806 0.364956 0.0944075 0.00193169 0.00064432
 0.641641 0.30458 0.0475932 0.00605601 0.000130414
 0.401963 0.521751 0.0700148 0.00567906 0.000592126
 0.404185 0.446329 0.139477 0.00934238 0.000667442
 0.614301 0.296227 0.0766533 0.0121239 0.000695479
 0.678721 0.300284 0.018513 0.00218962 0.00029231
 0.660545 0.330286 0.00893367 0.00021327 2.26487e-05
 0.579743 0.404588 0.0155018 0.000163702 3.42988e-06
 0.523386 0.418394 0.057157 0.00105361 9.09741e-06
 0.565846 0.368262 0.0617479 0.00408265 6.0847e-05
 0.401096 0.502275 0.0886745 0.00754844 0.000406275
 0.46787 0.368536 0.148625 0.0139654 0.00100346
 0.560443 0.345587 0.0768783 0.0158189 0.00127365
 0.435412 0.446693 0.103194 0.0124798 0.00222002
 0.488238 0.358988 0.134056 0.0168117 0.00190641
 0.469482 0.412065 0.0971137 0.0191988 0.00213981
 0.0186983 0.760066 0.193365 0.023713 0.00415801
pobs_PELACES
 0 0 0 0 0
 0 0 0 0 0
 0 0 0 0 0
 0 0 0 0 0
 0 0 0 0 0
 0 0 0 0 0
 0 0 0 0 0
 0 0 0 0 0
 0 0 0 0 0
 0 0 0 0 0
 0.450072 0.473896 0.0757376 0.000293798 0
 0 0 0 0 0
 0.463077 0.371075 0.160297 0.00555027 0
 0.529543 0.364841 0.0842815 0.0213345 0
 0.631943 0.363953 0.00410389 0 0
 0.735681 0.248677 0.0153453 0.000297389 0
 0.695825 0.281241 0.0229344 0 0
 0.275771 0.60734 0.115278 0.00161068 0
 0 0 0 0 0
 0.896147 0.0623911 0.0374545 0.00400742 0
 0.803859 0.145111 0.0509908 3.86294e-05 0
 0.739449 0.233085 0.0266225 0.000797448 4.60066e-05
 0.878498 0.100942 0.0204185 0.000141795 0
 0.694673 0.275183 0.0284847 0.00165964 0
 0 0 0 0 0
ppred_PELACES
 0.0250515 0.473301 0.426926 0.074718 3.55725e-06
 0.047442 0.0538644 0.56115 0.295865 0.0416792
 0.0264186 0.155206 0.0822253 0.497314 0.238836
 0.273867 0.0776904 0.190602 0.0568725 0.400968
 0.79544 0.122193 0.0166973 0.0232584 0.0424109
 0.316619 0.627238 0.0425553 0.00336846 0.0102188
 0.850249 0.0853088 0.0615509 0.00232367 0.000567707
 0.58947 0.39027 0.0143148 0.00573203 0.000213761
 0.668316 0.268118 0.0618828 0.00126244 0.000420645
 0.722688 0.238387 0.0344562 0.00437471 9.41097e-05
 0.523969 0.420622 0.0508666 0.00411453 0.000428548
 0.517 0.370122 0.105338 0.00703785 0.000502273
 0.772746 0.1807 0.0399063 0.00628715 0.000360271
 0.87832 0.115507 0.00544713 0.000640258 8.53779e-05
 0.866916 0.13031 0.00270289 6.41276e-05 6.8026e-06
 0.713489 0.277067 0.00934326 9.83457e-05 2.05834e-06
 0.663626 0.299567 0.0361372 0.000664013 5.72737e-06
 0.670866 0.283023 0.0432185 0.00285028 4.24354e-05
 0.475104 0.444513 0.0737777 0.00626864 0.000337043
 0.578927 0.299611 0.110373 0.0103455 0.000742576
 0.619197 0.302482 0.0640948 0.0131676 0.00105908
 0.49649 0.402425 0.0885003 0.0106856 0.0018989
 0.569715 0.307684 0.107607 0.0134685 0.00152571
 0.562735 0.345348 0.0753895 0.0148716 0.00165579
 0.0291522 0.767502 0.177789 0.0217476 0.00380937
pobs_pel_tallas
 0 0 0 0 0 0 0 0 0 0 0 0 0 0 0 0 0 0 0 0 0 0 0 0 0 0 0 0 0 0 0 0 0 0 0 0
 0 0 0 0 0 0 0 0 0 0 0 0 0 0 0 0 0 0 0 0 0 0 0 0 0 0 0 0 0 0 0 0 0 0 0 0
 0 0 0 0 0 0 0 0 0 0 0 0 0 0 0 0 0 0 0 0 0 0 0 0 0 0 0 0 0 0 0 0 0 0 0 0
 0 0 0 0 0 0 0 0 0 0 0 0 0 0 0 0 0 0 0 0 0 0 0 0 0 0 0 0 0 0 0 0 0 0 0 0
 0 0 0 0 0 0 0 0 0 0 0 0 0 0 0 0 0 0 0 0 0 0 0 0 0 0 0 0 0 0 0 0 0 0 0 0
 0 0 0 0 0 0 0 0 0 0 0 0 0 0 0 0 0 0 0 0 0 0 0 0 0 0 0 0 0 0 0 0 0 0 0 0
 0 0 0 0 0 0 0 0 0 0 0 0 0 0 0 0 0 0 0 0 0 0 0 0 0 0 0 0 0 0 0 0 0 0 0 0
 0 0 0 0 0 0 0 0 0 0 0 0 0 0 0 0 0 0 0 0 0 0 0 0 0 0 0 0 0 0 0 0 0 0 0 0
 0 0 0 0 0 0 0 0 0 0 0 0 0 0 0 0 0 0 0 0 0 0 0 0 0 0 0 0 0 0 0 0 0 0 0 0
 0 0 0 0 0 0 0 0 0 0 0 0 0 0 0 0 0 0 0 0 0 0 0 0 0 0 0 0 0 0 0 0 0 0 0 0
 0 0 0 0 0 0 0 0 1.78061e-05 0.00172719 0.00360574 0.0105946 0.0120993 0.0124554 0.0147524 0.0171206 0.0266825 0.0428682 0.0675386 0.121331 0.153587 0.119568 0.100827 0.0573624 0.0630603 0.0341343 0.0324427 0.0444173 0.0211091 0.0280891 0.0125444 0.00206551 0 0 0 0
 0 0 0 0 0 0 0 0 0 0 0 0 0 0 0 0 0 0 0 0 0 0 0 0 0 0 0 0 0 0 0 0 0 0 0 0
 0 0 0 0 0 0 0.0133647 0.0140871 0.0187388 0.0205184 0.03894 0.0496705 0.03968 0.0493445 0.0407372 0.0367815 0.0215668 0.0243155 0.0234873 0.0199281 0.019796 0.0243948 0.0301388 0.0376714 0.0412746 0.0863199 0.0771752 0.113111 0.0741005 0.0525337 0.0229764 0.00759418 0.00175318 0 0 0
 0 0 0 0 0 0 0 0 0 0 0.00219441 0.00772107 0.0458388 0.0604681 0.0671733 0.0775358 0.0609151 0.0617685 0.073594 0.0568108 0.0755445 0.0548602 0.0670107 0.0636378 0.0643287 0.046367 0.0373049 0.0286899 0.0247887 0.0153202 0.00654259 0.00121912 0.000365735 0 0 0
 0 0 0 0 0 0 0 0 0 0 0 0 0.000112435 0.00938835 0.0111873 0.0202946 0.0414886 0.0713402 0.111592 0.104902 0.108894 0.110636 0.117776 0.105296 0.107544 0.0401394 0.0192827 0.0124803 0.00416011 0.0028671 0.000618394 0 0 0 0 0
 0 0 0 0 0 0 0 0 0 0 0.00291406 0.0102884 0.027416 0.0768956 0.0749926 0.110853 0.0956884 0.0897413 0.0766577 0.0534642 0.0500743 0.0551293 0.0594112 0.0620874 0.0668451 0.0424026 0.0208742 0.0120726 0.0048766 0.00582813 0.00118941 0.000297354 0 0 0 0
 0 0.00264628 0.0354308 0.0461629 0.0458689 0.0383711 0.0214643 0.0164657 0.0346957 0.0420465 0.0363128 0.0245516 0.0311673 0.0291091 0.0169068 0.0133784 0.00837989 0.0085269 0.0148486 0.0160247 0.0276389 0.0546898 0.0760071 0.122758 0.109233 0.0665981 0.0333725 0.0166128 0.00676272 0.00308733 0.000882094 0 0 0 0 0
 0 0 0 0 0 0 0 0.000805153 0.000690131 0.00759144 0.0133425 0.0154129 0.00931677 0.000345066 0.00356568 0.00563607 0.00851162 0.0253048 0.0502646 0.0516448 0.0657925 0.0565908 0.0611916 0.0827007 0.0866115 0.110766 0.145733 0.0935128 0.0569358 0.0249597 0.0138026 0.00621118 0.00161031 0.00115022 0 0
 0 0 0 0 0 0 0 0 0 0 0 0 0 0 0 0 0 0 0 0 0 0 0 0 0 0 0 0 0 0 0 0 0 0 0 0
 0.00147267 0.00158595 0.00478618 0.00569244 0.00954404 0.0108468 0.00647125 0.017049 0.0510054 0.094081 0.124002 0.0959785 0.0687766 0.0820023 0.061753 0.0591476 0.0492212 0.0479892 0.0443925 0.0268479 0.0217502 0.0140895 0.0121071 0.0120363 0.00920419 0.00665534 0.0049561 0.00860946 0.00930331 0.0156896 0.0114698 0.00855282 0.00243557 0.00046729 0 2.83206e-05
 0 0 0 0 0.000772559 0.00158375 0.000888443 0.00281984 0.00712685 0.0440552 0.0773331 0.111326 0.0921469 0.0852325 0.0710754 0.0886704 0.0786465 0.0553345 0.0373146 0.0185414 0.00753245 0.00457741 0.012979 0.0271748 0.0457355 0.0583668 0.034881 0.0177882 0.00938659 0.00492506 0.0015258 0.00185414 0.000309023 5.79419e-05 3.86279e-05 0
 0 0.00173294 0.00326652 0 0.00397197 0.00683976 0.00946217 0.0152591 0.00757587 0.0136028 0.0228656 0.0392903 0.0559909 0.0764795 0.0681675 0.0726916 0.0566044 0.0477403 0.0527397 0.0444891 0.0609904 0.0582453 0.0661739 0.0445044 0.0529084 0.0360697 0.0280645 0.0235558 0.0158879 0.00826598 0.00280645 0.00217768 0.000904811 0.00058276 9.20147e-05 0
 0 0 0 0 0 0 0 0 0 0 0 0 0 0 0 0 0 0 0 0 0 0 0 0 0 0 0 0 0 0 0 0 0 0 0 0
 0 0 0 0 0 0 0 0 0 0 0 0 0 0 0 0 0 0 0 0 0 0 0 0 0 0 0 0 0 0 0 0 0 0 0 0
 0 0 0 0 0 0 0 0 0 0 0 0 0 0 0 0 0 0 0 0 0 0 0 0 0 0 0 0 0 0 0 0 0 0 0 0
ppred_pel_tallas
 1.08782e-16 1.12519e-06 6.52127e-06 3.08286e-05 0.000118406 0.00036897 0.000932505 0.00191208 0.00318499 0.00432439 0.00482993 0.0045559 0.00390726 0.00358775 0.00419569 0.00605682 0.00931506 0.0140488 0.020272 0.0278541 0.0364476 0.0454783 0.0542113 0.0618759 0.0678126 0.0715924 0.0730746 0.0723856 0.0698391 0.0658322 0.0607567 0.0549513 0.0486959 0.042229 0.0357727 0.0295416
 1.20097e-16 2.0845e-06 1.21919e-05 5.78731e-05 0.00022268 0.000694247 0.00175363 0.00358907 0.00595312 0.00800676 0.00874448 0.00778877 0.00574234 0.0036954 0.00245767 0.00226675 0.00302376 0.00461909 0.00706651 0.0104739 0.0149682 0.020632 0.0274583 0.0353182 0.043941 0.0529111 0.0616877 0.0696476 0.0761527 0.0806319 0.0826648 0.0820491 0.0788374 0.0733301 0.0660311 0.0575683
 1.29466e-16 1.16997e-06 6.81827e-06 3.2316e-05 0.000124262 0.00038733 0.000978486 0.00200361 0.00332719 0.00448661 0.00493067 0.0044644 0.00344821 0.00252608 0.00219886 0.00265921 0.00391528 0.0059593 0.00882649 0.0125654 0.0171913 0.02266 0.0288661 0.0356569 0.0428491 0.0502369 0.0575871 0.0646236 0.0710131 0.0763681 0.080276 0.0823549 0.0823238 0.0800656 0.075667 0.0694188
 1.23421e-16 1.19572e-05 7.01549e-05 0.000333439 0.00128368 0.00400296 0.0101111 0.0206891 0.0342962 0.0460643 0.0501414 0.0442625 0.0317601 0.0186916 0.00937431 0.00467359 0.00334951 0.00394937 0.00563171 0.0080933 0.011275 0.0151703 0.0197489 0.024935 0.0306041 0.0365807 0.042637 0.0484931 0.053824 0.0582803 0.0615216 0.063262 0.0633161 0.0616341 0.0583174 0.05361
 1.03058e-16 3.47024e-05 0.000203684 0.000968241 0.00372781 0.0116249 0.0293634 0.0600809 0.099589 0.13374 0.14552 0.128324 0.0917811 0.0534078 0.0256276 0.0107916 0.0050852 0.00402889 0.00488515 0.00647006 0.00833223 0.0102362 0.0119838 0.0133958 0.0143403 0.0147601 0.014682 0.0142019 0.0134529 0.0125676 0.0116474 0.0107481 0.00988247 0.00903481 0.00818013 0.00730043
 1.01402e-16 1.38442e-05 8.11813e-05 0.000385745 0.00148488 0.00463023 0.0116962 0.0239364 0.0396938 0.0533577 0.0581955 0.0516461 0.0376536 0.0233536 0.0139086 0.0105078 0.011879 0.0164054 0.0229945 0.0309215 0.0394636 0.047729 0.0547067 0.0594472 0.0612771 0.0599628 0.0557675 0.0493746 0.0417131 0.0337395 0.0262498 0.0197679 0.0145252 0.0105115 0.00756392 0.00545497
 1.01009e-16 3.70911e-05 0.00021771 0.00103493 0.00398459 0.0124256 0.031386 0.0642191 0.106447 0.142945 0.155527 0.137123 0.098021 0.0569307 0.0271161 0.0110714 0.00470144 0.00320665 0.00366172 0.00482017 0.00623846 0.00771987 0.00911322 0.0102785 0.0111027 0.0115197 0.0115205 0.0111478 0.0104789 0.00960479 0.00861046 0.0075645 0.00651662 0.00550128 0.0045434 0.00366272
 1.00538e-16 2.57321e-05 0.000150996 0.000717698 0.00276307 0.00861627 0.0217643 0.0445346 0.0738286 0.0991723 0.107978 0.0953858 0.0685879 0.0406483 0.0208838 0.0111645 0.00878579 0.0105074 0.0142904 0.0191155 0.0243558 0.0294128 0.033649 0.0364738 0.0374722 0.0365059 0.0337483 0.0296362 0.0247588 0.0197215 0.0150264 0.0110022 0.00779113 0.00538116 0.00366195 0.00248167
 1.01029e-16 2.91654e-05 0.000171163 0.000813599 0.00313235 0.00976789 0.0246731 0.0504853 0.0836883 0.112402 0.122342 0.10798 0.077437 0.0454782 0.0226047 0.0108654 0.00712744 0.00767647 0.010213 0.0136701 0.0175113 0.0213057 0.0246114 0.0270135 0.0282071 0.0280661 0.0266692 0.0242714 0.0212347 0.0179409 0.0147161 0.0117857 0.00926575 0.0071815 0.00550022 0.00416298
 1.00722e-16 3.15349e-05 0.000185077 0.000879756 0.00338708 0.0105623 0.0266796 0.0545905 0.0904919 0.121534 0.13227 0.116711 0.0836302 0.0489783 0.024089 0.0111525 0.00675505 0.00686 0.0089747 0.0119612 0.0152815 0.0185365 0.0213308 0.0232985 0.0241763 0.0238641 0.0224468 0.020168 0.0173648 0.0143886 0.0115352 0.00900385 0.00688956 0.00520139 0.00389364 0.00289698
 1.01021e-16 2.28773e-05 0.000134232 0.000637997 0.00245618 0.00765926 0.019347 0.039589 0.065632 0.0881691 0.0960167 0.0848632 0.0611176 0.0364142 0.0190648 0.0107674 0.00915411 0.0113723 0.015617 0.0209581 0.0267769 0.0324452 0.0372789 0.040636 0.0420558 0.0413681 0.0387324 0.0345889 0.0295437 0.0242261 0.0191648 0.0147138 0.011039 0.00815025 0.00595795 0.00432924
 1.01882e-16 2.25715e-05 0.000132441 0.000629492 0.00242345 0.00755721 0.0190892 0.039061 0.0647557 0.0869884 0.094722 0.0836976 0.0602321 0.0357949 0.0185745 0.0102326 0.00842261 0.0103279 0.0141809 0.0190985 0.0245256 0.029914 0.0346631 0.0381988 0.0400926 0.0401575 0.0384842 0.0354041 0.0313959 0.0269689 0.022561 0.0184793 0.0148882 0.0118348 0.00929159 0.0071975
 1.00859e-16 3.37154e-05 0.000197884 0.000940652 0.00362157 0.0112935 0.0285265 0.0583691 0.0967533 0.129937 0.141397 0.124723 0.0892813 0.0521059 0.0252889 0.0111404 0.00597981 0.00547103 0.00695087 0.009237 0.0118257 0.0143937 0.016638 0.018279 0.0191116 0.019051 0.0181495 0.0165776 0.0145767 0.012401 0.0102666 0.00832181 0.00664189 0.00524196 0.00409946 0.00317565
 1.00142e-16 3.83162e-05 0.0002249 0.00106911 0.00411617 0.0128359 0.0324225 0.06634 0.109963 0.147669 0.160671 0.14167 0.101295 0.0588811 0.0281344 0.0116378 0.00516373 0.00375051 0.00436243 0.00568499 0.00722044 0.00871796 0.00997521 0.0108151 0.0111141 0.0108308 0.0100159 0.0087982 0.0073518 0.00585584 0.0044593 0.00326009 0.00230115 0.00157982 0.00106425 0.000710105
 1.00084e-16 3.78195e-05 0.000221983 0.00105523 0.00406276 0.0126694 0.0320017 0.0654792 0.108537 0.145755 0.158592 0.139846 0.100011 0.0581738 0.0278703 0.0116558 0.00536424 0.00410219 0.00487243 0.00636942 0.00808567 0.00975051 0.0111378 0.0120485 0.0123446 0.0119817 0.01102 0.00960807 0.00794604 0.00623892 0.00465672 0.00331056 0.00224805 0.00146413 0.000919863 0.000561815
 1.00227e-16 3.11354e-05 0.000182728 0.00086858 0.00334404 0.010428 0.0263405 0.0538971 0.0893436 0.119996 0.130604 0.115262 0.0826395 0.0484924 0.0240246 0.0114138 0.00730306 0.00771369 0.0101778 0.0135463 0.0172422 0.0208087 0.0237867 0.0257558 0.0264216 0.0256873 0.0236779 0.0207067 0.0171958 0.0135786 0.0102154 0.00734213 0.00506138 0.00336466 0.00217222 0.00137362
 1.00634e-16 2.89621e-05 0.000169966 0.000807906 0.00311042 0.0096995 0.0245003 0.0501321 0.0831038 0.111619 0.121498 0.107251 0.0769514 0.0452669 0.0226359 0.0111048 0.00757289 0.00835627 0.0111652 0.014919 0.0190473 0.023072 0.0264997 0.028872 0.0298608 0.0293454 0.0274404 0.0244607 0.02084 0.0170285 0.0134048 0.0102229 0.00760185 0.00554919 0.0040006 0.00286023
 1.00806e-16 2.92771e-05 0.000171817 0.000816709 0.00314432 0.00980522 0.0247674 0.0506783 0.0840087 0.112833 0.122815 0.108403 0.0777547 0.0456932 0.0227636 0.0110269 0.00734142 0.00797915 0.0106275 0.0142049 0.0181557 0.0220253 0.0253476 0.0276881 0.0287335 0.0283637 0.0266789 0.0239673 0.0206292 0.0170819 0.0136776 0.0106543 0.00812689 0.00610773 0.00454412 0.0033547
 1.01424e-16 2.07476e-05 0.000121727 0.000578539 0.00222725 0.00694532 0.0175437 0.0358994 0.0595174 0.0799607 0.0870935 0.077014 0.0555463 0.0332588 0.0177135 0.0104803 0.00944302 0.0120379 0.0166339 0.0223666 0.0286219 0.0347478 0.0400235 0.0437681 0.045487 0.0449879 0.0424227 0.0382377 0.033055 0.0275243 0.0221948 0.0174388 0.0134375 0.010214 0.00769059 0.00574578
 1.02055e-16 2.5269e-05 0.000148284 0.000704826 0.00271353 0.00846183 0.0213741 0.0437356 0.0725018 0.0973836 0.106014 0.0936104 0.0672243 0.0396666 0.0200632 0.0102249 0.00747476 0.00862595 0.0116997 0.0157572 0.0202848 0.024827 0.0288961 0.0320236 0.0338533 0.0342172 0.0331674 0.0309467 0.0279177 0.0244712 0.0209477 0.0175916 0.0145421 0.0118527 0.00952285 0.00752796
 1.01511e-16 2.70249e-05 0.000158593 0.000753836 0.00290223 0.00905028 0.0228605 0.0467768 0.0775426 0.104152 0.113377 0.100098 0.0718529 0.0423365 0.021299 0.0106638 0.00755278 0.00854255 0.0115052 0.015432 0.0197789 0.0240757 0.0278285 0.0305718 0.031964 0.0318638 0.0303602 0.027739 0.0244046 0.0207819 0.0172312 0.0139989 0.0112086 0.00888323 0.00698333 0.00544295
 1.01844e-16 2.16785e-05 0.000127195 0.000604546 0.0023274 0.00725765 0.0183326 0.0375132 0.062191 0.0835473 0.0909858 0.0804219 0.0579306 0.0345393 0.018128 0.0103122 0.0088564 0.0110671 0.0152441 0.0205161 0.0263037 0.0320146 0.0369971 0.0406318 0.0424628 0.0423018 0.0402668 0.0367391 0.0322584 0.0273929 0.0226258 0.0182889 0.0145502 0.0114432 0.0089166 0.00688247
 1.02162e-16 2.48676e-05 0.000145927 0.000693618 0.00267038 0.00832724 0.0210341 0.0430401 0.0713492 0.0958367 0.104333 0.0921335 0.0661795 0.039082 0.0198266 0.0102007 0.00757572 0.00881932 0.0119844 0.0161419 0.0207748 0.0254177 0.029571 0.0327547 0.0346053 0.0349533 0.0338553 0.0315641 0.0284543 0.0249283 0.0213354 0.0179241 0.014834 0.0121154 0.00976365 0.00774969
 1.01772e-16 2.45647e-05 0.000144146 0.000685141 0.00263773 0.00822542 0.020777 0.0425142 0.0704786 0.0946706 0.103073 0.0910415 0.0654412 0.0387383 0.0198215 0.0104713 0.00810434 0.00963249 0.0131252 0.017639 0.0226172 0.0275384 0.0318417 0.0349958 0.0366098 0.0365211 0.0348296 0.0318593 0.0280702 0.0239453 0.0198952 0.0162007 0.0130034 0.0103309 0.00813982 0.00635689
 1.03699e-16 1.31534e-06 7.61198e-06 3.59571e-05 0.000138057 0.000430181 0.00108746 0.00223122 0.00372175 0.00506853 0.00570101 0.00546986 0.00487818 0.0047901 0.00595789 0.0088178 0.0135764 0.0203179 0.0289733 0.0392041 0.0503148 0.0612737 0.0708559 0.0778815 0.0814779 0.0812803 0.0775061 0.0708732 0.0624026 0.0531704 0.0440931 0.0358024 0.0286207 0.0226176 0.017703 0.013718
pSPR Fmed_Fpbrs
0.32292   0.6 0.325
Fs Fmed_Fpbrs
1.45108   0.417439 1.43502
SSBpbr Bo_Bmed_Bpbrs
905968  247256  498282 249141
Ro
15994.5
SPR SPRFo_SPRFmed_SPRFpbrs
329639 106447 107133
log_Ro
9.5
likeval ReclasPelacesDesembMPH_pf_preclas_ppelaces_ptallas_desvR_qrecl_qpela
 68.765 12.0294 0.241271 0.000161102 348.722 198.941 75.0532 0 51.9809 0.000201789 0.000730144 2.41768e-15 0 0 0
q_reclas_q_pelaces
7.48533 46.726
M
0.7
N
 7992.7 43838 17944.2 2366.83 0.105444
 10980.8 3915.36 18838.5 7488.47 987.154
 1471.04 5326.4 1515.49 6932.58 3115.69
 4233.73 655.736 840.878 189.66 1251.32
 38703.8 1916.12 121.629 127.748 217.981
 12274.9 18713.1 716.577 42.9452 121.921
 64585.9 5321.56 2198.83 62.8694 14.3744
 55127.7 27773 573.519 173.869 6.06791
 59129.4 23933.3 3312.56 51.2312 15.9753
 111668 24779.1 1961.53 188.441 3.79362
 68008.3 49234.8 3481.97 213.409 20.8016
 50403.1 28903.5 4684.72 237.025 15.8305
 55920.7 21741.9 3219.91 385.491 20.6736
 29395.7 22012.4 916.893 82.3749 10.2815
 11919.9 9917.05 180.538 3.27353 0.325025
 8834.27 4035.65 84.4631 0.674482 0.0132113
 7096.56 3631.58 269.649 3.7583 0.0303377
 8670.22 2930.8 254.892 12.7301 0.177366
 7130.35 3739.85 326.366 20.9641 1.05481
 8023.99 3216.43 669.741 47.5314 3.19279
 14707.3 3475.83 374.691 58.1535 4.37705
 17116.6 6757.94 757.232 69.0745 11.4868
 24866.5 7858.3 1458.95 138.079 14.6376
 27448.3 11156.9 1329.28 198.395 20.6714
 573.587 12125.6 1600.5 148.26 24.3034
pred_Ctot
 77.8354 4279.98 2080.67 275.344 0.0122675
 183.471 629.997 3569.05 1423.15 187.615
 108.946 2784.61 879.261 4029.82 1811.17
 271.229 312.195 448.221 101.306 668.414
 734.915 345.84 25.7768 27.1565 46.3406
 1129.69 11115.7 465.662 27.9527 79.36
 6278.38 3256.11 1466.32 41.9901 9.60084
 5023.94 16408 370.928 112.634 3.93098
 6703.48 15823.5 2361.26 36.5673 11.4029
 9067.25 13700.3 1196.48 115.149 2.3182
 7114.12 31292.8 2399.65 147.286 14.3568
 4799.89 17491.5 3094.26 156.801 10.4727
 8449.66 16220.6 2538.42 304.192 16.3139
 6930.2 18650.3 800.129 71.9209 8.97677
 2788.41 8388.34 157.339 2.85435 0.283407
 1105.95 2791.72 62.5534 0.500121 0.00979626
 868.329 2486.94 198.015 2.76327 0.0223061
 825.875 1773.87 168.376 8.42242 0.117352
 472.411 1820.58 177.526 11.4266 0.574952
 742.627 1916.49 436.406 31.0214 2.08384
 793.513 1469.83 179.098 27.8599 2.09702
 933.341 2879.37 364.483 33.3232 5.54175
 1735.56 3956.99 818.299 77.5993 8.2265
 2194.12 6111.33 804.115 120.23 12.5276
 54.7338 7346.04 1058.14 98.1729 16.0933
F
 0.0136228 0.144597 0.173905 0.174525 0.174536
 0.0234748 0.249169 0.299672 0.300741 0.300759
 0.107966 1.14598 1.37826 1.38317 1.38326
 0.092779 0.984785 1.18439 1.18861 1.18868
 0.0267161 0.283573 0.341049 0.342265 0.342286
 0.135788 1.4413 1.73343 1.73961 1.73972
 0.143931 1.52773 1.83738 1.84393 1.84405
 0.134379 1.42634 1.71544 1.72156 1.72167
 0.169728 1.80155 2.16669 2.17442 2.17455
 0.118934 1.2624 1.51827 1.52368 1.52378
 0.155667 1.65229 1.98719 1.99427 1.9944
 0.140811 1.49461 1.79754 1.80395 1.80407
 0.232328 2.46601 2.96583 2.9764 2.97659
 0.386593 4.10342 4.93512 4.95272 4.95303
 0.383039 4.0657 4.88975 4.90719 4.90749
 0.188971 2.0058 2.41235 2.42095 2.4211
 0.184334 1.95658 2.35315 2.36154 2.36169
 0.140849 1.49501 1.79803 1.80444 1.80455
 0.096088 1.01991 1.22663 1.231 1.23108
 0.136601 1.44993 1.74381 1.75002 1.75013
 0.0776235 0.82392 0.990916 0.994449 0.994511
 0.0784794 0.833004 1.00184 1.00541 1.00548
 0.10146 1.07693 1.29521 1.29983 1.29991
 0.116988 1.24174 1.49343 1.49875 1.49884
 0.141115 1.49784 1.80143 1.80786 1.80797
nmprior
 10 11 7 0
nm_flota  nm_reclas  nm_pelaces    nm_pelaL
inf 20.2939 10.0276 15.9014
cv_recla  cv_pelaces  cv_mph
0.750082 0.408118 0.411802
 ------------------------------------------------
Talla a la edad & desviación 
 7.2 14.2025 17.0495 18.207 18.6776
 1.08 2.13037 2.55742 2.73105 2.80164
