years
 1997 1998 1999 2000 2001 2002 2003 2004 2005 2006 2007 2008 2009 2010 2011 2012 2013 2014 2015 2016 2017 2018 2019 2020 2021
reclasobs
 0 0 0 370054 412103 1.49427e+06 250295 1.28982e+06 931140 785840 897777 1.04006e+06 184774 17550 25797 100020 73551 82996 120727 218422 84188 347160 605670 569463 516374
reclaspred
 1.07544e+06 246000 689761 393967 488253 627892 1.30041e+06 972954 1.18841e+06 1.24646e+06 1.13657e+06 776659 450665 207050 138813 139050 169148 240195 264502 353171 551858 544360 873547 964334 1.18561e+06
pelacesobs
 0 0 0 0 0 0 0 0 0 2.06254e+06 1.5e+06 0 1.87456e+06 323000 250000 174000 83755 137374 0 501740 490994 745055 786931 1.00524e+06 0
pelacespred
 669722 238719 245386 277803 293821 296984 665093 640926 684862 746925 591789 418008 238999 88385.4 59025.6 67515.7 86100.6 123567 143707 185027 315904 326459 397745 522317 646674
mphobs
 0 0 0 0 0 112323 0 153150 637223 0 255016 313432 73983 77613 109348 50772 0 0 0 0 0 0 0 0 0
mphpred
 749845 434946 418368 422644 375404 550857 787567 1.0282e+06 969468 1.11154e+06 1.15014e+06 818416 502779 266213 127813 114540 131783 183257 229740 262141 405576 512647 616328 789677 1.04939e+06
desembarqueobs
 350755 77701 442110 56441 14545 235359 269955 359681 431902 328805 639364 411747 362871 311530 167758 66681 60226 58785 57116 71774 51957 67425 138520 160799 200461
desembarquepred
 350775 77709 442237 56446.3 14545.3 235450 269998 359678 431908 328791 639538 411984 363088 311862 167767 66698.3 60251.3 58791.3 57116.1 71772.7 51957.6 67420.8 138523 160811 200475
Reclutas
 49030.9 49334.6 27736.5 31553.4 58398.4 46738.1 88552 91157.8 128044 133112 72335.6 41995.3 46037.1 28765.2 20330.4 17825.1 15303.4 16904.3 18216.3 33097.4 46823 51130.4 72243 83571.8 57105.6
log_desv_Rt
 0.100205 0.106381 -0.469497 -0.340563 0.275043 0.052314 0.691345 0.720347 1.06013 1.09895 0.489071 -0.0546873 0.0372025 -0.433079 -0.780127 -0.91164 -1.06417 -0.964676 -0.889929 -0.29279 0.0541289 0.142135 0.487791 0.633461 0.252658
SSB
 749845 434946 418368 422644 375404 550857 787567 1.0282e+06 969468 1.11154e+06 1.15014e+06 818416 502779 266213 127813 114540 131783 183257 229740 262141 405576 512647 616328 789677 1.04939e+06
BT
 2.21622e+06 587715 869711 645080 691038 774004 1.95494e+06 1.84104e+06 2.10061e+06 2.02233e+06 1.83191e+06 1.24607e+06 887664 487697 290542 208763 251155 328735 349489 486445 794023 717826 926141 1.25476e+06 1.46281e+06
Ftot
 0.313722 0.304011 0.601289 0.139296 0.0291492 0.358816 0.201242 0.354654 0.349031 0.25474 0.53091 0.501445 0.746271 1.30824 1.0885 0.456536 0.342026 0.236592 0.208994 0.196992 0.0918169 0.120537 0.154004 0.161914 0.164064
BD_Bspro_t
 0.956561 0.75753 0.660704 0.480893 0.579388 0.725938 0.670868 0.700274 0.654914 0.637226 0.617745 0.461363 0.351359 0.250727 0.152337 0.162358 0.238806 0.379443 0.493515 0.587319 0.708461 0.799558 0.803122 0.792537 0.777711
BD_Bspro
 0.820262 0.475791 0.457656 0.462334 0.410657 0.602587 0.861527 1.12476 1.06051 1.21592 1.25814 0.895273 0.549994 0.291212 0.139815 0.125297 0.144159 0.200466 0.251315 0.286758 0.443663 0.560789 0.674206 0.863834 1.14794
BD_Bo
 0.739705 0.429064 0.41271 0.416928 0.370327 0.543407 0.776917 1.0143 0.956357 1.0965 1.13458 0.807348 0.495979 0.262612 0.126084 0.112991 0.130001 0.180778 0.226633 0.258596 0.400091 0.505715 0.607993 0.778998 1.0352
BD_Brms
 3.61383 2.09619 2.0163 2.03691 1.80923 2.65482 3.79563 4.95536 4.67229 5.35698 5.543 3.94431 2.42311 1.28299 0.615985 0.552021 0.635121 0.883194 1.10722 1.26337 1.95465 2.47067 2.97035 3.8058 5.05747
S_f
 0.5 1 1 1 1
 0.5 1 1 1 1
 0.5 1 1 1 1
 0.5 1 1 1 1
 0.5 1 1 1 1
 0.5 1 1 1 1
 0.5 1 1 1 1
 0.5 1 1 1 1
 0.5 1 1 1 1
 0.5 1 1 1 1
 0.5 1 1 1 1
 0.5 1 1 1 1
 0.5 1 1 1 1
 0.5 1 1 1 1
 0.5 1 1 1 1
 0.5 1 1 1 1
 0.5 1 1 1 1
 0.5 1 1 1 1
 0.5 1 1 1 1
 0.5 1 1 1 1
 0.5 1 1 1 1
 0.5 1 1 1 1
 0.5 1 1 1 1
 0.5 1 1 1 1
 0.5 1 1 1 1
Scru_reclas
 0.5 1 1 1 1
 0.5 1 1 1 1
 0.5 1 1 1 1
 0.5 1 1 1 1
 0.5 1 1 1 1
 0.5 1 1 1 1
 0.5 1 1 1 1
 0.5 1 1 1 1
 0.5 1 1 1 1
 0.5 1 1 1 1
 0.5 1 1 1 1
 0.5 1 1 1 1
 0.5 1 1 1 1
 0.5 1 1 1 1
 0.5 1 1 1 1
 0.5 1 1 1 1
 0.5 1 1 1 1
 0.5 1 1 1 1
 0.5 1 1 1 1
 0.5 1 1 1 1
 0.5 1 1 1 1
 0.5 1 1 1 1
 0.5 1 1 1 1
 0.5 1 1 1 1
 0.5 1 1 1 1
Scru_pelaces
 0.5 1 1 1 1
 0.5 1 1 1 1
 0.5 1 1 1 1
 0.5 1 1 1 1
 0.5 1 1 1 1
 0.5 1 1 1 1
 0.5 1 1 1 1
 0.5 1 1 1 1
 0.5 1 1 1 1
 0.5 1 1 1 1
 0.5 1 1 1 1
 0.5 1 1 1 1
 0.5 1 1 1 1
 0.5 1 1 1 1
 0.5 1 1 1 1
 0.5 1 1 1 1
 0.5 1 1 1 1
 0.5 1 1 1 1
 0.5 1 1 1 1
 0.5 1 1 1 1
 0.5 1 1 1 1
 0.5 1 1 1 1
 0.5 1 1 1 1
 0.5 1 1 1 1
 0.5 1 1 1 1
pf_obs 
 0.256992 0.487395 0.22802 0.0275931 0
 0.321318 0.546541 0.124235 0.00734118 0.000564706
 0.182869 0.594174 0.210203 0.0122559 0.00049798
 0.330522 0.361315 0.267642 0.0388342 0.00168674
 0.649043 0.306663 0.0425973 0.00169635 0
 0.582887 0.30429 0.105238 0.00758474 0
 0.465427 0.430635 0.0974691 0.00646863 0
 0.296916 0.608066 0.0921331 0.00288517 0
 0.311714 0.524322 0.152257 0.0117073 0
 0.15457 0.633149 0.183074 0.0267441 0.00246327
 0.131901 0.49318 0.331252 0.0422183 0.00144891
 0.196976 0.569456 0.194076 0.0375587 0.00193317
 0.518974 0.381816 0.0799577 0.0180837 0.00116848
 0.0928022 0.601141 0.25162 0.0475244 0.00691264
 0.122501 0.610282 0.24278 0.0234846 0.000952079
 0.383417 0.481906 0.127806 0.00687128 0
 0.0376549 0.599619 0.316969 0.0457579 0
 0.0361596 0.667082 0.258105 0.0386534 0
 0.158088 0.579412 0.248529 0.0139706 0
 0.0477256 0.309471 0.559284 0.082774 0.000745712
 0.0406174 0.521527 0.379366 0.0568643 0.0016247
 0.151134 0.462217 0.34131 0.0453401 0
 0.294876 0.26143 0.354403 0.0886775 0.000613685
 0.281977 0.475581 0.204845 0.0348837 0.00271318
 0 0 0 0 0
pf_pred 
 0.515698 0.344083 0.125597 0.0146166 5.73529e-06
 0.469381 0.371337 0.113165 0.0413073 0.00480913
 0.329116 0.442003 0.160176 0.0488135 0.0198923
 0.462585 0.290091 0.162946 0.0590496 0.0253287
 0.563371 0.280175 0.0844522 0.0474376 0.0245645
 0.389098 0.441286 0.108838 0.0328069 0.0279704
 0.582615 0.244441 0.124926 0.0308116 0.0172057
 0.479945 0.388614 0.0769785 0.0393412 0.0151215
 0.549688 0.302446 0.110493 0.021887 0.0154852
 0.489888 0.372278 0.0925746 0.0338204 0.0114391
 0.318328 0.459354 0.162247 0.040346 0.0197251
 0.306156 0.362215 0.223473 0.0789321 0.0292242
 0.454099 0.276009 0.140895 0.0869267 0.0420708
 0.439593 0.378625 0.091909 0.046917 0.0429552
 0.542002 0.322281 0.0916935 0.022258 0.0217648
 0.562407 0.336292 0.0712831 0.020281 0.0097371
 0.465484 0.39878 0.104314 0.0221113 0.0093113
 0.477319 0.343853 0.133415 0.0348992 0.0105127
 0.457987 0.35855 0.120694 0.0468295 0.0159398
 0.576345 0.272012 0.100314 0.0337675 0.0175614
 0.543409 0.338849 0.0755974 0.0278792 0.0142653
 0.456068 0.385935 0.117254 0.0261595 0.0145836
 0.497746 0.318617 0.130296 0.0395862 0.0137553
 0.467665 0.358967 0.10998 0.0449756 0.0184125
 0.333668 0.431681 0.158231 0.048479 0.0279413
pobs_RECLAS
 0 0 0 0 0
 0 0 0 0 0
 0 0 0 0 0
 0 0 0 0 0
 0.835266 0.146461 0.0176864 0.000547809 3.91292e-05
 0.385257 0.428462 0.181853 0.0044286 0
 0.867414 0.0963971 0.0333333 0.00285562 0
 0.441836 0.489002 0.0689373 0.000224442 0
 0.779404 0.147425 0.0564933 0.0165055 0.000172143
 0.814271 0.122319 0.05973 0.00367925 0
 0.40263 0.566651 0.0304383 0.000280538 0
 0.475488 0.404961 0.113038 0.00651328 0
 0.955842 0.0263864 0.0167828 0.000988607 0
 0.975058 0.0227948 0.00214734 0 0
 0.738997 0.206755 0.0527124 0.00153531 0
 0.850938 0.134255 0.0134407 0.00136685 0
 0.542534 0.407297 0.0501686 0 0
 0.764087 0.199537 0.0359546 0.000420521 0
 0.470689 0.182191 0.310203 0.0369168 0
 0.84361 0.089868 0.0606195 0.00523954 0.000663233
 0.607945 0.314616 0.071237 0.00620181 0
 0.523733 0.453247 0.0230204 0 0
 0.530135 0.295979 0.169645 0.0042399 0
 0.562478 0.366248 0.0663022 0.0049721 0
 0.250443 0.683176 0.0655157 0.000865301 0
ppred_RECLAS
 0.518707 0.341945 0.124817 0.0145258 5.69966e-06
 0.472269 0.369317 0.112549 0.0410826 0.00478296
 0.335374 0.437879 0.158682 0.0483581 0.0197067
 0.463733 0.289471 0.162598 0.0589234 0.0252746
 0.563585 0.280037 0.0844109 0.0474143 0.0245525
 0.392494 0.438833 0.108233 0.0326245 0.0278149
 0.584329 0.243438 0.124413 0.0306851 0.0171351
 0.483454 0.385992 0.0764591 0.0390758 0.0150194
 0.553095 0.300158 0.109657 0.0217214 0.015368
 0.492221 0.370576 0.0921513 0.0336658 0.0113868
 0.323518 0.455857 0.161012 0.0400389 0.0195749
 0.310861 0.359759 0.221957 0.0783968 0.0290261
 0.463572 0.271219 0.13845 0.0854182 0.0413407
 0.461241 0.364 0.0883588 0.0451047 0.041296
 0.558385 0.310753 0.0884136 0.0214619 0.0209863
 0.567194 0.332613 0.0705033 0.0200592 0.00963058
 0.468826 0.396286 0.103662 0.021973 0.00925308
 0.47945 0.342451 0.132871 0.0347569 0.0104698
 0.459817 0.357339 0.120287 0.0466714 0.015886
 0.578023 0.270935 0.0999168 0.0336338 0.0174919
 0.544132 0.338312 0.0754778 0.0278351 0.0142427
 0.457043 0.385243 0.117044 0.0261126 0.0145575
 0.49904 0.317796 0.12996 0.0394843 0.0137199
 0.46903 0.358046 0.109699 0.0448603 0.0183653
 0.334906 0.430879 0.157937 0.048389 0.0278893
pobs_PELACES
 0 0 0 0 0
 0 0 0 0 0
 0 0 0 0 0
 0 0 0 0 0
 0 0 0 0 0
 0 0 0 0 0
 0 0 0 0 0
 0 0 0 0 0
 0 0 0 0 0
 0 0 0 0 0
 0.450072 0.473896 0.0757376 0.000293798 0
 0 0 0 0 0
 0.463077 0.371075 0.160297 0.00555027 0
 0.529543 0.364841 0.0842815 0.0213345 0
 0.631943 0.363953 0.00410389 0 0
 0.735681 0.248677 0.0153453 0.000297389 0
 0.695825 0.281241 0.0229344 0 0
 0.275771 0.60734 0.115278 0.00161068 0
 0 0 0 0 0
 0.896147 0.0623911 0.0374545 0.00400742 0
 0.803859 0.145111 0.0509908 3.86294e-05 0
 0.739449 0.233085 0.0266225 0.000797448 4.60066e-05
 0.878498 0.100942 0.0204185 0.000141795 0
 0.694673 0.275183 0.0284847 0.00165964 0
 0 0 0 0 0
ppred_PELACES
 0.531614 0.332775 0.121469 0.0141363 5.5468e-06
 0.484785 0.360557 0.10988 0.0401082 0.00466952
 0.357837 0.42308 0.153319 0.0467238 0.0190407
 0.469453 0.286383 0.160864 0.0582949 0.025005
 0.564767 0.279279 0.0841822 0.0472858 0.024486
 0.406697 0.428573 0.105703 0.0318618 0.0271646
 0.592371 0.238728 0.122006 0.0300915 0.0168036
 0.498077 0.375065 0.0742945 0.0379695 0.0145942
 0.567283 0.290629 0.106176 0.0210318 0.0148801
 0.502728 0.362907 0.0902444 0.0329691 0.0111512
 0.342978 0.442743 0.15638 0.0388871 0.0190118
 0.328857 0.350364 0.216161 0.0763496 0.0282681
 0.494291 0.255688 0.130521 0.0805267 0.0389733
 0.515123 0.327596 0.0795218 0.0405937 0.0371659
 0.602097 0.279994 0.0796622 0.0193375 0.018909
 0.585584 0.31848 0.0675076 0.0192069 0.00922137
 0.4829 0.385786 0.100915 0.0213908 0.0090079
 0.4892 0.336037 0.130383 0.034106 0.0102738
 0.468393 0.351665 0.118377 0.0459304 0.0156338
 0.58593 0.265858 0.0980445 0.0330035 0.0171641
 0.547887 0.335525 0.074856 0.0276058 0.0141254
 0.461982 0.381738 0.115979 0.0258751 0.014425
 0.505393 0.313766 0.128312 0.0389836 0.0135459
 0.475688 0.353556 0.108323 0.0442977 0.018135
 0.340962 0.426955 0.156499 0.0479483 0.0276354
pobs_pel_tallas
 0 0 0 0 0 0 0 0 0 0 0 0 0 0 0 0 0 0 0 0 0 0 0 0 0 0 0 0 0 0 0 0 0 0 0 0
 0 0 0 0 0 0 0 0 0 0 0 0 0 0 0 0 0 0 0 0 0 0 0 0 0 0 0 0 0 0 0 0 0 0 0 0
 0 0 0 0 0 0 0 0 0 0 0 0 0 0 0 0 0 0 0 0 0 0 0 0 0 0 0 0 0 0 0 0 0 0 0 0
 0 0 0 0 0 0 0 0 0 0 0 0 0 0 0 0 0 0 0 0 0 0 0 0 0 0 0 0 0 0 0 0 0 0 0 0
 0 0 0 0 0 0 0 0 0 0 0 0 0 0 0 0 0 0 0 0 0 0 0 0 0 0 0 0 0 0 0 0 0 0 0 0
 0 0 0 0 0 0 0 0 0 0 0 0 0 0 0 0 0 0 0 0 0 0 0 0 0 0 0 0 0 0 0 0 0 0 0 0
 0 0 0 0 0 0 0 0 0 0 0 0 0 0 0 0 0 0 0 0 0 0 0 0 0 0 0 0 0 0 0 0 0 0 0 0
 0 0 0 0 0 0 0 0 0 0 0 0 0 0 0 0 0 0 0 0 0 0 0 0 0 0 0 0 0 0 0 0 0 0 0 0
 0 0 0 0 0 0 0 0 0 0 0 0 0 0 0 0 0 0 0 0 0 0 0 0 0 0 0 0 0 0 0 0 0 0 0 0
 0 0 0 0 0 0 0 0 0 0 0 0 0 0 0 0 0 0 0 0 0 0 0 0 0 0 0 0 0 0 0 0 0 0 0 0
 0 0 0 0 0 0 0 0 1.78061e-05 0.00172719 0.00360574 0.0105946 0.0120993 0.0124554 0.0147524 0.0171206 0.0266825 0.0428682 0.0675386 0.121331 0.153587 0.119568 0.100827 0.0573624 0.0630603 0.0341343 0.0324427 0.0444173 0.0211091 0.0280891 0.0125444 0.00206551 0 0 0 0
 0 0 0 0 0 0 0 0 0 0 0 0 0 0 0 0 0 0 0 0 0 0 0 0 0 0 0 0 0 0 0 0 0 0 0 0
 0 0 0 0 0 0 0.0133647 0.0140871 0.0187388 0.0205184 0.03894 0.0496705 0.03968 0.0493445 0.0407372 0.0367815 0.0215668 0.0243155 0.0234873 0.0199281 0.019796 0.0243948 0.0301388 0.0376714 0.0412746 0.0863199 0.0771752 0.113111 0.0741005 0.0525337 0.0229764 0.00759418 0.00175318 0 0 0
 0 0 0 0 0 0 0 0 0 0 0.00219441 0.00772107 0.0458388 0.0604681 0.0671733 0.0775358 0.0609151 0.0617685 0.073594 0.0568108 0.0755445 0.0548602 0.0670107 0.0636378 0.0643287 0.046367 0.0373049 0.0286899 0.0247887 0.0153202 0.00654259 0.00121912 0.000365735 0 0 0
 0 0 0 0 0 0 0 0 0 0 0 0 0.000112435 0.00938835 0.0111873 0.0202946 0.0414886 0.0713402 0.111592 0.104902 0.108894 0.110636 0.117776 0.105296 0.107544 0.0401394 0.0192827 0.0124803 0.00416011 0.0028671 0.000618394 0 0 0 0 0
 0 0 0 0 0 0 0 0 0 0 0.00291406 0.0102884 0.027416 0.0768956 0.0749926 0.110853 0.0956884 0.0897413 0.0766577 0.0534642 0.0500743 0.0551293 0.0594112 0.0620874 0.0668451 0.0424026 0.0208742 0.0120726 0.0048766 0.00582813 0.00118941 0.000297354 0 0 0 0
 0 0.00264628 0.0354308 0.0461629 0.0458689 0.0383711 0.0214643 0.0164657 0.0346957 0.0420465 0.0363128 0.0245516 0.0311673 0.0291091 0.0169068 0.0133784 0.00837989 0.0085269 0.0148486 0.0160247 0.0276389 0.0546898 0.0760071 0.122758 0.109233 0.0665981 0.0333725 0.0166128 0.00676272 0.00308733 0.000882094 0 0 0 0 0
 0 0 0 0 0 0 0 0.000805153 0.000690131 0.00759144 0.0133425 0.0154129 0.00931677 0.000345066 0.00356568 0.00563607 0.00851162 0.0253048 0.0502646 0.0516448 0.0657925 0.0565908 0.0611916 0.0827007 0.0866115 0.110766 0.145733 0.0935128 0.0569358 0.0249597 0.0138026 0.00621118 0.00161031 0.00115022 0 0
 0 0 0 0 0 0 0 0 0 0 0 0 0 0 0 0 0 0 0 0 0 0 0 0 0 0 0 0 0 0 0 0 0 0 0 0
 0.00147267 0.00158595 0.00478618 0.00569244 0.00954404 0.0108468 0.00647125 0.017049 0.0510054 0.094081 0.124002 0.0959785 0.0687766 0.0820023 0.061753 0.0591476 0.0492212 0.0479892 0.0443925 0.0268479 0.0217502 0.0140895 0.0121071 0.0120363 0.00920419 0.00665534 0.0049561 0.00860946 0.00930331 0.0156896 0.0114698 0.00855282 0.00243557 0.00046729 0 2.83206e-05
 0 0 0 0 0.000772559 0.00158375 0.000888443 0.00281984 0.00712685 0.0440552 0.0773331 0.111326 0.0921469 0.0852325 0.0710754 0.0886704 0.0786465 0.0553345 0.0373146 0.0185414 0.00753245 0.00457741 0.012979 0.0271748 0.0457355 0.0583668 0.034881 0.0177882 0.00938659 0.00492506 0.0015258 0.00185414 0.000309023 5.79419e-05 3.86279e-05 0
 0 0.00173294 0.00326652 0 0.00397197 0.00683976 0.00946217 0.0152591 0.00757587 0.0136028 0.0228656 0.0392903 0.0559909 0.0764795 0.0681675 0.0726916 0.0566044 0.0477403 0.0527397 0.0444891 0.0609904 0.0582453 0.0661739 0.0445044 0.0529084 0.0360697 0.0280645 0.0235558 0.0158879 0.00826598 0.00280645 0.00217768 0.000904811 0.00058276 9.20147e-05 0
 0 0 0 0 0 0 0 0 0 0 0 0 0 0 0 0 0 0 0 0 0 0 0 0 0 0 0 0 0 0 0 0 0 0 0 0
 0 0 0 0 0 0 0 0 0 0 0 0 0 0 0 0 0 0 0 0 0 0 0 0 0 0 0 0 0 0 0 0 0 0 0 0
 0 0 0 0 0 0 0 0 0 0 0 0 0 0 0 0 0 0 0 0 0 0 0 0 0 0 0 0 0 0 0 0 0 0 0 0
ppred_pel_tallas
 1.02319e-16 2.32073e-05 0.000136177 0.000647261 0.00249188 0.0077706 0.0196282 0.0401635 0.0665821 0.0894377 0.0973783 0.086019 0.0618468 0.0366426 0.0188096 0.0100379 0.00789659 0.00947966 0.0129743 0.0174982 0.0225304 0.0275768 0.0320984 0.0355752 0.037612 0.0380226 0.0368647 0.0344081 0.0310549 0.0272383 0.0233358 0.0196175 0.0162372 0.0132534 0.0106654 0.00844571
 1.03274e-16 2.11664e-05 0.000124193 0.000590281 0.00227248 0.00708642 0.0179 0.0366278 0.0607224 0.0815719 0.088828 0.0784993 0.0565125 0.0336274 0.0175295 0.00978622 0.00820748 0.0101625 0.0140021 0.0189018 0.0243389 0.0297908 0.0346799 0.0384503 0.0406817 0.0411809 0.0400174 0.0374867 0.0340223 0.0300854 0.0260702 0.0222503 0.0187715 0.0156782 0.0129553 0.0105666
 1.0481e-16 1.56334e-05 9.17038e-05 0.00043581 0.00167771 0.00523162 0.013215 0.0270425 0.0448367 0.0602467 0.0656456 0.0581068 0.0420372 0.0254271 0.0140137 0.00903123 0.00894174 0.0118642 0.0165999 0.0224933 0.0290328 0.035634 0.0416267 0.0463574 0.049325 0.0502873 0.0493032 0.0466923 0.0429347 0.0385447 0.0339645 0.0295044 0.0253348 0.0215183 0.0180559 0.0149296
 1.05549e-16 2.04949e-05 0.000120257 0.000571585 0.00220053 0.00686204 0.0173332 0.0354675 0.0587972 0.0789808 0.0859938 0.0759645 0.0546223 0.0323725 0.0166391 0.00892074 0.00708127 0.00857036 0.01181 0.0160505 0.020866 0.0258543 0.0305668 0.0345566 0.0374631 0.0390821 0.0393954 0.0385482 0.0367897 0.0343984 0.03162 0.0286353 0.0255599 0.022464 0.0193999 0.0164216
 1.04055e-16 2.46506e-05 0.000144656 0.000687581 0.00264715 0.0082548 0.0208511 0.0426654 0.0707274 0.0949992 0.103415 0.091309 0.0655566 0.0386526 0.0194953 0.00984641 0.00709067 0.00811794 0.0110019 0.0148379 0.0191448 0.0235058 0.0274773 0.0306334 0.0326502 0.0333746 0.0328501 0.0312884 0.029002 0.0263201 0.0235189 0.0207839 0.0182074 0.0158126 0.0135881 0.0115167
 1.04005e-16 1.77641e-05 0.000104212 0.000495277 0.00190667 0.00594563 0.0150186 0.0307327 0.0509532 0.0684599 0.0745801 0.0659805 0.0476577 0.0286748 0.0155277 0.00958834 0.00907561 0.0118223 0.0164486 0.0222133 0.0285656 0.0348993 0.040532 0.044809 0.047242 0.0476184 0.0460413 0.0428841 0.0386821 0.0339974 0.0293037 0.0249212 0.0210078 0.0175939 0.0146355 0.0120639
 1.03629e-16 2.58527e-05 0.000151717 0.000721157 0.00277643 0.00865799 0.0218695 0.0447488 0.0741795 0.0996313 0.108446 0.0957213 0.0686612 0.040356 0.0201201 0.00977982 0.00657194 0.00722233 0.00971469 0.0131275 0.0170091 0.0209964 0.0247069 0.0277666 0.0298795 0.0308864 0.0307894 0.0297327 0.0279503 0.0257004 0.0232106 0.0206475 0.0181137 0.0156642 0.0133295 0.011134
 1.03164e-16 2.17464e-05 0.000127597 0.000606463 0.00233479 0.0072807 0.0183908 0.0376321 0.0623873 0.0838084 0.0912636 0.0806517 0.058062 0.0345492 0.0180083 0.0100484 0.00841594 0.0104027 0.0143062 0.0192691 0.0247426 0.0301785 0.0349763 0.0385651 0.0405238 0.0406759 0.0391244 0.0362106 0.0324166 0.0282457 0.0241189 0.0203177 0.0169756 0.0141099 0.0116697 0.00958156
 1.0302e-16 2.47608e-05 0.000145302 0.00069065 0.00265895 0.00829163 0.0209442 0.0428559 0.0710434 0.0954245 0.103881 0.091726 0.0658689 0.0388627 0.0196494 0.010003 0.00730098 0.00842212 0.0114307 0.0154121 0.0198706 0.024369 0.0284393 0.0316306 0.0335984 0.0341778 0.0334123 0.0315263 0.0288556 0.0257608 0.0225525 0.0194495 0.0165731 0.0139674 0.0116316 0.00954921
 1.03054e-16 2.19488e-05 0.000128786 0.000612118 0.00235656 0.00734861 0.0185623 0.0379829 0.0629685 0.0845879 0.092109 0.0813909 0.0585767 0.0348205 0.0180862 0.00999198 0.00825824 0.010149 0.0139483 0.0187998 0.0241659 0.0295157 0.0342668 0.0378631 0.0398899 0.0401661 0.038779 0.0360458 0.0324217 0.0283863 0.024345 0.020574 0.0172125 0.0142902 0.0117732 0.00960439
 1.04589e-16 1.49863e-05 8.79028e-05 0.000417736 0.00160811 0.00501458 0.0126668 0.025921 0.0429783 0.0577531 0.0629375 0.055731 0.0403649 0.0245083 0.0136744 0.00906312 0.00921676 0.0123439 0.0172964 0.0234303 0.0302212 0.0370575 0.0432366 0.048074 0.0510468 0.051906 0.0507204 0.0478342 0.0437611 0.0390508 0.0341765 0.02947 0.0251136 0.0211714 0.0176398 0.0144911
 1.07127e-16 1.43669e-05 8.42747e-05 0.000400506 0.00154181 0.00480782 0.0121445 0.0248516 0.0412032 0.0553621 0.060317 0.0533754 0.0385826 0.0232751 0.0127183 0.00803997 0.00782517 0.0103538 0.0145484 0.0198504 0.0258527 0.0320925 0.0380269 0.0431067 0.0468835 0.0490949 0.0497018 0.0488627 0.0468636 0.0440296 0.0406513 0.0369478 0.0330661 0.0291048 0.0251454 0.0212731
 1.06525e-16 2.15766e-05 0.000126611 0.000601797 0.00231686 0.00722484 0.0182495 0.0373422 0.0619035 0.0831491 0.0905207 0.0799361 0.0574183 0.0339095 0.0172076 0.0088686 0.00662101 0.00776312 0.0106301 0.0144496 0.0188146 0.023366 0.0277101 0.0314556 0.0342863 0.0360219 0.0366417 0.036264 0.035092 0.0333479 0.0312207 0.0288407 0.026284 0.0235945 0.0208114 0.0179881
 1.04368e-16 2.24878e-05 0.000131954 0.000627185 0.00241459 0.00752957 0.0190193 0.0389178 0.064517 0.0866642 0.0943595 0.0833547 0.0599362 0.0355206 0.018252 0.00976937 0.00771917 0.0092866 0.0127157 0.0171514 0.0220888 0.0270499 0.0315156 0.0349895 0.0370999 0.037681 0.0368028 0.0347358 0.0318687 0.0286067 0.0252865 0.0221295 0.019239 0.0166284 0.0142644 0.0121042
 1.02771e-16 2.62784e-05 0.000154212 0.000733014 0.00282207 0.0088003 0.022229 0.0454847 0.0754003 0.101274 0.110241 0.0973234 0.0698484 0.0411298 0.0206454 0.0102624 0.00718062 0.00807309 0.0108783 0.0146301 0.018822 0.0230242 0.0267848 0.0296733 0.031367 0.0317205 0.0307931 0.0288196 0.0261411 0.0231177 0.020055 0.0171617 0.0145447 0.0122301 0.0101977 0.00841166
 1.02153e-16 2.55599e-05 0.000149991 0.000712935 0.00274475 0.00855917 0.02162 0.0442389 0.0733364 0.0985057 0.107238 0.0946975 0.0680182 0.0401614 0.0203611 0.0104519 0.00772766 0.00896265 0.0121478 0.0163188 0.0209353 0.0255118 0.0295324 0.0325092 0.0340829 0.0341034 0.0326603 0.0300482 0.0266842 0.0230053 0.0193801 0.0160583 0.0131627 0.0107135 0.00866923 0.00696466
 1.02715e-16 2.10852e-05 0.000123714 0.000587999 0.00226369 0.00705899 0.0178307 0.0364863 0.0604885 0.0812599 0.0884941 0.0782181 0.05634 0.0335847 0.0176165 0.0100065 0.00858172 0.0107256 0.0147908 0.019939 0.0256194 0.03127 0.0362699 0.0400251 0.0420931 0.0422809 0.0406831 0.0376415 0.0336474 0.02922 0.0248016 0.0206969 0.0170628 0.0139374 0.0112864 0.00904655
 1.03613e-16 2.13579e-05 0.00012532 0.000595642 0.00229313 0.00715082 0.0180626 0.0369604 0.061273 0.0823093 0.089625 0.0791893 0.0569781 0.0338423 0.0175281 0.00960737 0.0078609 0.00962981 0.0132544 0.0179196 0.0231287 0.0283955 0.0331825 0.0369677 0.0393493 0.0401306 0.0393538 0.0372689 0.0342546 0.0307198 0.0270184 0.0234022 0.0200138 0.0169107 0.0141011 0.0115757
 1.04104e-16 2.04512e-05 0.000119995 0.000570326 0.00219566 0.00684684 0.0172948 0.0353896 0.0586698 0.078815 0.0858273 0.0758508 0.054613 0.032512 0.0169757 0.00952245 0.0080407 0.00999387 0.0137938 0.0186486 0.0240569 0.0295149 0.0344634 0.0383608 0.0407939 0.0415655 0.0407292 0.0385549 0.0354442 0.0318254 0.0280642 0.0244143 0.0210115 0.017901 0.0150776 0.0125214
 1.03415e-16 2.55729e-05 0.000150072 0.000713331 0.00274629 0.008564 0.0216321 0.0442633 0.0733755 0.0985538 0.107279 0.094707 0.0679669 0.0400144 0.0200727 0.0099586 0.00694859 0.00780857 0.0105392 0.0142107 0.018344 0.022536 0.0263605 0.0294069 0.0313599 0.0320651 0.0315558 0.030027 0.027773 0.0251093 0.022306 0.0195515 0.0169487 0.0145354 0.0123139 0.010277
 1.02781e-16 2.39168e-05 0.000140343 0.000667065 0.00256813 0.00800839 0.0202288 0.0413925 0.0686191 0.0921729 0.100353 0.0886403 0.0637165 0.03772 0.0193059 0.0102087 0.00791532 0.00942196 0.0128531 0.0172955 0.0222136 0.0271064 0.0314341 0.0346839 0.0364759 0.0366482 0.0352886 0.0326979 0.0293044 0.0255566 0.0218322 0.0183858 0.0153419 0.0127216 0.0104852 0.00857174
 1.03334e-16 2.01729e-05 0.000118359 0.000562539 0.00216566 0.00675329 0.0170586 0.0349064 0.0578697 0.0777433 0.0846681 0.0748452 0.0539298 0.032187 0.0169554 0.0097461 0.00848931 0.0106903 0.0147786 0.0199537 0.0256831 0.0314172 0.0365443 0.0404759 0.042768 0.0432189 0.0419064 0.039149 0.0354126 0.031192 0.0269101 0.0228604 0.0191982 0.0159687 0.0131516 0.0107022
 1.03897e-16 2.20631e-05 0.000129462 0.000615338 0.00236898 0.00738734 0.01866 0.0381826 0.0632981 0.0850266 0.0925759 0.0817776 0.0587991 0.0348409 0.0178931 0.00956469 0.00754876 0.00908864 0.0124698 0.0168648 0.0217921 0.0267962 0.0313766 0.0350461 0.0374272 0.0383308 0.0377875 0.036019 0.033366 0.0301967 0.0268305 0.0234943 0.020318 0.0173568 0.0146248 0.0121236
 1.04023e-16 2.07694e-05 0.000121863 0.000579205 0.00222984 0.00695344 0.0175641 0.0359405 0.059583 0.0800413 0.0871615 0.0770271 0.0554537 0.0329997 0.0172067 0.00961385 0.00807336 0.0100059 0.0137959 0.0186378 0.0240231 0.0294431 0.0343354 0.0381575 0.0404979 0.0411654 0.0402223 0.0379496 0.0347601 0.0310916 0.0273156 0.0236869 0.0203378 0.0173061 0.0145771 0.0121207
 1.053e-16 1.48978e-05 8.73845e-05 0.000415275 0.00159865 0.00498506 0.0125922 0.0257683 0.0427247 0.0574112 0.0625621 0.0553919 0.0401047 0.0243213 0.0135185 0.00888431 0.00896572 0.0119804 0.0167899 0.0227637 0.0293969 0.0361039 0.0422108 0.0470594 0.050144 0.0512182 0.0503381 0.0478206 0.0441429 0.039816 0.0352783 0.0308355 0.0266548 0.0227968 0.0192635 0.0160401
pSPR Fmed_Fpbrs
0.602793   0.254687 0.254687
Fs Fmed_Fpbrs
0.27578   1.005 1.005
SSBpbr Bo_Bmed_Bpbrs
1.01371e+06  560371  207493 207493
Ro
44355.9
SPR SPRFo_SPRFmed_SPRFpbrs
914153 551045 232823
log_Ro
10.52
likeval ReclasPelacesDesembMPH_pf_preclas_ppelaces_ptallas_desvR_qrecl_qpela
 118.485 75.4169 0.0122508 0.000769908 310.307 208.738 74.1045 0 12.9199 0 0 0 0 0 0
q_reclas_q_pelaces
1 1
M
0.7
N
 49030.9 17479.8 6380.46 742.541 0.291359
 49334.6 20813.2 6342.81 2315.25 269.548
 27736.5 21044.1 7626.1 2324.05 947.087
 31553.4 10197.1 5727.8 2075.68 890.34
 58398.4 14614.8 4405.29 2474.49 1281.36
 46738.1 28580.2 7048.99 2124.76 1811.52
 88552 19397.6 9913.5 2445.06 1365.36
 91157.8 39764.3 7876.69 4025.52 1547.28
 128044 37911.9 13850.4 2743.56 1941.08
 133112 53402.6 13279.7 4851.48 1640.92
 72335.6 58196.3 20555.3 5111.5 2499
 41995.3 27546.1 16994.9 6002.7 2222.47
 46037.1 16229.6 8284.74 5111.36 2473.8
 28765.2 15741.7 3821.2 1950.61 1785.9
 20330.4 7426.44 2112.92 512.899 501.533
 17825.1 5858.36 1241.79 353.305 169.625
 15303.4 7045.14 1842.89 390.634 164.5
 16904.3 6404.87 2485.1 650.06 195.818
 18216.3 7457.89 2510.46 974.061 331.551
 33097.4 8148.38 3005 1011.54 526.07
 46823 14894 3322.86 1225.42 627.029
 51130.4 22208.3 6747.29 1505.33 839.2
 72243 23905.6 9775.98 2970.13 1032.05
 83571.8 33216.1 10176.8 4161.7 1703.75
 57105.6 38273.1 14028.9 4298.19 2477.29
pred_Ctot
 5165.66 3446.62 1258.08 146.412 0.0574494
 5047.29 3993.02 1216.87 444.181 51.7129
 5269.72 7077.23 2564.7 781.589 318.51
 1532.83 961.253 539.944 195.669 83.93
 608.177 302.458 91.1689 51.2104 26.5182
 5577.73 6325.85 1560.2 470.287 400.956
 6131.58 2572.56 1314.75 324.269 181.077
 10762.1 8714.18 1726.15 882.177 339.08
 14895.2 8195.59 2994.11 593.087 419.612
 11533 8764.18 2179.39 796.202 269.3
 12315 17770.8 6276.76 1560.85 763.094
 6794.89 8039.08 4959.8 1751.84 648.609
 10533.9 6402.68 3268.39 2016.47 975.93
 10307.9 8878.26 2155.14 1100.14 1007.24
 6330.23 3764.04 1070.92 259.959 254.199
 2650.86 1585.08 335.987 95.593 45.895
 1747.11 1496.75 391.525 82.9908 34.9484
 1365.61 983.765 381.702 99.8468 30.0769
 1307.73 1023.8 344.629 133.716 45.5144
 2245.42 1059.75 390.82 131.557 68.4187
 1514.96 944.669 210.757 77.724 39.77
 2158.19 1826.31 554.866 123.791 69.0119
 3867.62 2475.74 1012.43 307.596 106.882
 4695.84 3604.39 1104.32 451.601 184.88
 3249.81 4204.42 1541.12 472.169 272.138
F
 0.156861 0.313722 0.313722 0.313722 0.313722
 0.152006 0.304011 0.304011 0.304011 0.304011
 0.300645 0.601289 0.601289 0.601289 0.601289
 0.0696481 0.139296 0.139296 0.139296 0.139296
 0.0145746 0.0291492 0.0291492 0.0291492 0.0291492
 0.179408 0.358816 0.358816 0.358816 0.358816
 0.100621 0.201242 0.201242 0.201242 0.201242
 0.177327 0.354654 0.354654 0.354654 0.354654
 0.174516 0.349031 0.349031 0.349031 0.349031
 0.12737 0.25474 0.25474 0.25474 0.25474
 0.265455 0.53091 0.53091 0.53091 0.53091
 0.250723 0.501445 0.501445 0.501445 0.501445
 0.373136 0.746271 0.746271 0.746271 0.746271
 0.654119 1.30824 1.30824 1.30824 1.30824
 0.544248 1.0885 1.0885 1.0885 1.0885
 0.228268 0.456536 0.456536 0.456536 0.456536
 0.171013 0.342026 0.342026 0.342026 0.342026
 0.118296 0.236592 0.236592 0.236592 0.236592
 0.104497 0.208994 0.208994 0.208994 0.208994
 0.0984958 0.196992 0.196992 0.196992 0.196992
 0.0459084 0.0918169 0.0918169 0.0918169 0.0918169
 0.0602684 0.120537 0.120537 0.120537 0.120537
 0.0770019 0.154004 0.154004 0.154004 0.154004
 0.0809572 0.161914 0.161914 0.161914 0.161914
 0.0820321 0.164064 0.164064 0.164064 0.164064
nmprior
 10 11 7 0
nm_flota  nm_reclas  nm_pelaces    nm_pelaL
inf 13.7389 13.1045 21.9233
cv_recla  cv_pelaces  cv_mph
0.984594 1.02188 0.900239
 ------------------------------------------------
Talla a la edad & desviación 
 7.2 14.2025 17.0495 18.207 18.6776
 1.08 2.13037 2.55742 2.73105 2.80164
