    unsorted:	 3.693680952e-06 -3.577603117e-07 9.226188112e-06 0.0008999958323 0.006903653565 43.23184405 60.98234316 86.86790977 103.4152630 174.3062631 507.4882184 500.4792504 350.2205786 623.8959791 723.5299106 771.9780255 859.3073201 1099.463698 978.3594109 1132.366168 1314.735863 1346.822133 1496.273863 1720.329034 1864.016752 2129.527065 2253.716001 2659.805673 2938.555427 3127.321103 3299.605586 3557.199055 4033.253270 4436.547693 4682.010286 5104.811076 5165.180606 18317.95985 26671.62103 196489.0508 488273.9798 505185.3464 473797.2576 427775.6337 397475.7207 389443.9783 527653.9949 541348.0397 560166.7254 318891.0913 614456.9729 666320.6820 713653.0425 836230.3562 898703.4555 976996.9478 1167457.071 1209945.951 1462692.467 1677669.991 1929774.661 2110661.337 2350580.437 2599310.706 5829479.208
      sorted:	 -3.577603117e-07 3.693680952e-06 9.226188112e-06 0.0008999958323 0.006903653565 43.23184405 60.98234316 86.86790977 103.4152630 174.3062631 350.2205786 500.4792504 507.4882184 623.8959791 723.5299106 771.9780255 859.3073201 978.3594109 1099.463698 1132.366168 1314.735863 1346.822133 1496.273863 1720.329034 1864.016752 2129.527065 2253.716001 2659.805673 2938.555427 3127.321103 3299.605586 3557.199055 4033.253270 4436.547693 4682.010286 5104.811076 5165.180606 18317.95985 26671.62103 196489.0508 318891.0913 389443.9783 397475.7207 427775.6337 473797.2576 488273.9798 505185.3464 527653.9949 541348.0397 560166.7254 614456.9729 666320.6820 713653.0425 836230.3562 898703.4555 976996.9478 1167457.071 1209945.951 1462692.467 1677669.991 1929774.661 2110661.337 2350580.437 2599310.706 5829479.208
