    unsorted:	 0.002198958806 0.0008999970583 17.26976250 3.391749910 10.98584330 45.11517095 45.32474895 54.35758491 26.26967238 79.43208577 106.0211207 92.74219777 231.0723590 320.0402336 306.9309680 419.4513153 411.2142694 485.3456158 546.4595451 606.2838423 658.8777870 679.3313992 729.1447949 749.0369593 780.3129581 837.1252778 871.2725760 883.3566284 919.6845958 908.9104367 927.1087912 1042.772348 1190.998989 1259.931219 1378.260180 1456.977547 1680.798380 2207.315812 4910.958714 195320.6723 215431.0669 381119.5300 361222.5765 308176.3262 423716.1501 544028.1298 528918.4943 580114.6026 635991.3710 724698.9313 807019.4065 863941.7571 1032198.962 1188268.137 1276391.442 1470902.510 1659754.397 1760985.680 1907302.822 1943861.628 2233336.920 2323029.253 2438847.307 2545839.850 2813019.242
      sorted:	 0.0008999970583 0.002198958806 3.391749910 10.98584330 17.26976250 26.26967238 45.11517095 45.32474895 54.35758491 79.43208577 92.74219777 106.0211207 231.0723590 306.9309680 320.0402336 411.2142694 419.4513153 485.3456158 546.4595451 606.2838423 658.8777870 679.3313992 729.1447949 749.0369593 780.3129581 837.1252778 871.2725760 883.3566284 908.9104367 919.6845958 927.1087912 1042.772348 1190.998989 1259.931219 1378.260180 1456.977547 1680.798380 2207.315812 4910.958714 195320.6723 215431.0669 308176.3262 361222.5765 381119.5300 423716.1501 528918.4943 544028.1298 580114.6026 635991.3710 724698.9313 807019.4065 863941.7571 1032198.962 1188268.137 1276391.442 1470902.510 1659754.397 1760985.680 1907302.822 1943861.628 2233336.920 2323029.253 2438847.307 2545839.850 2813019.242
