years
 1997 1998 1999 2000 2001 2002 2003 2004 2005 2006 2007 2008 2009 2010 2011 2012 2013 2014 2015 2016 2017 2018 2019 2020 2021
reclasobs
 0 0 0 370054 412103 1.49427e+06 250295 1.28982e+06 931140 785840 897777 1.04006e+06 184774 17550 25797 100020 73551 82996 120727 218422 84188 347160 605670 569463 516374
reclaspred
 987270 205346 431803 200883 315328 390838 835901 634199 702306 845805 816318 582508 347975 136279 75815.6 70548 80029.9 107261 118725 141191 218858 218836 349290 390916 398255
pelacesobs
 0 0 0 0 0 0 0 0 0 2.06254e+06 1.5e+06 0 1.87456e+06 323000 250000 174000 83755 137374 0 501740 490994 745055 786931 1.00524e+06 0
pelacespred
 3.04079e+06 913815 701843 691073 978803 876610 2.33643e+06 1.96848e+06 1.98151e+06 2.50854e+06 2.05405e+06 1.52555e+06 878094 264581 151638 155665 185062 264176 298333 340660 637916 627731 742862 972374 987535
mphobs
 0 0 0 0 0 112323 0 153150 637223 0 255016 313432 73983 77613 109348 50772 0 0 0 0 0 0 0 0 0
mphpred
 322610 153656 141391 92418.3 90173.9 168213 213470 308593 275052 308426 383778 268957 168357 90458.4 40794.5 30510 30192 37886.1 47532.5 49604.5 70779.4 91624.1 108892 138151 178444
desembarqueobs
 350755 77701 442110 56441 14545 235359 269955 359681 431902 328805 639364 411747 362871 311530 167758 66681 60226 58785 57116 71774 51957 67425 138520 160799 200461
desembarquepred
 350740 77680.9 441847 56437 14544.8 235380 269979 359426 431726 328687 638764 411425 362556 311278 167398 66647.8 60234.8 58744.5 57073.1 71744.4 51954.5 67392.8 138487 160782 200444
Reclutas
 28719.3 41906.4 11426.8 16545 41593.9 24440.5 64155.1 62190.8 78301.3 116444 67248 48039.4 52028.2 28576 13360.7 10549.8 8153.89 9451.77 8989.05 12814.3 18775.8 22430.3 31951.3 39035.8 7700.24
log_desv_Rt
 0.105325 0.483195 -0.816282 -0.446163 0.475708 -0.0560021 0.90906 0.877962 1.10832 1.50516 0.956143 0.619778 0.699542 0.100322 -0.659924 -0.896135 -1.15375 -1.00604 -1.05624 -0.701682 -0.319675 -0.14183 0.211967 0.412235 -1.21099
SSB
 560882 267143 245820 160677 156774 292451 371134 536513 478200 536223 667228 467604 292702 157269 70924.4 53044 52491.2 65867.9 82638.9 86241.3 123056 159296 189317 240186 310239
BT
 1.46004e+06 396698 482288 277651 369353 435837 1.20768e+06 1.11747e+06 1.20874e+06 1.30173e+06 1.28972e+06 906246 710290 401216 206076 115738 121162 149104 144545 180404 279669 250186 329264 459489 419364
Ftot
 0.547748 0.658784 1.32 0.464251 0.0911837 0.824033 0.628171 0.954849 1.09581 0.726422 1.14613 1.07058 1.74043 3.10952 3.21393 1.46029 1.23352 0.929552 0.722159 0.842721 0.406683 0.474979 0.604401 0.665823 0.649744
BD_Bspro_t
 0.92874 0.656525 0.533453 0.273575 0.384201 0.591955 0.503195 0.553085 0.482746 0.465 0.484121 0.331208 0.237804 0.158022 0.0875241 0.0810516 0.110159 0.182837 0.266257 0.326915 0.440565 0.569285 0.570474 0.55319 0.52275
BD_Bspro
 1.05286 0.501469 0.461442 0.301615 0.29429 0.548976 0.696676 1.00712 0.897655 1.00657 1.25249 0.877764 0.549447 0.295218 0.133136 0.0995717 0.0985341 0.123644 0.155126 0.161888 0.230994 0.299023 0.355378 0.450867 0.582367
BD_Bo
 0.738707 0.351839 0.323756 0.211618 0.206479 0.385171 0.4888 0.706611 0.62981 0.706229 0.878768 0.615855 0.385501 0.20713 0.0934106 0.0698613 0.0691332 0.0867509 0.108839 0.113584 0.16207 0.2098 0.249339 0.316336 0.408598
BD_Brms
 1.3431 0.639707 0.588647 0.38476 0.375416 0.700311 0.888728 1.28475 1.14511 1.28405 1.59776 1.11974 0.700912 0.376601 0.169837 0.12702 0.125697 0.157729 0.197889 0.206516 0.294672 0.381454 0.453344 0.575156 0.742906
S_f
 0.126482 1 1 1 1
 0.126482 1 1 1 1
 0.126482 1 1 1 1
 0.126482 1 1 1 1
 0.126482 1 1 1 1
 0.126482 1 1 1 1
 0.126482 1 1 1 1
 0.126482 1 1 1 1
 0.126482 1 1 1 1
 0.126482 1 1 1 1
 0.126482 1 1 1 1
 0.126482 1 1 1 1
 0.126482 1 1 1 1
 0.126482 1 1 1 1
 0.126482 1 1 1 1
 0.126482 1 1 1 1
 0.126482 1 1 1 1
 0.126482 1 1 1 1
 0.126482 1 1 1 1
 0.126482 1 1 1 1
 0.126482 1 1 1 1
 0.126482 1 1 1 1
 0.126482 1 1 1 1
 0.126482 1 1 1 1
 0.126482 1 1 1 1
Scru_reclas
 0.369379 0.746695 0.93685 0.986783 0.997346
 0.369379 0.746695 0.93685 0.986783 0.997346
 0.369379 0.746695 0.93685 0.986783 0.997346
 0.369379 0.746695 0.93685 0.986783 0.997346
 0.369379 0.746695 0.93685 0.986783 0.997346
 0.369379 0.746695 0.93685 0.986783 0.997346
 0.369379 0.746695 0.93685 0.986783 0.997346
 0.369379 0.746695 0.93685 0.986783 0.997346
 0.369379 0.746695 0.93685 0.986783 0.997346
 0.369379 0.746695 0.93685 0.986783 0.997346
 0.369379 0.746695 0.93685 0.986783 0.997346
 0.369379 0.746695 0.93685 0.986783 0.997346
 0.369379 0.746695 0.93685 0.986783 0.997346
 0.369379 0.746695 0.93685 0.986783 0.997346
 0.369379 0.746695 0.93685 0.986783 0.997346
 0.369379 0.746695 0.93685 0.986783 0.997346
 0.369379 0.746695 0.93685 0.986783 0.997346
 0.369379 0.746695 0.93685 0.986783 0.997346
 0.369379 0.746695 0.93685 0.986783 0.997346
 0.369379 0.746695 0.93685 0.986783 0.997346
 0.369379 0.746695 0.93685 0.986783 0.997346
 0.369379 0.746695 0.93685 0.986783 0.997346
 0.369379 0.746695 0.93685 0.986783 0.997346
 0.369379 0.746695 0.93685 0.986783 0.997346
 0.369379 0.746695 0.93685 0.986783 0.997346
Scru_pelaces
 0.399059 0.863234 0.983604 0.998249 0.999816
 0.399059 0.863234 0.983604 0.998249 0.999816
 0.399059 0.863234 0.983604 0.998249 0.999816
 0.399059 0.863234 0.983604 0.998249 0.999816
 0.399059 0.863234 0.983604 0.998249 0.999816
 0.399059 0.863234 0.983604 0.998249 0.999816
 0.399059 0.863234 0.983604 0.998249 0.999816
 0.399059 0.863234 0.983604 0.998249 0.999816
 0.399059 0.863234 0.983604 0.998249 0.999816
 0.399059 0.863234 0.983604 0.998249 0.999816
 0.399059 0.863234 0.983604 0.998249 0.999816
 0.399059 0.863234 0.983604 0.998249 0.999816
 0.399059 0.863234 0.983604 0.998249 0.999816
 0.399059 0.863234 0.983604 0.998249 0.999816
 0.399059 0.863234 0.983604 0.998249 0.999816
 0.399059 0.863234 0.983604 0.998249 0.999816
 0.399059 0.863234 0.983604 0.998249 0.999816
 0.399059 0.863234 0.983604 0.998249 0.999816
 0.399059 0.863234 0.983604 0.998249 0.999816
 0.399059 0.863234 0.983604 0.998249 0.999816
 0.399059 0.863234 0.983604 0.998249 0.999816
 0.399059 0.863234 0.983604 0.998249 0.999816
 0.399059 0.863234 0.983604 0.998249 0.999816
 0.399059 0.863234 0.983604 0.998249 0.999816
 0.399059 0.863234 0.983604 0.998249 0.999816
pf_obs 
 0.256992 0.487395 0.22802 0.0275931 0
 0.321318 0.546541 0.124235 0.00734118 0.000564706
 0.182869 0.594174 0.210203 0.0122559 0.00049798
 0.330522 0.361315 0.267642 0.0388342 0.00168674
 0.649043 0.306663 0.0425973 0.00169635 0
 0.582887 0.30429 0.105238 0.00758474 0
 0.465427 0.430635 0.0974691 0.00646863 0
 0.296916 0.608066 0.0921331 0.00288517 0
 0.311714 0.524322 0.152257 0.0117073 0
 0.15457 0.633149 0.183074 0.0267441 0.00246327
 0.131901 0.49318 0.331252 0.0422183 0.00144891
 0.196976 0.569456 0.194076 0.0375587 0.00193317
 0.518974 0.381816 0.0799577 0.0180837 0.00116848
 0.0928022 0.601141 0.25162 0.0475244 0.00691264
 0.122501 0.610282 0.24278 0.0234846 0.000952079
 0.383417 0.481906 0.127806 0.00687128 0
 0.0376549 0.599619 0.316969 0.0457579 0
 0.0361596 0.667082 0.258105 0.0386534 0
 0.158088 0.579412 0.248529 0.0139706 0
 0.0477256 0.309471 0.559284 0.082774 0.000745712
 0.0406174 0.521527 0.379366 0.0568643 0.0016247
 0.151134 0.462217 0.34131 0.0453401 0
 0.294876 0.26143 0.354403 0.0886775 0.000613685
 0.281977 0.475581 0.204845 0.0348837 0.00271318
 0 0 0 0 0
pf_pred 
 0.181548 0.56356 0.226424 0.0284609 6.95157e-06
 0.260797 0.516386 0.153425 0.0616422 0.00775014
 0.0856138 0.728209 0.130058 0.0386418 0.0174772
 0.237015 0.45848 0.242505 0.0433113 0.0186885
 0.347215 0.493796 0.0955371 0.0505328 0.0129194
 0.141732 0.699266 0.120276 0.0232704 0.0154553
 0.38315 0.411453 0.167346 0.0287841 0.00926772
 0.245335 0.657588 0.0647525 0.0263362 0.00598842
 0.299129 0.567135 0.116532 0.0114749 0.00572828
 0.32612 0.578011 0.077576 0.0159399 0.00235314
 0.168252 0.705057 0.108667 0.0145844 0.00343913
 0.185034 0.608177 0.175291 0.0270168 0.004481
 0.295462 0.535245 0.126337 0.0364131 0.00654303
 0.270273 0.654317 0.0572898 0.0135224 0.0045978
 0.288074 0.675772 0.0324182 0.00283843 0.000897767
 0.318834 0.651474 0.028184 0.00135205 0.000155823
 0.242682 0.674793 0.0789271 0.00341454 0.000182681
 0.284092 0.594565 0.10812 0.0126462 0.00057637
 0.227808 0.645682 0.105067 0.0191061 0.0023366
 0.292587 0.546077 0.134904 0.021952 0.00448009
 0.28729 0.595278 0.0906495 0.0223943 0.00438776
 0.232987 0.610831 0.130448 0.0198648 0.00586898
 0.265425 0.553384 0.144296 0.0308157 0.00607908
 0.253518 0.593849 0.114985 0.0299824 0.00766616
 0.0518058 0.749804 0.157825 0.0305591 0.0100057
pobs_RECLAS
 0 0 0 0 0
 0 0 0 0 0
 0 0 0 0 0
 0 0 0 0 0
 0.835266 0.146461 0.0176864 0.000547809 3.91292e-05
 0.385257 0.428462 0.181853 0.0044286 0
 0.867414 0.0963971 0.0333333 0.00285562 0
 0.441836 0.489002 0.0689373 0.000224442 0
 0.779404 0.147425 0.0564933 0.0165055 0.000172143
 0.814271 0.122319 0.05973 0.00367925 0
 0.40263 0.566651 0.0304383 0.000280538 0
 0.475488 0.404961 0.113038 0.00651328 0
 0.955842 0.0263864 0.0167828 0.000988607 0
 0.975058 0.0227948 0.00214734 0 0
 0.738997 0.206755 0.0527124 0.00153531 0
 0.850938 0.134255 0.0134407 0.00136685 0
 0.542534 0.407297 0.0501686 0 0
 0.764087 0.199537 0.0359546 0.000420521 0
 0.470689 0.182191 0.310203 0.0369168 0
 0.84361 0.089868 0.0606195 0.00523954 0.000663233
 0.607945 0.314616 0.071237 0.00620181 0
 0.523733 0.453247 0.0230204 0 0
 0.530135 0.295979 0.169645 0.0042399 0
 0.562478 0.366248 0.0663022 0.0049721 0
 0.250443 0.683176 0.0655157 0.000865301 0
ppred_RECLAS
 0.454864 0.347033 0.174936 0.023161 5.71764e-06
 0.572589 0.275647 0.102754 0.0434845 0.00552574
 0.283771 0.540034 0.121012 0.0378705 0.0173117
 0.531124 0.25442 0.168842 0.0317623 0.0138519
 0.661708 0.239425 0.0581195 0.0323799 0.00836697
 0.396945 0.467736 0.10094 0.0205703 0.0138083
 0.700462 0.183447 0.0936124 0.0169599 0.00551908
 0.571691 0.360336 0.0445182 0.0190715 0.00438298
 0.63762 0.279176 0.0719721 0.00746481 0.00376633
 0.658819 0.281904 0.04747 0.0102738 0.00153291
 0.458806 0.440989 0.0852765 0.0120551 0.00287313
 0.478653 0.364535 0.131824 0.0214004 0.00358746
 0.653242 0.247265 0.073226 0.0222303 0.0040373
 0.698135 0.263281 0.0289224 0.00719057 0.00247106
 0.724641 0.257944 0.0155253 0.0014318 0.000457711
 0.678851 0.303732 0.0164863 0.000833038 9.70352e-05
 0.579067 0.364823 0.0535383 0.00243962 0.000131919
 0.616971 0.304581 0.0694922 0.00856137 0.000394374
 0.539251 0.36916 0.0753685 0.014436 0.00178436
 0.620666 0.276073 0.08557 0.0146664 0.00302523
 0.60796 0.313476 0.0598931 0.0155848 0.00308624
 0.538033 0.348982 0.0935078 0.0149984 0.00447865
 0.58093 0.296075 0.0968626 0.0217884 0.00434425
 0.569752 0.32425 0.0787718 0.0216347 0.00559094
 0.175292 0.6174 0.163051 0.0332535 0.0110045
pobs_PELACES
 0 0 0 0 0
 0 0 0 0 0
 0 0 0 0 0
 0 0 0 0 0
 0 0 0 0 0
 0 0 0 0 0
 0 0 0 0 0
 0 0 0 0 0
 0 0 0 0 0
 0 0 0 0 0
 0.450072 0.473896 0.0757376 0.000293798 0
 0 0 0 0 0
 0.463077 0.371075 0.160297 0.00555027 0
 0.529543 0.364841 0.0842815 0.0213345 0
 0.631943 0.363953 0.00410389 0 0
 0.735681 0.248677 0.0153453 0.000297389 0
 0.695825 0.281241 0.0229344 0 0
 0.275771 0.60734 0.115278 0.00161068 0
 0 0 0 0 0
 0.896147 0.0623911 0.0374545 0.00400742 0
 0.803859 0.145111 0.0509908 3.86294e-05 0
 0.739449 0.233085 0.0266225 0.000797448 4.60066e-05
 0.878498 0.100942 0.0204185 0.000141795 0
 0.694673 0.275183 0.0284847 0.00165964 0
 0 0 0 0 0
ppred_PELACES
 0.486132 0.338916 0.155155 0.0197929 4.84201e-06
 0.61106 0.26034 0.0881362 0.0359381 0.00452551
 0.35723 0.497244 0.101191 0.0305127 0.0138222
 0.559039 0.250668 0.151075 0.0273836 0.0118344
 0.659479 0.24872 0.0548311 0.0294338 0.00753697
 0.443867 0.441351 0.0864993 0.0169846 0.0112983
 0.731413 0.171029 0.0792605 0.0138361 0.00446184
 0.625477 0.320362 0.0359448 0.0148371 0.00337902
 0.697544 0.2383 0.0557924 0.00557566 0.00278775
 0.693595 0.257585 0.0393916 0.00821448 0.00121457
 0.528871 0.390918 0.0686519 0.00935108 0.00220852
 0.54615 0.326907 0.107361 0.0167934 0.00278972
 0.749632 0.183854 0.0494471 0.014464 0.0026031
 0.842903 0.138802 0.0138477 0.00331721 0.00112967
 0.862045 0.130017 0.00710691 0.000631522 0.000200058
 0.75153 0.236195 0.0116431 0.00056686 6.5433e-05
 0.65006 0.307116 0.0409308 0.00179711 9.62979e-05
 0.667457 0.269719 0.0558869 0.00663412 0.000302835
 0.57869 0.344257 0.0638298 0.0117801 0.00144291
 0.666972 0.248997 0.0700901 0.0115751 0.00236602
 0.62445 0.306433 0.0531707 0.013331 0.00261607
 0.561149 0.339649 0.0826494 0.0127733 0.00377975
 0.613632 0.281152 0.0835336 0.018105 0.0035772
 0.605913 0.304559 0.0671933 0.0177817 0.00455369
 0.197223 0.616371 0.14783 0.0290499 0.00952653
pobs_pel_tallas
 0 0 0 0 0 0 0 0 0 0 0 0 0 0 0 0 0 0 0 0 0 0 0 0 0 0 0 0 0 0 0 0 0 0 0 0
 0 0 0 0 0 0 0 0 0 0 0 0 0 0 0 0 0 0 0 0 0 0 0 0 0 0 0 0 0 0 0 0 0 0 0 0
 0 0 0 0 0 0 0 0 0 0 0 0 0 0 0 0 0 0 0 0 0 0 0 0 0 0 0 0 0 0 0 0 0 0 0 0
 0 0 0 0 0 0 0 0 0 0 0 0 0 0 0 0 0 0 0 0 0 0 0 0 0 0 0 0 0 0 0 0 0 0 0 0
 0 0 0 0 0 0 0 0 0 0 0 0 0 0 0 0 0 0 0 0 0 0 0 0 0 0 0 0 0 0 0 0 0 0 0 0
 0 0 0 0 0 0 0 0 0 0 0 0 0 0 0 0 0 0 0 0 0 0 0 0 0 0 0 0 0 0 0 0 0 0 0 0
 0 0 0 0 0 0 0 0 0 0 0 0 0 0 0 0 0 0 0 0 0 0 0 0 0 0 0 0 0 0 0 0 0 0 0 0
 0 0 0 0 0 0 0 0 0 0 0 0 0 0 0 0 0 0 0 0 0 0 0 0 0 0 0 0 0 0 0 0 0 0 0 0
 0 0 0 0 0 0 0 0 0 0 0 0 0 0 0 0 0 0 0 0 0 0 0 0 0 0 0 0 0 0 0 0 0 0 0 0
 0 0 0 0 0 0 0 0 0 0 0 0 0 0 0 0 0 0 0 0 0 0 0 0 0 0 0 0 0 0 0 0 0 0 0 0
 0 0 0 0 0 0 0 0 1.78061e-05 0.00172719 0.00360574 0.0105946 0.0120993 0.0124554 0.0147524 0.0171206 0.0266825 0.0428682 0.0675386 0.121331 0.153587 0.119568 0.100827 0.0573624 0.0630603 0.0341343 0.0324427 0.0444173 0.0211091 0.0280891 0.0125444 0.00206551 0 0 0 0
 0 0 0 0 0 0 0 0 0 0 0 0 0 0 0 0 0 0 0 0 0 0 0 0 0 0 0 0 0 0 0 0 0 0 0 0
 0 0 0 0 0 0 0.0133647 0.0140871 0.0187388 0.0205184 0.03894 0.0496705 0.03968 0.0493445 0.0407372 0.0367815 0.0215668 0.0243155 0.0234873 0.0199281 0.019796 0.0243948 0.0301388 0.0376714 0.0412746 0.0863199 0.0771752 0.113111 0.0741005 0.0525337 0.0229764 0.00759418 0.00175318 0 0 0
 0 0 0 0 0 0 0 0 0 0 0.00219441 0.00772107 0.0458388 0.0604681 0.0671733 0.0775358 0.0609151 0.0617685 0.073594 0.0568108 0.0755445 0.0548602 0.0670107 0.0636378 0.0643287 0.046367 0.0373049 0.0286899 0.0247887 0.0153202 0.00654259 0.00121912 0.000365735 0 0 0
 0 0 0 0 0 0 0 0 0 0 0 0 0.000112435 0.00938835 0.0111873 0.0202946 0.0414886 0.0713402 0.111592 0.104902 0.108894 0.110636 0.117776 0.105296 0.107544 0.0401394 0.0192827 0.0124803 0.00416011 0.0028671 0.000618394 0 0 0 0 0
 0 0 0 0 0 0 0 0 0 0 0.00291406 0.0102884 0.027416 0.0768956 0.0749926 0.110853 0.0956884 0.0897413 0.0766577 0.0534642 0.0500743 0.0551293 0.0594112 0.0620874 0.0668451 0.0424026 0.0208742 0.0120726 0.0048766 0.00582813 0.00118941 0.000297354 0 0 0 0
 0 0.00264628 0.0354308 0.0461629 0.0458689 0.0383711 0.0214643 0.0164657 0.0346957 0.0420465 0.0363128 0.0245516 0.0311673 0.0291091 0.0169068 0.0133784 0.00837989 0.0085269 0.0148486 0.0160247 0.0276389 0.0546898 0.0760071 0.122758 0.109233 0.0665981 0.0333725 0.0166128 0.00676272 0.00308733 0.000882094 0 0 0 0 0
 0 0 0 0 0 0 0 0.000805153 0.000690131 0.00759144 0.0133425 0.0154129 0.00931677 0.000345066 0.00356568 0.00563607 0.00851162 0.0253048 0.0502646 0.0516448 0.0657925 0.0565908 0.0611916 0.0827007 0.0866115 0.110766 0.145733 0.0935128 0.0569358 0.0249597 0.0138026 0.00621118 0.00161031 0.00115022 0 0
 0 0 0 0 0 0 0 0 0 0 0 0 0 0 0 0 0 0 0 0 0 0 0 0 0 0 0 0 0 0 0 0 0 0 0 0
 0.00147267 0.00158595 0.00478618 0.00569244 0.00954404 0.0108468 0.00647125 0.017049 0.0510054 0.094081 0.124002 0.0959785 0.0687766 0.0820023 0.061753 0.0591476 0.0492212 0.0479892 0.0443925 0.0268479 0.0217502 0.0140895 0.0121071 0.0120363 0.00920419 0.00665534 0.0049561 0.00860946 0.00930331 0.0156896 0.0114698 0.00855282 0.00243557 0.00046729 0 2.83206e-05
 0 0 0 0 0.000772559 0.00158375 0.000888443 0.00281984 0.00712685 0.0440552 0.0773331 0.111326 0.0921469 0.0852325 0.0710754 0.0886704 0.0786465 0.0553345 0.0373146 0.0185414 0.00753245 0.00457741 0.012979 0.0271748 0.0457355 0.0583668 0.034881 0.0177882 0.00938659 0.00492506 0.0015258 0.00185414 0.000309023 5.79419e-05 3.86279e-05 0
 0 0.00173294 0.00326652 0 0.00397197 0.00683976 0.00946217 0.0152591 0.00757587 0.0136028 0.0228656 0.0392903 0.0559909 0.0764795 0.0681675 0.0726916 0.0566044 0.0477403 0.0527397 0.0444891 0.0609904 0.0582453 0.0661739 0.0445044 0.0529084 0.0360697 0.0280645 0.0235558 0.0158879 0.00826598 0.00280645 0.00217768 0.000904811 0.00058276 9.20147e-05 0
 0 0 0 0 0 0 0 0 0 0 0 0 0 0 0 0 0 0 0 0 0 0 0 0 0 0 0 0 0 0 0 0 0 0 0 0
 0 0 0 0 0 0 0 0 0 0 0 0 0 0 0 0 0 0 0 0 0 0 0 0 0 0 0 0 0 0 0 0 0 0 0 0
 0 0 0 0 0 0 0 0 0 0 0 0 0 0 0 0 0 0 0 0 0 0 0 0 0 0 0 0 0 0 0 0 0 0 0 0
ppred_pel_tallas
 1.02994e-16 2.12244e-05 0.000124535 0.00059191 0.00227876 0.007106 0.0179494 0.0367288 0.0608893 0.0817945 0.089066 0.0786992 0.0566336 0.0336544 0.0174618 0.00962116 0.00793125 0.00975324 0.0134399 0.018181 0.0234786 0.0288415 0.0337237 0.0375916 0.0400306 0.040831 0.0400245 0.0378548 0.0347005 0.0309769 0.0270514 0.0231945 0.0195709 0.0162596 0.0132872 0.0106565
 1.02783e-16 2.66684e-05 0.000156504 0.000743912 0.00286404 0.00893119 0.0225596 0.0461609 0.0765206 0.102777 0.111871 0.09875 0.0708446 0.0416609 0.0208095 0.0101762 0.00691054 0.00763127 0.0102487 0.0137957 0.0177827 0.0218081 0.0254519 0.0283113 0.0300795 0.0306104 0.0299441 0.0282817 0.0259231 0.0231886 0.0203529 0.0176078 0.0150577 0.0127389 0.0106491 0.00877351
 1.03293e-16 1.56099e-05 9.15588e-05 0.000435107 0.00167498 0.00522308 0.0131936 0.0269991 0.0447667 0.0601587 0.0655655 0.0580736 0.0420948 0.025624 0.0144124 0.00971776 0.0100269 0.0134705 0.0188359 0.0254183 0.0326199 0.0397405 0.0459852 0.0505943 0.0530086 0.0529962 0.0507005 0.0465849 0.0413043 0.0355437 0.0298807 0.0247053 0.0202077 0.0164172 0.0132656 0.0106474
 1.03721e-16 2.43998e-05 0.000143186 0.000680598 0.00262027 0.00817098 0.0206394 0.042232 0.0700083 0.0940315 0.102358 0.0903641 0.0648548 0.0381922 0.0191785 0.00955154 0.00671911 0.00760455 0.010312 0.0139683 0.0181301 0.0224244 0.0264492 0.0298073 0.0321785 0.033383 0.0334076 0.0323882 0.030557 0.0281773 0.0254868 0.0226666 0.0198376 0.0170753 0.0144308 0.011947
 1.02223e-16 2.87792e-05 0.000168897 0.000802833 0.00309091 0.00963866 0.0243466 0.0498172 0.0825804 0.110912 0.120718 0.106538 0.0763854 0.0448254 0.0222151 0.0105711 0.00679721 0.00722681 0.009595 0.0128612 0.0165173 0.0201666 0.0234051 0.0258526 0.0272273 0.0274082 0.026458 0.0245966 0.0221371 0.0194076 0.0166834 0.0141497 0.0118966 0.00993924 0.00824965 0.00678569
 1.02484e-16 1.93854e-05 0.00011373 0.00054052 0.00208087 0.00648885 0.0163907 0.0335403 0.055607 0.0747098 0.0813812 0.0719794 0.0519513 0.0311791 0.016739 0.0101124 0.00933708 0.012031 0.0166771 0.0224644 0.028803 0.0350553 0.0405109 0.0444946 0.0465111 0.0463588 0.0441713 0.0403694 0.0355447 0.0303168 0.0252081 0.0205724 0.0165824 0.0132637 0.0105512 0.00834321
 1.01865e-16 3.19128e-05 0.000187301 0.000890343 0.00342787 0.0106895 0.0270008 0.0552472 0.0915786 0.122988 0.133837 0.118057 0.0845172 0.049341 0.0239771 0.0106173 0.00578466 0.00538427 0.00690653 0.00924464 0.0119337 0.014677 0.0171913 0.0192069 0.0205143 0.0210063 0.0206955 0.0197 0.0182046 0.0164118 0.0145 0.0125997 0.0107899 0.00910874 0.00757073 0.00618087
 1.01283e-16 2.72994e-05 0.000160203 0.000761487 0.00293169 0.00914212 0.0230925 0.0472517 0.0783301 0.105211 0.114532 0.101124 0.0726036 0.0428065 0.021586 0.0108884 0.00780893 0.00888847 0.0119714 0.0160258 0.0204823 0.0248417 0.0285812 0.0312135 0.0323888 0.0319768 0.030096 0.0270764 0.0233716 0.0194512 0.0157073 0.0123995 0.00964642 0.00745089 0.0057442 0.00442882
 1.01192e-16 3.04386e-05 0.00017864 0.000849156 0.00326926 0.0101949 0.0257515 0.0526916 0.0873445 0.117308 0.127673 0.112661 0.0807423 0.0473152 0.0233241 0.0108894 0.00672284 0.00693527 0.00912626 0.0122 0.0156354 0.0190401 0.0220209 0.0242095 0.0253346 0.0252827 0.0241209 0.0220716 0.0194512 0.0165931 0.0137814 0.0112117 0.00898369 0.00711899 0.00558969 0.00434671
 1.00983e-16 3.02671e-05 0.000177632 0.000844358 0.00325078 0.0101372 0.025606 0.052394 0.0868517 0.116648 0.126959 0.112041 0.0803211 0.0471143 0.0233102 0.0110242 0.00699324 0.00735312 0.00971322 0.012971 0.0165853 0.0201354 0.0231965 0.0253739 0.0263824 0.0261116 0.0246502 0.0222567 0.0192907 0.0161264 0.0130792 0.010361 0.00807303 0.00622556 0.00477155 0.0036399
 1.01527e-16 2.30899e-05 0.000135483 0.000643948 0.00247911 0.00773076 0.0195276 0.0399582 0.0662432 0.0889874 0.0969005 0.0856269 0.0616297 0.0366437 0.0190471 0.0105416 0.00872619 0.0107163 0.0146953 0.0197453 0.0252789 0.030713 0.0354129 0.0387795 0.0403766 0.0400318 0.037874 0.0342891 0.0298172 0.0250225 0.020382 0.0162189 0.012691 0.00981962 0.00754025 0.00575153
 1.02338e-16 2.38408e-05 0.000139897 0.000664947 0.00255998 0.00798297 0.0201646 0.041261 0.068401 0.0918795 0.100033 0.0883545 0.0635053 0.0375836 0.0192157 0.0101298 0.00782029 0.00929474 0.0126878 0.0170965 0.0219969 0.0269005 0.031278 0.0346213 0.0365467 0.036878 0.0356797 0.0332245 0.0299139 0.0261776 0.0223865 0.0188024 0.0155693 0.0127357 0.0102908 0.00819925
 1.01381e-16 3.27077e-05 0.000191967 0.000912523 0.00351326 0.0109558 0.0276734 0.0566236 0.0938602 0.126053 0.137173 0.121003 0.0866311 0.0505857 0.0246008 0.0109232 0.00598821 0.00559509 0.00716422 0.0095494 0.0122585 0.0149702 0.017379 0.0192005 0.0202227 0.0203523 0.0196321 0.0182219 0.0163527 0.0142688 0.0121785 0.0102252 0.00848361 0.00697279 0.00567845 0.00457338
 1.00409e-16 3.67728e-05 0.000215837 0.00102601 0.00395025 0.0123185 0.0311155 0.063666 0.105532 0.141721 0.154206 0.135986 0.0972672 0.0566123 0.0271869 0.0114825 0.00545549 0.00435387 0.00526646 0.00692202 0.00881907 0.0106804 0.0122679 0.0133686 0.0138314 0.0136017 0.0127332 0.0113725 0.00971993 0.00798302 0.00633499 0.00489077 0.00370262 0.00277128 0.00206497 0.00153836
 1.00175e-16 3.76071e-05 0.000220736 0.00104931 0.00403993 0.0125982 0.0318219 0.0651113 0.107927 0.144936 0.157701 0.139061 0.0994509 0.0578508 0.0277206 0.0116024 0.00535414 0.0041111 0.00489395 0.00640552 0.0081419 0.00983421 0.0112571 0.0122115 0.012558 0.0122495 0.0113421 0.00998013 0.00835862 0.00667857 0.00510725 0.00375483 0.00266993 0.00185014 0.00126042 0.000851699
 1.00265e-16 3.27925e-05 0.00019246 0.000914857 0.00352223 0.0109837 0.0277441 0.0567686 0.094102 0.126382 0.137542 0.121354 0.0869389 0.0508786 0.0249532 0.0114325 0.00675767 0.00672281 0.00872985 0.011594 0.0147607 0.0178263 0.0203968 0.022113 0.0227225 0.0221403 0.0204701 0.0179752 0.0150119 0.0119467 0.00908486 0.00662708 0.0046617 0.00318376 0.00212845 0.00140516
 1.00748e-16 2.83708e-05 0.000166495 0.000791399 0.00304686 0.00950129 0.0239997 0.0491078 0.0814063 0.10934 0.119021 0.105073 0.0754061 0.0443936 0.0222655 0.011033 0.00766536 0.008559 0.0114722 0.0153418 0.0195977 0.0237538 0.027305 0.0297811 0.0308444 0.0303684 0.0284671 0.0254593 0.0217852 0.017903 0.0141981 0.0109299 0.00822151 0.00608273 0.00445113 0.00323246
 1.01124e-16 2.91279e-05 0.000170943 0.000812554 0.00312833 0.00975535 0.0246414 0.0504204 0.0835809 0.112257 0.122186 0.107842 0.0773404 0.0454253 0.0225853 0.0108675 0.00714314 0.00770294 0.0102498 0.0137167 0.0175661 0.021365 0.0246697 0.0270645 0.028245 0.0280871 0.0266732 0.0242624 0.0212206 0.017932 0.014723 0.0118173 0.00932709 0.00727314 0.00561818 0.00429978
 1.01491e-16 2.52603e-05 0.00014823 0.000704558 0.00271249 0.00845855 0.0213659 0.0437191 0.0724756 0.097352 0.105989 0.0936102 0.0672719 0.0397901 0.0203007 0.0106282 0.008109 0.00956155 0.012997 0.017446 0.0223424 0.0271622 0.0313449 0.0343624 0.0358291 0.0355906 0.0337564 0.0306616 0.0267767 0.0225937 0.0185289 0.0148649 0.0117405 0.00917639 0.00711934 0.00548467
 1.01585e-16 2.9106e-05 0.000170816 0.000811954 0.00312602 0.00974817 0.0246232 0.0503831 0.0835186 0.112172 0.122089 0.107746 0.0772491 0.0453268 0.0224536 0.0106681 0.00683788 0.00725409 0.00962587 0.0129011 0.0165666 0.020222 0.0234586 0.0258907 0.0272303 0.0273505 0.02631 0.0243277 0.0217201 0.0188234 0.0159254 0.0132267 0.0108335 0.00877525 0.00703373 0.0055709
 1.01435e-16 2.72541e-05 0.000159938 0.00076023 0.00292685 0.00912705 0.0230544 0.0471737 0.0782004 0.105036 0.114339 0.100947 0.0724625 0.0426956 0.0214792 0.0107525 0.00761201 0.00860368 0.0115792 0.015518 0.0198681 0.0241516 0.0278684 0.0305491 0.0318519 0.031641 0.0300154 0.0272745 0.0238373 0.020141 0.0165542 0.0133259 0.0105761 0.00832033 0.00650829 0.00506301
 1.019e-16 2.44953e-05 0.000143739 0.000683208 0.00263028 0.00820221 0.0207184 0.0423942 0.0702795 0.0944029 0.10278 0.0907811 0.0652494 0.0386155 0.0197418 0.0104026 0.00802076 0.00951699 0.0129679 0.0174366 0.022374 0.0272681 0.0315673 0.0347481 0.0364226 0.0364264 0.0348509 0.0320074 0.028341 0.0243209 0.0203472 0.0166952 0.0135067 0.0108134 0.00857935 0.00673956
 1.02067e-16 2.67814e-05 0.000157166 0.000747053 0.00287613 0.00896887 0.0226548 0.0463559 0.0768443 0.103213 0.112351 0.0991831 0.0711771 0.0419002 0.0210096 0.0104061 0.00723303 0.00809721 0.0108958 0.0146438 0.0188259 0.0230064 0.0267281 0.0295556 0.0311622 0.031401 0.0303327 0.0281972 0.025344 0.0221449 0.0189185 0.0158871 0.0131693 0.0108001 0.00876347 0.00702303
 1.01877e-16 2.64457e-05 0.000155193 0.000737669 0.00283999 0.00885617 0.0223702 0.0457737 0.0758799 0.10192 0.110949 0.0979598 0.07033 0.041463 0.0209039 0.0105395 0.00755822 0.00861429 0.0116276 0.0156098 0.0200233 0.0243984 0.02824 0.0310801 0.0325739 0.0325766 0.031173 0.0286445 0.0253907 0.0218314 0.0183218 0.0151044 0.0123002 0.00993224 0.00796328 0.00633221
 1.03743e-16 8.63778e-06 5.06153e-05 0.000240431 0.000925386 0.00288548 0.00728913 0.0149191 0.0247476 0.0332882 0.0363637 0.0324072 0.0239221 0.0154226 0.0102178 0.00916062 0.0115728 0.0165364 0.0233994 0.0316442 0.0406403 0.0495455 0.0573765 0.0631867 0.0662738 0.0663392 0.0635477 0.0584619 0.0518853 0.0446644 0.037519 0.0309434 0.0251893 0.0203118 0.016244 0.0128697
pSPR Fmed_Fpbrs
0.39896   0.6 0.325
Fs Fmed_Fpbrs
0.827197   0.363005 1.16154
SSBpbr Bo_Bmed_Bpbrs
759276  264957  417602 208801
Ro
25848.3
SPR SPRFo_SPRFmed_SPRFpbrs
532721 212534 173134
log_Ro
9.98
likeval ReclasPelacesDesembMPH_pf_preclas_ppelaces_ptallas_desvR_qrecl_qpela
 68.9919 12.9044 0.0527581 0.00017407 294.102 187.605 72.3048 0 21.1413 1.22963e-05 0.00021812 1.40937e-15 0 0 0
q_reclas_q_pelaces
1.64362 8.17571
M
0.7
N
 28719.3 13768.6 5531.88 695.342 0.169837
 41906.4 13307 3953.67 1588.48 199.717
 11426.8 19146.4 3419.54 1015.99 459.52
 16545 4801.87 2539.87 453.619 195.734
 41593.9 7747.44 1498.94 792.837 202.7
 24440.5 20418.1 3511.97 679.479 451.285
 64155.1 10935.5 4447.7 765.019 246.316
 62190.8 29425.2 2897.49 1178.47 267.965
 78301.3 27369.7 5623.77 553.772 276.444
 116444 33850.8 4543.18 933.509 137.81
 67248 52748.2 8129.84 1091.12 257.295
 48039.4 28887.9 8326.16 1283.27 212.844
 52028.2 20834.5 4917.68 1417.39 254.689
 28576 20731.5 1815.18 428.445 145.677
 13360.7 9576.06 459.384 40.2221 12.7219
 10549.8 4418.56 191.156 9.17014 1.05686
 8153.89 4355.37 509.425 22.0387 1.17909
 9451.77 3464.18 629.95 73.682 3.35817
 8989.05 4172.98 679.039 123.481 15.1012
 12814.3 4074.17 1006.49 163.779 33.425
 18775.8 5720.03 871.051 215.186 42.162
 22430.3 8856.32 1891.35 288.016 85.0933
 31951.3 10489.1 2735.06 584.097 115.226
 39035.8 14698.8 2846.06 742.117 189.751
 7700.24 17819 3750.7 726.232 237.785
pred_Ctot
 1388.01 4308.65 1731.11 217.595 0.0531477
 2421.05 4793.76 1424.29 572.242 71.9468
 1275.82 10851.8 1938.13 575.841 260.447
 680.867 1317.06 696.638 124.419 53.686
 343.236 488.136 94.4421 49.9536 12.7713
 1750.21 8635.05 1485.26 287.36 190.854
 3540.16 3801.66 1546.21 265.954 85.6302
 5123.72 13733.4 1352.33 550.02 125.066
 7346.58 13928.8 2862.01 281.822 140.686
 7390.43 13098.7 1758 361.225 53.3263
 6581.19 27578.4 4250.54 570.473 134.522
 4409.59 14493.6 4177.39 643.842 106.788
 7487.47 13564 3201.57 922.766 165.811
 6834.96 16547.1 1448.81 341.969 116.274
 3285.16 7706.43 369.694 32.3691 10.238
 1293.23 2642.46 114.318 5.48407 0.632038
 854.752 2376.69 277.989 12.0264 0.643421
 759.123 1588.74 288.907 33.792 1.54012
 567.3 1607.91 261.644 47.5791 5.81872
 937.498 1749.72 432.255 70.3379 14.355
 679.021 1406.96 214.253 52.9296 10.3706
 943.836 2474.49 528.45 80.4728 23.7754
 1698.62 3541.45 923.439 197.209 38.9037
 2278.42 5337.07 1033.39 269.46 68.8976
 438.978 6353.49 1337.34 258.943 84.784
F
 0.0692804 0.547748 0.547748 0.547748 0.547748
 0.0833246 0.658784 0.658784 0.658784 0.658784
 0.166957 1.32 1.32 1.32 1.32
 0.0587196 0.464251 0.464251 0.464251 0.464251
 0.0115331 0.0911837 0.0911837 0.0911837 0.0911837
 0.104226 0.824033 0.824033 0.824033 0.824033
 0.0794526 0.628171 0.628171 0.628171 0.628171
 0.120772 0.954849 0.954849 0.954849 0.954849
 0.1386 1.09581 1.09581 1.09581 1.09581
 0.0918797 0.726422 0.726422 0.726422 0.726422
 0.144965 1.14613 1.14613 1.14613 1.14613
 0.13541 1.07058 1.07058 1.07058 1.07058
 0.220134 1.74043 1.74043 1.74043 1.74043
 0.3933 3.10952 3.10952 3.10952 3.10952
 0.406506 3.21393 3.21393 3.21393 3.21393
 0.184701 1.46029 1.46029 1.46029 1.46029
 0.156019 1.23352 1.23352 1.23352 1.23352
 0.117572 0.929552 0.929552 0.929552 0.929552
 0.0913404 0.722159 0.722159 0.722159 0.722159
 0.106589 0.842721 0.842721 0.842721 0.842721
 0.0514383 0.406683 0.406683 0.406683 0.406683
 0.0600765 0.474979 0.474979 0.474979 0.474979
 0.0764461 0.604401 0.604401 0.604401 0.604401
 0.0842149 0.665823 0.665823 0.665823 0.665823
 0.0821812 0.649744 0.649744 0.649744 0.649744
nmprior
 10 11 7 0
nm_flota  nm_reclas  nm_pelaces    nm_pelaL
inf 28.9084 12.7863 21.2861
cv_recla  cv_pelaces  cv_mph
0.751318 0.422701 0.428056
 ------------------------------------------------
Talla a la edad & desviación 
 7.2 14.2025 17.0495 18.207 18.6776
 1.08 2.13037 2.55742 2.73105 2.80164
