years
 1997 1998 1999 2000 2001 2002 2003 2004 2005 2006 2007 2008 2009 2010 2011 2012 2013 2014 2015 2016 2017 2018 2019 2020 2021
reclasobs
 0 0 0 370054 412103 1.49427e+06 250295 1.28982e+06 931140 785840 897777 1.04006e+06 184774 17550 25797 100020 73551 82996 120727 218422 84188 347160 605670 569463 516374
reclaspred
 3.69756e+06 738269 2.23007e+06 1.32812e+06 1.32137e+06 1.72777e+06 3.89162e+06 2.30052e+06 2.26793e+06 1.89213e+06 1.2441e+06 776895 503032 266446 189733 189872 234230 347237 399552 531064 738552 727464 1.34082e+06 1.67216e+06 2.48736e+06
pelacesobs
 0 0 0 0 0 0 0 0 0 2.06254e+06 1.5e+06 0 1.87456e+06 323000 250000 174000 83755 137374 0 501740 490994 745055 786931 1.00524e+06 0
pelacespred
 2.17178e+06 865471 866848 995386 832894 889062 1.96365e+06 1.72215e+06 1.3928e+06 1.21124e+06 680141 436010 274367 120996 86360.6 96600.4 123861 182663 222604 284898 428888 437859 607334 912300 1.36792e+06
mphobs
 0 0 0 0 0 112323 0 153150 637223 0 255016 313432 73983 77613 109348 50772 0 0 0 0 0 0 0 0 0
mphpred
 2.68603e+06 1.42058e+06 1.24489e+06 1.50856e+06 1.13341e+06 1.40557e+06 2.36419e+06 2.87848e+06 1.93311e+06 1.97916e+06 1.42499e+06 789171 549838 319318 175723 157957 180739 261819 340395 404478 576376 658314 897223 1.29261e+06 1.99581e+06
desembarqueobs
 350755 77701 442110 56441 14545 235359 269955 359681 431902 328805 639364 411747 362871 311530 167758 66681 60226 58785 57116 71774 51957 67425 138520 160799 200461
desembarquepred
 350929 77657.8 442650 56435.8 14486.2 235128 269769 359546 431224 327946 636588 410994 363608 313206 168485 66850 60455.3 58829.1 57261.1 72127.6 52264.6 67767.3 138761 161092 200517
Reclutas
 93712 98820.5 63022.8 64256.4 117880 141313 199451 61063.4 192457 84659.5 28774.8 66966.5 51688.7 30795.4 20728.2 20732.1 20402 23110.4 27212.7 41860.6 50894.3 83280.4 117648 158344 174465
log_desv_Rt
 0.387982 0.441061 -0.00874773 0.010637 0.61742 0.798731 1.14332 -0.0403323 1.10763 0.286393 -0.792744 0.0519485 -0.207005 -0.724879 -1.12075 -1.12056 -1.13661 -1.01196 -0.848559 -0.4179 -0.222493 0.269968 0.615451 0.912527 1.00948
SSB
 2.68603e+06 1.42058e+06 1.24489e+06 1.50856e+06 1.13341e+06 1.40557e+06 2.36419e+06 2.87848e+06 1.93311e+06 1.97916e+06 1.42499e+06 789171 549838 319318 175723 157957 180739 261819 340395 404478 576376 658314 897223 1.29261e+06 1.99581e+06
BT
 5.60635e+06 1.76976e+06 2.24552e+06 2.02827e+06 1.81338e+06 1.97403e+06 5.03116e+06 3.71766e+06 3.66372e+06 2.73716e+06 1.89383e+06 1.36171e+06 970490 552208 347237 269122 337801 459181 514587 694790 1.01463e+06 964237 1.37768e+06 2.1282e+06 3.04914e+06
Ftot
 0.0925164 0.102487 0.19225 0.0415418 0.0107364 0.132341 0.0676847 0.151736 0.184432 0.16812 0.483654 0.501059 0.674364 1.05224 0.818905 0.337904 0.249362 0.164499 0.139324 0.132131 0.0690889 0.0908334 0.10084 0.0939264 0.0786521
BD_Bspro_t
 0.986226 0.912364 0.862955 0.776856 0.817986 0.881491 0.863677 0.866675 0.794218 0.763683 0.678721 0.474447 0.394193 0.305398 0.204527 0.212637 0.303457 0.471819 0.596492 0.690181 0.777046 0.839356 0.857127 0.862027 0.868725
BD_Bspro
 2.04996 1.08418 0.950092 1.15133 0.86501 1.07272 1.80434 2.19684 1.47534 1.51049 1.08754 0.602291 0.419633 0.243701 0.134111 0.120551 0.137939 0.199818 0.259788 0.308695 0.439887 0.502421 0.684755 0.986514 1.52319
BD_Bo
 1.617 0.85519 0.749427 0.908159 0.682314 0.846158 1.42325 1.73285 1.16374 1.19146 0.857847 0.475083 0.331004 0.19223 0.105786 0.0950902 0.108806 0.157616 0.204919 0.243497 0.34698 0.396307 0.54013 0.778156 1.20148
BD_Brms
 7.89985 4.17804 3.66133 4.43682 3.33345 4.13391 6.9533 8.46586 5.68544 5.82089 4.19102 2.32102 1.61712 0.939142 0.516818 0.464564 0.53157 0.770032 1.00113 1.1896 1.69517 1.93616 2.63881 3.80168 5.86985
S_f
 0.5 1 1 1 1
 0.5 1 1 1 1
 0.5 1 1 1 1
 0.5 1 1 1 1
 0.5 1 1 1 1
 0.5 1 1 1 1
 0.5 1 1 1 1
 0.5 1 1 1 1
 0.5 1 1 1 1
 0.5 1 1 1 1
 0.5 1 1 1 1
 0.5 1 1 1 1
 0.5 1 1 1 1
 0.5 1 1 1 1
 0.5 1 1 1 1
 0.5 1 1 1 1
 0.5 1 1 1 1
 0.5 1 1 1 1
 0.5 1 1 1 1
 0.5 1 1 1 1
 0.5 1 1 1 1
 0.5 1 1 1 1
 0.5 1 1 1 1
 0.5 1 1 1 1
 0.5 1 1 1 1
Scru_reclas
 0.5 1 1 1 1
 0.5 1 1 1 1
 0.5 1 1 1 1
 0.5 1 1 1 1
 0.5 1 1 1 1
 0.5 1 1 1 1
 0.5 1 1 1 1
 0.5 1 1 1 1
 0.5 1 1 1 1
 0.5 1 1 1 1
 0.5 1 1 1 1
 0.5 1 1 1 1
 0.5 1 1 1 1
 0.5 1 1 1 1
 0.5 1 1 1 1
 0.5 1 1 1 1
 0.5 1 1 1 1
 0.5 1 1 1 1
 0.5 1 1 1 1
 0.5 1 1 1 1
 0.5 1 1 1 1
 0.5 1 1 1 1
 0.5 1 1 1 1
 0.5 1 1 1 1
 0.5 1 1 1 1
Scru_pelaces
 0.5 1 1 1 1
 0.5 1 1 1 1
 0.5 1 1 1 1
 0.5 1 1 1 1
 0.5 1 1 1 1
 0.5 1 1 1 1
 0.5 1 1 1 1
 0.5 1 1 1 1
 0.5 1 1 1 1
 0.5 1 1 1 1
 0.5 1 1 1 1
 0.5 1 1 1 1
 0.5 1 1 1 1
 0.5 1 1 1 1
 0.5 1 1 1 1
 0.5 1 1 1 1
 0.5 1 1 1 1
 0.5 1 1 1 1
 0.5 1 1 1 1
 0.5 1 1 1 1
 0.5 1 1 1 1
 0.5 1 1 1 1
 0.5 1 1 1 1
 0.5 1 1 1 1
 0.5 1 1 1 1
pf_obs 
 0.256992 0.487395 0.22802 0.0275931 0
 0.321318 0.546541 0.124235 0.00734118 0.000564706
 0.182869 0.594174 0.210203 0.0122559 0.00049798
 0.330522 0.361315 0.267642 0.0388342 0.00168674
 0.649043 0.306663 0.0425973 0.00169635 0
 0.582887 0.30429 0.105238 0.00758474 0
 0.465427 0.430635 0.0974691 0.00646863 0
 0.296916 0.608066 0.0921331 0.00288517 0
 0.311714 0.524322 0.152257 0.0117073 0
 0.15457 0.633149 0.183074 0.0267441 0.00246327
 0.131901 0.49318 0.331252 0.0422183 0.00144891
 0.196976 0.569456 0.194076 0.0375587 0.00193317
 0.518974 0.381816 0.0799577 0.0180837 0.00116848
 0.0928022 0.601141 0.25162 0.0475244 0.00691264
 0.122501 0.610282 0.24278 0.0234846 0.000952079
 0.383417 0.481906 0.127806 0.00687128 0
 0.0376549 0.599619 0.316969 0.0457579 0
 0.0361596 0.667082 0.258105 0.0386534 0
 0.158088 0.579412 0.248529 0.0139706 0
 0.0477256 0.309471 0.559284 0.082774 0.000745712
 0.0406174 0.521527 0.379366 0.0568643 0.0016247
 0.151134 0.462217 0.34131 0.0453401 0
 0.294876 0.26143 0.354403 0.0886775 0.000613685
 0.281977 0.475581 0.204845 0.0348837 0.00271318
 0 0 0 0 0
pf_pred 
 0.389048 0.307562 0.152731 0.0758439 0.074815
 0.391833 0.344574 0.132697 0.0658953 0.0650014
 0.28655 0.406769 0.173758 0.0669152 0.0660074
 0.343626 0.301286 0.202451 0.0864805 0.0661563
 0.493005 0.260797 0.113008 0.0759369 0.0572521
 0.452245 0.362117 0.0954922 0.0413786 0.0487678
 0.493226 0.320067 0.123431 0.0325493 0.0307272
 0.179715 0.545382 0.173622 0.0669558 0.0343248
 0.527878 0.148183 0.215377 0.0685653 0.0399968
 0.261236 0.518676 0.0690781 0.100402 0.0506082
 0.14907 0.362399 0.342991 0.04568 0.0998601
 0.487649 0.147377 0.155437 0.147113 0.0624239
 0.440301 0.385103 0.0502224 0.0529693 0.071405
 0.403211 0.392751 0.140389 0.0183086 0.0453406
 0.46761 0.347021 0.121992 0.0436063 0.0197701
 0.53003 0.325442 0.0942062 0.0331174 0.0172049
 0.468801 0.378866 0.105487 0.0305354 0.0163112
 0.467073 0.348891 0.13126 0.0365463 0.0162302
 0.462082 0.348288 0.124145 0.0467057 0.0187793
 0.522849 0.305956 0.110844 0.0395097 0.0208409
 0.479791 0.361368 0.101851 0.0368995 0.0200904
 0.531785 0.305684 0.112904 0.0318217 0.0178056
 0.515666 0.338906 0.0949454 0.0350679 0.0154142
 0.49971 0.343499 0.109713 0.0307362 0.0163423
 0.442966 0.374476 0.125345 0.0400348 0.0171792
pobs_RECLAS
 0 0 0 0 0
 0 0 0 0 0
 0 0 0 0 0
 0 0 0 0 0
 0.835266 0.146461 0.0176864 0.000547809 3.91292e-05
 0.385257 0.428462 0.181853 0.0044286 0
 0.867414 0.0963971 0.0333333 0.00285562 0
 0.441836 0.489002 0.0689373 0.000224442 0
 0.779404 0.147425 0.0564933 0.0165055 0.000172143
 0.814271 0.122319 0.05973 0.00367925 0
 0.40263 0.566651 0.0304383 0.000280538 0
 0.475488 0.404961 0.113038 0.00651328 0
 0.955842 0.0263864 0.0167828 0.000988607 0
 0.975058 0.0227948 0.00214734 0 0
 0.738997 0.206755 0.0527124 0.00153531 0
 0.850938 0.134255 0.0134407 0.00136685 0
 0.542534 0.407297 0.0501686 0 0
 0.764087 0.199537 0.0359546 0.000420521 0
 0.470689 0.182191 0.310203 0.0369168 0
 0.84361 0.089868 0.0606195 0.00523954 0.000663233
 0.607945 0.314616 0.071237 0.00620181 0
 0.523733 0.453247 0.0230204 0 0
 0.530135 0.295979 0.169645 0.0042399 0
 0.562478 0.366248 0.0663022 0.0049721 0
 0.250443 0.683176 0.0655157 0.000865301 0
ppred_RECLAS
 0.389747 0.307211 0.152556 0.0757572 0.0747295
 0.392616 0.34413 0.132526 0.0658105 0.0649177
 0.287918 0.405989 0.173425 0.0667868 0.0658808
 0.343909 0.301156 0.202364 0.0864432 0.0661278
 0.493084 0.260757 0.112991 0.0759251 0.0572432
 0.453325 0.361402 0.0953038 0.041297 0.0486716
 0.49375 0.319736 0.123303 0.0325157 0.0306954
 0.180466 0.544882 0.173463 0.0668945 0.0342933
 0.529465 0.147685 0.214653 0.0683349 0.0398623
 0.262342 0.5179 0.0689747 0.100252 0.0505324
 0.151756 0.361255 0.341908 0.0455358 0.0995449
 0.493155 0.145793 0.153767 0.145532 0.0617531
 0.448466 0.379484 0.0494897 0.0521965 0.0703632
 0.418443 0.382727 0.136806 0.0178413 0.0441834
 0.478472 0.339941 0.119504 0.0427167 0.0193668
 0.533322 0.323162 0.0935462 0.0328854 0.0170843
 0.471067 0.377249 0.105037 0.0304052 0.0162416
 0.468463 0.347981 0.130917 0.036451 0.0161879
 0.463231 0.347544 0.12388 0.046606 0.0187392
 0.523935 0.305259 0.110592 0.0394198 0.0207935
 0.480326 0.360996 0.101746 0.0368615 0.0200697
 0.532502 0.305216 0.112731 0.031773 0.0177783
 0.516472 0.338343 0.0947874 0.0350095 0.0153886
 0.500457 0.342986 0.109549 0.0306904 0.0163179
 0.443574 0.374067 0.125208 0.0399911 0.0171605
pobs_PELACES
 0 0 0 0 0
 0 0 0 0 0
 0 0 0 0 0
 0 0 0 0 0
 0 0 0 0 0
 0 0 0 0 0
 0 0 0 0 0
 0 0 0 0 0
 0 0 0 0 0
 0 0 0 0 0
 0.450072 0.473896 0.0757376 0.000293798 0
 0 0 0 0 0
 0.463077 0.371075 0.160297 0.00555027 0
 0.529543 0.364841 0.0842815 0.0213345 0
 0.631943 0.363953 0.00410389 0 0
 0.735681 0.248677 0.0153453 0.000297389 0
 0.695825 0.281241 0.0229344 0 0
 0.275771 0.60734 0.115278 0.00161068 0
 0 0 0 0 0
 0.896147 0.0623911 0.0374545 0.00400742 0
 0.803859 0.145111 0.0509908 3.86294e-05 0
 0.739449 0.233085 0.0266225 0.000797448 4.60066e-05
 0.878498 0.100942 0.0204185 0.000141795 0
 0.694673 0.275183 0.0284847 0.00165964 0
 0 0 0 0 0
ppred_PELACES
 0.393383 0.30538 0.151647 0.0753057 0.0742841
 0.396656 0.341841 0.131645 0.0653728 0.0644859
 0.294465 0.402256 0.171831 0.0661728 0.0652751
 0.345457 0.300445 0.201887 0.0862392 0.0659717
 0.493527 0.260529 0.112892 0.0758588 0.0571932
 0.458742 0.357821 0.0943595 0.0408878 0.0481893
 0.496542 0.317972 0.122623 0.0323364 0.0305261
 0.184199 0.542401 0.172673 0.0665898 0.0341372
 0.537039 0.145307 0.211198 0.0672349 0.0392207
 0.267745 0.514106 0.0684694 0.0995173 0.0501623
 0.162317 0.356758 0.337651 0.0449689 0.0983056
 0.51382 0.139849 0.147498 0.139598 0.0592353
 0.476118 0.360458 0.0470085 0.0495795 0.0668355
 0.461191 0.354594 0.12675 0.0165298 0.0409356
 0.512236 0.317933 0.111767 0.0399512 0.0181129
 0.54717 0.313573 0.0907705 0.0319097 0.0165774
 0.48133 0.36993 0.102999 0.0298152 0.0159265
 0.475227 0.343553 0.129251 0.0359872 0.0159819
 0.468952 0.34384 0.122559 0.0461093 0.0185395
 0.52937 0.301774 0.10933 0.0389698 0.0205561
 0.483172 0.359019 0.101189 0.0366597 0.0199598
 0.536231 0.302781 0.111832 0.0315195 0.0176365
 0.520626 0.335436 0.0939731 0.0347088 0.0152564
 0.504331 0.340326 0.108699 0.0304523 0.0161914
 0.446779 0.371912 0.124487 0.0397607 0.0170616
pobs_pel_tallas
 0 0 0 0 0 0 0 0 0 0 0 0 0 0 0 0 0 0 0 0 0 0 0 0 0 0 0 0 0 0 0 0 0 0 0 0
 0 0 0 0 0 0 0 0 0 0 0 0 0 0 0 0 0 0 0 0 0 0 0 0 0 0 0 0 0 0 0 0 0 0 0 0
 0 0 0 0 0 0 0 0 0 0 0 0 0 0 0 0 0 0 0 0 0 0 0 0 0 0 0 0 0 0 0 0 0 0 0 0
 0 0 0 0 0 0 0 0 0 0 0 0 0 0 0 0 0 0 0 0 0 0 0 0 0 0 0 0 0 0 0 0 0 0 0 0
 0 0 0 0 0 0 0 0 0 0 0 0 0 0 0 0 0 0 0 0 0 0 0 0 0 0 0 0 0 0 0 0 0 0 0 0
 0 0 0 0 0 0 0 0 0 0 0 0 0 0 0 0 0 0 0 0 0 0 0 0 0 0 0 0 0 0 0 0 0 0 0 0
 0 0 0 0 0 0 0 0 0 0 0 0 0 0 0 0 0 0 0 0 0 0 0 0 0 0 0 0 0 0 0 0 0 0 0 0
 0 0 0 0 0 0 0 0 0 0 0 0 0 0 0 0 0 0 0 0 0 0 0 0 0 0 0 0 0 0 0 0 0 0 0 0
 0 0 0 0 0 0 0 0 0 0 0 0 0 0 0 0 0 0 0 0 0 0 0 0 0 0 0 0 0 0 0 0 0 0 0 0
 0 0 0 0 0 0 0 0 0 0 0 0 0 0 0 0 0 0 0 0 0 0 0 0 0 0 0 0 0 0 0 0 0 0 0 0
 0 0 0 0 0 0 0 0 1.78061e-05 0.00172719 0.00360574 0.0105946 0.0120993 0.0124554 0.0147524 0.0171206 0.0266825 0.0428682 0.0675386 0.121331 0.153587 0.119568 0.100827 0.0573624 0.0630603 0.0341343 0.0324427 0.0444173 0.0211091 0.0280891 0.0125444 0.00206551 0 0 0 0
 0 0 0 0 0 0 0 0 0 0 0 0 0 0 0 0 0 0 0 0 0 0 0 0 0 0 0 0 0 0 0 0 0 0 0 0
 0 0 0 0 0 0 0.0133647 0.0140871 0.0187388 0.0205184 0.03894 0.0496705 0.03968 0.0493445 0.0407372 0.0367815 0.0215668 0.0243155 0.0234873 0.0199281 0.019796 0.0243948 0.0301388 0.0376714 0.0412746 0.0863199 0.0771752 0.113111 0.0741005 0.0525337 0.0229764 0.00759418 0.00175318 0 0 0
 0 0 0 0 0 0 0 0 0 0 0.00219441 0.00772107 0.0458388 0.0604681 0.0671733 0.0775358 0.0609151 0.0617685 0.073594 0.0568108 0.0755445 0.0548602 0.0670107 0.0636378 0.0643287 0.046367 0.0373049 0.0286899 0.0247887 0.0153202 0.00654259 0.00121912 0.000365735 0 0 0
 0 0 0 0 0 0 0 0 0 0 0 0 0.000112435 0.00938835 0.0111873 0.0202946 0.0414886 0.0713402 0.111592 0.104902 0.108894 0.110636 0.117776 0.105296 0.107544 0.0401394 0.0192827 0.0124803 0.00416011 0.0028671 0.000618394 0 0 0 0 0
 0 0 0 0 0 0 0 0 0 0 0.00291406 0.0102884 0.027416 0.0768956 0.0749926 0.110853 0.0956884 0.0897413 0.0766577 0.0534642 0.0500743 0.0551293 0.0594112 0.0620874 0.0668451 0.0424026 0.0208742 0.0120726 0.0048766 0.00582813 0.00118941 0.000297354 0 0 0 0
 0 0.00264628 0.0354308 0.0461629 0.0458689 0.0383711 0.0214643 0.0164657 0.0346957 0.0420465 0.0363128 0.0245516 0.0311673 0.0291091 0.0169068 0.0133784 0.00837989 0.0085269 0.0148486 0.0160247 0.0276389 0.0546898 0.0760071 0.122758 0.109233 0.0665981 0.0333725 0.0166128 0.00676272 0.00308733 0.000882094 0 0 0 0 0
 0 0 0 0 0 0 0 0.000805153 0.000690131 0.00759144 0.0133425 0.0154129 0.00931677 0.000345066 0.00356568 0.00563607 0.00851162 0.0253048 0.0502646 0.0516448 0.0657925 0.0565908 0.0611916 0.0827007 0.0866115 0.110766 0.145733 0.0935128 0.0569358 0.0249597 0.0138026 0.00621118 0.00161031 0.00115022 0 0
 0 0 0 0 0 0 0 0 0 0 0 0 0 0 0 0 0 0 0 0 0 0 0 0 0 0 0 0 0 0 0 0 0 0 0 0
 0.00147267 0.00158595 0.00478618 0.00569244 0.00954404 0.0108468 0.00647125 0.017049 0.0510054 0.094081 0.124002 0.0959785 0.0687766 0.0820023 0.061753 0.0591476 0.0492212 0.0479892 0.0443925 0.0268479 0.0217502 0.0140895 0.0121071 0.0120363 0.00920419 0.00665534 0.0049561 0.00860946 0.00930331 0.0156896 0.0114698 0.00855282 0.00243557 0.00046729 0 2.83206e-05
 0 0 0 0 0.000772559 0.00158375 0.000888443 0.00281984 0.00712685 0.0440552 0.0773331 0.111326 0.0921469 0.0852325 0.0710754 0.0886704 0.0786465 0.0553345 0.0373146 0.0185414 0.00753245 0.00457741 0.012979 0.0271748 0.0457355 0.0583668 0.034881 0.0177882 0.00938659 0.00492506 0.0015258 0.00185414 0.000309023 5.79419e-05 3.86279e-05 0
 0 0.00173294 0.00326652 0 0.00397197 0.00683976 0.00946217 0.0152591 0.00757587 0.0136028 0.0228656 0.0392903 0.0559909 0.0764795 0.0681675 0.0726916 0.0566044 0.0477403 0.0527397 0.0444891 0.0609904 0.0582453 0.0661739 0.0445044 0.0529084 0.0360697 0.0280645 0.0235558 0.0158879 0.00826598 0.00280645 0.00217768 0.000904811 0.00058276 9.20147e-05 0
 0 0 0 0 0 0 0 0 0 0 0 0 0 0 0 0 0 0 0 0 0 0 0 0 0 0 0 0 0 0 0 0 0 0 0 0
 0 0 0 0 0 0 0 0 0 0 0 0 0 0 0 0 0 0 0 0 0 0 0 0 0 0 0 0 0 0 0 0 0 0 0 0
 0 0 0 0 0 0 0 0 0 0 0 0 0 0 0 0 0 0 0 0 0 0 0 0 0 0 0 0 0 0 0 0 0 0 0 0
ppred_pel_tallas
 1.08311e-16 1.71785e-05 0.000100786 0.000479013 0.00184409 0.00575051 0.0145256 0.0297231 0.0492764 0.0661982 0.0720932 0.0637256 0.0459103 0.0273871 0.0144054 0.00825501 0.00718183 0.0090787 0.0126375 0.0172188 0.0224241 0.0278459 0.0330195 0.037481 0.040857 0.0429365 0.0437 0.0432927 0.0419594 0.0399649 0.0375307 0.0348053 0.0318695 0.0287647 0.0255275 0.0222131
 1.0724e-16 1.73226e-05 0.000101629 0.000483013 0.00185948 0.00579849 0.0146468 0.0299714 0.0496889 0.0667551 0.0727068 0.0642849 0.0463498 0.0277223 0.0147141 0.00863704 0.007732 0.00987737 0.0137457 0.0186682 0.0242014 0.0298798 0.0351754 0.0395699 0.0426585 0.0442329 0.0443129 0.0431135 0.0409665 0.0382235 0.0351778 0.0320237 0.0288588 0.0257153 0.0226004 0.0195292
 1.07894e-16 1.28692e-05 7.54775e-05 0.000358673 0.00138072 0.00430548 0.0108757 0.0222559 0.0369023 0.049591 0.0540502 0.0478791 0.0347166 0.0211567 0.0119466 0.00813395 0.0084884 0.011494 0.0161848 0.022022 0.0285596 0.0352657 0.0415188 0.0467037 0.0503373 0.0521666 0.0522081 0.0507102 0.0480629 0.0446849 0.0409314 0.0370457 0.0331597 0.0293275 0.0255712 0.0219164
 1.0901e-16 1.50886e-05 8.85166e-05 0.000420683 0.00161951 0.00505016 0.0127565 0.0261035 0.0432769 0.0581422 0.0633298 0.0560031 0.0403985 0.0242038 0.0129245 0.00771559 0.00706188 0.00913731 0.0128113 0.0175287 0.0229288 0.0286244 0.0341617 0.0390762 0.04298 0.0456315 0.0469668 0.0470779 0.0461557 0.04442 0.0420637 0.0392282 0.0360099 0.0324846 0.0287352 0.0248678
 1.06967e-16 2.15433e-05 0.000126416 0.000600869 0.00231329 0.00721368 0.0182213 0.0372846 0.0618082 0.0830214 0.0903825 0.0798162 0.0573367 0.0338702 0.017204 0.0088923 0.00666799 0.00783296 0.0107227 0.0145617 0.0189374 0.0234842 0.0278031 0.0315006 0.0342637 0.0359208 0.0364653 0.0360317 0.0348384 0.0331178 0.0310613 0.0287933 0.0263761 0.0238355 0.0211916 0.018481
 1.05113e-16 2.00305e-05 0.000117525 0.000558582 0.00215044 0.00670582 0.0169387 0.0346608 0.057462 0.0771936 0.0840645 0.0742998 0.0535111 0.0318857 0.0167028 0.00945431 0.00807667 0.0100881 0.0139318 0.018826 0.0242676 0.0297475 0.0347018 0.0385885 0.0409993 0.0417487 0.0409067 0.0387609 0.0357274 0.0322408 0.0286624 0.0252305 0.0220567 0.0191581 0.0165032 0.0140517
 1.04382e-16 2.16773e-05 0.000127196 0.000604568 0.00232751 0.00725802 0.0183334 0.0375143 0.0621905 0.0835397 0.0909592 0.080355 0.0577882 0.034266 0.0176421 0.00950176 0.00758269 0.00917956 0.0126083 0.0170527 0.0220318 0.0270864 0.0317116 0.035417 0.0378241 0.038746 0.0382185 0.03647 0.033847 0.0307216 0.0274122 0.024141 0.0210298 0.018124 0.0154285 0.012938
 1.06511e-16 8.06684e-06 4.72703e-05 0.000224544 0.000864242 0.00269482 0.00680746 0.0139331 0.0231112 0.0310848 0.0339508 0.0302428 0.0222946 0.0143155 0.00938866 0.00830328 0.0104223 0.0148929 0.021124 0.0286674 0.0369874 0.0453628 0.0529425 0.0588956 0.0625893 0.0637258 0.0623949 0.0590198 0.0542256 0.0486759 0.042934 0.0373865 0.0322352 0.0275401 0.0232829 0.019424
 1.07189e-16 2.34363e-05 0.000137539 0.000653771 0.00251701 0.00784902 0.019826 0.040567 0.0672458 0.0903136 0.0982907 0.0867271 0.062143 0.0363923 0.0179021 0.00831121 0.00510454 0.00532012 0.00716328 0.00986681 0.0131248 0.0167364 0.0204845 0.0241301 0.0274423 0.0302301 0.0323613 0.0337614 0.0344024 0.0342861 0.0334346 0.0318894 0.0297193 0.0270275 0.0239531 0.0206627
 1.06903e-16 1.17084e-05 6.86526e-05 0.000326206 0.00125568 0.00391551 0.00989077 0.0202415 0.0335664 0.0451206 0.0492108 0.0436704 0.0318347 0.0197375 0.0117455 0.00886863 0.01004 0.0139099 0.0195828 0.0264867 0.0340624 0.0416135 0.0483391 0.053473 0.0564525 0.0570453 0.0553946 0.051958 0.0473728 0.0422911 0.0372421 0.032558 0.0283717 0.0246669 0.0213515 0.0183237
 1.11048e-16 7.10546e-06 4.16424e-05 0.000197825 0.000761428 0.00237424 0.00599749 0.0122745 0.0203572 0.027372 0.0298732 0.0265573 0.0194633 0.0122757 0.00768084 0.00634324 0.00768137 0.0109502 0.0156795 0.0215832 0.0283564 0.0355729 0.0426946 0.0491528 0.0544516 0.0582544 0.0604242 0.0610075 0.0601764 0.0581559 0.0551653 0.0513913 0.0469931 0.0421231 0.0369488 0.0316604
 1.09704e-16 2.24233e-05 0.000131593 0.000625507 0.00240819 0.00750968 0.0189689 0.0388131 0.0643385 0.086409 0.0940412 0.0829777 0.0594566 0.0348193 0.0171288 0.00795317 0.00488651 0.00509617 0.00686751 0.00947102 0.0126215 0.0161383 0.0198293 0.0234847 0.026904 0.0299226 0.0324242 0.0343353 0.0356096 0.0362112 0.0361073 0.0352741 0.0337135 0.0314706 0.0286443 0.0253846
 1.05612e-16 2.07881e-05 0.000121973 0.000579729 0.00223186 0.00695974 0.01758 0.0359731 0.059637 0.0801141 0.0872413 0.0770986 0.0555073 0.0330355 0.0172315 0.00963496 0.00809394 0.0100226 0.0137975 0.0186037 0.0239229 0.0292392 0.0339882 0.037635 0.039788 0.0402868 0.0392328 0.0369461 0.03387 0.0304553 0.027064 0.0239182 0.0210993 0.0185855 0.0163041 0.0141793
 1.04396e-16 2.01373e-05 0.000118152 0.000561562 0.00216191 0.0067416 0.017029 0.0348457 0.0577684 0.0776049 0.0845117 0.0746933 0.0537907 0.0320447 0.0167727 0.00947376 0.00807308 0.0100765 0.0139213 0.0188256 0.0242888 0.0298044 0.0348084 0.0387548 0.0412262 0.0420234 0.0411998 0.0390275 0.0359115 0.0322842 0.0285146 0.0248586 0.0214525 0.0183406 0.0155154 0.0129544
 1.0391e-16 2.23616e-05 0.000131214 0.000623668 0.00240105 0.00748735 0.0189127 0.0386995 0.064155 0.0861774 0.0938284 0.0828828 0.0595911 0.0353048 0.0181209 0.00966855 0.00760728 0.00914011 0.0125258 0.0169223 0.0218383 0.0268105 0.0313321 0.0349131 0.0371784 0.0379469 0.0372629 0.0353655 0.0326123 0.0293857 0.0260126 0.0227199 0.0196302 0.0167862 0.0141863 0.0118167
 1.03262e-16 2.38847e-05 0.000140156 0.000666181 0.00256474 0.00799781 0.020202 0.0413376 0.0685275 0.0920481 0.100213 0.0885056 0.0635964 0.0376023 0.0191604 0.00999583 0.00759246 0.00894834 0.0121954 0.0164363 0.0211616 0.0259049 0.0301635 0.033456 0.0354195 0.0358889 0.0349266 0.0327902 0.0298556 0.0265204 0.0231215 0.0198896 0.0169432 0.0143132 0.0119806 0.00991067
 1.03352e-16 2.1016e-05 0.00012331 0.000586079 0.0022563 0.00703596 0.0177726 0.0363671 0.0602906 0.0809928 0.0882 0.0779506 0.056131 0.0334276 0.0174748 0.00983362 0.00833346 0.0103645 0.0142876 0.0192774 0.0248024 0.0303264 0.035257 0.039026 0.041207 0.041609 0.0403127 0.0376318 0.034021 0.0299611 0.0258604 0.0219991 0.0185213 0.0154633 0.0127982 0.010477
 1.03931e-16 2.07489e-05 0.000121744 0.000578639 0.00222767 0.00694666 0.017547 0.0359054 0.0595245 0.0799621 0.0870734 0.0769449 0.0553851 0.0329403 0.0171421 0.00952562 0.00794328 0.00981831 0.01354 0.0183112 0.0236353 0.0290188 0.033914 0.0377887 0.0402343 0.0410514 0.0402848 0.0381907 0.0351558 0.0315958 0.0278691 0.024228 0.0208135 0.017679 0.0148293 0.0122529
 1.04303e-16 2.04753e-05 0.000120137 0.000571002 0.00219826 0.00685496 0.0173154 0.0354315 0.058739 0.0789073 0.0859261 0.0759339 0.0546636 0.0325235 0.0169481 0.00945414 0.00792506 0.00982002 0.0135504 0.0183286 0.023662 0.0290588 0.0339733 0.0378754 0.0403588 0.041226 0.0405231 0.0385055 0.0355574 0.0320894 0.028453 0.0248924 0.0215403 0.0184437 0.0156031 0.0130064
 1.0395e-16 2.31081e-05 0.000135598 0.000644513 0.00248131 0.00773766 0.0195449 0.039993 0.0662985 0.0890542 0.096954 0.0856284 0.0615313 0.0363863 0.0185509 0.00969625 0.00739161 0.00873768 0.0119339 0.0161204 0.0208135 0.0255701 0.0299095 0.0333668 0.0355847 0.036389 0.0358181 0.0340939 0.0315504 0.028545 0.025383 0.0222766 0.0193406 0.016616 0.014104 0.0117955
 1.03746e-16 2.10959e-05 0.00012378 0.000588316 0.00226492 0.00706283 0.0178404 0.0365059 0.0605203 0.0813003 0.0885321 0.0782374 0.0563229 0.0335126 0.0174659 0.00974466 0.00816542 0.0101057 0.0139215 0.0187911 0.0241945 0.0296125 0.0344723 0.0382237 0.0404527 0.0409716 0.0398536 0.037396 0.0340306 0.0302137 0.0263313 0.0226467 0.019294 0.0163066 0.0136602 0.0113129
 1.03594e-16 2.34073e-05 0.000137354 0.000652864 0.00251347 0.00783792 0.0197982 0.0405112 0.0671574 0.0902077 0.098209 0.0867348 0.0623221 0.0368453 0.0187689 0.00978399 0.00742622 0.00875688 0.0119507 0.0161362 0.0208239 0.0255669 0.0298809 0.0332975 0.0354575 0.0361863 0.0355242 0.0336977 0.0310472 0.0279382 0.0246846 0.0215063 0.0185245 0.0157839 0.0132864 0.0110205
 1.03349e-16 2.27281e-05 0.000133364 0.000633887 0.00244039 0.00761003 0.0192226 0.0393337 0.0652066 0.0875909 0.0953695 0.0842494 0.060585 0.035916 0.0184752 0.00992094 0.00787615 0.0094967 0.0130069 0.0175388 0.0225753 0.0276231 0.0321452 0.035627 0.0376814 0.0381337 0.0370534 0.0347196 0.0315383 0.0279381 0.0242824 0.0208194 0.0176763 0.014885 0.012423 0.01025
 1.03457e-16 2.20178e-05 0.000129194 0.000614058 0.00236404 0.00737194 0.0186212 0.0381033 0.0631674 0.0848532 0.0923928 0.0816296 0.0587224 0.034855 0.0180092 0.00979985 0.00793312 0.00966125 0.0132675 0.0179083 0.0230714 0.0282603 0.0329303 0.0365567 0.038742 0.0393014 0.0382967 0.0360015 0.0328192 0.0291788 0.0254468 0.0218772 0.018605 0.0156715 0.0130641 0.0107518
 1.04052e-16 1.95096e-05 0.000114465 0.000544031 0.00209441 0.00653109 0.0164973 0.0337579 0.0559659 0.0751861 0.0818844 0.0723875 0.0521656 0.0311477 0.0164334 0.00948759 0.00831303 0.0105022 0.0145419 0.0196629 0.0253544 0.0310868 0.036268 0.0403249 0.0428206 0.0435487 0.0425698 0.0401745 0.0367942 0.0328893 0.0288533 0.0249598 0.0213558 0.0180894 0.0151531 0.0125208
pSPR Fmed_Fpbrs
0.738179   0.254687 0.254687
Fs Fmed_Fpbrs
0.155026   1.005 1.005
SSBpbr Bo_Bmed_Bpbrs
1.66112e+06  1.14315e+06  340010 340010
Ro
63576.6
SPR SPRFo_SPRFmed_SPRFpbrs
1.31028e+06 967223 333712
log_Ro
10.88
likeval ReclasPelacesDesembMPH_pf_preclas_ppelaces_ptallas_desvR_qrecl_qpela
 225.36 44.2992 1.11093 0.00137863 316.11 231.975 78.318 0 18.4123 0 0 0 0 0 0
q_reclas_q_pelaces
1 1
M
0.7
N
 93712 37797.6 18769.7 9320.77 9194.32
 98820.5 44432.4 17111.1 8497.13 8381.86
 63022.8 46621.5 19915.2 7669.43 7565.38
 64256.4 28427.9 19102.4 8159.9 6242.2
 117880 31252.9 13542.5 9099.96 6860.85
 141313 58224 15354 6653.17 7841.27
 199451 65680.7 25329.1 6679.43 6305.51
 61063.4 95748.5 30481.5 11754.9 6026.13
 192457 28107.7 40853.4 13005.7 7586.7
 84659.5 87152.1 11607.1 16870.3 8503.59
 28774.8 38651.2 36581.2 4871.94 10650.4
 66966.5 11219.7 11833.4 11199.6 4752.3
 51688.7 25885 3375.74 3560.37 4799.55
 30795.4 18321.2 6548.92 854.065 2115.06
 20728.2 9036.28 3176.64 1135.49 514.805
 20732.1 6834.89 1978.51 695.529 361.335
 20402 8694.86 2420.89 700.78 374.337
 23110.4 8943.73 3364.81 936.856 416.057
 27212.7 10570.2 3767.66 1417.47 569.932
 41860.6 12604.1 4566.33 1627.64 858.562
 50894.3 19458.4 5484.32 1986.91 1081.8
 83280.4 24415.2 9017.71 2541.63 1422.15
 117648 39519.6 11071.5 4089.23 1797.44
 158344 55549.5 17742.4 4970.57 2642.83
 174465 75024.1 25112.1 8020.73 3441.76
pred_Ctot
 3054.69 2414.88 1199.2 595.503 587.424
 3560.56 3131.12 1205.81 598.788 590.664
 4177.03 5929.46 2532.87 975.42 962.187
 951.084 833.896 560.343 239.36 183.107
 454.012 240.17 104.07 69.9307 52.7238
 6532 5230.24 1379.24 597.652 704.379
 4782.4 3103.42 1196.8 315.604 297.936
 3222.55 9779.5 3113.3 1200.62 615.493
 12257.7 3440.91 5001.21 1592.14 928.754
 4932.62 9793.57 1304.32 1895.78 955.577
 4507.51 10958 10371.2 1381.25 3019.52
 10827.8 3272.36 3451.34 3266.5 1386.06
 10847.6 9487.7 1237.32 1304.99 1759.19
 9336.68 9094.46 3250.82 423.949 1049.9
 5127.43 3805.14 1337.67 478.15 216.782
 2340.43 1437.04 415.982 146.235 75.9707
 1732.34 1400.01 389.801 112.836 60.274
 1318.54 984.914 370.544 103.17 45.8177
 1322.22 996.608 355.234 133.646 53.7361
 1931.96 1130.52 409.576 145.991 77.0085
 1245.27 937.911 264.349 95.7706 52.1435
 2666.25 1532.63 566.074 159.547 89.2733
 4172.32 2742.14 768.215 283.739 124.718
 5238.53 3600.94 1150.13 322.212 171.319
 4849.44 4099.63 1372.23 438.287 188.072
F
 0.0462582 0.0925164 0.0925164 0.0925164 0.0925164
 0.0512433 0.102487 0.102487 0.102487 0.102487
 0.0961251 0.19225 0.19225 0.19225 0.19225
 0.0207709 0.0415418 0.0415418 0.0415418 0.0415418
 0.00536822 0.0107364 0.0107364 0.0107364 0.0107364
 0.0661707 0.132341 0.132341 0.132341 0.132341
 0.0338423 0.0676847 0.0676847 0.0676847 0.0676847
 0.0758678 0.151736 0.151736 0.151736 0.151736
 0.0922159 0.184432 0.184432 0.184432 0.184432
 0.0840602 0.16812 0.16812 0.16812 0.16812
 0.241827 0.483654 0.483654 0.483654 0.483654
 0.250529 0.501059 0.501059 0.501059 0.501059
 0.337182 0.674364 0.674364 0.674364 0.674364
 0.526118 1.05224 1.05224 1.05224 1.05224
 0.409453 0.818905 0.818905 0.818905 0.818905
 0.168952 0.337904 0.337904 0.337904 0.337904
 0.124681 0.249362 0.249362 0.249362 0.249362
 0.0822494 0.164499 0.164499 0.164499 0.164499
 0.069662 0.139324 0.139324 0.139324 0.139324
 0.0660653 0.132131 0.132131 0.132131 0.132131
 0.0345445 0.0690889 0.0690889 0.0690889 0.0690889
 0.0454167 0.0908334 0.0908334 0.0908334 0.0908334
 0.05042 0.10084 0.10084 0.10084 0.10084
 0.0469632 0.0939264 0.0939264 0.0939264 0.0939264
 0.039326 0.0786521 0.0786521 0.0786521 0.0786521
nmprior
 10 11 7 0
nm_flota  nm_reclas  nm_pelaces    nm_pelaL
inf 8.10495 9.91926 15.6955
cv_recla  cv_pelaces  cv_mph
1.35789 0.783181 1.20465
 ------------------------------------------------
Talla a la edad & desviación 
 7.2 14.2025 17.0495 18.207 18.6776
 1.08 2.13037 2.55742 2.73105 2.80164
