years
 1997 1998 1999 2000 2001 2002 2003 2004 2005 2006 2007 2008 2009 2010 2011 2012 2013 2014 2015 2016 2017 2018 2019 2020 2021
reclasobs
 0 0 0 370054 412103 1.49427e+06 250295 1.28982e+06 931140 785840 897777 1.04006e+06 184774 17550 25797 100020 73551 82996 120727 218422 84188 347160 605670 569463 516374
reclaspred
 2.53644e+06 307500 404512 115602 237916 251842 532062 455417 571979 1.07287e+06 1.00969e+06 626580 375797 164932 100208 95402.9 106269 124782 105901 173180 319837 290959 427721 375830 250870
pelacesobs
 0 0 0 0 0 0 0 0 0 2.06254e+06 1.5e+06 0 1.87456e+06 323000 250000 174000 83755 137374 0 501740 490994 745055 786931 1.00524e+06 0
pelacespred
 1.43033e+06 549516 160709 108408 206639 137056 482810 388714 489515 952579 705413 442394 300031 101303 64529.4 64384.7 74252.2 88310.4 72828.5 129981 261806 222207 257179 261650 160644
mphobs
 0 0 0 0 0 112323 0 153150 637223 0 255016 313432 73983 77613 109348 50772 0 0 0 0 0 0 0 0 0
mphpred
 2.32584e+06 990531 414580 196028 113982 309557 326188 452038 481530 662975 1.24457e+06 849791 449238 257792 111043 88771.1 98016.2 116352 121239 113496 242861 327814 368145 416136 377214
desembarqueobs
 350755 77701 442110 56441 14545 235359 269955 359681 431902 328805 639364 411747 362871 311530 167758 66681 60226 58785 57116 71774 51957 67425 138520 160799 200461
desembarquepred
 350746 77683.3 441631 56421.1 14543.5 235194 269831 359109 431440 328550 638655 411351 362231 311051 167411 66631.1 60203.4 58740.9 57067.7 71702.7 51943.7 67385.2 138433 160709 200417
Reclutas
 4915.6 7163.3 1071.34 5418.87 54917.1 14518.3 56176.7 70587.2 86143.1 221532 49858.3 20883.6 55353.3 23632.2 14976.4 14581.8 9829.09 9522.74 7269.21 27504.6 32286.7 31356.9 41319.5 26549.1 331.072
log_desv_Rt
 -1.29983 -0.923275 -2.82333 -1.20236 1.11358 -0.216832 1.13626 1.3646 1.56377 2.50832 1.01694 0.146717 1.12149 0.270364 -0.185767 -0.212472 -0.606898 -0.638562 -0.908597 0.422108 0.58241 0.55319 0.829091 0.38675 -3.99766
SSB
 2.32584e+06 990531 414580 196028 113982 309557 326188 452038 481530 662975 1.24457e+06 849791 449238 257792 111043 88771.1 98016.2 116352 121239 113496 242861 327814 368145 416136 377214
BT
 2.77991e+06 1.15447e+06 539334 261742 382627 428098 1.06488e+06 1.07787e+06 1.26685e+06 2.00849e+06 1.81375e+06 1.16028e+06 897100 476572 253141 169836 181633 205501 179929 291380 509425 461359 557448 605308 464549
Ftot
 0.10586 0.196428 0.785039 0.411167 0.124658 0.757007 0.742695 1.11949 1.05194 0.538061 0.54091 0.529452 1.06877 1.72271 1.85591 0.778698 0.609843 0.488964 0.494119 0.624505 0.189387 0.221566 0.306008 0.389074 0.581664
BD_Bspro_t
 0.983314 0.873898 0.666399 0.335796 0.380969 0.679368 0.499241 0.522978 0.489118 0.521182 0.636946 0.466658 0.32194 0.24504 0.140512 0.139878 0.201013 0.299463 0.36206 0.405441 0.617771 0.735291 0.723203 0.682316 0.574461
BD_Bspro
 6.25787 2.6651 1.11546 0.527429 0.306678 0.832889 0.877634 1.21625 1.2956 1.78379 3.34861 2.28643 1.20871 0.69361 0.29877 0.238846 0.263721 0.313055 0.326203 0.305371 0.653437 0.882011 0.990524 1.11965 1.01492
BD_Bo
 2.33799 0.995702 0.416745 0.197051 0.114577 0.311173 0.32789 0.454398 0.484044 0.666436 1.25106 0.854227 0.451583 0.259138 0.111623 0.0892345 0.0985279 0.116959 0.121872 0.114089 0.244129 0.329525 0.370067 0.418309 0.379183
BD_Brms
 7.76709 3.30785 1.38448 0.65463 0.38064 1.03376 1.08929 1.50957 1.60806 2.21399 4.1562 2.83785 1.50022 0.860888 0.370825 0.296449 0.327322 0.388555 0.404873 0.379017 0.811028 1.09473 1.22941 1.38968 1.2597
S_f
 0.140202 1 1 1 1
 0.140202 1 1 1 1
 0.140202 1 1 1 1
 0.140202 1 1 1 1
 0.140202 1 1 1 1
 0.140202 1 1 1 1
 0.140202 1 1 1 1
 0.140202 1 1 1 1
 0.140202 1 1 1 1
 0.140202 1 1 1 1
 0.140202 1 1 1 1
 0.140202 1 1 1 1
 0.140202 1 1 1 1
 0.140202 1 1 1 1
 0.140202 1 1 1 1
 0.140202 1 1 1 1
 0.140202 1 1 1 1
 0.140202 1 1 1 1
 0.140202 1 1 1 1
 0.140202 1 1 1 1
 0.140202 1 1 1 1
 0.140202 1 1 1 1
 0.140202 1 1 1 1
 0.140202 1 1 1 1
 0.140202 1 1 1 1
Scru_reclas
 0.760657 1 1 1 1
 0.760657 1 1 1 1
 0.760657 1 1 1 1
 0.760657 1 1 1 1
 0.760657 1 1 1 1
 0.760657 1 1 1 1
 0.760657 1 1 1 1
 0.760657 1 1 1 1
 0.760657 1 1 1 1
 0.760657 1 1 1 1
 0.760657 1 1 1 1
 0.760657 1 1 1 1
 0.760657 1 1 1 1
 0.760657 1 1 1 1
 0.760657 1 1 1 1
 0.760657 1 1 1 1
 0.760657 1 1 1 1
 0.760657 1 1 1 1
 0.760657 1 1 1 1
 0.760657 1 1 1 1
 0.760657 1 1 1 1
 0.760657 1 1 1 1
 0.760657 1 1 1 1
 0.760657 1 1 1 1
 0.760657 1 1 1 1
Scru_pelaces
 1 1 1 1 1
 1 1 1 1 1
 1 1 1 1 1
 1 1 1 1 1
 1 1 1 1 1
 1 1 1 1 1
 1 1 1 1 1
 1 1 1 1 1
 1 1 1 1 1
 1 1 1 1 1
 1 1 1 1 1
 1 1 1 1 1
 1 1 1 1 1
 1 1 1 1 1
 1 1 1 1 1
 1 1 1 1 1
 1 1 1 1 1
 1 1 1 1 1
 1 1 1 1 1
 1 1 1 1 1
 1 1 1 1 1
 1 1 1 1 1
 1 1 1 1 1
 1 1 1 1 1
 1 1 1 1 1
pf_obs 
 0.256992 0.487395 0.22802 0.0275931 0
 0.321318 0.546541 0.124235 0.00734118 0.000564706
 0.182869 0.594174 0.210203 0.0122559 0.00049798
 0.330522 0.361315 0.267642 0.0388342 0.00168674
 0.649043 0.306663 0.0425973 0.00169635 0
 0.582887 0.30429 0.105238 0.00758474 0
 0.465427 0.430635 0.0974691 0.00646863 0
 0.296916 0.608066 0.0921331 0.00288517 0
 0.311714 0.524322 0.152257 0.0117073 0
 0.15457 0.633149 0.183074 0.0267441 0.00246327
 0.131901 0.49318 0.331252 0.0422183 0.00144891
 0.196976 0.569456 0.194076 0.0375587 0.00193317
 0.518974 0.381816 0.0799577 0.0180837 0.00116848
 0.0928022 0.601141 0.25162 0.0475244 0.00691264
 0.122501 0.610282 0.24278 0.0234846 0.000952079
 0.383417 0.481906 0.127806 0.00687128 0
 0.0376549 0.599619 0.316969 0.0457579 0
 0.0361596 0.667082 0.258105 0.0386534 0
 0.158088 0.579412 0.248529 0.0139706 0
 0.0477256 0.309471 0.559284 0.082774 0.000745712
 0.0406174 0.521527 0.379366 0.0568643 0.0016247
 0.151134 0.462217 0.34131 0.0453401 0
 0.294876 0.26143 0.354403 0.0886775 0.000613685
 0.281977 0.475581 0.204845 0.0348837 0.00271318
 0 0 0 0 0
pf_pred 
 0.00778673 0.638292 0.312819 0.0411017 1.29306e-06
 0.0243873 0.0542819 0.592693 0.290471 0.0381666
 0.00928059 0.162502 0.0460811 0.503149 0.278988
 0.143768 0.0776483 0.127706 0.0362141 0.614663
 0.653917 0.20588 0.0127144 0.0209111 0.106577
 0.0847344 0.855507 0.0355496 0.00219541 0.0220135
 0.437165 0.277256 0.266934 0.0110921 0.00755364
 0.338166 0.588968 0.0358944 0.0345581 0.00241394
 0.33324 0.578364 0.0786644 0.00479417 0.0049381
 0.467583 0.458074 0.0644865 0.00877094 0.00108513
 0.0690398 0.829781 0.0870511 0.0122548 0.00187302
 0.0594374 0.385184 0.495018 0.0519316 0.00842817
 0.299964 0.259062 0.18059 0.232085 0.0282992
 0.168798 0.699947 0.0485734 0.0338602 0.0488214
 0.242076 0.596625 0.135828 0.00942592 0.0160448
 0.287834 0.614715 0.0767116 0.0174642 0.00327492
 0.176205 0.668015 0.134463 0.0167799 0.00453649
 0.193433 0.544184 0.212767 0.0428273 0.0067894
 0.159089 0.576732 0.17824 0.0696887 0.0162512
 0.475165 0.33236 0.132007 0.0407971 0.0196707
 0.258587 0.666119 0.0476813 0.0189381 0.00867487
 0.182821 0.597984 0.196934 0.0140967 0.00816363
 0.215632 0.502027 0.206607 0.0680421 0.00769109
 0.131708 0.603508 0.169472 0.0697457 0.0255657
 0.0025904 0.565947 0.299889 0.0842125 0.0473612
pobs_RECLAS
 0 0 0 0 0
 0 0 0 0 0
 0 0 0 0 0
 0 0 0 0 0
 0.835266 0.146461 0.0176864 0.000547809 3.91292e-05
 0.385257 0.428462 0.181853 0.0044286 0
 0.867414 0.0963971 0.0333333 0.00285562 0
 0.441836 0.489002 0.0689373 0.000224442 0
 0.779404 0.147425 0.0564933 0.0165055 0.000172143
 0.814271 0.122319 0.05973 0.00367925 0
 0.40263 0.566651 0.0304383 0.000280538 0
 0.475488 0.404961 0.113038 0.00651328 0
 0.955842 0.0263864 0.0167828 0.000988607 0
 0.975058 0.0227948 0.00214734 0 0
 0.738997 0.206755 0.0527124 0.00153531 0
 0.850938 0.134255 0.0134407 0.00136685 0
 0.542534 0.407297 0.0501686 0 0
 0.764087 0.199537 0.0359546 0.000420521 0
 0.470689 0.182191 0.310203 0.0369168 0
 0.84361 0.089868 0.0606195 0.00523954 0.000663233
 0.607945 0.314616 0.071237 0.00620181 0
 0.523733 0.453247 0.0230204 0 0
 0.530135 0.295979 0.169645 0.0042399 0
 0.562478 0.366248 0.0663022 0.0049721 0
 0.250443 0.683176 0.0655157 0.000865301 0
ppred_RECLAS
 0.0410633 0.616885 0.302328 0.0397232 1.24969e-06
 0.120617 0.0489279 0.534233 0.261821 0.0344021
 0.0513514 0.155601 0.0441242 0.481783 0.26714
 0.483475 0.0468416 0.0770394 0.0218463 0.370798
 0.911672 0.0525455 0.00324501 0.005337 0.0272009
 0.34783 0.609589 0.0253308 0.00156434 0.0156857
 0.81711 0.0900927 0.0867387 0.00360433 0.00245451
 0.754642 0.218345 0.0133069 0.0128115 0.000894906
 0.748861 0.217844 0.0296294 0.00180575 0.00185997
 0.831933 0.1446 0.0203564 0.00276871 0.000342542
 0.294831 0.62853 0.0659381 0.00928259 0.00141874
 0.262483 0.302032 0.388155 0.0407208 0.00660873
 0.719267 0.103891 0.0724216 0.0930723 0.0113487
 0.572942 0.359621 0.0249562 0.0173968 0.0250836
 0.683604 0.249062 0.0567015 0.00393485 0.0066979
 0.70005 0.258906 0.0323094 0.00735558 0.00137933
 0.548283 0.366297 0.073731 0.00920105 0.00248752
 0.573702 0.28762 0.112454 0.0226357 0.00358843
 0.51506 0.332592 0.102788 0.0401883 0.00937182
 0.837265 0.103054 0.0409314 0.0126499 0.00609926
 0.656698 0.308438 0.0220782 0.00876906 0.00401679
 0.551496 0.3282 0.108086 0.0077369 0.00448056
 0.603177 0.253983 0.104526 0.0344235 0.00389103
 0.457722 0.376912 0.105841 0.0435586 0.0159666
 0.0144851 0.559197 0.296313 0.0832082 0.0467963
pobs_PELACES
 0 0 0 0 0
 0 0 0 0 0
 0 0 0 0 0
 0 0 0 0 0
 0 0 0 0 0
 0 0 0 0 0
 0 0 0 0 0
 0 0 0 0 0
 0 0 0 0 0
 0 0 0 0 0
 0.450072 0.473896 0.0757376 0.000293798 0
 0 0 0 0 0
 0.463077 0.371075 0.160297 0.00555027 0
 0.529543 0.364841 0.0842815 0.0213345 0
 0.631943 0.363953 0.00410389 0 0
 0.735681 0.248677 0.0153453 0.000297389 0
 0.695825 0.281241 0.0229344 0 0
 0.275771 0.60734 0.115278 0.00161068 0
 0 0 0 0 0
 0.896147 0.0623911 0.0374545 0.00400742 0
 0.803859 0.145111 0.0509908 3.86294e-05 0
 0.739449 0.233085 0.0266225 0.000797448 4.60066e-05
 0.878498 0.100942 0.0204185 0.000141795 0
 0.694673 0.275183 0.0284847 0.00165964 0
 0 0 0 0 0
ppred_PELACES
 0.0548314 0.608028 0.297987 0.0391529 1.23175e-06
 0.160125 0.0467297 0.510231 0.250058 0.0328565
 0.0816578 0.15063 0.0427146 0.466391 0.258606
 0.580325 0.0380586 0.0625942 0.01775 0.301272
 0.933588 0.0395076 0.00243984 0.00401275 0.0204517
 0.465 0.500069 0.0207798 0.00128328 0.0128676
 0.878808 0.0597 0.0574774 0.00238841 0.00162648
 0.84745 0.135755 0.00827353 0.00796551 0.000556404
 0.840853 0.138048 0.0187762 0.0011443 0.00117866
 0.883461 0.100266 0.0141152 0.00191984 0.00023752
 0.390553 0.543211 0.0569874 0.00802254 0.00122616
 0.352217 0.265284 0.340928 0.0357663 0.00580464
 0.820191 0.0665416 0.0463857 0.0596125 0.00726881
 0.741969 0.217285 0.0150787 0.0105113 0.0151557
 0.827861 0.135505 0.0308492 0.00214081 0.00364408
 0.792827 0.178824 0.0223158 0.00508044 0.000952691
 0.654831 0.279898 0.0563399 0.00703077 0.00190078
 0.670242 0.222485 0.0869879 0.0175096 0.00277579
 0.616337 0.263132 0.0813213 0.0317952 0.00741457
 0.889808 0.0697807 0.0277156 0.00856555 0.00412996
 0.726298 0.245906 0.0176021 0.00699124 0.00320243
 0.632546 0.268891 0.0885538 0.00633875 0.00367087
 0.68549 0.201299 0.0828439 0.027283 0.00308391
 0.553408 0.310405 0.0871654 0.0358726 0.0131493
 0.0222822 0.554773 0.293969 0.0825498 0.0464261
pobs_pel_tallas
 0 0 0 0 0 0 0 0 0 0 0 0 0 0 0 0 0 0 0 0 0 0 0 0 0 0 0 0 0 0 0 0 0 0 0 0
 0 0 0 0 0 0 0 0 0 0 0 0 0 0 0 0 0 0 0 0 0 0 0 0 0 0 0 0 0 0 0 0 0 0 0 0
 0 0 0 0 0 0 0 0 0 0 0 0 0 0 0 0 0 0 0 0 0 0 0 0 0 0 0 0 0 0 0 0 0 0 0 0
 0 0 0 0 0 0 0 0 0 0 0 0 0 0 0 0 0 0 0 0 0 0 0 0 0 0 0 0 0 0 0 0 0 0 0 0
 0 0 0 0 0 0 0 0 0 0 0 0 0 0 0 0 0 0 0 0 0 0 0 0 0 0 0 0 0 0 0 0 0 0 0 0
 0 0 0 0 0 0 0 0 0 0 0 0 0 0 0 0 0 0 0 0 0 0 0 0 0 0 0 0 0 0 0 0 0 0 0 0
 0 0 0 0 0 0 0 0 0 0 0 0 0 0 0 0 0 0 0 0 0 0 0 0 0 0 0 0 0 0 0 0 0 0 0 0
 0 0 0 0 0 0 0 0 0 0 0 0 0 0 0 0 0 0 0 0 0 0 0 0 0 0 0 0 0 0 0 0 0 0 0 0
 0 0 0 0 0 0 0 0 0 0 0 0 0 0 0 0 0 0 0 0 0 0 0 0 0 0 0 0 0 0 0 0 0 0 0 0
 0 0 0 0 0 0 0 0 0 0 0 0 0 0 0 0 0 0 0 0 0 0 0 0 0 0 0 0 0 0 0 0 0 0 0 0
 0 0 0 0 0 0 0 0 1.78061e-05 0.00172719 0.00360574 0.0105946 0.0120993 0.0124554 0.0147524 0.0171206 0.0266825 0.0428682 0.0675386 0.121331 0.153587 0.119568 0.100827 0.0573624 0.0630603 0.0341343 0.0324427 0.0444173 0.0211091 0.0280891 0.0125444 0.00206551 0 0 0 0
 0 0 0 0 0 0 0 0 0 0 0 0 0 0 0 0 0 0 0 0 0 0 0 0 0 0 0 0 0 0 0 0 0 0 0 0
 0 0 0 0 0 0 0.0133647 0.0140871 0.0187388 0.0205184 0.03894 0.0496705 0.03968 0.0493445 0.0407372 0.0367815 0.0215668 0.0243155 0.0234873 0.0199281 0.019796 0.0243948 0.0301388 0.0376714 0.0412746 0.0863199 0.0771752 0.113111 0.0741005 0.0525337 0.0229764 0.00759418 0.00175318 0 0 0
 0 0 0 0 0 0 0 0 0 0 0.00219441 0.00772107 0.0458388 0.0604681 0.0671733 0.0775358 0.0609151 0.0617685 0.073594 0.0568108 0.0755445 0.0548602 0.0670107 0.0636378 0.0643287 0.046367 0.0373049 0.0286899 0.0247887 0.0153202 0.00654259 0.00121912 0.000365735 0 0 0
 0 0 0 0 0 0 0 0 0 0 0 0 0.000112435 0.00938835 0.0111873 0.0202946 0.0414886 0.0713402 0.111592 0.104902 0.108894 0.110636 0.117776 0.105296 0.107544 0.0401394 0.0192827 0.0124803 0.00416011 0.0028671 0.000618394 0 0 0 0 0
 0 0 0 0 0 0 0 0 0 0 0.00291406 0.0102884 0.027416 0.0768956 0.0749926 0.110853 0.0956884 0.0897413 0.0766577 0.0534642 0.0500743 0.0551293 0.0594112 0.0620874 0.0668451 0.0424026 0.0208742 0.0120726 0.0048766 0.00582813 0.00118941 0.000297354 0 0 0 0
 0 0.00264628 0.0354308 0.0461629 0.0458689 0.0383711 0.0214643 0.0164657 0.0346957 0.0420465 0.0363128 0.0245516 0.0311673 0.0291091 0.0169068 0.0133784 0.00837989 0.0085269 0.0148486 0.0160247 0.0276389 0.0546898 0.0760071 0.122758 0.109233 0.0665981 0.0333725 0.0166128 0.00676272 0.00308733 0.000882094 0 0 0 0 0
 0 0 0 0 0 0 0 0.000805153 0.000690131 0.00759144 0.0133425 0.0154129 0.00931677 0.000345066 0.00356568 0.00563607 0.00851162 0.0253048 0.0502646 0.0516448 0.0657925 0.0565908 0.0611916 0.0827007 0.0866115 0.110766 0.145733 0.0935128 0.0569358 0.0249597 0.0138026 0.00621118 0.00161031 0.00115022 0 0
 0 0 0 0 0 0 0 0 0 0 0 0 0 0 0 0 0 0 0 0 0 0 0 0 0 0 0 0 0 0 0 0 0 0 0 0
 0.00147267 0.00158595 0.00478618 0.00569244 0.00954404 0.0108468 0.00647125 0.017049 0.0510054 0.094081 0.124002 0.0959785 0.0687766 0.0820023 0.061753 0.0591476 0.0492212 0.0479892 0.0443925 0.0268479 0.0217502 0.0140895 0.0121071 0.0120363 0.00920419 0.00665534 0.0049561 0.00860946 0.00930331 0.0156896 0.0114698 0.00855282 0.00243557 0.00046729 0 2.83206e-05
 0 0 0 0 0.000772559 0.00158375 0.000888443 0.00281984 0.00712685 0.0440552 0.0773331 0.111326 0.0921469 0.0852325 0.0710754 0.0886704 0.0786465 0.0553345 0.0373146 0.0185414 0.00753245 0.00457741 0.012979 0.0271748 0.0457355 0.0583668 0.034881 0.0177882 0.00938659 0.00492506 0.0015258 0.00185414 0.000309023 5.79419e-05 3.86279e-05 0
 0 0.00173294 0.00326652 0 0.00397197 0.00683976 0.00946217 0.0152591 0.00757587 0.0136028 0.0228656 0.0392903 0.0559909 0.0764795 0.0681675 0.0726916 0.0566044 0.0477403 0.0527397 0.0444891 0.0609904 0.0582453 0.0661739 0.0445044 0.0529084 0.0360697 0.0280645 0.0235558 0.0158879 0.00826598 0.00280645 0.00217768 0.000904811 0.00058276 9.20147e-05 0
 0 0 0 0 0 0 0 0 0 0 0 0 0 0 0 0 0 0 0 0 0 0 0 0 0 0 0 0 0 0 0 0 0 0 0 0
 0 0 0 0 0 0 0 0 0 0 0 0 0 0 0 0 0 0 0 0 0 0 0 0 0 0 0 0 0 0 0 0 0 0 0 0
 0 0 0 0 0 0 0 0 0 0 0 0 0 0 0 0 0 0 0 0 0 0 0 0 0 0 0 0 0 0 0 0 0 0 0 0
ppred_pel_tallas
 1.05774e-16 2.42891e-06 1.41635e-05 6.71348e-05 0.000258151 0.000804728 0.00203334 0.00416542 0.00692343 0.00935485 0.0103299 0.00946869 0.00755741 0.00598549 0.00585428 0.00761829 0.011311 0.0168505 0.024111 0.0328203 0.0424533 0.052218 0.0611516 0.0682969 0.0729024 0.0745795 0.0733682 0.0696862 0.0641929 0.057617 0.050607 0.043645 0.0370315 0.0309203 0.0253761 0.0204235
 1.17386e-16 6.99767e-06 4.10373e-05 0.000195009 0.000750691 0.00234083 0.00591274 0.0120988 0.0200577 0.0269449 0.0293425 0.025933 0.0186762 0.0111333 0.0058586 0.00340315 0.00310445 0.00419414 0.00627681 0.00927873 0.0132604 0.0182826 0.0243357 0.0313027 0.0389395 0.046873 0.0546185 0.0616197 0.0673096 0.0711844 0.072878 0.0722208 0.0692711 0.0643068 0.0577837 0.0502639
 1.28765e-16 3.57836e-06 2.09583e-05 9.9541e-05 0.000383098 0.0011945 0.00301732 0.00617516 0.0102413 0.01377 0.0150272 0.0133569 0.00978442 0.00616428 0.00385162 0.00319143 0.00391399 0.00568696 0.0083437 0.0118431 0.0161687 0.0212681 0.0270394 0.0333428 0.0400164 0.0468845 0.0537504 0.0603768 0.0664683 0.0716674 0.07558 0.0778269 0.0781133 0.0762932 0.0724136 0.0667213
 1.15588e-16 2.53186e-05 0.000148601 0.000706391 0.00271966 0.008481 0.0214222 0.043832 0.0726541 0.0975656 0.106153 0.0935914 0.0669025 0.0388583 0.0185153 0.00758497 0.00328957 0.00238374 0.00291913 0.00411359 0.00575221 0.00780085 0.0102551 0.0130974 0.0162863 0.0197502 0.0233818 0.027033 0.0305156 0.0336106 0.0360875 0.0377336 0.0383862 0.0379608 0.0364677 0.034015
 1.01142e-16 4.0723e-05 0.000239038 0.00113633 0.00437504 0.0136432 0.0344615 0.0705114 0.116875 0.156944 0.170742 0.150504 0.107511 0.06229 0.029381 0.0114937 0.00410092 0.00190746 0.00169042 0.0020933 0.00267006 0.00327402 0.00382876 0.00427561 0.00457339 0.00470565 0.00468316 0.00453874 0.00431646 0.00405907 0.00379794 0.00354838 0.00331078 0.00307594 0.00283191 0.00256988
 1.01104e-16 2.03091e-05 0.000119148 0.000566267 0.00217998 0.00679791 0.0171714 0.0351381 0.058257 0.0782727 0.0852689 0.0754336 0.0544783 0.0327626 0.0177085 0.0108757 0.0102132 0.0132209 0.0182906 0.0245361 0.0312842 0.0378005 0.0432753 0.0469535 0.0483036 0.0471473 0.0437043 0.0385301 0.0323747 0.0260075 0.0200656 0.0149646 0.0108821 0.00780003 0.00557655 0.0040189
 1.00994e-16 3.83353e-05 0.000225018 0.00106967 0.00411838 0.0128428 0.0324398 0.066375 0.11002 0.147741 0.160737 0.141701 0.101257 0.0587379 0.0278407 0.011131 0.00436329 0.00256768 0.00271988 0.00354303 0.00460451 0.00573965 0.00683804 0.00779897 0.00853781 0.00899939 0.00916539 0.00905182 0.00869926 0.00815977 0.00748557 0.00672265 0.00590949 0.00507883 0.00426019 0.00348088
 1.00462e-16 3.69709e-05 0.000217001 0.00103155 0.00397155 0.0123849 0.0312833 0.0640093 0.106101 0.142484 0.155035 0.136715 0.0977837 0.0569024 0.0273064 0.0114988 0.00541187 0.00426658 0.00513541 0.00674138 0.00858354 0.0103884 0.0119233 0.012981 0.0134158 0.0131764 0.0123182 0.0109865 0.00937895 0.00769855 0.00611359 0.004734 0.00360746 0.0027309 0.00206977 0.00157714
 1.00407e-16 3.66834e-05 0.000215312 0.00102352 0.00394064 0.0122886 0.0310399 0.0635112 0.105275 0.141376 0.153831 0.135655 0.0970308 0.0564749 0.0271214 0.011456 0.00544517 0.00434909 0.00526445 0.00692406 0.00882876 0.0107029 0.0123093 0.0134353 0.0139286 0.0137323 0.0128967 0.0115642 0.00993138 0.00820286 0.00655057 0.00509001 0.00387571 0.00291187 0.00217068 0.00161049
 1.00311e-16 3.85398e-05 0.000226214 0.00107536 0.00414024 0.012911 0.0326121 0.0667278 0.110605 0.14853 0.161604 0.142485 0.10186 0.0591729 0.0282059 0.0115507 0.00494964 0.00340945 0.00387902 0.0050457 0.00642615 0.00779182 0.00896529 0.00979123 0.0101588 0.0100261 0.00942911 0.00847039 0.00729198 0.00604167 0.00484379 0.00378199 0.00289594 0.00218912 0.00164198 0.0012251
 1.01319e-16 1.70647e-05 0.000100096 0.000475684 0.0018312 0.00571023 0.0144241 0.0295172 0.0489417 0.0657683 0.0716771 0.0634814 0.0460029 0.0279787 0.0156911 0.0105076 0.0107625 0.0143976 0.0200691 0.0269864 0.0344759 0.0417558 0.0479483 0.052227 0.0540002 0.0530531 0.0495974 0.0442072 0.0376706 0.0308038 0.02429 0.0185847 0.0138976 0.0102351 0.00747478 0.00543861
 1.06427e-16 1.53825e-05 9.02439e-05 0.000428899 0.00165115 0.00514883 0.0130057 0.0266132 0.044121 0.0592734 0.0645546 0.0570688 0.0411298 0.0245678 0.0129862 0.0075529 0.00671649 0.00861669 0.0121154 0.0166772 0.0219803 0.0276833 0.0333709 0.0385947 0.0429468 0.0461258 0.0479731 0.04847 0.0477059 0.0458338 0.043033 0.0394891 0.0353915 0.0309379 0.0263357 0.0217946
 1.03069e-16 3.57795e-05 0.000210013 0.000998338 0.00384371 0.0119863 0.0302763 0.0619484 0.102683 0.137889 0.150023 0.132263 0.0945305 0.054871 0.0260748 0.0105438 0.00432431 0.00278725 0.00311796 0.00413013 0.00542164 0.00683646 0.0082658 0.00960775 0.0107743 0.0117041 0.012368 0.0127649 0.0129107 0.0128257 0.0125258 0.0120213 0.0113211 0.0104408 0.00940848 0.0082669
 1.01355e-16 3.23748e-05 0.00019001 0.000903212 0.0034774 0.0108439 0.027391 0.0560459 0.0929036 0.124771 0.135785 0.119796 0.0858061 0.0501813 0.0245477 0.0111412 0.00644379 0.00630217 0.00815595 0.010848 0.0138517 0.0167968 0.0193249 0.0211083 0.0219141 0.0216588 0.020427 0.0184452 0.0160209 0.0134693 0.0110492 0.00892719 0.00717205 0.00577469 0.00467935 0.00381432
 1.00727e-16 3.61168e-05 0.000211986 0.00100771 0.00387976 0.0120987 0.0305603 0.0625299 0.103649 0.139192 0.151454 0.13356 0.0955341 0.0556073 0.0267118 0.0112961 0.00539084 0.00433213 0.00526477 0.00694496 0.00888514 0.0108172 0.0125094 0.0137515 0.0143896 0.0143597 0.0137006 0.0125393 0.011056 0.00944008 0.00785268 0.00640411 0.00515002 0.00410136 0.00324114 0.00254058
 1.00595e-16 3.45909e-05 0.000203024 0.000965089 0.00371566 0.0115869 0.0292677 0.0598855 0.0992667 0.133312 0.145068 0.127955 0.091584 0.0534274 0.0258877 0.0113306 0.00597401 0.0053639 0.00676361 0.00895833 0.0114331 0.0138623 0.0159448 0.0174066 0.0180512 0.0178054 0.0167348 0.0150239 0.0129267 0.0107073 0.00858664 0.00671263 0.00515401 0.0039147 0.0029577 0.00222889
 1.01222e-16 2.85778e-05 0.000167712 0.000797193 0.00306918 0.00957089 0.0241755 0.0494672 0.0820013 0.110137 0.119882 0.105818 0.0759074 0.0446222 0.0222575 0.0108285 0.00727275 0.0079556 0.0106238 0.0142246 0.0182167 0.0221549 0.0255799 0.0280607 0.0292824 0.0291172 0.0276511 0.0251541 0.0220061 0.0186056 0.0152907 0.0122923 0.00972506 0.00760898 0.00590381 0.00454365
 1.02039e-16 2.92475e-05 0.000171649 0.000815921 0.0031413 0.00979583 0.0247436 0.0506292 0.0839257 0.112717 0.122675 0.10825 0.0775792 0.0454585 0.0224044 0.0104553 0.00645505 0.00667267 0.0088112 0.0118311 0.0152479 0.0187018 0.0218285 0.0242799 0.0257897 0.0262281 0.0256255 0.0241514 0.022062 0.0196347 0.0171108 0.0146632 0.0123916 0.0103364 0.00850335 0.00688361
 1.0268e-16 2.68986e-05 0.000157855 0.000750336 0.00288877 0.00900831 0.0227544 0.0465596 0.0771814 0.103664 0.112837 0.0996023 0.0714554 0.0420185 0.0209851 0.0102564 0.00695645 0.00767309 0.0102967 0.0138491 0.0178342 0.0218445 0.0254548 0.0282596 0.0299517 0.030389 0.0296191 0.0278538 0.0254041 0.0226009 0.0197262 0.0169749 0.0144501 0.012183 0.0101637 0.00836874
 1.00904e-16 3.88153e-05 0.000227835 0.00108307 0.00416994 0.0130036 0.032846 0.0672061 0.111397 0.149591 0.162752 0.14348 0.102536 0.0594945 0.0282261 0.0113298 0.00450722 0.00272419 0.0029128 0.0037702 0.00484446 0.005953 0.00696976 0.00778454 0.00831352 0.00851506 0.00839639 0.00800717 0.00742325 0.00672639 0.00598709 0.00525506 0.00455828 0.00390808 0.00330674 0.00275404
 1.0072e-16 3.16926e-05 0.000186002 0.000884154 0.00340401 0.0106151 0.0268129 0.0548634 0.0909444 0.122142 0.132933 0.117298 0.0840567 0.0492391 0.0242372 0.0112538 0.00685829 0.00699332 0.00915058 0.0121805 0.0155338 0.0187991 0.0215693 0.023471 0.0242393 0.0237812 0.0221972 0.0197515 0.0168037 0.0137245 0.0108216 0.00829722 0.00624047 0.00464757 0.00345648 0.00258145
 1.01735e-16 2.76057e-05 0.000162006 0.000770067 0.00296474 0.0092452 0.0233528 0.0477839 0.079211 0.10639 0.115804 0.102219 0.0733298 0.0431145 0.0215205 0.0104974 0.00709122 0.00779725 0.0104468 0.0140321 0.0180397 0.0220472 0.0256147 0.0283232 0.029857 0.0300723 0.0290245 0.0269414 0.0241577 0.0210315 0.0178726 0.0149003 0.0122354 0.00991843 0.00793922 0.00626547
 1.02324e-16 2.99115e-05 0.00017555 0.000834468 0.00321272 0.0100186 0.0253061 0.0517801 0.0858327 0.115275 0.125454 0.110687 0.0792935 0.0463979 0.0227462 0.0104119 0.00615595 0.00615517 0.00806088 0.010822 0.0139688 0.0171705 0.0200985 0.0224384 0.0239473 0.0245033 0.0241262 0.0229587 0.0212208 0.0191506 0.0169554 0.0147837 0.0127215 0.0108064 0.00904916 0.007451
 1.03186e-16 2.41565e-05 0.000141753 0.000673772 0.00259396 0.00808895 0.0204323 0.0418086 0.0693081 0.093096 0.101352 0.0895076 0.0643074 0.0380047 0.0193322 0.0100314 0.00755389 0.00886091 0.0120622 0.0162522 0.0209211 0.0256057 0.0298081 0.0330522 0.0349797 0.0354278 0.0344597 0.0323319 0.0294175 0.0261108 0.0227458 0.0195505 0.0166415 0.0140485 0.0117516 0.00971538
 1.0936e-16 1.00728e-06 5.82268e-06 2.74932e-05 0.000105541 0.000328833 0.000831215 0.00170538 0.00284442 0.0038732 0.00435519 0.00417572 0.00371885 0.00364554 0.00453377 0.00672552 0.0103971 0.0156458 0.0224715 0.0306882 0.0398532 0.0492709 0.0580824 0.0654234 0.0706029 0.0732418 0.0733304 0.0711841 0.067324 0.0623276 0.0567038 0.0508249 0.0449233 0.0391285 0.0335219 0.0281769
pSPR Fmed_Fpbrs
0.510621   0.351012 0.351012
Fs Fmed_Fpbrs
0.514444   1.005 1.005
SSBpbr Bo_Bmed_Bpbrs
994807  458229  299449 299449
Ro
18033.7
SPR SPRFo_SPRFmed_SPRFpbrs
371667 189781 130459
log_Ro
9.62
likeval ReclasPelacesDesembMPH_pf_preclas_ppelaces_ptallas_desvR_qrecl_qpela
 96.9513 86.9215 0.112085 0.000539611 349.126 200.664 72.8619 0 65.0635 3.19691e-06 0 0 0 0 0
q_reclas_q_pelaces
0.776184 1
M
0.7
N
 4915.6 58786.7 28810.6 3785.47 0.119091
 7163.3 2405.05 26260.2 12869.8 1691.04
 1071.34 3460.56 981.32 10714.8 5941.18
 5418.87 476.564 783.795 222.263 3772.48
 54917.1 2540.19 156.873 258.005 1314.97
 14518.3 26798.5 1113.58 68.7707 689.568
 56176.7 6483.62 6242.24 259.389 176.642
 70587.2 25137.9 1532.02 1474.98 103.03
 86143.1 29960.9 4075.04 248.352 255.808
 221532 36911.6 5196.31 706.761 87.4397
 49858.3 102016 10702.4 1506.65 230.275
 20883.6 22950.7 29495 3094.27 502.181
 55353.3 9628.54 6712 8625.9 1051.79
 23632.2 23662.5 1642.08 1144.69 1650.46
 14976.4 9217.29 2098.41 145.621 247.876
 14581.8 5733.2 715.458 162.882 30.5438
 9829.09 6492.17 1306.79 163.077 44.0883
 9522.74 4480.99 1751.99 352.654 55.9062
 7269.21 4415.53 1364.63 533.546 124.422
 27504.6 3368.18 1337.78 413.442 199.345
 32286.7 12513.3 895.715 355.762 162.961
 31356.9 15613 5141.83 368.056 213.147
 41319.5 15095.1 6212.33 2045.91 231.258
 26549.1 19657 5519.91 2271.7 832.705
 331.072 12484 6615.13 1857.61 1044.72
pred_Ctot
 52.1247 4272.75 2094.02 275.137 0.00865578
 140.16 311.972 3406.35 1669.41 219.353
 80.8129 1415.02 401.262 4381.29 2429.35
 219.028 118.296 194.559 55.1715 936.429
 684.95 215.651 13.3178 21.9035 111.635
 1057.84 10680.3 443.807 27.4079 274.82
 4019.26 2549.07 2454.17 101.98 69.4476
 7440.9 12959.5 789.81 760.406 53.1157
 8567.59 14869.7 2022.46 123.258 126.959
 11627 11390.5 1603.53 218.099 26.983
 2630.18 31611.8 3316.35 466.867 71.3556
 1079.09 6993.04 8987.08 942.82 153.014
 5587.68 4825.77 3364.02 4323.25 527.153
 3697.81 15333.5 1064.08 741.767 1069.52
 2504.8 6173.39 1405.44 97.5317 166.018
 1091.46 2330.99 290.889 66.2241 12.4184
 582.138 2206.96 444.233 55.4367 14.9874
 455.555 1281.61 501.089 100.863 15.9898
 351.305 1273.56 393.594 153.889 35.8865
 1666.66 1165.77 463.021 143.097 68.9957
 609.356 1569.7 112.36 44.6275 20.4422
 690.99 2260.14 744.331 53.2798 30.8552
 1251.03 2912.59 1198.66 394.757 44.621
 1016.82 4659.23 1308.37 538.453 197.373
 18.7342 4093.01 2168.85 609.038 342.523
F
 0.0148418 0.10586 0.10586 0.10586 0.10586
 0.0275396 0.196428 0.196428 0.196428 0.196428
 0.110064 0.785039 0.785039 0.785039 0.785039
 0.0576465 0.411167 0.411167 0.411167 0.411167
 0.0174773 0.124658 0.124658 0.124658 0.124658
 0.106134 0.757007 0.757007 0.757007 0.757007
 0.104127 0.742695 0.742695 0.742695 0.742695
 0.156956 1.11949 1.11949 1.11949 1.11949
 0.147485 1.05194 1.05194 1.05194 1.05194
 0.0754375 0.538061 0.538061 0.538061 0.538061
 0.0758369 0.54091 0.54091 0.54091 0.54091
 0.0742303 0.529452 0.529452 0.529452 0.529452
 0.149844 1.06877 1.06877 1.06877 1.06877
 0.241528 1.72271 1.72271 1.72271 1.72271
 0.260203 1.85591 1.85591 1.85591 1.85591
 0.109175 0.778698 0.778698 0.778698 0.778698
 0.0855014 0.609843 0.609843 0.609843 0.609843
 0.0685539 0.488964 0.488964 0.488964 0.488964
 0.0692766 0.494119 0.494119 0.494119 0.494119
 0.087557 0.624504 0.624505 0.624505 0.624505
 0.0265525 0.189387 0.189387 0.189387 0.189387
 0.0310641 0.221566 0.221566 0.221566 0.221566
 0.0429031 0.306008 0.306008 0.306008 0.306008
 0.054549 0.389074 0.389074 0.389074 0.389074
 0.0815506 0.581664 0.581664 0.581664 0.581664
nmprior
 10 11 7 0
nm_flota  nm_reclas  nm_pelaces    nm_pelaL
inf 22.9076 19.1407 34.5422
cv_recla  cv_pelaces  cv_mph
0.890639 1.09705 0.753665
 ------------------------------------------------
Talla a la edad & desviación 
 7.2 14.2025 17.0495 18.207 18.6776
 1.08 2.13037 2.55742 2.73105 2.80164
