years
 1997 1998 1999 2000 2001 2002 2003 2004 2005 2006 2007 2008 2009 2010 2011 2012 2013 2014 2015 2016 2017 2018 2019 2020 2021
reclasobs
 0 0 0 370054 412103 1.49427e+06 250295 1.28982e+06 931140 785840 897777 1.04006e+06 184774 17550 25797 100020 73551 82996 120727 218422 84188 347160 605670 569463 516374
reclaspred
 418092 98440 217276 164769 294827 338881 757831 546556 701568 778794 642401 431830 268847 120140 79736.1 78872.2 95328.2 123400 122426 188310 288797 259361 418263 468730 421495
pelacesobs
 0 0 0 0 0 0 0 0 0 2.06254e+06 1.5e+06 0 1.87456e+06 323000 250000 174000 83755 137374 0 501740 490994 745055 786931 1.00524e+06 0
pelacespred
 733146 163984 213155 253528 400505 376102 1.02088e+06 845924 1.00821e+06 1.11527e+06 833701 582425 362880 132286 86581.3 92437.3 117109 154572 157434 234954 403679 354986 452821 597553 559569
mphobs
 0 0 0 0 0 112323 0 153150 637223 0 255016 313432 73983 77613 109348 50772 0 0 0 0 0 0 0 0 0
mphpred
 594889 295204 290786 260608 341613 625796 885629 1.07432e+06 1.00399e+06 1.2004e+06 1.37221e+06 991495 604639 320712 145167 119898 142839 189083 222360 244177 403473 497062 599968 775354 971159
desembarqueobs
 350755 77701 442110 56441 14545 235359 269955 359681 431902 328805 639364 411747 362871 311530 167758 66681 60226 58785 57116 71774 51957 67425 138520 160799 200461
desembarquepred
 350744 77686 441909 56438 14544.9 235376 269970 359582 431816 328738 639229 411779 362893 311640 167668 66675.4 60236.6 58777.1 57103.6 71759.5 51953.8 67411.1 138502 160789 200458
Reclutas
 31582.7 44533.6 18667.7 41162.9 74732.9 45608.9 83743.3 92322 133831 165515 66983.4 37423 44742.1 22639.5 16379 18729.6 14248.2 15024.8 15775.9 35072.6 42869.6 50091.6 71293.7 74532.8 11184
log_desv_Rt
 -0.219634 0.124 -0.745452 0.0452919 0.641676 0.147859 0.755512 0.853037 1.22434 1.43682 0.5322 -0.04996 0.12867 -0.55255 -0.876243 -0.742139 -1.01562 -0.962544 -0.913763 -0.114825 0.0859187 0.241608 0.594563 0.638995 -1.25776
SSB
 594889 295204 290786 260608 341613 625796 885629 1.07432e+06 1.00399e+06 1.2004e+06 1.37221e+06 991495 604639 320712 145167 119898 142839 189083 222360 244177 403473 497062 599968 775354 971159
BT
 1.57477e+06 430397 620533 513963 728830 857773 2.01428e+06 1.9179e+06 2.19915e+06 2.30905e+06 2.05948e+06 1.41775e+06 1.00644e+06 535852 296458 220476 258807 323995 331389 479387 764789 699251 907007 1.20486e+06 1.17186e+06
Ftot
 0.500956 0.565794 1.0648 0.258091 0.0392843 0.344028 0.232286 0.439108 0.451657 0.293846 0.495593 0.450867 0.738992 1.30605 1.33393 0.546836 0.398486 0.284079 0.253834 0.270054 0.114925 0.143583 0.18026 0.195841 0.199415
BD_Bspro_t
 0.934546 0.67975 0.577959 0.376248 0.570913 0.757008 0.701748 0.714218 0.669119 0.665033 0.667957 0.518059 0.40174 0.295816 0.178864 0.184222 0.277547 0.419803 0.51777 0.598305 0.730529 0.811872 0.812739 0.802872 0.778271
BD_Bspro
 0.733723 0.364098 0.35865 0.321428 0.421338 0.771844 1.09232 1.32505 1.2383 1.48055 1.69245 1.22289 0.745749 0.395559 0.179046 0.14788 0.176175 0.233211 0.274254 0.301163 0.497635 0.613065 0.739988 0.956304 1.19781
BD_Bo
 0.585326 0.290459 0.286112 0.256418 0.336122 0.615737 0.871392 1.05705 0.98785 1.1811 1.35015 0.975557 0.59492 0.315557 0.142833 0.117971 0.140543 0.186044 0.218785 0.240252 0.396987 0.489071 0.590324 0.76289 0.955548
BD_Brms
 1.99579 0.990378 0.975558 0.874312 1.14608 2.09948 2.97119 3.60424 3.36828 4.02721 4.60361 3.32636 2.0285 1.07596 0.487019 0.402245 0.47921 0.634355 0.745993 0.819189 1.35361 1.66759 2.01283 2.60123 3.25814
S_f
 0.164812 1 1 1 1
 0.164812 1 1 1 1
 0.164812 1 1 1 1
 0.164812 1 1 1 1
 0.164812 1 1 1 1
 0.164812 1 1 1 1
 0.164812 1 1 1 1
 0.164812 1 1 1 1
 0.164812 1 1 1 1
 0.164812 1 1 1 1
 0.164812 1 1 1 1
 0.164812 1 1 1 1
 0.164812 1 1 1 1
 0.164812 1 1 1 1
 0.164812 1 1 1 1
 0.164812 1 1 1 1
 0.164812 1 1 1 1
 0.164812 1 1 1 1
 0.164812 1 1 1 1
 0.164812 1 1 1 1
 0.164812 1 1 1 1
 0.164812 1 1 1 1
 0.164812 1 1 1 1
 0.164812 1 1 1 1
 0.164812 1 1 1 1
Scru_reclas
 1 1 1 1 1
 1 1 1 1 1
 1 1 1 1 1
 1 1 1 1 1
 1 1 1 1 1
 1 1 1 1 1
 1 1 1 1 1
 1 1 1 1 1
 1 1 1 1 1
 1 1 1 1 1
 1 1 1 1 1
 1 1 1 1 1
 1 1 1 1 1
 1 1 1 1 1
 1 1 1 1 1
 1 1 1 1 1
 1 1 1 1 1
 1 1 1 1 1
 1 1 1 1 1
 1 1 1 1 1
 1 1 1 1 1
 1 1 1 1 1
 1 1 1 1 1
 1 1 1 1 1
 1 1 1 1 1
Scru_pelaces
 1 1 1 1 1
 1 1 1 1 1
 1 1 1 1 1
 1 1 1 1 1
 1 1 1 1 1
 1 1 1 1 1
 1 1 1 1 1
 1 1 1 1 1
 1 1 1 1 1
 1 1 1 1 1
 1 1 1 1 1
 1 1 1 1 1
 1 1 1 1 1
 1 1 1 1 1
 1 1 1 1 1
 1 1 1 1 1
 1 1 1 1 1
 1 1 1 1 1
 1 1 1 1 1
 1 1 1 1 1
 1 1 1 1 1
 1 1 1 1 1
 1 1 1 1 1
 1 1 1 1 1
 1 1 1 1 1
pf_obs 
 0.256992 0.487395 0.22802 0.0275931 0
 0.321318 0.546541 0.124235 0.00734118 0.000564706
 0.182869 0.594174 0.210203 0.0122559 0.00049798
 0.330522 0.361315 0.267642 0.0388342 0.00168674
 0.649043 0.306663 0.0425973 0.00169635 0
 0.582887 0.30429 0.105238 0.00758474 0
 0.465427 0.430635 0.0974691 0.00646863 0
 0.296916 0.608066 0.0921331 0.00288517 0
 0.311714 0.524322 0.152257 0.0117073 0
 0.15457 0.633149 0.183074 0.0267441 0.00246327
 0.131901 0.49318 0.331252 0.0422183 0.00144891
 0.196976 0.569456 0.194076 0.0375587 0.00193317
 0.518974 0.381816 0.0799577 0.0180837 0.00116848
 0.0928022 0.601141 0.25162 0.0475244 0.00691264
 0.122501 0.610282 0.24278 0.0234846 0.000952079
 0.383417 0.481906 0.127806 0.00687128 0
 0.0376549 0.599619 0.316969 0.0457579 0
 0.0361596 0.667082 0.258105 0.0386534 0
 0.158088 0.579412 0.248529 0.0139706 0
 0.0477256 0.309471 0.559284 0.082774 0.000745712
 0.0406174 0.521527 0.379366 0.0568643 0.0016247
 0.151134 0.462217 0.34131 0.0453401 0
 0.294876 0.26143 0.354403 0.0886775 0.000613685
 0.281977 0.475581 0.204845 0.0348837 0.00271318
 0 0 0 0 0
pf_pred 
 0.228505 0.534135 0.211183 0.0261665 9.52142e-06
 0.301035 0.486635 0.147004 0.0581215 0.00720411
 0.14378 0.663554 0.134138 0.0405207 0.0180066
 0.378356 0.395386 0.175346 0.0354463 0.015466
 0.33978 0.532659 0.0811331 0.0359809 0.0104472
 0.14915 0.647322 0.164205 0.0250112 0.0143126
 0.280659 0.400247 0.242765 0.0615817 0.0147476
 0.24354 0.548841 0.115521 0.0700681 0.0220305
 0.300074 0.494971 0.148703 0.0312993 0.0249532
 0.272857 0.555494 0.121386 0.0364676 0.0137953
 0.108221 0.645413 0.188209 0.0411271 0.0170297
 0.102351 0.434108 0.335482 0.0978298 0.0302295
 0.20271 0.368722 0.207258 0.16017 0.0611399
 0.16574 0.575432 0.1197 0.067283 0.0718449
 0.2425 0.532258 0.155361 0.0323178 0.0375632
 0.312456 0.546308 0.0992401 0.0289673 0.0130294
 0.199322 0.626588 0.138328 0.0251281 0.0106338
 0.211078 0.510146 0.218162 0.0481623 0.0124514
 0.20643 0.516001 0.179487 0.0767568 0.021326
 0.351841 0.415091 0.151547 0.0527145 0.0288065
 0.258765 0.585053 0.100021 0.0365172 0.0196435
 0.223431 0.536579 0.189422 0.0323838 0.0181831
 0.251658 0.487416 0.18029 0.0636457 0.0169905
 0.209227 0.545347 0.159853 0.0591279 0.0264454
 0.03406 0.616141 0.241235 0.070711 0.0378535
pobs_RECLAS
 0 0 0 0 0
 0 0 0 0 0
 0 0 0 0 0
 0 0 0 0 0
 0.835266 0.146461 0.0176864 0.000547809 3.91292e-05
 0.385257 0.428462 0.181853 0.0044286 0
 0.867414 0.0963971 0.0333333 0.00285562 0
 0.441836 0.489002 0.0689373 0.000224442 0
 0.779404 0.147425 0.0564933 0.0165055 0.000172143
 0.814271 0.122319 0.05973 0.00367925 0
 0.40263 0.566651 0.0304383 0.000280538 0
 0.475488 0.404961 0.113038 0.00651328 0
 0.955842 0.0263864 0.0167828 0.000988607 0
 0.975058 0.0227948 0.00214734 0 0
 0.738997 0.206755 0.0527124 0.00153531 0
 0.850938 0.134255 0.0134407 0.00136685 0
 0.542534 0.407297 0.0501686 0 0
 0.764087 0.199537 0.0359546 0.000420521 0
 0.470689 0.182191 0.310203 0.0369168 0
 0.84361 0.089868 0.0606195 0.00523954 0.000663233
 0.607945 0.314616 0.071237 0.00620181 0
 0.523733 0.453247 0.0230204 0 0
 0.530135 0.295979 0.169645 0.0042399 0
 0.562478 0.366248 0.0663022 0.0049721 0
 0.250443 0.683176 0.0655157 0.000865301 0
ppred_RECLAS
 0.65026 0.242139 0.0957354 0.011862 4.31633e-06
 0.731134 0.187191 0.0565469 0.0223572 0.00277115
 0.528353 0.365518 0.0738897 0.0223207 0.0099189
 0.789432 0.133928 0.0593944 0.0120066 0.00523874
 0.757796 0.195408 0.029764 0.0131997 0.00383259
 0.520721 0.364633 0.0924956 0.0140887 0.00806219
 0.705806 0.163692 0.0992855 0.0251855 0.00603144
 0.667819 0.24101 0.0507283 0.0307687 0.00967417
 0.728258 0.192169 0.0577331 0.0121518 0.00968794
 0.698542 0.230296 0.0503239 0.0151187 0.00571922
 0.432279 0.410881 0.119817 0.0261822 0.0108414
 0.416128 0.282363 0.218213 0.063633 0.0196627
 0.620192 0.17565 0.0987323 0.0763011 0.0291255
 0.577996 0.291078 0.0605492 0.0340346 0.0363422
 0.689055 0.218486 0.0637741 0.0132661 0.0154193
 0.741228 0.205614 0.0373511 0.0109025 0.00490389
 0.607755 0.30696 0.0677657 0.01231 0.0052094
 0.62279 0.243918 0.104311 0.023028 0.00595343
 0.61566 0.249908 0.0869287 0.0371747 0.0103285
 0.769929 0.147341 0.0537934 0.0187116 0.0102252
 0.680621 0.252084 0.0430965 0.0157343 0.00846387
 0.63759 0.250412 0.0883998 0.0151129 0.00848572
 0.6733 0.212788 0.0787083 0.0277855 0.00741743
 0.618771 0.26291 0.0770645 0.0285054 0.0127493
 0.177873 0.524408 0.205319 0.0601833 0.0322177
pobs_PELACES
 0 0 0 0 0
 0 0 0 0 0
 0 0 0 0 0
 0 0 0 0 0
 0 0 0 0 0
 0 0 0 0 0
 0 0 0 0 0
 0 0 0 0 0
 0 0 0 0 0
 0 0 0 0 0
 0.450072 0.473896 0.0757376 0.000293798 0
 0 0 0 0 0
 0.463077 0.371075 0.160297 0.00555027 0
 0.529543 0.364841 0.0842815 0.0213345 0
 0.631943 0.363953 0.00410389 0 0
 0.735681 0.248677 0.0153453 0.000297389 0
 0.695825 0.281241 0.0229344 0 0
 0.275771 0.60734 0.115278 0.00161068 0
 0 0 0 0 0
 0.896147 0.0623911 0.0374545 0.00400742 0
 0.803859 0.145111 0.0509908 3.86294e-05 0
 0.739449 0.233085 0.0266225 0.000797448 4.60066e-05
 0.878498 0.100942 0.0204185 0.000141795 0
 0.694673 0.275183 0.0284847 0.00165964 0
 0 0 0 0 0
ppred_PELACES
 0.680974 0.220874 0.087328 0.0108203 3.93727e-06
 0.760664 0.166631 0.0503362 0.0199017 0.00246679
 0.600369 0.309706 0.0626074 0.0189125 0.00840437
 0.801013 0.126562 0.0561277 0.0113463 0.00495061
 0.759778 0.193809 0.0295205 0.0130917 0.00380123
 0.54432 0.346678 0.0879411 0.0133949 0.00766521
 0.718922 0.156394 0.094859 0.0240627 0.00576253
 0.6941 0.221942 0.0467148 0.0283343 0.00890877
 0.752182 0.175251 0.0526503 0.0110819 0.00883502
 0.715318 0.217481 0.0475234 0.0142774 0.00540096
 0.46606 0.386432 0.112687 0.0246242 0.0101963
 0.446599 0.267628 0.206825 0.0603122 0.0186365
 0.666864 0.154065 0.0865996 0.0669248 0.0255464
 0.662513 0.232782 0.0484226 0.0272183 0.0290637
 0.761941 0.167272 0.0488253 0.0101565 0.011805
 0.769072 0.183491 0.0333322 0.00972937 0.00437624
 0.633605 0.286731 0.0632998 0.0114988 0.00486609
 0.640999 0.232144 0.0992752 0.0219164 0.00566604
 0.632074 0.239235 0.0832161 0.035587 0.00988743
 0.782847 0.139068 0.0507728 0.0176609 0.00965103
 0.687467 0.246681 0.0421728 0.0153971 0.00828246
 0.646683 0.244128 0.0861818 0.0147337 0.0082728
 0.684133 0.205733 0.0760985 0.0268641 0.00717148
 0.631419 0.254187 0.0745076 0.0275596 0.0123263
 0.186053 0.51919 0.203276 0.0595845 0.0318971
pobs_pel_tallas
 0 0 0 0 0 0 0 0 0 0 0 0 0 0 0 0 0 0 0 0 0 0 0 0 0 0 0 0 0 0 0 0 0 0 0 0
 0 0 0 0 0 0 0 0 0 0 0 0 0 0 0 0 0 0 0 0 0 0 0 0 0 0 0 0 0 0 0 0 0 0 0 0
 0 0 0 0 0 0 0 0 0 0 0 0 0 0 0 0 0 0 0 0 0 0 0 0 0 0 0 0 0 0 0 0 0 0 0 0
 0 0 0 0 0 0 0 0 0 0 0 0 0 0 0 0 0 0 0 0 0 0 0 0 0 0 0 0 0 0 0 0 0 0 0 0
 0 0 0 0 0 0 0 0 0 0 0 0 0 0 0 0 0 0 0 0 0 0 0 0 0 0 0 0 0 0 0 0 0 0 0 0
 0 0 0 0 0 0 0 0 0 0 0 0 0 0 0 0 0 0 0 0 0 0 0 0 0 0 0 0 0 0 0 0 0 0 0 0
 0 0 0 0 0 0 0 0 0 0 0 0 0 0 0 0 0 0 0 0 0 0 0 0 0 0 0 0 0 0 0 0 0 0 0 0
 0 0 0 0 0 0 0 0 0 0 0 0 0 0 0 0 0 0 0 0 0 0 0 0 0 0 0 0 0 0 0 0 0 0 0 0
 0 0 0 0 0 0 0 0 0 0 0 0 0 0 0 0 0 0 0 0 0 0 0 0 0 0 0 0 0 0 0 0 0 0 0 0
 0 0 0 0 0 0 0 0 0 0 0 0 0 0 0 0 0 0 0 0 0 0 0 0 0 0 0 0 0 0 0 0 0 0 0 0
 0 0 0 0 0 0 0 0 1.78061e-05 0.00172719 0.00360574 0.0105946 0.0120993 0.0124554 0.0147524 0.0171206 0.0266825 0.0428682 0.0675386 0.121331 0.153587 0.119568 0.100827 0.0573624 0.0630603 0.0341343 0.0324427 0.0444173 0.0211091 0.0280891 0.0125444 0.00206551 0 0 0 0
 0 0 0 0 0 0 0 0 0 0 0 0 0 0 0 0 0 0 0 0 0 0 0 0 0 0 0 0 0 0 0 0 0 0 0 0
 0 0 0 0 0 0 0.0133647 0.0140871 0.0187388 0.0205184 0.03894 0.0496705 0.03968 0.0493445 0.0407372 0.0367815 0.0215668 0.0243155 0.0234873 0.0199281 0.019796 0.0243948 0.0301388 0.0376714 0.0412746 0.0863199 0.0771752 0.113111 0.0741005 0.0525337 0.0229764 0.00759418 0.00175318 0 0 0
 0 0 0 0 0 0 0 0 0 0 0.00219441 0.00772107 0.0458388 0.0604681 0.0671733 0.0775358 0.0609151 0.0617685 0.073594 0.0568108 0.0755445 0.0548602 0.0670107 0.0636378 0.0643287 0.046367 0.0373049 0.0286899 0.0247887 0.0153202 0.00654259 0.00121912 0.000365735 0 0 0
 0 0 0 0 0 0 0 0 0 0 0 0 0.000112435 0.00938835 0.0111873 0.0202946 0.0414886 0.0713402 0.111592 0.104902 0.108894 0.110636 0.117776 0.105296 0.107544 0.0401394 0.0192827 0.0124803 0.00416011 0.0028671 0.000618394 0 0 0 0 0
 0 0 0 0 0 0 0 0 0 0 0.00291406 0.0102884 0.027416 0.0768956 0.0749926 0.110853 0.0956884 0.0897413 0.0766577 0.0534642 0.0500743 0.0551293 0.0594112 0.0620874 0.0668451 0.0424026 0.0208742 0.0120726 0.0048766 0.00582813 0.00118941 0.000297354 0 0 0 0
 0 0.00264628 0.0354308 0.0461629 0.0458689 0.0383711 0.0214643 0.0164657 0.0346957 0.0420465 0.0363128 0.0245516 0.0311673 0.0291091 0.0169068 0.0133784 0.00837989 0.0085269 0.0148486 0.0160247 0.0276389 0.0546898 0.0760071 0.122758 0.109233 0.0665981 0.0333725 0.0166128 0.00676272 0.00308733 0.000882094 0 0 0 0 0
 0 0 0 0 0 0 0 0.000805153 0.000690131 0.00759144 0.0133425 0.0154129 0.00931677 0.000345066 0.00356568 0.00563607 0.00851162 0.0253048 0.0502646 0.0516448 0.0657925 0.0565908 0.0611916 0.0827007 0.0866115 0.110766 0.145733 0.0935128 0.0569358 0.0249597 0.0138026 0.00621118 0.00161031 0.00115022 0 0
 0 0 0 0 0 0 0 0 0 0 0 0 0 0 0 0 0 0 0 0 0 0 0 0 0 0 0 0 0 0 0 0 0 0 0 0
 0.00147267 0.00158595 0.00478618 0.00569244 0.00954404 0.0108468 0.00647125 0.017049 0.0510054 0.094081 0.124002 0.0959785 0.0687766 0.0820023 0.061753 0.0591476 0.0492212 0.0479892 0.0443925 0.0268479 0.0217502 0.0140895 0.0121071 0.0120363 0.00920419 0.00665534 0.0049561 0.00860946 0.00930331 0.0156896 0.0114698 0.00855282 0.00243557 0.00046729 0 2.83206e-05
 0 0 0 0 0.000772559 0.00158375 0.000888443 0.00281984 0.00712685 0.0440552 0.0773331 0.111326 0.0921469 0.0852325 0.0710754 0.0886704 0.0786465 0.0553345 0.0373146 0.0185414 0.00753245 0.00457741 0.012979 0.0271748 0.0457355 0.0583668 0.034881 0.0177882 0.00938659 0.00492506 0.0015258 0.00185414 0.000309023 5.79419e-05 3.86279e-05 0
 0 0.00173294 0.00326652 0 0.00397197 0.00683976 0.00946217 0.0152591 0.00757587 0.0136028 0.0228656 0.0392903 0.0559909 0.0764795 0.0681675 0.0726916 0.0566044 0.0477403 0.0527397 0.0444891 0.0609904 0.0582453 0.0661739 0.0445044 0.0529084 0.0360697 0.0280645 0.0235558 0.0158879 0.00826598 0.00280645 0.00217768 0.000904811 0.00058276 9.20147e-05 0
 0 0 0 0 0 0 0 0 0 0 0 0 0 0 0 0 0 0 0 0 0 0 0 0 0 0 0 0 0 0 0 0 0 0 0 0
 0 0 0 0 0 0 0 0 0 0 0 0 0 0 0 0 0 0 0 0 0 0 0 0 0 0 0 0 0 0 0 0 0 0 0 0
 0 0 0 0 0 0 0 0 0 0 0 0 0 0 0 0 0 0 0 0 0 0 0 0 0 0 0 0 0 0 0 0 0 0 0 0
ppred_pel_tallas
 1.01684e-16 2.97154e-05 0.000174396 0.000828982 0.00319159 0.00995265 0.0251397 0.0514397 0.085269 0.11452 0.124637 0.109977 0.07881 0.046165 0.022725 0.0105584 0.0064551 0.00662175 0.00872297 0.0117028 0.0150717 0.0184689 0.0215305 0.0239099 0.025342 0.0256988 0.0250128 0.0234562 0.0212891 0.0187934 0.0162157 0.0137341 0.0114523 0.00941323 0.00762224 0.0060679
 1.01569e-16 3.3188e-05 0.000194789 0.00092594 0.00356493 0.0111169 0.0280804 0.0574562 0.0952397 0.127904 0.139183 0.122764 0.0878684 0.0512598 0.0248385 0.010876 0.00574726 0.00518485 0.00657233 0.00875657 0.0112583 0.0137801 0.016045 0.0177949 0.0188355 0.0190776 0.018553 0.0173978 0.0158115 0.0140063 0.0121631 0.0104074 0.00880549 0.00737737 0.00611595 0.00500476
 1.02033e-16 2.62042e-05 0.000153774 0.000730925 0.00281402 0.00877519 0.0221656 0.0453552 0.0751864 0.100989 0.109937 0.0970712 0.0697014 0.0411115 0.0207618 0.0105252 0.00761901 0.00873009 0.0117971 0.015837 0.0203098 0.0247397 0.0286242 0.0314892 0.0329863 0.0329715 0.0315343 0.028964 0.025669 0.0220765 0.0185467 0.0153226 0.0125228 0.0101653 0.00820733 0.00658273
 1.0146e-16 3.49458e-05 0.000205112 0.000975028 0.00375394 0.0117063 0.0295692 0.0605021 0.100287 0.134678 0.146543 0.129228 0.092435 0.0538025 0.025844 0.0109301 0.00522293 0.0042147 0.00515047 0.00683724 0.00881581 0.0108396 0.0126943 0.0141807 0.0151447 0.015508 0.0152813 0.0145529 0.0134599 0.0121518 0.0107594 0.00937738 0.00806188 0.00683872 0.00571649 0.00469751
 1.0111e-16 3.31504e-05 0.000194565 0.000924874 0.00356081 0.0111041 0.028048 0.0573901 0.0951309 0.12776 0.139032 0.122645 0.0878128 0.0512874 0.0249632 0.0111185 0.00614049 0.00576967 0.00738668 0.00982133 0.0125631 0.0152724 0.0176271 0.0193309 0.0201691 0.0200573 0.0190591 0.017364 0.0152359 0.0129488 0.0107321 0.00873867 0.00703975 0.00564093 0.00450769 0.0035903
 1.0218e-16 2.37618e-05 0.000139432 0.00066273 0.00255144 0.00795633 0.0200973 0.0411235 0.0681736 0.0915757 0.0997065 0.0880766 0.0633282 0.037524 0.019268 0.0102895 0.00809751 0.00971184 0.013269 0.017855 0.0229241 0.0279577 0.0323946 0.0357004 0.0374784 0.037558 0.0360288 0.0332037 0.0295312 0.0254847 0.0214677 0.0177581 0.0144992 0.0117241 0.00939867 0.0074608
 1.02494e-16 3.13675e-05 0.000184101 0.000875134 0.00336931 0.0105069 0.0265396 0.0543034 0.0900139 0.120886 0.131547 0.116033 0.0830569 0.048467 0.023513 0.0103466 0.00554887 0.00509608 0.00652734 0.0087664 0.0113738 0.0140793 0.016626 0.0187654 0.0202973 0.0211078 0.0211861 0.020613 0.0195289 0.018093 0.0164494 0.0147077 0.0129414 0.0111978 0.00951071 0.00791052
 1.02126e-16 3.02877e-05 0.000177756 0.000844956 0.0032531 0.0101445 0.0256242 0.052431 0.086912 0.116726 0.127036 0.112091 0.0803159 0.0470298 0.0231175 0.0106831 0.00644946 0.00654404 0.00858094 0.0114798 0.0147408 0.0179995 0.020894 0.0230858 0.0243244 0.0245025 0.0236767 0.022043 0.01988 0.0174785 0.0150819 0.0128524 0.0108674 0.00913782 0.00763705 0.00632691
 1.01599e-16 3.28185e-05 0.000192618 0.000915621 0.00352519 0.010993 0.0277674 0.0568159 0.0941787 0.12648 0.137635 0.121406 0.0869089 0.0507263 0.0246291 0.010868 0.00586286 0.00539702 0.00688317 0.0091765 0.0117932 0.0144246 0.0167799 0.0185875 0.0196442 0.0198574 0.0192633 0.0180081 0.0163054 0.0143819 0.0124307 0.0105855 0.00891636 0.00744281 0.00615465 0.00503087
 1.01489e-16 3.12127e-05 0.000183187 0.000870777 0.00335252 0.0104545 0.0264073 0.0540332 0.0895676 0.120292 0.130914 0.115505 0.0827469 0.0484222 0.0237438 0.0108741 0.00642941 0.0064134 0.00836442 0.0111705 0.014323 0.0174579 0.0202166 0.022265 0.023357 0.023389 0.0224209 0.0206522 0.0183664 0.0158604 0.0133853 0.0111115 0.00912332 0.00743571 0.00602184 0.00483882
 1.03049e-16 2.03509e-05 0.000119403 0.000567504 0.00218478 0.00681291 0.0172092 0.0352145 0.0583806 0.0784296 0.0854158 0.0755063 0.0544068 0.0324727 0.0171075 0.00983554 0.0085682 0.0107876 0.0149078 0.0201183 0.0258787 0.0316305 0.0367535 0.0406515 0.0428767 0.0432282 0.0417901 0.0388921 0.0350133 0.0306623 0.0262742 0.0221504 0.0184502 0.0152182 0.01243 0.0100346
 1.05967e-16 1.94977e-05 0.000114404 0.000543762 0.00209341 0.00652799 0.0164894 0.0337409 0.0559349 0.0751362 0.0818082 0.0722682 0.051967 0.0308045 0.0158452 0.00851822 0.00679735 0.00826521 0.0114329 0.0156024 0.0203854 0.0254145 0.0302719 0.0345311 0.0378333 0.0399525 0.0408256 0.0405367 0.0392688 0.0372419 0.0346621 0.0316962 0.0284713 0.0250905 0.0216515 0.0182571
 1.04773e-16 2.90974e-05 0.000170774 0.000811776 0.00312537 0.00974616 0.024618 0.0503718 0.0834971 0.112135 0.122028 0.107643 0.0770676 0.0450042 0.0218944 0.00974114 0.005382 0.00509429 0.00660457 0.00892215 0.0116443 0.0145217 0.0173142 0.0197861 0.0217437 0.0230698 0.0237384 0.0238023 0.0233625 0.0225312 0.0214027 0.0200416 0.0184872 0.0167678 0.0149168 0.0129827
 1.03057e-16 2.89108e-05 0.000169672 0.000806518 0.0031051 0.00968293 0.0244584 0.0500458 0.0829589 0.111419 0.121266 0.107012 0.0767043 0.0449708 0.0222097 0.0104397 0.00654363 0.00683384 0.00903633 0.012115 0.0155779 0.0190534 0.0221668 0.0245661 0.0259905 0.0263271 0.025632 0.0241046 0.0220275 0.0196937 0.0173447 0.0151373 0.013141 0.0113596 0.00976191 0.00831008
 1.01649e-16 3.32437e-05 0.000195116 0.000927495 0.00357091 0.0111356 0.0281275 0.0575526 0.0953996 0.128118 0.139416 0.12297 0.0880159 0.0513458 0.0248801 0.0108938 0.00575561 0.0051905 0.006577 0.00875923 0.0112562 0.013769 0.0160198 0.0177502 0.0187667 0.018982 0.0184308 0.0172531 0.0156521 0.013843 0.0120085 0.0102737 0.00870315 0.00731333 0.00609285 0.00502083
 1.01072e-16 3.35553e-05 0.000196943 0.000936181 0.00360435 0.0112398 0.0283909 0.0580917 0.0962935 0.12932 0.140727 0.124133 0.088863 0.0518699 0.0251894 0.0111221 0.00600584 0.00552599 0.00703156 0.009344 0.0119587 0.0145494 0.0168099 0.0184587 0.0192904 0.0192223 0.0183113 0.0167331 0.0147343 0.0125723 0.0104636 0.00855378 0.00691289 0.00554963 0.00443525 0.00352639
 1.01615e-16 2.76525e-05 0.000162279 0.000771363 0.00296972 0.00926075 0.0233921 0.0478644 0.0793449 0.106571 0.116004 0.102405 0.0734806 0.0432388 0.0216481 0.0106664 0.00733897 0.00815607 0.0109404 0.0146696 0.0188085 0.0229074 0.026498 0.0291391 0.0305061 0.0304636 0.0290932 0.0266627 0.0235517 0.0201589 0.0168227 0.0137742 0.0111294 0.00891037 0.00708106 0.0055816
 1.02503e-16 2.79728e-05 0.000164164 0.000780336 0.00300429 0.00936856 0.0236643 0.0484211 0.080266 0.107803 0.117333 0.103548 0.0742366 0.0435542 0.0215674 0.0102364 0.00655364 0.00696027 0.00926412 0.0124677 0.0160947 0.0197785 0.0231416 0.0258206 0.0275344 0.0281417 0.0276655 0.0262716 0.024216 0.0217771 0.0191981 0.0166549 0.0142506 0.0120316 0.0100111 0.00818999
 1.02945e-16 2.75839e-05 0.000161881 0.000769477 0.00296248 0.00923817 0.023335 0.0477473 0.0791494 0.106304 0.115704 0.102116 0.0732216 0.0429824 0.0213282 0.0101957 0.00662313 0.0071033 0.00947388 0.0127465 0.0164423 0.020187 0.0235949 0.0262968 0.0280101 0.0285983 0.0280945 0.0266774 0.0246155 0.0221952 0.0196615 0.0171845 0.0148561 0.0127086 0.0107414 0.00894548
 1.01824e-16 3.41542e-05 0.000200463 0.000952925 0.00366883 0.0114409 0.0288988 0.0591306 0.0980143 0.131627 0.143226 0.126313 0.0903686 0.0526383 0.025357 0.0108484 0.00536844 0.00451632 0.00560012 0.00744808 0.00959828 0.0117903 0.0137921 0.0153879 0.0164128 0.0167863 0.0165258 0.0157334 0.0145627 0.0131783 0.0117208 0.010288 0.00893309 0.00767503 0.00651464 0.00544805
 1.01596e-16 2.99995e-05 0.000176062 0.000836895 0.00322205 0.0100476 0.0253796 0.0519308 0.0860837 0.115616 0.125834 0.111044 0.0795973 0.0466717 0.023058 0.0108502 0.0068123 0.00711377 0.00938813 0.0125498 0.0160744 0.0195602 0.0226033 0.0248268 0.0259562 0.0258813 0.0246792 0.0225862 0.0199329 0.0170636 0.0142666 0.0117344 0.00955778 0.00774544 0.00625673 0.00503254
 1.02196e-16 2.82211e-05 0.000165621 0.00078726 0.00303095 0.00945168 0.0238743 0.0488508 0.0809786 0.108761 0.118377 0.104474 0.07491 0.0439683 0.0218074 0.0104072 0.00673525 0.00720068 0.00958772 0.0128812 0.016587 0.0203181 0.0236766 0.0262826 0.0278477 0.0282359 0.0274882 0.0257992 0.0234584 0.0207759 0.0180198 0.0153791 0.0129586 0.0107955 0.0088866 0.00721298
 1.02406e-16 2.98525e-05 0.000175203 0.000832819 0.00320637 0.00999875 0.0252561 0.0516777 0.0856632 0.115048 0.125208 0.110472 0.0791446 0.046321 0.0227275 0.0104351 0.00621231 0.00624409 0.00818535 0.0109839 0.0141657 0.0173937 0.0203327 0.0226633 0.0241409 0.0246461 0.0242052 0.0229708 0.0211733 0.0190599 0.0168435 0.0146737 0.0126334 0.0107543 0.00903933 0.00748251
 1.02664e-16 2.75559e-05 0.000161715 0.000768687 0.00295943 0.00922867 0.023311 0.0476983 0.0790686 0.106197 0.115591 0.102024 0.0731721 0.042987 0.0213926 0.010329 0.00684192 0.00742983 0.00992951 0.0133435 0.017176 0.0210294 0.0244928 0.0271751 0.0287819 0.0291784 0.028414 0.0266963 0.0243287 0.0216322 0.0188791 0.0162561 0.0138596 0.0117154 0.00980941 0.00811478
 1.06593e-16 8.14682e-06 4.77417e-05 0.000226789 0.000872896 0.00272181 0.00687561 0.0140723 0.0233414 0.0313922 0.0342804 0.0305221 0.0224695 0.0143675 0.00932113 0.00811754 0.0101046 0.0144172 0.0204637 0.0278095 0.0359447 0.0441832 0.0517102 0.0577238 0.0616039 0.0630431 0.062099 0.0591456 0.0547519 0.0495308 0.0440104 0.0385625 0.0333953 0.0285913 0.0241642 0.020108
pSPR Fmed_Fpbrs
0.6078   0.34328 0.34328
Fs Fmed_Fpbrs
0.340582   1.005 1.005
SSBpbr Bo_Bmed_Bpbrs
1.01634e+06  566913  298072 298072
Ro
39340.1
SPR SPRFo_SPRFmed_SPRFpbrs
810781 492793 278325
log_Ro
10.4
likeval ReclasPelacesDesembMPH_pf_preclas_ppelaces_ptallas_desvR_qrecl_qpela
 72.9771 42.2587 0.00547064 0.000917754 285.427 193.024 70.1921 0 18.1371 3.9356e-05 0 0 0 0 0
q_reclas_q_pelaces
0.411078 1
M
0.7
N
 31582.7 14497.1 5731.77 710.189 0.258423
 44533.6 14440.7 4362.26 1724.73 213.778
 18667.7 20145.8 4072.49 1230.22 546.688
 41162.9 7778.01 3449.39 697.298 304.246
 74732.9 19589.6 2983.84 1323.27 384.217
 45608.9 36871.8 9353.18 1424.65 815.25
 83743.3 21400.3 12980.1 3292.63 788.521
 92322 40023.7 8424.28 5109.65 1606.56
 133831 42645.1 12811.8 2696.65 2149.89
 165515 61691.2 13480.6 4049.96 1532.05
 66983.4 78306.7 22835 4989.86 2066.18
 37423 30654.1 23689.7 6908.15 2134.63
 44742.1 17252.8 9697.79 7494.53 2860.79
 22639.5 19670.5 4091.8 2299.99 2455.94
 16379 9065.18 2646.05 550.422 639.76
 18729.6 6528.35 1185.91 346.158 155.701
 14248.2 8499.27 1876.33 340.847 144.241
 15024.8 6625.69 2833.45 625.523 161.716
 15775.9 7119.81 2476.57 1059.1 294.257
 35072.6 7513.09 2742.98 954.126 521.394
 42869.6 16658.4 2847.93 1039.76 559.314
 50091.6 20889 7374.2 1260.7 707.867
 71293.7 24293 8985.75 3172.13 846.812
 74532.8 34367.1 10073.7 3726.17 1666.56
 11184 35836.3 14030.8 4112.73 2201.66
pred_Ctot
 1808.56 4227.54 1671.46 207.101 0.0753595
 2866.89 4634.44 1399.98 553.516 68.6079
 2182.82 10073.8 2036.43 615.169 273.369
 1235.83 1291.46 572.735 115.779 50.5168
 346.981 543.947 82.8525 36.7434 10.6686
 1813.97 7872.78 1997.07 304.188 174.07
 2267.07 3233.07 1960.98 497.438 119.127
 4654.67 10489.8 2207.91 1339.18 421.061
 6934.06 11437.7 3436.21 723.26 576.615
 5643.09 11488.4 2510.43 754.205 285.306
 3796.15 22639.7 6601.95 1442.65 597.366
 1935.67 8209.88 6344.66 1850.17 571.704
 3715.76 6758.83 3799.13 2936 1120.72
 3192.46 11083.9 2305.63 1295.99 1383.86
 2354.35 5167.52 1508.36 313.763 364.69
 1166.92 2040.28 370.629 108.183 48.6605
 653.815 2055.33 453.742 82.425 34.8809
 495.58 1197.75 512.212 113.078 29.234
 465.971 1164.76 405.153 173.262 48.1387
 1100.84 1298.74 474.161 164.933 90.1298
 579.097 1309.3 223.84 81.7226 43.9606
 843.625 2026 715.215 122.274 68.6552
 1503.41 2911.83 1077.06 380.221 101.501
 1705.65 4445.73 1303.14 482.018 215.586
 260.544 4713.21 1845.34 540.909 289.563
F
 0.0825636 0.500956 0.500956 0.500956 0.500956
 0.0932497 0.565794 0.565794 0.565794 0.565794
 0.175491 1.0648 1.0648 1.0648 1.0648
 0.0425365 0.258091 0.258091 0.258091 0.258091
 0.00647453 0.0392843 0.0392843 0.0392843 0.0392843
 0.0567 0.344028 0.344028 0.344028 0.344028
 0.0382836 0.232286 0.232286 0.232286 0.232286
 0.0723703 0.439108 0.439108 0.439108 0.439108
 0.0744385 0.451657 0.451657 0.451657 0.451657
 0.0484294 0.293846 0.293846 0.293846 0.293846
 0.0816798 0.495593 0.495593 0.495593 0.495593
 0.0743083 0.450867 0.450867 0.450867 0.450867
 0.121795 0.738992 0.738992 0.738992 0.738992
 0.215253 1.30605 1.30605 1.30605 1.30605
 0.219847 1.33393 1.33393 1.33393 1.33393
 0.0901252 0.546836 0.546836 0.546836 0.546836
 0.0656753 0.398486 0.398486 0.398486 0.398486
 0.0468197 0.284079 0.284079 0.284079 0.284079
 0.041835 0.253834 0.253834 0.253834 0.253834
 0.0445082 0.270054 0.270054 0.270054 0.270054
 0.0189411 0.114925 0.114925 0.114925 0.114925
 0.0236641 0.143583 0.143583 0.143583 0.143583
 0.029709 0.18026 0.18026 0.18026 0.18026
 0.032277 0.195841 0.195841 0.195841 0.195841
 0.032866 0.199415 0.199415 0.199415 0.199415
nmprior
 10 11 7 0
nm_flota  nm_reclas  nm_pelaces    nm_pelaL
inf 18.7357 19.6188 35.5802
cv_recla  cv_pelaces  cv_mph
0.772713 0.764931 0.982882
 ------------------------------------------------
Talla a la edad & desviación 
 7.2 14.2025 17.0495 18.207 18.6776
 1.08 2.13037 2.55742 2.73105 2.80164
