years
 1997 1998 1999 2000 2001 2002 2003 2004 2005 2006 2007 2008 2009 2010 2011 2012 2013 2014 2015 2016 2017 2018 2019 2020 2021
reclasobs
 0 0 0 370054 412103 1.49427e+06 250295 1.28982e+06 931140 785840 897777 1.04006e+06 184774 17550 25797 100020 73551 82996 120727 218422 84188 347160 605670 569463 516374
reclaspred
 440535 130546 452413 325835 427393 501846 1.06289e+06 665551 682264 563164 428644 286448 174919 85617.8 64392.1 68003.6 86778.5 120716 128814 183887 262242 241178 420776 551235 632922
pelacesobs
 0 0 0 0 0 0 0 0 0 2.06254e+06 1.5e+06 0 1.87456e+06 323000 250000 174000 83755 137374 0 501740 490994 745055 786931 1.00524e+06 0
pelacespred
 1.7817e+06 480055 979147 1.08242e+06 1.20002e+06 1.19945e+06 2.75907e+06 2.26332e+06 1.99969e+06 1.687e+06 1.16028e+06 794999 484048 203535 149619 166218 219758 306217 338624 468468 735454 663165 912823 1.39861e+06 1.67106e+06
mphobs
 0 0 0 0 0 112323 0 153150 637223 0 255016 313432 73983 77613 109348 50772 0 0 0 0 0 0 0 0 0
mphpred
 1.01963e+06 713297 947723 1.31591e+06 1.25302e+06 1.77254e+06 2.65449e+06 3.00019e+06 2.41785e+06 2.23131e+06 1.90168e+06 1.31925e+06 816094 435420 228939 207034 253780 356751 448252 518388 765450 893088 1.13381e+06 1.62476e+06 2.42435e+06
desembarqueobs
 350755 77701 442110 56441 14545 235359 269955 359681 431902 328805 639364 411747 362871 311530 167758 66681 60226 58785 57116 71774 51957 67425 138520 160799 200461
desembarquepred
 350765 77704.4 442150 56442.6 14545.1 235390 269979 359712 431977 328871 639781 412111 363377 312156 167871 66699 60245.3 58789.2 57115.7 71777.4 51958.4 67423.2 138524 160804 200461
Reclutas
 84494.2 105966 69281.8 100139 163729 120559 179277 149765 160178 143135 69507.1 41458.1 42386.5 25230.6 20801.3 27711.8 23962 27273.4 31379.4 55102.6 69424.7 91656.6 145535 190040 91067.3
log_desv_Rt
 0.164439 0.390877 -0.0340618 0.334316 0.825967 0.519892 0.916688 0.73682 0.804042 0.691544 -0.0308152 -0.547561 -0.525415 -1.04419 -1.23723 -0.950387 -1.09578 -0.966332 -0.826095 -0.263047 -0.0320018 0.245805 0.708172 0.974991 0.239354
SSB
 1.01963e+06 713297 947723 1.31591e+06 1.25302e+06 1.77254e+06 2.65449e+06 3.00019e+06 2.41785e+06 2.23131e+06 1.90168e+06 1.31925e+06 816094 435420 228939 207034 253780 356751 448252 518388 765450 893088 1.13381e+06 1.62476e+06 2.42435e+06
BT
 3.48909e+06 989663 1.99476e+06 1.99715e+06 2.15878e+06 2.33398e+06 5.12241e+06 4.46431e+06 3.97756e+06 3.34214e+06 2.66716e+06 1.80816e+06 1.22635e+06 667956 412611 353165 443218 595189 655512 897337 1.35913e+06 1.25031e+06 1.72927e+06 2.63528e+06 3.15585e+06
Ftot
 0.28394 0.204507 0.272988 0.0497344 0.010964 0.116837 0.0734052 0.151243 0.179553 0.158841 0.358992 0.336897 0.524764 0.898614 0.770074 0.298511 0.213793 0.142749 0.120732 0.121827 0.0599585 0.0777881 0.0915179 0.0876913 0.0751153
BD_Bspro_t
 0.965783 0.837061 0.819167 0.743518 0.823066 0.897138 0.876098 0.87706 0.831769 0.790492 0.745228 0.602602 0.491907 0.379749 0.265725 0.29027 0.418298 0.58839 0.691665 0.763468 0.838416 0.886979 0.892037 0.89539 0.896826
BD_Bspro
 0.690179 0.482825 0.641507 0.89073 0.848161 1.19982 1.7968 2.03081 1.63662 1.51036 1.28723 0.89299 0.552408 0.294733 0.154967 0.14014 0.171782 0.241482 0.303418 0.350893 0.518127 0.604525 0.767464 1.09979 1.64102
BD_Bo
 0.599661 0.419502 0.557372 0.773909 0.736924 1.04246 1.56115 1.76446 1.42198 1.31227 1.11841 0.775873 0.479959 0.256078 0.134643 0.12176 0.149252 0.209811 0.263624 0.304873 0.450174 0.52524 0.66681 0.955547 1.4258
BD_Brms
 2.14532 1.50079 1.99402 2.7687 2.63638 3.72945 5.58508 6.31244 5.08719 4.69471 4.00116 2.77572 1.71708 0.916131 0.481691 0.435604 0.533958 0.750609 0.943129 1.0907 1.61052 1.87907 2.38554 3.41851 5.10086
S_f
 0.210145 1 1 1 1
 0.210145 1 1 1 1
 0.210145 1 1 1 1
 0.210145 1 1 1 1
 0.210145 1 1 1 1
 0.210145 1 1 1 1
 0.210145 1 1 1 1
 0.210145 1 1 1 1
 0.210145 1 1 1 1
 0.210145 1 1 1 1
 0.210145 1 1 1 1
 0.210145 1 1 1 1
 0.210145 1 1 1 1
 0.210145 1 1 1 1
 0.210145 1 1 1 1
 0.210145 1 1 1 1
 0.210145 1 1 1 1
 0.210145 1 1 1 1
 0.210145 1 1 1 1
 0.210145 1 1 1 1
 0.210145 1 1 1 1
 0.210145 1 1 1 1
 0.210145 1 1 1 1
 0.210145 1 1 1 1
 0.210145 1 1 1 1
Scru_reclas
 1 1 1 1 1
 1 1 1 1 1
 1 1 1 1 1
 1 1 1 1 1
 1 1 1 1 1
 1 1 1 1 1
 1 1 1 1 1
 1 1 1 1 1
 1 1 1 1 1
 1 1 1 1 1
 1 1 1 1 1
 1 1 1 1 1
 1 1 1 1 1
 1 1 1 1 1
 1 1 1 1 1
 1 1 1 1 1
 1 1 1 1 1
 1 1 1 1 1
 1 1 1 1 1
 1 1 1 1 1
 1 1 1 1 1
 1 1 1 1 1
 1 1 1 1 1
 1 1 1 1 1
 1 1 1 1 1
Scru_pelaces
 1 1 1 1 1
 1 1 1 1 1
 1 1 1 1 1
 1 1 1 1 1
 1 1 1 1 1
 1 1 1 1 1
 1 1 1 1 1
 1 1 1 1 1
 1 1 1 1 1
 1 1 1 1 1
 1 1 1 1 1
 1 1 1 1 1
 1 1 1 1 1
 1 1 1 1 1
 1 1 1 1 1
 1 1 1 1 1
 1 1 1 1 1
 1 1 1 1 1
 1 1 1 1 1
 1 1 1 1 1
 1 1 1 1 1
 1 1 1 1 1
 1 1 1 1 1
 1 1 1 1 1
 1 1 1 1 1
pf_obs 
 0.256992 0.487395 0.22802 0.0275931 0
 0.321318 0.546541 0.124235 0.00734118 0.000564706
 0.182869 0.594174 0.210203 0.0122559 0.00049798
 0.330522 0.361315 0.267642 0.0388342 0.00168674
 0.649043 0.306663 0.0425973 0.00169635 0
 0.582887 0.30429 0.105238 0.00758474 0
 0.465427 0.430635 0.0974691 0.00646863 0
 0.296916 0.608066 0.0921331 0.00288517 0
 0.311714 0.524322 0.152257 0.0117073 0
 0.15457 0.633149 0.183074 0.0267441 0.00246327
 0.131901 0.49318 0.331252 0.0422183 0.00144891
 0.196976 0.569456 0.194076 0.0375587 0.00193317
 0.518974 0.381816 0.0799577 0.0180837 0.00116848
 0.0928022 0.601141 0.25162 0.0475244 0.00691264
 0.122501 0.610282 0.24278 0.0234846 0.000952079
 0.383417 0.481906 0.127806 0.00687128 0
 0.0376549 0.599619 0.316969 0.0457579 0
 0.0361596 0.667082 0.258105 0.0386534 0
 0.158088 0.579412 0.248529 0.0139706 0
 0.0477256 0.309471 0.559284 0.082774 0.000745712
 0.0406174 0.521527 0.379366 0.0568643 0.0016247
 0.151134 0.462217 0.34131 0.0453401 0
 0.294876 0.26143 0.354403 0.0886775 0.000613685
 0.281977 0.475581 0.204845 0.0348837 0.00271318
 0 0 0 0 0
pf_pred 
 0.39209 0.429226 0.159817 0.0188578 9.44435e-06
 0.319503 0.528908 0.107032 0.039852 0.00470474
 0.18364 0.579657 0.183975 0.0372299 0.0154986
 0.265216 0.402415 0.235999 0.0749025 0.0214676
 0.308998 0.440259 0.137323 0.0805339 0.032886
 0.181364 0.557778 0.166201 0.0518404 0.0428168
 0.258212 0.390318 0.239475 0.0713563 0.0406399
 0.192686 0.50955 0.156679 0.0961285 0.0449568
 0.214171 0.43107 0.223912 0.0688496 0.0619973
 0.195037 0.470322 0.183569 0.0953519 0.0557205
 0.117047 0.488386 0.230537 0.0899797 0.0740509
 0.114969 0.377152 0.280922 0.132606 0.0943512
 0.187713 0.340091 0.201224 0.149882 0.12109
 0.178869 0.479057 0.143221 0.0847404 0.114113
 0.248582 0.46106 0.169398 0.0506439 0.0703159
 0.336984 0.459672 0.124769 0.0458414 0.0327334
 0.235389 0.561695 0.140683 0.0381858 0.0240479
 0.246189 0.465273 0.211964 0.0530889 0.0234849
 0.245925 0.470197 0.175217 0.0798238 0.028837
 0.33044 0.415712 0.158285 0.0589844 0.0365791
 0.284682 0.509731 0.127643 0.0486009 0.0293425
 0.277379 0.477233 0.174862 0.0437878 0.0267383
 0.315582 0.447656 0.156362 0.0572926 0.0231075
 0.287706 0.495475 0.141814 0.0495345 0.0254702
 0.123804 0.583973 0.203271 0.05818 0.030771
pobs_RECLAS
 0 0 0 0 0
 0 0 0 0 0
 0 0 0 0 0
 0 0 0 0 0
 0.835266 0.146461 0.0176864 0.000547809 3.91292e-05
 0.385257 0.428462 0.181853 0.0044286 0
 0.867414 0.0963971 0.0333333 0.00285562 0
 0.441836 0.489002 0.0689373 0.000224442 0
 0.779404 0.147425 0.0564933 0.0165055 0.000172143
 0.814271 0.122319 0.05973 0.00367925 0
 0.40263 0.566651 0.0304383 0.000280538 0
 0.475488 0.404961 0.113038 0.00651328 0
 0.955842 0.0263864 0.0167828 0.000988607 0
 0.975058 0.0227948 0.00214734 0 0
 0.738997 0.206755 0.0527124 0.00153531 0
 0.850938 0.134255 0.0134407 0.00136685 0
 0.542534 0.407297 0.0501686 0 0
 0.764087 0.199537 0.0359546 0.000420521 0
 0.470689 0.182191 0.310203 0.0369168 0
 0.84361 0.089868 0.0606195 0.00523954 0.000663233
 0.607945 0.314616 0.071237 0.00620181 0
 0.523733 0.453247 0.0230204 0 0
 0.530135 0.295979 0.169645 0.0042399 0
 0.562478 0.366248 0.0663022 0.0049721 0
 0.250443 0.683176 0.0655157 0.000865301 0
ppred_RECLAS
 0.757222 0.171418 0.0638254 0.00753115 3.77175e-06
 0.693145 0.238499 0.0482637 0.0179704 0.0021215
 0.520845 0.340224 0.107982 0.0218517 0.00909674
 0.632578 0.201224 0.118009 0.0374543 0.0107347
 0.680409 0.203621 0.0635123 0.0372472 0.0152099
 0.514669 0.330681 0.0985329 0.0307338 0.0253841
 0.624393 0.197639 0.121259 0.0361315 0.0205781
 0.533724 0.294298 0.0904922 0.0555204 0.0259655
 0.566957 0.237548 0.12339 0.0379406 0.0341645
 0.537575 0.270184 0.105454 0.0547765 0.0320096
 0.391891 0.336362 0.158776 0.061971 0.0510005
 0.386694 0.261358 0.194672 0.0918928 0.0653832
 0.532342 0.195801 0.115851 0.0862915 0.0697151
 0.526856 0.276037 0.0825253 0.0488283 0.065753
 0.625155 0.23 0.0845041 0.0252637 0.0350771
 0.711005 0.200361 0.0543843 0.0199813 0.0142678
 0.597092 0.295982 0.0741321 0.0201218 0.0126719
 0.610218 0.240584 0.109603 0.0274513 0.0121436
 0.609587 0.243439 0.0907168 0.0413278 0.01493
 0.70264 0.184623 0.0702962 0.0261957 0.0162452
 0.655088 0.245782 0.0615469 0.0234344 0.0141484
 0.647084 0.233072 0.0853998 0.0213852 0.0130586
 0.687898 0.204136 0.0713029 0.026126 0.0105372
 0.658746 0.237378 0.067942 0.0237316 0.0122026
 0.402928 0.397941 0.138516 0.0396459 0.0209685
pobs_PELACES
 0 0 0 0 0
 0 0 0 0 0
 0 0 0 0 0
 0 0 0 0 0
 0 0 0 0 0
 0 0 0 0 0
 0 0 0 0 0
 0 0 0 0 0
 0 0 0 0 0
 0 0 0 0 0
 0.450072 0.473896 0.0757376 0.000293798 0
 0 0 0 0 0
 0.463077 0.371075 0.160297 0.00555027 0
 0.529543 0.364841 0.0842815 0.0213345 0
 0.631943 0.363953 0.00410389 0 0
 0.735681 0.248677 0.0153453 0.000297389 0
 0.695825 0.281241 0.0229344 0 0
 0.275771 0.60734 0.115278 0.00161068 0
 0 0 0 0 0
 0.896147 0.0623911 0.0374545 0.00400742 0
 0.803859 0.145111 0.0509908 3.86294e-05 0
 0.739449 0.233085 0.0266225 0.000797448 4.60066e-05
 0.878498 0.100942 0.0204185 0.000141795 0
 0.694673 0.275183 0.0284847 0.00165964 0
 0 0 0 0 0
ppred_PELACES
 0.770567 0.161995 0.0603169 0.00711716 3.56442e-06
 0.704365 0.229779 0.0464991 0.0173133 0.00204393
 0.538569 0.327639 0.103988 0.0210434 0.00876025
 0.635586 0.199577 0.117043 0.0371477 0.0106468
 0.68103 0.203226 0.0633889 0.0371748 0.0151803
 0.522272 0.3255 0.0969893 0.0302523 0.0249865
 0.628869 0.195283 0.119814 0.0357009 0.0203329
 0.543521 0.288115 0.088591 0.0543539 0.0254199
 0.578409 0.231265 0.120127 0.0369372 0.033261
 0.54785 0.264181 0.103111 0.0535594 0.0312984
 0.414402 0.323911 0.152898 0.059677 0.0491126
 0.407716 0.252399 0.188 0.0887431 0.0631421
 0.566191 0.181629 0.107465 0.0800457 0.064669
 0.584616 0.242339 0.0724508 0.0428675 0.057726
 0.670889 0.201938 0.0741939 0.0221813 0.0307974
 0.726727 0.189461 0.0514258 0.0188943 0.0134916
 0.610423 0.286189 0.0716794 0.0194561 0.0122527
 0.619031 0.235144 0.107125 0.0268307 0.011869
 0.61705 0.238785 0.0889827 0.0405378 0.0146446
 0.709232 0.18053 0.0687379 0.025615 0.0158851
 0.658611 0.243272 0.0609184 0.023195 0.0140039
 0.6517 0.230024 0.0842827 0.0211055 0.0128877
 0.692997 0.200801 0.0701381 0.0256992 0.0103651
 0.663865 0.233817 0.0669228 0.0233756 0.0120195
 0.407648 0.394796 0.137422 0.0393326 0.0208028
pobs_pel_tallas
 0 0 0 0 0 0 0 0 0 0 0 0 0 0 0 0 0 0 0 0 0 0 0 0 0 0 0 0 0 0 0 0 0 0 0 0
 0 0 0 0 0 0 0 0 0 0 0 0 0 0 0 0 0 0 0 0 0 0 0 0 0 0 0 0 0 0 0 0 0 0 0 0
 0 0 0 0 0 0 0 0 0 0 0 0 0 0 0 0 0 0 0 0 0 0 0 0 0 0 0 0 0 0 0 0 0 0 0 0
 0 0 0 0 0 0 0 0 0 0 0 0 0 0 0 0 0 0 0 0 0 0 0 0 0 0 0 0 0 0 0 0 0 0 0 0
 0 0 0 0 0 0 0 0 0 0 0 0 0 0 0 0 0 0 0 0 0 0 0 0 0 0 0 0 0 0 0 0 0 0 0 0
 0 0 0 0 0 0 0 0 0 0 0 0 0 0 0 0 0 0 0 0 0 0 0 0 0 0 0 0 0 0 0 0 0 0 0 0
 0 0 0 0 0 0 0 0 0 0 0 0 0 0 0 0 0 0 0 0 0 0 0 0 0 0 0 0 0 0 0 0 0 0 0 0
 0 0 0 0 0 0 0 0 0 0 0 0 0 0 0 0 0 0 0 0 0 0 0 0 0 0 0 0 0 0 0 0 0 0 0 0
 0 0 0 0 0 0 0 0 0 0 0 0 0 0 0 0 0 0 0 0 0 0 0 0 0 0 0 0 0 0 0 0 0 0 0 0
 0 0 0 0 0 0 0 0 0 0 0 0 0 0 0 0 0 0 0 0 0 0 0 0 0 0 0 0 0 0 0 0 0 0 0 0
 0 0 0 0 0 0 0 0 1.78061e-05 0.00172719 0.00360574 0.0105946 0.0120993 0.0124554 0.0147524 0.0171206 0.0266825 0.0428682 0.0675386 0.121331 0.153587 0.119568 0.100827 0.0573624 0.0630603 0.0341343 0.0324427 0.0444173 0.0211091 0.0280891 0.0125444 0.00206551 0 0 0 0
 0 0 0 0 0 0 0 0 0 0 0 0 0 0 0 0 0 0 0 0 0 0 0 0 0 0 0 0 0 0 0 0 0 0 0 0
 0 0 0 0 0 0 0.0133647 0.0140871 0.0187388 0.0205184 0.03894 0.0496705 0.03968 0.0493445 0.0407372 0.0367815 0.0215668 0.0243155 0.0234873 0.0199281 0.019796 0.0243948 0.0301388 0.0376714 0.0412746 0.0863199 0.0771752 0.113111 0.0741005 0.0525337 0.0229764 0.00759418 0.00175318 0 0 0
 0 0 0 0 0 0 0 0 0 0 0.00219441 0.00772107 0.0458388 0.0604681 0.0671733 0.0775358 0.0609151 0.0617685 0.073594 0.0568108 0.0755445 0.0548602 0.0670107 0.0636378 0.0643287 0.046367 0.0373049 0.0286899 0.0247887 0.0153202 0.00654259 0.00121912 0.000365735 0 0 0
 0 0 0 0 0 0 0 0 0 0 0 0 0.000112435 0.00938835 0.0111873 0.0202946 0.0414886 0.0713402 0.111592 0.104902 0.108894 0.110636 0.117776 0.105296 0.107544 0.0401394 0.0192827 0.0124803 0.00416011 0.0028671 0.000618394 0 0 0 0 0
 0 0 0 0 0 0 0 0 0 0 0.00291406 0.0102884 0.027416 0.0768956 0.0749926 0.110853 0.0956884 0.0897413 0.0766577 0.0534642 0.0500743 0.0551293 0.0594112 0.0620874 0.0668451 0.0424026 0.0208742 0.0120726 0.0048766 0.00582813 0.00118941 0.000297354 0 0 0 0
 0 0.00264628 0.0354308 0.0461629 0.0458689 0.0383711 0.0214643 0.0164657 0.0346957 0.0420465 0.0363128 0.0245516 0.0311673 0.0291091 0.0169068 0.0133784 0.00837989 0.0085269 0.0148486 0.0160247 0.0276389 0.0546898 0.0760071 0.122758 0.109233 0.0665981 0.0333725 0.0166128 0.00676272 0.00308733 0.000882094 0 0 0 0 0
 0 0 0 0 0 0 0 0.000805153 0.000690131 0.00759144 0.0133425 0.0154129 0.00931677 0.000345066 0.00356568 0.00563607 0.00851162 0.0253048 0.0502646 0.0516448 0.0657925 0.0565908 0.0611916 0.0827007 0.0866115 0.110766 0.145733 0.0935128 0.0569358 0.0249597 0.0138026 0.00621118 0.00161031 0.00115022 0 0
 0 0 0 0 0 0 0 0 0 0 0 0 0 0 0 0 0 0 0 0 0 0 0 0 0 0 0 0 0 0 0 0 0 0 0 0
 0.00147267 0.00158595 0.00478618 0.00569244 0.00954404 0.0108468 0.00647125 0.017049 0.0510054 0.094081 0.124002 0.0959785 0.0687766 0.0820023 0.061753 0.0591476 0.0492212 0.0479892 0.0443925 0.0268479 0.0217502 0.0140895 0.0121071 0.0120363 0.00920419 0.00665534 0.0049561 0.00860946 0.00930331 0.0156896 0.0114698 0.00855282 0.00243557 0.00046729 0 2.83206e-05
 0 0 0 0 0.000772559 0.00158375 0.000888443 0.00281984 0.00712685 0.0440552 0.0773331 0.111326 0.0921469 0.0852325 0.0710754 0.0886704 0.0786465 0.0553345 0.0373146 0.0185414 0.00753245 0.00457741 0.012979 0.0271748 0.0457355 0.0583668 0.034881 0.0177882 0.00938659 0.00492506 0.0015258 0.00185414 0.000309023 5.79419e-05 3.86279e-05 0
 0 0.00173294 0.00326652 0 0.00397197 0.00683976 0.00946217 0.0152591 0.00757587 0.0136028 0.0228656 0.0392903 0.0559909 0.0764795 0.0681675 0.0726916 0.0566044 0.0477403 0.0527397 0.0444891 0.0609904 0.0582453 0.0661739 0.0445044 0.0529084 0.0360697 0.0280645 0.0235558 0.0158879 0.00826598 0.00280645 0.00217768 0.000904811 0.00058276 9.20147e-05 0
 0 0 0 0 0 0 0 0 0 0 0 0 0 0 0 0 0 0 0 0 0 0 0 0 0 0 0 0 0 0 0 0 0 0 0 0
 0 0 0 0 0 0 0 0 0 0 0 0 0 0 0 0 0 0 0 0 0 0 0 0 0 0 0 0 0 0 0 0 0 0 0 0
 0 0 0 0 0 0 0 0 0 0 0 0 0 0 0 0 0 0 0 0 0 0 0 0 0 0 0 0 0 0 0 0 0 0 0 0
ppred_pel_tallas
 1.01154e-16 3.36197e-05 0.000197323 0.000937991 0.00361133 0.0112616 0.0284459 0.0582039 0.096479 0.129567 0.140991 0.124356 0.0889995 0.0519033 0.0251197 0.010947 0.00571015 0.00508421 0.00641849 0.00854726 0.0109902 0.0134536 0.0156651 0.0173702 0.0183757 0.0185903 0.0180411 0.0168581 0.0152359 0.0133845 0.0114868 0.00967424 0.00802193 0.0065591 0.00528637 0.00419163
 1.01426e-16 3.07356e-05 0.000180385 0.000857452 0.00330121 0.0102945 0.0260031 0.0532064 0.0881976 0.118453 0.128916 0.113751 0.08151 0.047737 0.0234798 0.0108742 0.00659514 0.0067117 0.00879971 0.0117572 0.0150684 0.0183532 0.0212335 0.0233563 0.0244628 0.0244458 0.0233714 0.0214541 0.0189969 0.0163172 0.0136829 0.0112755 0.00918418 0.00742356 0.00596301 0.00475419
 1.02716e-16 2.35103e-05 0.000137957 0.000655722 0.00252446 0.0078722 0.0198848 0.0406886 0.0674521 0.0906055 0.0986471 0.0871337 0.0626347 0.0370823 0.0189852 0.0100501 0.00780911 0.00931348 0.0127248 0.0171517 0.0220742 0.0270054 0.0314167 0.0348012 0.0367758 0.0371651 0.0360336 0.0336531 0.0304224 0.0267668 0.0230513 0.0195312 0.0163441 0.0135332 0.011085 0.00896377
 1.03501e-16 2.77355e-05 0.000162774 0.000773733 0.00297888 0.00928932 0.0234641 0.0480112 0.0795858 0.106887 0.11633 0.102648 0.0735579 0.0430899 0.0212155 0.00986828 0.00605764 0.00625212 0.00828581 0.0111917 0.0145353 0.0180026 0.021273 0.0240321 0.0260261 0.0271107 0.0272721 0.026612 0.0253065 0.0235538 0.0215316 0.019373 0.0171661 0.0149661 0.0128137 0.010748
 1.02953e-16 2.97171e-05 0.000174408 0.000829041 0.00319183 0.00995339 0.0251415 0.0514433 0.0852745 0.114526 0.124639 0.109969 0.0787818 0.0461037 0.0226115 0.0103659 0.00614915 0.00616274 0.0080722 0.0108313 0.0139705 0.0171587 0.0200679 0.022387 0.0238792 0.0244314 0.0240731 0.022956 0.0213053 0.0193587 0.0173164 0.0153133 0.013418 0.0116493 0.0100014 0.00846455
 1.0369e-16 2.27995e-05 0.000133784 0.000635885 0.00244809 0.00763403 0.0192832 0.0394576 0.0654118 0.0878656 0.0956661 0.0845056 0.0607564 0.0359921 0.0184674 0.00984191 0.00772696 0.00926737 0.0126832 0.0171102 0.0220414 0.026999 0.0314632 0.0349348 0.0370369 0.0375964 0.0366752 0.0345365 0.0315658 0.0281702 0.0246945 0.021374 0.0183289 0.0155903 0.0131396 0.0109431
 1.03942e-16 2.74424e-05 0.000161054 0.000765556 0.0029474 0.00919114 0.0232161 0.0475038 0.0787447 0.105758 0.1151 0.101562 0.0727782 0.0426302 0.020984 0.00975246 0.00597695 0.00616432 0.00817367 0.0110517 0.014373 0.0178326 0.0211189 0.0239246 0.0260005 0.0272015 0.0275079 0.0270108 0.0258723 0.0242761 0.0223864 0.0203261 0.0181772 0.0159933 0.0138174 0.0116939
 1.04407e-16 2.37245e-05 0.000139218 0.000661727 0.0025476 0.00794436 0.020067 0.0410611 0.0680685 0.0914297 0.0995347 0.0878943 0.0631308 0.0372741 0.0188962 0.00970224 0.00718534 0.00836045 0.0113767 0.0153589 0.0198293 0.0243638 0.0285065 0.0318186 0.0339652 0.0347862 0.0343229 0.0327892 0.0305015 0.0277939 0.024946 0.0221452 0.0194849 0.0169895 0.0146494 0.0124512
 1.04604e-16 2.52436e-05 0.000148142 0.000704161 0.002711 0.00845394 0.0213541 0.0436942 0.0724312 0.0972831 0.10589 0.093465 0.0670424 0.0394039 0.0196448 0.0095486 0.00641867 0.00706028 0.00950835 0.0128685 0.0167067 0.0206764 0.0244121 0.0275547 0.029818 0.031044 0.0312266 0.0304921 0.0290495 0.0271292 0.0249309 0.0225978 0.0202159 0.0178319 0.0154765 0.0131824
 1.04853e-16 2.39123e-05 0.000140323 0.000666985 0.00256785 0.00800752 0.0202265 0.0413873 0.0686085 0.0921528 0.100316 0.0885708 0.0635869 0.037484 0.0188933 0.00952391 0.00684038 0.0078296 0.0106301 0.0143753 0.018613 0.0229548 0.0269849 0.030299 0.0325824 0.0336738 0.0335904 0.0325033 0.0306765 0.0283922 0.0258888 0.0233287 0.0207981 0.0183298 0.0159332 0.0136189
 1.06622e-16 1.80958e-05 0.00010617 0.000504603 0.00194262 0.00605774 0.0153016 0.0313111 0.051909 0.0697347 0.0759443 0.067129 0.0483603 0.0288445 0.0151635 0.00867379 0.00752368 0.00948744 0.0131784 0.0179117 0.0232536 0.0287602 0.0339284 0.0382603 0.041361 0.0430169 0.0432282 0.0421797 0.0401704 0.0375249 0.034521 0.0313526 0.02813 0.0249069 0.0217145 0.018589
 1.08751e-16 1.78014e-05 0.000104448 0.000496431 0.00191118 0.00595972 0.0150539 0.0308038 0.0510662 0.0685973 0.0746916 0.0659886 0.047467 0.0281687 0.0145487 0.00791947 0.00644052 0.00791578 0.0109972 0.0150581 0.0197526 0.0247515 0.0296761 0.0341365 0.0377996 0.0404484 0.0420063 0.0425218 0.0421231 0.0409632 0.0391778 0.0368683 0.0341101 0.0309732 0.0275449 0.0239401
 1.07357e-16 2.47086e-05 0.000145006 0.000689265 0.00265366 0.00827516 0.0209024 0.0427697 0.0708975 0.0952194 0.103634 0.0914504 0.0655467 0.0384232 0.0189683 0.00891169 0.00559954 0.0058988 0.00789553 0.0107459 0.0140809 0.0176386 0.0211474 0.024335 0.0269737 0.0289199 0.0301303 0.0306471 0.0305634 0.0299811 0.0289808 0.0276113 0.0258983 0.0238647 0.0215509 0.0190261
 1.05278e-16 2.55145e-05 0.000149731 0.000711719 0.0027401 0.00854468 0.0215833 0.0441632 0.0732088 0.0983279 0.107028 0.094472 0.0677697 0.039841 0.0198794 0.00968801 0.00653973 0.00720189 0.0096813 0.0130634 0.0168963 0.0208167 0.0244457 0.0274199 0.029461 0.030434 0.0303681 0.0294313 0.0278719 0.0259477 0.023868 0.0217645 0.0196933 0.0176595 0.0156488 0.013654
 1.03321e-16 2.92748e-05 0.000171812 0.000816698 0.0031443 0.00980519 0.0247672 0.0506774 0.084005 0.112821 0.122784 0.108334 0.0776146 0.0454285 0.0222952 0.0102467 0.00611538 0.00616194 0.00808916 0.0108683 0.0140381 0.0172719 0.0202449 0.0226471 0.0242404 0.0249073 0.0246702 0.0236718 0.0221272 0.0202655 0.0182801 0.0163022 0.0144002 0.0125957 0.0108878 0.00927296
 1.02072e-16 3.17091e-05 0.000186104 0.000884649 0.00340594 0.0106211 0.026828 0.0548939 0.0909935 0.122204 0.132988 0.117318 0.0840083 0.0490854 0.0239299 0.0107257 0.00602356 0.0057566 0.00742686 0.00992175 0.0127577 0.0156114 0.0181722 0.0201491 0.0213243 0.0216001 0.021016 0.0197297 0.0179694 0.0159754 0.0139501 0.0120306 0.0102854 0.00872964 0.00734854 0.00611851
 1.02352e-16 2.66417e-05 0.000156345 0.000743149 0.00286109 0.00892199 0.0225364 0.0461137 0.076443 0.102674 0.111766 0.0986699 0.0708157 0.0417012 0.0209352 0.0104104 0.00728721 0.00819071 0.0110279 0.0148149 0.0190323 0.0232384 0.0269695 0.029786 0.031361 0.0315525 0.0304304 0.0282468 0.025363 0.0221593 0.0189578 0.0159779 0.0133301 0.0110379 0.00907304 0.00738871
 1.03074e-16 2.7015e-05 0.000158541 0.000753602 0.00290136 0.00904756 0.0228535 0.0467621 0.0775164 0.104112 0.113318 0.100012 0.0717177 0.0421089 0.0209127 0.0100285 0.00655908 0.00707404 0.00946042 0.0127549 0.0164923 0.0203075 0.0238213 0.0266662 0.0285551 0.0293399 0.0290355 0.0277988 0.0258763 0.0235373 0.0210171 0.0184857 0.0160439 0.0137398 0.0115926 0.00961232
 1.03419e-16 2.69287e-05 0.000158034 0.000751191 0.00289207 0.00901861 0.0227804 0.0466126 0.0772686 0.103779 0.112957 0.0996953 0.0714943 0.0419856 0.0208657 0.0100291 0.00658846 0.00712414 0.00952844 0.012838 0.0165843 0.0203984 0.0238977 0.0267139 0.0285633 0.0293048 0.0289634 0.0277079 0.0257942 0.0234967 0.0210499 0.0186162 0.0162843 0.0140874 0.0120306 0.0101133
 1.02658e-16 3.09459e-05 0.000181624 0.000863352 0.00332394 0.0103654 0.0261822 0.0535724 0.0888028 0.119262 0.129785 0.114492 0.0819832 0.047899 0.0233463 0.010457 0.00586669 0.00560968 0.00725391 0.00972192 0.0125522 0.0154404 0.0180927 0.0202301 0.0216379 0.022209 0.0219622 0.0210244 0.0195888 0.0178622 0.0160215 0.014189 0.0124313 0.0107734 0.00921876 0.00776681
 1.02396e-16 2.87411e-05 0.000168674 0.000801775 0.00308683 0.00962596 0.0243145 0.0497515 0.0824714 0.110765 0.120557 0.106393 0.0762764 0.0447506 0.0221581 0.0105112 0.0067165 0.00711176 0.00943649 0.0126552 0.0162666 0.0198826 0.0231086 0.0255717 0.0269943 0.0272541 0.0264073 0.0246629 0.022321 0.0196969 0.0170563 0.0145786 0.0123525 0.0103956 0.00868496 0.00718445
 1.02599e-16 2.84393e-05 0.000166904 0.000793359 0.00305443 0.00952492 0.0240593 0.0492292 0.0816054 0.109601 0.119289 0.105269 0.075461 0.0442531 0.0218771 0.0103216 0.00652455 0.00686338 0.00910645 0.0122392 0.0157807 0.0193649 0.0226185 0.0251848 0.026791 0.0273054 0.0267605 0.0253306 0.0232773 0.0208814 0.0183844 0.0159556 0.0136883 0.0116167 0.00974114 0.00805096
 1.02429e-16 3.02388e-05 0.000177471 0.000843603 0.0032479 0.0101282 0.0255832 0.0523469 0.0867722 0.116537 0.126826 0.111895 0.0801538 0.0468908 0.0229681 0.0104795 0.0061476 0.00610467 0.00797395 0.0106916 0.0137834 0.0169176 0.019767 0.0220211 0.0234429 0.0239182 0.0234756 0.0222664 0.0205174 0.0184707 0.0163335 0.0142497 0.012297 0.0105024 0.00886474 0.00737499
 1.02392e-16 2.89699e-05 0.000170018 0.000808165 0.00311144 0.0097027 0.0245083 0.050148 0.0831284 0.111647 0.121514 0.107232 0.0768641 0.0450688 0.0222664 0.0104807 0.0065896 0.00689931 0.00913241 0.0122512 0.0157622 0.0192903 0.0224557 0.0248986 0.0263489 0.0266837 0.0259506 0.0243426 0.0221413 0.0196442 0.0171034 0.0146915 0.012497 0.0105426 0.00881364 0.00728308
 1.04403e-16 1.78042e-05 0.000104451 0.000496418 0.00191108 0.00595937 0.0150532 0.0308034 0.0510694 0.0686133 0.07474 0.0661048 0.0477101 0.028632 0.0153708 0.00929017 0.00859489 0.0111091 0.015458 0.0209219 0.0269893 0.0331058 0.0386444 0.042996 0.0456954 0.0465205 0.0455317 0.0430336 0.03948 0.0353562 0.031078 0.0269355 0.023086 0.0195833 0.0164228 0.0135811
pSPR Fmed_Fpbrs
0.771102   0.329521 0.329521
Fs Fmed_Fpbrs
0.154505   1.005 1.005
SSBpbr Bo_Bmed_Bpbrs
1.70034e+06  1.22612e+06  475282 475282
Ro
71682.4
SPR SPRFo_SPRFmed_SPRFpbrs
1.47734e+06 1.13918e+06 486815
log_Ro
11
likeval ReclasPelacesDesembMPH_pf_preclas_ppelaces_ptallas_desvR_qrecl_qpela
 63.6372 23.9116 0.0396196 0.00178007 292.325 204.639 71.7557 0 17.0991 0.000121394 0 0 0 0 0
q_reclas_q_pelaces
0.209866 1
M
0.7
N
 84494.2 21397.4 7967.05 940.081 0.470811
 105966 39528.2 7999.1 2978.36 351.611
 69281.8 50407.8 15998.7 3237.56 1347.78
 100139 32486.2 19051.7 6046.74 1733.04
 163729 49210.6 15349.5 9001.79 3675.88
 120559 81118.3 24170.8 7539.21 6226.9
 179277 58415.6 35840.2 10679.3 6082.24
 149765 87663.6 26955.3 16538.1 7734.43
 160178 72044.3 37422.2 11506.8 10361.6
 143135 76596.8 29896.1 15529 9074.66
 69507.1 68745.3 32450.4 12665.6 10423.4
 41458.1 32008.1 23841.2 11254 8007.39
 42386.5 19180.4 11348.6 8452.98 6829.18
 25230.6 18850.8 5635.71 3334.52 4490.31
 20801.3 10373.1 3811.18 1139.41 1582
 27711.8 8786.26 2384.87 876.223 625.674
 23962 12924.5 3237.1 878.651 553.34
 27273.4 11376.4 5182.74 1298.08 574.229
 31379.4 13143.3 4897.83 2231.3 806.076
 55102.6 15192.1 5784.5 2155.58 1336.78
 69424.7 26671.5 6678.89 2543.03 1535.34
 91656.6 34043.6 12473.9 3123.62 1907.39
 145535 44777.4 15640.4 5730.77 2311.35
 190040 70893.9 20291.1 7087.53 3644.34
 91067.3 92648.1 32249.2 9230.32 4881.86
pred_Ctot
 3531.89 3866.41 1439.61 169.868 0.0850734
 3213.7 5319.98 1076.57 400.848 47.3222
 2787.1 8797.46 2792.19 565.038 235.222
 749.209 1136.78 666.673 211.592 60.6438
 271.02 386.148 120.445 70.6357 28.8441
 2105.83 6476.39 1929.77 601.922 497.149
 1975.34 2985.96 1832 545.881 310.898
 3375.56 8926.53 2744.78 1684.02 787.575
 4274.87 8604.18 4469.3 1374.24 1237.47
 3385.83 8164.76 3186.75 1655.3 967.305
 3648.18 15222.2 7185.48 2804.53 2308.05
 2046.2 6712.47 4999.78 2360.09 1679.24
 3203.16 5803.36 3433.71 2557.6 2066.29
 3156.56 8454.05 2527.46 1495.44 2013.78
 2256.1 4184.52 1537.43 459.637 638.177
 1216.18 1658.96 450.293 165.442 118.135
 759.054 1811.29 453.659 123.137 77.547
 580.65 1097.37 499.928 125.213 55.3902
 566.179 1082.51 403.393 183.774 66.3898
 1003.13 1262 480.514 179.062 111.045
 625.598 1120.15 280.5 106.802 64.4811
 1069.77 1840.55 674.393 168.877 103.122
 1995.88 2831.18 988.907 362.344 146.142
 2498.14 4302.2 1231.37 430.107 221.157
 1026.62 4842.49 1685.59 482.446 255.163
F
 0.0596687 0.28394 0.28394 0.28394 0.28394
 0.0429762 0.204507 0.204507 0.204507 0.204507
 0.0573671 0.272988 0.272988 0.272988 0.272988
 0.0104514 0.0497344 0.0497344 0.0497344 0.0497344
 0.00230404 0.010964 0.010964 0.010964 0.010964
 0.0245528 0.116837 0.116837 0.116837 0.116837
 0.0154258 0.0734052 0.0734052 0.0734052 0.0734052
 0.0317829 0.151243 0.151243 0.151243 0.151243
 0.0377322 0.179553 0.179553 0.179553 0.179553
 0.0333796 0.158841 0.158841 0.158841 0.158841
 0.0754405 0.358992 0.358992 0.358992 0.358992
 0.0707974 0.336897 0.336897 0.336897 0.336897
 0.110277 0.524764 0.524764 0.524764 0.524764
 0.188839 0.898614 0.898614 0.898614 0.898614
 0.161827 0.770074 0.770074 0.770074 0.770074
 0.0627307 0.298511 0.298511 0.298511 0.298511
 0.0449277 0.213793 0.213793 0.213793 0.213793
 0.0299979 0.142749 0.142749 0.142749 0.142749
 0.0253713 0.120732 0.120732 0.120732 0.120732
 0.0256013 0.121827 0.121827 0.121827 0.121827
 0.0126 0.0599585 0.0599585 0.0599585 0.0599585
 0.0163468 0.0777881 0.0777881 0.0777881 0.0777881
 0.0192321 0.0915179 0.0915179 0.0915179 0.0915179
 0.0184279 0.0876913 0.0876913 0.0876913 0.0876913
 0.0157851 0.0751153 0.0751153 0.0751153 0.0751153
nmprior
 10 11 7 0
nm_flota  nm_reclas  nm_pelaces    nm_pelaL
inf 11.863 20.2987 37.0648
cv_recla  cv_pelaces  cv_mph
0.721573 0.575399 1.36885
 ------------------------------------------------
Talla a la edad & desviación 
 7.2 14.2025 17.0495 18.207 18.6776
 1.08 2.13037 2.55742 2.73105 2.80164
