    unsorted:	 4.901757571e-06 0.0008999968786 0.002809163771 0.9592754027 25.34488768 28.16061465 14.65760839 64.32098179 105.8201066 133.0319093 311.9332025 286.1467459 385.7760937 441.6814666 556.6461926 529.8896545 577.8703494 656.3647046 714.0752857 810.7755432 794.8056265 883.1328670 901.9173543 957.2327747 965.1534655 1039.825712 1018.874786 1080.943897 1250.891865 1243.312465 1211.354482 1375.704938 1455.616128 1657.421781 1757.062841 1870.548531 2211.051554 2521.234951 37257.20428 196057.1209 209834.0460 452056.9527 461720.9284 506465.6566 572739.9481 650750.7982 697074.2819 721982.9078 755309.5913 799637.3904 828876.8304 962825.0600 1048814.582 1204352.873 1262490.490 1365912.418 1572279.770 1689419.967 1790389.804 1893427.810 2076981.378 2254006.185 2410110.807 2499808.504 9420242.727
      sorted:	 4.901757571e-06 0.0008999968786 0.002809163771 0.9592754027 14.65760839 25.34488768 28.16061465 64.32098179 105.8201066 133.0319093 286.1467459 311.9332025 385.7760937 441.6814666 529.8896545 556.6461926 577.8703494 656.3647046 714.0752857 794.8056265 810.7755432 883.1328670 901.9173543 957.2327747 965.1534655 1018.874786 1039.825712 1080.943897 1211.354482 1243.312465 1250.891865 1375.704938 1455.616128 1657.421781 1757.062841 1870.548531 2211.051554 2521.234951 37257.20428 196057.1209 209834.0460 452056.9527 461720.9284 506465.6566 572739.9481 650750.7982 697074.2819 721982.9078 755309.5913 799637.3904 828876.8304 962825.0600 1048814.582 1204352.873 1262490.490 1365912.418 1572279.770 1689419.967 1790389.804 1893427.810 2076981.378 2254006.185 2410110.807 2499808.504 9420242.727
