    unsorted:	 7.082344089e-06 -8.579019044e-05 0.0008999974563 0.004313084323 0.6350494019 26.89838353 47.33100873 64.92164501 112.1968442 147.1344547 278.6483909 370.0147075 429.7979691 494.3918314 678.5004632 652.2351578 723.2771942 605.7093809 816.4200818 844.7451561 876.7571549 923.1528483 1087.553246 1037.843601 1217.506613 1232.700014 1267.934366 1444.171941 1497.821376 1769.092045 1829.698590 2039.091638 2177.561220 2520.115378 2726.148918 3012.256613 3284.407016 21793.20576 40103.63363 196345.4323 234228.7719 589081.6390 566455.9494 615070.9927 636462.4454 662063.0736 498577.7803 457502.3423 387586.4156 715776.3630 799935.2951 831057.0332 907025.4662 1058161.048 1124384.370 1255493.402 1421677.784 1543888.832 1679629.403 1800239.075 1984463.778 2183698.733 2391601.531 2512264.214 6654143.080
      sorted:	 -8.579019044e-05 7.082344089e-06 0.0008999974563 0.004313084323 0.6350494019 26.89838353 47.33100873 64.92164501 112.1968442 147.1344547 278.6483909 370.0147075 429.7979691 494.3918314 605.7093809 652.2351578 678.5004632 723.2771942 816.4200818 844.7451561 876.7571549 923.1528483 1037.843601 1087.553246 1217.506613 1232.700014 1267.934366 1444.171941 1497.821376 1769.092045 1829.698590 2039.091638 2177.561220 2520.115378 2726.148918 3012.256613 3284.407016 21793.20576 40103.63363 196345.4323 234228.7719 387586.4156 457502.3423 498577.7803 566455.9494 589081.6390 615070.9927 636462.4454 662063.0736 715776.3630 799935.2951 831057.0332 907025.4662 1058161.048 1124384.370 1255493.402 1421677.784 1543888.832 1679629.403 1800239.075 1984463.778 2183698.733 2391601.531 2512264.214 6654143.080
