years
 1997 1998 1999 2000 2001 2002 2003 2004 2005 2006 2007 2008 2009 2010 2011 2012 2013 2014 2015 2016 2017 2018 2019 2020 2021
reclasobs
 0 0 0 370054 412103 1.49427e+06 250295 1.28982e+06 931140 785840 897777 1.04006e+06 184774 17550 25797 100020 73551 82996 120727 218422 84188 347160 605670 569463 516374
reclaspred
 591012 117596 185808 132182 271665 292041 646368 491666 676992 911766 765492 508291 322256 141045 89417.7 85838.8 99978.2 123468 115280 187904 300514 266601 414035 423455 335984
pelacesobs
 0 0 0 0 0 0 0 0 0 2.06254e+06 1.5e+06 0 1.87456e+06 323000 250000 174000 83755 137374 0 501740 490994 745055 786931 1.00524e+06 0
pelacespred
 683859 170297 120953 153892 286907 244926 696795 565377 755773 1.01137e+06 773489 534676 341519 120438 75288.5 78103.6 95354.8 120523 114748 181784 328670 285523 350592 422336 345274
mphobs
 0 0 0 0 0 112323 0 153150 637223 0 255016 313432 73983 77613 109348 50772 0 0 0 0 0 0 0 0 0
mphpred
 243806 105985 80651.3 49789.7 72681.8 148479 190594 232738 230952 309119 424234 307704 183400 99080.4 43126.4 34211.1 39703.9 50276.3 56326.2 59009.8 106220 134594 158413 194116 218153
desembarqueobs
 350755 77701 442110 56441 14545 235359 269955 359681 431902 328805 639364 411747 362871 311530 167758 66681 60226 58785 57116 71774 51957 67425 138520 160799 200461
desembarquepred
 350736 77673.5 441693 56430.1 14544.7 235335 269941 359432 431686 328664 638977 411611 362643 311379 167557 66658.2 60225.8 58765.5 57092.5 71742.5 51950 67401.8 138481 160768 200450
Reclutas
 21667.2 38011.2 8882.63 30323.3 60136.6 30140.7 63973.4 78035.8 118524 185098 64029.5 33732.2 47504 22291.3 15263.3 16750.8 11983.5 12119.7 11708.1 31095.3 36804.7 40743.1 55298.4 49633.2 3285.67
log_desv_Rt
 -0.356446 0.205635 -1.24815 -0.0203279 0.664374 -0.0263667 0.726223 0.924923 1.34287 1.78864 0.7271 0.0862073 0.428569 -0.328049 -0.706796 -0.613799 -0.948716 -0.937413 -0.971962 0.00481335 0.173382 0.275042 0.580499 0.472416 -2.24267
SSB
 738334 320961 244241 150781 220107 449649 577187 704815 699407 936125 1.28474e+06 931839 555402 300051 130602 103604 120238 152255 170576 178703 321672 407599 479731 587853 660648
BT
 1.46443e+06 451476 449228 335915 525550 622163 1.43643e+06 1.40947e+06 1.74581e+06 2.11903e+06 1.94372e+06 1.32889e+06 968250 513590 275145 194701 219613 263123 255029 384153 629978 574945 724228 892197 790586
Ftot
 0.376951 0.560069 1.33535 0.469167 0.0609515 0.494106 0.373981 0.69507 0.676986 0.379006 0.527823 0.48033 0.820883 1.42566 1.53322 0.650411 0.483813 0.36196 0.338923 0.37916 0.144163 0.176898 0.229351 0.265628 0.304335
BD_Bspro_t
 0.946492 0.695584 0.533413 0.26592 0.476614 0.699742 0.61001 0.621093 0.584142 0.606464 0.649036 0.49661 0.375751 0.277594 0.161934 0.161655 0.241627 0.365508 0.449645 0.520764 0.683486 0.778632 0.77548 0.754558 0.704858
BD_Bspro
 1.15766 0.503245 0.382954 0.236415 0.345112 0.705019 0.904989 1.1051 1.09662 1.46778 2.01438 1.46106 0.870832 0.47046 0.204776 0.162443 0.188525 0.238725 0.267452 0.280194 0.50436 0.639087 0.752186 0.921713 1.03585
BD_Bo
 0.809784 0.352021 0.267877 0.165372 0.241407 0.493162 0.633042 0.773021 0.76709 1.02671 1.40906 1.02201 0.609149 0.329088 0.143241 0.113629 0.131873 0.166989 0.187083 0.195997 0.352801 0.447043 0.526155 0.64474 0.724579
BD_Brms
 2.71777 1.18144 0.89904 0.555018 0.810202 1.65514 2.12459 2.59439 2.57448 3.44583 4.72905 3.43005 2.04441 1.10447 0.480741 0.38136 0.442589 0.560442 0.627882 0.657798 1.18406 1.50035 1.76587 2.16386 2.43181
S_f
 0.149849 1 1 1 1
 0.149849 1 1 1 1
 0.149849 1 1 1 1
 0.149849 1 1 1 1
 0.149849 1 1 1 1
 0.149849 1 1 1 1
 0.149849 1 1 1 1
 0.149849 1 1 1 1
 0.149849 1 1 1 1
 0.149849 1 1 1 1
 0.149849 1 1 1 1
 0.149849 1 1 1 1
 0.149849 1 1 1 1
 0.149849 1 1 1 1
 0.149849 1 1 1 1
 0.149849 1 1 1 1
 0.149849 1 1 1 1
 0.149849 1 1 1 1
 0.149849 1 1 1 1
 0.149849 1 1 1 1
 0.149849 1 1 1 1
 0.149849 1 1 1 1
 0.149849 1 1 1 1
 0.149849 1 1 1 1
 0.149849 1 1 1 1
Scru_reclas
 1 1 1 1 1
 1 1 1 1 1
 1 1 1 1 1
 1 1 1 1 1
 1 1 1 1 1
 1 1 1 1 1
 1 1 1 1 1
 1 1 1 1 1
 1 1 1 1 1
 1 1 1 1 1
 1 1 1 1 1
 1 1 1 1 1
 1 1 1 1 1
 1 1 1 1 1
 1 1 1 1 1
 1 1 1 1 1
 1 1 1 1 1
 1 1 1 1 1
 1 1 1 1 1
 1 1 1 1 1
 1 1 1 1 1
 1 1 1 1 1
 1 1 1 1 1
 1 1 1 1 1
 1 1 1 1 1
Scru_pelaces
 1 1 1 1 1
 1 1 1 1 1
 1 1 1 1 1
 1 1 1 1 1
 1 1 1 1 1
 1 1 1 1 1
 1 1 1 1 1
 1 1 1 1 1
 1 1 1 1 1
 1 1 1 1 1
 1 1 1 1 1
 1 1 1 1 1
 1 1 1 1 1
 1 1 1 1 1
 1 1 1 1 1
 1 1 1 1 1
 1 1 1 1 1
 1 1 1 1 1
 1 1 1 1 1
 1 1 1 1 1
 1 1 1 1 1
 1 1 1 1 1
 1 1 1 1 1
 1 1 1 1 1
 1 1 1 1 1
pf_obs 
 0.256992 0.487395 0.22802 0.0275931 0
 0.321318 0.546541 0.124235 0.00734118 0.000564706
 0.182869 0.594174 0.210203 0.0122559 0.00049798
 0.330522 0.361315 0.267642 0.0388342 0.00168674
 0.649043 0.306663 0.0425973 0.00169635 0
 0.582887 0.30429 0.105238 0.00758474 0
 0.465427 0.430635 0.0974691 0.00646863 0
 0.296916 0.608066 0.0921331 0.00288517 0
 0.311714 0.524322 0.152257 0.0117073 0
 0.15457 0.633149 0.183074 0.0267441 0.00246327
 0.131901 0.49318 0.331252 0.0422183 0.00144891
 0.196976 0.569456 0.194076 0.0375587 0.00193317
 0.518974 0.381816 0.0799577 0.0180837 0.00116848
 0.0928022 0.601141 0.25162 0.0475244 0.00691264
 0.122501 0.610282 0.24278 0.0234846 0.000952079
 0.383417 0.481906 0.127806 0.00687128 0
 0.0376549 0.599619 0.316969 0.0457579 0
 0.0361596 0.667082 0.258105 0.0386534 0
 0.158088 0.579412 0.248529 0.0139706 0
 0.0477256 0.309471 0.559284 0.082774 0.000745712
 0.0406174 0.521527 0.379366 0.0568643 0.0016247
 0.151134 0.462217 0.34131 0.0453401 0
 0.294876 0.26143 0.354403 0.0886775 0.000613685
 0.281977 0.475581 0.204845 0.0348837 0.00271318
 0 0 0 0 0
pf_pred 
 0.117979 0.594598 0.254102 0.0333143 6.44964e-06
 0.261209 0.382465 0.240211 0.102654 0.0134612
 0.0822452 0.694745 0.11545 0.0725095 0.0350503
 0.448557 0.301428 0.189263 0.0314509 0.0293015
 0.364286 0.554627 0.0443234 0.0278301 0.00893333
 0.126758 0.696358 0.154322 0.0123327 0.0102292
 0.303828 0.384864 0.248249 0.0550152 0.00804326
 0.278391 0.56114 0.0887123 0.0572222 0.0145352
 0.335884 0.52123 0.111112 0.017566 0.0142087
 0.330564 0.552746 0.091584 0.0195232 0.00558306
 0.0961964 0.721825 0.150258 0.0248961 0.00682484
 0.0892507 0.436976 0.37838 0.0787649 0.0166281
 0.215373 0.355577 0.205858 0.178254 0.0449393
 0.157022 0.619688 0.10119 0.0585832 0.0635164
 0.232051 0.55696 0.155102 0.0253269 0.0305603
 0.300332 0.573808 0.0912808 0.0254198 0.00915941
 0.184247 0.651437 0.134758 0.0214372 0.00812089
 0.197206 0.527251 0.220041 0.0455185 0.0099841
 0.187181 0.537883 0.18057 0.0753585 0.0190082
 0.383911 0.39707 0.144935 0.0486555 0.0254276
 0.249459 0.625575 0.0805409 0.0293984 0.0150269
 0.204116 0.560203 0.196439 0.025291 0.0139502
 0.229417 0.501485 0.189411 0.0664185 0.0132679
 0.175564 0.568377 0.16664 0.0629401 0.0264792
 0.0141433 0.609056 0.259771 0.0761612 0.0408682
pobs_RECLAS
 0 0 0 0 0
 0 0 0 0 0
 0 0 0 0 0
 0 0 0 0 0
 0.835266 0.146461 0.0176864 0.000547809 3.91292e-05
 0.385257 0.428462 0.181853 0.0044286 0
 0.867414 0.0963971 0.0333333 0.00285562 0
 0.441836 0.489002 0.0689373 0.000224442 0
 0.779404 0.147425 0.0564933 0.0165055 0.000172143
 0.814271 0.122319 0.05973 0.00367925 0
 0.40263 0.566651 0.0304383 0.000280538 0
 0.475488 0.404961 0.113038 0.00651328 0
 0.955842 0.0263864 0.0167828 0.000988607 0
 0.975058 0.0227948 0.00214734 0 0
 0.738997 0.206755 0.0527124 0.00153531 0
 0.850938 0.134255 0.0134407 0.00136685 0
 0.542534 0.407297 0.0501686 0 0
 0.764087 0.199537 0.0359546 0.000420521 0
 0.470689 0.182191 0.310203 0.0369168 0
 0.84361 0.089868 0.0606195 0.00523954 0.000663233
 0.607945 0.314616 0.071237 0.00620181 0
 0.523733 0.453247 0.0230204 0 0
 0.530135 0.295979 0.169645 0.0042399 0
 0.562478 0.366248 0.0663022 0.0049721 0
 0.250443 0.683176 0.0655157 0.000865301 0
ppred_RECLAS
 0.477654 0.35213 0.150483 0.0197293 3.81957e-06
 0.710592 0.149824 0.0940985 0.040213 0.0052732
 0.405978 0.449678 0.0747255 0.0469322 0.0226865
 0.848559 0.0827801 0.0519766 0.00863725 0.00804698
 0.793223 0.180402 0.014417 0.00905224 0.00290572
 0.500519 0.398306 0.0882697 0.00705413 0.00585096
 0.748926 0.138801 0.0895308 0.0198412 0.00290079
 0.7308 0.209336 0.0330946 0.021347 0.00542242
 0.780333 0.172405 0.036752 0.00581024 0.00469977
 0.771498 0.188672 0.0312608 0.00666394 0.00190569
 0.424283 0.459798 0.0957131 0.0158586 0.00434737
 0.403233 0.286328 0.247933 0.0516106 0.0108955
 0.661908 0.153216 0.0887032 0.0768086 0.0193641
 0.590172 0.301272 0.0491953 0.0284812 0.0308795
 0.703786 0.214831 0.059826 0.00976912 0.0117877
 0.750431 0.204675 0.0325595 0.00906714 0.00326713
 0.609038 0.31221 0.0645849 0.0102741 0.00389206
 0.626502 0.245302 0.102374 0.0211774 0.00464508
 0.610851 0.257519 0.0864505 0.036079 0.00910047
 0.809915 0.12251 0.0447177 0.015012 0.00784532
 0.690945 0.257597 0.0331648 0.0121055 0.0061877
 0.63351 0.257963 0.0904568 0.011646 0.00642379
 0.668162 0.215956 0.0815667 0.028602 0.00571358
 0.590802 0.282106 0.0827096 0.0312395 0.0131426
 0.0888692 0.562891 0.240081 0.0703884 0.0377705
pobs_PELACES
 0 0 0 0 0
 0 0 0 0 0
 0 0 0 0 0
 0 0 0 0 0
 0 0 0 0 0
 0 0 0 0 0
 0 0 0 0 0
 0 0 0 0 0
 0 0 0 0 0
 0 0 0 0 0
 0.450072 0.473896 0.0757376 0.000293798 0
 0 0 0 0 0
 0.463077 0.371075 0.160297 0.00555027 0
 0.529543 0.364841 0.0842815 0.0213345 0
 0.631943 0.363953 0.00410389 0 0
 0.735681 0.248677 0.0153453 0.000297389 0
 0.695825 0.281241 0.0229344 0 0
 0.275771 0.60734 0.115278 0.00161068 0
 0 0 0 0 0
 0.896147 0.0623911 0.0374545 0.00400742 0
 0.803859 0.145111 0.0509908 3.86294e-05 0
 0.739449 0.233085 0.0266225 0.000797448 4.60066e-05
 0.878498 0.100942 0.0204185 0.000141795 0
 0.694673 0.275183 0.0284847 0.00165964 0
 0 0 0 0 0
ppred_PELACES
 0.504077 0.334317 0.14287 0.0187312 3.62636e-06
 0.741808 0.133663 0.0839488 0.0358755 0.00470442
 0.498504 0.379635 0.0630861 0.039622 0.0191528
 0.864709 0.0739521 0.0464336 0.00771614 0.00718881
 0.796013 0.177968 0.0142224 0.00893007 0.00286651
 0.535117 0.370717 0.0821555 0.00656552 0.00544568
 0.768136 0.128181 0.0826809 0.0183231 0.00267885
 0.7674 0.180875 0.0285952 0.0184447 0.0046852
 0.811155 0.148214 0.0315952 0.00499498 0.00404032
 0.7897 0.173642 0.0287706 0.0061331 0.00175389
 0.460797 0.430636 0.0896426 0.0148528 0.00407165
 0.436039 0.270588 0.234303 0.0487734 0.0102966
 0.711382 0.130795 0.0757229 0.0655689 0.0165305
 0.682361 0.233502 0.038129 0.0220745 0.0239333
 0.785083 0.15587 0.0434065 0.00708795 0.00855257
 0.783025 0.177944 0.0283072 0.00788294 0.00284043
 0.640839 0.286816 0.0593317 0.00943843 0.00357548
 0.649943 0.229907 0.0959487 0.0198483 0.00435355
 0.633201 0.242729 0.0814853 0.0340069 0.00857779
 0.825754 0.112302 0.0409915 0.013761 0.00719159
 0.699515 0.250454 0.0322452 0.0117699 0.00601613
 0.644954 0.249908 0.0876321 0.0112824 0.0062232
 0.682271 0.206774 0.0780986 0.0273859 0.00547066
 0.608689 0.269775 0.0790942 0.0298739 0.0125681
 0.0960296 0.558467 0.238194 0.0698352 0.0374737
pobs_pel_tallas
 0 0 0 0 0 0 0 0 0 0 0 0 0 0 0 0 0 0 0 0 0 0 0 0 0 0 0 0 0 0 0 0 0 0 0 0
 0 0 0 0 0 0 0 0 0 0 0 0 0 0 0 0 0 0 0 0 0 0 0 0 0 0 0 0 0 0 0 0 0 0 0 0
 0 0 0 0 0 0 0 0 0 0 0 0 0 0 0 0 0 0 0 0 0 0 0 0 0 0 0 0 0 0 0 0 0 0 0 0
 0 0 0 0 0 0 0 0 0 0 0 0 0 0 0 0 0 0 0 0 0 0 0 0 0 0 0 0 0 0 0 0 0 0 0 0
 0 0 0 0 0 0 0 0 0 0 0 0 0 0 0 0 0 0 0 0 0 0 0 0 0 0 0 0 0 0 0 0 0 0 0 0
 0 0 0 0 0 0 0 0 0 0 0 0 0 0 0 0 0 0 0 0 0 0 0 0 0 0 0 0 0 0 0 0 0 0 0 0
 0 0 0 0 0 0 0 0 0 0 0 0 0 0 0 0 0 0 0 0 0 0 0 0 0 0 0 0 0 0 0 0 0 0 0 0
 0 0 0 0 0 0 0 0 0 0 0 0 0 0 0 0 0 0 0 0 0 0 0 0 0 0 0 0 0 0 0 0 0 0 0 0
 0 0 0 0 0 0 0 0 0 0 0 0 0 0 0 0 0 0 0 0 0 0 0 0 0 0 0 0 0 0 0 0 0 0 0 0
 0 0 0 0 0 0 0 0 0 0 0 0 0 0 0 0 0 0 0 0 0 0 0 0 0 0 0 0 0 0 0 0 0 0 0 0
 0 0 0 0 0 0 0 0 1.78061e-05 0.00172719 0.00360574 0.0105946 0.0120993 0.0124554 0.0147524 0.0171206 0.0266825 0.0428682 0.0675386 0.121331 0.153587 0.119568 0.100827 0.0573624 0.0630603 0.0341343 0.0324427 0.0444173 0.0211091 0.0280891 0.0125444 0.00206551 0 0 0 0
 0 0 0 0 0 0 0 0 0 0 0 0 0 0 0 0 0 0 0 0 0 0 0 0 0 0 0 0 0 0 0 0 0 0 0 0
 0 0 0 0 0 0 0.0133647 0.0140871 0.0187388 0.0205184 0.03894 0.0496705 0.03968 0.0493445 0.0407372 0.0367815 0.0215668 0.0243155 0.0234873 0.0199281 0.019796 0.0243948 0.0301388 0.0376714 0.0412746 0.0863199 0.0771752 0.113111 0.0741005 0.0525337 0.0229764 0.00759418 0.00175318 0 0 0
 0 0 0 0 0 0 0 0 0 0 0.00219441 0.00772107 0.0458388 0.0604681 0.0671733 0.0775358 0.0609151 0.0617685 0.073594 0.0568108 0.0755445 0.0548602 0.0670107 0.0636378 0.0643287 0.046367 0.0373049 0.0286899 0.0247887 0.0153202 0.00654259 0.00121912 0.000365735 0 0 0
 0 0 0 0 0 0 0 0 0 0 0 0 0.000112435 0.00938835 0.0111873 0.0202946 0.0414886 0.0713402 0.111592 0.104902 0.108894 0.110636 0.117776 0.105296 0.107544 0.0401394 0.0192827 0.0124803 0.00416011 0.0028671 0.000618394 0 0 0 0 0
 0 0 0 0 0 0 0 0 0 0 0.00291406 0.0102884 0.027416 0.0768956 0.0749926 0.110853 0.0956884 0.0897413 0.0766577 0.0534642 0.0500743 0.0551293 0.0594112 0.0620874 0.0668451 0.0424026 0.0208742 0.0120726 0.0048766 0.00582813 0.00118941 0.000297354 0 0 0 0
 0 0.00264628 0.0354308 0.0461629 0.0458689 0.0383711 0.0214643 0.0164657 0.0346957 0.0420465 0.0363128 0.0245516 0.0311673 0.0291091 0.0169068 0.0133784 0.00837989 0.0085269 0.0148486 0.0160247 0.0276389 0.0546898 0.0760071 0.122758 0.109233 0.0665981 0.0333725 0.0166128 0.00676272 0.00308733 0.000882094 0 0 0 0 0
 0 0 0 0 0 0 0 0.000805153 0.000690131 0.00759144 0.0133425 0.0154129 0.00931677 0.000345066 0.00356568 0.00563607 0.00851162 0.0253048 0.0502646 0.0516448 0.0657925 0.0565908 0.0611916 0.0827007 0.0866115 0.110766 0.145733 0.0935128 0.0569358 0.0249597 0.0138026 0.00621118 0.00161031 0.00115022 0 0
 0 0 0 0 0 0 0 0 0 0 0 0 0 0 0 0 0 0 0 0 0 0 0 0 0 0 0 0 0 0 0 0 0 0 0 0
 0.00147267 0.00158595 0.00478618 0.00569244 0.00954404 0.0108468 0.00647125 0.017049 0.0510054 0.094081 0.124002 0.0959785 0.0687766 0.0820023 0.061753 0.0591476 0.0492212 0.0479892 0.0443925 0.0268479 0.0217502 0.0140895 0.0121071 0.0120363 0.00920419 0.00665534 0.0049561 0.00860946 0.00930331 0.0156896 0.0114698 0.00855282 0.00243557 0.00046729 0 2.83206e-05
 0 0 0 0 0.000772559 0.00158375 0.000888443 0.00281984 0.00712685 0.0440552 0.0773331 0.111326 0.0921469 0.0852325 0.0710754 0.0886704 0.0786465 0.0553345 0.0373146 0.0185414 0.00753245 0.00457741 0.012979 0.0271748 0.0457355 0.0583668 0.034881 0.0177882 0.00938659 0.00492506 0.0015258 0.00185414 0.000309023 5.79419e-05 3.86279e-05 0
 0 0.00173294 0.00326652 0 0.00397197 0.00683976 0.00946217 0.0152591 0.00757587 0.0136028 0.0228656 0.0392903 0.0559909 0.0764795 0.0681675 0.0726916 0.0566044 0.0477403 0.0527397 0.0444891 0.0609904 0.0582453 0.0661739 0.0445044 0.0529084 0.0360697 0.0280645 0.0235558 0.0158879 0.00826598 0.00280645 0.00217768 0.000904811 0.00058276 9.20147e-05 0
 0 0 0 0 0 0 0 0 0 0 0 0 0 0 0 0 0 0 0 0 0 0 0 0 0 0 0 0 0 0 0 0 0 0 0 0
 0 0 0 0 0 0 0 0 0 0 0 0 0 0 0 0 0 0 0 0 0 0 0 0 0 0 0 0 0 0 0 0 0 0 0 0
 0 0 0 0 0 0 0 0 0 0 0 0 0 0 0 0 0 0 0 0 0 0 0 0 0 0 0 0 0 0 0 0 0 0 0 0
ppred_pel_tallas
 1.02781e-16 2.20067e-05 0.000129128 0.000613748 0.00236285 0.00736822 0.0186118 0.038084 0.0631353 0.0848098 0.0923448 0.0815854 0.0586867 0.0348263 0.0179811 0.00976489 0.00788512 0.00959727 0.0131893 0.0178238 0.0229964 0.0282183 0.0329498 0.0366661 0.038962 0.039637 0.0387308 0.0364933 0.0333073 0.02959 0.0257087 0.0219311 0.0184165 0.0152365 0.0124086 0.00992625
 1.02688e-16 3.23645e-05 0.000189957 0.000902976 0.00347652 0.0108412 0.027384 0.056031 0.0928767 0.124728 0.135721 0.119698 0.0856455 0.0499062 0.0240778 0.0103676 0.00523505 0.00451932 0.00567998 0.0076175 0.00990371 0.0122981 0.0145815 0.0165423 0.0180082 0.0188772 0.0191321 0.0188308 0.0180798 0.0170012 0.0157047 0.0142742 0.0127672 0.0112236 0.00967789 0.00816576
 1.03276e-16 2.17652e-05 0.000127707 0.000606985 0.00233679 0.00728696 0.0184066 0.0376644 0.062441 0.0838809 0.0913433 0.080724 0.0581179 0.0345901 0.0180435 0.0100894 0.00847288 0.0104832 0.0144148 0.0194059 0.0249019 0.0303478 0.0351369 0.0386938 0.0405973 0.0406756 0.0390412 0.0360477 0.0321902 0.0279821 0.0238501 0.0200753 0.0167856 0.0139888 0.0116231 0.00960463
 1.01285e-16 3.77211e-05 0.00022141 0.00105252 0.00405233 0.0126369 0.0319196 0.0653108 0.108256 0.145374 0.158165 0.139442 0.0996609 0.057848 0.0274867 0.0111071 0.00453776 0.00289199 0.00319311 0.00417741 0.0054048 0.00669298 0.00791072 0.00893909 0.00968306 0.0100882 0.0101485 0.00990091 0.00941054 0.00875127 0.00798979 0.00717691 0.00634674 0.00552129 0.0047167 0.00394791
 1.00701e-16 3.47298e-05 0.000203839 0.000968967 0.00373059 0.0116335 0.0293853 0.0601261 0.0996655 0.133847 0.14565 0.128467 0.0919478 0.053634 0.0259772 0.0113512 0.00595757 0.00532293 0.0066987 0.00886496 0.0113055 0.0136956 0.0157363 0.0171568 0.0177648 0.0174913 0.0164062 0.0146971 0.0126199 0.0104381 0.0083704 0.0065602 0.0050704 0.00389849 0.0030015 0.00232063
 1.01768e-16 2.33614e-05 0.000137079 0.00065154 0.00250835 0.00782194 0.0197579 0.0404292 0.0670235 0.0900334 0.0980341 0.0866155 0.0623128 0.036993 0.0191249 0.0104208 0.00844276 0.0102676 0.0140605 0.0189069 0.0242391 0.0295033 0.0340978 0.037452 0.039146 0.0390063 0.0371415 0.0339025 0.0297864 0.0253158 0.0209354 0.01695 0.0135138 0.0106569 0.00833165 0.00645672
 1.01971e-16 3.35123e-05 0.000196696 0.000935016 0.00359988 0.0112259 0.0283557 0.0580192 0.096172 0.129152 0.140533 0.123935 0.0886619 0.0516336 0.0248542 0.0106031 0.00520763 0.00435297 0.00540456 0.00722338 0.00937033 0.0116052 0.0137135 0.0154897 0.0167678 0.0174516 0.0175296 0.017065 0.0161711 0.0149776 0.0136032 0.01214 0.0106521 0.00918218 0.00776207 0.00642005
 1.01318e-16 3.34822e-05 0.000196515 0.000934144 0.00359651 0.0112154 0.0283292 0.0579653 0.0960839 0.129038 0.14042 0.123861 0.0886656 0.0517493 0.0251206 0.0110745 0.00595589 0.00545902 0.00693913 0.0092218 0.0118065 0.014372 0.0166181 0.0182685 0.0191226 0.0190999 0.0182562 0.0167634 0.0148616 0.0128002 0.0107868 0.00895911 0.00738065 0.00605596 0.00495475 0.00403474
 1.00858e-16 3.53889e-05 0.000207711 0.000987381 0.0038015 0.0118546 0.0299438 0.0612687 0.101558 0.136386 0.148406 0.130881 0.0936368 0.0545422 0.0262737 0.0112375 0.00555126 0.00465009 0.005737 0.00758735 0.00970978 0.0118212 0.0136703 0.0150281 0.015727 0.015698 0.014984 0.0137245 0.0121162 0.0103659 0.00864839 0.00708261 0.00572756 0.00459347 0.00366045 0.00289637
 1.00758e-16 3.44544e-05 0.000202223 0.000961281 0.003701 0.0115412 0.0291522 0.0596492 0.0988749 0.132785 0.144494 0.127447 0.091216 0.053204 0.0257636 0.0112496 0.00589442 0.0052616 0.00662714 0.00878497 0.0112283 0.0136404 0.0157291 0.0172273 0.0179419 0.0177968 0.0168499 0.0152725 0.0133041 0.0111945 0.00915398 0.00732428 0.00577353 0.00450961 0.00350266 0.00270723
 1.02114e-16 2.01232e-05 0.000118062 0.00056112 0.00216019 0.0067362 0.0170155 0.0348185 0.0577254 0.0775535 0.0844721 0.0746974 0.0538787 0.0322669 0.017198 0.0101969 0.00921458 0.0117692 0.0162848 0.02193 0.0281162 0.0342174 0.0395384 0.043418 0.0453706 0.0451969 0.0430255 0.0392659 0.0344966 0.0293248 0.0242652 0.0196692 0.0157121 0.0124254 0.00975032 0.00759021
 1.05572e-16 1.90375e-05 0.000111702 0.000530913 0.00204393 0.0063737 0.0160997 0.0329436 0.0546135 0.0733622 0.0798796 0.0705713 0.0507619 0.0301205 0.01555 0.0084519 0.00685507 0.00840595 0.0116553 0.0159221 0.0208219 0.0259842 0.0309837 0.0353826 0.038808 0.0410189 0.0419381 0.0416386 0.0402977 0.0381367 0.0353704 0.032181 0.0287161 0.025101 0.0214544 0.0178951
 1.04144e-16 3.10376e-05 0.000182167 0.000865945 0.00333394 0.0103966 0.0262609 0.0537331 0.0890678 0.119613 0.130157 0.114794 0.0821419 0.0478766 0.0231215 0.00999642 0.00511005 0.00447693 0.00566626 0.00762929 0.00996102 0.0124358 0.0148475 0.0169954 0.0187137 0.0199002 0.0205291 0.0206403 0.0203145 0.019642 0.0186995 0.0175397 0.0161962 0.0146954 0.0130698 0.0113655
 1.02495e-16 2.97763e-05 0.000174753 0.000830675 0.00319811 0.00997297 0.025191 0.0515448 0.0854435 0.114755 0.124895 0.110209 0.078986 0.0462874 0.0228202 0.010659 0.00658783 0.00680346 0.00895943 0.0119864 0.0153784 0.0187568 0.0217433 0.0239847 0.0252231 0.0253529 0.0244419 0.0227044 0.0204399 0.0179575 0.0155121 0.0132686 0.011299 0.00960296 0.00814018 0.00685984
 1.01311e-16 3.42523e-05 0.000201038 0.000955653 0.00367933 0.0114737 0.0289816 0.0592999 0.0982954 0.132006 0.143642 0.126688 0.0906549 0.0528412 0.025522 0.0110333 0.00562487 0.00488533 0.00611125 0.00811609 0.0104168 0.0127258 0.0147816 0.0163429 0.0172299 0.0173632 0.0167784 0.0156099 0.0140523 0.012311 0.0105612 0.00892288 0.00745808 0.00618208 0.00508236 0.00413596
 1.00864e-16 3.41635e-05 0.000200514 0.00095316 0.00366973 0.0114437 0.0289059 0.0591453 0.0980397 0.131664 0.143275 0.126376 0.0904564 0.0527757 0.0255836 0.0112179 0.00594534 0.0053689 0.00678789 0.00900432 0.0115108 0.0139858 0.016131 0.0176732 0.0184151 0.0182791 0.0173244 0.0157266 0.0137302 0.0115898 0.00951938 0.00766242 0.00608698 0.00479974 0.0037693 0.002949
 1.01428e-16 2.7968e-05 0.000164131 0.000780167 0.00300362 0.00936646 0.0236591 0.0484107 0.0802504 0.107787 0.117327 0.10357 0.0743118 0.043718 0.0218694 0.0107443 0.00735191 0.00814025 0.0109056 0.0146136 0.0187242 0.0227854 0.0263279 0.0289107 0.0302102 0.0300941 0.0286482 0.0261456 0.0229717 0.0195308 0.0161656 0.0131097 0.0104796 0.00829555 0.00651795 0.00508209
 1.02323e-16 2.83627e-05 0.000166454 0.00079122 0.0030462 0.00949924 0.0239944 0.0490964 0.0813854 0.109306 0.118967 0.104987 0.0752603 0.0441391 0.0218278 0.0103108 0.00653523 0.00688983 0.00915028 0.0123058 0.0158768 0.0194975 0.0227931 0.0254036 0.0270515 0.0275986 0.0270706 0.0256355 0.0235508 0.0210964 0.0185166 0.0159877 0.0136128 0.011437 0.00947119 0.007713
 1.02806e-16 2.76332e-05 0.00016217 0.00077085 0.00296776 0.00925465 0.0233766 0.0478325 0.0792907 0.106495 0.115912 0.102301 0.0733572 0.0430685 0.0213829 0.0102415 0.00667798 0.00717916 0.00957791 0.0128817 0.0166069 0.0203734 0.0237892 0.0264796 0.028159 0.0286914 0.0281134 0.0266112 0.0244618 0.0219608 0.0193606 0.0168365 0.0144826 0.0123306 0.0103772 0.00860932
 1.01428e-16 3.6024e-05 0.000211443 0.00100513 0.00386985 0.0120678 0.0304822 0.0623701 0.103383 0.138833 0.151059 0.1332 0.0952514 0.055392 0.0265138 0.0110513 0.00503831 0.00382012 0.00455378 0.00601425 0.00774242 0.00950746 0.0111181 0.0123994 0.0132181 0.0135093 0.0132874 0.0126353 0.0116779 0.0105489 0.00936279 0.00819929 0.00710189 0.00608628 0.00515308 0.00429878
 1.01225e-16 3.05249e-05 0.000179146 0.000851559 0.00327851 0.0102237 0.0258244 0.0528408 0.0875921 0.117642 0.128038 0.112988 0.0809879 0.0474812 0.0234467 0.0110134 0.0068861 0.00716447 0.00943716 0.012596 0.0161043 0.0195511 0.0225244 0.0246427 0.025631 0.0253849 0.0239928 0.0217073 0.0188776 0.0158652 0.0129721 0.0103986 0.0082363 0.00648894 0.00510586 0.00401527
 1.02004e-16 2.8146e-05 0.00016518 0.000785159 0.00302285 0.00942644 0.0238105 0.0487204 0.0807626 0.108472 0.118064 0.104201 0.0747218 0.0438734 0.0217891 0.0104463 0.00682317 0.0073398 0.00978587 0.0131454 0.0169189 0.0207103 0.0241116 0.0267332 0.02828 0.0286139 0.0277794 0.0259793 0.0235144 0.0207075 0.017838 0.0151036 0.0126145 0.0104097 0.00848499 0.00681827
 1.02373e-16 2.97714e-05 0.000174726 0.000830553 0.00319765 0.00997154 0.0251874 0.0515371 0.0854302 0.114735 0.124868 0.110173 0.0789327 0.0462016 0.0226774 0.0104265 0.00622717 0.00627542 0.00823291 0.01105 0.0142526 0.0175026 0.0204628 0.0228119 0.0243032 0.0248158 0.024375 0.0231335 0.0213219 0.0191887 0.0169483 0.014752 0.0126847 0.0107799 0.00904203 0.00746655
 1.02825e-16 2.65654e-05 0.000155898 0.000741031 0.00285294 0.00889658 0.0224722 0.0459822 0.0762246 0.10238 0.111442 0.098376 0.0705878 0.0415328 0.0207879 0.0102351 0.00703818 0.00783034 0.0105281 0.0141614 0.0182312 0.022322 0.0259989 0.028847 0.0305538 0.0309762 0.0301663 0.0283446 0.0258326 0.022971 0.0200488 0.0172641 0.0147191 0.0124415 0.0104164 0.00861563
 1.07714e-16 4.22306e-06 2.4702e-05 0.000117248 0.000451118 0.0014065 0.00355331 0.00727498 0.012076 0.016269 0.017839 0.0160569 0.0121962 0.00853663 0.00680017 0.00753606 0.0105532 0.0155177 0.0221588 0.0301649 0.0390403 0.0480627 0.0563601 0.0630684 0.0675132 0.0693508 0.0686247 0.0657152 0.0612116 0.0557527 0.0498915 0.0440212 0.0383676 0.0330301 0.0280403 0.0234127
pSPR Fmed_Fpbrs
0.551317   0.347959 0.347959
Fs Fmed_Fpbrs
0.433409   1.005 1.005
SSBpbr Bo_Bmed_Bpbrs
911767  457085  271669 271669
Ro
30946
SPR SPRFo_SPRFmed_SPRFpbrs
637783 351621 221922
log_Ro
10.16
likeval ReclasPelacesDesembMPH_pf_preclas_ppelaces_ptallas_desvR_qrecl_qpela
 83.3019 58.0688 0.0268459 0.000172387 290.074 191.981 70.2793 0 25.9414 2.14436e-05 0 0 0 0 0
q_reclas_q_pelaces
0.518823 1
M
0.7
N
 21667.2 18749.1 8012.43 1050.48 0.203373
 38011.2 10168.7 6386.56 2729.29 357.897
 8882.63 17356.3 2884.19 1811.45 875.634
 30323.3 3611.04 2267.33 376.775 351.026
 60136.6 14035.8 1121.68 704.291 226.074
 30140.7 29591.4 6557.84 524.074 434.686
 63973.4 13899.3 8965.46 1986.86 290.48
 78035.8 30036.9 4748.63 3063.01 778.044
 118524 34918.3 7443.62 1176.79 951.874
 185098 53179.3 8811.23 1878.31 537.142
 64029.5 86842.3 18077.4 2995.23 821.092
 33732.2 29378.1 25438.7 5295.41 1117.91
 47504 15587.6 9024.3 7814.19 1970.03
 22291.3 20859.4 3406.18 1971.98 2138.04
 15263.3 8940.24 2489.67 406.543 490.549
 16750.8 6023.67 958.24 266.849 96.1528
 11983.5 7545.73 1560.94 248.312 94.0661
 12119.7 5534.66 2309.82 477.817 104.805
 11708.1 5700.72 1913.76 798.683 201.458
 31095.3 5526.17 2017.12 677.157 353.886
 36804.7 14588.6 1878.24 685.58 350.431
 40743.1 17886.1 6271.89 807.487 445.399
 55298.4 19703.1 7441.89 2609.56 521.29
 49633.2 26532.6 7778.99 2938.13 1236.09
 3285.67 23685.3 10102.1 2961.8 1589.31
pred_Ctot
 858.578 4327.11 1849.19 242.441 0.0469363
 2211.28 3237.77 2033.52 869.025 113.957
 1171.93 9899.54 1645.06 1033.2 499.438
 1486.53 998.938 627.221 104.229 97.1058
 393.416 598.979 47.8678 30.0556 9.6477
 1553.59 8534.77 1891.41 151.154 125.372
 2515.51 3186.43 2055.35 455.491 66.5931
 5584.64 11256.7 1779.61 1147.9 291.582
 8271.21 12835.4 2736.15 432.566 349.893
 7373.64 12329.7 2042.9 435.489 124.537
 3517.82 26396.5 5494.8 910.428 249.579
 1691.75 8282.9 7172.2 1492.99 315.185
 3982.36 6574.81 3806.43 3296.01 830.953
 3121.85 12320.4 2011.83 1164.73 1262.81
 2283.2 5480.05 1526.08 249.197 300.689
 1125.01 2149.43 341.929 95.2199 34.3102
 605.221 2139.87 442.66 70.4179 26.6759
 461.606 1234.15 515.058 106.547 23.3701
 418.18 1201.68 403.411 168.358 42.4663
 1239.22 1281.69 467.833 157.054 82.0771
 566.37 1420.3 182.859 66.7459 34.1169
 767.683 2106.93 738.809 95.1195 52.4666
 1346.22 2942.72 1111.47 389.744 77.8561
 1396.09 4519.76 1325.13 500.502 210.564
 105.618 4548.25 1939.89 568.75 305.192
F
 0.0564858 0.376951 0.376951 0.376951 0.376951
 0.0839258 0.560069 0.560069 0.560069 0.560069
 0.200101 1.33535 1.33535 1.33535 1.33535
 0.0703042 0.469167 0.469167 0.469167 0.469167
 0.00913352 0.0609515 0.0609515 0.0609515 0.0609515
 0.0740413 0.494106 0.494106 0.494106 0.494106
 0.0560407 0.373981 0.373981 0.373981 0.373981
 0.104156 0.69507 0.69507 0.69507 0.69507
 0.101446 0.676986 0.676986 0.676986 0.676986
 0.0567937 0.379006 0.379006 0.379006 0.379006
 0.0790938 0.527823 0.527823 0.527823 0.527823
 0.0719769 0.48033 0.48033 0.48033 0.48033
 0.123009 0.820883 0.820883 0.820883 0.820883
 0.213633 1.42566 1.42566 1.42566 1.42566
 0.229752 1.53322 1.53322 1.53322 1.53322
 0.0974635 0.650411 0.650411 0.650411 0.650411
 0.0724989 0.483813 0.483813 0.483813 0.483813
 0.0542394 0.36196 0.36196 0.36196 0.36196
 0.0507872 0.338923 0.338923 0.338923 0.338923
 0.0568168 0.37916 0.37916 0.37916 0.37916
 0.0216027 0.144163 0.144163 0.144163 0.144163
 0.026508 0.176898 0.176898 0.176898 0.176898
 0.0343681 0.229351 0.229351 0.229351 0.229351
 0.0398041 0.265628 0.265628 0.265628 0.265628
 0.0456043 0.304335 0.304335 0.304335 0.304335
nmprior
 10 11 7 0
nm_flota  nm_reclas  nm_pelaces    nm_pelaL
inf 25.1822 20.8945 38.3742
cv_recla  cv_pelaces  cv_mph
0.825567 0.896677 0.425981
 ------------------------------------------------
Talla a la edad & desviación 
 7.2 14.2025 17.0495 18.207 18.6776
 1.08 2.13037 2.55742 2.73105 2.80164
