years
 1997 1998 1999 2000 2001 2002 2003 2004 2005 2006 2007 2008 2009 2010 2011 2012 2013 2014 2015 2016 2017 2018 2019 2020 2021
reclasobs
 0 0 0 370054 412103 1.49427e+06 250295 1.28982e+06 931140 785840 897777 1.04006e+06 184774 17550 25797 100020 73551 82996 120727 218422 84188 347160 605670 569463 516374
reclaspred
 836098 140309 195466 120620 264480 277001 607924 475639 656107 973342 828331 543169 344836 150071 93493.5 88926.3 102007 123553 111858 186167 306213 271444 414517 404739 304812
pelacesobs
 0 0 0 0 0 0 0 0 0 2.06254e+06 1.5e+06 0 1.87456e+06 323000 250000 174000 83755 137374 0 501740 490994 745055 786931 1.00524e+06 0
pelacespred
 767547 219539 103844 127971 255147 205766 605704 488168 666431 984364 753206 512356 331793 115455 71500.2 73316.7 87989.8 108980 99890.8 163604 303992 262544 316668 363905 276853
mphobs
 0 0 0 0 0 112323 0 153150 637223 0 255016 313432 73983 77613 109348 50772 0 0 0 0 0 0 0 0 0
mphpred
 986142 414956 254715 132022 184058 398345 484005 599025 610703 843358 1.26409e+06 909857 530797 290249 124972 98230.6 112595 139702 152891 155744 293935 378210 439670 525428 557485
desembarqueobs
 350755 77701 442110 56441 14545 235359 269955 359681 431902 328805 639364 411747 362871 311530 167758 66681 60226 58785 57116 71774 51957 67425 138520 160799 200461
desembarquepred
 350737 77672.6 441605 56424.9 14544.5 235305 269918 359341 431617 328630 638872 411534 362527 311267 167508 66649.8 60219.7 58758.9 57086.1 71732.6 51948.1 67397 138469 160754 200444
Reclutas
 16688.3 32169.5 5554.2 25442.9 56567.7 24806.9 59132.5 74392.9 110129 195110 61369.7 30971.4 49261.3 22397.9 14982.3 16059.3 11211 11141.9 10197.8 29849.7 34929.3 37541.5 50043.1 41275.4 1753.06
log_desv_Rt
 -0.497536 0.158775 -1.59769 -0.0758085 0.723193 -0.101123 0.767536 0.997115 1.38941 1.96132 0.804672 0.120819 0.584894 -0.203278 -0.605375 -0.535959 -0.895351 -0.90153 -0.990074 0.0839293 0.241082 0.313202 0.600639 0.408022 -2.75088
SSB
 986142 414956 254715 132022 184058 398345 484005 599025 610703 843358 1.26409e+06 909857 530797 290249 124972 98230.6 112595 139702 152891 155744 293935 378210 439670 525428 557485
BT
 1.60474e+06 548735 419883 290472 468734 551762 1.27547e+06 1.2673e+06 1.5852e+06 2.06907e+06 1.90458e+06 1.28773e+06 951318 504149 267740 186062 206336 242484 228441 351586 585534 533773 663592 787948 669285
Ftot
 0.268306 0.45065 1.29393 0.556316 0.0730417 0.566098 0.458486 0.830046 0.791304 0.421697 0.535413 0.492252 0.868346 1.48751 1.61958 0.692482 0.520899 0.398526 0.382237 0.440564 0.157446 0.191237 0.251994 0.300679 0.368411
BD_Bspro_t
 0.960101 0.745579 0.545107 0.24533 0.446908 0.685333 0.5732 0.583772 0.550582 0.581006 0.643686 0.488294 0.363105 0.269539 0.155557 0.153969 0.228461 0.344329 0.421528 0.485833 0.663336 0.764697 0.759313 0.732534 0.668009
BD_Bspro
 1.74334 0.733575 0.450294 0.233393 0.325385 0.704209 0.855642 1.05898 1.07962 1.49092 2.2347 1.60848 0.938363 0.513113 0.22093 0.173656 0.19905 0.24697 0.270286 0.275329 0.51963 0.668614 0.777264 0.928871 0.985543
BD_Bo
 1.09674 0.461496 0.283283 0.146829 0.204702 0.443022 0.538289 0.66621 0.679197 0.937946 1.40586 1.0119 0.59033 0.322802 0.138988 0.109248 0.125223 0.15537 0.170039 0.173211 0.326902 0.420629 0.488981 0.584358 0.620011
BD_Brms
 3.66527 1.5423 0.946718 0.490696 0.684104 1.48056 1.79894 2.22644 2.26985 3.13457 4.69833 3.38174 1.97286 1.07879 0.464493 0.365101 0.418491 0.519241 0.568262 0.578865 1.09249 1.40572 1.63415 1.9529 2.07205
S_f
 0.145834 1 1 1 1
 0.145834 1 1 1 1
 0.145834 1 1 1 1
 0.145834 1 1 1 1
 0.145834 1 1 1 1
 0.145834 1 1 1 1
 0.145834 1 1 1 1
 0.145834 1 1 1 1
 0.145834 1 1 1 1
 0.145834 1 1 1 1
 0.145834 1 1 1 1
 0.145834 1 1 1 1
 0.145834 1 1 1 1
 0.145834 1 1 1 1
 0.145834 1 1 1 1
 0.145834 1 1 1 1
 0.145834 1 1 1 1
 0.145834 1 1 1 1
 0.145834 1 1 1 1
 0.145834 1 1 1 1
 0.145834 1 1 1 1
 0.145834 1 1 1 1
 0.145834 1 1 1 1
 0.145834 1 1 1 1
 0.145834 1 1 1 1
Scru_reclas
 0.964594 1 1 1 1
 0.964594 1 1 1 1
 0.964594 1 1 1 1
 0.964594 1 1 1 1
 0.964594 1 1 1 1
 0.964594 1 1 1 1
 0.964594 1 1 1 1
 0.964594 1 1 1 1
 0.964594 1 1 1 1
 0.964594 1 1 1 1
 0.964594 1 1 1 1
 0.964594 1 1 1 1
 0.964594 1 1 1 1
 0.964594 1 1 1 1
 0.964594 1 1 1 1
 0.964594 1 1 1 1
 0.964594 1 1 1 1
 0.964594 1 1 1 1
 0.964594 1 1 1 1
 0.964594 1 1 1 1
 0.964594 1 1 1 1
 0.964594 1 1 1 1
 0.964594 1 1 1 1
 0.964594 1 1 1 1
 0.964594 1 1 1 1
Scru_pelaces
 1 1 1 1 1
 1 1 1 1 1
 1 1 1 1 1
 1 1 1 1 1
 1 1 1 1 1
 1 1 1 1 1
 1 1 1 1 1
 1 1 1 1 1
 1 1 1 1 1
 1 1 1 1 1
 1 1 1 1 1
 1 1 1 1 1
 1 1 1 1 1
 1 1 1 1 1
 1 1 1 1 1
 1 1 1 1 1
 1 1 1 1 1
 1 1 1 1 1
 1 1 1 1 1
 1 1 1 1 1
 1 1 1 1 1
 1 1 1 1 1
 1 1 1 1 1
 1 1 1 1 1
 1 1 1 1 1
pf_obs 
 0.256992 0.487395 0.22802 0.0275931 0
 0.321318 0.546541 0.124235 0.00734118 0.000564706
 0.182869 0.594174 0.210203 0.0122559 0.00049798
 0.330522 0.361315 0.267642 0.0388342 0.00168674
 0.649043 0.306663 0.0425973 0.00169635 0
 0.582887 0.30429 0.105238 0.00758474 0
 0.465427 0.430635 0.0974691 0.00646863 0
 0.296916 0.608066 0.0921331 0.00288517 0
 0.311714 0.524322 0.152257 0.0117073 0
 0.15457 0.633149 0.183074 0.0267441 0.00246327
 0.131901 0.49318 0.331252 0.0422183 0.00144891
 0.196976 0.569456 0.194076 0.0375587 0.00193317
 0.518974 0.381816 0.0799577 0.0180837 0.00116848
 0.0928022 0.601141 0.25162 0.0475244 0.00691264
 0.122501 0.610282 0.24278 0.0234846 0.000952079
 0.383417 0.481906 0.127806 0.00687128 0
 0.0376549 0.599619 0.316969 0.0457579 0
 0.0361596 0.667082 0.258105 0.0386534 0
 0.158088 0.579412 0.248529 0.0139706 0
 0.0477256 0.309471 0.559284 0.082774 0.000745712
 0.0406174 0.521527 0.379366 0.0568643 0.0016247
 0.151134 0.462217 0.34131 0.0453401 0
 0.294876 0.26143 0.354403 0.0886775 0.000613685
 0.281977 0.475581 0.204845 0.0348837 0.00271318
 0 0 0 0 0
pf_pred 
 0.0659885 0.617585 0.278955 0.037467 4.43457e-06
 0.197614 0.285418 0.341829 0.154399 0.0207401
 0.0531948 0.642376 0.108289 0.129691 0.0664488
 0.4611 0.23284 0.207652 0.0350051 0.0634035
 0.391915 0.538522 0.0300559 0.0268046 0.012703
 0.115544 0.725865 0.140449 0.00783872 0.0103037
 0.327414 0.365188 0.252279 0.0488138 0.00630551
 0.29812 0.56658 0.0734628 0.0507495 0.0110881
 0.345143 0.534542 0.0971222 0.0125929 0.0106001
 0.364557 0.536142 0.081057 0.0147275 0.00351695
 0.0897103 0.754505 0.13144 0.0198719 0.00447278
 0.0822209 0.430127 0.404196 0.0704138 0.0130417
 0.2292 0.338768 0.202477 0.19027 0.0392855
 0.156764 0.641287 0.088757 0.0530487 0.0601433
 0.231241 0.567296 0.153214 0.0212055 0.0270435
 0.296979 0.584368 0.0875588 0.0236477 0.00744696
 0.180107 0.659292 0.133495 0.0200023 0.0071034
 0.19388 0.532984 0.219634 0.0444721 0.00902988
 0.179244 0.547773 0.180489 0.0743764 0.0181178
 0.406796 0.381879 0.141039 0.0464716 0.0238151
 0.249116 0.64119 0.0706165 0.0260807 0.0129973
 0.197629 0.570109 0.198332 0.021843 0.0120875
 0.222888 0.504706 0.193552 0.0673337 0.0115194
 0.162112 0.577935 0.16883 0.0647454 0.0263772
 0.0089437 0.600346 0.269493 0.078726 0.0424908
pobs_RECLAS
 0 0 0 0 0
 0 0 0 0 0
 0 0 0 0 0
 0 0 0 0 0
 0.835266 0.146461 0.0176864 0.000547809 3.91292e-05
 0.385257 0.428462 0.181853 0.0044286 0
 0.867414 0.0963971 0.0333333 0.00285562 0
 0.441836 0.489002 0.0689373 0.000224442 0
 0.779404 0.147425 0.0564933 0.0165055 0.000172143
 0.814271 0.122319 0.05973 0.00367925 0
 0.40263 0.566651 0.0304383 0.000280538 0
 0.475488 0.404961 0.113038 0.00651328 0
 0.955842 0.0263864 0.0167828 0.000988607 0
 0.975058 0.0227948 0.00214734 0 0
 0.738997 0.206755 0.0527124 0.00153531 0
 0.850938 0.134255 0.0134407 0.00136685 0
 0.542534 0.407297 0.0501686 0 0
 0.764087 0.199537 0.0359546 0.000420521 0
 0.470689 0.182191 0.310203 0.0369168 0
 0.84361 0.089868 0.0606195 0.00523954 0.000663233
 0.607945 0.314616 0.071237 0.00620181 0
 0.523733 0.453247 0.0230204 0 0
 0.530135 0.295979 0.169645 0.0042399 0
 0.562478 0.366248 0.0663022 0.0049721 0
 0.250443 0.683176 0.0655157 0.000865301 0
ppred_RECLAS
 0.321985 0.448315 0.202498 0.0271979 3.21913e-06
 0.626732 0.132776 0.159018 0.0718262 0.00964826
 0.296902 0.477029 0.0804155 0.096309 0.049345
 0.854824 0.0627255 0.05594 0.00943013 0.0170805
 0.810581 0.16775 0.00936243 0.00834963 0.00395698
 0.473637 0.431981 0.0835848 0.00466503 0.00613202
 0.768571 0.125657 0.0868061 0.0167962 0.00216965
 0.7504 0.201485 0.0261245 0.0180473 0.00394309
 0.787887 0.173142 0.0314585 0.00407892 0.00343344
 0.795994 0.172126 0.026023 0.00472819 0.0011291
 0.403661 0.494283 0.0861075 0.0130182 0.00293016
 0.38002 0.290561 0.273043 0.047566 0.00880994
 0.678864 0.14114 0.084357 0.0792714 0.0163674
 0.589993 0.311813 0.0431564 0.0257939 0.0292435
 0.704034 0.218404 0.0589863 0.00816397 0.0104115
 0.746579 0.21065 0.0315627 0.0085244 0.00268444
 0.60109 0.320771 0.0649507 0.00973191 0.00345608
 0.620154 0.251144 0.103492 0.0209554 0.00425491
 0.596862 0.269054 0.0886521 0.036532 0.00889907
 0.823671 0.113513 0.0419235 0.0138136 0.00707899
 0.688833 0.265709 0.0292635 0.0108079 0.0053861
 0.622216 0.268427 0.0933815 0.0102844 0.00569124
 0.658202 0.221985 0.0851303 0.0296154 0.0050666
 0.565884 0.299433 0.087472 0.0335451 0.0136662
 0.0575937 0.570876 0.256264 0.0748614 0.040405
pobs_PELACES
 0 0 0 0 0
 0 0 0 0 0
 0 0 0 0 0
 0 0 0 0 0
 0 0 0 0 0
 0 0 0 0 0
 0 0 0 0 0
 0 0 0 0 0
 0 0 0 0 0
 0 0 0 0 0
 0.450072 0.473896 0.0757376 0.000293798 0
 0 0 0 0 0
 0.463077 0.371075 0.160297 0.00555027 0
 0.529543 0.364841 0.0842815 0.0213345 0
 0.631943 0.363953 0.00410389 0 0
 0.735681 0.248677 0.0153453 0.000297389 0
 0.695825 0.281241 0.0229344 0 0
 0.275771 0.60734 0.115278 0.00161068 0
 0 0 0 0 0
 0.896147 0.0623911 0.0374545 0.00400742 0
 0.803859 0.145111 0.0509908 3.86294e-05 0
 0.739449 0.233085 0.0266225 0.000797448 4.60066e-05
 0.878498 0.100942 0.0204185 0.000141795 0
 0.694673 0.275183 0.0284847 0.00165964 0
 0 0 0 0 0
ppred_PELACES
 0.346834 0.431885 0.195077 0.0262011 3.10115e-06
 0.664028 0.119509 0.143129 0.0646495 0.00868422
 0.386672 0.416122 0.0701482 0.0840123 0.0430446
 0.87716 0.0530749 0.0473333 0.00797926 0.0144526
 0.819125 0.160184 0.00894016 0.00797303 0.00377851
 0.522501 0.391879 0.0758252 0.00423195 0.00556276
 0.796659 0.110406 0.0762706 0.0147577 0.00190633
 0.797504 0.163461 0.0211944 0.0146415 0.00319896
 0.827974 0.14042 0.0255133 0.00330806 0.00278457
 0.820001 0.15187 0.0229607 0.00417178 0.000996229
 0.449358 0.456407 0.0795092 0.0120207 0.00270562
 0.421977 0.270897 0.254565 0.044347 0.00821372
 0.736794 0.11568 0.0691399 0.0649717 0.0134149
 0.694082 0.232652 0.0322002 0.0192455 0.0218194
 0.795621 0.150819 0.0407329 0.00563762 0.00718966
 0.787796 0.176389 0.0264293 0.00713798 0.00224784
 0.644027 0.286245 0.0579597 0.00868441 0.00308409
 0.654433 0.228479 0.0941524 0.0190643 0.00387092
 0.630928 0.246319 0.081161 0.0334451 0.00814709
 0.84575 0.0992991 0.036674 0.0120839 0.00619258
 0.705805 0.251216 0.0276674 0.0102184 0.00509232
 0.643116 0.253577 0.0882152 0.00971545 0.00537637
 0.681868 0.206615 0.0792358 0.0275649 0.00471579
 0.59529 0.27915 0.0815468 0.0312728 0.0127405
 0.0656735 0.565981 0.254067 0.0742196 0.0400586
pobs_pel_tallas
 0 0 0 0 0 0 0 0 0 0 0 0 0 0 0 0 0 0 0 0 0 0 0 0 0 0 0 0 0 0 0 0 0 0 0 0
 0 0 0 0 0 0 0 0 0 0 0 0 0 0 0 0 0 0 0 0 0 0 0 0 0 0 0 0 0 0 0 0 0 0 0 0
 0 0 0 0 0 0 0 0 0 0 0 0 0 0 0 0 0 0 0 0 0 0 0 0 0 0 0 0 0 0 0 0 0 0 0 0
 0 0 0 0 0 0 0 0 0 0 0 0 0 0 0 0 0 0 0 0 0 0 0 0 0 0 0 0 0 0 0 0 0 0 0 0
 0 0 0 0 0 0 0 0 0 0 0 0 0 0 0 0 0 0 0 0 0 0 0 0 0 0 0 0 0 0 0 0 0 0 0 0
 0 0 0 0 0 0 0 0 0 0 0 0 0 0 0 0 0 0 0 0 0 0 0 0 0 0 0 0 0 0 0 0 0 0 0 0
 0 0 0 0 0 0 0 0 0 0 0 0 0 0 0 0 0 0 0 0 0 0 0 0 0 0 0 0 0 0 0 0 0 0 0 0
 0 0 0 0 0 0 0 0 0 0 0 0 0 0 0 0 0 0 0 0 0 0 0 0 0 0 0 0 0 0 0 0 0 0 0 0
 0 0 0 0 0 0 0 0 0 0 0 0 0 0 0 0 0 0 0 0 0 0 0 0 0 0 0 0 0 0 0 0 0 0 0 0
 0 0 0 0 0 0 0 0 0 0 0 0 0 0 0 0 0 0 0 0 0 0 0 0 0 0 0 0 0 0 0 0 0 0 0 0
 0 0 0 0 0 0 0 0 1.78061e-05 0.00172719 0.00360574 0.0105946 0.0120993 0.0124554 0.0147524 0.0171206 0.0266825 0.0428682 0.0675386 0.121331 0.153587 0.119568 0.100827 0.0573624 0.0630603 0.0341343 0.0324427 0.0444173 0.0211091 0.0280891 0.0125444 0.00206551 0 0 0 0
 0 0 0 0 0 0 0 0 0 0 0 0 0 0 0 0 0 0 0 0 0 0 0 0 0 0 0 0 0 0 0 0 0 0 0 0
 0 0 0 0 0 0 0.0133647 0.0140871 0.0187388 0.0205184 0.03894 0.0496705 0.03968 0.0493445 0.0407372 0.0367815 0.0215668 0.0243155 0.0234873 0.0199281 0.019796 0.0243948 0.0301388 0.0376714 0.0412746 0.0863199 0.0771752 0.113111 0.0741005 0.0525337 0.0229764 0.00759418 0.00175318 0 0 0
 0 0 0 0 0 0 0 0 0 0 0.00219441 0.00772107 0.0458388 0.0604681 0.0671733 0.0775358 0.0609151 0.0617685 0.073594 0.0568108 0.0755445 0.0548602 0.0670107 0.0636378 0.0643287 0.046367 0.0373049 0.0286899 0.0247887 0.0153202 0.00654259 0.00121912 0.000365735 0 0 0
 0 0 0 0 0 0 0 0 0 0 0 0 0.000112435 0.00938835 0.0111873 0.0202946 0.0414886 0.0713402 0.111592 0.104902 0.108894 0.110636 0.117776 0.105296 0.107544 0.0401394 0.0192827 0.0124803 0.00416011 0.0028671 0.000618394 0 0 0 0 0
 0 0 0 0 0 0 0 0 0 0 0.00291406 0.0102884 0.027416 0.0768956 0.0749926 0.110853 0.0956884 0.0897413 0.0766577 0.0534642 0.0500743 0.0551293 0.0594112 0.0620874 0.0668451 0.0424026 0.0208742 0.0120726 0.0048766 0.00582813 0.00118941 0.000297354 0 0 0 0
 0 0.00264628 0.0354308 0.0461629 0.0458689 0.0383711 0.0214643 0.0164657 0.0346957 0.0420465 0.0363128 0.0245516 0.0311673 0.0291091 0.0169068 0.0133784 0.00837989 0.0085269 0.0148486 0.0160247 0.0276389 0.0546898 0.0760071 0.122758 0.109233 0.0665981 0.0333725 0.0166128 0.00676272 0.00308733 0.000882094 0 0 0 0 0
 0 0 0 0 0 0 0 0.000805153 0.000690131 0.00759144 0.0133425 0.0154129 0.00931677 0.000345066 0.00356568 0.00563607 0.00851162 0.0253048 0.0502646 0.0516448 0.0657925 0.0565908 0.0611916 0.0827007 0.0866115 0.110766 0.145733 0.0935128 0.0569358 0.0249597 0.0138026 0.00621118 0.00161031 0.00115022 0 0
 0 0 0 0 0 0 0 0 0 0 0 0 0 0 0 0 0 0 0 0 0 0 0 0 0 0 0 0 0 0 0 0 0 0 0 0
 0.00147267 0.00158595 0.00478618 0.00569244 0.00954404 0.0108468 0.00647125 0.017049 0.0510054 0.094081 0.124002 0.0959785 0.0687766 0.0820023 0.061753 0.0591476 0.0492212 0.0479892 0.0443925 0.0268479 0.0217502 0.0140895 0.0121071 0.0120363 0.00920419 0.00665534 0.0049561 0.00860946 0.00930331 0.0156896 0.0114698 0.00855282 0.00243557 0.00046729 0 2.83206e-05
 0 0 0 0 0.000772559 0.00158375 0.000888443 0.00281984 0.00712685 0.0440552 0.0773331 0.111326 0.0921469 0.0852325 0.0710754 0.0886704 0.0786465 0.0553345 0.0373146 0.0185414 0.00753245 0.00457741 0.012979 0.0271748 0.0457355 0.0583668 0.034881 0.0177882 0.00938659 0.00492506 0.0015258 0.00185414 0.000309023 5.79419e-05 3.86279e-05 0
 0 0.00173294 0.00326652 0 0.00397197 0.00683976 0.00946217 0.0152591 0.00757587 0.0136028 0.0228656 0.0392903 0.0559909 0.0764795 0.0681675 0.0726916 0.0566044 0.0477403 0.0527397 0.0444891 0.0609904 0.0582453 0.0661739 0.0445044 0.0529084 0.0360697 0.0280645 0.0235558 0.0158879 0.00826598 0.00280645 0.00217768 0.000904811 0.00058276 9.20147e-05 0
 0 0 0 0 0 0 0 0 0 0 0 0 0 0 0 0 0 0 0 0 0 0 0 0 0 0 0 0 0 0 0 0 0 0 0 0
 0 0 0 0 0 0 0 0 0 0 0 0 0 0 0 0 0 0 0 0 0 0 0 0 0 0 0 0 0 0 0 0 0 0 0 0
 0 0 0 0 0 0 0 0 0 0 0 0 0 0 0 0 0 0 0 0 0 0 0 0 0 0 0 0 0 0 0 0 0 0 0 0
ppred_pel_tallas
 1.03811e-16 1.51542e-05 8.88889e-05 0.000422425 0.00162617 0.00507089 0.0128091 0.026212 0.0434603 0.0583996 0.0636389 0.0563448 0.0407935 0.024737 0.0137461 0.00902942 0.00910905 0.0121725 0.0170626 0.0231384 0.0298864 0.0367088 0.042915 0.0478265 0.050916 0.0519177 0.0508737 0.0480965 0.0440699 0.0393242 0.034328 0.0294253 0.0248248 0.0206253 0.0168586 0.0135266
 1.04698e-16 2.89725e-05 0.000170044 0.000808309 0.00311203 0.00970457 0.0245129 0.0501566 0.0831395 0.111653 0.121496 0.107158 0.0766864 0.0447137 0.0216275 0.00941297 0.00491357 0.00442183 0.00568476 0.00774171 0.0102328 0.0129617 0.0157416 0.018377 0.0206878 0.0225352 0.0238364 0.0245623 0.0247232 0.0243516 0.0234895 0.0221839 0.0204923 0.018488 0.0162642 0.0139301
 1.0603e-16 1.68902e-05 9.90836e-05 0.000470898 0.00181281 0.00565294 0.0142792 0.0292199 0.0484452 0.0650911 0.0709124 0.062741 0.0453292 0.0272966 0.014823 0.0092174 0.00879142 0.0114894 0.0160035 0.0216307 0.0278476 0.0340763 0.0396669 0.0439974 0.0466065 0.0472967 0.0461702 0.0435814 0.0400294 0.0360273 0.0319929 0.0281903 0.024729 0.0216037 0.0187528 0.0161089
 1.01639e-16 3.82631e-05 0.000224595 0.00106767 0.00411064 0.0128187 0.0323789 0.0662504 0.109813 0.147462 0.160433 0.141428 0.101054 0.0586036 0.0277457 0.0110384 0.00424136 0.00239232 0.00247311 0.00321299 0.00418787 0.00524485 0.00628759 0.00722964 0.00799807 0.00854429 0.00884978 0.00892338 0.00879234 0.00849124 0.00805297 0.00750471 0.00686873 0.00616574 0.00541849 0.00465326
 1.0063e-16 3.57368e-05 0.000209753 0.000997085 0.00383886 0.0119711 0.0302381 0.0618709 0.102557 0.137728 0.149867 0.132174 0.0945717 0.0551058 0.0265802 0.011427 0.00572701 0.00486952 0.00602512 0.00794731 0.0101253 0.0122557 0.0140676 0.0153176 0.0158344 0.015558 0.0145543 0.0129949 0.0111129 0.00914725 0.00729555 0.00568603 0.00437334 0.00335226 0.00258073 0.00200259
 1.0161e-16 2.28122e-05 0.000133853 0.000636197 0.00244926 0.00763769 0.0192925 0.0394772 0.0654461 0.0879171 0.0957366 0.084602 0.0609 0.0362259 0.0188596 0.0104854 0.00873463 0.0107601 0.0147687 0.0198524 0.025427 0.0309094 0.0356636 0.0390877 0.0407423 0.040451 0.0383385 0.0347872 0.0303339 0.0255414 0.0208861 0.0166927 0.0131218 0.0101986 0.00786307 0.00601798
 1.01715e-16 3.47554e-05 0.000203995 0.000969721 0.00373351 0.0116426 0.0294083 0.0601728 0.0997409 0.133943 0.14574 0.128513 0.0919079 0.0534642 0.0256232 0.0107381 0.00498831 0.00389036 0.00470921 0.00627044 0.00813676 0.0100876 0.0119356 0.0135023 0.0146427 0.0152712 0.0153741 0.0150025 0.0142503 0.0132269 0.0120338 0.010751 0.00943601 0.00812924 0.00686218 0.00566313
 1.01007e-16 3.47942e-05 0.000204219 0.000970774 0.00373755 0.0116552 0.0294401 0.0602382 0.0998508 0.134095 0.145916 0.128695 0.0920938 0.0536857 0.0259401 0.0112298 0.00574468 0.00500078 0.00624714 0.00827108 0.0105724 0.0128486 0.0148255 0.0162536 0.0169533 0.0168549 0.0160137 0.0145907 0.0128091 0.0108996 0.00905447 0.00740024 0.00599434 0.00483858 0.00390144 0.00313936
 1.00652e-16 3.61219e-05 0.000212016 0.00100785 0.00388029 0.0121004 0.0305645 0.0625386 0.103663 0.139212 0.151477 0.133583 0.0955553 0.0556301 0.0267422 0.011342 0.00546098 0.00443495 0.00540713 0.00713013 0.00911056 0.0110727 0.0127768 0.014006 0.0146033 0.0145061 0.0137596 0.0125008 0.0109218 0.00922334 0.00757481 0.0060908 0.00482702 0.00379091 0.00295978 0.00229836
 1.00566e-16 3.57747e-05 0.000209976 0.000998148 0.00384295 0.0119839 0.0302704 0.0619369 0.102666 0.137874 0.150024 0.132309 0.0946592 0.0551393 0.0265639 0.0113653 0.00561792 0.00470568 0.00579846 0.00765444 0.00977214 0.0118603 0.0136605 0.0149389 0.0155273 0.0153609 0.0144924 0.0130747 0.0113204 0.00945069 0.00765175 0.0060489 0.00470184 0.00361639 0.00276446 0.00210362
 1.01817e-16 1.96254e-05 0.000115137 0.00054721 0.00210662 0.00656915 0.0165935 0.0339554 0.0562956 0.0756356 0.0823915 0.0728773 0.0526089 0.0315925 0.0169946 0.0103174 0.00957623 0.0123592 0.0171266 0.0230486 0.0295143 0.0358603 0.0413494 0.0452826 0.047151 0.0467535 0.0442406 0.040063 0.0348506 0.0292619 0.0238528 0.0190001 0.014887 0.011538 0.00887736 0.00678675
 1.0561e-16 1.84244e-05 0.000108102 0.0005138 0.00197804 0.00616823 0.0155807 0.0318817 0.0528534 0.070999 0.0773093 0.0683075 0.0491485 0.0291936 0.015128 0.00831479 0.0068536 0.00847406 0.0117791 0.0161116 0.0210961 0.026365 0.0314923 0.0360354 0.0396137 0.0419745 0.0430267 0.0428293 0.0415469 0.0393924 0.0365782 0.0332905 0.0296868 0.0259069 0.0220858 0.0183578
 1.03879e-16 3.21451e-05 0.00018867 0.000896864 0.00345299 0.0107679 0.0271987 0.0556517 0.0922475 0.123882 0.134796 0.118873 0.085035 0.0495098 0.0238108 0.0101235 0.00492544 0.00408075 0.00506908 0.00680965 0.00889829 0.0111258 0.0133088 0.0152698 0.0168611 0.0179898 0.0186289 0.0188085 0.0185935 0.0180578 0.0172636 0.0162539 0.0150569 0.0136968 0.0122056 0.0106292
 1.02214e-16 3.02873e-05 0.000177753 0.000844939 0.00325303 0.0101442 0.0256236 0.0524299 0.0869106 0.116725 0.127037 0.112097 0.0803311 0.0470606 0.0231732 0.0107759 0.00659414 0.00675612 0.0088728 0.011856 0.0151931 0.0185032 0.0214081 0.0235563 0.0246926 0.024716 0.0237003 0.0218665 0.0195212 0.0169801 0.0145032 0.0122585 0.0103182 0.00867946 0.00729699 0.00611323
 1.01158e-16 3.47116e-05 0.000203735 0.000968477 0.00372871 0.0116276 0.0293705 0.0600956 0.0996142 0.133776 0.145567 0.128381 0.0918569 0.0535226 0.0258151 0.011098 0.00556723 0.00474914 0.00590298 0.00782815 0.0100405 0.0122574 0.0142245 0.0157082 0.0165349 0.0166289 0.0160262 0.0148594 0.013319 0.0116069 0.00989456 0.00829997 0.00688386 0.00566083 0.00461758 0.00372999
 1.00784e-16 3.43714e-05 0.000201735 0.000958965 0.00369208 0.0115134 0.029082 0.0595055 0.0986367 0.132466 0.144147 0.127143 0.0910018 0.0530864 0.0257203 0.0112539 0.00592976 0.00532276 0.00671514 0.00890204 0.0113747 0.0138127 0.0159198 0.0174253 0.0181341 0.0179704 0.0169947 0.0153831 0.0133801 0.0112402 0.00917728 0.00733437 0.00577908 0.0045173 0.00351649 0.00272849
 1.01359e-16 2.81069e-05 0.000164947 0.000784047 0.00301856 0.00941304 0.0237767 0.0486515 0.0806494 0.108322 0.117909 0.104083 0.0746771 0.0439272 0.0219635 0.0107729 0.00734864 0.00812 0.0108717 0.0145647 0.0186573 0.0226975 0.0262167 0.0287746 0.0300489 0.0299083 0.02844 0.0259181 0.0227293 0.0192788 0.0159101 0.0128574 0.0102369 0.00806844 0.0063114 0.0048996
 1.02247e-16 2.85585e-05 0.000167603 0.000796684 0.00306724 0.00956485 0.0241601 0.0494355 0.0819474 0.110061 0.119788 0.105709 0.0757737 0.0444318 0.0219567 0.010345 0.00652107 0.00684714 0.00908282 0.0122108 0.0157503 0.0193364 0.0225962 0.025172 0.0267883 0.0273089 0.0267605 0.0253116 0.0232201 0.0207656 0.0181925 0.0156767 0.0133209 0.0111693 0.00923181 0.00750446
 1.02763e-16 2.75342e-05 0.000161588 0.000768086 0.00295712 0.00922145 0.0232928 0.0476609 0.0790065 0.106113 0.115498 0.101938 0.0731023 0.0429297 0.0213341 0.0102516 0.00672822 0.00726458 0.00970111 0.0130467 0.016815 0.020621 0.0240666 0.0267718 0.0284473 0.0289561 0.0283372 0.0267818 0.0245733 0.022014 0.0193621 0.0167965 0.0144131 0.0122434 0.0102827 0.00851556
 1.01258e-16 3.68954e-05 0.00021656 0.00102946 0.00396353 0.0123599 0.0312201 0.0638798 0.105885 0.142192 0.15471 0.13641 0.097526 0.0566736 0.0270499 0.0111408 0.00487652 0.00348392 0.00404975 0.00532451 0.006851 0.00841304 0.00983929 0.0109745 0.0117008 0.0119604 0.0117659 0.0111903 0.0103438 0.00934456 0.00829377 0.00726214 0.0062884 0.00538677 0.00455817 0.00379979
 1.01064e-16 3.07993e-05 0.000180757 0.000859216 0.00330799 0.0103156 0.0260566 0.0533159 0.0883796 0.118699 0.129189 0.114002 0.0817118 0.0479 0.0236427 0.0110871 0.0069066 0.00716425 0.00942553 0.0125713 0.0160599 0.0194772 0.0224094 0.0244741 0.0253973 0.0250774 0.0236076 0.0212468 0.018351 0.0152879 0.0123644 0.00978319 0.00763611 0.00592433 0.00459298 0.00356493
 1.0192e-16 2.8066e-05 0.00016471 0.000782924 0.00301425 0.0093996 0.0237428 0.0485817 0.0805329 0.108163 0.117729 0.103908 0.0745172 0.043764 0.0217546 0.0104627 0.0068768 0.00742833 0.00991301 0.0133156 0.0171334 0.0209654 0.0243968 0.0270324 0.0285729 0.028879 0.0279972 0.0261354 0.0236013 0.0207248 0.0177918 0.015005 0.0124771 0.010248 0.00831256 0.0066467
 1.0236e-16 2.97538e-05 0.000174623 0.000830063 0.00319576 0.00996566 0.0251725 0.0515067 0.0853798 0.114668 0.124794 0.110108 0.0788862 0.0461746 0.0226646 0.0104214 0.0062254 0.00627492 0.00823323 0.0110515 0.0142562 0.0175095 0.0204743 0.0228293 0.0243275 0.0248473 0.0244133 0.023177 0.0213682 0.0192349 0.016991 0.0147884 0.0127125 0.0107979 0.00905023 0.00746581
 1.02919e-16 2.59815e-05 0.00015247 0.000724729 0.00279017 0.00870083 0.0219778 0.0449706 0.0745482 0.10013 0.108996 0.0962262 0.0690648 0.0406763 0.0204325 0.0101814 0.00715644 0.0080702 0.0108862 0.0146502 0.0188613 0.0230931 0.0268962 0.0298414 0.0316055 0.0320405 0.0312007 0.029314 0.0267136 0.023752 0.0207283 0.0178474 0.0152151 0.0128598 0.010766 0.00890443
 1.08213e-16 2.89972e-06 1.69321e-05 8.03069e-05 0.000308884 0.000962949 0.00243294 0.0049827 0.0082768 0.0111683 0.0122925 0.0111741 0.00872217 0.0065521 0.00591785 0.00728643 0.0106205 0.0157648 0.0225577 0.0307334 0.0398074 0.0490542 0.0575921 0.0645443 0.0692225 0.0712701 0.0707193 0.0679413 0.0635188 0.058086 0.0521941 0.0462371 0.0404453 0.0349262 0.029723 0.0248637
pSPR Fmed_Fpbrs
0.534063   0.349226 0.349226
Fs Fmed_Fpbrs
0.466009   1.005 1.005
SSBpbr Bo_Bmed_Bpbrs
899154  435247  269050 269050
Ro
27446.7
SPR SPRFo_SPRFmed_SPRFpbrs
565663 302100 197544
log_Ro
10.04
likeval ReclasPelacesDesembMPH_pf_preclas_ppelaces_ptallas_desvR_qrecl_qpela
 88.3484 66.0175 0.046801 0.000661952 296.854 192.578 70.6007 0 32.3287 1.49432e-05 0 0 0 0 0
q_reclas_q_pelaces
0.578233 1
M
0.7
N
 16688.3 25134.5 11352.9 1524.83 0.180478
 32169.5 7969.17 9544.21 4310.99 579.086
 5554.2 14958.8 2521.69 3020.08 1547.37
 25442.9 2283.83 2036.77 343.351 621.899
 56567.7 11650 650.209 579.871 274.808
 24806.9 27793.1 5377.72 300.141 394.525
 59132.5 11342.6 7835.68 1516.14 195.847
 74392.9 27465.2 3561.14 2460.1 537.497
 110129 32730.6 5946.91 771.077 649.057
 195110 48727.9 7366.97 1338.52 319.642
 61369.7 91110 15872 2399.62 540.109
 30971.4 28186.3 26487 4614.22 854.622
 49261.3 14314.5 8555.58 8039.79 1660
 22397.9 21552.8 2983 1782.89 2021.33
 14982.3 8953.43 2418.13 334.68 426.818
 16059.3 5874.85 880.259 237.739 74.8668
 11211 7208.77 1459.65 218.707 77.6693
 11141.9 5159.96 2126.33 430.546 87.4207
 10197.8 5220.52 1720.14 708.839 172.671
 29849.7 4789.51 1768.9 582.845 298.688
 34929.3 13900.5 1530.91 565.41 281.772
 37541.5 16951.7 5897.21 649.481 359.412
 50043.1 18129.8 6952.69 2418.73 413.795
 41275.4 23954 6997.58 2683.53 1093.27
 1753.06 19617.4 8806.2 2572.52 1388.47
pred_Ctot
 461.576 4319.88 1951.23 262.074 0.0310189
 1477.16 2133.49 2555.16 1154.13 155.032
 694.403 8385.56 1413.6 1692.99 867.421
 1432.56 723.393 645.138 108.755 196.984
 431.303 592.643 33.0766 29.4984 13.9796
 1420.42 8923.34 1726.59 96.3644 126.668
 2761.07 3079.61 2127.46 411.645 53.1742
 6142.34 11673.6 1513.6 1045.62 228.454
 8689.74 13458.3 2445.27 317.054 266.881
 8398.94 12352 1867.45 339.302 81.0261
 3330 28006.8 4878.98 737.632 166.027
 1549.32 8105.04 7616.41 1326.83 245.749
 4244.74 6273.93 3749.83 3523.76 727.561
 3180.72 13011.6 1800.87 1076.35 1220.3
 2297.7 5636.86 1522.39 210.706 268.714
 1115.86 2195.68 328.99 88.8531 27.9809
 592.377 2168.43 439.07 65.7882 23.3633
 453.944 1247.91 514.242 104.125 21.1422
 398.911 1219.08 401.681 165.526 40.3215
 1340.82 1258.69 464.872 153.173 78.4958
 570.962 1469.58 161.85 59.7758 29.7893
 743.753 2145.53 746.395 82.2032 45.4899
 1301.33 2946.72 1130.05 393.126 67.256
 1276.72 4551.53 1329.62 509.902 207.734
 66.1531 4440.53 1993.34 582.306 314.288
F
 0.0391281 0.268306 0.268306 0.268306 0.268306
 0.06572 0.45065 0.45065 0.45065 0.45065
 0.188699 1.29393 1.29393 1.29393 1.29393
 0.0811296 0.556316 0.556316 0.556316 0.556316
 0.0106519 0.0730417 0.0730417 0.0730417 0.0730417
 0.0825562 0.566098 0.566098 0.566098 0.566098
 0.0668627 0.458486 0.458486 0.458486 0.458486
 0.121049 0.830046 0.830046 0.830046 0.830046
 0.115399 0.791304 0.791304 0.791304 0.791304
 0.0614976 0.421697 0.421697 0.421697 0.421697
 0.0780813 0.535413 0.535413 0.535413 0.535413
 0.071787 0.492252 0.492252 0.492252 0.492252
 0.126634 0.868346 0.868346 0.868346 0.868346
 0.21693 1.48751 1.48751 1.48751 1.48751
 0.236189 1.61958 1.61958 1.61958 1.61958
 0.100987 0.692482 0.692482 0.692482 0.692482
 0.0759647 0.520899 0.520899 0.520899 0.520899
 0.0581185 0.398526 0.398526 0.398526 0.398526
 0.0557431 0.382237 0.382237 0.382237 0.382237
 0.0642491 0.440564 0.440564 0.440564 0.440564
 0.0229609 0.157446 0.157446 0.157446 0.157446
 0.0278889 0.191237 0.191237 0.191237 0.191237
 0.0367492 0.251994 0.251994 0.251994 0.251994
 0.0438492 0.300679 0.300679 0.300679 0.300679
 0.0537267 0.368411 0.368411 0.368411 0.368411
nmprior
 10 11 7 0
nm_flota  nm_reclas  nm_pelaces    nm_pelaL
inf 29.2051 23.5542 44.3079
cv_recla  cv_pelaces  cv_mph
0.850206 0.956079 0.83474
 ------------------------------------------------
Talla a la edad & desviación 
 7.2 14.2025 17.0495 18.207 18.6776
 1.08 2.13037 2.55742 2.73105 2.80164
