years
 1997 1998 1999 2000 2001 2002 2003 2004 2005 2006 2007 2008 2009 2010 2011 2012 2013 2014 2015 2016 2017 2018 2019 2020 2021
reclasobs
 0 0 0 370054 412103 1.49427e+06 250295 1.28982e+06 931140 785840 897777 1.04006e+06 184774 17550 25797 100020 73551 82996 120727 218422 84188 347160 605670 569463 516374
reclaspred
 854835 182807 389624 195622 314424 386636 835563 619805 713352 858832 790056 538498 324902 130356 73407.8 71690.6 84379.4 106908 113379 148088 233377 229506 371189 408313 400491
pelacesobs
 0 0 0 0 0 0 0 0 0 2.06254e+06 1.5e+06 0 1.87456e+06 323000 250000 174000 83755 137374 0 501740 490994 745055 786931 1.00524e+06 0
pelacespred
 2.53614e+06 584977 582309 537552 837309 662119 2.23106e+06 1.6923e+06 1.91235e+06 2.31982e+06 1.67203e+06 1.18476e+06 781720 250481 154427 148557 179155 233266 233924 318275 594798 509811 640269 850162 728208
mphobs
 0 0 0 0 0 112323 0 153150 637223 0 255016 313432 73983 77613 109348 50772 0 0 0 0 0 0 0 0 0
mphpred
 299191 144428 134657 94511.6 95620.6 174927 226004 312663 282189 325297 398228 264280 162165 88864.1 38692.5 30272.2 32963.6 40225.9 47220.3 52172.6 79840.9 101534 122912 155891 193720
desembarqueobs
 350755 77701 442110 56441 14545 235359 269955 359681 431902 328805 639364 411747 362871 311530 167758 66681 60226 58785 57116 71774 51957 67425 138520 160799 200461
desembarquepred
 350741 77682.7 441870 56437.6 14544.9 235385 269979 359465 431750 328696 638795 411484 362614 311301 167406 66642.8 60226.6 58745 57075.4 71746.5 51952.5 67393.9 138487 160780 200447
Reclutas
 29612.1 42278.4 12907.9 19232.7 44920.6 26971.3 65472.2 65078 85838.5 123524 60586.5 46241.6 52707.4 27612.7 13955.1 12055.9 8381.77 9163.92 9993.84 15411.6 20790.4 25778.8 35845.2 40538.8 8525.95
log_desv_Rt
 0.0759392 0.432031 -0.754404 -0.355634 0.492653 -0.0174705 0.869381 0.863342 1.14022 1.50419 0.791827 0.521635 0.652512 0.00603152 -0.676402 -0.822694 -1.18619 -1.09697 -1.01028 -0.577125 -0.277755 -0.0626939 0.266964 0.390014 -1.16913
SSB
 565466 272967 254500 178625 180721 330609 427145 590928 533333 614807 752645 499486 306490 167952 73128.3 57213.9 62300.7 76026.2 89245.6 98605.4 150898 191897 232301 294631 366127
BT
 1.48918e+06 403298 509859 311155 411469 483670 1.28566e+06 1.19616e+06 1.32305e+06 1.42681e+06 1.34171e+06 929514 727316 405479 210376 125667 133037 158294 156438 208058 325035 295100 388695 526363 485193
Ftot
 0.540481 0.635557 1.26265 0.408508 0.0779042 0.711255 0.526 0.849596 0.947906 0.614765 0.987585 0.984905 1.62934 2.8469 3.04553 1.30412 0.993336 0.782964 0.664382 0.710461 0.322811 0.387564 0.482175 0.535254 0.548419
BD_Bspro_t
 0.929794 0.661678 0.542599 0.294368 0.416973 0.621534 0.536934 0.577466 0.511964 0.499955 0.515653 0.346346 0.247707 0.16927 0.0912095 0.0877645 0.128923 0.205722 0.281813 0.35819 0.49126 0.614157 0.620042 0.603043 0.56461
BD_Bspro
 0.999651 0.482562 0.449914 0.315781 0.319486 0.584464 0.755122 1.04467 0.942847 1.08688 1.33055 0.88301 0.541825 0.296911 0.129279 0.101145 0.110138 0.134402 0.157772 0.174318 0.266763 0.339243 0.41067 0.52086 0.647253
BD_Bo
 0.724972 0.349966 0.326289 0.229012 0.231699 0.423867 0.547633 0.757617 0.683776 0.788231 0.96495 0.64038 0.392944 0.215327 0.0937562 0.0733527 0.0798744 0.0974716 0.11442 0.12642 0.193463 0.246027 0.297828 0.37774 0.469403
BD_Brms
 2.39883 1.15799 1.07964 0.757769 0.76666 1.40252 1.81204 2.50685 2.26252 2.60815 3.19289 2.11893 1.3002 0.712488 0.310226 0.242714 0.264293 0.32252 0.3786 0.418306 0.640143 0.81407 0.985472 1.24989 1.55319
S_f
 0.136413 1 1 1 1
 0.136413 1 1 1 1
 0.136413 1 1 1 1
 0.136413 1 1 1 1
 0.136413 1 1 1 1
 0.136413 1 1 1 1
 0.136413 1 1 1 1
 0.136413 1 1 1 1
 0.136413 1 1 1 1
 0.136413 1 1 1 1
 0.136413 1 1 1 1
 0.136413 1 1 1 1
 0.136413 1 1 1 1
 0.136413 1 1 1 1
 0.136413 1 1 1 1
 0.136413 1 1 1 1
 0.136413 1 1 1 1
 0.136413 1 1 1 1
 0.136413 1 1 1 1
 0.136413 1 1 1 1
 0.136413 1 1 1 1
 0.136413 1 1 1 1
 0.136413 1 1 1 1
 0.136413 1 1 1 1
 0.136413 1 1 1 1
Scru_reclas
 0.455089 0.807805 0.954858 0.990694 0.998137
 0.455089 0.807805 0.954858 0.990694 0.998137
 0.455089 0.807805 0.954858 0.990694 0.998137
 0.455089 0.807805 0.954858 0.990694 0.998137
 0.455089 0.807805 0.954858 0.990694 0.998137
 0.455089 0.807805 0.954858 0.990694 0.998137
 0.455089 0.807805 0.954858 0.990694 0.998137
 0.455089 0.807805 0.954858 0.990694 0.998137
 0.455089 0.807805 0.954858 0.990694 0.998137
 0.455089 0.807805 0.954858 0.990694 0.998137
 0.455089 0.807805 0.954858 0.990694 0.998137
 0.455089 0.807805 0.954858 0.990694 0.998137
 0.455089 0.807805 0.954858 0.990694 0.998137
 0.455089 0.807805 0.954858 0.990694 0.998137
 0.455089 0.807805 0.954858 0.990694 0.998137
 0.455089 0.807805 0.954858 0.990694 0.998137
 0.455089 0.807805 0.954858 0.990694 0.998137
 0.455089 0.807805 0.954858 0.990694 0.998137
 0.455089 0.807805 0.954858 0.990694 0.998137
 0.455089 0.807805 0.954858 0.990694 0.998137
 0.455089 0.807805 0.954858 0.990694 0.998137
 0.455089 0.807805 0.954858 0.990694 0.998137
 0.455089 0.807805 0.954858 0.990694 0.998137
 0.455089 0.807805 0.954858 0.990694 0.998137
 0.455089 0.807805 0.954858 0.990694 0.998137
Scru_pelaces
 0.845456 1 1 1 1
 0.845456 1 1 1 1
 0.845456 1 1 1 1
 0.845456 1 1 1 1
 0.845456 1 1 1 1
 0.845456 1 1 1 1
 0.845456 1 1 1 1
 0.845456 1 1 1 1
 0.845456 1 1 1 1
 0.845456 1 1 1 1
 0.845456 1 1 1 1
 0.845456 1 1 1 1
 0.845456 1 1 1 1
 0.845456 1 1 1 1
 0.845456 1 1 1 1
 0.845456 1 1 1 1
 0.845456 1 1 1 1
 0.845456 1 1 1 1
 0.845456 1 1 1 1
 0.845456 1 1 1 1
 0.845456 1 1 1 1
 0.845456 1 1 1 1
 0.845456 1 1 1 1
 0.845456 1 1 1 1
 0.845456 1 1 1 1
pf_obs 
 0.256992 0.487395 0.22802 0.0275931 0
 0.321318 0.546541 0.124235 0.00734118 0.000564706
 0.182869 0.594174 0.210203 0.0122559 0.00049798
 0.330522 0.361315 0.267642 0.0388342 0.00168674
 0.649043 0.306663 0.0425973 0.00169635 0
 0.582887 0.30429 0.105238 0.00758474 0
 0.465427 0.430635 0.0974691 0.00646863 0
 0.296916 0.608066 0.0921331 0.00288517 0
 0.311714 0.524322 0.152257 0.0117073 0
 0.15457 0.633149 0.183074 0.0267441 0.00246327
 0.131901 0.49318 0.331252 0.0422183 0.00144891
 0.196976 0.569456 0.194076 0.0375587 0.00193317
 0.518974 0.381816 0.0799577 0.0180837 0.00116848
 0.0928022 0.601141 0.25162 0.0475244 0.00691264
 0.122501 0.610282 0.24278 0.0234846 0.000952079
 0.383417 0.481906 0.127806 0.00687128 0
 0.0376549 0.599619 0.316969 0.0457579 0
 0.0361596 0.667082 0.258105 0.0386534 0
 0.158088 0.579412 0.248529 0.0139706 0
 0.0477256 0.309471 0.559284 0.082774 0.000745712
 0.0406174 0.521527 0.379366 0.0568643 0.0016247
 0.151134 0.462217 0.34131 0.0453401 0
 0.294876 0.26143 0.354403 0.0886775 0.000613685
 0.281977 0.475581 0.204845 0.0348837 0.00271318
 0 0 0 0 0
pf_pred 
 0.196631 0.554311 0.221374 0.0276762 7.21924e-06
 0.271042 0.511669 0.149926 0.0598756 0.00748759
 0.0991685 0.711629 0.132805 0.0389134 0.0174842
 0.256736 0.454733 0.22793 0.0425364 0.0180638
 0.345727 0.494821 0.0975536 0.0488977 0.0130005
 0.146568 0.683518 0.128504 0.0253345 0.0160749
 0.36394 0.409616 0.18136 0.0340966 0.0109873
 0.250091 0.633883 0.0747195 0.0330826 0.00822391
 0.308622 0.546922 0.122106 0.0143934 0.00795696
 0.320765 0.57226 0.0846239 0.0188932 0.00345822
 0.145142 0.70553 0.12581 0.0186044 0.00491391
 0.185188 0.550265 0.218336 0.0389336 0.00727805
 0.307462 0.509336 0.123721 0.0490904 0.0103902
 0.261988 0.654956 0.0610846 0.0148378 0.0071335
 0.306039 0.646644 0.0419915 0.00391634 0.00140866
 0.345195 0.62271 0.0299066 0.00194206 0.000246275
 0.221281 0.68952 0.0848273 0.00407395 0.000298101
 0.26036 0.574997 0.145784 0.0179349 0.000924375
 0.251078 0.594628 0.119948 0.0304115 0.00393416
 0.316114 0.529987 0.122193 0.0246487 0.00705783
 0.276173 0.600445 0.0956165 0.0220451 0.00572027
 0.239222 0.583072 0.147415 0.0234747 0.00681665
 0.261061 0.544215 0.149239 0.0377313 0.00775318
 0.235948 0.586248 0.13095 0.0359103 0.0109446
 0.0535844 0.707597 0.183243 0.0409309 0.0146454
pobs_RECLAS
 0 0 0 0 0
 0 0 0 0 0
 0 0 0 0 0
 0 0 0 0 0
 0.835266 0.146461 0.0176864 0.000547809 3.91292e-05
 0.385257 0.428462 0.181853 0.0044286 0
 0.867414 0.0963971 0.0333333 0.00285562 0
 0.441836 0.489002 0.0689373 0.000224442 0
 0.779404 0.147425 0.0564933 0.0165055 0.000172143
 0.814271 0.122319 0.05973 0.00367925 0
 0.40263 0.566651 0.0304383 0.000280538 0
 0.475488 0.404961 0.113038 0.00651328 0
 0.955842 0.0263864 0.0167828 0.000988607 0
 0.975058 0.0227948 0.00214734 0 0
 0.738997 0.206755 0.0527124 0.00153531 0
 0.850938 0.134255 0.0134407 0.00136685 0
 0.542534 0.407297 0.0501686 0 0
 0.764087 0.199537 0.0359546 0.000420521 0
 0.470689 0.182191 0.310203 0.0369168 0
 0.84361 0.089868 0.0606195 0.00523954 0.000663233
 0.607945 0.314616 0.071237 0.00620181 0
 0.523733 0.453247 0.0230204 0 0
 0.530135 0.295979 0.169645 0.0042399 0
 0.562478 0.366248 0.0663022 0.0049721 0
 0.250443 0.683176 0.0655157 0.000865301 0
ppred_RECLAS
 0.498225 0.327248 0.154484 0.0200383 5.26621e-06
 0.603405 0.263003 0.091092 0.0377446 0.00475551
 0.330818 0.50772 0.111999 0.0340489 0.0154135
 0.576976 0.240862 0.142707 0.0276316 0.0118224
 0.676318 0.23342 0.0543958 0.0282886 0.00757764
 0.419198 0.447892 0.0995346 0.0203596 0.0130153
 0.69661 0.182921 0.0957329 0.0186737 0.00606263
 0.589138 0.336946 0.0469481 0.0215667 0.00540149
 0.658148 0.26013 0.0686492 0.00839579 0.00467624
 0.664584 0.274312 0.0479487 0.0111068 0.00204827
 0.425455 0.459002 0.096749 0.0148439 0.00395012
 0.490887 0.323837 0.151884 0.0281003 0.0052924
 0.676316 0.226268 0.0649672 0.0267453 0.00570329
 0.687869 0.271068 0.0298834 0.0075313 0.00364798
 0.743421 0.23607 0.0181204 0.00175343 0.000635425
 0.710775 0.272575 0.0154739 0.00104255 0.0001332
 0.556497 0.384585 0.055926 0.00278673 0.000205444
 0.59781 0.300157 0.0899548 0.0114819 0.00059623
 0.583468 0.318124 0.0758537 0.0199536 0.00260068
 0.659164 0.253217 0.0690089 0.0144429 0.00416661
 0.608899 0.31413 0.0591291 0.0141443 0.00369773
 0.560495 0.322533 0.0963883 0.0159252 0.00465914
 0.589398 0.287782 0.0932844 0.0244697 0.0050659
 0.558974 0.323755 0.0854817 0.0243213 0.00746823
 0.188238 0.578746 0.177158 0.0410569 0.0148008
pobs_PELACES
 0 0 0 0 0
 0 0 0 0 0
 0 0 0 0 0
 0 0 0 0 0
 0 0 0 0 0
 0 0 0 0 0
 0 0 0 0 0
 0 0 0 0 0
 0 0 0 0 0
 0 0 0 0 0
 0.450072 0.473896 0.0757376 0.000293798 0
 0 0 0 0 0
 0.463077 0.371075 0.160297 0.00555027 0
 0.529543 0.364841 0.0842815 0.0213345 0
 0.631943 0.363953 0.00410389 0 0
 0.735681 0.248677 0.0153453 0.000297389 0
 0.695825 0.281241 0.0229344 0 0
 0.275771 0.60734 0.115278 0.00161068 0
 0 0 0 0 0
 0.896147 0.0623911 0.0374545 0.00400742 0
 0.803859 0.145111 0.0509908 3.86294e-05 0
 0.739449 0.233085 0.0266225 0.000797448 4.60066e-05
 0.878498 0.100942 0.0204185 0.000141795 0
 0.694673 0.275183 0.0284847 0.00165964 0
 0 0 0 0 0
ppred_PELACES
 0.647764 0.243037 0.0970614 0.0121346 3.16527e-06
 0.74337 0.180134 0.0527815 0.0210793 0.00263601
 0.525394 0.374924 0.0699685 0.0205017 0.00921162
 0.711895 0.176265 0.0883507 0.016488 0.00700192
 0.770767 0.173367 0.0341792 0.0171319 0.0045549
 0.579427 0.336839 0.0633272 0.0124849 0.00792172
 0.810452 0.122067 0.054046 0.0101609 0.00327426
 0.738603 0.220954 0.0260451 0.0115317 0.00286662
 0.797373 0.16029 0.0357866 0.00421838 0.002332
 0.784937 0.181192 0.0267941 0.00598208 0.00109496
 0.603367 0.327348 0.0583727 0.00863198 0.00227993
 0.670412 0.22258 0.0883159 0.0157485 0.00294394
 0.839966 0.117699 0.02859 0.011344 0.00240101
 0.883819 0.103106 0.00961617 0.00233583 0.00112298
 0.912965 0.0811004 0.00526646 0.000491177 0.00017667
 0.843669 0.148668 0.00714001 0.000463655 5.87968e-05
 0.718468 0.249284 0.0306678 0.00147287 0.000107773
 0.743883 0.199105 0.0504809 0.00621034 0.000320085
 0.725346 0.218069 0.0439889 0.0111529 0.00144278
 0.787548 0.164643 0.0379597 0.00765723 0.00219255
 0.725699 0.227544 0.0362347 0.00835421 0.00216775
 0.690613 0.237119 0.0599495 0.00954651 0.00277214
 0.721997 0.204744 0.0561468 0.0141953 0.0029169
 0.698404 0.231411 0.0516902 0.0141749 0.00432017
 0.299072 0.524056 0.135712 0.030314 0.0108466
pobs_pel_tallas
 0 0 0 0 0 0 0 0 0 0 0 0 0 0 0 0 0 0 0 0 0 0 0 0 0 0 0 0 0 0 0 0 0 0 0 0
 0 0 0 0 0 0 0 0 0 0 0 0 0 0 0 0 0 0 0 0 0 0 0 0 0 0 0 0 0 0 0 0 0 0 0 0
 0 0 0 0 0 0 0 0 0 0 0 0 0 0 0 0 0 0 0 0 0 0 0 0 0 0 0 0 0 0 0 0 0 0 0 0
 0 0 0 0 0 0 0 0 0 0 0 0 0 0 0 0 0 0 0 0 0 0 0 0 0 0 0 0 0 0 0 0 0 0 0 0
 0 0 0 0 0 0 0 0 0 0 0 0 0 0 0 0 0 0 0 0 0 0 0 0 0 0 0 0 0 0 0 0 0 0 0 0
 0 0 0 0 0 0 0 0 0 0 0 0 0 0 0 0 0 0 0 0 0 0 0 0 0 0 0 0 0 0 0 0 0 0 0 0
 0 0 0 0 0 0 0 0 0 0 0 0 0 0 0 0 0 0 0 0 0 0 0 0 0 0 0 0 0 0 0 0 0 0 0 0
 0 0 0 0 0 0 0 0 0 0 0 0 0 0 0 0 0 0 0 0 0 0 0 0 0 0 0 0 0 0 0 0 0 0 0 0
 0 0 0 0 0 0 0 0 0 0 0 0 0 0 0 0 0 0 0 0 0 0 0 0 0 0 0 0 0 0 0 0 0 0 0 0
 0 0 0 0 0 0 0 0 0 0 0 0 0 0 0 0 0 0 0 0 0 0 0 0 0 0 0 0 0 0 0 0 0 0 0 0
 0 0 0 0 0 0 0 0 1.78061e-05 0.00172719 0.00360574 0.0105946 0.0120993 0.0124554 0.0147524 0.0171206 0.0266825 0.0428682 0.0675386 0.121331 0.153587 0.119568 0.100827 0.0573624 0.0630603 0.0341343 0.0324427 0.0444173 0.0211091 0.0280891 0.0125444 0.00206551 0 0 0 0
 0 0 0 0 0 0 0 0 0 0 0 0 0 0 0 0 0 0 0 0 0 0 0 0 0 0 0 0 0 0 0 0 0 0 0 0
 0 0 0 0 0 0 0.0133647 0.0140871 0.0187388 0.0205184 0.03894 0.0496705 0.03968 0.0493445 0.0407372 0.0367815 0.0215668 0.0243155 0.0234873 0.0199281 0.019796 0.0243948 0.0301388 0.0376714 0.0412746 0.0863199 0.0771752 0.113111 0.0741005 0.0525337 0.0229764 0.00759418 0.00175318 0 0 0
 0 0 0 0 0 0 0 0 0 0 0.00219441 0.00772107 0.0458388 0.0604681 0.0671733 0.0775358 0.0609151 0.0617685 0.073594 0.0568108 0.0755445 0.0548602 0.0670107 0.0636378 0.0643287 0.046367 0.0373049 0.0286899 0.0247887 0.0153202 0.00654259 0.00121912 0.000365735 0 0 0
 0 0 0 0 0 0 0 0 0 0 0 0 0.000112435 0.00938835 0.0111873 0.0202946 0.0414886 0.0713402 0.111592 0.104902 0.108894 0.110636 0.117776 0.105296 0.107544 0.0401394 0.0192827 0.0124803 0.00416011 0.0028671 0.000618394 0 0 0 0 0
 0 0 0 0 0 0 0 0 0 0 0.00291406 0.0102884 0.027416 0.0768956 0.0749926 0.110853 0.0956884 0.0897413 0.0766577 0.0534642 0.0500743 0.0551293 0.0594112 0.0620874 0.0668451 0.0424026 0.0208742 0.0120726 0.0048766 0.00582813 0.00118941 0.000297354 0 0 0 0
 0 0.00264628 0.0354308 0.0461629 0.0458689 0.0383711 0.0214643 0.0164657 0.0346957 0.0420465 0.0363128 0.0245516 0.0311673 0.0291091 0.0169068 0.0133784 0.00837989 0.0085269 0.0148486 0.0160247 0.0276389 0.0546898 0.0760071 0.122758 0.109233 0.0665981 0.0333725 0.0166128 0.00676272 0.00308733 0.000882094 0 0 0 0 0
 0 0 0 0 0 0 0 0.000805153 0.000690131 0.00759144 0.0133425 0.0154129 0.00931677 0.000345066 0.00356568 0.00563607 0.00851162 0.0253048 0.0502646 0.0516448 0.0657925 0.0565908 0.0611916 0.0827007 0.0866115 0.110766 0.145733 0.0935128 0.0569358 0.0249597 0.0138026 0.00621118 0.00161031 0.00115022 0 0
 0 0 0 0 0 0 0 0 0 0 0 0 0 0 0 0 0 0 0 0 0 0 0 0 0 0 0 0 0 0 0 0 0 0 0 0
 0.00147267 0.00158595 0.00478618 0.00569244 0.00954404 0.0108468 0.00647125 0.017049 0.0510054 0.094081 0.124002 0.0959785 0.0687766 0.0820023 0.061753 0.0591476 0.0492212 0.0479892 0.0443925 0.0268479 0.0217502 0.0140895 0.0121071 0.0120363 0.00920419 0.00665534 0.0049561 0.00860946 0.00930331 0.0156896 0.0114698 0.00855282 0.00243557 0.00046729 0 2.83206e-05
 0 0 0 0 0.000772559 0.00158375 0.000888443 0.00281984 0.00712685 0.0440552 0.0773331 0.111326 0.0921469 0.0852325 0.0710754 0.0886704 0.0786465 0.0553345 0.0373146 0.0185414 0.00753245 0.00457741 0.012979 0.0271748 0.0457355 0.0583668 0.034881 0.0177882 0.00938659 0.00492506 0.0015258 0.00185414 0.000309023 5.79419e-05 3.86279e-05 0
 0 0.00173294 0.00326652 0 0.00397197 0.00683976 0.00946217 0.0152591 0.00757587 0.0136028 0.0228656 0.0392903 0.0559909 0.0764795 0.0681675 0.0726916 0.0566044 0.0477403 0.0527397 0.0444891 0.0609904 0.0582453 0.0661739 0.0445044 0.0529084 0.0360697 0.0280645 0.0235558 0.0158879 0.00826598 0.00280645 0.00217768 0.000904811 0.00058276 9.20147e-05 0
 0 0 0 0 0 0 0 0 0 0 0 0 0 0 0 0 0 0 0 0 0 0 0 0 0 0 0 0 0 0 0 0 0 0 0 0
 0 0 0 0 0 0 0 0 0 0 0 0 0 0 0 0 0 0 0 0 0 0 0 0 0 0 0 0 0 0 0 0 0 0 0 0
 0 0 0 0 0 0 0 0 0 0 0 0 0 0 0 0 0 0 0 0 0 0 0 0 0 0 0 0 0 0 0 0 0 0 0 0
ppred_pel_tallas
 1.01875e-16 2.82683e-05 0.000165898 0.000788575 0.00303601 0.00946746 0.0239142 0.0489323 0.0811138 0.108943 0.118575 0.104648 0.0750336 0.0440391 0.0218393 0.0104174 0.00673613 0.00719891 0.00958722 0.0128856 0.0166006 0.0203462 0.023724 0.0263527 0.0279402 0.0283452 0.0276025 0.0259006 0.0235248 0.0207843 0.0179498 0.0152174 0.0127011 0.0104489 0.00846747 0.00674528
 1.01656e-16 3.24344e-05 0.000190363 0.000904899 0.00348391 0.0108642 0.0274422 0.0561505 0.093076 0.124999 0.136026 0.11999 0.085905 0.0501586 0.0243878 0.01082 0.00592076 0.0055253 0.0070775 0.00944391 0.012141 0.014855 0.0172881 0.0191615 0.0202659 0.020506 0.0199176 0.0186495 0.0169192 0.0149574 0.012961 0.0110657 0.00934306 0.00781363 0.00646831 0.00528763
 1.02251e-16 2.29376e-05 0.00013459 0.000639709 0.00246279 0.00767988 0.019399 0.0396951 0.0658067 0.0883998 0.0962579 0.0850522 0.0612013 0.0363595 0.0188457 0.0103458 0.00847063 0.0103532 0.0141923 0.0190858 0.0244672 0.0297799 0.0344188 0.0378107 0.0395364 0.0394253 0.0375919 0.0343931 0.0303306 0.0259283 0.0216272 0.017724 0.0143621 0.0115601 0.00926116 0.0073785
 1.02206e-16 3.10619e-05 0.000182305 0.000866592 0.00333642 0.0104043 0.0262804 0.0537734 0.0891359 0.119709 0.130271 0.114918 0.0822841 0.048066 0.0234116 0.0104598 0.00583262 0.00554986 0.0071721 0.00962145 0.0124399 0.0153279 0.0179956 0.0201649 0.0216173 0.0222377 0.0220326 0.0211155 0.0196678 0.0178903 0.0159604 0.014009 0.0121173 0.0103278 0.00866087 0.00712936
 1.01344e-16 3.36288e-05 0.000197376 0.000938239 0.00361228 0.0112646 0.0284534 0.0582193 0.0965048 0.129603 0.141032 0.124397 0.0890398 0.0519486 0.0251821 0.0110417 0.00585391 0.00529243 0.00670202 0.0089079 0.0114161 0.0139161 0.0161193 0.01776 0.0186433 0.0186879 0.0179421 0.016565 0.0147813 0.0128256 0.0108948 0.00912071 0.00756678 0.00624174 0.0051221 0.00417315
 1.01808e-16 2.52922e-05 0.000148417 0.000705451 0.00271593 0.00846929 0.021393 0.0437745 0.0725673 0.0974744 0.10612 0.0937221 0.0673431 0.0398138 0.0202788 0.0105619 0.00799344 0.00938607 0.0127495 0.0171176 0.0219324 0.0266816 0.030818 0.0338259 0.0353282 0.0351727 0.0334639 0.0305259 0.0268134 0.0228018 0.0188921 0.0153551 0.0123223 0.00981197 0.00777212 0.00612244
 1.0131e-16 3.53572e-05 0.000207528 0.000986513 0.00379816 0.0118442 0.0299175 0.0612148 0.101468 0.136263 0.148266 0.130745 0.0935116 0.0544129 0.0261068 0.0109887 0.00517226 0.00409421 0.00496614 0.00658248 0.00848301 0.0104254 0.0122019 0.0136199 0.0145305 0.0148587 0.0146155 0.0138871 0.0128074 0.0115222 0.0101598 0.00881294 0.00753712 0.00635787 0.00528342 0.00431526
 1.00972e-16 3.22282e-05 0.000189149 0.000899117 0.00346163 0.0107948 0.0272668 0.0557918 0.0924826 0.124206 0.135172 0.119258 0.0854273 0.0499734 0.0244715 0.0111499 0.00650968 0.00641833 0.00832809 0.0110857 0.014163 0.0171841 0.0197828 0.0216223 0.0224607 0.0222071 0.0209418 0.0188901 0.0163626 0.0136808 0.0111133 0.00883783 0.00693557 0.00540902 0.00421198 0.00327904
 1.00815e-16 3.47884e-05 0.000204185 0.000970613 0.00373693 0.0116533 0.0294352 0.0602282 0.0998342 0.134072 0.145891 0.128671 0.0920748 0.0536697 0.0259233 0.0112077 0.00571309 0.00495683 0.00618997 0.00820286 0.0104992 0.0127808 0.0147768 0.016239 0.0169856 0.0169412 0.0161518 0.0147684 0.0130044 0.0110848 0.00920055 0.00748257 0.00599698 0.00475688 0.00374208 0.00291834
 1.00697e-16 3.42469e-05 0.000201004 0.000955488 0.00367869 0.0114717 0.0289765 0.0592897 0.0982792 0.131986 0.143626 0.126686 0.0906818 0.052913 0.025661 0.0112701 0.0059985 0.00543858 0.00688211 0.00912585 0.0116574 0.0141494 0.0162977 0.0178239 0.0185276 0.0183316 0.0172991 0.0156123 0.0135248 0.0113001 0.00915998 0.00725328 0.00565067 0.00435863 0.00334333 0.00255409
 1.01339e-16 2.63357e-05 0.000154544 0.000734582 0.00282809 0.00881907 0.0222765 0.0455822 0.0755631 0.101496 0.110493 0.09757 0.0700773 0.0413687 0.0209569 0.0107297 0.00789527 0.00912565 0.0123454 0.0165554 0.021193 0.0257534 0.0297025 0.0325381 0.0338945 0.0336268 0.0318416 0.0288609 0.0251351 0.0211353 0.0172594 0.0137773 0.0108207 0.00840783 0.00648552 0.00497012
 1.02005e-16 2.92549e-05 0.000171693 0.000816128 0.0031421 0.00979832 0.0247499 0.0506421 0.083947 0.112745 0.122707 0.108277 0.0775991 0.0454704 0.0224107 0.010459 0.00645845 0.0066771 0.00881749 0.0118398 0.0152594 0.0187161 0.0218451 0.0242982 0.025808 0.0262446 0.0256378 0.0241569 0.0220586 0.0196204 0.0170848 0.0146256 0.0123436 0.0102804 0.00844225 0.00682078
 1.00947e-16 3.66439e-05 0.000215082 0.00102243 0.00393645 0.0122755 0.0310068 0.0634435 0.105162 0.141223 0.15366 0.135494 0.0968933 0.05635 0.0269778 0.0112529 0.00513977 0.00390131 0.00464153 0.00610823 0.00782659 0.00955328 0.0110863 0.0122434 0.0128899 0.0129676 0.0125053 0.0116065 0.0104199 0.00910166 0.00778413 0.00655741 0.00546682 0.00452207 0.00371177 0.00301688
 1.00303e-16 3.85555e-05 0.000226306 0.00107579 0.00414192 0.0129163 0.0326253 0.0667549 0.11065 0.148591 0.161671 0.142545 0.101906 0.0592051 0.0282318 0.0115792 0.00498873 0.00346504 0.00395495 0.00514315 0.0065427 0.00792067 0.00909518 0.0099075 0.0102456 0.0100693 0.009419 0.00840411 0.00717406 0.00588326 0.00466055 0.0035912 0.00271369 0.00202803 0.00151002 0.00112534
 1.00127e-16 3.98255e-05 0.000233765 0.00111125 0.00427846 0.0133421 0.0337008 0.0689553 0.114297 0.153485 0.16699 0.14722 0.105216 0.0610633 0.0289958 0.0116809 0.00470786 0.00290838 0.00312752 0.00401632 0.00509423 0.00615442 0.00704918 0.00765314 0.00787898 0.00769667 0.00714065 0.00629995 0.00529552 0.00425203 0.00327334 0.00242806 0.0017467 0.00122827 0.000851614 0.000586935
 1.00169e-16 3.68066e-05 0.000216035 0.00102695 0.00395385 0.0123298 0.0311439 0.0637242 0.105628 0.141851 0.15435 0.136118 0.0973722 0.0566947 0.027266 0.0115834 0.0056021 0.00456692 0.00556175 0.00730745 0.00929052 0.0112181 0.0128351 0.0139145 0.0142973 0.01393 0.0128782 0.0113075 0.00944234 0.00751354 0.00571305 0.00416721 0.00293149 0.00200262 0.00133966 0.000885475
 1.00573e-16 3.13514e-05 0.000183998 0.000874626 0.00336733 0.0105007 0.0265239 0.0542722 0.0899645 0.120827 0.131503 0.11604 0.0831643 0.0487341 0.0240221 0.0112105 0.00690976 0.00710925 0.00932942 0.012432 0.0158692 0.0192258 0.0220884 0.024075 0.0249125 0.0244997 0.0229312 0.020468 0.0174696 0.0143096 0.0113019 0.00865712 0.00647416 0.00475945 0.00346014 0.00249746
 1.0101e-16 3.24576e-05 0.000190498 0.000905534 0.00348634 0.0108718 0.0274614 0.0561899 0.0931419 0.125089 0.136129 0.12009 0.0859979 0.0502558 0.0245148 0.011011 0.00621335 0.00595708 0.00768081 0.010238 0.0131227 0.0159908 0.0185106 0.020373 0.0213498 0.0213437 0.0204075 0.0187235 0.0165529 0.0141717 0.0118162 0.00965019 0.00775889 0.00616337 0.00484407 0.00376379
 1.01147e-16 3.16501e-05 0.000185755 0.000882982 0.00339951 0.010601 0.0267774 0.0547906 0.090823 0.121977 0.132747 0.117121 0.0839004 0.0490886 0.0240544 0.0109885 0.00645761 0.00640708 0.00833879 0.0111239 0.0142466 0.0173387 0.0200392 0.0220124 0.0230128 0.0229396 0.0218578 0.0199742 0.0175808 0.0149835 0.0124411 0.0101297 0.0081365 0.00647624 0.00511873 0.00401541
 1.00959e-16 3.43602e-05 0.00020167 0.000958658 0.0036909 0.0115097 0.0290727 0.0594864 0.0986047 0.132422 0.144097 0.127093 0.0909535 0.0530332 0.025648 0.0111439 0.00576131 0.00507561 0.00637272 0.00845629 0.0108315 0.0131962 0.0152734 0.0168084 0.017614 0.0176112 0.0168454 0.0154687 0.013697 0.0117579 0.00984474 0.00808989 0.00656038 0.00527002 0.00419977 0.00331705
 1.00977e-16 3.16658e-05 0.000185846 0.000883416 0.00340118 0.0106062 0.0267906 0.0548176 0.0908679 0.122038 0.132816 0.117186 0.0839571 0.049142 0.024118 0.01108 0.00659549 0.0066089 0.00861859 0.0114887 0.0146919 0.0178453 0.0205721 0.0225234 0.0234466 0.023243 0.0219893 0.0199115 0.0173245 0.0145562 0.0118828 0.00948998 0.00746649 0.0058217 0.00451533 0.00348663
 1.01386e-16 3.01363e-05 0.000176866 0.00084072 0.00323678 0.0100936 0.0254956 0.0521681 0.0864768 0.116143 0.126406 0.111543 0.0799439 0.0468525 0.0231059 0.0108044 0.0066942 0.00692643 0.00912619 0.0122099 0.0156625 0.0190957 0.0221188 0.0243653 0.0255635 0.0255971 0.0245277 0.0225705 0.0200336 0.0172424 0.0144746 0.0119221 0.00968403 0.00778401 0.00619876 0.00488535
 1.01488e-16 3.15035e-05 0.000184895 0.0008789 0.0033838 0.010552 0.0266536 0.0545372 0.0904027 0.121412 0.13213 0.11657 0.0834928 0.0488245 0.0238776 0.010829 0.00625818 0.00612875 0.00795774 0.0106309 0.0136503 0.0166693 0.0193498 0.0213748 0.0225082 0.0226455 0.0218343 0.0202528 0.0181586 0.0158245 0.0134835 0.0112967 0.00934821 0.00766035 0.00621773 0.00499011
 1.01499e-16 3.04758e-05 0.00017886 0.000850199 0.00327328 0.0102074 0.0257832 0.0527563 0.0874516 0.117451 0.127827 0.112793 0.0808283 0.0473482 0.0233081 0.010828 0.00661278 0.00676702 0.00888802 0.0118827 0.0152374 0.0185709 0.0215026 0.0236765 0.0248301 0.0248531 0.0238089 0.0219099 0.0194583 0.0167714 0.0141177 0.0116802 0.00955037 0.00774557 0.00623814 0.00498268
 1.03646e-16 1.30751e-05 7.66748e-05 0.00036434 0.0014025 0.00437336 0.0110473 0.0226079 0.037489 0.0503891 0.0549448 0.0487306 0.035462 0.0218648 0.0127976 0.00936582 0.0103551 0.0142408 0.0200178 0.027061 0.0347802 0.0424488 0.0492303 0.054319 0.057114 0.0573542 0.0551689 0.0510234 0.0455863 0.0395639 0.0335576 0.0279814 0.0230487 0.0188107 0.0152197 0.0121892
pSPR Fmed_Fpbrs
0.427857   0.352219 0.352219
Fs Fmed_Fpbrs
0.722702   1.005 1.005
SSBpbr Bo_Bmed_Bpbrs
779983  294722  235726 235726
Ro
27446.7
SPR SPRFo_SPRFmed_SPRFpbrs
565663 242023 199237
log_Ro
10.04
likeval ReclasPelacesDesembMPH_pf_preclas_ppelaces_ptallas_desvR_qrecl_qpela
 67.9649 13.4962 0.0467904 0.000178887 290.81 187.273 74.8357 0 19.8466 3.11745e-06 9.95382e-05 0 0 0 0
q_reclas_q_pelaces
1.28428 4.13468
M
0.7
N
 29612.1 13837.7 5526.35 690.903 0.18022
 42278.4 13659.8 4002.49 1598.47 199.892
 12907.9 19251.3 3592.68 1052.7 472.99
 19232.7 5395.68 2704.52 504.719 214.337
 44920.6 9033 1780.85 892.631 237.325
 26971.3 22071.1 4149.47 818.064 519.065
 65472.2 12155.1 5381.76 1011.79 326.042
 65078 30261.4 3567.09 1579.35 392.607
 85838.5 28780.3 6425.51 757.413 418.714
 123524 37455.7 5538.84 1236.61 226.348
 60586.5 56405.8 10058.3 1487.38 392.858
 46241.6 26294.3 10433.1 1860.43 347.78
 52707.4 20076 4876.6 1934.95 409.54
 27612.7 20957.4 1954.6 474.784 228.259
 13955.1 9299.13 603.863 56.3193 20.2573
 12055.9 4574.01 219.674 14.2651 1.80897
 8381.77 5011.08 616.481 29.6074 2.16644
 9163.92 3634.8 921.563 113.374 5.84337
 9993.84 4089.68 824.97 209.162 27.0581
 15411.6 4532.79 1045.07 210.812 60.3632
 20790.4 6946.26 1106.14 255.029 66.175
 25778.8 9879.42 2497.75 397.749 115.5
 35845.2 12142.1 3329.72 841.835 172.984
 40538.8 16667 3722.92 1020.93 311.155
 8525.95 18713.5 4846.13 1082.48 387.319
pred_Ctot
 1520.11 4285.23 1711.39 213.957 0.0558101
 2537.71 4790.67 1403.73 560.605 70.1049
 1483.45 10645.2 1986.61 582.101 261.544
 752.108 1332.14 667.72 124.61 52.9178
 341.706 489.067 96.4192 48.3291 12.8493
 1803.63 8411.24 1581.35 311.762 197.814
 3273.71 3684.58 1631.37 306.706 98.8331
 5156.02 13068.5 1540.46 682.049 169.549
 7543.93 13368.9 2984.75 351.831 194.499
 7180.69 12810.7 1894.4 422.945 77.416
 5534.6 26903.5 4797.42 709.428 187.379
 4213.39 12519.6 4967.58 885.818 165.59
 7651.71 12675.7 3079.01 1221.7 258.577
 6534.8 16336.7 1523.64 370.103 177.932
 3493.99 7382.6 479.408 44.7121 16.0824
 1427.57 2575.24 123.68 8.03146 1.01848
 769.876 2398.97 295.13 14.1741 1.03715
 671.738 1483.51 376.128 46.2726 2.38492
 626.005 1482.57 299.063 75.8239 9.80891
 1029.51 1726.03 397.951 80.2745 22.9856
 645.765 1404 223.577 51.5474 13.3755
 957.608 2334.05 590.103 93.9695 27.2872
 1647.28 3433.96 941.69 238.082 48.922
 2061.53 5122.18 1144.14 313.756 95.6252
 443.888 5861.66 1517.96 339.068 121.321
F
 0.0737289 0.540481 0.540481 0.540481 0.540481
 0.0866985 0.635557 0.635557 0.635557 0.635557
 0.172243 1.26265 1.26265 1.26265 1.26265
 0.055726 0.408508 0.408508 0.408508 0.408508
 0.0106272 0.0779042 0.0779042 0.0779042 0.0779042
 0.0970248 0.711255 0.711255 0.711255 0.711255
 0.0717535 0.526 0.526 0.526 0.526
 0.115896 0.849596 0.849596 0.849596 0.849596
 0.129307 0.947906 0.947906 0.947906 0.947906
 0.0838623 0.614765 0.614765 0.614765 0.614765
 0.13472 0.987585 0.987585 0.987585 0.987585
 0.134354 0.984905 0.984905 0.984905 0.984905
 0.222264 1.62934 1.62934 1.62934 1.62934
 0.388356 2.8469 2.8469 2.8469 2.8469
 0.415452 3.04553 3.04553 3.04553 3.04553
 0.177899 1.30412 1.30412 1.30412 1.30412
 0.135504 0.993336 0.993336 0.993336 0.993336
 0.106807 0.782964 0.782964 0.782964 0.782964
 0.0906307 0.664382 0.664382 0.664382 0.664382
 0.0969165 0.710461 0.710461 0.710461 0.710461
 0.0440358 0.322811 0.322811 0.322811 0.322811
 0.0528689 0.387564 0.387564 0.387564 0.387564
 0.0657751 0.482175 0.482175 0.482175 0.482175
 0.0730158 0.535254 0.535254 0.535254 0.535254
 0.0748117 0.548419 0.548419 0.548419 0.548419
nmprior
 10 11 7 0
nm_flota  nm_reclas  nm_pelaces    nm_pelaL
inf 30.1417 11.7138 19.1619
cv_recla  cv_pelaces  cv_mph
0.745706 0.432285 0.433938
 ------------------------------------------------
Talla a la edad & desviación 
 7.2 14.2025 17.0495 18.207 18.6776
 1.08 2.13037 2.55742 2.73105 2.80164
