years
 1997 1998 1999 2000 2001 2002 2003 2004 2005 2006 2007 2008 2009 2010 2011 2012 2013 2014 2015 2016 2017 2018 2019 2020 2021
reclasobs
 0 0 0 370054 412103 1.49427e+06 250295 1.28982e+06 931140 785840 897777 1.04006e+06 184774 17550 25797 100020 73551 82996 120727 218422 84188 347160 605670 569463 516374
reclaspred
 3.04648e+06 564586 1.47636e+06 814843 805769 936238 1.83231e+06 1.25018e+06 1.4201e+06 1.3485e+06 1.12934e+06 758653 454295 220310 156464 160739 196072 284622 321535 426732 643953 642807 1.06454e+06 1.25382e+06 1.92665e+06
pelacesobs
 0 0 0 0 0 0 0 0 0 2.06254e+06 1.5e+06 0 1.87456e+06 323000 250000 174000 83755 137374 0 501740 490994 745055 786931 1.00524e+06 0
pelacespred
 1.77227e+06 678136 548586 606569 506266 472920 941429 861926 833104 822117 593377 410155 241312 95579 68409.1 79634.4 101773 148070 176932 226273 372393 387276 487338 683840 1.04557e+06
mphobs
 0 0 0 0 0 112323 0 153150 637223 0 255016 313432 73983 77613 109348 50772 0 0 0 0 0 0 0 0 0
mphpred
 2.22931e+06 1.14681e+06 868830 926527 693384 827190 1.1402e+06 1.39341e+06 1.18745e+06 1.27877e+06 1.1662e+06 799539 498534 276632 141096 132584 152515 215680 276058 322225 478686 598634 743461 984527 1.50007e+06
desembarqueobs
 350755 77701 442110 56441 14545 235359 269955 359681 431902 328805 639364 411747 362871 311530 167758 66681 60226 58785 57116 71774 51957 67425 138520 160799 200461
desembarquepred
 350825 77738 442358 56436.4 14545.9 235417 269908 359692 431883 328735 639602 412149 363234 312075 167657 66652.7 60231.5 58794 57142.4 71816.7 51991.6 67472.2 138533 160683 200184
Reclutas
 76153.2 62086.3 35807.3 43941.8 71094.7 57318.5 108822 91824.8 136773 114425 68810.2 44891.7 49110.2 29809.3 21514.5 19019.7 17269.6 19537.9 22150.1 36158.4 53282.1 62375.4 86094.2 122565 161538
log_desv_Rt
 0.360503 0.156281 -0.394092 -0.189379 0.291768 0.0763792 0.717473 0.547638 0.946079 0.767678 0.259107 -0.167992 -0.0781787 -0.577424 -0.903518 -1.02677 -1.1233 -0.99989 -0.874401 -0.384335 0.0033562 0.160926 0.483197 0.836396 1.1125
SSB
 2.22931e+06 1.14681e+06 868830 926527 693384 827190 1.1402e+06 1.39341e+06 1.18745e+06 1.27877e+06 1.1662e+06 799539 498534 276632 141096 132584 152515 215680 276058 322225 478686 598634 743461 984527 1.50007e+06
BT
 4.6162e+06 1.40756e+06 1.4771e+06 1.27297e+06 1.1055e+06 1.11101e+06 2.59026e+06 2.25824e+06 2.41164e+06 2.11065e+06 1.83115e+06 1.2425e+06 898791 502470 312069 233757 286649 383051 419333 570896 921965 843226 1.11034e+06 1.63447e+06 2.43516e+06
Ftot
 0.112122 0.133878 0.288167 0.06761 0.0176728 0.242656 0.143234 0.277298 0.293045 0.235592 0.534113 0.513167 0.741367 1.24094 0.975782 0.396358 0.29588 0.200132 0.172414 0.163437 0.0787916 0.102269 0.126597 0.124728 0.101251
BD_Bspro_t
 0.983305 0.892881 0.813757 0.684507 0.738224 0.81632 0.758556 0.767585 0.704833 0.673344 0.626499 0.461917 0.355018 0.261671 0.16631 0.182853 0.265621 0.418599 0.540095 0.636593 0.742122 0.824442 0.831695 0.82739 0.834664
BD_Bspro
 2.03694 1.04785 0.793858 0.846576 0.633551 0.755811 1.04181 1.27317 1.08498 1.16843 1.06556 0.730546 0.455515 0.252761 0.128921 0.121144 0.139354 0.197069 0.252237 0.29442 0.43738 0.546977 0.679307 0.899571 1.37063
BD_Bo
 1.74439 0.897358 0.679844 0.724992 0.542561 0.647262 0.892184 1.09032 0.929159 1.00062 0.912528 0.625625 0.390094 0.21646 0.110405 0.103745 0.11934 0.168766 0.216011 0.252136 0.374564 0.468421 0.581746 0.770375 1.17378
BD_Brms
 8.52225 4.38405 3.32138 3.54195 2.65069 3.1622 4.35877 5.32675 4.53941 4.88853 4.45816 3.0565 1.90581 1.05752 0.539385 0.506847 0.583038 0.824508 1.05532 1.23181 1.82993 2.28847 2.84212 3.76367 5.73451
S_f
 0.5 1 1 1 1
 0.5 1 1 1 1
 0.5 1 1 1 1
 0.5 1 1 1 1
 0.5 1 1 1 1
 0.5 1 1 1 1
 0.5 1 1 1 1
 0.5 1 1 1 1
 0.5 1 1 1 1
 0.5 1 1 1 1
 0.5 1 1 1 1
 0.5 1 1 1 1
 0.5 1 1 1 1
 0.5 1 1 1 1
 0.5 1 1 1 1
 0.5 1 1 1 1
 0.5 1 1 1 1
 0.5 1 1 1 1
 0.5 1 1 1 1
 0.5 1 1 1 1
 0.5 1 1 1 1
 0.5 1 1 1 1
 0.5 1 1 1 1
 0.5 1 1 1 1
 0.5 1 1 1 1
Scru_reclas
 0.5 1 1 1 1
 0.5 1 1 1 1
 0.5 1 1 1 1
 0.5 1 1 1 1
 0.5 1 1 1 1
 0.5 1 1 1 1
 0.5 1 1 1 1
 0.5 1 1 1 1
 0.5 1 1 1 1
 0.5 1 1 1 1
 0.5 1 1 1 1
 0.5 1 1 1 1
 0.5 1 1 1 1
 0.5 1 1 1 1
 0.5 1 1 1 1
 0.5 1 1 1 1
 0.5 1 1 1 1
 0.5 1 1 1 1
 0.5 1 1 1 1
 0.5 1 1 1 1
 0.5 1 1 1 1
 0.5 1 1 1 1
 0.5 1 1 1 1
 0.5 1 1 1 1
 0.5 1 1 1 1
Scru_pelaces
 0.5 1 1 1 1
 0.5 1 1 1 1
 0.5 1 1 1 1
 0.5 1 1 1 1
 0.5 1 1 1 1
 0.5 1 1 1 1
 0.5 1 1 1 1
 0.5 1 1 1 1
 0.5 1 1 1 1
 0.5 1 1 1 1
 0.5 1 1 1 1
 0.5 1 1 1 1
 0.5 1 1 1 1
 0.5 1 1 1 1
 0.5 1 1 1 1
 0.5 1 1 1 1
 0.5 1 1 1 1
 0.5 1 1 1 1
 0.5 1 1 1 1
 0.5 1 1 1 1
 0.5 1 1 1 1
 0.5 1 1 1 1
 0.5 1 1 1 1
 0.5 1 1 1 1
 0.5 1 1 1 1
pf_obs 
 0.256992 0.487395 0.22802 0.0275931 0
 0.321318 0.546541 0.124235 0.00734118 0.000564706
 0.182869 0.594174 0.210203 0.0122559 0.00049798
 0.330522 0.361315 0.267642 0.0388342 0.00168674
 0.649043 0.306663 0.0425973 0.00169635 0
 0.582887 0.30429 0.105238 0.00758474 0
 0.465427 0.430635 0.0974691 0.00646863 0
 0.296916 0.608066 0.0921331 0.00288517 0
 0.311714 0.524322 0.152257 0.0117073 0
 0.15457 0.633149 0.183074 0.0267441 0.00246327
 0.131901 0.49318 0.331252 0.0422183 0.00144891
 0.196976 0.569456 0.194076 0.0375587 0.00193317
 0.518974 0.381816 0.0799577 0.0180837 0.00116848
 0.0928022 0.601141 0.25162 0.0475244 0.00691264
 0.122501 0.610282 0.24278 0.0234846 0.000952079
 0.383417 0.481906 0.127806 0.00687128 0
 0.0376549 0.599619 0.316969 0.0457579 0
 0.0361596 0.667082 0.258105 0.0386534 0
 0.158088 0.579412 0.248529 0.0139706 0
 0.0477256 0.309471 0.559284 0.082774 0.000745712
 0.0406174 0.521527 0.379366 0.0568643 0.0016247
 0.151134 0.462217 0.34131 0.0453401 0
 0.294876 0.26143 0.354403 0.0886775 0.000613685
 0.281977 0.475581 0.204845 0.0348837 0.00271318
 0 0 0 0 0
pf_pred 
 0.383533 0.310339 0.15411 0.0765286 0.0754904
 0.334456 0.37419 0.146672 0.0728352 0.0718471
 0.252128 0.381963 0.205726 0.0806389 0.079545
 0.379803 0.262224 0.182828 0.0984718 0.0766728
 0.484331 0.286307 0.096976 0.0676139 0.0647723
 0.360561 0.418008 0.122942 0.041642 0.0568474
 0.54922 0.246703 0.133407 0.039237 0.0314329
 0.409843 0.423335 0.0912978 0.0493704 0.026153
 0.524081 0.285864 0.136331 0.0294016 0.0243216
 0.419848 0.409328 0.102607 0.0489341 0.0192831
 0.315901 0.415644 0.189409 0.0474795 0.0315663
 0.331247 0.347412 0.19524 0.0889711 0.0371301
 0.46903 0.284255 0.128167 0.0720276 0.046521
 0.433969 0.389607 0.0944488 0.0425856 0.0393899
 0.53083 0.325556 0.0988519 0.0239638 0.020799
 0.542702 0.344529 0.0782501 0.0237599 0.0107591
 0.46319 0.390283 0.110394 0.0250728 0.0110606
 0.473663 0.343527 0.132911 0.0375945 0.0123052
 0.462013 0.352825 0.120851 0.0467571 0.0175544
 0.544226 0.293219 0.106608 0.0365156 0.0194321
 0.539219 0.329188 0.0846595 0.0307803 0.0161535
 0.469271 0.374306 0.11175 0.0287396 0.0159328
 0.492473 0.327563 0.126923 0.0378933 0.0151479
 0.511717 0.326138 0.10465 0.0405493 0.0169456
 0.497141 0.344289 0.105913 0.0339849 0.0186714
pobs_RECLAS
 0 0 0 0 0
 0 0 0 0 0
 0 0 0 0 0
 0 0 0 0 0
 0.835266 0.146461 0.0176864 0.000547809 3.91292e-05
 0.385257 0.428462 0.181853 0.0044286 0
 0.867414 0.0963971 0.0333333 0.00285562 0
 0.441836 0.489002 0.0689373 0.000224442 0
 0.779404 0.147425 0.0564933 0.0165055 0.000172143
 0.814271 0.122319 0.05973 0.00367925 0
 0.40263 0.566651 0.0304383 0.000280538 0
 0.475488 0.404961 0.113038 0.00651328 0
 0.955842 0.0263864 0.0167828 0.000988607 0
 0.975058 0.0227948 0.00214734 0 0
 0.738997 0.206755 0.0527124 0.00153531 0
 0.850938 0.134255 0.0134407 0.00136685 0
 0.542534 0.407297 0.0501686 0 0
 0.764087 0.199537 0.0359546 0.000420521 0
 0.470689 0.182191 0.310203 0.0369168 0
 0.84361 0.089868 0.0606195 0.00523954 0.000663233
 0.607945 0.314616 0.071237 0.00620181 0
 0.523733 0.453247 0.0230204 0 0
 0.530135 0.295979 0.169645 0.0042399 0
 0.562478 0.366248 0.0663022 0.0049721 0
 0.250443 0.683176 0.0655157 0.000865301 0
ppred_RECLAS
 0.38439 0.309907 0.153895 0.0764221 0.0753854
 0.33544 0.373636 0.146455 0.0727275 0.0717408
 0.254179 0.380915 0.205162 0.0804178 0.0793268
 0.380297 0.262015 0.182683 0.0983934 0.0766118
 0.484461 0.286235 0.0969516 0.0675969 0.064756
 0.362593 0.416679 0.122551 0.0415097 0.0566667
 0.5504 0.246057 0.133058 0.0391342 0.0313507
 0.412349 0.421538 0.0909102 0.0491608 0.0260419
 0.526843 0.284206 0.13554 0.029231 0.0241804
 0.421919 0.407867 0.102241 0.0487594 0.0192143
 0.321112 0.412478 0.187967 0.0471179 0.0313259
 0.336305 0.344784 0.193763 0.0882981 0.0368493
 0.478453 0.27921 0.125892 0.0707494 0.0456955
 0.453886 0.375898 0.0911255 0.0410872 0.0380039
 0.544815 0.315851 0.0959052 0.0232494 0.020179
 0.546719 0.341502 0.0775626 0.0235512 0.0106646
 0.465977 0.388256 0.109821 0.0249426 0.0110031
 0.47541 0.342387 0.132469 0.0374698 0.0122644
 0.463477 0.351864 0.120522 0.0466299 0.0175066
 0.5456 0.292335 0.106286 0.0364056 0.0193735
 0.539832 0.32875 0.0845469 0.0307394 0.016132
 0.470088 0.37373 0.111579 0.0286954 0.0159083
 0.49351 0.326894 0.126664 0.0378159 0.015117
 0.512737 0.325457 0.104431 0.0404646 0.0169102
 0.497951 0.343735 0.105743 0.0339302 0.0186414
pobs_PELACES
 0 0 0 0 0
 0 0 0 0 0
 0 0 0 0 0
 0 0 0 0 0
 0 0 0 0 0
 0 0 0 0 0
 0 0 0 0 0
 0 0 0 0 0
 0 0 0 0 0
 0 0 0 0 0
 0.450072 0.473896 0.0757376 0.000293798 0
 0 0 0 0 0
 0.463077 0.371075 0.160297 0.00555027 0
 0.529543 0.364841 0.0842815 0.0213345 0
 0.631943 0.363953 0.00410389 0 0
 0.735681 0.248677 0.0153453 0.000297389 0
 0.695825 0.281241 0.0229344 0 0
 0.275771 0.60734 0.115278 0.00161068 0
 0 0 0 0 0
 0.896147 0.0623911 0.0374545 0.00400742 0
 0.803859 0.145111 0.0509908 3.86294e-05 0
 0.739449 0.233085 0.0266225 0.000797448 4.60066e-05
 0.878498 0.100942 0.0204185 0.000141795 0
 0.694673 0.275183 0.0284847 0.00165964 0
 0 0 0 0 0
ppred_PELACES
 0.388777 0.307699 0.152799 0.0758775 0.0748482
 0.340382 0.370858 0.145366 0.0721866 0.0712073
 0.263297 0.376258 0.202653 0.0794346 0.0783569
 0.38293 0.260902 0.181907 0.0979754 0.0762863
 0.485189 0.285831 0.0968146 0.0675014 0.0646645
 0.371897 0.410597 0.120762 0.0409038 0.0558396
 0.556241 0.24286 0.13133 0.0386258 0.0309434
 0.423479 0.413555 0.0891884 0.0482297 0.0255487
 0.538878 0.276977 0.132092 0.0284874 0.0235654
 0.431428 0.401158 0.100559 0.0479573 0.0188982
 0.340618 0.400626 0.182566 0.045764 0.0304258
 0.355459 0.334834 0.188171 0.08575 0.0357859
 0.50902 0.262846 0.118514 0.0666029 0.0430173
 0.504943 0.340754 0.082606 0.0372459 0.0344509
 0.584372 0.288403 0.0875708 0.021229 0.0184254
 0.562871 0.329333 0.0747988 0.022712 0.0102846
 0.478144 0.379411 0.107319 0.0243744 0.0107524
 0.483651 0.337008 0.130388 0.0368811 0.0120717
 0.470558 0.34722 0.118931 0.0460144 0.0172756
 0.552277 0.288039 0.104725 0.0358706 0.0190888
 0.54306 0.326444 0.0839538 0.0305237 0.0160188
 0.474293 0.370764 0.110693 0.0284677 0.015782
 0.498732 0.323523 0.125358 0.037426 0.0149611
 0.517877 0.322024 0.103329 0.0400377 0.0167318
 0.502128 0.340875 0.104863 0.0336479 0.0184863
pobs_pel_tallas
 0 0 0 0 0 0 0 0 0 0 0 0 0 0 0 0 0 0 0 0 0 0 0 0 0 0 0 0 0 0 0 0 0 0 0 0
 0 0 0 0 0 0 0 0 0 0 0 0 0 0 0 0 0 0 0 0 0 0 0 0 0 0 0 0 0 0 0 0 0 0 0 0
 0 0 0 0 0 0 0 0 0 0 0 0 0 0 0 0 0 0 0 0 0 0 0 0 0 0 0 0 0 0 0 0 0 0 0 0
 0 0 0 0 0 0 0 0 0 0 0 0 0 0 0 0 0 0 0 0 0 0 0 0 0 0 0 0 0 0 0 0 0 0 0 0
 0 0 0 0 0 0 0 0 0 0 0 0 0 0 0 0 0 0 0 0 0 0 0 0 0 0 0 0 0 0 0 0 0 0 0 0
 0 0 0 0 0 0 0 0 0 0 0 0 0 0 0 0 0 0 0 0 0 0 0 0 0 0 0 0 0 0 0 0 0 0 0 0
 0 0 0 0 0 0 0 0 0 0 0 0 0 0 0 0 0 0 0 0 0 0 0 0 0 0 0 0 0 0 0 0 0 0 0 0
 0 0 0 0 0 0 0 0 0 0 0 0 0 0 0 0 0 0 0 0 0 0 0 0 0 0 0 0 0 0 0 0 0 0 0 0
 0 0 0 0 0 0 0 0 0 0 0 0 0 0 0 0 0 0 0 0 0 0 0 0 0 0 0 0 0 0 0 0 0 0 0 0
 0 0 0 0 0 0 0 0 0 0 0 0 0 0 0 0 0 0 0 0 0 0 0 0 0 0 0 0 0 0 0 0 0 0 0 0
 0 0 0 0 0 0 0 0 1.78061e-05 0.00172719 0.00360574 0.0105946 0.0120993 0.0124554 0.0147524 0.0171206 0.0266825 0.0428682 0.0675386 0.121331 0.153587 0.119568 0.100827 0.0573624 0.0630603 0.0341343 0.0324427 0.0444173 0.0211091 0.0280891 0.0125444 0.00206551 0 0 0 0
 0 0 0 0 0 0 0 0 0 0 0 0 0 0 0 0 0 0 0 0 0 0 0 0 0 0 0 0 0 0 0 0 0 0 0 0
 0 0 0 0 0 0 0.0133647 0.0140871 0.0187388 0.0205184 0.03894 0.0496705 0.03968 0.0493445 0.0407372 0.0367815 0.0215668 0.0243155 0.0234873 0.0199281 0.019796 0.0243948 0.0301388 0.0376714 0.0412746 0.0863199 0.0771752 0.113111 0.0741005 0.0525337 0.0229764 0.00759418 0.00175318 0 0 0
 0 0 0 0 0 0 0 0 0 0 0.00219441 0.00772107 0.0458388 0.0604681 0.0671733 0.0775358 0.0609151 0.0617685 0.073594 0.0568108 0.0755445 0.0548602 0.0670107 0.0636378 0.0643287 0.046367 0.0373049 0.0286899 0.0247887 0.0153202 0.00654259 0.00121912 0.000365735 0 0 0
 0 0 0 0 0 0 0 0 0 0 0 0 0.000112435 0.00938835 0.0111873 0.0202946 0.0414886 0.0713402 0.111592 0.104902 0.108894 0.110636 0.117776 0.105296 0.107544 0.0401394 0.0192827 0.0124803 0.00416011 0.0028671 0.000618394 0 0 0 0 0
 0 0 0 0 0 0 0 0 0 0 0.00291406 0.0102884 0.027416 0.0768956 0.0749926 0.110853 0.0956884 0.0897413 0.0766577 0.0534642 0.0500743 0.0551293 0.0594112 0.0620874 0.0668451 0.0424026 0.0208742 0.0120726 0.0048766 0.00582813 0.00118941 0.000297354 0 0 0 0
 0 0.00264628 0.0354308 0.0461629 0.0458689 0.0383711 0.0214643 0.0164657 0.0346957 0.0420465 0.0363128 0.0245516 0.0311673 0.0291091 0.0169068 0.0133784 0.00837989 0.0085269 0.0148486 0.0160247 0.0276389 0.0546898 0.0760071 0.122758 0.109233 0.0665981 0.0333725 0.0166128 0.00676272 0.00308733 0.000882094 0 0 0 0 0
 0 0 0 0 0 0 0 0.000805153 0.000690131 0.00759144 0.0133425 0.0154129 0.00931677 0.000345066 0.00356568 0.00563607 0.00851162 0.0253048 0.0502646 0.0516448 0.0657925 0.0565908 0.0611916 0.0827007 0.0866115 0.110766 0.145733 0.0935128 0.0569358 0.0249597 0.0138026 0.00621118 0.00161031 0.00115022 0 0
 0 0 0 0 0 0 0 0 0 0 0 0 0 0 0 0 0 0 0 0 0 0 0 0 0 0 0 0 0 0 0 0 0 0 0 0
 0.00147267 0.00158595 0.00478618 0.00569244 0.00954404 0.0108468 0.00647125 0.017049 0.0510054 0.094081 0.124002 0.0959785 0.0687766 0.0820023 0.061753 0.0591476 0.0492212 0.0479892 0.0443925 0.0268479 0.0217502 0.0140895 0.0121071 0.0120363 0.00920419 0.00665534 0.0049561 0.00860946 0.00930331 0.0156896 0.0114698 0.00855282 0.00243557 0.00046729 0 2.83206e-05
 0 0 0 0 0.000772559 0.00158375 0.000888443 0.00281984 0.00712685 0.0440552 0.0773331 0.111326 0.0921469 0.0852325 0.0710754 0.0886704 0.0786465 0.0553345 0.0373146 0.0185414 0.00753245 0.00457741 0.012979 0.0271748 0.0457355 0.0583668 0.034881 0.0177882 0.00938659 0.00492506 0.0015258 0.00185414 0.000309023 5.79419e-05 3.86279e-05 0
 0 0.00173294 0.00326652 0 0.00397197 0.00683976 0.00946217 0.0152591 0.00757587 0.0136028 0.0228656 0.0392903 0.0559909 0.0764795 0.0681675 0.0726916 0.0566044 0.0477403 0.0527397 0.0444891 0.0609904 0.0582453 0.0661739 0.0445044 0.0529084 0.0360697 0.0280645 0.0235558 0.0158879 0.00826598 0.00280645 0.00217768 0.000904811 0.00058276 9.20147e-05 0
 0 0 0 0 0 0 0 0 0 0 0 0 0 0 0 0 0 0 0 0 0 0 0 0 0 0 0 0 0 0 0 0 0 0 0 0
 0 0 0 0 0 0 0 0 0 0 0 0 0 0 0 0 0 0 0 0 0 0 0 0 0 0 0 0 0 0 0 0 0 0 0 0
 0 0 0 0 0 0 0 0 0 0 0 0 0 0 0 0 0 0 0 0 0 0 0 0 0 0 0 0 0 0 0 0 0 0 0 0
ppred_pel_tallas
 1.08374e-16 1.69778e-05 9.96071e-05 0.000473408 0.00182251 0.00568321 0.0143556 0.0293753 0.0487 0.0654244 0.071252 0.0629857 0.0453851 0.0270897 0.014278 0.0082278 0.00720872 0.00914076 0.012732 0.0173493 0.0225943 0.0280573 0.0332702 0.0377656 0.0411672 0.0432625 0.0440319 0.0436215 0.042278 0.0402683 0.0378157 0.0350696 0.0321114 0.0289832 0.0257213 0.0223817
 1.07992e-16 1.48701e-05 8.72273e-05 0.00041454 0.00159584 0.00497631 0.0125701 0.0257225 0.0426473 0.0573024 0.0624311 0.0552463 0.039935 0.0240905 0.013161 0.00831118 0.00807088 0.0106507 0.0149223 0.0202906 0.0263155 0.0325023 0.0382806 0.0430882 0.0464851 0.0482435 0.0483821 0.0471306 0.044845 0.0419033 0.0386206 0.0352056 0.031764 0.0283314 0.0249181 0.0215436
 1.0939e-16 1.15091e-05 6.74949e-05 0.000320728 0.00123463 0.00384991 0.00972492 0.0199012 0.0329987 0.0443474 0.048341 0.0428358 0.0310905 0.0190089 0.0108465 0.00755468 0.00805038 0.0109964 0.0155458 0.0212283 0.0276492 0.0343263 0.0406867 0.0461531 0.0502588 0.0527376 0.0535607 0.0529063 0.0510796 0.0484169 0.0452056 0.041647 0.0378599 0.0339128 0.0298625 0.0257824
 1.09599e-16 1.67209e-05 9.81035e-05 0.000466269 0.00179504 0.00559756 0.0141392 0.0289321 0.0479642 0.0644327 0.0701633 0.0620028 0.0446323 0.0265515 0.0138336 0.00772358 0.00650617 0.00812988 0.011334 0.0155264 0.0203672 0.025522 0.0306033 0.0352123 0.0390105 0.041779 0.0434439 0.0440581 0.0437536 0.0426842 0.0409812 0.0387374 0.0360169 0.0328789 0.0294034 0.0257029
 1.06809e-16 2.11808e-05 0.000124285 0.000590733 0.00227425 0.00709196 0.0179139 0.0366557 0.0607665 0.0816247 0.0888686 0.0784949 0.0564217 0.0333982 0.01709 0.00903665 0.00701965 0.00839205 0.0115138 0.0156059 0.0202314 0.0249879 0.0294354 0.0331451 0.0357844 0.0371839 0.0373637 0.0365033 0.0348759 0.0327665 0.0304067 0.0279429 0.0254399 0.0229102 0.0203499 0.0177681
 1.05863e-16 1.62459e-05 9.53007e-05 0.000452914 0.00174357 0.00543701 0.0137338 0.0281039 0.0465954 0.062607 0.0682097 0.0603583 0.0436263 0.0263087 0.0143556 0.00903421 0.00873041 0.0114767 0.0160225 0.0216951 0.0279873 0.0343319 0.0400843 0.0446203 0.0474668 0.0484045 0.047506 0.0450933 0.0416371 0.037632 0.0334922 0.0294937 0.0257713 0.0223532 0.0192123 0.016311
 1.04717e-16 2.42774e-05 0.000142468 0.000677188 0.00260714 0.00813005 0.020536 0.0420204 0.0696573 0.0935594 0.101842 0.0899049 0.0645164 0.0379752 0.0190367 0.00942678 0.00656305 0.00738221 0.00999809 0.0135457 0.0175921 0.0217789 0.0257222 0.029044 0.0314412 0.0327451 0.0329461 0.0321739 0.0306464 0.0286046 0.0262598 0.023765 0.0212152 0.0186641 0.0161489 0.0137074
 1.04252e-16 1.84952e-05 0.000108506 0.000515692 0.00198528 0.00619078 0.0156378 0.0319995 0.0530525 0.0712774 0.0776414 0.0686695 0.0495578 0.0297338 0.0159482 0.009614 0.00886102 0.0114211 0.0158554 0.021404 0.0275226 0.0336245 0.0390533 0.043181 0.0455412 0.045933 0.0444599 0.0414839 0.0375203 0.0331067 0.028692 0.0245746 0.0208957 0.0176742 0.0148604 0.0123846
 1.04046e-16 2.35217e-05 0.000138028 0.000656073 0.00252583 0.00787649 0.0198956 0.0407102 0.0674867 0.0906477 0.0986822 0.0871388 0.0625822 0.0369386 0.0187055 0.0095728 0.00705546 0.00819663 0.0111672 0.0151087 0.0195603 0.0241142 0.0283288 0.0317722 0.0341048 0.0351487 0.0349153 0.0335824 0.0314316 0.0287713 0.0258713 0.0229261 0.020052 0.017306 0.0147137 0.0122929
 1.0409e-16 1.88413e-05 0.000110539 0.000525361 0.00202252 0.00630689 0.015931 0.0325995 0.0540466 0.0726112 0.0790897 0.0699396 0.0504508 0.0302223 0.0161245 0.00958881 0.00870231 0.0111496 0.0154662 0.0208879 0.0268798 0.0328717 0.0382261 0.0423306 0.044727 0.0452122 0.043876 0.0410591 0.0372519 0.0329696 0.0286457 0.0245731 0.0208964 0.0176453 0.0147841 0.0122572
 1.05717e-16 1.48818e-05 8.72928e-05 0.000414844 0.001597 0.00497992 0.0125792 0.0257415 0.0426796 0.0573485 0.0624884 0.055314 0.0400208 0.0242159 0.0133627 0.00863965 0.00858807 0.0114252 0.0160202 0.0217611 0.0281742 0.0347146 0.0407517 0.0456633 0.0489613 0.0503927 0.0499801 0.047987 0.0448271 0.0409514 0.0367525 0.0325122 0.0283961 0.024482 0.0208013 0.0173735
 1.07399e-16 1.55262e-05 9.10822e-05 0.000432873 0.00166643 0.00519647 0.0131262 0.02686 0.0445318 0.05983 0.0651732 0.0576452 0.0416091 0.0249807 0.0134321 0.00815915 0.00760811 0.00989993 0.0138617 0.0188998 0.0246071 0.0305391 0.0361796 0.0410096 0.0446077 0.0467316 0.0473518 0.0466251 0.0448264 0.0422618 0.0391998 0.035835 0.0322909 0.0286446 0.0249602 0.0213102
 1.06067e-16 2.22191e-05 0.000130382 0.000619726 0.00238589 0.0074401 0.0187932 0.0384547 0.0637478 0.085626 0.0932164 0.0823147 0.0591227 0.0349073 0.0176973 0.00909207 0.00674889 0.00788074 0.0107675 0.0146073 0.0189751 0.0234962 0.027763 0.0313744 0.0340118 0.035502 0.0358417 0.0351744 0.0337324 0.0317658 0.0294856 0.0270347 0.0244912 0.0218912 0.0192586 0.0166269
 1.04174e-16 2.20444e-05 0.00012935 0.000614802 0.00236691 0.00738087 0.0186437 0.0381494 0.0632438 0.0849557 0.092504 0.0817268 0.0587901 0.0348904 0.0180183 0.00978928 0.00790469 0.00961122 0.0131877 0.0177874 0.0228969 0.0280203 0.0326163 0.0361675 0.0382871 0.0388039 0.0377934 0.035542 0.0324599 0.028976 0.0254478 0.0221122 0.0190813 0.0163713 0.013947 0.0117607
 1.02928e-16 2.55058e-05 0.000149676 0.000711446 0.00273903 0.00854133 0.0215749 0.0441464 0.0731823 0.0982963 0.107004 0.0944759 0.067827 0.0399843 0.0201536 0.0101555 0.00728108 0.00830803 0.011238 0.0151288 0.0194759 0.0238413 0.0277604 0.030789 0.0325925 0.0330176 0.0321207 0.0301386 0.0274174 0.024324 0.0211708 0.0181725 0.015441 0.0130072 0.0108551 0.00895326
 1.02431e-16 2.45699e-05 0.000144178 0.000685298 0.00263834 0.00822733 0.0207818 0.0425239 0.0704942 0.0946902 0.10309 0.0910487 0.0654278 0.0386931 0.0197301 0.0103135 0.00785372 0.00925921 0.0126015 0.0169468 0.021757 0.0265362 0.0307526 0.0339014 0.0356092 0.0357172 0.0343128 0.0316944 0.0282863 0.0245341 0.0208144 0.0173825 0.0143654 0.0117866 0.0096078 0.00776747
 1.02987e-16 2.08775e-05 0.000122495 0.000582207 0.00224139 0.00698945 0.0176551 0.0361269 0.0598926 0.0804592 0.0876218 0.0774463 0.0557824 0.0332493 0.0174351 0.00989569 0.00847974 0.0105978 0.0146211 0.0197235 0.0253649 0.0309946 0.0360031 0.0398057 0.0419642 0.0422831 0.0408476 0.0379836 0.034164 0.0298898 0.0255885 0.0215558 0.0179461 0.014801 0.0120937 0.00977131
 1.03793e-16 2.1116e-05 0.000123899 0.000588889 0.00226713 0.00706974 0.0178578 0.0365414 0.0605785 0.0813768 0.0886109 0.0782963 0.056342 0.0334775 0.0173632 0.00955549 0.00786313 0.00965948 0.0133047 0.0179922 0.0232276 0.0285251 0.0333465 0.037169 0.03959 0.0404117 0.0396753 0.0376297 0.034652 0.031149 0.0274723 0.0238713 0.0204867 0.0173747 0.0145436 0.0119854
 1.0419e-16 2.05455e-05 0.000120549 0.000572959 0.0022058 0.00687846 0.0173747 0.0355529 0.0589404 0.079178 0.0862212 0.0761956 0.0548539 0.0326407 0.0170161 0.00950271 0.00797693 0.00988886 0.0136433 0.0184477 0.0238044 0.0292159 0.0341306 0.0380138 0.0404567 0.0412633 0.0404842 0.0383827 0.0353522 0.0318122 0.0281211 0.0245273 0.0211641 0.0180767 0.0152616 0.0127017
 1.03705e-16 2.41063e-05 0.00014146 0.000672384 0.00258863 0.00807232 0.0203902 0.0417224 0.0691647 0.0929017 0.101136 0.0893059 0.0641391 0.0378584 0.019172 0.00981047 0.00722472 0.00838001 0.0113951 0.0153814 0.0198559 0.0243907 0.0285255 0.0318162 0.0339216 0.0346756 0.0341149 0.0324522 0.0300071 0.027122 0.0240897 0.0211139 0.0183052 0.0157034 0.0133098 0.0111152
 1.03096e-16 2.3706e-05 0.000139106 0.000661185 0.0025455 0.00793781 0.0200505 0.0410276 0.068014 0.0913598 0.0994671 0.0878548 0.0631463 0.0373714 0.0191074 0.0100724 0.00777449 0.00923719 0.0126046 0.0169774 0.0218341 0.0266891 0.0310186 0.0343226 0.0362274 0.0365681 0.0354191 0.0330603 0.0298948 0.0263465 0.0227739 0.01942 0.0164067 0.0137604 0.0114519 0.00943422
 1.03408e-16 2.07093e-05 0.000121508 0.000577516 0.00222333 0.00693314 0.0175129 0.0358358 0.0594099 0.0798103 0.0869141 0.0768182 0.0553246 0.0329655 0.0172666 0.00976981 0.00834005 0.010409 0.0143635 0.0193893 0.0249587 0.030536 0.0355277 0.0393627 0.041611 0.0420769 0.0408359 0.0381965 0.0346095 0.0305525 0.0264333 0.0225334 0.0190003 0.0158757 0.0131386 0.0107456
 1.0387e-16 2.1773e-05 0.000127758 0.000607236 0.00233778 0.00729004 0.0184143 0.0376798 0.0624651 0.0839089 0.0913622 0.0807132 0.0580505 0.0344311 0.0177447 0.00958495 0.00768105 0.0093163 0.0127983 0.0173041 0.0223452 0.0274526 0.0321102 0.0358168 0.0381858 0.0390269 0.038378 0.036475 0.0336766 0.0303688 0.026885 0.0234605 0.0202276 0.0172387 0.0145018 0.0120113
 1.0373e-16 2.26077e-05 0.000132659 0.000630535 0.00242749 0.0075698 0.0191209 0.0391257 0.0648615 0.0871264 0.0948614 0.0837949 0.060246 0.0356908 0.0183152 0.00976516 0.00767334 0.00921004 0.0126124 0.0170261 0.0219514 0.026917 0.0314089 0.0349322 0.0371103 0.0377662 0.036953 0.0349227 0.0320472 0.0287222 0.0252844 0.0219654 0.0188876 0.0160882 0.0135577 0.0112727
 1.0362e-16 2.19218e-05 0.00012863 0.000611377 0.00235372 0.00733975 0.0185399 0.0379369 0.0628916 0.0844829 0.0919901 0.0812749 0.0584696 0.0347098 0.0179429 0.00977788 0.00793149 0.00966863 0.0132801 0.0179253 0.0230929 0.0282862 0.0329608 0.0365924 0.0387845 0.039354 0.0383638 0.0360892 0.0329338 0.029326 0.0256302 0.022097 0.0188577 0.0159496 0.0133571 0.0110475
pSPR Fmed_Fpbrs
0.675308   0.254687 0.254687
Fs Fmed_Fpbrs
0.206213   1.005 1.005
SSBpbr Bo_Bmed_Bpbrs
1.27798e+06  799132  261587 261587
Ro
53103.6
SPR SPRFo_SPRFmed_SPRFpbrs
1.09444e+06 739084 278740
log_Ro
10.7
likeval ReclasPelacesDesembMPH_pf_preclas_ppelaces_ptallas_desvR_qrecl_qpela
 153.574 62.4573 0.0519384 0.000933955 312.432 214.773 74.6695 0 14.4605 0 0 0 0 0 0
q_reclas_q_pelaces
1 1
M
0.7
N
 76153.2 31571.2 15677.8 7785.36 7679.74
 62086.3 35754.9 14014.9 6959.61 6865.19
 35807.3 28834.9 15530.5 6087.55 6004.96
 43941.8 15395.4 10734 5781.37 4501.54
 71094.7 21095.5 7145.33 4981.89 4772.52
 57318.5 34994 10292.2 3486.11 4759.04
 108822 25211.4 13633.4 4009.76 3212.24
 91824.8 50304.8 10848.9 5866.66 3107.75
 136773 39695.3 18931 4082.72 3377.31
 114425 58662.5 14705 7012.94 2763.55
 68810.2 50507.7 23016.4 5769.56 3835.84
 44891.7 26161.7 14702.4 6699.92 2796.06
 49110.2 17247.5 7776.67 4370.37 2822.72
 29809.3 16833.7 4080.84 1839.99 1701.92
 21514.5 7959.36 2416.79 585.879 508.506
 19019.7 6558.99 1489.69 452.33 204.827
 17269.6 7746.93 2191.26 497.684 219.547
 19537.9 7396.48 2861.7 809.449 264.944
 22150.1 8778.35 3006.79 1163.33 436.758
 36158.4 10090.9 3668.84 1256.66 668.742
 53282.1 16546.8 4255.45 1547.19 811.962
 62375.4 25437 7594.31 1953.08 1082.76
 86094.2 29430.6 11403.7 3404.61 1361
 122565 40130.8 12877 4989.52 2085.13
 161538 57184.1 17591.5 5644.67 3101.2
pred_Ctot
 2995.48 2423.82 1203.63 597.706 589.598
 2902.2 3246.98 1272.73 632.018 623.444
 3484.28 5278.54 2843.03 1114.39 1099.27
 1052.48 726.655 506.641 272.878 212.47
 450.035 266.034 90.1091 62.8262 60.1857
 4742.93 5498.6 1617.21 547.772 747.787
 5431.26 2439.65 1319.27 388.016 310.842
 8618.26 8901.97 1919.83 1038.17 549.949
 13520 7374.58 3517 758.486 627.435
 9206.75 8976.07 2250.04 1073.06 422.856
 11777.5 15496.2 7061.64 1770.15 1176.87
 7414.96 7776.81 4370.45 1991.62 831.158
 11174.5 6772.29 3053.53 1716.04 1108.35
 10267 9217.47 2234.51 1007.51 931.901
 6142.53 3767.19 1143.87 277.298 240.677
 2487.28 1579.03 358.632 108.895 49.3107
 1722.56 1451.42 410.543 93.2434 41.1331
 1345.72 975.989 377.61 106.809 34.9601
 1322.28 1009.79 345.875 133.819 50.2408
 2050.14 1104.58 401.6 137.557 73.2021
 1483.62 905.735 232.934 84.6896 44.4451
 2242.75 1788.89 534.08 137.353 76.1462
 3811.62 2535.26 982.355 293.286 117.241
 5348.39 3408.75 1093.78 423.815 177.113
 5751.73 3983.3 1225.38 393.193 216.021
F
 0.0560608 0.112122 0.112122 0.112122 0.112122
 0.0669389 0.133878 0.133878 0.133878 0.133878
 0.144084 0.288167 0.288167 0.288167 0.288167
 0.033805 0.06761 0.06761 0.06761 0.06761
 0.00883642 0.0176728 0.0176728 0.0176728 0.0176728
 0.121328 0.242656 0.242656 0.242656 0.242656
 0.071617 0.143234 0.143234 0.143234 0.143234
 0.138649 0.277298 0.277298 0.277298 0.277298
 0.146522 0.293045 0.293045 0.293045 0.293045
 0.117796 0.235592 0.235592 0.235592 0.235592
 0.267056 0.534113 0.534113 0.534113 0.534113
 0.256583 0.513167 0.513167 0.513167 0.513167
 0.370683 0.741367 0.741367 0.741367 0.741367
 0.620472 1.24094 1.24094 1.24094 1.24094
 0.487891 0.975782 0.975782 0.975782 0.975782
 0.198179 0.396358 0.396358 0.396358 0.396358
 0.14794 0.29588 0.29588 0.29588 0.29588
 0.100066 0.200132 0.200132 0.200132 0.200132
 0.0862069 0.172414 0.172414 0.172414 0.172414
 0.0817184 0.163437 0.163437 0.163437 0.163437
 0.0393958 0.0787916 0.0787916 0.0787916 0.0787916
 0.0511344 0.102269 0.102269 0.102269 0.102269
 0.0632983 0.126597 0.126597 0.126597 0.126597
 0.0623642 0.124728 0.124728 0.124728 0.124728
 0.0506257 0.101251 0.101251 0.101251 0.101251
nmprior
 10 11 7 0
nm_flota  nm_reclas  nm_pelaces    nm_pelaL
inf 12.5824 13.0057 21.7251
cv_recla  cv_pelaces  cv_mph
1.12095 0.929943 0.991519
 ------------------------------------------------
Talla a la edad & desviación 
 7.2 14.2025 17.0495 18.207 18.6776
 1.08 2.13037 2.55742 2.73105 2.80164
