years
 1997 1998 1999 2000 2001 2002 2003 2004 2005 2006 2007 2008 2009 2010 2011 2012 2013 2014 2015 2016 2017 2018 2019 2020 2021
reclasobs
 0 0 0 370054 412103 1.49427e+06 250295 1.28982e+06 931140 785840 897777 1.04006e+06 184774 17550 25797 100020 73551 82996 120727 218422 84188 347160 605670 569463 516374
reclaspred
 1.07213e+06 160926 215763 116243 260586 271282 593157 470608 645042 996624 857163 558206 353242 153567 95101.6 90214.2 102877 123750 110662 184878 308866 274328 415932 397980 293748
pelacesobs
 0 0 0 0 0 0 0 0 0 2.06254e+06 1.5e+06 0 1.87456e+06 323000 250000 174000 83755 137374 0 501740 490994 745055 786931 1.00524e+06 0
pelacespred
 884002 274664 106503 120418 243687 190935 574924 463035 632447 975277 744515 501458 326869 113094 70089.4 71521 85211.8 104687 94333.1 156754 295033 254135 304142 342201 251794
mphobs
 0 0 0 0 0 112323 0 153150 637223 0 255016 313432 73983 77613 109348 50772 0 0 0 0 0 0 0 0 0
mphpred
 1.22189e+06 515229 276070 135086 169448 378786 449524 563150 580829 808205 1.25707e+06 899620 518481 285244 122508 96266.7 109686 134962 146311 147125 283490 367529 424901 502248 519122
desembarqueobs
 350755 77701 442110 56441 14545 235359 269955 359681 431902 328805 639364 411747 362871 311530 167758 66681 60226 58785 57116 71774 51957 67425 138520 160799 200461
desembarquepred
 350739 77674.9 441587 56423.1 14544.4 235289 269906 359300 431587 328616 638830 411502 362477 311223 167489 66646.4 60217 58756 57083.2 71728 51947.3 67394.9 138463 160747 200441
Reclutas
 14554.2 26579.7 4340.9 22254.9 55679.6 22805.3 57826.4 73351.6 106348 199299 59921.7 29555.7 50140 22538.5 14941.3 15784.4 10925.9 10790 9621.28 29375.3 34308 36331 48096 38165.6 1332.46
log_desv_Rt
 -0.574363 0.0279015 -1.78416 -0.149684 0.76737 -0.125253 0.805201 1.04302 1.41447 2.04256 0.840795 0.134033 0.662575 -0.137022 -0.548117 -0.493222 -0.861108 -0.873623 -0.988268 0.127909 0.283133 0.340426 0.620955 0.38969 -2.96522
SSB
 1.22189e+06 515229 276070 135086 169448 378786 449524 563150 580829 808205 1.25707e+06 899620 518481 285244 122508 96266.7 109686 134962 146311 147125 283490 367529 424901 502248 519122
BT
 1.80954e+06 652624 428386 278033 448276 525065 1.2216e+06 1.22025e+06 1.52409e+06 2.05211e+06 1.888e+06 1.2678e+06 942776 499611 264896 182806 201336 234807 218485 339308 569392 518679 641211 749229 624964
Ftot
 0.211307 0.368833 1.19713 0.555724 0.0795236 0.599149 0.499436 0.885827 0.837477 0.43962 0.537802 0.498013 0.893127 1.51928 1.65642 0.708278 0.536095 0.413898 0.401031 0.468168 0.162941 0.196891 0.261383 0.315951 0.399651
BD_Bspro_t
 0.967948 0.783767 0.566137 0.252243 0.437829 0.684794 0.559926 0.570433 0.538098 0.570493 0.64171 0.484508 0.356897 0.265609 0.152801 0.151052 0.223159 0.335711 0.410085 0.471199 0.654885 0.759019 0.752622 0.723208 0.651706
BD_Bspro
 2.29367 0.967164 0.518226 0.253578 0.318079 0.711039 0.843826 1.05712 1.09031 1.51713 2.35971 1.68873 0.973269 0.535447 0.229966 0.180707 0.205898 0.253344 0.274647 0.276177 0.532154 0.689908 0.797605 0.942798 0.974473
BD_Bo
 1.3442 0.566805 0.303706 0.148609 0.18641 0.416704 0.494523 0.619524 0.638973 0.88911 1.3829 0.989676 0.570383 0.313798 0.134771 0.105903 0.120667 0.148472 0.160957 0.161853 0.311868 0.40432 0.467436 0.552526 0.571089
BD_Brms
 4.49121 1.8938 1.01473 0.496529 0.622828 1.39228 1.65229 2.06994 2.13492 2.97067 4.62052 3.30668 1.90575 1.04845 0.450295 0.353842 0.403168 0.496072 0.537785 0.540779 1.04201 1.3509 1.56178 1.84609 1.90811
S_f
 0.145613 1 1 1 1
 0.145613 1 1 1 1
 0.145613 1 1 1 1
 0.145613 1 1 1 1
 0.145613 1 1 1 1
 0.145613 1 1 1 1
 0.145613 1 1 1 1
 0.145613 1 1 1 1
 0.145613 1 1 1 1
 0.145613 1 1 1 1
 0.145613 1 1 1 1
 0.145613 1 1 1 1
 0.145613 1 1 1 1
 0.145613 1 1 1 1
 0.145613 1 1 1 1
 0.145613 1 1 1 1
 0.145613 1 1 1 1
 0.145613 1 1 1 1
 0.145613 1 1 1 1
 0.145613 1 1 1 1
 0.145613 1 1 1 1
 0.145613 1 1 1 1
 0.145613 1 1 1 1
 0.145613 1 1 1 1
 0.145613 1 1 1 1
Scru_reclas
 0.936815 1 1 1 1
 0.936815 1 1 1 1
 0.936815 1 1 1 1
 0.936815 1 1 1 1
 0.936815 1 1 1 1
 0.936815 1 1 1 1
 0.936815 1 1 1 1
 0.936815 1 1 1 1
 0.936815 1 1 1 1
 0.936815 1 1 1 1
 0.936815 1 1 1 1
 0.936815 1 1 1 1
 0.936815 1 1 1 1
 0.936815 1 1 1 1
 0.936815 1 1 1 1
 0.936815 1 1 1 1
 0.936815 1 1 1 1
 0.936815 1 1 1 1
 0.936815 1 1 1 1
 0.936815 1 1 1 1
 0.936815 1 1 1 1
 0.936815 1 1 1 1
 0.936815 1 1 1 1
 0.936815 1 1 1 1
 0.936815 1 1 1 1
Scru_pelaces
 1 1 1 1 1
 1 1 1 1 1
 1 1 1 1 1
 1 1 1 1 1
 1 1 1 1 1
 1 1 1 1 1
 1 1 1 1 1
 1 1 1 1 1
 1 1 1 1 1
 1 1 1 1 1
 1 1 1 1 1
 1 1 1 1 1
 1 1 1 1 1
 1 1 1 1 1
 1 1 1 1 1
 1 1 1 1 1
 1 1 1 1 1
 1 1 1 1 1
 1 1 1 1 1
 1 1 1 1 1
 1 1 1 1 1
 1 1 1 1 1
 1 1 1 1 1
 1 1 1 1 1
 1 1 1 1 1
pf_obs 
 0.256992 0.487395 0.22802 0.0275931 0
 0.321318 0.546541 0.124235 0.00734118 0.000564706
 0.182869 0.594174 0.210203 0.0122559 0.00049798
 0.330522 0.361315 0.267642 0.0388342 0.00168674
 0.649043 0.306663 0.0425973 0.00169635 0
 0.582887 0.30429 0.105238 0.00758474 0
 0.465427 0.430635 0.0974691 0.00646863 0
 0.296916 0.608066 0.0921331 0.00288517 0
 0.311714 0.524322 0.152257 0.0117073 0
 0.15457 0.633149 0.183074 0.0267441 0.00246327
 0.131901 0.49318 0.331252 0.0422183 0.00144891
 0.196976 0.569456 0.194076 0.0375587 0.00193317
 0.518974 0.381816 0.0799577 0.0180837 0.00116848
 0.0928022 0.601141 0.25162 0.0475244 0.00691264
 0.122501 0.610282 0.24278 0.0234846 0.000952079
 0.383417 0.481906 0.127806 0.00687128 0
 0.0376549 0.599619 0.316969 0.0457579 0
 0.0361596 0.667082 0.258105 0.0386534 0
 0.158088 0.579412 0.248529 0.0139706 0
 0.0477256 0.309471 0.559284 0.082774 0.000745712
 0.0406174 0.521527 0.379366 0.0568643 0.0016247
 0.151134 0.462217 0.34131 0.0453401 0
 0.294876 0.26143 0.354403 0.0886775 0.000613685
 0.281977 0.475581 0.204845 0.0348837 0.00271318
 0 0 0 0 0
pf_pred 
 0.0461256 0.624596 0.290251 0.0390238 3.42346e-06
 0.145173 0.229919 0.409189 0.190151 0.0255678
 0.04199 0.558494 0.107456 0.191241 0.10082
 0.439865 0.201674 0.208972 0.0402071 0.109281
 0.418103 0.510183 0.0258205 0.0267549 0.019139
 0.111672 0.743326 0.127131 0.00643414 0.0114362
 0.342998 0.353527 0.25394 0.0434312 0.00610496
 0.308104 0.568204 0.0665578 0.0478087 0.00932608
 0.348382 0.539439 0.092125 0.0107913 0.00926348
 0.38179 0.52488 0.077262 0.0131948 0.00287238
 0.0873448 0.767091 0.123589 0.0181922 0.00378319
 0.0795185 0.425326 0.41618 0.0670524 0.0119226
 0.238789 0.328601 0.199896 0.195598 0.0371169
 0.158775 0.650081 0.0825134 0.050195 0.0584359
 0.233499 0.570842 0.1512 0.0191916 0.0252662
 0.297018 0.587873 0.0857262 0.0227065 0.00667644
 0.180001 0.660686 0.133226 0.0194276 0.00665886
 0.19428 0.534294 0.218692 0.0440988 0.00863481
 0.177054 0.55141 0.180062 0.0737014 0.0177717
 0.419262 0.37334 0.138966 0.0453792 0.023053
 0.251373 0.645384 0.0663721 0.0247053 0.0121658
 0.196232 0.573779 0.198271 0.0203904 0.0113273
 0.221877 0.504563 0.195284 0.0674807 0.010795
 0.157638 0.581087 0.16942 0.0655714 0.0262831
 0.00737789 0.595565 0.273902 0.079858 0.0432966
pobs_RECLAS
 0 0 0 0 0
 0 0 0 0 0
 0 0 0 0 0
 0 0 0 0 0
 0.835266 0.146461 0.0176864 0.000547809 3.91292e-05
 0.385257 0.428462 0.181853 0.0044286 0
 0.867414 0.0963971 0.0333333 0.00285562 0
 0.441836 0.489002 0.0689373 0.000224442 0
 0.779404 0.147425 0.0564933 0.0165055 0.000172143
 0.814271 0.122319 0.05973 0.00367925 0
 0.40263 0.566651 0.0304383 0.000280538 0
 0.475488 0.404961 0.113038 0.00651328 0
 0.955842 0.0263864 0.0167828 0.000988607 0
 0.975058 0.0227948 0.00214734 0 0
 0.738997 0.206755 0.0527124 0.00153531 0
 0.850938 0.134255 0.0134407 0.00136685 0
 0.542534 0.407297 0.0501686 0 0
 0.764087 0.199537 0.0359546 0.000420521 0
 0.470689 0.182191 0.310203 0.0369168 0
 0.84361 0.089868 0.0606195 0.00523954 0.000663233
 0.607945 0.314616 0.071237 0.00620181 0
 0.523733 0.453247 0.0230204 0 0
 0.530135 0.295979 0.169645 0.0042399 0
 0.562478 0.366248 0.0663022 0.0049721 0
 0.250443 0.683176 0.0655157 0.000865301 0
ppred_RECLAS
 0.239501 0.497974 0.23141 0.0311126 2.72944e-06
 0.52801 0.126949 0.225933 0.104991 0.0141172
 0.240154 0.44297 0.085229 0.151683 0.0799651
 0.840158 0.0575505 0.0596331 0.0114736 0.0311847
 0.822759 0.155397 0.00786473 0.00814933 0.00582959
 0.457958 0.453565 0.077573 0.003926 0.00697815
 0.776616 0.120201 0.0863406 0.0147668 0.00207571
 0.755236 0.201006 0.0235453 0.0169127 0.00329917
 0.786508 0.176738 0.0301832 0.00353558 0.00303503
 0.803595 0.166755 0.0245462 0.00419198 0.000912554
 0.390067 0.512651 0.0825952 0.012158 0.00252832
 0.365166 0.293337 0.28703 0.0462444 0.00822274
 0.685089 0.135941 0.0826964 0.0809181 0.0153551
 0.58818 0.318245 0.0403942 0.0245728 0.0286071
 0.70219 0.22179 0.0587461 0.00745653 0.0098167
 0.741652 0.216045 0.0315046 0.00834471 0.00245361
 0.59459 0.326646 0.0658673 0.00960506 0.00329217
 0.614508 0.25563 0.104632 0.0210988 0.00413127
 0.586923 0.27678 0.090382 0.0369944 0.00892049
 0.827425 0.110943 0.0412957 0.0134851 0.00685053
 0.685537 0.271095 0.0278798 0.0103775 0.00511028
 0.613677 0.275781 0.095297 0.00980046 0.00544436
 0.650764 0.226457 0.0876469 0.0302866 0.004845
 0.551118 0.309653 0.0902813 0.034942 0.0140058
 0.0467849 0.571921 0.263028 0.0766876 0.0415778
pobs_PELACES
 0 0 0 0 0
 0 0 0 0 0
 0 0 0 0 0
 0 0 0 0 0
 0 0 0 0 0
 0 0 0 0 0
 0 0 0 0 0
 0 0 0 0 0
 0 0 0 0 0
 0 0 0 0 0
 0.450072 0.473896 0.0757376 0.000293798 0
 0 0 0 0 0
 0.463077 0.371075 0.160297 0.00555027 0
 0.529543 0.364841 0.0842815 0.0213345 0
 0.631943 0.363953 0.00410389 0 0
 0.735681 0.248677 0.0153453 0.000297389 0
 0.695825 0.281241 0.0229344 0 0
 0.275771 0.60734 0.115278 0.00161068 0
 0 0 0 0 0
 0.896147 0.0623911 0.0374545 0.00400742 0
 0.803859 0.145111 0.0509908 3.86294e-05 0
 0.739449 0.233085 0.0266225 0.000797448 4.60066e-05
 0.878498 0.100942 0.0204185 0.000141795 0
 0.694673 0.275183 0.0284847 0.00165964 0
 0 0 0 0 0
ppred_PELACES
 0.262974 0.482604 0.224267 0.0301524 2.64519e-06
 0.569894 0.115684 0.205884 0.0956746 0.0128644
 0.32103 0.395821 0.0761573 0.135538 0.0714537
 0.867767 0.0476099 0.0493328 0.00949181 0.0257982
 0.835187 0.144501 0.00731326 0.0075779 0.00542083
 0.516402 0.40466 0.0692089 0.00350269 0.00622575
 0.810327 0.102061 0.0733108 0.0125383 0.00176246
 0.808728 0.157078 0.0183997 0.0132166 0.00257816
 0.832771 0.138439 0.0236426 0.00276942 0.00237734
 0.831757 0.142843 0.0210265 0.00359089 0.000781702
 0.442721 0.468396 0.075465 0.0111084 0.00231006
 0.41403 0.270759 0.264936 0.0426849 0.00758982
 0.749199 0.108266 0.065861 0.0644448 0.0122291
 0.700583 0.231383 0.029369 0.0178659 0.0207991
 0.800599 0.148502 0.039334 0.00499258 0.00657285
 0.789105 0.176362 0.0257179 0.00681196 0.00200293
 0.645517 0.285613 0.0575931 0.00839847 0.0028786
 0.65662 0.227704 0.0932017 0.0187939 0.00367996
 0.62939 0.248325 0.0810903 0.0331911 0.00800342
 0.853805 0.0939848 0.0349834 0.0114238 0.00580338
 0.709003 0.250865 0.0257993 0.00960312 0.00472894
 0.64189 0.255641 0.0883374 0.00908473 0.00504676
 0.68165 0.20643 0.0798955 0.0276081 0.00441652
 0.588929 0.283569 0.0826765 0.0319987 0.0128261
 0.0553923 0.566757 0.260653 0.0759951 0.0412023
pobs_pel_tallas
 0 0 0 0 0 0 0 0 0 0 0 0 0 0 0 0 0 0 0 0 0 0 0 0 0 0 0 0 0 0 0 0 0 0 0 0
 0 0 0 0 0 0 0 0 0 0 0 0 0 0 0 0 0 0 0 0 0 0 0 0 0 0 0 0 0 0 0 0 0 0 0 0
 0 0 0 0 0 0 0 0 0 0 0 0 0 0 0 0 0 0 0 0 0 0 0 0 0 0 0 0 0 0 0 0 0 0 0 0
 0 0 0 0 0 0 0 0 0 0 0 0 0 0 0 0 0 0 0 0 0 0 0 0 0 0 0 0 0 0 0 0 0 0 0 0
 0 0 0 0 0 0 0 0 0 0 0 0 0 0 0 0 0 0 0 0 0 0 0 0 0 0 0 0 0 0 0 0 0 0 0 0
 0 0 0 0 0 0 0 0 0 0 0 0 0 0 0 0 0 0 0 0 0 0 0 0 0 0 0 0 0 0 0 0 0 0 0 0
 0 0 0 0 0 0 0 0 0 0 0 0 0 0 0 0 0 0 0 0 0 0 0 0 0 0 0 0 0 0 0 0 0 0 0 0
 0 0 0 0 0 0 0 0 0 0 0 0 0 0 0 0 0 0 0 0 0 0 0 0 0 0 0 0 0 0 0 0 0 0 0 0
 0 0 0 0 0 0 0 0 0 0 0 0 0 0 0 0 0 0 0 0 0 0 0 0 0 0 0 0 0 0 0 0 0 0 0 0
 0 0 0 0 0 0 0 0 0 0 0 0 0 0 0 0 0 0 0 0 0 0 0 0 0 0 0 0 0 0 0 0 0 0 0 0
 0 0 0 0 0 0 0 0 1.78061e-05 0.00172719 0.00360574 0.0105946 0.0120993 0.0124554 0.0147524 0.0171206 0.0266825 0.0428682 0.0675386 0.121331 0.153587 0.119568 0.100827 0.0573624 0.0630603 0.0341343 0.0324427 0.0444173 0.0211091 0.0280891 0.0125444 0.00206551 0 0 0 0
 0 0 0 0 0 0 0 0 0 0 0 0 0 0 0 0 0 0 0 0 0 0 0 0 0 0 0 0 0 0 0 0 0 0 0 0
 0 0 0 0 0 0 0.0133647 0.0140871 0.0187388 0.0205184 0.03894 0.0496705 0.03968 0.0493445 0.0407372 0.0367815 0.0215668 0.0243155 0.0234873 0.0199281 0.019796 0.0243948 0.0301388 0.0376714 0.0412746 0.0863199 0.0771752 0.113111 0.0741005 0.0525337 0.0229764 0.00759418 0.00175318 0 0 0
 0 0 0 0 0 0 0 0 0 0 0.00219441 0.00772107 0.0458388 0.0604681 0.0671733 0.0775358 0.0609151 0.0617685 0.073594 0.0568108 0.0755445 0.0548602 0.0670107 0.0636378 0.0643287 0.046367 0.0373049 0.0286899 0.0247887 0.0153202 0.00654259 0.00121912 0.000365735 0 0 0
 0 0 0 0 0 0 0 0 0 0 0 0 0.000112435 0.00938835 0.0111873 0.0202946 0.0414886 0.0713402 0.111592 0.104902 0.108894 0.110636 0.117776 0.105296 0.107544 0.0401394 0.0192827 0.0124803 0.00416011 0.0028671 0.000618394 0 0 0 0 0
 0 0 0 0 0 0 0 0 0 0 0.00291406 0.0102884 0.027416 0.0768956 0.0749926 0.110853 0.0956884 0.0897413 0.0766577 0.0534642 0.0500743 0.0551293 0.0594112 0.0620874 0.0668451 0.0424026 0.0208742 0.0120726 0.0048766 0.00582813 0.00118941 0.000297354 0 0 0 0
 0 0.00264628 0.0354308 0.0461629 0.0458689 0.0383711 0.0214643 0.0164657 0.0346957 0.0420465 0.0363128 0.0245516 0.0311673 0.0291091 0.0169068 0.0133784 0.00837989 0.0085269 0.0148486 0.0160247 0.0276389 0.0546898 0.0760071 0.122758 0.109233 0.0665981 0.0333725 0.0166128 0.00676272 0.00308733 0.000882094 0 0 0 0 0
 0 0 0 0 0 0 0 0.000805153 0.000690131 0.00759144 0.0133425 0.0154129 0.00931677 0.000345066 0.00356568 0.00563607 0.00851162 0.0253048 0.0502646 0.0516448 0.0657925 0.0565908 0.0611916 0.0827007 0.0866115 0.110766 0.145733 0.0935128 0.0569358 0.0249597 0.0138026 0.00621118 0.00161031 0.00115022 0 0
 0 0 0 0 0 0 0 0 0 0 0 0 0 0 0 0 0 0 0 0 0 0 0 0 0 0 0 0 0 0 0 0 0 0 0 0
 0.00147267 0.00158595 0.00478618 0.00569244 0.00954404 0.0108468 0.00647125 0.017049 0.0510054 0.094081 0.124002 0.0959785 0.0687766 0.0820023 0.061753 0.0591476 0.0492212 0.0479892 0.0443925 0.0268479 0.0217502 0.0140895 0.0121071 0.0120363 0.00920419 0.00665534 0.0049561 0.00860946 0.00930331 0.0156896 0.0114698 0.00855282 0.00243557 0.00046729 0 2.83206e-05
 0 0 0 0 0.000772559 0.00158375 0.000888443 0.00281984 0.00712685 0.0440552 0.0773331 0.111326 0.0921469 0.0852325 0.0710754 0.0886704 0.0786465 0.0553345 0.0373146 0.0185414 0.00753245 0.00457741 0.012979 0.0271748 0.0457355 0.0583668 0.034881 0.0177882 0.00938659 0.00492506 0.0015258 0.00185414 0.000309023 5.79419e-05 3.86279e-05 0
 0 0.00173294 0.00326652 0 0.00397197 0.00683976 0.00946217 0.0152591 0.00757587 0.0136028 0.0228656 0.0392903 0.0559909 0.0764795 0.0681675 0.0726916 0.0566044 0.0477403 0.0527397 0.0444891 0.0609904 0.0582453 0.0661739 0.0445044 0.0529084 0.0360697 0.0280645 0.0235558 0.0158879 0.00826598 0.00280645 0.00217768 0.000904811 0.00058276 9.20147e-05 0
 0 0 0 0 0 0 0 0 0 0 0 0 0 0 0 0 0 0 0 0 0 0 0 0 0 0 0 0 0 0 0 0 0 0 0 0
 0 0 0 0 0 0 0 0 0 0 0 0 0 0 0 0 0 0 0 0 0 0 0 0 0 0 0 0 0 0 0 0 0 0 0 0
 0 0 0 0 0 0 0 0 0 0 0 0 0 0 0 0 0 0 0 0 0 0 0 0 0 0 0 0 0 0 0 0 0 0 0 0
ppred_pel_tallas
 1.04377e-16 1.14996e-05 6.74286e-05 0.00032039 0.00123329 0.0038457 0.0097144 0.0198805 0.0329674 0.0443145 0.0483292 0.0428826 0.0312487 0.0193522 0.0114803 0.0086252 0.00974304 0.0135183 0.0190899 0.025923 0.0335002 0.0411679 0.0481572 0.0537094 0.0572328 0.0584265 0.0573322 0.054293 0.0498435 0.0445713 0.0389967 0.0335034 0.0283261 0.0235795 0.0193042 0.0155085
 1.06849e-16 2.48677e-05 0.000145945 0.000693743 0.00267092 0.00832899 0.0210383 0.0430473 0.071356 0.0958301 0.104285 0.0919931 0.0658664 0.0384719 0.0187371 0.00838228 0.0047199 0.00459267 0.00609252 0.00841795 0.0112762 0.0145036 0.0179299 0.0213599 0.0245936 0.0274494 0.0297803 0.0314772 0.0324657 0.0327009 0.0321665 0.0308807 0.0289041 0.0263448 0.023355 0.0201176
 1.09206e-16 1.4027e-05 8.2276e-05 0.000390997 0.00150519 0.00469362 0.0118561 0.0242617 0.0402266 0.0540538 0.0589018 0.0521474 0.0377475 0.0228756 0.0126858 0.00829424 0.00833106 0.0111184 0.0155889 0.0211593 0.0273728 0.0337049 0.0395553 0.0443419 0.0476241 0.0491963 0.0491202 0.0476801 0.0452841 0.0423463 0.039192 0.036012 0.0328706 0.0297492 0.0266039 0.0234118
 1.02248e-16 3.78533e-05 0.000222189 0.00105623 0.00406662 0.0126814 0.0320321 0.0655408 0.108637 0.145882 0.158713 0.13991 0.0999649 0.0579623 0.0274246 0.0108808 0.00413522 0.0022793 0.00232959 0.00303404 0.00398098 0.00502915 0.00609391 0.00709877 0.00797659 0.00867841 0.00917836 0.00947151 0.00956704 0.00947986 0.00922461 0.00881403 0.00826129 0.00758396 0.00680721 0.00596442
 1.00665e-16 3.64365e-05 0.000213863 0.00101663 0.0039141 0.0122058 0.0308308 0.0630835 0.104566 0.140425 0.152797 0.134747 0.0963896 0.056118 0.0269804 0.0114483 0.00551753 0.00448156 0.00545548 0.00717653 0.0091416 0.0110672 0.0127077 0.0138437 0.014321 0.0140859 0.0131977 0.0118109 0.0101348 0.00838388 0.00673462 0.00530098 0.00413056 0.00321734 0.00252259 0.00199554
 1.01526e-16 2.25468e-05 0.000132293 0.000628781 0.00242071 0.00754863 0.0190676 0.039017 0.0646837 0.0868944 0.0946269 0.0836307 0.0602211 0.0358628 0.0187449 0.0105391 0.00891076 0.0110497 0.015182 0.0204012 0.0261122 0.0317137 0.036549 0.0399982 0.0416109 0.0412107 0.0389338 0.0351835 0.0305222 0.0255375 0.0207256 0.0164223 0.0127902 0.00984972 0.00753083 0.0057248
 1.01588e-16 3.5351e-05 0.000207493 0.000986352 0.00379755 0.0118423 0.0299127 0.0612047 0.101451 0.136239 0.148235 0.130708 0.0934636 0.054342 0.0259928 0.0108045 0.00488597 0.00367276 0.00438174 0.00582138 0.00755506 0.00937138 0.0110955 0.0125618 0.0136352 0.014235 0.0143467 0.0140156 0.013327 0.0123811 0.0112711 0.010072 0.00883815 0.00760886 0.0064154 0.00528594
 1.00888e-16 3.52833e-05 0.000207091 0.00098443 0.00379013 0.0118192 0.0298543 0.0610856 0.101255 0.13598 0.147965 0.130497 0.0933722 0.0544081 0.0262462 0.0112888 0.00566759 0.0048324 0.0059926 0.00792117 0.0101179 0.0122872 0.0141642 0.0155094 0.0161507 0.0160227 0.0151805 0.0137812 0.012042 0.0101868 0.00840239 0.00681131 0.00546878 0.0043756 0.00349972 0.00279702
 1.00588e-16 3.6331e-05 0.000213244 0.00101368 0.00390277 0.0121705 0.0307416 0.0629009 0.104263 0.140018 0.152353 0.134354 0.096103 0.0559413 0.0268772 0.0113741 0.00543883 0.00437891 0.00532045 0.00700944 0.0089516 0.010873 0.0125366 0.0137289 0.0142954 0.0141756 0.0134154 0.0121518 0.010576 0.00888763 0.00725493 0.00579157 0.00455239 0.00354401 0.00274271 0.00211206
 1.00506e-16 3.6287e-05 0.000212985 0.00101245 0.00389803 0.0121557 0.0307042 0.0628244 0.104137 0.139848 0.15217 0.134194 0.0959941 0.0558883 0.0268711 0.0114047 0.00550203 0.00447726 0.00545919 0.00719254 0.00917857 0.0111368 0.0128228 0.0140167 0.0145604 0.0143932 0.0135655 0.0122219 0.0105629 0.00879755 0.00710153 0.00559307 0.00432836 0.00331263 0.00251892 0.00190665
 1.01714e-16 1.93365e-05 0.00011344 0.000539138 0.00207554 0.00647222 0.0163487 0.0334546 0.0554657 0.0745223 0.0811831 0.0718188 0.051867 0.0311916 0.0168599 0.0103594 0.00974229 0.0126369 0.0175249 0.0235797 0.0301805 0.0366474 0.0422233 0.0461919 0.0480331 0.0475448 0.0448865 0.0405272 0.03512 0.029346 0.0237797 0.018809 0.0146209 0.0112369 0.00857389 0.00650429
 1.05671e-16 1.80779e-05 0.000106068 0.000504129 0.00194081 0.00605211 0.0152873 0.0312815 0.0518587 0.0696633 0.0758565 0.0670276 0.048236 0.0286685 0.0148872 0.00823336 0.00684647 0.00850302 0.0118354 0.0162 0.021227 0.026551 0.031746 0.036368 0.0400324 0.0424807 0.0436142 0.0434837 0.0422463 0.0401093 0.0372826 0.0339534 0.0302838 0.0264207 0.0225075 0.018687
 1.03757e-16 3.26857e-05 0.000191845 0.000911958 0.00351111 0.0109491 0.0276565 0.0565883 0.0937997 0.125965 0.137061 0.120865 0.0864473 0.0503069 0.024147 0.0101851 0.00483461 0.00388627 0.00477601 0.00640742 0.00837675 0.0104828 0.0125537 0.0144231 0.0159522 0.0170529 0.0176976 0.0179115 0.017752 0.0172847 0.0165647 0.0156302 0.0145065 0.0132167 0.0117923 0.0102791
 1.02079e-16 3.05707e-05 0.000179417 0.00085285 0.00328349 0.0102392 0.0258636 0.0529208 0.0877242 0.117817 0.128225 0.113143 0.0810757 0.0474869 0.0233644 0.0108331 0.00658579 0.00671233 0.00880034 0.0117517 0.0150509 0.0183174 0.0211741 0.0232715 0.024357 0.0243319 0.0232723 0.0214016 0.0190284 0.0164703 0.0139885 0.0117519 0.00983245 0.0082262 0.00688566 0.00575048
 1.01086e-16 3.49286e-05 0.000205009 0.000974534 0.00375203 0.0117004 0.0295542 0.0604715 0.100237 0.134612 0.146476 0.129181 0.0924248 0.0538447 0.0259539 0.0111292 0.00554089 0.00468612 0.00580639 0.00769442 0.00986553 0.0120391 0.0139643 0.015411 0.0162086 0.016283 0.0156707 0.0145034 0.0129702 0.0112711 0.00957611 0.00800224 0.00660956 0.00541224 0.00439648 0.00353747
 1.00751e-16 3.44285e-05 0.000202071 0.000960559 0.00369821 0.0115325 0.0291303 0.0596044 0.0988006 0.132686 0.144386 0.127354 0.0911522 0.053173 0.0257601 0.0112676 0.00593146 0.00531894 0.0067075 0.00889015 0.0113573 0.0137881 0.0158863 0.0173813 0.0180781 0.0179017 0.0169131 0.0152893 0.0132759 0.0111283 0.0090608 0.00721709 0.00566477 0.00440942 0.00341786 0.00264111
 1.01334e-16 2.81719e-05 0.000165329 0.00078586 0.00302554 0.00943482 0.0238318 0.048764 0.0808359 0.108573 0.118182 0.104322 0.0748472 0.0440239 0.0220054 0.0107829 0.00734177 0.00810265 0.010845 0.0145275 0.0186085 0.0226364 0.0261435 0.0286904 0.0299557 0.0298085 0.0283362 0.0258127 0.0226244 0.019176 0.015811 0.0127631 0.0101486 0.00798724 0.00623818 0.00483504
 1.02215e-16 2.86538e-05 0.000168163 0.000799346 0.00307748 0.00959681 0.0242409 0.0496007 0.0822211 0.110428 0.120187 0.106061 0.0760236 0.044574 0.022019 0.0103608 0.00651283 0.00682434 0.00904713 0.0121608 0.015684 0.0192523 0.0224941 0.0250528 0.0266541 0.0271627 0.0266058 0.0251522 0.0230595 0.0206073 0.0180396 0.015532 0.0131869 0.0110481 0.00912476 0.00741236
 1.02747e-16 2.74672e-05 0.000161195 0.000766215 0.00294991 0.00919899 0.023236 0.0475448 0.0788141 0.105855 0.115217 0.101692 0.0729291 0.0428345 0.0212987 0.0102543 0.00675581 0.00731288 0.0097712 0.0131409 0.0169343 0.0207636 0.0242276 0.0269431 0.0286188 0.029117 0.0284781 0.0268955 0.0246564 0.0220666 0.0193872 0.016799 0.014399 0.0122184 0.010252 0.00848324
 1.01192e-16 3.72464e-05 0.000218622 0.00103926 0.00400126 0.0124776 0.0315174 0.0644879 0.106893 0.143544 0.15618 0.137702 0.0984421 0.0571895 0.0272654 0.0111761 0.00481022 0.00334682 0.00384439 0.00504362 0.00648819 0.0079679 0.00931958 0.0103961 0.0110857 0.0113336 0.0111515 0.0106083 0.00980813 0.00886259 0.00786749 0.00688979 0.00596626 0.00511058 0.00432382 0.00360358
 1.00999e-16 3.09387e-05 0.000181576 0.000863108 0.00332298 0.0103624 0.0261746 0.0535574 0.0887799 0.119237 0.129773 0.114517 0.0820786 0.0481105 0.0237382 0.0111176 0.00690612 0.007148 0.00939714 0.0125294 0.0160011 0.0193981 0.0223068 0.0243453 0.0252409 0.0248931 0.023397 0.0210132 0.0180992 0.0150245 0.0120968 0.00951954 0.00738405 0.00569064 0.00438291 0.00338185
 1.01886e-16 2.80126e-05 0.000164396 0.000781432 0.0030085 0.00938169 0.0236975 0.0484892 0.0803795 0.107958 0.117506 0.103713 0.07438 0.0436896 0.0217292 0.0104696 0.00690626 0.00747796 0.00998454 0.0134115 0.0172544 0.0211094 0.0245583 0.0272026 0.0287407 0.0290328 0.0281265 0.0262326 0.0236623 0.0207497 0.0177842 0.0149706 0.0124232 0.0101818 0.00824076 0.00657488
 1.02357e-16 2.97443e-05 0.000174567 0.000829797 0.00319474 0.00996247 0.0251645 0.0514902 0.0853524 0.114631 0.124754 0.110073 0.0788609 0.0461597 0.0226571 0.0104177 0.00622292 0.0062724 0.00823027 0.0110482 0.0142531 0.0175072 0.0204741 0.0228324 0.0243349 0.0248599 0.0244313 0.0231999 0.021395 0.0192636 0.0170198 0.0148151 0.0127356 0.0108161 0.00906309 0.00747346
 1.02965e-16 2.57043e-05 0.000150842 0.00071699 0.00276037 0.0086079 0.021743 0.0444904 0.0737523 0.0990612 0.107835 0.0952055 0.0683417 0.0402695 0.0202636 0.0101556 0.00721207 0.0081833 0.0110551 0.0148809 0.0191586 0.023457 0.0273197 0.030311 0.0321025 0.0325439 0.0316903 0.0297736 0.0271321 0.0241239 0.0210528 0.018127 0.0154538 0.0130619 0.0109357 0.00904521
 1.08422e-16 2.45146e-06 1.43003e-05 6.77948e-05 0.000260709 0.000812716 0.00205347 0.00420628 0.00698992 0.00944042 0.0104133 0.00951889 0.00754252 0.0058743 0.00560904 0.00718529 0.0106173 0.0158101 0.0226394 0.030856 0.0399813 0.0492916 0.0579049 0.0649425 0.069713 0.071855 0.071395 0.0686977 0.0643393 0.0589486 0.0530728 0.0471041 0.0412741 0.0356935 0.0304111 0.0254614
pSPR Fmed_Fpbrs
0.530207   0.349296 0.349296
Fs Fmed_Fpbrs
0.473325   1.005 1.005
SSBpbr Bo_Bmed_Bpbrs
909005  436511  272061 272061
Ro
25848.3
SPR SPRFo_SPRFmed_SPRFpbrs
532721 282453 186077
log_Ro
9.98
likeval ReclasPelacesDesembMPH_pf_preclas_ppelaces_ptallas_desvR_qrecl_qpela
 90.4554 69.5553 0.0564498 0.000637285 302.283 193.118 70.8217 0 35.8334 1.23238e-05 0 0 0 0 0
q_reclas_q_pelaces
0.608076 1
M
0.7
N
 14554.2 31027.4 14418.5 1938.54 0.170064
 26579.7 7008.42 12472.9 5796.21 779.359
 4340.9 12508.9 2406.76 4283.32 2258.11
 22254.9 1810.79 1876.32 361.011 981.209
 55679.6 10192.4 515.84 534.507 382.358
 22805.3 27331.4 4674.47 236.577 420.496
 57826.4 10378.6 7455 1275.03 179.226
 73351.6 26701.5 3127.74 2246.67 438.26
 106348 32017.3 5467.9 640.494 549.816
 199299 46747.8 6881.25 1175.18 255.825
 59921.7 92832.1 14956.5 2201.59 457.835
 29555.7 27514.9 26923.2 4337.71 771.289
 50140 13650.3 8303.82 8125.25 1541.86
 22538.5 21862.4 2774.95 1688.07 1965.22
 14941.3 8970.99 2376.17 301.602 397.067
 15784.4 5829.51 850.084 225.164 66.2053
 10925.9 7070.2 1425.69 207.9 71.2584
 10790 5018.21 2054.01 414.186 81.1001
 9621.28 5044.77 1647.36 674.284 162.591
 29375.3 4506.77 1677.53 547.795 278.284
 34308 13626 1401.32 521.604 256.858
 36331 16637.4 5749.09 591.244 328.448
 48096 17531.5 6785.31 2344.68 375.083
 38165.6 22991.8 6703.42 2594.46 1039.94
 1332.46 18100.3 8324.38 2427.03 1315.86
pred_Ctot
 317.716 4302.26 1999.27 268.799 0.0235811
 1002.64 1587.94 2826.07 1313.28 176.584
 504.44 6709.37 1290.91 2297.44 1211.18
 1249.94 573.086 593.824 114.254 310.536
 461.316 562.912 28.4892 29.5202 21.1171
 1377.14 9166.69 1567.78 79.3458 141.031
 2929.29 3019.21 2168.71 370.913 52.1379
 6431.48 11860.9 1389.35 997.978 194.676
 8842.49 13691.8 2338.28 273.9 235.122
 8920.53 12263.8 1805.23 308.296 67.113
 3260.66 28636.2 4613.68 679.131 141.23
 1493.06 7986.04 7814.31 1258.99 223.862
 4430.48 6096.85 3708.87 3629.11 688.666
 3258.13 13339.9 1693.21 1030.02 1199.13
 2335.03 5708.5 1512.03 191.918 252.665
 1119.03 2214.85 322.979 85.5483 25.1539
 592.713 2175.52 438.689 63.9715 21.9264
 455.443 1252.53 512.673 103.379 20.2423
 393.808 1226.46 400.498 163.928 39.5282
 1397.66 1244.58 463.261 151.277 76.8502
 579.304 1487.33 152.959 56.9349 28.0369
 739.674 2162.79 747.357 76.8592 42.6969
 1294.59 2943.97 1139.42 393.73 62.9856
 1237.43 4561.43 1329.92 514.724 206.317
 54.3562 4387.79 2017.96 588.349 318.985
F
 0.030769 0.211307 0.211307 0.211307 0.211307
 0.0537067 0.368833 0.368833 0.368833 0.368833
 0.174317 1.19713 1.19713 1.19713 1.19713
 0.0809206 0.555724 0.555724 0.555724 0.555724
 0.0115797 0.0795236 0.0795236 0.0795236 0.0795236
 0.0872438 0.599149 0.599149 0.599149 0.599149
 0.0727242 0.499436 0.499436 0.499436 0.499436
 0.128988 0.885827 0.885827 0.885827 0.885827
 0.121947 0.837477 0.837477 0.837477 0.837477
 0.0640143 0.43962 0.43962 0.43962 0.43962
 0.0783109 0.537802 0.537802 0.537802 0.537802
 0.0725171 0.498013 0.498013 0.498013 0.498013
 0.130051 0.893127 0.893127 0.893127 0.893127
 0.221226 1.51928 1.51928 1.51928 1.51928
 0.241195 1.65642 1.65642 1.65642 1.65642
 0.103134 0.708278 0.708278 0.708278 0.708278
 0.0780622 0.536095 0.536095 0.536095 0.536095
 0.0602688 0.413898 0.413898 0.413898 0.413898
 0.0583952 0.401031 0.401031 0.401031 0.401031
 0.0681712 0.468168 0.468168 0.468168 0.468168
 0.0237263 0.162941 0.162941 0.162941 0.162941
 0.0286699 0.196891 0.196891 0.196891 0.196891
 0.0380607 0.261383 0.261383 0.261383 0.261383
 0.0460064 0.315951 0.315951 0.315951 0.315951
 0.0581943 0.399651 0.399651 0.399651 0.399651
nmprior
 10 11 7 0
nm_flota  nm_reclas  nm_pelaces    nm_pelaL
inf 31.8668 25.0867 47.7894
cv_recla  cv_pelaces  cv_mph
0.860285 0.981363 0.81904
 ------------------------------------------------
Talla a la edad & desviación 
 7.2 14.2025 17.0495 18.207 18.6776
 1.08 2.13037 2.55742 2.73105 2.80164
