years
 1997 1998 1999 2000 2001 2002 2003 2004 2005 2006 2007 2008 2009 2010 2011 2012 2013 2014 2015 2016 2017 2018 2019 2020 2021
reclasobs
 0 0 0 370054 412103 1.49427e+06 250295 1.28982e+06 931140 785840 897777 1.04006e+06 184774 17550 25797 100020 73551 82996 120727 218422 84188 347160 605670 569463 516374
reclaspred
 743822 166719 370314 201958 324782 398806 864480 626449 721460 839743 753790 514255 313583 126702 72091.6 70096.5 83060.1 106090 112665 150211 234473 227598 370944 419913 425593
pelacesobs
 0 0 0 0 0 0 0 0 0 2.06254e+06 1.5e+06 0 1.87456e+06 323000 250000 174000 83755 137374 0 501740 490994 745055 786931 1.00524e+06 0
pelacespred
 2.4117e+06 542819 607981 582630 878137 727099 2.29628e+06 1.7582e+06 1.96125e+06 2.292e+06 1.65256e+06 1.17169e+06 761570 243633 151013 147825 180618 237645 241637 332950 611002 527734 670376 913496 840300
mphobs
 0 0 0 0 0 112323 0 153150 637223 0 255016 313432 73983 77613 109348 50772 0 0 0 0 0 0 0 0 0
mphpred
 269501 134269 129895 99415.1 103861 184565 244190 326005 291031 331053 391942 262803 161603 87521.9 37750.8 29731.7 32920.7 40818.5 48304.8 54018.4 82999.8 104591 127334 164341 211415
desembarqueobs
 350755 77701 442110 56441 14545 235359 269955 359681 431902 328805 639364 411747 362871 311530 167758 66681 60226 58785 57116 71774 51957 67425 138520 160799 200461
desembarquepred
 350745 77686.7 441927 56439.6 14545 235401 269988 359520 431798 328723 638912 411558 362695 311371 167447 66651.2 60232.7 58753.2 57082.4 71753.4 51954.1 67399.3 138497 160789 200451
Reclutas
 31619.9 42775.6 15148.4 22369.9 48081 30171.2 67657.8 67272.7 89352.3 123278 61490.4 45971.6 51619.3 27155.9 14172.3 12459.6 8735.66 9568.3 10550.3 16572 22022.4 27521.7 38818.3 45103.3 11358.1
log_desv_Rt
 0.0815417 0.383722 -0.654348 -0.264528 0.500643 0.0346427 0.842218 0.83651 1.12034 1.44219 0.746637 0.45578 0.571651 -0.0706486 -0.720953 -0.849752 -1.20483 -1.11379 -1.01609 -0.564529 -0.280184 -0.0572694 0.286647 0.43671 -0.942316
SSB
 542488 270275 261470 200117 209066 371518 491540 656228 585827 666389 788955 529006 325297 176176 75990 59848.1 66267.3 82165.2 97234.7 108736 167074 210535 256316 330808 425566
BT
 1.51827e+06 400577 545347 350986 457755 536689 1.38341e+06 1.28316e+06 1.40642e+06 1.48297e+06 1.38619e+06 959678 740798 410510 213829 129948 139507 167758 167795 225653 351882 320380 424395 585434 563547
Ftot
 0.573093 0.632472 1.22223 0.357928 0.0669144 0.62146 0.445761 0.75584 0.845612 0.561073 0.933469 0.918166 1.50997 2.67736 2.88923 1.2262 0.921061 0.712828 0.603093 0.635423 0.289233 0.35072 0.433342 0.470821 0.463797
BD_Bspro_t
 0.927122 0.659767 0.549272 0.317106 0.449954 0.647458 0.569982 0.6031 0.536598 0.520985 0.529125 0.360753 0.260116 0.177268 0.0950804 0.0921124 0.137017 0.219834 0.300444 0.38181 0.517052 0.636482 0.643488 0.630944 0.601729
BD_Bspro
 0.903182 0.449977 0.435317 0.333171 0.348071 0.618535 0.818358 1.09255 0.975336 1.10946 1.31352 0.880735 0.541583 0.293313 0.126515 0.0996404 0.110328 0.136796 0.161885 0.181033 0.278159 0.350517 0.426738 0.550758 0.708519
BD_Bo
 0.679082 0.338328 0.327305 0.250504 0.261707 0.465062 0.615305 0.82146 0.733334 0.83418 0.987607 0.662205 0.407204 0.220536 0.0951236 0.0749174 0.0829528 0.102854 0.121717 0.136114 0.209141 0.263546 0.320854 0.414103 0.53272
BD_Brms
 2.25894 1.12543 1.08877 0.833291 0.870555 1.54701 2.04679 2.73255 2.4394 2.77486 3.28523 2.2028 1.35455 0.733602 0.316425 0.249209 0.275939 0.342138 0.404888 0.452778 0.695699 0.876674 1.06731 1.37749 1.77207
S_f
 0.141434 1 1 1 1
 0.141434 1 1 1 1
 0.141434 1 1 1 1
 0.141434 1 1 1 1
 0.141434 1 1 1 1
 0.141434 1 1 1 1
 0.141434 1 1 1 1
 0.141434 1 1 1 1
 0.141434 1 1 1 1
 0.141434 1 1 1 1
 0.141434 1 1 1 1
 0.141434 1 1 1 1
 0.141434 1 1 1 1
 0.141434 1 1 1 1
 0.141434 1 1 1 1
 0.141434 1 1 1 1
 0.141434 1 1 1 1
 0.141434 1 1 1 1
 0.141434 1 1 1 1
 0.141434 1 1 1 1
 0.141434 1 1 1 1
 0.141434 1 1 1 1
 0.141434 1 1 1 1
 0.141434 1 1 1 1
 0.141434 1 1 1 1
Scru_reclas
 0.519798 0.851786 0.968266 0.993865 0.998839
 0.519798 0.851786 0.968266 0.993865 0.998839
 0.519798 0.851786 0.968266 0.993865 0.998839
 0.519798 0.851786 0.968266 0.993865 0.998839
 0.519798 0.851786 0.968266 0.993865 0.998839
 0.519798 0.851786 0.968266 0.993865 0.998839
 0.519798 0.851786 0.968266 0.993865 0.998839
 0.519798 0.851786 0.968266 0.993865 0.998839
 0.519798 0.851786 0.968266 0.993865 0.998839
 0.519798 0.851786 0.968266 0.993865 0.998839
 0.519798 0.851786 0.968266 0.993865 0.998839
 0.519798 0.851786 0.968266 0.993865 0.998839
 0.519798 0.851786 0.968266 0.993865 0.998839
 0.519798 0.851786 0.968266 0.993865 0.998839
 0.519798 0.851786 0.968266 0.993865 0.998839
 0.519798 0.851786 0.968266 0.993865 0.998839
 0.519798 0.851786 0.968266 0.993865 0.998839
 0.519798 0.851786 0.968266 0.993865 0.998839
 0.519798 0.851786 0.968266 0.993865 0.998839
 0.519798 0.851786 0.968266 0.993865 0.998839
 0.519798 0.851786 0.968266 0.993865 0.998839
 0.519798 0.851786 0.968266 0.993865 0.998839
 0.519798 0.851786 0.968266 0.993865 0.998839
 0.519798 0.851786 0.968266 0.993865 0.998839
 0.519798 0.851786 0.968266 0.993865 0.998839
Scru_pelaces
 0.858031 1 1 1 1
 0.858031 1 1 1 1
 0.858031 1 1 1 1
 0.858031 1 1 1 1
 0.858031 1 1 1 1
 0.858031 1 1 1 1
 0.858031 1 1 1 1
 0.858031 1 1 1 1
 0.858031 1 1 1 1
 0.858031 1 1 1 1
 0.858031 1 1 1 1
 0.858031 1 1 1 1
 0.858031 1 1 1 1
 0.858031 1 1 1 1
 0.858031 1 1 1 1
 0.858031 1 1 1 1
 0.858031 1 1 1 1
 0.858031 1 1 1 1
 0.858031 1 1 1 1
 0.858031 1 1 1 1
 0.858031 1 1 1 1
 0.858031 1 1 1 1
 0.858031 1 1 1 1
 0.858031 1 1 1 1
 0.858031 1 1 1 1
pf_obs 
 0.256992 0.487395 0.22802 0.0275931 0
 0.321318 0.546541 0.124235 0.00734118 0.000564706
 0.182869 0.594174 0.210203 0.0122559 0.00049798
 0.330522 0.361315 0.267642 0.0388342 0.00168674
 0.649043 0.306663 0.0425973 0.00169635 0
 0.582887 0.30429 0.105238 0.00758474 0
 0.465427 0.430635 0.0974691 0.00646863 0
 0.296916 0.608066 0.0921331 0.00288517 0
 0.311714 0.524322 0.152257 0.0117073 0
 0.15457 0.633149 0.183074 0.0267441 0.00246327
 0.131901 0.49318 0.331252 0.0422183 0.00144891
 0.196976 0.569456 0.194076 0.0375587 0.00193317
 0.518974 0.381816 0.0799577 0.0180837 0.00116848
 0.0928022 0.601141 0.25162 0.0475244 0.00691264
 0.122501 0.610282 0.24278 0.0234846 0.000952079
 0.383417 0.481906 0.127806 0.00687128 0
 0.0376549 0.599619 0.316969 0.0457579 0
 0.0361596 0.667082 0.258105 0.0386534 0
 0.158088 0.579412 0.248529 0.0139706 0
 0.0477256 0.309471 0.559284 0.082774 0.000745712
 0.0406174 0.521527 0.379366 0.0568643 0.0016247
 0.151134 0.462217 0.34131 0.0453401 0
 0.294876 0.26143 0.354403 0.0886775 0.000613685
 0.281977 0.475581 0.204845 0.0348837 0.00271318
 0 0 0 0 0
pf_pred 
 0.225148 0.537556 0.211234 0.0260545 7.91919e-06
 0.276971 0.529624 0.134176 0.0527246 0.00650526
 0.115515 0.697278 0.13713 0.0347408 0.0153358
 0.266353 0.467428 0.209873 0.0412746 0.0150725
 0.332372 0.503286 0.104707 0.047013 0.0126222
 0.149989 0.66663 0.13824 0.0287605 0.0163803
 0.340642 0.415672 0.191114 0.0396314 0.0129412
 0.243737 0.620188 0.0857844 0.0394411 0.0108497
 0.30292 0.536702 0.131521 0.018192 0.010665
 0.308874 0.570646 0.0927607 0.0227314 0.00498748
 0.14607 0.689253 0.135971 0.0221025 0.0066047
 0.180674 0.54217 0.223707 0.0441313 0.00931736
 0.297414 0.501888 0.132808 0.0547984 0.0130926
 0.256777 0.647006 0.0687318 0.0181876 0.00929743
 0.307997 0.636078 0.0486847 0.00517181 0.00206814
 0.348458 0.615052 0.0335403 0.00256714 0.000381762
 0.22257 0.682696 0.0894285 0.00487676 0.00042877
 0.258843 0.566839 0.153076 0.0200519 0.00118962
 0.251376 0.583865 0.126008 0.0340289 0.004722
 0.31767 0.520438 0.126262 0.0272496 0.00837996
 0.273978 0.594825 0.100069 0.0242774 0.00685077
 0.241329 0.572483 0.152542 0.0256625 0.00798278
 0.264431 0.535328 0.1511 0.0402616 0.00888025
 0.240457 0.576576 0.133158 0.0375847 0.0122236
 0.0627712 0.692467 0.185801 0.04291 0.0160507
pobs_RECLAS
 0 0 0 0 0
 0 0 0 0 0
 0 0 0 0 0
 0 0 0 0 0
 0.835266 0.146461 0.0176864 0.000547809 3.91292e-05
 0.385257 0.428462 0.181853 0.0044286 0
 0.867414 0.0963971 0.0333333 0.00285562 0
 0.441836 0.489002 0.0689373 0.000224442 0
 0.779404 0.147425 0.0564933 0.0165055 0.000172143
 0.814271 0.122319 0.05973 0.00367925 0
 0.40263 0.566651 0.0304383 0.000280538 0
 0.475488 0.404961 0.113038 0.00651328 0
 0.955842 0.0263864 0.0167828 0.000988607 0
 0.975058 0.0227948 0.00214734 0 0
 0.738997 0.206755 0.0527124 0.00153531 0
 0.850938 0.134255 0.0134407 0.00136685 0
 0.542534 0.407297 0.0501686 0 0
 0.764087 0.199537 0.0359546 0.000420521 0
 0.470689 0.182191 0.310203 0.0369168 0
 0.84361 0.089868 0.0606195 0.00523954 0.000663233
 0.607945 0.314616 0.071237 0.00620181 0
 0.523733 0.453247 0.0230204 0 0
 0.530135 0.295979 0.169645 0.0042399 0
 0.562478 0.366248 0.0663022 0.0049721 0
 0.250443 0.683176 0.0655157 0.000865301 0
ppred_RECLAS
 0.55613 0.295272 0.131894 0.0166985 5.10088e-06
 0.625092 0.26429 0.0761118 0.030699 0.00380666
 0.380852 0.473542 0.105864 0.0275289 0.012213
 0.603703 0.24 0.122495 0.0247273 0.00907499
 0.675298 0.236164 0.0558523 0.0257404 0.00694541
 0.436004 0.428933 0.101112 0.0215922 0.0123592
 0.685653 0.188187 0.0983548 0.0209352 0.00687037
 0.589817 0.327635 0.0515156 0.0243116 0.00672124
 0.660634 0.252991 0.0704743 0.0100057 0.00589518
 0.66197 0.272273 0.0503113 0.0126549 0.00279051
 0.437658 0.44178 0.0990688 0.0165298 0.00496416
 0.495342 0.318564 0.149419 0.0302555 0.00641976
 0.673143 0.22406 0.0673979 0.0285445 0.00685406
 0.683383 0.270519 0.0326671 0.00887279 0.00455845
 0.746339 0.230537 0.020058 0.0021871 0.000878973
 0.720497 0.261808 0.0162294 0.00127502 0.000190559
 0.567872 0.373175 0.055568 0.00311038 0.000274836
 0.606539 0.291298 0.0894231 0.0120235 0.000716889
 0.594779 0.306332 0.0751525 0.0208317 0.00290517
 0.670706 0.242886 0.0669837 0.0148385 0.00458605
 0.617618 0.305328 0.0583901 0.0145404 0.00412364
 0.575553 0.309465 0.0937354 0.0161862 0.0050602
 0.605715 0.276098 0.0885874 0.0242288 0.00537074
 0.576778 0.310406 0.0814901 0.0236092 0.0077168
 0.223236 0.553056 0.168687 0.0399876 0.0150324
pobs_PELACES
 0 0 0 0 0
 0 0 0 0 0
 0 0 0 0 0
 0 0 0 0 0
 0 0 0 0 0
 0 0 0 0 0
 0 0 0 0 0
 0 0 0 0 0
 0 0 0 0 0
 0 0 0 0 0
 0.450072 0.473896 0.0757376 0.000293798 0
 0 0 0 0 0
 0.463077 0.371075 0.160297 0.00555027 0
 0.529543 0.364841 0.0842815 0.0213345 0
 0.631943 0.363953 0.00410389 0 0
 0.735681 0.248677 0.0153453 0.000297389 0
 0.695825 0.281241 0.0229344 0 0
 0.275771 0.60734 0.115278 0.00161068 0
 0 0 0 0 0
 0.896147 0.0623911 0.0374545 0.00400742 0
 0.803859 0.145111 0.0509908 3.86294e-05 0
 0.739449 0.233085 0.0266225 0.000797448 4.60066e-05
 0.878498 0.100942 0.0204185 0.000141795 0
 0.694673 0.275183 0.0284847 0.00165964 0
 0 0 0 0 0
ppred_PELACES
 0.683654 0.219466 0.0862395 0.0106372 3.23314e-06
 0.74451 0.187148 0.0474124 0.0186308 0.0022987
 0.557598 0.348765 0.0685899 0.0173767 0.00767067
 0.713787 0.182354 0.0818761 0.0161022 0.00588012
 0.755431 0.184366 0.0383569 0.0172221 0.00462382
 0.572044 0.335629 0.0695999 0.0144801 0.00824701
 0.785606 0.135158 0.0621417 0.0128864 0.00420792
 0.720003 0.229617 0.0317606 0.0146026 0.00401697
 0.782237 0.167662 0.0410861 0.00568304 0.00333166
 0.767921 0.191622 0.0311489 0.00763315 0.00167479
 0.594269 0.327487 0.0646043 0.0105017 0.00313812
 0.652364 0.23004 0.094918 0.0187247 0.00395332
 0.822335 0.126914 0.0335835 0.013857 0.00331076
 0.868461 0.11451 0.0121644 0.00321891 0.0016455
 0.90464 0.0876537 0.00670892 0.000712692 0.000284997
 0.837928 0.152995 0.00834322 0.000638581 9.4964e-05
 0.70923 0.255338 0.0334476 0.00182398 0.000160366
 0.732634 0.204482 0.0552209 0.00723357 0.000429146
 0.716386 0.221195 0.0477379 0.0128917 0.00178892
 0.780008 0.167796 0.0407086 0.00878563 0.00270181
 0.716649 0.232148 0.0390547 0.00947495 0.00267371
 0.685475 0.237336 0.06324 0.010639 0.00330945
 0.717368 0.205692 0.0580579 0.01547 0.00341211
 0.693842 0.232408 0.0536736 0.0151497 0.00492712
 0.323505 0.499825 0.134112 0.0309726 0.0115854
pobs_pel_tallas
 0 0 0 0 0 0 0 0 0 0 0 0 0 0 0 0 0 0 0 0 0 0 0 0 0 0 0 0 0 0 0 0 0 0 0 0
 0 0 0 0 0 0 0 0 0 0 0 0 0 0 0 0 0 0 0 0 0 0 0 0 0 0 0 0 0 0 0 0 0 0 0 0
 0 0 0 0 0 0 0 0 0 0 0 0 0 0 0 0 0 0 0 0 0 0 0 0 0 0 0 0 0 0 0 0 0 0 0 0
 0 0 0 0 0 0 0 0 0 0 0 0 0 0 0 0 0 0 0 0 0 0 0 0 0 0 0 0 0 0 0 0 0 0 0 0
 0 0 0 0 0 0 0 0 0 0 0 0 0 0 0 0 0 0 0 0 0 0 0 0 0 0 0 0 0 0 0 0 0 0 0 0
 0 0 0 0 0 0 0 0 0 0 0 0 0 0 0 0 0 0 0 0 0 0 0 0 0 0 0 0 0 0 0 0 0 0 0 0
 0 0 0 0 0 0 0 0 0 0 0 0 0 0 0 0 0 0 0 0 0 0 0 0 0 0 0 0 0 0 0 0 0 0 0 0
 0 0 0 0 0 0 0 0 0 0 0 0 0 0 0 0 0 0 0 0 0 0 0 0 0 0 0 0 0 0 0 0 0 0 0 0
 0 0 0 0 0 0 0 0 0 0 0 0 0 0 0 0 0 0 0 0 0 0 0 0 0 0 0 0 0 0 0 0 0 0 0 0
 0 0 0 0 0 0 0 0 0 0 0 0 0 0 0 0 0 0 0 0 0 0 0 0 0 0 0 0 0 0 0 0 0 0 0 0
 0 0 0 0 0 0 0 0 1.78061e-05 0.00172719 0.00360574 0.0105946 0.0120993 0.0124554 0.0147524 0.0171206 0.0266825 0.0428682 0.0675386 0.121331 0.153587 0.119568 0.100827 0.0573624 0.0630603 0.0341343 0.0324427 0.0444173 0.0211091 0.0280891 0.0125444 0.00206551 0 0 0 0
 0 0 0 0 0 0 0 0 0 0 0 0 0 0 0 0 0 0 0 0 0 0 0 0 0 0 0 0 0 0 0 0 0 0 0 0
 0 0 0 0 0 0 0.0133647 0.0140871 0.0187388 0.0205184 0.03894 0.0496705 0.03968 0.0493445 0.0407372 0.0367815 0.0215668 0.0243155 0.0234873 0.0199281 0.019796 0.0243948 0.0301388 0.0376714 0.0412746 0.0863199 0.0771752 0.113111 0.0741005 0.0525337 0.0229764 0.00759418 0.00175318 0 0 0
 0 0 0 0 0 0 0 0 0 0 0.00219441 0.00772107 0.0458388 0.0604681 0.0671733 0.0775358 0.0609151 0.0617685 0.073594 0.0568108 0.0755445 0.0548602 0.0670107 0.0636378 0.0643287 0.046367 0.0373049 0.0286899 0.0247887 0.0153202 0.00654259 0.00121912 0.000365735 0 0 0
 0 0 0 0 0 0 0 0 0 0 0 0 0.000112435 0.00938835 0.0111873 0.0202946 0.0414886 0.0713402 0.111592 0.104902 0.108894 0.110636 0.117776 0.105296 0.107544 0.0401394 0.0192827 0.0124803 0.00416011 0.0028671 0.000618394 0 0 0 0 0
 0 0 0 0 0 0 0 0 0 0 0.00291406 0.0102884 0.027416 0.0768956 0.0749926 0.110853 0.0956884 0.0897413 0.0766577 0.0534642 0.0500743 0.0551293 0.0594112 0.0620874 0.0668451 0.0424026 0.0208742 0.0120726 0.0048766 0.00582813 0.00118941 0.000297354 0 0 0 0
 0 0.00264628 0.0354308 0.0461629 0.0458689 0.0383711 0.0214643 0.0164657 0.0346957 0.0420465 0.0363128 0.0245516 0.0311673 0.0291091 0.0169068 0.0133784 0.00837989 0.0085269 0.0148486 0.0160247 0.0276389 0.0546898 0.0760071 0.122758 0.109233 0.0665981 0.0333725 0.0166128 0.00676272 0.00308733 0.000882094 0 0 0 0 0
 0 0 0 0 0 0 0 0.000805153 0.000690131 0.00759144 0.0133425 0.0154129 0.00931677 0.000345066 0.00356568 0.00563607 0.00851162 0.0253048 0.0502646 0.0516448 0.0657925 0.0565908 0.0611916 0.0827007 0.0866115 0.110766 0.145733 0.0935128 0.0569358 0.0249597 0.0138026 0.00621118 0.00161031 0.00115022 0 0
 0 0 0 0 0 0 0 0 0 0 0 0 0 0 0 0 0 0 0 0 0 0 0 0 0 0 0 0 0 0 0 0 0 0 0 0
 0.00147267 0.00158595 0.00478618 0.00569244 0.00954404 0.0108468 0.00647125 0.017049 0.0510054 0.094081 0.124002 0.0959785 0.0687766 0.0820023 0.061753 0.0591476 0.0492212 0.0479892 0.0443925 0.0268479 0.0217502 0.0140895 0.0121071 0.0120363 0.00920419 0.00665534 0.0049561 0.00860946 0.00930331 0.0156896 0.0114698 0.00855282 0.00243557 0.00046729 0 2.83206e-05
 0 0 0 0 0.000772559 0.00158375 0.000888443 0.00281984 0.00712685 0.0440552 0.0773331 0.111326 0.0921469 0.0852325 0.0710754 0.0886704 0.0786465 0.0553345 0.0373146 0.0185414 0.00753245 0.00457741 0.012979 0.0271748 0.0457355 0.0583668 0.034881 0.0177882 0.00938659 0.00492506 0.0015258 0.00185414 0.000309023 5.79419e-05 3.86279e-05 0
 0 0.00173294 0.00326652 0 0.00397197 0.00683976 0.00946217 0.0152591 0.00757587 0.0136028 0.0228656 0.0392903 0.0559909 0.0764795 0.0681675 0.0726916 0.0566044 0.0477403 0.0527397 0.0444891 0.0609904 0.0582453 0.0661739 0.0445044 0.0529084 0.0360697 0.0280645 0.0235558 0.0158879 0.00826598 0.00280645 0.00217768 0.000904811 0.00058276 9.20147e-05 0
 0 0 0 0 0 0 0 0 0 0 0 0 0 0 0 0 0 0 0 0 0 0 0 0 0 0 0 0 0 0 0 0 0 0 0 0
 0 0 0 0 0 0 0 0 0 0 0 0 0 0 0 0 0 0 0 0 0 0 0 0 0 0 0 0 0 0 0 0 0 0 0 0
 0 0 0 0 0 0 0 0 0 0 0 0 0 0 0 0 0 0 0 0 0 0 0 0 0 0 0 0 0 0 0 0 0 0 0 0
ppred_pel_tallas
 1.01662e-16 2.98323e-05 0.000175082 0.000832243 0.00320415 0.00999182 0.0252386 0.0516421 0.0856044 0.11497 0.125126 0.110408 0.0791155 0.0463378 0.0227986 0.0105733 0.00643794 0.00658333 0.00866455 0.0116221 0.0149664 0.018338 0.0213753 0.0237339 0.0251504 0.0254983 0.0248101 0.0232576 0.0210997 0.0186169 0.0160546 0.0135899 0.0113257 0.00930425 0.00753049 0.00599249
 1.01482e-16 3.24844e-05 0.000190656 0.00090629 0.00348926 0.0108809 0.0274844 0.0562369 0.0932193 0.125192 0.136238 0.12018 0.086048 0.0502566 0.0244621 0.0108978 0.00602547 0.00567453 0.00728315 0.00971125 0.0124663 0.0152233 0.0176725 0.0195249 0.020566 0.0207019 0.019977 0.0185545 0.0166696 0.0145699 0.0124658 0.0105012 0.0087496 0.00722822 0.00592082 0.00479888
 1.02043e-16 2.43408e-05 0.000142831 0.00067889 0.00261366 0.00815035 0.0205874 0.0421263 0.0698357 0.0938076 0.102134 0.0902164 0.0648559 0.0384072 0.0196805 0.0104425 0.00813599 0.00970265 0.0132293 0.0177782 0.0227919 0.0277456 0.0320744 0.0352445 0.036864 0.0367729 0.0350754 0.032102 0.0283181 0.0242105 0.0201902 0.016535 0.0133804 0.010747 0.0085842 0.00681365
 1.0205e-16 3.11447e-05 0.000182791 0.000868898 0.00334529 0.010432 0.0263504 0.0539165 0.0893732 0.120028 0.130619 0.115228 0.0825118 0.0482106 0.0235032 0.0105361 0.00592359 0.00567495 0.00734249 0.00984101 0.0127041 0.0156223 0.0182954 0.0204367 0.0218241 0.0223443 0.0220123 0.020955 0.0193701 0.0174733 0.0154541 0.0134498 0.0115426 0.00977089 0.00814791 0.00667756
 1.01413e-16 3.29605e-05 0.000193451 0.00091958 0.00354043 0.0110405 0.0278875 0.0570615 0.0945861 0.127027 0.138233 0.121937 0.0872972 0.0509694 0.0247774 0.0109839 0.00599512 0.00557587 0.00712471 0.00948504 0.0121602 0.0148268 0.017179 0.018934 0.0198836 0.0199404 0.0191547 0.0176945 0.0157979 0.0137139 0.011652 0.00975341 0.00808658 0.00666235 0.00545729 0.00443576
 1.01981e-16 2.49702e-05 0.000146527 0.000696464 0.00268133 0.00836139 0.0211204 0.0432168 0.0716429 0.0962331 0.10477 0.0925318 0.0664929 0.0393214 0.0200472 0.0104731 0.0079658 0.0093812 0.0127563 0.017138 0.0219749 0.0267584 0.0309441 0.0340175 0.0356003 0.0355365 0.0339244 0.0310795 0.0274478 0.0234967 0.019621 0.0160888 0.0130323 0.0104734 0.00836592 0.00663685
 1.01566e-16 3.42743e-05 0.000201169 0.00095628 0.00368175 0.0114812 0.0290006 0.0593388 0.0983593 0.13209 0.143729 0.126754 0.0906801 0.0528109 0.0254238 0.0108494 0.00532923 0.00444696 0.0055022 0.00732189 0.00944704 0.0116218 0.013619 0.0152252 0.0162752 0.0166839 0.0164609 0.0156986 0.0145416 0.0131481 0.0116574 0.0101707 0.00874902 0.0074217 0.00620001 0.00508857
 1.01216e-16 3.14175e-05 0.000184388 0.000876484 0.00337449 0.010523 0.0265804 0.0543874 0.090155 0.121081 0.131775 0.11627 0.0833055 0.0487701 0.0239533 0.0110341 0.00660905 0.00665541 0.00869145 0.011589 0.0148221 0.0180066 0.0207637 0.0227433 0.0236923 0.0235129 0.0222834 0.020232 0.0176748 0.0149401 0.0123017 0.00994208 0.00794518 0.00631586 0.00501045 0.00396661
 1.00989e-16 3.41287e-05 0.000200311 0.000952197 0.00366602 0.0114322 0.0288767 0.0590855 0.0979403 0.13153 0.143127 0.12624 0.0903489 0.0526918 0.0255038 0.0111171 0.00579969 0.00515836 0.0064979 0.00862884 0.0110564 0.013475 0.0156029 0.0171805 0.0180161 0.0180284 0.017262 0.0158704 0.0140724 0.0120989 0.0101465 0.00835062 0.00678043 0.00545146 0.00434581 0.00343168
 1.00846e-16 3.35054e-05 0.00019665 0.000934784 0.00359897 0.0112231 0.0283486 0.058005 0.0961501 0.129128 0.14052 0.123955 0.0887452 0.0518205 0.0252014 0.0111883 0.00612725 0.00571153 0.00729282 0.00968916 0.0123872 0.0150483 0.0173521 0.0190044 0.0197922 0.0196318 0.0185872 0.0168477 0.0146777 0.0123527 0.0101044 0.00808904 0.00638135 0.00498961 0.00388059 0.00300391
 1.01532e-16 2.59389e-05 0.000152215 0.000723509 0.00278546 0.00868612 0.0219407 0.044895 0.0744243 0.0999671 0.10883 0.0961047 0.0690325 0.0407671 0.0206806 0.0106351 0.0078845 0.00915396 0.0124014 0.0166426 0.0213209 0.0259339 0.029948 0.0328603 0.0343026 0.0341258 0.0324307 0.0295324 0.0258745 0.0219217 0.0180675 0.0145798 0.011591 0.00912289 0.00712753 0.00552794
 1.02251e-16 2.84683e-05 0.000167073 0.000794166 0.00305754 0.00953462 0.0240838 0.0492793 0.0816884 0.109713 0.11941 0.105377 0.0755387 0.0442999 0.0219027 0.0103381 0.00654153 0.00688751 0.00914288 0.0122928 0.0158559 0.0194655 0.0227462 0.0253378 0.0269629 0.0274843 0.0269289 0.0254668 0.0233575 0.020883 0.0182895 0.0157544 0.0133814 0.011215 0.00926531 0.00752813
 1.0115e-16 3.58755e-05 0.00021057 0.00100098 0.00385385 0.0120179 0.0303562 0.0621123 0.102956 0.138261 0.15044 0.132662 0.0948838 0.0552127 0.0264924 0.0111527 0.00524902 0.00414833 0.00501708 0.00662614 0.00850165 0.0103909 0.0120782 0.0133671 0.0141115 0.0142465 0.0138002 0.0128806 0.0116441 0.0102552 0.00885375 0.00753513 0.00634799 0.00530407 0.00439359 0.00359942
 1.00398e-16 3.78863e-05 0.000222377 0.00105711 0.00406997 0.0126919 0.0320586 0.0655954 0.108729 0.146012 0.158868 0.140081 0.100161 0.0582254 0.0278281 0.0115239 0.00513407 0.00375445 0.00438555 0.0057299 0.00729746 0.00884179 0.0101633 0.011086 0.011485 0.0113143 0.0106178 0.00951473 0.00816927 0.00675105 0.00540175 0.00421531 0.00323442 0.00245983 0.00186594 0.00141639
 1.00162e-16 3.94627e-05 0.000231634 0.00110113 0.00423946 0.0132204 0.0333936 0.0683268 0.113255 0.152087 0.165471 0.145885 0.104271 0.0605335 0.0287793 0.0116546 0.00479251 0.003074 0.0033732 0.00435061 0.00552354 0.00667728 0.00765384 0.00831782 0.00857449 0.00839073 0.00780288 0.00690612 0.0058301 0.00470864 0.00365338 0.00273823 0.00199638 0.00142734 0.00100913 0.000710555
 1.00195e-16 3.65564e-05 0.000214566 0.00101997 0.00392696 0.0122459 0.0309321 0.0632908 0.10491 0.140887 0.153302 0.135197 0.0967202 0.0563287 0.0271156 0.0115636 0.00565776 0.00467713 0.00572565 0.00753079 0.00957784 0.0115688 0.0132418 0.0143631 0.0147687 0.0144031 0.0133327 0.0117271 0.00981619 0.0078367 0.00598562 0.00439277 0.00311549 0.00215102 0.00145809 0.000978858
 1.00629e-16 3.09488e-05 0.000181634 0.000863386 0.00332405 0.0103657 0.026183 0.0535747 0.0888087 0.119276 0.129817 0.114558 0.0821136 0.0481424 0.0237751 0.0111703 0.00698629 0.00726738 0.00956646 0.0127566 0.016289 0.0197418 0.0226919 0.024748 0.0256295 0.0252316 0.0236493 0.0211479 0.0180938 0.0148679 0.0117905 0.00907712 0.0068296 0.00505574 0.00370314 0.00269313
 1.0112e-16 3.19673e-05 0.000187619 0.000891846 0.00343364 0.0107075 0.0270463 0.0553406 0.0917342 0.1232 0.134074 0.118283 0.084715 0.0495289 0.0242028 0.0109433 0.00627728 0.00610638 0.00790926 0.0105546 0.0135375 0.0165087 0.0191282 0.0210786 0.0221241 0.0221625 0.0212449 0.0195553 0.017358 0.0149337 0.0125228 0.0102927 0.00833167 0.00666339 0.00527073 0.00411894
 1.01277e-16 3.12595e-05 0.000183461 0.000872079 0.00335753 0.0104701 0.0264468 0.054114 0.0897017 0.120472 0.131111 0.11568 0.0828765 0.0485057 0.023799 0.0109232 0.00649052 0.00649925 0.00848328 0.0113266 0.0145156 0.0176798 0.0204539 0.0224972 0.0235594 0.0235361 0.0224901 0.0206274 0.0182401 0.0156348 0.0130713 0.0107268 0.0086899 0.00697721 0.00556099 0.00439558
 1.01061e-16 3.40315e-05 0.000199741 0.000949483 0.00365557 0.0113996 0.0287944 0.0589171 0.0976612 0.131155 0.142719 0.125881 0.0900928 0.0525443 0.0254359 0.0110937 0.00579655 0.0051643 0.00650974 0.00864696 0.0110825 0.0135113 0.0156519 0.0172447 0.0180981 0.0181302 0.0173853 0.0160156 0.0142386 0.0122837 0.0103459 0.00855907 0.00699151 0.00565826 0.00454173 0.00361109
 1.01081e-16 3.12714e-05 0.00018353 0.000872404 0.00335878 0.010474 0.0264566 0.0541342 0.0897354 0.120518 0.131163 0.115732 0.0829253 0.0485578 0.0238682 0.0110275 0.00664991 0.00673328 0.00880804 0.0117503 0.0150333 0.0182697 0.0210756 0.0230951 0.0240697 0.0238973 0.022654 0.0205678 0.0179571 0.015154 0.0124383 0.00999836 0.00792474 0.006228 0.00486894 0.00378799
 1.01496e-16 2.99123e-05 0.000175551 0.000834468 0.00321271 0.0100185 0.025306 0.0517801 0.0858338 0.11528 0.125466 0.110716 0.0793542 0.0465132 0.0229505 0.0107522 0.00668997 0.00694513 0.00916152 0.0122639 0.0157405 0.019204 0.0222639 0.0245532 0.0257986 0.0258815 0.0248606 0.0229475 0.0204465 0.0176801 0.0149236 0.0123678 0.010112 0.00818186 0.00655678 0.00519732
 1.01583e-16 3.13017e-05 0.000183711 0.000873267 0.00336211 0.0104844 0.0264828 0.0541877 0.0898233 0.120634 0.131284 0.115825 0.0829627 0.0485211 0.0237417 0.0107886 0.00626474 0.00616084 0.0080106 0.0107069 0.0137535 0.0168039 0.0195189 0.02158 0.0227492 0.0229206 0.02214 0.020584 0.0185088 0.0161861 0.0138479 0.0116548 0.00969118 0.00798001 0.00650743 0.0052452
 1.01589e-16 3.02769e-05 0.000177692 0.000844647 0.0032519 0.0101407 0.0256148 0.0524118 0.0868806 0.116685 0.126994 0.112059 0.0803059 0.0470494 0.0231745 0.0107888 0.00662031 0.00680024 0.00894237 0.0119605 0.0153429 0.018708 0.0216741 0.0238837 0.0250724 0.0251282 0.0241128 0.0222374 0.0198029 0.0171253 0.0144728 0.0120278 0.00988201 0.0080537 0.00651665 0.00522738
 1.03673e-16 1.41395e-05 8.2926e-05 0.000394064 0.00151695 0.00473029 0.0119488 0.0244523 0.0405455 0.054491 0.0594014 0.0526447 0.0382267 0.0234036 0.0134047 0.0093954 0.0100322 0.0136445 0.0191431 0.0258785 0.0332723 0.0406292 0.0471514 0.05207 0.0548102 0.0551196 0.0531168 0.0492397 0.0441198 0.0384249 0.0327241 0.0274098 0.0226853 0.0186017 0.0151179 0.0121565
pSPR Fmed_Fpbrs
0.448315   0.35062 0.35062
Fs Fmed_Fpbrs
0.66038   1.005 1.005
SSBpbr Bo_Bmed_Bpbrs
798855  318196  240152 240152
Ro
29143.9
SPR SPRFo_SPRFmed_SPRFpbrs
600641 269276 210597
log_Ro
10.1
likeval ReclasPelacesDesembMPH_pf_preclas_ppelaces_ptallas_desvR_qrecl_qpela
 66.7232 13.6266 0.0316925 0.000184484 288.844 187.477 73.8969 0 18.4344 3.4696e-07 8.94183e-05 0 0 0 0
q_reclas_q_pelaces
1.08705 3.83942
M
0.7
N
 31619.9 13102.6 5148.68 635.061 0.193025
 42775.6 14479.5 3668.25 1441.45 177.848
 15148.4 19424.1 3820.04 967.774 427.209
 22369.9 6328.31 2841.38 558.799 204.06
 48081 10560.2 2197.03 986.452 264.845
 30171.2 23651.4 4904.63 1020.4 581.157
 67657.8 13721.9 6308.92 1308.29 427.207
 67272.7 31545 4363.31 2006.12 551.856
 89352.3 30019.7 7356.44 1017.54 596.531
 123278 39369.4 6399.64 1568.26 344.09
 61490.4 56547.7 11155.3 1813.34 541.863
 45971.6 26758.6 11041 2178.09 459.855
 51619.3 20048.7 5305.22 2189.01 523.003
 27155.9 20704.1 2199.41 582.001 297.517
 14172.3 9234.31 706.784 75.082 30.0244
 12459.6 4677 255.048 19.5211 2.903
 8735.66 5202.12 681.442 37.1607 3.26721
 9568.3 3808.15 1028.4 134.714 7.99216
 10550.3 4295.8 927.11 250.368 34.7423
 16572 4810.77 1167.13 251.886 77.4617
 22022.4 7522.1 1265.46 307.009 86.634
 27521.7 10497.7 2797.18 470.575 146.381
 38818.3 13005.5 3670.89 978.134 215.741
 45103.3 18130.6 4187.19 1181.86 384.375
 11358.1 20954.7 5622.53 1298.5 485.709
pred_Ctot
 1778.77 4246.93 1668.84 205.842 0.0625652
 2645.96 5059.61 1281.81 503.69 62.1462
 1746.76 10543.9 2073.62 525.335 231.901
 796.466 1397.73 627.575 123.422 45.0707
 325.881 493.458 102.663 46.095 12.3757
 1835.04 8155.88 1691.3 351.87 200.404
 2983.77 3640.97 1674.01 347.142 113.355
 4935.44 12558.2 1737.05 798.644 219.696
 7293.66 12922.7 3166.75 438.024 256.79
 6794.52 12552.9 2040.52 500.038 109.713
 5511.19 26005.4 5130.16 833.927 249.195
 4056.53 12172.9 5022.72 990.845 209.195
 7226.99 12195.6 3227.16 1331.57 318.142
 6291.45 15852.7 1684.04 445.624 227.802
 3499.92 7228.05 553.227 58.7696 23.5013
 1441.04 2543.53 138.705 10.6164 1.57877
 773.127 2371.44 310.643 16.9401 1.48939
 663.776 1453.6 392.548 51.4212 3.05067
 623.42 1448 312.505 84.3926 11.7107
 1029.69 1686.93 409.262 88.326 27.1626
 636.311 1381.48 232.409 56.384 15.9108
 960.587 2278.71 607.179 102.147 31.7746
 1665.51 3371.74 951.697 253.587 55.932
 2097.67 5029.87 1161.63 327.877 106.635
 520.589 5742.92 1540.93 355.87 133.115
F
 0.0810549 0.573093 0.573093 0.573093 0.573093
 0.0894531 0.632472 0.632472 0.632472 0.632472
 0.172864 1.22223 1.22223 1.22223 1.22223
 0.0506233 0.357928 0.357928 0.357928 0.357928
 0.00946397 0.0669144 0.0669144 0.0669144 0.0669144
 0.0878956 0.62146 0.62146 0.62146 0.62146
 0.0630458 0.445761 0.445761 0.445761 0.445761
 0.106902 0.75584 0.75584 0.75584 0.75584
 0.119598 0.845612 0.845612 0.845612 0.845612
 0.0793548 0.561073 0.561073 0.561073 0.561073
 0.132024 0.933469 0.933469 0.933469 0.933469
 0.12986 0.918166 0.918166 0.918166 0.918166
 0.213562 1.50997 1.50997 1.50997 1.50997
 0.378671 2.67736 2.67736 2.67736 2.67736
 0.408635 2.88923 2.88923 2.88923 2.88923
 0.173427 1.2262 1.2262 1.2262 1.2262
 0.130269 0.921061 0.921061 0.921061 0.921061
 0.100818 0.712828 0.712828 0.712828 0.712828
 0.085298 0.603093 0.603093 0.603093 0.603093
 0.0898704 0.635423 0.635423 0.635423 0.635423
 0.0409074 0.289233 0.289233 0.289233 0.289233
 0.0496038 0.35072 0.35072 0.35072 0.35072
 0.0612893 0.433342 0.433342 0.433342 0.433342
 0.0665902 0.470821 0.470821 0.470821 0.470821
 0.0655967 0.463797 0.463797 0.463797 0.463797
nmprior
 10 11 7 0
nm_flota  nm_reclas  nm_pelaces    nm_pelaL
inf 26.7629 12.6402 20.9944
cv_recla  cv_pelaces  cv_mph
0.738862 0.434368 0.440674
 ------------------------------------------------
Talla a la edad & desviación 
 7.2 14.2025 17.0495 18.207 18.6776
 1.08 2.13037 2.55742 2.73105 2.80164
