years
 1997 1998 1999 2000 2001 2002 2003 2004 2005 2006 2007 2008 2009 2010 2011 2012 2013 2014 2015 2016 2017 2018 2019 2020 2021
reclasobs
 0 0 0 370054 412103 1.49427e+06 250295 1.28982e+06 931140 785840 897777 1.04006e+06 184774 17550 25797 100020 73551 82996 120727 218422 84188 347160 605670 569463 516374
reclaspred
 684866 178391 512650 151249 184152 256348 501528 355993 618597 1.13352e+06 1.28676e+06 810960 444038 218576 135952 111289 111606 141288 119475 173952 362264 346123 483886 394823 237085
pelacesobs
 0 0 0 0 0 0 0 0 0 2.06254e+06 1.5e+06 0 1.87456e+06 323000 250000 174000 83755 137374 0 501740 490994 745055 786931 1.00524e+06 0
pelacespred
 282116 114422 130479 104782 108201 100012 237816 193369 339778 651783 660884 428074 240038 96094.3 56962.1 52767 54895.7 69377.6 60818.1 86872 196568 203207 214351 204128 113162
mphobs
 0 0 0 0 0 112323 0 153150 637223 0 255016 313432 73983 77613 109348 50772 0 0 0 0 0 0 0 0 0
mphpred
 596485 182326 351367 207994 113355 236201 305471 368440 399142 756009 1.28964e+06 899566 476424 279623 134134 100220 92337.2 112035 121287 104746 248768 336971 362371 384423 303338
desembarqueobs
 350755 77701 442110 56441 14545 235359 269955 359681 431902 328805 639364 411747 362871 311530 167758 66681 60226 58785 57116 71774 51957 67425 138520 160799 200461
desembarquepred
 350520 77645.2 441442 56365.8 14531.5 235093 269906 359272 431829 328742 638663 411142 362088 310848 167199 66626.5 60263.1 58791.3 57080.8 71674.1 51950.8 67420.4 138399 160614 200269
Reclutas
 2174.18 86185.2 298.269 2077.28 38113.8 33442.8 42505.4 57196.5 123870 216998 58408.7 15895.9 57951.6 29739.1 16809.8 12269.9 10934.5 10839.1 5045.93 31206.6 33687.4 29722.8 38808.8 21216.1 114.7
log_desv_Rt
 -2.05559 1.62425 -4.04201 -2.10119 0.80833 0.677592 0.917387 1.21425 1.98699 2.54764 1.23522 -0.0661845 1.22736 0.560217 -0.0102835 -0.3251 -0.440325 -0.44908 -1.21366 0.608385 0.68488 0.559669 0.826402 0.222516 -4.99768
SSB
 596485 182326 351367 207994 113355 236201 305471 368440 399142 756009 1.28964e+06 899566 476424 279623 134134 100220 92337.2 112035 121287 104746 248768 336971 362371 384423 303338
BT
 779862 352327 449530 256899 303942 388637 870577 866660 1.41547e+06 2.06973e+06 1.90384e+06 1.18261e+06 921118 506513 278467 171451 180164 207684 169005 297741 524454 465862 541360 545719 384468
Ftot
 0.483321 0.418234 0.78671 0.356075 0.0770668 0.841253 0.511108 0.928079 0.660136 0.280304 0.470321 0.479279 0.756486 1.24529 1.10154 0.564147 0.512043 0.397765 0.453302 0.395753 0.139494 0.188735 0.275472 0.388235 0.772956
BD_Bspro_t
 0.926033 0.606605 0.629486 0.31969 0.301606 0.530558 0.446133 0.450401 0.439335 0.540196 0.630189 0.465993 0.326986 0.255711 0.159171 0.146112 0.179749 0.274174 0.34206 0.370378 0.598761 0.716006 0.699765 0.643049 0.497077
BD_Bspro
 1.70413 0.520897 1.00384 0.594229 0.32385 0.674817 0.872718 1.05262 1.14033 2.15989 3.68445 2.57002 1.36112 0.79887 0.383216 0.286324 0.263803 0.320078 0.346513 0.299255 0.710721 0.962712 1.03528 1.09828 0.866625
BD_Bo
 0.702443 0.214714 0.413783 0.244941 0.133491 0.27816 0.359734 0.433888 0.470045 0.890305 1.51873 1.05936 0.561054 0.329294 0.157962 0.118023 0.10874 0.131936 0.142833 0.123353 0.292959 0.39683 0.426741 0.45271 0.357223
BD_Brms
 3.43179 1.04899 2.02154 1.19666 0.652171 1.35895 1.75748 2.11976 2.29641 4.34959 7.41977 5.17552 2.74103 1.60877 0.771723 0.5766 0.531248 0.644575 0.69781 0.602641 1.43125 1.93871 2.08485 2.21172 1.74521
S_f
 0.5 1 1 1 1
 0.5 1 1 1 1
 0.5 1 1 1 1
 0.5 1 1 1 1
 0.5 1 1 1 1
 0.5 1 1 1 1
 0.5 1 1 1 1
 0.5 1 1 1 1
 0.5 1 1 1 1
 0.5 1 1 1 1
 0.5 1 1 1 1
 0.5 1 1 1 1
 0.5 1 1 1 1
 0.5 1 1 1 1
 0.5 1 1 1 1
 0.5 1 1 1 1
 0.5 1 1 1 1
 0.5 1 1 1 1
 0.5 1 1 1 1
 0.5 1 1 1 1
 0.5 1 1 1 1
 0.5 1 1 1 1
 0.5 1 1 1 1
 0.5 1 1 1 1
 0.5 1 1 1 1
Scru_reclas
 0.5 1 1 1 1
 0.5 1 1 1 1
 0.5 1 1 1 1
 0.5 1 1 1 1
 0.5 1 1 1 1
 0.5 1 1 1 1
 0.5 1 1 1 1
 0.5 1 1 1 1
 0.5 1 1 1 1
 0.5 1 1 1 1
 0.5 1 1 1 1
 0.5 1 1 1 1
 0.5 1 1 1 1
 0.5 1 1 1 1
 0.5 1 1 1 1
 0.5 1 1 1 1
 0.5 1 1 1 1
 0.5 1 1 1 1
 0.5 1 1 1 1
 0.5 1 1 1 1
 0.5 1 1 1 1
 0.5 1 1 1 1
 0.5 1 1 1 1
 0.5 1 1 1 1
 0.5 1 1 1 1
Scru_pelaces
 0.5 1 1 1 1
 0.5 1 1 1 1
 0.5 1 1 1 1
 0.5 1 1 1 1
 0.5 1 1 1 1
 0.5 1 1 1 1
 0.5 1 1 1 1
 0.5 1 1 1 1
 0.5 1 1 1 1
 0.5 1 1 1 1
 0.5 1 1 1 1
 0.5 1 1 1 1
 0.5 1 1 1 1
 0.5 1 1 1 1
 0.5 1 1 1 1
 0.5 1 1 1 1
 0.5 1 1 1 1
 0.5 1 1 1 1
 0.5 1 1 1 1
 0.5 1 1 1 1
 0.5 1 1 1 1
 0.5 1 1 1 1
 0.5 1 1 1 1
 0.5 1 1 1 1
 0.5 1 1 1 1
pf_obs 
 0.256992 0.487395 0.22802 0.0275931 0
 0.321318 0.546541 0.124235 0.00734118 0.000564706
 0.182869 0.594174 0.210203 0.0122559 0.00049798
 0.330522 0.361315 0.267642 0.0388342 0.00168674
 0.649043 0.306663 0.0425973 0.00169635 0
 0.582887 0.30429 0.105238 0.00758474 0
 0.465427 0.430635 0.0974691 0.00646863 0
 0.296916 0.608066 0.0921331 0.00288517 0
 0.311714 0.524322 0.152257 0.0117073 0
 0.15457 0.633149 0.183074 0.0267441 0.00246327
 0.131901 0.49318 0.331252 0.0422183 0.00144891
 0.196976 0.569456 0.194076 0.0375587 0.00193317
 0.518974 0.381816 0.0799577 0.0180837 0.00116848
 0.0928022 0.601141 0.25162 0.0475244 0.00691264
 0.122501 0.610282 0.24278 0.0234846 0.000952079
 0.383417 0.481906 0.127806 0.00687128 0
 0.0376549 0.599619 0.316969 0.0457579 0
 0.0361596 0.667082 0.258105 0.0386534 0
 0.158088 0.579412 0.248529 0.0139706 0
 0.0477256 0.309471 0.559284 0.082774 0.000745712
 0.0406174 0.521527 0.379366 0.0568643 0.0016247
 0.151134 0.462217 0.34131 0.0453401 0
 0.294876 0.26143 0.354403 0.0886775 0.000613685
 0.281977 0.475581 0.204845 0.0348837 0.00271318
 0 0 0 0 0
pf_pred 
 0.0565057 0.474969 0.235863 0.117126 0.115537
 0.870567 0.015699 0.0572556 0.0284323 0.0280466
 0.00468601 0.933861 0.00745366 0.0271842 0.0268154
 0.11676 0.010425 0.818925 0.00653629 0.0473535
 0.835762 0.0372287 0.00149911 0.117761 0.00774933
 0.496964 0.458912 0.0100018 0.000402749 0.0337195
 0.608669 0.281139 0.100527 0.00219096 0.00747466
 0.621245 0.296696 0.0589525 0.0210797 0.0020268
 0.763152 0.192653 0.0346202 0.00687891 0.0026962
 0.697883 0.267973 0.0277723 0.00499074 0.00138032
 0.222672 0.647936 0.114769 0.0118944 0.00272862
 0.131829 0.344414 0.436573 0.0773301 0.00985287
 0.584034 0.107737 0.122278 0.154998 0.0309528
 0.425204 0.447833 0.0328841 0.0373224 0.0567568
 0.472763 0.361987 0.128749 0.00945398 0.0270472
 0.506132 0.353827 0.0961487 0.0341975 0.00969521
 0.483354 0.365665 0.108169 0.0293937 0.0134185
 0.489769 0.34955 0.113725 0.0336413 0.0133149
 0.300279 0.477961 0.151924 0.0494277 0.0204084
 0.807683 0.0951875 0.0663469 0.0210889 0.00969412
 0.552462 0.404606 0.0212496 0.0148112 0.00687199
 0.416585 0.419918 0.147812 0.00776298 0.00792139
 0.479404 0.312932 0.149468 0.0526131 0.00558279
 0.313334 0.457274 0.137889 0.0658608 0.0256431
 0.00387782 0.50339 0.328126 0.0989448 0.0656605
pobs_RECLAS
 0 0 0 0 0
 0 0 0 0 0
 0 0 0 0 0
 0 0 0 0 0
 0.835266 0.146461 0.0176864 0.000547809 3.91292e-05
 0.385257 0.428462 0.181853 0.0044286 0
 0.867414 0.0963971 0.0333333 0.00285562 0
 0.441836 0.489002 0.0689373 0.000224442 0
 0.779404 0.147425 0.0564933 0.0165055 0.000172143
 0.814271 0.122319 0.05973 0.00367925 0
 0.40263 0.566651 0.0304383 0.000280538 0
 0.475488 0.404961 0.113038 0.00651328 0
 0.955842 0.0263864 0.0167828 0.000988607 0
 0.975058 0.0227948 0.00214734 0 0
 0.738997 0.206755 0.0527124 0.00153531 0
 0.850938 0.134255 0.0134407 0.00136685 0
 0.542534 0.407297 0.0501686 0 0
 0.764087 0.199537 0.0359546 0.000420521 0
 0.470689 0.182191 0.310203 0.0369168 0
 0.84361 0.089868 0.0606195 0.00523954 0.000663233
 0.607945 0.314616 0.071237 0.00620181 0
 0.523733 0.453247 0.0230204 0 0
 0.530135 0.295979 0.169645 0.0042399 0
 0.562478 0.366248 0.0663022 0.0049721 0
 0.250443 0.683176 0.0655157 0.000865301 0
ppred_RECLAS
 0.0576357 0.4744 0.23558 0.116986 0.115399
 0.872511 0.0154631 0.0563955 0.0280052 0.0276253
 0.00488182 0.933677 0.00745219 0.0271788 0.0268101
 0.118225 0.0104077 0.817567 0.00652545 0.047275
 0.836093 0.0371538 0.00149609 0.117524 0.00773373
 0.508289 0.44858 0.00977669 0.000393682 0.0329604
 0.614045 0.277277 0.099146 0.00216086 0.00737198
 0.633464 0.287124 0.0570507 0.0203997 0.00196142
 0.768905 0.187973 0.0337792 0.00671182 0.0026307
 0.70009 0.266016 0.0275695 0.0049543 0.00137024
 0.226197 0.644998 0.114248 0.0118405 0.00271625
 0.134224 0.343464 0.435369 0.0771168 0.00982569
 0.593452 0.105298 0.11951 0.151488 0.030252
 0.445141 0.4323 0.0317435 0.0360279 0.0547881
 0.489586 0.350436 0.124641 0.00915232 0.0261841
 0.512592 0.349198 0.0948908 0.0337502 0.00956837
 0.48902 0.361655 0.106983 0.0290714 0.0132713
 0.493836 0.346764 0.112818 0.0333731 0.0132088
 0.304349 0.475181 0.15104 0.0491402 0.0202897
 0.810182 0.0939506 0.0654848 0.0208149 0.00956815
 0.553605 0.403571 0.0211953 0.0147734 0.00685442
 0.418176 0.418773 0.147409 0.00774181 0.0078998
 0.481966 0.311392 0.148733 0.0523541 0.00555531
 0.316738 0.455007 0.137205 0.0655343 0.025516
 0.00403588 0.503311 0.328074 0.0989292 0.0656501
pobs_PELACES
 0 0 0 0 0
 0 0 0 0 0
 0 0 0 0 0
 0 0 0 0 0
 0 0 0 0 0
 0 0 0 0 0
 0 0 0 0 0
 0 0 0 0 0
 0 0 0 0 0
 0 0 0 0 0
 0.450072 0.473896 0.0757376 0.000293798 0
 0 0 0 0 0
 0.463077 0.371075 0.160297 0.00555027 0
 0.529543 0.364841 0.0842815 0.0213345 0
 0.631943 0.363953 0.00410389 0 0
 0.735681 0.248677 0.0153453 0.000297389 0
 0.695825 0.281241 0.0229344 0 0
 0.275771 0.60734 0.115278 0.00161068 0
 0 0 0 0 0
 0.896147 0.0623911 0.0374545 0.00400742 0
 0.803859 0.145111 0.0509908 3.86294e-05 0
 0.739449 0.233085 0.0266225 0.000797448 4.60066e-05
 0.878498 0.100942 0.0204185 0.000141795 0
 0.694673 0.275183 0.0284847 0.00165964 0
 0 0 0 0 0
ppred_PELACES
 0.0621231 0.472141 0.234458 0.116429 0.114849
 0.879992 0.0145558 0.0530863 0.0263619 0.0260042
 0.00555473 0.933046 0.00744715 0.0271605 0.026792
 0.124489 0.0103338 0.811759 0.0064791 0.0469392
 0.837828 0.0367605 0.00148025 0.11628 0.00765186
 0.542886 0.417018 0.0090888 0.000365983 0.0306413
 0.633829 0.263063 0.0940637 0.00205009 0.00699409
 0.668241 0.259882 0.0516377 0.0184641 0.00177532
 0.787691 0.172693 0.0310333 0.00616622 0.00241685
 0.70971 0.257484 0.0266851 0.00479538 0.00132629
 0.240068 0.633436 0.1122 0.0116282 0.00266756
 0.143683 0.339712 0.430613 0.0762743 0.00971835
 0.623181 0.0975979 0.11077 0.140411 0.0280398
 0.496287 0.39245 0.0288174 0.0327068 0.0497378
 0.534966 0.31928 0.113559 0.00833861 0.0238562
 0.535805 0.332568 0.0903717 0.0321428 0.00911269
 0.510138 0.346708 0.102561 0.0278698 0.0127228
 0.510243 0.335524 0.109161 0.0322914 0.0127806
 0.320412 0.464209 0.147553 0.0480055 0.0198212
 0.820021 0.0890806 0.0620903 0.0197359 0.00907217
 0.559286 0.398436 0.0209256 0.0145854 0.0067672
 0.425772 0.413306 0.145485 0.00764075 0.00779667
 0.493322 0.304566 0.145472 0.0512065 0.00543353
 0.330761 0.445668 0.134389 0.0641893 0.0249923
 0.00458236 0.503034 0.327894 0.0988749 0.065614
pobs_pel_tallas
 0 0 0 0 0 0 0 0 0 0 0 0 0 0 0 0 0 0 0 0 0 0 0 0 0 0 0 0 0 0 0 0 0 0 0 0
 0 0 0 0 0 0 0 0 0 0 0 0 0 0 0 0 0 0 0 0 0 0 0 0 0 0 0 0 0 0 0 0 0 0 0 0
 0 0 0 0 0 0 0 0 0 0 0 0 0 0 0 0 0 0 0 0 0 0 0 0 0 0 0 0 0 0 0 0 0 0 0 0
 0 0 0 0 0 0 0 0 0 0 0 0 0 0 0 0 0 0 0 0 0 0 0 0 0 0 0 0 0 0 0 0 0 0 0 0
 0 0 0 0 0 0 0 0 0 0 0 0 0 0 0 0 0 0 0 0 0 0 0 0 0 0 0 0 0 0 0 0 0 0 0 0
 0 0 0 0 0 0 0 0 0 0 0 0 0 0 0 0 0 0 0 0 0 0 0 0 0 0 0 0 0 0 0 0 0 0 0 0
 0 0 0 0 0 0 0 0 0 0 0 0 0 0 0 0 0 0 0 0 0 0 0 0 0 0 0 0 0 0 0 0 0 0 0 0
 0 0 0 0 0 0 0 0 0 0 0 0 0 0 0 0 0 0 0 0 0 0 0 0 0 0 0 0 0 0 0 0 0 0 0 0
 0 0 0 0 0 0 0 0 0 0 0 0 0 0 0 0 0 0 0 0 0 0 0 0 0 0 0 0 0 0 0 0 0 0 0 0
 0 0 0 0 0 0 0 0 0 0 0 0 0 0 0 0 0 0 0 0 0 0 0 0 0 0 0 0 0 0 0 0 0 0 0 0
 0 0 0 0 0 0 0 0 1.78061e-05 0.00172719 0.00360574 0.0105946 0.0120993 0.0124554 0.0147524 0.0171206 0.0266825 0.0428682 0.0675386 0.121331 0.153587 0.119568 0.100827 0.0573624 0.0630603 0.0341343 0.0324427 0.0444173 0.0211091 0.0280891 0.0125444 0.00206551 0 0 0 0
 0 0 0 0 0 0 0 0 0 0 0 0 0 0 0 0 0 0 0 0 0 0 0 0 0 0 0 0 0 0 0 0 0 0 0 0
 0 0 0 0 0 0 0.0133647 0.0140871 0.0187388 0.0205184 0.03894 0.0496705 0.03968 0.0493445 0.0407372 0.0367815 0.0215668 0.0243155 0.0234873 0.0199281 0.019796 0.0243948 0.0301388 0.0376714 0.0412746 0.0863199 0.0771752 0.113111 0.0741005 0.0525337 0.0229764 0.00759418 0.00175318 0 0 0
 0 0 0 0 0 0 0 0 0 0 0.00219441 0.00772107 0.0458388 0.0604681 0.0671733 0.0775358 0.0609151 0.0617685 0.073594 0.0568108 0.0755445 0.0548602 0.0670107 0.0636378 0.0643287 0.046367 0.0373049 0.0286899 0.0247887 0.0153202 0.00654259 0.00121912 0.000365735 0 0 0
 0 0 0 0 0 0 0 0 0 0 0 0 0.000112435 0.00938835 0.0111873 0.0202946 0.0414886 0.0713402 0.111592 0.104902 0.108894 0.110636 0.117776 0.105296 0.107544 0.0401394 0.0192827 0.0124803 0.00416011 0.0028671 0.000618394 0 0 0 0 0
 0 0 0 0 0 0 0 0 0 0 0.00291406 0.0102884 0.027416 0.0768956 0.0749926 0.110853 0.0956884 0.0897413 0.0766577 0.0534642 0.0500743 0.0551293 0.0594112 0.0620874 0.0668451 0.0424026 0.0208742 0.0120726 0.0048766 0.00582813 0.00118941 0.000297354 0 0 0 0
 0 0.00264628 0.0354308 0.0461629 0.0458689 0.0383711 0.0214643 0.0164657 0.0346957 0.0420465 0.0363128 0.0245516 0.0311673 0.0291091 0.0169068 0.0133784 0.00837989 0.0085269 0.0148486 0.0160247 0.0276389 0.0546898 0.0760071 0.122758 0.109233 0.0665981 0.0333725 0.0166128 0.00676272 0.00308733 0.000882094 0 0 0 0 0
 0 0 0 0 0 0 0 0.000805153 0.000690131 0.00759144 0.0133425 0.0154129 0.00931677 0.000345066 0.00356568 0.00563607 0.00851162 0.0253048 0.0502646 0.0516448 0.0657925 0.0565908 0.0611916 0.0827007 0.0866115 0.110766 0.145733 0.0935128 0.0569358 0.0249597 0.0138026 0.00621118 0.00161031 0.00115022 0 0
 0 0 0 0 0 0 0 0 0 0 0 0 0 0 0 0 0 0 0 0 0 0 0 0 0 0 0 0 0 0 0 0 0 0 0 0
 0.00147267 0.00158595 0.00478618 0.00569244 0.00954404 0.0108468 0.00647125 0.017049 0.0510054 0.094081 0.124002 0.0959785 0.0687766 0.0820023 0.061753 0.0591476 0.0492212 0.0479892 0.0443925 0.0268479 0.0217502 0.0140895 0.0121071 0.0120363 0.00920419 0.00665534 0.0049561 0.00860946 0.00930331 0.0156896 0.0114698 0.00855282 0.00243557 0.00046729 0 2.83206e-05
 0 0 0 0 0.000772559 0.00158375 0.000888443 0.00281984 0.00712685 0.0440552 0.0773331 0.111326 0.0921469 0.0852325 0.0710754 0.0886704 0.0786465 0.0553345 0.0373146 0.0185414 0.00753245 0.00457741 0.012979 0.0271748 0.0457355 0.0583668 0.034881 0.0177882 0.00938659 0.00492506 0.0015258 0.00185414 0.000309023 5.79419e-05 3.86279e-05 0
 0 0.00173294 0.00326652 0 0.00397197 0.00683976 0.00946217 0.0152591 0.00757587 0.0136028 0.0228656 0.0392903 0.0559909 0.0764795 0.0681675 0.0726916 0.0566044 0.0477403 0.0527397 0.0444891 0.0609904 0.0582453 0.0661739 0.0445044 0.0529084 0.0360697 0.0280645 0.0235558 0.0158879 0.00826598 0.00280645 0.00217768 0.000904811 0.00058276 9.20147e-05 0
 0 0 0 0 0 0 0 0 0 0 0 0 0 0 0 0 0 0 0 0 0 0 0 0 0 0 0 0 0 0 0 0 0 0 0 0
 0 0 0 0 0 0 0 0 0 0 0 0 0 0 0 0 0 0 0 0 0 0 0 0 0 0 0 0 0 0 0 0 0 0 0 0
 0 0 0 0 0 0 0 0 0 0 0 0 0 0 0 0 0 0 0 0 0 0 0 0 0 0 0 0 0 0 0 0 0 0 0 0
ppred_pel_tallas
 1.12849e-16 2.74084e-06 1.60086e-05 7.59372e-05 0.000292094 0.000910616 0.00230064 0.00471129 0.00782426 0.0105526 0.0116015 0.0105148 0.00814152 0.00599447 0.00523998 0.00629824 0.00911619 0.0135415 0.0194387 0.0266053 0.0346672 0.0430517 0.0510507 0.0579486 0.0631681 0.0663832 0.0675637 0.066934 0.0648725 0.0617888 0.0580254 0.0538117 0.0492727 0.0444726 0.0394675 0.0343431
 1.0288e-16 3.8385e-05 0.000225314 0.00107109 0.00412385 0.0128599 0.0324829 0.0664629 0.110164 0.147931 0.160934 0.14185 0.101311 0.0586631 0.0276066 0.010693 0.00365528 0.00150891 0.00123226 0.00157471 0.00215506 0.00288084 0.00372363 0.00465798 0.00564976 0.00665551 0.00762413 0.00849934 0.00922341 0.00974239 0.0100125 0.010007 0.00972081 0.00917345 0.0084068 0.00747984
 1.02595e-16 2.92588e-07 1.59355e-06 7.31381e-06 2.77204e-05 8.60655e-05 0.000218445 0.000454318 0.000780863 0.00113264 0.00145389 0.00180885 0.00244294 0.00374117 0.00613934 0.0100612 0.0158748 0.0238156 0.0338592 0.0455901 0.0581337 0.0702108 0.0803315 0.0870975 0.089529 0.0873079 0.0808589 0.0712311 0.0598311 0.0480942 0.0372 0.0279064 0.0205221 0.0149888 0.0110201 0.00824049
 1.13943e-16 5.44334e-06 3.19127e-05 0.000151631 0.000583678 0.00182001 0.00459715 0.0094069 0.0155953 0.0209515 0.0228191 0.0201757 0.0145487 0.00871351 0.00466892 0.00286482 0.00282054 0.00398913 0.00613049 0.00926749 0.0135292 0.019028 0.0257802 0.0336522 0.0423283 0.0513074 0.0599365 0.0674812 0.0732267 0.0765896 0.0772162 0.0750442 0.0703152 0.0635289 0.0553578 0.0465365
 1.04387e-16 3.65472e-05 0.000214522 0.00101979 0.0039263 0.0122439 0.0309269 0.0632792 0.104888 0.140847 0.153233 0.135075 0.0964991 0.055931 0.0264228 0.0104131 0.00384851 0.00198957 0.00196006 0.00256166 0.00341489 0.00440846 0.00549041 0.00661689 0.00774741 0.00884729 0.00988742 0.0108397 0.0116712 0.0123398 0.0127954 0.0129866 0.0128723 0.0124331 0.0116796 0.010654
 1.0171e-16 2.37018e-05 0.000139074 0.000661016 0.00254482 0.00793566 0.0200452 0.0410174 0.0679995 0.0913474 0.0994725 0.0879047 0.06328 0.037646 0.0196053 0.0109057 0.00908171 0.0111668 0.0152845 0.0204738 0.0261066 0.031557 0.0361506 0.0392617 0.0404517 0.0395759 0.0368197 0.0326458 0.0276751 0.022541 0.0177627 0.0136721 0.0104025 0.00792567 0.00611403 0.00480313
 1.01819e-16 2.76614e-05 0.000162334 0.000771625 0.00297074 0.00926392 0.0234001 0.0478806 0.0793711 0.106604 0.116036 0.102421 0.0734673 0.0431811 0.0215274 0.0104576 0.00700958 0.00767063 0.0102687 0.013798 0.0177508 0.0217135 0.0252554 0.0279657 0.0295328 0.0298124 0.0288532 0.0268726 0.0241926 0.0211592 0.0180731 0.0151487 0.0125063 0.0101895 0.00819335 0.00649169
 1.01536e-16 2.91617e-05 0.000171142 0.000813503 0.00313198 0.00976675 0.0246702 0.0504793 0.0836782 0.112387 0.122325 0.10796 0.0774123 0.0454434 0.0225495 0.0107761 0.00698714 0.00746682 0.00991656 0.0132743 0.0170131 0.0207159 0.0239572 0.0263382 0.0275665 0.0275215 0.0262795 0.0240847 0.0212817 0.0182315 0.0152388 0.0125101 0.0101466 0.00816481 0.00652898 0.00518301
 1.00822e-16 3.43667e-05 0.000201708 0.000958836 0.00369158 0.0115119 0.029078 0.0594974 0.0986233 0.132447 0.144126 0.127123 0.0909836 0.0530681 0.0256971 0.0112197 0.00587781 0.00524684 0.00661027 0.00876605 0.0112098 0.0136268 0.0157267 0.0172437 0.0179847 0.0178726 0.0169628 0.0154233 0.0134897 0.0114081 0.00938626 0.0075644 0.00601067 0.00473414 0.0037071 0.00288667
 1.0069e-16 3.09698e-05 0.000181757 0.000863971 0.0033263 0.0103727 0.0262008 0.053611 0.0888689 0.119357 0.129905 0.114637 0.0821718 0.0481799 0.0237997 0.0111916 0.0070121 0.00730231 0.0096126 0.0128135 0.0163534 0.0198071 0.0227488 0.0247854 0.0256368 0.0252008 0.0235776 0.0210388 0.017957 0.014718 0.0116443 0.00895072 0.00673552 0.00500123 0.00368955 0.00271646
 1.02324e-16 1.05067e-05 6.15859e-05 0.000292584 0.00112618 0.00351165 0.00887079 0.0181554 0.0301122 0.0404928 0.0442039 0.0393232 0.0288737 0.0183136 0.0116215 0.00977624 0.011891 0.0167993 0.0236893 0.0319607 0.0409346 0.0497299 0.0573293 0.0627629 0.0653237 0.0647327 0.0611992 0.0553505 0.0480636 0.0402559 0.0327032 0.0259324 0.0202013 0.0155462 0.0118628 0.00898565
 1.09299e-16 6.29264e-06 3.68711e-05 0.000175142 0.000674097 0.0021019 0.00530957 0.0108669 0.0180238 0.024238 0.0264618 0.0235462 0.0173036 0.0110077 0.00705313 0.00605082 0.00751256 0.0108068 0.0155421 0.0214799 0.02835 0.0357538 0.0431713 0.0500338 0.0558211 0.0601451 0.0627955 0.0637352 0.0630607 0.0609456 0.0575959 0.0532277 0.0480672 0.0423585 0.0363679 0.0303735
 1.0774e-16 2.71903e-05 0.000159583 0.000758584 0.00292059 0.00910756 0.0230049 0.0470709 0.0780244 0.104782 0.114017 0.100556 0.0719478 0.0419235 0.0202281 0.00872131 0.0044397 0.00390695 0.0050188 0.00689322 0.00922221 0.0118597 0.0146719 0.0175132 0.020239 0.0227224 0.0248629 0.0265835 0.0278219 0.0285227 0.0286367 0.0281289 0.026993 0.0252651 0.0230304 0.0204182
 1.03985e-16 2.16689e-05 0.000127141 0.000604292 0.00232642 0.00725461 0.0183249 0.0374974 0.0621644 0.0835104 0.0909425 0.0803762 0.0578814 0.034477 0.0180345 0.0101616 0.00861662 0.0107005 0.0147105 0.0197779 0.0253338 0.0308056 0.0355698 0.0390415 0.0408014 0.0406938 0.03886 0.0356903 0.0317158 0.0274768 0.0234117 0.0197947 0.0167308 0.0141938 0.0120845 0.0102857
 1.03118e-16 2.33528e-05 0.000137033 0.000651332 0.00250756 0.00781951 0.0197517 0.0404162 0.0670004 0.0899983 0.0979849 0.086546 0.0622063 0.0368167 0.0188276 0.00993255 0.00767907 0.00913838 0.0124869 0.0168446 0.0217035 0.0265907 0.0309922 0.0344132 0.0364771 0.0370069 0.0360567 0.033881 0.0308576 0.027391 0.0238294 0.0204174 0.0172886 0.0144886 0.0120104 0.00982732
 1.02922e-16 2.33899e-05 0.00013725 0.000652359 0.00251151 0.00783182 0.0197828 0.0404799 0.0671065 0.0901416 0.0981435 0.0866921 0.0623243 0.0369125 0.0189238 0.0100584 0.0078628 0.00940422 0.0128525 0.0173168 0.0222731 0.0272284 0.031648 0.0350208 0.0369637 0.0373059 0.0361208 0.0336916 0.0304281 0.0267637 0.0230664 0.0195885 0.0164598 0.0137129 0.0113235 0.00924684
 1.03121e-16 2.22713e-05 0.000130681 0.000621129 0.00239126 0.00745683 0.0188356 0.038542 0.0638948 0.0858304 0.0934572 0.0825706 0.0594007 0.0352603 0.0182231 0.00992279 0.00803835 0.00978901 0.0134357 0.0181208 0.0233211 0.0285281 0.0331855 0.036759 0.0388466 0.0392658 0.0380879 0.0356026 0.0322322 0.0284248 0.0245627 0.0209097 0.0176044 0.0146857 0.0121336 0.00990696
 1.03366e-16 2.22754e-05 0.000130706 0.000621251 0.00239174 0.0074583 0.0188393 0.0385496 0.063907 0.0858459 0.0934716 0.0825776 0.0593934 0.0352312 0.018163 0.00981863 0.00787343 0.00954465 0.0130952 0.0176748 0.0227733 0.0278998 0.0325167 0.0361062 0.0382755 0.038841 0.0378615 0.0356055 0.032469 0.0288741 0.0251821 0.0216444 0.0183956 0.0154789 0.0128841 0.0105829
 1.04822e-16 1.40032e-05 8.21291e-05 0.000390283 0.00150241 0.00468493 0.0118342 0.0242175 0.0401554 0.0539643 0.0588208 0.0521147 0.0378086 0.0230817 0.013104 0.00901924 0.00948807 0.012853 0.0180429 0.0244365 0.0314993 0.038593 0.0449824 0.0499535 0.0529641 0.0537617 0.0524288 0.049337 0.0450335 0.0401006 0.0350351 0.030181 0.0257208 0.0217106 0.0181338 0.0149502
 1.02013e-16 3.57731e-05 0.000209973 0.000998143 0.00384295 0.0119839 0.0302703 0.0619363 0.102663 0.137865 0.150002 0.132257 0.0945531 0.0549385 0.0262089 0.0107745 0.00469108 0.00333507 0.00388958 0.00515486 0.0067028 0.00834034 0.00991588 0.011287 0.0123369 0.0129944 0.0132431 0.0131163 0.012679 0.0120073 0.0111705 0.0102224 0.00920141 0.00813638 0.00705385 0.00598236
 1.01245e-16 2.44163e-05 0.00014327 0.000680968 0.00262164 0.00817524 0.0206503 0.0422554 0.070051 0.0941006 0.102464 0.0905309 0.0651337 0.0386751 0.0200065 0.0109159 0.00885136 0.0107494 0.0146791 0.0196654 0.0250916 0.0303556 0.0348106 0.0378547 0.0390622 0.0382862 0.0356939 0.0317178 0.0269438 0.0219738 0.0173056 0.0132639 0.00998813 0.00746616 0.00559162 0.00422057
 1.02827e-16 1.85954e-05 0.000109094 0.000518485 0.00199604 0.00622431 0.0157225 0.0321728 0.0533398 0.0716635 0.0780621 0.0690421 0.0498278 0.0298982 0.0160415 0.00967975 0.00893482 0.0115294 0.0160206 0.0216482 0.0278674 0.0340878 0.039644 0.043892 0.0463435 0.0467722 0.0452558 0.0421366 0.037921 0.0331534 0.028306 0.0237152 0.0195696 0.0159365 0.0128079 0.0101417
 1.04178e-16 2.15364e-05 0.00012637 0.000600643 0.0023124 0.00721091 0.0182144 0.0372707 0.0617865 0.0829961 0.0903654 0.0798257 0.0573972 0.0340138 0.0174755 0.00935475 0.00740251 0.00893205 0.0122754 0.0166318 0.0215386 0.0265579 0.0312054 0.0350051 0.037582 0.0387376 0.0384818 0.0370068 0.0346202 0.0316601 0.0284236 0.0251273 0.0219033 0.0188201 0.0159121 0.0132044
 1.05427e-16 1.44536e-05 8.47754e-05 0.000402868 0.00155087 0.00483606 0.0122159 0.0249984 0.0414492 0.0556999 0.0607045 0.0537642 0.0389633 0.0237028 0.0133068 0.00894069 0.00920686 0.0123838 0.0173651 0.0235239 0.0303401 0.0372026 0.0434096 0.0482795 0.0512948 0.0522137 0.0511133 0.0483438 0.0444201 0.0398873 0.0352063 0.0306911 0.0265028 0.0226859 0.0192212 0.0160733
 1.11282e-16 2.33417e-07 1.2841e-06 5.92672e-06 2.25219e-05 6.99548e-05 0.000177251 0.000366947 0.00062459 0.000888319 0.00109731 0.00127888 0.00159487 0.00230502 0.00369631 0.00604267 0.0095926 0.0145401 0.0209597 0.0287287 0.0374766 0.0465942 0.0553142 0.0628501 0.0685532 0.0720368 0.073229 0.0723375 0.0697507 0.0659132 0.0612238 0.0559843 0.0504004 0.0446165 0.0387594 0.0329668
pSPR Fmed_Fpbrs
0.46277   0.254687 0.254687
Fs Fmed_Fpbrs
0.458314   1.005 1.005
SSBpbr Bo_Bmed_Bpbrs
849158  350507  173812 173812
Ro
16983.5
SPR SPRFo_SPRFmed_SPRFpbrs
350023 161980 89146.3
log_Ro
9.56
likeval ReclasPelacesDesembMPH_pf_preclas_ppelaces_ptallas_desvR_qrecl_qpela
 114.014 121.02 0.194838 0.000544815 377.466 223.903 77.328 0 102.319 0 0 0 0 0 0
q_reclas_q_pelaces
1 1
M
0.7
N
 2174.18 10097.1 5014.05 2489.91 2456.13
 86185.2 847.888 3092.33 1535.6 1514.77
 298.269 34722.3 277.138 1010.75 997.035
 2077.28 99.9469 7851.24 62.6651 453.99
 38113.8 863.312 34.7634 2730.81 179.702
 33442.8 18211.3 396.91 15.9826 1338.11
 42505.4 10904.9 3899.27 84.9834 289.929
 57196.5 16347.6 3248.2 1161.46 111.674
 123870 17858 3209.13 637.643 249.925
 216998 44219.5 4582.83 823.546 227.773
 58408.7 93666.1 16591 1719.47 394.452
 15895.9 22926.7 29061.5 5147.65 655.879
 57951.6 6211.62 7049.98 8936.43 1784.59
 29739.1 19714.7 1447.64 1643.02 2498.57
 16809.8 7923.37 2818.13 206.934 592.024
 12269.9 4812.39 1307.71 465.119 131.864
 10934.5 4595.47 1359.4 369.403 168.636
 10839.1 4203.42 1367.56 404.543 160.114
 5045.93 4411.8 1402.33 456.24 188.379
 31206.6 1997.57 1392.33 442.564 203.437
 33687.4 12714.6 667.763 465.439 215.95
 29722.8 15601.7 5491.82 288.426 294.312
 38808.8 13430.7 6415.03 2258.1 239.608
 21216.1 16792.1 5063.58 2418.56 941.672
 114.7 8676.71 5655.77 1705.47 1131.76
pred_Ctot
 340.37 2861.05 1420.75 705.525 695.954
 11837.6 213.468 778.538 386.61 381.366
 71.3499 14219.1 113.491 413.911 408.296
 246.153 21.9778 1726.45 13.7797 99.8301
 1038.42 46.2562 1.86262 146.316 9.62843
 8459.61 7811.85 170.257 6.85582 573.993
 6995.68 3231.25 1155.4 25.1816 85.9094
 15682.1 7489.5 1488.14 532.115 51.1626
 25522.7 6443.06 1157.83 230.057 90.1712
 20573.9 7899.98 818.74 147.129 40.6925
 8922.49 25962.9 4598.79 476.611 109.336
 2469.81 6452.58 8179.17 1448.77 184.593
 13413.3 2474.37 2808.33 3559.78 710.883
 10269.9 10816.4 794.246 901.443 1370.84
 5282.98 4045.09 1438.73 105.645 302.244
 2204.25 1540.95 418.737 148.934 42.2236
 1802.57 1363.67 403.393 109.618 50.0415
 1422.09 1014.95 330.209 97.6803 38.6609
 745.604 1186.79 377.232 122.731 50.6747
 4075.31 480.286 334.766 106.408 48.9135
 1638.75 1200.17 63.0322 43.9342 20.3842
 1935.42 1950.9 686.722 36.0661 36.8021
 3619.86 2362.88 1128.6 397.269 42.1543
 2722.36 3972.97 1198.03 572.224 222.797
 27.0345 3509.42 2287.56 689.801 457.757
F
 0.24166 0.483321 0.483321 0.483321 0.483321
 0.209117 0.418234 0.418234 0.418234 0.418234
 0.393355 0.78671 0.78671 0.78671 0.78671
 0.178037 0.356075 0.356075 0.356075 0.356075
 0.0385334 0.0770668 0.0770668 0.0770668 0.0770668
 0.420627 0.841253 0.841253 0.841253 0.841253
 0.255554 0.511108 0.511108 0.511108 0.511108
 0.464039 0.928079 0.928079 0.928079 0.928079
 0.330068 0.660136 0.660136 0.660136 0.660136
 0.140152 0.280304 0.280304 0.280304 0.280304
 0.235161 0.470321 0.470321 0.470321 0.470321
 0.239639 0.479279 0.479279 0.479279 0.479279
 0.378243 0.756486 0.756486 0.756486 0.756486
 0.622645 1.24529 1.24529 1.24529 1.24529
 0.550768 1.10154 1.10154 1.10154 1.10154
 0.282073 0.564147 0.564147 0.564147 0.564147
 0.256021 0.512043 0.512043 0.512043 0.512043
 0.198883 0.397765 0.397765 0.397765 0.397765
 0.226651 0.453302 0.453302 0.453302 0.453302
 0.197877 0.395753 0.395753 0.395753 0.395753
 0.0697469 0.139494 0.139494 0.139494 0.139494
 0.0943673 0.188735 0.188735 0.188735 0.188735
 0.137736 0.275472 0.275472 0.275472 0.275472
 0.194117 0.388235 0.388235 0.388235 0.388235
 0.386478 0.772956 0.772956 0.772956 0.772956
nmprior
 10 11 7 0
nm_flota  nm_reclas  nm_pelaces    nm_pelaL
inf 12.0469 9.30489 14.5363
cv_recla  cv_pelaces  cv_mph
0.965839 1.29448 0.757291
 ------------------------------------------------
Talla a la edad & desviación 
 7.2 14.2025 17.0495 18.207 18.6776
 1.08 2.13037 2.55742 2.73105 2.80164
