years
 1997 1998 1999 2000 2001 2002 2003 2004 2005 2006 2007 2008 2009 2010 2011 2012 2013 2014 2015 2016 2017 2018 2019 2020 2021
reclasobs
 0 0 0 370054 412103 1.49427e+06 250295 1.28982e+06 931140 785840 897777 1.04006e+06 184774 17550 25797 100020 73551 82996 120727 218422 84188 347160 605670 569463 516374
reclaspred
 2.05427e+06 300848 538167 207847 275326 351121 691359 569444 846366 1.14871e+06 1.18056e+06 793431 446275 202262 130878 123015 136127 178346 178502 238692 413498 408906 597788 532231 433072
pelacesobs
 0 0 0 0 0 0 0 0 0 2.06254e+06 1.5e+06 0 1.87456e+06 323000 250000 174000 83755 137374 0 501740 490994 745055 786931 1.00524e+06 0
pelacespred
 966842 364500 166939 146129 161316 150269 357984 339699 475459 670898 607818 423221 237808 86168.3 54820.2 58788.4 67994.9 89696.2 94318.1 121506 232033 241348 268056 283983 225178
mphobs
 0 0 0 0 0 112323 0 153150 637223 0 255016 313432 73983 77613 109348 50772 0 0 0 0 0 0 0 0 0
mphpred
 1.46571e+06 669616 386268 248582 182178 333743 408937 570924 613895 901586 1.17853e+06 848402 496179 264278 122314 104621 110157 140012 161825 170114 291609 390771 441760 488108 475599
desembarqueobs
 350755 77701 442110 56441 14545 235359 269955 359681 431902 328805 639364 411747 362871 311530 167758 66681 60226 58785 57116 71774 51957 67425 138520 160799 200461
desembarquepred
 350735 77683 441779 56429.8 14544.3 235276 269889 359389 431642 328638 638871 411541 362543 311276 167559 66660.1 60220.7 58765.3 57090.4 71738.9 51947.7 67400 138468 160752 200456
Reclutas
 23641.3 28841.3 8783.24 13856.5 47419.5 25455.8 63343.1 73693.9 129429 168630 69224 33012.2 48125.1 28068.3 19568.4 15246.6 12273.6 12700.7 11935.5 27925.1 39094.6 36721.5 44585.9 35893 3662
log_desv_Rt
 -0.209249 -0.0104373 -1.1994 -0.743487 0.48679 -0.135301 0.776321 0.927675 1.49089 1.75546 0.865102 0.124633 0.50156 -0.0376029 -0.398326 -0.647889 -0.864793 -0.830588 -0.89273 -0.0427186 0.293739 0.231118 0.425173 0.208297 -2.07424
SSB
 1.46571e+06 669616 386268 248582 182178 333743 408937 570924 613895 901586 1.17853e+06 848402 496179 264278 122314 104621 110157 140012 161825 170114 291609 390771 441760 488108 475599
BT
 2.32798e+06 824456 599553 360835 423975 478551 1.23173e+06 1.20526e+06 1.70487e+06 1.97518e+06 1.84354e+06 1.22626e+06 891458 483470 280128 187670 208312 251704 244958 354248 611106 544075 647533 721300 587145
Ftot
 0.16559 0.249086 0.754903 0.261751 0.0516418 0.625998 0.374659 0.595791 0.486375 0.276216 0.511329 0.49045 0.752398 1.33222 1.14604 0.513262 0.422269 0.316766 0.307393 0.289829 0.122324 0.160015 0.223888 0.290591 0.438943
BD_Bspro_t
 0.974599 0.827003 0.649038 0.37406 0.444919 0.65324 0.534637 0.57196 0.54782 0.58466 0.61486 0.459743 0.340463 0.245617 0.146408 0.150751 0.207734 0.318955 0.407802 0.482425 0.636366 0.749939 0.742482 0.699893 0.61174
BD_Bspro
 2.44025 1.11483 0.643092 0.413862 0.303305 0.555644 0.680834 0.950524 1.02207 1.50104 1.96212 1.41249 0.826082 0.439993 0.203639 0.174182 0.183399 0.233104 0.269421 0.283221 0.485496 0.650589 0.735481 0.812644 0.791818
BD_Bo
 1.5374 0.702365 0.405159 0.26074 0.191088 0.350065 0.428937 0.598846 0.643918 0.945679 1.23617 0.889895 0.520446 0.277203 0.128296 0.109737 0.115545 0.14686 0.16974 0.178434 0.305871 0.409882 0.463366 0.51198 0.498859
BD_Brms
 7.51096 3.43141 1.97941 1.27385 0.933559 1.71025 2.09558 2.92567 3.14587 4.62012 6.0393 4.34759 2.54264 1.35428 0.626793 0.536123 0.564494 0.717484 0.829265 0.871741 1.49433 2.00248 2.26378 2.50128 2.43718
S_f
 0.5 1 1 1 1
 0.5 1 1 1 1
 0.5 1 1 1 1
 0.5 1 1 1 1
 0.5 1 1 1 1
 0.5 1 1 1 1
 0.5 1 1 1 1
 0.5 1 1 1 1
 0.5 1 1 1 1
 0.5 1 1 1 1
 0.5 1 1 1 1
 0.5 1 1 1 1
 0.5 1 1 1 1
 0.5 1 1 1 1
 0.5 1 1 1 1
 0.5 1 1 1 1
 0.5 1 1 1 1
 0.5 1 1 1 1
 0.5 1 1 1 1
 0.5 1 1 1 1
 0.5 1 1 1 1
 0.5 1 1 1 1
 0.5 1 1 1 1
 0.5 1 1 1 1
 0.5 1 1 1 1
Scru_reclas
 0.5 1 1 1 1
 0.5 1 1 1 1
 0.5 1 1 1 1
 0.5 1 1 1 1
 0.5 1 1 1 1
 0.5 1 1 1 1
 0.5 1 1 1 1
 0.5 1 1 1 1
 0.5 1 1 1 1
 0.5 1 1 1 1
 0.5 1 1 1 1
 0.5 1 1 1 1
 0.5 1 1 1 1
 0.5 1 1 1 1
 0.5 1 1 1 1
 0.5 1 1 1 1
 0.5 1 1 1 1
 0.5 1 1 1 1
 0.5 1 1 1 1
 0.5 1 1 1 1
 0.5 1 1 1 1
 0.5 1 1 1 1
 0.5 1 1 1 1
 0.5 1 1 1 1
 0.5 1 1 1 1
Scru_pelaces
 0.5 1 1 1 1
 0.5 1 1 1 1
 0.5 1 1 1 1
 0.5 1 1 1 1
 0.5 1 1 1 1
 0.5 1 1 1 1
 0.5 1 1 1 1
 0.5 1 1 1 1
 0.5 1 1 1 1
 0.5 1 1 1 1
 0.5 1 1 1 1
 0.5 1 1 1 1
 0.5 1 1 1 1
 0.5 1 1 1 1
 0.5 1 1 1 1
 0.5 1 1 1 1
 0.5 1 1 1 1
 0.5 1 1 1 1
 0.5 1 1 1 1
 0.5 1 1 1 1
 0.5 1 1 1 1
 0.5 1 1 1 1
 0.5 1 1 1 1
 0.5 1 1 1 1
 0.5 1 1 1 1
pf_obs 
 0.256992 0.487395 0.22802 0.0275931 0
 0.321318 0.546541 0.124235 0.00734118 0.000564706
 0.182869 0.594174 0.210203 0.0122559 0.00049798
 0.330522 0.361315 0.267642 0.0388342 0.00168674
 0.649043 0.306663 0.0425973 0.00169635 0
 0.582887 0.30429 0.105238 0.00758474 0
 0.465427 0.430635 0.0974691 0.00646863 0
 0.296916 0.608066 0.0921331 0.00288517 0
 0.311714 0.524322 0.152257 0.0117073 0
 0.15457 0.633149 0.183074 0.0267441 0.00246327
 0.131901 0.49318 0.331252 0.0422183 0.00144891
 0.196976 0.569456 0.194076 0.0375587 0.00193317
 0.518974 0.381816 0.0799577 0.0180837 0.00116848
 0.0928022 0.601141 0.25162 0.0475244 0.00691264
 0.122501 0.610282 0.24278 0.0234846 0.000952079
 0.383417 0.481906 0.127806 0.00687128 0
 0.0376549 0.599619 0.316969 0.0457579 0
 0.0361596 0.667082 0.258105 0.0386534 0
 0.158088 0.579412 0.248529 0.0139706 0
 0.0477256 0.309471 0.559284 0.082774 0.000745712
 0.0406174 0.521527 0.379366 0.0568643 0.0016247
 0.151134 0.462217 0.34131 0.0453401 0
 0.294876 0.26143 0.354403 0.0886775 0.000613685
 0.281977 0.475581 0.204845 0.0348837 0.00271318
 0 0 0 0 0
pf_pred 
 0.179165 0.550342 0.239412 0.0310783 2.80401e-06
 0.306408 0.217734 0.319046 0.138793 0.0180185
 0.164195 0.406943 0.134629 0.197273 0.0969599
 0.447283 0.182579 0.180215 0.0596207 0.130301
 0.716314 0.180328 0.0341424 0.0337003 0.0355155
 0.345015 0.548027 0.0679893 0.0128727 0.0260965
 0.674597 0.182008 0.119979 0.0148849 0.00853153
 0.567286 0.355752 0.0430467 0.0283763 0.00553822
 0.666203 0.252956 0.0664624 0.00804208 0.00633599
 0.593106 0.334289 0.0550208 0.0144563 0.00312739
 0.285886 0.542289 0.141165 0.0232344 0.00742532
 0.248532 0.362246 0.295571 0.0769411 0.0167109
 0.485424 0.222854 0.140625 0.114741 0.036356
 0.434033 0.397863 0.072803 0.04594 0.0493612
 0.542787 0.320377 0.0961924 0.0176018 0.0230412
 0.544336 0.352023 0.0726235 0.021805 0.00921301
 0.456901 0.399377 0.111032 0.0229063 0.00978344
 0.474245 0.344652 0.133177 0.0370248 0.0109007
 0.439992 0.371877 0.123327 0.0476546 0.0171492
 0.648655 0.222029 0.0858731 0.0284785 0.0149644
 0.572569 0.342175 0.0538768 0.0208377 0.0105417
 0.433419 0.416428 0.120203 0.0189264 0.0110233
 0.460987 0.331782 0.152312 0.0439651 0.0109543
 0.383761 0.397984 0.134344 0.0616736 0.0222378
 0.0696443 0.53515 0.255235 0.0861575 0.0538139
pobs_RECLAS
 0 0 0 0 0
 0 0 0 0 0
 0 0 0 0 0
 0 0 0 0 0
 0.835266 0.146461 0.0176864 0.000547809 3.91292e-05
 0.385257 0.428462 0.181853 0.0044286 0
 0.867414 0.0963971 0.0333333 0.00285562 0
 0.441836 0.489002 0.0689373 0.000224442 0
 0.779404 0.147425 0.0564933 0.0165055 0.000172143
 0.814271 0.122319 0.05973 0.00367925 0
 0.40263 0.566651 0.0304383 0.000280538 0
 0.475488 0.404961 0.113038 0.00651328 0
 0.955842 0.0263864 0.0167828 0.000988607 0
 0.975058 0.0227948 0.00214734 0 0
 0.738997 0.206755 0.0527124 0.00153531 0
 0.850938 0.134255 0.0134407 0.00136685 0
 0.542534 0.407297 0.0501686 0 0
 0.764087 0.199537 0.0359546 0.000420521 0
 0.470689 0.182191 0.310203 0.0369168 0
 0.84361 0.089868 0.0606195 0.00523954 0.000663233
 0.607945 0.314616 0.071237 0.00620181 0
 0.523733 0.453247 0.0230204 0 0
 0.530135 0.295979 0.169645 0.0042399 0
 0.562478 0.366248 0.0663022 0.0049721 0
 0.250443 0.683176 0.0655157 0.000865301 0
ppred_RECLAS
 0.179993 0.549786 0.239171 0.0310469 2.80118e-06
 0.308342 0.217126 0.318157 0.138406 0.0179682
 0.169586 0.404318 0.133761 0.196 0.0963344
 0.449669 0.181791 0.179437 0.0593633 0.129739
 0.716634 0.180125 0.0341039 0.0336623 0.0354754
 0.351784 0.542363 0.0672867 0.0127397 0.0258268
 0.677896 0.180162 0.118763 0.0147339 0.00844501
 0.574111 0.350142 0.0423678 0.0279288 0.00545088
 0.670896 0.2494 0.0655281 0.00792902 0.00624692
 0.595589 0.332249 0.054685 0.0143681 0.0031083
 0.290531 0.538762 0.140247 0.0230833 0.00737703
 0.252552 0.360307 0.293989 0.0765294 0.0166215
 0.495069 0.218677 0.137989 0.112591 0.0356745
 0.456241 0.382251 0.0699462 0.0441373 0.0474243
 0.560478 0.307981 0.0924706 0.0169207 0.0221497
 0.549974 0.347667 0.0717249 0.0215352 0.00909902
 0.461268 0.396166 0.110139 0.0227221 0.00970478
 0.477287 0.342658 0.132406 0.0368106 0.0108377
 0.442889 0.369953 0.122689 0.0474081 0.0170605
 0.651141 0.220458 0.0852656 0.028277 0.0148585
 0.573546 0.341393 0.0537536 0.02079 0.0105176
 0.434748 0.415452 0.119921 0.018882 0.0109974
 0.462974 0.330559 0.15175 0.0438029 0.0109139
 0.386356 0.396308 0.133778 0.0614138 0.0221441
 0.0708523 0.534455 0.254903 0.0860456 0.0537441
pobs_PELACES
 0 0 0 0 0
 0 0 0 0 0
 0 0 0 0 0
 0 0 0 0 0
 0 0 0 0 0
 0 0 0 0 0
 0 0 0 0 0
 0 0 0 0 0
 0 0 0 0 0
 0 0 0 0 0
 0.450072 0.473896 0.0757376 0.000293798 0
 0 0 0 0 0
 0.463077 0.371075 0.160297 0.00555027 0
 0.529543 0.364841 0.0842815 0.0213345 0
 0.631943 0.363953 0.00410389 0 0
 0.735681 0.248677 0.0153453 0.000297389 0
 0.695825 0.281241 0.0229344 0 0
 0.275771 0.60734 0.115278 0.00161068 0
 0 0 0 0 0
 0.896147 0.0623911 0.0374545 0.00400742 0
 0.803859 0.145111 0.0509908 3.86294e-05 0
 0.739449 0.233085 0.0266225 0.000797448 4.60066e-05
 0.878498 0.100942 0.0204185 0.000141795 0
 0.694673 0.275183 0.0284847 0.00165964 0
 0 0 0 0 0
ppred_PELACES
 0.184061 0.547059 0.237984 0.0308929 2.78728e-06
 0.317176 0.214353 0.314093 0.136639 0.0177387
 0.187856 0.395423 0.130818 0.191688 0.094215
 0.460379 0.178254 0.175945 0.0582081 0.127214
 0.718361 0.179027 0.033896 0.0334571 0.0352592
 0.375682 0.522367 0.064806 0.01227 0.0248746
 0.691244 0.172697 0.113841 0.0141234 0.00809507
 0.597954 0.330539 0.0399958 0.0263652 0.00514571
 0.688366 0.236161 0.0620496 0.00750812 0.00591531
 0.606517 0.323271 0.0532073 0.0139798 0.00302431
 0.308223 0.525326 0.13675 0.0225077 0.00719307
 0.268132 0.352797 0.287861 0.0749343 0.016275
 0.526082 0.205246 0.129514 0.105675 0.0334834
 0.511082 0.343699 0.0628919 0.0396859 0.0426414
 0.606398 0.275804 0.0828094 0.0151529 0.0198356
 0.570834 0.331552 0.0684003 0.020537 0.00867726
 0.478622 0.383404 0.106591 0.0219902 0.00939217
 0.490339 0.334102 0.1291 0.0358914 0.0105671
 0.455437 0.361621 0.119926 0.0463403 0.0166762
 0.661924 0.213644 0.0826301 0.0274029 0.0143992
 0.578475 0.337446 0.0531323 0.0205497 0.010396
 0.441247 0.410675 0.118542 0.0186649 0.010871
 0.472171 0.324898 0.149151 0.0430528 0.010727
 0.397784 0.388927 0.131287 0.0602701 0.0217317
 0.075771 0.531625 0.253554 0.0855901 0.0534596
pobs_pel_tallas
 0 0 0 0 0 0 0 0 0 0 0 0 0 0 0 0 0 0 0 0 0 0 0 0 0 0 0 0 0 0 0 0 0 0 0 0
 0 0 0 0 0 0 0 0 0 0 0 0 0 0 0 0 0 0 0 0 0 0 0 0 0 0 0 0 0 0 0 0 0 0 0 0
 0 0 0 0 0 0 0 0 0 0 0 0 0 0 0 0 0 0 0 0 0 0 0 0 0 0 0 0 0 0 0 0 0 0 0 0
 0 0 0 0 0 0 0 0 0 0 0 0 0 0 0 0 0 0 0 0 0 0 0 0 0 0 0 0 0 0 0 0 0 0 0 0
 0 0 0 0 0 0 0 0 0 0 0 0 0 0 0 0 0 0 0 0 0 0 0 0 0 0 0 0 0 0 0 0 0 0 0 0
 0 0 0 0 0 0 0 0 0 0 0 0 0 0 0 0 0 0 0 0 0 0 0 0 0 0 0 0 0 0 0 0 0 0 0 0
 0 0 0 0 0 0 0 0 0 0 0 0 0 0 0 0 0 0 0 0 0 0 0 0 0 0 0 0 0 0 0 0 0 0 0 0
 0 0 0 0 0 0 0 0 0 0 0 0 0 0 0 0 0 0 0 0 0 0 0 0 0 0 0 0 0 0 0 0 0 0 0 0
 0 0 0 0 0 0 0 0 0 0 0 0 0 0 0 0 0 0 0 0 0 0 0 0 0 0 0 0 0 0 0 0 0 0 0 0
 0 0 0 0 0 0 0 0 0 0 0 0 0 0 0 0 0 0 0 0 0 0 0 0 0 0 0 0 0 0 0 0 0 0 0 0
 0 0 0 0 0 0 0 0 1.78061e-05 0.00172719 0.00360574 0.0105946 0.0120993 0.0124554 0.0147524 0.0171206 0.0266825 0.0428682 0.0675386 0.121331 0.153587 0.119568 0.100827 0.0573624 0.0630603 0.0341343 0.0324427 0.0444173 0.0211091 0.0280891 0.0125444 0.00206551 0 0 0 0
 0 0 0 0 0 0 0 0 0 0 0 0 0 0 0 0 0 0 0 0 0 0 0 0 0 0 0 0 0 0 0 0 0 0 0 0
 0 0 0 0 0 0 0.0133647 0.0140871 0.0187388 0.0205184 0.03894 0.0496705 0.03968 0.0493445 0.0407372 0.0367815 0.0215668 0.0243155 0.0234873 0.0199281 0.019796 0.0243948 0.0301388 0.0376714 0.0412746 0.0863199 0.0771752 0.113111 0.0741005 0.0525337 0.0229764 0.00759418 0.00175318 0 0 0
 0 0 0 0 0 0 0 0 0 0 0.00219441 0.00772107 0.0458388 0.0604681 0.0671733 0.0775358 0.0609151 0.0617685 0.073594 0.0568108 0.0755445 0.0548602 0.0670107 0.0636378 0.0643287 0.046367 0.0373049 0.0286899 0.0247887 0.0153202 0.00654259 0.00121912 0.000365735 0 0 0
 0 0 0 0 0 0 0 0 0 0 0 0 0.000112435 0.00938835 0.0111873 0.0202946 0.0414886 0.0713402 0.111592 0.104902 0.108894 0.110636 0.117776 0.105296 0.107544 0.0401394 0.0192827 0.0124803 0.00416011 0.0028671 0.000618394 0 0 0 0 0
 0 0 0 0 0 0 0 0 0 0 0.00291406 0.0102884 0.027416 0.0768956 0.0749926 0.110853 0.0956884 0.0897413 0.0766577 0.0534642 0.0500743 0.0551293 0.0594112 0.0620874 0.0668451 0.0424026 0.0208742 0.0120726 0.0048766 0.00582813 0.00118941 0.000297354 0 0 0 0
 0 0.00264628 0.0354308 0.0461629 0.0458689 0.0383711 0.0214643 0.0164657 0.0346957 0.0420465 0.0363128 0.0245516 0.0311673 0.0291091 0.0169068 0.0133784 0.00837989 0.0085269 0.0148486 0.0160247 0.0276389 0.0546898 0.0760071 0.122758 0.109233 0.0665981 0.0333725 0.0166128 0.00676272 0.00308733 0.000882094 0 0 0 0 0
 0 0 0 0 0 0 0 0.000805153 0.000690131 0.00759144 0.0133425 0.0154129 0.00931677 0.000345066 0.00356568 0.00563607 0.00851162 0.0253048 0.0502646 0.0516448 0.0657925 0.0565908 0.0611916 0.0827007 0.0866115 0.110766 0.145733 0.0935128 0.0569358 0.0249597 0.0138026 0.00621118 0.00161031 0.00115022 0 0
 0 0 0 0 0 0 0 0 0 0 0 0 0 0 0 0 0 0 0 0 0 0 0 0 0 0 0 0 0 0 0 0 0 0 0 0
 0.00147267 0.00158595 0.00478618 0.00569244 0.00954404 0.0108468 0.00647125 0.017049 0.0510054 0.094081 0.124002 0.0959785 0.0687766 0.0820023 0.061753 0.0591476 0.0492212 0.0479892 0.0443925 0.0268479 0.0217502 0.0140895 0.0121071 0.0120363 0.00920419 0.00665534 0.0049561 0.00860946 0.00930331 0.0156896 0.0114698 0.00855282 0.00243557 0.00046729 0 2.83206e-05
 0 0 0 0 0.000772559 0.00158375 0.000888443 0.00281984 0.00712685 0.0440552 0.0773331 0.111326 0.0921469 0.0852325 0.0710754 0.0886704 0.0786465 0.0553345 0.0373146 0.0185414 0.00753245 0.00457741 0.012979 0.0271748 0.0457355 0.0583668 0.034881 0.0177882 0.00938659 0.00492506 0.0015258 0.00185414 0.000309023 5.79419e-05 3.86279e-05 0
 0 0.00173294 0.00326652 0 0.00397197 0.00683976 0.00946217 0.0152591 0.00757587 0.0136028 0.0228656 0.0392903 0.0559909 0.0764795 0.0681675 0.0726916 0.0566044 0.0477403 0.0527397 0.0444891 0.0609904 0.0582453 0.0661739 0.0445044 0.0529084 0.0360697 0.0280645 0.0235558 0.0158879 0.00826598 0.00280645 0.00217768 0.000904811 0.00058276 9.20147e-05 0
 0 0 0 0 0 0 0 0 0 0 0 0 0 0 0 0 0 0 0 0 0 0 0 0 0 0 0 0 0 0 0 0 0 0 0 0
 0 0 0 0 0 0 0 0 0 0 0 0 0 0 0 0 0 0 0 0 0 0 0 0 0 0 0 0 0 0 0 0 0 0 0 0
 0 0 0 0 0 0 0 0 0 0 0 0 0 0 0 0 0 0 0 0 0 0 0 0 0 0 0 0 0 0 0 0 0 0 0 0
ppred_pel_tallas
 1.04619e-16 8.06132e-06 4.72367e-05 0.000224382 0.000863614 0.00269286 0.00680251 0.013923 0.0230947 0.0310635 0.0339296 0.030229 0.0222954 0.014338 0.00944138 0.00839958 0.010582 0.0151424 0.0214948 0.0291921 0.0376943 0.0462691 0.054046 0.0601675 0.0639689 0.0651199 0.0636818 0.0600596 0.054876 0.0488107 0.0424626 0.0362696 0.0304936 0.0252546 0.0205847 0.0164769
 1.10053e-16 1.38523e-05 8.12653e-05 0.000386225 0.00148687 0.00463653 0.0117116 0.023965 0.0397301 0.0533732 0.0581248 0.0513756 0.0370072 0.022067 0.0115968 0.00664491 0.00581513 0.00744053 0.0105163 0.0145953 0.0194376 0.0247964 0.0303595 0.0357724 0.0406904 0.0448259 0.0479766 0.0500261 0.0509277 0.0506818 0.0493223 0.0469167 0.0435765 0.0394663 0.0348051 0.0298505
 1.12975e-16 8.21995e-06 4.81837e-05 0.000228918 0.00088114 0.00274756 0.00694049 0.0142041 0.0235563 0.0316699 0.0345539 0.0306952 0.0224448 0.0140538 0.00861091 0.00685841 0.00808899 0.0114014 0.0162127 0.0221594 0.0288732 0.03587 0.0425695 0.048392 0.0528774 0.0557754 0.0570779 0.0569784 0.0557831 0.0538057 0.0512866 0.0483598 0.0450689 0.0414139 0.0374049 0.0330992
 1.105e-16 2.00946e-05 0.000117918 0.000560486 0.00215783 0.00672892 0.0169968 0.0347784 0.0576521 0.0774341 0.0842873 0.0744038 0.0533843 0.0314069 0.0157186 0.00775138 0.00537762 0.00608166 0.00833577 0.011473 0.015198 0.019284 0.023478 0.0275102 0.0311356 0.0341702 0.0365085 0.0381143 0.0389946 0.0391703 0.0386575 0.0374657 0.0356122 0.033142 0.0301429 0.0267488
 1.03337e-16 3.13438e-05 0.00018396 0.00087446 0.00336671 0.0104988 0.0265191 0.0542617 0.0899452 0.120795 0.131453 0.115959 0.0830254 0.0484908 0.0236021 0.0105149 0.00581644 0.0054852 0.0070536 0.00942803 0.012142 0.014893 0.0173936 0.0193766 0.0206434 0.0211061 0.020803 0.0198777 0.0185337 0.0169789 0.0153803 0.0138404 0.0123982 0.0110473 0.00976207 0.00851889
 1.02674e-16 1.64154e-05 9.6286e-05 0.000457575 0.00176148 0.00549283 0.0138749 0.0283935 0.0470784 0.0632647 0.0689492 0.0610669 0.0442564 0.0269233 0.0151121 0.0101405 0.0104098 0.013945 0.0194594 0.0262002 0.0335276 0.0406973 0.0468714 0.0512579 0.0532861 0.0527407 0.0498102 0.0450255 0.0391182 0.0328451 0.0268368 0.0215095 0.0170514 0.0134651 0.0106394 0.00841896
 1.02536e-16 3.01613e-05 0.000177018 0.000841457 0.00323964 0.0101025 0.0255181 0.0522137 0.0865506 0.116237 0.126494 0.11159 0.0799068 0.0466901 0.0227661 0.0102152 0.00576194 0.0055473 0.00720877 0.00970571 0.0125981 0.0155973 0.0184201 0.0207897 0.0224819 0.0233677 0.0234322 0.0227628 0.0215148 0.0198665 0.0179817 0.015988 0.0139739 0.0119984 0.010104 0.00832663
 1.01822e-16 2.60997e-05 0.000153159 0.000727996 0.00280273 0.00873999 0.0220767 0.0451735 0.0748858 0.100587 0.109504 0.0966998 0.0694587 0.0410163 0.0208017 0.0106879 0.00790977 0.00916997 0.0124108 0.0166388 0.0212911 0.0258606 0.0298115 0.0326421 0.0339903 0.0337178 0.0319402 0.0289881 0.0253183 0.021403 0.0176354 0.0142751 0.0114392 0.00913057 0.00728264 0.00580294
 1.01493e-16 3.00383e-05 0.000176291 0.000837985 0.00322625 0.0100607 0.0254127 0.0519984 0.0861955 0.115765 0.125994 0.111181 0.0796841 0.0467006 0.0230317 0.0107712 0.00667604 0.00691036 0.00910764 0.0121886 0.0156408 0.0190779 0.0221115 0.0243761 0.0256008 0.0256682 0.0246381 0.0227225 0.0202256 0.0174694 0.0147286 0.0121929 0.00996086 0.00805648 0.00645781 0.00512386
 1.01483e-16 2.64729e-05 0.00015535 0.000738414 0.00284285 0.00886509 0.0223927 0.0458199 0.0759572 0.102025 0.111067 0.0980735 0.0704315 0.0415628 0.0210275 0.0107205 0.00783275 0.00901694 0.0121866 0.0163398 0.0209165 0.0254178 0.029317 0.0321196 0.033466 0.0332149 0.0314728 0.0285582 0.0249154 0.0210076 0.0172246 0.013829 0.0109465 0.00859125 0.00670792 0.0052127
 1.03222e-16 1.34742e-05 7.90178e-05 0.000375479 0.00144538 0.0045071 0.0113851 0.0232991 0.0386347 0.0519275 0.0566186 0.0502062 0.0365164 0.0224764 0.0130871 0.00948046 0.0103973 0.0142602 0.0200308 0.0270686 0.0347756 0.0424205 0.0491622 0.0541914 0.0569056 0.057044 0.0547395 0.0504641 0.0448951 0.0387492 0.0326382 0.026985 0.0220095 0.0177659 0.0142062 0.0112394
 1.07537e-16 1.17194e-05 6.87304e-05 0.000326605 0.00125726 0.00392049 0.00990316 0.0202657 0.0336024 0.0451567 0.0492174 0.043599 0.0316154 0.0192727 0.0108966 0.00744789 0.00781765 0.0106439 0.0150733 0.0206487 0.027001 0.033679 0.0401361 0.0458068 0.0502117 0.0530451 0.0542153 0.0538258 0.0521128 0.0493657 0.0458606 0.0418258 0.0374414 0.0328567 0.0282136 0.0236572
 1.07102e-16 2.29607e-05 0.000134742 0.000640463 0.00246575 0.00768916 0.0194223 0.0397414 0.0658788 0.0884827 0.0963113 0.0850118 0.060982 0.0358488 0.0178869 0.00872286 0.00591123 0.00655768 0.0088913 0.0121203 0.0158754 0.0198682 0.0237891 0.0273246 0.0302111 0.032281 0.0334823 0.0338635 0.0335354 0.0326247 0.031239 0.0294533 0.0273177 0.024877 0.022191 0.0193444
 1.04361e-16 2.23121e-05 0.000130922 0.000622274 0.00239567 0.00747058 0.0188704 0.0386131 0.0640124 0.0859878 0.0936271 0.0827172 0.0594985 0.0353026 0.0182156 0.00987052 0.00793791 0.00962783 0.0131949 0.0177793 0.0228599 0.027935 0.0324604 0.0359187 0.0379281 0.0383275 0.0372068 0.0348682 0.0317371 0.0282526 0.0247754 0.0215377 0.01864 0.0160821 0.013811 0.0117627
 1.02713e-16 2.64658e-05 0.000155313 0.000738246 0.00284222 0.00886314 0.0223877 0.0458094 0.0759384 0.101996 0.111025 0.0980126 0.0703356 0.0414016 0.020754 0.0102706 0.00712884 0.00797615 0.0107364 0.0144394 0.0185806 0.0227354 0.0264579 0.0293234 0.0310123 0.0313794 0.0304808 0.0285458 0.0259087 0.0229235 0.0198914 0.0170197 0.0144158 0.0121085 0.0100805 0.00829889
 1.02191e-16 2.49172e-05 0.000146217 0.00069499 0.00267565 0.00834369 0.0210757 0.0431253 0.0714911 0.0960289 0.104547 0.0923331 0.0663463 0.0392272 0.0199854 0.0104187 0.00789846 0.00928676 0.0126256 0.0169665 0.0217635 0.026515 0.0306844 0.0337642 0.0353808 0.0353793 0.0338543 0.0311143 0.0275953 0.0237537 0.0199744 0.0165178 0.0135112 0.0109751 0.00886468 0.00711053
 1.02833e-16 2.08986e-05 0.000122618 0.000582791 0.00224364 0.00699646 0.0176728 0.0361631 0.0599528 0.0805404 0.087711 0.0775269 0.0558445 0.0332943 0.0174732 0.00993994 0.0085421 0.0106881 0.0147466 0.0198884 0.0255681 0.0312286 0.0362534 0.0400512 0.0421799 0.0424437 0.0409314 0.0379762 0.0340602 0.0296944 0.0253147 0.0212229 0.0175764 0.0144169 0.0117157 0.00941583
 1.03669e-16 2.14075e-05 0.000125611 0.000597028 0.00229847 0.00716746 0.0181047 0.0370464 0.0614155 0.0825004 0.0898325 0.0793711 0.0571054 0.0339111 0.0175512 0.00959992 0.00783186 0.00958104 0.0131839 0.0178247 0.0230081 0.0282509 0.0330189 0.0367935 0.0391755 0.0399691 0.0392159 0.0371637 0.0341879 0.0306934 0.0270306 0.0234481 0.0200867 0.0170025 0.0142038 0.0116817
 1.04192e-16 1.98867e-05 0.00011668 0.000554563 0.00213496 0.00665756 0.0168167 0.0344114 0.0570488 0.0766392 0.0834628 0.0737727 0.0531418 0.0316864 0.0166368 0.00947857 0.0081676 0.0102443 0.0141656 0.0191545 0.0247066 0.0303061 0.0353784 0.0393671 0.0418479 0.0426193 0.041738 0.0394835 0.0362704 0.0325408 0.0286718 0.0249243 0.0214374 0.0182562 0.0153738 0.0127677
 1.02858e-16 2.88844e-05 0.000169518 0.000805793 0.00310231 0.00967424 0.0244364 0.0500007 0.0828837 0.111317 0.121151 0.106901 0.0766065 0.0448758 0.0220937 0.0102717 0.00629134 0.00646802 0.00853584 0.011474 0.0148137 0.0182122 0.0213235 0.0238169 0.0254374 0.0260585 0.0257033 0.0245245 0.0227542 0.0206421 0.0184025 0.0161857 0.014075 0.0121026 0.0102739 0.00858703
 1.02057e-16 2.52506e-05 0.000148174 0.000704293 0.00271147 0.00845538 0.0213578 0.0437026 0.0724481 0.0973144 0.105946 0.0935687 0.0672335 0.0397503 0.0202488 0.0105497 0.0079878 0.00938052 0.0127402 0.0171012 0.0219056 0.0266408 0.0307605 0.0337508 0.035238 0.0350742 0.033369 0.0304502 0.0267752 0.022819 0.018979 0.0155198 0.0125648 0.0101235 0.00813648 0.00651832
 1.02966e-16 1.927e-05 0.000113055 0.000537317 0.00206854 0.00645042 0.0162936 0.0333414 0.0552766 0.0742637 0.0808896 0.0715312 0.0515987 0.0309096 0.0164904 0.00980468 0.00889519 0.0113924 0.0157961 0.021321 0.027415 0.0334884 0.0388816 0.0429606 0.04525 0.0455386 0.0439194 0.040748 0.0365402 0.0318435 0.0271263 0.0227143 0.0187792 0.0153689 0.0124549 0.00997842
 1.04204e-16 2.0615e-05 0.000120959 0.000574911 0.00221332 0.00690192 0.017434 0.035674 0.0591405 0.079445 0.0865071 0.0764368 0.0550028 0.0326798 0.0169466 0.00932348 0.00767319 0.00943518 0.0130145 0.0176319 0.022815 0.0281 0.0329698 0.0369174 0.0395456 0.040648 0.0402434 0.0385466 0.0358963 0.0326632 0.0291716 0.0256567 0.0222595 0.0190485 0.0160528 0.0132891
 1.05077e-16 1.73738e-05 0.000101925 0.00048441 0.00186484 0.0058152 0.0146891 0.0300582 0.0498342 0.0669542 0.0729338 0.06451 0.046565 0.0279568 0.0150305 0.00911928 0.00847459 0.0109765 0.0152863 0.020704 0.0267313 0.0328267 0.0383768 0.0427848 0.0455936 0.046583 0.0458075 0.0435577 0.0402682 0.0364014 0.0323507 0.0283868 0.0246534 0.0211974 0.0180149 0.0150894
 1.09212e-16 3.33858e-06 1.95119e-05 9.25787e-05 0.000356146 0.00111034 0.0028052 0.00574411 0.00953787 0.0128587 0.0141236 0.0127694 0.00982076 0.00710589 0.00602388 0.00705721 0.0101069 0.0149533 0.021404 0.0291984 0.037885 0.0467904 0.0550927 0.0619702 0.0667719 0.0691498 0.0691127 0.0669804 0.0632662 0.0585314 0.0532622 0.0478057 0.0423665 0.0370464 0.0318999 0.0269772
pSPR Fmed_Fpbrs
0.531059   0.254687 0.254687
Fs Fmed_Fpbrs
0.359455   1.005 1.005
SSBpbr Bo_Bmed_Bpbrs
953373  458629  195143 195143
Ro
29143.9
SPR SPRFo_SPRFmed_SPRFpbrs
600641 318976 152976
log_Ro
10.1
likeval ReclasPelacesDesembMPH_pf_preclas_ppelaces_ptallas_desvR_qrecl_qpela
 98.6063 102.18 0.0345458 0.000595584 322.083 206.94 74.8251 0 24.3838 0 0 0 0 0 0
q_reclas_q_pelaces
1 1
M
0.7
N
 23641.3 37632 16370.9 2125.11 0.191736
 28841.3 10807.1 15835.7 6888.91 894.334
 8783.24 12645 4183.36 6129.9 3012.85
 13856.5 2990.36 2951.64 976.492 2134.13
 47419.5 6036.85 1142.99 1128.19 1188.95
 25455.8 22947.6 2846.93 539.022 1092.74
 63343.1 9243.73 6093.46 755.967 433.296
 73693.9 26081.8 3155.94 2080.39 406.031
 129429 27167.6 7138.09 863.722 680.488
 168630 50397.7 8294.97 2179.44 471.487
 69224 72937.1 18986.5 3125 998.696
 33012.2 26620.5 21720.7 5654.21 1228.04
 48125.1 12828.3 8094.88 6604.94 2092.78
 28068.3 16405.3 3001.93 1894.27 2035.34
 19568.4 7160.15 2149.82 393.384 514.951
 15246.6 5478.87 1130.31 339.373 143.391
 12273.6 5857.51 1628.46 335.958 143.49
 12700.7 4934.82 1906.86 530.131 156.08
 11935.5 5383.15 1785.24 689.83 248.246
 27925.1 5082.58 1965.76 651.915 342.557
 39094.6 11996.5 1888.89 730.557 369.586
 36721.5 18262 5271.35 829.996 483.413
 44585.9 16833.2 7727.66 2230.6 555.776
 35893 19795.9 6682.33 3067.67 1106.12
 3662 15413.5 7351.35 2481.53 1549.97
pred_Ctot
 1357.46 4169.71 1813.93 235.467 0.0212448
 2446.36 1738.38 2547.26 1108.12 143.859
 2029.36 5029.59 1663.94 2438.18 1198.37
 1231.72 502.783 496.273 164.182 358.821
 870.584 219.165 41.4955 40.9582 43.1643
 5009.25 7956.77 987.133 186.899 378.894
 7866.45 2122.39 1399.08 173.572 99.486
 13889.2 8710.1 1053.94 694.755 135.596
 20377.1 7737.16 2032.88 245.982 193.799
 15768.8 8887.67 1462.82 384.346 83.1471
 11397.5 21619.6 5627.87 926.292 296.027
 5236.43 7632.32 6227.52 1621.11 352.089
 11088.1 5090.44 3212.16 2620.93 830.444
 10194.8 9345.18 1710.03 1079.06 1159.42
 6342.08 3743.38 1123.94 205.664 269.221
 2518.77 1628.89 336.046 100.897 42.6307
 1700.59 1486.49 413.263 85.2575 36.4141
 1350.18 981.231 379.156 105.41 31.0346
 1233.77 1042.77 345.818 133.627 48.0877
 2731.99 935.135 361.678 119.945 63.0265
 1673.97 1000.39 157.515 60.9213 30.8198
 2040 1960.03 565.765 89.0819 51.8838
 3417.84 2459.89 1129.27 325.965 81.2173
 3520.15 3650.62 1232.31 565.718 203.982
 525.566 4038.47 1926.11 650.181 406.103
F
 0.0827951 0.16559 0.16559 0.16559 0.16559
 0.124543 0.249086 0.249086 0.249086 0.249086
 0.377452 0.754903 0.754903 0.754903 0.754903
 0.130875 0.261751 0.261751 0.261751 0.261751
 0.0258209 0.0516418 0.0516418 0.0516418 0.0516418
 0.312999 0.625998 0.625998 0.625998 0.625998
 0.187329 0.374659 0.374659 0.374659 0.374659
 0.297896 0.595791 0.595791 0.595791 0.595791
 0.243188 0.486375 0.486375 0.486375 0.486375
 0.138108 0.276216 0.276216 0.276216 0.276216
 0.255665 0.511329 0.511329 0.511329 0.511329
 0.245225 0.49045 0.49045 0.49045 0.49045
 0.376199 0.752398 0.752398 0.752398 0.752398
 0.666111 1.33222 1.33222 1.33222 1.33222
 0.573019 1.14604 1.14604 1.14604 1.14604
 0.256631 0.513262 0.513262 0.513262 0.513262
 0.211134 0.422269 0.422269 0.422269 0.422269
 0.158383 0.316766 0.316766 0.316766 0.316766
 0.153696 0.307393 0.307393 0.307393 0.307393
 0.144915 0.289829 0.289829 0.289829 0.289829
 0.061162 0.122324 0.122324 0.122324 0.122324
 0.0800076 0.160015 0.160015 0.160015 0.160015
 0.111944 0.223888 0.223888 0.223888 0.223888
 0.145295 0.290591 0.290591 0.290591 0.290591
 0.219471 0.438943 0.438943 0.438943 0.438943
nmprior
 10 11 7 0
nm_flota  nm_reclas  nm_pelaces    nm_pelaL
inf 13.537 11.3965 18.5407
cv_recla  cv_pelaces  cv_mph
0.898208 1.18946 0.791789
 ------------------------------------------------
Talla a la edad & desviación 
 7.2 14.2025 17.0495 18.207 18.6776
 1.08 2.13037 2.55742 2.73105 2.80164
