    unsorted:	 1.016156813e-05 0.0008999964378 0.007052399475 0.6705891861 46.41521238 29.64948161 26.00908813 63.69669594 128.6203642 89.75039546 181.4913438 228.3953356 322.7258109 399.6354588 450.9587934 499.0675443 597.5400715 686.0304830 719.6254719 774.6138752 825.9694603 886.1364951 982.3904450 1086.479726 1279.577912 1406.807041 1507.366430 1779.765785 1958.745993 2302.991810 2526.773326 2691.759097 3105.665959 3118.594588 3830.506369 4135.476008 4221.291186 4710.407744 13285.27491 196442.3304 223154.7656 277696.6583 341249.4400 378027.8068 411802.5513 429242.9868 451810.5585 461598.5832 530063.9449 544936.5125 608949.6633 664814.2477 748498.9469 863042.1745 932667.4102 1102662.441 1234673.272 1393708.140 1554497.482 1677440.177 1938345.376 2012056.896 2398602.352 2422745.656 2647624.740
      sorted:	 1.016156813e-05 0.0008999964378 0.007052399475 0.6705891861 26.00908813 29.64948161 46.41521238 63.69669594 89.75039546 128.6203642 181.4913438 228.3953356 322.7258109 399.6354588 450.9587934 499.0675443 597.5400715 686.0304830 719.6254719 774.6138752 825.9694603 886.1364951 982.3904450 1086.479726 1279.577912 1406.807041 1507.366430 1779.765785 1958.745993 2302.991810 2526.773326 2691.759097 3105.665959 3118.594588 3830.506369 4135.476008 4221.291186 4710.407744 13285.27491 196442.3304 223154.7656 277696.6583 341249.4400 378027.8068 411802.5513 429242.9868 451810.5585 461598.5832 530063.9449 544936.5125 608949.6633 664814.2477 748498.9469 863042.1745 932667.4102 1102662.441 1234673.272 1393708.140 1554497.482 1677440.177 1938345.376 2012056.896 2398602.352 2422745.656 2647624.740
