    unsorted:	 2.283054712e-06 8.785541845e-08 -8.863458306e-06 5.355697308e-05 0.0008999968616 0.006850510426 50.20968426 59.82785729 105.0604232 186.8270479 197.4801467 402.1116090 572.1380349 596.7204753 785.4836198 812.0912634 1018.295410 1099.352152 1260.717944 1399.285292 1362.452770 1693.852129 1897.953919 2196.302307 2265.095657 2441.185495 2671.771745 3047.841295 3485.100609 3678.270238 3963.831771 4363.165390 4664.296491 5095.358538 5256.905189 5983.257448 6198.401237 6521.606260 19101.69038 196418.6683 366313.5292 361505.0471 398318.7759 422796.5829 463430.8082 471989.7209 489174.7326 501130.7693 315789.4007 526905.6568 561533.3758 574006.0187 645109.4109 684384.2376 810176.6420 877671.6556 1030951.094 1071028.844 1309423.819 1615756.421 1841194.388 2121685.278 2256133.854 2661671.057 7480134.433
      sorted:	 -8.863458306e-06 8.785541845e-08 2.283054712e-06 5.355697308e-05 0.0008999968616 0.006850510426 50.20968426 59.82785729 105.0604232 186.8270479 197.4801467 402.1116090 572.1380349 596.7204753 785.4836198 812.0912634 1018.295410 1099.352152 1260.717944 1362.452770 1399.285292 1693.852129 1897.953919 2196.302307 2265.095657 2441.185495 2671.771745 3047.841295 3485.100609 3678.270238 3963.831771 4363.165390 4664.296491 5095.358538 5256.905189 5983.257448 6198.401237 6521.606260 19101.69038 196418.6683 315789.4007 361505.0471 366313.5292 398318.7759 422796.5829 463430.8082 471989.7209 489174.7326 501130.7693 526905.6568 561533.3758 574006.0187 645109.4109 684384.2376 810176.6420 877671.6556 1030951.094 1071028.844 1309423.819 1615756.421 1841194.388 2121685.278 2256133.854 2661671.057 7480134.433
