years
 1997 1998 1999 2000 2001 2002 2003 2004 2005 2006 2007 2008 2009 2010 2011 2012 2013 2014 2015 2016 2017 2018 2019 2020 2021
reclasobs
 0 0 0 370054 412103 1.49427e+06 250295 1.28982e+06 931140 785840 897777 1.04006e+06 184774 17550 25797 100020 73551 82996 120727 218422 84188 347160 605670 569463 516374
reclaspred
 460906 134258 449666 321812 431791 505947 1.07729e+06 681855 709881 604783 464461 308972 187472 85904.4 60705.2 63502.6 82498.5 115517 124021 177793 255206 235448 411844 546619 627625
pelacesobs
 0 0 0 0 0 0 0 0 0 2.06254e+06 1.5e+06 0 1.87456e+06 323000 250000 174000 83755 137374 0 501740 490994 745055 786931 1.00524e+06 0
pelacespred
 1.91601e+06 518097 1.01512e+06 1.13716e+06 1.28339e+06 1.29732e+06 2.95204e+06 2.44653e+06 2.19115e+06 1.90954e+06 1.32229e+06 905580 536960 202586 139016 157918 214976 307230 343569 473768 754881 690456 946979 1.46174e+06 1.78134e+06
mphobs
 0 0 0 0 0 112323 0 153150 637223 0 255016 313432 73983 77613 109348 50772 0 0 0 0 0 0 0 0 0
mphpred
 166289 112684 147277 197143 191762 276243 411072 467245 378926 356261 313019 215769 132135 68382.1 32652.9 28655.2 36105.9 51648.3 65662.9 76388.2 113636 133646 169947 244674 368900
desembarqueobs
 350755 77701 442110 56441 14545 235359 269955 359681 431902 328805 639364 411747 362871 311530 167758 66681 60226 58785 57116 71774 51957 67425 138520 160799 200461
desembarquepred
 350766 77705.1 442160 56443 14545.1 235398 269985 359716 431986 328873 639745 412082 363339 312098 167832 66699 60249.8 58789.4 57114.9 71778.3 51959 67422.7 138525 160806 200461
Reclutas
 69928.3 86496.5 55422.2 79988.3 131055 97006.6 145446 126007 140119 132819 67116.6 41282.5 41653.8 23764 18221.4 22494.9 18915.3 21614.5 24624.3 42576 53681.3 71375.4 113745 151178 73079.8
log_desv_Rt
 0.155226 0.367859 -0.0772637 0.289635 0.783372 0.482534 0.887559 0.74409 0.85025 0.796746 0.114187 -0.371807 -0.362851 -0.924074 -1.18965 -0.978957 -1.15227 -1.01888 -0.888512 -0.340955 -0.10918 0.175708 0.641717 0.926212 0.199307
SSB
 833121 564552 737867 987702 960742 1.384e+06 2.0595e+06 2.34093e+06 1.89845e+06 1.78489e+06 1.56825e+06 1.08102e+06 662006 342599 163593 143565 180893 258762 328976 382711 569324 669576 851447 1.22583e+06 1.84821e+06
BT
 2.8837e+06 793372 1.58278e+06 1.52666e+06 1.6812e+06 1.83832e+06 4.05678e+06 3.56445e+06 3.24721e+06 2.78636e+06 2.28138e+06 1.54156e+06 1.05183e+06 562331 325940 261476 330135 446793 491007 675924 1.02749e+06 947478 1.31677e+06 2.0269e+06 2.43015e+06
Ftot
 0.35845 0.26317 0.359719 0.0666799 0.0143637 0.151009 0.0954853 0.195831 0.231523 0.19957 0.43978 0.415312 0.660283 1.1894 1.12603 0.437817 0.30207 0.199445 0.165361 0.166565 0.0812049 0.104576 0.122713 0.116985 0.0987309
BD_Bspro_t
 0.957325 0.802641 0.778753 0.685838 0.781207 0.87167 0.845686 0.847342 0.794816 0.750633 0.705241 0.551828 0.436446 0.319673 0.201645 0.216002 0.331296 0.499905 0.614544 0.699387 0.791741 0.85337 0.860581 0.86573 0.868811
BD_Bspro
 0.675151 0.457506 0.597958 0.800421 0.778573 1.12157 1.66899 1.89706 1.53848 1.44645 1.27089 0.876043 0.536481 0.277638 0.132574 0.116343 0.146594 0.209697 0.266598 0.310144 0.461373 0.542616 0.690002 0.993399 1.49777
BD_Bo
 0.5841 0.395807 0.517318 0.692477 0.673576 0.970319 1.44391 1.64123 1.331 1.25139 1.0995 0.757901 0.464132 0.240196 0.114695 0.100653 0.126824 0.181418 0.230644 0.268318 0.399152 0.469439 0.596949 0.85943 1.29578
BD_Brms
 1.062 0.719649 0.940578 1.25905 1.22468 1.76422 2.6253 2.98405 2.42 2.27525 1.99909 1.378 0.843876 0.43672 0.208537 0.183006 0.230589 0.32985 0.419354 0.487851 0.725732 0.853525 1.08536 1.5626 2.35597
S_f
 0.196209 1 1 1 1
 0.196209 1 1 1 1
 0.196209 1 1 1 1
 0.196209 1 1 1 1
 0.196209 1 1 1 1
 0.196209 1 1 1 1
 0.196209 1 1 1 1
 0.196209 1 1 1 1
 0.196209 1 1 1 1
 0.196209 1 1 1 1
 0.196209 1 1 1 1
 0.196209 1 1 1 1
 0.196209 1 1 1 1
 0.196209 1 1 1 1
 0.196209 1 1 1 1
 0.196209 1 1 1 1
 0.196209 1 1 1 1
 0.196209 1 1 1 1
 0.196209 1 1 1 1
 0.196209 1 1 1 1
 0.196209 1 1 1 1
 0.196209 1 1 1 1
 0.196209 1 1 1 1
 0.196209 1 1 1 1
 0.196209 1 1 1 1
Scru_reclas
 1 1 1 1 1
 1 1 1 1 1
 1 1 1 1 1
 1 1 1 1 1
 1 1 1 1 1
 1 1 1 1 1
 1 1 1 1 1
 1 1 1 1 1
 1 1 1 1 1
 1 1 1 1 1
 1 1 1 1 1
 1 1 1 1 1
 1 1 1 1 1
 1 1 1 1 1
 1 1 1 1 1
 1 1 1 1 1
 1 1 1 1 1
 1 1 1 1 1
 1 1 1 1 1
 1 1 1 1 1
 1 1 1 1 1
 1 1 1 1 1
 1 1 1 1 1
 1 1 1 1 1
 1 1 1 1 1
Scru_pelaces
 0.911148 1 1 1 1
 0.911148 1 1 1 1
 0.911148 1 1 1 1
 0.911148 1 1 1 1
 0.911148 1 1 1 1
 0.911148 1 1 1 1
 0.911148 1 1 1 1
 0.911148 1 1 1 1
 0.911148 1 1 1 1
 0.911148 1 1 1 1
 0.911148 1 1 1 1
 0.911148 1 1 1 1
 0.911148 1 1 1 1
 0.911148 1 1 1 1
 0.911148 1 1 1 1
 0.911148 1 1 1 1
 0.911148 1 1 1 1
 0.911148 1 1 1 1
 0.911148 1 1 1 1
 0.911148 1 1 1 1
 0.911148 1 1 1 1
 0.911148 1 1 1 1
 0.911148 1 1 1 1
 0.911148 1 1 1 1
 0.911148 1 1 1 1
pf_obs 
 0.256992 0.487395 0.22802 0.0275931 0
 0.321318 0.546541 0.124235 0.00734118 0.000564706
 0.182869 0.594174 0.210203 0.0122559 0.00049798
 0.330522 0.361315 0.267642 0.0388342 0.00168674
 0.649043 0.306663 0.0425973 0.00169635 0
 0.582887 0.30429 0.105238 0.00758474 0
 0.465427 0.430635 0.0974691 0.00646863 0
 0.296916 0.608066 0.0921331 0.00288517 0
 0.311714 0.524322 0.152257 0.0117073 0
 0.15457 0.633149 0.183074 0.0267441 0.00246327
 0.131901 0.49318 0.331252 0.0422183 0.00144891
 0.196976 0.569456 0.194076 0.0375587 0.00193317
 0.518974 0.381816 0.0799577 0.0180837 0.00116848
 0.0928022 0.601141 0.25162 0.0475244 0.00691264
 0.122501 0.610282 0.24278 0.0234846 0.000952079
 0.383417 0.481906 0.127806 0.00687128 0
 0.0376549 0.599619 0.316969 0.0457579 0
 0.0361596 0.667082 0.258105 0.0386534 0
 0.158088 0.579412 0.248529 0.0139706 0
 0.0477256 0.309471 0.559284 0.082774 0.000745712
 0.0406174 0.521527 0.379366 0.0568643 0.0016247
 0.151134 0.462217 0.34131 0.0453401 0
 0.294876 0.26143 0.354403 0.0886775 0.000613685
 0.281977 0.475581 0.204845 0.0348837 0.00271318
 0 0 0 0 0
pf_pred 
 0.383308 0.435782 0.161847 0.0190524 9.72042e-06
 0.311783 0.542986 0.102627 0.0381152 0.00448915
 0.178857 0.593371 0.179706 0.0339654 0.0141003
 0.262218 0.418531 0.230696 0.0698676 0.0186874
 0.300347 0.455592 0.138452 0.076315 0.0292943
 0.175343 0.567115 0.167703 0.0509641 0.0388748
 0.253168 0.401175 0.237707 0.0702931 0.0376561
 0.193682 0.51875 0.154473 0.0915293 0.0415659
 0.220677 0.446078 0.214395 0.0638424 0.0550072
 0.205587 0.489385 0.174595 0.0839144 0.0465178
 0.124642 0.51729 0.220582 0.0786958 0.05879
 0.125631 0.411869 0.273313 0.116545 0.0726412
 0.201902 0.375398 0.199112 0.132129 0.0914594
 0.191533 0.515846 0.137639 0.073004 0.0819782
 0.271442 0.498776 0.146613 0.0391197 0.044049
 0.351274 0.497865 0.10328 0.0303588 0.0172215
 0.236651 0.5892 0.13365 0.0277252 0.0127728
 0.248742 0.484442 0.205945 0.0467152 0.0141554
 0.243452 0.490927 0.171283 0.0728157 0.0215219
 0.323288 0.43225 0.158632 0.0553465 0.0304831
 0.277251 0.523451 0.127301 0.0467186 0.0252776
 0.270547 0.48856 0.174467 0.0424297 0.0239964
 0.308416 0.459655 0.155337 0.0554715 0.0211201
 0.28355 0.505906 0.139936 0.0472905 0.0233174
 0.120978 0.597902 0.198507 0.0549081 0.027705
pobs_RECLAS
 0 0 0 0 0
 0 0 0 0 0
 0 0 0 0 0
 0 0 0 0 0
 0.835266 0.146461 0.0176864 0.000547809 3.91292e-05
 0.385257 0.428462 0.181853 0.0044286 0
 0.867414 0.0963971 0.0333333 0.00285562 0
 0.441836 0.489002 0.0689373 0.000224442 0
 0.779404 0.147425 0.0564933 0.0165055 0.000172143
 0.814271 0.122319 0.05973 0.00367925 0
 0.40263 0.566651 0.0304383 0.000280538 0
 0.475488 0.404961 0.113038 0.00651328 0
 0.955842 0.0263864 0.0167828 0.000988607 0
 0.975058 0.0227948 0.00214734 0 0
 0.738997 0.206755 0.0527124 0.00153531 0
 0.850938 0.134255 0.0134407 0.00136685 0
 0.542534 0.407297 0.0501686 0 0
 0.764087 0.199537 0.0359546 0.000420521 0
 0.470689 0.182191 0.310203 0.0369168 0
 0.84361 0.089868 0.0606195 0.00523954 0.000663233
 0.607945 0.314616 0.071237 0.00620181 0
 0.523733 0.453247 0.0230204 0 0
 0.530135 0.295979 0.169645 0.0042399 0
 0.562478 0.366248 0.0663022 0.0049721 0
 0.250443 0.683176 0.0655157 0.000865301 0
ppred_RECLAS
 0.763993 0.166773 0.0619389 0.00729134 3.72e-06
 0.700925 0.235962 0.0445981 0.0165635 0.00195082
 0.53151 0.338539 0.102529 0.0193784 0.00804471
 0.645057 0.201353 0.110986 0.0336129 0.0089904
 0.686457 0.204169 0.0620459 0.0341999 0.013128
 0.522052 0.328684 0.0971961 0.0295373 0.0225307
 0.634504 0.196333 0.116333 0.0344011 0.0184287
 0.553028 0.287562 0.08563 0.050738 0.0230415
 0.593801 0.232505 0.111747 0.033276 0.0286709
 0.571427 0.264016 0.0941913 0.0452705 0.0250956
 0.427347 0.338408 0.144303 0.0514822 0.03846
 0.429084 0.268929 0.178459 0.0760979 0.0474308
 0.574825 0.199988 0.106074 0.0703898 0.0487237
 0.573712 0.271995 0.0725742 0.0384935 0.0432255
 0.677308 0.220917 0.0649378 0.0173268 0.0195101
 0.73941 0.19999 0.0414871 0.012195 0.0069178
 0.616576 0.295951 0.0671315 0.0139261 0.00641566
 0.630431 0.238313 0.101311 0.0229807 0.00696349
 0.623279 0.244456 0.0852902 0.0362584 0.0107168
 0.710683 0.184801 0.0678206 0.0236625 0.0130326
 0.662504 0.244431 0.0594449 0.0218158 0.0118036
 0.655209 0.230928 0.0824653 0.0200553 0.0113424
 0.695792 0.202189 0.0683284 0.0244004 0.00929014
 0.669877 0.233109 0.0644792 0.0217903 0.0107441
 0.413466 0.398955 0.132455 0.0366378 0.0184864
pobs_PELACES
 0 0 0 0 0
 0 0 0 0 0
 0 0 0 0 0
 0 0 0 0 0
 0 0 0 0 0
 0 0 0 0 0
 0 0 0 0 0
 0 0 0 0 0
 0 0 0 0 0
 0 0 0 0 0
 0.450072 0.473896 0.0757376 0.000293798 0
 0 0 0 0 0
 0.463077 0.371075 0.160297 0.00555027 0
 0.529543 0.364841 0.0842815 0.0213345 0
 0.631943 0.363953 0.00410389 0 0
 0.735681 0.248677 0.0153453 0.000297389 0
 0.695825 0.281241 0.0229344 0 0
 0.275771 0.60734 0.115278 0.00161068 0
 0 0 0 0 0
 0.896147 0.0623911 0.0374545 0.00400742 0
 0.803859 0.145111 0.0509908 3.86294e-05 0
 0.739449 0.233085 0.0266225 0.000797448 4.60066e-05
 0.878498 0.100942 0.0204185 0.000141795 0
 0.694673 0.275183 0.0284847 0.00165964 0
 0 0 0 0 0
ppred_PELACES
 0.764358 0.166515 0.0618429 0.00728005 3.71423e-06
 0.69603 0.239824 0.045328 0.0168346 0.00198275
 0.532099 0.338113 0.1024 0.0193541 0.00803459
 0.627619 0.211245 0.116439 0.0352643 0.00943207
 0.666938 0.21688 0.0659085 0.0363289 0.0139453
 0.508816 0.337786 0.0998877 0.0303553 0.0231546
 0.61866 0.204844 0.121376 0.0358924 0.0192276
 0.542847 0.294113 0.0875806 0.0518938 0.0235664
 0.586148 0.236886 0.113853 0.0339029 0.029211
 0.561576 0.270084 0.0963563 0.046311 0.0256724
 0.433132 0.334989 0.142845 0.0509621 0.0380715
 0.433281 0.266952 0.177147 0.0755385 0.0470822
 0.594754 0.190614 0.101102 0.0670903 0.0464398
 0.627019 0.237982 0.0634988 0.0336799 0.0378201
 0.720523 0.191332 0.0562413 0.0150064 0.0168973
 0.743833 0.196596 0.040783 0.011988 0.00680039
 0.613515 0.298313 0.0676673 0.0140373 0.00646687
 0.62103 0.244376 0.103889 0.0235654 0.00714064
 0.611661 0.251995 0.0879205 0.0373766 0.0110473
 0.700532 0.191285 0.0702 0.0244927 0.0134898
 0.646334 0.256143 0.062293 0.022861 0.0123692
 0.640309 0.240907 0.086029 0.0209219 0.0118325
 0.682836 0.2108 0.0712383 0.0254395 0.00968578
 0.656021 0.242894 0.0671857 0.0227049 0.011195
 0.397351 0.409916 0.136094 0.0376444 0.0189943
pobs_pel_tallas
 0 0 0 0 0 0 0 0 0 0 0 0 0 0 0 0 0 0 0 0 0 0 0 0 0 0 0 0 0 0 0 0 0 0 0 0
 0 0 0 0 0 0 0 0 0 0 0 0 0 0 0 0 0 0 0 0 0 0 0 0 0 0 0 0 0 0 0 0 0 0 0 0
 0 0 0 0 0 0 0 0 0 0 0 0 0 0 0 0 0 0 0 0 0 0 0 0 0 0 0 0 0 0 0 0 0 0 0 0
 0 0 0 0 0 0 0 0 0 0 0 0 0 0 0 0 0 0 0 0 0 0 0 0 0 0 0 0 0 0 0 0 0 0 0 0
 0 0 0 0 0 0 0 0 0 0 0 0 0 0 0 0 0 0 0 0 0 0 0 0 0 0 0 0 0 0 0 0 0 0 0 0
 0 0 0 0 0 0 0 0 0 0 0 0 0 0 0 0 0 0 0 0 0 0 0 0 0 0 0 0 0 0 0 0 0 0 0 0
 0 0 0 0 0 0 0 0 0 0 0 0 0 0 0 0 0 0 0 0 0 0 0 0 0 0 0 0 0 0 0 0 0 0 0 0
 0 0 0 0 0 0 0 0 0 0 0 0 0 0 0 0 0 0 0 0 0 0 0 0 0 0 0 0 0 0 0 0 0 0 0 0
 0 0 0 0 0 0 0 0 0 0 0 0 0 0 0 0 0 0 0 0 0 0 0 0 0 0 0 0 0 0 0 0 0 0 0 0
 0 0 0 0 0 0 0 0 0 0 0 0 0 0 0 0 0 0 0 0 0 0 0 0 0 0 0 0 0 0 0 0 0 0 0 0
 0 0 0 0 0 0 0 0 1.78061e-05 0.00172719 0.00360574 0.0105946 0.0120993 0.0124554 0.0147524 0.0171206 0.0266825 0.0428682 0.0675386 0.121331 0.153587 0.119568 0.100827 0.0573624 0.0630603 0.0341343 0.0324427 0.0444173 0.0211091 0.0280891 0.0125444 0.00206551 0 0 0 0
 0 0 0 0 0 0 0 0 0 0 0 0 0 0 0 0 0 0 0 0 0 0 0 0 0 0 0 0 0 0 0 0 0 0 0 0
 0 0 0 0 0 0 0.0133647 0.0140871 0.0187388 0.0205184 0.03894 0.0496705 0.03968 0.0493445 0.0407372 0.0367815 0.0215668 0.0243155 0.0234873 0.0199281 0.019796 0.0243948 0.0301388 0.0376714 0.0412746 0.0863199 0.0771752 0.113111 0.0741005 0.0525337 0.0229764 0.00759418 0.00175318 0 0 0
 0 0 0 0 0 0 0 0 0 0 0.00219441 0.00772107 0.0458388 0.0604681 0.0671733 0.0775358 0.0609151 0.0617685 0.073594 0.0568108 0.0755445 0.0548602 0.0670107 0.0636378 0.0643287 0.046367 0.0373049 0.0286899 0.0247887 0.0153202 0.00654259 0.00121912 0.000365735 0 0 0
 0 0 0 0 0 0 0 0 0 0 0 0 0.000112435 0.00938835 0.0111873 0.0202946 0.0414886 0.0713402 0.111592 0.104902 0.108894 0.110636 0.117776 0.105296 0.107544 0.0401394 0.0192827 0.0124803 0.00416011 0.0028671 0.000618394 0 0 0 0 0
 0 0 0 0 0 0 0 0 0 0 0.00291406 0.0102884 0.027416 0.0768956 0.0749926 0.110853 0.0956884 0.0897413 0.0766577 0.0534642 0.0500743 0.0551293 0.0594112 0.0620874 0.0668451 0.0424026 0.0208742 0.0120726 0.0048766 0.00582813 0.00118941 0.000297354 0 0 0 0
 0 0.00264628 0.0354308 0.0461629 0.0458689 0.0383711 0.0214643 0.0164657 0.0346957 0.0420465 0.0363128 0.0245516 0.0311673 0.0291091 0.0169068 0.0133784 0.00837989 0.0085269 0.0148486 0.0160247 0.0276389 0.0546898 0.0760071 0.122758 0.109233 0.0665981 0.0333725 0.0166128 0.00676272 0.00308733 0.000882094 0 0 0 0 0
 0 0 0 0 0 0 0 0.000805153 0.000690131 0.00759144 0.0133425 0.0154129 0.00931677 0.000345066 0.00356568 0.00563607 0.00851162 0.0253048 0.0502646 0.0516448 0.0657925 0.0565908 0.0611916 0.0827007 0.0866115 0.110766 0.145733 0.0935128 0.0569358 0.0249597 0.0138026 0.00621118 0.00161031 0.00115022 0 0
 0 0 0 0 0 0 0 0 0 0 0 0 0 0 0 0 0 0 0 0 0 0 0 0 0 0 0 0 0 0 0 0 0 0 0 0
 0.00147267 0.00158595 0.00478618 0.00569244 0.00954404 0.0108468 0.00647125 0.017049 0.0510054 0.094081 0.124002 0.0959785 0.0687766 0.0820023 0.061753 0.0591476 0.0492212 0.0479892 0.0443925 0.0268479 0.0217502 0.0140895 0.0121071 0.0120363 0.00920419 0.00665534 0.0049561 0.00860946 0.00930331 0.0156896 0.0114698 0.00855282 0.00243557 0.00046729 0 2.83206e-05
 0 0 0 0 0.000772559 0.00158375 0.000888443 0.00281984 0.00712685 0.0440552 0.0773331 0.111326 0.0921469 0.0852325 0.0710754 0.0886704 0.0786465 0.0553345 0.0373146 0.0185414 0.00753245 0.00457741 0.012979 0.0271748 0.0457355 0.0583668 0.034881 0.0177882 0.00938659 0.00492506 0.0015258 0.00185414 0.000309023 5.79419e-05 3.86279e-05 0
 0 0.00173294 0.00326652 0 0.00397197 0.00683976 0.00946217 0.0152591 0.00757587 0.0136028 0.0228656 0.0392903 0.0559909 0.0764795 0.0681675 0.0726916 0.0566044 0.0477403 0.0527397 0.0444891 0.0609904 0.0582453 0.0661739 0.0445044 0.0529084 0.0360697 0.0280645 0.0235558 0.0158879 0.00826598 0.00280645 0.00217768 0.000904811 0.00058276 9.20147e-05 0
 0 0 0 0 0 0 0 0 0 0 0 0 0 0 0 0 0 0 0 0 0 0 0 0 0 0 0 0 0 0 0 0 0 0 0 0
 0 0 0 0 0 0 0 0 0 0 0 0 0 0 0 0 0 0 0 0 0 0 0 0 0 0 0 0 0 0 0 0 0 0 0 0
 0 0 0 0 0 0 0 0 0 0 0 0 0 0 0 0 0 0 0 0 0 0 0 0 0 0 0 0 0 0 0 0 0 0 0 0
ppred_pel_tallas
 1.01183e-16 3.33491e-05 0.000195734 0.000930437 0.00358224 0.0111709 0.0282168 0.0577352 0.0957022 0.128525 0.139858 0.12336 0.0882941 0.051507 0.0249562 0.0109242 0.00576816 0.00520019 0.0065913 0.00878306 0.011294 0.0138251 0.0160969 0.0178478 0.0188795 0.0190981 0.0185316 0.0173138 0.015645 0.013741 0.0117901 0.00992728 0.00822976 0.00672749 0.00542097 0.0042976
 1.01393e-16 3.03726e-05 0.000178253 0.000847314 0.00326217 0.0101727 0.0256956 0.0525773 0.0871551 0.117054 0.127397 0.112418 0.0805699 0.0472177 0.0232825 0.0108804 0.00673072 0.00695258 0.00915006 0.0122283 0.0156654 0.0190677 0.022041 0.0242176 0.0253285 0.0252638 0.0240956 0.0220515 0.0194515 0.0166301 0.0138694 0.0113597 0.00919381 0.00738512 0.00589873 0.00468073
 1.02605e-16 2.32286e-05 0.000136302 0.000647852 0.00249416 0.0077777 0.0196461 0.0402003 0.0666431 0.08952 0.0974686 0.0861008 0.0619097 0.036688 0.0188476 0.0100808 0.00795514 0.00956094 0.0130813 0.0176286 0.0226751 0.027719 0.0322147 0.0356393 0.0375995 0.0379177 0.0366654 0.0341293 0.0307275 0.0269048 0.0230427 0.0194071 0.01614 0.0132836 0.0108193 0.00870477
 1.03375e-16 2.73886e-05 0.000160736 0.000764043 0.00294156 0.00917295 0.0231702 0.0474099 0.0785896 0.105551 0.114878 0.101375 0.0726631 0.0426006 0.0210395 0.00989505 0.00622016 0.00653138 0.00868958 0.0117333 0.0152196 0.0188184 0.02219 0.025002 0.0269886 0.0280024 0.0280368 0.027209 0.0257158 0.023777 0.021588 0.0192944 0.0169896 0.0147286 0.0125478 0.0104794
 1.02907e-16 2.91031e-05 0.000170802 0.000811896 0.00312581 0.00974751 0.0246215 0.0503794 0.0835115 0.11216 0.122068 0.107711 0.0771867 0.0452155 0.0222602 0.0103469 0.00633256 0.00650273 0.00857173 0.0115077 0.0148345 0.0182037 0.0212651 0.0236865 0.0252157 0.0257338 0.0252755 0.024007 0.0221739 0.0200356 0.0178108 0.0156473 0.0136207 0.0117514 0.0100313 0.0084464
 1.03653e-16 2.22133e-05 0.000130341 0.000619516 0.00238506 0.00743747 0.0187867 0.0384419 0.0637286 0.0856065 0.0932115 0.0823493 0.0592322 0.0351417 0.0181278 0.00981688 0.00789124 0.00957599 0.0131379 0.017727 0.022831 0.0279565 0.0325639 0.0361349 0.0382785 0.0388157 0.0378125 0.0355445 0.0324148 0.0288491 0.0252089 0.0217409 0.018572 0.0157352 0.0132104 0.0109613
 1.03922e-16 2.69976e-05 0.000158442 0.000753136 0.00289957 0.009042 0.0228394 0.0467331 0.0774675 0.104043 0.113238 0.0999257 0.0716221 0.0419856 0.0207275 0.00973532 0.00610445 0.00640262 0.00852427 0.0115267 0.0149802 0.0185678 0.0219622 0.0248417 0.0269462 0.0281265 0.0283667 0.0277677 0.0265056 0.024779 0.0227648 0.0205947 0.0183551 0.0161006 0.0138727 0.0117131
 1.04224e-16 2.36953e-05 0.000139046 0.00066091 0.00254445 0.00793454 0.0200422 0.0410104 0.0679847 0.0913176 0.0994141 0.0877912 0.063064 0.0372494 0.0189107 0.00975339 0.00727596 0.00849816 0.0115705 0.0156149 0.0201474 0.0247342 0.0289091 0.0322238 0.0343374 0.0350891 0.0345251 0.0328693 0.0304513 0.0276186 0.0246628 0.0217792 0.0190654 0.0165459 0.0142081 0.0120336
 1.04224e-16 2.55812e-05 0.000150123 0.000713582 0.00274727 0.00856704 0.0216398 0.0442787 0.0734003 0.0985848 0.107307 0.0947165 0.0679413 0.0399347 0.0199136 0.00968533 0.00651639 0.00716769 0.00964488 0.0130371 0.0168987 0.0208721 0.0245807 0.0276572 0.0298116 0.0308885 0.0308916 0.0299628 0.02833 0.0262419 0.023914 0.0214995 0.0190883 0.0167249 0.0144327 0.012234
 1.04247e-16 2.45111e-05 0.000143838 0.000683693 0.00263218 0.00820813 0.0207332 0.0424242 0.0703272 0.0944611 0.102828 0.0907872 0.0651747 0.0384128 0.0193478 0.00972929 0.00695561 0.00793445 0.0107534 0.0145196 0.0187647 0.0230869 0.027058 0.0302642 0.0323866 0.0332678 0.0329374 0.0315856 0.0295001 0.0269872 0.0243059 0.021633 0.0190613 0.016622 0.0143163 0.0121418
 1.05667e-16 1.8913e-05 0.000110966 0.000527404 0.0020304 0.0063315 0.0159931 0.032726 0.0542546 0.0728851 0.0793736 0.0701561 0.0505323 0.0301221 0.0158015 0.00898374 0.00772762 0.00969991 0.0134439 0.0182367 0.0236196 0.0291252 0.0342283 0.0384129 0.0412756 0.0426077 0.0424281 0.0409535 0.0385213 0.0354959 0.0321894 0.0288198 0.0255087 0.0223083 0.0192376 0.0163126
 1.07398e-16 1.89168e-05 0.000110994 0.000527552 0.002031 0.00633337 0.0159978 0.032735 0.0542676 0.0728971 0.079372 0.0701201 0.0504309 0.0299112 0.0154174 0.00833913 0.00671381 0.00819873 0.0113506 0.0154914 0.0202417 0.0252412 0.0300814 0.0343478 0.0376955 0.0399122 0.0409459 0.0408858 0.0399111 0.038228 0.0360189 0.0334192 0.0305215 0.0273964 0.0241168 0.0207721
 1.05973e-16 2.59545e-05 0.000152319 0.000724032 0.00278752 0.00869259 0.0219568 0.0449271 0.0744737 0.100022 0.10886 0.09606 0.0688457 0.0403469 0.0198981 0.00931315 0.00579933 0.00605911 0.0080738 0.0109472 0.0142814 0.017791 0.0211831 0.0241685 0.0265111 0.0280717 0.0288255 0.0288459 0.0282654 0.0272288 0.0258558 0.0242254 0.0223817 0.0203519 0.018168 0.0158797
 1.03904e-16 2.73633e-05 0.000160586 0.000763323 0.00293879 0.00916429 0.0231484 0.0473654 0.0785164 0.105454 0.114779 0.101299 0.0726353 0.0426373 0.0211549 0.0101091 0.00656109 0.00703094 0.00937288 0.012606 0.0162556 0.0199523 0.0233173 0.0259906 0.0277008 0.0283224 0.0278977 0.0266111 0.0247306 0.0225353 0.0202555 0.0180407 0.0159592 0.0140197 0.0122022 0.0104851
 1.02166e-16 3.14387e-05 0.000184516 0.0008771 0.00337687 0.0105304 0.0265991 0.0544255 0.0902171 0.121162 0.131854 0.11632 0.0832991 0.0486812 0.0237519 0.0106786 0.00604359 0.00581652 0.0075218 0.010056 0.0129373 0.0158413 0.0184544 0.0204823 0.0217038 0.0220179 0.0214621 0.0201927 0.0184374 0.0164367 0.0143941 0.0124479 0.0106684 0.00907295 0.00764905 0.00637548
 1.01373e-16 3.24553e-05 0.000190484 0.00090547 0.0034861 0.0108711 0.0274595 0.056186 0.0931353 0.12508 0.136118 0.120079 0.0859863 0.0502416 0.024494 0.0109778 0.00616096 0.00587771 0.00756651 0.0100819 0.0129206 0.0157433 0.0182242 0.0200614 0.0210335 0.0210482 0.0201613 0.0185548 0.0164862 0.014225 0.0119981 0.00995874 0.00818158 0.00667818 0.00542203 0.00437236
 1.01843e-16 2.6777e-05 0.000157138 0.000746919 0.00287561 0.00896724 0.0226507 0.0463476 0.0768311 0.103196 0.112336 0.099179 0.0711927 0.0419463 0.0211007 0.0105618 0.00747846 0.0084596 0.0113988 0.0152992 0.0196255 0.0239155 0.0276838 0.0304716 0.0319405 0.0319482 0.030577 0.0281021 0.0249145 0.0214252 0.0179826 0.0148249 0.0120713 0.0097452 0.0078109 0.00620894
 1.02698e-16 2.71026e-05 0.000159054 0.000756039 0.00291074 0.00907681 0.0229274 0.0469134 0.0777674 0.104449 0.113688 0.100343 0.0719637 0.0422719 0.0210277 0.0101398 0.00670379 0.00727909 0.0097438 0.0131254 0.0169465 0.020827 0.024371 0.0271963 0.0290073 0.0296557 0.0291655 0.0277112 0.0255616 0.0230089 0.0203083 0.0176435 0.015122 0.0127916 0.0106658 0.00874538
 1.03131e-16 2.66943e-05 0.000156657 0.00074464 0.00286684 0.00893993 0.0225817 0.0462061 0.0765952 0.102876 0.111978 0.0988392 0.0708986 0.0416724 0.020778 0.0100995 0.00678065 0.00743521 0.00997266 0.0134299 0.0173269 0.0212751 0.0248693 0.0277209 0.0295322 0.0301594 0.0296367 0.0281522 0.025988 0.0234453 0.0207817 0.0181758 0.0157243 0.0134609 0.0113854 0.00948843
 1.02531e-16 3.0567e-05 0.000179399 0.00085277 0.00328319 0.0102383 0.0258612 0.0529157 0.0877147 0.117802 0.1282 0.1131 0.0810028 0.0473586 0.0231432 0.0104684 0.00601626 0.00587358 0.00763803 0.0102395 0.0132098 0.0162301 0.0189888 0.0211899 0.0226066 0.0231281 0.0227778 0.0216955 0.0200921 0.0181933 0.0161921 0.0142227 0.012358 0.0106244 0.00902331 0.00754981
 1.02332e-16 2.82063e-05 0.000165533 0.00078684 0.00302932 0.00944662 0.0238615 0.0488247 0.0809357 0.108704 0.118318 0.104427 0.0748885 0.0439799 0.0218576 0.0105038 0.00689056 0.00742904 0.00990101 0.0132828 0.0170664 0.0208469 0.0242088 0.0267594 0.028207 0.0284243 0.0274733 0.0255772 0.0230565 0.0202473 0.0174332 0.0148061 0.0124608 0.010416 0.00864582 0.00710941
 1.02572e-16 2.7943e-05 0.000163989 0.000779501 0.00300107 0.00935852 0.023639 0.0483693 0.0801804 0.107689 0.117211 0.103444 0.0741714 0.0435346 0.0215921 0.0103046 0.0066701 0.00713415 0.00950447 0.0127783 0.0164694 0.020198 0.0235733 0.0262216 0.0278582 0.0283469 0.027724 0.0261757 0.0239797 0.0214338 0.0187939 0.0162398 0.0138699 0.0117192 0.00978637 0.00805727
 1.02407e-16 2.97962e-05 0.000174871 0.000831243 0.0032003 0.00997982 0.0252083 0.05158 0.0855012 0.114831 0.124973 0.110267 0.079004 0.0462508 0.0227154 0.0104668 0.00628132 0.00635187 0.00833677 0.0111825 0.0144097 0.017674 0.0206321 0.0229582 0.0244043 0.0248524 0.0243351 0.023015 0.0211339 0.0189498 0.0166833 0.0144875 0.0124446 0.0105821 0.00889664 0.00737559
 1.02337e-16 2.86282e-05 0.000168011 0.000798623 0.00307469 0.00958811 0.0242189 0.0495558 0.0821472 0.11033 0.120084 0.105976 0.0759788 0.0445791 0.0220791 0.0104839 0.00671321 0.00712034 0.00945465 0.0126855 0.0163138 0.0199528 0.0232076 0.0257048 0.0271644 0.0274607 0.0266457 0.0249236 0.0225907 0.01996 0.0172965 0.0147818 0.0125083 0.010499 0.00873649 0.0071896
 1.04247e-16 1.73559e-05 0.000101817 0.000483893 0.00186285 0.00580897 0.0146734 0.0300263 0.0497818 0.0668856 0.072864 0.0644596 0.0465536 0.0279996 0.0151433 0.00932481 0.00880495 0.01147 0.0159796 0.0216213 0.0278727 0.0341586 0.039827 0.044246 0.0469348 0.0476677 0.0465143 0.0437997 0.0400046 0.035642 0.0311508 0.0268365 0.0228634 0.0192845 0.0160893 0.0132454
pSPR Fmed_Fpbrs
0.718246   0.6 0.325
Fs Fmed_Fpbrs
0.204689   0.342947 1.04531
SSBpbr Bo_Bmed_Bpbrs
1.42633e+06  953141  784483 392241
Ro
59874.1
SPR SPRFo_SPRFmed_SPRFpbrs
1.23398e+06 886300 401043
log_Ro
10.82
likeval ReclasPelacesDesembMPH_pf_preclas_ppelaces_ptallas_desvR_qrecl_qpela
 60.9831 22.5624 0.032885 0.000232297 289.236 200.021 70.8067 0 16.5683 8.47825e-05 6.28116e-06 1.66588e-15 0 0 0
q_reclas_q_pelaces
0.271233 1.42841
M
0.7
N
 69928.3 17630.1 6547.74 770.789 0.393252
 86496.5 32367 6117.53 2272.02 267.595
 55422.2 40791.2 12353.9 2334.95 969.324
 79988.3 25646.3 14136.3 4281.28 1145.11
 131055 39204.7 11914.1 6567.07 2520.84
 97006.6 64896.8 19190.8 5831.99 4448.57
 145446 46765.7 27709.9 8194.18 4389.63
 126007 70885.7 21108.3 12507.2 5679.86
 140119 60214.4 28940.4 8617.83 7425.2
 132819 66491.1 23721.6 11401.2 6320.21
 67116.6 63423.4 27044.9 9648.65 7208.07
 41282.5 30573.8 20288.5 8651.37 5392.29
 41653.8 18896 10022.5 6650.83 4603.69
 23764 18171.2 4848.49 2571.65 2887.78
 18221.4 9344.63 2746.82 732.912 825.264
 22494.9 7254.78 1504.97 442.382 250.948
 18915.3 10251.1 2325.29 482.371 222.224
 21614.5 8852.52 3763.37 853.656 258.67
 24624.3 10321.5 3601.16 1530.92 452.489
 42576 11837.7 4344.33 1515.73 834.816
 53681.3 20462.8 4976.48 1826.33 988.153
 71375.4 26236 9368.97 2278.5 1288.62
 113745 34724.1 11734.8 4190.53 1595.49
 151178 55140.5 15252.2 5154.35 2541.44
 73079.8 73369.1 24359 6737.82 3399.71
pred_Ctot
 3429.33 3898.8 1447.99 170.456 0.0869654
 3139.87 5468.25 1033.53 383.847 45.2089
 2727.27 9047.95 2740.23 517.917 215.007
 748.269 1194.33 658.315 199.375 53.3265
 265.292 402.417 122.292 67.4078 25.8752
 2040.21 6598.69 1951.32 592.995 452.329
 1943.53 3079.76 1824.84 539.629 289.08
 3423.49 9169.36 2730.44 1617.86 734.713
 4486.95 9069.98 4359.24 1298.09 1118.44
 3676.29 8751.14 3122.09 1500.55 831.826
 4010.27 16643.5 7097.08 2531.98 1891.53
 2334.3 7652.75 5078.29 2165.48 1349.71
 3667.33 6818.68 3616.64 2399.97 1661.26
 3605.26 9709.85 2590.8 1374.17 1543.09
 2630.93 4834.35 1421.04 379.165 426.942
 1338.31 1896.8 393.484 115.663 65.6117
 785.503 1955.7 443.617 92.0264 42.3959
 597.899 1164.45 495.028 112.289 34.0251
 566.409 1142.18 398.503 169.411 50.0722
 986.365 1318.81 483.993 168.864 93.0052
 610.796 1153.18 280.45 102.923 55.6875
 1043.74 1884.82 673.076 163.69 92.5757
 1948.76 2904.38 981.513 350.502 133.449
 2470.39 4407.63 1219.17 412.011 203.149
 1009.45 4988.93 1656.35 458.156 231.172
F
 0.0703309 0.35845 0.35845 0.35845 0.35845
 0.0516361 0.26317 0.26317 0.26317 0.26317
 0.07058 0.359719 0.359719 0.359719 0.359719
 0.0130832 0.0666799 0.0666799 0.0666799 0.0666799
 0.00281827 0.0143637 0.0143637 0.0143637 0.0143637
 0.0296292 0.151009 0.151009 0.151009 0.151009
 0.018735 0.0954853 0.0954853 0.0954853 0.0954853
 0.0384237 0.195831 0.195831 0.195831 0.195831
 0.0454268 0.231523 0.231523 0.231523 0.231523
 0.0391573 0.19957 0.19957 0.19957 0.19957
 0.0862887 0.43978 0.43978 0.43978 0.43978
 0.0814878 0.415312 0.415312 0.415312 0.415312
 0.129553 0.660283 0.660283 0.660283 0.660283
 0.23337 1.1894 1.1894 1.1894 1.1894
 0.220936 1.12603 1.12603 1.12603 1.12603
 0.0859035 0.437817 0.437817 0.437817 0.437817
 0.0592687 0.30207 0.30207 0.30207 0.30207
 0.0391329 0.199445 0.199445 0.199445 0.199445
 0.0324452 0.165361 0.165361 0.165361 0.165361
 0.0326815 0.166565 0.166565 0.166565 0.166565
 0.0159331 0.0812049 0.0812049 0.0812049 0.0812049
 0.0205187 0.104576 0.104576 0.104576 0.104576
 0.0240774 0.122713 0.122713 0.122713 0.122713
 0.0229534 0.116985 0.116985 0.116985 0.116985
 0.0193718 0.0987309 0.0987309 0.0987309 0.0987309
nmprior
 10 11 7 0
nm_flota  nm_reclas  nm_pelaces    nm_pelaL
inf 12.9985 19.443 35.1979
cv_recla  cv_pelaces  cv_mph
0.706366 0.55893 0.494492
 ------------------------------------------------
Talla a la edad & desviación 
 7.2 14.2025 17.0495 18.207 18.6776
 1.08 2.13037 2.55742 2.73105 2.80164
