years
 1997 1998 1999 2000 2001 2002 2003 2004 2005 2006 2007 2008 2009 2010 2011 2012 2013 2014 2015 2016 2017 2018 2019 2020 2021
reclasobs
 0 0 0 370054 412103 1.49427e+06 250295 1.28982e+06 931140 785840 897777 1.04006e+06 184774 17550 25797 100020 73551 82996 120727 218422 84188 347160 605670 569463 516374
reclaspred
 1.12161e+06 283330 870302 523879 618535 788816 1.61611e+06 1.15859e+06 1.33278e+06 1.30558e+06 1.1472e+06 781079 454243 209486 142790 146623 183844 267407 301012 403333 619681 613863 1.01659e+06 1.19441e+06 1.648e+06
pelacesobs
 0 0 0 0 0 0 0 0 0 2.06254e+06 1.5e+06 0 1.87456e+06 323000 250000 174000 83755 137374 0 501740 490994 745055 786931 1.00524e+06 0
pelacespred
 745355 273659 319992 374476 376557 384574 823354 785206 775182 790575 601557 422218 241144 89709 61153.4 71648.8 94204.7 138495 164803 213068 356669 369830 464846 648212 900908
mphobs
 0 0 0 0 0 112323 0 153150 637223 0 255016 313432 73983 77613 109348 50772 0 0 0 0 0 0 0 0 0
mphpred
 766871 484464 505899 563004 492880 683281 992214 1.25051e+06 1.12428e+06 1.20036e+06 1.16978e+06 822765 507670 268111 130460 119462 141576 202388 259260 301036 459038 574622 706319 948050 1.37004e+06
desembarqueobs
 350755 77701 442110 56441 14545 235359 269955 359681 431902 328805 639364 411747 362871 311530 167758 66681 60226 58785 57116 71774 51957 67425 138520 160799 200461
desembarquepred
 350790 77715.9 442328 56448.4 14545.4 235472 270015 359742 431987 328847 639774 412125 363256 312039 167827 66707.9 60257.6 58796.5 57121.1 71779.7 51959.7 67425.2 138532 160817 200475
Reclutas
 59592.1 57667.7 34406.5 39018.5 66934.6 56112.4 99452.9 97046.1 126339 126001 71894.6 43287.2 45585.3 29015.2 20747.8 18922.3 16623.9 18725.9 20635.8 36043.6 51209.6 58541.2 86917.4 109861 105090
log_desv_Rt
 0.175279 0.142453 -0.373999 -0.248209 0.291472 0.115112 0.68744 0.662942 0.926727 0.924045 0.362956 -0.144389 -0.0926595 -0.544424 -0.879803 -0.971901 -1.1014 -0.982335 -0.885215 -0.327516 0.0236824 0.157486 0.552713 0.786974 0.742574
SSB
 766871 484464 505899 563004 492880 683281 992214 1.25051e+06 1.12428e+06 1.20036e+06 1.16978e+06 822765 507670 268111 130460 119462 141576 202388 259260 301036 459038 574622 706319 948050 1.37004e+06
BT
 2.52212e+06 655341 1.05162e+06 840422 861877 946141 2.31343e+06 2.13183e+06 2.26357e+06 2.08451e+06 1.85219e+06 1.25876e+06 890815 490653 295835 218551 270283 362589 393589 546423 885176 806415 1.0712e+06 1.54092e+06 2.03646e+06
Ftot
 0.301251 0.2647 0.48179 0.104968 0.0230162 0.287196 0.162287 0.298926 0.311901 0.243364 0.526367 0.498931 0.741014 1.29588 1.06157 0.433809 0.315307 0.212861 0.183962 0.172748 0.0818141 0.106985 0.132525 0.130985 0.118399
BD_Bspro_t
 0.959267 0.775984 0.700797 0.548889 0.639835 0.764895 0.719035 0.740241 0.688347 0.656683 0.624995 0.466349 0.35662 0.253951 0.155706 0.168581 0.25258 0.403345 0.523769 0.620149 0.73338 0.817733 0.824274 0.821274 0.820464
BD_Bspro
 0.744026 0.470032 0.490828 0.546232 0.478197 0.662926 0.962656 1.21326 1.09079 1.1646 1.13493 0.798254 0.492546 0.260124 0.126574 0.115903 0.137359 0.196359 0.251537 0.292068 0.445363 0.557504 0.685278 0.919808 1.32922
BD_Bo
 0.69937 0.441821 0.461369 0.513447 0.449496 0.623137 0.904878 1.14044 1.02532 1.0947 1.06682 0.750344 0.462984 0.244512 0.118977 0.108946 0.129114 0.184573 0.23644 0.274538 0.418632 0.524043 0.644148 0.864601 1.24944
BD_Brms
 3.41678 2.15852 2.25402 2.50845 2.19601 3.04434 4.42079 5.57164 5.0092 5.34817 5.21193 3.66581 2.26191 1.19456 0.581262 0.532259 0.63079 0.901734 1.15513 1.34126 2.04523 2.56021 3.14699 4.22402 6.10416
S_f
 0.5 1 1 1 1
 0.5 1 1 1 1
 0.5 1 1 1 1
 0.5 1 1 1 1
 0.5 1 1 1 1
 0.5 1 1 1 1
 0.5 1 1 1 1
 0.5 1 1 1 1
 0.5 1 1 1 1
 0.5 1 1 1 1
 0.5 1 1 1 1
 0.5 1 1 1 1
 0.5 1 1 1 1
 0.5 1 1 1 1
 0.5 1 1 1 1
 0.5 1 1 1 1
 0.5 1 1 1 1
 0.5 1 1 1 1
 0.5 1 1 1 1
 0.5 1 1 1 1
 0.5 1 1 1 1
 0.5 1 1 1 1
 0.5 1 1 1 1
 0.5 1 1 1 1
 0.5 1 1 1 1
Scru_reclas
 0.5 1 1 1 1
 0.5 1 1 1 1
 0.5 1 1 1 1
 0.5 1 1 1 1
 0.5 1 1 1 1
 0.5 1 1 1 1
 0.5 1 1 1 1
 0.5 1 1 1 1
 0.5 1 1 1 1
 0.5 1 1 1 1
 0.5 1 1 1 1
 0.5 1 1 1 1
 0.5 1 1 1 1
 0.5 1 1 1 1
 0.5 1 1 1 1
 0.5 1 1 1 1
 0.5 1 1 1 1
 0.5 1 1 1 1
 0.5 1 1 1 1
 0.5 1 1 1 1
 0.5 1 1 1 1
 0.5 1 1 1 1
 0.5 1 1 1 1
 0.5 1 1 1 1
 0.5 1 1 1 1
Scru_pelaces
 0.5 1 1 1 1
 0.5 1 1 1 1
 0.5 1 1 1 1
 0.5 1 1 1 1
 0.5 1 1 1 1
 0.5 1 1 1 1
 0.5 1 1 1 1
 0.5 1 1 1 1
 0.5 1 1 1 1
 0.5 1 1 1 1
 0.5 1 1 1 1
 0.5 1 1 1 1
 0.5 1 1 1 1
 0.5 1 1 1 1
 0.5 1 1 1 1
 0.5 1 1 1 1
 0.5 1 1 1 1
 0.5 1 1 1 1
 0.5 1 1 1 1
 0.5 1 1 1 1
 0.5 1 1 1 1
 0.5 1 1 1 1
 0.5 1 1 1 1
 0.5 1 1 1 1
 0.5 1 1 1 1
pf_obs 
 0.256992 0.487395 0.22802 0.0275931 0
 0.321318 0.546541 0.124235 0.00734118 0.000564706
 0.182869 0.594174 0.210203 0.0122559 0.00049798
 0.330522 0.361315 0.267642 0.0388342 0.00168674
 0.649043 0.306663 0.0425973 0.00169635 0
 0.582887 0.30429 0.105238 0.00758474 0
 0.465427 0.430635 0.0974691 0.00646863 0
 0.296916 0.608066 0.0921331 0.00288517 0
 0.311714 0.524322 0.152257 0.0117073 0
 0.15457 0.633149 0.183074 0.0267441 0.00246327
 0.131901 0.49318 0.331252 0.0422183 0.00144891
 0.196976 0.569456 0.194076 0.0375587 0.00193317
 0.518974 0.381816 0.0799577 0.0180837 0.00116848
 0.0928022 0.601141 0.25162 0.0475244 0.00691264
 0.122501 0.610282 0.24278 0.0234846 0.000952079
 0.383417 0.481906 0.127806 0.00687128 0
 0.0376549 0.599619 0.316969 0.0457579 0
 0.0361596 0.667082 0.258105 0.0386534 0
 0.158088 0.579412 0.248529 0.0139706 0
 0.0477256 0.309471 0.559284 0.082774 0.000745712
 0.0406174 0.521527 0.379366 0.0568643 0.0016247
 0.151134 0.462217 0.34131 0.0453401 0
 0.294876 0.26143 0.354403 0.0886775 0.000613685
 0.281977 0.475581 0.204845 0.0348837 0.00271318
 0 0 0 0 0
pf_pred 
 0.572242 0.305861 0.10937 0.0125207 5.91833e-06
 0.471624 0.39352 0.0964265 0.0344804 0.00394918
 0.332723 0.43923 0.169843 0.0416176 0.0165862
 0.442793 0.297881 0.170699 0.0660065 0.0226198
 0.531791 0.290662 0.094916 0.054391 0.0282396
 0.387025 0.426449 0.115795 0.0378129 0.0329186
 0.552368 0.258878 0.131317 0.0356568 0.0217804
 0.45011 0.396474 0.088725 0.045006 0.0196854
 0.510282 0.31383 0.126817 0.0283796 0.0206922
 0.462191 0.373848 0.105072 0.0424591 0.0164296
 0.319081 0.441397 0.1665 0.0467959 0.0262271
 0.313564 0.3587 0.212451 0.0801387 0.035147
 0.447723 0.283906 0.140238 0.0830601 0.0450723
 0.440844 0.374401 0.0949762 0.0469143 0.0428646
 0.542351 0.322105 0.0907581 0.023023 0.0217632
 0.567257 0.331966 0.0709295 0.0199855 0.00986219
 0.467853 0.398297 0.102679 0.0219389 0.00923204
 0.477772 0.343736 0.133596 0.0344403 0.0104553
 0.458864 0.357348 0.120972 0.0470166 0.0158001
 0.562029 0.280826 0.103773 0.0351299 0.0182418
 0.536632 0.337986 0.0803948 0.0297081 0.0152792
 0.463282 0.377462 0.116163 0.027631 0.0154617
 0.509586 0.313959 0.124097 0.0381903 0.0141674
 0.488751 0.349339 0.103654 0.0409707 0.0172859
 0.412309 0.390755 0.134567 0.0399282 0.0224408
pobs_RECLAS
 0 0 0 0 0
 0 0 0 0 0
 0 0 0 0 0
 0 0 0 0 0
 0.835266 0.146461 0.0176864 0.000547809 3.91292e-05
 0.385257 0.428462 0.181853 0.0044286 0
 0.867414 0.0963971 0.0333333 0.00285562 0
 0.441836 0.489002 0.0689373 0.000224442 0
 0.779404 0.147425 0.0564933 0.0165055 0.000172143
 0.814271 0.122319 0.05973 0.00367925 0
 0.40263 0.566651 0.0304383 0.000280538 0
 0.475488 0.404961 0.113038 0.00651328 0
 0.955842 0.0263864 0.0167828 0.000988607 0
 0.975058 0.0227948 0.00214734 0 0
 0.738997 0.206755 0.0527124 0.00153531 0
 0.850938 0.134255 0.0134407 0.00136685 0
 0.542534 0.407297 0.0501686 0 0
 0.764087 0.199537 0.0359546 0.000420521 0
 0.470689 0.182191 0.310203 0.0369168 0
 0.84361 0.089868 0.0606195 0.00523954 0.000663233
 0.607945 0.314616 0.071237 0.00620181 0
 0.523733 0.453247 0.0230204 0 0
 0.530135 0.295979 0.169645 0.0042399 0
 0.562478 0.366248 0.0663022 0.0049721 0
 0.250443 0.683176 0.0655157 0.000865301 0
ppred_RECLAS
 0.575045 0.303857 0.108654 0.0124387 5.87955e-06
 0.474061 0.391705 0.0959817 0.0343213 0.00393097
 0.337382 0.436163 0.168657 0.041327 0.0164704
 0.443625 0.297436 0.170444 0.0659079 0.0225861
 0.531961 0.290557 0.0948816 0.0543713 0.0282294
 0.389591 0.424664 0.11531 0.0376546 0.0327808
 0.553726 0.258093 0.130918 0.0355486 0.0217143
 0.45292 0.394448 0.0882715 0.0447759 0.0195847
 0.513271 0.311914 0.126042 0.0282064 0.0205659
 0.464387 0.372321 0.104643 0.0422857 0.0163625
 0.324216 0.438068 0.165244 0.0464429 0.0260293
 0.318298 0.356226 0.210985 0.079586 0.0349046
 0.45708 0.279096 0.137862 0.0816528 0.0443087
 0.462188 0.360109 0.0913507 0.0451234 0.0412283
 0.558131 0.310999 0.0876287 0.0222292 0.0210127
 0.571723 0.32854 0.0701976 0.0197792 0.00976042
 0.470873 0.396037 0.102096 0.0218144 0.00917964
 0.479652 0.342499 0.133115 0.0343163 0.0104176
 0.460441 0.356306 0.120619 0.0468796 0.0157541
 0.563482 0.279895 0.103429 0.0350134 0.0181813
 0.537271 0.33752 0.0802839 0.0296671 0.0152582
 0.464139 0.37686 0.115977 0.0275869 0.015437
 0.510678 0.313261 0.12382 0.0381053 0.0141359
 0.489828 0.348602 0.103436 0.0408843 0.0172495
 0.413243 0.390134 0.134353 0.0398647 0.0224051
pobs_PELACES
 0 0 0 0 0
 0 0 0 0 0
 0 0 0 0 0
 0 0 0 0 0
 0 0 0 0 0
 0 0 0 0 0
 0 0 0 0 0
 0 0 0 0 0
 0 0 0 0 0
 0 0 0 0 0
 0.450072 0.473896 0.0757376 0.000293798 0
 0 0 0 0 0
 0.463077 0.371075 0.160297 0.00555027 0
 0.529543 0.364841 0.0842815 0.0213345 0
 0.631943 0.363953 0.00410389 0 0
 0.735681 0.248677 0.0153453 0.000297389 0
 0.695825 0.281241 0.0229344 0 0
 0.275771 0.60734 0.115278 0.00161068 0
 0 0 0 0 0
 0.896147 0.0623911 0.0374545 0.00400742 0
 0.803859 0.145111 0.0509908 3.86294e-05 0
 0.739449 0.233085 0.0266225 0.000797448 4.60066e-05
 0.878498 0.100942 0.0204185 0.000141795 0
 0.694673 0.275183 0.0284847 0.00165964 0
 0 0 0 0 0
ppred_PELACES
 0.587144 0.295205 0.10556 0.0120845 5.71215e-06
 0.484961 0.383587 0.0939924 0.03361 0.0038495
 0.355377 0.424319 0.164077 0.0402047 0.0160231
 0.447904 0.295149 0.169133 0.065401 0.0224124
 0.532907 0.28997 0.0946899 0.0542615 0.0281724
 0.400917 0.416784 0.11317 0.0369559 0.0321726
 0.560333 0.254272 0.12898 0.0350223 0.0213928
 0.465168 0.385617 0.0862954 0.0437735 0.0191463
 0.526116 0.303682 0.122716 0.027462 0.0200232
 0.474388 0.365369 0.102689 0.0414962 0.016057
 0.343528 0.425549 0.160522 0.0451157 0.0252855
 0.336422 0.346755 0.205376 0.0774701 0.0339766
 0.487544 0.263436 0.130126 0.0770713 0.0418225
 0.515566 0.324369 0.0822842 0.040645 0.0371364
 0.600786 0.280977 0.0791696 0.0200833 0.0189843
 0.589152 0.31517 0.0673408 0.0189743 0.00936321
 0.483852 0.386323 0.0995917 0.0212793 0.00895448
 0.488423 0.336726 0.130871 0.0337378 0.010242
 0.46799 0.351321 0.118931 0.0462237 0.0155337
 0.570479 0.275408 0.101771 0.0344521 0.0178899
 0.540626 0.335073 0.079702 0.029452 0.0151475
 0.468532 0.37377 0.115026 0.0273607 0.0153105
 0.516141 0.309763 0.122438 0.0376799 0.013978
 0.49523 0.344911 0.10234 0.0404514 0.0170669
 0.417987 0.386979 0.133267 0.0395424 0.022224
pobs_pel_tallas
 0 0 0 0 0 0 0 0 0 0 0 0 0 0 0 0 0 0 0 0 0 0 0 0 0 0 0 0 0 0 0 0 0 0 0 0
 0 0 0 0 0 0 0 0 0 0 0 0 0 0 0 0 0 0 0 0 0 0 0 0 0 0 0 0 0 0 0 0 0 0 0 0
 0 0 0 0 0 0 0 0 0 0 0 0 0 0 0 0 0 0 0 0 0 0 0 0 0 0 0 0 0 0 0 0 0 0 0 0
 0 0 0 0 0 0 0 0 0 0 0 0 0 0 0 0 0 0 0 0 0 0 0 0 0 0 0 0 0 0 0 0 0 0 0 0
 0 0 0 0 0 0 0 0 0 0 0 0 0 0 0 0 0 0 0 0 0 0 0 0 0 0 0 0 0 0 0 0 0 0 0 0
 0 0 0 0 0 0 0 0 0 0 0 0 0 0 0 0 0 0 0 0 0 0 0 0 0 0 0 0 0 0 0 0 0 0 0 0
 0 0 0 0 0 0 0 0 0 0 0 0 0 0 0 0 0 0 0 0 0 0 0 0 0 0 0 0 0 0 0 0 0 0 0 0
 0 0 0 0 0 0 0 0 0 0 0 0 0 0 0 0 0 0 0 0 0 0 0 0 0 0 0 0 0 0 0 0 0 0 0 0
 0 0 0 0 0 0 0 0 0 0 0 0 0 0 0 0 0 0 0 0 0 0 0 0 0 0 0 0 0 0 0 0 0 0 0 0
 0 0 0 0 0 0 0 0 0 0 0 0 0 0 0 0 0 0 0 0 0 0 0 0 0 0 0 0 0 0 0 0 0 0 0 0
 0 0 0 0 0 0 0 0 1.78061e-05 0.00172719 0.00360574 0.0105946 0.0120993 0.0124554 0.0147524 0.0171206 0.0266825 0.0428682 0.0675386 0.121331 0.153587 0.119568 0.100827 0.0573624 0.0630603 0.0341343 0.0324427 0.0444173 0.0211091 0.0280891 0.0125444 0.00206551 0 0 0 0
 0 0 0 0 0 0 0 0 0 0 0 0 0 0 0 0 0 0 0 0 0 0 0 0 0 0 0 0 0 0 0 0 0 0 0 0
 0 0 0 0 0 0 0.0133647 0.0140871 0.0187388 0.0205184 0.03894 0.0496705 0.03968 0.0493445 0.0407372 0.0367815 0.0215668 0.0243155 0.0234873 0.0199281 0.019796 0.0243948 0.0301388 0.0376714 0.0412746 0.0863199 0.0771752 0.113111 0.0741005 0.0525337 0.0229764 0.00759418 0.00175318 0 0 0
 0 0 0 0 0 0 0 0 0 0 0.00219441 0.00772107 0.0458388 0.0604681 0.0671733 0.0775358 0.0609151 0.0617685 0.073594 0.0568108 0.0755445 0.0548602 0.0670107 0.0636378 0.0643287 0.046367 0.0373049 0.0286899 0.0247887 0.0153202 0.00654259 0.00121912 0.000365735 0 0 0
 0 0 0 0 0 0 0 0 0 0 0 0 0.000112435 0.00938835 0.0111873 0.0202946 0.0414886 0.0713402 0.111592 0.104902 0.108894 0.110636 0.117776 0.105296 0.107544 0.0401394 0.0192827 0.0124803 0.00416011 0.0028671 0.000618394 0 0 0 0 0
 0 0 0 0 0 0 0 0 0 0 0.00291406 0.0102884 0.027416 0.0768956 0.0749926 0.110853 0.0956884 0.0897413 0.0766577 0.0534642 0.0500743 0.0551293 0.0594112 0.0620874 0.0668451 0.0424026 0.0208742 0.0120726 0.0048766 0.00582813 0.00118941 0.000297354 0 0 0 0
 0 0.00264628 0.0354308 0.0461629 0.0458689 0.0383711 0.0214643 0.0164657 0.0346957 0.0420465 0.0363128 0.0245516 0.0311673 0.0291091 0.0169068 0.0133784 0.00837989 0.0085269 0.0148486 0.0160247 0.0276389 0.0546898 0.0760071 0.122758 0.109233 0.0665981 0.0333725 0.0166128 0.00676272 0.00308733 0.000882094 0 0 0 0 0
 0 0 0 0 0 0 0 0.000805153 0.000690131 0.00759144 0.0133425 0.0154129 0.00931677 0.000345066 0.00356568 0.00563607 0.00851162 0.0253048 0.0502646 0.0516448 0.0657925 0.0565908 0.0611916 0.0827007 0.0866115 0.110766 0.145733 0.0935128 0.0569358 0.0249597 0.0138026 0.00621118 0.00161031 0.00115022 0 0
 0 0 0 0 0 0 0 0 0 0 0 0 0 0 0 0 0 0 0 0 0 0 0 0 0 0 0 0 0 0 0 0 0 0 0 0
 0.00147267 0.00158595 0.00478618 0.00569244 0.00954404 0.0108468 0.00647125 0.017049 0.0510054 0.094081 0.124002 0.0959785 0.0687766 0.0820023 0.061753 0.0591476 0.0492212 0.0479892 0.0443925 0.0268479 0.0217502 0.0140895 0.0121071 0.0120363 0.00920419 0.00665534 0.0049561 0.00860946 0.00930331 0.0156896 0.0114698 0.00855282 0.00243557 0.00046729 0 2.83206e-05
 0 0 0 0 0.000772559 0.00158375 0.000888443 0.00281984 0.00712685 0.0440552 0.0773331 0.111326 0.0921469 0.0852325 0.0710754 0.0886704 0.0786465 0.0553345 0.0373146 0.0185414 0.00753245 0.00457741 0.012979 0.0271748 0.0457355 0.0583668 0.034881 0.0177882 0.00938659 0.00492506 0.0015258 0.00185414 0.000309023 5.79419e-05 3.86279e-05 0
 0 0.00173294 0.00326652 0 0.00397197 0.00683976 0.00946217 0.0152591 0.00757587 0.0136028 0.0228656 0.0392903 0.0559909 0.0764795 0.0681675 0.0726916 0.0566044 0.0477403 0.0527397 0.0444891 0.0609904 0.0582453 0.0661739 0.0445044 0.0529084 0.0360697 0.0280645 0.0235558 0.0158879 0.00826598 0.00280645 0.00217768 0.000904811 0.00058276 9.20147e-05 0
 0 0 0 0 0 0 0 0 0 0 0 0 0 0 0 0 0 0 0 0 0 0 0 0 0 0 0 0 0 0 0 0 0 0 0 0
 0 0 0 0 0 0 0 0 0 0 0 0 0 0 0 0 0 0 0 0 0 0 0 0 0 0 0 0 0 0 0 0 0 0 0 0
 0 0 0 0 0 0 0 0 0 0 0 0 0 0 0 0 0 0 0 0 0 0 0 0 0 0 0 0 0 0 0 0 0 0 0 0
ppred_pel_tallas
 1.02011e-16 2.56271e-05 0.000150387 0.000714824 0.00275203 0.00858188 0.0216773 0.044356 0.0735299 0.0987638 0.107514 0.0949299 0.0681603 0.0401957 0.0202878 0.0102688 0.00741922 0.00850358 0.0115139 0.0155005 0.0199494 0.0244097 0.0284009 0.0314619 0.0332426 0.0335794 0.0325254 0.0303221 0.0273284 0.0239306 0.0204647 0.0171707 0.0141846 0.0115568 0.00928484 0.0073422
 1.02794e-16 2.11749e-05 0.000124241 0.000590505 0.00227334 0.00708909 0.0179068 0.0366418 0.0607463 0.0816058 0.0888698 0.0785477 0.0565722 0.0337128 0.0176645 0.0100035 0.00854538 0.010661 0.0146954 0.0198083 0.0254501 0.0310618 0.0360273 0.0397574 0.0418138 0.0420067 0.0404317 0.0374294 0.0334878 0.0291215 0.024767 0.0207233 0.0171424 0.0140583 0.0114346 0.00920738
 1.04598e-16 1.55263e-05 9.10743e-05 0.000432817 0.00166619 0.00519569 0.0131243 0.0268568 0.0445289 0.0598336 0.0651967 0.0577123 0.041758 0.0252706 0.01395 0.00902445 0.00896921 0.0119186 0.0166832 0.0226115 0.0291922 0.0358389 0.0418781 0.0466516 0.0496527 0.0506335 0.0496483 0.0470134 0.0432081 0.0387488 0.0340827 0.0295271 0.0252613 0.0213567 0.0178221 0.0146449
 1.05792e-16 1.95556e-05 0.000114742 0.000545364 0.00209957 0.00654719 0.0165379 0.0338404 0.0561005 0.0753606 0.0820579 0.0725014 0.0521621 0.0309748 0.0160322 0.00877587 0.0071798 0.00882082 0.0121979 0.0165912 0.0215792 0.0267521 0.0316484 0.0358074 0.0388558 0.0405804 0.0409583 0.0401349 0.038362 0.0359227 0.0330672 0.029981 0.026784 0.0235514 0.0203413 0.0172141
 1.0462e-16 2.32617e-05 0.000136501 0.00064881 0.00249786 0.00778927 0.0196753 0.0402596 0.0667401 0.0896461 0.097595 0.0861864 0.0619147 0.0365777 0.0185832 0.00960745 0.00719708 0.00842932 0.0114917 0.0155253 0.0200575 0.0246639 0.0288868 0.0322841 0.0345169 0.0354206 0.0350319 0.0335603 0.0313183 0.0286368 0.0257933 0.0229743 0.0202745 0.0177207 0.0153078 0.0130275
 1.04516e-16 1.75116e-05 0.000102731 0.000488237 0.00187957 0.00586112 0.0148051 0.0302958 0.0502287 0.0674861 0.0735184 0.065039 0.0469729 0.0282534 0.015283 0.0094132 0.00888794 0.0115721 0.0161093 0.0217754 0.0280374 0.0343092 0.0399297 0.0442622 0.0468284 0.0474137 0.0461064 0.0432547 0.0393626 0.0349604 0.0304953 0.0262699 0.0224351 0.019024 0.016003 0.0133185
 1.04117e-16 2.44563e-05 0.000143518 0.000682174 0.00262633 0.0081899 0.0206872 0.0423298 0.0701704 0.0942495 0.102595 0.0905744 0.0650072 0.0382848 0.0192297 0.00958397 0.00674854 0.00763821 0.0103501 0.0140052 0.018155 0.0224213 0.0263993 0.029692 0.0319847 0.0331076 0.0330619 0.0319988 0.0301642 0.0278287 0.0252302 0.0225412 0.0198674 0.0172649 0.0147656 0.0123968
 1.0375e-16 2.03119e-05 0.000119174 0.000566416 0.00218059 0.00679985 0.0171762 0.035147 0.0582687 0.0782791 0.0852514 0.0753602 0.0542994 0.0324045 0.0170638 0.00979746 0.00851942 0.0107149 0.0147993 0.0199626 0.0256655 0.0313527 0.03641 0.04025 0.0424363 0.0427803 0.0413773 0.0385649 0.0348245 0.0306596 0.0264923 0.022605 0.019134 0.0161009 0.0134621 0.0111541
 1.03721e-16 2.29663e-05 0.000134765 0.000640555 0.00246607 0.00769012 0.0194248 0.0397473 0.0658914 0.0885079 0.0963603 0.0851067 0.0611622 0.0361799 0.0184676 0.00968878 0.00743015 0.00881254 0.0120478 0.0162807 0.0210277 0.0258429 0.0302409 0.0337502 0.0360066 0.0368295 0.0362518 0.0344926 0.0318859 0.0287926 0.0255248 0.0223036 0.0192543 0.0164282 0.0138349 0.011471
 1.03753e-16 2.07132e-05 0.000121532 0.000577629 0.00222377 0.0069345 0.0175163 0.0358427 0.0594212 0.0798251 0.0869289 0.0768281 0.0553249 0.0329519 0.0172345 0.00971205 0.00824709 0.0102693 0.0141654 0.0191241 0.024624 0.0301384 0.0350845 0.0389024 0.0411703 0.041697 0.0405567 0.0380514 0.0346204 0.030728 0.0267673 0.0230068 0.0195838 0.0165329 0.0138308 0.0114356
 1.05149e-16 1.50096e-05 8.80411e-05 0.000418397 0.00161067 0.00502254 0.0126869 0.025962 0.0430458 0.0578422 0.0630307 0.0558042 0.0403976 0.0244878 0.0135909 0.00890199 0.00895514 0.0119532 0.016749 0.022709 0.0293283 0.0360225 0.0421191 0.0469606 0.0500411 0.051113 0.0502299 0.0477062 0.0440169 0.0396722 0.0351109 0.0306411 0.0264336 0.0225529 0.0190045 0.0157762
 1.07278e-16 1.46966e-05 8.62108e-05 0.000409711 0.00157725 0.00491835 0.0124237 0.0254228 0.0421499 0.0566329 0.0616983 0.0545903 0.0394443 0.0237621 0.0129246 0.00807922 0.00777155 0.0102362 0.0143681 0.0195979 0.0255176 0.0316686 0.0375143 0.042514 0.0462275 0.0483995 0.048996 0.0481781 0.0462311 0.0434766 0.0401995 0.036611 0.0328491 0.0290034 0.025147 0.0213586
 1.06536e-16 2.12826e-05 0.000124885 0.000593589 0.00228526 0.00712627 0.0180006 0.0368328 0.0610596 0.0820165 0.0892904 0.0788561 0.0566566 0.0334877 0.0170456 0.00886973 0.00672469 0.00794906 0.010901 0.014814 0.0192765 0.0239192 0.0283361 0.0321241 0.0349597 0.0366604 0.0372103 0.0367379 0.0354593 0.0336103 0.0313906 0.028937 0.0263282 0.0236066 0.0208078 0.0179803
 1.04406e-16 2.25069e-05 0.000132067 0.000627722 0.00241666 0.00753603 0.0190356 0.0389511 0.0645722 0.086738 0.0944391 0.0834232 0.0599816 0.0355398 0.0182476 0.00974447 0.00767355 0.00921717 0.0126186 0.0170241 0.0219324 0.0268703 0.031324 0.0348016 0.0369336 0.0375537 0.036728 0.0347208 0.0319135 0.0287041 0.0254242 0.0222921 0.0194109 0.016796 0.0144174 0.0122362
 1.02793e-16 2.62212e-05 0.000153877 0.000731418 0.00281593 0.00878114 0.0221806 0.0453857 0.0752362 0.101053 0.110001 0.0971129 0.0696993 0.041046 0.0206107 0.0102572 0.00719232 0.00809663 0.0109132 0.0146774 0.0188825 0.0230974 0.0268689 0.0297654 0.0314629 0.0318162 0.030885 0.0289053 0.0262195 0.0231891 0.0201203 0.0172222 0.0146015 0.012284 0.0102487 0.00845933
 1.02149e-16 2.57153e-05 0.000150904 0.000717276 0.00276147 0.0086113 0.0217517 0.0445082 0.0737828 0.0991047 0.107889 0.0952693 0.0684224 0.0403869 0.0204511 0.0104585 0.0076841 0.00888093 0.0120275 0.016156 0.0207274 0.0252605 0.0292445 0.0321965 0.0337608 0.0337885 0.032368 0.02979 0.0264667 0.0228302 0.0192448 0.0159575 0.0130898 0.0106619 0.00863329 0.00693985
 1.0269e-16 2.11267e-05 0.000123958 0.000589157 0.00226815 0.00707289 0.0178659 0.0365582 0.0606077 0.0814199 0.0886683 0.0783718 0.0564501 0.0336493 0.0176484 0.0100213 0.00859057 0.010734 0.0148006 0.0199502 0.0256308 0.0312791 0.0362733 0.0400189 0.0420732 0.0422439 0.040627 0.0375662 0.0335547 0.0291139 0.0246873 0.0205801 0.0169492 0.0138319 0.0111925 0.00896626
 1.03606e-16 2.13241e-05 0.000125121 0.000594697 0.0022895 0.00713947 0.018034 0.0369018 0.0611759 0.0821789 0.0894833 0.0790648 0.0568901 0.0337932 0.0175085 0.00960593 0.00787043 0.00964774 0.0132809 0.0179557 0.0231751 0.028452 0.0332479 0.0370395 0.0394241 0.0402046 0.0394233 0.0373306 0.0343065 0.0307606 0.0270482 0.0234215 0.0200241 0.0169135 0.0140983 0.011569
 1.04117e-16 2.04337e-05 0.000119892 0.000569836 0.00219377 0.00684095 0.01728 0.0353591 0.0586193 0.0787472 0.0857535 0.0757856 0.0545661 0.0324842 0.0169615 0.00951503 0.00803517 0.00998767 0.0137859 0.018639 0.0240461 0.0295042 0.0344545 0.0383561 0.0407958 0.0415762 0.0407502 0.0385866 0.0354858 0.0318752 0.0281196 0.0244721 0.0210688 0.017955 0.0151263 0.0125634
 1.03555e-16 2.48995e-05 0.000146118 0.000694532 0.00267391 0.00833826 0.0210619 0.0430967 0.0714422 0.0959587 0.104459 0.0922268 0.0662084 0.0390226 0.0196557 0.00988485 0.0070664 0.00805772 0.0109138 0.0147244 0.0190092 0.0233547 0.0273202 0.0304805 0.0325087 0.033245 0.0327233 0.0311454 0.0288158 0.0260607 0.0231597 0.0203075 0.0176109 0.0151088 0.0128039 0.0106892
 1.02961e-16 2.36002e-05 0.000138484 0.000658227 0.0025341 0.00790228 0.0199608 0.0408441 0.06771 0.0909523 0.0990256 0.0874703 0.0628815 0.037238 0.0190819 0.0101276 0.00789776 0.00943121 0.012879 0.0173403 0.0222847 0.0272143 0.0315906 0.0349012 0.0367649 0.0370166 0.0357391 0.0332269 0.0299015 0.026205 0.0225103 0.0190696 0.0160072 0.0133469 0.0110533 0.00907092
 1.03411e-16 2.04582e-05 0.000120034 0.000570506 0.00219634 0.00684897 0.0173002 0.0354008 0.0586889 0.0788426 0.0858622 0.075893 0.0546682 0.0325944 0.0171091 0.00973906 0.00837914 0.0104953 0.0144947 0.0195711 0.0251971 0.0308337 0.0358825 0.0397671 0.0420525 0.0425398 0.041303 0.0386511 0.0350366 0.0309406 0.026774 0.0228219 0.0192353 0.0160585 0.0132732 0.010838
 1.03787e-16 2.25316e-05 0.000132212 0.000628417 0.00241933 0.00754438 0.0190567 0.0389941 0.0646432 0.0868323 0.0945391 0.0835051 0.0600266 0.0355389 0.0181974 0.00963948 0.00750348 0.00896921 0.0122836 0.016604 0.0214463 0.0263582 0.0308453 0.0344272 0.0367329 0.0375782 0.0369969 0.0352121 0.0325637 0.0294186 0.0260937 0.0228134 0.0197045 0.0168187 0.0141661 0.0117441
 1.03753e-16 2.16211e-05 0.000126864 0.000602984 0.0023214 0.00723897 0.0182853 0.0374161 0.0620285 0.0833242 0.0907306 0.0801672 0.0576838 0.0342654 0.0177539 0.00974002 0.00797602 0.0097673 0.0134288 0.0181284 0.0233546 0.0286067 0.0333348 0.0370094 0.0392307 0.0398144 0.0388254 0.0365423 0.0333733 0.0297505 0.0260402 0.0224934 0.0192397 0.0163145 0.0137001 0.0113628
 1.04415e-16 1.82548e-05 0.000107097 0.000508998 0.00195952 0.00611043 0.0154348 0.031584 0.0523631 0.0703497 0.076627 0.0677632 0.0488841 0.0292905 0.0156406 0.00932402 0.00849147 0.0109056 0.015155 0.0205082 0.0264559 0.032453 0.037885 0.0421557 0.0448096 0.0456296 0.0446753 0.0422451 0.0387834 0.0347647 0.0305948 0.026556 0.0228005 0.0193794 0.0162869 0.0134995
pSPR Fmed_Fpbrs
0.635284   0.254687 0.254687
Fs Fmed_Fpbrs
0.243016   1.005 1.005
SSBpbr Bo_Bmed_Bpbrs
1.09652e+06  641774  224443 224443
Ro
50011.1
SPR SPRFo_SPRFmed_SPRFpbrs
1.0307e+06 654790 262507
log_Ro
10.64
likeval ReclasPelacesDesembMPH_pf_preclas_ppelaces_ptallas_desvR_qrecl_qpela
 136.869 67.6713 0.0320154 0.000862653 310.441 211.295 74.0687 0 13.5031 0 0 0 0 0 0
q_reclas_q_pelaces
1 1
M
0.7
N
 59592.1 16975.9 6070.29 694.928 0.32848
 57667.7 25454.6 6237.29 2230.34 255.451
 34406.5 25086.9 9700.7 2377.02 947.33
 39018.5 13428.1 7694.9 2975.49 1019.67
 66934.6 18385.3 6003.74 3440.4 1786.25
 56112.4 32858.4 8922.14 2913.53 2536.42
 99452.9 24137.3 12243.7 3324.57 2030.76
 97046.1 45537.7 10190.7 5169.24 2261
 126339 41501.2 16770.4 3752.96 2736.37
 126001 53679 15086.8 6096.49 2359.05
 71894.6 55401.6 20898.1 5873.54 3291.88
 43287.2 27440.4 16252.4 6130.59 2688.74
 45585.3 16749.9 8273.74 4900.37 2659.17
 29015.2 15628.2 3964.49 1958.29 1789.25
 20747.8 7537.45 2123.79 538.752 509.27
 18922.3 6059.66 1294.74 364.812 180.023
 16623.9 7564.29 1950.03 416.653 175.331
 18725.9 7051.12 2740.48 706.479 214.471
 20635.8 8360.17 2830.14 1099.96 369.645
 36043.6 9346.93 3453.94 1169.25 607.155
 51209.6 16417.6 3905.17 1443.06 742.186
 58541.2 24410.7 7512.29 1786.91 999.916
 86917.4 27556.5 10892.1 3351.99 1243.48
 109861 40394.6 11985.7 4737.5 1998.8
 105090 51097 17596.7 5221.21 2934.47
pred_Ctot
 6044.94 3230.99 1155.34 132.264 0.0625188
 5180.6 4322.66 1059.21 378.753 43.3802
 5371.04 7090.35 2741.72 671.819 267.745
 1439.12 968.14 554.787 214.527 73.5165
 551.157 301.247 98.3725 56.3718 29.268
 5442.82 5997.25 1628.45 531.771 462.942
 5600.6 2624.84 1331.45 361.533 220.837
 9773.14 8608.56 1926.47 977.205 427.424
 13238.4 8141.78 3290.04 736.262 536.825
 10455 8456.65 2376.8 960.448 371.647
 12146.8 16803.1 6338.33 1781.43 998.417
 6972.49 7976.16 4724.11 1781.99 781.539
 10368.3 6574.64 3247.6 1923.49 1043.77
 10324.1 8768.11 2224.25 1098.69 1003.85
 6334.39 3762.03 1060.01 268.898 254.183
 2686.88 1572.4 335.966 94.6636 46.7134
 1759.66 1498.05 386.189 82.5152 34.723
 1368.04 984.249 382.536 98.6156 29.9374
 1311.1 1021.04 345.649 134.339 45.1454
 2155.68 1077.12 398.025 134.742 69.9672
 1479.63 931.91 221.668 81.9124 42.1286
 2199.69 1792.21 551.547 131.193 73.4131
 4023.04 2478.62 979.708 301.501 111.848
 5027.65 3593.55 1066.26 421.454 177.816
 4359.16 4131.27 1422.72 422.142 237.256
F
 0.150626 0.301251 0.301251 0.301251 0.301251
 0.13235 0.2647 0.2647 0.2647 0.2647
 0.240895 0.48179 0.48179 0.48179 0.48179
 0.052484 0.104968 0.104968 0.104968 0.104968
 0.0115081 0.0230162 0.0230162 0.0230162 0.0230162
 0.143598 0.287196 0.287196 0.287196 0.287196
 0.0811436 0.162287 0.162287 0.162287 0.162287
 0.149463 0.298926 0.298926 0.298926 0.298926
 0.15595 0.311901 0.311901 0.311901 0.311901
 0.121682 0.243364 0.243364 0.243364 0.243364
 0.263183 0.526367 0.526367 0.526367 0.526367
 0.249466 0.498931 0.498931 0.498931 0.498931
 0.370507 0.741014 0.741014 0.741014 0.741014
 0.647938 1.29588 1.29588 1.29588 1.29588
 0.530787 1.06157 1.06157 1.06157 1.06157
 0.216905 0.433809 0.433809 0.433809 0.433809
 0.157654 0.315307 0.315307 0.315307 0.315307
 0.10643 0.212861 0.212861 0.212861 0.212861
 0.0919812 0.183962 0.183962 0.183962 0.183962
 0.086374 0.172748 0.172748 0.172748 0.172748
 0.040907 0.0818141 0.0818141 0.0818141 0.0818141
 0.0534926 0.106985 0.106985 0.106985 0.106985
 0.0662623 0.132525 0.132525 0.132525 0.132525
 0.0654927 0.130985 0.130985 0.130985 0.130985
 0.0591995 0.118399 0.118399 0.118399 0.118399
nmprior
 10 11 7 0
nm_flota  nm_reclas  nm_pelaces    nm_pelaL
inf 13.3875 13.3165 22.3494
cv_recla  cv_pelaces  cv_mph
1.05822 0.967981 0.95292
 ------------------------------------------------
Talla a la edad & desviación 
 7.2 14.2025 17.0495 18.207 18.6776
 1.08 2.13037 2.55742 2.73105 2.80164
