years
 1997 1998 1999 2000 2001 2002 2003 2004 2005 2006 2007 2008 2009 2010 2011 2012 2013 2014 2015 2016 2017 2018 2019 2020 2021
reclasobs
 0 0 0 370054 412103 1.49427e+06 250295 1.28982e+06 931140 785840 897777 1.04006e+06 184774 17550 25797 100020 73551 82996 120727 218422 84188 347160 605670 569463 516374
reclaspred
 1.53262e+06 254968 524887 233273 309529 394152 794064 642702 915742 1.16041e+06 1.1577e+06 785230 446946 203284 132280 125907 142418 190270 195862 261151 437460 431310 643041 602047 542032
pelacesobs
 0 0 0 0 0 0 0 0 0 2.06254e+06 1.5e+06 0 1.87456e+06 323000 250000 174000 83755 137374 0 501740 490994 745055 786931 1.00524e+06 0
pelacespred
 775969 281689 167732 162171 182298 172764 409732 392848 517554 681206 596782 419568 237614 86575.5 55559.1 60362.2 71428 96218 104225 133862 246749 255518 289369 322743 287050
mphobs
 0 0 0 0 0 112323 0 153150 637223 0 255016 313432 73983 77613 109348 50772 0 0 0 0 0 0 0 0 0
mphpred
 1.09384e+06 524186 360047 264607 215358 366151 471252 650707 681880 945395 1.15719e+06 834762 497236 264458 123402 106329 114215 148300 175132 188865 312327 411076 470586 537110 565479
desembarqueobs
 350755 77701 442110 56441 14545 235359 269955 359681 431902 328805 639364 411747 362871 311530 167758 66681 60226 58785 57116 71774 51957 67425 138520 160799 200461
desembarquepred
 350738 77687 441885 56434.9 14544.6 235332 269924 359470 431706 328670 639017 411646 362675 311419 167610 66670.1 60229.4 58772.8 57098.1 71748.6 51950.3 67405.8 138484 160774 200466
Reclutas
 30588.3 35897.8 14010.3 18132.1 47737.1 29724.7 67899.7 77510.8 130457 157320 70943 36111 47434.1 28212 19667.9 15756.8 12861.1 13525.5 13350.6 28599.2 40217.5 39129.6 48997.7 43516.4 8151.81
log_desv_Rt
 -0.071627 0.0884312 -0.852454 -0.594562 0.373464 -0.100265 0.725787 0.858173 1.3788 1.56604 0.769632 0.094354 0.367097 -0.152497 -0.513255 -0.734973 -0.938038 -0.887665 -0.900686 -0.138865 0.202057 0.174633 0.399529 0.280893 -1.394
SSB
 1.09384e+06 524186 360047 264607 215358 366151 471252 650707 681880 945395 1.15719e+06 834762 497236 264458 123402 106329 114215 148300 175132 188865 312327 411076 470586 537110 565479
BT
 2.10092e+06 670483 634483 400055 462653 525082 1.35563e+06 1.32157e+06 1.79042e+06 1.96415e+06 1.83005e+06 1.22933e+06 888892 484029 281914 191550 216452 266584 266238 379138 642380 573039 693025 807200 706019
Ftot
 0.221183 0.293176 0.773981 0.233761 0.0459453 0.561377 0.327139 0.530399 0.45042 0.273417 0.521174 0.495593 0.751496 1.32709 1.13547 0.502049 0.404229 0.297358 0.280742 0.265291 0.115668 0.151797 0.208385 0.257572 0.353473
BD_Bspro_t
 0.96693 0.790312 0.630903 0.381035 0.467442 0.657533 0.560886 0.600203 0.572558 0.596228 0.612288 0.458064 0.342542 0.246292 0.147298 0.152511 0.21358 0.331297 0.426736 0.507776 0.651953 0.760016 0.755081 0.720392 0.652486
BD_Bspro
 1.61518 0.774025 0.531654 0.390725 0.318003 0.540667 0.695861 0.960849 1.00688 1.39599 1.70873 1.23263 0.73423 0.390504 0.182218 0.157008 0.168652 0.218982 0.258604 0.278882 0.461188 0.607003 0.694878 0.793109 0.834999
BD_Bo
 1.17259 0.561927 0.385971 0.283659 0.230864 0.392514 0.505182 0.697558 0.730975 1.01346 1.2405 0.894865 0.533037 0.283498 0.132287 0.113985 0.122438 0.158977 0.187742 0.202463 0.334814 0.440673 0.504468 0.575782 0.606193
BD_Brms
 5.7287 2.7453 1.88566 1.38582 1.12789 1.91763 2.46807 3.40792 3.57118 4.95128 6.06048 4.37187 2.60416 1.38503 0.646287 0.556872 0.598173 0.776683 0.917213 0.989134 1.63574 2.15291 2.46458 2.81299 2.96156
S_f
 0.5 1 1 1 1
 0.5 1 1 1 1
 0.5 1 1 1 1
 0.5 1 1 1 1
 0.5 1 1 1 1
 0.5 1 1 1 1
 0.5 1 1 1 1
 0.5 1 1 1 1
 0.5 1 1 1 1
 0.5 1 1 1 1
 0.5 1 1 1 1
 0.5 1 1 1 1
 0.5 1 1 1 1
 0.5 1 1 1 1
 0.5 1 1 1 1
 0.5 1 1 1 1
 0.5 1 1 1 1
 0.5 1 1 1 1
 0.5 1 1 1 1
 0.5 1 1 1 1
 0.5 1 1 1 1
 0.5 1 1 1 1
 0.5 1 1 1 1
 0.5 1 1 1 1
 0.5 1 1 1 1
Scru_reclas
 0.5 1 1 1 1
 0.5 1 1 1 1
 0.5 1 1 1 1
 0.5 1 1 1 1
 0.5 1 1 1 1
 0.5 1 1 1 1
 0.5 1 1 1 1
 0.5 1 1 1 1
 0.5 1 1 1 1
 0.5 1 1 1 1
 0.5 1 1 1 1
 0.5 1 1 1 1
 0.5 1 1 1 1
 0.5 1 1 1 1
 0.5 1 1 1 1
 0.5 1 1 1 1
 0.5 1 1 1 1
 0.5 1 1 1 1
 0.5 1 1 1 1
 0.5 1 1 1 1
 0.5 1 1 1 1
 0.5 1 1 1 1
 0.5 1 1 1 1
 0.5 1 1 1 1
 0.5 1 1 1 1
Scru_pelaces
 0.5 1 1 1 1
 0.5 1 1 1 1
 0.5 1 1 1 1
 0.5 1 1 1 1
 0.5 1 1 1 1
 0.5 1 1 1 1
 0.5 1 1 1 1
 0.5 1 1 1 1
 0.5 1 1 1 1
 0.5 1 1 1 1
 0.5 1 1 1 1
 0.5 1 1 1 1
 0.5 1 1 1 1
 0.5 1 1 1 1
 0.5 1 1 1 1
 0.5 1 1 1 1
 0.5 1 1 1 1
 0.5 1 1 1 1
 0.5 1 1 1 1
 0.5 1 1 1 1
 0.5 1 1 1 1
 0.5 1 1 1 1
 0.5 1 1 1 1
 0.5 1 1 1 1
 0.5 1 1 1 1
pf_obs 
 0.256992 0.487395 0.22802 0.0275931 0
 0.321318 0.546541 0.124235 0.00734118 0.000564706
 0.182869 0.594174 0.210203 0.0122559 0.00049798
 0.330522 0.361315 0.267642 0.0388342 0.00168674
 0.649043 0.306663 0.0425973 0.00169635 0
 0.582887 0.30429 0.105238 0.00758474 0
 0.465427 0.430635 0.0974691 0.00646863 0
 0.296916 0.608066 0.0921331 0.00288517 0
 0.311714 0.524322 0.152257 0.0117073 0
 0.15457 0.633149 0.183074 0.0267441 0.00246327
 0.131901 0.49318 0.331252 0.0422183 0.00144891
 0.196976 0.569456 0.194076 0.0375587 0.00193317
 0.518974 0.381816 0.0799577 0.0180837 0.00116848
 0.0928022 0.601141 0.25162 0.0475244 0.00691264
 0.122501 0.610282 0.24278 0.0234846 0.000952079
 0.383417 0.481906 0.127806 0.00687128 0
 0.0376549 0.599619 0.316969 0.0457579 0
 0.0361596 0.667082 0.258105 0.0386534 0
 0.158088 0.579412 0.248529 0.0139706 0
 0.0477256 0.309471 0.559284 0.082774 0.000745712
 0.0406174 0.521527 0.379366 0.0568643 0.0016247
 0.151134 0.462217 0.34131 0.0453401 0
 0.294876 0.26143 0.354403 0.0886775 0.000613685
 0.281977 0.475581 0.204845 0.0348837 0.00271318
 0 0 0 0 0
pf_pred 
 0.282443 0.491111 0.201087 0.0253546 3.80436e-06
 0.390473 0.278006 0.2269 0.092905 0.0117159
 0.235968 0.444891 0.145561 0.118802 0.0547782
 0.469262 0.232619 0.173593 0.0567964 0.0677295
 0.663132 0.220329 0.0510782 0.0381172 0.0273432
 0.365173 0.507558 0.0832403 0.0192974 0.024731
 0.652706 0.200026 0.117744 0.0193102 0.0102138
 0.548561 0.363461 0.0506715 0.0298275 0.00747915
 0.642134 0.264712 0.075 0.010456 0.00769821
 0.564376 0.350107 0.0632566 0.0179223 0.00433821
 0.299244 0.516482 0.148099 0.0267583 0.00941645
 0.268761 0.364846 0.270045 0.0774343 0.0189141
 0.474827 0.241342 0.141615 0.104818 0.0373977
 0.435378 0.391834 0.0794042 0.0465928 0.0467904
 0.542003 0.321278 0.0948796 0.0192271 0.022612
 0.549012 0.34787 0.0723351 0.0213619 0.00942
 0.459072 0.399396 0.109171 0.0227006 0.00966017
 0.475328 0.34433 0.133157 0.036397 0.0107889
 0.448266 0.366206 0.121757 0.0470851 0.0166852
 0.626201 0.238438 0.0898444 0.0298717 0.0156453
 0.564979 0.340769 0.0601214 0.022654 0.011477
 0.438662 0.408956 0.119367 0.0210598 0.0119557
 0.468636 0.329451 0.147101 0.0429363 0.0118756
 0.405965 0.387193 0.128244 0.0572614 0.0213364
 0.120956 0.523381 0.231822 0.0767828 0.0470584
pobs_RECLAS
 0 0 0 0 0
 0 0 0 0 0
 0 0 0 0 0
 0 0 0 0 0
 0.835266 0.146461 0.0176864 0.000547809 3.91292e-05
 0.385257 0.428462 0.181853 0.0044286 0
 0.867414 0.0963971 0.0333333 0.00285562 0
 0.441836 0.489002 0.0689373 0.000224442 0
 0.779404 0.147425 0.0564933 0.0165055 0.000172143
 0.814271 0.122319 0.05973 0.00367925 0
 0.40263 0.566651 0.0304383 0.000280538 0
 0.475488 0.404961 0.113038 0.00651328 0
 0.955842 0.0263864 0.0167828 0.000988607 0
 0.975058 0.0227948 0.00214734 0 0
 0.738997 0.206755 0.0527124 0.00153531 0
 0.850938 0.134255 0.0134407 0.00136685 0
 0.542534 0.407297 0.0501686 0 0
 0.764087 0.199537 0.0359546 0.000420521 0
 0.470689 0.182191 0.310203 0.0369168 0
 0.84361 0.089868 0.0606195 0.00523954 0.000663233
 0.607945 0.314616 0.071237 0.00620181 0
 0.523733 0.453247 0.0230204 0 0
 0.530135 0.295979 0.169645 0.0042399 0
 0.562478 0.366248 0.0663022 0.0049721 0
 0.250443 0.683176 0.0655157 0.000865301 0
ppred_RECLAS
 0.284043 0.490016 0.200638 0.0252981 3.79588e-06
 0.393113 0.276802 0.225917 0.0925025 0.0116652
 0.243289 0.440628 0.144166 0.117664 0.0542533
 0.471359 0.2317 0.172907 0.056572 0.0674619
 0.663444 0.220125 0.0510311 0.038082 0.027318
 0.371147 0.502782 0.0824571 0.0191158 0.0244982
 0.655579 0.198371 0.11677 0.0191505 0.0101293
 0.554443 0.358725 0.0500112 0.0294389 0.0073817
 0.646518 0.261469 0.0740811 0.0103279 0.0076039
 0.566876 0.348098 0.0628937 0.0178195 0.00431332
 0.304137 0.512875 0.147065 0.0265715 0.0093507
 0.27305 0.362706 0.268461 0.0769802 0.0188032
 0.484444 0.236923 0.139022 0.102898 0.0367128
 0.457468 0.376504 0.0762977 0.0447699 0.0449598
 0.559455 0.309036 0.0912643 0.0184945 0.0217504
 0.554476 0.343656 0.0714587 0.0211032 0.00930588
 0.463201 0.396348 0.108337 0.0225273 0.00958643
 0.47814 0.342484 0.132443 0.0362018 0.0107311
 0.450866 0.364481 0.121184 0.0468632 0.0166066
 0.628493 0.236976 0.0892934 0.0296885 0.0155494
 0.565901 0.340046 0.059994 0.022606 0.0114527
 0.439916 0.408042 0.119101 0.0210128 0.011929
 0.470466 0.328317 0.146594 0.0427885 0.0118348
 0.408248 0.385705 0.127751 0.0570413 0.0212544
 0.122452 0.522491 0.231427 0.0766522 0.0469783
pobs_PELACES
 0 0 0 0 0
 0 0 0 0 0
 0 0 0 0 0
 0 0 0 0 0
 0 0 0 0 0
 0 0 0 0 0
 0 0 0 0 0
 0 0 0 0 0
 0 0 0 0 0
 0 0 0 0 0
 0.450072 0.473896 0.0757376 0.000293798 0
 0 0 0 0 0
 0.463077 0.371075 0.160297 0.00555027 0
 0.529543 0.364841 0.0842815 0.0213345 0
 0.631943 0.363953 0.00410389 0 0
 0.735681 0.248677 0.0153453 0.000297389 0
 0.695825 0.281241 0.0229344 0 0
 0.275771 0.60734 0.115278 0.00161068 0
 0 0 0 0 0
 0.896147 0.0623911 0.0374545 0.00400742 0
 0.803859 0.145111 0.0509908 3.86294e-05 0
 0.739449 0.233085 0.0266225 0.000797448 4.60066e-05
 0.878498 0.100942 0.0204185 0.000141795 0
 0.694673 0.275183 0.0284847 0.00165964 0
 0 0 0 0 0
ppred_PELACES
 0.291523 0.484897 0.198542 0.0250338 3.75622e-06
 0.404712 0.271512 0.2216 0.0907346 0.0114423
 0.267563 0.426493 0.139541 0.113889 0.052513
 0.48098 0.227484 0.16976 0.0555425 0.0662342
 0.665134 0.21902 0.0507747 0.0378907 0.0271807
 0.393011 0.485301 0.0795902 0.0184512 0.0236465
 0.667662 0.191412 0.112674 0.0184786 0.00977391
 0.575947 0.341412 0.0475976 0.0280181 0.00702545
 0.663312 0.249047 0.0705615 0.00983725 0.00724264
 0.577917 0.339224 0.0612904 0.0173652 0.00420336
 0.322637 0.49924 0.143155 0.025865 0.00910211
 0.289578 0.354459 0.262357 0.0752299 0.0183757
 0.515433 0.222682 0.130665 0.0967134 0.0345061
 0.512105 0.338587 0.0686139 0.0402613 0.040432
 0.604991 0.277093 0.081831 0.0165829 0.0195022
 0.574836 0.327951 0.0681931 0.0201388 0.0088806
 0.47982 0.384077 0.104983 0.0218299 0.00928965
 0.490394 0.334442 0.129333 0.0353518 0.0104791
 0.462359 0.356852 0.118647 0.0458824 0.0162591
 0.638655 0.230494 0.086851 0.0288765 0.015124
 0.570583 0.336378 0.0593468 0.0223622 0.0113291
 0.446096 0.403539 0.117786 0.0207809 0.0117974
 0.479039 0.323001 0.144221 0.0420957 0.0116431
 0.418554 0.378988 0.125526 0.0560479 0.0208843
 0.128858 0.518676 0.229738 0.0760926 0.0466353
pobs_pel_tallas
 0 0 0 0 0 0 0 0 0 0 0 0 0 0 0 0 0 0 0 0 0 0 0 0 0 0 0 0 0 0 0 0 0 0 0 0
 0 0 0 0 0 0 0 0 0 0 0 0 0 0 0 0 0 0 0 0 0 0 0 0 0 0 0 0 0 0 0 0 0 0 0 0
 0 0 0 0 0 0 0 0 0 0 0 0 0 0 0 0 0 0 0 0 0 0 0 0 0 0 0 0 0 0 0 0 0 0 0 0
 0 0 0 0 0 0 0 0 0 0 0 0 0 0 0 0 0 0 0 0 0 0 0 0 0 0 0 0 0 0 0 0 0 0 0 0
 0 0 0 0 0 0 0 0 0 0 0 0 0 0 0 0 0 0 0 0 0 0 0 0 0 0 0 0 0 0 0 0 0 0 0 0
 0 0 0 0 0 0 0 0 0 0 0 0 0 0 0 0 0 0 0 0 0 0 0 0 0 0 0 0 0 0 0 0 0 0 0 0
 0 0 0 0 0 0 0 0 0 0 0 0 0 0 0 0 0 0 0 0 0 0 0 0 0 0 0 0 0 0 0 0 0 0 0 0
 0 0 0 0 0 0 0 0 0 0 0 0 0 0 0 0 0 0 0 0 0 0 0 0 0 0 0 0 0 0 0 0 0 0 0 0
 0 0 0 0 0 0 0 0 0 0 0 0 0 0 0 0 0 0 0 0 0 0 0 0 0 0 0 0 0 0 0 0 0 0 0 0
 0 0 0 0 0 0 0 0 0 0 0 0 0 0 0 0 0 0 0 0 0 0 0 0 0 0 0 0 0 0 0 0 0 0 0 0
 0 0 0 0 0 0 0 0 1.78061e-05 0.00172719 0.00360574 0.0105946 0.0120993 0.0124554 0.0147524 0.0171206 0.0266825 0.0428682 0.0675386 0.121331 0.153587 0.119568 0.100827 0.0573624 0.0630603 0.0341343 0.0324427 0.0444173 0.0211091 0.0280891 0.0125444 0.00206551 0 0 0 0
 0 0 0 0 0 0 0 0 0 0 0 0 0 0 0 0 0 0 0 0 0 0 0 0 0 0 0 0 0 0 0 0 0 0 0 0
 0 0 0 0 0 0 0.0133647 0.0140871 0.0187388 0.0205184 0.03894 0.0496705 0.03968 0.0493445 0.0407372 0.0367815 0.0215668 0.0243155 0.0234873 0.0199281 0.019796 0.0243948 0.0301388 0.0376714 0.0412746 0.0863199 0.0771752 0.113111 0.0741005 0.0525337 0.0229764 0.00759418 0.00175318 0 0 0
 0 0 0 0 0 0 0 0 0 0 0.00219441 0.00772107 0.0458388 0.0604681 0.0671733 0.0775358 0.0609151 0.0617685 0.073594 0.0568108 0.0755445 0.0548602 0.0670107 0.0636378 0.0643287 0.046367 0.0373049 0.0286899 0.0247887 0.0153202 0.00654259 0.00121912 0.000365735 0 0 0
 0 0 0 0 0 0 0 0 0 0 0 0 0.000112435 0.00938835 0.0111873 0.0202946 0.0414886 0.0713402 0.111592 0.104902 0.108894 0.110636 0.117776 0.105296 0.107544 0.0401394 0.0192827 0.0124803 0.00416011 0.0028671 0.000618394 0 0 0 0 0
 0 0 0 0 0 0 0 0 0 0 0.00291406 0.0102884 0.027416 0.0768956 0.0749926 0.110853 0.0956884 0.0897413 0.0766577 0.0534642 0.0500743 0.0551293 0.0594112 0.0620874 0.0668451 0.0424026 0.0208742 0.0120726 0.0048766 0.00582813 0.00118941 0.000297354 0 0 0 0
 0 0.00264628 0.0354308 0.0461629 0.0458689 0.0383711 0.0214643 0.0164657 0.0346957 0.0420465 0.0363128 0.0245516 0.0311673 0.0291091 0.0169068 0.0133784 0.00837989 0.0085269 0.0148486 0.0160247 0.0276389 0.0546898 0.0760071 0.122758 0.109233 0.0665981 0.0333725 0.0166128 0.00676272 0.00308733 0.000882094 0 0 0 0 0
 0 0 0 0 0 0 0 0.000805153 0.000690131 0.00759144 0.0133425 0.0154129 0.00931677 0.000345066 0.00356568 0.00563607 0.00851162 0.0253048 0.0502646 0.0516448 0.0657925 0.0565908 0.0611916 0.0827007 0.0866115 0.110766 0.145733 0.0935128 0.0569358 0.0249597 0.0138026 0.00621118 0.00161031 0.00115022 0 0
 0 0 0 0 0 0 0 0 0 0 0 0 0 0 0 0 0 0 0 0 0 0 0 0 0 0 0 0 0 0 0 0 0 0 0 0
 0.00147267 0.00158595 0.00478618 0.00569244 0.00954404 0.0108468 0.00647125 0.017049 0.0510054 0.094081 0.124002 0.0959785 0.0687766 0.0820023 0.061753 0.0591476 0.0492212 0.0479892 0.0443925 0.0268479 0.0217502 0.0140895 0.0121071 0.0120363 0.00920419 0.00665534 0.0049561 0.00860946 0.00930331 0.0156896 0.0114698 0.00855282 0.00243557 0.00046729 0 2.83206e-05
 0 0 0 0 0.000772559 0.00158375 0.000888443 0.00281984 0.00712685 0.0440552 0.0773331 0.111326 0.0921469 0.0852325 0.0710754 0.0886704 0.0786465 0.0553345 0.0373146 0.0185414 0.00753245 0.00457741 0.012979 0.0271748 0.0457355 0.0583668 0.034881 0.0177882 0.00938659 0.00492506 0.0015258 0.00185414 0.000309023 5.79419e-05 3.86279e-05 0
 0 0.00173294 0.00326652 0 0.00397197 0.00683976 0.00946217 0.0152591 0.00757587 0.0136028 0.0228656 0.0392903 0.0559909 0.0764795 0.0681675 0.0726916 0.0566044 0.0477403 0.0527397 0.0444891 0.0609904 0.0582453 0.0661739 0.0445044 0.0529084 0.0360697 0.0280645 0.0235558 0.0158879 0.00826598 0.00280645 0.00217768 0.000904811 0.00058276 9.20147e-05 0
 0 0 0 0 0 0 0 0 0 0 0 0 0 0 0 0 0 0 0 0 0 0 0 0 0 0 0 0 0 0 0 0 0 0 0 0
 0 0 0 0 0 0 0 0 0 0 0 0 0 0 0 0 0 0 0 0 0 0 0 0 0 0 0 0 0 0 0 0 0 0 0 0
 0 0 0 0 0 0 0 0 0 0 0 0 0 0 0 0 0 0 0 0 0 0 0 0 0 0 0 0 0 0 0 0 0 0 0 0
ppred_pel_tallas
 1.03837e-16 1.27446e-05 7.47373e-05 0.000355136 0.00136707 0.00426289 0.0107682 0.0220366 0.0365412 0.0491133 0.0535494 0.0474826 0.0345315 0.0212474 0.0123608 0.00894396 0.00981092 0.013479 0.0189818 0.0257349 0.0331996 0.0407106 0.0474933 0.0527887 0.0560126 0.0568799 0.0554559 0.0521119 0.0474121 0.0419696 0.0363219 0.0308592 0.0258106 0.0212748 0.0172693 0.0137759
 1.06887e-16 1.76714e-05 0.000103682 0.000492786 0.00189714 0.00591592 0.0149433 0.0305777 0.050692 0.0680967 0.0741519 0.0655246 0.0471612 0.0280434 0.0145875 0.00810665 0.00678433 0.0084482 0.0117612 0.016092 0.0210757 0.0263512 0.0315 0.0360898 0.039751 0.0422422 0.0434808 0.0435279 0.0425419 0.0407197 0.0382484 0.0352829 0.0319481 0.0283551 0.0246194 0.0208682
 1.08487e-16 1.1697e-05 6.85937e-05 0.000325943 0.0012547 0.00391246 0.00988297 0.0202249 0.0335366 0.0450736 0.0491412 0.0435654 0.0316645 0.0194475 0.0112511 0.00805507 0.00876857 0.0120338 0.0169759 0.0230828 0.0298983 0.036862 0.0433193 0.0486269 0.0522866 0.0540494 0.0539538 0.0522834 0.0494666 0.045954 0.0421179 0.0382018 0.0343232 0.0305131 0.026769 0.0230974
 1.07488e-16 2.0995e-05 0.000123199 0.000585584 0.00225445 0.0070302 0.0177578 0.036336 0.060235 0.0809066 0.0880755 0.0777679 0.0558414 0.0329395 0.0166454 0.00846804 0.00619461 0.00719836 0.00986953 0.0134769 0.0176552 0.0220923 0.0264424 0.0303523 0.0335229 0.0357622 0.037008 0.0373138 0.0368068 0.0356377 0.0339404 0.0318154 0.0293351 0.0265626 0.0235711 0.0204548
 1.03365e-16 2.90245e-05 0.00017034 0.000809701 0.00311736 0.00972117 0.024555 0.0502433 0.0832859 0.111857 0.121739 0.107422 0.0769812 0.0450991 0.0222101 0.0103352 0.00633983 0.00651915 0.0085923 0.0115279 0.0148483 0.0182028 0.0212408 0.0236313 0.0251267 0.0256155 0.0251417 0.0238812 0.0220868 0.0200207 0.0178986 0.0158597 0.0139661 0.012223 0.0106077 0.00909531
 1.03027e-16 1.71696e-05 0.000100717 0.000478647 0.00184263 0.00574589 0.0145141 0.0297009 0.0492446 0.0661703 0.0721018 0.0638258 0.0461835 0.0279516 0.0154318 0.00997751 0.00989272 0.0130969 0.0182484 0.0245904 0.0315151 0.0383313 0.0442615 0.0485678 0.0507123 0.0504822 0.0480343 0.0438402 0.0385577 0.0328703 0.0273501 0.0223781 0.0181322 0.014626 0.0117737 0.00945177
 1.02754e-16 2.91338e-05 0.000170984 0.000812767 0.00312917 0.009758 0.024648 0.0504334 0.0836003 0.112277 0.122191 0.107807 0.0772297 0.0451887 0.0221513 0.0101384 0.0059974 0.00600911 0.00789284 0.0106343 0.0137873 0.0170408 0.020083 0.02261 0.0243787 0.0252534 0.0252271 0.0244071 0.0229743 0.0211329 0.019067 0.0169159 0.0147717 0.0126903 0.0107079 0.0088539
 1.02078e-16 2.51405e-05 0.000147527 0.000701217 0.00269962 0.00841844 0.0212645 0.0435118 0.0721318 0.09689 0.105486 0.0931646 0.0669494 0.0395948 0.0201925 0.0105575 0.00803785 0.00946618 0.0128629 0.0172639 0.022108 0.0268777 0.0310206 0.0340183 0.0354944 0.0353022 0.0335552 0.0305882 0.0268659 0.02287 0.0190021 0.015528 0.0125697 0.0101332 0.00815507 0.00654603
 1.0176e-16 2.89464e-05 0.000169879 0.0008075 0.00310887 0.00969469 0.0244881 0.0501067 0.0830604 0.111557 0.121419 0.107157 0.0768284 0.0450841 0.0223412 0.0106278 0.00682975 0.00725933 0.00963882 0.012922 0.0165979 0.0202672 0.0235222 0.0259772 0.0273447 0.0274974 0.0264932 0.0245495 0.021981 0.0191213 0.0162557 0.0135821 0.0112045 0.00915098 0.00740292 0.00592278
 1.01774e-16 2.52264e-05 0.000148031 0.000703614 0.00270886 0.00844723 0.0213373 0.0436605 0.0723784 0.097221 0.105845 0.0934809 0.0671736 0.0397213 0.0202459 0.0105679 0.00802559 0.00944085 0.0128283 0.0172229 0.0220648 0.0268384 0.030993 0.0340093 0.0355083 0.0353375 0.0336033 0.030633 0.0268855 0.0228403 0.0189013 0.0153411 0.0122918 0.00977094 0.00772534 0.00607348
 1.03509e-16 1.41017e-05 8.27039e-05 0.000393008 0.00151289 0.00471761 0.0119168 0.0243868 0.0404368 0.0543452 0.0592428 0.0525049 0.038127 0.0233462 0.0133785 0.00938693 0.0100328 0.013651 0.0191564 0.0259016 0.0333097 0.0406862 0.0472327 0.0521791 0.0549477 0.0552817 0.0532948 0.0494201 0.0442855 0.0385578 0.0328076 0.0274318 0.0226402 0.0184915 0.0149515 0.0119483
 1.07284e-16 1.26545e-05 7.42206e-05 0.000352706 0.00135776 0.00423388 0.0106948 0.0218854 0.036287 0.0487615 0.0531386 0.0470541 0.0340806 0.0206947 0.011555 0.00768201 0.0078597 0.0106 0.0149701 0.0204753 0.0267302 0.0332756 0.0395616 0.0450242 0.0491925 0.0517752 0.0527014 0.0520979 0.0502241 0.0473878 0.0438755 0.0399163 0.0356807 0.0313008 0.0268965 0.0225899
 1.06863e-16 2.24971e-05 0.000132018 0.000627512 0.00241588 0.00753363 0.0190295 0.0389378 0.0645473 0.0866963 0.0943719 0.0833122 0.0597894 0.0352012 0.0176629 0.0087777 0.00615854 0.00697582 0.00949415 0.0129279 0.0168947 0.0210814 0.0251491 0.0287572 0.0316236 0.0335757 0.0345723 0.0346856 0.0340584 0.0328507 0.0311989 0.0291979 0.0269078 0.0243739 0.0216496 0.0188092
 1.04357e-16 2.23566e-05 0.000131183 0.000623518 0.00240046 0.00748552 0.0189081 0.0386902 0.0641402 0.086159 0.0938122 0.0828779 0.0596077 0.0353548 0.0182194 0.00983595 0.00786857 0.00952097 0.0130454 0.017584 0.022621 0.0276622 0.0321715 0.0356379 0.0376826 0.0381428 0.0371017 0.0348511 0.0318044 0.0283897 0.0249602 0.0217448 0.018845 0.0162656 0.0139602 0.011872
 1.02733e-16 2.64044e-05 0.000154953 0.000736534 0.00283563 0.00884257 0.0223358 0.0457031 0.0757623 0.10176 0.110769 0.097787 0.070176 0.0413124 0.020718 0.0102672 0.00714459 0.0080061 0.0107804 0.0144986 0.0186557 0.0228254 0.0265601 0.0294333 0.0311244 0.0314881 0.0305816 0.0286357 0.0259867 0.0229905 0.0199496 0.0170715 0.0144636 0.0121538 0.010124 0.0083403
 1.02182e-16 2.50916e-05 0.000147241 0.000699859 0.0026944 0.00840216 0.0212234 0.0434275 0.0719918 0.096701 0.105277 0.0929746 0.0667999 0.0394805 0.0200871 0.0104272 0.00785131 0.00919762 0.0124943 0.0167886 0.0215361 0.0262397 0.0303685 0.0334204 0.0350257 0.0350308 0.033529 0.0308249 0.027349 0.0235526 0.0198161 0.0163967 0.0134207 0.0109083 0.00881579 0.00707485
 1.028e-16 2.09508e-05 0.000122925 0.000584249 0.00224925 0.00701396 0.017717 0.0362536 0.0601028 0.0807418 0.0879302 0.0777204 0.0559832 0.0333756 0.0175134 0.00995862 0.00855327 0.0106987 0.0147591 0.0199027 0.0255827 0.0312404 0.0362582 0.0400441 0.0421557 0.0423981 0.0408617 0.0378822 0.0339444 0.0295613 0.0251708 0.0210754 0.0174325 0.0142827 0.0115956 0.00931262
 1.0365e-16 2.14099e-05 0.000125625 0.000597094 0.00229873 0.00716826 0.0181067 0.0370505 0.0614223 0.0825096 0.0898426 0.0793801 0.0571123 0.0339159 0.017555 0.00960405 0.00783755 0.00958926 0.0131954 0.0178399 0.0230271 0.028273 0.033043 0.0368177 0.0391975 0.0399865 0.0392265 0.0371658 0.0341805 0.0306765 0.027005 0.0234153 0.0200486 0.0169615 0.0141619 0.0116411
 1.04137e-16 2.01883e-05 0.000118451 0.000562985 0.00216739 0.00675868 0.0170722 0.034934 0.0579148 0.0778017 0.0847262 0.0748834 0.0539287 0.0321292 0.0168209 0.00950708 0.00810774 0.0101222 0.0139832 0.0189055 0.0243854 0.0299129 0.0349206 0.0388594 0.0413103 0.0420744 0.0412073 0.0389846 0.0358153 0.0321353 0.0283166 0.0246169 0.0211735 0.0180312 0.0151835 0.0126085
 1.03007e-16 2.78705e-05 0.000163564 0.000777482 0.0029933 0.00933429 0.0235778 0.048244 0.0799724 0.107409 0.116904 0.103168 0.0739626 0.0433901 0.0214798 0.010184 0.00650536 0.00689739 0.00917557 0.0123465 0.0159371 0.0195848 0.0229177 0.0255792 0.0272952 0.0279308 0.0275131 0.0262093 0.0242726 0.0219749 0.0195493 0.0171585 0.0148923 0.0127844 0.0108384 0.00904984
 1.0225e-16 2.49065e-05 0.000146153 0.000694687 0.00267449 0.00834005 0.0210665 0.0431066 0.0714601 0.0959877 0.104503 0.0922966 0.0663251 0.0392247 0.0200023 0.0104566 0.00796098 0.00937926 0.0127528 0.0171298 0.0219589 0.0267312 0.0309031 0.0339619 0.0355324 0.0354632 0.0338572 0.0310343 0.0274428 0.0235498 0.0197464 0.0162943 0.0133172 0.010828 0.00877297 0.00707388
 1.03069e-16 1.94811e-05 0.000114295 0.000543215 0.00209126 0.00652125 0.0164725 0.0337074 0.055883 0.0750774 0.0817731 0.0723058 0.0521432 0.0312071 0.0165969 0.00978723 0.00879435 0.0112194 0.0155458 0.0209848 0.0269895 0.0329801 0.0383088 0.042353 0.044645 0.0449761 0.0434353 0.0403692 0.0362809 0.0317047 0.0270977 0.0227773 0.0189109 0.0155456 0.012655 0.0101837
 1.04143e-16 2.09144e-05 0.000122717 0.00058327 0.0022455 0.00700229 0.0176875 0.0361927 0.0600001 0.0805991 0.087762 0.0775414 0.0557883 0.0331278 0.0171444 0.00937683 0.00765289 0.00937147 0.0129128 0.0174873 0.0226204 0.0278492 0.0326595 0.0365479 0.0391211 0.0401766 0.0397362 0.0380171 0.0353596 0.0321345 0.028666 0.0251876 0.0218378 0.0186819 0.0157451 0.0130404
 1.04808e-16 1.82791e-05 0.00010724 0.000509683 0.00196216 0.00611866 0.0154556 0.0316265 0.0524333 0.0704432 0.0767269 0.0678467 0.048934 0.0292997 0.0156078 0.00924636 0.00836014 0.0107067 0.0148736 0.020133 0.0259846 0.0318964 0.0372693 0.0415219 0.0442096 0.0451199 0.0443087 0.0420632 0.0388109 0.0350065 0.0310367 0.0271673 0.0235387 0.0201959 0.0171323 0.0143286
 1.08224e-16 5.65288e-06 3.31001e-05 0.000157181 0.000604887 0.00188604 0.00476452 0.00975291 0.016182 0.021779 0.0238237 0.0213089 0.0158971 0.0105781 0.00756983 0.00749884 0.00999753 0.0145344 0.0207259 0.0282322 0.0365818 0.0451062 0.0529994 0.0594607 0.0638613 0.065874 0.0655256 0.0631501 0.0592725 0.0544624 0.0492116 0.0438683 0.0386332 0.0335974 0.0287985 0.0242652
pSPR Fmed_Fpbrs
0.542257   0.254687 0.254687
Fs Fmed_Fpbrs
0.345209   1.005 1.005
SSBpbr Bo_Bmed_Bpbrs
932836  459195  190940 190940
Ro
32859.6
SPR SPRFo_SPRFmed_SPRFpbrs
677221 367228 172480
log_Ro
10.22
likeval ReclasPelacesDesembMPH_pf_preclas_ppelaces_ptallas_desvR_qrecl_qpela
 99.1848 95.9312 0.0154113 0.000621727 315.255 206.114 74.5366 0 18.297 0 0 0 0 0 0
q_reclas_q_pelaces
1 1
M
0.7
N
 30588.3 27884.7 11417.5 1439.6 0.216007
 35897.8 13599.4 11099.4 4544.7 573.117
 14010.3 15395.7 5037.2 4111.22 1895.63
 18132.1 4724.68 3525.8 1153.58 1375.64
 47737.1 8010.89 1857.14 1385.89 994.166
 29724.7 23167.2 3799.45 880.816 1128.83
 67899.7 11148.4 6562.42 1076.25 569.26
 77510.8 28630.2 3991.44 2349.54 589.141
 130457 29524.4 8365.05 1166.2 858.613
 157320 51719.5 9344.59 2647.57 640.862
 70943 68140.8 19539.1 3530.29 1242.34
 36111 27147.6 20093.6 5761.77 1407.37
 47434.1 13996.4 8212.83 6078.81 2168.84
 28212 16177.1 3278.24 1923.61 1931.76
 19667.9 7215.3 2130.82 431.805 507.824
 15756.8 5535.9 1151.12 339.947 149.907
 12861.1 6087.56 1663.97 346 147.239
 13525.5 5217.88 2017.82 551.55 163.492
 13350.6 5788.66 1924.63 744.279 263.745
 28599.2 5761.44 2170.94 721.799 378.042
 40217.5 12437.7 2194.37 826.85 418.899
 39129.6 18849.1 5501.75 970.667 551.049
 48997.7 18010.9 8041.94 2347.31 649.236
 43516.4 21924 7261.56 3242.31 1208.13
 8151.81 18998.3 8414.95 2787.16 1708.18
pred_Ctot
 2317.85 4030.26 1650.2 208.07 0.0312202
 3549.97 2527.48 2062.86 844.643 106.515
 3305.86 6232.83 2039.27 1664.39 767.431
 1448.16 717.871 535.712 175.275 209.015
 780.716 259.397 60.1353 44.876 32.1916
 5316.86 7389.96 1211.96 280.966 360.078
 7438.06 2279.44 1341.78 220.054 116.393
 13184.8 8735.88 1217.9 716.912 179.763
 19166 7900.94 2238.55 312.084 229.771
 14570.9 9038.94 1633.14 462.712 112.002
 11880.8 20505.6 5879.91 1062.37 373.857
 5781.75 7848.78 5809.36 1665.81 406.892
 10917.8 5549.23 3256.17 2410.09 859.89
 10217.7 9195.74 1863.49 1093.46 1098.1
 6328.81 3751.46 1107.88 224.509 264.034
 2552.21 1617.16 336.266 99.3059 43.791
 1712.42 1489.82 407.227 84.6775 36.0342
 1355.41 981.87 379.701 103.787 30.765
 1267.65 1035.59 344.316 133.151 47.184
 2574.63 980.337 369.395 122.818 64.3257
 1630.73 983.578 173.531 65.3874 33.1266
 2065.83 1925.93 562.148 99.1791 56.3041
 3507.72 2465.93 1101.04 321.376 88.8887
 3809.89 3633.72 1203.54 537.386 200.238
 959.447 4151.58 1838.86 609.059 373.278
F
 0.110591 0.221183 0.221183 0.221183 0.221183
 0.146588 0.293176 0.293176 0.293176 0.293176
 0.38699 0.773981 0.773981 0.773981 0.773981
 0.116881 0.233761 0.233761 0.233761 0.233761
 0.0229727 0.0459453 0.0459453 0.0459453 0.0459453
 0.280688 0.561377 0.561377 0.561377 0.561377
 0.163569 0.327139 0.327139 0.327139 0.327139
 0.2652 0.530399 0.530399 0.530399 0.530399
 0.22521 0.45042 0.45042 0.45042 0.45042
 0.136708 0.273417 0.273417 0.273417 0.273417
 0.260587 0.521174 0.521174 0.521174 0.521174
 0.247796 0.495593 0.495593 0.495593 0.495593
 0.375748 0.751496 0.751496 0.751496 0.751496
 0.663544 1.32709 1.32709 1.32709 1.32709
 0.567735 1.13547 1.13547 1.13547 1.13547
 0.251024 0.502049 0.502049 0.502049 0.502049
 0.202114 0.404229 0.404229 0.404229 0.404229
 0.148679 0.297358 0.297358 0.297358 0.297358
 0.140371 0.280742 0.280742 0.280742 0.280742
 0.132645 0.265291 0.265291 0.265291 0.265291
 0.0578342 0.115668 0.115668 0.115668 0.115668
 0.0758987 0.151797 0.151797 0.151797 0.151797
 0.104193 0.208385 0.208385 0.208385 0.208385
 0.128786 0.257572 0.257572 0.257572 0.257572
 0.176737 0.353473 0.353473 0.353473 0.353473
nmprior
 10 11 7 0
nm_flota  nm_reclas  nm_pelaces    nm_pelaL
inf 13.6519 11.9936 19.7123
cv_recla  cv_pelaces  cv_mph
0.90084 1.15251 0.80898
 ------------------------------------------------
Talla a la edad & desviación 
 7.2 14.2025 17.0495 18.207 18.6776
 1.08 2.13037 2.55742 2.73105 2.80164
