years
 1997 1998 1999 2000 2001 2002 2003 2004 2005 2006 2007 2008 2009 2010 2011 2012 2013 2014 2015 2016 2017 2018 2019 2020 2021
reclasobs
 0 0 0 370054 412103 1.49427e+06 250295 1.28982e+06 931140 785840 897777 1.04006e+06 184774 17550 25797 100020 73551 82996 120727 218422 84188 347160 605670 569463 516374
reclaspred
 529182 134995 361505 239021 367730 446744 965423 658716 740184 755403 629457 425540 262374 109435 66094.8 65022.7 79886.9 105632 113409 159348 239929 225592 381066 471189 515453
pelacesobs
 0 0 0 0 0 0 0 0 0 2.06254e+06 1.5e+06 0 1.87456e+06 323000 250000 174000 83755 137374 0 501740 490994 745055 786931 1.00524e+06 0
pelacespred
 2.07809e+06 466167 737868 776215 1.05062e+06 983077 2.6185e+06 2.07969e+06 2.13744e+06 2.18226e+06 1.55868e+06 1.09717e+06 677481 219395 139105 146088 188685 259101 276780 390337 672875 596459 792354 1.16285e+06 1.26672e+06
mphobs
 0 0 0 0 0 112323 0 153150 637223 0 255016 313432 73983 77613 109348 50772 0 0 0 0 0 0 0 0 0
mphpred
 201778 112776 125226 127388 137575 225798 320654 390753 334409 353155 368521 253281 156027 81231 34378.1 27958.8 33154.8 43947.9 53868.2 62338.5 95599.1 116922 145961 199997 282100
desembarqueobs
 350755 77701 442110 56441 14545 235359 269955 359681 431902 328805 639364 411747 362871 311530 167758 66681 60226 58785 57116 71774 51957 67425 138520 160799 200461
desembarquepred
 350759 77699.6 442089 56443.1 14545.2 235418 269999 359657 431924 328806 639309 411803 362975 311652 167604 66677.5 60248.1 58775.9 57101.8 71770.3 51957.8 67413.5 138518 160804 200459
Reclutas
 39637.9 48865.6 25043.3 37158.4 67616 46501.2 83855.8 80865.7 104098 123964 64292.7 44506.6 47075.5 25133.8 15140 14636.1 10780.1 11975 13676.3 22486.5 28882.7 37424.4 55852.5 69653.9 26685.5
log_desv_Rt
 0.0675421 0.276829 -0.39164 0.00294575 0.6016 0.227232 0.816854 0.780545 1.03309 1.20775 0.551201 0.183394 0.239509 -0.388031 -0.894902 -0.928751 -1.23455 -1.12943 -0.996579 -0.499331 -0.249001 0.0100788 0.410469 0.631294 -0.328123
SSB
 537925 300653 333843 339607 366765 601961 854841 1.04172e+06 891509 941486 982450 675228 415957 216556 91649.5 74536.1 88388.2 117162 143609 166190 254860 311705 389121 533176 752057
BT
 1.73076e+06 442200 747696 582187 724251 834019 1.98103e+06 1.80423e+06 1.85438e+06 1.79417e+06 1.61433e+06 1.11062e+06 812231 439212 233273 154065 176413 222830 233615 322302 498923 459002 624088 912965 995783
Ftot
 0.59032 0.538343 0.903007 0.200378 0.0376412 0.362929 0.240865 0.457688 0.521675 0.385806 0.72625 0.690803 1.11888 2.06748 2.26166 0.923626 0.656745 0.472183 0.393425 0.398567 0.18546 0.231201 0.27729 0.280709 0.251153
BD_Bspro_t
 0.928616 0.683969 0.610959 0.435139 0.581951 0.746649 0.694411 0.708418 0.641455 0.609165 0.590161 0.424811 0.316103 0.215708 0.116129 0.116251 0.180959 0.293769 0.394124 0.490273 0.622629 0.72443 0.734739 0.735265 0.728638
BD_Bspro
 0.704492 0.393749 0.437217 0.444765 0.480333 0.788356 1.11954 1.36428 1.16756 1.23301 1.28666 0.884309 0.544756 0.283612 0.120028 0.097616 0.115757 0.153441 0.188077 0.21765 0.333776 0.408223 0.509611 0.698272 0.984928
BD_Bo
 0.578767 0.323479 0.35919 0.365391 0.394611 0.647664 0.919744 1.12081 0.959195 1.01297 1.05704 0.726493 0.447538 0.232998 0.0986079 0.0801952 0.095099 0.126057 0.154512 0.178808 0.27421 0.335371 0.418665 0.573657 0.809156
BD_Brms
 1.96499 1.09826 1.2195 1.24055 1.33976 2.19891 3.12265 3.80529 3.25659 3.43916 3.58879 2.46654 1.51945 0.791057 0.334787 0.272273 0.322873 0.427981 0.524588 0.607075 0.930979 1.13863 1.42142 1.94764 2.74719
S_f
 0.160763 1 1 1 1
 0.160763 1 1 1 1
 0.160763 1 1 1 1
 0.160763 1 1 1 1
 0.160763 1 1 1 1
 0.160763 1 1 1 1
 0.160763 1 1 1 1
 0.160763 1 1 1 1
 0.160763 1 1 1 1
 0.160763 1 1 1 1
 0.160763 1 1 1 1
 0.160763 1 1 1 1
 0.160763 1 1 1 1
 0.160763 1 1 1 1
 0.160763 1 1 1 1
 0.160763 1 1 1 1
 0.160763 1 1 1 1
 0.160763 1 1 1 1
 0.160763 1 1 1 1
 0.160763 1 1 1 1
 0.160763 1 1 1 1
 0.160763 1 1 1 1
 0.160763 1 1 1 1
 0.160763 1 1 1 1
 0.160763 1 1 1 1
Scru_reclas
 0.777594 1 1 1 1
 0.777594 1 1 1 1
 0.777594 1 1 1 1
 0.777594 1 1 1 1
 0.777594 1 1 1 1
 0.777594 1 1 1 1
 0.777594 1 1 1 1
 0.777594 1 1 1 1
 0.777594 1 1 1 1
 0.777594 1 1 1 1
 0.777594 1 1 1 1
 0.777594 1 1 1 1
 0.777594 1 1 1 1
 0.777594 1 1 1 1
 0.777594 1 1 1 1
 0.777594 1 1 1 1
 0.777594 1 1 1 1
 0.777594 1 1 1 1
 0.777594 1 1 1 1
 0.777594 1 1 1 1
 0.777594 1 1 1 1
 0.777594 1 1 1 1
 0.777594 1 1 1 1
 0.777594 1 1 1 1
 0.777594 1 1 1 1
Scru_pelaces
 0.906874 1 1 1 1
 0.906874 1 1 1 1
 0.906874 1 1 1 1
 0.906874 1 1 1 1
 0.906874 1 1 1 1
 0.906874 1 1 1 1
 0.906874 1 1 1 1
 0.906874 1 1 1 1
 0.906874 1 1 1 1
 0.906874 1 1 1 1
 0.906874 1 1 1 1
 0.906874 1 1 1 1
 0.906874 1 1 1 1
 0.906874 1 1 1 1
 0.906874 1 1 1 1
 0.906874 1 1 1 1
 0.906874 1 1 1 1
 0.906874 1 1 1 1
 0.906874 1 1 1 1
 0.906874 1 1 1 1
 0.906874 1 1 1 1
 0.906874 1 1 1 1
 0.906874 1 1 1 1
 0.906874 1 1 1 1
 0.906874 1 1 1 1
pf_obs 
 0.256992 0.487395 0.22802 0.0275931 0
 0.321318 0.546541 0.124235 0.00734118 0.000564706
 0.182869 0.594174 0.210203 0.0122559 0.00049798
 0.330522 0.361315 0.267642 0.0388342 0.00168674
 0.649043 0.306663 0.0425973 0.00169635 0
 0.582887 0.30429 0.105238 0.00758474 0
 0.465427 0.430635 0.0974691 0.00646863 0
 0.296916 0.608066 0.0921331 0.00288517 0
 0.311714 0.524322 0.152257 0.0117073 0
 0.15457 0.633149 0.183074 0.0267441 0.00246327
 0.131901 0.49318 0.331252 0.0422183 0.00144891
 0.196976 0.569456 0.194076 0.0375587 0.00193317
 0.518974 0.381816 0.0799577 0.0180837 0.00116848
 0.0928022 0.601141 0.25162 0.0475244 0.00691264
 0.122501 0.610282 0.24278 0.0234846 0.000952079
 0.383417 0.481906 0.127806 0.00687128 0
 0.0376549 0.599619 0.316969 0.0457579 0
 0.0361596 0.667082 0.258105 0.0386534 0
 0.158088 0.579412 0.248529 0.0139706 0
 0.0477256 0.309471 0.559284 0.082774 0.000745712
 0.0406174 0.521527 0.379366 0.0568643 0.0016247
 0.151134 0.462217 0.34131 0.0453401 0
 0.294876 0.26143 0.354403 0.0886775 0.000613685
 0.281977 0.475581 0.204845 0.0348837 0.00271318
 0 0 0 0 0
pf_pred 
 0.307955 0.486505 0.183676 0.021854 9.98248e-06
 0.294325 0.555501 0.105572 0.0398578 0.00474449
 0.159019 0.648802 0.151281 0.0287507 0.0121467
 0.279493 0.467909 0.194875 0.0454392 0.012284
 0.309437 0.501598 0.122717 0.0511092 0.0151388
 0.158613 0.622105 0.159278 0.0389676 0.0210365
 0.282386 0.418233 0.221356 0.056674 0.0213505
 0.218522 0.572872 0.121578 0.0643467 0.0226812
 0.269461 0.500285 0.16879 0.0358214 0.0256418
 0.264444 0.549829 0.127189 0.042912 0.015626
 0.143204 0.624898 0.173345 0.0400989 0.0184553
 0.160522 0.502456 0.245804 0.0681853 0.0230324
 0.257001 0.465174 0.166287 0.0813488 0.0301884
 0.231858 0.608479 0.0999616 0.0357336 0.0239683
 0.308292 0.589688 0.0808145 0.0132763 0.00792925
 0.357303 0.582189 0.0515844 0.00706944 0.00185501
 0.227046 0.654165 0.107606 0.00953433 0.0016495
 0.252738 0.535387 0.179313 0.0294958 0.0030656
 0.249816 0.544503 0.147363 0.0493553 0.00896242
 0.31832 0.48722 0.141144 0.038199 0.0151169
 0.269757 0.568771 0.11541 0.0334334 0.0126292
 0.251503 0.53523 0.166109 0.0337054 0.0134526
 0.27949 0.504396 0.154537 0.0479608 0.0136159
 0.25522 0.546473 0.138825 0.0425333 0.0169478
 0.0915334 0.644262 0.193857 0.0492471 0.0211004
pobs_RECLAS
 0 0 0 0 0
 0 0 0 0 0
 0 0 0 0 0
 0 0 0 0 0
 0.835266 0.146461 0.0176864 0.000547809 3.91292e-05
 0.385257 0.428462 0.181853 0.0044286 0
 0.867414 0.0963971 0.0333333 0.00285562 0
 0.441836 0.489002 0.0689373 0.000224442 0
 0.779404 0.147425 0.0564933 0.0165055 0.000172143
 0.814271 0.122319 0.05973 0.00367925 0
 0.40263 0.566651 0.0304383 0.000280538 0
 0.475488 0.404961 0.113038 0.00651328 0
 0.955842 0.0263864 0.0167828 0.000988607 0
 0.975058 0.0227948 0.00214734 0 0
 0.738997 0.206755 0.0527124 0.00153531 0
 0.850938 0.134255 0.0134407 0.00136685 0
 0.542534 0.407297 0.0501686 0 0
 0.764087 0.199537 0.0359546 0.000420521 0
 0.470689 0.182191 0.310203 0.0369168 0
 0.84361 0.089868 0.0606195 0.00523954 0.000663233
 0.607945 0.314616 0.071237 0.00620181 0
 0.523733 0.453247 0.0230204 0 0
 0.530135 0.295979 0.169645 0.0042399 0
 0.562478 0.366248 0.0663022 0.0049721 0
 0.250443 0.683176 0.0655157 0.000865301 0
ppred_RECLAS
 0.691857 0.216623 0.0817843 0.00973081 4.44484e-06
 0.676832 0.254395 0.0483472 0.0182531 0.00217277
 0.496501 0.388441 0.0905729 0.0172132 0.00727227
 0.65489 0.22412 0.0933417 0.0217645 0.00588382
 0.684689 0.22903 0.0560325 0.0233365 0.0069124
 0.482627 0.382535 0.0979407 0.0239614 0.0129354
 0.65872 0.198902 0.105272 0.0269528 0.0101538
 0.582342 0.30617 0.0649768 0.0343899 0.0121219
 0.649052 0.240335 0.0810862 0.0172085 0.0123182
 0.640571 0.268673 0.0621508 0.0209689 0.00763562
 0.460846 0.393228 0.10908 0.0252329 0.0116133
 0.4935 0.303158 0.148306 0.0411397 0.0138966
 0.6495 0.21944 0.078444 0.0383753 0.014241
 0.653695 0.274323 0.0450661 0.0161099 0.0108057
 0.743343 0.218802 0.029986 0.00492614 0.00294213
 0.744004 0.231894 0.0205468 0.00281587 0.000738877
 0.598654 0.339666 0.0558728 0.00495056 0.000856481
 0.62805 0.266489 0.0892534 0.0146816 0.00152591
 0.622894 0.273713 0.0740773 0.0248102 0.00450527
 0.698538 0.215465 0.0624187 0.0168929 0.00668521
 0.643544 0.277636 0.0563354 0.01632 0.00616472
 0.622222 0.270139 0.083838 0.0170116 0.00678971
 0.656056 0.24078 0.0737702 0.0228947 0.00649973
 0.627625 0.273226 0.0694098 0.0212658 0.00847356
 0.330903 0.474507 0.142778 0.0362711 0.0155407
pobs_PELACES
 0 0 0 0 0
 0 0 0 0 0
 0 0 0 0 0
 0 0 0 0 0
 0 0 0 0 0
 0 0 0 0 0
 0 0 0 0 0
 0 0 0 0 0
 0 0 0 0 0
 0 0 0 0 0
 0.450072 0.473896 0.0757376 0.000293798 0
 0 0 0 0 0
 0.463077 0.371075 0.160297 0.00555027 0
 0.529543 0.364841 0.0842815 0.0213345 0
 0.631943 0.363953 0.00410389 0 0
 0.735681 0.248677 0.0153453 0.000297389 0
 0.695825 0.281241 0.0229344 0 0
 0.275771 0.60734 0.115278 0.00161068 0
 0 0 0 0 0
 0.896147 0.0623911 0.0374545 0.00400742 0
 0.803859 0.145111 0.0509908 3.86294e-05 0
 0.739449 0.233085 0.0266225 0.000797448 4.60066e-05
 0.878498 0.100942 0.0204185 0.000141795 0
 0.694673 0.275183 0.0284847 0.00165964 0
 0 0 0 0 0
ppred_PELACES
 0.755119 0.17215 0.064994 0.00773306 3.53231e-06
 0.739263 0.205249 0.0390072 0.0147268 0.00175302
 0.596256 0.311481 0.0726283 0.0138029 0.00583147
 0.700546 0.19447 0.0809932 0.0188852 0.00510543
 0.719025 0.20409 0.0499309 0.0207953 0.00615968
 0.546067 0.335629 0.0859313 0.0210232 0.0113493
 0.706429 0.171097 0.0905553 0.023185 0.00873436
 0.648613 0.257589 0.0546667 0.0289331 0.0101985
 0.713644 0.196101 0.0661622 0.0140413 0.010051
 0.698148 0.225635 0.052195 0.0176099 0.00641248
 0.549338 0.328687 0.0911767 0.0210914 0.00970721
 0.579108 0.251918 0.12324 0.0341863 0.0115478
 0.746591 0.158654 0.0567145 0.027745 0.0102962
 0.796037 0.161568 0.0265426 0.00948828 0.00636426
 0.863372 0.116477 0.0159627 0.00262237 0.00156621
 0.81404 0.168452 0.0149256 0.00204549 0.000536732
 0.676021 0.274189 0.0451023 0.00399625 0.000691379
 0.691775 0.220833 0.0739619 0.0121662 0.00126448
 0.682353 0.230556 0.0623973 0.0208983 0.00379491
 0.751108 0.177892 0.051534 0.0139471 0.00551943
 0.689105 0.242149 0.0491347 0.014234 0.00537676
 0.671906 0.234611 0.0728118 0.0147743 0.00589675
 0.706068 0.205769 0.0630435 0.0195656 0.00555463
 0.679959 0.234827 0.0596549 0.0182771 0.00728268
 0.382075 0.438217 0.131858 0.0334971 0.0143522
pobs_pel_tallas
 0 0 0 0 0 0 0 0 0 0 0 0 0 0 0 0 0 0 0 0 0 0 0 0 0 0 0 0 0 0 0 0 0 0 0 0
 0 0 0 0 0 0 0 0 0 0 0 0 0 0 0 0 0 0 0 0 0 0 0 0 0 0 0 0 0 0 0 0 0 0 0 0
 0 0 0 0 0 0 0 0 0 0 0 0 0 0 0 0 0 0 0 0 0 0 0 0 0 0 0 0 0 0 0 0 0 0 0 0
 0 0 0 0 0 0 0 0 0 0 0 0 0 0 0 0 0 0 0 0 0 0 0 0 0 0 0 0 0 0 0 0 0 0 0 0
 0 0 0 0 0 0 0 0 0 0 0 0 0 0 0 0 0 0 0 0 0 0 0 0 0 0 0 0 0 0 0 0 0 0 0 0
 0 0 0 0 0 0 0 0 0 0 0 0 0 0 0 0 0 0 0 0 0 0 0 0 0 0 0 0 0 0 0 0 0 0 0 0
 0 0 0 0 0 0 0 0 0 0 0 0 0 0 0 0 0 0 0 0 0 0 0 0 0 0 0 0 0 0 0 0 0 0 0 0
 0 0 0 0 0 0 0 0 0 0 0 0 0 0 0 0 0 0 0 0 0 0 0 0 0 0 0 0 0 0 0 0 0 0 0 0
 0 0 0 0 0 0 0 0 0 0 0 0 0 0 0 0 0 0 0 0 0 0 0 0 0 0 0 0 0 0 0 0 0 0 0 0
 0 0 0 0 0 0 0 0 0 0 0 0 0 0 0 0 0 0 0 0 0 0 0 0 0 0 0 0 0 0 0 0 0 0 0 0
 0 0 0 0 0 0 0 0 1.78061e-05 0.00172719 0.00360574 0.0105946 0.0120993 0.0124554 0.0147524 0.0171206 0.0266825 0.0428682 0.0675386 0.121331 0.153587 0.119568 0.100827 0.0573624 0.0630603 0.0341343 0.0324427 0.0444173 0.0211091 0.0280891 0.0125444 0.00206551 0 0 0 0
 0 0 0 0 0 0 0 0 0 0 0 0 0 0 0 0 0 0 0 0 0 0 0 0 0 0 0 0 0 0 0 0 0 0 0 0
 0 0 0 0 0 0 0.0133647 0.0140871 0.0187388 0.0205184 0.03894 0.0496705 0.03968 0.0493445 0.0407372 0.0367815 0.0215668 0.0243155 0.0234873 0.0199281 0.019796 0.0243948 0.0301388 0.0376714 0.0412746 0.0863199 0.0771752 0.113111 0.0741005 0.0525337 0.0229764 0.00759418 0.00175318 0 0 0
 0 0 0 0 0 0 0 0 0 0 0.00219441 0.00772107 0.0458388 0.0604681 0.0671733 0.0775358 0.0609151 0.0617685 0.073594 0.0568108 0.0755445 0.0548602 0.0670107 0.0636378 0.0643287 0.046367 0.0373049 0.0286899 0.0247887 0.0153202 0.00654259 0.00121912 0.000365735 0 0 0
 0 0 0 0 0 0 0 0 0 0 0 0 0.000112435 0.00938835 0.0111873 0.0202946 0.0414886 0.0713402 0.111592 0.104902 0.108894 0.110636 0.117776 0.105296 0.107544 0.0401394 0.0192827 0.0124803 0.00416011 0.0028671 0.000618394 0 0 0 0 0
 0 0 0 0 0 0 0 0 0 0 0.00291406 0.0102884 0.027416 0.0768956 0.0749926 0.110853 0.0956884 0.0897413 0.0766577 0.0534642 0.0500743 0.0551293 0.0594112 0.0620874 0.0668451 0.0424026 0.0208742 0.0120726 0.0048766 0.00582813 0.00118941 0.000297354 0 0 0 0
 0 0.00264628 0.0354308 0.0461629 0.0458689 0.0383711 0.0214643 0.0164657 0.0346957 0.0420465 0.0363128 0.0245516 0.0311673 0.0291091 0.0169068 0.0133784 0.00837989 0.0085269 0.0148486 0.0160247 0.0276389 0.0546898 0.0760071 0.122758 0.109233 0.0665981 0.0333725 0.0166128 0.00676272 0.00308733 0.000882094 0 0 0 0 0
 0 0 0 0 0 0 0 0.000805153 0.000690131 0.00759144 0.0133425 0.0154129 0.00931677 0.000345066 0.00356568 0.00563607 0.00851162 0.0253048 0.0502646 0.0516448 0.0657925 0.0565908 0.0611916 0.0827007 0.0866115 0.110766 0.145733 0.0935128 0.0569358 0.0249597 0.0138026 0.00621118 0.00161031 0.00115022 0 0
 0 0 0 0 0 0 0 0 0 0 0 0 0 0 0 0 0 0 0 0 0 0 0 0 0 0 0 0 0 0 0 0 0 0 0 0
 0.00147267 0.00158595 0.00478618 0.00569244 0.00954404 0.0108468 0.00647125 0.017049 0.0510054 0.094081 0.124002 0.0959785 0.0687766 0.0820023 0.061753 0.0591476 0.0492212 0.0479892 0.0443925 0.0268479 0.0217502 0.0140895 0.0121071 0.0120363 0.00920419 0.00665534 0.0049561 0.00860946 0.00930331 0.0156896 0.0114698 0.00855282 0.00243557 0.00046729 0 2.83206e-05
 0 0 0 0 0.000772559 0.00158375 0.000888443 0.00281984 0.00712685 0.0440552 0.0773331 0.111326 0.0921469 0.0852325 0.0710754 0.0886704 0.0786465 0.0553345 0.0373146 0.0185414 0.00753245 0.00457741 0.012979 0.0271748 0.0457355 0.0583668 0.034881 0.0177882 0.00938659 0.00492506 0.0015258 0.00185414 0.000309023 5.79419e-05 3.86279e-05 0
 0 0.00173294 0.00326652 0 0.00397197 0.00683976 0.00946217 0.0152591 0.00757587 0.0136028 0.0228656 0.0392903 0.0559909 0.0764795 0.0681675 0.0726916 0.0566044 0.0477403 0.0527397 0.0444891 0.0609904 0.0582453 0.0661739 0.0445044 0.0529084 0.0360697 0.0280645 0.0235558 0.0158879 0.00826598 0.00280645 0.00217768 0.000904811 0.00058276 9.20147e-05 0
 0 0 0 0 0 0 0 0 0 0 0 0 0 0 0 0 0 0 0 0 0 0 0 0 0 0 0 0 0 0 0 0 0 0 0 0
 0 0 0 0 0 0 0 0 0 0 0 0 0 0 0 0 0 0 0 0 0 0 0 0 0 0 0 0 0 0 0 0 0 0 0 0
 0 0 0 0 0 0 0 0 0 0 0 0 0 0 0 0 0 0 0 0 0 0 0 0 0 0 0 0 0 0 0 0 0 0 0 0
ppred_pel_tallas
 1.01245e-16 3.29465e-05 0.00019337 0.000919195 0.00353895 0.0110359 0.0278758 0.0570376 0.0945462 0.126973 0.138172 0.121877 0.0872426 0.0509139 0.0247069 0.0108801 0.00583867 0.00534943 0.006816 0.00909157 0.0116943 0.0143187 0.0166769 0.0184983 0.0195773 0.0198165 0.0192435 0.017996 0.0162797 0.014317 0.0123019 0.0103738 0.0086128 0.00705047 0.00568829 0.00451426
 1.01209e-16 3.22564e-05 0.000189316 0.000899914 0.0034647 0.0108044 0.027291 0.0558412 0.092564 0.124314 0.135286 0.119351 0.0854765 0.0499675 0.0244044 0.0110122 0.00628401 0.00608216 0.00786004 0.0104741 0.0134141 0.0163284 0.0188767 0.0207441 0.0217001 0.0216505 0.0206569 0.0189134 0.0166936 0.0142832 0.0119234 0.00977675 0.00792248 0.00637222 0.0050963 0.00404896
 1.0188e-16 2.6025e-05 0.000152722 0.00072592 0.00279475 0.00871509 0.0220138 0.0450446 0.0746717 0.100298 0.109186 0.0964107 0.069233 0.0408469 0.0206501 0.0105048 0.00765011 0.00879757 0.0119012 0.0159842 0.0205072 0.0249924 0.0289333 0.0318506 0.03339 0.0334021 0.0319717 0.0293853 0.0260506 0.0223968 0.0187883 0.0154749 0.0125828 0.0101381 0.00810515 0.00642304
 1.02101e-16 3.05678e-05 0.000179403 0.000852789 0.00328326 0.0102385 0.0258618 0.0529169 0.0877168 0.117805 0.128204 0.113106 0.0810115 0.0473729 0.0231676 0.0105089 0.00608087 0.00597153 0.00777886 0.0104315 0.0134576 0.0165327 0.0193375 0.0215678 0.0229886 0.0234829 0.0230714 0.0218945 0.0201679 0.0181255 0.0159714 0.0138523 0.0118534 0.0100121 0.00833753 0.00682886
 1.01778e-16 3.13738e-05 0.000184134 0.000875282 0.00336987 0.0105086 0.0265439 0.0543127 0.0900305 0.120912 0.131586 0.11609 0.0831492 0.0486236 0.0237796 0.0107848 0.00623309 0.00610455 0.00792662 0.01059 0.0135992 0.0166101 0.0192875 0.0213175 0.0224671 0.0226346 0.0218689 0.0203479 0.0183267 0.0160738 0.0138159 0.0117069 0.00982388 0.00818292 0.00676455 0.00553702
 1.02582e-16 2.38375e-05 0.000139877 0.000664851 0.00255961 0.0079818 0.0201616 0.0412551 0.0683913 0.0918672 0.100021 0.0883479 0.0635088 0.0376022 0.0192553 0.010198 0.00792696 0.00944978 0.0128984 0.0173629 0.022309 0.0272357 0.0316013 0.0348901 0.0367177 0.036917 0.0355699 0.0329725 0.02955 0.0257511 0.0219563 0.0184266 0.0152946 0.0125907 0.0102833 0.00831767
 1.02547e-16 3.08234e-05 0.000180905 0.000859937 0.00331079 0.0103244 0.0260786 0.0533604 0.0884512 0.118789 0.129269 0.114033 0.0816468 0.0476867 0.0232139 0.0103501 0.0057427 0.00544265 0.00703125 0.0094429 0.0122292 0.0151006 0.0177772 0.0199893 0.0215234 0.0222631 0.0222079 0.0214586 0.0201811 0.0185595 0.016757 0.0148943 0.0130475 0.0112591 0.00955407 0.00795297
 1.02331e-16 2.83057e-05 0.000166117 0.000789614 0.00304 0.00947993 0.0239457 0.0489969 0.0812211 0.109088 0.118735 0.104795 0.0751523 0.0441343 0.0219332 0.0105381 0.00690943 0.0074451 0.00991786 0.0132991 0.0170775 0.0208456 0.024186 0.0267054 0.028113 0.0282849 0.0272878 0.0253513 0.022801 0.0199777 0.0171668 0.0145592 0.0122468 0.010243 0.00851671 0.007022
 1.01956e-16 3.11389e-05 0.000182756 0.00086873 0.00334464 0.0104299 0.0263452 0.0539061 0.0893564 0.120006 0.130599 0.115217 0.0825182 0.0482435 0.0235733 0.0106579 0.00611596 0.00595864 0.00773521 0.010351 0.0133234 0.0163221 0.0190245 0.0211264 0.0223974 0.0227295 0.0221565 0.0208347 0.0189955 0.0168862 0.0147186 0.0126407 0.0107325 0.00902023 0.00749891 0.00615227
 1.0172e-16 3.04644e-05 0.000178793 0.000849884 0.00327207 0.0102036 0.0257736 0.0527368 0.087419 0.117407 0.127778 0.112746 0.0807885 0.0473118 0.0232661 0.0107683 0.00652286 0.00663471 0.00870313 0.0116392 0.014936 0.0182217 0.0211262 0.0233026 0.0244947 0.0245927 0.0236551 0.0218846 0.01957 0.0170148 0.0144754 0.0121259 0.0100532 0.00827381 0.00676286 0.0054799
 1.0258e-16 2.39798e-05 0.000140713 0.000668827 0.00257492 0.00802956 0.0202823 0.0415018 0.0688001 0.0924155 0.100616 0.0888687 0.0638729 0.0377971 0.019317 0.0101698 0.00783355 0.00929637 0.0126799 0.0170737 0.0219496 0.026816 0.0311425 0.0344226 0.0362771 0.0365379 0.03528 0.0327874 0.0294709 0.0257655 0.0220422 0.0185567 0.015442 0.0127328 0.0104045 0.00840945
 1.03546e-16 2.52749e-05 0.000148324 0.000705023 0.00271431 0.00846425 0.0213802 0.0437477 0.0725205 0.0974047 0.106027 0.0935968 0.0671607 0.0395212 0.0197914 0.00976517 0.00674958 0.00754978 0.0101953 0.0137779 0.0178395 0.0220001 0.0258558 0.0290123 0.0311589 0.0321306 0.0319349 0.0307298 0.0287689 0.0263312 0.0236621 0.0209407 0.0182763 0.0157255 0.0133171 0.0110718
 1.02292e-16 3.2574e-05 0.000191185 0.000908809 0.00349897 0.0109112 0.0275608 0.056393 0.0934774 0.125537 0.136606 0.12049 0.0862369 0.0503008 0.0243608 0.0106458 0.0055981 0.0050311 0.00638081 0.00852235 0.010995 0.0135181 0.0158313 0.0176896 0.0189051 0.0193855 0.0191489 0.0183088 0.0170364 0.0155147 0.0138992 0.012297 0.0107656 0.00932517 0.0079771 0.00671934
 1.01053e-16 3.47302e-05 0.000203843 0.000968987 0.00373067 0.0116338 0.0293859 0.0601274 0.099667 0.133848 0.145647 0.128457 0.0919223 0.0535831 0.0258857 0.0111983 0.00571767 0.00496837 0.00620537 0.00821979 0.0105146 0.0127905 0.0147763 0.0162244 0.0169554 0.0168978 0.016103 0.0147267 0.0129862 0.0111075 0.00927963 0.0076284 0.0062125 0.00503671 0.00407326 0.00328237
 1.00428e-16 3.76644e-05 0.000221074 0.00105091 0.00404613 0.0126175 0.0318708 0.0652111 0.108092 0.145157 0.157938 0.139263 0.0995801 0.0578953 0.0276849 0.0114899 0.00515781 0.00381457 0.00447898 0.00586082 0.00747114 0.00906177 0.0104301 0.0113964 0.0118323 0.0116891 0.0110086 0.00990966 0.00855646 0.00711975 0.00574282 0.00452158 0.00350101 0.0026843 0.0020483 0.00155891
 1.00363e-16 3.55155e-05 0.000208453 0.000990902 0.00381505 0.0118969 0.0300506 0.0614873 0.101921 0.136875 0.148941 0.131363 0.0940029 0.0547978 0.0264754 0.0114571 0.00585177 0.00508011 0.00633011 0.00835864 0.0106488 0.012885 0.0147818 0.0160812 0.0166008 0.0162754 0.0151731 0.0134746 0.0114269 0.00928508 0.00726251 0.00550064 0.00406365 0.00295184 0.00212477 0.00152464
 1.009e-16 2.95015e-05 0.000173136 0.000822979 0.00316846 0.00988051 0.0249575 0.0510673 0.0846533 0.113698 0.123753 0.109226 0.0783316 0.0460058 0.0228705 0.010998 0.00721823 0.00777191 0.0103295 0.0138068 0.017655 0.021432 0.024686 0.0269959 0.0280569 0.0277504 0.0261704 0.0235922 0.0203994 0.0169928 0.0137107 0.0107823 0.00831888 0.0063342 0.00478003 0.00358117
 1.016e-16 3.01864e-05 0.000177161 0.000842126 0.0032422 0.0101105 0.0255383 0.0522553 0.086621 0.116335 0.126611 0.111717 0.0800499 0.0468781 0.0230512 0.0106672 0.006462 0.00657835 0.00864099 0.0115756 0.0148856 0.0182073 0.0211772 0.0234507 0.0247681 0.0250093 0.0242165 0.0225725 0.0203471 0.0178293 0.0152689 0.0128428 0.0106486 0.0087201 0.00705163 0.00562067
 1.01857e-16 2.97759e-05 0.000174751 0.000830664 0.00319807 0.00997285 0.0251907 0.0515441 0.0854424 0.114754 0.124893 0.110207 0.078983 0.0462833 0.0228142 0.0106504 0.00657698 0.00679208 0.00895196 0.0119908 0.0154067 0.0188242 0.021866 0.0241764 0.0254897 0.0256878 0.0248231 0.0230938 0.020787 0.0182062 0.0156096 0.0131751 0.0109948 0.00909236 0.00745058 0.00603713
 1.01527e-16 3.27718e-05 0.000192344 0.000914315 0.00352016 0.0109773 0.0277278 0.0567348 0.0940444 0.1263 0.13744 0.121235 0.0867902 0.0506639 0.0246116 0.0108819 0.00590092 0.00545863 0.00697113 0.00929366 0.0119401 0.014598 0.016972 0.0187867 0.019836 0.0200271 0.0193977 0.018098 0.0163466 0.0143752 0.0123813 0.0105015 0.0088073 0.0073183 0.00602346 0.00490032
 1.01517e-16 3.00708e-05 0.000176481 0.000838887 0.00322972 0.0100716 0.0254401 0.0520544 0.0862885 0.115891 0.126132 0.111305 0.0797784 0.0467669 0.0230846 0.0108291 0.00675498 0.00702206 0.00925927 0.0123817 0.0158692 0.0193265 0.0223562 0.0245865 0.025745 0.0257191 0.0245791 0.0225519 0.0199577 0.0171317 0.0143569 0.0118246 0.00962843 0.00778333 0.00625592 0.00499415
 1.01894e-16 2.93206e-05 0.000172077 0.000817952 0.00314912 0.00982021 0.0248052 0.0507553 0.084135 0.112999 0.122985 0.108528 0.0777906 0.0456063 0.0225211 0.0105823 0.00662849 0.00691992 0.0091505 0.0122694 0.0157768 0.0192937 0.022436 0.0248398 0.0262317 0.0264869 0.0256531 0.0239267 0.0215953 0.018965 0.0162983 0.0137787 0.0115044 0.00950545 0.00777089 0.00627339
 1.01894e-16 3.0809e-05 0.000180818 0.000859514 0.00330915 0.0103193 0.0260657 0.0533342 0.0884088 0.118735 0.129218 0.114005 0.0816644 0.0477729 0.0233967 0.010668 0.00624627 0.00618797 0.00806798 0.0107977 0.0138884 0.0169968 0.019785 0.0219346 0.0232057 0.0234884 0.0228225 0.0213771 0.0194 0.0171547 0.0148664 0.0126912 0.0107119 0.00895342 0.00740656 0.00604987
 1.01892e-16 2.96717e-05 0.000174138 0.000827752 0.00318685 0.00993788 0.0251024 0.0513634 0.085143 0.114352 0.124457 0.109825 0.0787151 0.046138 0.0227644 0.0106635 0.00663349 0.00688683 0.00908741 0.0121704 0.0156304 0.0190861 0.0221535 0.0244711 0.0257701 0.0259331 0.0250167 0.0232267 0.0208589 0.0182249 0.0155891 0.0131321 0.0109455 0.00905005 0.00742396 0.00603008
 1.03837e-16 1.66909e-05 9.79109e-05 0.000465317 0.00179131 0.00558589 0.0141099 0.0288736 0.047872 0.0643236 0.0700833 0.0620243 0.0448482 0.0270807 0.0148397 0.00943263 0.00920523 0.0121368 0.016937 0.0229 0.0294807 0.0360636 0.0419497 0.046464 0.0490972 0.049618 0.0481156 0.0449558 0.040673 0.0358345 0.0309253 0.0262815 0.0220807 0.0183743 0.0151389 0.0123233
pSPR Fmed_Fpbrs
0.541609   0.34454 0.34454
Fs Fmed_Fpbrs
0.446113   1.005 1.005
SSBpbr Bo_Bmed_Bpbrs
929434  456918  273755 273755
Ro
37049.1
SPR SPRFo_SPRFmed_SPRFpbrs
763565 413554 263078
log_Ro
10.34
likeval ReclasPelacesDesembMPH_pf_preclas_ppelaces_ptallas_desvR_qrecl_qpela
 61.9982 15.8868 0.00728996 0.000210765 285.373 190.258 71.3166 0 15.8866 1.31925e-05 5.13001e-05 0 0 0 0
q_reclas_q_pelaces
0.597686 2.77041
M
0.7
N
 39637.9 12363.2 4667.63 555.361 0.253678
 48865.6 17901.5 3402.14 1284.45 152.895
 25043.3 22254.1 5189.01 986.159 416.635
 37158.4 10755.7 4479.54 1044.5 282.369
 67616 17867.4 4371.28 1820.56 539.26
 46501.2 33374.5 8544.91 2090.53 1128.56
 83855.8 21783 11529 2951.77 1112.01
 80865.7 40059.9 8501.71 4499.65 1586.06
 104098 37308.1 12587.3 2671.34 1912.2
 123964 47535.1 10996 3709.93 1350.93
 64292.7 57856.7 16049.3 3712.59 1708.7
 44506.6 28408.6 13897.6 3855.16 1302.24
 47075.5 19778.2 7070.2 3458.78 1283.55
 25133.8 19528.6 3208.18 1146.84 769.241
 15140 8951.66 1226.79 201.539 120.369
 14636.1 5226.54 463.094 63.4652 16.6531
 10780.1 6265.19 1030.58 91.3139 15.7979
 11975 4816.85 1613.27 265.372 27.5811
 13676.3 5511.89 1491.73 499.614 90.7248
 22486.5 6375.21 1846.85 499.829 197.803
 28882.7 10473.4 2125.17 615.645 232.555
 37424.4 13921.4 4320.53 876.683 349.903
 55852.5 17906.3 5486.16 1702.64 483.373
 69653.9 26526.3 6738.68 2064.6 822.66
 26685.5 33062.9 9948.54 2527.31 1082.85
pred_Ctot
 2595.07 4099.68 1547.8 184.159 0.0841204
 2928.13 5526.48 1050.3 396.531 47.2013
 2454.1 10012.8 2334.69 443.702 187.457
 848.701 1420.84 591.753 137.979 37.3013
 293.472 475.719 116.385 48.4723 14.3578
 1901.77 7459 1909.73 467.219 252.226
 2295.68 3400.07 1799.53 460.736 173.571
 4143.01 10861.2 2305.02 1219.96 430.017
 6051.71 11235.7 3790.78 804.498 575.877
 5380.69 11187.5 2587.94 873.139 317.944
 5129.6 22384 6209.26 1436.36 661.074
 3386 10598.6 5184.91 1438.28 485.837
 5631.49 10193 3643.74 1782.54 661.498
 5209.86 13672.6 2246.14 802.937 538.57
 3388.96 6482.26 888.37 145.942 87.1639
 1464.92 2386.94 211.493 28.9843 7.60542
 781.549 2251.8 370.407 32.8196 5.67801
 632.303 1339.44 448.607 73.793 7.66955
 605.023 1318.72 356.895 119.532 21.7059
 1007.41 1541.94 446.69 120.891 47.8417
 611.215 1288.72 261.495 75.7533 28.6151
 984.117 2094.33 649.977 131.887 52.6391
 1755.77 3168.64 970.811 301.293 85.536
 2216.09 4745.06 1205.43 369.319 147.159
 761.21 5357.81 1612.15 409.548 175.475
F
 0.0949019 0.59032 0.59032 0.59032 0.59032
 0.0865458 0.538343 0.538343 0.538343 0.538343
 0.14517 0.903007 0.903007 0.903007 0.903007
 0.0322134 0.200378 0.200378 0.200378 0.200378
 0.00605133 0.0376412 0.0376412 0.0376412 0.0376412
 0.0583457 0.362929 0.362929 0.362929 0.362929
 0.0387222 0.240865 0.240865 0.240865 0.240865
 0.0735794 0.457688 0.457688 0.457688 0.457688
 0.0838663 0.521675 0.521675 0.521675 0.521675
 0.0620234 0.385806 0.385806 0.385806 0.385806
 0.116754 0.72625 0.72625 0.72625 0.72625
 0.111056 0.690803 0.690803 0.690803 0.690803
 0.179875 1.11888 1.11888 1.11888 1.11888
 0.332375 2.06748 2.06748 2.06748 2.06748
 0.363593 2.26166 2.26166 2.26166 2.26166
 0.148485 0.923626 0.923626 0.923626 0.923626
 0.10558 0.656745 0.656745 0.656745 0.656745
 0.0759098 0.472183 0.472183 0.472183 0.472183
 0.0632483 0.393425 0.393425 0.393425 0.393425
 0.064075 0.398567 0.398567 0.398567 0.398567
 0.0298152 0.18546 0.18546 0.18546 0.18546
 0.0371686 0.231201 0.231201 0.231201 0.231201
 0.0445781 0.27729 0.27729 0.27729 0.27729
 0.0451278 0.280709 0.280709 0.280709 0.280709
 0.0403761 0.251153 0.251153 0.251153 0.251153
nmprior
 10 11 7 0
nm_flota  nm_reclas  nm_pelaces    nm_pelaL
inf 19.401 15.2412 26.2799
cv_recla  cv_pelaces  cv_mph
0.712221 0.469011 0.471018
 ------------------------------------------------
Talla a la edad & desviación 
 7.2 14.2025 17.0495 18.207 18.6776
 1.08 2.13037 2.55742 2.73105 2.80164
