years
 1997 1998 1999 2000 2001 2002 2003 2004 2005 2006 2007 2008 2009 2010 2011 2012 2013 2014 2015 2016 2017 2018 2019 2020 2021
reclasobs
 0 0 0 370054 412103 1.49427e+06 250295 1.28982e+06 931140 785840 897777 1.04006e+06 184774 17550 25797 100020 73551 82996 120727 218422 84188 347160 605670 569463 516374
reclaspred
 591012 117596 185809 132183 271664 292040 646366 491665 676991 911765 765490 508290 322256 141045 89417.6 85838.9 99978.3 123468 115280 187904 300515 266601 414036 423456 335985
pelacesobs
 0 0 0 0 0 0 0 0 0 2.06254e+06 1.5e+06 0 1.87456e+06 323000 250000 174000 83755 137374 0 501740 490994 745055 786931 1.00524e+06 0
pelacespred
 683859 170297 120953 153892 286906 244925 696791 565374 755770 1.01136e+06 773486 534673 341518 120438 75288.2 78103.4 95354.7 120523 114748 181784 328670 285522 350592 422336 345275
mphobs
 0 0 0 0 0 112323 0 153150 637223 0 255016 313432 73983 77613 109348 50772 0 0 0 0 0 0 0 0 0
mphpred
 738332 320961 244241 150781 220106 449647 577184 704811 699403 936121 1.28473e+06 931834 555399 300050 130602 103603 120238 152255 170576 178703 321672 407599 479731 587853 660648
desembarqueobs
 350755 77701 442110 56441 14545 235359 269955 359681 431902 328805 639364 411747 362871 311530 167758 66681 60226 58785 57116 71774 51957 67425 138520 160799 200461
desembarquepred
 350736 77673.5 441693 56430.1 14544.7 235335 269941 359432 431686 328664 638977 411611 362643 311379 167557 66658.2 60225.8 58765.5 57092.5 71742.5 51950 67401.8 138481 160768 200450
Reclutas
 21667.2 38011.2 8882.67 30323.2 60136.3 30140.7 63973.1 78035.6 118524 185098 64029.5 33732.2 47504.1 22291.3 15263.3 16750.8 11983.5 12119.7 11708.1 31095.3 36804.7 40743.1 55298.4 49633.3 3285.69
log_desv_Rt
 -0.356443 0.205636 -1.24814 -0.0203312 0.664369 -0.0263682 0.726219 0.92492 1.34287 1.78864 0.727099 0.0862091 0.428572 -0.328048 -0.706796 -0.613798 -0.948715 -0.937413 -0.971962 0.00481278 0.173382 0.275042 0.580499 0.472416 -2.24267
SSB
 738332 320961 244241 150781 220106 449647 577184 704811 699403 936121 1.28473e+06 931834 555399 300050 130602 103603 120238 152255 170576 178703 321672 407599 479731 587853 660648
BT
 1.46443e+06 451476 449229 335915 525548 622161 1.43642e+06 1.40947e+06 1.7458e+06 2.11902e+06 1.94371e+06 1.32889e+06 968248 513589 275144 194701 219613 263123 255029 384153 629978 574945 724228 892197 790586
Ftot
 0.376952 0.560069 1.33535 0.469166 0.0609516 0.494108 0.373983 0.695074 0.676989 0.379007 0.527826 0.480332 0.820888 1.42566 1.53323 0.650414 0.483813 0.361961 0.338923 0.37916 0.144163 0.176898 0.229351 0.265628 0.304335
BD_Bspro_t
 0.946491 0.695583 0.533413 0.26592 0.476613 0.699741 0.610009 0.621091 0.584141 0.606463 0.649035 0.496608 0.37575 0.277593 0.161933 0.161654 0.241626 0.365508 0.449645 0.520764 0.683486 0.778632 0.77548 0.754558 0.704858
BD_Bspro
 1.15765 0.503244 0.382954 0.236415 0.345112 0.705016 0.904984 1.1051 1.09662 1.46777 2.01437 1.46105 0.870827 0.470458 0.204775 0.162443 0.188524 0.238725 0.267452 0.280194 0.50436 0.639087 0.752185 0.921712 1.03585
BD_Bo
 0.809783 0.352021 0.267878 0.165373 0.241407 0.493161 0.633039 0.773018 0.767087 1.02671 1.40906 1.02201 0.609147 0.329087 0.143241 0.113629 0.131873 0.166989 0.187083 0.195997 0.352801 0.447043 0.526156 0.644741 0.724581
BD_Brms
 2.71777 1.18144 0.899042 0.55502 0.810202 1.65513 2.12459 2.59438 2.57447 3.44582 4.72904 3.43004 2.0444 1.10447 0.48074 0.381359 0.442589 0.560443 0.627883 0.657799 1.18406 1.50035 1.76587 2.16386 2.43182
S_f
 0.149849 1 1 1 1
 0.149849 1 1 1 1
 0.149849 1 1 1 1
 0.149849 1 1 1 1
 0.149849 1 1 1 1
 0.149849 1 1 1 1
 0.149849 1 1 1 1
 0.149849 1 1 1 1
 0.149849 1 1 1 1
 0.149849 1 1 1 1
 0.149849 1 1 1 1
 0.149849 1 1 1 1
 0.149849 1 1 1 1
 0.149849 1 1 1 1
 0.149849 1 1 1 1
 0.149849 1 1 1 1
 0.149849 1 1 1 1
 0.149849 1 1 1 1
 0.149849 1 1 1 1
 0.149849 1 1 1 1
 0.149849 1 1 1 1
 0.149849 1 1 1 1
 0.149849 1 1 1 1
 0.149849 1 1 1 1
 0.149849 1 1 1 1
Scru_reclas
 0.999999 1 1 1 1
 0.999999 1 1 1 1
 0.999999 1 1 1 1
 0.999999 1 1 1 1
 0.999999 1 1 1 1
 0.999999 1 1 1 1
 0.999999 1 1 1 1
 0.999999 1 1 1 1
 0.999999 1 1 1 1
 0.999999 1 1 1 1
 0.999999 1 1 1 1
 0.999999 1 1 1 1
 0.999999 1 1 1 1
 0.999999 1 1 1 1
 0.999999 1 1 1 1
 0.999999 1 1 1 1
 0.999999 1 1 1 1
 0.999999 1 1 1 1
 0.999999 1 1 1 1
 0.999999 1 1 1 1
 0.999999 1 1 1 1
 0.999999 1 1 1 1
 0.999999 1 1 1 1
 0.999999 1 1 1 1
 0.999999 1 1 1 1
Scru_pelaces
 1 1 1 1 1
 1 1 1 1 1
 1 1 1 1 1
 1 1 1 1 1
 1 1 1 1 1
 1 1 1 1 1
 1 1 1 1 1
 1 1 1 1 1
 1 1 1 1 1
 1 1 1 1 1
 1 1 1 1 1
 1 1 1 1 1
 1 1 1 1 1
 1 1 1 1 1
 1 1 1 1 1
 1 1 1 1 1
 1 1 1 1 1
 1 1 1 1 1
 1 1 1 1 1
 1 1 1 1 1
 1 1 1 1 1
 1 1 1 1 1
 1 1 1 1 1
 1 1 1 1 1
 1 1 1 1 1
pf_obs 
 0.256992 0.487395 0.22802 0.0275931 0
 0.321318 0.546541 0.124235 0.00734118 0.000564706
 0.182869 0.594174 0.210203 0.0122559 0.00049798
 0.330522 0.361315 0.267642 0.0388342 0.00168674
 0.649043 0.306663 0.0425973 0.00169635 0
 0.582887 0.30429 0.105238 0.00758474 0
 0.465427 0.430635 0.0974691 0.00646863 0
 0.296916 0.608066 0.0921331 0.00288517 0
 0.311714 0.524322 0.152257 0.0117073 0
 0.15457 0.633149 0.183074 0.0267441 0.00246327
 0.131901 0.49318 0.331252 0.0422183 0.00144891
 0.196976 0.569456 0.194076 0.0375587 0.00193317
 0.518974 0.381816 0.0799577 0.0180837 0.00116848
 0.0928022 0.601141 0.25162 0.0475244 0.00691264
 0.122501 0.610282 0.24278 0.0234846 0.000952079
 0.383417 0.481906 0.127806 0.00687128 0
 0.0376549 0.599619 0.316969 0.0457579 0
 0.0361596 0.667082 0.258105 0.0386534 0
 0.158088 0.579412 0.248529 0.0139706 0
 0.0477256 0.309471 0.559284 0.082774 0.000745712
 0.0406174 0.521527 0.379366 0.0568643 0.0016247
 0.151134 0.462217 0.34131 0.0453401 0
 0.294876 0.26143 0.354403 0.0886775 0.000613685
 0.281977 0.475581 0.204845 0.0348837 0.00271318
 0 0 0 0 0
pf_pred 
 0.11798 0.594598 0.254101 0.0333143 6.44965e-06
 0.261209 0.382466 0.24021 0.102654 0.0134612
 0.0822454 0.694746 0.11545 0.0725091 0.0350501
 0.448556 0.301429 0.189263 0.0314509 0.0293014
 0.364285 0.554627 0.0443238 0.0278303 0.00893336
 0.126759 0.696357 0.154322 0.0123328 0.0102293
 0.303828 0.384865 0.248248 0.0550151 0.0080433
 0.278391 0.561139 0.0887123 0.0572219 0.0145351
 0.335885 0.52123 0.111111 0.0175659 0.0142086
 0.330564 0.552747 0.0915836 0.019523 0.00558299
 0.0961967 0.721825 0.150258 0.0248959 0.00682476
 0.0892512 0.436977 0.378379 0.0787647 0.0166279
 0.215373 0.355578 0.205858 0.178252 0.044939
 0.157022 0.619689 0.10119 0.0585828 0.0635156
 0.232052 0.556961 0.155101 0.0253267 0.0305598
 0.300333 0.573808 0.0912803 0.0254195 0.00915922
 0.184247 0.651437 0.134758 0.021437 0.00812076
 0.197206 0.527251 0.220041 0.0455183 0.00998398
 0.187181 0.537883 0.18057 0.0753585 0.0190081
 0.383911 0.397071 0.144935 0.0486555 0.0254276
 0.249459 0.625575 0.080541 0.0293984 0.0150269
 0.204116 0.560203 0.196439 0.025291 0.0139502
 0.229417 0.501485 0.189411 0.0664184 0.0132679
 0.175564 0.568377 0.16664 0.0629401 0.0264792
 0.0141434 0.609056 0.259771 0.0761612 0.0408682
pobs_RECLAS
 0 0 0 0 0
 0 0 0 0 0
 0 0 0 0 0
 0 0 0 0 0
 0.835266 0.146461 0.0176864 0.000547809 3.91292e-05
 0.385257 0.428462 0.181853 0.0044286 0
 0.867414 0.0963971 0.0333333 0.00285562 0
 0.441836 0.489002 0.0689373 0.000224442 0
 0.779404 0.147425 0.0564933 0.0165055 0.000172143
 0.814271 0.122319 0.05973 0.00367925 0
 0.40263 0.566651 0.0304383 0.000280538 0
 0.475488 0.404961 0.113038 0.00651328 0
 0.955842 0.0263864 0.0167828 0.000988607 0
 0.975058 0.0227948 0.00214734 0 0
 0.738997 0.206755 0.0527124 0.00153531 0
 0.850938 0.134255 0.0134407 0.00136685 0
 0.542534 0.407297 0.0501686 0 0
 0.764087 0.199537 0.0359546 0.000420521 0
 0.470689 0.182191 0.310203 0.0369168 0
 0.84361 0.089868 0.0606195 0.00523954 0.000663233
 0.607945 0.314616 0.071237 0.00620181 0
 0.523733 0.453247 0.0230204 0 0
 0.530135 0.295979 0.169645 0.0042399 0
 0.562478 0.366248 0.0663022 0.0049721 0
 0.250443 0.683176 0.0655157 0.000865301 0
ppred_RECLAS
 0.477655 0.352129 0.150482 0.0197292 3.81957e-06
 0.710592 0.149824 0.0940981 0.0402128 0.00527317
 0.405979 0.449677 0.0747255 0.0469319 0.0226863
 0.848558 0.0827808 0.0519769 0.0086373 0.00804696
 0.793222 0.180403 0.0144171 0.00905231 0.00290574
 0.50052 0.398305 0.0882696 0.00705419 0.00585098
 0.748926 0.138801 0.0895305 0.0198411 0.00290081
 0.7308 0.209336 0.0330946 0.0213469 0.00542239
 0.780333 0.172405 0.0367517 0.0058102 0.00469971
 0.771498 0.188672 0.0312607 0.00666388 0.00190567
 0.424284 0.459797 0.095713 0.0158585 0.00434732
 0.403235 0.286328 0.247932 0.0516103 0.0108954
 0.661909 0.153216 0.0887028 0.0768078 0.0193639
 0.590173 0.301272 0.0491951 0.0284809 0.0308791
 0.703787 0.214831 0.0598256 0.00976901 0.0117875
 0.750431 0.204675 0.0325593 0.00906702 0.00326706
 0.609039 0.312211 0.0645848 0.010274 0.00389199
 0.626502 0.245302 0.102374 0.0211773 0.00464502
 0.610851 0.257519 0.0864505 0.036079 0.00910042
 0.809915 0.12251 0.0447177 0.015012 0.00784532
 0.690945 0.257597 0.0331648 0.0121055 0.0061877
 0.63351 0.257964 0.0904568 0.011646 0.00642379
 0.668162 0.215956 0.0815667 0.028602 0.00571359
 0.590802 0.282106 0.0827096 0.0312395 0.0131426
 0.0888697 0.562891 0.240081 0.0703883 0.0377705
pobs_PELACES
 0 0 0 0 0
 0 0 0 0 0
 0 0 0 0 0
 0 0 0 0 0
 0 0 0 0 0
 0 0 0 0 0
 0 0 0 0 0
 0 0 0 0 0
 0 0 0 0 0
 0 0 0 0 0
 0.450072 0.473896 0.0757376 0.000293798 0
 0 0 0 0 0
 0.463077 0.371075 0.160297 0.00555027 0
 0.529543 0.364841 0.0842815 0.0213345 0
 0.631943 0.363953 0.00410389 0 0
 0.735681 0.248677 0.0153453 0.000297389 0
 0.695825 0.281241 0.0229344 0 0
 0.275771 0.60734 0.115278 0.00161068 0
 0 0 0 0 0
 0.896147 0.0623911 0.0374545 0.00400742 0
 0.803859 0.145111 0.0509908 3.86294e-05 0
 0.739449 0.233085 0.0266225 0.000797448 4.60066e-05
 0.878498 0.100942 0.0204185 0.000141795 0
 0.694673 0.275183 0.0284847 0.00165964 0
 0 0 0 0 0
ppred_PELACES
 0.504079 0.334316 0.14287 0.0187312 3.62635e-06
 0.741808 0.133664 0.0839484 0.0358753 0.00470439
 0.498505 0.379635 0.0630861 0.0396217 0.0191527
 0.864709 0.0739526 0.0464338 0.00771617 0.0071888
 0.796013 0.177968 0.0142225 0.00893013 0.00286652
 0.535118 0.370716 0.0821554 0.00656556 0.0054457
 0.768136 0.128181 0.0826805 0.0183231 0.00267887
 0.767401 0.180875 0.0285951 0.0184446 0.00468517
 0.811156 0.148214 0.0315949 0.00499493 0.00404027
 0.7897 0.173642 0.0287705 0.00613304 0.00175387
 0.460798 0.430635 0.0896425 0.0148527 0.00407159
 0.43604 0.270588 0.234302 0.0487732 0.0102964
 0.711384 0.130795 0.0757224 0.0655681 0.0165303
 0.682363 0.233501 0.0381288 0.0220742 0.0239329
 0.785084 0.15587 0.0434062 0.00708786 0.00855239
 0.783026 0.177944 0.0283069 0.00788284 0.00284037
 0.640839 0.286816 0.0593315 0.00943834 0.00357542
 0.649943 0.229907 0.0959487 0.0198482 0.0043535
 0.633201 0.242729 0.0814853 0.0340068 0.00857775
 0.825754 0.112302 0.0409915 0.013761 0.00719158
 0.699515 0.250454 0.0322453 0.0117699 0.00601613
 0.644954 0.249908 0.087632 0.0112824 0.0062232
 0.682271 0.206774 0.0780986 0.0273858 0.00547066
 0.608689 0.269775 0.0790942 0.0298739 0.0125681
 0.0960302 0.558467 0.238194 0.0698351 0.0374736
pobs_pel_tallas
 0 0 0 0 0 0 0 0 0 0 0 0 0 0 0 0 0 0 0 0 0 0 0 0 0 0 0 0 0 0 0 0 0 0 0 0
 0 0 0 0 0 0 0 0 0 0 0 0 0 0 0 0 0 0 0 0 0 0 0 0 0 0 0 0 0 0 0 0 0 0 0 0
 0 0 0 0 0 0 0 0 0 0 0 0 0 0 0 0 0 0 0 0 0 0 0 0 0 0 0 0 0 0 0 0 0 0 0 0
 0 0 0 0 0 0 0 0 0 0 0 0 0 0 0 0 0 0 0 0 0 0 0 0 0 0 0 0 0 0 0 0 0 0 0 0
 0 0 0 0 0 0 0 0 0 0 0 0 0 0 0 0 0 0 0 0 0 0 0 0 0 0 0 0 0 0 0 0 0 0 0 0
 0 0 0 0 0 0 0 0 0 0 0 0 0 0 0 0 0 0 0 0 0 0 0 0 0 0 0 0 0 0 0 0 0 0 0 0
 0 0 0 0 0 0 0 0 0 0 0 0 0 0 0 0 0 0 0 0 0 0 0 0 0 0 0 0 0 0 0 0 0 0 0 0
 0 0 0 0 0 0 0 0 0 0 0 0 0 0 0 0 0 0 0 0 0 0 0 0 0 0 0 0 0 0 0 0 0 0 0 0
 0 0 0 0 0 0 0 0 0 0 0 0 0 0 0 0 0 0 0 0 0 0 0 0 0 0 0 0 0 0 0 0 0 0 0 0
 0 0 0 0 0 0 0 0 0 0 0 0 0 0 0 0 0 0 0 0 0 0 0 0 0 0 0 0 0 0 0 0 0 0 0 0
 0 0 0 0 0 0 0 0 1.78061e-05 0.00172719 0.00360574 0.0105946 0.0120993 0.0124554 0.0147524 0.0171206 0.0266825 0.0428682 0.0675386 0.121331 0.153587 0.119568 0.100827 0.0573624 0.0630603 0.0341343 0.0324427 0.0444173 0.0211091 0.0280891 0.0125444 0.00206551 0 0 0 0
 0 0 0 0 0 0 0 0 0 0 0 0 0 0 0 0 0 0 0 0 0 0 0 0 0 0 0 0 0 0 0 0 0 0 0 0
 0 0 0 0 0 0 0.0133647 0.0140871 0.0187388 0.0205184 0.03894 0.0496705 0.03968 0.0493445 0.0407372 0.0367815 0.0215668 0.0243155 0.0234873 0.0199281 0.019796 0.0243948 0.0301388 0.0376714 0.0412746 0.0863199 0.0771752 0.113111 0.0741005 0.0525337 0.0229764 0.00759418 0.00175318 0 0 0
 0 0 0 0 0 0 0 0 0 0 0.00219441 0.00772107 0.0458388 0.0604681 0.0671733 0.0775358 0.0609151 0.0617685 0.073594 0.0568108 0.0755445 0.0548602 0.0670107 0.0636378 0.0643287 0.046367 0.0373049 0.0286899 0.0247887 0.0153202 0.00654259 0.00121912 0.000365735 0 0 0
 0 0 0 0 0 0 0 0 0 0 0 0 0.000112435 0.00938835 0.0111873 0.0202946 0.0414886 0.0713402 0.111592 0.104902 0.108894 0.110636 0.117776 0.105296 0.107544 0.0401394 0.0192827 0.0124803 0.00416011 0.0028671 0.000618394 0 0 0 0 0
 0 0 0 0 0 0 0 0 0 0 0.00291406 0.0102884 0.027416 0.0768956 0.0749926 0.110853 0.0956884 0.0897413 0.0766577 0.0534642 0.0500743 0.0551293 0.0594112 0.0620874 0.0668451 0.0424026 0.0208742 0.0120726 0.0048766 0.00582813 0.00118941 0.000297354 0 0 0 0
 0 0.00264628 0.0354308 0.0461629 0.0458689 0.0383711 0.0214643 0.0164657 0.0346957 0.0420465 0.0363128 0.0245516 0.0311673 0.0291091 0.0169068 0.0133784 0.00837989 0.0085269 0.0148486 0.0160247 0.0276389 0.0546898 0.0760071 0.122758 0.109233 0.0665981 0.0333725 0.0166128 0.00676272 0.00308733 0.000882094 0 0 0 0 0
 0 0 0 0 0 0 0 0.000805153 0.000690131 0.00759144 0.0133425 0.0154129 0.00931677 0.000345066 0.00356568 0.00563607 0.00851162 0.0253048 0.0502646 0.0516448 0.0657925 0.0565908 0.0611916 0.0827007 0.0866115 0.110766 0.145733 0.0935128 0.0569358 0.0249597 0.0138026 0.00621118 0.00161031 0.00115022 0 0
 0 0 0 0 0 0 0 0 0 0 0 0 0 0 0 0 0 0 0 0 0 0 0 0 0 0 0 0 0 0 0 0 0 0 0 0
 0.00147267 0.00158595 0.00478618 0.00569244 0.00954404 0.0108468 0.00647125 0.017049 0.0510054 0.094081 0.124002 0.0959785 0.0687766 0.0820023 0.061753 0.0591476 0.0492212 0.0479892 0.0443925 0.0268479 0.0217502 0.0140895 0.0121071 0.0120363 0.00920419 0.00665534 0.0049561 0.00860946 0.00930331 0.0156896 0.0114698 0.00855282 0.00243557 0.00046729 0 2.83206e-05
 0 0 0 0 0.000772559 0.00158375 0.000888443 0.00281984 0.00712685 0.0440552 0.0773331 0.111326 0.0921469 0.0852325 0.0710754 0.0886704 0.0786465 0.0553345 0.0373146 0.0185414 0.00753245 0.00457741 0.012979 0.0271748 0.0457355 0.0583668 0.034881 0.0177882 0.00938659 0.00492506 0.0015258 0.00185414 0.000309023 5.79419e-05 3.86279e-05 0
 0 0.00173294 0.00326652 0 0.00397197 0.00683976 0.00946217 0.0152591 0.00757587 0.0136028 0.0228656 0.0392903 0.0559909 0.0764795 0.0681675 0.0726916 0.0566044 0.0477403 0.0527397 0.0444891 0.0609904 0.0582453 0.0661739 0.0445044 0.0529084 0.0360697 0.0280645 0.0235558 0.0158879 0.00826598 0.00280645 0.00217768 0.000904811 0.00058276 9.20147e-05 0
 0 0 0 0 0 0 0 0 0 0 0 0 0 0 0 0 0 0 0 0 0 0 0 0 0 0 0 0 0 0 0 0 0 0 0 0
 0 0 0 0 0 0 0 0 0 0 0 0 0 0 0 0 0 0 0 0 0 0 0 0 0 0 0 0 0 0 0 0 0 0 0 0
 0 0 0 0 0 0 0 0 0 0 0 0 0 0 0 0 0 0 0 0 0 0 0 0 0 0 0 0 0 0 0 0 0 0 0 0
ppred_pel_tallas
 1.02781e-16 2.20067e-05 0.000129129 0.00061375 0.00236286 0.00736824 0.0186118 0.0380841 0.0631355 0.0848101 0.0923451 0.0815856 0.0586869 0.0348264 0.0179812 0.0097649 0.00788511 0.00959724 0.0131892 0.0178237 0.0229964 0.0282182 0.0329497 0.036666 0.0389618 0.0396369 0.0387307 0.0364932 0.0333072 0.0295899 0.0257086 0.021931 0.0184164 0.0152364 0.0124086 0.00992621
 1.02688e-16 3.23645e-05 0.000189957 0.000902977 0.00347652 0.0108412 0.027384 0.0560311 0.0928768 0.124728 0.135722 0.119698 0.0856456 0.0499062 0.0240778 0.0103676 0.00523506 0.00451932 0.00567998 0.0076175 0.00990372 0.0122981 0.0145815 0.0165423 0.0180082 0.0188772 0.0191321 0.0188308 0.0180798 0.0170011 0.0157047 0.0142742 0.0127671 0.0112236 0.00967784 0.00816572
 1.03276e-16 2.17652e-05 0.000127707 0.000606986 0.0023368 0.00728697 0.0184066 0.0376645 0.0624411 0.0838811 0.0913434 0.0807241 0.058118 0.0345901 0.0180435 0.0100894 0.00847287 0.0104832 0.0144148 0.0194059 0.0249018 0.0303478 0.0351368 0.0386938 0.0405972 0.0406755 0.0390411 0.0360476 0.0321901 0.027982 0.02385 0.0200752 0.0167856 0.0139888 0.0116231 0.00960459
 1.01285e-16 3.77211e-05 0.00022141 0.00105252 0.00405233 0.0126369 0.0319196 0.0653107 0.108256 0.145373 0.158165 0.139441 0.0996608 0.057848 0.0274867 0.0111071 0.00453777 0.00289201 0.00319313 0.00417744 0.00540483 0.00669303 0.00791077 0.00893915 0.00968312 0.0100882 0.0101485 0.00990097 0.00941059 0.00875131 0.00798983 0.00717694 0.00634677 0.00552131 0.00471672 0.00394793
 1.00701e-16 3.47298e-05 0.000203839 0.000968966 0.00373058 0.0116335 0.0293853 0.0601261 0.0996654 0.133847 0.14565 0.128467 0.0919477 0.0536339 0.0259771 0.0113512 0.00595757 0.00532294 0.00669871 0.00886497 0.0113056 0.0136956 0.0157363 0.0171568 0.0177648 0.0174913 0.0164063 0.0146971 0.0126199 0.0104381 0.00837042 0.00656022 0.00507042 0.00389851 0.00300152 0.00232064
 1.01768e-16 2.33615e-05 0.000137079 0.000651542 0.00250835 0.00782196 0.0197579 0.0404293 0.0670236 0.0900336 0.0980343 0.0866156 0.0623129 0.0369931 0.0191249 0.0104208 0.00844274 0.0102675 0.0140604 0.0189069 0.024239 0.0295032 0.0340977 0.0374518 0.0391459 0.0390062 0.0371414 0.0339025 0.0297863 0.0253158 0.0209353 0.01695 0.0135138 0.0106569 0.00833164 0.00645671
 1.01971e-16 3.35123e-05 0.000196696 0.000935016 0.00359988 0.0112259 0.0283557 0.0580192 0.096172 0.129152 0.140533 0.123935 0.0886619 0.0516336 0.0248542 0.0106031 0.00520763 0.00435298 0.00540456 0.00722339 0.00937033 0.0116052 0.0137135 0.0154897 0.0167678 0.0174516 0.0175295 0.017065 0.0161711 0.0149775 0.0136031 0.01214 0.0106521 0.00918215 0.00776204 0.00642003
 1.01318e-16 3.34823e-05 0.000196515 0.000934145 0.00359651 0.0112154 0.0283292 0.0579654 0.0960841 0.129038 0.14042 0.123861 0.0886657 0.0517493 0.0251207 0.0110745 0.00595588 0.005459 0.0069391 0.00922176 0.0118064 0.014372 0.016618 0.0182684 0.0191225 0.0190998 0.0182561 0.0167633 0.0148616 0.0128001 0.0107867 0.00895907 0.00738061 0.00605593 0.00495473 0.00403471
 1.00858e-16 3.53889e-05 0.000207712 0.000987382 0.0038015 0.0118546 0.0299439 0.0612688 0.101559 0.136387 0.148406 0.130881 0.0936369 0.0545423 0.0262737 0.0112375 0.00555125 0.00465007 0.00573698 0.00758732 0.00970974 0.0118211 0.0136702 0.015028 0.0157269 0.0156979 0.014984 0.0137244 0.0121162 0.0103659 0.00864834 0.00708256 0.00572751 0.00459344 0.00366042 0.00289635
 1.00758e-16 3.44544e-05 0.000202223 0.000961282 0.003701 0.0115412 0.0291522 0.0596492 0.0988749 0.132785 0.144494 0.127447 0.091216 0.0532041 0.0257636 0.0112496 0.00589443 0.0052616 0.00662714 0.00878497 0.0112283 0.0136404 0.0157291 0.0172273 0.0179419 0.0177968 0.0168498 0.0152725 0.0133041 0.0111945 0.00915397 0.00732426 0.00577351 0.00450959 0.00350265 0.00270722
 1.02114e-16 2.01233e-05 0.000118063 0.000561122 0.00216019 0.00673622 0.0170155 0.0348186 0.0577256 0.0775536 0.0844723 0.0746976 0.0538788 0.032267 0.017198 0.0101969 0.00921457 0.0117692 0.0162848 0.0219299 0.0281161 0.0342173 0.0395383 0.0434179 0.0453705 0.0451968 0.0430254 0.0392658 0.0344966 0.0293247 0.0242651 0.0196691 0.0157121 0.0124254 0.0097503 0.00759018
 1.05572e-16 1.90375e-05 0.000111702 0.000530915 0.00204394 0.00637373 0.0160997 0.0329437 0.0546137 0.0733625 0.0798799 0.0705716 0.0507621 0.0301206 0.01555 0.00845192 0.00685507 0.00840594 0.0116553 0.0159221 0.0208218 0.0259841 0.0309836 0.0353825 0.0388079 0.0410188 0.0419379 0.0416385 0.0402976 0.0381365 0.0353703 0.0321809 0.028716 0.0251009 0.0214543 0.017895
 1.04143e-16 3.10377e-05 0.000182168 0.000865947 0.00333395 0.0103966 0.026261 0.0537332 0.089068 0.119614 0.130157 0.114794 0.0821421 0.0478767 0.0231215 0.00999644 0.00511005 0.00447692 0.00566624 0.00762927 0.009961 0.0124358 0.0148475 0.0169954 0.0187136 0.0199001 0.020529 0.0206402 0.0203144 0.0196419 0.0186993 0.0175395 0.0161961 0.0146953 0.0130697 0.0113654
 1.02495e-16 2.97763e-05 0.000174753 0.000830676 0.00319811 0.00997299 0.0251911 0.0515449 0.0854437 0.114755 0.124895 0.11021 0.0789862 0.0462875 0.0228202 0.010659 0.00658783 0.00680345 0.00895941 0.0119863 0.0153783 0.0187568 0.0217432 0.0239846 0.025223 0.0253528 0.0244418 0.0227043 0.0204398 0.0179574 0.015512 0.0132685 0.0112989 0.00960287 0.0081401 0.00685977
 1.01311e-16 3.42524e-05 0.000201038 0.000955655 0.00367934 0.0114737 0.0289816 0.0593 0.0982956 0.132006 0.143642 0.126688 0.090655 0.0528413 0.0255221 0.0110333 0.00562486 0.00488532 0.00611122 0.00811605 0.0104168 0.0127257 0.0147815 0.0163428 0.0172298 0.0173631 0.0167783 0.0156098 0.0140522 0.012311 0.0105611 0.0089228 0.00745801 0.00618202 0.0050823 0.00413592
 1.00864e-16 3.41635e-05 0.000200515 0.000953161 0.00366973 0.0114437 0.0289059 0.0591453 0.0980398 0.131664 0.143275 0.126376 0.0904565 0.0527757 0.0255836 0.0112179 0.00594533 0.00536889 0.00678788 0.0090043 0.0115107 0.0139857 0.0161309 0.0176732 0.018415 0.0182791 0.0173244 0.0157265 0.0137301 0.0115897 0.00951933 0.00766238 0.00608694 0.0047997 0.00376927 0.00294897
 1.01428e-16 2.7968e-05 0.000164131 0.000780167 0.00300362 0.00936646 0.0236591 0.0484108 0.0802504 0.107787 0.117327 0.10357 0.0743118 0.043718 0.0218694 0.0107443 0.00735192 0.00814025 0.0109056 0.0146136 0.0187242 0.0227854 0.0263279 0.0289107 0.0302102 0.0300941 0.0286482 0.0261456 0.0229717 0.0195308 0.0161655 0.0131097 0.0104796 0.00829552 0.00651792 0.00508207
 1.02323e-16 2.83627e-05 0.000166454 0.00079122 0.0030462 0.00949924 0.0239944 0.0490965 0.0813854 0.109306 0.118967 0.104987 0.0752603 0.0441392 0.0218279 0.0103108 0.00653523 0.00688983 0.00915028 0.0123058 0.0158768 0.0194975 0.0227931 0.0254036 0.0270515 0.0275986 0.0270706 0.0256355 0.0235508 0.0210964 0.0185166 0.0159876 0.0136128 0.011437 0.00947118 0.00771298
 1.02806e-16 2.76332e-05 0.00016217 0.000770851 0.00296777 0.00925465 0.0233766 0.0478325 0.0792907 0.106495 0.115912 0.102301 0.0733572 0.0430685 0.0213829 0.0102415 0.00667798 0.00717916 0.00957791 0.0128817 0.0166069 0.0203734 0.0237892 0.0264795 0.028159 0.0286914 0.0281134 0.0266112 0.0244618 0.0219607 0.0193606 0.0168365 0.0144826 0.0123306 0.0103772 0.00860931
 1.01428e-16 3.6024e-05 0.000211443 0.00100513 0.00386985 0.0120678 0.0304822 0.0623701 0.103383 0.138833 0.151059 0.1332 0.0952514 0.0553919 0.0265138 0.0110513 0.00503831 0.00382012 0.00455378 0.00601426 0.00774243 0.00950747 0.0111182 0.0123995 0.0132181 0.0135093 0.0132874 0.0126353 0.0116779 0.0105489 0.0093628 0.00819929 0.00710189 0.00608628 0.00515308 0.00429878
 1.01225e-16 3.0525e-05 0.000179146 0.000851559 0.00327851 0.0102237 0.0258244 0.0528408 0.0875921 0.117642 0.128038 0.112988 0.0809879 0.0474812 0.0234467 0.0110134 0.0068861 0.00716447 0.00943716 0.012596 0.0161043 0.0195511 0.0225244 0.0246427 0.025631 0.0253849 0.0239928 0.0217073 0.0188776 0.0158652 0.0129721 0.0103986 0.0082363 0.00648894 0.00510586 0.00401527
 1.02004e-16 2.8146e-05 0.00016518 0.000785159 0.00302285 0.00942644 0.0238105 0.0487204 0.0807626 0.108472 0.118064 0.104201 0.0747218 0.0438734 0.0217891 0.0104463 0.00682317 0.0073398 0.00978587 0.0131454 0.0169189 0.0207103 0.0241116 0.0267332 0.02828 0.0286139 0.0277794 0.0259793 0.0235144 0.0207075 0.017838 0.0151036 0.0126145 0.0104097 0.00848498 0.00681827
 1.02373e-16 2.97714e-05 0.000174726 0.000830553 0.00319765 0.00997154 0.0251874 0.0515371 0.0854302 0.114735 0.124868 0.110173 0.0789327 0.0462016 0.0226774 0.0104265 0.00622717 0.00627542 0.00823291 0.01105 0.0142526 0.0175026 0.0204628 0.0228119 0.0243032 0.0248158 0.024375 0.0231335 0.0213219 0.0191887 0.0169483 0.014752 0.0126847 0.0107799 0.00904203 0.00746655
 1.02825e-16 2.65654e-05 0.000155898 0.000741031 0.00285294 0.00889658 0.0224722 0.0459822 0.0762246 0.10238 0.111442 0.098376 0.0705878 0.0415329 0.020788 0.0102351 0.00703818 0.00783034 0.0105281 0.0141614 0.0182312 0.022322 0.0259989 0.028847 0.0305538 0.0309761 0.0301663 0.0283446 0.0258326 0.022971 0.0200488 0.0172641 0.0147191 0.0124415 0.0104164 0.00861562
 1.07714e-16 4.22308e-06 2.47022e-05 0.000117248 0.00045112 0.00140651 0.00355333 0.00727502 0.0120761 0.0162691 0.0178391 0.016057 0.0121963 0.00853667 0.00680019 0.00753607 0.0105532 0.0155177 0.0221587 0.0301649 0.0390403 0.0480627 0.0563601 0.0630684 0.0675131 0.0693508 0.0686247 0.0657152 0.0612116 0.0557527 0.0498915 0.0440212 0.0383676 0.03303 0.0280403 0.0234127
pSPR Fmed_Fpbrs
0.551317   0.347959 0.347959
Fs Fmed_Fpbrs
0.43341   1.005 1.005
SSBpbr Bo_Bmed_Bpbrs
911766  457083  271669 271669
Ro
30946
SPR SPRFo_SPRFmed_SPRFpbrs
637783 351620 221922
log_Ro
10.16
likeval ReclasPelacesDesembMPH_pf_preclas_ppelaces_ptallas_desvR_qrecl_qpela
 83.3019 58.0691 0.026846 0.000724854 290.074 191.981 70.2793 0 25.9413 2.14435e-05 0 0 0 0 0
q_reclas_q_pelaces
0.518824 1
M
0.7
N
 21667.2 18749.1 8012.41 1050.48 0.203373
 38011.2 10168.7 6386.53 2729.28 357.896
 8882.67 17356.3 2884.2 1811.44 875.63
 30323.2 3611.06 2267.33 376.776 351.024
 60136.3 14035.8 1121.69 704.292 226.074
 30140.7 29591.3 6557.82 524.077 434.687
 63973.1 13899.2 8965.39 1986.85 290.481
 78035.6 30036.8 4748.61 3062.98 778.038
 118524 34918.2 7443.55 1176.78 951.861
 185098 53179.2 8811.16 1878.28 537.134
 64029.5 86842 18077.3 2995.2 821.08
 33732.2 29378.1 25438.5 5295.38 1117.9
 47504.1 15587.6 9024.27 7814.12 1970.01
 22291.3 20859.5 3406.17 1971.96 2138.01
 15263.3 8940.24 2489.65 406.539 490.541
 16750.8 6023.67 958.233 266.846 96.1508
 11983.5 7545.74 1560.93 248.31 94.0645
 12119.7 5534.66 2309.82 477.816 104.804
 11708.1 5700.72 1913.76 798.683 201.457
 31095.3 5526.18 2017.12 677.156 353.885
 36804.7 14588.6 1878.24 685.58 350.431
 40743.1 17886.1 6271.89 807.488 445.399
 55298.4 19703.1 7441.89 2609.55 521.29
 49633.3 26532.6 7778.99 2938.13 1236.09
 3285.69 23685.4 10102.1 2961.8 1589.31
pred_Ctot
 858.582 4327.11 1849.19 242.44 0.0469364
 2211.28 3237.79 2033.52 869.022 113.956
 1171.93 9899.55 1645.07 1033.2 499.435
 1486.52 998.942 627.221 104.229 97.1053
 393.415 598.978 47.8682 30.0558 9.64772
 1553.59 8534.76 1891.41 151.155 125.373
 2515.51 3186.44 2055.34 455.49 66.5934
 5584.66 11256.7 1779.61 1147.9 291.581
 8271.24 12835.4 2736.13 432.564 349.889
 7373.65 12329.7 2042.89 435.485 124.536
 3517.83 26396.5 5494.8 910.423 249.576
 1691.76 8282.92 7172.19 1492.99 315.183
 3982.38 6574.84 3806.43 3295.99 830.948
 3121.87 12320.5 2011.83 1164.72 1262.8
 2283.21 5480.07 1526.07 249.195 300.685
 1125.02 2149.43 341.927 95.219 34.3096
 605.221 2139.87 442.659 70.4173 26.6754
 461.606 1234.15 515.058 106.546 23.3699
 418.18 1201.68 403.411 168.358 42.466
 1239.22 1281.69 467.833 157.054 82.077
 566.37 1420.3 182.86 66.7459 34.1169
 767.682 2106.93 738.809 95.1196 52.4666
 1346.22 2942.72 1111.47 389.744 77.8562
 1396.09 4519.76 1325.13 500.502 210.564
 105.618 4548.25 1939.89 568.749 305.192
F
 0.0564859 0.376952 0.376952 0.376952 0.376952
 0.0839258 0.560069 0.560069 0.560069 0.560069
 0.200101 1.33535 1.33535 1.33535 1.33535
 0.0703041 0.469166 0.469166 0.469166 0.469166
 0.00913354 0.0609516 0.0609516 0.0609516 0.0609516
 0.0740416 0.494108 0.494108 0.494108 0.494108
 0.0560409 0.373983 0.373983 0.373983 0.373983
 0.104156 0.695074 0.695074 0.695074 0.695074
 0.101446 0.676989 0.676989 0.676989 0.676989
 0.0567939 0.379007 0.379007 0.379007 0.379007
 0.0790941 0.527826 0.527826 0.527826 0.527826
 0.0719773 0.480332 0.480332 0.480332 0.480332
 0.123009 0.820888 0.820888 0.820888 0.820888
 0.213634 1.42566 1.42566 1.42566 1.42566
 0.229753 1.53323 1.53323 1.53323 1.53323
 0.0974638 0.650414 0.650414 0.650414 0.650414
 0.0724989 0.483813 0.483813 0.483813 0.483813
 0.0542394 0.361961 0.361961 0.361961 0.361961
 0.0507872 0.338923 0.338923 0.338923 0.338923
 0.0568168 0.37916 0.37916 0.37916 0.37916
 0.0216027 0.144163 0.144163 0.144163 0.144163
 0.026508 0.176898 0.176898 0.176898 0.176898
 0.0343681 0.229351 0.229351 0.229351 0.229351
 0.0398041 0.265628 0.265628 0.265628 0.265628
 0.0456042 0.304335 0.304335 0.304335 0.304335
nmprior
 10 11 7 0
nm_flota  nm_reclas  nm_pelaces    nm_pelaL
inf 25.1823 20.8944 38.3739
cv_recla  cv_pelaces  cv_mph
0.825567 0.896679 0.873501
 ------------------------------------------------
Talla a la edad & desviación 
 7.2 14.2025 17.0495 18.207 18.6776
 1.08 2.13037 2.55742 2.73105 2.80164
