years
 1997 1998 1999 2000 2001 2002 2003 2004 2005 2006 2007 2008 2009 2010 2011 2012 2013 2014 2015 2016 2017 2018 2019 2020 2021
reclasobs
 0 0 0 370054 412103 1.49427e+06 250295 1.28982e+06 931140 785840 897777 1.04006e+06 184774 17550 25797 100020 73551 82996 120727 218422 84188 347160 605670 569463 516374
reclaspred
 1.24414e+06 249904 531576 164728 217875 309505 718805 419747 659134 1.23857e+06 1.32959e+06 821783 444054 205441 131187 119575 122421 145542 131033 211062 414142 377243 510789 434991 273549
pelacesobs
 0 0 0 0 0 0 0 0 0 2.06254e+06 1.5e+06 0 1.87456e+06 323000 250000 174000 83755 137374 0 501740 490994 745055 786931 1.00524e+06 0
pelacespred
 712349 245938 145474 115840 127273 126581 374260 242402 369584 717686 683083 437703 241189 88301.6 54802.6 56989.6 60480.9 71904.7 67238.5 105447 226070 226044 230733 225636 135540
mphobs
 0 0 0 0 0 112323 0 153150 637223 0 255016 313432 73983 77613 109348 50772 0 0 0 0 0 0 0 0 0
mphpred
 951316 444432 373855 221228 130910 283950 401384 556037 399503 833951 1.38786e+06 887107 494628 268311 124242 102869 103681 118183 124557 128001 291951 376428 383439 418026 340084
desembarqueobs
 350755 77701 442110 56441 14545 235359 269955 359681 431902 328805 639364 411747 362871 311530 167758 66681 60226 58785 57116 71774 51957 67425 138520 160799 200461
desembarquepred
 350982 77710.6 441812 56476.6 14571.9 235606 269827 359121 431544 328610 638282 410749 362884 311581 167572 66626.3 60286.6 58897.5 57168.5 71608.4 51883.7 67359.4 138518 160863 200541
Reclutas
 36150.2 54213 2116.78 4323.78 45443.3 32060 70258.3 29214.9 139683 230844 34622.7 26744.9 52583.4 28421.6 18879.9 14570.6 10142.3 10231 8556.36 34308 35300.1 27725.1 43937.8 21663.6 545.05
log_desv_Rt
 0.455438 0.860675 -2.38235 -1.66812 0.684221 0.335363 1.11993 0.242432 1.80713 2.3095 0.412265 0.154099 0.830155 0.214904 -0.194148 -0.453238 -0.815529 -0.806824 -0.98557 0.403133 0.431642 0.190094 0.650531 -0.0566128 -3.73912
SSB
 951316 444432 373855 221228 130910 283950 401384 556037 399503 833951 1.38786e+06 887107 494628 268311 124242 102869 103681 118183 124557 128001 291951 376428 383439 418026 340084
BT
 2.09567e+06 606089 499383 282904 357339 438576 1.30329e+06 904366 1.53072e+06 2.23323e+06 1.87626e+06 1.23221e+06 914559 489585 278559 183122 188158 210621 188155 341131 584449 505080 580574 584883 426436
Ftot
 0.271825 0.299444 0.762023 0.328474 0.0653544 0.706784 0.360756 0.788168 0.621528 0.256734 0.455029 0.473123 0.757231 1.3158 1.14269 0.527084 0.468146 0.387006 0.415766 0.326988 0.12197 0.173161 0.261483 0.353866 0.678252
BD_Bspro_t
 0.960243 0.768203 0.639253 0.338086 0.343882 0.597075 0.523331 0.546254 0.443609 0.568949 0.650333 0.466346 0.33783 0.250696 0.151168 0.150186 0.198428 0.284258 0.347689 0.416414 0.635051 0.737315 0.712746 0.663904 0.52689
BD_Bspro
 2.01345 0.940634 0.791258 0.468225 0.277069 0.600975 0.849523 1.17685 0.845543 1.76505 2.93739 1.87755 1.04687 0.567876 0.262956 0.217722 0.21944 0.250133 0.263622 0.270912 0.617911 0.796705 0.811544 0.884746 0.719782
BD_Bo
 1.0452 0.48829 0.410748 0.243059 0.143829 0.311971 0.440994 0.610909 0.438928 0.916249 1.52482 0.97465 0.54344 0.294789 0.136502 0.113021 0.113913 0.129846 0.136848 0.140632 0.320762 0.413576 0.421279 0.459279 0.373644
BD_Brms
 5.10631 2.38554 2.00671 1.18747 0.702676 1.52414 2.15448 2.9846 2.14438 4.47634 7.44952 4.76166 2.65498 1.44019 0.666884 0.552165 0.556522 0.634363 0.668574 0.687061 1.56709 2.02053 2.05816 2.24381 1.82544
S_f
 0.5 1 1 1 1
 0.5 1 1 1 1
 0.5 1 1 1 1
 0.5 1 1 1 1
 0.5 1 1 1 1
 0.5 1 1 1 1
 0.5 1 1 1 1
 0.5 1 1 1 1
 0.5 1 1 1 1
 0.5 1 1 1 1
 0.5 1 1 1 1
 0.5 1 1 1 1
 0.5 1 1 1 1
 0.5 1 1 1 1
 0.5 1 1 1 1
 0.5 1 1 1 1
 0.5 1 1 1 1
 0.5 1 1 1 1
 0.5 1 1 1 1
 0.5 1 1 1 1
 0.5 1 1 1 1
 0.5 1 1 1 1
 0.5 1 1 1 1
 0.5 1 1 1 1
 0.5 1 1 1 1
Scru_reclas
 0.5 1 1 1 1
 0.5 1 1 1 1
 0.5 1 1 1 1
 0.5 1 1 1 1
 0.5 1 1 1 1
 0.5 1 1 1 1
 0.5 1 1 1 1
 0.5 1 1 1 1
 0.5 1 1 1 1
 0.5 1 1 1 1
 0.5 1 1 1 1
 0.5 1 1 1 1
 0.5 1 1 1 1
 0.5 1 1 1 1
 0.5 1 1 1 1
 0.5 1 1 1 1
 0.5 1 1 1 1
 0.5 1 1 1 1
 0.5 1 1 1 1
 0.5 1 1 1 1
 0.5 1 1 1 1
 0.5 1 1 1 1
 0.5 1 1 1 1
 0.5 1 1 1 1
 0.5 1 1 1 1
Scru_pelaces
 0.5 1 1 1 1
 0.5 1 1 1 1
 0.5 1 1 1 1
 0.5 1 1 1 1
 0.5 1 1 1 1
 0.5 1 1 1 1
 0.5 1 1 1 1
 0.5 1 1 1 1
 0.5 1 1 1 1
 0.5 1 1 1 1
 0.5 1 1 1 1
 0.5 1 1 1 1
 0.5 1 1 1 1
 0.5 1 1 1 1
 0.5 1 1 1 1
 0.5 1 1 1 1
 0.5 1 1 1 1
 0.5 1 1 1 1
 0.5 1 1 1 1
 0.5 1 1 1 1
 0.5 1 1 1 1
 0.5 1 1 1 1
 0.5 1 1 1 1
 0.5 1 1 1 1
 0.5 1 1 1 1
pf_obs 
 0.256992 0.487395 0.22802 0.0275931 0
 0.321318 0.546541 0.124235 0.00734118 0.000564706
 0.182869 0.594174 0.210203 0.0122559 0.00049798
 0.330522 0.361315 0.267642 0.0388342 0.00168674
 0.649043 0.306663 0.0425973 0.00169635 0
 0.582887 0.30429 0.105238 0.00758474 0
 0.465427 0.430635 0.0974691 0.00646863 0
 0.296916 0.608066 0.0921331 0.00288517 0
 0.311714 0.524322 0.152257 0.0117073 0
 0.15457 0.633149 0.183074 0.0267441 0.00246327
 0.131901 0.49318 0.331252 0.0422183 0.00144891
 0.196976 0.569456 0.194076 0.0375587 0.00193317
 0.518974 0.381816 0.0799577 0.0180837 0.00116848
 0.0928022 0.601141 0.25162 0.0475244 0.00691264
 0.122501 0.610282 0.24278 0.0234846 0.000952079
 0.383417 0.481906 0.127806 0.00687128 0
 0.0376549 0.599619 0.316969 0.0457579 0
 0.0361596 0.667082 0.258105 0.0386534 0
 0.158088 0.579412 0.248529 0.0139706 0
 0.0477256 0.309471 0.559284 0.082774 0.000745712
 0.0406174 0.521527 0.379366 0.0568643 0.0016247
 0.151134 0.462217 0.34131 0.0453401 0
 0.294876 0.26143 0.354403 0.0886775 0.000613685
 0.281977 0.475581 0.204845 0.0348837 0.00271318
 0 0 0 0 0
pf_pred 
 0.414306 0.294847 0.146417 0.0727084 0.071722
 0.527082 0.285964 0.0941149 0.0467361 0.0461021
 0.0362659 0.682747 0.169907 0.0559189 0.0551603
 0.21823 0.0676328 0.505923 0.125903 0.0823109
 0.827945 0.0654445 0.00922317 0.0689934 0.0283944
 0.434111 0.513504 0.0199256 0.00280814 0.0296513
 0.689369 0.203392 0.0973122 0.00377603 0.00615127
 0.327561 0.558998 0.0742774 0.0355377 0.00362538
 0.817399 0.100951 0.0678756 0.00901903 0.00475533
 0.686965 0.286442 0.0147021 0.00988513 0.00200604
 0.134744 0.714101 0.138314 0.00709919 0.00574186
 0.22034 0.20461 0.474592 0.0919234 0.00853418
 0.534352 0.183319 0.0740928 0.171858 0.0363775
 0.428788 0.424128 0.0579049 0.0234037 0.0657753
 0.526548 0.329043 0.107224 0.014639 0.0225455
 0.538358 0.351155 0.076787 0.0250224 0.00867755
 0.423688 0.421571 0.117706 0.0257388 0.0112961
 0.466324 0.335026 0.145312 0.0405723 0.0127656
 0.424412 0.380843 0.122255 0.053026 0.0194636
 0.768889 0.14438 0.0573865 0.0184217 0.0109229
 0.52428 0.418492 0.035751 0.0142099 0.00726624
 0.377585 0.432739 0.166859 0.0142544 0.00856283
 0.507598 0.275913 0.150516 0.0580369 0.00793631
 0.295952 0.485556 0.12243 0.0667878 0.0292741
 0.0164347 0.474327 0.351203 0.0885535 0.0694816
pobs_RECLAS
 0 0 0 0 0
 0 0 0 0 0
 0 0 0 0 0
 0 0 0 0 0
 0.835266 0.146461 0.0176864 0.000547809 3.91292e-05
 0.385257 0.428462 0.181853 0.0044286 0
 0.867414 0.0963971 0.0333333 0.00285562 0
 0.441836 0.489002 0.0689373 0.000224442 0
 0.779404 0.147425 0.0564933 0.0165055 0.000172143
 0.814271 0.122319 0.05973 0.00367925 0
 0.40263 0.566651 0.0304383 0.000280538 0
 0.475488 0.404961 0.113038 0.00651328 0
 0.955842 0.0263864 0.0167828 0.000988607 0
 0.975058 0.0227948 0.00214734 0 0
 0.738997 0.206755 0.0527124 0.00153531 0
 0.850938 0.134255 0.0134407 0.00136685 0
 0.542534 0.407297 0.0501686 0 0
 0.764087 0.199537 0.0359546 0.000420521 0
 0.470689 0.182191 0.310203 0.0369168 0
 0.84361 0.089868 0.0606195 0.00523954 0.000663233
 0.607945 0.314616 0.071237 0.00620181 0
 0.523733 0.453247 0.0230204 0 0
 0.530135 0.295979 0.169645 0.0042399 0
 0.562478 0.366248 0.0663022 0.0049721 0
 0.250443 0.683176 0.0655157 0.000865301 0
ppred_RECLAS
 0.416759 0.293612 0.145804 0.0724039 0.0714217
 0.529917 0.284251 0.0935509 0.046456 0.0458258
 0.0376648 0.681756 0.169661 0.0558378 0.0550803
 0.220415 0.0674437 0.504509 0.125551 0.0820809
 0.828232 0.065335 0.00920775 0.0688781 0.028347
 0.442808 0.505612 0.0196194 0.00276498 0.0291956
 0.692436 0.201384 0.0963513 0.00373874 0.00609053
 0.336709 0.551393 0.0732669 0.0350543 0.00357606
 0.821764 0.0985377 0.0662528 0.0088034 0.00464164
 0.688987 0.284591 0.0146071 0.00982125 0.00199308
 0.137021 0.712222 0.13795 0.00708051 0.00572676
 0.223867 0.203684 0.472445 0.0915076 0.00849557
 0.54403 0.179509 0.072553 0.168286 0.0356214
 0.450523 0.40799 0.0557016 0.0225132 0.0632725
 0.544261 0.316733 0.103213 0.0140914 0.021702
 0.544213 0.346701 0.0758131 0.0247051 0.0085675
 0.428611 0.41797 0.116701 0.0255189 0.0111996
 0.470236 0.33257 0.144247 0.040275 0.0126721
 0.428628 0.378054 0.121359 0.0526377 0.0193211
 0.771136 0.142976 0.0568285 0.0182426 0.0108167
 0.525273 0.417619 0.0356764 0.0141802 0.00725107
 0.378977 0.431771 0.166485 0.0142225 0.00854368
 0.510006 0.274563 0.14978 0.0577531 0.0078975
 0.298881 0.483537 0.12192 0.06651 0.0291523
 0.0169824 0.474063 0.351008 0.0885042 0.0694429
pobs_PELACES
 0 0 0 0 0
 0 0 0 0 0
 0 0 0 0 0
 0 0 0 0 0
 0 0 0 0 0
 0 0 0 0 0
 0 0 0 0 0
 0 0 0 0 0
 0 0 0 0 0
 0 0 0 0 0
 0.450072 0.473896 0.0757376 0.000293798 0
 0 0 0 0 0
 0.463077 0.371075 0.160297 0.00555027 0
 0.529543 0.364841 0.0842815 0.0213345 0
 0.631943 0.363953 0.00410389 0 0
 0.735681 0.248677 0.0153453 0.000297389 0
 0.695825 0.281241 0.0229344 0 0
 0.275771 0.60734 0.115278 0.00161068 0
 0 0 0 0 0
 0.896147 0.0623911 0.0374545 0.00400742 0
 0.803859 0.145111 0.0509908 3.86294e-05 0
 0.739449 0.233085 0.0266225 0.000797448 4.60066e-05
 0.878498 0.100942 0.0204185 0.000141795 0
 0.694673 0.275183 0.0284847 0.00165964 0
 0 0 0 0 0
ppred_PELACES
 0.4277 0.288104 0.143068 0.0710457 0.0700819
 0.542204 0.276821 0.0911056 0.0452417 0.044628
 0.0424967 0.678333 0.168809 0.0555574 0.0548037
 0.229869 0.0666258 0.498391 0.124029 0.0810855
 0.829761 0.0647536 0.0091258 0.0682651 0.0280947
 0.471742 0.479357 0.0186006 0.00262141 0.0276795
 0.704966 0.19318 0.0924261 0.00358643 0.00584241
 0.366341 0.52676 0.0699937 0.0334883 0.0034163
 0.836293 0.0905056 0.0608524 0.00808581 0.00426329
 0.697991 0.276352 0.0141843 0.00953693 0.00193538
 0.146143 0.704693 0.136492 0.00700566 0.00566622
 0.237723 0.200048 0.464011 0.089874 0.00834391
 0.574814 0.16739 0.0676547 0.156925 0.0332165
 0.504637 0.36781 0.050216 0.020296 0.0570412
 0.590505 0.284594 0.0927399 0.0126615 0.0194999
 0.56569 0.330365 0.0722409 0.023541 0.00816381
 0.447624 0.404062 0.112817 0.0246698 0.010827
 0.486168 0.322569 0.139909 0.0390637 0.012291
 0.445505 0.366887 0.117775 0.0510829 0.0187504
 0.780518 0.137115 0.0544988 0.0174947 0.0103733
 0.530289 0.413207 0.0352995 0.0140304 0.00717446
 0.385724 0.42708 0.164677 0.014068 0.00845085
 0.520782 0.268526 0.146486 0.0564831 0.00772383
 0.311258 0.475001 0.119768 0.0653358 0.0286377
 0.0189553 0.473111 0.350303 0.0883266 0.0693036
pobs_pel_tallas
 0 0 0 0 0 0 0 0 0 0 0 0 0 0 0 0 0 0 0 0 0 0 0 0 0 0 0 0 0 0 0 0 0 0 0 0
 0 0 0 0 0 0 0 0 0 0 0 0 0 0 0 0 0 0 0 0 0 0 0 0 0 0 0 0 0 0 0 0 0 0 0 0
 0 0 0 0 0 0 0 0 0 0 0 0 0 0 0 0 0 0 0 0 0 0 0 0 0 0 0 0 0 0 0 0 0 0 0 0
 0 0 0 0 0 0 0 0 0 0 0 0 0 0 0 0 0 0 0 0 0 0 0 0 0 0 0 0 0 0 0 0 0 0 0 0
 0 0 0 0 0 0 0 0 0 0 0 0 0 0 0 0 0 0 0 0 0 0 0 0 0 0 0 0 0 0 0 0 0 0 0 0
 0 0 0 0 0 0 0 0 0 0 0 0 0 0 0 0 0 0 0 0 0 0 0 0 0 0 0 0 0 0 0 0 0 0 0 0
 0 0 0 0 0 0 0 0 0 0 0 0 0 0 0 0 0 0 0 0 0 0 0 0 0 0 0 0 0 0 0 0 0 0 0 0
 0 0 0 0 0 0 0 0 0 0 0 0 0 0 0 0 0 0 0 0 0 0 0 0 0 0 0 0 0 0 0 0 0 0 0 0
 0 0 0 0 0 0 0 0 0 0 0 0 0 0 0 0 0 0 0 0 0 0 0 0 0 0 0 0 0 0 0 0 0 0 0 0
 0 0 0 0 0 0 0 0 0 0 0 0 0 0 0 0 0 0 0 0 0 0 0 0 0 0 0 0 0 0 0 0 0 0 0 0
 0 0 0 0 0 0 0 0 1.78061e-05 0.00172719 0.00360574 0.0105946 0.0120993 0.0124554 0.0147524 0.0171206 0.0266825 0.0428682 0.0675386 0.121331 0.153587 0.119568 0.100827 0.0573624 0.0630603 0.0341343 0.0324427 0.0444173 0.0211091 0.0280891 0.0125444 0.00206551 0 0 0 0
 0 0 0 0 0 0 0 0 0 0 0 0 0 0 0 0 0 0 0 0 0 0 0 0 0 0 0 0 0 0 0 0 0 0 0 0
 0 0 0 0 0 0 0.0133647 0.0140871 0.0187388 0.0205184 0.03894 0.0496705 0.03968 0.0493445 0.0407372 0.0367815 0.0215668 0.0243155 0.0234873 0.0199281 0.019796 0.0243948 0.0301388 0.0376714 0.0412746 0.0863199 0.0771752 0.113111 0.0741005 0.0525337 0.0229764 0.00759418 0.00175318 0 0 0
 0 0 0 0 0 0 0 0 0 0 0.00219441 0.00772107 0.0458388 0.0604681 0.0671733 0.0775358 0.0609151 0.0617685 0.073594 0.0568108 0.0755445 0.0548602 0.0670107 0.0636378 0.0643287 0.046367 0.0373049 0.0286899 0.0247887 0.0153202 0.00654259 0.00121912 0.000365735 0 0 0
 0 0 0 0 0 0 0 0 0 0 0 0 0.000112435 0.00938835 0.0111873 0.0202946 0.0414886 0.0713402 0.111592 0.104902 0.108894 0.110636 0.117776 0.105296 0.107544 0.0401394 0.0192827 0.0124803 0.00416011 0.0028671 0.000618394 0 0 0 0 0
 0 0 0 0 0 0 0 0 0 0 0.00291406 0.0102884 0.027416 0.0768956 0.0749926 0.110853 0.0956884 0.0897413 0.0766577 0.0534642 0.0500743 0.0551293 0.0594112 0.0620874 0.0668451 0.0424026 0.0208742 0.0120726 0.0048766 0.00582813 0.00118941 0.000297354 0 0 0 0
 0 0.00264628 0.0354308 0.0461629 0.0458689 0.0383711 0.0214643 0.0164657 0.0346957 0.0420465 0.0363128 0.0245516 0.0311673 0.0291091 0.0169068 0.0133784 0.00837989 0.0085269 0.0148486 0.0160247 0.0276389 0.0546898 0.0760071 0.122758 0.109233 0.0665981 0.0333725 0.0166128 0.00676272 0.00308733 0.000882094 0 0 0 0 0
 0 0 0 0 0 0 0 0.000805153 0.000690131 0.00759144 0.0133425 0.0154129 0.00931677 0.000345066 0.00356568 0.00563607 0.00851162 0.0253048 0.0502646 0.0516448 0.0657925 0.0565908 0.0611916 0.0827007 0.0866115 0.110766 0.145733 0.0935128 0.0569358 0.0249597 0.0138026 0.00621118 0.00161031 0.00115022 0 0
 0 0 0 0 0 0 0 0 0 0 0 0 0 0 0 0 0 0 0 0 0 0 0 0 0 0 0 0 0 0 0 0 0 0 0 0
 0.00147267 0.00158595 0.00478618 0.00569244 0.00954404 0.0108468 0.00647125 0.017049 0.0510054 0.094081 0.124002 0.0959785 0.0687766 0.0820023 0.061753 0.0591476 0.0492212 0.0479892 0.0443925 0.0268479 0.0217502 0.0140895 0.0121071 0.0120363 0.00920419 0.00665534 0.0049561 0.00860946 0.00930331 0.0156896 0.0114698 0.00855282 0.00243557 0.00046729 0 2.83206e-05
 0 0 0 0 0.000772559 0.00158375 0.000888443 0.00281984 0.00712685 0.0440552 0.0773331 0.111326 0.0921469 0.0852325 0.0710754 0.0886704 0.0786465 0.0553345 0.0373146 0.0185414 0.00753245 0.00457741 0.012979 0.0271748 0.0457355 0.0583668 0.034881 0.0177882 0.00938659 0.00492506 0.0015258 0.00185414 0.000309023 5.79419e-05 3.86279e-05 0
 0 0.00173294 0.00326652 0 0.00397197 0.00683976 0.00946217 0.0152591 0.00757587 0.0136028 0.0228656 0.0392903 0.0559909 0.0764795 0.0681675 0.0726916 0.0566044 0.0477403 0.0527397 0.0444891 0.0609904 0.0582453 0.0661739 0.0445044 0.0529084 0.0360697 0.0280645 0.0235558 0.0158879 0.00826598 0.00280645 0.00217768 0.000904811 0.00058276 9.20147e-05 0
 0 0 0 0 0 0 0 0 0 0 0 0 0 0 0 0 0 0 0 0 0 0 0 0 0 0 0 0 0 0 0 0 0 0 0 0
 0 0 0 0 0 0 0 0 0 0 0 0 0 0 0 0 0 0 0 0 0 0 0 0 0 0 0 0 0 0 0 0 0 0 0 0
 0 0 0 0 0 0 0 0 0 0 0 0 0 0 0 0 0 0 0 0 0 0 0 0 0 0 0 0 0 0 0 0 0 0 0 0
ppred_pel_tallas
 1.07841e-16 1.86741e-05 0.000109568 0.000520768 0.00200487 0.00625189 0.015792 0.0323141 0.0535705 0.0719627 0.0783597 0.0692379 0.0498229 0.0296033 0.0153549 0.00845772 0.00698144 0.00861639 0.0119329 0.0162464 0.0211558 0.0262706 0.0311516 0.0353607 0.0385457 0.0405076 0.0412279 0.0408437 0.0395858 0.0377041 0.0354076 0.0328363 0.0300666 0.0271375 0.0240834 0.0209565
 1.05024e-16 2.36666e-05 0.000138879 0.000660119 0.00254141 0.00792507 0.0200183 0.0409613 0.0679027 0.0912061 0.099289 0.0876719 0.0629589 0.0371486 0.0187884 0.00957533 0.00700534 0.00809898 0.0110119 0.0148778 0.0192331 0.0236716 0.0277583 0.0310729 0.0332932 0.0342618 0.0340115 0.0327379 0.030733 0.0283042 0.0257073 0.0231111 0.0205976 0.018187 0.0158715 0.0136444
 1.07087e-16 1.89343e-06 1.10145e-05 5.21524e-05 0.000200445 0.000624762 0.00157884 0.00323595 0.00538457 0.0072937 0.0081015 0.00753747 0.00624971 0.00537198 0.00583324 0.00807311 0.0122012 0.0182085 0.0259916 0.0352457 0.0453698 0.0554709 0.0644842 0.0713773 0.0753779 0.0761468 0.0738414 0.0690436 0.0625886 0.055352 0.0480695 0.0412354 0.0350906 0.0296787 0.024931 0.0207449
 1.15147e-16 1.00396e-05 5.88945e-05 0.0002799 0.00107754 0.00336008 0.00848729 0.0173667 0.0287896 0.0386713 0.0421022 0.0371856 0.026726 0.0158199 0.00811015 0.00435093 0.00353934 0.00450345 0.0065906 0.00959889 0.0135188 0.0183575 0.0240581 0.0304693 0.0373363 0.0443064 0.0509505 0.0567973 0.0613834 0.0643109 0.0653051 0.0642601 0.0612614 0.0565756 0.0506134 0.0438674
 1.0381e-16 3.61966e-05 0.000212462 0.00100998 0.00388855 0.0121261 0.0306295 0.062671 0.10388 0.139497 0.15177 0.133801 0.0956224 0.0554904 0.0263414 0.0106017 0.00426732 0.00265022 0.00289857 0.00380922 0.00497518 0.00624241 0.00750965 0.0086878 0.00970633 0.0105243 0.0111332 0.0115495 0.0117996 0.0119042 0.0118684 0.0116806 0.01132 0.0107687 0.0100237 0.00910325
 1.01804e-16 2.06022e-05 0.00012087 0.000574462 0.00221154 0.00689633 0.01742 0.0356466 0.0590991 0.0794017 0.0864923 0.0765006 0.0552154 0.0331391 0.0177912 0.0107423 0.00990089 0.012724 0.0175822 0.0235911 0.030097 0.0363966 0.0417166 0.045336 0.0467469 0.0457782 0.0426374 0.0378509 0.0321285 0.0261964 0.0206523 0.015882 0.012045 0.00911694 0.00695919 0.00538956
 1.01772e-16 3.07605e-05 0.000180534 0.000858167 0.00330397 0.0103031 0.0260249 0.0532507 0.0882699 0.118547 0.129012 0.113818 0.0815185 0.0476641 0.0233003 0.0105529 0.00608423 0.0059572 0.00775485 0.0104 0.0134194 0.0164887 0.0192882 0.0215121 0.0229229 0.0233999 0.0229593 0.0217386 0.0199521 0.0178357 0.0155986 0.0133956 0.0113212 0.00942205 0.0077143 0.00620075
 1.02476e-16 1.60083e-05 9.38955e-05 0.00044621 0.00171772 0.00535636 0.0135302 0.0276882 0.0459096 0.0616957 0.0672435 0.0595667 0.0431918 0.0263208 0.014855 0.0100879 0.0104692 0.0140796 0.0196661 0.0264891 0.0339101 0.0411806 0.0474555 0.0519342 0.0540373 0.0535426 0.0506334 0.045838 0.0398878 0.0335417 0.0274344 0.0219884 0.0173993 0.0136787 0.0107245 0.00839013
 1.01371e-16 3.64827e-05 0.000214138 0.00101795 0.0039192 0.0122217 0.030871 0.0631653 0.1047 0.140601 0.152977 0.13488 0.096426 0.0560223 0.0267172 0.0109676 0.00474906 0.00334361 0.00387543 0.00511734 0.00662891 0.00820963 0.00970205 0.0109598 0.0118646 0.0123482 0.0124013 0.0120685 0.0114296 0.0105766 0.00959431 0.00854907 0.00748746 0.00644095 0.00543292 0.00448373
 1.0071e-16 3.04595e-05 0.00017876 0.000849718 0.00327141 0.0102016 0.0257685 0.0527266 0.0874035 0.11739 0.12777 0.112765 0.0808573 0.0474632 0.0235459 0.0112391 0.00726292 0.00772864 0.0102248 0.0136284 0.0173734 0.0210088 0.0240794 0.0261664 0.0269744 0.0264019 0.0245661 0.0217686 0.0184183 0.0149352 0.0116676 0.00884309 0.00656022 0.00481162 0.00352341 0.00259463
 1.02673e-16 6.41406e-06 3.75519e-05 0.000178309 0.000686168 0.00213946 0.00540487 0.0110645 0.018361 0.0247199 0.0270627 0.0242579 0.0182082 0.0123288 0.0091654 0.00945918 0.0128138 0.0186211 0.0263976 0.035652 0.0456846 0.0555287 0.0640548 0.0701822 0.0731203 0.0725525 0.0687041 0.0622646 0.0542026 0.0455332 0.0371173 0.0295427 0.0231008 0.0178392 0.0136501 0.0103578
 1.1013e-16 1.03876e-05 6.09249e-05 0.000289525 0.00111455 0.00347547 0.0087789 0.0179643 0.0297839 0.0400175 0.0435958 0.0385712 0.0278662 0.0167836 0.009132 0.00573709 0.00560031 0.00752425 0.010804 0.0151392 0.0203604 0.0262605 0.0325456 0.0388529 0.0447959 0.0500096 0.0541853 0.0570874 0.0585573 0.0585141 0.0569573 0.0539746 0.0497481 0.0445494 0.0387195 0.0326327
 1.0796e-16 2.50839e-05 0.000147211 0.000699752 0.00269404 0.00840109 0.0212205 0.0434203 0.0719755 0.0966656 0.105203 0.0928248 0.0665085 0.0389401 0.019136 0.00884341 0.00535924 0.00549599 0.00730903 0.00994816 0.0130555 0.0163914 0.0197136 0.0227809 0.0253919 0.02742 0.0288247 0.0296368 0.0299245 0.0297559 0.0291733 0.0281881 0.0267946 0.0249932 0.0228133 0.0203249
 1.04196e-16 2.20321e-05 0.000129275 0.000614442 0.00236551 0.00737652 0.0186328 0.0381272 0.0632076 0.0849092 0.0924589 0.0817 0.0587992 0.0349525 0.0181535 0.0100253 0.0082775 0.0101602 0.0139459 0.0187691 0.0240842 0.029354 0.0339944 0.0374541 0.0393321 0.0394697 0.0379826 0.0352171 0.0316525 0.0277797 0.0240002 0.0205688 0.0175898 0.0150505 0.0128743 0.0109692
 1.02756e-16 2.57731e-05 0.000151246 0.000718908 0.00276776 0.00863093 0.0218012 0.0446094 0.0739497 0.0993264 0.108124 0.0954607 0.0685257 0.0403793 0.0203215 0.0101891 0.00724165 0.008221 0.0111076 0.0149521 0.0192502 0.0235678 0.027445 0.030442 0.0322261 0.0326438 0.0317485 0.0297724 0.0270569 0.0239653 0.0208089 0.0178037 0.0150649 0.0126278 0.0104802 0.00859287
 1.02324e-16 2.46929e-05 0.0001449 0.000688729 0.00265155 0.00826851 0.0208858 0.0427368 0.0708471 0.0951641 0.103606 0.0915035 0.0657534 0.038883 0.0198219 0.0103532 0.00787344 0.00927476 0.0126182 0.0169646 0.0217728 0.0265446 0.0307461 0.033871 0.0355455 0.0356122 0.0341612 0.0314946 0.0280414 0.0242514 0.0205045 0.0170584 0.0140402 0.0114726 0.00931529 0.00750392
 1.03087e-16 1.95477e-05 0.000114686 0.000545075 0.00209842 0.00654358 0.0165289 0.0338228 0.0560743 0.0753342 0.0820526 0.0725522 0.0523192 0.0313091 0.016645 0.00980583 0.00880013 0.0112199 0.0155428 0.0209769 0.0269736 0.0329521 0.0382642 0.0422874 0.0445555 0.0448616 0.0432979 0.0402141 0.0361163 0.0315406 0.0269444 0.0226439 0.0188041 0.0154687 0.0126077 0.0101628
 1.04008e-16 2.12252e-05 0.000124542 0.000591945 0.00227891 0.00710645 0.0179506 0.036731 0.0608924 0.0817971 0.089065 0.0786891 0.0566064 0.0335981 0.0173591 0.00944794 0.00765664 0.00934235 0.0128593 0.0174064 0.0225047 0.0276899 0.0324481 0.0362767 0.0387847 0.0397728 0.0392671 0.0374895 0.0347852 0.0315293 0.028049 0.024579 0.0212573 0.0181463 0.0152674 0.0126284
 1.04423e-16 1.94538e-05 0.000114138 0.000542477 0.00208843 0.00651244 0.0164502 0.0336615 0.0558059 0.0749707 0.081649 0.0721772 0.0520093 0.0310448 0.0163617 0.00941908 0.00822392 0.0103748 0.0143636 0.0194258 0.0250574 0.0307377 0.0358848 0.0399358 0.0424616 0.0432594 0.0423879 0.0401308 0.0369085 0.0331673 0.0292867 0.0255274 0.0220264 0.0188259 0.0159159 0.0132724
 1.01905e-16 3.40525e-05 0.000199867 0.000950089 0.00365792 0.0114069 0.0288129 0.0589546 0.0977226 0.131235 0.1428 0.125936 0.0900978 0.0524781 0.0252754 0.0108061 0.00533733 0.00448178 0.00555649 0.00739492 0.00953899 0.0117319 0.0137451 0.0153653 0.0164281 0.0168516 0.0166491 0.0159168 0.014802 0.0134629 0.0120359 0.0106165 0.00925781 0.00798124 0.0067912 0.00568801
 1.01454e-16 2.31525e-05 0.000135849 0.000645684 0.00248579 0.00775158 0.0195802 0.040066 0.0664225 0.0892297 0.0971686 0.0858736 0.0618288 0.0368048 0.0192084 0.0107519 0.0090328 0.0111593 0.0153036 0.0205293 0.0262218 0.0317637 0.0364853 0.0397606 0.0411429 0.0404716 0.0379099 0.0338946 0.0290226 0.0239091 0.019066 0.0148301 0.0113506 0.00862407 0.00655114 0.0049943
 1.03355e-16 1.68497e-05 9.88438e-05 0.000469754 0.0018084 0.00563917 0.0142445 0.0291489 0.048328 0.0649351 0.0707466 0.062604 0.0452515 0.0272928 0.0148998 0.00938759 0.00908205 0.0119419 0.0166679 0.0225573 0.0290758 0.0356227 0.041513 0.0460802 0.0488141 0.049471 0.0481173 0.0450902 0.0408962 0.0360825 0.0311261 0.0263697 0.0220101 0.0181251 0.0147194 0.0117656
 1.04469e-16 2.27323e-05 0.000133395 0.000634045 0.00244102 0.00761201 0.0192275 0.0393433 0.0652208 0.0876046 0.0953704 0.0842168 0.0604889 0.0357142 0.0181068 0.00930313 0.00690626 0.0080643 0.0110163 0.0149399 0.0193962 0.0239961 0.0283143 0.0319298 0.034505 0.0358516 0.0359588 0.0349724 0.0331378 0.0307292 0.02799 0.0251006 0.0221771 0.0192886 0.0164827 0.0138036
 1.05438e-16 1.36043e-05 7.97868e-05 0.000379146 0.00145952 0.0045512 0.0114964 0.0235265 0.0390102 0.0524274 0.0571509 0.050648 0.0367724 0.0225043 0.0128744 0.00900334 0.00959895 0.0130565 0.0183341 0.0248168 0.0319631 0.0391222 0.0455458 0.0505115 0.0534765 0.0541982 0.0527777 0.0496103 0.0452661 0.0403431 0.0353427 0.030601 0.0262821 0.0224178 0.0189674 0.0158709
 1.114e-16 8.58994e-07 4.95938e-06 2.34052e-05 8.98281e-05 0.000279853 0.000707401 0.00145146 0.00242136 0.00329854 0.00371274 0.0035684 0.00319571 0.00316268 0.00397002 0.00592204 0.00918731 0.0138731 0.0200086 0.027468 0.0359064 0.0447563 0.0532978 0.0607855 0.066594 0.0703344 0.0719058 0.0714658 0.0693424 0.0659229 0.0615636 0.0565436 0.0510676 0.045296 0.0393814 0.0334902
pSPR Fmed_Fpbrs
0.495887   0.254687 0.254687
Fs Fmed_Fpbrs
0.407587   1.005 1.005
SSBpbr Bo_Bmed_Bpbrs
910180  405837  186302 186302
Ro
22925.4
SPR SPRFo_SPRFmed_SPRFpbrs
472481 234297 120335
log_Ro
9.86
likeval ReclasPelacesDesembMPH_pf_preclas_ppelaces_ptallas_desvR_qrecl_qpela
 108.78 110.495 0.171461 0.000617839 339.444 217.991 78.3056 0 52.9882 0 0 0 0 0 0
q_reclas_q_pelaces
1 1
M
0.7
N
 36150.2 13629.6 6768.26 3361.02 3315.42
 54213 15670.3 5157.33 2561.06 2526.31
 2116.78 23177.9 5768.01 1898.33 1872.58
 4323.78 718.121 5371.86 1336.83 873.973
 45443.3 1821.92 256.766 1920.72 790.479
 32060 21841 847.502 119.439 1261.17
 70258.3 11181 5349.51 207.578 338.152
 29214.9 29130.9 3870.79 1851.97 188.928
 139683 9782.48 6577.35 873.971 460.806
 230844 50836.2 2609.26 1754.36 356.021
 34622.7 100824 19528.5 1002.33 810.693
 26744.9 13694.5 31764.4 6152.42 571.191
 52583.4 10483.3 4237.07 9827.88 2080.28
 28421.6 17881.8 2441.35 986.73 2773.17
 18879.9 7310.05 2382.11 325.222 500.872
 14570.6 5294.94 1157.85 377.304 130.846
 10142.3 5559.26 1552.19 339.418 148.962
 10231 3985.42 1728.61 482.643 151.858
 8556.36 4186.72 1343.98 582.931 213.969
 34308 3451.44 1371.84 440.375 261.115
 35300.1 14467.2 1235.9 491.233 251.192
 27725.1 16492.4 6359.27 543.26 326.344
 43937.8 12626 6887.73 2655.82 363.173
 21663.6 19144.9 4827.24 2633.35 1154.24
 545.05 9013.28 6673.65 1682.72 1320.31
pred_Ctot
 3329.86 2369.75 1176.78 584.372 576.444
 5468.41 2966.84 976.43 484.881 478.303
 492.967 9280.69 2309.58 760.115 749.803
 475.444 147.347 1102.22 274.298 179.326
 1052.66 83.2068 11.7264 87.719 36.101
 7004.47 8285.5 321.504 45.31 478.431
 8426.46 2486.15 1189.49 46.1561 75.1897
 6999.45 11944.9 1587.19 759.384 77.4685
 27316.3 3373.64 2268.3 301.403 158.916
 20148.5 8401.26 431.209 289.928 58.8366
 5133.57 27206.3 5269.56 270.469 218.757
 4107.44 3814.2 8847.03 1713.58 159.088
 12180.9 4178.89 1689 3917.63 829.249
 10228.5 10117.3 1381.29 558.281 1569.03
 6105.09 3815.11 1243.22 169.733 261.405
 2464.73 1607.67 351.549 114.558 39.7279
 1542.88 1535.17 428.632 93.729 41.1354
 1308.99 940.429 407.896 113.888 35.8336
 1168.9 1048.91 336.71 146.043 53.6061
 3756.66 705.416 280.381 90.0052 53.3676
 1507.24 1203.11 102.779 40.8516 20.8895
 1661.99 1904.75 734.449 62.7426 37.6903
 3901.9 2120.94 1157.01 446.129 61.0063
 2552.37 4187.57 1055.87 575.996 252.467
 114.953 3317.69 2456.5 619.39 485.991
F
 0.135913 0.271825 0.271825 0.271825 0.271825
 0.149722 0.299444 0.299444 0.299444 0.299444
 0.381011 0.762023 0.762023 0.762023 0.762023
 0.164237 0.328474 0.328474 0.328474 0.328474
 0.0326772 0.0653544 0.0653544 0.0653544 0.0653544
 0.353392 0.706784 0.706784 0.706784 0.706784
 0.180378 0.360756 0.360756 0.360756 0.360756
 0.394084 0.788168 0.788168 0.788168 0.788168
 0.310764 0.621528 0.621528 0.621528 0.621528
 0.128367 0.256734 0.256734 0.256734 0.256734
 0.227514 0.455029 0.455029 0.455029 0.455029
 0.236561 0.473123 0.473123 0.473123 0.473123
 0.378615 0.757231 0.757231 0.757231 0.757231
 0.657899 1.3158 1.3158 1.3158 1.3158
 0.571345 1.14269 1.14269 1.14269 1.14269
 0.263542 0.527084 0.527084 0.527084 0.527084
 0.234073 0.468146 0.468146 0.468146 0.468146
 0.193503 0.387006 0.387006 0.387006 0.387006
 0.207883 0.415766 0.415766 0.415766 0.415766
 0.163494 0.326988 0.326988 0.326988 0.326988
 0.0609848 0.12197 0.12197 0.12197 0.12197
 0.0865803 0.173161 0.173161 0.173161 0.173161
 0.130742 0.261483 0.261483 0.261483 0.261483
 0.176933 0.353866 0.353866 0.353866 0.353866
 0.339126 0.678252 0.678252 0.678252 0.678252
nmprior
 10 11 7 0
nm_flota  nm_reclas  nm_pelaces    nm_pelaL
inf 11.692 8.47453 12.9939
cv_recla  cv_pelaces  cv_mph
0.943408 1.2369 0.806447
 ------------------------------------------------
Talla a la edad & desviación 
 7.2 14.2025 17.0495 18.207 18.6776
 1.08 2.13037 2.55742 2.73105 2.80164
