years
 1997 1998 1999 2000 2001 2002 2003 2004 2005 2006 2007 2008 2009 2010 2011 2012 2013 2014 2015 2016 2017 2018 2019 2020 2021
reclasobs
 0 0 0 370054 412103 1.49427e+06 250295 1.28982e+06 931140 785840 897777 1.04006e+06 184774 17550 25797 100020 73551 82996 120727 218422 84188 347160 605670 569463 516374
reclaspred
 420807 123205 419823 304816 410824 484767 1.03778e+06 659461 688080 578963 443852 296730 181108 87601.6 65094.9 68509.9 87332.4 121051 128703 184671 264785 243079 421505 545943 613967
pelacesobs
 0 0 0 0 0 0 0 0 0 2.06254e+06 1.5e+06 0 1.87456e+06 323000 250000 174000 83755 137374 0 501740 490994 745055 786931 1.00524e+06 0
pelacespred
 1.57714e+06 416885 847100 939647 1.07216e+06 1.07431e+06 2.52102e+06 2.07738e+06 1.87747e+06 1.61054e+06 1.11492e+06 765242 465487 192167 139790 155391 205599 286084 315021 438103 692409 623191 852865 1.29295e+06 1.51438e+06
mphobs
 0 0 0 0 0 112323 0 153150 637223 0 255016 313432 73983 77613 109348 50772 0 0 0 0 0 0 0 0 0
mphpred
 151802 103422 136086 185858 181373 262780 395084 451313 368820 346800 301310 209667 129504 68809.3 35536.7 31918.9 39211.7 55045.7 68944.3 79545.4 118336 138650 175334 249309 367291
desembarqueobs
 350755 77701 442110 56441 14545 235359 269955 359681 431902 328805 639364 411747 362871 311530 167758 66681 60226 58785 57116 71774 51957 67425 138520 160799 200461
desembarquepred
 350764 77704 442145 56442.5 14545.1 235391 269979 359707 431968 328861 639737 412086 363342 312119 167857 66697.8 60245.2 58788.7 57115.2 71776.6 51958.2 67422.5 138523 160804 200461
Reclutas
 74998.3 94738.3 61462.9 91253.3 150982 110541 167478 143566 157605 143722 69105.6 41048.8 42286.6 24789.7 20209.7 26537.7 22704.4 25698.5 29412.7 52461.4 65993.4 86249.3 135769 174570 77222.5
log_desv_Rt
 0.10522 0.338873 -0.0938114 0.301395 0.804919 0.493141 0.908608 0.754549 0.847849 0.755639 0.0233905 -0.497484 -0.467775 -1.00182 -1.20608 -0.933676 -1.08968 -0.965811 -0.830817 -0.252167 -0.0226906 0.244997 0.69871 0.95008 0.134446
SSB
 921636 627905 826222 1.1284e+06 1.10117e+06 1.59542e+06 2.39868e+06 2.74006e+06 2.23922e+06 2.10553e+06 1.82934e+06 1.27295e+06 786262 417763 215755 193790 238066 334199 418582 482945 718454 841785 1.06451e+06 1.51363e+06 2.22994e+06
BT
 3.1207e+06 876842 1.75875e+06 1.74178e+06 1.93014e+06 2.10979e+06 4.69666e+06 4.13075e+06 3.75844e+06 3.20449e+06 2.58385e+06 1.75397e+06 1.19279e+06 647104 394661 333697 417797 559179 613292 843008 1.28209e+06 1.17885e+06 1.62209e+06 2.44654e+06 2.876e+06
Ftot
 0.316926 0.234333 0.316956 0.0580003 0.0124411 0.129967 0.0814319 0.16575 0.194177 0.168172 0.373135 0.349424 0.546913 0.943774 0.824254 0.320249 0.228682 0.153022 0.129687 0.131177 0.063962 0.0827411 0.0978407 0.0946597 0.0820838
BD_Bspro_t
 0.961717 0.81903 0.797961 0.713624 0.803686 0.886912 0.864467 0.866626 0.820452 0.780275 0.736933 0.592801 0.481137 0.36847 0.253346 0.275815 0.401447 0.571116 0.675867 0.749899 0.829449 0.880787 0.885754 0.888572 0.888927
BD_Bspro
 0.662425 0.451306 0.593846 0.811037 0.791466 1.14671 1.72405 1.96942 1.60944 1.51335 1.31484 0.914933 0.565125 0.300266 0.155073 0.139286 0.17111 0.240205 0.300856 0.347116 0.516388 0.605032 0.765113 1.08792 1.60277
BD_Bo
 0.576349 0.392663 0.516681 0.70565 0.688621 0.997701 1.50002 1.71351 1.40031 1.3167 1.14399 0.796045 0.491692 0.261249 0.134923 0.121187 0.148876 0.208993 0.261762 0.302011 0.449288 0.526414 0.665693 0.946555 1.3945
BD_Brms
 2.05179 1.39787 1.83938 2.51211 2.45148 3.5518 5.34006 6.10007 4.98508 4.68744 4.07258 2.83391 1.75042 0.930045 0.480324 0.431425 0.529995 0.744012 0.93187 1.07516 1.59946 1.87403 2.36986 3.36973 4.96441
S_f
 0.20551 1 1 1 1
 0.20551 1 1 1 1
 0.20551 1 1 1 1
 0.20551 1 1 1 1
 0.20551 1 1 1 1
 0.20551 1 1 1 1
 0.20551 1 1 1 1
 0.20551 1 1 1 1
 0.20551 1 1 1 1
 0.20551 1 1 1 1
 0.20551 1 1 1 1
 0.20551 1 1 1 1
 0.20551 1 1 1 1
 0.20551 1 1 1 1
 0.20551 1 1 1 1
 0.20551 1 1 1 1
 0.20551 1 1 1 1
 0.20551 1 1 1 1
 0.20551 1 1 1 1
 0.20551 1 1 1 1
 0.20551 1 1 1 1
 0.20551 1 1 1 1
 0.20551 1 1 1 1
 0.20551 1 1 1 1
 0.20551 1 1 1 1
Scru_reclas
 1 1 1 1 1
 1 1 1 1 1
 1 1 1 1 1
 1 1 1 1 1
 1 1 1 1 1
 1 1 1 1 1
 1 1 1 1 1
 1 1 1 1 1
 1 1 1 1 1
 1 1 1 1 1
 1 1 1 1 1
 1 1 1 1 1
 1 1 1 1 1
 1 1 1 1 1
 1 1 1 1 1
 1 1 1 1 1
 1 1 1 1 1
 1 1 1 1 1
 1 1 1 1 1
 1 1 1 1 1
 1 1 1 1 1
 1 1 1 1 1
 1 1 1 1 1
 1 1 1 1 1
 1 1 1 1 1
Scru_pelaces
 1 1 1 1 1
 1 1 1 1 1
 1 1 1 1 1
 1 1 1 1 1
 1 1 1 1 1
 1 1 1 1 1
 1 1 1 1 1
 1 1 1 1 1
 1 1 1 1 1
 1 1 1 1 1
 1 1 1 1 1
 1 1 1 1 1
 1 1 1 1 1
 1 1 1 1 1
 1 1 1 1 1
 1 1 1 1 1
 1 1 1 1 1
 1 1 1 1 1
 1 1 1 1 1
 1 1 1 1 1
 1 1 1 1 1
 1 1 1 1 1
 1 1 1 1 1
 1 1 1 1 1
 1 1 1 1 1
pf_obs 
 0.256992 0.487395 0.22802 0.0275931 0
 0.321318 0.546541 0.124235 0.00734118 0.000564706
 0.182869 0.594174 0.210203 0.0122559 0.00049798
 0.330522 0.361315 0.267642 0.0388342 0.00168674
 0.649043 0.306663 0.0425973 0.00169635 0
 0.582887 0.30429 0.105238 0.00758474 0
 0.465427 0.430635 0.0974691 0.00646863 0
 0.296916 0.608066 0.0921331 0.00288517 0
 0.311714 0.524322 0.152257 0.0117073 0
 0.15457 0.633149 0.183074 0.0267441 0.00246327
 0.131901 0.49318 0.331252 0.0422183 0.00144891
 0.196976 0.569456 0.194076 0.0375587 0.00193317
 0.518974 0.381816 0.0799577 0.0180837 0.00116848
 0.0928022 0.601141 0.25162 0.0475244 0.00691264
 0.122501 0.610282 0.24278 0.0234846 0.000952079
 0.383417 0.481906 0.127806 0.00687128 0
 0.0376549 0.599619 0.316969 0.0457579 0
 0.0361596 0.667082 0.258105 0.0386534 0
 0.158088 0.579412 0.248529 0.0139706 0
 0.0477256 0.309471 0.559284 0.082774 0.000745712
 0.0406174 0.521527 0.379366 0.0568643 0.0016247
 0.151134 0.462217 0.34131 0.0453401 0
 0.294876 0.26143 0.354403 0.0886775 0.000613685
 0.281977 0.475581 0.204845 0.0348837 0.00271318
 0 0 0 0 0
pf_pred 
 0.382067 0.436173 0.162557 0.0191936 9.87131e-06
 0.319483 0.528472 0.107322 0.0399976 0.00472507
 0.183725 0.585678 0.179076 0.0363665 0.0151545
 0.272085 0.406582 0.230556 0.0704945 0.0202816
 0.311849 0.448079 0.134094 0.0760395 0.0299388
 0.179648 0.56537 0.166027 0.0496862 0.0392683
 0.260024 0.392489 0.239481 0.0703262 0.0376796
 0.196289 0.513893 0.153721 0.0937945 0.0423013
 0.220056 0.437917 0.218693 0.0654177 0.0579169
 0.199756 0.47995 0.179836 0.089809 0.050649
 0.11697 0.500776 0.229259 0.0859029 0.0670929
 0.114582 0.383643 0.284561 0.130274 0.0869385
 0.18906 0.344522 0.202095 0.149901 0.114423
 0.17841 0.48792 0.141757 0.083154 0.108759
 0.249694 0.468283 0.167486 0.0486604 0.065877
 0.336056 0.468345 0.122077 0.0436622 0.0298589
 0.23238 0.568227 0.140652 0.0366618 0.0220796
 0.24303 0.46953 0.212776 0.052668 0.0219961
 0.242429 0.474197 0.17577 0.0796535 0.0279508
 0.330649 0.416798 0.158084 0.0585968 0.0358722
 0.282023 0.515689 0.125962 0.0477752 0.0285499
 0.272151 0.482503 0.17622 0.0430437 0.0260817
 0.309468 0.45142 0.158512 0.0578919 0.022709
 0.280539 0.499993 0.143472 0.0503789 0.0256169
 0.113166 0.589175 0.20686 0.0593581 0.0314414
pobs_RECLAS
 0 0 0 0 0
 0 0 0 0 0
 0 0 0 0 0
 0 0 0 0 0
 0.835266 0.146461 0.0176864 0.000547809 3.91292e-05
 0.385257 0.428462 0.181853 0.0044286 0
 0.867414 0.0963971 0.0333333 0.00285562 0
 0.441836 0.489002 0.0689373 0.000224442 0
 0.779404 0.147425 0.0564933 0.0165055 0.000172143
 0.814271 0.122319 0.05973 0.00367925 0
 0.40263 0.566651 0.0304383 0.000280538 0
 0.475488 0.404961 0.113038 0.00651328 0
 0.955842 0.0263864 0.0167828 0.000988607 0
 0.975058 0.0227948 0.00214734 0 0
 0.738997 0.206755 0.0527124 0.00153531 0
 0.850938 0.134255 0.0134407 0.00136685 0
 0.542534 0.407297 0.0501686 0 0
 0.764087 0.199537 0.0359546 0.000420521 0
 0.470689 0.182191 0.310203 0.0369168 0
 0.84361 0.089868 0.0606195 0.00523954 0.000663233
 0.607945 0.314616 0.071237 0.00620181 0
 0.523733 0.453247 0.0230204 0 0
 0.530135 0.295979 0.169645 0.0042399 0
 0.562478 0.366248 0.0663022 0.0049721 0
 0.250443 0.683176 0.0655157 0.000865301 0
ppred_RECLAS
 0.753974 0.173659 0.0647209 0.0076418 3.93019e-06
 0.698257 0.234326 0.0475867 0.017735 0.00209511
 0.527323 0.339146 0.103697 0.0210586 0.00877547
 0.645882 0.197795 0.112162 0.0342944 0.00986667
 0.68812 0.203075 0.0607735 0.0344621 0.0135687
 0.517531 0.332508 0.0976446 0.0292217 0.0230946
 0.631909 0.195238 0.119126 0.0349828 0.0187432
 0.5452 0.290799 0.0869871 0.053076 0.0239373
 0.581104 0.235199 0.117456 0.0351349 0.0311063
 0.550642 0.269504 0.100983 0.0504301 0.0284407
 0.397316 0.341789 0.156473 0.0586303 0.0457921
 0.391329 0.263732 0.195619 0.0895558 0.059765
 0.540596 0.195175 0.114488 0.0849198 0.0648214
 0.532995 0.277342 0.0805771 0.047266 0.0618201
 0.63314 0.228965 0.0818918 0.0237923 0.0322103
 0.715047 0.201006 0.0523934 0.018739 0.0128149
 0.598658 0.297092 0.0735385 0.0191683 0.0115441
 0.611606 0.240912 0.109173 0.0270235 0.011286
 0.610512 0.243798 0.0903683 0.040952 0.0143702
 0.707589 0.182081 0.06906 0.0255984 0.015671
 0.657216 0.246206 0.0601384 0.0228094 0.0136306
 0.64625 0.234507 0.0856469 0.0209202 0.0126763
 0.686653 0.204843 0.0719287 0.0262699 0.0103048
 0.655921 0.239119 0.0686149 0.0240935 0.0122512
 0.384023 0.409229 0.143681 0.041229 0.0218386
pobs_PELACES
 0 0 0 0 0
 0 0 0 0 0
 0 0 0 0 0
 0 0 0 0 0
 0 0 0 0 0
 0 0 0 0 0
 0 0 0 0 0
 0 0 0 0 0
 0 0 0 0 0
 0 0 0 0 0
 0.450072 0.473896 0.0757376 0.000293798 0
 0 0 0 0 0
 0.463077 0.371075 0.160297 0.00555027 0
 0.529543 0.364841 0.0842815 0.0213345 0
 0.631943 0.363953 0.00410389 0 0
 0.735681 0.248677 0.0153453 0.000297389 0
 0.695825 0.281241 0.0229344 0 0
 0.275771 0.60734 0.115278 0.00161068 0
 0 0 0 0 0
 0.896147 0.0623911 0.0374545 0.00400742 0
 0.803859 0.145111 0.0509908 3.86294e-05 0
 0.739449 0.233085 0.0266225 0.000797448 4.60066e-05
 0.878498 0.100942 0.0204185 0.000141795 0
 0.694673 0.275183 0.0284847 0.00165964 0
 0 0 0 0 0
ppred_PELACES
 0.769061 0.16301 0.0607522 0.00717321 3.68919e-06
 0.711042 0.224398 0.0455705 0.0169836 0.00200634
 0.547977 0.324327 0.0991656 0.0201384 0.00839201
 0.649352 0.195857 0.111062 0.0339583 0.00976997
 0.68882 0.20262 0.0606371 0.0343848 0.0135382
 0.526034 0.326648 0.0959239 0.0287067 0.0226876
 0.636861 0.192612 0.117524 0.0345122 0.018491
 0.555953 0.283924 0.0849306 0.0518211 0.0233713
 0.593443 0.228271 0.113997 0.0340999 0.0301901
 0.561526 0.262977 0.0985369 0.0492086 0.0277519
 0.42096 0.32838 0.150335 0.0563301 0.0439956
 0.413354 0.254188 0.18854 0.0863151 0.0576024
 0.575941 0.180158 0.10568 0.0783864 0.0598343
 0.59378 0.241243 0.0700893 0.041114 0.0537737
 0.681748 0.198628 0.0710414 0.0206399 0.0279425
 0.731842 0.189159 0.0493054 0.0176346 0.0120596
 0.612974 0.286494 0.0709152 0.0184845 0.0111323
 0.621092 0.235027 0.106507 0.0263634 0.0110103
 0.618566 0.238756 0.0884996 0.0401052 0.0140731
 0.714654 0.177682 0.0673914 0.0249799 0.0152924
 0.660983 0.2435 0.0594774 0.0225586 0.0134808
 0.651193 0.23123 0.0844501 0.0206278 0.0124991
 0.692146 0.201253 0.0706679 0.0258094 0.0101242
 0.661501 0.235242 0.0675023 0.0237028 0.0120525
 0.389126 0.405839 0.14249 0.0408874 0.0216576
pobs_pel_tallas
 0 0 0 0 0 0 0 0 0 0 0 0 0 0 0 0 0 0 0 0 0 0 0 0 0 0 0 0 0 0 0 0 0 0 0 0
 0 0 0 0 0 0 0 0 0 0 0 0 0 0 0 0 0 0 0 0 0 0 0 0 0 0 0 0 0 0 0 0 0 0 0 0
 0 0 0 0 0 0 0 0 0 0 0 0 0 0 0 0 0 0 0 0 0 0 0 0 0 0 0 0 0 0 0 0 0 0 0 0
 0 0 0 0 0 0 0 0 0 0 0 0 0 0 0 0 0 0 0 0 0 0 0 0 0 0 0 0 0 0 0 0 0 0 0 0
 0 0 0 0 0 0 0 0 0 0 0 0 0 0 0 0 0 0 0 0 0 0 0 0 0 0 0 0 0 0 0 0 0 0 0 0
 0 0 0 0 0 0 0 0 0 0 0 0 0 0 0 0 0 0 0 0 0 0 0 0 0 0 0 0 0 0 0 0 0 0 0 0
 0 0 0 0 0 0 0 0 0 0 0 0 0 0 0 0 0 0 0 0 0 0 0 0 0 0 0 0 0 0 0 0 0 0 0 0
 0 0 0 0 0 0 0 0 0 0 0 0 0 0 0 0 0 0 0 0 0 0 0 0 0 0 0 0 0 0 0 0 0 0 0 0
 0 0 0 0 0 0 0 0 0 0 0 0 0 0 0 0 0 0 0 0 0 0 0 0 0 0 0 0 0 0 0 0 0 0 0 0
 0 0 0 0 0 0 0 0 0 0 0 0 0 0 0 0 0 0 0 0 0 0 0 0 0 0 0 0 0 0 0 0 0 0 0 0
 0 0 0 0 0 0 0 0 1.78061e-05 0.00172719 0.00360574 0.0105946 0.0120993 0.0124554 0.0147524 0.0171206 0.0266825 0.0428682 0.0675386 0.121331 0.153587 0.119568 0.100827 0.0573624 0.0630603 0.0341343 0.0324427 0.0444173 0.0211091 0.0280891 0.0125444 0.00206551 0 0 0 0
 0 0 0 0 0 0 0 0 0 0 0 0 0 0 0 0 0 0 0 0 0 0 0 0 0 0 0 0 0 0 0 0 0 0 0 0
 0 0 0 0 0 0 0.0133647 0.0140871 0.0187388 0.0205184 0.03894 0.0496705 0.03968 0.0493445 0.0407372 0.0367815 0.0215668 0.0243155 0.0234873 0.0199281 0.019796 0.0243948 0.0301388 0.0376714 0.0412746 0.0863199 0.0771752 0.113111 0.0741005 0.0525337 0.0229764 0.00759418 0.00175318 0 0 0
 0 0 0 0 0 0 0 0 0 0 0.00219441 0.00772107 0.0458388 0.0604681 0.0671733 0.0775358 0.0609151 0.0617685 0.073594 0.0568108 0.0755445 0.0548602 0.0670107 0.0636378 0.0643287 0.046367 0.0373049 0.0286899 0.0247887 0.0153202 0.00654259 0.00121912 0.000365735 0 0 0
 0 0 0 0 0 0 0 0 0 0 0 0 0.000112435 0.00938835 0.0111873 0.0202946 0.0414886 0.0713402 0.111592 0.104902 0.108894 0.110636 0.117776 0.105296 0.107544 0.0401394 0.0192827 0.0124803 0.00416011 0.0028671 0.000618394 0 0 0 0 0
 0 0 0 0 0 0 0 0 0 0 0.00291406 0.0102884 0.027416 0.0768956 0.0749926 0.110853 0.0956884 0.0897413 0.0766577 0.0534642 0.0500743 0.0551293 0.0594112 0.0620874 0.0668451 0.0424026 0.0208742 0.0120726 0.0048766 0.00582813 0.00118941 0.000297354 0 0 0 0
 0 0.00264628 0.0354308 0.0461629 0.0458689 0.0383711 0.0214643 0.0164657 0.0346957 0.0420465 0.0363128 0.0245516 0.0311673 0.0291091 0.0169068 0.0133784 0.00837989 0.0085269 0.0148486 0.0160247 0.0276389 0.0546898 0.0760071 0.122758 0.109233 0.0665981 0.0333725 0.0166128 0.00676272 0.00308733 0.000882094 0 0 0 0 0
 0 0 0 0 0 0 0 0.000805153 0.000690131 0.00759144 0.0133425 0.0154129 0.00931677 0.000345066 0.00356568 0.00563607 0.00851162 0.0253048 0.0502646 0.0516448 0.0657925 0.0565908 0.0611916 0.0827007 0.0866115 0.110766 0.145733 0.0935128 0.0569358 0.0249597 0.0138026 0.00621118 0.00161031 0.00115022 0 0
 0 0 0 0 0 0 0 0 0 0 0 0 0 0 0 0 0 0 0 0 0 0 0 0 0 0 0 0 0 0 0 0 0 0 0 0
 0.00147267 0.00158595 0.00478618 0.00569244 0.00954404 0.0108468 0.00647125 0.017049 0.0510054 0.094081 0.124002 0.0959785 0.0687766 0.0820023 0.061753 0.0591476 0.0492212 0.0479892 0.0443925 0.0268479 0.0217502 0.0140895 0.0121071 0.0120363 0.00920419 0.00665534 0.0049561 0.00860946 0.00930331 0.0156896 0.0114698 0.00855282 0.00243557 0.00046729 0 2.83206e-05
 0 0 0 0 0.000772559 0.00158375 0.000888443 0.00281984 0.00712685 0.0440552 0.0773331 0.111326 0.0921469 0.0852325 0.0710754 0.0886704 0.0786465 0.0553345 0.0373146 0.0185414 0.00753245 0.00457741 0.012979 0.0271748 0.0457355 0.0583668 0.034881 0.0177882 0.00938659 0.00492506 0.0015258 0.00185414 0.000309023 5.79419e-05 3.86279e-05 0
 0 0.00173294 0.00326652 0 0.00397197 0.00683976 0.00946217 0.0152591 0.00757587 0.0136028 0.0228656 0.0392903 0.0559909 0.0764795 0.0681675 0.0726916 0.0566044 0.0477403 0.0527397 0.0444891 0.0609904 0.0582453 0.0661739 0.0445044 0.0529084 0.0360697 0.0280645 0.0235558 0.0158879 0.00826598 0.00280645 0.00217768 0.000904811 0.00058276 9.20147e-05 0
 0 0 0 0 0 0 0 0 0 0 0 0 0 0 0 0 0 0 0 0 0 0 0 0 0 0 0 0 0 0 0 0 0 0 0 0
 0 0 0 0 0 0 0 0 0 0 0 0 0 0 0 0 0 0 0 0 0 0 0 0 0 0 0 0 0 0 0 0 0 0 0 0
 0 0 0 0 0 0 0 0 0 0 0 0 0 0 0 0 0 0 0 0 0 0 0 0 0 0 0 0 0 0 0 0 0 0 0 0
ppred_pel_tallas
 1.01163e-16 3.3554e-05 0.000196938 0.000936158 0.00360427 0.0112396 0.0283903 0.0580902 0.0962905 0.129314 0.140716 0.124114 0.0888282 0.0518068 0.0250796 0.0109407 0.00572305 0.0051106 0.00645799 0.00860131 0.0110601 0.0135393 0.0157652 0.0174816 0.0184941 0.0187108 0.0181587 0.016969 0.0153371 0.0134744 0.0115649 0.00974089 0.0080779 0.0066054 0.00532407 0.00422179
 1.01398e-16 3.10266e-05 0.000182094 0.000865576 0.00333249 0.010392 0.0262495 0.0537105 0.0890329 0.119574 0.130135 0.114822 0.0822677 0.0481615 0.0236528 0.0108942 0.00652557 0.00657642 0.00859929 0.0114847 0.0147189 0.017928 0.0207425 0.0228177 0.0239007 0.0238866 0.0228399 0.0209698 0.0185721 0.0159565 0.0133846 0.0110335 0.00899035 0.0072695 0.00584117 0.00465836
 1.02598e-16 2.39204e-05 0.000140365 0.00066717 0.00256854 0.00800966 0.020232 0.041399 0.0686295 0.0921861 0.100366 0.0886461 0.0637097 0.0376941 0.0192528 0.0101178 0.00777302 0.00921429 0.0125695 0.0169337 0.0217847 0.026638 0.0309699 0.0342788 0.0361872 0.0365238 0.0353557 0.0329558 0.0297228 0.0260812 0.0223945 0.0189162 0.0157818 0.0130317 0.0106494 0.0085958
 1.03264e-16 2.83356e-05 0.000166298 0.000790485 0.00304338 0.00949046 0.0239722 0.0490507 0.0813087 0.1092 0.118845 0.104862 0.0751329 0.043989 0.0216143 0.00997924 0.00602366 0.00613513 0.00809828 0.0109258 0.0141782 0.0175435 0.0207059 0.0233568 0.0252488 0.026243 0.0263299 0.0256145 0.0242749 0.0225111 0.0205011 0.0183782 0.0162288 0.0141055 0.0120445 0.0100794
 1.02741e-16 3.00567e-05 0.000176402 0.00083852 0.00322833 0.0100672 0.025429 0.0520315 0.0862495 0.115835 0.126063 0.111223 0.0796758 0.0466177 0.0228464 0.0104441 0.00615419 0.00613274 0.00801704 0.0107484 0.0138529 0.0169981 0.0198558 0.0221156 0.0235425 0.0240256 0.0235979 0.0224152 0.0207069 0.0187153 0.0166443 0.0146315 0.0127466 0.0110077 0.00940669 0.00792981
 1.03515e-16 2.29636e-05 0.000134747 0.000640464 0.00246572 0.00768901 0.0194221 0.0397418 0.0658828 0.0884982 0.0963545 0.0851127 0.0611908 0.0362453 0.0185896 0.00989426 0.00775242 0.00928718 0.0127048 0.0171341 0.0220644 0.0270148 0.0314628 0.0349072 0.0369701 0.0374791 0.0364984 0.0342957 0.0312613 0.0278081 0.0242858 0.0209334 0.0178733 0.0151372 0.0127049 0.0105403
 1.03781e-16 2.77908e-05 0.0001631 0.000775281 0.00298484 0.00930792 0.0235111 0.0481073 0.0797449 0.1071 0.11656 0.102847 0.0736918 0.0431508 0.0212131 0.00981289 0.00595109 0.00608754 0.00805282 0.0108822 0.0141482 0.0175476 0.0207723 0.023519 0.0255419 0.0266986 0.0269708 0.0264499 0.0252979 0.0236981 0.0218145 0.0197702 0.0176468 0.0154977 0.0133647 0.0112906
 1.04171e-16 2.42664e-05 0.0001424 0.000676856 0.00260585 0.00812602 0.0205258 0.0419999 0.0696244 0.0935185 0.101806 0.0898932 0.0645519 0.0380838 0.0192523 0.00979571 0.00714423 0.00823966 0.0111868 0.0150925 0.0194759 0.0239158 0.0279617 0.0311811 0.0332447 0.0339967 0.0334807 0.0319112 0.0296044 0.0268937 0.0240584 0.0212857 0.0186687 0.0162306 0.0139602 0.0118407
 1.04275e-16 2.5899e-05 0.00015199 0.000722456 0.00278144 0.0086736 0.0219089 0.0448294 0.0743128 0.0998093 0.108637 0.0958839 0.0687644 0.0403896 0.0200869 0.0096809 0.00639915 0.0069588 0.00934062 0.0126274 0.0163786 0.0202481 0.0238734 0.0269003 0.0290476 0.0301628 0.0302449 0.0294253 0.0279175 0.0259557 0.0237431 0.0214245 0.0190862 0.0167726 0.0145101 0.0123251
 1.04473e-16 2.45086e-05 0.000143824 0.000683628 0.00263193 0.00820736 0.0207313 0.0424201 0.0703203 0.0944513 0.102816 0.0907727 0.0651563 0.038386 0.0193049 0.00966005 0.00684756 0.00777449 0.0105299 0.0142257 0.0184019 0.0226679 0.0266079 0.0298191 0.0319895 0.032962 0.0327594 0.0315594 0.0296332 0.0272706 0.0247164 0.0221376 0.0196229 0.0172039 0.0148862 0.0126741
 1.06233e-16 1.8382e-05 0.000107849 0.000512587 0.00197335 0.0061536 0.0155438 0.0318065 0.0527303 0.070838 0.0771453 0.0681895 0.049122 0.0292941 0.0153909 0.00878901 0.00760571 0.00957782 0.0132941 0.0180561 0.0234207 0.0289347 0.0340861 0.0383693 0.0413855 0.042922 0.0429855 0.0417726 0.0395967 0.0367979 0.0336675 0.0304095 0.0271396 0.0239121 0.0207547 0.0176966
 1.08417e-16 1.80474e-05 0.000105891 0.000503294 0.0019376 0.00604211 0.0152621 0.0312296 0.0517721 0.0695453 0.0757233 0.0668987 0.0481185 0.0285489 0.0147333 0.00800046 0.00648289 0.00795215 0.0110397 0.0151086 0.0198073 0.0248018 0.029709 0.0341347 0.0377439 0.0403188 0.0417859 0.0421988 0.0416931 0.0404303 0.0385547 0.036175 0.0333717 0.030218 0.0268011 0.0232333
 1.07049e-16 2.51337e-05 0.000147502 0.000701131 0.00269935 0.00841762 0.0212623 0.0435059 0.0721178 0.0968579 0.105416 0.0930197 0.0666646 0.0390646 0.0192589 0.00900415 0.00559761 0.00584938 0.00781056 0.0106223 0.0139111 0.0174141 0.0208607 0.0239801 0.0265463 0.028418 0.0295543 0.0300004 0.0298524 0.0292163 0.0281767 0.0267858 0.0250721 0.0230594 0.0207875 0.0183227
 1.04999e-16 2.5914e-05 0.000152077 0.000722871 0.00278303 0.00867857 0.0219215 0.0448552 0.0743558 0.0998679 0.108703 0.0959472 0.0688208 0.0404446 0.0201539 0.00977714 0.00654135 0.00716042 0.00960815 0.0129557 0.0167465 0.0206162 0.0241861 0.0270941 0.0290637 0.0299622 0.0298217 0.0288137 0.0271904 0.025214 0.0230977 0.0209765 0.0189087 0.0168997 0.0149337 0.0130002
 1.03089e-16 2.97482e-05 0.000174591 0.000829912 0.00319518 0.00996386 0.025168 0.0514974 0.085364 0.114646 0.124768 0.110081 0.0788566 0.046137 0.0226084 0.010332 0.00608524 0.00606505 0.00793538 0.0106518 0.0137498 0.0169046 0.0197957 0.0221177 0.0236372 0.02424 0.0239508 0.022913 0.0213426 0.0194686 0.0174848 0.0155232 0.0136521 0.0118928 0.0102428 0.00869584
 1.01932e-16 3.19321e-05 0.000187413 0.000890873 0.0034299 0.0106958 0.0270168 0.0552802 0.0916337 0.123063 0.133922 0.118141 0.0845955 0.0494232 0.0240845 0.0107778 0.00602806 0.00573864 0.00739301 0.00987037 0.0126841 0.0155099 0.0180369 0.0199744 0.0211059 0.021335 0.0207039 0.019373 0.0175736 0.015549 0.0135045 0.0115786 0.00984064 0.00830505 0.00695531 0.00576521
 1.02256e-16 2.67529e-05 0.000156998 0.000746254 0.00287305 0.00895928 0.0226306 0.0463063 0.0767624 0.103103 0.112232 0.0990811 0.0711095 0.0418713 0.0210152 0.0104412 0.00729697 0.00819298 0.0110268 0.0148103 0.0190221 0.023219 0.0269363 0.029734 0.0312851 0.031448 0.0302942 0.0280776 0.0251622 0.0219309 0.0187081 0.0157151 0.0130632 0.0107761 0.00882479 0.00716085
 1.03009e-16 2.71049e-05 0.000159069 0.00075611 0.00291101 0.00907767 0.0229296 0.0469178 0.0777744 0.104458 0.113695 0.100344 0.0719543 0.0422451 0.0209751 0.0100497 0.00656134 0.0070675 0.00944784 0.0127358 0.0164648 0.0202695 0.0237704 0.0266002 0.028472 0.0292384 0.0289148 0.0276595 0.02572 0.0233669 0.0208366 0.0183 0.0158585 0.0135602 0.0114236 0.0094581
 1.0337e-16 2.69948e-05 0.000158422 0.000753037 0.00289918 0.00904077 0.0228364 0.0467271 0.0774584 0.104034 0.113234 0.0999396 0.0716685 0.042086 0.020912 0.0100453 0.00659095 0.00712056 0.0095209 0.0128261 0.0165668 0.0203736 0.0238635 0.0266685 0.0285049 0.029232 0.0288756 0.0276051 0.0256777 0.0233688 0.0209138 0.0184759 0.016144 0.0139515 0.0119029 0.009997
 1.02588e-16 3.11822e-05 0.000183012 0.00086995 0.00334935 0.0104446 0.0263823 0.0539818 0.0894813 0.120172 0.130775 0.115363 0.0826012 0.0482488 0.0234956 0.0104879 0.00583319 0.00553389 0.00713876 0.00956323 0.0123455 0.0151842 0.0177896 0.0198872 0.0212655 0.0218195 0.021568 0.0206364 0.0192155 0.0175095 0.0156928 0.0138866 0.0121564 0.0105269 0.00900122 0.00757844
 1.02329e-16 2.88446e-05 0.000169282 0.000804662 0.00309795 0.00966063 0.0244021 0.0499307 0.0827684 0.111164 0.120991 0.106776 0.0765494 0.0449084 0.0222318 0.0105387 0.0067237 0.00711094 0.00943117 0.0126448 0.0162487 0.0198539 0.0230648 0.0255085 0.0269075 0.0271406 0.0262655 0.0244933 0.0221266 0.0194829 0.0168297 0.0143474 0.0121249 0.0101793 0.00848623 0.00700775
 1.02568e-16 2.84172e-05 0.000166774 0.000792742 0.00305206 0.00951752 0.0240406 0.0491909 0.081542 0.109516 0.119196 0.105189 0.0754049 0.0442236 0.0218687 0.0103281 0.0065424 0.00689235 0.00914791 0.0122946 0.0158504 0.0194475 0.0227105 0.0252808 0.0268841 0.0273885 0.026827 0.0253758 0.0232988 0.0208791 0.0183604 0.0159138 0.0136335 0.0115539 0.00967511 0.00798575
 1.02429e-16 3.02017e-05 0.000177253 0.000842568 0.00324391 0.0101158 0.0255518 0.0522827 0.0866658 0.116394 0.126671 0.111758 0.0800569 0.0468361 0.0229449 0.0104749 0.00615341 0.00611744 0.00799336 0.0107185 0.0138186 0.0169615 0.0198192 0.0220806 0.0235077 0.0239861 0.023544 0.022333 0.02058 0.0185278 0.0163839 0.0142926 0.0123322 0.01053 0.00888532 0.00738931
 1.02413e-16 2.88668e-05 0.000169413 0.000805288 0.00310036 0.00966815 0.0244211 0.0499694 0.0828325 0.11125 0.121082 0.106852 0.0765949 0.0449169 0.0222024 0.0104691 0.00660709 0.00693665 0.00918865 0.0123284 0.0158622 0.0194136 0.0226004 0.0250609 0.026523 0.0268631 0.0261287 0.0245141 0.0223019 0.0197914 0.0172362 0.0148096 0.0126008 0.0106327 0.00889063 0.00734777
 1.04572e-16 1.69971e-05 9.97112e-05 0.000473882 0.0018243 0.00568877 0.0143697 0.029405 0.0487519 0.0655024 0.0713586 0.0631313 0.0456015 0.0274418 0.0148688 0.00919822 0.00873057 0.0113997 0.0158959 0.0215231 0.0277692 0.0340676 0.0397746 0.0442641 0.0470573 0.0479252 0.0469287 0.0443793 0.0407421 0.0365145 0.0321228 0.0278648 0.023902 0.0202906 0.0170268 0.0140879
pSPR Fmed_Fpbrs
0.756455   0.3309 0.3309
Fs Fmed_Fpbrs
0.167757   1.005 1.005
SSBpbr Bo_Bmed_Bpbrs
1.59909e+06  1.12969e+06  449185 449185
Ro
67507.9
SPR SPRFo_SPRFmed_SPRFpbrs
1.39131e+06 1.05246e+06 460383
log_Ro
10.94
likeval ReclasPelacesDesembMPH_pf_preclas_ppelaces_ptallas_desvR_qrecl_qpela
 63.4677 23.8503 0.0344191 0.000209279 291.112 203.171 71.5148 0 16.5858 0.000111035 0 0 0 0 0
q_reclas_q_pelaces
0.224656 1
M
0.7
N
 74998.3 19591.6 7301.56 862.119 0.443389
 94738.3 34894.6 7086.37 2641.01 311.993
 61462.9 44833.7 13708.3 2783.86 1160.08
 91253.3 28596.8 16216.1 4958.21 1426.5
 150982 44778.1 13400.5 7598.9 2991.89
 110541 74784.2 21961.2 6572.24 5194.21
 167478 53446.2 32610.7 9576.5 5130.92
 143566 81787 24465 14927.5 6732.32
 157605 68905.1 34410.7 10293.3 9113.08
 143722 75202.8 28178.3 14072.1 7936.13
 69105.6 68945.9 31564 11827 9237.23
 41048.8 31783.7 23575 10792.8 7202.58
 42286.6 18971.7 11128.7 8254.55 6300.9
 24789.7 18766.5 5452.3 3198.29 4183.1
 20209.7 10139.8 3626.62 1053.65 1426.45
 26537.7 8472.03 2208.29 789.817 540.125
 22704.4 12338.9 3054.21 796.099 479.451
 25698.5 10757.1 4874.76 1206.64 503.937
 29412.7 12366.4 4583.86 2077.26 728.919
 52461.4 14221.8 5394.06 1999.41 1224.01
 65993.4 25358.6 6194.11 2349.31 1403.92
 86249.3 32343.4 11812.5 2885.32 1748.32
 135769 42108 14785.8 5400.09 2118.28
 174570 66078.8 18961.2 6658.06 3385.52
 77222.5 85018.7 29850.1 8565.45 4537.04
pred_Ctot
 3413.81 3897.26 1452.46 171.497 0.0882013
 3212.29 5313.6 1079.08 402.161 47.5089
 2797.95 8919.28 2727.14 553.825 230.788
 778.134 1162.78 659.366 201.607 58.0033
 277.303 398.442 119.24 67.6161 26.6223
 2098.46 6604.08 1939.36 580.384 458.692
 2000.81 3020.09 1842.74 541.14 289.933
 3464.54 9070.3 2713.21 1655.49 746.625
 4444.22 8844.11 4416.68 1321.17 1169.68
 3518.24 8453.21 3167.4 1581.78 892.065
 3684.85 15775.7 7222.24 2706.16 2113.6
 2054.07 6877.42 5101.22 2335.38 1558.51
 3254.04 5929.81 3478.39 2580.04 1969.41
 3178.47 8692.58 2525.49 1481.43 1937.6
 2286.97 4289.05 1534.02 445.686 603.374
 1220.26 1700.62 443.276 158.542 108.421
 751.657 1837.99 454.954 118.586 71.4188
 573.197 1107.4 501.84 124.219 51.8786
 557.172 1089.84 403.971 183.067 64.239
 1005.07 1266.93 480.524 178.116 109.04
 620.245 1134.14 277.025 105.07 62.7889
 1046.83 1855.95 677.834 165.568 100.323
 1945.93 2838.53 996.722 364.024 142.794
 2421.4 4315.56 1238.34 434.833 221.106
 929.883 4841.24 1699.76 487.745 258.354
F
 0.0651316 0.316926 0.316926 0.316926 0.316926
 0.0481579 0.234333 0.234333 0.234333 0.234333
 0.0651377 0.316956 0.316956 0.316956 0.316956
 0.0119197 0.0580003 0.0580003 0.0580003 0.0580003
 0.00255677 0.0124411 0.0124411 0.0124411 0.0124411
 0.0267096 0.129967 0.129967 0.129967 0.129967
 0.0167351 0.0814319 0.0814319 0.0814319 0.0814319
 0.0340633 0.16575 0.16575 0.16575 0.16575
 0.0399053 0.194177 0.194177 0.194177 0.194177
 0.0345612 0.168172 0.168172 0.168172 0.168172
 0.076683 0.373135 0.373135 0.373135 0.373135
 0.0718102 0.349424 0.349424 0.349424 0.349424
 0.112396 0.546913 0.546913 0.546913 0.546913
 0.193955 0.943774 0.943774 0.943774 0.943774
 0.169393 0.824254 0.824254 0.824254 0.824254
 0.0658144 0.320249 0.320249 0.320249 0.320249
 0.0469966 0.228682 0.228682 0.228682 0.228682
 0.0314477 0.153022 0.153022 0.153022 0.153022
 0.0266521 0.129687 0.129687 0.129687 0.129687
 0.0269582 0.131177 0.131177 0.131177 0.131177
 0.0131449 0.063962 0.063962 0.063962 0.063962
 0.0170041 0.0827411 0.0827411 0.0827411 0.0827411
 0.0201073 0.0978407 0.0978407 0.0978407 0.0978407
 0.0194536 0.0946597 0.0946597 0.0946597 0.0946597
 0.0168691 0.0820838 0.0820838 0.0820838 0.0820838
nmprior
 10 11 7 0
nm_flota  nm_reclas  nm_pelaces    nm_pelaL
inf 12.2783 20.3181 37.1074
cv_recla  cv_pelaces  cv_mph
0.720612 0.574661 0.469355
 ------------------------------------------------
Talla a la edad & desviación 
 7.2 14.2025 17.0495 18.207 18.6776
 1.08 2.13037 2.55742 2.73105 2.80164
