years
 1997 1998 1999 2000 2001 2002 2003 2004 2005 2006 2007 2008 2009 2010 2011 2012 2013 2014 2015 2016 2017 2018 2019 2020 2021
reclasobs
 0 0 0 370054 412103 1.49427e+06 250295 1.28982e+06 931140 785840 897777 1.04006e+06 184774 17550 25797 100020 73551 82996 120727 218422 84188 347160 605670 569463 516374
reclaspred
 3.29219e+06 410624 598869 181107 234331 303681 559834 470888 726111 1.14472e+06 1.25014e+06 815960 444212 200072 128929 119119 127006 160733 150520 204429 383485 380929 540866 445204 303050
pelacesobs
 0 0 0 0 0 0 0 0 0 2.06254e+06 1.5e+06 0 1.87456e+06 323000 250000 174000 83755 137374 0 501740 490994 745055 786931 1.00524e+06 0
pelacespred
 1.42671e+06 567940 186495 132272 135926 125752 292831 269716 401936 662980 643335 433845 238350 85358.9 53791.1 56660 63047.1 80071.9 78493.1 102896 212885 223706 241356 235357 151192
mphobs
 0 0 0 0 0 112323 0 153150 637223 0 255016 313432 73983 77613 109348 50772 0 0 0 0 0 0 0 0 0
mphpred
 2.34816e+06 1.01901e+06 457097 245185 135881 301870 331507 466885 513388 817576 1.25158e+06 885745 493386 263908 120419 102460 104387 127890 141518 139419 264054 365754 405180 427527 363601
desembarqueobs
 350755 77701 442110 56441 14545 235359 269955 359681 431902 328805 639364 411747 362871 311530 167758 66681 60226 58785 57116 71774 51957 67425 138520 160799 200461
desembarquepred
 350736 77681.9 441681 56421.7 14543.8 235170 269817 359232 431521 328591 638645 411357 362304 311020 167468 66641.6 60203.6 58750 57074 71719.7 51943.1 67389.4 138433 160702 200423
Reclutas
 8931.47 11530.8 2203.54 6051.16 50412.1 17884.4 57522.9 67879.7 121768 198798 62645.3 25023.2 50074.7 27878.1 19540.1 14471.1 11404.5 11444.7 9232.82 27896.2 37797.2 33473.7 39470.1 25948.1 720.378
log_desv_Rt
 -0.882663 -0.627222 -2.28218 -1.27199 0.847987 -0.188315 0.979938 1.14549 1.72987 2.22004 1.06524 0.147558 0.841271 0.255597 -0.0997759 -0.400093 -0.638233 -0.634721 -0.84948 0.256245 0.559991 0.438514 0.603298 0.183855 -3.40022
SSB
 2.34816e+06 1.01901e+06 457097 245185 135881 301870 331507 466885 513388 817576 1.25158e+06 885745 493386 263908 120419 102460 104387 127890 141518 139419 264054 365754 405180 427527 363601
BT
 2.91409e+06 1.1917e+06 598379 318640 385748 424905 1.07593e+06 1.04786e+06 1.53326e+06 2.04192e+06 1.88639e+06 1.22079e+06 898986 482812 277781 182267 196549 229623 210135 319285 570862 507675 591295 613297 452055
Ftot
 0.103728 0.183216 0.682313 0.299241 0.060662 0.716138 0.460263 0.714058 0.564244 0.277337 0.483645 0.476986 0.755494 1.34367 1.16112 0.529124 0.451433 0.350527 0.362818 0.337531 0.131824 0.171608 0.246981 0.34573 0.616037
BD_Bspro_t
 0.983652 0.877662 0.688724 0.383635 0.412462 0.666244 0.500175 0.530099 0.505686 0.561997 0.6265 0.466467 0.336849 0.245033 0.145526 0.149148 0.199541 0.300231 0.376346 0.435026 0.613417 0.73568 0.724168 0.669451 0.545063
BD_Bspro
 5.27717 2.29009 1.02726 0.551019 0.305373 0.678412 0.745016 1.04926 1.15377 1.83739 2.81276 1.99059 1.10882 0.593097 0.270624 0.230265 0.234594 0.287414 0.318042 0.313324 0.593425 0.821982 0.910586 0.960808 0.817144
BD_Bo
 2.26441 0.982668 0.440794 0.23644 0.131034 0.291104 0.319683 0.450233 0.495077 0.788416 1.20694 0.854154 0.475789 0.254495 0.116124 0.0988058 0.100663 0.123328 0.13647 0.134446 0.254636 0.352709 0.390729 0.412279 0.350633
BD_Brms
 11.0628 4.80083 2.1535 1.15513 0.640169 1.42219 1.56181 2.19962 2.4187 3.85181 5.89654 4.17297 2.32447 1.24334 0.567323 0.482716 0.491792 0.602521 0.666727 0.656837 1.24403 1.72316 1.90891 2.01419 1.71302
S_f
 0.5 1 1 1 1
 0.5 1 1 1 1
 0.5 1 1 1 1
 0.5 1 1 1 1
 0.5 1 1 1 1
 0.5 1 1 1 1
 0.5 1 1 1 1
 0.5 1 1 1 1
 0.5 1 1 1 1
 0.5 1 1 1 1
 0.5 1 1 1 1
 0.5 1 1 1 1
 0.5 1 1 1 1
 0.5 1 1 1 1
 0.5 1 1 1 1
 0.5 1 1 1 1
 0.5 1 1 1 1
 0.5 1 1 1 1
 0.5 1 1 1 1
 0.5 1 1 1 1
 0.5 1 1 1 1
 0.5 1 1 1 1
 0.5 1 1 1 1
 0.5 1 1 1 1
 0.5 1 1 1 1
Scru_reclas
 0.5 1 1 1 1
 0.5 1 1 1 1
 0.5 1 1 1 1
 0.5 1 1 1 1
 0.5 1 1 1 1
 0.5 1 1 1 1
 0.5 1 1 1 1
 0.5 1 1 1 1
 0.5 1 1 1 1
 0.5 1 1 1 1
 0.5 1 1 1 1
 0.5 1 1 1 1
 0.5 1 1 1 1
 0.5 1 1 1 1
 0.5 1 1 1 1
 0.5 1 1 1 1
 0.5 1 1 1 1
 0.5 1 1 1 1
 0.5 1 1 1 1
 0.5 1 1 1 1
 0.5 1 1 1 1
 0.5 1 1 1 1
 0.5 1 1 1 1
 0.5 1 1 1 1
 0.5 1 1 1 1
Scru_pelaces
 0.5 1 1 1 1
 0.5 1 1 1 1
 0.5 1 1 1 1
 0.5 1 1 1 1
 0.5 1 1 1 1
 0.5 1 1 1 1
 0.5 1 1 1 1
 0.5 1 1 1 1
 0.5 1 1 1 1
 0.5 1 1 1 1
 0.5 1 1 1 1
 0.5 1 1 1 1
 0.5 1 1 1 1
 0.5 1 1 1 1
 0.5 1 1 1 1
 0.5 1 1 1 1
 0.5 1 1 1 1
 0.5 1 1 1 1
 0.5 1 1 1 1
 0.5 1 1 1 1
 0.5 1 1 1 1
 0.5 1 1 1 1
 0.5 1 1 1 1
 0.5 1 1 1 1
 0.5 1 1 1 1
pf_obs 
 0.256992 0.487395 0.22802 0.0275931 0
 0.321318 0.546541 0.124235 0.00734118 0.000564706
 0.182869 0.594174 0.210203 0.0122559 0.00049798
 0.330522 0.361315 0.267642 0.0388342 0.00168674
 0.649043 0.306663 0.0425973 0.00169635 0
 0.582887 0.30429 0.105238 0.00758474 0
 0.465427 0.430635 0.0974691 0.00646863 0
 0.296916 0.608066 0.0921331 0.00288517 0
 0.311714 0.524322 0.152257 0.0117073 0
 0.15457 0.633149 0.183074 0.0267441 0.00246327
 0.131901 0.49318 0.331252 0.0422183 0.00144891
 0.196976 0.569456 0.194076 0.0375587 0.00193317
 0.518974 0.381816 0.0799577 0.0180837 0.00116848
 0.0928022 0.601141 0.25162 0.0475244 0.00691264
 0.122501 0.610282 0.24278 0.0234846 0.000952079
 0.383417 0.481906 0.127806 0.00687128 0
 0.0376549 0.599619 0.316969 0.0457579 0
 0.0361596 0.667082 0.258105 0.0386534 0
 0.158088 0.579412 0.248529 0.0139706 0
 0.0477256 0.309471 0.559284 0.082774 0.000745712
 0.0406174 0.521527 0.379366 0.0568643 0.0016247
 0.151134 0.462217 0.34131 0.0453401 0
 0.294876 0.26143 0.354403 0.0886775 0.000613685
 0.281977 0.475581 0.204845 0.0348837 0.00271318
 0 0 0 0 0
pf_pred 
 0.0473804 0.616326 0.296689 0.039603 1.47758e-06
 0.116864 0.082053 0.518285 0.249494 0.0333045
 0.0500838 0.207107 0.069015 0.435931 0.237863
 0.321842 0.0776661 0.130923 0.043628 0.42594
 0.833892 0.0844661 0.0093501 0.0157617 0.0565306
 0.278988 0.656709 0.0326978 0.00361953 0.0279852
 0.713928 0.140082 0.132971 0.00662066 0.00639933
 0.594805 0.34482 0.0295643 0.0280635 0.00274787
 0.694363 0.239735 0.0560822 0.00480841 0.00501123
 0.660906 0.285853 0.0417605 0.00976921 0.00171053
 0.245643 0.609883 0.12179 0.0177924 0.00489104
 0.195092 0.345113 0.371735 0.0742336 0.013826
 0.515439 0.173454 0.133391 0.14368 0.0340361
 0.431866 0.41339 0.0553922 0.0425981 0.0567535
 0.54576 0.317838 0.0992495 0.0132989 0.023853
 0.535314 0.360389 0.0729784 0.0227885 0.00853039
 0.452928 0.398931 0.114891 0.0232654 0.00998441
 0.471308 0.345726 0.133421 0.0384249 0.0111203
 0.40942 0.391956 0.129886 0.0501249 0.0186136
 0.703673 0.179675 0.0774193 0.0256551 0.0135773
 0.582538 0.35052 0.0405898 0.0174895 0.00886286
 0.423552 0.428524 0.124204 0.0143826 0.00933775
 0.452783 0.332028 0.159969 0.0463655 0.00885489
 0.34009 0.422204 0.14423 0.0694891 0.0239873
 0.0196537 0.522062 0.293206 0.100163 0.0649161
pobs_RECLAS
 0 0 0 0 0
 0 0 0 0 0
 0 0 0 0 0
 0 0 0 0 0
 0.835266 0.146461 0.0176864 0.000547809 3.91292e-05
 0.385257 0.428462 0.181853 0.0044286 0
 0.867414 0.0963971 0.0333333 0.00285562 0
 0.441836 0.489002 0.0689373 0.000224442 0
 0.779404 0.147425 0.0564933 0.0165055 0.000172143
 0.814271 0.122319 0.05973 0.00367925 0
 0.40263 0.566651 0.0304383 0.000280538 0
 0.475488 0.404961 0.113038 0.00651328 0
 0.955842 0.0263864 0.0167828 0.000988607 0
 0.975058 0.0227948 0.00214734 0 0
 0.738997 0.206755 0.0527124 0.00153531 0
 0.850938 0.134255 0.0134407 0.00136685 0
 0.542534 0.407297 0.0501686 0 0
 0.764087 0.199537 0.0359546 0.000420521 0
 0.470689 0.182191 0.310203 0.0369168 0
 0.84361 0.089868 0.0606195 0.00523954 0.000663233
 0.607945 0.314616 0.071237 0.00620181 0
 0.523733 0.453247 0.0230204 0 0
 0.530135 0.295979 0.169645 0.0042399 0
 0.562478 0.366248 0.0663022 0.0049721 0
 0.250443 0.683176 0.0655157 0.000865301 0
ppred_RECLAS
 0.0475308 0.616228 0.296642 0.0395968 1.47735e-06
 0.117517 0.0819922 0.517901 0.249309 0.0332799
 0.0517077 0.206753 0.0688971 0.435186 0.237456
 0.324327 0.0773815 0.130444 0.0434681 0.424379
 0.83415 0.0843347 0.00933555 0.0157371 0.0564426
 0.286285 0.650063 0.0323669 0.00358291 0.027702
 0.717931 0.138121 0.13111 0.00652801 0.00630977
 0.603413 0.337494 0.0289363 0.0274673 0.0026895
 0.699824 0.235452 0.0550803 0.0047225 0.00492171
 0.663222 0.283901 0.0414753 0.00970249 0.00169884
 0.249559 0.606717 0.121158 0.0177001 0.00486566
 0.198353 0.343715 0.370229 0.0739328 0.01377
 0.525129 0.169985 0.130723 0.140807 0.0333555
 0.454347 0.397033 0.0532004 0.0409125 0.0545077
 0.563778 0.305231 0.0953126 0.0127714 0.0229068
 0.541205 0.35582 0.0720532 0.0224996 0.00842225
 0.457687 0.395461 0.113892 0.023063 0.00989756
 0.47476 0.343469 0.13255 0.038174 0.0110476
 0.412923 0.389631 0.129115 0.0498276 0.0185032
 0.706419 0.17801 0.0767019 0.0254174 0.0134514
 0.583594 0.349633 0.0404872 0.0174453 0.00884046
 0.424984 0.42746 0.123895 0.0143469 0.00931457
 0.455012 0.330675 0.159317 0.0461767 0.00881882
 0.343151 0.420245 0.143561 0.0691668 0.023876
 0.0202236 0.521758 0.293035 0.100104 0.0648783
pobs_PELACES
 0 0 0 0 0
 0 0 0 0 0
 0 0 0 0 0
 0 0 0 0 0
 0 0 0 0 0
 0 0 0 0 0
 0 0 0 0 0
 0 0 0 0 0
 0 0 0 0 0
 0 0 0 0 0
 0.450072 0.473896 0.0757376 0.000293798 0
 0 0 0 0 0
 0.463077 0.371075 0.160297 0.00555027 0
 0.529543 0.364841 0.0842815 0.0213345 0
 0.631943 0.363953 0.00410389 0 0
 0.735681 0.248677 0.0153453 0.000297389 0
 0.695825 0.281241 0.0229344 0 0
 0.275771 0.60734 0.115278 0.00161068 0
 0 0 0 0 0
 0.896147 0.0623911 0.0374545 0.00400742 0
 0.803859 0.145111 0.0509908 3.86294e-05 0
 0.739449 0.233085 0.0266225 0.000797448 4.60066e-05
 0.878498 0.100942 0.0204185 0.000141795 0
 0.694673 0.275183 0.0284847 0.00165964 0
 0 0 0 0 0
ppred_PELACES
 0.0483117 0.615723 0.296399 0.0395643 1.47614e-06
 0.120689 0.0816976 0.51604 0.248413 0.0331602
 0.057515 0.205487 0.0684751 0.432521 0.236002
 0.33524 0.0761317 0.128337 0.0427661 0.417525
 0.83553 0.0836329 0.00925787 0.0156062 0.0559729
 0.311024 0.62753 0.031245 0.00345871 0.0267417
 0.733052 0.130717 0.124081 0.00617805 0.00597151
 0.631236 0.313816 0.0269062 0.0255403 0.00250081
 0.71901 0.220402 0.0515597 0.00442065 0.00460712
 0.673366 0.27535 0.0402261 0.00941026 0.00164768
 0.264801 0.594394 0.118698 0.0173406 0.00476683
 0.211165 0.338222 0.364312 0.0727512 0.0135499
 0.556078 0.158907 0.122204 0.13163 0.0311817
 0.509644 0.356797 0.0478089 0.0367663 0.0489838
 0.610186 0.272759 0.0851727 0.0114127 0.0204698
 0.562792 0.339078 0.068663 0.021441 0.00802597
 0.476225 0.381943 0.109999 0.0222746 0.00955923
 0.4892 0.334026 0.128906 0.0371246 0.0107439
 0.427507 0.379952 0.125908 0.0485898 0.0180436
 0.717835 0.171088 0.0737193 0.024429 0.0129284
 0.58887 0.345203 0.0399742 0.0172243 0.00872845
 0.431917 0.422305 0.122401 0.0141739 0.00920225
 0.465134 0.324533 0.156358 0.045319 0.00865502
 0.356122 0.411947 0.140726 0.067801 0.0234045
 0.0223391 0.520632 0.292402 0.0998883 0.0647382
pobs_pel_tallas
 0 0 0 0 0 0 0 0 0 0 0 0 0 0 0 0 0 0 0 0 0 0 0 0 0 0 0 0 0 0 0 0 0 0 0 0
 0 0 0 0 0 0 0 0 0 0 0 0 0 0 0 0 0 0 0 0 0 0 0 0 0 0 0 0 0 0 0 0 0 0 0 0
 0 0 0 0 0 0 0 0 0 0 0 0 0 0 0 0 0 0 0 0 0 0 0 0 0 0 0 0 0 0 0 0 0 0 0 0
 0 0 0 0 0 0 0 0 0 0 0 0 0 0 0 0 0 0 0 0 0 0 0 0 0 0 0 0 0 0 0 0 0 0 0 0
 0 0 0 0 0 0 0 0 0 0 0 0 0 0 0 0 0 0 0 0 0 0 0 0 0 0 0 0 0 0 0 0 0 0 0 0
 0 0 0 0 0 0 0 0 0 0 0 0 0 0 0 0 0 0 0 0 0 0 0 0 0 0 0 0 0 0 0 0 0 0 0 0
 0 0 0 0 0 0 0 0 0 0 0 0 0 0 0 0 0 0 0 0 0 0 0 0 0 0 0 0 0 0 0 0 0 0 0 0
 0 0 0 0 0 0 0 0 0 0 0 0 0 0 0 0 0 0 0 0 0 0 0 0 0 0 0 0 0 0 0 0 0 0 0 0
 0 0 0 0 0 0 0 0 0 0 0 0 0 0 0 0 0 0 0 0 0 0 0 0 0 0 0 0 0 0 0 0 0 0 0 0
 0 0 0 0 0 0 0 0 0 0 0 0 0 0 0 0 0 0 0 0 0 0 0 0 0 0 0 0 0 0 0 0 0 0 0 0
 0 0 0 0 0 0 0 0 1.78061e-05 0.00172719 0.00360574 0.0105946 0.0120993 0.0124554 0.0147524 0.0171206 0.0266825 0.0428682 0.0675386 0.121331 0.153587 0.119568 0.100827 0.0573624 0.0630603 0.0341343 0.0324427 0.0444173 0.0211091 0.0280891 0.0125444 0.00206551 0 0 0 0
 0 0 0 0 0 0 0 0 0 0 0 0 0 0 0 0 0 0 0 0 0 0 0 0 0 0 0 0 0 0 0 0 0 0 0 0
 0 0 0 0 0 0 0.0133647 0.0140871 0.0187388 0.0205184 0.03894 0.0496705 0.03968 0.0493445 0.0407372 0.0367815 0.0215668 0.0243155 0.0234873 0.0199281 0.019796 0.0243948 0.0301388 0.0376714 0.0412746 0.0863199 0.0771752 0.113111 0.0741005 0.0525337 0.0229764 0.00759418 0.00175318 0 0 0
 0 0 0 0 0 0 0 0 0 0 0.00219441 0.00772107 0.0458388 0.0604681 0.0671733 0.0775358 0.0609151 0.0617685 0.073594 0.0568108 0.0755445 0.0548602 0.0670107 0.0636378 0.0643287 0.046367 0.0373049 0.0286899 0.0247887 0.0153202 0.00654259 0.00121912 0.000365735 0 0 0
 0 0 0 0 0 0 0 0 0 0 0 0 0.000112435 0.00938835 0.0111873 0.0202946 0.0414886 0.0713402 0.111592 0.104902 0.108894 0.110636 0.117776 0.105296 0.107544 0.0401394 0.0192827 0.0124803 0.00416011 0.0028671 0.000618394 0 0 0 0 0
 0 0 0 0 0 0 0 0 0 0 0.00291406 0.0102884 0.027416 0.0768956 0.0749926 0.110853 0.0956884 0.0897413 0.0766577 0.0534642 0.0500743 0.0551293 0.0594112 0.0620874 0.0668451 0.0424026 0.0208742 0.0120726 0.0048766 0.00582813 0.00118941 0.000297354 0 0 0 0
 0 0.00264628 0.0354308 0.0461629 0.0458689 0.0383711 0.0214643 0.0164657 0.0346957 0.0420465 0.0363128 0.0245516 0.0311673 0.0291091 0.0169068 0.0133784 0.00837989 0.0085269 0.0148486 0.0160247 0.0276389 0.0546898 0.0760071 0.122758 0.109233 0.0665981 0.0333725 0.0166128 0.00676272 0.00308733 0.000882094 0 0 0 0 0
 0 0 0 0 0 0 0 0.000805153 0.000690131 0.00759144 0.0133425 0.0154129 0.00931677 0.000345066 0.00356568 0.00563607 0.00851162 0.0253048 0.0502646 0.0516448 0.0657925 0.0565908 0.0611916 0.0827007 0.0866115 0.110766 0.145733 0.0935128 0.0569358 0.0249597 0.0138026 0.00621118 0.00161031 0.00115022 0 0
 0 0 0 0 0 0 0 0 0 0 0 0 0 0 0 0 0 0 0 0 0 0 0 0 0 0 0 0 0 0 0 0 0 0 0 0
 0.00147267 0.00158595 0.00478618 0.00569244 0.00954404 0.0108468 0.00647125 0.017049 0.0510054 0.094081 0.124002 0.0959785 0.0687766 0.0820023 0.061753 0.0591476 0.0492212 0.0479892 0.0443925 0.0268479 0.0217502 0.0140895 0.0121071 0.0120363 0.00920419 0.00665534 0.0049561 0.00860946 0.00930331 0.0156896 0.0114698 0.00855282 0.00243557 0.00046729 0 2.83206e-05
 0 0 0 0 0.000772559 0.00158375 0.000888443 0.00281984 0.00712685 0.0440552 0.0773331 0.111326 0.0921469 0.0852325 0.0710754 0.0886704 0.0786465 0.0553345 0.0373146 0.0185414 0.00753245 0.00457741 0.012979 0.0271748 0.0457355 0.0583668 0.034881 0.0177882 0.00938659 0.00492506 0.0015258 0.00185414 0.000309023 5.79419e-05 3.86279e-05 0
 0 0.00173294 0.00326652 0 0.00397197 0.00683976 0.00946217 0.0152591 0.00757587 0.0136028 0.0228656 0.0392903 0.0559909 0.0764795 0.0681675 0.0726916 0.0566044 0.0477403 0.0527397 0.0444891 0.0609904 0.0582453 0.0661739 0.0445044 0.0529084 0.0360697 0.0280645 0.0235558 0.0158879 0.00826598 0.00280645 0.00217768 0.000904811 0.00058276 9.20147e-05 0
 0 0 0 0 0 0 0 0 0 0 0 0 0 0 0 0 0 0 0 0 0 0 0 0 0 0 0 0 0 0 0 0 0 0 0 0
 0 0 0 0 0 0 0 0 0 0 0 0 0 0 0 0 0 0 0 0 0 0 0 0 0 0 0 0 0 0 0 0 0 0 0 0
 0 0 0 0 0 0 0 0 0 0 0 0 0 0 0 0 0 0 0 0 0 0 0 0 0 0 0 0 0 0 0 0 0 0 0 0
ppred_pel_tallas
 1.05768e-16 2.14492e-06 1.24956e-05 5.92038e-05 0.000227612 0.000709491 0.00179279 0.0036733 0.00610795 0.00826049 0.0091412 0.00842526 0.00682164 0.00557856 0.00569872 0.00762102 0.0114138 0.0170339 0.0243778 0.0331789 0.0429074 0.0527612 0.0617654 0.0689512 0.0735599 0.0752012 0.0739199 0.0701436 0.0645451 0.0578658 0.0507647 0.0437303 0.037065 0.0309213 0.0253601 0.0204016
 1.17438e-16 5.2795e-06 3.09469e-05 0.000147031 0.000565951 0.00176472 0.00445757 0.00912172 0.0151242 0.0203233 0.0221476 0.0196119 0.0142067 0.00863645 0.00485549 0.00331673 0.00356503 0.00506696 0.00756395 0.0110244 0.0154943 0.0209906 0.0274483 0.0346966 0.0424528 0.050329 0.057853 0.0645049 0.069768 0.0731912 0.0744528 0.0734139 0.0701477 0.0649342 0.0582226 0.0505644
 1.26929e-16 2.528e-06 1.47864e-05 7.01868e-05 0.000270056 0.000841971 0.00212693 0.00435377 0.00722394 0.00972315 0.0106377 0.00951906 0.00711131 0.00475371 0.00344604 0.00348701 0.00474658 0.00704344 0.0102909 0.014454 0.0194687 0.0252011 0.0314513 0.0379853 0.0445731 0.0510125 0.0571306 0.0627597 0.0677053 0.0717235 0.0745265 0.0758208 0.0753687 0.0730513 0.068916 0.0631884
 1.22826e-16 1.46331e-05 8.58653e-05 0.000408129 0.00157126 0.00489976 0.0123764 0.0253239 0.0419782 0.0563788 0.06136 0.0541445 0.0388042 0.0227418 0.0112245 0.00528738 0.00338206 0.00369463 0.00515756 0.00736499 0.0102183 0.0136973 0.017772 0.0223798 0.0274227 0.0327651 0.0382296 0.043591 0.0485757 0.0528739 0.0561661 0.0581638 0.0586559 0.0575484 0.0548864 0.0508555
 1.03311e-16 3.64489e-05 0.000213941 0.00101701 0.00391561 0.0122105 0.0308427 0.0631073 0.104604 0.14047 0.152833 0.134747 0.0963188 0.0559349 0.0266277 0.0108465 0.00456467 0.00306306 0.00346514 0.00454568 0.00587147 0.00725633 0.00856454 0.00967729 0.0105071 0.0110145 0.0112137 0.0111609 0.0109333 0.0106035 0.0102204 0.00980183 0.00933902 0.00880908 0.00819006 0.0074729
 1.02017e-16 1.36002e-05 7.97488e-05 0.000378935 0.00145866 0.00454847 0.0114897 0.0235138 0.0389934 0.0524171 0.0571723 0.0507441 0.0370093 0.0229803 0.0137323 0.0104383 0.0118529 0.0163909 0.0229786 0.0308995 0.0394335 0.047691 0.0546637 0.0594061 0.0612502 0.059968 0.055828 0.0495173 0.0419647 0.034123 0.0267797 0.0204468 0.0153413 0.0114394 0.00856668 0.00648882
 1.02296e-16 3.19828e-05 0.000187715 0.00089232 0.00343549 0.0107133 0.0270608 0.0553698 0.0917807 0.123256 0.13412 0.118287 0.0846384 0.0493244 0.0238074 0.0102705 0.0052179 0.00454183 0.00573673 0.00772127 0.0100768 0.012568 0.0149766 0.0170861 0.0187125 0.0197358 0.0201163 0.0198891 0.0191426 0.0179893 0.0165416 0.0148978 0.0131397 0.0113367 0.00955187 0.00784435
 1.01479e-16 2.75502e-05 0.000161677 0.000768493 0.00295866 0.00922626 0.023305 0.0476864 0.0790505 0.106178 0.115582 0.102046 0.0732529 0.0431646 0.0217207 0.0108812 0.0077098 0.00871242 0.0117132 0.0156744 0.0200307 0.0242919 0.0279472 0.0305214 0.031675 0.0312833 0.0294653 0.0265453 0.0229676 0.0191896 0.0155905 0.0124185 0.00978269 0.00767939 0.0060365 0.00475613
 1.01171e-16 3.13739e-05 0.000184133 0.000875273 0.00336982 0.0105085 0.0265436 0.0543122 0.0900301 0.120913 0.13159 0.116103 0.0831771 0.0486778 0.0238763 0.0109465 0.00648788 0.00648328 0.00845754 0.011291 0.0144693 0.017622 0.0203843 0.0224156 0.0234653 0.0234282 0.0223664 0.0204852 0.0180764 0.0154477 0.0128607 0.0104952 0.00844264 0.00672212 0.00530746 0.00415329
 1.01062e-16 2.93858e-05 0.000172456 0.000819748 0.00315602 0.00984171 0.0248595 0.0508668 0.084321 0.113251 0.123268 0.108799 0.0780279 0.0458325 0.0227937 0.0109766 0.00722419 0.00779261 0.0103613 0.0138494 0.0177084 0.0214955 0.0247582 0.0270751 0.028142 0.027842 0.0262711 0.0237069 0.0205345 0.0171547 0.0139044 0.0110096 0.00857752 0.00661754 0.00507793 0.00388139
 1.02698e-16 1.15835e-05 6.79117e-05 0.000322665 0.00124202 0.00387288 0.00978318 0.020022 0.0332049 0.0446423 0.048709 0.0432725 0.0316472 0.0198243 0.0121535 0.00966898 0.0113489 0.0158774 0.0223602 0.0301823 0.0386938 0.0470679 0.0543511 0.0596323 0.0622431 0.0619121 0.0588223 0.0535456 0.0468874 0.0396926 0.0326768 0.0263279 0.0208883 0.0163987 0.0127734 0.0098729
 1.08415e-16 9.23495e-06 5.41456e-05 0.000257269 0.000990306 0.00308799 0.00780034 0.0159631 0.0264706 0.0355796 0.0387976 0.0344126 0.02505 0.015463 0.009091 0.00673178 0.0075584 0.0105426 0.0150447 0.0207138 0.027236 0.0341974 0.0410771 0.0473192 0.0524306 0.0560641 0.058062 0.0584451 0.0573645 0.0550373 0.051694 0.0475511 0.0428113 0.0376753 0.0323533 0.0270636
 1.07767e-16 2.42667e-05 0.000142414 0.000676946 0.00260624 0.00812727 0.0205289 0.0420051 0.0696297 0.0935153 0.101775 0.0898017 0.0643459 0.0376813 0.0185323 0.0085927 0.00525252 0.00543549 0.00726991 0.0099444 0.0131239 0.016585 0.0200962 0.0234172 0.0263353 0.028698 0.0304277 0.0315117 0.0319778 0.031865 0.0312041 0.0300155 0.0283207 0.0261597 0.0236058 0.0207689
 1.04348e-16 2.22499e-05 0.000130555 0.000620531 0.00238896 0.00744964 0.0188175 0.0385049 0.0638335 0.0857487 0.0933696 0.0824967 0.0593549 0.0352476 0.0182421 0.00997174 0.00811752 0.00989874 0.0135718 0.0182699 0.0234574 0.028613 0.0331717 0.0365995 0.0385071 0.0387384 0.0374013 0.0348256 0.0314682 0.0277972 0.0241937 0.0208988 0.0180098 0.0155141 0.0133407 0.0114063
 1.02647e-16 2.66308e-05 0.000156282 0.000742855 0.00285997 0.00891848 0.0225275 0.0460954 0.0764123 0.102632 0.111717 0.0986202 0.0707658 0.0416431 0.0208533 0.010284 0.00709278 0.00790488 0.0106311 0.0142972 0.0183997 0.0225173 0.0262087 0.029053 0.0307329 0.0311036 0.030219 0.0283047 0.0256904 0.0227263 0.0197112 0.0168515 0.0142557 0.0119543 0.00993235 0.00815858
 1.02197e-16 2.45669e-05 0.000144159 0.000685207 0.00263798 0.00822621 0.020779 0.0425183 0.0704851 0.0946788 0.10308 0.0910445 0.0654356 0.0387192 0.0197829 0.0104044 0.00799759 0.00947237 0.0128985 0.017336 0.0222352 0.0270852 0.0313374 0.034473 0.0361104 0.0360918 0.0345151 0.0316971 0.0280848 0.0241463 0.020276 0.0167407 0.0136706 0.0110858 0.00893981 0.00716046
 1.02898e-16 2.0794e-05 0.000122005 0.000579873 0.0022324 0.00696142 0.0175843 0.035982 0.0596526 0.0801372 0.0872722 0.0771396 0.0555667 0.0331311 0.0173923 0.00990155 0.00851821 0.0106646 0.0147185 0.0198556 0.0255341 0.0311997 0.0362383 0.0400606 0.0422245 0.0425328 0.0410705 0.0381659 0.0342959 0.0299661 0.0256089 0.0215243 0.0178703 0.0146906 0.0119598 0.00962493
 1.03717e-16 2.13578e-05 0.000125319 0.00059564 0.00229313 0.0071508 0.0180626 0.0369603 0.0612728 0.0823088 0.089624 0.0791874 0.0569742 0.0338352 0.0175156 0.00958645 0.00782788 0.00958052 0.0131849 0.0178273 0.0230131 0.0282595 0.0330329 0.036815 0.0392066 0.0400119 0.0392722 0.0372344 0.0342732 0.0307922 0.0271407 0.0235664 0.0202091 0.0171249 0.0143218 0.0117918
 1.04424e-16 1.86696e-05 0.000109533 0.00052058 0.00200411 0.0062495 0.0157861 0.0323027 0.0535541 0.0719483 0.0783643 0.0692901 0.0499649 0.0298969 0.0158891 0.00935521 0.00839615 0.0107177 0.0148749 0.0201249 0.0259603 0.0318447 0.0371754 0.041368 0.0439767 0.04479 0.0438674 0.0415024 0.0381307 0.0342163 0.0301553 0.0262213 0.0225604 0.0192196 0.0161914 0.0134523
 1.02546e-16 3.13207e-05 0.000183825 0.000873819 0.00336424 0.0104911 0.0264996 0.0542218 0.089879 0.120706 0.131354 0.11587 0.0829558 0.0484392 0.0235572 0.010463 0.00574646 0.00539104 0.00693558 0.00929495 0.012013 0.0147975 0.017369 0.0194613 0.0208673 0.0214807 0.0213127 0.0204768 0.0191498 0.0175234 0.0157632 0.0139864 0.0122603 0.0106148 0.00906073 0.0076048
 1.0168e-16 2.57042e-05 0.000150836 0.000716946 0.00276019 0.0086073 0.0217416 0.0444879 0.0737498 0.0990628 0.10785 0.0952495 0.0684407 0.0404628 0.0206088 0.0107315 0.00811554 0.00951866 0.0129133 0.0173115 0.022139 0.0268684 0.0309393 0.0338276 0.0351563 0.0347838 0.0328352 0.0296619 0.0257479 0.0215935 0.0176156 0.0140895 0.0111392 0.00876667 0.0068985 0.00543232
 1.02793e-16 1.88636e-05 0.000110668 0.000525969 0.00202485 0.00631415 0.0159494 0.0326372 0.0541097 0.0726979 0.0791891 0.070039 0.0505477 0.0303308 0.016274 0.00981931 0.00905958 0.0116816 0.0162173 0.0218894 0.0281382 0.0343584 0.0398707 0.0440222 0.046324 0.0465594 0.0448261 0.041493 0.0370949 0.0321999 0.0272951 0.0227202 0.0186553 0.0151515 0.0121791 0.0096754
 1.04287e-16 2.03082e-05 0.000119157 0.000566348 0.00218035 0.0067991 0.0171742 0.0351426 0.0582597 0.0782624 0.0852207 0.0753034 0.0541942 0.0322136 0.0167313 0.00924784 0.00766118 0.00945211 0.0130517 0.0176928 0.0229083 0.0282367 0.0331619 0.0371762 0.0398799 0.0410621 0.0407351 0.0391067 0.0365084 0.0333049 0.0298171 0.0262798 0.0228364 0.0195607 0.0164886 0.0136441
 1.05556e-16 1.55581e-05 9.12628e-05 0.000433716 0.00166966 0.0052065 0.0131516 0.0269126 0.044621 0.0599561 0.0653268 0.0578196 0.0418186 0.0252731 0.0138898 0.00889316 0.00874931 0.0115845 0.0162071 0.0219708 0.028378 0.0348633 0.040779 0.0454934 0.0485218 0.0496292 0.0488702 0.0465491 0.0431213 0.0390722 0.0348142 0.0306311 0.0266737 0.0229922 0.0195844 0.0164364
 1.10778e-16 1.00831e-06 5.83203e-06 2.75451e-05 0.000105753 0.000329504 0.000832867 0.0017085 0.00284864 0.00387596 0.00435058 0.00415352 0.00366347 0.00353374 0.00433164 0.00638626 0.00986189 0.0148498 0.0213549 0.0292125 0.0380196 0.047135 0.055762 0.0630927 0.0684737 0.0715337 0.0722373 0.0708441 0.0678 0.0636019 0.0586861 0.0533703 0.0478551 0.0422613 0.0366809 0.0312125
pSPR Fmed_Fpbrs
0.516483   0.254687 0.254687
Fs Fmed_Fpbrs
0.378751   1.005 1.005
SSBpbr Bo_Bmed_Bpbrs
1.03699e+06  483736  212257 212257
Ro
21590.3
SPR SPRFo_SPRFmed_SPRFpbrs
444966 229817 113327
log_Ro
9.8
likeval ReclasPelacesDesembMPH_pf_preclas_ppelaces_ptallas_desvR_qrecl_qpela
 100.934 112.118 0.0908686 0.000573849 354.521 212.334 75.8244 0 48.7627 0 0 0 0 0 0
q_reclas_q_pelaces
1 1
M
0.7
N
 8931.47 59418.5 28603.1 3818.03 0.14245
 11530.8 4211.07 26599.1 12804.4 1709.23
 2203.54 5224.79 1741.07 10997.4 6000.66
 6051.16 777.95 1311.41 437.004 4266.47
 50412.1 2587.34 286.409 482.806 1731.63
 17884.4 24286 1209.21 133.855 1034.93
 57522.9 6208.14 5892.99 293.414 283.605
 67879.7 22692.9 1945.65 1846.88 180.84
 121768 23587.3 5517.88 473.094 493.05
 198798 45603.9 6662.29 1558.54 272.89
 62645.3 85937.5 17161.3 2507.1 689.188
 25023.2 24426.4 26310.7 5254.11 978.577
 50074.7 9789.49 7528.38 8109.11 1920.95
 27878.1 17043.5 2283.74 1756.26 2339.87
 19540.1 7071.04 2208.03 295.865 530.664
 14471.1 5429.85 1099.54 343.347 128.524
 11404.5 5515.65 1588.49 321.669 138.045
 11444.7 4519.02 1743.96 502.256 145.354
 9232.82 4769.59 1580.54 609.955 226.504
 27896.2 3824.22 1647.8 546.047 288.98
 37797.2 11701.6 1355.03 583.863 295.874
 33473.7 17572.3 5093.17 589.784 382.91
 39470.1 15255.7 7350.11 2130.36 406.856
 25948.1 17323.3 5917.86 2851.19 984.214
 720.378 10839.9 6088.02 2079.74 1347.89
pred_Ctot
 325.616 4235.62 2038.96 272.167 0.0101545
 729.759 512.383 3236.45 1557.97 207.971
 467.123 1931.65 643.691 4065.85 2218.5
 609.988 147.201 248.14 82.6883 807.286
 1085.03 109.904 12.166 20.5085 73.5556
 3951.46 9301.32 463.117 51.2654 396.369
 8617.58 1690.88 1605.04 79.9158 77.2441
 14960.5 8672.88 743.599 705.851 69.1143
 21878.6 7553.78 1767.09 151.508 157.898
 18660.8 8071.11 1179.11 275.835 48.2969
 9813.09 24363.9 4865.35 710.781 195.39
 3871.24 6848.12 7376.38 1473.03 274.351
 11577.3 3895.96 2996.1 3227.22 764.489
 10189.9 9754 1306.99 1005.11 1339.11
 6397.07 3725.51 1163.34 155.882 279.59
 2456.31 1653.66 334.865 104.566 39.1421
 1678.89 1478.74 425.873 86.2389 37.0097
 1336.62 980.476 378.38 108.973 31.5369
 1113.18 1065.7 353.15 136.286 50.609
 3145.94 803.28 346.122 114.697 60.7005
 1740.49 1047.27 121.273 52.2549 26.4803
 1989.27 2012.61 583.337 67.5499 43.8559
 3321.12 2435.4 1173.36 340.087 64.9498
 2992.08 3714.51 1268.92 611.359 211.038
 139.792 3713.29 2085.5 712.432 461.731
F
 0.051864 0.103728 0.103728 0.103728 0.103728
 0.0916082 0.183216 0.183216 0.183216 0.183216
 0.341157 0.682313 0.682313 0.682313 0.682313
 0.14962 0.299241 0.299241 0.299241 0.299241
 0.030331 0.060662 0.060662 0.060662 0.060662
 0.358069 0.716138 0.716138 0.716138 0.716138
 0.230132 0.460263 0.460263 0.460263 0.460263
 0.357029 0.714058 0.714058 0.714058 0.714058
 0.282122 0.564244 0.564244 0.564244 0.564244
 0.138669 0.277337 0.277337 0.277337 0.277337
 0.241823 0.483645 0.483645 0.483645 0.483645
 0.238493 0.476986 0.476986 0.476986 0.476986
 0.377747 0.755494 0.755494 0.755494 0.755494
 0.671834 1.34367 1.34367 1.34367 1.34367
 0.580558 1.16112 1.16112 1.16112 1.16112
 0.264562 0.529124 0.529124 0.529124 0.529124
 0.225716 0.451433 0.451433 0.451433 0.451433
 0.175264 0.350527 0.350527 0.350527 0.350527
 0.181409 0.362818 0.362818 0.362818 0.362818
 0.168765 0.337531 0.337531 0.337531 0.337531
 0.065912 0.131824 0.131824 0.131824 0.131824
 0.0858041 0.171608 0.171608 0.171608 0.171608
 0.12349 0.246981 0.246981 0.246981 0.246981
 0.172865 0.34573 0.34573 0.34573 0.34573
 0.308019 0.616037 0.616037 0.616037 0.616037
nmprior
 10 11 7 0
nm_flota  nm_reclas  nm_pelaces    nm_pelaL
inf 12.5784 9.96988 15.7917
cv_recla  cv_pelaces  cv_mph
0.90875 1.24596 0.777208
 ------------------------------------------------
Talla a la edad & desviación 
 7.2 14.2025 17.0495 18.207 18.6776
 1.08 2.13037 2.55742 2.73105 2.80164
