    unsorted:	 0.003468707730 0.0008999967907 11.32795396 2.237654635 6.482228567 16.27821411 31.36269845 24.34053545 56.13288634 59.20372881 76.97506991 84.69796198 176.9844814 247.2961542 307.7911474 419.7953665 442.8412123 479.4994032 488.3651163 552.3322167 664.4587919 702.0629920 713.6923145 756.5676453 801.4682096 819.3877640 872.7292240 899.4131062 998.3404922 1006.783094 1137.381432 1312.887833 1389.237958 1719.197576 1765.441310 1889.770729 2144.289791 2896.133566 4088.385828 450110.4146 457110.3235 441899.2807 369293.4506 310380.1640 300932.1153 195936.1771 190349.6122 527224.9067 610000.2594 624375.6874 699209.5277 735946.8974 912801.3554 1066964.483 1162923.189 1359468.212 1506932.305 1640597.212 1790640.174 1846912.550 2147502.946 2198267.822 2417170.355 2512256.176 2653148.287
      sorted:	 0.0008999967907 0.003468707730 2.237654635 6.482228567 11.32795396 16.27821411 24.34053545 31.36269845 56.13288634 59.20372881 76.97506991 84.69796198 176.9844814 247.2961542 307.7911474 419.7953665 442.8412123 479.4994032 488.3651163 552.3322167 664.4587919 702.0629920 713.6923145 756.5676453 801.4682096 819.3877640 872.7292240 899.4131062 998.3404922 1006.783094 1137.381432 1312.887833 1389.237958 1719.197576 1765.441310 1889.770729 2144.289791 2896.133566 4088.385828 190349.6122 195936.1771 300932.1153 310380.1640 369293.4506 441899.2807 450110.4146 457110.3235 527224.9067 610000.2594 624375.6874 699209.5277 735946.8974 912801.3554 1066964.483 1162923.189 1359468.212 1506932.305 1640597.212 1790640.174 1846912.550 2147502.946 2198267.822 2417170.355 2512256.176 2653148.287
