years
 1997 1998 1999 2000 2001 2002 2003 2004 2005 2006 2007 2008 2009 2010 2011 2012 2013 2014 2015 2016 2017 2018 2019 2020 2021
reclasobs
 0 0 0 370054 412103 1.49427e+06 250295 1.28982e+06 931140 785840 897777 1.04006e+06 184774 17550 25797 100020 73551 82996 120727 218422 84188 347160 605670 569463 516374
reclaspred
 440533 130546 452411 325834 427393 501847 1.0629e+06 665553 682267 563166 428645 286450 174920 85618.2 64392.4 68003.7 86778.3 120716 128813 183886 262241 241177 420774 551232 632918
pelacesobs
 0 0 0 0 0 0 0 0 0 2.06254e+06 1.5e+06 0 1.87456e+06 323000 250000 174000 83755 137374 0 501740 490994 745055 786931 1.00524e+06 0
pelacespred
 1.7817e+06 480053 979144 1.08242e+06 1.20002e+06 1.19945e+06 2.75908e+06 2.26333e+06 1.9997e+06 1.68701e+06 1.16029e+06 795005 484051 203537 149621 166219 219759 306217 338624 468468 735453 663164 912822 1.39861e+06 1.67105e+06
mphobs
 0 0 0 0 0 112323 0 153150 637223 0 255016 313432 73983 77613 109348 50772 0 0 0 0 0 0 0 0 0
mphpred
 157962 110505 146822 203863 194121 274606 411240 464798 374580 345681 294613 204382 126432 67456.6 35467.9 32074.4 39316.2 55268.5 69443.9 80309.6 118585 138359 175651 251710 375583
desembarqueobs
 350755 77701 442110 56441 14545 235359 269955 359681 431902 328805 639364 411747 362871 311530 167758 66681 60226 58785 57116 71774 51957 67425 138520 160799 200461
desembarquepred
 350765 77704.4 442150 56442.6 14545.1 235390 269979 359712 431977 328871 639781 412111 363377 312156 167871 66699 60245.3 58789.2 57115.7 71777.4 51958.4 67423.2 138524 160804 200461
Reclutas
 84493.8 105966 69281.7 100139 163730 120559 179278 149765 160179 143136 69507.3 41458.1 42386.5 25230.6 20801.3 27711.7 23961.9 27273.4 31379.3 55102.6 69424.6 91656.5 145535 190040 91066.3
log_desv_Rt
 0.164434 0.390874 -0.0340639 0.334319 0.825974 0.519896 0.916695 0.736825 0.804046 0.691548 -0.0308132 -0.547561 -0.525415 -1.04419 -1.23723 -0.950388 -1.09578 -0.966334 -0.826097 -0.263048 -0.0320031 0.245803 0.70817 0.974988 0.239343
SSB
 1.01963e+06 713294 947720 1.31591e+06 1.25302e+06 1.77255e+06 2.6545e+06 3.00021e+06 2.41786e+06 2.23132e+06 1.90169e+06 1.31926e+06 816100 435423 228941 207036 253781 356751 448251 518388 765449 893087 1.1338e+06 1.62475e+06 2.42434e+06
BT
 3.48907e+06 989660 1.99476e+06 1.99715e+06 2.15878e+06 2.33399e+06 5.12244e+06 4.46434e+06 3.97758e+06 3.34215e+06 2.66718e+06 1.80817e+06 1.22636e+06 667959 412614 353166 443218 595189 655512 897336 1.35913e+06 1.25031e+06 1.72926e+06 2.63527e+06 3.15584e+06
Ftot
 0.283941 0.204508 0.272989 0.0497345 0.010964 0.116837 0.0734048 0.151242 0.179552 0.15884 0.35899 0.336895 0.52476 0.898606 0.770067 0.298509 0.213793 0.142749 0.120732 0.121827 0.0599586 0.0777882 0.0915181 0.0876915 0.0751156
BD_Bspro_t
 0.965783 0.837061 0.819167 0.743517 0.823066 0.897138 0.876098 0.877061 0.83177 0.790493 0.745229 0.602604 0.491909 0.379751 0.265727 0.290271 0.418299 0.588391 0.691665 0.763468 0.838416 0.886979 0.892036 0.89539 0.896826
BD_Bspro
 0.690178 0.482823 0.641504 0.890727 0.848161 1.19982 1.79681 2.03082 1.63663 1.51037 1.28724 0.892996 0.552412 0.294735 0.154968 0.140141 0.171782 0.241482 0.303418 0.350893 0.518126 0.604524 0.767463 1.09978 1.64102
BD_Bo
 0.599659 0.4195 0.557369 0.773905 0.736922 1.04246 1.56115 1.76447 1.42198 1.31228 1.11841 0.775877 0.479961 0.256079 0.134644 0.121761 0.149253 0.209811 0.263624 0.304872 0.450172 0.525239 0.666808 0.955543 1.42579
BD_Brms
 2.14531 1.50078 1.99401 2.76868 2.63637 3.72946 5.5851 6.31247 5.08721 4.69473 4.00118 2.77574 1.71708 0.916136 0.481694 0.435606 0.533958 0.750608 0.943126 1.09069 1.61051 1.87907 2.38554 3.4185 5.10084
S_f
 0.210145 1 1 1 1
 0.210145 1 1 1 1
 0.210145 1 1 1 1
 0.210145 1 1 1 1
 0.210145 1 1 1 1
 0.210145 1 1 1 1
 0.210145 1 1 1 1
 0.210145 1 1 1 1
 0.210145 1 1 1 1
 0.210145 1 1 1 1
 0.210145 1 1 1 1
 0.210145 1 1 1 1
 0.210145 1 1 1 1
 0.210145 1 1 1 1
 0.210145 1 1 1 1
 0.210145 1 1 1 1
 0.210145 1 1 1 1
 0.210145 1 1 1 1
 0.210145 1 1 1 1
 0.210145 1 1 1 1
 0.210145 1 1 1 1
 0.210145 1 1 1 1
 0.210145 1 1 1 1
 0.210145 1 1 1 1
 0.210145 1 1 1 1
Scru_reclas
 1 1 1 1 1
 1 1 1 1 1
 1 1 1 1 1
 1 1 1 1 1
 1 1 1 1 1
 1 1 1 1 1
 1 1 1 1 1
 1 1 1 1 1
 1 1 1 1 1
 1 1 1 1 1
 1 1 1 1 1
 1 1 1 1 1
 1 1 1 1 1
 1 1 1 1 1
 1 1 1 1 1
 1 1 1 1 1
 1 1 1 1 1
 1 1 1 1 1
 1 1 1 1 1
 1 1 1 1 1
 1 1 1 1 1
 1 1 1 1 1
 1 1 1 1 1
 1 1 1 1 1
 1 1 1 1 1
Scru_pelaces
 1 1 1 1 1
 1 1 1 1 1
 1 1 1 1 1
 1 1 1 1 1
 1 1 1 1 1
 1 1 1 1 1
 1 1 1 1 1
 1 1 1 1 1
 1 1 1 1 1
 1 1 1 1 1
 1 1 1 1 1
 1 1 1 1 1
 1 1 1 1 1
 1 1 1 1 1
 1 1 1 1 1
 1 1 1 1 1
 1 1 1 1 1
 1 1 1 1 1
 1 1 1 1 1
 1 1 1 1 1
 1 1 1 1 1
 1 1 1 1 1
 1 1 1 1 1
 1 1 1 1 1
 1 1 1 1 1
pf_obs 
 0.256992 0.487395 0.22802 0.0275931 0
 0.321318 0.546541 0.124235 0.00734118 0.000564706
 0.182869 0.594174 0.210203 0.0122559 0.00049798
 0.330522 0.361315 0.267642 0.0388342 0.00168674
 0.649043 0.306663 0.0425973 0.00169635 0
 0.582887 0.30429 0.105238 0.00758474 0
 0.465427 0.430635 0.0974691 0.00646863 0
 0.296916 0.608066 0.0921331 0.00288517 0
 0.311714 0.524322 0.152257 0.0117073 0
 0.15457 0.633149 0.183074 0.0267441 0.00246327
 0.131901 0.49318 0.331252 0.0422183 0.00144891
 0.196976 0.569456 0.194076 0.0375587 0.00193317
 0.518974 0.381816 0.0799577 0.0180837 0.00116848
 0.0928022 0.601141 0.25162 0.0475244 0.00691264
 0.122501 0.610282 0.24278 0.0234846 0.000952079
 0.383417 0.481906 0.127806 0.00687128 0
 0.0376549 0.599619 0.316969 0.0457579 0
 0.0361596 0.667082 0.258105 0.0386534 0
 0.158088 0.579412 0.248529 0.0139706 0
 0.0477256 0.309471 0.559284 0.082774 0.000745712
 0.0406174 0.521527 0.379366 0.0568643 0.0016247
 0.151134 0.462217 0.34131 0.0453401 0
 0.294876 0.26143 0.354403 0.0886775 0.000613685
 0.281977 0.475581 0.204845 0.0348837 0.00271318
 0 0 0 0 0
pf_pred 
 0.392089 0.429227 0.159817 0.0188578 9.44437e-06
 0.319504 0.528907 0.107032 0.0398521 0.00470475
 0.18364 0.579657 0.183974 0.0372299 0.0154986
 0.265218 0.402415 0.235998 0.0749021 0.0214676
 0.308999 0.440259 0.137322 0.0805333 0.0328857
 0.181364 0.557779 0.166201 0.05184 0.0428164
 0.258212 0.390317 0.239475 0.0713561 0.0406395
 0.192686 0.50955 0.156679 0.0961287 0.0449566
 0.214171 0.43107 0.223912 0.0688496 0.0619973
 0.195037 0.470321 0.183569 0.0953522 0.0557207
 0.117047 0.488385 0.230537 0.08998 0.0740512
 0.114969 0.377151 0.280922 0.132606 0.0943518
 0.187712 0.34009 0.201224 0.149883 0.121091
 0.178869 0.479055 0.143221 0.0847409 0.114114
 0.248581 0.461059 0.169399 0.0506443 0.070317
 0.336983 0.459671 0.12477 0.045842 0.0327341
 0.235388 0.561694 0.140683 0.0381862 0.0240484
 0.246189 0.465272 0.211964 0.0530891 0.0234852
 0.245925 0.470196 0.175217 0.0798238 0.0288372
 0.33044 0.415712 0.158285 0.0589844 0.0365792
 0.284682 0.509731 0.127643 0.0486009 0.0293425
 0.277379 0.477233 0.174862 0.0437877 0.0267383
 0.315582 0.447656 0.156363 0.0572926 0.0231075
 0.287706 0.495475 0.141814 0.0495346 0.0254702
 0.123804 0.583974 0.203271 0.0581801 0.0307711
pobs_RECLAS
 0 0 0 0 0
 0 0 0 0 0
 0 0 0 0 0
 0 0 0 0 0
 0.835266 0.146461 0.0176864 0.000547809 3.91292e-05
 0.385257 0.428462 0.181853 0.0044286 0
 0.867414 0.0963971 0.0333333 0.00285562 0
 0.441836 0.489002 0.0689373 0.000224442 0
 0.779404 0.147425 0.0564933 0.0165055 0.000172143
 0.814271 0.122319 0.05973 0.00367925 0
 0.40263 0.566651 0.0304383 0.000280538 0
 0.475488 0.404961 0.113038 0.00651328 0
 0.955842 0.0263864 0.0167828 0.000988607 0
 0.975058 0.0227948 0.00214734 0 0
 0.738997 0.206755 0.0527124 0.00153531 0
 0.850938 0.134255 0.0134407 0.00136685 0
 0.542534 0.407297 0.0501686 0 0
 0.764087 0.199537 0.0359546 0.000420521 0
 0.470689 0.182191 0.310203 0.0369168 0
 0.84361 0.089868 0.0606195 0.00523954 0.000663233
 0.607945 0.314616 0.071237 0.00620181 0
 0.523733 0.453247 0.0230204 0 0
 0.530135 0.295979 0.169645 0.0042399 0
 0.562478 0.366248 0.0663022 0.0049721 0
 0.250443 0.683176 0.0655157 0.000865301 0
ppred_RECLAS
 0.757221 0.171419 0.0638255 0.00753117 3.77176e-06
 0.693145 0.238499 0.0482638 0.0179704 0.0021215
 0.520846 0.340224 0.107982 0.0218517 0.00909675
 0.63258 0.201223 0.118008 0.037454 0.0107346
 0.680411 0.203621 0.0635118 0.0372468 0.0152097
 0.514669 0.330681 0.0985327 0.0307336 0.0253839
 0.624393 0.197638 0.121259 0.0361314 0.020578
 0.533724 0.294298 0.0904921 0.0555205 0.0259654
 0.566956 0.237548 0.123391 0.0379407 0.0341646
 0.537575 0.270184 0.105455 0.0547768 0.0320097
 0.39189 0.336362 0.158776 0.0619713 0.0510008
 0.386693 0.261357 0.194673 0.0918932 0.0653837
 0.53234 0.195801 0.115851 0.0862922 0.0697157
 0.526854 0.276037 0.0825256 0.0488287 0.0657539
 0.625153 0.23 0.0845047 0.025264 0.0350778
 0.711004 0.200361 0.0543848 0.0199816 0.0142682
 0.597092 0.295982 0.0741324 0.020122 0.0126722
 0.610218 0.240584 0.109603 0.0274514 0.0121438
 0.609586 0.243439 0.0907168 0.0413279 0.0149301
 0.702641 0.184622 0.0702961 0.0261957 0.0162452
 0.655089 0.245782 0.0615469 0.0234344 0.0141484
 0.647084 0.233072 0.0853998 0.0213852 0.0130586
 0.687898 0.204136 0.0713029 0.026126 0.0105372
 0.658745 0.237378 0.0679421 0.0237316 0.0122026
 0.402926 0.397942 0.138517 0.0396461 0.0209686
pobs_PELACES
 0 0 0 0 0
 0 0 0 0 0
 0 0 0 0 0
 0 0 0 0 0
 0 0 0 0 0
 0 0 0 0 0
 0 0 0 0 0
 0 0 0 0 0
 0 0 0 0 0
 0 0 0 0 0
 0.450072 0.473896 0.0757376 0.000293798 0
 0 0 0 0 0
 0.463077 0.371075 0.160297 0.00555027 0
 0.529543 0.364841 0.0842815 0.0213345 0
 0.631943 0.363953 0.00410389 0 0
 0.735681 0.248677 0.0153453 0.000297389 0
 0.695825 0.281241 0.0229344 0 0
 0.275771 0.60734 0.115278 0.00161068 0
 0 0 0 0 0
 0.896147 0.0623911 0.0374545 0.00400742 0
 0.803859 0.145111 0.0509908 3.86294e-05 0
 0.739449 0.233085 0.0266225 0.000797448 4.60066e-05
 0.878498 0.100942 0.0204185 0.000141795 0
 0.694673 0.275183 0.0284847 0.00165964 0
 0 0 0 0 0
ppred_PELACES
 0.770567 0.161996 0.060317 0.00711718 3.56443e-06
 0.704365 0.229779 0.0464991 0.0173134 0.00204393
 0.53857 0.327639 0.103988 0.0210434 0.00876026
 0.635588 0.199576 0.117042 0.0371474 0.0106468
 0.681032 0.203225 0.0633884 0.0371744 0.0151802
 0.522271 0.325501 0.0969892 0.0302521 0.0249862
 0.62887 0.195283 0.119814 0.0357008 0.0203327
 0.54352 0.288115 0.0885909 0.0543541 0.0254198
 0.578409 0.231266 0.120127 0.0369373 0.0332611
 0.547849 0.264181 0.103112 0.0535597 0.0312985
 0.4144 0.323911 0.152898 0.0596773 0.0491129
 0.407714 0.252399 0.188 0.0887435 0.0631427
 0.566189 0.181629 0.107466 0.0800463 0.0646697
 0.584614 0.24234 0.0724512 0.0428679 0.0577269
 0.670887 0.201939 0.0741946 0.0221816 0.0307981
 0.726725 0.189462 0.0514263 0.0188946 0.013492
 0.610422 0.286189 0.0716797 0.0194563 0.0122529
 0.619031 0.235144 0.107125 0.0268308 0.0118692
 0.617049 0.238785 0.0889827 0.0405378 0.0146447
 0.709232 0.18053 0.0687379 0.025615 0.0158851
 0.658611 0.243272 0.0609183 0.023195 0.0140039
 0.6517 0.230024 0.0842828 0.0211055 0.0128878
 0.692997 0.200801 0.0701381 0.0256992 0.0103651
 0.663865 0.233817 0.0669228 0.0233756 0.0120195
 0.407646 0.394797 0.137422 0.0393328 0.0208029
pobs_pel_tallas
 0 0 0 0 0 0 0 0 0 0 0 0 0 0 0 0 0 0 0 0 0 0 0 0 0 0 0 0 0 0 0 0 0 0 0 0
 0 0 0 0 0 0 0 0 0 0 0 0 0 0 0 0 0 0 0 0 0 0 0 0 0 0 0 0 0 0 0 0 0 0 0 0
 0 0 0 0 0 0 0 0 0 0 0 0 0 0 0 0 0 0 0 0 0 0 0 0 0 0 0 0 0 0 0 0 0 0 0 0
 0 0 0 0 0 0 0 0 0 0 0 0 0 0 0 0 0 0 0 0 0 0 0 0 0 0 0 0 0 0 0 0 0 0 0 0
 0 0 0 0 0 0 0 0 0 0 0 0 0 0 0 0 0 0 0 0 0 0 0 0 0 0 0 0 0 0 0 0 0 0 0 0
 0 0 0 0 0 0 0 0 0 0 0 0 0 0 0 0 0 0 0 0 0 0 0 0 0 0 0 0 0 0 0 0 0 0 0 0
 0 0 0 0 0 0 0 0 0 0 0 0 0 0 0 0 0 0 0 0 0 0 0 0 0 0 0 0 0 0 0 0 0 0 0 0
 0 0 0 0 0 0 0 0 0 0 0 0 0 0 0 0 0 0 0 0 0 0 0 0 0 0 0 0 0 0 0 0 0 0 0 0
 0 0 0 0 0 0 0 0 0 0 0 0 0 0 0 0 0 0 0 0 0 0 0 0 0 0 0 0 0 0 0 0 0 0 0 0
 0 0 0 0 0 0 0 0 0 0 0 0 0 0 0 0 0 0 0 0 0 0 0 0 0 0 0 0 0 0 0 0 0 0 0 0
 0 0 0 0 0 0 0 0 1.78061e-05 0.00172719 0.00360574 0.0105946 0.0120993 0.0124554 0.0147524 0.0171206 0.0266825 0.0428682 0.0675386 0.121331 0.153587 0.119568 0.100827 0.0573624 0.0630603 0.0341343 0.0324427 0.0444173 0.0211091 0.0280891 0.0125444 0.00206551 0 0 0 0
 0 0 0 0 0 0 0 0 0 0 0 0 0 0 0 0 0 0 0 0 0 0 0 0 0 0 0 0 0 0 0 0 0 0 0 0
 0 0 0 0 0 0 0.0133647 0.0140871 0.0187388 0.0205184 0.03894 0.0496705 0.03968 0.0493445 0.0407372 0.0367815 0.0215668 0.0243155 0.0234873 0.0199281 0.019796 0.0243948 0.0301388 0.0376714 0.0412746 0.0863199 0.0771752 0.113111 0.0741005 0.0525337 0.0229764 0.00759418 0.00175318 0 0 0
 0 0 0 0 0 0 0 0 0 0 0.00219441 0.00772107 0.0458388 0.0604681 0.0671733 0.0775358 0.0609151 0.0617685 0.073594 0.0568108 0.0755445 0.0548602 0.0670107 0.0636378 0.0643287 0.046367 0.0373049 0.0286899 0.0247887 0.0153202 0.00654259 0.00121912 0.000365735 0 0 0
 0 0 0 0 0 0 0 0 0 0 0 0 0.000112435 0.00938835 0.0111873 0.0202946 0.0414886 0.0713402 0.111592 0.104902 0.108894 0.110636 0.117776 0.105296 0.107544 0.0401394 0.0192827 0.0124803 0.00416011 0.0028671 0.000618394 0 0 0 0 0
 0 0 0 0 0 0 0 0 0 0 0.00291406 0.0102884 0.027416 0.0768956 0.0749926 0.110853 0.0956884 0.0897413 0.0766577 0.0534642 0.0500743 0.0551293 0.0594112 0.0620874 0.0668451 0.0424026 0.0208742 0.0120726 0.0048766 0.00582813 0.00118941 0.000297354 0 0 0 0
 0 0.00264628 0.0354308 0.0461629 0.0458689 0.0383711 0.0214643 0.0164657 0.0346957 0.0420465 0.0363128 0.0245516 0.0311673 0.0291091 0.0169068 0.0133784 0.00837989 0.0085269 0.0148486 0.0160247 0.0276389 0.0546898 0.0760071 0.122758 0.109233 0.0665981 0.0333725 0.0166128 0.00676272 0.00308733 0.000882094 0 0 0 0 0
 0 0 0 0 0 0 0 0.000805153 0.000690131 0.00759144 0.0133425 0.0154129 0.00931677 0.000345066 0.00356568 0.00563607 0.00851162 0.0253048 0.0502646 0.0516448 0.0657925 0.0565908 0.0611916 0.0827007 0.0866115 0.110766 0.145733 0.0935128 0.0569358 0.0249597 0.0138026 0.00621118 0.00161031 0.00115022 0 0
 0 0 0 0 0 0 0 0 0 0 0 0 0 0 0 0 0 0 0 0 0 0 0 0 0 0 0 0 0 0 0 0 0 0 0 0
 0.00147267 0.00158595 0.00478618 0.00569244 0.00954404 0.0108468 0.00647125 0.017049 0.0510054 0.094081 0.124002 0.0959785 0.0687766 0.0820023 0.061753 0.0591476 0.0492212 0.0479892 0.0443925 0.0268479 0.0217502 0.0140895 0.0121071 0.0120363 0.00920419 0.00665534 0.0049561 0.00860946 0.00930331 0.0156896 0.0114698 0.00855282 0.00243557 0.00046729 0 2.83206e-05
 0 0 0 0 0.000772559 0.00158375 0.000888443 0.00281984 0.00712685 0.0440552 0.0773331 0.111326 0.0921469 0.0852325 0.0710754 0.0886704 0.0786465 0.0553345 0.0373146 0.0185414 0.00753245 0.00457741 0.012979 0.0271748 0.0457355 0.0583668 0.034881 0.0177882 0.00938659 0.00492506 0.0015258 0.00185414 0.000309023 5.79419e-05 3.86279e-05 0
 0 0.00173294 0.00326652 0 0.00397197 0.00683976 0.00946217 0.0152591 0.00757587 0.0136028 0.0228656 0.0392903 0.0559909 0.0764795 0.0681675 0.0726916 0.0566044 0.0477403 0.0527397 0.0444891 0.0609904 0.0582453 0.0661739 0.0445044 0.0529084 0.0360697 0.0280645 0.0235558 0.0158879 0.00826598 0.00280645 0.00217768 0.000904811 0.00058276 9.20147e-05 0
 0 0 0 0 0 0 0 0 0 0 0 0 0 0 0 0 0 0 0 0 0 0 0 0 0 0 0 0 0 0 0 0 0 0 0 0
 0 0 0 0 0 0 0 0 0 0 0 0 0 0 0 0 0 0 0 0 0 0 0 0 0 0 0 0 0 0 0 0 0 0 0 0
 0 0 0 0 0 0 0 0 0 0 0 0 0 0 0 0 0 0 0 0 0 0 0 0 0 0 0 0 0 0 0 0 0 0 0 0
ppred_pel_tallas
 1.01154e-16 3.36197e-05 0.000197323 0.00093799 0.00361132 0.0112616 0.0284459 0.0582039 0.096479 0.129567 0.140991 0.124356 0.0889995 0.0519032 0.0251197 0.010947 0.00571016 0.00508422 0.00641851 0.00854729 0.0109903 0.0134536 0.0156652 0.0173702 0.0183758 0.0185904 0.0180411 0.0168581 0.0152359 0.0133845 0.0114868 0.00967427 0.00802196 0.00655912 0.00528638 0.00419165
 1.01426e-16 3.07357e-05 0.000180385 0.000857453 0.00330121 0.0102945 0.0260032 0.0532064 0.0881976 0.118453 0.128916 0.113752 0.08151 0.047737 0.0234798 0.0108742 0.00659514 0.00671169 0.00879969 0.0117572 0.0150684 0.0183532 0.0212334 0.0233563 0.0244628 0.0244458 0.0233714 0.0214541 0.0189969 0.0163172 0.0136829 0.0112755 0.00918418 0.00742357 0.00596301 0.0047542
 1.02716e-16 2.35103e-05 0.000137957 0.000655722 0.00252446 0.00787221 0.0198848 0.0406886 0.0674522 0.0906056 0.0986472 0.0871338 0.0626348 0.0370824 0.0189852 0.0100501 0.00780911 0.00931347 0.0127248 0.0171517 0.0220742 0.0270054 0.0314167 0.0348011 0.0367758 0.0371651 0.0360336 0.0336531 0.0304224 0.0267667 0.0230513 0.0195312 0.0163441 0.0135332 0.011085 0.00896376
 1.03501e-16 2.77356e-05 0.000162775 0.000773735 0.00297888 0.00928934 0.0234642 0.0480113 0.079586 0.106888 0.11633 0.102648 0.0735581 0.04309 0.0212156 0.00986829 0.00605763 0.0062521 0.00828578 0.0111917 0.0145353 0.0180025 0.021273 0.024032 0.026026 0.0271106 0.027272 0.0266119 0.0253064 0.0235537 0.0215315 0.0193729 0.017166 0.014966 0.0128137 0.0107479
 1.02953e-16 2.97171e-05 0.000174408 0.000829042 0.00319183 0.00995341 0.0251416 0.0514434 0.0852746 0.114526 0.124639 0.109969 0.0787819 0.0461038 0.0226116 0.0103659 0.00614914 0.00616272 0.00807218 0.0108312 0.0139704 0.0171586 0.0200678 0.0223869 0.0238791 0.0244313 0.024073 0.0229559 0.0213052 0.0193586 0.0173163 0.0153132 0.0134179 0.0116492 0.0100013 0.00846448
 1.0369e-16 2.27995e-05 0.000133784 0.000635885 0.00244809 0.00763403 0.0192832 0.0394576 0.0654118 0.0878656 0.0956661 0.0845056 0.0607564 0.0359921 0.0184674 0.00984192 0.00772698 0.00926739 0.0126832 0.0171102 0.0220415 0.0269991 0.0314632 0.0349348 0.037037 0.0375965 0.0366752 0.0345366 0.0315658 0.0281702 0.0246945 0.021374 0.0183288 0.0155903 0.0131395 0.0109431
 1.03942e-16 2.74424e-05 0.000161054 0.000765556 0.0029474 0.00919115 0.0232162 0.0475038 0.0787447 0.105758 0.1151 0.101562 0.0727782 0.0426302 0.020984 0.00975246 0.00597695 0.00616432 0.00817366 0.0110516 0.014373 0.0178326 0.0211188 0.0239246 0.0260004 0.0272014 0.0275079 0.0270108 0.0258722 0.0242761 0.0223863 0.0203261 0.0181772 0.0159933 0.0138173 0.0116939
 1.04407e-16 2.37244e-05 0.000139218 0.000661726 0.0025476 0.00794436 0.020067 0.0410611 0.0680685 0.0914296 0.0995346 0.0878943 0.0631307 0.0372741 0.0188962 0.00970224 0.00718534 0.00836046 0.0113768 0.0153589 0.0198294 0.0243638 0.0285065 0.0318186 0.0339652 0.0347862 0.034323 0.0327892 0.0305016 0.0277939 0.024946 0.0221452 0.0194849 0.0169895 0.0146494 0.0124512
 1.04604e-16 2.52435e-05 0.000148141 0.000704161 0.002711 0.00845393 0.0213541 0.0436941 0.0724311 0.097283 0.10589 0.0934649 0.0670423 0.0394039 0.0196447 0.0095486 0.00641868 0.00706029 0.00950836 0.0128685 0.0167067 0.0206765 0.0244121 0.0275548 0.0298181 0.0310441 0.0312266 0.0304921 0.0290496 0.0271293 0.024931 0.0225978 0.0202159 0.0178319 0.0154766 0.0131824
 1.04853e-16 2.39123e-05 0.000140323 0.000666984 0.00256785 0.00800751 0.0202265 0.0413873 0.0686084 0.0921527 0.100316 0.0885707 0.0635869 0.0374839 0.0188933 0.0095239 0.00684038 0.0078296 0.0106301 0.0143753 0.018613 0.0229548 0.0269849 0.030299 0.0325824 0.0336738 0.0335904 0.0325033 0.0306765 0.0283922 0.0258889 0.0233287 0.0207982 0.0183299 0.0159332 0.0136189
 1.06622e-16 1.80958e-05 0.000106169 0.000504601 0.00194261 0.00605772 0.0153016 0.031311 0.0519088 0.0697345 0.0759441 0.0671288 0.0483601 0.0288444 0.0151635 0.00867378 0.00752368 0.00948745 0.0131784 0.0179117 0.0232536 0.0287602 0.0339284 0.0382604 0.041361 0.043017 0.0432283 0.0421798 0.0401705 0.037525 0.0345211 0.0313527 0.0281301 0.024907 0.0217146 0.0185891
 1.08751e-16 1.78013e-05 0.000104447 0.000496429 0.00191117 0.00595969 0.0150539 0.0308037 0.051066 0.068597 0.0746913 0.0659884 0.0474668 0.0281686 0.0145487 0.00791945 0.00644051 0.00791578 0.0109972 0.0150581 0.0197527 0.0247515 0.0296762 0.0341365 0.0377997 0.0404485 0.0420064 0.0425219 0.0421232 0.0409633 0.0391779 0.0368685 0.0341102 0.0309733 0.0275451 0.0239403
 1.07357e-16 2.47085e-05 0.000145005 0.000689263 0.00265366 0.00827513 0.0209024 0.0427695 0.0708973 0.0952191 0.103633 0.0914501 0.0655465 0.038423 0.0189682 0.00891167 0.00559954 0.0058988 0.00789554 0.0107459 0.014081 0.0176386 0.0211474 0.0243351 0.0269738 0.02892 0.0301304 0.0306473 0.0305635 0.0299812 0.028981 0.0276115 0.0258985 0.0238649 0.0215511 0.0190262
 1.05278e-16 2.55144e-05 0.000149731 0.000711716 0.00274009 0.00854465 0.0215832 0.044163 0.0732086 0.0983276 0.107028 0.0944717 0.0677694 0.0398408 0.0198794 0.009688 0.00653973 0.00720191 0.00968132 0.0130634 0.0168964 0.0208168 0.0244458 0.02742 0.0294611 0.0304341 0.0303682 0.0294314 0.0278721 0.0259479 0.0238682 0.0217646 0.0196934 0.0176596 0.015649 0.0136541
 1.03321e-16 2.92747e-05 0.000171811 0.000816695 0.00314429 0.00980516 0.0247671 0.0506772 0.0840047 0.112821 0.122784 0.108334 0.0776144 0.0454283 0.0222952 0.0102467 0.00611539 0.00616196 0.00808919 0.0108684 0.0140381 0.017272 0.020245 0.0226472 0.0242405 0.0249075 0.0246704 0.023672 0.0221274 0.0202657 0.0182803 0.0163024 0.0144003 0.0125958 0.0108879 0.00927309
 1.02072e-16 3.1709e-05 0.000186104 0.000884647 0.00340593 0.0106211 0.026828 0.0548938 0.0909933 0.122204 0.132987 0.117317 0.0840081 0.0490853 0.0239298 0.0107257 0.00602356 0.00575661 0.00742687 0.00992178 0.0127577 0.0156115 0.0181723 0.0201491 0.0213244 0.0216002 0.0210161 0.0197299 0.0179695 0.0159755 0.0139502 0.0120307 0.0102855 0.00872975 0.00734863 0.00611859
 1.02352e-16 2.66416e-05 0.000156345 0.000743149 0.00286109 0.00892198 0.0225364 0.0461136 0.0764429 0.102674 0.111766 0.0986698 0.0708157 0.0417012 0.0209352 0.0104104 0.0072872 0.00819071 0.0110279 0.0148149 0.0190323 0.0232384 0.0269695 0.029786 0.031361 0.0315525 0.0304305 0.0282469 0.025363 0.0221593 0.0189579 0.015978 0.0133302 0.0110379 0.0090731 0.00738877
 1.03074e-16 2.7015e-05 0.000158541 0.000753601 0.00290135 0.00904755 0.0228535 0.0467621 0.0775164 0.104112 0.113318 0.100012 0.0717176 0.0421089 0.0209127 0.0100285 0.00655908 0.00707404 0.00946042 0.0127549 0.0164923 0.0203075 0.0238213 0.0266662 0.0285551 0.02934 0.0290355 0.0277988 0.0258763 0.0235374 0.0210172 0.0184857 0.0160439 0.0137398 0.0115926 0.00961235
 1.03419e-16 2.69287e-05 0.000158034 0.000751191 0.00289207 0.00901861 0.0227804 0.0466125 0.0772686 0.103779 0.112957 0.0996953 0.0714943 0.0419856 0.0208657 0.0100291 0.00658846 0.00712415 0.00952845 0.012838 0.0165843 0.0203984 0.0238977 0.0267139 0.0285633 0.0293048 0.0289635 0.0277079 0.0257942 0.0234968 0.0210499 0.0186162 0.0162843 0.0140874 0.0120307 0.0101133
 1.02658e-16 3.09459e-05 0.000181624 0.000863353 0.00332394 0.0103654 0.0261822 0.0535724 0.0888028 0.119262 0.129785 0.114492 0.0819833 0.047899 0.0233463 0.010457 0.00586669 0.00560967 0.00725391 0.00972192 0.0125521 0.0154403 0.0180927 0.0202301 0.0216378 0.022209 0.0219622 0.0210244 0.0195888 0.0178622 0.0160215 0.014189 0.0124313 0.0107734 0.00921876 0.00776682
 1.02396e-16 2.87411e-05 0.000168674 0.000801775 0.00308683 0.00962596 0.0243145 0.0497515 0.0824714 0.110765 0.120557 0.106393 0.0762764 0.0447506 0.0221581 0.0105112 0.0067165 0.00711176 0.00943649 0.0126552 0.0162666 0.0198826 0.0231086 0.0255717 0.0269943 0.0272541 0.0264073 0.0246629 0.022321 0.0196969 0.0170563 0.0145786 0.0123525 0.0103956 0.00868496 0.00718445
 1.02599e-16 2.84393e-05 0.000166904 0.000793359 0.00305443 0.00952492 0.0240593 0.0492292 0.0816054 0.109601 0.119288 0.105269 0.075461 0.0442531 0.0218771 0.0103216 0.00652455 0.00686338 0.00910646 0.0122393 0.0157807 0.0193649 0.0226185 0.0251848 0.026791 0.0273054 0.0267605 0.0253306 0.0232773 0.0208815 0.0183844 0.0159556 0.0136883 0.0116167 0.00974114 0.00805096
 1.02429e-16 3.02388e-05 0.000177471 0.000843603 0.0032479 0.0101282 0.0255832 0.0523469 0.0867722 0.116537 0.126826 0.111895 0.0801537 0.0468908 0.0229681 0.0104795 0.0061476 0.00610467 0.00797395 0.0106916 0.0137834 0.0169176 0.019767 0.0220211 0.0234429 0.0239182 0.0234756 0.0222664 0.0205174 0.0184707 0.0163335 0.0142497 0.012297 0.0105024 0.00886474 0.00737499
 1.02392e-16 2.89698e-05 0.000170018 0.000808165 0.00311144 0.00970269 0.0245083 0.050148 0.0831283 0.111647 0.121514 0.107232 0.0768641 0.0450688 0.0222664 0.0104807 0.00658961 0.00689932 0.00913242 0.0122513 0.0157622 0.0192903 0.0224557 0.0248986 0.0263489 0.0266838 0.0259506 0.0243427 0.0221414 0.0196442 0.0171034 0.0146915 0.012497 0.0105427 0.00881364 0.00728308
 1.04403e-16 1.78041e-05 0.00010445 0.000496415 0.00191107 0.00595934 0.0150532 0.0308032 0.0510692 0.068613 0.0747397 0.0661045 0.0477099 0.0286319 0.0153708 0.00929016 0.0085949 0.0111092 0.015458 0.020922 0.0269894 0.0331059 0.0386445 0.0429962 0.0456955 0.0465206 0.0455319 0.0430337 0.0394801 0.0353563 0.0310781 0.0269356 0.0230861 0.0195834 0.0164229 0.0135812
pSPR Fmed_Fpbrs
0.771102   0.329521 0.329521
Fs Fmed_Fpbrs
0.154504   1.005 1.005
SSBpbr Bo_Bmed_Bpbrs
1.70035e+06  1.22612e+06  475282 475282
Ro
71682.4
SPR SPRFo_SPRFmed_SPRFpbrs
1.47734e+06 1.13918e+06 486815
log_Ro
11
likeval ReclasPelacesDesembMPH_pf_preclas_ppelaces_ptallas_desvR_qrecl_qpela
 63.6372 23.9114 0.0396193 0.000215153 292.325 204.639 71.7557 0 17.0991 0.000121395 0 0 0 0 0
q_reclas_q_pelaces
0.209866 1
M
0.7
N
 84493.8 21397.4 7967.04 940.08 0.470811
 105966 39528 7999.08 2978.36 351.611
 69281.7 50407.6 15998.6 3237.56 1347.77
 100139 32486.1 19051.7 6046.7 1733.03
 163730 49210.8 15349.4 9001.75 3675.86
 120559 81118.8 24170.9 7539.19 6226.87
 179278 58415.9 35840.5 10679.3 6082.22
 149765 87664.3 26955.4 16538.2 7734.45
 160179 72044.7 37422.5 11506.8 10361.6
 143136 76597.1 29896.3 15529.2 9074.73
 69507.3 68745.6 32450.6 12665.7 10423.5
 41458.1 32008.2 23841.4 11254.1 8007.48
 42386.5 19180.4 11348.6 8453.06 6829.26
 25230.6 18850.8 5635.73 3334.55 4490.37
 20801.3 10373.1 3811.21 1139.42 1582.03
 27711.7 8786.27 2384.89 876.237 625.689
 23961.9 12924.5 3237.11 878.661 553.352
 27273.4 11376.4 5182.74 1298.08 574.238
 31379.3 13143.3 4897.82 2231.3 806.082
 55102.6 15192.1 5784.49 2155.58 1336.78
 69424.6 26671.5 6678.88 2543.02 1535.34
 91656.5 34043.6 12473.9 3123.62 1907.39
 145535 44777.3 15640.3 5730.76 2311.35
 190040 70893.7 20291.1 7087.52 3644.33
 91066.3 92647.8 32249.1 9230.3 4881.85
pred_Ctot
 3531.88 3866.41 1439.61 169.868 0.0850735
 3213.7 5319.97 1076.58 400.849 47.3224
 2787.11 8797.46 2792.18 565.039 235.222
 749.214 1136.78 666.672 211.591 60.6438
 271.022 386.149 120.445 70.6353 28.8439
 2105.83 6476.41 1929.77 601.919 497.145
 1975.34 2985.96 1832 545.88 310.896
 3375.56 8926.54 2744.77 1684.03 787.571
 4274.86 8604.17 4469.3 1374.24 1237.47
 3385.82 8164.74 3186.75 1655.31 967.307
 3648.17 15222.2 7185.47 2804.54 2308.06
 2046.19 6712.44 4999.79 2360.09 1679.25
 3203.14 5803.33 3433.71 2557.61 2066.3
 3156.54 8454.01 2527.46 1495.44 2013.8
 2256.08 4184.5 1537.43 459.639 638.186
 1216.17 1658.95 450.294 165.443 118.137
 759.052 1811.28 453.659 123.138 77.5485
 580.65 1097.37 499.927 125.213 55.3911
 566.179 1082.51 403.393 183.774 66.3903
 1003.13 1262 480.513 179.062 111.045
 625.599 1120.15 280.5 106.802 64.4812
 1069.77 1840.55 674.393 168.876 103.122
 1995.88 2831.18 988.907 362.344 146.142
 2498.14 4302.2 1231.37 430.107 221.157
 1026.62 4842.49 1685.59 482.447 255.163
F
 0.0596688 0.283941 0.283941 0.283941 0.283941
 0.0429764 0.204508 0.204508 0.204508 0.204508
 0.0573673 0.272989 0.272989 0.272989 0.272989
 0.0104515 0.0497345 0.0497345 0.0497345 0.0497345
 0.00230404 0.010964 0.010964 0.010964 0.010964
 0.0245527 0.116837 0.116837 0.116837 0.116837
 0.0154257 0.0734048 0.0734048 0.0734048 0.0734048
 0.0317827 0.151242 0.151242 0.151242 0.151242
 0.0377319 0.179552 0.179552 0.179552 0.179552
 0.0333794 0.15884 0.15884 0.15884 0.15884
 0.07544 0.35899 0.35899 0.35899 0.35899
 0.0707969 0.336895 0.336895 0.336895 0.336895
 0.110276 0.52476 0.52476 0.52476 0.52476
 0.188838 0.898606 0.898606 0.898606 0.898606
 0.161826 0.770067 0.770067 0.770067 0.770067
 0.0627303 0.298509 0.298509 0.298509 0.298509
 0.0449276 0.213793 0.213793 0.213793 0.213793
 0.0299979 0.142749 0.142749 0.142749 0.142749
 0.0253713 0.120732 0.120732 0.120732 0.120732
 0.0256014 0.121827 0.121827 0.121827 0.121827
 0.0126 0.0599586 0.0599586 0.0599586 0.0599586
 0.0163468 0.0777882 0.0777882 0.0777882 0.0777882
 0.0192321 0.0915181 0.0915181 0.0915181 0.0915181
 0.018428 0.0876915 0.0876915 0.0876915 0.0876915
 0.0157852 0.0751156 0.0751156 0.0751156 0.0751156
nmprior
 10 11 7 0
nm_flota  nm_reclas  nm_pelaces    nm_pelaL
inf 11.863 20.2987 37.0648
cv_recla  cv_pelaces  cv_mph
0.721573 0.575396 0.475896
 ------------------------------------------------
Talla a la edad & desviación 
 7.2 14.2025 17.0495 18.207 18.6776
 1.08 2.13037 2.55742 2.73105 2.80164
