years
 1997 1998 1999 2000 2001 2002 2003 2004 2005 2006 2007 2008 2009 2010 2011 2012 2013 2014 2015 2016 2017 2018 2019 2020 2021
reclasobs
 0 0 0 370054 412103 1.49427e+06 250295 1.28982e+06 931140 785840 897777 1.04006e+06 184774 17550 25797 100020 73551 82996 120727 218422 84188 347160 605670 569463 516374
reclaspred
 383874 96067.4 245714 187007 313689 368226 823771 578952 706701 723167 587547 395202 244219 110628 75287.9 75721.3 93120.7 123062 124864 188040 283061 255681 420176 490180 466611
pelacesobs
 0 0 0 0 0 0 0 0 0 2.06254e+06 1.5e+06 0 1.87456e+06 323000 250000 174000 83755 137374 0 501740 490994 745055 786931 1.00524e+06 0
pelacespred
 809745 183166 289155 335776 490728 476440 1.26057e+06 1.0519e+06 1.16826e+06 1.19632e+06 878850 612971 378239 140882 94486.3 102331 131777 177082 184953 270137 453574 401292 521510 715714 710970
mphobs
 0 0 0 0 0 112323 0 153150 637223 0 255016 313432 73983 77613 109348 50772 0 0 0 0 0 0 0 0 0
mphpred
 147010 78470.3 85152.5 88394.2 108266 188400 275637 332270 301318 338151 357069 256055 156950 82848.4 38430.1 32411 39109.1 52792.1 63327.8 70708 113159 137552 168060 222810 292116
desembarqueobs
 350755 77701 442110 56441 14545 235359 269955 359681 431902 328805 639364 411747 362871 311530 167758 66681 60226 58785 57116 71774 51957 67425 138520 160799 200461
desembarquepred
 350751 77692.6 441999 56440.1 14545 235386 269976 359629 431865 328772 639355 411859 363010 311765 167719 66682.4 60240.2 58781.2 57107.6 71765.5 51955.3 67414.7 138510 160795 200460
Reclutas
 37003.3 49616.6 25040 48697.9 86316.1 56311.7 98244.2 102479 140062 157953 67643.3 38534.9 43749.4 22918 17058.1 20072.9 15725.8 16903.2 18252.5 37969.3 46874.4 56320 82244.5 91312.6 18834.1
log_desv_Rt
 -0.181237 0.11208 -0.571771 0.0933911 0.665771 0.238658 0.795212 0.837409 1.14984 1.27005 0.422003 -0.140681 -0.0137674 -0.660323 -0.955621 -0.792875 -1.03694 -0.964741 -0.887943 -0.155467 0.0552271 0.238805 0.617451 0.722044 -0.856578
SSB
 594936 317561 344603 357722 438141 762435 1.11547e+06 1.34466e+06 1.21941e+06 1.36846e+06 1.44502e+06 1.03623e+06 635160 335279 155523 131164 158271 213644 256281 286148 457944 556660 680123 901689 1.18216e+06
BT
 1.7221e+06 462208 759159 661203 890241 1.03782e+06 2.44259e+06 2.28898e+06 2.48637e+06 2.45631e+06 2.14498e+06 1.4744e+06 1.03434e+06 551999 311222 238269 285188 364244 380619 542391 854300 782086 1.0298e+06 1.41576e+06 1.44178e+06
Ftot
 0.507449 0.508707 0.863843 0.185403 0.0306992 0.278605 0.1812 0.34575 0.366102 0.257596 0.471115 0.431004 0.697054 1.23422 1.22161 0.492849 0.355538 0.248278 0.217906 0.227868 0.101124 0.127506 0.157602 0.166038 0.161351
BD_Bspro_t
 0.935608 0.695967 0.620119 0.449294 0.62631 0.790025 0.746936 0.758225 0.711031 0.694302 0.681508 0.532254 0.417006 0.308116 0.19071 0.199427 0.300502 0.451624 0.554402 0.636378 0.75489 0.828937 0.831353 0.82588 0.810177
BD_Bspro
 0.650805 0.347383 0.376965 0.391316 0.479286 0.834034 1.22023 1.47094 1.33392 1.49697 1.58072 1.13354 0.694807 0.366765 0.170127 0.143481 0.173133 0.233707 0.280348 0.31302 0.500948 0.608935 0.743993 0.986366 1.29318
BD_Bo
 0.5396 0.288025 0.312552 0.32445 0.397389 0.691521 1.01172 1.21959 1.10599 1.24118 1.31062 0.939849 0.576083 0.304094 0.141057 0.118964 0.14355 0.193773 0.232444 0.259533 0.41535 0.504884 0.616864 0.817823 1.07221
BD_Brms
 1.8568 0.99111 1.07551 1.11645 1.36744 2.37956 3.4814 4.19669 3.80577 4.27097 4.50991 3.23407 1.98234 1.04641 0.485386 0.409363 0.493963 0.666784 0.799854 0.893069 1.42924 1.73734 2.12267 2.81418 3.68954
S_f
 0.173459 1 1 1 1
 0.173459 1 1 1 1
 0.173459 1 1 1 1
 0.173459 1 1 1 1
 0.173459 1 1 1 1
 0.173459 1 1 1 1
 0.173459 1 1 1 1
 0.173459 1 1 1 1
 0.173459 1 1 1 1
 0.173459 1 1 1 1
 0.173459 1 1 1 1
 0.173459 1 1 1 1
 0.173459 1 1 1 1
 0.173459 1 1 1 1
 0.173459 1 1 1 1
 0.173459 1 1 1 1
 0.173459 1 1 1 1
 0.173459 1 1 1 1
 0.173459 1 1 1 1
 0.173459 1 1 1 1
 0.173459 1 1 1 1
 0.173459 1 1 1 1
 0.173459 1 1 1 1
 0.173459 1 1 1 1
 0.173459 1 1 1 1
Scru_reclas
 1 1 1 1 1
 1 1 1 1 1
 1 1 1 1 1
 1 1 1 1 1
 1 1 1 1 1
 1 1 1 1 1
 1 1 1 1 1
 1 1 1 1 1
 1 1 1 1 1
 1 1 1 1 1
 1 1 1 1 1
 1 1 1 1 1
 1 1 1 1 1
 1 1 1 1 1
 1 1 1 1 1
 1 1 1 1 1
 1 1 1 1 1
 1 1 1 1 1
 1 1 1 1 1
 1 1 1 1 1
 1 1 1 1 1
 1 1 1 1 1
 1 1 1 1 1
 1 1 1 1 1
 1 1 1 1 1
Scru_pelaces
 1 1 1 1 1
 1 1 1 1 1
 1 1 1 1 1
 1 1 1 1 1
 1 1 1 1 1
 1 1 1 1 1
 1 1 1 1 1
 1 1 1 1 1
 1 1 1 1 1
 1 1 1 1 1
 1 1 1 1 1
 1 1 1 1 1
 1 1 1 1 1
 1 1 1 1 1
 1 1 1 1 1
 1 1 1 1 1
 1 1 1 1 1
 1 1 1 1 1
 1 1 1 1 1
 1 1 1 1 1
 1 1 1 1 1
 1 1 1 1 1
 1 1 1 1 1
 1 1 1 1 1
 1 1 1 1 1
pf_obs 
 0.256992 0.487395 0.22802 0.0275931 0
 0.321318 0.546541 0.124235 0.00734118 0.000564706
 0.182869 0.594174 0.210203 0.0122559 0.00049798
 0.330522 0.361315 0.267642 0.0388342 0.00168674
 0.649043 0.306663 0.0425973 0.00169635 0
 0.582887 0.30429 0.105238 0.00758474 0
 0.465427 0.430635 0.0974691 0.00646863 0
 0.296916 0.608066 0.0921331 0.00288517 0
 0.311714 0.524322 0.152257 0.0117073 0
 0.15457 0.633149 0.183074 0.0267441 0.00246327
 0.131901 0.49318 0.331252 0.0422183 0.00144891
 0.196976 0.569456 0.194076 0.0375587 0.00193317
 0.518974 0.381816 0.0799577 0.0180837 0.00116848
 0.0928022 0.601141 0.25162 0.0475244 0.00691264
 0.122501 0.610282 0.24278 0.0234846 0.000952079
 0.383417 0.481906 0.127806 0.00687128 0
 0.0376549 0.599619 0.316969 0.0457579 0
 0.0361596 0.667082 0.258105 0.0386534 0
 0.158088 0.579412 0.248529 0.0139706 0
 0.0477256 0.309471 0.559284 0.082774 0.000745712
 0.0406174 0.521527 0.379366 0.0568643 0.0016247
 0.151134 0.462217 0.34131 0.0453401 0
 0.294876 0.26143 0.354403 0.0886775 0.000613685
 0.281977 0.475581 0.204845 0.0348837 0.00271318
 0 0 0 0 0
pf_pred 
 0.274721 0.50619 0.195346 0.0237323 1.04634e-05
 0.309762 0.507979 0.127203 0.0490895 0.00596643
 0.164543 0.641356 0.142848 0.0357705 0.0154822
 0.348773 0.41357 0.182443 0.040635 0.0145795
 0.332677 0.514535 0.0970297 0.0428038 0.0129542
 0.158456 0.626596 0.165735 0.0312538 0.0179599
 0.274071 0.401574 0.241508 0.0638788 0.0189684
 0.229946 0.541503 0.126431 0.0760361 0.0260835
 0.278558 0.483224 0.167516 0.0391119 0.031591
 0.250337 0.544227 0.137602 0.0477013 0.0201332
 0.112033 0.608167 0.203124 0.0513577 0.0253182
 0.106885 0.425928 0.319975 0.10687 0.0403415
 0.198878 0.367556 0.206768 0.155333 0.0714643
 0.169703 0.554552 0.126513 0.0711694 0.0780635
 0.246553 0.518384 0.156997 0.0358165 0.0422488
 0.319206 0.529718 0.103943 0.03148 0.0156531
 0.207251 0.613595 0.139397 0.027353 0.0124033
 0.218477 0.50085 0.217243 0.0493537 0.0140757
 0.21522 0.505647 0.178887 0.0775921 0.0226548
 0.342539 0.418505 0.153964 0.0544689 0.030524
 0.263719 0.566755 0.107911 0.0396995 0.0219154
 0.234232 0.523769 0.186279 0.035468 0.0202514
 0.264532 0.479331 0.175192 0.0623075 0.0186373
 0.226096 0.534456 0.156057 0.0570378 0.0263534
 0.0482665 0.614268 0.233053 0.0680496 0.0363632
pobs_RECLAS
 0 0 0 0 0
 0 0 0 0 0
 0 0 0 0 0
 0 0 0 0 0
 0.835266 0.146461 0.0176864 0.000547809 3.91292e-05
 0.385257 0.428462 0.181853 0.0044286 0
 0.867414 0.0963971 0.0333333 0.00285562 0
 0.441836 0.489002 0.0689373 0.000224442 0
 0.779404 0.147425 0.0564933 0.0165055 0.000172143
 0.814271 0.122319 0.05973 0.00367925 0
 0.40263 0.566651 0.0304383 0.000280538 0
 0.475488 0.404961 0.113038 0.00651328 0
 0.955842 0.0263864 0.0167828 0.000988607 0
 0.975058 0.0227948 0.00214734 0 0
 0.738997 0.206755 0.0527124 0.00153531 0
 0.850938 0.134255 0.0134407 0.00136685 0
 0.542534 0.407297 0.0501686 0 0
 0.764087 0.199537 0.0359546 0.000420521 0
 0.470689 0.182191 0.310203 0.0369168 0
 0.84361 0.089868 0.0606195 0.00523954 0.000663233
 0.607945 0.314616 0.071237 0.00620181 0
 0.523733 0.453247 0.0230204 0 0
 0.530135 0.295979 0.169645 0.0042399 0
 0.562478 0.366248 0.0663022 0.0049721 0
 0.250443 0.683176 0.0655157 0.000865301 0
ppred_RECLAS
 0.693237 0.214097 0.0826233 0.0100378 4.42559e-06
 0.728094 0.200108 0.0501091 0.0193378 0.00235036
 0.54909 0.34615 0.0770972 0.0193059 0.00835598
 0.757237 0.154169 0.0680104 0.0151478 0.00543491
 0.742158 0.198807 0.0374905 0.0165386 0.00500525
 0.524584 0.353985 0.093629 0.0176563 0.0101462
 0.687338 0.17296 0.104019 0.0275129 0.00816978
 0.637471 0.254931 0.0595218 0.0357966 0.0122797
 0.694858 0.204385 0.0708525 0.0165428 0.0133618
 0.661485 0.245749 0.062135 0.0215399 0.00909128
 0.4287 0.391282 0.130686 0.0330425 0.0162892
 0.415011 0.278982 0.209583 0.0699996 0.0264237
 0.601234 0.182955 0.102921 0.0773185 0.035572
 0.569742 0.287367 0.0655585 0.0368799 0.0404523
 0.679114 0.220775 0.0668636 0.0152539 0.0179934
 0.736414 0.205093 0.040244 0.0121883 0.00606049
 0.606395 0.304654 0.0692118 0.0135809 0.00615831
 0.62047 0.243227 0.1055 0.0239676 0.00683558
 0.615467 0.247761 0.0876523 0.0380192 0.0111006
 0.752641 0.157456 0.0579263 0.0204931 0.0114842
 0.674877 0.250265 0.0476509 0.0175303 0.0096773
 0.639682 0.24645 0.0876503 0.0166888 0.00952893
 0.67651 0.21083 0.0770569 0.0274054 0.00819745
 0.629565 0.255821 0.0746979 0.0273016 0.0126142
 0.227762 0.498418 0.189099 0.0552156 0.0295052
pobs_PELACES
 0 0 0 0 0
 0 0 0 0 0
 0 0 0 0 0
 0 0 0 0 0
 0 0 0 0 0
 0 0 0 0 0
 0 0 0 0 0
 0 0 0 0 0
 0 0 0 0 0
 0 0 0 0 0
 0.450072 0.473896 0.0757376 0.000293798 0
 0 0 0 0 0
 0.463077 0.371075 0.160297 0.00555027 0
 0.529543 0.364841 0.0842815 0.0213345 0
 0.631943 0.363953 0.00410389 0 0
 0.735681 0.248677 0.0153453 0.000297389 0
 0.695825 0.281241 0.0229344 0 0
 0.275771 0.60734 0.115278 0.00161068 0
 0 0 0 0 0
 0.896147 0.0623911 0.0374545 0.00400742 0
 0.803859 0.145111 0.0509908 3.86294e-05 0
 0.739449 0.233085 0.0266225 0.000797448 4.60066e-05
 0.878498 0.100942 0.0204185 0.000141795 0
 0.694673 0.275183 0.0284847 0.00165964 0
 0 0 0 0 0
ppred_PELACES
 0.721861 0.19412 0.074914 0.00910116 4.01265e-06
 0.75468 0.180543 0.0452097 0.0174471 0.00212055
 0.606498 0.30208 0.0672815 0.016848 0.00729213
 0.766412 0.148343 0.0654401 0.0145753 0.0052295
 0.743757 0.197574 0.037258 0.0164361 0.00497421
 0.543491 0.339907 0.0899053 0.0169541 0.00974264
 0.69786 0.16714 0.100518 0.0265871 0.00789485
 0.658971 0.239812 0.0559919 0.0336737 0.0115515
 0.71561 0.190485 0.0660341 0.0154178 0.0124531
 0.677035 0.23446 0.0592807 0.0205504 0.00867365
 0.460419 0.369558 0.12343 0.031208 0.0153848
 0.443806 0.26525 0.199267 0.0665539 0.025123
 0.645825 0.162496 0.091412 0.0686726 0.0315943
 0.649637 0.234006 0.0533849 0.0300316 0.0329407
 0.747044 0.174038 0.0527089 0.0120247 0.0141842
 0.761667 0.185444 0.0363884 0.0110205 0.00547986
 0.629287 0.286935 0.0651864 0.0127911 0.00580014
 0.636282 0.233094 0.101104 0.0229691 0.00655079
 0.629434 0.238762 0.0844687 0.0366383 0.0106974
 0.76403 0.150206 0.0552593 0.0195495 0.0109554
 0.680899 0.245629 0.0467682 0.0172056 0.00949804
 0.647659 0.240994 0.08571 0.0163194 0.00931799
 0.685845 0.204746 0.0748332 0.0266146 0.00796089
 0.640063 0.248571 0.0725809 0.0265278 0.0122567
 0.235595 0.493363 0.187181 0.0546555 0.0292059
pobs_pel_tallas
 0 0 0 0 0 0 0 0 0 0 0 0 0 0 0 0 0 0 0 0 0 0 0 0 0 0 0 0 0 0 0 0 0 0 0 0
 0 0 0 0 0 0 0 0 0 0 0 0 0 0 0 0 0 0 0 0 0 0 0 0 0 0 0 0 0 0 0 0 0 0 0 0
 0 0 0 0 0 0 0 0 0 0 0 0 0 0 0 0 0 0 0 0 0 0 0 0 0 0 0 0 0 0 0 0 0 0 0 0
 0 0 0 0 0 0 0 0 0 0 0 0 0 0 0 0 0 0 0 0 0 0 0 0 0 0 0 0 0 0 0 0 0 0 0 0
 0 0 0 0 0 0 0 0 0 0 0 0 0 0 0 0 0 0 0 0 0 0 0 0 0 0 0 0 0 0 0 0 0 0 0 0
 0 0 0 0 0 0 0 0 0 0 0 0 0 0 0 0 0 0 0 0 0 0 0 0 0 0 0 0 0 0 0 0 0 0 0 0
 0 0 0 0 0 0 0 0 0 0 0 0 0 0 0 0 0 0 0 0 0 0 0 0 0 0 0 0 0 0 0 0 0 0 0 0
 0 0 0 0 0 0 0 0 0 0 0 0 0 0 0 0 0 0 0 0 0 0 0 0 0 0 0 0 0 0 0 0 0 0 0 0
 0 0 0 0 0 0 0 0 0 0 0 0 0 0 0 0 0 0 0 0 0 0 0 0 0 0 0 0 0 0 0 0 0 0 0 0
 0 0 0 0 0 0 0 0 0 0 0 0 0 0 0 0 0 0 0 0 0 0 0 0 0 0 0 0 0 0 0 0 0 0 0 0
 0 0 0 0 0 0 0 0 1.78061e-05 0.00172719 0.00360574 0.0105946 0.0120993 0.0124554 0.0147524 0.0171206 0.0266825 0.0428682 0.0675386 0.121331 0.153587 0.119568 0.100827 0.0573624 0.0630603 0.0341343 0.0324427 0.0444173 0.0211091 0.0280891 0.0125444 0.00206551 0 0 0 0
 0 0 0 0 0 0 0 0 0 0 0 0 0 0 0 0 0 0 0 0 0 0 0 0 0 0 0 0 0 0 0 0 0 0 0 0
 0 0 0 0 0 0 0.0133647 0.0140871 0.0187388 0.0205184 0.03894 0.0496705 0.03968 0.0493445 0.0407372 0.0367815 0.0215668 0.0243155 0.0234873 0.0199281 0.019796 0.0243948 0.0301388 0.0376714 0.0412746 0.0863199 0.0771752 0.113111 0.0741005 0.0525337 0.0229764 0.00759418 0.00175318 0 0 0
 0 0 0 0 0 0 0 0 0 0 0.00219441 0.00772107 0.0458388 0.0604681 0.0671733 0.0775358 0.0609151 0.0617685 0.073594 0.0568108 0.0755445 0.0548602 0.0670107 0.0636378 0.0643287 0.046367 0.0373049 0.0286899 0.0247887 0.0153202 0.00654259 0.00121912 0.000365735 0 0 0
 0 0 0 0 0 0 0 0 0 0 0 0 0.000112435 0.00938835 0.0111873 0.0202946 0.0414886 0.0713402 0.111592 0.104902 0.108894 0.110636 0.117776 0.105296 0.107544 0.0401394 0.0192827 0.0124803 0.00416011 0.0028671 0.000618394 0 0 0 0 0
 0 0 0 0 0 0 0 0 0 0 0.00291406 0.0102884 0.027416 0.0768956 0.0749926 0.110853 0.0956884 0.0897413 0.0766577 0.0534642 0.0500743 0.0551293 0.0594112 0.0620874 0.0668451 0.0424026 0.0208742 0.0120726 0.0048766 0.00582813 0.00118941 0.000297354 0 0 0 0
 0 0.00264628 0.0354308 0.0461629 0.0458689 0.0383711 0.0214643 0.0164657 0.0346957 0.0420465 0.0363128 0.0245516 0.0311673 0.0291091 0.0169068 0.0133784 0.00837989 0.0085269 0.0148486 0.0160247 0.0276389 0.0546898 0.0760071 0.122758 0.109233 0.0665981 0.0333725 0.0166128 0.00676272 0.00308733 0.000882094 0 0 0 0 0
 0 0 0 0 0 0 0 0.000805153 0.000690131 0.00759144 0.0133425 0.0154129 0.00931677 0.000345066 0.00356568 0.00563607 0.00851162 0.0253048 0.0502646 0.0516448 0.0657925 0.0565908 0.0611916 0.0827007 0.0866115 0.110766 0.145733 0.0935128 0.0569358 0.0249597 0.0138026 0.00621118 0.00161031 0.00115022 0 0
 0 0 0 0 0 0 0 0 0 0 0 0 0 0 0 0 0 0 0 0 0 0 0 0 0 0 0 0 0 0 0 0 0 0 0 0
 0.00147267 0.00158595 0.00478618 0.00569244 0.00954404 0.0108468 0.00647125 0.017049 0.0510054 0.094081 0.124002 0.0959785 0.0687766 0.0820023 0.061753 0.0591476 0.0492212 0.0479892 0.0443925 0.0268479 0.0217502 0.0140895 0.0121071 0.0120363 0.00920419 0.00665534 0.0049561 0.00860946 0.00930331 0.0156896 0.0114698 0.00855282 0.00243557 0.00046729 0 2.83206e-05
 0 0 0 0 0.000772559 0.00158375 0.000888443 0.00281984 0.00712685 0.0440552 0.0773331 0.111326 0.0921469 0.0852325 0.0710754 0.0886704 0.0786465 0.0553345 0.0373146 0.0185414 0.00753245 0.00457741 0.012979 0.0271748 0.0457355 0.0583668 0.034881 0.0177882 0.00938659 0.00492506 0.0015258 0.00185414 0.000309023 5.79419e-05 3.86279e-05 0
 0 0.00173294 0.00326652 0 0.00397197 0.00683976 0.00946217 0.0152591 0.00757587 0.0136028 0.0228656 0.0392903 0.0559909 0.0764795 0.0681675 0.0726916 0.0566044 0.0477403 0.0527397 0.0444891 0.0609904 0.0582453 0.0661739 0.0445044 0.0529084 0.0360697 0.0280645 0.0235558 0.0158879 0.00826598 0.00280645 0.00217768 0.000904811 0.00058276 9.20147e-05 0
 0 0 0 0 0 0 0 0 0 0 0 0 0 0 0 0 0 0 0 0 0 0 0 0 0 0 0 0 0 0 0 0 0 0 0 0
 0 0 0 0 0 0 0 0 0 0 0 0 0 0 0 0 0 0 0 0 0 0 0 0 0 0 0 0 0 0 0 0 0 0 0 0
 0 0 0 0 0 0 0 0 0 0 0 0 0 0 0 0 0 0 0 0 0 0 0 0 0 0 0 0 0 0 0 0 0 0 0 0
ppred_pel_tallas
 1.0144e-16 3.14972e-05 0.000184859 0.000878729 0.00338314 0.01055 0.0266485 0.0545266 0.0903848 0.121387 0.1321 0.116539 0.0834603 0.0487841 0.0238185 0.0107368 0.00611683 0.00592258 0.00767478 0.0102673 0.0132147 0.0161865 0.0188605 0.020932 0.0221685 0.0224589 0.0218332 0.0204447 0.018524 0.0163202 0.0140511 0.0118738 0.00987884 0.00810285 0.00654891 0.00520516
 1.014e-16 3.29276e-05 0.000193259 0.000918664 0.00353691 0.0110295 0.0278597 0.0570047 0.0944918 0.1269 0.138094 0.121813 0.0872049 0.0509084 0.0247347 0.0109433 0.00594321 0.00550356 0.00702679 0.00936039 0.0120128 0.0146664 0.0170215 0.0187994 0.0197932 0.0199128 0.0192016 0.017818 0.0159895 0.0139561 0.0119215 0.0100248 0.00833705 0.00687467 0.00562145 0.00454912
 1.01974e-16 2.64712e-05 0.000155342 0.000738381 0.00284273 0.00886472 0.0223918 0.0458178 0.0759531 0.102018 0.111055 0.0980519 0.0703928 0.0414934 0.0209071 0.0105212 0.00752051 0.00855539 0.011544 0.0154985 0.0198838 0.0242341 0.0280585 0.0308932 0.0323961 0.0324231 0.0310575 0.0285774 0.0253772 0.0218714 0.0184107 0.0152338 0.0124596 0.0101104 0.00814922 0.00651629
 1.01723e-16 3.3438e-05 0.000196258 0.000932928 0.00359184 0.0112008 0.0282923 0.0578897 0.0959578 0.128866 0.140226 0.123675 0.0884979 0.0515829 0.024913 0.0107698 0.00549438 0.00478417 0.00600606 0.00800999 0.0103343 0.012708 0.0148837 0.0166281 0.0177607 0.0181901 0.0179284 0.0170791 0.0158026 0.0142737 0.0126454 0.0110282 0.00948762 0.00805376 0.00673669 0.00553933
 1.01391e-16 3.2452e-05 0.000190465 0.000905379 0.00348575 0.01087 0.0274567 0.0561804 0.0931259 0.125068 0.136104 0.120068 0.085979 0.0502392 0.0244962 0.0109844 0.00617221 0.0058943 0.00758901 0.0101102 0.0129537 0.0157785 0.0182579 0.0200891 0.0210508 0.021052 0.0201503 0.0185303 0.016452 0.0141864 0.0119613 0.00992932 0.00816346 0.00667313 0.00542963 0.00439035
 1.02425e-16 2.37254e-05 0.000139218 0.000661718 0.00254754 0.00794418 0.0200666 0.0410607 0.0680693 0.0914351 0.0995521 0.087937 0.0632209 0.0374467 0.0192031 0.0102148 0.00799266 0.00956032 0.0130585 0.0175792 0.0225847 0.0275677 0.031979 0.0352948 0.0371248 0.0372989 0.0358997 0.0332279 0.0297158 0.0258204 0.0219311 0.0183159 0.0151134 0.0123571 0.0100172 0.00803821
 1.02764e-16 3.04496e-05 0.000178711 0.000849507 0.00327064 0.0101992 0.0257623 0.0527132 0.0873784 0.117348 0.127701 0.11265 0.0806559 0.0471074 0.0229313 0.010224 0.00567467 0.00538409 0.00696587 0.00937149 0.0121629 0.0150591 0.0177874 0.0200828 0.0217321 0.0226135 0.0227156 0.0221243 0.0209886 0.0194775 0.017743 0.0159004 0.0140266 0.0121708 0.0103682 0.00865144
 1.0257e-16 2.87566e-05 0.000168766 0.000802211 0.00308851 0.0096312 0.0243277 0.0497785 0.0825161 0.110825 0.120621 0.106448 0.076311 0.0447619 0.022147 0.0104781 0.00665853 0.00702329 0.00931085 0.0124871 0.0160546 0.0196311 0.0228285 0.025281 0.0267159 0.0270134 0.0262286 0.0245658 0.022318 0.0197916 0.0172436 0.0148454 0.0126801 0.0107617 0.0090665 0.00756001
 1.02112e-16 3.12244e-05 0.000183258 0.000871119 0.00335384 0.0104586 0.0264177 0.0540544 0.089602 0.120336 0.130956 0.115528 0.082734 0.0483549 0.0236003 0.0106239 0.00603259 0.00582535 0.00754518 0.0100977 0.0130057 0.015947 0.0186089 0.0206961 0.0219844 0.0223673 0.0218749 0.0206554 0.0189291 0.0169315 0.0148642 0.0128676 0.0110175 0.00933937 0.0078297 0.00647572
 1.0203e-16 2.95441e-05 0.00017339 0.000824194 0.00317315 0.00989515 0.0249945 0.0511426 0.084777 0.11386 0.123922 0.109354 0.0783783 0.0459428 0.0226721 0.0106272 0.0066205 0.00688136 0.00908424 0.0121693 0.0156333 0.0190967 0.0221768 0.0245131 0.0258374 0.0260323 0.0251532 0.023404 0.0210777 0.0184829 0.0158806 0.0134485 0.0112762 0.00938329 0.00774813 0.00633471
 1.03664e-16 2.01043e-05 0.000117957 0.00056063 0.00215832 0.0067304 0.0170007 0.0347879 0.0576731 0.0774782 0.0843772 0.0745827 0.0537291 0.0320442 0.0168383 0.00961422 0.00830604 0.0104267 0.0144141 0.0194782 0.0251021 0.0307555 0.0358479 0.0398086 0.0422037 0.0428298 0.0417507 0.0392609 0.0357963 0.0318223 0.0277379 0.0238216 0.020224 0.0169946 0.0141239 0.011582
 1.06376e-16 1.93758e-05 0.000113689 0.000540362 0.00208032 0.00648717 0.0163863 0.0335299 0.0555852 0.0746663 0.0812964 0.0718157 0.0516408 0.0306094 0.0157417 0.00845764 0.00674348 0.00819706 0.0113393 0.0154778 0.0202286 0.0252295 0.0300689 0.0343268 0.0376501 0.0398167 0.0407646 0.0405755 0.0394269 0.0375302 0.0350815 0.0322367 0.0291127 0.0258045 0.0224047 0.0190146
 1.05187e-16 2.81803e-05 0.000165389 0.000786174 0.00302679 0.00943875 0.0238415 0.0487831 0.0808642 0.108601 0.118185 0.104262 0.0746648 0.043638 0.021299 0.00959473 0.00546993 0.00532564 0.00696319 0.00942091 0.0123001 0.0153444 0.0183023 0.0209258 0.0230109 0.0244343 0.025168 0.0252667 0.0248356 0.023991 0.0228301 0.0214189 0.0197966 0.0179916 0.0160383 0.0139878
 1.03406e-16 2.83493e-05 0.000166375 0.000790848 0.00304476 0.00949477 0.0239831 0.0490734 0.0813472 0.109255 0.118912 0.104939 0.0752269 0.0441219 0.0218229 0.0103128 0.00653891 0.00688882 0.00913508 0.012262 0.0157847 0.0193333 0.0225331 0.0250303 0.0265612 0.0270088 0.026424 0.0249996 0.0230118 0.0207469 0.0184407 0.016246 0.0142309 0.0124002 0.0107266 0.00917826
 1.01881e-16 3.25944e-05 0.000191303 0.000909368 0.00350112 0.0109179 0.0275778 0.0564278 0.0935355 0.125616 0.136696 0.120577 0.0863161 0.0503813 0.0244636 0.0107986 0.00583128 0.00537439 0.00685933 0.00915032 0.0117683 0.0144082 0.0167824 0.0186225 0.0197264 0.0200019 0.0194826 0.0183107 0.0166939 0.0148521 0.012972 0.0111814 0.00954617 0.00808369 0.00678378 0.00562751
 1.01212e-16 3.32325e-05 0.000195048 0.00092717 0.00356965 0.0111316 0.0281176 0.0575325 0.0953668 0.128076 0.139374 0.122942 0.0880157 0.0513861 0.0249745 0.0110617 0.00602302 0.00558723 0.00712998 0.00948367 0.0121463 0.0147907 0.0171084 0.0188144 0.0197005 0.0196813 0.0188111 0.0172642 0.0152859 0.0131328 0.0110208 0.00909544 0.0074271 0.00602578 0.0048648 0.0039035
 1.0173e-16 2.74643e-05 0.000161174 0.000766108 0.00294949 0.00919766 0.0232327 0.0475383 0.0788044 0.105845 0.115215 0.101709 0.0729848 0.0429535 0.0215173 0.010622 0.00733457 0.00817038 0.0109678 0.0147115 0.018869 0.0229914 0.0266107 0.0292854 0.0306901 0.0306878 0.0293581 0.0269661 0.0238886 0.0205218 0.0172016 0.0141578 0.0115059 0.00926854 0.00741144 0.00587708
 1.02607e-16 2.77672e-05 0.000162957 0.000774596 0.00298219 0.00929963 0.0234902 0.0480649 0.0796756 0.107011 0.116471 0.102789 0.0736963 0.0432449 0.0214287 0.0101949 0.00655984 0.00699222 0.00931687 0.0125435 0.0161978 0.019913 0.0233106 0.0260258 0.0277758 0.0284177 0.0279728 0.0266056 0.0245705 0.0221448 0.0195706 0.0170231 0.0146055 0.0123647 0.0103154 0.00846014
 1.03036e-16 2.74687e-05 0.000161205 0.000766263 0.0029501 0.00919958 0.0232375 0.0475478 0.0788188 0.105861 0.115221 0.10169 0.0729173 0.0428059 0.0212447 0.0101627 0.00661123 0.00709838 0.00947153 0.0127469 0.0164481 0.0202022 0.0236248 0.0263474 0.0280875 0.0287079 0.0282396 0.0268591 0.0248314 0.0224402 0.0199277 0.0174622 0.0151351 0.0129788 0.0109943 0.00917427
 1.02018e-16 3.33341e-05 0.000195648 0.000930028 0.00358067 0.011166 0.0282044 0.0577098 0.0956597 0.128466 0.139791 0.123292 0.0882261 0.0514286 0.0248462 0.0107537 0.00550411 0.00480814 0.00604012 0.00805207 0.0103815 0.012756 0.0149267 0.0166608 0.0177802 0.0181974 0.0179308 0.0170896 0.0158388 0.014355 0.0127892 0.0112463 0.00978328 0.00842067 0.00715974 0.00599698
 1.01779e-16 2.97131e-05 0.00017438 0.000828902 0.00319128 0.00995167 0.0251372 0.0514348 0.0852616 0.114512 0.124633 0.109986 0.0788411 0.0462337 0.0228517 0.0107706 0.00678664 0.00710764 0.00939129 0.0125636 0.0161058 0.0196197 0.0227038 0.0249827 0.0261812 0.0261864 0.02507 0.0230616 0.0204843 0.017675 0.0149165 0.0123981 0.0102101 0.00836362 0.00682226 0.00553262
 1.02292e-16 2.82635e-05 0.000165871 0.000788445 0.00303551 0.00946591 0.0239102 0.0489243 0.0811004 0.108924 0.118554 0.104628 0.0750164 0.0440223 0.0218185 0.0103866 0.00668805 0.00712583 0.00948113 0.0127391 0.0164088 0.0201077 0.0234435 0.0260416 0.0276169 0.0280344 0.0273333 0.0257035 0.0234282 0.020811 0.0181139 0.0155213 0.0131355 0.0109928 0.00909091 0.00741274
 1.02416e-16 2.99271e-05 0.000175641 0.000834902 0.00321439 0.0100238 0.0253193 0.051807 0.0858774 0.115336 0.12552 0.110747 0.0793394 0.046431 0.0227738 0.0104432 0.0061991 0.00621608 0.00814295 0.0109253 0.0140891 0.0172984 0.0202195 0.0225349 0.0240016 0.0245013 0.0240607 0.0228322 0.0210455 0.0189466 0.0167473 0.0145959 0.0125742 0.0107128 0.00901379 0.0074705
 1.02596e-16 2.79326e-05 0.000163927 0.000779204 0.00299993 0.00935495 0.02363 0.0483509 0.0801501 0.107649 0.117169 0.103411 0.0741553 0.043541 0.0216243 0.0103676 0.00677188 0.00728433 0.00971134 0.0130449 0.01679 0.0205553 0.0239386 0.0265574 0.0281238 0.0285064 0.0277537 0.0260692 0.0237499 0.0211102 0.0184167 0.0158521 0.0135105 0.0114171 0.00955762 0.0079055
 1.06061e-16 1.0306e-05 6.04206e-05 0.000287072 0.00110501 0.00344565 0.00870392 0.017813 0.0295408 0.0397142 0.0433269 0.0384791 0.028116 0.017563 0.0106848 0.00839828 0.00979617 0.0137206 0.0194044 0.0263479 0.0340386 0.0418166 0.0489058 0.0545445 0.0581458 0.0594216 0.0584322 0.0555401 0.0512932 0.0462804 0.0410083 0.0358327 0.0309509 0.0264382 0.0223024 0.0185312
pSPR Fmed_Fpbrs
0.641165   0.340608 0.340608
Fs Fmed_Fpbrs
0.294296   1.005 1.005
SSBpbr Bo_Bmed_Bpbrs
1.10255e+06  651788  320410 320410
Ro
44355.9
SPR SPRFo_SPRFmed_SPRFpbrs
914153 586123 311368
log_Ro
10.52
likeval ReclasPelacesDesembMPH_pf_preclas_ppelaces_ptallas_desvR_qrecl_qpela
 68.9943 35.4913 0.00552362 0.000172367 285.457 194.589 70.3375 0 16.4458 5.17853e-05 0 0 0 0 0
q_reclas_q_pelaces
0.360692 1
M
0.7
N
 37003.3 14094.4 5439.25 660.804 0.291345
 49616.6 16827 4213.65 1626.11 197.64
 25040 22557.9 5024.26 1258.12 544.541
 48697.9 10704.2 4722.04 1051.73 377.352
 86316.1 23417.3 4415.98 1948.07 589.564
 56311.7 42635.7 11277.1 2126.61 1222.05
 98244.2 26644.3 16024 4238.34 1258.55
 102479 47277.1 11038.4 6638.49 2277.28
 140062 47927.1 16614.5 3879.19 3133.25
 157953 65273.1 16503.6 5721.17 2414.72
 67643.3 75009.7 25052.8 6334.32 3122.68
 38534.9 30954.8 23254.6 7766.89 2931.87
 43749.4 17757.4 9989.4 7504.47 3452.59
 22918 19251.1 4391.84 2470.62 2709.95
 17058.1 9187.42 2782.49 634.783 748.783
 20072.9 6853.25 1344.77 407.274 202.513
 15725.8 9151.16 2078.97 407.942 184.982
 16903.2 7342.14 3184.65 723.494 206.341
 18252.5 8040.07 2844.4 1233.76 360.225
 37969.3 8727.72 3210.84 1135.92 636.564
 46874.4 18124.3 3450.9 1269.55 700.834
 56320 22872.4 8134.61 1548.85 884.357
 82244.5 27355.9 9998.4 3555.95 1063.65
 91312.6 39740 11603.8 4241.1 1959.53
 18834.1 44057.2 16715.2 4880.72 2608.08
pred_Ctot
 2253.68 4152.54 1602.53 194.688 0.0858369
 3029.1 4967.42 1243.89 480.036 58.3444
 2527.65 9852.25 2194.37 549.491 237.831
 1110.44 1316.74 580.869 129.375 46.4189
 329.778 510.052 96.1843 42.4308 12.8413
 1915.91 7576.25 2003.92 377.894 217.156
 2190.15 3209.04 1929.93 510.465 151.579
 4304.94 10137.8 2366.99 1423.51 488.324
 6220.48 10790.9 3740.8 873.409 705.46
 4976.77 10819.4 2735.56 948.316 400.253
 3835.33 20820 6953.75 1758.18 866.742
 2004.95 7989.51 6002.06 2004.65 756.723
 3608.31 6668.69 3751.46 2818.26 1296.6
 3215.81 10508.6 2397.37 1348.64 1479.28
 2371.32 4985.75 1509.98 344.479 406.344
 1188.67 1972.59 387.067 117.227 58.2898
 678.81 2009.71 456.568 89.5891 40.6244
 513.683 1177.6 510.782 116.04 33.0948
 487.959 1146.43 405.583 175.921 51.3645
 1060.67 1295.89 476.746 168.662 94.5173
 586.748 1260.97 240.092 88.3272 48.7595
 887.114 1983.68 705.501 134.329 76.6987
 1597.56 2894.78 1058.02 376.288 112.554
 1867.44 4414.33 1288.95 471.103 217.665
 374.438 4765.32 1807.96 527.91 282.096
F
 0.0880216 0.507449 0.507449 0.507449 0.507449
 0.0882399 0.508707 0.508707 0.508707 0.508707
 0.149841 0.863843 0.863843 0.863843 0.863843
 0.0321598 0.185403 0.185403 0.185403 0.185403
 0.00532506 0.0306992 0.0306992 0.0306992 0.0306992
 0.0483266 0.278605 0.278605 0.278605 0.278605
 0.0314309 0.1812 0.1812 0.1812 0.1812
 0.0599734 0.34575 0.34575 0.34575 0.34575
 0.0635037 0.366102 0.366102 0.366102 0.366102
 0.0446823 0.257596 0.257596 0.257596 0.257596
 0.0817192 0.471115 0.471115 0.471115 0.471115
 0.0747615 0.431004 0.431004 0.431004 0.431004
 0.12091 0.697054 0.697054 0.697054 0.697054
 0.214087 1.23422 1.23422 1.23422 1.23422
 0.2119 1.22161 1.22161 1.22161 1.22161
 0.0854891 0.492849 0.492849 0.492849 0.492849
 0.0616713 0.355538 0.355538 0.355538 0.355538
 0.043066 0.248278 0.248278 0.248278 0.248278
 0.0377977 0.217906 0.217906 0.217906 0.217906
 0.0395258 0.227868 0.227868 0.227868 0.227868
 0.0175409 0.101124 0.101124 0.101124 0.101124
 0.022117 0.127506 0.127506 0.127506 0.127506
 0.0273375 0.157602 0.157602 0.157602 0.157602
 0.0288007 0.166038 0.166038 0.166038 0.166038
 0.0279878 0.161351 0.161351 0.161351 0.161351
nmprior
 10 11 7 0
nm_flota  nm_reclas  nm_pelaces    nm_pelaL
inf 16.6227 19.6852 35.7246
cv_recla  cv_pelaces  cv_mph
0.751331 0.701012 0.425956
 ------------------------------------------------
Talla a la edad & desviación 
 7.2 14.2025 17.0495 18.207 18.6776
 1.08 2.13037 2.55742 2.73105 2.80164
