    unsorted:	 8.202229894e-06 2.460695933e-05 0.0008999972948 0.007861617526 90.49584813 92.46657877 95.82387464 63.86324586 38.57812750 35.51832933 243.6189593 267.3713985 406.6840304 560.0979993 524.7995336 694.8553347 778.0171644 770.5189828 875.2674021 952.1517541 1011.637657 1152.755896 1326.049346 1537.898717 1705.179897 1834.604136 2122.529900 2326.692262 2543.740905 2899.123467 3210.193872 3444.541790 3679.058117 4222.432804 4797.538163 4912.862431 5122.222534 25618.62012 32922.47571 196481.8419 241474.2175 281272.6380 342028.3473 374250.5793 396485.1176 429313.0869 427293.6330 453879.8239 509950.0231 519944.6744 577419.9175 609482.9044 696082.7485 798851.8549 872547.4168 1020464.599 1169531.260 1304556.129 1479704.028 1616284.968 1883064.995 1996264.242 2380579.937 2404445.569 2677080.578
      sorted:	 8.202229894e-06 2.460695933e-05 0.0008999972948 0.007861617526 35.51832933 38.57812750 63.86324586 90.49584813 92.46657877 95.82387464 243.6189593 267.3713985 406.6840304 524.7995336 560.0979993 694.8553347 770.5189828 778.0171644 875.2674021 952.1517541 1011.637657 1152.755896 1326.049346 1537.898717 1705.179897 1834.604136 2122.529900 2326.692262 2543.740905 2899.123467 3210.193872 3444.541790 3679.058117 4222.432804 4797.538163 4912.862431 5122.222534 25618.62012 32922.47571 196481.8419 241474.2175 281272.6380 342028.3473 374250.5793 396485.1176 427293.6330 429313.0869 453879.8239 509950.0231 519944.6744 577419.9175 609482.9044 696082.7485 798851.8549 872547.4168 1020464.599 1169531.260 1304556.129 1479704.028 1616284.968 1883064.995 1996264.242 2380579.937 2404445.569 2677080.578
