years
 1997 1998 1999 2000 2001 2002 2003 2004 2005 2006 2007 2008 2009 2010 2011 2012 2013 2014 2015 2016 2017 2018 2019 2020 2021
reclasobs
 0 0 0 370054 412103 1.49427e+06 250295 1.28982e+06 931140 785840 897777 1.04006e+06 184774 17550 25797 100020 73551 82996 120727 218422 84188 347160 605670 569463 516374
reclaspred
 1.77115e+06 275539 527826 218650 290542 369903 736872 602241 878442 1.15336e+06 1.16863e+06 789220 446604 202751 131507 124310 138977 183763 186483 248951 424141 418788 617734 562946 480356
pelacesobs
 0 0 0 0 0 0 0 0 0 2.06254e+06 1.5e+06 0 1.87456e+06 323000 250000 174000 83755 137374 0 501740 490994 745055 786931 1.00524e+06 0
pelacespred
 862096 318877 165663 152667 170634 160079 380880 363389 494922 675198 601961 421312 237698 86359.5 55151.6 59493.7 69548.9 92658.3 98865.8 127139 238595 247604 277450 301055 252062
mphobs
 0 0 0 0 0 112323 0 153150 637223 0 255016 313432 73983 77613 109348 50772 0 0 0 0 0 0 0 0 0
mphpred
 1.26422e+06 589951 370802 254271 197275 347766 436459 606408 644719 922098 1.16709e+06 841408 496688 264357 122819 105379 111990 143772 167896 178756 300904 399730 454484 509661 515031
desembarqueobs
 350755 77701 442110 56441 14545 235359 269955 359681 431902 328805 639364 411747 362871 311530 167758 66681 60226 58785 57116 71774 51957 67425 138520 160799 200461
desembarquepred
 350735 77684.5 441826 56432.3 14544.5 235303 269906 359428 431672 328652 638939 411590 362606 311344 167583 66664.9 60224.9 58768.9 57094.1 71743.5 51949 67402.8 138476 160763 200461
Reclutas
 27153.1 32646.9 11277.4 15934.7 47361.6 27432.1 65366.2 75453 130108 162961 70149.7 34572.2 47774.5 28133.3 19608.3 15479.5 12540.7 13076.9 12603.2 28195 39577.4 37790.1 46514 39256.5 5403.07
log_desv_Rt
 -0.130754 0.0535059 -1.00944 -0.663745 0.425566 -0.120531 0.74776 0.891266 1.43612 1.66126 0.818387 0.110804 0.434247 -0.0952913 -0.456294 -0.692727 -0.903267 -0.861395 -0.898298 -0.0931011 0.246014 0.199803 0.407509 0.237873 -1.74528
SSB
 1.26422e+06 589951 370802 254271 197275 347766 436459 606408 644719 922098 1.16709e+06 841408 496688 264357 122819 105379 111990 143772 167896 178756 300904 399730 454484 509661 515031
BT
 2.19816e+06 740133 612898 377516 440645 498981 1.28658e+06 1.25741e+06 1.74524e+06 1.96801e+06 1.8363e+06 1.22766e+06 890122 483712 280923 189416 211998 258467 254762 365500 624991 556871 667552 759104 638201
Ftot
 0.191745 0.271613 0.769229 0.24909 0.0489421 0.596084 0.352001 0.564634 0.469067 0.275089 0.516416 0.493071 0.75195 1.32975 1.14127 0.508181 0.413902 0.307646 0.294543 0.278079 0.119276 0.156284 0.216781 0.275082 0.397283
BD_Bspro_t
 0.970928 0.808732 0.638745 0.375513 0.45472 0.653726 0.546204 0.584845 0.559342 0.590094 0.613346 0.458778 0.341422 0.245901 0.146792 0.151504 0.21037 0.324601 0.416591 0.494416 0.643524 0.75451 0.748214 0.70929 0.630742
BD_Bspro
 1.98222 0.925002 0.581392 0.39868 0.309313 0.545273 0.684338 0.950806 1.01087 1.44579 1.82991 1.31927 0.778773 0.414494 0.192571 0.165226 0.175593 0.225424 0.263249 0.280278 0.471797 0.62675 0.712599 0.799114 0.807533
BD_Bo
 1.34519 0.627733 0.394549 0.270555 0.209909 0.370038 0.464412 0.645244 0.686009 0.981152 1.24183 0.895294 0.528498 0.281288 0.130684 0.112127 0.119162 0.152979 0.178649 0.190205 0.320175 0.42533 0.48359 0.542302 0.548015
BD_Brms
 6.57193 3.06679 1.92757 1.3218 1.02551 1.80782 2.26889 3.15234 3.3515 4.79343 6.06697 4.37397 2.58198 1.37423 0.63846 0.547799 0.582168 0.747382 0.872789 0.929246 1.56422 2.07795 2.36258 2.64942 2.67733
S_f
 0.5 1 1 1 1
 0.5 1 1 1 1
 0.5 1 1 1 1
 0.5 1 1 1 1
 0.5 1 1 1 1
 0.5 1 1 1 1
 0.5 1 1 1 1
 0.5 1 1 1 1
 0.5 1 1 1 1
 0.5 1 1 1 1
 0.5 1 1 1 1
 0.5 1 1 1 1
 0.5 1 1 1 1
 0.5 1 1 1 1
 0.5 1 1 1 1
 0.5 1 1 1 1
 0.5 1 1 1 1
 0.5 1 1 1 1
 0.5 1 1 1 1
 0.5 1 1 1 1
 0.5 1 1 1 1
 0.5 1 1 1 1
 0.5 1 1 1 1
 0.5 1 1 1 1
 0.5 1 1 1 1
Scru_reclas
 0.5 1 1 1 1
 0.5 1 1 1 1
 0.5 1 1 1 1
 0.5 1 1 1 1
 0.5 1 1 1 1
 0.5 1 1 1 1
 0.5 1 1 1 1
 0.5 1 1 1 1
 0.5 1 1 1 1
 0.5 1 1 1 1
 0.5 1 1 1 1
 0.5 1 1 1 1
 0.5 1 1 1 1
 0.5 1 1 1 1
 0.5 1 1 1 1
 0.5 1 1 1 1
 0.5 1 1 1 1
 0.5 1 1 1 1
 0.5 1 1 1 1
 0.5 1 1 1 1
 0.5 1 1 1 1
 0.5 1 1 1 1
 0.5 1 1 1 1
 0.5 1 1 1 1
 0.5 1 1 1 1
Scru_pelaces
 0.5 1 1 1 1
 0.5 1 1 1 1
 0.5 1 1 1 1
 0.5 1 1 1 1
 0.5 1 1 1 1
 0.5 1 1 1 1
 0.5 1 1 1 1
 0.5 1 1 1 1
 0.5 1 1 1 1
 0.5 1 1 1 1
 0.5 1 1 1 1
 0.5 1 1 1 1
 0.5 1 1 1 1
 0.5 1 1 1 1
 0.5 1 1 1 1
 0.5 1 1 1 1
 0.5 1 1 1 1
 0.5 1 1 1 1
 0.5 1 1 1 1
 0.5 1 1 1 1
 0.5 1 1 1 1
 0.5 1 1 1 1
 0.5 1 1 1 1
 0.5 1 1 1 1
 0.5 1 1 1 1
pf_obs 
 0.256992 0.487395 0.22802 0.0275931 0
 0.321318 0.546541 0.124235 0.00734118 0.000564706
 0.182869 0.594174 0.210203 0.0122559 0.00049798
 0.330522 0.361315 0.267642 0.0388342 0.00168674
 0.649043 0.306663 0.0425973 0.00169635 0
 0.582887 0.30429 0.105238 0.00758474 0
 0.465427 0.430635 0.0974691 0.00646863 0
 0.296916 0.608066 0.0921331 0.00288517 0
 0.311714 0.524322 0.152257 0.0117073 0
 0.15457 0.633149 0.183074 0.0267441 0.00246327
 0.131901 0.49318 0.331252 0.0422183 0.00144891
 0.196976 0.569456 0.194076 0.0375587 0.00193317
 0.518974 0.381816 0.0799577 0.0180837 0.00116848
 0.0928022 0.601141 0.25162 0.0475244 0.00691264
 0.122501 0.610282 0.24278 0.0234846 0.000952079
 0.383417 0.481906 0.127806 0.00687128 0
 0.0376549 0.599619 0.316969 0.0457579 0
 0.0361596 0.667082 0.258105 0.0386534 0
 0.158088 0.579412 0.248529 0.0139706 0
 0.0477256 0.309471 0.559284 0.082774 0.000745712
 0.0406174 0.521527 0.379366 0.0568643 0.0016247
 0.151134 0.462217 0.34131 0.0453401 0
 0.294876 0.26143 0.354403 0.0886775 0.000613685
 0.281977 0.475581 0.204845 0.0348837 0.00271318
 0 0 0 0 0
pf_pred 
 0.228228 0.522765 0.220721 0.028283 3.28262e-06
 0.351813 0.249212 0.270248 0.114104 0.0146229
 0.200347 0.431757 0.141447 0.153387 0.0730624
 0.460506 0.208925 0.178484 0.0584729 0.093612
 0.689153 0.201141 0.042485 0.0362949 0.0309265
 0.355606 0.527131 0.0758776 0.0160269 0.0253583
 0.664281 0.190841 0.118514 0.0170594 0.00930452
 0.558747 0.359266 0.046606 0.0289426 0.00643841
 0.655395 0.258302 0.0702673 0.00911547 0.00692001
 0.579018 0.342503 0.0588253 0.0160026 0.0036519
 0.292778 0.529393 0.144678 0.0248487 0.00830233
 0.258744 0.36382 0.28253 0.0772128 0.0176923
 0.480036 0.232202 0.141238 0.109681 0.0368429
 0.434656 0.394849 0.0761383 0.0463115 0.0480446
 0.54235 0.320843 0.0955491 0.0184246 0.0228331
 0.546568 0.350027 0.0724939 0.0215891 0.0093221
 0.45793 0.399403 0.110132 0.0228093 0.00972585
 0.474791 0.344484 0.13316 0.0367175 0.0108471
 0.444406 0.368881 0.122465 0.0473386 0.0169094
 0.637529 0.230245 0.0877903 0.0291456 0.0152904
 0.569029 0.341377 0.0569106 0.0216995 0.0109835
 0.43588 0.41293 0.11976 0.019965 0.0114656
 0.464401 0.330812 0.149902 0.0434751 0.0114099
 0.39437 0.392744 0.131489 0.0595819 0.0218153
 0.0917969 0.531266 0.244439 0.081837 0.0506607
pobs_RECLAS
 0 0 0 0 0
 0 0 0 0 0
 0 0 0 0 0
 0 0 0 0 0
 0.835266 0.146461 0.0176864 0.000547809 3.91292e-05
 0.385257 0.428462 0.181853 0.0044286 0
 0.867414 0.0963971 0.0333333 0.00285562 0
 0.441836 0.489002 0.0689373 0.000224442 0
 0.779404 0.147425 0.0564933 0.0165055 0.000172143
 0.814271 0.122319 0.05973 0.00367925 0
 0.40263 0.566651 0.0304383 0.000280538 0
 0.475488 0.404961 0.113038 0.00651328 0
 0.955842 0.0263864 0.0167828 0.000988607 0
 0.975058 0.0227948 0.00214734 0 0
 0.738997 0.206755 0.0527124 0.00153531 0
 0.850938 0.134255 0.0134407 0.00136685 0
 0.542534 0.407297 0.0501686 0 0
 0.764087 0.199537 0.0359546 0.000420521 0
 0.470689 0.182191 0.310203 0.0369168 0
 0.84361 0.089868 0.0606195 0.00523954 0.000663233
 0.607945 0.314616 0.071237 0.00620181 0
 0.523733 0.453247 0.0230204 0 0
 0.530135 0.295979 0.169645 0.0042399 0
 0.562478 0.366248 0.0663022 0.0049721 0
 0.250443 0.683176 0.0655157 0.000865301 0
ppred_RECLAS
 0.229404 0.521968 0.220385 0.0282399 3.27762e-06
 0.354118 0.248326 0.269288 0.113698 0.0145709
 0.206804 0.42827 0.140305 0.152148 0.0724723
 0.462764 0.20805 0.177737 0.0582281 0.0932202
 0.689471 0.200935 0.0424414 0.0362577 0.0308948
 0.362019 0.521886 0.0751225 0.0158674 0.025106
 0.667379 0.18908 0.11742 0.0169019 0.00921866
 0.565119 0.354078 0.045933 0.0285247 0.00634544
 0.659939 0.254896 0.0693407 0.00899527 0.00682877
 0.581514 0.340472 0.0584766 0.0159077 0.00363025
 0.29755 0.525821 0.143702 0.024681 0.0082463
 0.262902 0.36178 0.280946 0.0767797 0.017593
 0.489668 0.227901 0.138622 0.107649 0.0361604
 0.456807 0.379378 0.0731551 0.044497 0.0461621
 0.559933 0.308516 0.0918781 0.0177167 0.0219559
 0.552126 0.345736 0.0716052 0.0213245 0.00920783
 0.462186 0.396267 0.109267 0.0226302 0.00964949
 0.477725 0.34256 0.132416 0.0365124 0.0107865
 0.447159 0.367053 0.121858 0.047104 0.0168256
 0.639925 0.228723 0.08721 0.028953 0.0151894
 0.569981 0.340623 0.0567848 0.0216516 0.0109592
 0.437174 0.411983 0.119485 0.0199191 0.0114393
 0.466316 0.329629 0.149366 0.0433197 0.0113691
 0.39682 0.391155 0.130957 0.0593409 0.021727
 0.0931606 0.530468 0.244072 0.0817141 0.0505846
pobs_PELACES
 0 0 0 0 0
 0 0 0 0 0
 0 0 0 0 0
 0 0 0 0 0
 0 0 0 0 0
 0 0 0 0 0
 0 0 0 0 0
 0 0 0 0 0
 0 0 0 0 0
 0 0 0 0 0
 0.450072 0.473896 0.0757376 0.000293798 0
 0 0 0 0 0
 0.463077 0.371075 0.160297 0.00555027 0
 0.529543 0.364841 0.0842815 0.0213345 0
 0.631943 0.363953 0.00410389 0 0
 0.735681 0.248677 0.0153453 0.000297389 0
 0.695825 0.281241 0.0229344 0 0
 0.275771 0.60734 0.115278 0.00161068 0
 0 0 0 0 0
 0.896147 0.0623911 0.0374545 0.00400742 0
 0.803859 0.145111 0.0509908 3.86294e-05 0
 0.739449 0.233085 0.0266225 0.000797448 4.60066e-05
 0.878498 0.100942 0.0204185 0.000141795 0
 0.694673 0.275183 0.0284847 0.00165964 0
 0 0 0 0 0
ppred_PELACES
 0.235045 0.518147 0.218771 0.0280332 3.25363e-06
 0.364434 0.244359 0.264987 0.111882 0.0143382
 0.228399 0.416611 0.136485 0.148006 0.0704993
 0.472996 0.204088 0.174352 0.0571191 0.0914448
 0.691198 0.199818 0.0422054 0.0360561 0.0307231
 0.385028 0.503063 0.0724131 0.0152951 0.0242005
 0.680144 0.181824 0.112914 0.0162533 0.00886487
 0.58786 0.335562 0.043531 0.027033 0.00601361
 0.677088 0.242042 0.065844 0.00854166 0.00648441
 0.592517 0.33152 0.0569391 0.0154894 0.0035348
 0.315662 0.512263 0.139997 0.0240446 0.00803369
 0.278969 0.353894 0.274822 0.0751061 0.0172095
 0.520673 0.214055 0.1302 0.101109 0.0339636
 0.51155 0.341145 0.0657826 0.0400126 0.04151
 0.605683 0.276443 0.0823264 0.0158749 0.0196733
 0.572759 0.329809 0.0683065 0.0203421 0.00878365
 0.479199 0.383732 0.105811 0.0219144 0.00934424
 0.490402 0.334246 0.129202 0.0356262 0.0105247
 0.459202 0.359057 0.119204 0.0460779 0.0164591
 0.650428 0.222051 0.0846661 0.0281084 0.0147463
 0.574798 0.336808 0.0561488 0.021409 0.0108364
 0.443529 0.407331 0.118136 0.0196942 0.0113101
 0.475228 0.324125 0.146872 0.0425963 0.0111793
 0.407733 0.384078 0.128587 0.0582672 0.0213339
 0.0988482 0.527141 0.242542 0.0812016 0.0502673
pobs_pel_tallas
 0 0 0 0 0 0 0 0 0 0 0 0 0 0 0 0 0 0 0 0 0 0 0 0 0 0 0 0 0 0 0 0 0 0 0 0
 0 0 0 0 0 0 0 0 0 0 0 0 0 0 0 0 0 0 0 0 0 0 0 0 0 0 0 0 0 0 0 0 0 0 0 0
 0 0 0 0 0 0 0 0 0 0 0 0 0 0 0 0 0 0 0 0 0 0 0 0 0 0 0 0 0 0 0 0 0 0 0 0
 0 0 0 0 0 0 0 0 0 0 0 0 0 0 0 0 0 0 0 0 0 0 0 0 0 0 0 0 0 0 0 0 0 0 0 0
 0 0 0 0 0 0 0 0 0 0 0 0 0 0 0 0 0 0 0 0 0 0 0 0 0 0 0 0 0 0 0 0 0 0 0 0
 0 0 0 0 0 0 0 0 0 0 0 0 0 0 0 0 0 0 0 0 0 0 0 0 0 0 0 0 0 0 0 0 0 0 0 0
 0 0 0 0 0 0 0 0 0 0 0 0 0 0 0 0 0 0 0 0 0 0 0 0 0 0 0 0 0 0 0 0 0 0 0 0
 0 0 0 0 0 0 0 0 0 0 0 0 0 0 0 0 0 0 0 0 0 0 0 0 0 0 0 0 0 0 0 0 0 0 0 0
 0 0 0 0 0 0 0 0 0 0 0 0 0 0 0 0 0 0 0 0 0 0 0 0 0 0 0 0 0 0 0 0 0 0 0 0
 0 0 0 0 0 0 0 0 0 0 0 0 0 0 0 0 0 0 0 0 0 0 0 0 0 0 0 0 0 0 0 0 0 0 0 0
 0 0 0 0 0 0 0 0 1.78061e-05 0.00172719 0.00360574 0.0105946 0.0120993 0.0124554 0.0147524 0.0171206 0.0266825 0.0428682 0.0675386 0.121331 0.153587 0.119568 0.100827 0.0573624 0.0630603 0.0341343 0.0324427 0.0444173 0.0211091 0.0280891 0.0125444 0.00206551 0 0 0 0
 0 0 0 0 0 0 0 0 0 0 0 0 0 0 0 0 0 0 0 0 0 0 0 0 0 0 0 0 0 0 0 0 0 0 0 0
 0 0 0 0 0 0 0.0133647 0.0140871 0.0187388 0.0205184 0.03894 0.0496705 0.03968 0.0493445 0.0407372 0.0367815 0.0215668 0.0243155 0.0234873 0.0199281 0.019796 0.0243948 0.0301388 0.0376714 0.0412746 0.0863199 0.0771752 0.113111 0.0741005 0.0525337 0.0229764 0.00759418 0.00175318 0 0 0
 0 0 0 0 0 0 0 0 0 0 0.00219441 0.00772107 0.0458388 0.0604681 0.0671733 0.0775358 0.0609151 0.0617685 0.073594 0.0568108 0.0755445 0.0548602 0.0670107 0.0636378 0.0643287 0.046367 0.0373049 0.0286899 0.0247887 0.0153202 0.00654259 0.00121912 0.000365735 0 0 0
 0 0 0 0 0 0 0 0 0 0 0 0 0.000112435 0.00938835 0.0111873 0.0202946 0.0414886 0.0713402 0.111592 0.104902 0.108894 0.110636 0.117776 0.105296 0.107544 0.0401394 0.0192827 0.0124803 0.00416011 0.0028671 0.000618394 0 0 0 0 0
 0 0 0 0 0 0 0 0 0 0 0.00291406 0.0102884 0.027416 0.0768956 0.0749926 0.110853 0.0956884 0.0897413 0.0766577 0.0534642 0.0500743 0.0551293 0.0594112 0.0620874 0.0668451 0.0424026 0.0208742 0.0120726 0.0048766 0.00582813 0.00118941 0.000297354 0 0 0 0
 0 0.00264628 0.0354308 0.0461629 0.0458689 0.0383711 0.0214643 0.0164657 0.0346957 0.0420465 0.0363128 0.0245516 0.0311673 0.0291091 0.0169068 0.0133784 0.00837989 0.0085269 0.0148486 0.0160247 0.0276389 0.0546898 0.0760071 0.122758 0.109233 0.0665981 0.0333725 0.0166128 0.00676272 0.00308733 0.000882094 0 0 0 0 0
 0 0 0 0 0 0 0 0.000805153 0.000690131 0.00759144 0.0133425 0.0154129 0.00931677 0.000345066 0.00356568 0.00563607 0.00851162 0.0253048 0.0502646 0.0516448 0.0657925 0.0565908 0.0611916 0.0827007 0.0866115 0.110766 0.145733 0.0935128 0.0569358 0.0249597 0.0138026 0.00621118 0.00161031 0.00115022 0 0
 0 0 0 0 0 0 0 0 0 0 0 0 0 0 0 0 0 0 0 0 0 0 0 0 0 0 0 0 0 0 0 0 0 0 0 0
 0.00147267 0.00158595 0.00478618 0.00569244 0.00954404 0.0108468 0.00647125 0.017049 0.0510054 0.094081 0.124002 0.0959785 0.0687766 0.0820023 0.061753 0.0591476 0.0492212 0.0479892 0.0443925 0.0268479 0.0217502 0.0140895 0.0121071 0.0120363 0.00920419 0.00665534 0.0049561 0.00860946 0.00930331 0.0156896 0.0114698 0.00855282 0.00243557 0.00046729 0 2.83206e-05
 0 0 0 0 0.000772559 0.00158375 0.000888443 0.00281984 0.00712685 0.0440552 0.0773331 0.111326 0.0921469 0.0852325 0.0710754 0.0886704 0.0786465 0.0553345 0.0373146 0.0185414 0.00753245 0.00457741 0.012979 0.0271748 0.0457355 0.0583668 0.034881 0.0177882 0.00938659 0.00492506 0.0015258 0.00185414 0.000309023 5.79419e-05 3.86279e-05 0
 0 0.00173294 0.00326652 0 0.00397197 0.00683976 0.00946217 0.0152591 0.00757587 0.0136028 0.0228656 0.0392903 0.0559909 0.0764795 0.0681675 0.0726916 0.0566044 0.0477403 0.0527397 0.0444891 0.0609904 0.0582453 0.0661739 0.0445044 0.0529084 0.0360697 0.0280645 0.0235558 0.0158879 0.00826598 0.00280645 0.00217768 0.000904811 0.00058276 9.20147e-05 0
 0 0 0 0 0 0 0 0 0 0 0 0 0 0 0 0 0 0 0 0 0 0 0 0 0 0 0 0 0 0 0 0 0 0 0 0
 0 0 0 0 0 0 0 0 0 0 0 0 0 0 0 0 0 0 0 0 0 0 0 0 0 0 0 0 0 0 0 0 0 0 0 0
 0 0 0 0 0 0 0 0 0 0 0 0 0 0 0 0 0 0 0 0 0 0 0 0 0 0 0 0 0 0 0 0 0 0 0 0
ppred_pel_tallas
 1.04238e-16 1.02832e-05 6.0284e-05 0.000286416 0.00110247 0.00343773 0.00868396 0.0177724 0.0294742 0.039627 0.0432381 0.0384152 0.0281016 0.0176179 0.0108297 0.00866321 0.0102245 0.0143656 0.0203197 0.0275743 0.0355892 0.0436632 0.0509701 0.0566985 0.0602213 0.0612299 0.0597882 0.0562864 0.0513208 0.0455407 0.0395172 0.0336658 0.0282332 0.0233287 0.0189771 0.0151651
 1.08356e-16 1.59141e-05 9.33672e-05 0.000443754 0.00170836 0.00532723 0.0134563 0.0275349 0.045648 0.0613218 0.066777 0.0590135 0.0424876 0.0252908 0.0132067 0.00742627 0.00632618 0.00796657 0.0111634 0.0153708 0.0202823 0.0255908 0.0309279 0.0358984 0.0401448 0.0434041 0.0455375 0.0465228 0.046422 0.0453395 0.0433906 0.0406891 0.0373537 0.0335208 0.0293543 0.0250428
 1.10453e-16 9.9888e-06 5.85661e-05 0.000278273 0.00107116 0.00334011 0.00843726 0.0172668 0.0286332 0.0384888 0.0419762 0.0372467 0.0271443 0.0168157 0.00998635 0.00752133 0.00852015 0.0118503 0.0167796 0.0228657 0.0296892 0.0367187 0.043326 0.0488899 0.0529249 0.0551796 0.0556733 0.0546539 0.0525016 0.0496124 0.0463058 0.0427807 0.0391238 0.0353531 0.0314711 0.0275055
 1.08777e-16 2.06459e-05 0.000121152 0.000575855 0.002217 0.00691342 0.0174629 0.0357322 0.0592337 0.07956 0.0866056 0.0764603 0.0548816 0.0323315 0.0162615 0.00814915 0.00581339 0.00666993 0.00914167 0.0125252 0.0164872 0.0207556 0.0250279 0.0289897 0.0323668 0.0349699 0.036716 0.0376156 0.0377396 0.0371783 0.0360118 0.0342998 0.0320915 0.0294439 0.026439 0.0231906
 1.03339e-16 3.01602e-05 0.00017701 0.000841412 0.00323946 0.0101019 0.0255167 0.052211 0.0865468 0.116234 0.126496 0.111602 0.0799415 0.0467611 0.0228939 0.0104268 0.00608919 0.00602122 0.0078505 0.0105149 0.0135419 0.0166037 0.01938 0.0215706 0.0229514 0.0234225 0.0230256 0.0219215 0.0203396 0.0185164 0.0166445 0.0148455 0.0131703 0.0116185 0.0101655 0.00878678
 1.02849e-16 1.68222e-05 9.86758e-05 0.000468941 0.00180525 0.00562932 0.0142197 0.0290987 0.0482468 0.0648319 0.0706498 0.0625555 0.045297 0.0274801 0.0152884 0.0100591 0.0101411 0.0135027 0.0188273 0.0253595 0.032476 0.03946 0.0455052 0.0498475 0.0519334 0.051549 0.0488665 0.0443862 0.0388013 0.0328307 0.0270748 0.0219318 0.0175843 0.0140409 0.0112032 0.00893256
 1.02635e-16 2.96777e-05 0.000174178 0.000827953 0.00318765 0.00994036 0.0251086 0.0513758 0.085162 0.114373 0.124469 0.10981 0.0786473 0.0459844 0.0224785 0.0101819 0.00587725 0.00577126 0.00753987 0.0101546 0.0131722 0.016293 0.0192198 0.0216626 0.0233882 0.0242644 0.0242806 0.0235341 0.0221932 0.020449 0.0184753 0.0164055 0.01433 0.0123058 0.010372 0.00856124
 1.01938e-16 2.56598e-05 0.000150576 0.000715713 0.00275544 0.00859251 0.0217042 0.0444113 0.0736227 0.0988913 0.107661 0.0950784 0.0683079 0.0403644 0.0205226 0.0106285 0.00796913 0.00930675 0.0126194 0.0169272 0.021668 0.0263297 0.030369 0.0332763 0.034683 0.0344469 0.0326827 0.0297228 0.0260279 0.0220746 0.01826 0.0148466 0.0119539 0.0095862 0.00767834 0.00613937
 1.01611e-16 2.95468e-05 0.000173404 0.000824262 0.00317341 0.00989596 0.0249965 0.0511469 0.0847842 0.113871 0.123935 0.109369 0.0783987 0.0459732 0.0227213 0.0107074 0.00674644 0.00706925 0.00934926 0.012522 0.0160757 0.019618 0.0227515 0.0251018 0.0263902 0.0264949 0.0254751 0.0235451 0.0210143 0.0182098 0.0154114 0.0128127 0.0105146 0.0085429 0.00687717 0.00547785
 1.01614e-16 2.58627e-05 0.000151767 0.000721379 0.00277726 0.00866054 0.0218761 0.0447629 0.0742053 0.0996734 0.108511 0.0958257 0.0688375 0.0406628 0.0206474 0.01065 0.0079337 0.00923415 0.0125143 0.0167898 0.0215004 0.0261383 0.0301642 0.0330709 0.0344888 0.0342713 0.0325253 0.0295742 0.0258708 0.021887 0.0180206 0.0145395 0.0115726 0.00913581 0.00717439 0.00560519
 1.03356e-16 1.3798e-05 8.09201e-05 0.000384525 0.00148022 0.00461573 0.0116595 0.0238604 0.0395648 0.0531753 0.057973 0.0513928 0.0373483 0.0229266 0.0132398 0.0094361 0.0102154 0.0139549 0.0195923 0.0264831 0.0340399 0.0415496 0.0481925 0.0531789 0.0559186 0.0561529 0.0540052 0.0499279 0.0445739 0.038635 0.0327026 0.0271868 0.0223024 0.0181061 0.0145568 0.0115731
 1.07402e-16 1.21919e-05 7.15046e-05 0.000339793 0.00130804 0.00407885 0.0103032 0.0210841 0.034959 0.0469782 0.0511989 0.045345 0.0328615 0.0199921 0.0112307 0.00756863 0.00784272 0.0106274 0.0150291 0.0205714 0.0268769 0.0334898 0.0398615 0.0454268 0.0497103 0.0524137 0.053456 0.0529531 0.0511533 0.0483561 0.0448431 0.0408436 0.0365327 0.0320511 0.0275292 0.0231005
 1.0698e-16 2.27252e-05 0.000133358 0.000633885 0.00244042 0.00761016 0.0192228 0.0393332 0.0652025 0.0875753 0.0953262 0.0841485 0.0603762 0.0355197 0.0177729 0.00875033 0.00603625 0.0067692 0.00919632 0.012529 0.0163913 0.0204825 0.024478 0.0280506 0.0309274 0.0329382 0.0340363 0.0342822 0.0338029 0.0327418 0.0312211 0.0293258 0.0271113 0.0246227 0.0219166 0.0190725
 1.0436e-16 2.23324e-05 0.000131041 0.000622842 0.00239786 0.00747741 0.0188876 0.0386483 0.0640708 0.086066 0.0937116 0.0827905 0.0595481 0.0353258 0.0182162 0.00985279 0.00790322 0.00957458 0.0131205 0.0176822 0.0227411 0.0277996 0.0323173 0.03578 0.0378075 0.0382378 0.0371573 0.034863 0.0317744 0.028325 0.0248716 0.021645 0.0187459 0.016177 0.0138882 0.0118195
 1.02724e-16 2.64346e-05 0.00015513 0.000737376 0.00283887 0.00885268 0.0223613 0.0457554 0.0758489 0.101876 0.110895 0.0978979 0.0702544 0.0413562 0.0207356 0.0102687 0.0071366 0.00799102 0.0107583 0.0144689 0.018618 0.0227802 0.0265089 0.0293783 0.0310684 0.031434 0.0305317 0.0285915 0.0259487 0.0229582 0.0199219 0.0170471 0.0144413 0.0121327 0.0101037 0.0083209
 1.02187e-16 2.50011e-05 0.000146709 0.000697332 0.00268467 0.00837181 0.0211468 0.0432707 0.0717319 0.0963522 0.104898 0.0926417 0.0665645 0.039349 0.0200343 0.0104227 0.00787561 0.00924364 0.0125621 0.0168805 0.0216535 0.0263819 0.0305318 0.0335981 0.0352094 0.0352112 0.0336976 0.0309751 0.0274771 0.0236574 0.0198989 0.0164603 0.0134685 0.0109438 0.00884203 0.00709419
 1.02817e-16 2.09237e-05 0.000122766 0.000583493 0.00224634 0.00700489 0.0176941 0.0362067 0.0600251 0.0806374 0.0878166 0.0776202 0.0559114 0.0333335 0.0174926 0.00994897 0.00854752 0.0106933 0.0147527 0.0198954 0.0255752 0.0312345 0.0362558 0.0400479 0.0421683 0.0424218 0.0408978 0.0379308 0.0340043 0.0296301 0.0252452 0.0211516 0.0175069 0.0143521 0.0116577 0.00936606
 1.03659e-16 2.14103e-05 0.000125627 0.000597104 0.00229876 0.00716837 0.018107 0.0370511 0.0614233 0.0825109 0.089844 0.0793813 0.0571129 0.0339157 0.017554 0.0096021 0.00783435 0.00958446 0.0131886 0.0178309 0.0230158 0.0282597 0.0330284 0.0368028 0.0391835 0.0399748 0.0392183 0.0371621 0.0341819 0.030683 0.0270162 0.0234304 0.0200667 0.0169813 0.0141823 0.0116611
 1.04162e-16 2.00508e-05 0.000117643 0.000559144 0.0021526 0.00671256 0.0169557 0.0346957 0.0575198 0.0772715 0.08415 0.0743768 0.0535699 0.0319273 0.0167371 0.00949435 0.00813547 0.0101785 0.0140673 0.0190202 0.0245333 0.0300938 0.0351311 0.0390925 0.0415568 0.0423238 0.0414498 0.0392119 0.0360221 0.0323189 0.028477 0.0247552 0.0212919 0.018132 0.0152686 0.0126797
 1.0293e-16 2.83835e-05 0.000166577 0.000791806 0.00304846 0.00950629 0.0240122 0.0491328 0.0814454 0.109386 0.119052 0.105057 0.0753004 0.0441421 0.0217909 0.0102291 0.0063983 0.00668195 0.00885441 0.0119083 0.0153728 0.0188949 0.0221161 0.0246924 0.0263595 0.0269866 0.0265991 0.0253568 0.0235026 0.0212972 0.0189644 0.0166608 0.0144728 0.0124334 0.010547 0.00881048
 1.02149e-16 2.50903e-05 0.000147232 0.000699817 0.00269424 0.00840164 0.0212221 0.0434249 0.0719877 0.0966962 0.105274 0.0929759 0.06681 0.0395049 0.0201332 0.010505 0.00797326 0.00937692 0.0127418 0.0171091 0.0219238 0.0266753 0.0308189 0.0338414 0.0353685 0.0352507 0.0335942 0.030723 0.0270897 0.0231654 0.0193444 0.0158897 0.0129249 0.010461 0.0084416 0.00678468
 1.03015e-16 1.93693e-05 0.000113638 0.000540093 0.00207923 0.00648376 0.0163778 0.0335136 0.055562 0.0746467 0.0813055 0.0718958 0.051855 0.0310497 0.0165406 0.00979657 0.00884789 0.0113112 0.0156786 0.0211632 0.0272152 0.0332496 0.0386124 0.0426749 0.0449654 0.0452737 0.0436911 0.0405691 0.0364174 0.0317774 0.0271122 0.0227434 0.018841 0.0154521 0.0125494 0.0100756
 1.04177e-16 2.07482e-05 0.000121741 0.000578631 0.00222764 0.00694659 0.0175468 0.0359048 0.0595231 0.0799586 0.0870656 0.0769284 0.0553525 0.0328794 0.017035 0.00934785 0.00766514 0.00940828 0.0129712 0.0175702 0.0227316 0.0279919 0.0328353 0.0367564 0.0393595 0.04044 0.0400182 0.0383101 0.0356553 0.0324247 0.0289427 0.0254438 0.0220678 0.0188817 0.0159128 0.0131761
 1.0495e-16 1.78075e-05 0.000104471 0.000496516 0.00191146 0.00596057 0.0150562 0.0308095 0.0510792 0.0686255 0.0747508 0.0661083 0.0476997 0.0285998 0.0153066 0.00917933 0.00841847 0.0108454 0.015086 0.020427 0.0263694 0.0323762 0.0378411 0.0421748 0.0449263 0.0458789 0.0450879 0.0428419 0.0395721 0.0357368 0.0317262 0.0278084 0.0241256 0.0207238 0.0175979 0.0147301
 1.08754e-16 4.34466e-06 2.54189e-05 0.000120662 0.000464276 0.00144754 0.00365694 0.00748678 0.0124262 0.0167366 0.0183408 0.0164826 0.0124641 0.00861897 0.00670242 0.00726002 0.0100764 0.0147963 0.0211443 0.0288243 0.0373749 0.0461231 0.0542518 0.0609469 0.065566 0.0677702 0.0675773 0.0653157 0.0615062 0.0567163 0.0514371 0.0460172 0.0406601 0.0354627 0.030471 0.0257247
pSPR Fmed_Fpbrs
0.535797   0.254687 0.254687
Fs Fmed_Fpbrs
0.353368   1.005 1.005
SSBpbr Bo_Bmed_Bpbrs
939811  456557  192367 192367
Ro
30946
SPR SPRFo_SPRFmed_SPRFpbrs
637783 341722 162435
log_Ro
10.16
likeval ReclasPelacesDesembMPH_pf_preclas_ppelaces_ptallas_desvR_qrecl_qpela
 98.6425 99.2807 0.0243938 0.000606697 318.153 206.409 74.6752 0 21.0572 0 0 0 0 0 0
q_reclas_q_pelaces
1 1
M
0.7
N
 27153.1 32407.9 13683.2 1753.36 0.2035
 32646.9 12251.1 13285.3 5609.29 718.854
 11277.4 14153.3 4636.71 5028.11 2395.03
 15934.7 3812.13 3256.7 1066.92 1708.09
 47361.6 6986.32 1475.65 1260.65 1074.19
 27432.1 22950.5 3303.6 697.785 1104.06
 65366.2 10111.5 6279.29 903.868 492.988
 75453 27221.4 3531.32 2192.97 487.835
 130108 28252.8 7685.77 997.041 756.905
 162961 51102.5 8776.93 2387.64 544.875
 70149.7 70524.8 19273.8 3310.3 1106.02
 34572.2 26908 20895.8 5710.62 1308.51
 47774.5 13416.9 8160.89 6337.46 2128.82
 28133.3 16289.4 3141.07 1910.57 1982.07
 19608.3 7185.59 2139.92 412.637 511.37
 15479.5 5503.12 1139.75 339.424 146.562
 12540.7 5962.13 1644 340.488 145.184
 13076.9 5063.34 1957.22 539.686 159.434
 12603.2 5567.95 1848.51 714.537 255.233
 28195 5401.49 2059.54 683.75 358.711
 39577.4 12183.8 2031.14 774.456 392
 37790.1 18515.7 5370 895.226 514.116
 46514 17355.4 7864.33 2280.84 598.601
 39256.5 20725.5 6938.78 3144.19 1151.21
 5403.07 16989.2 7816.85 2617.04 1620.06
pred_Ctot
 1795.12 4111.78 1736.07 222.459 0.0258193
 3004.95 2128.6 2308.28 974.598 124.899
 2647.26 5704.99 1869 2026.77 965.405
 1351.63 613.214 523.868 171.623 274.76
 824.553 240.66 50.8322 43.4259 37.0028
 5172.4 7667.29 1103.66 233.116 368.845
 7663.8 2201.73 1367.29 196.814 107.346
 13565.3 8722.28 1131.5 702.67 156.312
 19827.5 7814.35 2125.78 275.768 209.35
 15180.1 8979.41 1542.23 419.54 95.7421
 11652.3 21069.5 5758.08 988.959 330.427
 5510.12 7747.79 6016.66 1644.29 376.768
 11001.7 5321.73 3236.97 2513.72 844.387
 10204.3 9269.77 1787.48 1087.24 1127.93
 6334.54 3747.38 1115.99 215.196 266.686
 2534.64 1623.21 336.182 100.117 43.2302
 1706.2 1488.14 410.34 84.9853 36.2376
 1352.8 981.526 379.406 104.618 30.9062
 1251.78 1039.05 344.954 133.341 47.6295
 2653.26 958.229 365.364 121.298 63.6355
 1653.52 991.993 165.374 63.0556 31.9163
 2052.07 1944.03 563.815 93.9928 53.9788
 3457.77 2463.11 1116.12 323.701 84.9543
 3656.74 3641.67 1219.21 552.466 202.28
 708.092 4098.02 1885.53 631.265 390.78
F
 0.0958724 0.191745 0.191745 0.191745 0.191745
 0.135806 0.271613 0.271613 0.271613 0.271613
 0.384615 0.769229 0.769229 0.769229 0.769229
 0.124545 0.24909 0.24909 0.24909 0.24909
 0.0244711 0.0489421 0.0489421 0.0489421 0.0489421
 0.298042 0.596084 0.596084 0.596084 0.596084
 0.176001 0.352001 0.352001 0.352001 0.352001
 0.282317 0.564634 0.564634 0.564634 0.564634
 0.234533 0.469067 0.469067 0.469067 0.469067
 0.137544 0.275089 0.275089 0.275089 0.275089
 0.258208 0.516416 0.516416 0.516416 0.516416
 0.246535 0.493071 0.493071 0.493071 0.493071
 0.375975 0.75195 0.75195 0.75195 0.75195
 0.664875 1.32975 1.32975 1.32975 1.32975
 0.570636 1.14127 1.14127 1.14127 1.14127
 0.254091 0.508181 0.508181 0.508181 0.508181
 0.206951 0.413902 0.413902 0.413902 0.413902
 0.153823 0.307646 0.307646 0.307646 0.307646
 0.147271 0.294543 0.294543 0.294543 0.294543
 0.139039 0.278079 0.278079 0.278079 0.278079
 0.0596378 0.119276 0.119276 0.119276 0.119276
 0.0781418 0.156284 0.156284 0.156284 0.156284
 0.10839 0.216781 0.216781 0.216781 0.216781
 0.137541 0.275082 0.275082 0.275082 0.275082
 0.198642 0.397283 0.397283 0.397283 0.397283
nmprior
 10 11 7 0
nm_flota  nm_reclas  nm_pelaces    nm_pelaL
inf 13.5729 11.6952 19.1254
cv_recla  cv_pelaces  cv_mph
0.898373 1.17246 0.799143
 ------------------------------------------------
Talla a la edad & desviación 
 7.2 14.2025 17.0495 18.207 18.6776
 1.08 2.13037 2.55742 2.73105 2.80164
