years
 1997 1998 1999 2000 2001 2002 2003 2004 2005 2006 2007 2008 2009 2010 2011 2012 2013 2014 2015 2016 2017 2018 2019 2020 2021
reclasobs
 0 0 0 370054 412103 1.49427e+06 250295 1.28982e+06 931140 785840 897777 1.04006e+06 184774 17550 25797 100020 73551 82996 120727 218422 84188 347160 605670 569463 516374
reclaspred
 472168 125501 356920 252611 380507 450498 976363 650330 722913 697856 560170 379428 236994 101013 62781.5 62280.7 77972.7 104376 111285 161183 235974 218765 376236 481437 516843
pelacesobs
 0 0 0 0 0 0 0 0 0 2.06254e+06 1.5e+06 0 1.87456e+06 323000 250000 174000 83755 137374 0 501740 490994 745055 786931 1.00524e+06 0
pelacespred
 2.06862e+06 459274 825904 887787 1.16056e+06 1.10614e+06 2.831e+06 2.26511e+06 2.26697e+06 2.18786e+06 1.54225e+06 1.08444e+06 670172 224493 142422 152887 201872 279721 300120 431303 717096 631460 860771 1.29741e+06 1.42638e+06
mphobs
 0 0 0 0 0 112323 0 153150 637223 0 255016 313432 73983 77613 109348 50772 0 0 0 0 0 0 0 0 0
mphpred
 176834 103725 121514 136521 148171 235913 343601 402801 340388 348318 345662 239489 148510 77349 32744.4 26461.2 32624 44474 55030.3 64083.8 98254.5 117543 148407 208478 300954
desembarqueobs
 350755 77701 442110 56441 14545 235359 269955 359681 431902 328805 639364 411747 362871 311530 167758 66681 60226 58785 57116 71774 51957 67425 138520 160799 200461
desembarquepred
 350763 77702.5 442121 56443.3 14545.1 235409 269994 359681 431947 328827 639438 411884 363076 311760 167667 66683.7 60249.1 58781 57106.5 71773.2 51958.2 67416.7 138521 160805 200458
Reclutas
 44263.8 54299.4 30623.4 47669.3 81364.5 58696.2 93675.1 91336.7 113417 126632 65450.6 44233 45355.4 23697.3 15353 16396.5 12311.3 13709.6 15794.6 26921.3 33141.5 44475.8 68239.6 86145.8 33191.5
log_desv_Rt
 0.057923 0.262268 -0.310479 0.132042 0.666695 0.34013 0.807588 0.782308 0.998823 1.10904 0.449051 0.0572267 0.0822845 -0.566882 -1.00093 -0.935178 -1.22173 -1.11415 -0.972576 -0.439328 -0.231458 0.0626998 0.490781 0.723797 -0.229951
SSB
 573090 336157 393809 442441 480200 764557 1.11356e+06 1.30541e+06 1.10314e+06 1.12884e+06 1.12024e+06 776147 481298 250676 106119 85756.5 105729 144133 178344 207685 318427 380938 480963 675644 975345
BT
 1.89536e+06 489573 884008 750944 914534 1.04672e+06 2.3865e+06 2.17003e+06 2.15954e+06 2.01828e+06 1.77327e+06 1.22036e+06 873576 466927 249022 173212 205123 264691 282083 393222 600387 554711 764245 1.14072e+06 1.27446e+06
Ftot
 0.548499 0.469947 0.739097 0.15126 0.0286242 0.280274 0.181183 0.360704 0.412652 0.318768 0.628131 0.591248 0.943625 1.73006 1.89758 0.779552 0.536325 0.375002 0.31271 0.314271 0.147204 0.187586 0.22164 0.218103 0.19151
BD_Bspro_t
 0.934197 0.707774 0.650623 0.498852 0.643787 0.788994 0.746869 0.7533 0.69014 0.652954 0.624575 0.462066 0.351738 0.245433 0.13437 0.134324 0.213638 0.344222 0.451705 0.54943 0.675271 0.764207 0.775017 0.779307 0.777089
BD_Bspro
 0.665673 0.390464 0.457429 0.513918 0.557777 0.888073 1.29345 1.51631 1.28136 1.31121 1.30121 0.901535 0.559052 0.291173 0.123263 0.0996106 0.12281 0.167418 0.207156 0.241237 0.369869 0.442479 0.558663 0.784796 1.13291
BD_Bo
 0.557566 0.327052 0.383141 0.430456 0.467192 0.743847 1.08339 1.27005 1.07326 1.09827 1.08989 0.755123 0.46826 0.243885 0.103245 0.0834335 0.102865 0.140229 0.173513 0.20206 0.309801 0.370619 0.467934 0.657342 0.948925
BD_Brms
 1.91236 1.12173 1.31411 1.47639 1.60239 2.55127 3.71586 4.35607 3.6811 3.76687 3.73815 2.58995 1.60605 0.836486 0.354113 0.286163 0.352811 0.480962 0.595122 0.693031 1.06257 1.27116 1.60494 2.25457 3.25465
S_f
 0.170373 1 1 1 1
 0.170373 1 1 1 1
 0.170373 1 1 1 1
 0.170373 1 1 1 1
 0.170373 1 1 1 1
 0.170373 1 1 1 1
 0.170373 1 1 1 1
 0.170373 1 1 1 1
 0.170373 1 1 1 1
 0.170373 1 1 1 1
 0.170373 1 1 1 1
 0.170373 1 1 1 1
 0.170373 1 1 1 1
 0.170373 1 1 1 1
 0.170373 1 1 1 1
 0.170373 1 1 1 1
 0.170373 1 1 1 1
 0.170373 1 1 1 1
 0.170373 1 1 1 1
 0.170373 1 1 1 1
 0.170373 1 1 1 1
 0.170373 1 1 1 1
 0.170373 1 1 1 1
 0.170373 1 1 1 1
 0.170373 1 1 1 1
Scru_reclas
 0.937195 1 1 1 1
 0.937195 1 1 1 1
 0.937195 1 1 1 1
 0.937195 1 1 1 1
 0.937195 1 1 1 1
 0.937195 1 1 1 1
 0.937195 1 1 1 1
 0.937195 1 1 1 1
 0.937195 1 1 1 1
 0.937195 1 1 1 1
 0.937195 1 1 1 1
 0.937195 1 1 1 1
 0.937195 1 1 1 1
 0.937195 1 1 1 1
 0.937195 1 1 1 1
 0.937195 1 1 1 1
 0.937195 1 1 1 1
 0.937195 1 1 1 1
 0.937195 1 1 1 1
 0.937195 1 1 1 1
 0.937195 1 1 1 1
 0.937195 1 1 1 1
 0.937195 1 1 1 1
 0.937195 1 1 1 1
 0.937195 1 1 1 1
Scru_pelaces
 0.999999 1 1 1 1
 0.999999 1 1 1 1
 0.999999 1 1 1 1
 0.999999 1 1 1 1
 0.999999 1 1 1 1
 0.999999 1 1 1 1
 0.999999 1 1 1 1
 0.999999 1 1 1 1
 0.999999 1 1 1 1
 0.999999 1 1 1 1
 0.999999 1 1 1 1
 0.999999 1 1 1 1
 0.999999 1 1 1 1
 0.999999 1 1 1 1
 0.999999 1 1 1 1
 0.999999 1 1 1 1
 0.999999 1 1 1 1
 0.999999 1 1 1 1
 0.999999 1 1 1 1
 0.999999 1 1 1 1
 0.999999 1 1 1 1
 0.999999 1 1 1 1
 0.999999 1 1 1 1
 0.999999 1 1 1 1
 0.999999 1 1 1 1
pf_obs 
 0.256992 0.487395 0.22802 0.0275931 0
 0.321318 0.546541 0.124235 0.00734118 0.000564706
 0.182869 0.594174 0.210203 0.0122559 0.00049798
 0.330522 0.361315 0.267642 0.0388342 0.00168674
 0.649043 0.306663 0.0425973 0.00169635 0
 0.582887 0.30429 0.105238 0.00758474 0
 0.465427 0.430635 0.0974691 0.00646863 0
 0.296916 0.608066 0.0921331 0.00288517 0
 0.311714 0.524322 0.152257 0.0117073 0
 0.15457 0.633149 0.183074 0.0267441 0.00246327
 0.131901 0.49318 0.331252 0.0422183 0.00144891
 0.196976 0.569456 0.194076 0.0375587 0.00193317
 0.518974 0.381816 0.0799577 0.0180837 0.00116848
 0.0928022 0.601141 0.25162 0.0475244 0.00691264
 0.122501 0.610282 0.24278 0.0234846 0.000952079
 0.383417 0.481906 0.127806 0.00687128 0
 0.0376549 0.599619 0.316969 0.0457579 0
 0.0361596 0.667082 0.258105 0.0386534 0
 0.158088 0.579412 0.248529 0.0139706 0
 0.0477256 0.309471 0.559284 0.082774 0.000745712
 0.0406174 0.521527 0.379366 0.0568643 0.0016247
 0.151134 0.462217 0.34131 0.0453401 0
 0.294876 0.26143 0.354403 0.0886775 0.000613685
 0.281977 0.475581 0.204845 0.0348837 0.00271318
 0 0 0 0 0
pf_pred 
 0.332376 0.470565 0.176153 0.0208961 1.00104e-05
 0.301278 0.553484 0.102369 0.0383211 0.004548
 0.16989 0.631183 0.157578 0.0291446 0.0122049
 0.288332 0.450721 0.198414 0.049535 0.0129983
 0.303767 0.500263 0.124114 0.0546368 0.0172197
 0.165526 0.602359 0.166781 0.041378 0.023956
 0.259187 0.422815 0.229545 0.0635564 0.0248973
 0.213057 0.543763 0.138794 0.0753508 0.029036
 0.254978 0.486996 0.178291 0.0455083 0.0342267
 0.246225 0.535146 0.142911 0.0523202 0.0233986
 0.138156 0.595097 0.189378 0.0505736 0.0267955
 0.150669 0.476446 0.257474 0.0819361 0.0334744
 0.236008 0.444016 0.179496 0.0970005 0.0434796
 0.209072 0.588313 0.117756 0.0476034 0.0372562
 0.294047 0.560729 0.108022 0.0216215 0.0155813
 0.364243 0.553375 0.0654344 0.0126056 0.00434139
 0.227521 0.642393 0.113229 0.0133889 0.00346762
 0.248291 0.519754 0.192894 0.0339997 0.00506157
 0.247503 0.525763 0.156771 0.0581816 0.0117819
 0.322793 0.468174 0.146049 0.0435487 0.0194349
 0.264327 0.562502 0.119718 0.0373468 0.0161057
 0.259315 0.513447 0.173748 0.0369792 0.0165107
 0.289288 0.491654 0.151853 0.0513864 0.0158197
 0.260999 0.536662 0.139973 0.0432322 0.0191335
 0.0928857 0.632017 0.199776 0.0521058 0.023216
pobs_RECLAS
 0 0 0 0 0
 0 0 0 0 0
 0 0 0 0 0
 0 0 0 0 0
 0.835266 0.146461 0.0176864 0.000547809 3.91292e-05
 0.385257 0.428462 0.181853 0.0044286 0
 0.867414 0.0963971 0.0333333 0.00285562 0
 0.441836 0.489002 0.0689373 0.000224442 0
 0.779404 0.147425 0.0564933 0.0165055 0.000172143
 0.814271 0.122319 0.05973 0.00367925 0
 0.40263 0.566651 0.0304383 0.000280538 0
 0.475488 0.404961 0.113038 0.00651328 0
 0.955842 0.0263864 0.0167828 0.000988607 0
 0.975058 0.0227948 0.00214734 0 0
 0.738997 0.206755 0.0527124 0.00153531 0
 0.850938 0.134255 0.0134407 0.00136685 0
 0.542534 0.407297 0.0501686 0 0
 0.764087 0.199537 0.0359546 0.000420521 0
 0.470689 0.182191 0.310203 0.0369168 0
 0.84361 0.089868 0.0606195 0.00523954 0.000663233
 0.607945 0.314616 0.071237 0.00620181 0
 0.523733 0.453247 0.0230204 0 0
 0.530135 0.295979 0.169645 0.0042399 0
 0.562478 0.366248 0.0663022 0.0049721 0
 0.250443 0.683176 0.0655157 0.000865301 0
ppred_RECLAS
 0.739904 0.183325 0.0686265 0.00814079 3.8999e-06
 0.70989 0.229807 0.0425037 0.015911 0.00188834
 0.543658 0.346984 0.0866263 0.0160219 0.00670949
 0.692016 0.195056 0.0858663 0.0214369 0.00562521
 0.706176 0.211121 0.0523786 0.0230578 0.00726704
 0.525917 0.342213 0.094752 0.0235078 0.0136099
 0.660312 0.193875 0.105254 0.0291427 0.0114162
 0.603652 0.273869 0.0699041 0.0379508 0.0146241
 0.659063 0.222859 0.0815895 0.0208255 0.0156628
 0.646875 0.250702 0.0669503 0.0245107 0.0109617
 0.479927 0.359107 0.114279 0.0305182 0.0161695
 0.504373 0.27803 0.150249 0.0478138 0.019534
 0.647863 0.204655 0.0827328 0.0447093 0.0200405
 0.638403 0.268965 0.0538356 0.0217633 0.0170328
 0.741288 0.205492 0.039587 0.00792367 0.00571012
 0.770082 0.200125 0.023664 0.00455876 0.00157004
 0.627024 0.310166 0.0546703 0.00646455 0.00167427
 0.650367 0.241747 0.0897183 0.0158139 0.00235422
 0.648344 0.245699 0.0732619 0.0271894 0.00550588
 0.727681 0.188263 0.0587295 0.0175118 0.00781516
 0.665794 0.255537 0.0543864 0.0169662 0.00731662
 0.660552 0.235307 0.0796269 0.0169471 0.00756666
 0.693944 0.211722 0.0653928 0.0221287 0.00681249
 0.662947 0.244768 0.0638407 0.0197179 0.00872664
 0.362769 0.44398 0.140339 0.0366033 0.0163088
pobs_PELACES
 0 0 0 0 0
 0 0 0 0 0
 0 0 0 0 0
 0 0 0 0 0
 0 0 0 0 0
 0 0 0 0 0
 0 0 0 0 0
 0 0 0 0 0
 0 0 0 0 0
 0 0 0 0 0
 0.450072 0.473896 0.0757376 0.000293798 0
 0 0 0 0 0
 0.463077 0.371075 0.160297 0.00555027 0
 0.529543 0.364841 0.0842815 0.0213345 0
 0.631943 0.363953 0.00410389 0 0
 0.735681 0.248677 0.0153453 0.000297389 0
 0.695825 0.281241 0.0229344 0 0
 0.275771 0.60734 0.115278 0.00161068 0
 0 0 0 0 0
 0.896147 0.0623911 0.0374545 0.00400742 0
 0.803859 0.145111 0.0509908 3.86294e-05 0
 0.739449 0.233085 0.0266225 0.000797448 4.60066e-05
 0.878498 0.100942 0.0204185 0.000141795 0
 0.694673 0.275183 0.0284847 0.00165964 0
 0 0 0 0 0
ppred_PELACES
 0.779112 0.15569 0.0582814 0.00691361 3.31201e-06
 0.748076 0.199559 0.0369092 0.0138167 0.00163979
 0.608805 0.297449 0.0742597 0.0137346 0.00575166
 0.714193 0.18101 0.0796834 0.0198933 0.00522016
 0.721031 0.200447 0.0497304 0.021892 0.00689963
 0.561033 0.316865 0.0877335 0.0217665 0.0126018
 0.685498 0.1795 0.0974502 0.026982 0.0105698
 0.642062 0.247329 0.0631299 0.0342731 0.0132069
 0.697824 0.197522 0.0723136 0.0184578 0.0138821
 0.680803 0.226615 0.0605177 0.0221557 0.00990846
 0.539044 0.318287 0.101288 0.0270492 0.0143315
 0.560755 0.246402 0.133157 0.0423746 0.0173118
 0.717656 0.164092 0.0663353 0.0358479 0.0160685
 0.751561 0.184796 0.0369883 0.0149527 0.0117026
 0.837133 0.129363 0.0249212 0.00498818 0.00359469
 0.815637 0.160473 0.0189753 0.00365551 0.00125896
 0.675062 0.270219 0.0476291 0.00563195 0.00145863
 0.687441 0.216113 0.0802049 0.014137 0.00210459
 0.681841 0.222295 0.0662834 0.0245995 0.00498143
 0.756538 0.168313 0.0525061 0.0156561 0.00698701
 0.688772 0.237968 0.0506471 0.0157996 0.00681356
 0.686106 0.217593 0.0736326 0.0156714 0.00699704
 0.71994 0.193739 0.0598383 0.0202491 0.00623384
 0.690195 0.224981 0.0586798 0.0181239 0.00802117
 0.390296 0.424801 0.134276 0.0350222 0.0156043
pobs_pel_tallas
 0 0 0 0 0 0 0 0 0 0 0 0 0 0 0 0 0 0 0 0 0 0 0 0 0 0 0 0 0 0 0 0 0 0 0 0
 0 0 0 0 0 0 0 0 0 0 0 0 0 0 0 0 0 0 0 0 0 0 0 0 0 0 0 0 0 0 0 0 0 0 0 0
 0 0 0 0 0 0 0 0 0 0 0 0 0 0 0 0 0 0 0 0 0 0 0 0 0 0 0 0 0 0 0 0 0 0 0 0
 0 0 0 0 0 0 0 0 0 0 0 0 0 0 0 0 0 0 0 0 0 0 0 0 0 0 0 0 0 0 0 0 0 0 0 0
 0 0 0 0 0 0 0 0 0 0 0 0 0 0 0 0 0 0 0 0 0 0 0 0 0 0 0 0 0 0 0 0 0 0 0 0
 0 0 0 0 0 0 0 0 0 0 0 0 0 0 0 0 0 0 0 0 0 0 0 0 0 0 0 0 0 0 0 0 0 0 0 0
 0 0 0 0 0 0 0 0 0 0 0 0 0 0 0 0 0 0 0 0 0 0 0 0 0 0 0 0 0 0 0 0 0 0 0 0
 0 0 0 0 0 0 0 0 0 0 0 0 0 0 0 0 0 0 0 0 0 0 0 0 0 0 0 0 0 0 0 0 0 0 0 0
 0 0 0 0 0 0 0 0 0 0 0 0 0 0 0 0 0 0 0 0 0 0 0 0 0 0 0 0 0 0 0 0 0 0 0 0
 0 0 0 0 0 0 0 0 0 0 0 0 0 0 0 0 0 0 0 0 0 0 0 0 0 0 0 0 0 0 0 0 0 0 0 0
 0 0 0 0 0 0 0 0 1.78061e-05 0.00172719 0.00360574 0.0105946 0.0120993 0.0124554 0.0147524 0.0171206 0.0266825 0.0428682 0.0675386 0.121331 0.153587 0.119568 0.100827 0.0573624 0.0630603 0.0341343 0.0324427 0.0444173 0.0211091 0.0280891 0.0125444 0.00206551 0 0 0 0
 0 0 0 0 0 0 0 0 0 0 0 0 0 0 0 0 0 0 0 0 0 0 0 0 0 0 0 0 0 0 0 0 0 0 0 0
 0 0 0 0 0 0 0.0133647 0.0140871 0.0187388 0.0205184 0.03894 0.0496705 0.03968 0.0493445 0.0407372 0.0367815 0.0215668 0.0243155 0.0234873 0.0199281 0.019796 0.0243948 0.0301388 0.0376714 0.0412746 0.0863199 0.0771752 0.113111 0.0741005 0.0525337 0.0229764 0.00759418 0.00175318 0 0 0
 0 0 0 0 0 0 0 0 0 0 0.00219441 0.00772107 0.0458388 0.0604681 0.0671733 0.0775358 0.0609151 0.0617685 0.073594 0.0568108 0.0755445 0.0548602 0.0670107 0.0636378 0.0643287 0.046367 0.0373049 0.0286899 0.0247887 0.0153202 0.00654259 0.00121912 0.000365735 0 0 0
 0 0 0 0 0 0 0 0 0 0 0 0 0.000112435 0.00938835 0.0111873 0.0202946 0.0414886 0.0713402 0.111592 0.104902 0.108894 0.110636 0.117776 0.105296 0.107544 0.0401394 0.0192827 0.0124803 0.00416011 0.0028671 0.000618394 0 0 0 0 0
 0 0 0 0 0 0 0 0 0 0 0.00291406 0.0102884 0.027416 0.0768956 0.0749926 0.110853 0.0956884 0.0897413 0.0766577 0.0534642 0.0500743 0.0551293 0.0594112 0.0620874 0.0668451 0.0424026 0.0208742 0.0120726 0.0048766 0.00582813 0.00118941 0.000297354 0 0 0 0
 0 0.00264628 0.0354308 0.0461629 0.0458689 0.0383711 0.0214643 0.0164657 0.0346957 0.0420465 0.0363128 0.0245516 0.0311673 0.0291091 0.0169068 0.0133784 0.00837989 0.0085269 0.0148486 0.0160247 0.0276389 0.0546898 0.0760071 0.122758 0.109233 0.0665981 0.0333725 0.0166128 0.00676272 0.00308733 0.000882094 0 0 0 0 0
 0 0 0 0 0 0 0 0.000805153 0.000690131 0.00759144 0.0133425 0.0154129 0.00931677 0.000345066 0.00356568 0.00563607 0.00851162 0.0253048 0.0502646 0.0516448 0.0657925 0.0565908 0.0611916 0.0827007 0.0866115 0.110766 0.145733 0.0935128 0.0569358 0.0249597 0.0138026 0.00621118 0.00161031 0.00115022 0 0
 0 0 0 0 0 0 0 0 0 0 0 0 0 0 0 0 0 0 0 0 0 0 0 0 0 0 0 0 0 0 0 0 0 0 0 0
 0.00147267 0.00158595 0.00478618 0.00569244 0.00954404 0.0108468 0.00647125 0.017049 0.0510054 0.094081 0.124002 0.0959785 0.0687766 0.0820023 0.061753 0.0591476 0.0492212 0.0479892 0.0443925 0.0268479 0.0217502 0.0140895 0.0121071 0.0120363 0.00920419 0.00665534 0.0049561 0.00860946 0.00930331 0.0156896 0.0114698 0.00855282 0.00243557 0.00046729 0 2.83206e-05
 0 0 0 0 0.000772559 0.00158375 0.000888443 0.00281984 0.00712685 0.0440552 0.0773331 0.111326 0.0921469 0.0852325 0.0710754 0.0886704 0.0786465 0.0553345 0.0373146 0.0185414 0.00753245 0.00457741 0.012979 0.0271748 0.0457355 0.0583668 0.034881 0.0177882 0.00938659 0.00492506 0.0015258 0.00185414 0.000309023 5.79419e-05 3.86279e-05 0
 0 0.00173294 0.00326652 0 0.00397197 0.00683976 0.00946217 0.0152591 0.00757587 0.0136028 0.0228656 0.0392903 0.0559909 0.0764795 0.0681675 0.0726916 0.0566044 0.0477403 0.0527397 0.0444891 0.0609904 0.0582453 0.0661739 0.0445044 0.0529084 0.0360697 0.0280645 0.0235558 0.0158879 0.00826598 0.00280645 0.00217768 0.000904811 0.00058276 9.20147e-05 0
 0 0 0 0 0 0 0 0 0 0 0 0 0 0 0 0 0 0 0 0 0 0 0 0 0 0 0 0 0 0 0 0 0 0 0 0
 0 0 0 0 0 0 0 0 0 0 0 0 0 0 0 0 0 0 0 0 0 0 0 0 0 0 0 0 0 0 0 0 0 0 0 0
 0 0 0 0 0 0 0 0 0 0 0 0 0 0 0 0 0 0 0 0 0 0 0 0 0 0 0 0 0 0 0 0 0 0 0 0
ppred_pel_tallas
 1.01116e-16 3.3992e-05 0.00019951 0.000948387 0.00365136 0.0113864 0.0287612 0.058849 0.0975481 0.131002 0.142551 0.125727 0.0899702 0.0524483 0.0253443 0.0109777 0.00562908 0.00492276 0.00617813 0.00821943 0.0105681 0.0129377 0.015066 0.0167081 0.0176783 0.0178885 0.0173646 0.0162311 0.0146749 0.0128973 0.0110741 0.00933153 0.00774176 0.00633312 0.00510649 0.00405054
 1.01141e-16 3.26404e-05 0.000191571 0.000910636 0.00350599 0.0109331 0.0276162 0.0565065 0.0936666 0.125794 0.136895 0.120765 0.086479 0.0505323 0.0246408 0.0110518 0.006213 0.00593437 0.00763836 0.0101706 0.0130216 0.0158461 0.0183127 0.020115 0.0210295 0.0209652 0.0199829 0.0182728 0.0161019 0.0137494 0.0114505 0.00936372 0.00756599 0.00606806 0.00484017 0.00383663
 1.01892e-16 2.65716e-05 0.000155932 0.000741186 0.00285353 0.0088984 0.0224768 0.0459918 0.0762414 0.102405 0.111475 0.0984197 0.0706504 0.0416325 0.0209536 0.0105062 0.00746277 0.00845983 0.0114085 0.0153208 0.0196653 0.0239826 0.0277884 0.0306244 0.0321503 0.0322203 0.0309114 0.0284922 0.0253475 0.021883 0.0184444 0.0152694 0.0124797 0.0101034 0.00811063 0.00644781
 1.02118e-16 3.11623e-05 0.000182894 0.000869391 0.00334719 0.0104379 0.0263653 0.0539471 0.0894239 0.120096 0.130693 0.115292 0.0825558 0.0482325 0.0235069 0.0105259 0.00590124 0.00563951 0.00729165 0.00977257 0.0126171 0.0155181 0.0181777 0.0203122 0.0217014 0.0222333 0.0219227 0.0208949 0.0193451 0.0174858 0.0155032 0.0135315 0.0116505 0.00989687 0.00828341 0.00681426
 1.01846e-16 3.14612e-05 0.000184647 0.000877722 0.00337926 0.0105379 0.0266179 0.0544641 0.0902814 0.121249 0.131951 0.11641 0.0833733 0.0487444 0.0238196 0.0107709 0.00618072 0.00601716 0.00780091 0.0104217 0.013387 0.0163578 0.0190051 0.0210209 0.0221759 0.0223697 0.0216488 0.0201862 0.0182304 0.0160427 0.0138437 0.0117829 0.00993505 0.00831583 0.00690689 0.00567854
 1.02686e-16 2.44893e-05 0.000143706 0.000683056 0.00262971 0.00820041 0.0207138 0.0423847 0.0702632 0.094379 0.102749 0.0907419 0.0651956 0.0385322 0.019605 0.0101794 0.00767159 0.00899945 0.0122441 0.0164836 0.0211953 0.0259035 0.0300968 0.0332877 0.035111 0.0354042 0.0342384 0.0318854 0.0287385 0.0252135 0.0216643 0.0183341 0.0153485 0.0127392 0.0104822 0.00853302
 1.02863e-16 2.9911e-05 0.000175548 0.000834467 0.00321273 0.0100186 0.0253061 0.0517799 0.0858319 0.115272 0.125446 0.110669 0.0792567 0.0463282 0.0226229 0.0102067 0.00583411 0.00567917 0.00739786 0.00995364 0.0129022 0.0159468 0.0187957 0.0211665 0.022834 0.0236743 0.0236834 0.022963 0.0216821 0.0200291 0.0181709 0.0162313 0.0142889 0.0123887 0.0105597 0.008827
 1.02772e-16 2.80196e-05 0.000164438 0.000781635 0.00300929 0.00938414 0.0237037 0.0485018 0.0804001 0.107984 0.117533 0.103731 0.0743817 0.0436672 0.0216745 0.0103705 0.00674546 0.00723405 0.009635 0.0129373 0.016646 0.0203718 0.0237155 0.0262992 0.0278399 0.0282106 0.0274638 0.0258051 0.0235316 0.0209552 0.0183378 0.0158556 0.0135951 0.0115741 0.00977226 0.00815888
 1.02374e-16 3.04492e-05 0.000178706 0.000849477 0.00327051 0.0101988 0.0257613 0.0527114 0.0873763 0.117348 0.127707 0.11267 0.0807029 0.0472003 0.0230977 0.0105014 0.0061092 0.00602482 0.00785471 0.0105293 0.0135749 0.0166635 0.0194724 0.0216954 0.0230986 0.0235687 0.0231327 0.021939 0.0202106 0.0181861 0.0160703 0.0140063 0.0120725 0.0102968 0.00867919 0.00721129
 1.02158e-16 2.97081e-05 0.000174353 0.000828776 0.0031908 0.00995018 0.0251334 0.0514269 0.085248 0.114492 0.124607 0.109954 0.0787974 0.0461666 0.022742 0.0105923 0.0065086 0.00669737 0.00882079 0.0118179 0.0151923 0.0185755 0.021598 0.0239114 0.0252552 0.0255135 0.024736 0.0231151 0.0209286 0.0184695 0.0159859 0.0136466 0.0115375 0.00967845 0.00805166 0.00662657
 1.03141e-16 2.35306e-05 0.000138077 0.000656295 0.00252667 0.0078791 0.0199022 0.0407241 0.0675108 0.0906834 0.0987298 0.0872015 0.0626721 0.0370817 0.018943 0.00996052 0.00766065 0.00909008 0.01241 0.016734 0.0215527 0.0263939 0.0307466 0.0341196 0.0361413 0.0366394 0.0356725 0.0334982 0.0304956 0.0270678 0.0235597 0.0202102 0.0171467 0.014408 0.011982 0.0098383
 1.04236e-16 2.44744e-05 0.000143624 0.000682683 0.0026283 0.00819603 0.0207026 0.0423614 0.0702226 0.0943188 0.102669 0.0906355 0.0650421 0.0382875 0.0191983 0.00951485 0.00663385 0.00746672 0.0101108 0.0136918 0.01777 0.0219796 0.0259291 0.0292328 0.0315822 0.0328064 0.0328979 0.0319925 0.0303172 0.0281246 0.0256378 0.0230209 0.0203774 0.0177674 0.0152303 0.0128034
 1.02978e-16 3.13125e-05 0.000183778 0.000873596 0.00336339 0.0104884 0.0264929 0.054208 0.0898559 0.120674 0.131318 0.115834 0.0829217 0.0484021 0.0235071 0.0103864 0.00562807 0.00521479 0.00668675 0.00896315 0.011596 0.0143048 0.0168238 0.0189004 0.0203377 0.0210338 0.0209974 0.0203328 0.019202 0.0177792 0.0162122 0.0146026 0.013006 0.0114449 0.00992801 0.00846458
 1.01646e-16 3.27917e-05 0.000192461 0.00091487 0.0035223 0.010984 0.0277446 0.0567692 0.0941016 0.126377 0.137526 0.121313 0.0868528 0.0507135 0.0246598 0.0109434 0.00598957 0.00558555 0.00714353 0.00951272 0.0121984 0.0148778 0.0172455 0.0190192 0.0199913 0.0200751 0.0193214 0.0178983 0.0160431 0.014003 0.0119849 0.0101262 0.00849182 0.0070891 0.00589211 0.00486413
 1.00736e-16 3.65208e-05 0.000214359 0.00101899 0.00392319 0.0122342 0.0309024 0.0632299 0.104809 0.140749 0.153147 0.135048 0.0965882 0.0562003 0.026958 0.0113336 0.00530925 0.00416584 0.00501536 0.00660253 0.00844076 0.0102692 0.011866 0.0130315 0.0136204 0.0135739 0.0129314 0.0118165 0.0104029 0.00887204 0.00737719 0.00602179 0.00485612 0.00388731 0.00309586 0.00245168
 1.00507e-16 3.55848e-05 0.00020886 0.000992841 0.00382251 0.0119202 0.0301094 0.0616076 0.10212 0.137142 0.14923 0.131613 0.0941726 0.0548778 0.026479 0.0113989 0.00573651 0.00490195 0.00607915 0.0080277 0.0102389 0.0124094 0.0142669 0.0155651 0.0161284 0.0158917 0.0149151 0.0133653 0.0114717 0.00947217 0.0075661 0.00588638 0.00449454 0.00339335 0.00254854 0.00191024
 1.01026e-16 2.94596e-05 0.00017289 0.00082181 0.00316396 0.00986648 0.0249221 0.0509948 0.0845329 0.113536 0.123576 0.109068 0.0782145 0.0459295 0.0228186 0.0109501 0.00715748 0.00768664 0.0102123 0.0136544 0.0174696 0.0212221 0.0244672 0.0267896 0.0278878 0.0276426 0.0261433 0.0236571 0.0205576 0.0172356 0.0140214 0.011139 0.00869788 0.00671312 0.00514008 0.00390845
 1.01794e-16 2.99972e-05 0.000176051 0.00083685 0.00322189 0.0100471 0.0253783 0.0519279 0.0860781 0.115606 0.125817 0.111015 0.079544 0.0465763 0.0228926 0.0105774 0.00638661 0.00648802 0.00852315 0.0114281 0.0147147 0.0180278 0.0210123 0.0233303 0.0247244 0.0250721 0.0244073 0.0229003 0.0208064 0.0184004 0.0159213 0.0135397 0.0113524 0.00939665 0.00767385 0.00617019
 1.02092e-16 2.97532e-05 0.000174618 0.000830036 0.00319565 0.00996532 0.0251717 0.0515051 0.0853775 0.114666 0.124795 0.110117 0.0789097 0.0462224 0.0227511 0.0105661 0.00645235 0.00661001 0.00869883 0.0116593 0.0149995 0.0183572 0.0213694 0.0236927 0.0250687 0.0253792 0.0246675 0.0231164 0.0209932 0.0185819 0.0161245 0.0137882 0.0116611 0.00976881 0.00810065 0.00663327
 1.01665e-16 3.30082e-05 0.000193733 0.00092092 0.0035456 0.0110566 0.0279281 0.0571446 0.0947234 0.12721 0.138429 0.122101 0.0873972 0.050992 0.0247221 0.0108479 0.00576549 0.00523173 0.00664484 0.00885737 0.0113908 0.0139461 0.016244 0.0180237 0.0190889 0.0193489 0.0188352 0.0176843 0.016097 0.0142867 0.0124354 0.0106691 0.00905466 0.00761198 0.006334 0.00520436
 1.01658e-16 3.00561e-05 0.000176395 0.00083848 0.00322816 0.0100667 0.0254277 0.0520291 0.0862464 0.115834 0.126069 0.111247 0.0797327 0.046731 0.0230502 0.0107852 0.00669095 0.00692874 0.00912944 0.0122114 0.0156596 0.0190854 0.0220989 0.0243347 0.0255242 0.025555 0.0244933 0.0225582 0.0200602 0.0173245 0.0146254 0.0121488 0.00998551 0.00815093 0.00661442 0.00532808
 1.01982e-16 2.9939e-05 0.000175709 0.000835226 0.00321563 0.0100276 0.0253291 0.0518271 0.0859111 0.115382 0.125573 0.1108 0.0793923 0.046491 0.0228572 0.0105717 0.00639731 0.00650901 0.00855245 0.0114645 0.014756 0.0180703 0.021051 0.02336 0.0247412 0.0250749 0.0243994 0.0228897 0.0208047 0.0184216 0.0159786 0.0136431 0.0115066 0.00959982 0.00791795 0.00644236
 1.019e-16 3.14134e-05 0.000184367 0.000876391 0.00337414 0.0105219 0.0265776 0.0543815 0.0901443 0.121064 0.131749 0.116229 0.083237 0.0486519 0.0237506 0.0107002 0.00608682 0.00588454 0.00761986 0.0101891 0.0131084 0.0160493 0.0186933 0.0207407 0.0219655 0.0222636 0.021671 0.0203452 0.0185172 0.0164323 0.0143003 0.0122661 0.0104065 0.00874453 0.00727218 0.00597076
 1.01904e-16 3.01176e-05 0.000176757 0.000840205 0.0032348 0.0100874 0.0254801 0.0521361 0.0864234 0.11607 0.126324 0.111465 0.0798738 0.0467836 0.0230204 0.0106786 0.00650244 0.00664325 0.00872956 0.0116861 0.0150121 0.0183389 0.0212982 0.0235435 0.0248167 0.0250044 0.0241589 0.0224755 0.0202349 0.0177337 0.015223 0.0128746 0.0107759 0.00894724 0.00736904 0.00600757
 1.03977e-16 1.70488e-05 0.000100013 0.000475314 0.00182981 0.00570595 0.0144131 0.0294939 0.0488999 0.0657026 0.0715805 0.0633365 0.0457692 0.0275813 0.0150139 0.00939275 0.00901841 0.0118205 0.0164815 0.0222908 0.0287135 0.0351529 0.0409321 0.0453959 0.0480486 0.0486613 0.047314 0.0443536 0.0402894 0.0356638 0.030941 0.0264435 0.0223434 0.0186938 0.0154776 0.0126525
pSPR Fmed_Fpbrs
0.592054   0.341559 0.341559
Fs Fmed_Fpbrs
0.361561   1.005 1.005
SSBpbr Bo_Bmed_Bpbrs
1.02784e+06  557146  299677 299677
Ro
41772.8
SPR SPRFo_SPRFmed_SPRFpbrs
860917 509709 294054
log_Ro
10.46
likeval ReclasPelacesDesembMPH_pf_preclas_ppelaces_ptallas_desvR_qrecl_qpela
 61.4165 17.0799 0.00781673 0.000220405 285.183 192.437 70.7915 0 15.827 3.24012e-05 3.43359e-05 0 0 0 0
q_reclas_q_pelaces
0.446369 2.30172
M
0.7
N
 44263.8 12904.4 4830.68 573.037 0.274517
 54299.4 20019.7 3702.73 1386.09 164.503
 30623.4 24889.5 6213.79 1149.26 481.278
 47669.3 13407.9 5902.35 1473.55 386.67
 81364.5 23069.6 5723.52 2519.57 794.085
 58696.2 40207.9 11132.8 2762.01 1599.08
 93675.1 27788.5 15086.3 4177.1 1636.32
 91336.7 45103.7 11512.6 6250.15 2408.46
 113417 42653.1 15615.4 3985.79 2997.71
 126632 52497.4 14019.5 5132.58 2295.38
 65450.6 59559.4 18953.6 5061.58 2681.79
 44233 29203.2 15781.6 5022.18 2051.78
 45355.4 19860.6 8028.77 4338.79 1944.82
 23697.3 19177.9 3838.62 1551.79 1214.49
 15353 8763.6 1688.27 337.92 243.519
 16396.5 5518.01 652.482 125.698 43.2903
 12311.3 7129.58 1256.67 148.596 38.4853
 13709.6 5579.75 2070.78 364.999 54.3377
 15794.6 6386.63 1904.35 706.753 143.118
 26921.3 7436.43 2319.84 691.723 308.701
 33141.5 12671.7 2696.95 841.328 362.821
 44475.8 16050 5431.25 1155.94 516.112
 68239.6 21391.3 6606.94 2235.76 688.299
 86145.8 32631 8510.88 2628.68 1163.39
 33191.5 41218.3 13028.8 3398.19 1514.08
pred_Ctot
 2855.38 4042.54 1513.3 179.514 0.0859976
 3018.65 5545.61 1025.68 383.957 45.5685
 2624.73 9751.5 2434.51 450.272 188.561
 873.483 1365.43 601.082 150.063 39.3777
 284.748 468.942 116.344 51.2161 16.1416
 1973.75 7182.6 1988.72 493.397 285.654
 2051.45 3346.56 1816.84 503.046 197.061
 3929.09 10027.8 2559.57 1389.58 535.467
 5560.02 10619.4 3887.8 992.349 746.345
 4829.15 10495.7 2802.89 1026.15 458.912
 4806.69 20704.4 6588.79 1759.54 932.26
 3066.07 9695.55 5239.53 1667.38 681.195
 4889.24 9198.42 3718.51 2009.5 900.742
 4425.01 12451.6 2492.29 1007.52 788.526
 3107.24 5925.32 1141.48 228.478 164.65
 1477.86 2245.23 265.489 51.1453 17.6145
 777.254 2194.54 386.812 45.7389 11.846
 612.48 1282.12 475.827 83.8699 12.4858
 591.153 1255.77 374.442 138.965 28.1406
 1012.51 1468.53 458.115 136.6 60.9615
 591.174 1258.05 267.753 83.527 36.0209
 1007.94 1995.73 675.348 143.736 64.1759
 1822.58 3097.54 956.709 323.747 99.668
 2264.71 4656.67 1214.56 375.131 166.023
 767.715 5223.72 1651.18 430.663 191.884
F
 0.0934495 0.548499 0.548499 0.548499 0.548499
 0.0800664 0.469947 0.469947 0.469947 0.469947
 0.125922 0.739097 0.739097 0.739097 0.739097
 0.0257706 0.15126 0.15126 0.15126 0.15126
 0.00487679 0.0286242 0.0286242 0.0286242 0.0286242
 0.0477512 0.280274 0.280274 0.280274 0.280274
 0.0308688 0.181183 0.181183 0.181183 0.181183
 0.0614543 0.360704 0.360704 0.360704 0.360704
 0.0703048 0.412652 0.412652 0.412652 0.412652
 0.0543096 0.318768 0.318768 0.318768 0.318768
 0.107017 0.628131 0.628131 0.628131 0.628131
 0.100733 0.591248 0.591248 0.591248 0.591248
 0.160768 0.943625 0.943625 0.943625 0.943625
 0.294756 1.73006 1.73006 1.73006 1.73006
 0.323296 1.89758 1.89758 1.89758 1.89758
 0.132815 0.779552 0.779552 0.779552 0.779552
 0.0913754 0.536325 0.536325 0.536325 0.536325
 0.0638903 0.375002 0.375002 0.375002 0.375002
 0.0532774 0.31271 0.31271 0.31271 0.31271
 0.0535433 0.314271 0.314271 0.314271 0.314271
 0.0250795 0.147204 0.147204 0.147204 0.147204
 0.0319597 0.187586 0.187586 0.187586 0.187586
 0.0377614 0.22164 0.22164 0.22164 0.22164
 0.0371588 0.218103 0.218103 0.218103 0.218103
 0.0326281 0.19151 0.19151 0.19151 0.19151
nmprior
 10 11 7 0
nm_flota  nm_reclas  nm_pelaces    nm_pelaL
inf 17.2866 16.4975 28.9002
cv_recla  cv_pelaces  cv_mph
0.708871 0.486303 0.481669
 ------------------------------------------------
Talla a la edad & desviación 
 7.2 14.2025 17.0495 18.207 18.6776
 1.08 2.13037 2.55742 2.73105 2.80164
