years
 1997 1998 1999 2000 2001 2002 2003 2004 2005 2006 2007 2008 2009 2010 2011 2012 2013 2014 2015 2016 2017 2018 2019 2020 2021
reclasobs
 0 0 0 370054 412103 1.49427e+06 250295 1.28982e+06 931140 785840 897777 1.04006e+06 184774 17550 25797 100020 73551 82996 120727 218422 84188 347160 605670 569463 516374
reclaspred
 1.37731e+06 189853 253010 113524 255122 266311 580526 466423 633247 1.01137e+06 884546 572138 359022 156131 96303 91293.7 103624 124112 110071 182984 311378 277896 418498 393343 286289
pelacesobs
 0 0 0 0 0 0 0 0 0 2.06254e+06 1.5e+06 0 1.87456e+06 323000 250000 174000 83755 137374 0 501740 490994 745055 786931 1.00524e+06 0
pelacespred
 1.03334e+06 345262 118774 116652 234008 177736 552225 444302 604280 966674 735070 489680 321082 110478 68896.3 69983.5 82844.1 101142 89822.3 150932 287865 247308 293759 324236 231257
mphobs
 0 0 0 0 0 112323 0 153150 637223 0 255016 313432 73983 77613 109348 50772 0 0 0 0 0 0 0 0 0
mphpred
 564074 239517 116406 55995 58303.1 135257 157431 200930 209050 291798 468042 332632 189210 104667 44952 35471.1 40151 49061.4 52800.3 52498.3 102880 134495 154670 180929 182622
desembarqueobs
 350755 77701 442110 56441 14545 235359 269955 359681 431902 328805 639364 411747 362871 311530 167758 66681 60226 58785 57116 71774 51957 67425 138520 160799 200461
desembarquepred
 350742 77677.8 441596 56422.3 14544.2 235272 269894 359265 431562 328605 638796 411475 362435 311189 167474 66643.7 60214.7 58753.5 57080.6 71723.9 51946.6 67393.2 138458 160741 200438
Reclutas
 12649 20995.4 3418.93 17984 55310.4 21172.5 57272.6 72543.3 102928 202490 58443.9 28190 50969.6 22771.8 14980.3 15523.7 10693.5 10516.7 9163.12 28908.4 33900 35299.5 46434.9 35641.6 1050.61
log_desv_Rt
 -0.654668 -0.14794 -1.96292 -0.30276 0.820716 -0.139541 0.855577 1.09194 1.44178 2.11845 0.875823 0.146724 0.738985 -0.0667212 -0.485507 -0.449875 -0.822612 -0.839285 -0.977058 0.171888 0.33117 0.371624 0.645806 0.38127 -3.14287
SSB
 1.50546e+06 639245 310675 149445 155605 360988 420169 536261 557934 778780 1.24916e+06 887761 504983 279346 119972 94668.7 107159 130940 140919 140113 274575 358955 412797 482880 487398
BT
 2.0742e+06 782833 454615 272776 431070 501302 1.18226e+06 1.18466e+06 1.47344e+06 2.03614e+06 1.8703e+06 1.24639e+06 932658 494518 262395 180004 197087 228463 210393 328865 556484 506404 622674 717199 588669
Ftot
 0.1684 0.299991 1.0584 0.513395 0.0871749 0.632741 0.539927 0.931172 0.87619 0.455557 0.540815 0.505046 0.921394 1.55762 1.69403 0.721221 0.550008 0.427717 0.417696 0.492964 0.167939 0.201594 0.269615 0.329928 0.429677
BD_Bspro_t
 0.974093 0.817746 0.59645 0.273864 0.428353 0.685633 0.548728 0.560436 0.527942 0.561204 0.639625 0.480392 0.350221 0.261136 0.149984 0.148577 0.218351 0.327993 0.400152 0.458499 0.647227 0.754176 0.746791 0.714871 0.636929
BD_Bspro
 3.00072 1.27416 0.619248 0.297879 0.310157 0.719532 0.837493 1.06889 1.11209 1.55229 2.48986 1.76951 1.00655 0.556801 0.239133 0.188697 0.213592 0.260994 0.280883 0.279277 0.547292 0.715479 0.822801 0.962491 0.971498
BD_Bo
 1.62367 0.68944 0.33507 0.16118 0.167823 0.389333 0.453161 0.578369 0.601744 0.839931 1.34724 0.95747 0.544635 0.301281 0.129393 0.102102 0.115573 0.141222 0.151984 0.151115 0.296136 0.38714 0.445211 0.520797 0.52567
BD_Brms
 5.42656 2.30422 1.11986 0.538689 0.560893 1.30122 1.51454 1.933 2.01113 2.80719 4.50271 3.20002 1.82026 1.00693 0.432452 0.341243 0.386264 0.471986 0.507955 0.50505 0.989734 1.29389 1.48797 1.74059 1.75688
S_f
 0.145893 1 1 1 1
 0.145893 1 1 1 1
 0.145893 1 1 1 1
 0.145893 1 1 1 1
 0.145893 1 1 1 1
 0.145893 1 1 1 1
 0.145893 1 1 1 1
 0.145893 1 1 1 1
 0.145893 1 1 1 1
 0.145893 1 1 1 1
 0.145893 1 1 1 1
 0.145893 1 1 1 1
 0.145893 1 1 1 1
 0.145893 1 1 1 1
 0.145893 1 1 1 1
 0.145893 1 1 1 1
 0.145893 1 1 1 1
 0.145893 1 1 1 1
 0.145893 1 1 1 1
 0.145893 1 1 1 1
 0.145893 1 1 1 1
 0.145893 1 1 1 1
 0.145893 1 1 1 1
 0.145893 1 1 1 1
 0.145893 1 1 1 1
Scru_reclas
 0.896684 1 1 1 1
 0.896684 1 1 1 1
 0.896684 1 1 1 1
 0.896684 1 1 1 1
 0.896684 1 1 1 1
 0.896684 1 1 1 1
 0.896684 1 1 1 1
 0.896684 1 1 1 1
 0.896684 1 1 1 1
 0.896684 1 1 1 1
 0.896684 1 1 1 1
 0.896684 1 1 1 1
 0.896684 1 1 1 1
 0.896684 1 1 1 1
 0.896684 1 1 1 1
 0.896684 1 1 1 1
 0.896684 1 1 1 1
 0.896684 1 1 1 1
 0.896684 1 1 1 1
 0.896684 1 1 1 1
 0.896684 1 1 1 1
 0.896684 1 1 1 1
 0.896684 1 1 1 1
 0.896684 1 1 1 1
 0.896684 1 1 1 1
Scru_pelaces
 1 1 1 1 1
 1 1 1 1 1
 1 1 1 1 1
 1 1 1 1 1
 1 1 1 1 1
 1 1 1 1 1
 1 1 1 1 1
 1 1 1 1 1
 1 1 1 1 1
 1 1 1 1 1
 1 1 1 1 1
 1 1 1 1 1
 1 1 1 1 1
 1 1 1 1 1
 1 1 1 1 1
 1 1 1 1 1
 1 1 1 1 1
 1 1 1 1 1
 1 1 1 1 1
 1 1 1 1 1
 1 1 1 1 1
 1 1 1 1 1
 1 1 1 1 1
 1 1 1 1 1
 1 1 1 1 1
pf_obs 
 0.256992 0.487395 0.22802 0.0275931 0
 0.321318 0.546541 0.124235 0.00734118 0.000564706
 0.182869 0.594174 0.210203 0.0122559 0.00049798
 0.330522 0.361315 0.267642 0.0388342 0.00168674
 0.649043 0.306663 0.0425973 0.00169635 0
 0.582887 0.30429 0.105238 0.00758474 0
 0.465427 0.430635 0.0974691 0.00646863 0
 0.296916 0.608066 0.0921331 0.00288517 0
 0.311714 0.524322 0.152257 0.0117073 0
 0.15457 0.633149 0.183074 0.0267441 0.00246327
 0.131901 0.49318 0.331252 0.0422183 0.00144891
 0.196976 0.569456 0.194076 0.0375587 0.00193317
 0.518974 0.381816 0.0799577 0.0180837 0.00116848
 0.0928022 0.601141 0.25162 0.0475244 0.00691264
 0.122501 0.610282 0.24278 0.0234846 0.000952079
 0.383417 0.481906 0.127806 0.00687128 0
 0.0376549 0.599619 0.316969 0.0457579 0
 0.0361596 0.667082 0.258105 0.0386534 0
 0.158088 0.579412 0.248529 0.0139706 0
 0.0477256 0.309471 0.559284 0.082774 0.000745712
 0.0406174 0.521527 0.379366 0.0568643 0.0016247
 0.151134 0.462217 0.34131 0.0453401 0
 0.294876 0.26143 0.354403 0.0886775 0.000613685
 0.281977 0.475581 0.204845 0.0348837 0.00271318
 0 0 0 0 0
pf_pred 
 0.0324301 0.629469 0.298245 0.0398535 2.6459e-06
 0.100126 0.17952 0.468638 0.222043 0.0296728
 0.0323945 0.453737 0.102514 0.267613 0.143741
 0.38097 0.175827 0.20783 0.0469555 0.188417
 0.459455 0.456654 0.023828 0.0281651 0.0318976
 0.10895 0.765107 0.106397 0.00555176 0.0139942
 0.361157 0.341825 0.255037 0.035466 0.00651536
 0.316114 0.571208 0.0602901 0.0449827 0.00740456
 0.350482 0.543144 0.0888475 0.00937771 0.00814848
 0.397482 0.513712 0.0742624 0.0121479 0.0023963
 0.0854211 0.777337 0.117013 0.0169155 0.00331286
 0.0772837 0.420671 0.426708 0.0642326 0.0111041
 0.249614 0.318543 0.19688 0.199705 0.0352585
 0.162293 0.657747 0.0763942 0.0472164 0.0563498
 0.237348 0.57464 0.147622 0.0171456 0.023244
 0.296893 0.591932 0.083768 0.0215195 0.00588777
 0.180679 0.660684 0.133553 0.0188999 0.00618369
 0.195527 0.535224 0.217117 0.0438887 0.00824308
 0.175733 0.554659 0.179373 0.0727637 0.0174712
 0.430179 0.365981 0.137167 0.0443588 0.022315
 0.254964 0.6471 0.0629016 0.023575 0.0114593
 0.195143 0.577748 0.197255 0.0191743 0.0106795
 0.221344 0.503743 0.19734 0.067376 0.0101971
 0.154283 0.583228 0.169814 0.0665242 0.0261503
 0.00627456 0.591341 0.277495 0.080796 0.0440937
pobs_RECLAS
 0 0 0 0 0
 0 0 0 0 0
 0 0 0 0 0
 0 0 0 0 0
 0.835266 0.146461 0.0176864 0.000547809 3.91292e-05
 0.385257 0.428462 0.181853 0.0044286 0
 0.867414 0.0963971 0.0333333 0.00285562 0
 0.441836 0.489002 0.0689373 0.000224442 0
 0.779404 0.147425 0.0564933 0.0165055 0.000172143
 0.814271 0.122319 0.05973 0.00367925 0
 0.40263 0.566651 0.0304383 0.000280538 0
 0.475488 0.404961 0.113038 0.00651328 0
 0.955842 0.0263864 0.0167828 0.000988607 0
 0.975058 0.0227948 0.00214734 0 0
 0.738997 0.206755 0.0527124 0.00153531 0
 0.850938 0.134255 0.0134407 0.00136685 0
 0.542534 0.407297 0.0501686 0 0
 0.764087 0.199537 0.0359546 0.000420521 0
 0.470689 0.182191 0.310203 0.0369168 0
 0.84361 0.089868 0.0606195 0.00523954 0.000663233
 0.607945 0.314616 0.071237 0.00620181 0
 0.523733 0.453247 0.0230204 0 0
 0.530135 0.295979 0.169645 0.0042399 0
 0.562478 0.366248 0.0663022 0.0049721 0
 0.250443 0.683176 0.0655157 0.000865301 0
ppred_RECLAS
 0.172156 0.538568 0.255176 0.0340983 2.2638e-06
 0.410569 0.117588 0.306965 0.145442 0.0194361
 0.184587 0.38237 0.0863896 0.225521 0.121132
 0.796752 0.0577299 0.0682377 0.0154171 0.0618638
 0.839956 0.135206 0.00705495 0.00833907 0.00944419
 0.440591 0.48034 0.0667972 0.00348544 0.00878567
 0.783061 0.116077 0.0866056 0.0120436 0.00221249
 0.754675 0.204905 0.0216274 0.0161363 0.00265618
 0.78108 0.183067 0.0299461 0.00316076 0.00274645
 0.806984 0.164567 0.0237898 0.00389154 0.000767651
 0.37359 0.532411 0.0801442 0.0115857 0.00226903
 0.347729 0.297374 0.301641 0.0454063 0.0078495
 0.688592 0.132194 0.0817043 0.0828768 0.0146322
 0.58492 0.32591 0.037853 0.0233955 0.027921
 0.698421 0.227233 0.0583748 0.00677996 0.00919146
 0.732944 0.224829 0.031817 0.00817362 0.00223631
 0.584947 0.334691 0.0676554 0.00957434 0.00313254
 0.605796 0.262268 0.106391 0.0215061 0.00403923
 0.573908 0.286722 0.0927241 0.0376141 0.00903149
 0.827586 0.110737 0.0415033 0.0134219 0.00675199
 0.679818 0.278093 0.0270322 0.0101314 0.00492468
 0.6012 0.286269 0.0977383 0.00950069 0.0052916
 0.639727 0.233075 0.0913064 0.0311739 0.00471805
 0.533708 0.321567 0.0936282 0.0366786 0.0144181
 0.0383967 0.572226 0.268525 0.0781843 0.0426684
pobs_PELACES
 0 0 0 0 0
 0 0 0 0 0
 0 0 0 0 0
 0 0 0 0 0
 0 0 0 0 0
 0 0 0 0 0
 0 0 0 0 0
 0 0 0 0 0
 0 0 0 0 0
 0 0 0 0 0
 0.450072 0.473896 0.0757376 0.000293798 0
 0 0 0 0 0
 0.463077 0.371075 0.160297 0.00555027 0
 0.529543 0.364841 0.0842815 0.0213345 0
 0.631943 0.363953 0.00410389 0 0
 0.735681 0.248677 0.0153453 0.000297389 0
 0.695825 0.281241 0.0229344 0 0
 0.275771 0.60734 0.115278 0.00161068 0
 0 0 0 0 0
 0.896147 0.0623911 0.0374545 0.00400742 0
 0.803859 0.145111 0.0509908 3.86294e-05 0
 0.739449 0.233085 0.0266225 0.000797448 4.60066e-05
 0.878498 0.100942 0.0204185 0.000141795 0
 0.694673 0.275183 0.0284847 0.00165964 0
 0 0 0 0 0
ppred_PELACES
 0.195618 0.523304 0.247944 0.0331319 2.19964e-06
 0.458097 0.108107 0.282214 0.133714 0.0178689
 0.253846 0.349893 0.0790519 0.206366 0.110844
 0.834777 0.0469293 0.0554712 0.0125327 0.0502897
 0.857114 0.12071 0.00629861 0.00744506 0.00843171
 0.512155 0.418891 0.058252 0.00303956 0.00766174
 0.824166 0.0940834 0.0701961 0.00976162 0.00179328
 0.816859 0.152966 0.0161453 0.0120461 0.0019829
 0.835893 0.137231 0.0224482 0.00236937 0.0020588
 0.841307 0.135303 0.0195594 0.00319953 0.000631144
 0.436504 0.478938 0.0720948 0.0104221 0.00204114
 0.406697 0.27049 0.274372 0.0413013 0.00713986
 0.76175 0.101138 0.0625099 0.0634069 0.0111947
 0.709113 0.228398 0.0265273 0.0163955 0.019567
 0.806326 0.145929 0.0374883 0.00435408 0.00590275
 0.789504 0.177212 0.0250784 0.0064425 0.00176268
 0.6473 0.284411 0.0574917 0.00813601 0.00266195
 0.659099 0.226805 0.0920049 0.0185982 0.00349306
 0.628222 0.250174 0.0809047 0.0328195 0.00788026
 0.860159 0.0898162 0.0336624 0.0108862 0.00547638
 0.712862 0.249394 0.0242424 0.00908586 0.00441645
 0.640225 0.258256 0.0881741 0.008571 0.00477379
 0.681185 0.206254 0.0807994 0.0275866 0.00417512
 0.583481 0.287242 0.0836341 0.0327635 0.0128791
 0.0478582 0.566596 0.265882 0.077415 0.0422485
pobs_pel_tallas
 0 0 0 0 0 0 0 0 0 0 0 0 0 0 0 0 0 0 0 0 0 0 0 0 0 0 0 0 0 0 0 0 0 0 0 0
 0 0 0 0 0 0 0 0 0 0 0 0 0 0 0 0 0 0 0 0 0 0 0 0 0 0 0 0 0 0 0 0 0 0 0 0
 0 0 0 0 0 0 0 0 0 0 0 0 0 0 0 0 0 0 0 0 0 0 0 0 0 0 0 0 0 0 0 0 0 0 0 0
 0 0 0 0 0 0 0 0 0 0 0 0 0 0 0 0 0 0 0 0 0 0 0 0 0 0 0 0 0 0 0 0 0 0 0 0
 0 0 0 0 0 0 0 0 0 0 0 0 0 0 0 0 0 0 0 0 0 0 0 0 0 0 0 0 0 0 0 0 0 0 0 0
 0 0 0 0 0 0 0 0 0 0 0 0 0 0 0 0 0 0 0 0 0 0 0 0 0 0 0 0 0 0 0 0 0 0 0 0
 0 0 0 0 0 0 0 0 0 0 0 0 0 0 0 0 0 0 0 0 0 0 0 0 0 0 0 0 0 0 0 0 0 0 0 0
 0 0 0 0 0 0 0 0 0 0 0 0 0 0 0 0 0 0 0 0 0 0 0 0 0 0 0 0 0 0 0 0 0 0 0 0
 0 0 0 0 0 0 0 0 0 0 0 0 0 0 0 0 0 0 0 0 0 0 0 0 0 0 0 0 0 0 0 0 0 0 0 0
 0 0 0 0 0 0 0 0 0 0 0 0 0 0 0 0 0 0 0 0 0 0 0 0 0 0 0 0 0 0 0 0 0 0 0 0
 0 0 0 0 0 0 0 0 1.78061e-05 0.00172719 0.00360574 0.0105946 0.0120993 0.0124554 0.0147524 0.0171206 0.0266825 0.0428682 0.0675386 0.121331 0.153587 0.119568 0.100827 0.0573624 0.0630603 0.0341343 0.0324427 0.0444173 0.0211091 0.0280891 0.0125444 0.00206551 0 0 0 0
 0 0 0 0 0 0 0 0 0 0 0 0 0 0 0 0 0 0 0 0 0 0 0 0 0 0 0 0 0 0 0 0 0 0 0 0
 0 0 0 0 0 0 0.0133647 0.0140871 0.0187388 0.0205184 0.03894 0.0496705 0.03968 0.0493445 0.0407372 0.0367815 0.0215668 0.0243155 0.0234873 0.0199281 0.019796 0.0243948 0.0301388 0.0376714 0.0412746 0.0863199 0.0771752 0.113111 0.0741005 0.0525337 0.0229764 0.00759418 0.00175318 0 0 0
 0 0 0 0 0 0 0 0 0 0 0.00219441 0.00772107 0.0458388 0.0604681 0.0671733 0.0775358 0.0609151 0.0617685 0.073594 0.0568108 0.0755445 0.0548602 0.0670107 0.0636378 0.0643287 0.046367 0.0373049 0.0286899 0.0247887 0.0153202 0.00654259 0.00121912 0.000365735 0 0 0
 0 0 0 0 0 0 0 0 0 0 0 0 0.000112435 0.00938835 0.0111873 0.0202946 0.0414886 0.0713402 0.111592 0.104902 0.108894 0.110636 0.117776 0.105296 0.107544 0.0401394 0.0192827 0.0124803 0.00416011 0.0028671 0.000618394 0 0 0 0 0
 0 0 0 0 0 0 0 0 0 0 0.00291406 0.0102884 0.027416 0.0768956 0.0749926 0.110853 0.0956884 0.0897413 0.0766577 0.0534642 0.0500743 0.0551293 0.0594112 0.0620874 0.0668451 0.0424026 0.0208742 0.0120726 0.0048766 0.00582813 0.00118941 0.000297354 0 0 0 0
 0 0.00264628 0.0354308 0.0461629 0.0458689 0.0383711 0.0214643 0.0164657 0.0346957 0.0420465 0.0363128 0.0245516 0.0311673 0.0291091 0.0169068 0.0133784 0.00837989 0.0085269 0.0148486 0.0160247 0.0276389 0.0546898 0.0760071 0.122758 0.109233 0.0665981 0.0333725 0.0166128 0.00676272 0.00308733 0.000882094 0 0 0 0 0
 0 0 0 0 0 0 0 0.000805153 0.000690131 0.00759144 0.0133425 0.0154129 0.00931677 0.000345066 0.00356568 0.00563607 0.00851162 0.0253048 0.0502646 0.0516448 0.0657925 0.0565908 0.0611916 0.0827007 0.0866115 0.110766 0.145733 0.0935128 0.0569358 0.0249597 0.0138026 0.00621118 0.00161031 0.00115022 0 0
 0 0 0 0 0 0 0 0 0 0 0 0 0 0 0 0 0 0 0 0 0 0 0 0 0 0 0 0 0 0 0 0 0 0 0 0
 0.00147267 0.00158595 0.00478618 0.00569244 0.00954404 0.0108468 0.00647125 0.017049 0.0510054 0.094081 0.124002 0.0959785 0.0687766 0.0820023 0.061753 0.0591476 0.0492212 0.0479892 0.0443925 0.0268479 0.0217502 0.0140895 0.0121071 0.0120363 0.00920419 0.00665534 0.0049561 0.00860946 0.00930331 0.0156896 0.0114698 0.00855282 0.00243557 0.00046729 0 2.83206e-05
 0 0 0 0 0.000772559 0.00158375 0.000888443 0.00281984 0.00712685 0.0440552 0.0773331 0.111326 0.0921469 0.0852325 0.0710754 0.0886704 0.0786465 0.0553345 0.0373146 0.0185414 0.00753245 0.00457741 0.012979 0.0271748 0.0457355 0.0583668 0.034881 0.0177882 0.00938659 0.00492506 0.0015258 0.00185414 0.000309023 5.79419e-05 3.86279e-05 0
 0 0.00173294 0.00326652 0 0.00397197 0.00683976 0.00946217 0.0152591 0.00757587 0.0136028 0.0228656 0.0392903 0.0559909 0.0764795 0.0681675 0.0726916 0.0566044 0.0477403 0.0527397 0.0444891 0.0609904 0.0582453 0.0661739 0.0445044 0.0529084 0.0360697 0.0280645 0.0235558 0.0158879 0.00826598 0.00280645 0.00217768 0.000904811 0.00058276 9.20147e-05 0
 0 0 0 0 0 0 0 0 0 0 0 0 0 0 0 0 0 0 0 0 0 0 0 0 0 0 0 0 0 0 0 0 0 0 0 0
 0 0 0 0 0 0 0 0 0 0 0 0 0 0 0 0 0 0 0 0 0 0 0 0 0 0 0 0 0 0 0 0 0 0 0 0
 0 0 0 0 0 0 0 0 0 0 0 0 0 0 0 0 0 0 0 0 0 0 0 0 0 0 0 0 0 0 0 0 0 0 0 0
ppred_pel_tallas
 1.04829e-16 8.56431e-06 5.01918e-05 0.000238436 0.000917732 0.00286163 0.00722878 0.014795 0.0245394 0.0330015 0.0360325 0.0320698 0.0235823 0.015027 0.00966029 0.00830034 0.010252 0.0145989 0.0207179 0.0281589 0.0364022 0.0447491 0.0523678 0.0584351 0.0623076 0.0636562 0.0625221 0.0592728 0.0544836 0.048788 0.0427479 0.036779 0.0311372 0.0259497 0.0212648 0.0170958
 1.09471e-16 1.99927e-05 0.000117325 0.000557679 0.00214704 0.0066953 0.0169118 0.034604 0.0573612 0.0770383 0.0838431 0.0739798 0.053011 0.0310493 0.0152871 0.00712964 0.00444509 0.00472931 0.00648453 0.00910027 0.012367 0.0161647 0.0203478 0.0247261 0.0290783 0.0331717 0.0367795 0.0396921 0.0417273 0.0427409 0.0426423 0.0414112 0.0391116 0.0358936 0.0319825 0.0276517
 1.13507e-16 1.10954e-05 6.50696e-05 0.000309207 0.00119029 0.00371163 0.0093756 0.0191862 0.0318126 0.042752 0.0465979 0.0412818 0.0299419 0.0182652 0.0103476 0.00709804 0.00746393 0.0101498 0.0143382 0.0195843 0.0255285 0.0317414 0.0377194 0.0429635 0.0470821 0.0498676 0.0513219 0.0516164 0.0510106 0.0497575 0.0480334 0.0459129 0.0433895 0.0404237 0.0369976 0.0331519
 1.03584e-16 3.64147e-05 0.000213744 0.00101608 0.00391203 0.0121993 0.0308144 0.0630493 0.104507 0.140337 0.152681 0.134595 0.0961717 0.0557724 0.026407 0.010511 0.00405212 0.00231305 0.0024296 0.00320377 0.00424614 0.0054268 0.00666869 0.00789983 0.00905325 0.0100745 0.0109257 0.0115838 0.0120345 0.0122672 0.0122709 0.0120369 0.0115634 0.0108618 0.00996033 0.00890463
 1.00779e-16 3.73917e-05 0.000219472 0.0010433 0.00401681 0.0125261 0.0316398 0.0647387 0.107309 0.144106 0.156796 0.138258 0.0988672 0.0574921 0.027513 0.0114546 0.00519593 0.00389919 0.00460426 0.00602776 0.00767976 0.0093079 0.0107049 0.0116879 0.0121281 0.0119801 0.0112919 0.0101904 0.00884688 0.00743669 0.00610316 0.00493775 0.00397735 0.00321536 0.00261934 0.00214836
 1.01426e-16 2.23621e-05 0.000131208 0.000623619 0.00240082 0.00748663 0.018911 0.0386967 0.0641532 0.0861832 0.0938562 0.0829588 0.0597572 0.0356263 0.0186939 0.0106243 0.009108 0.011361 0.0156216 0.0209804 0.0268285 0.0325437 0.0374465 0.0408973 0.0424353 0.0418859 0.0394008 0.035409 0.0305042 0.0253034 0.0203249 0.0159163 0.0122411 0.00931141 0.00704325 0.00531205
 1.01447e-16 3.59541e-05 0.000211034 0.00100319 0.00386238 0.0120445 0.0304234 0.0622495 0.103183 0.138563 0.150762 0.13293 0.0950396 0.0552323 0.0263697 0.0108763 0.00478945 0.00346297 0.00406487 0.00538601 0.00698988 0.0086736 0.0102743 0.0116385 0.0126407 0.0132052 0.0133172 0.0130172 0.0123827 0.0115054 0.0104719 0.0093518 0.00819706 0.00704566 0.00592827 0.00487238
 1.00786e-16 3.56377e-05 0.000209172 0.000994325 0.00382823 0.011938 0.0301544 0.0616996 0.102273 0.137346 0.14945 0.131803 0.0942993 0.0549331 0.026471 0.0113364 0.00561945 0.00472182 0.00582412 0.00768857 0.00981443 0.0119101 0.0137169 0.0150014 0.015597 0.015441 0.0145888 0.013196 0.0114762 0.00965004 0.00790092 0.00634936 0.00504917 0.00400034 0.00317006 0.00251329
 1.00542e-16 3.64671e-05 0.000214042 0.00101748 0.0039174 0.0122161 0.0308568 0.0631366 0.104654 0.140542 0.152923 0.134855 0.0964595 0.056144 0.0269655 0.0113958 0.0054257 0.00434436 0.00526676 0.00693449 0.00885263 0.0107482 0.0123861 0.0135543 0.0141004 0.0139649 0.0131944 0.0119259 0.0103501 0.0086663 0.00704207 0.00559064 0.0043664 0.00337542 0.00259334 0.00198293
 1.00462e-16 3.67031e-05 0.000215428 0.00102407 0.00394276 0.0122952 0.0310566 0.0635454 0.105332 0.141452 0.153913 0.135726 0.0970781 0.056496 0.0271195 0.0114347 0.00540479 0.00428712 0.0051772 0.00680895 0.00868608 0.0105372 0.0121298 0.0132552 0.013764 0.013599 0.0128082 0.0115289 0.0099519 0.00827543 0.00666637 0.00523693 0.00404037 0.00308149 0.00233444 0.00176032
 1.01633e-16 1.90658e-05 0.00011185 0.000531578 0.00204642 0.00638142 0.0161194 0.0329854 0.0546884 0.0734795 0.080051 0.0708267 0.051171 0.0308139 0.0167297 0.0103922 0.00988767 0.0128819 0.017877 0.0240496 0.0307708 0.0373458 0.0430007 0.0470034 0.0488243 0.0482597 0.0454776 0.0409623 0.0353871 0.0294528 0.0237498 0.018676 0.0144213 0.0110048 0.0083371 0.00628273
 1.05736e-16 1.77581e-05 0.000104191 0.000495204 0.00190644 0.00594495 0.0150167 0.0307277 0.0509408 0.0684308 0.074516 0.0658466 0.0473937 0.0281834 0.0146642 0.00815672 0.00683752 0.00852618 0.0118823 0.0162749 0.0213394 0.0267126 0.031969 0.0366634 0.0404079 0.0429385 0.0441496 0.0440843 0.0428924 0.0407756 0.0379412 0.0345772 0.0308494 0.0269113 0.022914 0.0190082
 1.03623e-16 3.32327e-05 0.000195057 0.00092723 0.00356991 0.0111325 0.0281196 0.057536 0.0953702 0.128073 0.139353 0.12288 0.0878768 0.0511147 0.0244893 0.0102511 0.0047484 0.00369794 0.00449128 0.00601594 0.00786821 0.00985448 0.0118135 0.0135899 0.0150536 0.0161211 0.0167646 0.0170052 0.0168934 0.0164873 0.0158359 0.0149726 0.0139203 0.0127008 0.0113452 0.00989824
 1.01929e-16 3.09425e-05 0.0001816 0.000863229 0.00332345 0.0103639 0.0261784 0.0535649 0.0887917 0.11925 0.129783 0.114514 0.0820505 0.048042 0.0236079 0.0108959 0.00655543 0.00662619 0.00866532 0.0115626 0.0148003 0.0180001 0.020789 0.022822 0.0238506 0.0237792 0.0226855 0.0207934 0.0184111 0.0158554 0.0133871 0.0111743 0.00928849 0.00772473 0.00643394 0.00535357
 1.01006e-16 3.51782e-05 0.000206475 0.000981503 0.00377886 0.0117841 0.0297656 0.060904 0.100954 0.135574 0.147522 0.130101 0.0930783 0.0542155 0.026114 0.0111657 0.00551175 0.00461527 0.00569752 0.00754343 0.00966753 0.0117916 0.0136685 0.0150721 0.0158351 0.0158856 0.0152607 0.0140913 0.0125651 0.0108802 0.00920512 0.00765557 0.00629083 0.00512436 0.00414159 0.00331671
 1.00718e-16 3.4446e-05 0.000202173 0.000961045 0.00370009 0.0115384 0.029145 0.0596346 0.0988507 0.132753 0.144459 0.127419 0.0911995 0.0532022 0.0257772 0.01128 0.00594479 0.00533675 0.00673164 0.00892124 0.0113947 0.0138298 0.0159287 0.0174194 0.0181065 0.0179151 0.0169073 0.0152618 0.0132268 0.0110597 0.00897679 0.00712291 0.00556605 0.00431148 0.0033252 0.00255704
 1.01313e-16 2.82496e-05 0.000165785 0.000788029 0.00303389 0.00946086 0.0238975 0.0488986 0.0810589 0.108872 0.118507 0.104609 0.07505 0.0441381 0.0220531 0.0107907 0.00732706 0.0080723 0.0107996 0.0144656 0.0185287 0.0225389 0.0260301 0.0285647 0.0298226 0.0296734 0.0282042 0.0256879 0.0225092 0.0190716 0.0157173 0.0126793 0.0100738 0.00792053 0.006179 0.00478307
 1.02183e-16 2.87618e-05 0.000168797 0.000802362 0.0030891 0.00963302 0.0243323 0.0497878 0.0825313 0.110845 0.12064 0.106459 0.0763067 0.0447351 0.0220894 0.0103785 0.00650303 0.00679779 0.00900565 0.0121027 0.0156069 0.0191548 0.0223757 0.0249147 0.026499 0.0269941 0.026428 0.0249697 0.0228767 0.0204282 0.0178678 0.0153709 0.0130391 0.0109157 0.00900908 0.00731393
 1.02726e-16 2.74163e-05 0.000160896 0.000764794 0.00294444 0.00918192 0.0231929 0.0474567 0.078668 0.105659 0.115004 0.101505 0.0727981 0.0427631 0.0212736 0.0102596 0.00678165 0.00735678 0.00983451 0.0132256 0.0170412 0.0208907 0.02437 0.0270929 0.0287664 0.0292524 0.0285924 0.0269825 0.0247131 0.0220935 0.0193877 0.0167786 0.0143638 0.0121746 0.0102047 0.00843669
 1.01138e-16 3.75233e-05 0.000220248 0.00104699 0.00403103 0.0125704 0.0317518 0.0649676 0.107688 0.144612 0.15734 0.138722 0.0991649 0.0575967 0.0274355 0.0112042 0.0047583 0.00323924 0.0036832 0.00482312 0.00620332 0.00761834 0.00891135 0.00994161 0.0106021 0.0108406 0.0106678 0.0101496 0.0093853 0.00848151 0.00752976 0.0065941 0.00570981 0.00489013 0.0041363 0.00344619
 1.00945e-16 3.11069e-05 0.000182563 0.000867803 0.00334105 0.0104187 0.026317 0.0538488 0.0892627 0.119885 0.130478 0.115137 0.0825193 0.0483611 0.0238475 0.0111446 0.00689011 0.00710561 0.00933118 0.0124372 0.0158793 0.0192444 0.022121 0.0241297 0.0249996 0.0246321 0.0231229 0.0207326 0.0178186 0.0147496 0.0118327 0.00927062 0.00715421 0.005483 0.00419968 0.00322417
 1.01854e-16 2.79401e-05 0.00016397 0.000779407 0.0030007 0.00935736 0.0236361 0.0483635 0.0801713 0.107678 0.117203 0.103447 0.0741933 0.0435879 0.0216934 0.010477 0.00694292 0.00754032 0.0100745 0.013532 0.0174065 0.0212904 0.0247612 0.0274165 0.0289519 0.0292269 0.0282909 0.0263581 0.0237447 0.0207894 0.0177858 0.0149417 0.0123723 0.0101177 0.00817101 0.00650553
 1.02358e-16 2.9724e-05 0.000174448 0.000829231 0.00319256 0.00995567 0.0251473 0.0514551 0.0852942 0.114553 0.124669 0.109998 0.0788072 0.0461284 0.0226422 0.0104116 0.00622032 0.00627091 0.0082292 0.0110478 0.0142541 0.0175108 0.0204817 0.0228454 0.0243547 0.0248873 0.0244664 0.0232419 0.0214422 0.0193137 0.0170699 0.0148625 0.0127779 0.0108517 0.00909103 0.0074938
 1.03009e-16 2.54669e-05 0.000149448 0.000710361 0.00273485 0.00852831 0.021542 0.044079 0.0730706 0.0981462 0.106841 0.0943312 0.0677222 0.0399207 0.0201182 0.0101324 0.00725796 0.00827756 0.0111961 0.0150736 0.0194073 0.0237618 0.027675 0.0307058 0.0325214 0.0329696 0.0321064 0.0301664 0.0274924 0.0244468 0.0213374 0.0183747 0.0156676 0.0132449 0.0110908 0.0091749
 1.08593e-16 2.12294e-06 1.23716e-05 5.86255e-05 0.000225404 0.000702621 0.00177538 0.00363729 0.00604683 0.0081741 0.00903582 0.00830527 0.0066768 0.00537523 0.00537858 0.00710426 0.0106041 0.0158271 0.0226768 0.0309164 0.0400726 0.049424 0.0580897 0.0651908 0.0700341 0.0722547 0.0718742 0.0692512 0.0649555 0.05961 0.0537577 0.0477888 0.0419352 0.0363105 0.030968 0.0259478
pSPR Fmed_Fpbrs
0.528268   0.349207 0.349207
Fs Fmed_Fpbrs
0.476874   1.005 1.005
SSBpbr Bo_Bmed_Bpbrs
927195  443447  277423 277423
Ro
24343
SPR SPRFo_SPRFmed_SPRFpbrs
501698 265031 175197
log_Ro
9.92
likeval ReclasPelacesDesembMPH_pf_preclas_ppelaces_ptallas_desvR_qrecl_qpela
 92.0875 72.93 0.0645953 0.000180638 308.94 193.857 71.0826 0 39.4576 9.88786e-06 0 0 0 0 0
q_reclas_q_pelaces
0.640447 1
M
0.7
N
 12649 38128.2 18065.3 2414.01 0.160267
 20995.4 6128.85 15999.4 7580.62 1013.04
 3418.93 9979.55 2254.7 5885.92 3161.46
 17984 1454.87 1719.67 388.529 1559.04
 55310.4 8286.14 432.366 511.064 578.792
 21172.5 27119.2 3771.26 196.782 496.025
 57272.6 9586.84 7152.79 994.682 182.73
 72543.3 26286.4 2774.48 2070.06 340.75
 102928 31447.9 5144.25 542.967 471.795
 202490 44979.1 6502.21 1063.63 209.813
 58443.9 94087.9 14163.1 2047.43 400.985
 28190 26820.5 27205.4 4095.24 707.955
 50969.6 13004.4 8037.51 8152.85 1439.41
 22771.8 22127.1 2569.96 1588.4 1895.65
 14980.3 9009.49 2314.49 268.817 364.43
 15523.7 5810.06 822.218 211.223 57.791
 10693.5 6938.94 1402.66 198.499 64.9452
 10516.7 4900.76 1988.02 401.865 75.4774
 9163.12 4906.49 1586.73 643.665 154.55
 28908.4 4281.26 1604.58 518.911 261.042
 33900 13359.3 1298.6 486.704 236.576
 35299.5 16426.8 5608.45 545.172 303.644
 46434.9 17021.2 6668 2276.59 344.553
 35641.6 22169.5 6454.92 2528.7 994.015
 1050.61 16867.4 7915.23 2304.62 1257.72
pred_Ctot
 221.082 4291.2 2033.19 271.688 0.0180375
 648.225 1162.22 3034 1437.52 192.104
 354.955 4971.71 1123.27 2932.31 1575.01
 937.386 432.626 511.37 115.535 463.604
 503.062 499.995 26.0895 30.8382 34.925
 1349.85 9479.4 1318.23 68.7843 173.383
 3134.21 2966.45 2213.28 307.783 56.542
 6679.26 12069.2 1273.88 950.451 156.453
 8948.21 13867.1 2268.38 239.424 208.04
 9399.96 12148.6 1756.22 287.282 56.6696
 3203.39 29151.1 4388.13 634.351 124.236
 1446.23 7872.13 7985.09 1202 207.793
 4646.5 5929.59 3664.86 3717.45 656.328
 3372.81 13669.5 1587.65 981.266 1171.08
 2392.87 5793.36 1488.28 172.857 234.339
 1121.81 2236.61 316.516 81.3112 22.2469
 595.739 2178.42 440.353 62.3171 20.389
 459.18 1256.94 509.883 103.069 19.3583
 390.958 1233.96 399.055 161.879 38.8687
 1448.72 1232.52 461.937 149.387 75.1504
 590.908 1499.73 145.782 54.6378 26.5583
 737.015 2182.04 744.993 72.4174 40.3343
 1291 2938.09 1150.99 392.972 59.4747
 1207.92 4566.21 1329.51 520.832 204.736
 46.0766 4342.46 2037.75 593.318 323.798
F
 0.0245684 0.1684 0.1684 0.1684 0.1684
 0.0437666 0.299991 0.299991 0.299991 0.299991
 0.154414 1.0584 1.0584 1.0584 1.0584
 0.0749008 0.513395 0.513395 0.513395 0.513395
 0.0127182 0.0871749 0.0871749 0.0871749 0.0871749
 0.0923125 0.632741 0.632741 0.632741 0.632741
 0.0787716 0.539927 0.539927 0.539927 0.539927
 0.135852 0.931172 0.931172 0.931172 0.931172
 0.12783 0.87619 0.87619 0.87619 0.87619
 0.0664627 0.455557 0.455557 0.455557 0.455557
 0.0789012 0.540815 0.540815 0.540815 0.540815
 0.0736828 0.505046 0.505046 0.505046 0.505046
 0.134425 0.921394 0.921394 0.921394 0.921394
 0.227246 1.55762 1.55762 1.55762 1.55762
 0.247147 1.69403 1.69403 1.69403 1.69403
 0.105221 0.721221 0.721221 0.721221 0.721221
 0.0802424 0.550008 0.550008 0.550008 0.550008
 0.0624009 0.427717 0.427717 0.427717 0.427717
 0.0609389 0.417696 0.417696 0.417696 0.417696
 0.07192 0.492964 0.492964 0.492964 0.492964
 0.0245012 0.167939 0.167939 0.167939 0.167939
 0.0294111 0.201594 0.201594 0.201594 0.201594
 0.039335 0.269615 0.269615 0.269615 0.269615
 0.0481342 0.329928 0.329928 0.329928 0.329928
 0.0626869 0.429677 0.429677 0.429677 0.429677
nmprior
 10 11 7 0
nm_flota  nm_reclas  nm_pelaces    nm_pelaL
inf 32.1739 24.0257 45.3743
cv_recla  cv_pelaces  cv_mph
0.868011 1.00489 0.436056
 ------------------------------------------------
Talla a la edad & desviación 
 7.2 14.2025 17.0495 18.207 18.6776
 1.08 2.13037 2.55742 2.73105 2.80164
