years
 1997 1998 1999 2000 2001 2002 2003 2004 2005 2006 2007 2008 2009 2010 2011 2012 2013 2014 2015 2016 2017 2018 2019 2020 2021
reclasobs
 0 0 0 370054 412103 1.49427e+06 250295 1.28982e+06 931140 785840 897777 1.04006e+06 184774 17550 25797 100020 73551 82996 120727 218422 84188 347160 605670 569463 516374
reclaspred
 485890 125480 321662 220944 358351 439497 952740 652978 735330 760720 648826 450186 276091 114369 68351.7 65326.4 78401.6 104967 113076 154371 234124 220881 375327 476353 532008
pelacesobs
 0 0 0 0 0 0 0 0 0 2.06254e+06 1.5e+06 0 1.87456e+06 323000 250000 174000 83755 137374 0 501740 490994 745055 786931 1.00524e+06 0
pelacespred
 1.93566e+06 448889 675501 757444 1.07933e+06 1.06924e+06 2.65942e+06 2.17505e+06 2.19146e+06 2.30504e+06 1.7156e+06 1.24718e+06 737787 235217 141777 150528 190082 269282 295192 392957 690683 641401 837626 1.2453e+06 1.45917e+06
mphobs
 0 0 0 0 0 112323 0 153150 637223 0 255016 313432 73983 77613 109348 50772 0 0 0 0 0 0 0 0 0
mphpred
 178511 98217.4 109412 107423 125373 212615 300497 369525 316489 337928 356195 251974 158223 81476.9 34803.5 27892.6 31229.4 41182.4 51547.5 58492.2 88640.2 109416 136132 189412 274699
desembarqueobs
 350755 77701 442110 56441 14545 235359 269955 359681 431902 328805 639364 411747 362871 311530 167758 66681 60226 58785 57116 71774 51957 67425 138520 160799 200461
desembarquepred
 350761 77699.5 442091 56443.9 14545.3 235433 270016 359670 431942 328812 639311 411775 362933 311623 167586 66677.8 60253.3 58778.6 57101.1 71771.5 51959.9 67415.8 138523 160811 200461
Reclutas
 36436.3 44252.8 23146.2 34831.7 61952.8 42670 77979.8 75616 98556.4 117790 67227.7 45828.4 45378.9 24899 14523.4 13288.8 10116.5 11595.5 12420.5 20051 26435.6 33855.8 52077.6 67064.8 25625.4
log_desv_Rt
 0.0433211 0.237675 -0.410414 -0.00171695 0.574129 0.201251 0.804205 0.773423 1.03838 1.21666 0.655841 0.27266 0.262802 -0.337418 -0.876486 -0.965321 -1.23808 -1.10163 -1.0329 -0.553964 -0.277533 -0.030135 0.400489 0.653414 -0.308659
SSB
 449906 247540 275755 270742 315982 535860 757352 931325 797656 851691 897728 635057 398774 205348 87716.3 70298.5 78708.4 103793 129917 147419 223403 275764 343098 477380 692331
BT
 1.54792e+06 377249 662562 493469 641391 751510 1.80426e+06 1.64913e+06 1.71184e+06 1.66219e+06 1.54224e+06 1.076e+06 787658 430184 227501 144490 162089 205663 212932 288569 446626 410009 562188 841199 925374
Ftot
 0.960202 0.87761 1.50854 0.318931 0.0553523 0.522187 0.332851 0.660296 0.749749 0.555286 1.02416 0.895169 1.42974 2.85076 3.27874 1.39022 1.02317 0.700752 0.565178 0.581977 0.278384 0.331192 0.39864 0.401405 0.341948
BD_Bspro_t
 0.910734 0.639836 0.561788 0.382559 0.546672 0.723637 0.66861 0.685243 0.617111 0.587825 0.569904 0.412603 0.308773 0.207611 0.112491 0.111558 0.166274 0.271938 0.373356 0.462615 0.594216 0.702102 0.711572 0.715326 0.714475
BD_Bspro
 0.625653 0.344237 0.383473 0.376502 0.439415 0.745183 1.0532 1.29513 1.10924 1.18439 1.24841 0.88313 0.554547 0.285564 0.121981 0.0977592 0.109454 0.144338 0.180666 0.205006 0.31067 0.383485 0.477122 0.663858 0.962777
BD_Bo
 0.506602 0.278735 0.310505 0.304861 0.355802 0.603388 0.852791 1.04869 0.898175 0.959019 1.01086 0.715085 0.449027 0.231226 0.0987701 0.0791573 0.088627 0.116873 0.146289 0.165997 0.251555 0.310515 0.386334 0.537538 0.779577
BD_Brms
 1.40949 0.775508 0.863902 0.848198 0.989928 1.67877 2.37268 2.91771 2.49894 2.66823 2.81246 1.98954 1.2493 0.643328 0.274803 0.220235 0.246582 0.325169 0.407011 0.461845 0.699889 0.863928 1.07488 1.49556 2.16898
S_f
 0.106193 0.693006 0.977216 0.998774 0.999935
 0.106193 0.693006 0.977216 0.998774 0.999935
 0.106193 0.693006 0.977216 0.998774 0.999935
 0.106193 0.693006 0.977216 0.998774 0.999935
 0.106193 0.693006 0.977216 0.998774 0.999935
 0.106193 0.693006 0.977216 0.998774 0.999935
 0.106193 0.693006 0.977216 0.998774 0.999935
 0.106193 0.693006 0.977216 0.998774 0.999935
 0.106193 0.693006 0.977216 0.998774 0.999935
 0.106193 0.693006 0.977216 0.998774 0.999935
 0.106193 0.693006 0.977216 0.998774 0.999935
 0.106193 0.693006 0.977216 0.998774 0.999935
 0.106193 0.693006 0.977216 0.998774 0.999935
 0.106193 0.693006 0.977216 0.998774 0.999935
 0.106193 0.693006 0.977216 0.998774 0.999935
 0.106193 0.693006 0.977216 0.998774 0.999935
 0.106193 0.693006 0.977216 0.998774 0.999935
 0.106193 0.693006 0.977216 0.998774 0.999935
 0.106193 0.693006 0.977216 0.998774 0.999935
 0.106193 0.693006 0.977216 0.998774 0.999935
 0.106193 0.693006 0.977216 0.998774 0.999935
 0.106193 0.693006 0.977216 0.998774 0.999935
 0.106193 0.693006 0.977216 0.998774 0.999935
 0.106193 0.693006 0.977216 0.998774 0.999935
 0.106193 0.693006 0.977216 0.998774 0.999935
Scru_reclas
 0.74746 0.999992 1 1 1
 0.74746 0.999992 1 1 1
 0.74746 0.999992 1 1 1
 0.74746 0.999992 1 1 1
 0.74746 0.999992 1 1 1
 0.74746 0.999992 1 1 1
 0.74746 0.999992 1 1 1
 0.74746 0.999992 1 1 1
 0.74746 0.999992 1 1 1
 0.74746 0.999992 1 1 1
 0.74746 0.999992 1 1 1
 0.74746 0.999992 1 1 1
 0.74746 0.999992 1 1 1
 0.74746 0.999992 1 1 1
 0.74746 0.999992 1 1 1
 0.74746 0.999992 1 1 1
 0.74746 0.999992 1 1 1
 0.74746 0.999992 1 1 1
 0.74746 0.999992 1 1 1
 0.74746 0.999992 1 1 1
 0.74746 0.999992 1 1 1
 0.74746 0.999992 1 1 1
 0.74746 0.999992 1 1 1
 0.74746 0.999992 1 1 1
 0.74746 0.999992 1 1 1
Scru_pelaces
 0.702639 1 1 1 1
 0.702639 1 1 1 1
 0.702639 1 1 1 1
 0.702639 1 1 1 1
 0.702639 1 1 1 1
 0.702639 1 1 1 1
 0.702639 1 1 1 1
 0.702639 1 1 1 1
 0.702639 1 1 1 1
 0.702639 1 1 1 1
 0.702639 1 1 1 1
 0.702639 1 1 1 1
 0.702639 1 1 1 1
 0.702639 1 1 1 1
 0.702639 1 1 1 1
 0.702639 1 1 1 1
 0.702639 1 1 1 1
 0.702639 1 1 1 1
 0.702639 1 1 1 1
 0.702639 1 1 1 1
 0.702639 1 1 1 1
 0.702639 1 1 1 1
 0.702639 1 1 1 1
 0.702639 1 1 1 1
 0.702639 1 1 1 1
pf_obs 
 0.256992 0.487395 0.22802 0.0275931 0
 0.321318 0.546541 0.124235 0.00734118 0.000564706
 0.182869 0.594174 0.210203 0.0122559 0.00049798
 0.330522 0.361315 0.267642 0.0388342 0.00168674
 0.649043 0.306663 0.0425973 0.00169635 0
 0.582887 0.30429 0.105238 0.00758474 0
 0.465427 0.430635 0.0974691 0.00646863 0
 0.296916 0.608066 0.0921331 0.00288517 0
 0.311714 0.524322 0.152257 0.0117073 0
 0.15457 0.633149 0.183074 0.0267441 0.00246327
 0.131901 0.49318 0.331252 0.0422183 0.00144891
 0.196976 0.569456 0.194076 0.0375587 0.00193317
 0.518974 0.381816 0.0799577 0.0180837 0.00116848
 0.0928022 0.601141 0.25162 0.0475244 0.00691264
 0.122501 0.610282 0.24278 0.0234846 0.000952079
 0.383417 0.481906 0.127806 0.00687128 0
 0.0376549 0.599619 0.316969 0.0457579 0
 0.0361596 0.667082 0.258105 0.0386534 0
 0.158088 0.579412 0.248529 0.0139706 0
 0.0477256 0.309471 0.559284 0.082774 0.000745712
 0.0406174 0.521527 0.379366 0.0568643 0.0016247
 0.151134 0.462217 0.34131 0.0453401 0
 0.294876 0.26143 0.354403 0.0886775 0.000613685
 0.281977 0.475581 0.204845 0.0348837 0.00271318
 0 0 0 0 0
pf_pred 
 0.305828 0.474581 0.196135 0.0234433 1.28472e-05
 0.286387 0.557544 0.121918 0.0306126 0.00353824
 0.160521 0.638871 0.171324 0.0230405 0.00624282
 0.273843 0.463413 0.224487 0.0328752 0.00538219
 0.283817 0.492794 0.160905 0.0535778 0.00890633
 0.143084 0.587503 0.203752 0.047581 0.0180796
 0.251447 0.387744 0.277238 0.0636315 0.0199399
 0.200911 0.550581 0.152347 0.074321 0.0218399
 0.249461 0.481085 0.209352 0.037272 0.0228298
 0.245508 0.535372 0.162008 0.0446823 0.0124296
 0.142042 0.594444 0.208156 0.0412321 0.0141251
 0.144378 0.495417 0.28497 0.0598703 0.0153654
 0.218027 0.465006 0.219695 0.0774905 0.0197809
 0.215197 0.601855 0.133648 0.0346124 0.0146883
 0.285909 0.60466 0.0978399 0.00862105 0.00296967
 0.330757 0.597588 0.0673107 0.00391445 0.000429624
 0.220835 0.634234 0.135879 0.00852306 0.000527889
 0.243275 0.519201 0.208901 0.0268936 0.00172957
 0.221591 0.540698 0.184055 0.0473596 0.00629561
 0.286258 0.468302 0.190807 0.0425704 0.0120619
 0.252306 0.543174 0.152496 0.0407004 0.0113236
 0.226355 0.511359 0.208435 0.0404026 0.0134485
 0.258103 0.474814 0.19799 0.0551905 0.0139018
 0.239428 0.522005 0.173166 0.0488091 0.0165923
 0.0812681 0.605755 0.239511 0.0537077 0.019758
pobs_RECLAS
 0 0 0 0 0
 0 0 0 0 0
 0 0 0 0 0
 0 0 0 0 0
 0.835266 0.146461 0.0176864 0.000547809 3.91292e-05
 0.385257 0.428462 0.181853 0.0044286 0
 0.867414 0.0963971 0.0333333 0.00285562 0
 0.441836 0.489002 0.0689373 0.000224442 0
 0.779404 0.147425 0.0564933 0.0165055 0.000172143
 0.814271 0.122319 0.05973 0.00367925 0
 0.40263 0.566651 0.0304383 0.000280538 0
 0.475488 0.404961 0.113038 0.00651328 0
 0.955842 0.0263864 0.0167828 0.000988607 0
 0.975058 0.0227948 0.00214734 0 0
 0.738997 0.206755 0.0527124 0.00153531 0
 0.850938 0.134255 0.0134407 0.00136685 0
 0.542534 0.407297 0.0501686 0 0
 0.764087 0.199537 0.0359546 0.000420521 0
 0.470689 0.182191 0.310203 0.0369168 0
 0.84361 0.089868 0.0606195 0.00523954 0.000663233
 0.607945 0.314616 0.071237 0.00620181 0
 0.523733 0.453247 0.0230204 0 0
 0.530135 0.295979 0.169645 0.0042399 0
 0.562478 0.366248 0.0663022 0.0049721 0
 0.250443 0.683176 0.0655157 0.000865301 0
ppred_RECLAS
 0.71505 0.216415 0.0613736 0.0071579 3.91747e-06
 0.687237 0.262415 0.0395385 0.00969042 0.00111858
 0.526968 0.391695 0.0697423 0.00912639 0.00246918
 0.676214 0.231622 0.0790006 0.0113131 0.00184993
 0.680889 0.241897 0.0559583 0.0182293 0.00302676
 0.479586 0.394562 0.0957159 0.0218451 0.00829048
 0.660003 0.20587 0.103599 0.0232506 0.00727723
 0.58329 0.317809 0.0611848 0.0291588 0.00855788
 0.65418 0.249482 0.0752502 0.0130834 0.00800374
 0.640975 0.279566 0.0591037 0.0159297 0.00442586
 0.486002 0.394901 0.0945719 0.0182737 0.00625182
 0.498255 0.33494 0.132636 0.027198 0.00697117
 0.632094 0.253511 0.0799472 0.0274509 0.00699731
 0.653181 0.294383 0.0386903 0.00965657 0.0040898
 0.738361 0.23742 0.0217463 0.00183987 0.000632394
 0.730884 0.249155 0.0187812 0.00106348 0.000116554
 0.608021 0.339068 0.0496831 0.00303998 0.000188037
 0.642076 0.271798 0.0759601 0.00955166 0.000613514
 0.610963 0.298012 0.0708461 0.0178139 0.00236512
 0.691745 0.226009 0.0642695 0.0140113 0.00396509
 0.64443 0.281327 0.0556734 0.0145313 0.00403807
 0.616818 0.281887 0.0808711 0.0153283 0.00509614
 0.659346 0.244583 0.0716367 0.0195229 0.00491168
 0.632997 0.278244 0.0648284 0.0178644 0.00606557
 0.327644 0.493791 0.137376 0.0301212 0.0110677
pobs_PELACES
 0 0 0 0 0
 0 0 0 0 0
 0 0 0 0 0
 0 0 0 0 0
 0 0 0 0 0
 0 0 0 0 0
 0 0 0 0 0
 0 0 0 0 0
 0 0 0 0 0
 0 0 0 0 0
 0.450072 0.473896 0.0757376 0.000293798 0
 0 0 0 0 0
 0.463077 0.371075 0.160297 0.00555027 0
 0.529543 0.364841 0.0842815 0.0213345 0
 0.631943 0.363953 0.00410389 0 0
 0.735681 0.248677 0.0153453 0.000297389 0
 0.695825 0.281241 0.0229344 0 0
 0.275771 0.60734 0.115278 0.00161068 0
 0 0 0 0 0
 0.896147 0.0623911 0.0374545 0.00400742 0
 0.803859 0.145111 0.0509908 3.86294e-05 0
 0.739449 0.233085 0.0266225 0.000797448 4.60066e-05
 0.878498 0.100942 0.0204185 0.000141795 0
 0.694673 0.275183 0.0284847 0.00165964 0
 0 0 0 0 0
ppred_PELACES
 0.743688 0.198814 0.0515261 0.0059685 3.26531e-06
 0.71266 0.24424 0.033892 0.00825484 0.000952551
 0.589388 0.347981 0.0537842 0.00696301 0.00188278
 0.678058 0.232273 0.0768875 0.0109856 0.00179615
 0.669962 0.2505 0.0576481 0.0187724 0.00311686
 0.492354 0.389465 0.0899631 0.020456 0.00776175
 0.663367 0.206379 0.100662 0.0225382 0.00705334
 0.602784 0.307448 0.0556353 0.0263898 0.00774324
 0.677044 0.237555 0.0667867 0.0115501 0.00706373
 0.654029 0.272521 0.0546901 0.014682 0.00407834
 0.525541 0.372549 0.0810471 0.0155466 0.00531676
 0.53297 0.320475 0.116687 0.0237756 0.00609189
 0.689312 0.222971 0.0614916 0.0209003 0.00532461
 0.761334 0.210166 0.0211413 0.00517065 0.00218751
 0.836924 0.151723 0.010218 0.000844573 0.000289929
 0.771293 0.213689 0.0141385 0.000792714 8.68328e-05
 0.642854 0.312817 0.0416422 0.0025295 0.0001564
 0.662354 0.260421 0.0681504 0.008527 0.000547552
 0.625115 0.290741 0.0655487 0.0164157 0.00217902
 0.705506 0.219076 0.0589883 0.0128068 0.00362342
 0.643871 0.283323 0.054623 0.0142289 0.00395363
 0.619304 0.282376 0.0785331 0.0148502 0.00493654
 0.665151 0.242978 0.0685543 0.01863 0.00468632
 0.638796 0.276368 0.0620117 0.0170395 0.00578459
 0.330501 0.495923 0.133613 0.0292251 0.0107371
pobs_pel_tallas
 0 0 0 0 0 0 0 0 0 0 0 0 0 0 0 0 0 0 0 0 0 0 0 0 0 0 0 0 0 0 0 0 0 0 0 0
 0 0 0 0 0 0 0 0 0 0 0 0 0 0 0 0 0 0 0 0 0 0 0 0 0 0 0 0 0 0 0 0 0 0 0 0
 0 0 0 0 0 0 0 0 0 0 0 0 0 0 0 0 0 0 0 0 0 0 0 0 0 0 0 0 0 0 0 0 0 0 0 0
 0 0 0 0 0 0 0 0 0 0 0 0 0 0 0 0 0 0 0 0 0 0 0 0 0 0 0 0 0 0 0 0 0 0 0 0
 0 0 0 0 0 0 0 0 0 0 0 0 0 0 0 0 0 0 0 0 0 0 0 0 0 0 0 0 0 0 0 0 0 0 0 0
 0 0 0 0 0 0 0 0 0 0 0 0 0 0 0 0 0 0 0 0 0 0 0 0 0 0 0 0 0 0 0 0 0 0 0 0
 0 0 0 0 0 0 0 0 0 0 0 0 0 0 0 0 0 0 0 0 0 0 0 0 0 0 0 0 0 0 0 0 0 0 0 0
 0 0 0 0 0 0 0 0 0 0 0 0 0 0 0 0 0 0 0 0 0 0 0 0 0 0 0 0 0 0 0 0 0 0 0 0
 0 0 0 0 0 0 0 0 0 0 0 0 0 0 0 0 0 0 0 0 0 0 0 0 0 0 0 0 0 0 0 0 0 0 0 0
 0 0 0 0 0 0 0 0 0 0 0 0 0 0 0 0 0 0 0 0 0 0 0 0 0 0 0 0 0 0 0 0 0 0 0 0
 0 0 0 0 0 0 0 0 1.78061e-05 0.00172719 0.00360574 0.0105946 0.0120993 0.0124554 0.0147524 0.0171206 0.0266825 0.0428682 0.0675386 0.121331 0.153587 0.119568 0.100827 0.0573624 0.0630603 0.0341343 0.0324427 0.0444173 0.0211091 0.0280891 0.0125444 0.00206551 0 0 0 0
 0 0 0 0 0 0 0 0 0 0 0 0 0 0 0 0 0 0 0 0 0 0 0 0 0 0 0 0 0 0 0 0 0 0 0 0
 0 0 0 0 0 0 0.0133647 0.0140871 0.0187388 0.0205184 0.03894 0.0496705 0.03968 0.0493445 0.0407372 0.0367815 0.0215668 0.0243155 0.0234873 0.0199281 0.019796 0.0243948 0.0301388 0.0376714 0.0412746 0.0863199 0.0771752 0.113111 0.0741005 0.0525337 0.0229764 0.00759418 0.00175318 0 0 0
 0 0 0 0 0 0 0 0 0 0 0.00219441 0.00772107 0.0458388 0.0604681 0.0671733 0.0775358 0.0609151 0.0617685 0.073594 0.0568108 0.0755445 0.0548602 0.0670107 0.0636378 0.0643287 0.046367 0.0373049 0.0286899 0.0247887 0.0153202 0.00654259 0.00121912 0.000365735 0 0 0
 0 0 0 0 0 0 0 0 0 0 0 0 0.000112435 0.00938835 0.0111873 0.0202946 0.0414886 0.0713402 0.111592 0.104902 0.108894 0.110636 0.117776 0.105296 0.107544 0.0401394 0.0192827 0.0124803 0.00416011 0.0028671 0.000618394 0 0 0 0 0
 0 0 0 0 0 0 0 0 0 0 0.00291406 0.0102884 0.027416 0.0768956 0.0749926 0.110853 0.0956884 0.0897413 0.0766577 0.0534642 0.0500743 0.0551293 0.0594112 0.0620874 0.0668451 0.0424026 0.0208742 0.0120726 0.0048766 0.00582813 0.00118941 0.000297354 0 0 0 0
 0 0.00264628 0.0354308 0.0461629 0.0458689 0.0383711 0.0214643 0.0164657 0.0346957 0.0420465 0.0363128 0.0245516 0.0311673 0.0291091 0.0169068 0.0133784 0.00837989 0.0085269 0.0148486 0.0160247 0.0276389 0.0546898 0.0760071 0.122758 0.109233 0.0665981 0.0333725 0.0166128 0.00676272 0.00308733 0.000882094 0 0 0 0 0
 0 0 0 0 0 0 0 0.000805153 0.000690131 0.00759144 0.0133425 0.0154129 0.00931677 0.000345066 0.00356568 0.00563607 0.00851162 0.0253048 0.0502646 0.0516448 0.0657925 0.0565908 0.0611916 0.0827007 0.0866115 0.110766 0.145733 0.0935128 0.0569358 0.0249597 0.0138026 0.00621118 0.00161031 0.00115022 0 0
 0 0 0 0 0 0 0 0 0 0 0 0 0 0 0 0 0 0 0 0 0 0 0 0 0 0 0 0 0 0 0 0 0 0 0 0
 0.00147267 0.00158595 0.00478618 0.00569244 0.00954404 0.0108468 0.00647125 0.017049 0.0510054 0.094081 0.124002 0.0959785 0.0687766 0.0820023 0.061753 0.0591476 0.0492212 0.0479892 0.0443925 0.0268479 0.0217502 0.0140895 0.0121071 0.0120363 0.00920419 0.00665534 0.0049561 0.00860946 0.00930331 0.0156896 0.0114698 0.00855282 0.00243557 0.00046729 0 2.83206e-05
 0 0 0 0 0.000772559 0.00158375 0.000888443 0.00281984 0.00712685 0.0440552 0.0773331 0.111326 0.0921469 0.0852325 0.0710754 0.0886704 0.0786465 0.0553345 0.0373146 0.0185414 0.00753245 0.00457741 0.012979 0.0271748 0.0457355 0.0583668 0.034881 0.0177882 0.00938659 0.00492506 0.0015258 0.00185414 0.000309023 5.79419e-05 3.86279e-05 0
 0 0.00173294 0.00326652 0 0.00397197 0.00683976 0.00946217 0.0152591 0.00757587 0.0136028 0.0228656 0.0392903 0.0559909 0.0764795 0.0681675 0.0726916 0.0566044 0.0477403 0.0527397 0.0444891 0.0609904 0.0582453 0.0661739 0.0445044 0.0529084 0.0360697 0.0280645 0.0235558 0.0158879 0.00826598 0.00280645 0.00217768 0.000904811 0.00058276 9.20147e-05 0
 0 0 0 0 0 0 0 0 0 0 0 0 0 0 0 0 0 0 0 0 0 0 0 0 0 0 0 0 0 0 0 0 0 0 0 0
 0 0 0 0 0 0 0 0 0 0 0 0 0 0 0 0 0 0 0 0 0 0 0 0 0 0 0 0 0 0 0 0 0 0 0 0
 0 0 0 0 0 0 0 0 0 0 0 0 0 0 0 0 0 0 0 0 0 0 0 0 0 0 0 0 0 0 0 0 0 0 0 0
ppred_pel_tallas
 1.01002e-16 3.24491e-05 0.000190447 0.000905296 0.00348543 0.010869 0.0274542 0.0561752 0.0931174 0.125057 0.136093 0.120059 0.085975 0.0502422 0.0245076 0.0110068 0.00620976 0.00595285 0.00767553 0.0102318 0.0131162 0.0159851 0.0185071 0.0203735 0.0213559 0.0213564 0.0204271 0.0187493 0.0165831 0.014204 0.0118477 0.00967819 0.00778128 0.00617883 0.00485226 0.00376524
 1.00889e-16 3.10979e-05 0.000182511 0.000867556 0.0033401 0.0104158 0.0263095 0.0538334 0.0892372 0.11985 0.130439 0.1151 0.0824881 0.0483328 0.0238151 0.0110991 0.00682247 0.0070078 0.00919753 0.0122663 0.0156759 0.0190211 0.021898 0.0239329 0.0248564 0.024566 0.0231484 0.0208517 0.0180194 0.0150087 0.0121196 0.00955327 0.00740432 0.00568029 0.00433379 0.00329452
 1.01205e-16 2.5727e-05 0.000150969 0.00071758 0.00276262 0.0086149 0.0217608 0.0445272 0.0738151 0.0991508 0.107946 0.0953365 0.0685071 0.0405098 0.0206474 0.0107754 0.00817817 0.00961166 0.0130472 0.0174948 0.0223772 0.0271613 0.0312794 0.0341987 0.0355339 0.0351362 0.0331265 0.0298559 0.0258124 0.0215045 0.0173607 0.0136701 0.0105713 0.00807891 0.00612902 0.00462422
 1.01629e-16 2.95887e-05 0.000173651 0.000825438 0.00317794 0.00991009 0.0250322 0.0512198 0.0849049 0.114032 0.124108 0.109517 0.0784941 0.0460075 0.0226983 0.0106306 0.00661199 0.00686691 0.00906786 0.0121557 0.0156296 0.0191118 0.0222206 0.0245938 0.0259586 0.0261895 0.0253322 0.0235807 0.0212205 0.0185574 0.0158554 0.0133015 0.0109986 0.00898181 0.00724384 0.00575948
 1.01691e-16 2.92364e-05 0.000171581 0.000815594 0.00314004 0.00979187 0.0247336 0.050609 0.083893 0.112675 0.122636 0.108229 0.0775941 0.0455274 0.0225493 0.0107068 0.00685262 0.00725975 0.00962542 0.0128911 0.0165396 0.020168 0.0233665 0.0257495 0.0270325 0.027094 0.0260007 0.0239798 0.0213551 0.0184675 0.0156055 0.0129661 0.0106482 0.00867208 0.0070099 0.00561538
 1.0247e-16 2.14975e-05 0.000126135 0.000599505 0.00230799 0.00719714 0.0181797 0.0372003 0.0616721 0.0828494 0.0902238 0.0797437 0.0574319 0.0342216 0.0179244 0.0101393 0.00864681 0.0107756 0.0148425 0.0199912 0.0256602 0.0312791 0.0362202 0.0398854 0.0418323 0.0418737 0.0401152 0.0369137 0.0327772 0.0282398 0.0237548 0.019632 0.0160272 0.012972 0.0104216 0.00830068
 1.02601e-16 2.89471e-05 0.000169887 0.000807546 0.00310906 0.0096953 0.0244896 0.0501095 0.0830638 0.111558 0.121412 0.107128 0.0767615 0.0449515 0.0221031 0.0102302 0.00620582 0.00633731 0.00835616 0.0112449 0.0145427 0.0179166 0.0210307 0.0235605 0.0252513 0.0259693 0.0257235 0.0246478 0.0229555 0.0208816 0.0186336 0.0163634 0.0141646 0.012085 0.0101471 0.00836464
 1.02159e-16 2.63094e-05 0.000154392 0.000733862 0.00282533 0.00881046 0.0222547 0.0455374 0.0754885 0.101394 0.110378 0.0974577 0.0699741 0.0412625 0.0208199 0.0105247 0.00758122 0.0086614 0.0116951 0.0156966 0.0201266 0.0245129 0.0283574 0.0311913 0.0326709 0.032656 0.0312379 0.0287055 0.0254646 0.0219382 0.0184808 0.0153294 0.0125966 0.0102955 0.00837951 0.00678064
 1.01753e-16 2.95447e-05 0.000173393 0.000824207 0.0031732 0.0098953 0.0249948 0.0511434 0.0847784 0.113863 0.123925 0.109358 0.0783858 0.0459555 0.0226938 0.0106634 0.00667788 0.00696777 0.00920745 0.0123355 0.0158452 0.0193515 0.022465 0.0248182 0.0261368 0.0262993 0.0253607 0.0235274 0.0210984 0.0183902 0.0156736 0.0131356 0.0108745 0.0089161 0.00724274 0.00581917
 1.01561e-16 2.85425e-05 0.000167506 0.000796213 0.00306541 0.00955914 0.0241458 0.0494064 0.0819003 0.110001 0.119732 0.105682 0.0758018 0.0445438 0.0221884 0.0107456 0.00715423 0.00778307 0.0103829 0.0139068 0.0178226 0.0216973 0.0250852 0.027568 0.0288391 0.0287726 0.0274491 0.0251261 0.0221664 0.0189506 0.0157997 0.0129315 0.0104532 0.00838199 0.0066798 0.00528648
 1.02055e-16 2.29439e-05 0.000134628 0.000639887 0.00246348 0.00768202 0.0194044 0.0397061 0.0658249 0.0884242 0.096284 0.0850744 0.0612153 0.0363639 0.018841 0.0103325 0.00844858 0.0103217 0.0141514 0.0190374 0.0244162 0.0297342 0.0343886 0.0378072 0.0395685 0.0394974 0.0377009 0.034528 0.030473 0.0260553 0.0217152 0.0177535 0.0143207 0.0114451 0.00907923 0.00714418
 1.02863e-16 2.32659e-05 0.000136522 0.000648904 0.00249821 0.00779036 0.019678 0.0402655 0.0667508 0.0896632 0.0976207 0.0862259 0.0619798 0.03669 0.0187762 0.00992742 0.00770183 0.00918297 0.0125549 0.0169405 0.0218321 0.0267554 0.0311937 0.0346487 0.0367399 0.0372861 0.0363379 0.034147 0.0310899 0.0275713 0.0239419 0.0204507 0.0172372 0.0143539 0.0118011 0.00955821
 1.01913e-16 3.0079e-05 0.000176531 0.00083913 0.00323067 0.0100745 0.0254475 0.0520694 0.0863129 0.115922 0.126162 0.111321 0.0797692 0.0467191 0.0229828 0.0106516 0.00647352 0.00660507 0.00867852 0.0116215 0.0149364 0.0182576 0.0212203 0.0234803 0.0247806 0.0250061 0.0242056 0.022569 0.0203713 0.0179035 0.015413 0.01307 0.0109627 0.00911387 0.00750788 0.00611511
 1.00649e-16 3.32189e-05 0.000194966 0.000926777 0.00356813 0.0111269 0.0281057 0.0575082 0.0953271 0.128024 0.139323 0.12291 0.0880202 0.0514436 0.0251044 0.0112909 0.00638745 0.00612772 0.00788331 0.0104706 0.0133589 0.0161825 0.0185909 0.0202631 0.0209707 0.0206304 0.0193237 0.0172717 0.0147775 0.0121547 0.00966484 0.00748162 0.00568383 0.00427248 0.00319958 0.00239679
 1.00238e-16 3.65126e-05 0.000214309 0.00101874 0.00392225 0.0122312 0.030895 0.0632149 0.104784 0.140718 0.153118 0.135034 0.0966028 0.0562583 0.027078 0.0115413 0.00563805 0.00465293 0.00569387 0.00749093 0.0095315 0.0115198 0.0131964 0.0143289 0.0147542 0.0144158 0.0133781 0.0118072 0.00992931 0.00797734 0.00614562 0.00456254 0.00328538 0.00231254 0.00160476 0.00110654
 1.00302e-16 3.36533e-05 0.000197516 0.000938899 0.00361481 0.0112724 0.0284733 0.0582604 0.096574 0.129699 0.141145 0.124517 0.0891705 0.0521144 0.0254286 0.0114306 0.0064562 0.00618133 0.00794059 0.0105315 0.0134127 0.0162101 0.0185658 0.0201537 0.0207443 0.0202583 0.0187867 0.0165643 0.01391 0.0111528 0.00856713 0.0063342 0.00453501 0.00316734 0.00217562 0.00148123
 1.00788e-16 2.80569e-05 0.000164651 0.000782633 0.00301311 0.00939603 0.0237338 0.0485638 0.0805048 0.10813 0.117706 0.103917 0.0745883 0.0439351 0.022078 0.0110102 0.00773845 0.00870199 0.0116842 0.01563 0.0199676 0.0242037 0.0278246 0.0303516 0.0314404 0.0309624 0.0290333 0.0259774 0.0222427 0.0182953 0.0145271 0.011202 0.00844478 0.00626545 0.00460044 0.00335408
 1.01371e-16 2.89051e-05 0.000169635 0.00080634 0.0031044 0.00968074 0.0244529 0.0500348 0.0829415 0.111398 0.121249 0.107013 0.0767386 0.0450585 0.0223786 0.0107285 0.0070026 0.00752049 0.0100059 0.0134069 0.0172 0.0209682 0.0242836 0.0267427 0.0280463 0.0280657 0.0268681 0.0246898 0.0218702 0.0187685 0.0156925 0.0128557 0.0103704 0.00826519 0.0065164 0.00507749
 1.01692e-16 2.72825e-05 0.000160107 0.000761033 0.00292995 0.00913671 0.0230788 0.0472234 0.0782825 0.105145 0.114454 0.101041 0.0725123 0.0426899 0.021412 0.0106143 0.00738566 0.00826635 0.0111093 0.0149036 0.0191151 0.0232902 0.0269549 0.0296616 0.0310804 0.0310725 0.0297184 0.0272869 0.0241597 0.0207387 0.0173648 0.0142712 0.0115757 0.00930193 0.00741583 0.00585955
 1.01519e-16 3.0785e-05 0.000180676 0.000858836 0.00330654 0.0103111 0.0260451 0.0532923 0.0883395 0.118643 0.129121 0.113926 0.0816233 0.0477794 0.0234565 0.0107902 0.00644661 0.00648759 0.00848745 0.0113498 0.0145708 0.0177862 0.0206349 0.0227781 0.0239636 0.0240806 0.0231818 0.0214598 0.0191927 0.0166748 0.0141572 0.0118136 0.00973421 0.0079424 0.00642029 0.0051335
 1.01542e-16 2.81e-05 0.000164907 0.000783856 0.00301783 0.00941075 0.023771 0.0486396 0.0806297 0.108296 0.117879 0.104055 0.0746536 0.0439064 0.02194 0.0107399 0.00729883 0.00804621 0.0107677 0.014426 0.018483 0.0224917 0.0259892 0.0285408 0.0298287 0.0297235 0.0283112 0.0258622 0.0227567 0.0193928 0.0161061 0.0131243 0.0105585 0.00842547 0.00668357 0.00526774
 1.01948e-16 2.70288e-05 0.000158618 0.000753957 0.00290271 0.00905176 0.0228642 0.0467843 0.0775545 0.104166 0.113388 0.100098 0.0718307 0.0422792 0.021189 0.0104768 0.00725816 0.00810664 0.0108984 0.0146381 0.018805 0.0229603 0.026644 0.0294196 0.030961 0.0311245 0.0299764 0.0277636 0.0248435 0.0215948 0.0183412 0.0153074 0.0126112 0.0102842 0.00830533 0.00663166
 1.01912e-16 2.90263e-05 0.000170349 0.000809735 0.00311748 0.00972153 0.0245559 0.0502454 0.0832901 0.111865 0.121753 0.107447 0.0770287 0.0451854 0.0223613 0.0105873 0.00673822 0.00711444 0.00943263 0.0126474 0.0162537 0.0198614 0.0230736 0.0255146 0.0269036 0.0271152 0.0262033 0.0243761 0.0219356 0.019202 0.0164485 0.0138643 0.0115482 0.00952715 0.00778475 0.00628791
 1.01827e-16 2.78785e-05 0.000163607 0.000777676 0.00299403 0.00933656 0.0235836 0.0482561 0.0799938 0.107441 0.116949 0.103231 0.0740585 0.0435481 0.0217458 0.0106206 0.00718832 0.00790738 0.0105834 0.0141921 0.0182069 0.0221932 0.0257004 0.0283039 0.0296903 0.0297274 0.0284907 0.0262334 0.0233155 0.0201153 0.0169527 0.0140458 0.0115033 0.00934611 0.0075412 0.00603481
 1.03565e-16 1.44444e-05 8.47165e-05 0.000402577 0.00154973 0.0048325 0.012207 0.0249805 0.0414209 0.0556662 0.0606789 0.0537682 0.0390239 0.0238544 0.0135965 0.00943388 0.00998699 0.0135439 0.018991 0.0256696 0.0330015 0.0402953 0.0467588 0.0516288 0.0543346 0.0546259 0.0526206 0.0487538 0.0436532 0.0379829 0.032309 0.0270224 0.0223262 0.0182719 0.014819 0.0118903
pSPR Fmed_Fpbrs
0.50944   0.409422 0.409422
Fs Fmed_Fpbrs
0.65085   1.005 1.005
SSBpbr Bo_Bmed_Bpbrs
888086  408022  319197 319197
Ro
34891.6
SPR SPRFo_SPRFmed_SPRFpbrs
719098 366337 294414
log_Ro
10.28
likeval ReclasPelacesDesembMPH_pf_preclas_ppelaces_ptallas_desvR_qrecl_qpela
 63.3251 15.0903 0.00833991 0.000204083 281.434 189.315 69.6969 0 16.2063 8.07543e-06 8.22316e-05 0 0 0 0
q_reclas_q_pelaces
0.668523 3.63325
M
0.7
N
 36436.3 10925.2 3551.24 418.485 0.229161
 44252.8 16339.7 2788.9 690.025 79.6915
 23146.2 20019.8 4416.77 587.449 159.076
 34831.7 9792.67 3494.87 502.2 82.1352
 61952.8 16720.9 3898.58 1270.78 211.005
 42670 30584.6 7990.87 1834.04 696.251
 77979.8 20046.3 10576.3 2382.17 745.74
 75616 37378.8 7904.05 3793.73 1113.86
 98556.4 35007 11746 2058.8 1260.01
 117790 45196.1 10339.5 2803.44 779.149
 67227.7 55143.4 15274.6 2984.21 1021.57
 45828.4 29943.9 13466.3 2788.12 715
 45378.9 20694 7996.22 2788.25 711.321
 24899 19360.2 3815.32 981.968 416.576
 14523.4 9134.83 1333.26 116.86 40.2431
 13288.8 5091.53 467.623 26.8789 2.94823
 10116.5 5693.31 964.78 59.687 3.69411
 11595.5 4506.45 1391.29 176.275 11.327
 12420.5 5345.22 1376.97 348.347 46.2648
 20051 5808.52 1794.15 393.601 111.424
 26435.6 9360.31 1927.09 504.501 140.218
 33855.8 12745.1 3832.65 729.039 242.427
 52077.6 16231.3 5031.06 1377 346.515
 67064.8 24789 6114.6 1692.27 574.718
 25625.4 31913.6 9320.58 2051.19 753.839
pred_Ctot
 2555.21 3965.15 1638.72 195.87 0.107339
 2847.25 5543.09 1212.11 304.35 35.1771
 2486.86 9897.65 2654.23 356.953 96.7163
 835.821 1414.43 685.177 100.341 16.4275
 261.212 453.545 148.09 49.3106 8.19698
 1660.66 6818.63 2364.78 552.231 209.834
 1951.61 3009.47 2151.78 493.876 154.763
 3697.43 10132.5 2803.68 1367.75 401.925
 5449.41 10509.2 4573.24 814.197 498.712
 4867.32 10614 3211.9 885.849 246.423
 5013.8 20982.7 7347.52 1455.41 498.588
 3005.18 10311.9 5931.54 1246.18 319.825
 4637.54 9890.9 4673.01 1648.26 420.749
 4759.3 13310.6 2955.76 765.489 324.847
 3133.03 6625.94 1072.14 94.4705 32.542
 1322.92 2390.15 269.22 15.6565 1.71835
 753.78 2164.84 463.798 29.0919 1.80185
 600.604 1281.82 515.742 66.3958 4.27002
 522.14 1274.06 433.694 111.595 14.8345
 867.296 1418.85 578.1 128.978 36.5449
 554.75 1194.29 335.295 89.4886 24.8974
 843.152 1904.77 776.401 150.496 50.0945
 1556.18 2862.79 1193.74 332.759 83.8182
 2017.67 4398.95 1459.28 411.316 139.824
 658.577 4908.89 1940.94 435.234 160.114
F
 0.101967 0.665426 0.938325 0.959025 0.96014
 0.0931964 0.608189 0.857615 0.876534 0.877553
 0.160197 1.04543 1.47417 1.50669 1.50844
 0.0338683 0.221021 0.311664 0.31854 0.31891
 0.00587804 0.0383595 0.0540911 0.0552844 0.0553487
 0.0554528 0.361879 0.510289 0.521547 0.522153
 0.0353466 0.230668 0.325268 0.332443 0.33283
 0.070119 0.457589 0.645252 0.659487 0.660253
 0.0796184 0.519581 0.732667 0.74883 0.7497
 0.0589677 0.384817 0.542635 0.554606 0.55525
 0.108759 0.709751 1.00083 1.02291 1.0241
 0.095061 0.620358 0.874773 0.894072 0.895111
 0.151829 0.990819 1.39717 1.42799 1.42965
 0.302732 1.97559 2.78581 2.84726 2.85057
 0.34818 2.27219 3.20404 3.27472 3.27853
 0.147632 0.963433 1.35855 1.38852 1.39013
 0.108653 0.70906 0.999854 1.02191 1.0231
 0.0744153 0.485626 0.684787 0.699894 0.700707
 0.0600182 0.391672 0.552301 0.564486 0.565142
 0.061802 0.403313 0.568717 0.581263 0.581939
 0.0295625 0.192922 0.272041 0.278043 0.278366
 0.0351703 0.229518 0.323646 0.330786 0.33117
 0.0423329 0.27626 0.389558 0.398152 0.398614
 0.0426265 0.278176 0.392259 0.400913 0.401379
 0.0363126 0.236972 0.334157 0.341529 0.341926
nmprior
 10 11 7 0
nm_flota  nm_reclas  nm_pelaces    nm_pelaL
inf 18.7569 15.2602 26.3193
cv_recla  cv_pelaces  cv_mph
0.719802 0.457102 0.463491
 ------------------------------------------------
Talla a la edad & desviación 
 7.2 14.2025 17.0495 18.207 18.6776
 1.08 2.13037 2.55742 2.73105 2.80164
