years
 1997 1998 1999 2000 2001 2002 2003 2004 2005 2006 2007 2008 2009 2010 2011 2012 2013 2014 2015 2016 2017 2018 2019 2020 2021
reclasobs
 0 0 0 370054 412103 1.49427e+06 250295 1.28982e+06 931140 785840 897777 1.04006e+06 184774 17550 25797 100020 73551 82996 120727 218422 84188 347160 605670 569463 516374
reclaspred
 1.01623e+06 213017 536944 173495 214538 268065 549029 390355 618644 1.1484e+06 1.25875e+06 788857 433012 218934 141605 120539 119532 143636 125885 199831 406376 366077 505021 432186 232725
pelacesobs
 0 0 0 0 0 0 0 0 0 2.06254e+06 1.5e+06 0 1.87456e+06 323000 250000 174000 83755 137374 0 501740 490994 745055 786931 1.00524e+06 0
pelacespred
 497291 178989 146761 121654 126377 108031 286432 216978 339765 660954 642144 417128 233024 95764.1 59593.6 57820.3 59102.4 71032.3 64386.9 100258 220400 219407 227631 221887 115127
mphobs
 0 0 0 0 0 112323 0 153150 637223 0 255016 313432 73983 77613 109348 50772 0 0 0 0 0 0 0 0 0
mphpred
 819431 313911 367082 230935 135125 266363 312954 440588 404683 756330 1.30163e+06 850918 477612 269547 139981 105244 102650 114699 124177 117441 285459 367366 371820 425180 310934
desembarqueobs
 350755 77701 442110 56441 14545 235359 269955 359681 431902 328805 639364 411747 362871 311530 167758 66681 60226 58785 57116 71774 51957 67425 138520 160799 200461
desembarquepred
 350673 77701.6 441076 56430 14548.4 235280 269898 358506 432022 328928 639021 411269 361925 310601 167620 66698.8 60039.6 58577.8 56995.1 71630.3 51962.6 67473.3 138647 160669 200274
Reclutas
 14727.2 70928.9 3395 3989.73 42320.8 22590.3 58923 48547.2 122331 223538 42141 27686.7 53056.4 33289.1 16400.9 14152.7 9684.1 10876.7 6421.38 35207.9 34316.7 26354.4 49102.2 13754.5 308.661
log_desv_Rt
 -0.382546 1.18943 -1.84994 -1.68852 0.673033 0.0452737 1.00399 0.810291 1.73449 2.33734 0.668776 0.248708 0.899112 0.432986 -0.274912 -0.422341 -0.801759 -0.685622 -1.21261 0.489024 0.463386 0.199392 0.82166 -0.450878 -4.24776
SSB
 819431 313911 367082 230935 135125 266363 312954 440588 404683 756330 1.30163e+06 850918 477612 269547 139981 105244 102650 114699 124177 117441 285459 367366 371820 425180 310934
BT
 1.36705e+06 481986 506549 291927 347736 397275 1.07053e+06 894490 1.41094e+06 2.1054e+06 1.82367e+06 1.19743e+06 897197 507653 282764 184278 184231 210955 178255 334038 570162 491458 582917 560591 395791
Ftot
 0.330655 0.350794 0.754148 0.312002 0.0662568 0.805289 0.469364 0.846948 0.660211 0.27691 0.480294 0.492681 0.773517 1.24525 1.06357 0.523477 0.47709 0.390049 0.430617 0.345295 0.12447 0.178675 0.264718 0.355456 0.786275
BD_Bspro_t
 0.950055 0.711918 0.639989 0.346789 0.346596 0.5673 0.461447 0.49909 0.445286 0.542802 0.633043 0.454059 0.328598 0.250078 0.164666 0.151004 0.194807 0.277261 0.347057 0.397321 0.630751 0.732245 0.706741 0.665171 0.501012
BD_Bspro
 1.84156 0.705471 0.824966 0.518994 0.303676 0.598615 0.70332 0.990161 0.909468 1.69975 2.92524 1.91232 1.07337 0.605769 0.314588 0.23652 0.230691 0.25777 0.279071 0.263933 0.641531 0.825605 0.835614 0.955532 0.698782
BD_Bo
 0.940486 0.360285 0.421311 0.265051 0.155087 0.305713 0.359186 0.505676 0.464467 0.868063 1.49392 0.976625 0.54817 0.309367 0.160661 0.120791 0.117814 0.131644 0.142522 0.134791 0.32763 0.421638 0.426749 0.487992 0.356869
BD_Brms
 4.59475 1.76017 2.05832 1.29491 0.757681 1.49356 1.75481 2.47049 2.26915 4.24093 7.29856 4.77131 2.67809 1.51141 0.784909 0.590127 0.575582 0.643146 0.696293 0.658522 1.60064 2.05991 2.08489 2.38409 1.74349
S_f
 0.5 1 1 1 1
 0.5 1 1 1 1
 0.5 1 1 1 1
 0.5 1 1 1 1
 0.5 1 1 1 1
 0.5 1 1 1 1
 0.5 1 1 1 1
 0.5 1 1 1 1
 0.5 1 1 1 1
 0.5 1 1 1 1
 0.5 1 1 1 1
 0.5 1 1 1 1
 0.5 1 1 1 1
 0.5 1 1 1 1
 0.5 1 1 1 1
 0.5 1 1 1 1
 0.5 1 1 1 1
 0.5 1 1 1 1
 0.5 1 1 1 1
 0.5 1 1 1 1
 0.5 1 1 1 1
 0.5 1 1 1 1
 0.5 1 1 1 1
 0.5 1 1 1 1
 0.5 1 1 1 1
Scru_reclas
 0.5 1 1 1 1
 0.5 1 1 1 1
 0.5 1 1 1 1
 0.5 1 1 1 1
 0.5 1 1 1 1
 0.5 1 1 1 1
 0.5 1 1 1 1
 0.5 1 1 1 1
 0.5 1 1 1 1
 0.5 1 1 1 1
 0.5 1 1 1 1
 0.5 1 1 1 1
 0.5 1 1 1 1
 0.5 1 1 1 1
 0.5 1 1 1 1
 0.5 1 1 1 1
 0.5 1 1 1 1
 0.5 1 1 1 1
 0.5 1 1 1 1
 0.5 1 1 1 1
 0.5 1 1 1 1
 0.5 1 1 1 1
 0.5 1 1 1 1
 0.5 1 1 1 1
 0.5 1 1 1 1
Scru_pelaces
 0.5 1 1 1 1
 0.5 1 1 1 1
 0.5 1 1 1 1
 0.5 1 1 1 1
 0.5 1 1 1 1
 0.5 1 1 1 1
 0.5 1 1 1 1
 0.5 1 1 1 1
 0.5 1 1 1 1
 0.5 1 1 1 1
 0.5 1 1 1 1
 0.5 1 1 1 1
 0.5 1 1 1 1
 0.5 1 1 1 1
 0.5 1 1 1 1
 0.5 1 1 1 1
 0.5 1 1 1 1
 0.5 1 1 1 1
 0.5 1 1 1 1
 0.5 1 1 1 1
 0.5 1 1 1 1
 0.5 1 1 1 1
 0.5 1 1 1 1
 0.5 1 1 1 1
 0.5 1 1 1 1
pf_obs 
 0.256992 0.487395 0.22802 0.0275931 0
 0.321318 0.546541 0.124235 0.00734118 0.000564706
 0.182869 0.594174 0.210203 0.0122559 0.00049798
 0.330522 0.361315 0.267642 0.0388342 0.00168674
 0.649043 0.306663 0.0425973 0.00169635 0
 0.582887 0.30429 0.105238 0.00758474 0
 0.465427 0.430635 0.0974691 0.00646863 0
 0.296916 0.608066 0.0921331 0.00288517 0
 0.311714 0.524322 0.152257 0.0117073 0
 0.15457 0.633149 0.183074 0.0267441 0.00246327
 0.131901 0.49318 0.331252 0.0422183 0.00144891
 0.196976 0.569456 0.194076 0.0375587 0.00193317
 0.518974 0.381816 0.0799577 0.0180837 0.00116848
 0.0928022 0.601141 0.25162 0.0475244 0.00691264
 0.122501 0.610282 0.24278 0.0234846 0.000952079
 0.383417 0.481906 0.127806 0.00687128 0
 0.0376549 0.599619 0.316969 0.0457579 0
 0.0361596 0.667082 0.258105 0.0386534 0
 0.158088 0.579412 0.248529 0.0139706 0
 0.0477256 0.309471 0.559284 0.082774 0.000745712
 0.0406174 0.521527 0.379366 0.0568643 0.0016247
 0.151134 0.462217 0.34131 0.0453401 0
 0.294876 0.26143 0.354403 0.0886775 0.000613685
 0.281977 0.475581 0.204845 0.0348837 0.00271318
 0 0 0 0 0
pf_pred 
 0.236451 0.384382 0.190878 0.0947874 0.0935015
 0.71398 0.115915 0.0856335 0.0425243 0.0419475
 0.0534722 0.801493 0.0587782 0.043423 0.0428339
 0.186265 0.101067 0.603467 0.0442558 0.0649454
 0.808688 0.0638472 0.0158314 0.0945283 0.0171055
 0.368459 0.565844 0.0219252 0.00543652 0.0383352
 0.721437 0.16665 0.100271 0.00388529 0.00775664
 0.514576 0.415513 0.0418241 0.0251651 0.00292178
 0.764337 0.172697 0.0538972 0.00542511 0.00364322
 0.706722 0.260327 0.024147 0.00753606 0.00126796
 0.168077 0.698143 0.11875 0.0110148 0.00401601
 0.228163 0.24506 0.442066 0.0751927 0.00951756
 0.53873 0.18724 0.0870054 0.15695 0.0300753
 0.466499 0.398448 0.054821 0.0254739 0.0547583
 0.449412 0.39719 0.114567 0.0157628 0.0230693
 0.533389 0.323932 0.102927 0.0296885 0.0100629
 0.418103 0.423233 0.110148 0.0349987 0.0135169
 0.492511 0.316189 0.139139 0.0362115 0.0159496
 0.351165 0.444413 0.127364 0.0560466 0.021011
 0.80228 0.108954 0.0607995 0.0174245 0.0105421
 0.518789 0.432936 0.0266023 0.0148449 0.00682835
 0.371361 0.434219 0.174916 0.0107479 0.00875647
 0.546017 0.251588 0.1398 0.0563154 0.00627958
 0.20029 0.577277 0.123268 0.0684963 0.030669
 0.011131 0.353033 0.458983 0.098008 0.0788446
pobs_RECLAS
 0 0 0 0 0
 0 0 0 0 0
 0 0 0 0 0
 0 0 0 0 0
 0.835266 0.146461 0.0176864 0.000547809 3.91292e-05
 0.385257 0.428462 0.181853 0.0044286 0
 0.867414 0.0963971 0.0333333 0.00285562 0
 0.441836 0.489002 0.0689373 0.000224442 0
 0.779404 0.147425 0.0564933 0.0165055 0.000172143
 0.814271 0.122319 0.05973 0.00367925 0
 0.40263 0.566651 0.0304383 0.000280538 0
 0.475488 0.404961 0.113038 0.00651328 0
 0.955842 0.0263864 0.0167828 0.000988607 0
 0.975058 0.0227948 0.00214734 0 0
 0.738997 0.206755 0.0527124 0.00153531 0
 0.850938 0.134255 0.0134407 0.00136685 0
 0.542534 0.407297 0.0501686 0 0
 0.764087 0.199537 0.0359546 0.000420521 0
 0.470689 0.182191 0.310203 0.0369168 0
 0.84361 0.089868 0.0606195 0.00523954 0.000663233
 0.607945 0.314616 0.071237 0.00620181 0
 0.523733 0.453247 0.0230204 0 0
 0.530135 0.295979 0.169645 0.0042399 0
 0.562478 0.366248 0.0663022 0.0049721 0
 0.250443 0.683176 0.0655157 0.000865301 0
ppred_RECLAS
 0.238782 0.383208 0.190296 0.0944981 0.0932161
 0.716802 0.114771 0.0847885 0.0421047 0.0415335
 0.0554664 0.799804 0.0586544 0.0433315 0.0427437
 0.188085 0.100841 0.602117 0.0441568 0.0648
 0.809005 0.0637414 0.0158052 0.0943717 0.0170772
 0.378411 0.556928 0.0215797 0.00535085 0.0377311
 0.725478 0.164232 0.0988166 0.00382892 0.00764411
 0.525993 0.40574 0.0408404 0.0245733 0.00285306
 0.770072 0.168495 0.0525858 0.00529311 0.00355458
 0.708859 0.25843 0.0239711 0.00748115 0.00125872
 0.171009 0.695682 0.118331 0.010976 0.00400185
 0.231979 0.243848 0.439881 0.0748209 0.0094705
 0.548691 0.183196 0.0851266 0.153561 0.0294258
 0.486732 0.383337 0.052742 0.0245078 0.0526816
 0.465281 0.385741 0.111264 0.0153085 0.0224044
 0.539199 0.319899 0.101645 0.0293189 0.00993758
 0.423133 0.419575 0.109196 0.0346962 0.0134
 0.496478 0.313717 0.138051 0.0359285 0.015825
 0.355286 0.44159 0.126555 0.0556906 0.0208776
 0.804427 0.107771 0.0601394 0.0172353 0.0104277
 0.519805 0.432021 0.0265461 0.0148135 0.00681393
 0.372795 0.433229 0.174517 0.0107234 0.0087365
 0.54844 0.250245 0.139054 0.0560149 0.00624607
 0.202557 0.575641 0.122918 0.0683021 0.030582
 0.0115926 0.352868 0.458769 0.0979622 0.0788078
pobs_PELACES
 0 0 0 0 0
 0 0 0 0 0
 0 0 0 0 0
 0 0 0 0 0
 0 0 0 0 0
 0 0 0 0 0
 0 0 0 0 0
 0 0 0 0 0
 0 0 0 0 0
 0 0 0 0 0
 0.450072 0.473896 0.0757376 0.000293798 0
 0 0 0 0 0
 0.463077 0.371075 0.160297 0.00555027 0
 0.529543 0.364841 0.0842815 0.0213345 0
 0.631943 0.363953 0.00410389 0 0
 0.735681 0.248677 0.0153453 0.000297389 0
 0.695825 0.281241 0.0229344 0 0
 0.275771 0.60734 0.115278 0.00161068 0
 0 0 0 0 0
 0.896147 0.0623911 0.0374545 0.00400742 0
 0.803859 0.145111 0.0509908 3.86294e-05 0
 0.739449 0.233085 0.0266225 0.000797448 4.60066e-05
 0.878498 0.100942 0.0204185 0.000141795 0
 0.694673 0.275183 0.0284847 0.00165964 0
 0 0 0 0 0
ppred_PELACES
 0.248839 0.378145 0.187781 0.0932495 0.0919845
 0.728403 0.11007 0.0813152 0.0403799 0.0398321
 0.0623579 0.793968 0.0582264 0.0430154 0.0424318
 0.196073 0.099849 0.596193 0.0437224 0.0641625
 0.810688 0.0631795 0.0156659 0.0935399 0.0169266
 0.41013 0.528508 0.0204785 0.0050778 0.0358057
 0.74063 0.155167 0.0933626 0.00361759 0.0072222
 0.560653 0.376072 0.0378541 0.0227764 0.00264444
 0.78879 0.154777 0.0483047 0.00486219 0.00326519
 0.718198 0.250141 0.0232022 0.00724119 0.00121835
 0.182538 0.686007 0.116685 0.0108233 0.0039462
 0.246777 0.23915 0.431405 0.0733793 0.00928803
 0.580058 0.170464 0.07921 0.142888 0.0273806
 0.538022 0.345031 0.0474716 0.0220588 0.0474172
 0.509097 0.354133 0.102147 0.0140541 0.0205686
 0.560574 0.30506 0.0969303 0.0279589 0.00947661
 0.442455 0.405521 0.105539 0.033534 0.0129512
 0.512565 0.303694 0.133641 0.0347806 0.0153194
 0.371724 0.430332 0.123328 0.0542707 0.0203453
 0.813235 0.102917 0.0574309 0.0164591 0.00995804
 0.524929 0.427411 0.0262628 0.0146554 0.00674122
 0.379713 0.42845 0.172592 0.0106051 0.00864012
 0.559233 0.244264 0.13573 0.0546761 0.00609678
 0.212196 0.568683 0.121432 0.0674765 0.0302124
 0.0131773 0.352303 0.458033 0.0978051 0.0786814
pobs_pel_tallas
 0 0 0 0 0 0 0 0 0 0 0 0 0 0 0 0 0 0 0 0 0 0 0 0 0 0 0 0 0 0 0 0 0 0 0 0
 0 0 0 0 0 0 0 0 0 0 0 0 0 0 0 0 0 0 0 0 0 0 0 0 0 0 0 0 0 0 0 0 0 0 0 0
 0 0 0 0 0 0 0 0 0 0 0 0 0 0 0 0 0 0 0 0 0 0 0 0 0 0 0 0 0 0 0 0 0 0 0 0
 0 0 0 0 0 0 0 0 0 0 0 0 0 0 0 0 0 0 0 0 0 0 0 0 0 0 0 0 0 0 0 0 0 0 0 0
 0 0 0 0 0 0 0 0 0 0 0 0 0 0 0 0 0 0 0 0 0 0 0 0 0 0 0 0 0 0 0 0 0 0 0 0
 0 0 0 0 0 0 0 0 0 0 0 0 0 0 0 0 0 0 0 0 0 0 0 0 0 0 0 0 0 0 0 0 0 0 0 0
 0 0 0 0 0 0 0 0 0 0 0 0 0 0 0 0 0 0 0 0 0 0 0 0 0 0 0 0 0 0 0 0 0 0 0 0
 0 0 0 0 0 0 0 0 0 0 0 0 0 0 0 0 0 0 0 0 0 0 0 0 0 0 0 0 0 0 0 0 0 0 0 0
 0 0 0 0 0 0 0 0 0 0 0 0 0 0 0 0 0 0 0 0 0 0 0 0 0 0 0 0 0 0 0 0 0 0 0 0
 0 0 0 0 0 0 0 0 0 0 0 0 0 0 0 0 0 0 0 0 0 0 0 0 0 0 0 0 0 0 0 0 0 0 0 0
 0 0 0 0 0 0 0 0 1.78061e-05 0.00172719 0.00360574 0.0105946 0.0120993 0.0124554 0.0147524 0.0171206 0.0266825 0.0428682 0.0675386 0.121331 0.153587 0.119568 0.100827 0.0573624 0.0630603 0.0341343 0.0324427 0.0444173 0.0211091 0.0280891 0.0125444 0.00206551 0 0 0 0
 0 0 0 0 0 0 0 0 0 0 0 0 0 0 0 0 0 0 0 0 0 0 0 0 0 0 0 0 0 0 0 0 0 0 0 0
 0 0 0 0 0 0 0.0133647 0.0140871 0.0187388 0.0205184 0.03894 0.0496705 0.03968 0.0493445 0.0407372 0.0367815 0.0215668 0.0243155 0.0234873 0.0199281 0.019796 0.0243948 0.0301388 0.0376714 0.0412746 0.0863199 0.0771752 0.113111 0.0741005 0.0525337 0.0229764 0.00759418 0.00175318 0 0 0
 0 0 0 0 0 0 0 0 0 0 0.00219441 0.00772107 0.0458388 0.0604681 0.0671733 0.0775358 0.0609151 0.0617685 0.073594 0.0568108 0.0755445 0.0548602 0.0670107 0.0636378 0.0643287 0.046367 0.0373049 0.0286899 0.0247887 0.0153202 0.00654259 0.00121912 0.000365735 0 0 0
 0 0 0 0 0 0 0 0 0 0 0 0 0.000112435 0.00938835 0.0111873 0.0202946 0.0414886 0.0713402 0.111592 0.104902 0.108894 0.110636 0.117776 0.105296 0.107544 0.0401394 0.0192827 0.0124803 0.00416011 0.0028671 0.000618394 0 0 0 0 0
 0 0 0 0 0 0 0 0 0 0 0.00291406 0.0102884 0.027416 0.0768956 0.0749926 0.110853 0.0956884 0.0897413 0.0766577 0.0534642 0.0500743 0.0551293 0.0594112 0.0620874 0.0668451 0.0424026 0.0208742 0.0120726 0.0048766 0.00582813 0.00118941 0.000297354 0 0 0 0
 0 0.00264628 0.0354308 0.0461629 0.0458689 0.0383711 0.0214643 0.0164657 0.0346957 0.0420465 0.0363128 0.0245516 0.0311673 0.0291091 0.0169068 0.0133784 0.00837989 0.0085269 0.0148486 0.0160247 0.0276389 0.0546898 0.0760071 0.122758 0.109233 0.0665981 0.0333725 0.0166128 0.00676272 0.00308733 0.000882094 0 0 0 0 0
 0 0 0 0 0 0 0 0.000805153 0.000690131 0.00759144 0.0133425 0.0154129 0.00931677 0.000345066 0.00356568 0.00563607 0.00851162 0.0253048 0.0502646 0.0516448 0.0657925 0.0565908 0.0611916 0.0827007 0.0866115 0.110766 0.145733 0.0935128 0.0569358 0.0249597 0.0138026 0.00621118 0.00161031 0.00115022 0 0
 0 0 0 0 0 0 0 0 0 0 0 0 0 0 0 0 0 0 0 0 0 0 0 0 0 0 0 0 0 0 0 0 0 0 0 0
 0.00147267 0.00158595 0.00478618 0.00569244 0.00954404 0.0108468 0.00647125 0.017049 0.0510054 0.094081 0.124002 0.0959785 0.0687766 0.0820023 0.061753 0.0591476 0.0492212 0.0479892 0.0443925 0.0268479 0.0217502 0.0140895 0.0121071 0.0120363 0.00920419 0.00665534 0.0049561 0.00860946 0.00930331 0.0156896 0.0114698 0.00855282 0.00243557 0.00046729 0 2.83206e-05
 0 0 0 0 0.000772559 0.00158375 0.000888443 0.00281984 0.00712685 0.0440552 0.0773331 0.111326 0.0921469 0.0852325 0.0710754 0.0886704 0.0786465 0.0553345 0.0373146 0.0185414 0.00753245 0.00457741 0.012979 0.0271748 0.0457355 0.0583668 0.034881 0.0177882 0.00938659 0.00492506 0.0015258 0.00185414 0.000309023 5.79419e-05 3.86279e-05 0
 0 0.00173294 0.00326652 0 0.00397197 0.00683976 0.00946217 0.0152591 0.00757587 0.0136028 0.0228656 0.0392903 0.0559909 0.0764795 0.0681675 0.0726916 0.0566044 0.0477403 0.0527397 0.0444891 0.0609904 0.0582453 0.0661739 0.0445044 0.0529084 0.0360697 0.0280645 0.0235558 0.0158879 0.00826598 0.00280645 0.00217768 0.000904811 0.00058276 9.20147e-05 0
 0 0 0 0 0 0 0 0 0 0 0 0 0 0 0 0 0 0 0 0 0 0 0 0 0 0 0 0 0 0 0 0 0 0 0 0
 0 0 0 0 0 0 0 0 0 0 0 0 0 0 0 0 0 0 0 0 0 0 0 0 0 0 0 0 0 0 0 0 0 0 0 0
 0 0 0 0 0 0 0 0 0 0 0 0 0 0 0 0 0 0 0 0 0 0 0 0 0 0 0 0 0 0 0 0 0 0 0 0
ppred_pel_tallas
 1.10291e-16 1.08787e-05 6.37937e-05 0.000303132 0.00116689 0.00363864 0.00919127 0.0188093 0.0311889 0.0419175 0.0456979 0.0405073 0.02943 0.0180525 0.0104061 0.00740118 0.00802588 0.011026 0.0156052 0.0213146 0.0277663 0.0344808 0.0408873 0.0464119 0.0505923 0.0531674 0.0541128 0.0536085 0.0519574 0.0494877 0.0464735 0.0430987 0.0394633 0.0356188 0.0316102 0.027506
 1.04439e-16 3.17789e-05 0.000186521 0.000886649 0.00341367 0.0106452 0.0268889 0.0550178 0.0911967 0.12247 0.13326 0.117517 0.0840612 0.0489359 0.0235223 0.00998028 0.00482731 0.00397578 0.00493686 0.00664712 0.00871418 0.0109397 0.013151 0.0151786 0.0168784 0.0181549 0.018972 0.0193452 0.0193225 0.0189605 0.0183076 0.0173975 0.0162544 0.0149032 0.0133804 0.0117388
 1.04546e-16 2.76391e-06 1.6115e-05 7.63783e-05 0.000293683 0.000915495 0.00231334 0.00473961 0.00787991 0.0106535 0.0117803 0.0108362 0.0087279 0.00705266 0.00708284 0.0093526 0.0139053 0.0206274 0.0293167 0.0395563 0.0505966 0.0613597 0.070586 0.0770828 0.0799979 0.0790242 0.0744699 0.0671619 0.0582264 0.0488185 0.0398896 0.0320546 0.0255724 0.0204164 0.0163877 0.0132267
 1.12996e-16 8.56775e-06 5.02491e-05 0.00023879 0.000919236 0.00286642 0.00724039 0.0148157 0.0245626 0.0329987 0.0359404 0.0317771 0.0229126 0.0137123 0.00730874 0.00437772 0.00410072 0.00551427 0.0080891 0.0116625 0.0162098 0.0216898 0.0279775 0.0348447 0.0419645 0.0489296 0.0552831 0.0605581 0.0643268 0.066254 0.0661465 0.063989 0.0599563 0.0543939 0.0477703 0.04061
 1.04249e-16 3.53649e-05 0.000207579 0.000986769 0.00379917 0.0118474 0.0299255 0.0612305 0.101493 0.136291 0.148283 0.130727 0.0934284 0.0542224 0.0257497 0.0103826 0.00421163 0.00265998 0.00294562 0.00389812 0.00512511 0.00648087 0.0078696 0.00920455 0.0104132 0.0114471 0.012285 0.0129259 0.0133765 0.0136385 0.0137012 0.0135432 0.0131415 0.0124838 0.0115788 0.0104612
 1.02311e-16 1.79176e-05 0.000105105 0.000499502 0.00192291 0.00599623 0.0151465 0.0309952 0.0513908 0.0690555 0.0752489 0.0666195 0.0482218 0.029218 0.016188 0.010547 0.0105249 0.0139442 0.0193897 0.0260458 0.0332421 0.0402163 0.0461195 0.0501582 0.0517728 0.0507739 0.0473883 0.0421929 0.0359657 0.0295016 0.0234537 0.0182417 0.0140374 0.0108114 0.00841062 0.00663634
 1.01838e-16 3.23141e-05 0.000189659 0.000901554 0.00347104 0.0108241 0.0273408 0.0559429 0.0927312 0.124534 0.135516 0.119529 0.0855498 0.049902 0.0241721 0.0105724 0.00557582 0.00503231 0.00640262 0.00857576 0.0110994 0.0136982 0.0161134 0.0180965 0.0194496 0.0200636 0.0199357 0.0191576 0.0178832 0.0162862 0.0145244 0.0127189 0.0109503 0.00926691 0.00769776 0.00626303
 1.01567e-16 2.4475e-05 0.000143617 0.000682621 0.00262801 0.00819512 0.0207005 0.0423579 0.0702203 0.0943262 0.102704 0.0907319 0.0652527 0.0386948 0.0199237 0.0107237 0.0085298 0.0102683 0.0140082 0.0187878 0.0240157 0.0291241 0.0335033 0.0365827 0.0379533 0.0374638 0.0352553 0.0317162 0.0273798 0.022797 0.0184266 0.0145712 0.0113668 0.00881391 0.00682942 0.0052972
 1.01056e-16 3.4414e-05 0.000201987 0.000960166 0.00369671 0.0115279 0.0291184 0.0595799 0.0987595 0.132629 0.14432 0.127285 0.0910798 0.0530848 0.025632 0.0110677 0.00562353 0.00486667 0.00608097 0.00807489 0.0103644 0.012662 0.0147068 0.016257 0.0171319 0.0172501 0.0166448 0.0154484 0.0138543 0.0120685 0.0102686 0.00857933 0.00706801 0.00575561 0.00463418 0.00368355
 1.00717e-16 3.13396e-05 0.000183929 0.000874297 0.00336606 0.0104967 0.026514 0.0542518 0.0899308 0.120782 0.131454 0.115997 0.0831339 0.0487174 0.0240158 0.0112105 0.00691314 0.00711435 0.0093348 0.0124357 0.0158684 0.0192169 0.0220673 0.0240385 0.0248592 0.0244315 0.0228537 0.0203908 0.0174053 0.0142717 0.0113026 0.00870495 0.00657238 0.00490525 0.00364513 0.00270918
 1.02437e-16 8.00023e-06 4.6866e-05 0.000222593 0.00085668 0.0026712 0.00674797 0.0138124 0.0229151 0.0308333 0.0337083 0.030103 0.0223558 0.0146755 0.0101657 0.00966252 0.012582 0.0181003 0.0256046 0.0345549 0.0442493 0.0537404 0.0619279 0.0677622 0.0704798 0.0697816 0.0658986 0.059515 0.0515853 0.0431072 0.0349232 0.0276045 0.0214289 0.0164323 0.0124973 0.00943978
 1.09158e-16 1.0784e-05 6.32483e-05 0.000300563 0.00115703 0.00360795 0.00911359 0.0186494 0.0309205 0.0415467 0.0452674 0.0400635 0.0289734 0.0175077 0.00962788 0.00619809 0.00618604 0.0083457 0.0119305 0.0165984 0.0221282 0.0282493 0.0346006 0.0407641 0.0463248 0.0509277 0.0543148 0.0563337 0.0569261 0.0561082 0.0539562 0.0506025 0.0462391 0.0411163 0.0355323 0.0298077
 1.0737e-16 2.53128e-05 0.000148554 0.000706136 0.00271862 0.00847773 0.0214141 0.0438165 0.0726322 0.0975477 0.106164 0.0936731 0.0671183 0.039301 0.0193205 0.00894058 0.00543393 0.00558398 0.00742753 0.0101046 0.0132504 0.0166179 0.0199566 0.0230161 0.0255873 0.0275382 0.0288276 0.0294898 0.0296015 0.0292434 0.0284729 0.0273174 0.0257859 0.0238899 0.021666 0.0191851
 1.0376e-16 2.34869e-05 0.000137818 0.000655061 0.00252191 0.00786426 0.0198647 0.0406477 0.0673847 0.0905161 0.0985528 0.0870576 0.0625956 0.03709 0.0190447 0.0101687 0.00799839 0.00958658 0.0130891 0.0176006 0.0225801 0.0275163 0.0318594 0.0350913 0.0368351 0.0369417 0.0355194 0.0328937 0.0295152 0.0258465 0.0222663 0.0190164 0.0161973 0.0137994 0.0117522 0.00997019
 1.0301e-16 2.22262e-05 0.000130416 0.000619865 0.00238639 0.00744164 0.0187973 0.0384636 0.063765 0.0856568 0.0932699 0.0824095 0.0592941 0.0352156 0.0182341 0.00998279 0.00814826 0.00995679 0.0136715 0.0184317 0.0237058 0.0289742 0.0336672 0.0372396 0.0392823 0.0396127 0.0383096 0.0356759 0.0321514 0.0282015 0.0242229 0.0204891 0.0171422 0.014219 0.0116934 0.00951581
 1.02879e-16 2.44689e-05 0.000143587 0.000682492 0.00262754 0.00819366 0.0206967 0.0423497 0.0702048 0.0942997 0.10266 0.0906578 0.0651228 0.0384644 0.0195252 0.0100653 0.00749981 0.00874814 0.0118958 0.0160296 0.0206413 0.0252734 0.0294347 0.0326538 0.0345742 0.0350308 0.0340802 0.0319699 0.0290644 0.0257518 0.0223645 0.0191334 0.0161823 0.0135498 0.011225 0.00917879
 1.03388e-16 1.93224e-05 0.000113363 0.000538784 0.0020742 0.00646805 0.0163381 0.0334324 0.0554273 0.0744656 0.0811079 0.0717204 0.0517268 0.0309695 0.0164916 0.00975771 0.00880191 0.011246 0.0155853 0.0210353 0.0270488 0.0330448 0.0383748 0.0424164 0.0447048 0.0450352 0.0435026 0.0404589 0.0364111 0.0318936 0.0273603 0.0231212 0.0193345 0.0160368 0.0131933 0.010743
 1.03907e-16 2.23754e-05 0.000131296 0.000624062 0.00240257 0.0074921 0.0189246 0.0387239 0.0641951 0.0862302 0.0938829 0.0829242 0.0596059 0.0352839 0.018056 0.00954814 0.00741472 0.00885616 0.0121341 0.0164161 0.0212276 0.0261267 0.0306285 0.0342602 0.036653 0.0376183 0.037179 0.035542 0.0330297 0.0299928 0.0267372 0.0234823 0.020357 0.0174203 0.014693 0.0121839
 1.04707e-16 1.62392e-05 9.52595e-05 0.000452714 0.00174279 0.00543457 0.0137277 0.0280915 0.0465755 0.0625819 0.0681869 0.0603489 0.043643 0.0263656 0.014471 0.00923399 0.00904836 0.0119516 0.0166914 0.0225834 0.0290982 0.0356369 0.0415183 0.0460837 0.0488356 0.0495463 0.0482988 0.0454431 0.0414898 0.0369787 0.0323664 0.0279645 0.023932 0.0203103 0.0170745 0.0141803
 1.0188e-16 3.54778e-05 0.000208237 0.00098989 0.00381117 0.0118848 0.03002 0.0614243 0.101815 0.136727 0.148767 0.131176 0.0937973 0.0545338 0.02608 0.0108323 0.00488431 0.00365358 0.0043451 0.00576104 0.00746161 0.00923405 0.010904 0.0123089 0.0133192 0.0138625 0.013934 0.0135883 0.0129181 0.0120265 0.0110049 0.0099203 0.00881551 0.00771577 0.0066386 0.00560108
 1.01331e-16 2.29194e-05 0.000134479 0.000639168 0.00246069 0.00767332 0.0193826 0.0396617 0.0657527 0.0883316 0.0961947 0.0850227 0.0612372 0.036495 0.0191239 0.0108262 0.00922999 0.0114763 0.0157536 0.0211246 0.0269617 0.032627 0.037428 0.0407183 0.04204 0.0412333 0.0384751 0.0342265 0.0291141 0.0237818 0.0187636 0.0144085 0.010868 0.0081321 0.00608964 0.0045891
 1.03358e-16 1.65877e-05 9.73053e-05 0.000462439 0.00178024 0.00555134 0.0140226 0.028695 0.0475757 0.0639252 0.0696484 0.0616373 0.0445639 0.0269005 0.0147264 0.00934044 0.00909937 0.0119975 0.0167576 0.0226863 0.0292517 0.0358524 0.0418009 0.0464271 0.0492164 0.0499203 0.0486012 0.0455926 0.0413986 0.0365657 0.0315723 0.0267641 0.0223423 0.0183901 0.0149177 0.0119026
 1.0417e-16 2.4408e-05 0.000143235 0.00068083 0.00262116 0.00817378 0.0206464 0.0422464 0.0700319 0.0940627 0.10239 0.0903887 0.064864 0.0381805 0.019141 0.0094807 0.00660359 0.00742995 0.0100634 0.0136338 0.0177053 0.0219157 0.025877 0.029206 0.0315943 0.0328686 0.0330163 0.0321661 0.0305372 0.0283756 0.0258996 0.0232719 0.0205981 0.0179426 0.0153513 0.0128683
 1.0564e-16 9.28859e-06 5.44409e-05 0.000258629 0.000995471 0.00310405 0.00784116 0.0160483 0.0266177 0.0357952 0.0390797 0.0347743 0.0255541 0.0162491 0.0103839 0.00883439 0.0108306 0.0153578 0.021716 0.0293918 0.0377999 0.0461712 0.0536096 0.0592519 0.0624568 0.0629493 0.0608728 0.056728 0.0512266 0.0451112 0.0390027 0.0333146 0.0282432 0.0238155 0.0199628 0.0165879
 1.13654e-16 6.024e-07 3.46345e-06 1.63166e-05 6.25747e-05 0.000194892 0.000492658 0.00101122 0.00168848 0.00230486 0.00260659 0.0025337 0.00232677 0.00239811 0.00312178 0.00474527 0.00743185 0.0113104 0.016459 0.022844 0.0302659 0.0383463 0.0465665 0.0543489 0.0611544 0.066566 0.0703338 0.0723699 0.0727096 0.0714594 0.0687587 0.0647663 0.0596692 0.053698 0.0471346 0.0403
pSPR Fmed_Fpbrs
0.4821   0.254687 0.254687
Fs Fmed_Fpbrs
0.42801   1.005 1.005
SSBpbr Bo_Bmed_Bpbrs
871285  376482  178341 178341
Ro
21590.3
SPR SPRFo_SPRFmed_SPRFpbrs
444966 214518 113327
log_Ro
9.8
likeval ReclasPelacesDesembMPH_pf_preclas_ppelaces_ptallas_desvR_qrecl_qpela
 112.776 112.317 0.341579 0.000567166 342.526 220.807 79.1815 0 58.5881 0 0 0 0 0 0
q_reclas_q_pelaces
1 1
M
0.7
N
 14727.2 12835.9 6374.11 3165.29 3122.35
 70928.9 6198.9 4579.5 2274.11 2243.26
 3395 29555.8 2167.5 1601.27 1579.54
 3989.73 1156.3 6904.22 506.328 743.035
 42320.8 1695.07 420.306 2509.62 454.132
 22590.3 20331 787.783 195.337 1377.4
 58923 7499.78 4512.54 174.851 349.074
 48547.2 23139.7 2329.17 1401.43 162.712
 122331 15785 4926.37 495.872 333.002
 223538 43668.6 4050.55 1264.14 212.694
 42141 96652.8 16440 1524.92 555.987
 27686.7 16459 29690.6 5050.18 639.23
 53056.4 10746.8 4993.78 9008.33 1726.21
 33289.1 17896.4 2462.3 1144.17 2459.48
 16400.9 8869.38 2558.31 351.989 515.146
 14152.7 4785.29 1520.49 438.574 148.654
 9684.1 5409.55 1407.86 447.335 172.765
 10876.7 3788.39 1667.08 433.865 191.099
 6421.38 4444.19 1273.66 560.473 210.113
 35207.9 2571.08 1434.74 411.18 248.772
 34316.7 14711.4 903.96 504.437 232.031
 26354.4 16012.9 6450.46 396.357 322.917
 49102.2 11968.7 6650.69 2679.09 298.738
 13754.5 21360.5 4561.18 2534.52 1134.82
 308.661 5718.11 7434.19 1587.44 1277.05
pred_Ctot
 1629.41 2648.82 1315.36 653.19 644.329
 8289.64 1345.83 994.245 493.727 487.03
 783.746 11747.5 861.517 636.455 627.821
 418.189 226.91 1354.86 99.3602 145.811
 993.664 78.4514 19.4526 116.15 21.0182
 5510.48 8462.48 327.902 81.3059 573.322
 8984.55 2075.4 1248.75 48.3861 96.5987
 12349.1 9971.73 1003.72 603.928 70.1186
 25208.1 5695.61 1777.55 178.922 120.155
 20952.7 7718.07 715.902 223.426 37.5921
 6560.09 27248.7 4634.84 429.911 156.746
 4409.6 4736.15 8543.59 1453.21 183.941
 12512.9 4348.94 2020.84 3645.41 698.546
 11495.6 9818.65 1350.91 627.734 1349.37
 5014.67 4431.96 1278.37 175.886 257.415
 2379.46 1445.07 459.159 132.441 44.8907
 1498.48 1516.87 394.772 125.436 48.4445
 1401.63 899.838 395.975 103.054 45.3909
 905.708 1146.21 328.491 144.553 54.1906
 4055.09 550.703 307.309 88.0712 53.2848
 1494.47 1247.15 76.6329 42.7635 19.6704
 1628.18 1903.78 766.895 47.1228 38.3916
 4411.39 2032.63 1129.47 454.985 50.7341
 1627.26 4690.12 1001.49 556.501 249.172
 73.8017 2340.72 3043.2 649.822 522.763
F
 0.165328 0.330655 0.330655 0.330655 0.330655
 0.175397 0.350794 0.350794 0.350794 0.350794
 0.377074 0.754148 0.754148 0.754148 0.754148
 0.156001 0.312002 0.312002 0.312002 0.312002
 0.0331284 0.0662568 0.0662568 0.0662568 0.0662568
 0.402645 0.805289 0.805289 0.805289 0.805289
 0.234682 0.469364 0.469364 0.469364 0.469364
 0.423474 0.846948 0.846948 0.846948 0.846948
 0.330105 0.660211 0.660211 0.660211 0.660211
 0.138455 0.27691 0.27691 0.27691 0.27691
 0.240147 0.480294 0.480294 0.480294 0.480294
 0.246341 0.492681 0.492681 0.492681 0.492681
 0.386759 0.773517 0.773517 0.773517 0.773517
 0.622625 1.24525 1.24525 1.24525 1.24525
 0.531787 1.06357 1.06357 1.06357 1.06357
 0.261739 0.523477 0.523477 0.523477 0.523477
 0.238545 0.47709 0.47709 0.47709 0.47709
 0.195024 0.390049 0.390049 0.390049 0.390049
 0.215308 0.430617 0.430617 0.430617 0.430617
 0.172647 0.345295 0.345295 0.345295 0.345295
 0.0622352 0.12447 0.12447 0.12447 0.12447
 0.0893377 0.178675 0.178675 0.178675 0.178675
 0.132359 0.264718 0.264718 0.264718 0.264718
 0.177728 0.355456 0.355456 0.355456 0.355456
 0.393137 0.786275 0.786275 0.786275 0.786275
nmprior
 10 11 7 0
nm_flota  nm_reclas  nm_pelaces    nm_pelaL
inf 12.4534 8.5205 13.0785
cv_recla  cv_pelaces  cv_mph
0.960578 1.24706 0.772669
 ------------------------------------------------
Talla a la edad & desviación 
 7.2 14.2025 17.0495 18.207 18.6776
 1.08 2.13037 2.55742 2.73105 2.80164
