years
 1997 1998 1999 2000 2001 2002 2003 2004 2005 2006 2007 2008 2009 2010 2011 2012 2013 2014 2015 2016 2017 2018 2019 2020 2021
reclasobs
 0 0 0 370054 412103 1.49427e+06 250295 1.28982e+06 931140 785840 897777 1.04006e+06 184774 17550 25797 100020 73551 82996 120727 218422 84188 347160 605670 569463 516374
reclaspred
 1.23706e+06 233608 460790 188580 294489 365560 778815 611560 694784 888398 863711 585121 342396 135790 75334.1 74831.9 87222.2 108985 115729 144276 230950 234291 375456 390946 353589
pelacesobs
 0 0 0 0 0 0 0 0 0 2.06254e+06 1.5e+06 0 1.87456e+06 323000 250000 174000 83755 137374 0 501740 490994 745055 786931 1.00524e+06 0
pelacespred
 2.85996e+06 720201 538876 453289 767962 549725 2.14794e+06 1.60032e+06 1.81696e+06 2.37266e+06 1.70355e+06 1.20424e+06 818902 264020 160914 149913 176842 226242 221213 291167 564313 476463 588519 741754 531310
mphobs
 0 0 0 0 0 112323 0 153150 637223 0 255016 313432 73983 77613 109348 50772 0 0 0 0 0 0 0 0 0
mphpred
 395008 178046 150853 88084.2 80958.1 161362 198364 297696 272389 318092 415866 269420 164619 92293.9 40969.3 31701.7 33507.5 39792.6 46132.8 49701.6 74948.8 97172.7 116758 143693 165399
desembarqueobs
 350755 77701 442110 56441 14545 235359 269955 359681 431902 328805 639364 411747 362871 311530 167758 66681 60226 58785 57116 71774 51957 67425 138520 160799 200461
desembarquepred
 350737 77675.1 441747 56431.9 14544.5 235333 269950 359342 431643 328637 638558 411328 362451 311171 167328 66624.9 60212.1 58726.5 57060 71730 51948.4 67381.1 138463 160755 200431
Reclutas
 24755.5 41542.6 8571.63 13720.2 41045.7 21710.7 63144.2 61843.2 79096.1 124550 58638.9 46774.8 54593.3 28336.3 13553 11405.4 7843.68 8565.77 9152.36 13485.5 18883.8 23167.2 31556 33639.4 4358.08
log_desv_Rt
 0.016801 0.534475 -1.04379 -0.573373 0.522441 -0.114441 0.953177 0.932357 1.17842 1.63247 0.879154 0.653099 0.807666 0.151897 -0.585635 -0.758158 -1.13254 -1.04447 -0.978233 -0.590626 -0.253941 -0.0495088 0.259518 0.323452 -1.72021
SSB
 660697 297803 252318 147331 135412 269896 331786 497931 455603 532045 695584 450636 275345 154372 68525.9 53024.8 56045.2 66557.7 77162.4 83131.7 125361 162533 195290 240343 276650
BT
 1.46265e+06 431032 453102 248638 342886 404387 1.15177e+06 1.07229e+06 1.18958e+06 1.34042e+06 1.26936e+06 880724 706213 397837 204913 118936 123038 143963 139337 180476 282961 255679 334665 437783 368604
Ftot
 0.438996 0.60294 1.27238 0.516926 0.105801 0.90399 0.720863 1.03371 1.15789 0.728682 1.0882 1.12124 1.87703 3.17863 3.3396 1.45259 1.13469 0.923663 0.785643 0.867914 0.396004 0.464445 0.583135 0.672664 0.75586
BD_Bspro_t
 0.939749 0.679861 0.54181 0.258898 0.356119 0.577064 0.478347 0.53498 0.470016 0.462427 0.493132 0.32144 0.22659 0.155987 0.085029 0.0809183 0.116143 0.183374 0.252127 0.318824 0.44489 0.573293 0.577463 0.552343 0.493425
BD_Bspro
 1.31692 0.593589 0.502929 0.293665 0.269907 0.537966 0.661327 0.992492 0.908122 1.06049 1.38646 0.898222 0.548826 0.3077 0.136588 0.105691 0.111711 0.132665 0.153803 0.165701 0.249873 0.323965 0.389259 0.479059 0.551427
BD_Bo
 0.866707 0.39066 0.330993 0.19327 0.177634 0.354052 0.43524 0.65319 0.597663 0.697941 0.912473 0.591148 0.361199 0.202507 0.0898928 0.0695583 0.0735205 0.0873108 0.101222 0.109053 0.164449 0.213211 0.256183 0.315283 0.362911
BD_Brms
 2.83832 1.27934 1.08394 0.632925 0.581721 1.15946 1.42533 2.13908 1.95724 2.28563 2.98819 1.93591 1.18286 0.663174 0.294383 0.227791 0.240767 0.285928 0.331485 0.357129 0.538541 0.69823 0.838956 1.0325 1.18847
S_f
 0.12662 1 1 1 1
 0.12662 1 1 1 1
 0.12662 1 1 1 1
 0.12662 1 1 1 1
 0.12662 1 1 1 1
 0.12662 1 1 1 1
 0.12662 1 1 1 1
 0.12662 1 1 1 1
 0.12662 1 1 1 1
 0.12662 1 1 1 1
 0.12662 1 1 1 1
 0.12662 1 1 1 1
 0.12662 1 1 1 1
 0.12662 1 1 1 1
 0.12662 1 1 1 1
 0.12662 1 1 1 1
 0.12662 1 1 1 1
 0.12662 1 1 1 1
 0.12662 1 1 1 1
 0.12662 1 1 1 1
 0.12662 1 1 1 1
 0.12662 1 1 1 1
 0.12662 1 1 1 1
 0.12662 1 1 1 1
 0.12662 1 1 1 1
Scru_reclas
 0.345357 0.7264 0.930369 0.985347 0.997054
 0.345357 0.7264 0.930369 0.985347 0.997054
 0.345357 0.7264 0.930369 0.985347 0.997054
 0.345357 0.7264 0.930369 0.985347 0.997054
 0.345357 0.7264 0.930369 0.985347 0.997054
 0.345357 0.7264 0.930369 0.985347 0.997054
 0.345357 0.7264 0.930369 0.985347 0.997054
 0.345357 0.7264 0.930369 0.985347 0.997054
 0.345357 0.7264 0.930369 0.985347 0.997054
 0.345357 0.7264 0.930369 0.985347 0.997054
 0.345357 0.7264 0.930369 0.985347 0.997054
 0.345357 0.7264 0.930369 0.985347 0.997054
 0.345357 0.7264 0.930369 0.985347 0.997054
 0.345357 0.7264 0.930369 0.985347 0.997054
 0.345357 0.7264 0.930369 0.985347 0.997054
 0.345357 0.7264 0.930369 0.985347 0.997054
 0.345357 0.7264 0.930369 0.985347 0.997054
 0.345357 0.7264 0.930369 0.985347 0.997054
 0.345357 0.7264 0.930369 0.985347 0.997054
 0.345357 0.7264 0.930369 0.985347 0.997054
 0.345357 0.7264 0.930369 0.985347 0.997054
 0.345357 0.7264 0.930369 0.985347 0.997054
 0.345357 0.7264 0.930369 0.985347 0.997054
 0.345357 0.7264 0.930369 0.985347 0.997054
 0.345357 0.7264 0.930369 0.985347 0.997054
Scru_pelaces
 0.823266 1 1 1 1
 0.823266 1 1 1 1
 0.823266 1 1 1 1
 0.823266 1 1 1 1
 0.823266 1 1 1 1
 0.823266 1 1 1 1
 0.823266 1 1 1 1
 0.823266 1 1 1 1
 0.823266 1 1 1 1
 0.823266 1 1 1 1
 0.823266 1 1 1 1
 0.823266 1 1 1 1
 0.823266 1 1 1 1
 0.823266 1 1 1 1
 0.823266 1 1 1 1
 0.823266 1 1 1 1
 0.823266 1 1 1 1
 0.823266 1 1 1 1
 0.823266 1 1 1 1
 0.823266 1 1 1 1
 0.823266 1 1 1 1
 0.823266 1 1 1 1
 0.823266 1 1 1 1
 0.823266 1 1 1 1
 0.823266 1 1 1 1
pf_obs 
 0.256992 0.487395 0.22802 0.0275931 0
 0.321318 0.546541 0.124235 0.00734118 0.000564706
 0.182869 0.594174 0.210203 0.0122559 0.00049798
 0.330522 0.361315 0.267642 0.0388342 0.00168674
 0.649043 0.306663 0.0425973 0.00169635 0
 0.582887 0.30429 0.105238 0.00758474 0
 0.465427 0.430635 0.0974691 0.00646863 0
 0.296916 0.608066 0.0921331 0.00288517 0
 0.311714 0.524322 0.152257 0.0117073 0
 0.15457 0.633149 0.183074 0.0267441 0.00246327
 0.131901 0.49318 0.331252 0.0422183 0.00144891
 0.196976 0.569456 0.194076 0.0375587 0.00193317
 0.518974 0.381816 0.0799577 0.0180837 0.00116848
 0.0928022 0.601141 0.25162 0.0475244 0.00691264
 0.122501 0.610282 0.24278 0.0234846 0.000952079
 0.383417 0.481906 0.127806 0.00687128 0
 0.0376549 0.599619 0.316969 0.0457579 0
 0.0361596 0.667082 0.258105 0.0386534 0
 0.158088 0.579412 0.248529 0.0139706 0
 0.0477256 0.309471 0.559284 0.082774 0.000745712
 0.0406174 0.521527 0.379366 0.0568643 0.0016247
 0.151134 0.462217 0.34131 0.0453401 0
 0.294876 0.26143 0.354403 0.0886775 0.000613685
 0.281977 0.475581 0.204845 0.0348837 0.00271318
 0 0 0 0 0
pf_pred 
 0.131205 0.590696 0.246281 0.0318119 5.83165e-06
 0.251862 0.447493 0.204409 0.085225 0.0110105
 0.0639648 0.733344 0.121238 0.0553802 0.0260729
 0.230234 0.397448 0.291695 0.0482239 0.0323989
 0.390126 0.460061 0.0773518 0.05677 0.0156909
 0.136463 0.726937 0.103045 0.0173254 0.0162299
 0.417823 0.388208 0.163286 0.0231462 0.00753724
 0.258619 0.660961 0.0536256 0.0225557 0.00423849
 0.313203 0.567385 0.106459 0.00863731 0.00431565
 0.344101 0.570355 0.0706706 0.01326 0.00161336
 0.141057 0.736822 0.106194 0.0131581 0.00276926
 0.193024 0.562966 0.209318 0.0301679 0.00452469
 0.324532 0.522799 0.106505 0.0396001 0.00656336
 0.26935 0.668739 0.0479181 0.00976195 0.0042312
 0.30002 0.665806 0.0312789 0.00224127 0.000654501
 0.337511 0.637319 0.0239409 0.00112472 0.000104125
 0.218298 0.70233 0.0763561 0.00286832 0.000147226
 0.262493 0.590853 0.131763 0.014325 0.00056574
 0.24927 0.615642 0.108225 0.0241347 0.00272751
 0.310041 0.550268 0.114554 0.0201378 0.00499832
 0.281271 0.609471 0.0871376 0.0181402 0.00398042
 0.235711 0.604121 0.13582 0.0194185 0.00492956
 0.255769 0.561837 0.144171 0.0324129 0.00581058
 0.226414 0.607389 0.125466 0.0321955 0.00853585
 0.0348008 0.738915 0.177669 0.0367004 0.0119144
pobs_RECLAS
 0 0 0 0 0
 0 0 0 0 0
 0 0 0 0 0
 0 0 0 0 0
 0.835266 0.146461 0.0176864 0.000547809 3.91292e-05
 0.385257 0.428462 0.181853 0.0044286 0
 0.867414 0.0963971 0.0333333 0.00285562 0
 0.441836 0.489002 0.0689373 0.000224442 0
 0.779404 0.147425 0.0564933 0.0165055 0.000172143
 0.814271 0.122319 0.05973 0.00367925 0
 0.40263 0.566651 0.0304383 0.000280538 0
 0.475488 0.404961 0.113038 0.00651328 0
 0.955842 0.0263864 0.0167828 0.000988607 0
 0.975058 0.0227948 0.00214734 0 0
 0.738997 0.206755 0.0527124 0.00153531 0
 0.850938 0.134255 0.0134407 0.00136685 0
 0.542534 0.407297 0.0501686 0 0
 0.764087 0.199537 0.0359546 0.000420521 0
 0.470689 0.182191 0.310203 0.0369168 0
 0.84361 0.089868 0.0606195 0.00523954 0.000663233
 0.607945 0.314616 0.071237 0.00620181 0
 0.523733 0.453247 0.0230204 0 0
 0.530135 0.295979 0.169645 0.0042399 0
 0.562478 0.366248 0.0663022 0.0049721 0
 0.250443 0.683176 0.0655157 0.000865301 0
ppred_RECLAS
 0.348395 0.405461 0.216519 0.0296202 5.49439e-06
 0.540728 0.244663 0.14314 0.0632065 0.00826285
 0.214253 0.576491 0.122069 0.0590544 0.0281331
 0.504455 0.223573 0.210159 0.0367972 0.0250156
 0.691383 0.215885 0.0464897 0.0361359 0.0101064
 0.379658 0.498455 0.0904975 0.0161148 0.0152752
 0.722091 0.168814 0.0909434 0.0136532 0.00449882
 0.58195 0.360697 0.0374816 0.0166969 0.00317483
 0.645415 0.278892 0.0670224 0.00575904 0.0029117
 0.667731 0.278255 0.0441587 0.00877514 0.00108037
 0.395736 0.497756 0.0918828 0.0120576 0.0025678
 0.478313 0.334428 0.15926 0.0243096 0.00368937
 0.67917 0.232333 0.0606217 0.0238719 0.00400356
 0.692726 0.274288 0.0251726 0.00543125 0.00238208
 0.734154 0.249367 0.0150045 0.00113867 0.000336468
 0.688187 0.296758 0.0142779 0.0007104 6.65495e-05
 0.531475 0.409166 0.0569746 0.00226673 0.000117729
 0.57788 0.319831 0.0913508 0.0105184 0.000420339
 0.557853 0.344241 0.0775073 0.0183058 0.00209335
 0.631426 0.277385 0.0739605 0.01377 0.00345841
 0.590729 0.332077 0.0608094 0.0134073 0.00297686
 0.529752 0.350212 0.100844 0.0152699 0.00392245
 0.556637 0.311983 0.102537 0.0244148 0.00442877
 0.520896 0.353384 0.0934945 0.025409 0.00681663
 0.118512 0.630776 0.194255 0.0424976 0.0139603
pobs_PELACES
 0 0 0 0 0
 0 0 0 0 0
 0 0 0 0 0
 0 0 0 0 0
 0 0 0 0 0
 0 0 0 0 0
 0 0 0 0 0
 0 0 0 0 0
 0 0 0 0 0
 0 0 0 0 0
 0.450072 0.473896 0.0757376 0.000293798 0
 0 0 0 0 0
 0.463077 0.371075 0.160297 0.00555027 0
 0.529543 0.364841 0.0842815 0.0213345 0
 0.631943 0.363953 0.00410389 0 0
 0.735681 0.248677 0.0153453 0.000297389 0
 0.695825 0.281241 0.0229344 0 0
 0.275771 0.60734 0.115278 0.00161068 0
 0 0 0 0 0
 0.896147 0.0623911 0.0374545 0.00400742 0
 0.803859 0.145111 0.0509908 3.86294e-05 0
 0.739449 0.233085 0.0266225 0.000797448 4.60066e-05
 0.878498 0.100942 0.0204185 0.000141795 0
 0.694673 0.275183 0.0284847 0.00165964 0
 0 0 0 0 0
ppred_PELACES
 0.534464 0.316519 0.131967 0.0170461 3.12484e-06
 0.731438 0.160638 0.0733775 0.0305935 0.00395247
 0.421145 0.453508 0.0749753 0.0342478 0.0161238
 0.700724 0.154523 0.113408 0.0187489 0.0125963
 0.811776 0.141987 0.0238729 0.0175208 0.00484263
 0.590286 0.344902 0.0488909 0.0082202 0.00770045
 0.858748 0.0941899 0.0396175 0.00561589 0.00182874
 0.770388 0.204705 0.0166083 0.00698568 0.0013127
 0.822128 0.146945 0.0275715 0.00223695 0.0011177
 0.816777 0.159327 0.0197416 0.00370413 0.000450685
 0.617739 0.327913 0.0472603 0.00585585 0.00123242
 0.70474 0.20598 0.0765861 0.011038 0.00165551
 0.870628 0.100131 0.0203989 0.00758457 0.00125708
 0.909133 0.0831677 0.00595933 0.00121404 0.000526212
 0.926987 0.069448 0.0032626 0.00023378 6.82689e-05
 0.854472 0.139999 0.00525907 0.000247066 2.28731e-05
 0.737022 0.236276 0.0256875 0.000964953 4.95294e-05
 0.765868 0.187575 0.0418299 0.00454767 0.000179602
 0.742663 0.211032 0.0370978 0.00827296 0.000934944
 0.801475 0.158331 0.0329612 0.00579434 0.00143819
 0.74541 0.215889 0.0308661 0.00642568 0.00140996
 0.702996 0.234763 0.0527799 0.00754608 0.00191564
 0.733985 0.200821 0.0515319 0.0115855 0.00207691
 0.708693 0.228723 0.0472464 0.0121238 0.00321432
 0.236459 0.584535 0.140549 0.0290327 0.00942516
pobs_pel_tallas
 0 0 0 0 0 0 0 0 0 0 0 0 0 0 0 0 0 0 0 0 0 0 0 0 0 0 0 0 0 0 0 0 0 0 0 0
 0 0 0 0 0 0 0 0 0 0 0 0 0 0 0 0 0 0 0 0 0 0 0 0 0 0 0 0 0 0 0 0 0 0 0 0
 0 0 0 0 0 0 0 0 0 0 0 0 0 0 0 0 0 0 0 0 0 0 0 0 0 0 0 0 0 0 0 0 0 0 0 0
 0 0 0 0 0 0 0 0 0 0 0 0 0 0 0 0 0 0 0 0 0 0 0 0 0 0 0 0 0 0 0 0 0 0 0 0
 0 0 0 0 0 0 0 0 0 0 0 0 0 0 0 0 0 0 0 0 0 0 0 0 0 0 0 0 0 0 0 0 0 0 0 0
 0 0 0 0 0 0 0 0 0 0 0 0 0 0 0 0 0 0 0 0 0 0 0 0 0 0 0 0 0 0 0 0 0 0 0 0
 0 0 0 0 0 0 0 0 0 0 0 0 0 0 0 0 0 0 0 0 0 0 0 0 0 0 0 0 0 0 0 0 0 0 0 0
 0 0 0 0 0 0 0 0 0 0 0 0 0 0 0 0 0 0 0 0 0 0 0 0 0 0 0 0 0 0 0 0 0 0 0 0
 0 0 0 0 0 0 0 0 0 0 0 0 0 0 0 0 0 0 0 0 0 0 0 0 0 0 0 0 0 0 0 0 0 0 0 0
 0 0 0 0 0 0 0 0 0 0 0 0 0 0 0 0 0 0 0 0 0 0 0 0 0 0 0 0 0 0 0 0 0 0 0 0
 0 0 0 0 0 0 0 0 1.78061e-05 0.00172719 0.00360574 0.0105946 0.0120993 0.0124554 0.0147524 0.0171206 0.0266825 0.0428682 0.0675386 0.121331 0.153587 0.119568 0.100827 0.0573624 0.0630603 0.0341343 0.0324427 0.0444173 0.0211091 0.0280891 0.0125444 0.00206551 0 0 0 0
 0 0 0 0 0 0 0 0 0 0 0 0 0 0 0 0 0 0 0 0 0 0 0 0 0 0 0 0 0 0 0 0 0 0 0 0
 0 0 0 0 0 0 0.0133647 0.0140871 0.0187388 0.0205184 0.03894 0.0496705 0.03968 0.0493445 0.0407372 0.0367815 0.0215668 0.0243155 0.0234873 0.0199281 0.019796 0.0243948 0.0301388 0.0376714 0.0412746 0.0863199 0.0771752 0.113111 0.0741005 0.0525337 0.0229764 0.00759418 0.00175318 0 0 0
 0 0 0 0 0 0 0 0 0 0 0.00219441 0.00772107 0.0458388 0.0604681 0.0671733 0.0775358 0.0609151 0.0617685 0.073594 0.0568108 0.0755445 0.0548602 0.0670107 0.0636378 0.0643287 0.046367 0.0373049 0.0286899 0.0247887 0.0153202 0.00654259 0.00121912 0.000365735 0 0 0
 0 0 0 0 0 0 0 0 0 0 0 0 0.000112435 0.00938835 0.0111873 0.0202946 0.0414886 0.0713402 0.111592 0.104902 0.108894 0.110636 0.117776 0.105296 0.107544 0.0401394 0.0192827 0.0124803 0.00416011 0.0028671 0.000618394 0 0 0 0 0
 0 0 0 0 0 0 0 0 0 0 0.00291406 0.0102884 0.027416 0.0768956 0.0749926 0.110853 0.0956884 0.0897413 0.0766577 0.0534642 0.0500743 0.0551293 0.0594112 0.0620874 0.0668451 0.0424026 0.0208742 0.0120726 0.0048766 0.00582813 0.00118941 0.000297354 0 0 0 0
 0 0.00264628 0.0354308 0.0461629 0.0458689 0.0383711 0.0214643 0.0164657 0.0346957 0.0420465 0.0363128 0.0245516 0.0311673 0.0291091 0.0169068 0.0133784 0.00837989 0.0085269 0.0148486 0.0160247 0.0276389 0.0546898 0.0760071 0.122758 0.109233 0.0665981 0.0333725 0.0166128 0.00676272 0.00308733 0.000882094 0 0 0 0 0
 0 0 0 0 0 0 0 0.000805153 0.000690131 0.00759144 0.0133425 0.0154129 0.00931677 0.000345066 0.00356568 0.00563607 0.00851162 0.0253048 0.0502646 0.0516448 0.0657925 0.0565908 0.0611916 0.0827007 0.0866115 0.110766 0.145733 0.0935128 0.0569358 0.0249597 0.0138026 0.00621118 0.00161031 0.00115022 0 0
 0 0 0 0 0 0 0 0 0 0 0 0 0 0 0 0 0 0 0 0 0 0 0 0 0 0 0 0 0 0 0 0 0 0 0 0
 0.00147267 0.00158595 0.00478618 0.00569244 0.00954404 0.0108468 0.00647125 0.017049 0.0510054 0.094081 0.124002 0.0959785 0.0687766 0.0820023 0.061753 0.0591476 0.0492212 0.0479892 0.0443925 0.0268479 0.0217502 0.0140895 0.0121071 0.0120363 0.00920419 0.00665534 0.0049561 0.00860946 0.00930331 0.0156896 0.0114698 0.00855282 0.00243557 0.00046729 0 2.83206e-05
 0 0 0 0 0.000772559 0.00158375 0.000888443 0.00281984 0.00712685 0.0440552 0.0773331 0.111326 0.0921469 0.0852325 0.0710754 0.0886704 0.0786465 0.0553345 0.0373146 0.0185414 0.00753245 0.00457741 0.012979 0.0271748 0.0457355 0.0583668 0.034881 0.0177882 0.00938659 0.00492506 0.0015258 0.00185414 0.000309023 5.79419e-05 3.86279e-05 0
 0 0.00173294 0.00326652 0 0.00397197 0.00683976 0.00946217 0.0152591 0.00757587 0.0136028 0.0228656 0.0392903 0.0559909 0.0764795 0.0681675 0.0726916 0.0566044 0.0477403 0.0527397 0.0444891 0.0609904 0.0582453 0.0661739 0.0445044 0.0529084 0.0360697 0.0280645 0.0235558 0.0158879 0.00826598 0.00280645 0.00217768 0.000904811 0.00058276 9.20147e-05 0
 0 0 0 0 0 0 0 0 0 0 0 0 0 0 0 0 0 0 0 0 0 0 0 0 0 0 0 0 0 0 0 0 0 0 0 0
 0 0 0 0 0 0 0 0 0 0 0 0 0 0 0 0 0 0 0 0 0 0 0 0 0 0 0 0 0 0 0 0 0 0 0 0
 0 0 0 0 0 0 0 0 0 0 0 0 0 0 0 0 0 0 0 0 0 0 0 0 0 0 0 0 0 0 0 0 0 0 0 0
ppred_pel_tallas
 1.02563e-16 2.33309e-05 0.000136905 0.000650722 0.00250521 0.00781218 0.0197332 0.0403783 0.0669375 0.0899137 0.0978926 0.086464 0.0621464 0.0367794 0.0188055 0.00991683 0.00766397 0.0091223 0.0124723 0.0168379 0.0217154 0.0266352 0.031085 0.0345683 0.0367027 0.0373005 0.0364022 0.0342477 0.0312026 0.027665 0.0239843 0.0204146 0.0171059 0.014124 0.0114826 0.00917208
 1.0233e-16 3.19134e-05 0.000187306 0.000890369 0.00342797 0.0106898 0.0270016 0.0552488 0.0915809 0.12299 0.133837 0.118052 0.0845008 0.0493066 0.0239142 0.0105113 0.005617 0.00513429 0.00655484 0.0087782 0.0113516 0.0139951 0.0164451 0.0184503 0.0198141 0.020433 0.0203134 0.0195572 0.0183261 0.0167972 0.0151247 0.0134199 0.0117491 0.0101453 0.00862441 0.00719862
 1.03143e-16 1.8395e-05 0.000107914 0.000512872 0.00197441 0.00615686 0.0155521 0.0318246 0.0527636 0.0708928 0.0772317 0.0683291 0.0493599 0.0297102 0.0161075 0.00997268 0.00945965 0.0123193 0.0171137 0.0230604 0.0295702 0.035994 0.0416062 0.0457177 0.0478252 0.0477264 0.0455625 0.0417666 0.036944 0.0317237 0.0266315 0.0220168 0.0180423 0.0147215 0.0119785 0.00970513
 1.02894e-16 3.0574e-05 0.000179443 0.000852986 0.00328404 0.010241 0.0258678 0.052929 0.0877358 0.117827 0.12822 0.1131 0.0809638 0.0472577 0.0229496 0.0101398 0.00549996 0.00511282 0.00658467 0.00887096 0.0115465 0.0143488 0.0170253 0.019328 0.0210522 0.0220739 0.0223672 0.0219942 0.0210764 0.0197564 0.0181671 0.016414 0.0145743 0.0127051 0.0108545 0.00906933
 1.01214e-16 3.54157e-05 0.000207869 0.000988133 0.0038044 0.0118637 0.0299667 0.0613154 0.101636 0.13649 0.148516 0.130975 0.0936961 0.0545608 0.0262528 0.0111775 0.00544678 0.00449073 0.00551064 0.00728441 0.00932745 0.0113669 0.0131638 0.0145011 0.0152207 0.0152578 0.0146539 0.0135403 0.0121015 0.0105287 0.00898117 0.00756403 0.00632556 0.00526937 0.00437332 0.00360717
 1.01449e-16 2.57659e-05 0.000151198 0.00071867 0.00276682 0.008628 0.0217939 0.0445948 0.0739271 0.099301 0.108109 0.095478 0.068604 0.0405577 0.0206543 0.0107506 0.00812502 0.00952743 0.0129259 0.0173308 0.0221675 0.0269078 0.0309905 0.0338892 0.0352238 0.0348493 0.0328871 0.0296858 0.0257285 0.0215169 0.0174718 0.0138745 0.0108567 0.00842748 0.00651949 0.00503397
 1.00872e-16 3.7462e-05 0.000219887 0.00104528 0.00402443 0.0125499 0.0316998 0.0648612 0.107512 0.144375 0.157084 0.138499 0.0990113 0.0575192 0.0274207 0.0112365 0.00483102 0.00335505 0.00384959 0.00504747 0.00648895 0.00796167 0.00930022 0.0103552 0.0110125 0.011216 0.0109767 0.0103647 0.009487 0.00845997 0.00738561 0.00633772 0.00535972 0.00447058 0.00367457 0.00296978
 1.00604e-16 3.36135e-05 0.000197283 0.000937793 0.00361055 0.0112592 0.0284398 0.0581918 0.09646 0.129545 0.140976 0.124364 0.0890506 0.0520248 0.0253487 0.0113338 0.00631781 0.00598048 0.00766139 0.0101654 0.0129623 0.0156924 0.0180137 0.0196145 0.0202733 0.0199114 0.0186108 0.0165895 0.0141453 0.0115854 0.00916525 0.00705355 0.00532539 0.00397927 0.00296556 0.00221489
 1.00569e-16 3.58673e-05 0.00021052 0.00100074 0.00385291 0.012015 0.0303488 0.0620974 0.102932 0.138231 0.150411 0.132647 0.0948954 0.0552649 0.0266021 0.0113435 0.00555193 0.00459827 0.00564592 0.00745299 0.00952238 0.0115697 0.0133443 0.0146189 0.0152285 0.0151077 0.0143038 0.012961 0.0112814 0.00947686 0.00772661 0.00615279 0.0048156 0.0037243 0.00285582 0.00217311
 1.00481e-16 3.56344e-05 0.000209152 0.000994228 0.00382785 0.0119368 0.0301515 0.0616936 0.102263 0.137333 0.149438 0.131796 0.0943017 0.0549498 0.0265076 0.0114009 0.00572244 0.00487578 0.00604095 0.00797648 0.0101743 0.0123324 0.0141802 0.015473 0.0160359 0.0158038 0.0148358 0.0132968 0.0114144 0.00942464 0.00752562 0.00584985 0.00445918 0.00335726 0.00251092 0.00187133
 1.01037e-16 2.69623e-05 0.000158224 0.000752074 0.00289544 0.00902909 0.022807 0.0466676 0.0773622 0.103912 0.113121 0.0998852 0.0717291 0.0423213 0.0213975 0.0108858 0.00792281 0.00909632 0.0122782 0.016445 0.0210237 0.0255049 0.029352 0.0320632 0.0332765 0.0328541 0.0309129 0.0277875 0.0239415 0.0198574 0.0159414 0.0124669 0.00956398 0.00724455 0.00544548 0.00407145
 1.01611e-16 3.07511e-05 0.000180478 0.000857899 0.00330294 0.0102999 0.0260167 0.053234 0.0882427 0.118512 0.128975 0.113792 0.0815139 0.0476888 0.023363 0.0106658 0.00626395 0.00622285 0.00812307 0.0108788 0.0140022 0.0171492 0.0199795 0.0221708 0.0234778 0.0237839 0.0231224 0.021657 0.0196329 0.0173142 0.0149307 0.012647 0.0105565 0.00869556 0.00706496 0.00565053
 1.00642e-16 3.79802e-05 0.000222929 0.00105974 0.00408011 0.0127235 0.0321384 0.0657586 0.108999 0.146373 0.159258 0.140418 0.100385 0.0583228 0.0278132 0.0114123 0.00492637 0.00343701 0.00393992 0.00514375 0.00657385 0.00800564 0.00926362 0.0101925 0.0106792 0.010677 0.0102144 0.00938451 0.00831913 0.00715615 0.00601194 0.00496524 0.00405473 0.00328672 0.00264794 0.00211754
 1.00179e-16 3.96585e-05 0.000232784 0.00110659 0.00426051 0.0132861 0.0335594 0.068666 0.113817 0.152842 0.16629 0.146604 0.104779 0.0608162 0.0288905 0.0116594 0.00473209 0.00296272 0.00320994 0.00412973 0.00524166 0.0063368 0.00726441 0.00789604 0.00814196 0.00797089 0.00741735 0.0065716 0.00555647 0.00449859 0.00350341 0.00264054 0.00194092 0.00140367 0.00100766 0.000723224
 1.00081e-16 4.04364e-05 0.000237352 0.00112831 0.00434415 0.0135469 0.0342183 0.0700139 0.116051 0.15584 0.169549 0.149468 0.106807 0.0619537 0.0293571 0.0117194 0.00455625 0.0026161 0.00269517 0.00342901 0.00434137 0.00523968 0.00599458 0.00649847 0.00667699 0.00650521 0.00601373 0.00528001 0.00440891 0.00350823 0.00266764 0.00194611 0.00136949 0.000936208 0.000627064 0.000415318
 1.0013e-16 3.72773e-05 0.000218799 0.00104009 0.00400446 0.0124876 0.0315426 0.0645398 0.10698 0.143665 0.156321 0.13785 0.0985982 0.0573816 0.0275461 0.0116158 0.00548965 0.00434814 0.00523753 0.0068665 0.00872451 0.0105292 0.0120392 0.0130406 0.0133844 0.013021 0.0120135 0.0105192 0.00875097 0.00692725 0.00522961 0.00377722 0.00262193 0.00175975 0.0011509 0.000740134
 1.00478e-16 3.21599e-05 0.000188746 0.000897201 0.00345425 0.0107717 0.0272086 0.055673 0.092286 0.123943 0.13489 0.119017 0.0852731 0.0499199 0.0245135 0.0112834 0.00674364 0.00677335 0.00882787 0.0117468 0.014985 0.0181428 0.0208267 0.0226753 0.0234307 0.0229994 0.0214737 0.0191043 0.0162353 0.0132234 0.010368 0.007869 0.00581937 0.00422307 0.00302711 0.00215359
 1.0082e-16 3.34158e-05 0.000196124 0.000932284 0.00358935 0.011193 0.0282728 0.0578499 0.0958929 0.128782 0.140143 0.123621 0.0885032 0.0516733 0.0251189 0.0111337 0.00607331 0.00564296 0.00720323 0.00957867 0.0122621 0.0149215 0.0172424 0.0189344 0.0197846 0.019705 0.0187505 0.0170987 0.0150015 0.0127243 0.0104929 0.00846271 0.00671295 0.00525991 0.00408018 0.00313292
 1.00924e-16 3.24048e-05 0.000190187 0.000904053 0.00348064 0.010854 0.0274165 0.0560981 0.09299 0.124886 0.13591 0.119904 0.0858774 0.0502119 0.0245423 0.0111053 0.00637896 0.00620668 0.00802847 0.0106914 0.0136764 0.0166213 0.0191753 0.021014 0.0219018 0.0217449 0.0206117 0.0187089 0.0163257 0.0137644 0.0112799 0.00904499 0.00714348 0.00558666 0.00434036 0.00335136
 1.00786e-16 3.49672e-05 0.000205235 0.000975605 0.00375615 0.0117132 0.0295866 0.060538 0.100348 0.134761 0.14664 0.12933 0.0925425 0.0539346 0.0260367 0.0112318 0.00568872 0.00490068 0.00610404 0.00808358 0.0103426 0.0125848 0.0145425 0.0159709 0.0166912 0.01663 0.0158346 0.0144553 0.0127046 0.0108055 0.00894711 0.00725836 0.00580366 0.00459452 0.00360941 0.00281297
 1.00796e-16 3.25248e-05 0.00019089 0.000907399 0.00349352 0.0108942 0.027518 0.0563057 0.0933342 0.125349 0.136414 0.12035 0.0862011 0.0504089 0.0246528 0.0111788 0.00645259 0.00630193 0.00815563 0.0108529 0.013867 0.0168276 0.0193756 0.02118 0.0220026 0.0217522 0.0205049 0.0184796 0.0159793 0.0133195 0.0107651 0.00849407 0.00659043 0.00506127 0.00386525 0.00294071
 1.01175e-16 3.06762e-05 0.000180036 0.000855789 0.0032948 0.0102745 0.0259527 0.0531032 0.0880267 0.118224 0.128668 0.113536 0.0813623 0.0476643 0.0234697 0.0109127 0.00667681 0.00684049 0.00898401 0.0120048 0.0153822 0.0187282 0.0216549 0.0238001 0.0248973 0.0248355 0.0236821 0.0216573 0.0190736 0.01626 0.0134963 0.0109745 0.0087918 0.00696812 0.00547462 0.0042618
 1.01293e-16 3.20261e-05 0.000187964 0.000893488 0.00343996 0.0107272 0.0270961 0.0554425 0.091903 0.123426 0.13432 0.118497 0.0848633 0.0496053 0.0242211 0.0109193 0.00621873 0.00601233 0.00777424 0.010373 0.0133071 0.0162329 0.0188173 0.0207497 0.0217997 0.0218675 0.0210036 0.0193875 0.0172772 0.0149453 0.012624 0.0104737 0.00857717 0.0069547 0.00558785 0.00444254
 1.01313e-16 3.09243e-05 0.000181493 0.00086272 0.00332149 0.0103577 0.0261629 0.0535333 0.0887393 0.11918 0.129707 0.114448 0.0820056 0.0480205 0.0236067 0.0109119 0.00658896 0.00668196 0.00875122 0.0116884 0.0149762 0.0182345 0.0210863 0.0231798 0.024257 0.0242115 0.02311 0.0211675 0.0186879 0.0159897 0.0133423 0.0109287 0.00883949 0.00709005 0.00564959 0.00446869
 1.03624e-16 1.03473e-05 6.06549e-05 0.000288167 0.00110919 0.00345868 0.00873695 0.0178812 0.0296564 0.0398768 0.0435234 0.0386988 0.0283741 0.0179164 0.0112327 0.00927457 0.0111584 0.0157329 0.0222092 0.0300258 0.0385633 0.0470183 0.0544578 0.059984 0.0629308 0.0630145 0.0603903 0.0555907 0.0493759 0.042547 0.035785 0.0295574 0.0241021 0.0194712 0.0156019 0.0123849
pSPR Fmed_Fpbrs
0.394291   0.35536 0.35536
Fs Fmed_Fpbrs
0.844001   1.005 1.005
SSBpbr Bo_Bmed_Bpbrs
762307  262455  232778 232778
Ro
24343
SPR SPRFo_SPRFmed_SPRFpbrs
501698 197815 178283
log_Ro
9.92
likeval ReclasPelacesDesembMPH_pf_preclas_ppelaces_ptallas_desvR_qrecl_qpela
 69.9521 13.7681 0.0901506 0.000170632 296.789 187.868 76.9253 0 24.294 1.62265e-05 0.00011843 0 0 0 0
q_reclas_q_pelaces
1.76971 4.70326
M
0.7
N
 24755.5 16592 6917.74 893.56 0.163804
 41542.6 11628.5 5311.76 2214.65 286.117
 8571.63 19113.1 3159.84 1443.37 679.538
 13720.2 3623.17 2659.12 439.613 295.35
 41045.7 6381.6 1072.96 787.469 217.651
 21710.7 20111.5 2850.85 479.324 449.017
 63144.2 9615.15 4044.26 573.285 186.683
 61843.2 28621.1 2322.11 976.712 183.536
 79096.1 26942.7 5055.29 410.15 204.932
 124550 33921.6 4203.1 788.631 95.9535
 58638.9 56398.7 8128.44 1007.17 211.968
 46774.8 25371.1 9433.31 1359.57 203.914
 54593.3 20153.4 4105.69 1526.55 253.012
 28336.3 21375.4 1531.64 312.029 135.245
 13553 9408.97 442.024 31.673 9.24922
 11405.4 4409.45 165.641 7.78166 0.720418
 7843.68 4712.22 512.305 19.2447 0.9878
 8565.77 3373.78 752.366 81.7959 3.23038
 9152.36 3784.14 665.225 148.348 16.7651
 13485.5 4114.57 856.566 150.578 37.3744
 18883.8 5999.78 857.804 178.577 39.1843
 23167.2 8918.81 2005.15 286.681 72.7765
 31556 10847.4 2783.52 625.799 112.185
 33639.4 14554.9 3006.55 771.501 204.545
 4358.08 15340.9 3688.66 761.953 247.36
pred_Ctot
 965.7 4347.65 1812.68 234.143 0.0429223
 2205.67 3918.91 1790.11 746.356 96.424
 925.831 10614.5 1754.81 801.576 377.381
 627.52 1083.28 795.039 131.438 88.3057
 393.112 463.583 77.9439 57.2046 15.811
 1699.88 9055.28 1283.61 215.818 202.172
 3982.33 3700.06 1556.3 220.609 71.8384
 5497.81 14050.9 1139.99 479.496 90.1033
 7823.1 14172 2659.1 215.74 107.795
 7936.83 13155.5 1630.05 305.847 37.2127
 5471.43 28580.5 4119.16 510.39 107.417
 4488.84 13092 4867.77 701.565 105.223
 8419.69 13563.5 2763.19 1027.39 170.28
 6909.73 17155.4 1229.26 250.427 108.544
 3443.4 7641.6 358.995 25.7236 7.51186
 1392.71 2629.83 98.7897 4.64104 0.429663
 761.208 2449.03 266.255 10.0019 0.513378
 684.532 1540.83 343.611 37.3569 1.47534
 626.847 1548.17 272.157 60.6922 6.85894
 1015.75 1802.77 375.299 65.9748 16.3754
 666.094 1443.33 206.356 42.9589 9.42628
 954.785 2447.09 550.161 78.6579 19.968
 1622.18 3563.37 914.386 205.575 36.8528
 1984.95 5324.91 1099.95 282.254 74.8329
 287.641 6107.39 1468.49 303.342 98.4768
F
 0.0555856 0.438996 0.438996 0.438996 0.438996
 0.0763443 0.60294 0.60294 0.60294 0.60294
 0.161109 1.27238 1.27238 1.27238 1.27238
 0.0654532 0.516926 0.516926 0.516926 0.516926
 0.0133965 0.105801 0.105801 0.105801 0.105801
 0.114463 0.90399 0.90399 0.90399 0.90399
 0.0912757 0.720863 0.720863 0.720863 0.720863
 0.130888 1.03371 1.03371 1.03371 1.03371
 0.146612 1.15789 1.15789 1.15789 1.15789
 0.0922657 0.728682 0.728682 0.728682 0.728682
 0.137788 1.0882 1.0882 1.0882 1.0882
 0.141971 1.12124 1.12124 1.12124 1.12124
 0.23767 1.87703 1.87703 1.87703 1.87703
 0.402478 3.17863 3.17863 3.17863 3.17863
 0.42286 3.3396 3.3396 3.3396 3.3396
 0.183926 1.45259 1.45259 1.45259 1.45259
 0.143675 1.13469 1.13469 1.13469 1.13469
 0.116954 0.923663 0.923663 0.923663 0.923663
 0.0994781 0.785643 0.785643 0.785643 0.785643
 0.109895 0.867914 0.867914 0.867914 0.867914
 0.050142 0.396004 0.396004 0.396004 0.396004
 0.058808 0.464445 0.464445 0.464445 0.464445
 0.0738366 0.583135 0.583135 0.583135 0.583135
 0.0851727 0.672664 0.672664 0.672664 0.672664
 0.095707 0.75586 0.75586 0.75586 0.75586
nmprior
 10 11 7 0
nm_flota  nm_reclas  nm_pelaces    nm_pelaL
inf 30.4337 10.4566 16.7213
cv_recla  cv_pelaces  cv_mph
0.756529 0.436619 0.423807
 ------------------------------------------------
Talla a la edad & desviación 
 7.2 14.2025 17.0495 18.207 18.6776
 1.08 2.13037 2.55742 2.73105 2.80164
