years
 1997 1998 1999 2000 2001 2002 2003 2004 2005 2006 2007 2008 2009 2010 2011 2012 2013 2014 2015 2016 2017 2018 2019 2020 2021
reclasobs
 0 0 0 370054 412103 1.49427e+06 250295 1.28982e+06 931140 785840 897777 1.04006e+06 184774 17550 25797 100020 73551 82996 120727 218422 84188 347160 605670 569463 516374
reclaspred
 445204 101385 206240 155259 287171 325492 726534 530660 697080 809549 671999 451062 281995 125261 82127.8 80576.8 96490.3 123500 120919 188322 291749 261223 417192 457434 399116
pelacesobs
 0 0 0 0 0 0 0 0 0 2.06254e+06 1.5e+06 0 1.87456e+06 323000 250000 174000 83755 137374 0 501740 490994 745055 786931 1.00524e+06 0
pelacespred
 708082 159706 183581 221654 364507 335218 920877 759087 936177 1.08176e+06 814836 568879 356417 128699 83226.1 88190.7 110726 144672 145198 219470 381783 334684 422804 546059 495267
mphobs
 0 0 0 0 0 112323 0 153150 637223 0 255016 313432 73983 77613 109348 50772 0 0 0 0 0 0 0 0 0
mphpred
 609464 291924 272367 224194 303407 570492 790537 960842 911461 1.12473e+06 1.34276e+06 972803 590931 314533 140800 115082 136168 178329 207377 225462 379561 470920 564830 720217 879624
desembarqueobs
 350755 77701 442110 56441 14545 235359 269955 359681 431902 328805 639364 411747 362871 311530 167758 66681 60226 58785 57116 71774 51957 67425 138520 160799 200461
desembarquepred
 350741 77682.5 441858 56436.5 14544.9 235369 269966 359551 431787 328720 639164 411738 362831 311575 167641 66671.4 60234.4 58774.6 57101.2 71755.9 51952.9 67409 138498 160785 200456
Reclutas
 29135.3 42700.5 15882.5 37972.9 70035.8 41030.7 77621.4 87873.8 130342 169893 66483.6 36707.7 45332 22528.8 16069.1 18143.7 13593.8 14189.4 14646.8 33844.6 41109.1 47361.3 66542.3 67235 8409.13
log_desv_Rt
 -0.240295 0.141967 -0.847027 0.0246276 0.636761 0.102077 0.739598 0.863656 1.25791 1.52292 0.58471 -0.00925731 0.201769 -0.49745 -0.835348 -0.713921 -1.00263 -0.959749 -0.928023 -0.0904654 0.103984 0.245561 0.585593 0.595949 -1.48293
SSB
 609464 291924 272367 224194 303407 570492 790537 960842 911461 1.12473e+06 1.34276e+06 972803 590931 314533 140800 115082 136168 178329 207377 225462 379561 470920 564830 720217 879624
BT
 1.52444e+06 424450 565919 456923 664421 784383 1.83571e+06 1.76109e+06 2.06984e+06 2.24801e+06 2.0235e+06 1.39257e+06 994762 529103 290158 212840 247317 306295 309497 451653 725474 662927 853343 1.11297e+06 1.05732e+06
Ftot
 0.483241 0.582105 1.15614 0.302944 0.0442087 0.380262 0.262973 0.495274 0.502299 0.313909 0.506177 0.459726 0.75981 1.3394 1.38798 0.573819 0.420432 0.303182 0.273746 0.294313 0.122215 0.151966 0.192335 0.212361 0.22204
BD_Bspro_t
 0.935726 0.676926 0.561252 0.343494 0.544471 0.740829 0.678163 0.690727 0.647198 0.650038 0.662028 0.511726 0.394639 0.290442 0.173797 0.177608 0.267239 0.404826 0.499752 0.578746 0.718272 0.80326 0.80321 0.790786 0.760781
BD_Bspro
 0.798183 0.382317 0.356704 0.293615 0.397356 0.747143 1.03532 1.25836 1.19369 1.47299 1.75854 1.27403 0.77391 0.411927 0.184398 0.150717 0.178332 0.233547 0.27159 0.295276 0.497091 0.616739 0.739728 0.943229 1.152
BD_Bo
 0.62093 0.297416 0.277491 0.228412 0.309115 0.581225 0.805409 0.978918 0.928609 1.14588 1.36802 0.991104 0.602048 0.32045 0.143449 0.117247 0.13873 0.181683 0.211278 0.229704 0.386702 0.47978 0.575456 0.733766 0.896173
BD_Brms
 2.10792 1.00966 0.942019 0.775407 1.04938 1.97313 2.73419 3.32321 3.15242 3.89003 4.64413 3.36458 2.04382 1.08786 0.486978 0.398028 0.470957 0.616775 0.717242 0.779794 1.31277 1.62875 1.95355 2.49097 3.04231
S_f
 0.160666 1 1 1 1
 0.160666 1 1 1 1
 0.160666 1 1 1 1
 0.160666 1 1 1 1
 0.160666 1 1 1 1
 0.160666 1 1 1 1
 0.160666 1 1 1 1
 0.160666 1 1 1 1
 0.160666 1 1 1 1
 0.160666 1 1 1 1
 0.160666 1 1 1 1
 0.160666 1 1 1 1
 0.160666 1 1 1 1
 0.160666 1 1 1 1
 0.160666 1 1 1 1
 0.160666 1 1 1 1
 0.160666 1 1 1 1
 0.160666 1 1 1 1
 0.160666 1 1 1 1
 0.160666 1 1 1 1
 0.160666 1 1 1 1
 0.160666 1 1 1 1
 0.160666 1 1 1 1
 0.160666 1 1 1 1
 0.160666 1 1 1 1
Scru_reclas
 1 1 1 1 1
 1 1 1 1 1
 1 1 1 1 1
 1 1 1 1 1
 1 1 1 1 1
 1 1 1 1 1
 1 1 1 1 1
 1 1 1 1 1
 1 1 1 1 1
 1 1 1 1 1
 1 1 1 1 1
 1 1 1 1 1
 1 1 1 1 1
 1 1 1 1 1
 1 1 1 1 1
 1 1 1 1 1
 1 1 1 1 1
 1 1 1 1 1
 1 1 1 1 1
 1 1 1 1 1
 1 1 1 1 1
 1 1 1 1 1
 1 1 1 1 1
 1 1 1 1 1
 1 1 1 1 1
Scru_pelaces
 1 1 1 1 1
 1 1 1 1 1
 1 1 1 1 1
 1 1 1 1 1
 1 1 1 1 1
 1 1 1 1 1
 1 1 1 1 1
 1 1 1 1 1
 1 1 1 1 1
 1 1 1 1 1
 1 1 1 1 1
 1 1 1 1 1
 1 1 1 1 1
 1 1 1 1 1
 1 1 1 1 1
 1 1 1 1 1
 1 1 1 1 1
 1 1 1 1 1
 1 1 1 1 1
 1 1 1 1 1
 1 1 1 1 1
 1 1 1 1 1
 1 1 1 1 1
 1 1 1 1 1
 1 1 1 1 1
pf_obs 
 0.256992 0.487395 0.22802 0.0275931 0
 0.321318 0.546541 0.124235 0.00734118 0.000564706
 0.182869 0.594174 0.210203 0.0122559 0.00049798
 0.330522 0.361315 0.267642 0.0388342 0.00168674
 0.649043 0.306663 0.0425973 0.00169635 0
 0.582887 0.30429 0.105238 0.00758474 0
 0.465427 0.430635 0.0974691 0.00646863 0
 0.296916 0.608066 0.0921331 0.00288517 0
 0.311714 0.524322 0.152257 0.0117073 0
 0.15457 0.633149 0.183074 0.0267441 0.00246327
 0.131901 0.49318 0.331252 0.0422183 0.00144891
 0.196976 0.569456 0.194076 0.0375587 0.00193317
 0.518974 0.381816 0.0799577 0.0180837 0.00116848
 0.0928022 0.601141 0.25162 0.0475244 0.00691264
 0.122501 0.610282 0.24278 0.0234846 0.000952079
 0.383417 0.481906 0.127806 0.00687128 0
 0.0376549 0.599619 0.316969 0.0457579 0
 0.0361596 0.667082 0.258105 0.0386534 0
 0.158088 0.579412 0.248529 0.0139706 0
 0.0477256 0.309471 0.559284 0.082774 0.000745712
 0.0406174 0.521527 0.379366 0.0568643 0.0016247
 0.151134 0.462217 0.34131 0.0453401 0
 0.294876 0.26143 0.354403 0.0886775 0.000613685
 0.281977 0.475581 0.204845 0.0348837 0.00271318
 0 0 0 0 0
pf_pred 
 0.202631 0.5492 0.220505 0.0276557 8.88682e-06
 0.295061 0.470076 0.161765 0.0649492 0.00814851
 0.130188 0.675089 0.129848 0.0446839 0.0201916
 0.39455 0.379917 0.175044 0.0336682 0.0168215
 0.344223 0.540548 0.0723058 0.0333144 0.00960921
 0.143962 0.658598 0.162748 0.0217698 0.0129234
 0.284966 0.398342 0.243649 0.0602086 0.0128348
 0.251231 0.552406 0.109393 0.0669107 0.0200591
 0.3106 0.500976 0.13901 0.0275282 0.0218855
 0.28572 0.558421 0.11326 0.0314273 0.0111714
 0.105734 0.664679 0.17949 0.0364045 0.0136922
 0.0995586 0.436803 0.344608 0.093058 0.025973
 0.205055 0.367682 0.207265 0.163518 0.0564807
 0.163575 0.586247 0.115714 0.0652285 0.069236
 0.240044 0.538986 0.154877 0.0305697 0.0355233
 0.30905 0.554127 0.0970392 0.0278841 0.0118994
 0.195336 0.633061 0.137622 0.0241005 0.00988056
 0.207383 0.514745 0.218613 0.0475246 0.0117346
 0.201782 0.521413 0.179764 0.0763459 0.020695
 0.357982 0.412221 0.150108 0.0517518 0.0279369
 0.256311 0.594857 0.0955601 0.0347978 0.0184733
 0.218169 0.542943 0.19108 0.0306958 0.0171117
 0.245443 0.491335 0.182795 0.0643315 0.0160955
 0.200654 0.550994 0.161716 0.0601643 0.0264714
 0.0279453 0.615834 0.245545 0.0720671 0.0386083
pobs_RECLAS
 0 0 0 0 0
 0 0 0 0 0
 0 0 0 0 0
 0 0 0 0 0
 0.835266 0.146461 0.0176864 0.000547809 3.91292e-05
 0.385257 0.428462 0.181853 0.0044286 0
 0.867414 0.0963971 0.0333333 0.00285562 0
 0.441836 0.489002 0.0689373 0.000224442 0
 0.779404 0.147425 0.0564933 0.0165055 0.000172143
 0.814271 0.122319 0.05973 0.00367925 0
 0.40263 0.566651 0.0304383 0.000280538 0
 0.475488 0.404961 0.113038 0.00651328 0
 0.955842 0.0263864 0.0167828 0.000988607 0
 0.975058 0.0227948 0.00214734 0 0
 0.738997 0.206755 0.0527124 0.00153531 0
 0.850938 0.134255 0.0134407 0.00136685 0
 0.542534 0.407297 0.0501686 0 0
 0.764087 0.199537 0.0359546 0.000420521 0
 0.470689 0.182191 0.310203 0.0369168 0
 0.84361 0.089868 0.0606195 0.00523954 0.000663233
 0.607945 0.314616 0.071237 0.00620181 0
 0.523733 0.453247 0.0230204 0 0
 0.530135 0.295979 0.169645 0.0042399 0
 0.562478 0.366248 0.0663022 0.0049721 0
 0.250443 0.683176 0.0655157 0.000865301 0
ppred_RECLAS
 0.620364 0.26148 0.104985 0.0131671 4.23111e-06
 0.730857 0.179473 0.0617612 0.0247973 0.00311107
 0.509072 0.381025 0.073287 0.0252199 0.0113963
 0.805107 0.122295 0.0563463 0.0108377 0.00541482
 0.766047 0.192844 0.0257956 0.0118851 0.00342816
 0.517443 0.371258 0.0917424 0.0122718 0.00728504
 0.715848 0.1583 0.096825 0.0239267 0.00510048
 0.683524 0.233481 0.0462362 0.0282806 0.00847824
 0.743715 0.186238 0.0516773 0.0102336 0.00813598
 0.717336 0.220986 0.0448207 0.0124368 0.00442088
 0.432404 0.421876 0.113924 0.0231062 0.00869055
 0.415053 0.283757 0.223865 0.0604526 0.0168727
 0.630113 0.171082 0.09644 0.0760847 0.0262804
 0.581653 0.293218 0.0578754 0.0326247 0.0346291
 0.693433 0.217428 0.0624776 0.0123318 0.0143302
 0.743563 0.205657 0.0360149 0.0103488 0.00441631
 0.608276 0.308185 0.0669968 0.0117325 0.00481003
 0.623867 0.24427 0.103742 0.0225526 0.00556859
 0.615261 0.25132 0.0866458 0.0367986 0.00997495
 0.779369 0.14166 0.051585 0.0177846 0.00960056
 0.683461 0.253191 0.0406736 0.0148111 0.00786284
 0.636535 0.252409 0.0888311 0.0142702 0.00795506
 0.671761 0.213735 0.0795174 0.0279848 0.00700169
 0.612613 0.267028 0.0783725 0.0291575 0.0128289
 0.153422 0.53634 0.213849 0.0627644 0.0336246
pobs_PELACES
 0 0 0 0 0
 0 0 0 0 0
 0 0 0 0 0
 0 0 0 0 0
 0 0 0 0 0
 0 0 0 0 0
 0 0 0 0 0
 0 0 0 0 0
 0 0 0 0 0
 0 0 0 0 0
 0.450072 0.473896 0.0757376 0.000293798 0
 0 0 0 0 0
 0.463077 0.371075 0.160297 0.00555027 0
 0.529543 0.364841 0.0842815 0.0213345 0
 0.631943 0.363953 0.00410389 0 0
 0.735681 0.248677 0.0153453 0.000297389 0
 0.695825 0.281241 0.0229344 0 0
 0.275771 0.60734 0.115278 0.00161068 0
 0 0 0 0 0
 0.896147 0.0623911 0.0374545 0.00400742 0
 0.803859 0.145111 0.0509908 3.86294e-05 0
 0.739449 0.233085 0.0266225 0.000797448 4.60066e-05
 0.878498 0.100942 0.0204185 0.000141795 0
 0.694673 0.275183 0.0284847 0.00165964 0
 0 0 0 0 0
ppred_PELACES
 0.651342 0.240143 0.0964183 0.0120927 3.88586e-06
 0.76137 0.159126 0.0547592 0.021986 0.00275836
 0.588197 0.319613 0.0614749 0.0211551 0.00955946
 0.817937 0.114244 0.0526369 0.0101243 0.00505835
 0.768234 0.191041 0.0255545 0.011774 0.00339611
 0.54367 0.35108 0.0867563 0.0116049 0.0068891
 0.730429 0.150177 0.0918567 0.0226989 0.00483877
 0.712426 0.212159 0.0420137 0.0256979 0.00770398
 0.769323 0.167629 0.0465136 0.00921107 0.00732302
 0.734628 0.207467 0.0420788 0.011676 0.00415043
 0.467085 0.396098 0.106963 0.0216943 0.00815954
 0.446264 0.268617 0.21192 0.057227 0.0159724
 0.677685 0.149079 0.0840366 0.0662992 0.0229004
 0.668309 0.232481 0.0458871 0.0258668 0.027456
 0.768642 0.164086 0.0471501 0.00930649 0.0108146
 0.77268 0.182306 0.0319256 0.00917378 0.00391486
 0.635647 0.286651 0.0623154 0.0109127 0.00447393
 0.643358 0.231612 0.0983658 0.0213839 0.00528002
 0.633045 0.239703 0.0826407 0.0350976 0.00951387
 0.793067 0.132865 0.0483824 0.0166804 0.00900451
 0.690739 0.24737 0.0397385 0.0144706 0.00768206
 0.646216 0.245686 0.086465 0.0138901 0.00774317
 0.683398 0.206157 0.0766981 0.0269926 0.00675345
 0.626476 0.257472 0.0755678 0.028114 0.0123698
 0.161582 0.531171 0.211788 0.0621594 0.0333005
pobs_pel_tallas
 0 0 0 0 0 0 0 0 0 0 0 0 0 0 0 0 0 0 0 0 0 0 0 0 0 0 0 0 0 0 0 0 0 0 0 0
 0 0 0 0 0 0 0 0 0 0 0 0 0 0 0 0 0 0 0 0 0 0 0 0 0 0 0 0 0 0 0 0 0 0 0 0
 0 0 0 0 0 0 0 0 0 0 0 0 0 0 0 0 0 0 0 0 0 0 0 0 0 0 0 0 0 0 0 0 0 0 0 0
 0 0 0 0 0 0 0 0 0 0 0 0 0 0 0 0 0 0 0 0 0 0 0 0 0 0 0 0 0 0 0 0 0 0 0 0
 0 0 0 0 0 0 0 0 0 0 0 0 0 0 0 0 0 0 0 0 0 0 0 0 0 0 0 0 0 0 0 0 0 0 0 0
 0 0 0 0 0 0 0 0 0 0 0 0 0 0 0 0 0 0 0 0 0 0 0 0 0 0 0 0 0 0 0 0 0 0 0 0
 0 0 0 0 0 0 0 0 0 0 0 0 0 0 0 0 0 0 0 0 0 0 0 0 0 0 0 0 0 0 0 0 0 0 0 0
 0 0 0 0 0 0 0 0 0 0 0 0 0 0 0 0 0 0 0 0 0 0 0 0 0 0 0 0 0 0 0 0 0 0 0 0
 0 0 0 0 0 0 0 0 0 0 0 0 0 0 0 0 0 0 0 0 0 0 0 0 0 0 0 0 0 0 0 0 0 0 0 0
 0 0 0 0 0 0 0 0 0 0 0 0 0 0 0 0 0 0 0 0 0 0 0 0 0 0 0 0 0 0 0 0 0 0 0 0
 0 0 0 0 0 0 0 0 1.78061e-05 0.00172719 0.00360574 0.0105946 0.0120993 0.0124554 0.0147524 0.0171206 0.0266825 0.0428682 0.0675386 0.121331 0.153587 0.119568 0.100827 0.0573624 0.0630603 0.0341343 0.0324427 0.0444173 0.0211091 0.0280891 0.0125444 0.00206551 0 0 0 0
 0 0 0 0 0 0 0 0 0 0 0 0 0 0 0 0 0 0 0 0 0 0 0 0 0 0 0 0 0 0 0 0 0 0 0 0
 0 0 0 0 0 0 0.0133647 0.0140871 0.0187388 0.0205184 0.03894 0.0496705 0.03968 0.0493445 0.0407372 0.0367815 0.0215668 0.0243155 0.0234873 0.0199281 0.019796 0.0243948 0.0301388 0.0376714 0.0412746 0.0863199 0.0771752 0.113111 0.0741005 0.0525337 0.0229764 0.00759418 0.00175318 0 0 0
 0 0 0 0 0 0 0 0 0 0 0.00219441 0.00772107 0.0458388 0.0604681 0.0671733 0.0775358 0.0609151 0.0617685 0.073594 0.0568108 0.0755445 0.0548602 0.0670107 0.0636378 0.0643287 0.046367 0.0373049 0.0286899 0.0247887 0.0153202 0.00654259 0.00121912 0.000365735 0 0 0
 0 0 0 0 0 0 0 0 0 0 0 0 0.000112435 0.00938835 0.0111873 0.0202946 0.0414886 0.0713402 0.111592 0.104902 0.108894 0.110636 0.117776 0.105296 0.107544 0.0401394 0.0192827 0.0124803 0.00416011 0.0028671 0.000618394 0 0 0 0 0
 0 0 0 0 0 0 0 0 0 0 0.00291406 0.0102884 0.027416 0.0768956 0.0749926 0.110853 0.0956884 0.0897413 0.0766577 0.0534642 0.0500743 0.0551293 0.0594112 0.0620874 0.0668451 0.0424026 0.0208742 0.0120726 0.0048766 0.00582813 0.00118941 0.000297354 0 0 0 0
 0 0.00264628 0.0354308 0.0461629 0.0458689 0.0383711 0.0214643 0.0164657 0.0346957 0.0420465 0.0363128 0.0245516 0.0311673 0.0291091 0.0169068 0.0133784 0.00837989 0.0085269 0.0148486 0.0160247 0.0276389 0.0546898 0.0760071 0.122758 0.109233 0.0665981 0.0333725 0.0166128 0.00676272 0.00308733 0.000882094 0 0 0 0 0
 0 0 0 0 0 0 0 0.000805153 0.000690131 0.00759144 0.0133425 0.0154129 0.00931677 0.000345066 0.00356568 0.00563607 0.00851162 0.0253048 0.0502646 0.0516448 0.0657925 0.0565908 0.0611916 0.0827007 0.0866115 0.110766 0.145733 0.0935128 0.0569358 0.0249597 0.0138026 0.00621118 0.00161031 0.00115022 0 0
 0 0 0 0 0 0 0 0 0 0 0 0 0 0 0 0 0 0 0 0 0 0 0 0 0 0 0 0 0 0 0 0 0 0 0 0
 0.00147267 0.00158595 0.00478618 0.00569244 0.00954404 0.0108468 0.00647125 0.017049 0.0510054 0.094081 0.124002 0.0959785 0.0687766 0.0820023 0.061753 0.0591476 0.0492212 0.0479892 0.0443925 0.0268479 0.0217502 0.0140895 0.0121071 0.0120363 0.00920419 0.00665534 0.0049561 0.00860946 0.00930331 0.0156896 0.0114698 0.00855282 0.00243557 0.00046729 0 2.83206e-05
 0 0 0 0 0.000772559 0.00158375 0.000888443 0.00281984 0.00712685 0.0440552 0.0773331 0.111326 0.0921469 0.0852325 0.0710754 0.0886704 0.0786465 0.0553345 0.0373146 0.0185414 0.00753245 0.00457741 0.012979 0.0271748 0.0457355 0.0583668 0.034881 0.0177882 0.00938659 0.00492506 0.0015258 0.00185414 0.000309023 5.79419e-05 3.86279e-05 0
 0 0.00173294 0.00326652 0 0.00397197 0.00683976 0.00946217 0.0152591 0.00757587 0.0136028 0.0228656 0.0392903 0.0559909 0.0764795 0.0681675 0.0726916 0.0566044 0.0477403 0.0527397 0.0444891 0.0609904 0.0582453 0.0661739 0.0445044 0.0529084 0.0360697 0.0280645 0.0235558 0.0158879 0.00826598 0.00280645 0.00217768 0.000904811 0.00058276 9.20147e-05 0
 0 0 0 0 0 0 0 0 0 0 0 0 0 0 0 0 0 0 0 0 0 0 0 0 0 0 0 0 0 0 0 0 0 0 0 0
 0 0 0 0 0 0 0 0 0 0 0 0 0 0 0 0 0 0 0 0 0 0 0 0 0 0 0 0 0 0 0 0 0 0 0 0
 0 0 0 0 0 0 0 0 0 0 0 0 0 0 0 0 0 0 0 0 0 0 0 0 0 0 0 0 0 0 0 0 0 0 0 0
ppred_pel_tallas
 1.01863e-16 2.84241e-05 0.000166813 0.000792928 0.00305277 0.00951973 0.0240462 0.0492025 0.0815614 0.109543 0.119228 0.105222 0.0754396 0.0442665 0.0219319 0.0104279 0.00669851 0.00712589 0.00947905 0.0127385 0.0164119 0.0201164 0.0234586 0.0260615 0.0276362 0.0280427 0.0273151 0.0256391 0.023296 0.0205909 0.0177911 0.0150901 0.0126008 0.010371 0.0084076 0.00669977
 1.01714e-16 3.32185e-05 0.000194968 0.000926796 0.00356823 0.0111272 0.0281064 0.0575093 0.0953275 0.128021 0.139309 0.122871 0.0879366 0.0512824 0.0248177 0.0108131 0.00563792 0.0050198 0.0063413 0.00845319 0.0108845 0.0133493 0.0155833 0.0173393 0.0184292 0.0187631 0.0183649 0.0173567 0.015921 0.0142529 0.0125201 0.0108396 0.00927554 0.00785077 0.0065646 0.0054088
 1.02151e-16 2.56739e-05 0.00015066 0.000716116 0.002757 0.00859736 0.0217165 0.0444363 0.0736636 0.098945 0.107716 0.0951192 0.06832 0.0403372 0.0204457 0.0104875 0.00774365 0.00897297 0.0121563 0.0163241 0.0209328 0.0254948 0.0294924 0.0324372 0.033971 0.0339467 0.0324585 0.0298062 0.0264124 0.0227181 0.0190942 0.0157899 0.0129254 0.0105166 0.00851688 0.00685617
 1.01369e-16 3.56833e-05 0.000209443 0.000995618 0.00383322 0.0119536 0.0301937 0.0617798 0.102405 0.13752 0.149631 0.131943 0.0943577 0.0548827 0.0262899 0.0109929 0.00506561 0.00389985 0.00468142 0.00619744 0.00799183 0.00983247 0.0115244 0.0128871 0.0137808 0.0141337 0.0139537 0.0133187 0.0123503 0.0111818 0.00993019 0.00868048 0.00748361 0.00636398 0.00533088 0.00438824
 1.00989e-16 3.3519e-05 0.00019673 0.000935165 0.00360044 0.0112276 0.0283601 0.0580286 0.0961892 0.12918 0.140577 0.124005 0.0887794 0.051838 0.0252052 0.0111817 0.00611176 0.00568608 0.00725497 0.00963602 0.0123163 0.0149582 0.0172434 0.0188802 0.0196581 0.0194966 0.0184615 0.0167437 0.0146072 0.0123258 0.0101282 0.00816631 0.00650983 0.00516228 0.0040865 0.00322968
 1.02067e-16 2.37336e-05 0.000139266 0.00066194 0.0025484 0.00794684 0.0200733 0.0410745 0.0680925 0.0914672 0.0995894 0.0879757 0.0632612 0.0374954 0.0192735 0.0103249 0.00816298 0.00981201 0.01341 0.0180413 0.0231552 0.0282266 0.0326866 0.035994 0.0377479 0.0377775 0.0361761 0.0332642 0.0294998 0.0253663 0.0212755 0.0175108 0.0142177 0.0114293 0.00910864 0.0071896
 1.02359e-16 3.1869e-05 0.000187046 0.000889135 0.00342322 0.010675 0.0269642 0.0551722 0.0914537 0.122819 0.133648 0.117881 0.0843681 0.0492086 0.0238288 0.0104103 0.00547483 0.00493085 0.00627672 0.00842126 0.0109247 0.0135231 0.015969 0.0180232 0.0194932 0.0202693 0.0203407 0.019785 0.0187369 0.0173498 0.0157625 0.0140809 0.0123767 0.0106959 0.00907181 0.00753387
 1.01909e-16 3.10864e-05 0.000182446 0.000867254 0.00333895 0.0104122 0.0263004 0.0538146 0.0892051 0.119804 0.130382 0.115034 0.0824043 0.0482113 0.0236211 0.0107856 0.00633339 0.00628363 0.00818563 0.0109352 0.0140318 0.017121 0.0198555 0.0219116 0.0230508 0.0231725 0.0223335 0.0207248 0.0186164 0.0162898 0.0139805 0.0118453 0.00995814 0.00832855 0.00692857 0.00571854
 1.01374e-16 3.35656e-05 0.000197005 0.000936479 0.0036055 0.0112434 0.0284 0.0581101 0.0963237 0.129359 0.140766 0.12416 0.0888649 0.0518362 0.0251085 0.0109777 0.00577596 0.00518538 0.00655768 0.00872469 0.0112002 0.0136824 0.0158918 0.0175687 0.0185199 0.0186598 0.0180266 0.0167649 0.0150842 0.0132056 0.0113176 0.00954999 0.00796968 0.00659361 0.00540865 0.00439039
 1.01261e-16 3.20544e-05 0.000188129 0.000894273 0.00344299 0.0107366 0.0271199 0.0554912 0.091984 0.123535 0.13444 0.118606 0.084948 0.0496681 0.0242761 0.0109847 0.00631107 0.00614481 0.00795588 0.010607 0.0135884 0.016546 0.0191364 0.0210407 0.0220252 0.0219936 0.0210065 0.0192588 0.0170255 0.0145946 0.0122093 0.0100341 0.00814997 0.00656974 0.00526483 0.00419026
 1.02775e-16 2.0396e-05 0.000119667 0.000568756 0.0021896 0.00682793 0.0172471 0.0352923 0.0585097 0.0786038 0.0856072 0.0756799 0.0545413 0.0325719 0.0171939 0.00993816 0.00871375 0.0109981 0.0151994 0.0204992 0.0263449 0.0321629 0.037316 0.0411937 0.0433403 0.0435557 0.0419349 0.0388261 0.034732 0.0301844 0.025637 0.0214036 0.0176472 0.0144096 0.0116584 0.00933121
 1.05809e-16 1.94831e-05 0.000114319 0.000543355 0.00209184 0.0065231 0.016477 0.0337156 0.0558931 0.0750801 0.0817476 0.0722155 0.0519309 0.0307868 0.015843 0.00852831 0.00681877 0.00829953 0.0114831 0.0156718 0.0204764 0.0255277 0.0304053 0.0346798 0.0379892 0.0401047 0.0409615 0.0406432 0.0393338 0.0372556 0.0346188 0.0315947 0.0283157 0.0248893 0.0214171 0.018004
 1.0459e-16 2.9569e-05 0.000173544 0.000824943 0.00317607 0.00990426 0.0250174 0.0511888 0.0848513 0.113953 0.124004 0.109382 0.0783022 0.0457047 0.0221967 0.00980991 0.00532649 0.00495998 0.00639862 0.00863717 0.0112716 0.0140572 0.016761 0.0191545 0.0210501 0.0223341 0.0229809 0.0230415 0.0226131 0.0218042 0.0207065 0.0193827 0.0178713 0.0162005 0.0144032 0.012527
 1.02899e-16 2.91635e-05 0.000171155 0.000813572 0.00313226 0.00976763 0.0246723 0.0504835 0.0836844 0.112393 0.122325 0.107945 0.0773698 0.0453536 0.0223852 0.0104991 0.00654922 0.00681417 0.0089989 0.0120579 0.0154959 0.0189397 0.0220147 0.0243692 0.0257434 0.0260265 0.0252775 0.0236989 0.021577 0.0192085 0.0168378 0.0146235 0.0126361 0.0108783 0.00931686 0.00791091
 1.01548e-16 3.35358e-05 0.000196831 0.000935649 0.00360231 0.0112335 0.0283748 0.0580586 0.0962382 0.129244 0.14064 0.124047 0.0887803 0.0517792 0.0250666 0.0109353 0.00571943 0.00510461 0.00644558 0.0085775 0.0110186 0.0134732 0.0156679 0.0173491 0.0183272 0.0185172 0.0179543 0.0167769 0.0151862 0.0133946 0.011583 0.0098751 0.00833472 0.00697795 0.00579293 0.00475806
 1.01011e-16 3.37125e-05 0.000197867 0.000940571 0.00362126 0.0112926 0.0285241 0.0583641 0.096745 0.129926 0.141386 0.124713 0.0892755 0.052105 0.0252928 0.0111492 0.00599395 0.00549092 0.00697631 0.00926635 0.0118554 0.0144181 0.0166499 0.0182708 0.0190776 0.0189887 0.0180619 0.0164734 0.0144698 0.0123083 0.0102053 0.00830609 0.00668038 0.00533628 0.0042442 0.00335966
 1.01563e-16 2.77416e-05 0.000162802 0.000773849 0.00297929 0.0092906 0.0234675 0.0480187 0.0796005 0.106914 0.116378 0.102734 0.0737151 0.0433738 0.02171 0.0106875 0.00734118 0.00814949 0.0109276 0.01465 0.0187801 0.0228678 0.0264446 0.0290696 0.0304185 0.0303566 0.0289668 0.0265179 0.023391 0.0199861 0.0166428 0.0135927 0.0109519 0.00874217 0.00692661 0.00544412
 1.02454e-16 2.80757e-05 0.000164768 0.000783207 0.00301535 0.00940303 0.0237514 0.0485992 0.0805613 0.1082 0.117764 0.103928 0.0745067 0.0437087 0.0216365 0.0102566 0.00654966 0.00694299 0.0092359 0.0124273 0.0160402 0.0197078 0.0230533 0.0257142 0.0274102 0.0280009 0.0275099 0.026104 0.0240394 0.0215952 0.0190151 0.0164748 0.0140779 0.0118701 0.00986419 0.00805996
 1.02902e-16 2.76262e-05 0.000162129 0.000770659 0.00296703 0.00925236 0.0233708 0.0478206 0.0792709 0.106468 0.115882 0.102273 0.0733339 0.0430482 0.0213606 0.0102107 0.00663193 0.00711167 0.00948391 0.0127583 0.016455 0.0201986 0.0236023 0.0262963 0.0279977 0.0285704 0.0280481 0.0266115 0.0245305 0.0220935 0.019547 0.017062 0.0147311 0.0125861 0.010626 0.00884049
 1.01725e-16 3.45996e-05 0.000203079 0.00096536 0.00371671 0.0115902 0.029276 0.0599022 0.099293 0.133343 0.145092 0.127954 0.0915319 0.0532947 0.0256336 0.0108984 0.00529243 0.00435438 0.00535632 0.0071137 0.00916505 0.0112567 0.0131661 0.0146869 0.0156615 0.0160132 0.0157588 0.0149961 0.0138724 0.0125452 0.0111493 0.00977843 0.00848346 0.00728267 0.00617669 0.00516157
 1.01501e-16 3.01422e-05 0.0001769 0.000840878 0.00323739 0.0100955 0.0255004 0.0521779 0.0864934 0.116166 0.126433 0.111572 0.0799744 0.0468905 0.0231617 0.0108914 0.00682746 0.00712033 0.00939142 0.0125493 0.0160665 0.0195394 0.0225625 0.0247581 0.0258517 0.0257348 0.024487 0.0223485 0.0196541 0.0167521 0.0139337 0.0113933 0.00922183 0.00742682 0.00596523 0.00477491
 1.02147e-16 2.82008e-05 0.000165502 0.000786691 0.00302876 0.00944485 0.023857 0.0488155 0.0809201 0.108683 0.118293 0.1044 0.074859 0.0439426 0.0218023 0.0104176 0.00675881 0.00723796 0.0096408 0.0129519 0.0166758 0.0204229 0.0237926 0.0264026 0.0279626 0.0283361 0.0275651 0.0258464 0.0234726 0.0207572 0.0179713 0.0153063 0.0128681 0.0106945 0.00878196 0.00711055
 1.024e-16 2.98205e-05 0.000175015 0.000831925 0.00320293 0.00998801 0.025229 0.0516223 0.0855712 0.114925 0.125073 0.110354 0.079061 0.0462739 0.0227078 0.0104317 0.00621809 0.00625629 0.00820381 0.0110095 0.0141992 0.0174354 0.0203822 0.0227195 0.0242019 0.0247095 0.0242685 0.0230314 0.021229 0.0191089 0.0168846 0.0147062 0.0126573 0.01077 0.00904763 0.00748466
 1.02701e-16 2.73405e-05 0.00016045 0.000762673 0.00293627 0.00915644 0.0231286 0.0473251 0.0784501 0.105367 0.114688 0.10123 0.0726099 0.0426704 0.0212605 0.0103076 0.00688306 0.00751465 0.0100565 0.0135172 0.0174004 0.0213047 0.0248141 0.0275327 0.029162 0.0295655 0.0287931 0.0270549 0.0246581 0.0219276 0.0191394 0.0164823 0.014054 0.0118807 0.0099484 0.00822995
 1.06872e-16 7.08027e-06 4.1479e-05 0.000197013 0.000758245 0.00236428 0.00597252 0.0122246 0.0202792 0.0272815 0.0298117 0.0265912 0.0196791 0.0127867 0.00864317 0.00797162 0.0102456 0.0147445 0.0209636 0.0285008 0.0368488 0.0453093 0.05305 0.0592501 0.0632738 0.064804 0.0638961 0.0609281 0.0564779 0.0511683 0.0455365 0.0399616 0.0346568 0.0297086 0.0251343 0.0209319
pSPR Fmed_Fpbrs
0.59196   0.34457 0.34457
Fs Fmed_Fpbrs
0.364593   1.005 1.005
SSBpbr Bo_Bmed_Bpbrs
981535  531952  289131 289131
Ro
37049.1
SPR SPRFo_SPRFmed_SPRFpbrs
763565 452000 263102
log_Ro
10.34
likeval ReclasPelacesDesembMPH_pf_preclas_ppelaces_ptallas_desvR_qrecl_qpela
 75.3336 46.0512 0.00790981 0.000859646 285.862 192.474 70.1618 0 19.4557 3.39871e-05 0 0 0 0 0
q_reclas_q_pelaces
0.437747 1
M
0.7
N
 29135.3 15041.3 6039.13 757.425 0.243389
 42700.5 13387.3 4606.92 1849.69 232.062
 15882.5 19311.2 3714.35 1278.2 577.589
 37972.9 6550 3017.86 580.461 290.014
 70035.8 17960.9 2402.53 1106.95 319.288
 41030.7 34532.6 8533.43 1141.47 677.618
 77621.4 19167.7 11724 2897.15 617.591
 87873.8 36951 7317.38 4475.72 1341.78
 130342 40299 11182.1 2214.39 1760.5
 169893 59707.5 12110 3360.26 1194.47
 66483.6 80216.7 21661.7 4393.47 1652.45
 36707.7 30436.1 24012 6484.22 1809.78
 45332 16930.6 9543.91 7529.5 2600.77
 22528.8 19924.3 3932.66 2216.86 2353.06
 16069.1 9021.4 2592.29 511.667 594.58
 18143.7 6384.64 1118.08 321.28 137.105
 13593.8 8216.39 1786.17 312.796 128.238
 14189.4 6309.58 2679.68 582.541 143.838
 14646.8 6711.25 2313.79 982.668 266.371
 33844.6 6960.42 2534.61 873.839 471.719
 41109.1 16030.5 2575.2 937.748 497.826
 47361.3 20017.2 7044.72 1131.69 630.873
 66542.3 22951.6 8538.86 3005.11 751.867
 67235 32038.4 9403.24 3498.35 1539.22
 8409.13 32267.9 12865.8 3776.11 2022.97
pred_Ctot
 1572.29 4261.45 1710.98 214.591 0.0689562
 2756.65 4391.76 1511.31 606.797 76.1286
 1957.13 10148.7 1952.02 671.738 303.542
 1301.02 1252.76 577.201 111.02 55.4685
 356.628 560.029 74.9117 34.515 9.95553
 1755 8028.81 1984.02 265.39 157.546
 2315.07 3236.14 1979.41 489.136 104.27
 4856.11 10677.6 2114.48 1293.33 387.728
 7301.55 11776.9 3267.84 647.128 514.483
 6026.84 11779.1 2389.05 662.911 235.643
 3752.05 23586.5 6369.31 1291.83 485.877
 1887.65 8281.86 6533.83 1764.4 492.454
 3772.97 6765.26 3813.62 3008.69 1039.23
 3176.08 11383 2246.77 1266.52 1344.33
 2339.81 5253.72 1509.65 297.975 346.26
 1155.31 2071.48 362.759 104.238 44.4832
 641.061 2077.6 451.653 79.0938 32.4264
 486.527 1207.61 512.872 111.494 27.5297
 454.392 1174.16 404.808 171.922 46.6028
 1127.22 1298.01 472.665 162.957 87.9683
 575.506 1335.66 214.565 78.1328 41.4787
 822.701 2047.4 720.548 115.752 64.527
 1458.79 2920.24 1086.44 382.354 95.6635
 1625.13 4462.6 1309.77 487.282 214.397
 212.376 4680.16 1866.07 547.689 293.412
F
 0.0776402 0.483241 0.483241 0.483241 0.483241
 0.0935243 0.582105 0.582105 0.582105 0.582105
 0.185752 1.15614 1.15614 1.15614 1.15614
 0.0486727 0.302944 0.302944 0.302944 0.302944
 0.00710283 0.0442087 0.0442087 0.0442087 0.0442087
 0.0610951 0.380262 0.380262 0.380262 0.380262
 0.0422508 0.262973 0.262973 0.262973 0.262973
 0.0795737 0.495274 0.495274 0.495274 0.495274
 0.0807022 0.502299 0.502299 0.502299 0.502299
 0.0504344 0.313909 0.313909 0.313909 0.313909
 0.0813253 0.506177 0.506177 0.506177 0.506177
 0.0738623 0.459726 0.459726 0.459726 0.459726
 0.122075 0.75981 0.75981 0.75981 0.75981
 0.215195 1.3394 1.3394 1.3394 1.3394
 0.223001 1.38798 1.38798 1.38798 1.38798
 0.0921932 0.573819 0.573819 0.573819 0.573819
 0.0675491 0.420432 0.420432 0.420432 0.420432
 0.048711 0.303182 0.303182 0.303182 0.303182
 0.0439816 0.273746 0.273746 0.273746 0.273746
 0.0472861 0.294313 0.294313 0.294313 0.294313
 0.0196358 0.122215 0.122215 0.122215 0.122215
 0.0244157 0.151966 0.151966 0.151966 0.151966
 0.0309017 0.192335 0.192335 0.192335 0.192335
 0.0341191 0.212361 0.212361 0.212361 0.212361
 0.0356743 0.22204 0.22204 0.22204 0.22204
nmprior
 10 11 7 0
nm_flota  nm_reclas  nm_pelaces    nm_pelaL
inf 20.0782 19.6913 35.7379
cv_recla  cv_pelaces  cv_mph
0.78509 0.798519 0.951257
 ------------------------------------------------
Talla a la edad & desviación 
 7.2 14.2025 17.0495 18.207 18.6776
 1.08 2.13037 2.55742 2.73105 2.80164
