    unsorted:	 2.303655636e-06 1.700046922e-06 -1.410621879e-06 5.457628482e-05 0.0008999969712 0.006921041746 47.15230844 59.62501002 103.8215279 180.6793058 193.4979953 360.0550319 499.7804744 588.1914791 780.0729203 804.7406081 738.9964090 1023.302606 1101.133421 1268.545239 1362.444696 1392.978411 1664.688149 1839.194225 2158.901895 2347.467194 2596.396568 2895.246742 3378.164217 3584.968706 3801.578899 4185.662605 4510.106346 4924.041453 5186.309554 5771.887398 6053.135262 6282.779988 19992.70657 196432.7227 373219.0031 365906.6861 402087.8072 430167.8003 468861.7242 477416.6415 495208.6494 508189.6842 527612.9988 314609.3099 570324.6744 585252.0424 654689.4864 706578.9939 822649.8421 888141.3813 1049791.446 1090248.616 1335217.970 1628439.398 1853312.714 2115179.808 2277486.664 2654982.963 6804087.888
      sorted:	 -1.410621879e-06 1.700046922e-06 2.303655636e-06 5.457628482e-05 0.0008999969712 0.006921041746 47.15230844 59.62501002 103.8215279 180.6793058 193.4979953 360.0550319 499.7804744 588.1914791 738.9964090 780.0729203 804.7406081 1023.302606 1101.133421 1268.545239 1362.444696 1392.978411 1664.688149 1839.194225 2158.901895 2347.467194 2596.396568 2895.246742 3378.164217 3584.968706 3801.578899 4185.662605 4510.106346 4924.041453 5186.309554 5771.887398 6053.135262 6282.779988 19992.70657 196432.7227 314609.3099 365906.6861 373219.0031 402087.8072 430167.8003 468861.7242 477416.6415 495208.6494 508189.6842 527612.9988 570324.6744 585252.0424 654689.4864 706578.9939 822649.8421 888141.3813 1049791.446 1090248.616 1335217.970 1628439.398 1853312.714 2115179.808 2277486.664 2654982.963 6804087.888
