years
 1997 1998 1999 2000 2001 2002 2003 2004 2005 2006 2007 2008 2009 2010 2011 2012 2013 2014 2015 2016 2017 2018 2019 2020 2021
reclasobs
 0 0 0 370054 412103 1.49427e+06 250295 1.28982e+06 931140 785840 897777 1.04006e+06 184774 17550 25797 100020 73551 82996 120727 218422 84188 347160 605670 569463 516374
reclaspred
 3.11343e+06 395148 590534 184769 239352 309438 578797 485266 747654 1.14378e+06 1.23467e+06 811193 444718 200505 129223 119687 128415 163500 155235 209902 387486 384824 548935 457441 321241
pelacesobs
 0 0 0 0 0 0 0 0 0 2.06254e+06 1.5e+06 0 1.87456e+06 323000 250000 174000 83755 137374 0 501740 490994 745055 786931 1.00524e+06 0
pelacespred
 1.36072e+06 538578 183255 134149 139118 128667 302059 279813 415221 663400 635346 431573 238253 85515.5 53947.3 56971.4 63808.1 81583.3 81143.1 105841 215564 226134 245115 242232 161521
mphobs
 0 0 0 0 0 112323 0 153150 637223 0 255016 313432 73983 77613 109348 50772 0 0 0 0 0 0 0 0 0
mphpred
 2.22025e+06 968908 447373 245321 142314 305043 342349 481972 529234 833673 1.23467e+06 877866 494027 263989 120755 102758 105265 129777 144800 144631 267913 369138 410404 435946 379550
desembarqueobs
 350755 77701 442110 56441 14545 235359 269955 359681 431902 328805 639364 411747 362871 311530 167758 66681 60226 58785 57116 71774 51957 67425 138520 160799 200461
desembarquepred
 350736 77681.9 441691 56422.9 14543.8 235188 269830 359260 431543 328598 638681 411388 362346 311065 167484 66644.9 60206.7 58752.8 57077.1 71723.1 51943.9 67391.2 138439 160712 200430
Reclutas
 11140.7 14131.1 2894 7225.29 49700.6 19256.2 58350.8 68737.7 123880 192226 64282.6 26686.9 49642.8 27904.3 19530.5 14595 11540.8 11647.6 9739.37 27757.3 37984.4 33972.2 40124.3 27428.7 968.121
log_desv_Rt
 -0.721635 -0.483869 -2.0696 -1.15466 0.773772 -0.174414 0.934228 1.09805 1.68707 2.12643 1.03104 0.15193 0.772609 0.196536 -0.160267 -0.451569 -0.686356 -0.677146 -0.856068 0.191253 0.504931 0.393298 0.559737 0.179344 -3.16464
SSB
 2.22025e+06 968908 447373 245321 142314 305043 342349 481972 529234 833673 1.23467e+06 877866 494027 263989 120755 102758 105265 129777 144800 144631 267913 369138 410404 435946 379550
BT
 2.83127e+06 1.13932e+06 595872 324544 389706 431694 1.09788e+06 1.0708e+06 1.56691e+06 2.02487e+06 1.87709e+06 1.22182e+06 897337 482902 278120 183077 198361 233109 216064 324449 576541 512750 599093 628680 470402
Ftot
 0.109643 0.19031 0.691396 0.293496 0.0593908 0.703942 0.445585 0.693974 0.548549 0.277524 0.489532 0.479764 0.754705 1.34136 1.1588 0.526759 0.446672 0.344758 0.352133 0.328872 0.130473 0.169895 0.243424 0.336758 0.583207
BD_Bspro_t
 0.982766 0.872334 0.683849 0.382144 0.418096 0.663605 0.505614 0.536681 0.512904 0.566425 0.623702 0.464933 0.3375 0.245077 0.145611 0.149282 0.20077 0.303198 0.381663 0.44365 0.616797 0.7378 0.726979 0.674111 0.555956
BD_Bspro
 4.69913 2.05068 0.946859 0.519219 0.301205 0.645618 0.724577 1.02009 1.12012 1.76446 2.61316 1.85799 1.0456 0.558729 0.255575 0.217486 0.222792 0.274672 0.306467 0.306109 0.567033 0.781276 0.868614 0.922674 0.803313
BD_Bo
 2.16999 0.946975 0.437246 0.239768 0.139092 0.298137 0.334599 0.471062 0.517253 0.8148 1.20672 0.857993 0.482843 0.258013 0.118021 0.100432 0.102882 0.126839 0.141522 0.141357 0.261848 0.360782 0.401113 0.426077 0.370958
BD_Brms
 10.6015 4.62645 2.13617 1.17139 0.679536 1.45655 1.63469 2.30137 2.52704 3.98071 5.89543 4.19173 2.35893 1.26052 0.576592 0.490661 0.502631 0.619674 0.691406 0.6906 1.27926 1.7626 1.95964 2.0816 1.81232
S_f
 0.5 1 1 1 1
 0.5 1 1 1 1
 0.5 1 1 1 1
 0.5 1 1 1 1
 0.5 1 1 1 1
 0.5 1 1 1 1
 0.5 1 1 1 1
 0.5 1 1 1 1
 0.5 1 1 1 1
 0.5 1 1 1 1
 0.5 1 1 1 1
 0.5 1 1 1 1
 0.5 1 1 1 1
 0.5 1 1 1 1
 0.5 1 1 1 1
 0.5 1 1 1 1
 0.5 1 1 1 1
 0.5 1 1 1 1
 0.5 1 1 1 1
 0.5 1 1 1 1
 0.5 1 1 1 1
 0.5 1 1 1 1
 0.5 1 1 1 1
 0.5 1 1 1 1
 0.5 1 1 1 1
Scru_reclas
 0.5 1 1 1 1
 0.5 1 1 1 1
 0.5 1 1 1 1
 0.5 1 1 1 1
 0.5 1 1 1 1
 0.5 1 1 1 1
 0.5 1 1 1 1
 0.5 1 1 1 1
 0.5 1 1 1 1
 0.5 1 1 1 1
 0.5 1 1 1 1
 0.5 1 1 1 1
 0.5 1 1 1 1
 0.5 1 1 1 1
 0.5 1 1 1 1
 0.5 1 1 1 1
 0.5 1 1 1 1
 0.5 1 1 1 1
 0.5 1 1 1 1
 0.5 1 1 1 1
 0.5 1 1 1 1
 0.5 1 1 1 1
 0.5 1 1 1 1
 0.5 1 1 1 1
 0.5 1 1 1 1
Scru_pelaces
 0.5 1 1 1 1
 0.5 1 1 1 1
 0.5 1 1 1 1
 0.5 1 1 1 1
 0.5 1 1 1 1
 0.5 1 1 1 1
 0.5 1 1 1 1
 0.5 1 1 1 1
 0.5 1 1 1 1
 0.5 1 1 1 1
 0.5 1 1 1 1
 0.5 1 1 1 1
 0.5 1 1 1 1
 0.5 1 1 1 1
 0.5 1 1 1 1
 0.5 1 1 1 1
 0.5 1 1 1 1
 0.5 1 1 1 1
 0.5 1 1 1 1
 0.5 1 1 1 1
 0.5 1 1 1 1
 0.5 1 1 1 1
 0.5 1 1 1 1
 0.5 1 1 1 1
 0.5 1 1 1 1
pf_obs 
 0.256992 0.487395 0.22802 0.0275931 0
 0.321318 0.546541 0.124235 0.00734118 0.000564706
 0.182869 0.594174 0.210203 0.0122559 0.00049798
 0.330522 0.361315 0.267642 0.0388342 0.00168674
 0.649043 0.306663 0.0425973 0.00169635 0
 0.582887 0.30429 0.105238 0.00758474 0
 0.465427 0.430635 0.0974691 0.00646863 0
 0.296916 0.608066 0.0921331 0.00288517 0
 0.311714 0.524322 0.152257 0.0117073 0
 0.15457 0.633149 0.183074 0.0267441 0.00246327
 0.131901 0.49318 0.331252 0.0422183 0.00144891
 0.196976 0.569456 0.194076 0.0375587 0.00193317
 0.518974 0.381816 0.0799577 0.0180837 0.00116848
 0.0928022 0.601141 0.25162 0.0475244 0.00691264
 0.122501 0.610282 0.24278 0.0234846 0.000952079
 0.383417 0.481906 0.127806 0.00687128 0
 0.0376549 0.599619 0.316969 0.0457579 0
 0.0361596 0.667082 0.258105 0.0386534 0
 0.158088 0.579412 0.248529 0.0139706 0
 0.0477256 0.309471 0.559284 0.082774 0.000745712
 0.0406174 0.521527 0.379366 0.0568643 0.0016247
 0.151134 0.462217 0.34131 0.0453401 0
 0.294876 0.26143 0.354403 0.0886775 0.000613685
 0.281977 0.475581 0.204845 0.0348837 0.00271318
 0 0 0 0 0
pf_pred 
 0.0617335 0.610057 0.289654 0.0385539 1.63581e-06
 0.143814 0.10232 0.490161 0.232728 0.0309781
 0.0638458 0.245084 0.0825874 0.395633 0.21285
 0.351969 0.0931086 0.145278 0.0489552 0.36069
 0.814878 0.100282 0.0121897 0.0190197 0.0536305
 0.293867 0.635177 0.0384374 0.00467224 0.0278463
 0.706936 0.148553 0.12999 0.00786629 0.00665499
 0.590337 0.346596 0.0319686 0.0279739 0.00312498
 0.69143 0.240725 0.0574004 0.00529438 0.00515035
 0.646972 0.296722 0.0439265 0.0104742 0.00190591
 0.254752 0.595284 0.126045 0.0186597 0.00525898
 0.206404 0.350087 0.354263 0.0750117 0.0142344
 0.508805 0.183964 0.135532 0.137148 0.0345505
 0.432233 0.410089 0.0590544 0.0435071 0.0551171
 0.54508 0.318379 0.0986211 0.0142018 0.0237179
 0.536959 0.358827 0.0729348 0.0225923 0.00868671
 0.45363 0.399053 0.114162 0.0232043 0.00995147
 0.471965 0.345461 0.133347 0.038148 0.0110793
 0.416967 0.387065 0.12821 0.0494885 0.0182696
 0.692165 0.188698 0.0790929 0.0261984 0.0138457
 0.581546 0.348068 0.0431453 0.0180844 0.00915599
 0.425424 0.426642 0.123051 0.0152529 0.00963016
 0.453495 0.332529 0.158884 0.0458248 0.00926661
 0.348245 0.417261 0.142681 0.0681739 0.0236386
 0.024974 0.527337 0.286616 0.0980075 0.0630658
pobs_RECLAS
 0 0 0 0 0
 0 0 0 0 0
 0 0 0 0 0
 0 0 0 0 0
 0.835266 0.146461 0.0176864 0.000547809 3.91292e-05
 0.385257 0.428462 0.181853 0.0044286 0
 0.867414 0.0963971 0.0333333 0.00285562 0
 0.441836 0.489002 0.0689373 0.000224442 0
 0.779404 0.147425 0.0564933 0.0165055 0.000172143
 0.814271 0.122319 0.05973 0.00367925 0
 0.40263 0.566651 0.0304383 0.000280538 0
 0.475488 0.404961 0.113038 0.00651328 0
 0.955842 0.0263864 0.0167828 0.000988607 0
 0.975058 0.0227948 0.00214734 0 0
 0.738997 0.206755 0.0527124 0.00153531 0
 0.850938 0.134255 0.0134407 0.00136685 0
 0.542534 0.407297 0.0501686 0 0
 0.764087 0.199537 0.0359546 0.000420521 0
 0.470689 0.182191 0.310203 0.0369168 0
 0.84361 0.089868 0.0606195 0.00523954 0.000663233
 0.607945 0.314616 0.071237 0.00620181 0
 0.523733 0.453247 0.0230204 0 0
 0.530135 0.295979 0.169645 0.0042399 0
 0.562478 0.366248 0.0663022 0.0049721 0
 0.250443 0.683176 0.0655157 0.000865301 0
ppred_RECLAS
 0.0619387 0.609924 0.289591 0.0385455 1.63545e-06
 0.144629 0.102222 0.489694 0.232506 0.0309486
 0.0659238 0.24454 0.0824041 0.394755 0.212377
 0.354504 0.0927443 0.14471 0.0487637 0.359279
 0.815153 0.100133 0.0121716 0.0189914 0.0535508
 0.301208 0.628574 0.0380378 0.00462367 0.0275568
 0.710828 0.14658 0.128264 0.00776181 0.0065666
 0.598637 0.339574 0.0313209 0.0274072 0.00306167
 0.696714 0.236603 0.0564174 0.00520371 0.00506215
 0.649334 0.294736 0.0436325 0.0104041 0.00189316
 0.258829 0.592027 0.125356 0.0185576 0.00523022
 0.209831 0.348576 0.352733 0.0746878 0.0141729
 0.518489 0.180337 0.13286 0.134444 0.0338693
 0.454658 0.393891 0.0567219 0.0417887 0.0529401
 0.56305 0.305803 0.0947255 0.0136409 0.022781
 0.542812 0.354292 0.0720129 0.0223067 0.00857691
 0.458324 0.395624 0.113181 0.023005 0.00986597
 0.475346 0.343249 0.132493 0.0379037 0.0110083
 0.420357 0.384815 0.127464 0.0492007 0.0181633
 0.694882 0.187033 0.078395 0.0259672 0.0137235
 0.58259 0.3472 0.0430377 0.0180393 0.00913315
 0.42684 0.425591 0.122747 0.0152153 0.00960642
 0.455686 0.331196 0.158247 0.0456411 0.00922946
 0.35124 0.415344 0.142026 0.0678607 0.02353
 0.0256412 0.526976 0.286419 0.0979404 0.0630226
pobs_PELACES
 0 0 0 0 0
 0 0 0 0 0
 0 0 0 0 0
 0 0 0 0 0
 0 0 0 0 0
 0 0 0 0 0
 0 0 0 0 0
 0 0 0 0 0
 0 0 0 0 0
 0 0 0 0 0
 0.450072 0.473896 0.0757376 0.000293798 0
 0 0 0 0 0
 0.463077 0.371075 0.160297 0.00555027 0
 0.529543 0.364841 0.0842815 0.0213345 0
 0.631943 0.363953 0.00410389 0 0
 0.735681 0.248677 0.0153453 0.000297389 0
 0.695825 0.281241 0.0229344 0 0
 0.275771 0.60734 0.115278 0.00161068 0
 0 0 0 0 0
 0.896147 0.0623911 0.0374545 0.00400742 0
 0.803859 0.145111 0.0509908 3.86294e-05 0
 0.739449 0.233085 0.0266225 0.000797448 4.60066e-05
 0.878498 0.100942 0.0204185 0.000141795 0
 0.694673 0.275183 0.0284847 0.00165964 0
 0 0 0 0 0
ppred_PELACES
 0.0629982 0.609235 0.289264 0.038502 1.6336e-06
 0.148557 0.101753 0.487446 0.231438 0.0308065
 0.0733062 0.242607 0.0817528 0.391635 0.210699
 0.365662 0.0911412 0.142208 0.0479208 0.353068
 0.816625 0.0993355 0.0120747 0.0188402 0.0531243
 0.326205 0.606089 0.0366771 0.00445827 0.0265711
 0.725704 0.139039 0.121666 0.00736253 0.00622881
 0.625812 0.316582 0.0292002 0.0255515 0.00285437
 0.715492 0.221953 0.0529243 0.00488152 0.00474873
 0.659688 0.286033 0.0423442 0.0100969 0.00183726
 0.274623 0.579411 0.122685 0.0181622 0.00511876
 0.223257 0.342653 0.346739 0.0734187 0.0139321
 0.549467 0.168735 0.124312 0.125795 0.0316903
 0.509863 0.354018 0.05098 0.0375585 0.047581
 0.609391 0.273371 0.0846794 0.0121942 0.020365
 0.564288 0.337649 0.0686302 0.0212589 0.00817402
 0.47667 0.382225 0.109348 0.0222259 0.00953184
 0.489549 0.333957 0.128906 0.0368776 0.0107103
 0.434576 0.375375 0.124338 0.0479938 0.0177178
 0.706264 0.180056 0.0754706 0.0249986 0.0132116
 0.587816 0.342853 0.0424989 0.0178135 0.00901881
 0.433712 0.420488 0.121276 0.0150329 0.00949125
 0.465665 0.325124 0.155346 0.0448043 0.00906026
 0.364003 0.407172 0.139232 0.0665256 0.023067
 0.0281584 0.525615 0.285679 0.0976874 0.0628598
pobs_pel_tallas
 0 0 0 0 0 0 0 0 0 0 0 0 0 0 0 0 0 0 0 0 0 0 0 0 0 0 0 0 0 0 0 0 0 0 0 0
 0 0 0 0 0 0 0 0 0 0 0 0 0 0 0 0 0 0 0 0 0 0 0 0 0 0 0 0 0 0 0 0 0 0 0 0
 0 0 0 0 0 0 0 0 0 0 0 0 0 0 0 0 0 0 0 0 0 0 0 0 0 0 0 0 0 0 0 0 0 0 0 0
 0 0 0 0 0 0 0 0 0 0 0 0 0 0 0 0 0 0 0 0 0 0 0 0 0 0 0 0 0 0 0 0 0 0 0 0
 0 0 0 0 0 0 0 0 0 0 0 0 0 0 0 0 0 0 0 0 0 0 0 0 0 0 0 0 0 0 0 0 0 0 0 0
 0 0 0 0 0 0 0 0 0 0 0 0 0 0 0 0 0 0 0 0 0 0 0 0 0 0 0 0 0 0 0 0 0 0 0 0
 0 0 0 0 0 0 0 0 0 0 0 0 0 0 0 0 0 0 0 0 0 0 0 0 0 0 0 0 0 0 0 0 0 0 0 0
 0 0 0 0 0 0 0 0 0 0 0 0 0 0 0 0 0 0 0 0 0 0 0 0 0 0 0 0 0 0 0 0 0 0 0 0
 0 0 0 0 0 0 0 0 0 0 0 0 0 0 0 0 0 0 0 0 0 0 0 0 0 0 0 0 0 0 0 0 0 0 0 0
 0 0 0 0 0 0 0 0 0 0 0 0 0 0 0 0 0 0 0 0 0 0 0 0 0 0 0 0 0 0 0 0 0 0 0 0
 0 0 0 0 0 0 0 0 1.78061e-05 0.00172719 0.00360574 0.0105946 0.0120993 0.0124554 0.0147524 0.0171206 0.0266825 0.0428682 0.0675386 0.121331 0.153587 0.119568 0.100827 0.0573624 0.0630603 0.0341343 0.0324427 0.0444173 0.0211091 0.0280891 0.0125444 0.00206551 0 0 0 0
 0 0 0 0 0 0 0 0 0 0 0 0 0 0 0 0 0 0 0 0 0 0 0 0 0 0 0 0 0 0 0 0 0 0 0 0
 0 0 0 0 0 0 0.0133647 0.0140871 0.0187388 0.0205184 0.03894 0.0496705 0.03968 0.0493445 0.0407372 0.0367815 0.0215668 0.0243155 0.0234873 0.0199281 0.019796 0.0243948 0.0301388 0.0376714 0.0412746 0.0863199 0.0771752 0.113111 0.0741005 0.0525337 0.0229764 0.00759418 0.00175318 0 0 0
 0 0 0 0 0 0 0 0 0 0 0.00219441 0.00772107 0.0458388 0.0604681 0.0671733 0.0775358 0.0609151 0.0617685 0.073594 0.0568108 0.0755445 0.0548602 0.0670107 0.0636378 0.0643287 0.046367 0.0373049 0.0286899 0.0247887 0.0153202 0.00654259 0.00121912 0.000365735 0 0 0
 0 0 0 0 0 0 0 0 0 0 0 0 0.000112435 0.00938835 0.0111873 0.0202946 0.0414886 0.0713402 0.111592 0.104902 0.108894 0.110636 0.117776 0.105296 0.107544 0.0401394 0.0192827 0.0124803 0.00416011 0.0028671 0.000618394 0 0 0 0 0
 0 0 0 0 0 0 0 0 0 0 0.00291406 0.0102884 0.027416 0.0768956 0.0749926 0.110853 0.0956884 0.0897413 0.0766577 0.0534642 0.0500743 0.0551293 0.0594112 0.0620874 0.0668451 0.0424026 0.0208742 0.0120726 0.0048766 0.00582813 0.00118941 0.000297354 0 0 0 0
 0 0.00264628 0.0354308 0.0461629 0.0458689 0.0383711 0.0214643 0.0164657 0.0346957 0.0420465 0.0363128 0.0245516 0.0311673 0.0291091 0.0169068 0.0133784 0.00837989 0.0085269 0.0148486 0.0160247 0.0276389 0.0546898 0.0760071 0.122758 0.109233 0.0665981 0.0333725 0.0166128 0.00676272 0.00308733 0.000882094 0 0 0 0 0
 0 0 0 0 0 0 0 0.000805153 0.000690131 0.00759144 0.0133425 0.0154129 0.00931677 0.000345066 0.00356568 0.00563607 0.00851162 0.0253048 0.0502646 0.0516448 0.0657925 0.0565908 0.0611916 0.0827007 0.0866115 0.110766 0.145733 0.0935128 0.0569358 0.0249597 0.0138026 0.00621118 0.00161031 0.00115022 0 0
 0 0 0 0 0 0 0 0 0 0 0 0 0 0 0 0 0 0 0 0 0 0 0 0 0 0 0 0 0 0 0 0 0 0 0 0
 0.00147267 0.00158595 0.00478618 0.00569244 0.00954404 0.0108468 0.00647125 0.017049 0.0510054 0.094081 0.124002 0.0959785 0.0687766 0.0820023 0.061753 0.0591476 0.0492212 0.0479892 0.0443925 0.0268479 0.0217502 0.0140895 0.0121071 0.0120363 0.00920419 0.00665534 0.0049561 0.00860946 0.00930331 0.0156896 0.0114698 0.00855282 0.00243557 0.00046729 0 2.83206e-05
 0 0 0 0 0.000772559 0.00158375 0.000888443 0.00281984 0.00712685 0.0440552 0.0773331 0.111326 0.0921469 0.0852325 0.0710754 0.0886704 0.0786465 0.0553345 0.0373146 0.0185414 0.00753245 0.00457741 0.012979 0.0271748 0.0457355 0.0583668 0.034881 0.0177882 0.00938659 0.00492506 0.0015258 0.00185414 0.000309023 5.79419e-05 3.86279e-05 0
 0 0.00173294 0.00326652 0 0.00397197 0.00683976 0.00946217 0.0152591 0.00757587 0.0136028 0.0228656 0.0392903 0.0559909 0.0764795 0.0681675 0.0726916 0.0566044 0.0477403 0.0527397 0.0444891 0.0609904 0.0582453 0.0661739 0.0445044 0.0529084 0.0360697 0.0280645 0.0235558 0.0158879 0.00826598 0.00280645 0.00217768 0.000904811 0.00058276 9.20147e-05 0
 0 0 0 0 0 0 0 0 0 0 0 0 0 0 0 0 0 0 0 0 0 0 0 0 0 0 0 0 0 0 0 0 0 0 0 0
 0 0 0 0 0 0 0 0 0 0 0 0 0 0 0 0 0 0 0 0 0 0 0 0 0 0 0 0 0 0 0 0 0 0 0 0
 0 0 0 0 0 0 0 0 0 0 0 0 0 0 0 0 0 0 0 0 0 0 0 0 0 0 0 0 0 0 0 0 0 0 0 0
ppred_pel_tallas
 1.05628e-16 2.78504e-06 1.62543e-05 7.70745e-05 0.000296421 0.000924071 0.0023348 0.00478222 0.00794579 0.0107277 0.0118234 0.010785 0.00849731 0.00652919 0.00610886 0.00771392 0.0113373 0.0168493 0.0240937 0.0327839 0.0423878 0.0521094 0.0609835 0.0680522 0.0725662 0.0741419 0.0728269 0.0690485 0.0634761 0.0568467 0.0498145 0.0428634 0.0362915 0.0302472 0.0247874 0.019928
 1.16345e-16 6.49544e-06 3.80838e-05 0.000180957 0.000696567 0.00217203 0.00548644 0.011227 0.0186141 0.025011 0.0272508 0.0241181 0.0174427 0.0105455 0.00581897 0.00380103 0.00390347 0.00543229 0.00802287 0.0115839 0.0161193 0.0216068 0.0279439 0.0349319 0.0422778 0.0496078 0.0564891 0.062461 0.0670763 0.0699508 0.0708161 0.0695642 0.0662751 0.0612124 0.054792 0.047523
 1.24542e-16 3.21822e-06 1.88348e-05 8.9425e-05 0.000344114 0.00107291 0.00271029 0.00554766 0.00920387 0.0123849 0.0135416 0.0120979 0.00899519 0.00592933 0.00415812 0.00403962 0.00537898 0.00791044 0.0114853 0.0160203 0.0213982 0.0274196 0.0338124 0.0402758 0.0465345 0.0523751 0.057653 0.0622657 0.0661096 0.0690423 0.070872 0.0713828 0.0703881 0.0677912 0.0636341 0.0581138
 1.20193e-16 1.59604e-05 9.36559e-05 0.000445163 0.00171384 0.00534439 0.0134995 0.027622 0.0457878 0.0614955 0.0669294 0.0590607 0.0423312 0.0248157 0.0122594 0.00579048 0.00371634 0.00405101 0.00561682 0.0079507 0.0109176 0.0144626 0.018519 0.0229894 0.0277498 0.0326542 0.0375342 0.0421937 0.0464054 0.0499171 0.052471 0.0538371 0.0538526 0.0524565 0.049709 0.0457912
 1.03334e-16 3.56252e-05 0.000209104 0.000994012 0.00382705 0.0119343 0.0301451 0.0616801 0.102239 0.137296 0.149384 0.131716 0.0941744 0.0547346 0.0261409 0.0107952 0.00476992 0.00345854 0.00405031 0.00534096 0.00689156 0.00849668 0.00999581 0.011246 0.012142 0.012637 0.01275 0.0125522 0.0121421 0.0116149 0.0110386 0.0104445 0.00983069 0.00917605 0.00845691 0.00766099
 1.02113e-16 1.42613e-05 8.36318e-05 0.000397399 0.00152976 0.0047702 0.0120497 0.0246596 0.0408918 0.0549645 0.0599386 0.0531705 0.0387163 0.0239164 0.0140744 0.0103986 0.0115614 0.0158864 0.0222494 0.0299229 0.038202 0.0462261 0.0530215 0.0576741 0.0595362 0.0583837 0.0544699 0.0484517 0.0412195 0.0336874 0.0266121 0.0204863 0.0155211 0.0116971 0.00885139 0.00676416
 1.02317e-16 3.16626e-05 0.000185835 0.00088338 0.00340107 0.0106059 0.0267897 0.0548151 0.0908615 0.122023 0.13278 0.117111 0.0838083 0.0488644 0.0236297 0.0102696 0.00532743 0.00473911 0.00602408 0.00810752 0.010566 0.0131532 0.0156378 0.0177916 0.0194226 0.0204093 0.0207174 0.0203932 0.0195389 0.0182807 0.0167419 0.015027 0.0132192 0.0113858 0.0095853 0.00787178
 1.0153e-16 2.73138e-05 0.000160288 0.000761893 0.00293325 0.00914701 0.0231048 0.0472769 0.0783718 0.105267 0.114591 0.101175 0.0726346 0.0428147 0.0215713 0.0108502 0.00774322 0.00878825 0.0118287 0.0158341 0.0202394 0.0245515 0.0282556 0.030872 0.0320573 0.0316848 0.0298726 0.0269461 0.0233518 0.0195495 0.0159209 0.0127163 0.010046 0.00790783 0.00623056 0.00491725
 1.01214e-16 3.12206e-05 0.000183233 0.000870992 0.00335334 0.0104571 0.0264138 0.0540465 0.0895899 0.120322 0.130948 0.115537 0.0827756 0.0484499 0.0237779 0.010924 0.00650568 0.0065267 0.00852436 0.0113838 0.0145912 0.0177748 0.0205674 0.0226259 0.0236975 0.0236759 0.0226223 0.0207424 0.0183289 0.0156904 0.0130896 0.0107072 0.00863525 0.00689358 0.00545673 0.00428013
 1.01128e-16 2.87898e-05 0.000168956 0.000803107 0.00309195 0.0096419 0.0243548 0.0498342 0.0826098 0.110955 0.120772 0.106605 0.0764752 0.0449617 0.0224373 0.0109325 0.00736167 0.00806229 0.0107615 0.0143939 0.0184078 0.0223473 0.0257433 0.0281583 0.029276 0.0289745 0.0273529 0.0246989 0.0214118 0.0179072 0.0145344 0.011528 0.00899919 0.00695806 0.00535136 0.00409947
 1.02794e-16 1.20112e-05 7.0424e-05 0.000334612 0.00128802 0.00401634 0.0101455 0.0207633 0.0344332 0.0462904 0.0504985 0.0448415 0.0327498 0.0204263 0.0123684 0.0096326 0.0111435 0.0155262 0.0218538 0.0295049 0.0378409 0.0460553 0.0532191 0.0584431 0.0610732 0.0608403 0.0579166 0.0528525 0.046426 0.0394544 0.0326311 0.0264304 0.0210899 0.0166534 0.0130435 0.010131
 1.08208e-16 9.76236e-06 5.72416e-05 0.000271987 0.00104697 0.00326471 0.00824671 0.0168764 0.0279845 0.0376127 0.0410099 0.0363637 0.0264459 0.0162759 0.00948163 0.00689601 0.00763256 0.0105923 0.0150899 0.020751 0.0272483 0.0341581 0.0409518 0.0470695 0.0520202 0.0554659 0.0572646 0.0574573 0.0562163 0.0537774 0.0503826 0.0462525 0.0415848 0.0365686 0.0313981 0.0262743
 1.07623e-16 2.39789e-05 0.000140723 0.000668906 0.00257528 0.00803071 0.020285 0.0415062 0.068803 0.0924061 0.100571 0.0887457 0.0636039 0.0372762 0.018388 0.00861797 0.00539235 0.00567495 0.00761638 0.0104098 0.0137132 0.0172893 0.0208901 0.0242595 0.027174 0.0294774 0.0310973 0.0320338 0.0323319 0.032049 0.0312324 0.0299142 0.0281222 0.0258979 0.023312 0.0204697
 1.04353e-16 2.22594e-05 0.000130611 0.000620795 0.00238998 0.00745282 0.0188255 0.0385214 0.0638606 0.0857849 0.0934084 0.0825295 0.0593754 0.0352535 0.0182339 0.0099493 0.0080792 0.00984136 0.0134921 0.0181663 0.0233313 0.0284702 0.0330222 0.0364571 0.0383871 0.0386549 0.0373646 0.0348402 0.0315318 0.0279012 0.0243252 0.0210429 0.0181522 0.0156432 0.0134486 0.0114893
 1.02662e-16 2.65962e-05 0.000156079 0.000741887 0.00285624 0.00890685 0.0224981 0.0460353 0.0763127 0.102498 0.111572 0.0984926 0.0706754 0.0415923 0.0208323 0.0102809 0.00709992 0.00791921 0.0106524 0.0143259 0.0184362 0.0225614 0.0262592 0.029108 0.0307899 0.0311601 0.0302731 0.0283551 0.0257366 0.0227687 0.0197506 0.0168889 0.0142917 0.0119892 0.00996603 0.00819053
 1.02197e-16 2.4632e-05 0.000144542 0.000687026 0.00264499 0.00824806 0.0208342 0.0426312 0.0706722 0.0949299 0.103353 0.0912841 0.0656049 0.0388136 0.0198204 0.0104068 0.00797872 0.0094372 0.0128469 0.0172661 0.022146 0.0269774 0.0312142 0.0343394 0.0359731 0.035958 0.0343915 0.0315886 0.0279943 0.0240744 0.0202216 0.0167013 0.0136432 0.0110675 0.00892814 0.00715334
 1.02886e-16 2.08134e-05 0.000122119 0.000580414 0.00223449 0.00696792 0.0176007 0.0360156 0.0597083 0.080212 0.0873536 0.0772115 0.0556183 0.0331614 0.0174074 0.00990877 0.0085228 0.0106691 0.014724 0.0198621 0.0255409 0.0312056 0.0362416 0.0400593 0.0422166 0.0425165 0.0410447 0.0381305 0.0342518 0.0299152 0.0255537 0.0214677 0.0178152 0.0146393 0.0119141 0.00958589
 1.03707e-16 2.13731e-05 0.000125409 0.000596066 0.00229477 0.00715591 0.0180755 0.0369867 0.0613166 0.0823676 0.0896879 0.0792436 0.0570143 0.0338581 0.017526 0.00958963 0.00782759 0.00957842 0.0131814 0.0178223 0.0230063 0.0282507 0.0330218 0.0368015 0.0391906 0.0399934 0.0392513 0.0372113 0.034248 0.0307653 0.0271126 0.0235376 0.0201804 0.017097 0.0142955 0.0117677
 1.04365e-16 1.89776e-05 0.000111342 0.000529181 0.00203723 0.00635278 0.0160469 0.0328364 0.0544386 0.0731355 0.0796547 0.0704246 0.0507691 0.03035 0.0160787 0.009387 0.0083392 0.0105992 0.0146972 0.0198817 0.0256459 0.0314586 0.0367241 0.0408649 0.0434407 0.0442426 0.0433294 0.040991 0.0376582 0.0337896 0.0297764 0.0258891 0.0222721 0.0189719 0.0159811 0.0132761
 1.02607e-16 3.08165e-05 0.000180864 0.00085974 0.00331003 0.010322 0.0260726 0.0533482 0.0884312 0.118763 0.129243 0.114014 0.081642 0.0477022 0.0232552 0.0104249 0.0058616 0.00561744 0.00727167 0.00975234 0.0126005 0.0155133 0.0181971 0.0203722 0.0218214 0.0224343 0.0222247 0.0213145 0.0198924 0.0181624 0.0163004 0.0144309 0.0126243 0.0109111 0.00930067 0.00779796
 1.01749e-16 2.56581e-05 0.000150565 0.000715663 0.00275525 0.0085919 0.0217027 0.0444082 0.0736177 0.0988853 0.107656 0.0950778 0.0683157 0.0403856 0.0205635 0.0106985 0.00807978 0.00947097 0.0128489 0.017229 0.0220404 0.0267596 0.0308305 0.0337319 0.0350886 0.034758 0.0328618 0.029746 0.0258881 0.0217824 0.0178408 0.0143359 0.0113915 0.00901086 0.00712361 0.00563097
 1.02819e-16 1.89418e-05 0.000111127 0.000528152 0.00203325 0.00634036 0.0160156 0.0327727 0.0543342 0.0729992 0.0795163 0.0703264 0.0507506 0.0304435 0.016318 0.00982036 0.009034 0.0116349 0.0161487 0.0217962 0.0280188 0.0342135 0.0397041 0.0438408 0.0461369 0.0463769 0.0446581 0.0413477 0.0369779 0.0321138 0.0272395 0.0226925 0.0186514 0.0151662 0.0122073 0.00971197
 1.04274e-16 2.03313e-05 0.000119293 0.000566994 0.00218284 0.00680686 0.0171938 0.0351827 0.0583262 0.0783517 0.085318 0.0753894 0.0542562 0.0322506 0.0167507 0.00925871 0.00767017 0.00946275 0.0130654 0.0177098 0.0229276 0.0282563 0.0331788 0.0371868 0.0398801 0.0410487 0.0407058 0.039061 0.0364477 0.0332323 0.0297371 0.0261973 0.0227563 0.0194871 0.0164243 0.0135906
 1.05473e-16 1.59016e-05 9.32799e-05 0.000443307 0.00170658 0.00532166 0.0134424 0.0275077 0.0456072 0.06128 0.0667658 0.059085 0.0427158 0.0257795 0.0141032 0.00893203 0.0086912 0.0114604 0.0160203 0.0217146 0.0280463 0.0344549 0.0403001 0.0449572 0.0479473 0.0490379 0.0482833 0.0459842 0.0425912 0.0385843 0.0343716 0.0302339 0.0263206 0.0226815 0.0193144 0.0162055
 1.10521e-16 1.26225e-06 7.32245e-06 3.46297e-05 0.000133029 0.000414562 0.00104772 0.00214814 0.00357747 0.00485499 0.00541655 0.00509519 0.00434059 0.00393495 0.00453735 0.0064949 0.00994435 0.0149435 0.021475 0.0293613 0.0381894 0.047309 0.0559139 0.0631895 0.0684794 0.0714154 0.0719711 0.0704198 0.0672237 0.0628955 0.0578836 0.0525136 0.0469875 0.0414227 0.0359036 0.0305194
pSPR Fmed_Fpbrs
0.519053   0.254687 0.254687
Fs Fmed_Fpbrs
0.375284   1.005 1.005
SSBpbr Bo_Bmed_Bpbrs
1.02316e+06  479917  209428 209428
Ro
22925.4
SPR SPRFo_SPRFmed_SPRFpbrs
472481 245243 120335
log_Ro
9.86
likeval ReclasPelacesDesembMPH_pf_preclas_ppelaces_ptallas_desvR_qrecl_qpela
 100.333 110.533 0.0790345 0.000575309 346.766 210.92 75.574 0 42.8713 0 0 0 0 0 0
q_reclas_q_pelaces
1 1
M
0.7
N
 11140.7 56377 26767.7 3562.87 0.151169
 14131.1 5237.2 25088.7 11912.1 1585.61
 2894 6380.34 2150.02 10299.6 5541.19
 7225.29 1017.09 1586.97 534.77 3940.05
 49700.6 3098.26 376.607 587.622 1656.94
 19256.2 23958.5 1449.83 176.234 1050.34
 58350.8 6725.19 5884.84 356.118 301.28
 68737.7 23189 2138.86 1871.6 209.077
 123880 24126.5 5752.91 530.625 516.19
 192226 46760.5 6922.39 1650.63 300.353
 64282.6 83088.9 17593.3 2604.49 734.042
 26686.9 24991.2 25289.2 5354.75 1016.13
 49642.8 10425.9 7681.06 7772.67 1958.1
 27904.3 16903.2 2434.12 1793.29 2271.83
 19530.5 7085.87 2194.92 316.077 527.867
 14595 5433.46 1104.4 342.099 131.537
 11540.8 5569.45 1593.32 323.856 138.89
 11647.6 4583.91 1769.37 506.185 147.011
 9739.37 4868.18 1612.51 622.424 229.779
 27757.3 4055.65 1699.93 563.077 297.583
 37984.4 11693.8 1449.53 607.572 307.609
 33972.2 17671.2 5096.68 631.767 398.875
 40124.3 15496.2 7404.17 2135.48 431.834
 27428.7 17641.8 6032.56 2882.39 999.438
 968.121 11509.9 6255.82 2139.16 1376.51
pred_Ctot
 428.766 4237.11 2011.77 267.774 0.0113614
 927.518 659.906 3161.27 1500.96 199.792
 620.491 2381.87 802.632 3844.99 2068.6
 715.246 189.209 295.224 99.4833 732.968
 1047.59 128.921 15.6709 24.4514 68.9463
 4192.64 9062.18 548.393 66.6597 397.289
 8489.2 1783.89 1560.98 94.462 79.9162
 14784.8 8680.38 800.643 700.598 78.2641
 21710.4 7558.61 1802.33 166.24 161.718
 18055.3 8280.72 1225.87 292.307 53.1889
 10179.5 23786.5 5036.56 745.608 210.14
 4150.24 7039.34 7123.29 1508.29 286.216
 11467.4 4146.15 3054.59 3091.02 778.693
 10186.5 9664.65 1391.75 1025.34 1298.96
 6384.11 3728.93 1155.07 166.335 277.789
 2467.49 1648.92 335.158 103.819 39.9181
 1682.73 1480.27 423.479 86.0759 36.9147
 1339.58 980.525 378.479 108.276 31.4464
 1142.28 1060.37 351.231 135.574 50.0495
 3055.64 833.027 349.165 115.656 61.1233
 1731.7 1036.46 128.476 53.851 27.2643
 1999.49 2005.22 578.337 71.6887 45.2617
 3330.1 2441.82 1166.72 336.5 68.0465
 3086.65 3698.37 1264.65 604.256 209.519
 179.08 3781.36 2055.23 702.78 452.224
F
 0.0548216 0.109643 0.109643 0.109643 0.109643
 0.0951549 0.19031 0.19031 0.19031 0.19031
 0.345698 0.691396 0.691396 0.691396 0.691396
 0.146748 0.293496 0.293496 0.293496 0.293496
 0.0296954 0.0593908 0.0593908 0.0593908 0.0593908
 0.351971 0.703942 0.703942 0.703942 0.703942
 0.222793 0.445585 0.445585 0.445585 0.445585
 0.346987 0.693974 0.693974 0.693974 0.693974
 0.274274 0.548549 0.548549 0.548549 0.548549
 0.138762 0.277524 0.277524 0.277524 0.277524
 0.244766 0.489532 0.489532 0.489532 0.489532
 0.239882 0.479764 0.479764 0.479764 0.479764
 0.377353 0.754705 0.754705 0.754705 0.754705
 0.670678 1.34136 1.34136 1.34136 1.34136
 0.579401 1.1588 1.1588 1.1588 1.1588
 0.263379 0.526759 0.526759 0.526759 0.526759
 0.223336 0.446672 0.446672 0.446672 0.446672
 0.172379 0.344758 0.344758 0.344758 0.344758
 0.176067 0.352133 0.352133 0.352133 0.352133
 0.164436 0.328872 0.328872 0.328872 0.328872
 0.0652367 0.130473 0.130473 0.130473 0.130473
 0.0849477 0.169895 0.169895 0.169895 0.169895
 0.121712 0.243424 0.243424 0.243424 0.243424
 0.168379 0.336758 0.336758 0.336758 0.336758
 0.291603 0.583207 0.583207 0.583207 0.583207
nmprior
 10 11 7 0
nm_flota  nm_reclas  nm_pelaces    nm_pelaL
inf 13.035 10.2498 16.3253
cv_recla  cv_pelaces  cv_mph
0.906039 1.23712 0.778196
 ------------------------------------------------
Talla a la edad & desviación 
 7.2 14.2025 17.0495 18.207 18.6776
 1.08 2.13037 2.55742 2.73105 2.80164
