years
 1997 1998 1999 2000 2001 2002 2003 2004 2005 2006 2007 2008 2009 2010 2011 2012 2013 2014 2015 2016 2017 2018 2019 2020 2021
reclasobs
 0 0 0 370054 412103 1.49427e+06 250295 1.28982e+06 931140 785840 897777 1.04006e+06 184774 17550 25797 100020 73551 82996 120727 218422 84188 347160 605670 569463 516374
reclaspred
 2.89645e+06 376138 579796 188934 245626 316527 600309 501663 769876 1.14358e+06 1.22008e+06 806582 445169 200935 129553 120334 129978 166542 160241 215889 392289 389349 558201 471560 342162
pelacesobs
 0 0 0 0 0 0 0 0 0 2.06254e+06 1.5e+06 0 1.87456e+06 323000 250000 174000 83755 137374 0 501740 490994 745055 786931 1.00524e+06 0
pelacespred
 1.2804e+06 502865 179312 136209 143050 132298 312614 291369 428860 664295 627842 429382 238149 85672.1 54121.8 57325.9 64654 83245 83965.1 109077 218694 228977 249449 250143 173418
mphobs
 0 0 0 0 0 112323 0 153150 637223 0 255016 313432 73983 77613 109348 50772 0 0 0 0 0 0 0 0 0
mphpred
 2.06528e+06 907881 435155 245288 149926 309390 354809 499102 546661 849750 1.21902e+06 870228 494616 264065 121104 103107 106246 131862 148356 150151 272438 373141 416382 445721 397801
desembarqueobs
 350755 77701 442110 56441 14545 235359 269955 359681 431902 328805 639364 411747 362871 311530 167758 66681 60226 58785 57116 71774 51957 67425 138520 160799 200461
desembarquepred
 350736 77681.9 441704 56424.2 14543.9 235207 269844 359290 431566 328606 638720 411422 362390 311112 167501 66648.3 60210 58755.7 57080.3 71726.7 51944.7 67393.2 138446 160722 200437
Reclutas
 13768.7 17222.2 3820.5 8593.26 48995.3 20670.4 59298.3 69740 125687 186006 65734.5 28307.1 49236.8 27935.1 19527.2 14730.3 11690.9 11867.3 10251.4 27688.1 38192.1 34520.7 40919.8 29085.8 1316.24
log_desv_Rt
 -0.569848 -0.346048 -1.85186 -1.04127 0.699481 -0.163544 0.890335 1.05253 1.64155 2.03354 0.993379 0.150867 0.704396 0.137638 -0.220439 -0.502338 -0.733436 -0.718459 -0.864832 0.128758 0.450385 0.349314 0.51937 0.178005 -2.91747
SSB
 2.06528e+06 907881 435155 245288 149926 309390 354809 499102 546661 849750 1.21902e+06 870228 494616 264065 121104 103107 106246 131862 148356 150151 272438 373141 416382 445721 397801
BT
 2.72959e+06 1.07537e+06 593479 331216 395015 439908 1.12307e+06 1.09703e+06 1.60017e+06 2.00969e+06 1.86815e+06 1.22286e+06 895774 483008 278507 183988 200375 236930 222329 330336 583116 518647 608159 646301 491750
Ftot
 0.117796 0.199813 0.703468 0.287222 0.0578756 0.689428 0.430028 0.672404 0.533229 0.277535 0.495219 0.482486 0.754015 1.33908 1.15623 0.524082 0.441505 0.338629 0.341449 0.319902 0.128888 0.167948 0.239462 0.326961 0.549488
BD_Bspro_t
 0.981551 0.865166 0.67749 0.380077 0.424048 0.660694 0.511476 0.543914 0.52056 0.570793 0.621135 0.463484 0.338171 0.245152 0.145734 0.14949 0.202153 0.306454 0.387317 0.452514 0.62069 0.740203 0.730106 0.679324 0.56778
BD_Bspro
 4.11658 1.80962 0.867364 0.488916 0.298837 0.616687 0.707217 0.994826 1.08962 1.69375 2.4298 1.73457 0.985884 0.526344 0.241389 0.205517 0.211774 0.262832 0.295708 0.299286 0.543032 0.743756 0.829945 0.888425 0.79291
BD_Bo
 2.05045 0.901361 0.43203 0.243527 0.148849 0.307169 0.352261 0.495518 0.542735 0.843647 1.21027 0.863979 0.491064 0.262169 0.120234 0.102367 0.105483 0.130915 0.14729 0.149073 0.270482 0.370461 0.413392 0.44252 0.394944
BD_Brms
 10.0175 4.4036 2.11068 1.18975 0.727204 1.50067 1.72097 2.42086 2.65153 4.12164 5.91278 4.22097 2.3991 1.28083 0.587406 0.500114 0.51534 0.639588 0.719588 0.728297 1.32144 1.80989 2.01963 2.16193 1.9295
S_f
 0.5 1 1 1 1
 0.5 1 1 1 1
 0.5 1 1 1 1
 0.5 1 1 1 1
 0.5 1 1 1 1
 0.5 1 1 1 1
 0.5 1 1 1 1
 0.5 1 1 1 1
 0.5 1 1 1 1
 0.5 1 1 1 1
 0.5 1 1 1 1
 0.5 1 1 1 1
 0.5 1 1 1 1
 0.5 1 1 1 1
 0.5 1 1 1 1
 0.5 1 1 1 1
 0.5 1 1 1 1
 0.5 1 1 1 1
 0.5 1 1 1 1
 0.5 1 1 1 1
 0.5 1 1 1 1
 0.5 1 1 1 1
 0.5 1 1 1 1
 0.5 1 1 1 1
 0.5 1 1 1 1
Scru_reclas
 0.5 1 1 1 1
 0.5 1 1 1 1
 0.5 1 1 1 1
 0.5 1 1 1 1
 0.5 1 1 1 1
 0.5 1 1 1 1
 0.5 1 1 1 1
 0.5 1 1 1 1
 0.5 1 1 1 1
 0.5 1 1 1 1
 0.5 1 1 1 1
 0.5 1 1 1 1
 0.5 1 1 1 1
 0.5 1 1 1 1
 0.5 1 1 1 1
 0.5 1 1 1 1
 0.5 1 1 1 1
 0.5 1 1 1 1
 0.5 1 1 1 1
 0.5 1 1 1 1
 0.5 1 1 1 1
 0.5 1 1 1 1
 0.5 1 1 1 1
 0.5 1 1 1 1
 0.5 1 1 1 1
Scru_pelaces
 0.5 1 1 1 1
 0.5 1 1 1 1
 0.5 1 1 1 1
 0.5 1 1 1 1
 0.5 1 1 1 1
 0.5 1 1 1 1
 0.5 1 1 1 1
 0.5 1 1 1 1
 0.5 1 1 1 1
 0.5 1 1 1 1
 0.5 1 1 1 1
 0.5 1 1 1 1
 0.5 1 1 1 1
 0.5 1 1 1 1
 0.5 1 1 1 1
 0.5 1 1 1 1
 0.5 1 1 1 1
 0.5 1 1 1 1
 0.5 1 1 1 1
 0.5 1 1 1 1
 0.5 1 1 1 1
 0.5 1 1 1 1
 0.5 1 1 1 1
 0.5 1 1 1 1
 0.5 1 1 1 1
pf_obs 
 0.256992 0.487395 0.22802 0.0275931 0
 0.321318 0.546541 0.124235 0.00734118 0.000564706
 0.182869 0.594174 0.210203 0.0122559 0.00049798
 0.330522 0.361315 0.267642 0.0388342 0.00168674
 0.649043 0.306663 0.0425973 0.00169635 0
 0.582887 0.30429 0.105238 0.00758474 0
 0.465427 0.430635 0.0974691 0.00646863 0
 0.296916 0.608066 0.0921331 0.00288517 0
 0.311714 0.524322 0.152257 0.0117073 0
 0.15457 0.633149 0.183074 0.0267441 0.00246327
 0.131901 0.49318 0.331252 0.0422183 0.00144891
 0.196976 0.569456 0.194076 0.0375587 0.00193317
 0.518974 0.381816 0.0799577 0.0180837 0.00116848
 0.0928022 0.601141 0.25162 0.0475244 0.00691264
 0.122501 0.610282 0.24278 0.0234846 0.000952079
 0.383417 0.481906 0.127806 0.00687128 0
 0.0376549 0.599619 0.316969 0.0457579 0
 0.0361596 0.667082 0.258105 0.0386534 0
 0.158088 0.579412 0.248529 0.0139706 0
 0.0477256 0.309471 0.559284 0.082774 0.000745712
 0.0406174 0.521527 0.379366 0.0568643 0.0016247
 0.151134 0.462217 0.34131 0.0453401 0
 0.294876 0.26143 0.354403 0.0886775 0.000613685
 0.281977 0.475581 0.204845 0.0348837 0.00271318
 0 0 0 0 0
pf_pred 
 0.0806916 0.601287 0.280784 0.0372358 1.83275e-06
 0.176416 0.126511 0.455931 0.212907 0.0282358
 0.0814357 0.286603 0.0970758 0.34985 0.185036
 0.380671 0.111247 0.158527 0.0536951 0.295859
 0.793291 0.118189 0.0159004 0.0226581 0.0499614
 0.307976 0.613395 0.0449573 0.00604826 0.0276234
 0.699684 0.156912 0.12711 0.00931624 0.00697757
 0.585614 0.34843 0.0344611 0.0279161 0.00357846
 0.687246 0.242564 0.0590187 0.00583718 0.0053347
 0.633396 0.306928 0.0462832 0.0112613 0.00213169
 0.263231 0.581409 0.130071 0.0196141 0.00567572
 0.217318 0.354158 0.338162 0.0756527 0.0147092
 0.502553 0.194084 0.13727 0.13107 0.0350238
 0.432617 0.406923 0.062605 0.0442787 0.0535763
 0.54444 0.3189 0.0980117 0.0150791 0.0235694
 0.538655 0.357233 0.0728797 0.0223991 0.00883253
 0.454364 0.39916 0.113421 0.0231392 0.009916
 0.472571 0.345229 0.133288 0.0378737 0.0110378
 0.423678 0.382686 0.126744 0.0489342 0.017957
 0.681078 0.197331 0.0807384 0.0267403 0.0141126
 0.580037 0.346081 0.0457141 0.0187041 0.00946407
 0.427292 0.424525 0.122113 0.01613 0.00993901
 0.454634 0.332755 0.1576 0.0453332 0.00967783
 0.356531 0.412464 0.140948 0.0667558 0.0233014
 0.031918 0.531595 0.279789 0.0956096 0.0610889
pobs_RECLAS
 0 0 0 0 0
 0 0 0 0 0
 0 0 0 0 0
 0 0 0 0 0
 0.835266 0.146461 0.0176864 0.000547809 3.91292e-05
 0.385257 0.428462 0.181853 0.0044286 0
 0.867414 0.0963971 0.0333333 0.00285562 0
 0.441836 0.489002 0.0689373 0.000224442 0
 0.779404 0.147425 0.0564933 0.0165055 0.000172143
 0.814271 0.122319 0.05973 0.00367925 0
 0.40263 0.566651 0.0304383 0.000280538 0
 0.475488 0.404961 0.113038 0.00651328 0
 0.955842 0.0263864 0.0167828 0.000988607 0
 0.975058 0.0227948 0.00214734 0 0
 0.738997 0.206755 0.0527124 0.00153531 0
 0.850938 0.134255 0.0134407 0.00136685 0
 0.542534 0.407297 0.0501686 0 0
 0.764087 0.199537 0.0359546 0.000420521 0
 0.470689 0.182191 0.310203 0.0369168 0
 0.84361 0.089868 0.0606195 0.00523954 0.000663233
 0.607945 0.314616 0.071237 0.00620181 0
 0.523733 0.453247 0.0230204 0 0
 0.530135 0.295979 0.169645 0.0042399 0
 0.562478 0.366248 0.0663022 0.0049721 0
 0.250443 0.683176 0.0655157 0.000865301 0
ppred_RECLAS
 0.0809761 0.601101 0.280697 0.0372243 1.83218e-06
 0.177434 0.126355 0.455367 0.212644 0.0282009
 0.0840996 0.285771 0.0967942 0.348835 0.1845
 0.383222 0.110789 0.157875 0.053474 0.294641
 0.793582 0.118023 0.015878 0.0226262 0.0498911
 0.315293 0.606909 0.0444819 0.00598431 0.0273313
 0.703454 0.154942 0.125515 0.00919928 0.00688998
 0.593584 0.341729 0.0337983 0.0273792 0.00350964
 0.692371 0.238589 0.0580516 0.00574153 0.00524728
 0.635798 0.304917 0.0459799 0.0111875 0.00211772
 0.267459 0.578072 0.129325 0.0195015 0.00564315
 0.220903 0.352536 0.336613 0.0753062 0.0146418
 0.51223 0.190308 0.1346 0.12852 0.0343425
 0.454988 0.390879 0.0601366 0.0425329 0.0514639
 0.562355 0.306359 0.0941575 0.0144861 0.0226426
 0.544465 0.352735 0.071962 0.022117 0.00872131
 0.458988 0.395777 0.11246 0.0229431 0.00983196
 0.475877 0.343065 0.132453 0.0376363 0.0109687
 0.426953 0.380512 0.126024 0.0486561 0.0178549
 0.683754 0.195675 0.080061 0.0265159 0.0139942
 0.581068 0.345231 0.0456019 0.0186581 0.00944084
 0.428692 0.423488 0.121815 0.0160906 0.00991473
 0.456783 0.331444 0.156979 0.0451545 0.0096397
 0.359447 0.410595 0.140309 0.0664533 0.0231958
 0.0326979 0.531167 0.279563 0.0955326 0.0610397
pobs_PELACES
 0 0 0 0 0
 0 0 0 0 0
 0 0 0 0 0
 0 0 0 0 0
 0 0 0 0 0
 0 0 0 0 0
 0 0 0 0 0
 0 0 0 0 0
 0 0 0 0 0
 0 0 0 0 0
 0.450072 0.473896 0.0757376 0.000293798 0
 0 0 0 0 0
 0.463077 0.371075 0.160297 0.00555027 0
 0.529543 0.364841 0.0842815 0.0213345 0
 0.631943 0.363953 0.00410389 0 0
 0.735681 0.248677 0.0153453 0.000297389 0
 0.695825 0.281241 0.0229344 0 0
 0.275771 0.60734 0.115278 0.00161068 0
 0 0 0 0 0
 0.896147 0.0623911 0.0374545 0.00400742 0
 0.803859 0.145111 0.0509908 3.86294e-05 0
 0.739449 0.233085 0.0266225 0.000797448 4.60066e-05
 0.878498 0.100942 0.0204185 0.000141795 0
 0.694673 0.275183 0.0284847 0.00165964 0
 0 0 0 0 0
ppred_PELACES
 0.0824344 0.600147 0.280252 0.0371652 1.82928e-06
 0.182297 0.125608 0.452675 0.211387 0.0280341
 0.0934828 0.282844 0.0958026 0.345261 0.182609
 0.394484 0.108766 0.154992 0.0524976 0.289261
 0.795142 0.117131 0.015758 0.0224552 0.049514
 0.340351 0.584699 0.0428541 0.00576531 0.0263311
 0.718039 0.147321 0.119341 0.00874684 0.00655111
 0.620047 0.319478 0.0315976 0.0255964 0.00328111
 0.710787 0.224306 0.0545764 0.00539781 0.00493315
 0.646334 0.296096 0.0446497 0.0108638 0.00205646
 0.283769 0.565201 0.126445 0.0190673 0.00551751
 0.234908 0.346199 0.330562 0.0739525 0.0143786
 0.543227 0.178214 0.126046 0.120353 0.03216
 0.510101 0.351352 0.0540554 0.0382319 0.0462597
 0.608617 0.273975 0.0842044 0.0129548 0.0202491
 0.565817 0.336201 0.068589 0.0210804 0.00831252
 0.477124 0.38251 0.10869 0.022174 0.00950238
 0.489828 0.333934 0.128927 0.0366345 0.0106767
 0.44079 0.371324 0.122981 0.0474812 0.0174238
 0.695055 0.188682 0.0771999 0.0255684 0.0134941
 0.586236 0.340973 0.0450393 0.018428 0.00932438
 0.435492 0.418448 0.120365 0.0158991 0.00979672
 0.466602 0.325453 0.154141 0.0443383 0.00946544
 0.37196 0.402574 0.137568 0.0651551 0.0227427
 0.0356902 0.529523 0.278698 0.0952371 0.0608509
pobs_pel_tallas
 0 0 0 0 0 0 0 0 0 0 0 0 0 0 0 0 0 0 0 0 0 0 0 0 0 0 0 0 0 0 0 0 0 0 0 0
 0 0 0 0 0 0 0 0 0 0 0 0 0 0 0 0 0 0 0 0 0 0 0 0 0 0 0 0 0 0 0 0 0 0 0 0
 0 0 0 0 0 0 0 0 0 0 0 0 0 0 0 0 0 0 0 0 0 0 0 0 0 0 0 0 0 0 0 0 0 0 0 0
 0 0 0 0 0 0 0 0 0 0 0 0 0 0 0 0 0 0 0 0 0 0 0 0 0 0 0 0 0 0 0 0 0 0 0 0
 0 0 0 0 0 0 0 0 0 0 0 0 0 0 0 0 0 0 0 0 0 0 0 0 0 0 0 0 0 0 0 0 0 0 0 0
 0 0 0 0 0 0 0 0 0 0 0 0 0 0 0 0 0 0 0 0 0 0 0 0 0 0 0 0 0 0 0 0 0 0 0 0
 0 0 0 0 0 0 0 0 0 0 0 0 0 0 0 0 0 0 0 0 0 0 0 0 0 0 0 0 0 0 0 0 0 0 0 0
 0 0 0 0 0 0 0 0 0 0 0 0 0 0 0 0 0 0 0 0 0 0 0 0 0 0 0 0 0 0 0 0 0 0 0 0
 0 0 0 0 0 0 0 0 0 0 0 0 0 0 0 0 0 0 0 0 0 0 0 0 0 0 0 0 0 0 0 0 0 0 0 0
 0 0 0 0 0 0 0 0 0 0 0 0 0 0 0 0 0 0 0 0 0 0 0 0 0 0 0 0 0 0 0 0 0 0 0 0
 0 0 0 0 0 0 0 0 1.78061e-05 0.00172719 0.00360574 0.0105946 0.0120993 0.0124554 0.0147524 0.0171206 0.0266825 0.0428682 0.0675386 0.121331 0.153587 0.119568 0.100827 0.0573624 0.0630603 0.0341343 0.0324427 0.0444173 0.0211091 0.0280891 0.0125444 0.00206551 0 0 0 0
 0 0 0 0 0 0 0 0 0 0 0 0 0 0 0 0 0 0 0 0 0 0 0 0 0 0 0 0 0 0 0 0 0 0 0 0
 0 0 0 0 0 0 0.0133647 0.0140871 0.0187388 0.0205184 0.03894 0.0496705 0.03968 0.0493445 0.0407372 0.0367815 0.0215668 0.0243155 0.0234873 0.0199281 0.019796 0.0243948 0.0301388 0.0376714 0.0412746 0.0863199 0.0771752 0.113111 0.0741005 0.0525337 0.0229764 0.00759418 0.00175318 0 0 0
 0 0 0 0 0 0 0 0 0 0 0.00219441 0.00772107 0.0458388 0.0604681 0.0671733 0.0775358 0.0609151 0.0617685 0.073594 0.0568108 0.0755445 0.0548602 0.0670107 0.0636378 0.0643287 0.046367 0.0373049 0.0286899 0.0247887 0.0153202 0.00654259 0.00121912 0.000365735 0 0 0
 0 0 0 0 0 0 0 0 0 0 0 0 0.000112435 0.00938835 0.0111873 0.0202946 0.0414886 0.0713402 0.111592 0.104902 0.108894 0.110636 0.117776 0.105296 0.107544 0.0401394 0.0192827 0.0124803 0.00416011 0.0028671 0.000618394 0 0 0 0 0
 0 0 0 0 0 0 0 0 0 0 0.00291406 0.0102884 0.027416 0.0768956 0.0749926 0.110853 0.0956884 0.0897413 0.0766577 0.0534642 0.0500743 0.0551293 0.0594112 0.0620874 0.0668451 0.0424026 0.0208742 0.0120726 0.0048766 0.00582813 0.00118941 0.000297354 0 0 0 0
 0 0.00264628 0.0354308 0.0461629 0.0458689 0.0383711 0.0214643 0.0164657 0.0346957 0.0420465 0.0363128 0.0245516 0.0311673 0.0291091 0.0169068 0.0133784 0.00837989 0.0085269 0.0148486 0.0160247 0.0276389 0.0546898 0.0760071 0.122758 0.109233 0.0665981 0.0333725 0.0166128 0.00676272 0.00308733 0.000882094 0 0 0 0 0
 0 0 0 0 0 0 0 0.000805153 0.000690131 0.00759144 0.0133425 0.0154129 0.00931677 0.000345066 0.00356568 0.00563607 0.00851162 0.0253048 0.0502646 0.0516448 0.0657925 0.0565908 0.0611916 0.0827007 0.0866115 0.110766 0.145733 0.0935128 0.0569358 0.0249597 0.0138026 0.00621118 0.00161031 0.00115022 0 0
 0 0 0 0 0 0 0 0 0 0 0 0 0 0 0 0 0 0 0 0 0 0 0 0 0 0 0 0 0 0 0 0 0 0 0 0
 0.00147267 0.00158595 0.00478618 0.00569244 0.00954404 0.0108468 0.00647125 0.017049 0.0510054 0.094081 0.124002 0.0959785 0.0687766 0.0820023 0.061753 0.0591476 0.0492212 0.0479892 0.0443925 0.0268479 0.0217502 0.0140895 0.0121071 0.0120363 0.00920419 0.00665534 0.0049561 0.00860946 0.00930331 0.0156896 0.0114698 0.00855282 0.00243557 0.00046729 0 2.83206e-05
 0 0 0 0 0.000772559 0.00158375 0.000888443 0.00281984 0.00712685 0.0440552 0.0773331 0.111326 0.0921469 0.0852325 0.0710754 0.0886704 0.0786465 0.0553345 0.0373146 0.0185414 0.00753245 0.00457741 0.012979 0.0271748 0.0457355 0.0583668 0.034881 0.0177882 0.00938659 0.00492506 0.0015258 0.00185414 0.000309023 5.79419e-05 3.86279e-05 0
 0 0.00173294 0.00326652 0 0.00397197 0.00683976 0.00946217 0.0152591 0.00757587 0.0136028 0.0228656 0.0392903 0.0559909 0.0764795 0.0681675 0.0726916 0.0566044 0.0477403 0.0527397 0.0444891 0.0609904 0.0582453 0.0661739 0.0445044 0.0529084 0.0360697 0.0280645 0.0235558 0.0158879 0.00826598 0.00280645 0.00217768 0.000904811 0.00058276 9.20147e-05 0
 0 0 0 0 0 0 0 0 0 0 0 0 0 0 0 0 0 0 0 0 0 0 0 0 0 0 0 0 0 0 0 0 0 0 0 0
 0 0 0 0 0 0 0 0 0 0 0 0 0 0 0 0 0 0 0 0 0 0 0 0 0 0 0 0 0 0 0 0 0 0 0 0
 0 0 0 0 0 0 0 0 0 0 0 0 0 0 0 0 0 0 0 0 0 0 0 0 0 0 0 0 0 0 0 0 0 0 0 0
ppred_pel_tallas
 1.05451e-16 3.63216e-06 2.12285e-05 0.000100725 0.000387483 0.00120805 0.00305208 0.00624976 0.010378 0.0139927 0.0153728 0.0139074 0.0107141 0.00778568 0.00664885 0.00783224 0.011229 0.0165943 0.0237029 0.0322417 0.0416764 0.0512198 0.0599204 0.0668351 0.0712276 0.0727231 0.0713726 0.0676014 0.0620736 0.0555191 0.0485848 0.041748 0.0353012 0.0293877 0.0240594 0.0193275
 1.15041e-16 7.96757e-06 4.67244e-05 0.000222031 0.000854704 0.00266518 0.00673209 0.0137759 0.0228395 0.0306864 0.0334291 0.0295734 0.0213599 0.0128553 0.00698288 0.00438306 0.00430641 0.00586446 0.00856425 0.0122425 0.0168526 0.0223254 0.028514 0.0351865 0.0420382 0.0487122 0.0548231 0.0599813 0.0638228 0.0660436 0.0664384 0.0649364 0.0616248 0.0567475 0.0506804 0.043881
 1.21849e-16 4.0998e-06 2.40063e-05 0.000114002 0.000438727 0.00136794 0.00345557 0.00707287 0.011733 0.0157844 0.0172487 0.0153861 0.0113889 0.00740651 0.00502394 0.00467221 0.00607104 0.00884537 0.0127683 0.0176989 0.0234606 0.0297821 0.036312 0.0426771 0.0485532 0.0537152 0.0580504 0.0615287 0.0641474 0.0658764 0.0666302 0.0662788 0.0646924 0.0617986 0.0576327 0.0523596
 1.17556e-16 1.72181e-05 0.000101037 0.000480251 0.00184893 0.00576566 0.0145636 0.0297994 0.0493973 0.0663439 0.0722076 0.0637216 0.0456788 0.0267919 0.0132602 0.00630079 0.00408605 0.00446744 0.00616236 0.00865143 0.0117611 0.0153983 0.0194552 0.023796 0.0282684 0.0327159 0.0369812 0.0409013 0.0443005 0.0469889 0.0487744 0.0494873 0.0490136 0.0473246 0.0444934 0.0406946
 1.03348e-16 3.46892e-05 0.000203607 0.000967875 0.00372641 0.0116205 0.0293523 0.0600582 0.0995512 0.133688 0.145464 0.128271 0.0917374 0.0533705 0.0255876 0.0107367 0.0050031 0.00390794 0.00471542 0.00624518 0.0080518 0.00990807 0.0116253 0.013033 0.0140056 0.0144878 0.0145035 0.0141409 0.0135225 0.0127687 0.0119698 0.0111723 0.0103827 0.00958232 0.00874595 0.00785799
 1.02228e-16 1.48773e-05 8.72501e-05 0.000414605 0.00159601 0.00497682 0.0125716 0.0257272 0.0426608 0.0573381 0.0625158 0.0554304 0.0403046 0.0247842 0.0143853 0.0103485 0.0112692 0.0153861 0.0215279 0.0289581 0.0369874 0.0447845 0.0514104 0.0559821 0.0578721 0.0568592 0.0531812 0.047464 0.0405587 0.0333404 0.0265342 0.0206138 0.0157841 0.0120308 0.00920313 0.00709662
 1.02349e-16 3.13288e-05 0.000183874 0.000874057 0.00336517 0.010494 0.0265069 0.0542365 0.0899028 0.120736 0.131383 0.115884 0.082942 0.0483834 0.0234421 0.010265 0.00543571 0.00493606 0.0063115 0.00849427 0.0110563 0.0137406 0.0163032 0.0185035 0.0201421 0.0210959 0.0213357 0.0209185 0.0199603 0.0186007 0.0169733 0.0151888 0.0133317 0.011467 0.00964895 0.00792673
 1.01586e-16 2.70626e-05 0.000158813 0.000754878 0.00290624 0.00906277 0.022892 0.0468416 0.0776503 0.104298 0.113539 0.100248 0.0719774 0.0424425 0.0214121 0.0108168 0.00777802 0.00886776 0.0119499 0.0160017 0.0204585 0.0248244 0.02858 0.0312411 0.0324604 0.0321086 0.0303034 0.0273711 0.0237603 0.0199334 0.0162747 0.0130364 0.0103305 0.00815578 0.00644227 0.00509398
 1.01264e-16 3.10155e-05 0.000182029 0.000865266 0.0033313 0.0103883 0.0262401 0.0536913 0.0890011 0.119531 0.130088 0.114782 0.0822392 0.0481461 0.0236478 0.0108964 0.00653358 0.00659082 0.00862215 0.011519 0.0147678 0.0179946 0.0208286 0.022923 0.0240221 0.0240174 0.0229699 0.0210861 0.0186604 0.0160036 0.0133802 0.0109723 0.00887305 0.0071031 0.00563768 0.00443298
 1.012e-16 2.82079e-05 0.000165539 0.00078686 0.00302939 0.0094468 0.023862 0.0488261 0.080939 0.108712 0.118335 0.104463 0.0749585 0.0441104 0.0220873 0.0108859 0.00749049 0.00831758 0.0111411 0.014911 0.0190726 0.0231584 0.0266834 0.0291947 0.0303646 0.0300664 0.028402 0.0256679 0.0222765 0.018657 0.0151702 0.0120585 0.00943706 0.00731672 0.0056431 0.00433471
 1.02892e-16 1.24095e-05 7.27633e-05 0.000345736 0.00133085 0.00414993 0.0104829 0.0214535 0.0355769 0.0478249 0.0521646 0.0463022 0.0337759 0.020986 0.0125671 0.0095962 0.0109483 0.0151933 0.0213739 0.0288633 0.0370332 0.0450969 0.0521483 0.0573191 0.0599688 0.0598306 0.0570662 0.0522057 0.0460009 0.0392427 0.0326035 0.0265444 0.0212984 0.0169124 0.0133165 0.0103916
 1.08019e-16 1.02705e-05 6.02246e-05 0.000286168 0.00110157 0.00343497 0.00867679 0.0177564 0.0294432 0.0395715 0.0431412 0.038243 0.0277896 0.0170568 0.00985404 0.00704766 0.00769371 0.010625 0.0151124 0.0207594 0.0272268 0.0340822 0.0407911 0.0467907 0.0515925 0.054867 0.0564865 0.0565099 0.0551285 0.0525938 0.0491585 0.0450459 0.0404493 0.0355468 0.030518 0.0255483
 1.07486e-16 2.37072e-05 0.000139127 0.000661316 0.00254605 0.00793958 0.0200548 0.0410353 0.0680227 0.0913592 0.0994342 0.0877492 0.0629039 0.0368945 0.0182529 0.00864361 0.00552715 0.00590512 0.00794914 0.0108566 0.0142785 0.0179643 0.02165 0.0250646 0.0279738 0.0302186 0.0317314 0.0325247 0.0326605 0.0322141 0.0312483 0.0298066 0.0279229 0.0256396 0.023025 0.0201792
 1.04358e-16 2.22697e-05 0.000130672 0.000621084 0.00239109 0.00745629 0.0188343 0.0385393 0.0638903 0.0858244 0.0934509 0.0825657 0.0593984 0.0352611 0.0182268 0.00992811 0.00804254 0.00978632 0.0134156 0.0180668 0.0232103 0.028333 0.0328786 0.0363202 0.0382713 0.0385739 0.0373282 0.0348526 0.0315908 0.0279986 0.0244486 0.0211781 0.0182855 0.0157636 0.0135487 0.0115658
 1.02676e-16 2.65624e-05 0.000155881 0.000740945 0.00285261 0.00889555 0.0224696 0.0459769 0.0762159 0.102368 0.11143 0.0983684 0.0705874 0.0415429 0.0208119 0.010278 0.00710702 0.00793337 0.0106733 0.0143542 0.0184723 0.0226049 0.026309 0.0291621 0.030846 0.0312157 0.0303261 0.0284042 0.0257815 0.0228097 0.0197884 0.0169245 0.0143258 0.0120222 0.00999776 0.00822057
 1.02196e-16 2.46987e-05 0.000144933 0.000688887 0.00265215 0.0082704 0.0208906 0.0427466 0.0708635 0.0951866 0.103632 0.0915292 0.0657781 0.0389102 0.0198588 0.0104094 0.00795961 0.00940153 0.0127944 0.0171951 0.0220554 0.026868 0.0310889 0.0342036 0.0358334 0.0358218 0.0342654 0.0314777 0.0279015 0.0240003 0.0201651 0.01666 0.0136142 0.0110478 0.00891518 0.00714511
 1.02874e-16 2.08332e-05 0.000122235 0.000580967 0.00223662 0.00697456 0.0176175 0.0360499 0.0597652 0.0802884 0.0874367 0.0772849 0.0556709 0.0331924 0.0174227 0.00991611 0.00852743 0.0106738 0.0147295 0.0198686 0.0255477 0.0312114 0.0362449 0.0400579 0.0422084 0.0424998 0.0410184 0.0380945 0.0342069 0.0298633 0.0254976 0.0214102 0.0177591 0.0145871 0.0118676 0.00954607
 1.03697e-16 2.13852e-05 0.00012548 0.000596405 0.00229607 0.00715999 0.0180858 0.0370078 0.0613515 0.0824145 0.0897389 0.0792886 0.0570463 0.0338766 0.0175344 0.00959249 0.00782788 0.00957753 0.0131797 0.0178197 0.0230027 0.0282458 0.0330153 0.0367931 0.0391801 0.0399805 0.0392359 0.0371933 0.0342275 0.0307426 0.0270881 0.023512 0.0201544 0.0170714 0.0142711 0.0117451
 1.04313e-16 1.92484e-05 0.000112932 0.000536742 0.00206634 0.00644357 0.0162763 0.0333056 0.0552162 0.0741793 0.0807892 0.071422 0.051476 0.0307482 0.0162452 0.0094147 0.00828874 0.0104944 0.0145402 0.0196668 0.0253682 0.0311177 0.0363257 0.0404211 0.0429683 0.0437604 0.0428559 0.0405416 0.0372436 0.0334156 0.0294448 0.0255988 0.0220205 0.0187559 0.0157977 0.0131226
 1.02667e-16 3.03281e-05 0.000177996 0.000846103 0.00325753 0.0101583 0.025659 0.052502 0.0870289 0.116881 0.127197 0.112216 0.0803694 0.0469882 0.0229624 0.0103875 0.00597225 0.00583543 0.00759537 0.010193 0.0131667 0.0162032 0.0189956 0.0212509 0.0227424 0.0233556 0.0231068 0.0221259 0.0206129 0.0187837 0.0168241 0.0148653 0.0129811 0.0112023 0.00953724 0.00798886
 1.0182e-16 2.55891e-05 0.000150161 0.000713739 0.00274784 0.00856879 0.0216443 0.0442888 0.0734198 0.0986193 0.107366 0.0948216 0.0681309 0.040275 0.0205049 0.0106643 0.00805015 0.00943489 0.0128016 0.0171696 0.0219714 0.0266867 0.0307627 0.033681 0.0350671 0.0347775 0.0329308 0.0298679 0.0260606 0.0219977 0.0180871 0.0145988 0.0116564 0.00926477 0.00735626 0.00583553
 1.02849e-16 1.90193e-05 0.000111582 0.000530317 0.00204159 0.00636636 0.0160813 0.032907 0.0545568 0.0732979 0.0798408 0.0706112 0.0509514 0.0305544 0.0163602 0.0098192 0.00900519 0.0115835 0.0160735 0.0216946 0.0278892 0.034057 0.0395254 0.0436478 0.0459401 0.0461878 0.0444877 0.0412046 0.0368677 0.0320383 0.0271976 0.0226802 0.0186635 0.0151965 0.0122498 0.00976099
 1.0426e-16 2.03722e-05 0.000119533 0.000568135 0.00218723 0.00682056 0.0172284 0.0352535 0.0584435 0.0785092 0.0854894 0.0755405 0.0543643 0.0323135 0.0167809 0.00927134 0.00767577 0.0094664 0.0130686 0.0177123 0.0229282 0.0282528 0.0331687 0.0371671 0.0398481 0.0410022 0.040644 0.0389845 0.0363588 0.0331348 0.0296356 0.0260969 0.0226616 0.0194018 0.016351 0.0135306
 1.05386e-16 1.62484e-05 9.53161e-05 0.000452988 0.00174386 0.00543791 0.0137361 0.0281085 0.0466028 0.0626164 0.0682185 0.0603626 0.043622 0.0262914 0.0143199 0.00897332 0.00863578 0.0113399 0.0158384 0.0214648 0.027722 0.0340548 0.0398295 0.0444285 0.0473781 0.0484489 0.0476947 0.0454133 0.0420509 0.0380826 0.0339124 0.0298185 0.0259489 0.0223527 0.0190277 0.0159599
 1.10245e-16 1.59083e-06 9.25112e-06 4.37981e-05 0.000168328 0.000524641 0.00132578 0.00271709 0.00452059 0.00612166 0.00679517 0.00631177 0.00521261 0.00444608 0.00478925 0.00661168 0.0100137 0.0150096 0.0215537 0.0294531 0.0382857 0.0473926 0.0559602 0.0631684 0.0683594 0.0711683 0.0715776 0.0698737 0.0665337 0.0620848 0.056987 0.0515725 0.0460447 0.0405176 0.0350682 0.0297762
pSPR Fmed_Fpbrs
0.521687   0.254687 0.254687
Fs Fmed_Fpbrs
0.37176   1.005 1.005
SSBpbr Bo_Bmed_Bpbrs
1.00723e+06  475099  206168 206168
Ro
24343
SPR SPRFo_SPRFmed_SPRFpbrs
501698 261730 127776
log_Ro
9.92
likeval ReclasPelacesDesembMPH_pf_preclas_ppelaces_ptallas_desvR_qrecl_qpela
 99.7725 108.79 0.067494 0.00057788 339.531 209.67 75.355 0 37.4816 0 0 0 0 0 0
q_reclas_q_pelaces
1 1
M
0.7
N
 13768.7 52631.1 24577.2 3259.28 0.160422
 17222.2 6446.25 23231.5 10848.5 1438.73
 3820.5 7739.14 2621.34 9447 4996.54
 8593.26 1334.62 1901.84 644.177 3549.4
 48995.3 3696.43 497.293 708.646 1562.57
 20670.4 23636.4 1732.37 233.062 1064.43
 59298.3 7271.68 5890.61 431.738 323.358
 69740 23749.6 2348.93 1902.81 243.914
 125687 24743.7 6020.45 595.446 544.188
 186006 47807.3 7209.09 1754.06 332.033
 65734.5 80400 17986.9 2712.33 784.867
 28307.1 25483.1 24332.1 5443.51 1058.38
 49236.8 11043.8 7810.97 7458.17 1992.93
 27935.1 16770.7 2580.17 1824.88 2208.07
 19527.2 7101.75 2182.68 335.804 524.88
 14730.3 5439.53 1109.73 341.067 134.491
 11690.9 5628.63 1599.37 326.29 139.827
 11867.3 4655.53 1797.43 510.74 148.849
 10251.4 4975.23 1647.78 636.184 233.455
 27688.1 4291.72 1755.97 581.572 306.933
 38192.1 11717.1 1547.72 633.256 320.421
 34520.7 17782 5114.93 675.635 416.313
 40919.8 15761.7 7465.09 2147.31 458.413
 29085.8 18027.2 6160.28 2917.64 1018.42
 1316.24 12265.2 6455.43 2205.96 1409.48
pred_Ctot
 568.295 4234.75 1977.51 262.245 0.0129077
 1184.41 849.362 3061 1429.4 189.568
 831.358 2925.86 991.024 3571.54 1888.99
 833.606 243.612 347.148 117.583 647.882
 1006.71 149.986 20.1782 28.754 63.4029
 4421.03 8805.38 645.369 86.8237 396.537
 8353.38 1873.33 1517.54 111.224 83.3037
 14599.3 8686.33 859.112 695.946 89.2107
 21480.9 7581.7 1844.72 182.45 166.744
 17471.8 8466.4 1276.69 310.634 58.8011
 10517.7 23230.8 5197.13 783.701 226.78
 4424.62 7210.69 6885 1540.29 299.48
 11364.8 4389.02 3104.23 2964.02 792.031
 10185 9580.08 1473.89 1042.44 1261.33
 6372.08 3732.38 1147.12 176.484 275.855
 2479.12 1644.14 335.423 103.09 40.651
 1686.74 1481.81 421.054 85.9 36.8113
 1342.35 980.632 378.608 107.581 31.3533
 1168.52 1055.46 349.566 134.962 49.526
 2970.61 860.682 352.15 116.631 61.5537
 1720.62 1026.61 135.606 55.4835 28.0741
 2009.33 1996.32 574.235 75.8511 46.738
 3343.72 2447.34 1159.11 333.415 71.1782
 3184.6 3684.2 1258.97 596.275 208.132
 231.025 3847.72 2025.13 692.029 442.166
F
 0.0588982 0.117796 0.117796 0.117796 0.117796
 0.0999065 0.199813 0.199813 0.199813 0.199813
 0.351734 0.703468 0.703468 0.703468 0.703468
 0.143611 0.287222 0.287222 0.287222 0.287222
 0.0289378 0.0578756 0.0578756 0.0578756 0.0578756
 0.344714 0.689428 0.689428 0.689428 0.689428
 0.215014 0.430028 0.430028 0.430028 0.430028
 0.336202 0.672404 0.672404 0.672404 0.672404
 0.266614 0.533229 0.533229 0.533229 0.533229
 0.138768 0.277535 0.277535 0.277535 0.277535
 0.247609 0.495219 0.495219 0.495219 0.495219
 0.241243 0.482486 0.482486 0.482486 0.482486
 0.377007 0.754015 0.754015 0.754015 0.754015
 0.669541 1.33908 1.33908 1.33908 1.33908
 0.578113 1.15623 1.15623 1.15623 1.15623
 0.262041 0.524082 0.524082 0.524082 0.524082
 0.220752 0.441505 0.441505 0.441505 0.441505
 0.169314 0.338629 0.338629 0.338629 0.338629
 0.170725 0.341449 0.341449 0.341449 0.341449
 0.159951 0.319902 0.319902 0.319902 0.319902
 0.0644441 0.128888 0.128888 0.128888 0.128888
 0.083974 0.167948 0.167948 0.167948 0.167948
 0.119731 0.239462 0.239462 0.239462 0.239462
 0.163481 0.326961 0.326961 0.326961 0.326961
 0.274744 0.549488 0.549488 0.549488 0.549488
nmprior
 10 11 7 0
nm_flota  nm_reclas  nm_pelaces    nm_pelaL
inf 13.3748 10.5318 16.8657
cv_recla  cv_pelaces  cv_mph
0.903505 1.22732 0.779932
 ------------------------------------------------
Talla a la edad & desviación 
 7.2 14.2025 17.0495 18.207 18.6776
 1.08 2.13037 2.55742 2.73105 2.80164
