years
 1997 1998 1999 2000 2001 2002 2003 2004 2005 2006 2007 2008 2009 2010 2011 2012 2013 2014 2015 2016 2017 2018 2019 2020 2021
reclasobs
 0 0 0 370054 412103 1.49427e+06 250295 1.28982e+06 931140 785840 897777 1.04006e+06 184774 17550 25797 100020 73551 82996 120727 218422 84188 347160 605670 569463 516374
reclaspred
 844663 184494 400991 204086 323589 399822 861441 635457 712356 834791 781688 552837 334441 132759 74475.8 69178.2 79545.6 106387 116424 143652 222482 218919 352218 404257 422644
pelacesobs
 0 0 0 0 0 0 0 0 0 2.06254e+06 1.5e+06 0 1.87456e+06 323000 250000 174000 83755 137374 0 501740 490994 745055 786931 1.00524e+06 0
pelacespred
 2.73388e+06 774437 686290 691739 987354 908514 2.37761e+06 1.99649e+06 2.03195e+06 2.4861e+06 1.9824e+06 1.44613e+06 846776 260238 150780 155631 186816 264136 293980 348775 649027 623860 748455 1.00971e+06 1.06334e+06
mphobs
 0 0 0 0 0 112323 0 153150 637223 0 255016 313432 73983 77613 109348 50772 0 0 0 0 0 0 0 0 0
mphpred
 312525 153413 145786 104120 105447 190248 247171 342461 304055 340349 409568 286233 179313 95837.1 42603 32271.4 32800.1 41428.2 51791.4 55295.3 80388.5 102955 123215 158537 210567
desembarqueobs
 350755 77701 442110 56441 14545 235359 269955 359681 431902 328805 639364 411747 362871 311530 167758 66681 60226 58785 57116 71774 51957 67425 138520 160799 200461
desembarquepred
 350740 77685.2 441901 56439.9 14545.1 235399 269990 359485 431774 328714 638866 411494 362633 311338 167431 66653.8 60238.9 58751.7 57079.5 71751.7 51955.8 67398.4 138497 160791 200448
Reclutas
 30630 42235.1 13486.8 19399.8 44261 27298.3 65658.1 64229 82491.3 117050 66892.8 47737 51214.2 28101.9 13647.8 11009.8 8436.17 9743.94 9534.09 14028.7 20011.6 24100.1 34546.4 43027.1 10114.2
log_desv_Rt
 0.109734 0.431006 -0.71053 -0.346983 0.477858 -0.00541985 0.872217 0.850211 1.10045 1.45036 0.890847 0.553462 0.623772 0.0235937 -0.698664 -0.913461 -1.17972 -1.0356 -1.05737 -0.671139 -0.315931 -0.130028 0.230058 0.449585 -0.998306
SSB
 539697 264928 251756 179803 182096 328537 426838 591393 525070 587746 707279 494294 309654 165500 73570.6 55729.2 56642.2 71541.9 89438 95488.9 138822 177792 212778 273776 363627
BT
 1.48848e+06 394217 514361 313333 409983 482349 1.28758e+06 1.1914e+06 1.29004e+06 1.36209e+06 1.33017e+06 932844 722844 405635 209462 120192 127300 157244 154506 197185 306047 275059 363102 513208 488949
Ftot
 0.578238 0.654057 1.28305 0.406194 0.0777425 0.718107 0.528405 0.853251 0.972364 0.651294 1.06573 0.997817 1.61361 2.9068 3.04627 1.36103 1.11951 0.838426 0.659701 0.746025 0.355513 0.421108 0.53129 0.575517 0.544283
BD_Bspro_t
 0.926244 0.655015 0.539314 0.295217 0.417498 0.618877 0.536348 0.577426 0.507666 0.488719 0.500299 0.344645 0.249292 0.16618 0.0911421 0.0853901 0.118603 0.196306 0.282636 0.350455 0.470538 0.596352 0.599323 0.585796 0.562845
BD_Bspro
 0.954096 0.46835 0.445064 0.317863 0.321917 0.5808 0.754579 1.04549 0.928239 1.03904 1.25035 0.873831 0.547418 0.292577 0.130061 0.0985202 0.100134 0.126474 0.158112 0.168809 0.245415 0.314308 0.376157 0.483992 0.642833
BD_Bo
 0.697081 0.342185 0.325172 0.232237 0.235199 0.424344 0.55131 0.763853 0.67819 0.759142 0.913533 0.638438 0.399954 0.213763 0.095025 0.0719807 0.07316 0.0924047 0.11552 0.123335 0.179305 0.229639 0.274828 0.353614 0.469666
BD_Brms
 2.29764 1.12787 1.0718 0.765473 0.775236 1.39868 1.81717 2.51773 2.23537 2.5022 3.01109 2.10435 1.31829 0.704581 0.313211 0.237255 0.241142 0.304574 0.380763 0.406523 0.591005 0.756912 0.905857 1.16554 1.54806
S_f
 0.132752 1 1 1 1
 0.132752 1 1 1 1
 0.132752 1 1 1 1
 0.132752 1 1 1 1
 0.132752 1 1 1 1
 0.132752 1 1 1 1
 0.132752 1 1 1 1
 0.132752 1 1 1 1
 0.132752 1 1 1 1
 0.132752 1 1 1 1
 0.132752 1 1 1 1
 0.132752 1 1 1 1
 0.132752 1 1 1 1
 0.132752 1 1 1 1
 0.132752 1 1 1 1
 0.132752 1 1 1 1
 0.132752 1 1 1 1
 0.132752 1 1 1 1
 0.132752 1 1 1 1
 0.132752 1 1 1 1
 0.132752 1 1 1 1
 0.132752 1 1 1 1
 0.132752 1 1 1 1
 0.132752 1 1 1 1
 0.132752 1 1 1 1
Scru_reclas
 0.433362 0.793769 0.950909 0.989846 0.997966
 0.433362 0.793769 0.950909 0.989846 0.997966
 0.433362 0.793769 0.950909 0.989846 0.997966
 0.433362 0.793769 0.950909 0.989846 0.997966
 0.433362 0.793769 0.950909 0.989846 0.997966
 0.433362 0.793769 0.950909 0.989846 0.997966
 0.433362 0.793769 0.950909 0.989846 0.997966
 0.433362 0.793769 0.950909 0.989846 0.997966
 0.433362 0.793769 0.950909 0.989846 0.997966
 0.433362 0.793769 0.950909 0.989846 0.997966
 0.433362 0.793769 0.950909 0.989846 0.997966
 0.433362 0.793769 0.950909 0.989846 0.997966
 0.433362 0.793769 0.950909 0.989846 0.997966
 0.433362 0.793769 0.950909 0.989846 0.997966
 0.433362 0.793769 0.950909 0.989846 0.997966
 0.433362 0.793769 0.950909 0.989846 0.997966
 0.433362 0.793769 0.950909 0.989846 0.997966
 0.433362 0.793769 0.950909 0.989846 0.997966
 0.433362 0.793769 0.950909 0.989846 0.997966
 0.433362 0.793769 0.950909 0.989846 0.997966
 0.433362 0.793769 0.950909 0.989846 0.997966
 0.433362 0.793769 0.950909 0.989846 0.997966
 0.433362 0.793769 0.950909 0.989846 0.997966
 0.433362 0.793769 0.950909 0.989846 0.997966
 0.433362 0.793769 0.950909 0.989846 0.997966
Scru_pelaces
 0.499822 0.996995 0.999991 1 1
 0.499822 0.996995 0.999991 1 1
 0.499822 0.996995 0.999991 1 1
 0.499822 0.996995 0.999991 1 1
 0.499822 0.996995 0.999991 1 1
 0.499822 0.996995 0.999991 1 1
 0.499822 0.996995 0.999991 1 1
 0.499822 0.996995 0.999991 1 1
 0.499822 0.996995 0.999991 1 1
 0.499822 0.996995 0.999991 1 1
 0.499822 0.996995 0.999991 1 1
 0.499822 0.996995 0.999991 1 1
 0.499822 0.996995 0.999991 1 1
 0.499822 0.996995 0.999991 1 1
 0.499822 0.996995 0.999991 1 1
 0.499822 0.996995 0.999991 1 1
 0.499822 0.996995 0.999991 1 1
 0.499822 0.996995 0.999991 1 1
 0.499822 0.996995 0.999991 1 1
 0.499822 0.996995 0.999991 1 1
 0.499822 0.996995 0.999991 1 1
 0.499822 0.996995 0.999991 1 1
 0.499822 0.996995 0.999991 1 1
 0.499822 0.996995 0.999991 1 1
 0.499822 0.996995 0.999991 1 1
pf_obs 
 0.256992 0.487395 0.22802 0.0275931 0
 0.321318 0.546541 0.124235 0.00734118 0.000564706
 0.182869 0.594174 0.210203 0.0122559 0.00049798
 0.330522 0.361315 0.267642 0.0388342 0.00168674
 0.649043 0.306663 0.0425973 0.00169635 0
 0.582887 0.30429 0.105238 0.00758474 0
 0.465427 0.430635 0.0974691 0.00646863 0
 0.296916 0.608066 0.0921331 0.00288517 0
 0.311714 0.524322 0.152257 0.0117073 0
 0.15457 0.633149 0.183074 0.0267441 0.00246327
 0.131901 0.49318 0.331252 0.0422183 0.00144891
 0.196976 0.569456 0.194076 0.0375587 0.00193317
 0.518974 0.381816 0.0799577 0.0180837 0.00116848
 0.0928022 0.601141 0.25162 0.0475244 0.00691264
 0.122501 0.610282 0.24278 0.0234846 0.000952079
 0.383417 0.481906 0.127806 0.00687128 0
 0.0376549 0.599619 0.316969 0.0457579 0
 0.0361596 0.667082 0.258105 0.0386534 0
 0.158088 0.579412 0.248529 0.0139706 0
 0.0477256 0.309471 0.559284 0.082774 0.000745712
 0.0406174 0.521527 0.379366 0.0568643 0.0016247
 0.151134 0.462217 0.34131 0.0453401 0
 0.294876 0.26143 0.354403 0.0886775 0.000613685
 0.281977 0.475581 0.204845 0.0348837 0.00271318
 0 0 0 0 0
pf_pred 
 0.20939 0.547373 0.216346 0.0268837 7.57714e-06
 0.267973 0.53278 0.137947 0.0545228 0.00677704
 0.10192 0.712832 0.134826 0.0349089 0.0155126
 0.249714 0.471767 0.221069 0.0418132 0.0156371
 0.333414 0.502867 0.102944 0.0482392 0.0125361
 0.146211 0.680012 0.131095 0.026837 0.0158439
 0.357932 0.417812 0.178611 0.0344334 0.0112105
 0.242346 0.640777 0.076055 0.0325129 0.00830862
 0.29813 0.55397 0.125085 0.0148465 0.00796867
 0.314398 0.577 0.0857171 0.0193546 0.00353025
 0.165712 0.690773 0.120782 0.0179429 0.00479043
 0.183225 0.591025 0.186916 0.0326823 0.0061514
 0.28963 0.525671 0.13365 0.0422678 0.00878157
 0.265808 0.646756 0.0647024 0.0164504 0.00628343
 0.293713 0.662148 0.0388825 0.00388986 0.00136674
 0.3252 0.640949 0.031736 0.00186359 0.000251943
 0.240737 0.67022 0.0845765 0.00418774 0.000279156
 0.280665 0.583827 0.119616 0.0150946 0.000797221
 0.23268 0.628611 0.112579 0.0230656 0.00306442
 0.298739 0.534181 0.136877 0.0245135 0.00568966
 0.28365 0.590787 0.0956464 0.0245081 0.00540794
 0.235186 0.597103 0.138314 0.0223926 0.00700389
 0.266874 0.543188 0.148288 0.0343496 0.00730047
 0.255866 0.581853 0.120237 0.0328242 0.00921946
 0.0602463 0.729357 0.164513 0.033996 0.0118874
pobs_RECLAS
 0 0 0 0 0
 0 0 0 0 0
 0 0 0 0 0
 0 0 0 0 0
 0.835266 0.146461 0.0176864 0.000547809 3.91292e-05
 0.385257 0.428462 0.181853 0.0044286 0
 0.867414 0.0963971 0.0333333 0.00285562 0
 0.441836 0.489002 0.0689373 0.000224442 0
 0.779404 0.147425 0.0564933 0.0165055 0.000172143
 0.814271 0.122319 0.05973 0.00367925 0
 0.40263 0.566651 0.0304383 0.000280538 0
 0.475488 0.404961 0.113038 0.00651328 0
 0.955842 0.0263864 0.0167828 0.000988607 0
 0.975058 0.0227948 0.00214734 0 0
 0.738997 0.206755 0.0527124 0.00153531 0
 0.850938 0.134255 0.0134407 0.00136685 0
 0.542534 0.407297 0.0501686 0 0
 0.764087 0.199537 0.0359546 0.000420521 0
 0.470689 0.182191 0.310203 0.0369168 0
 0.84361 0.089868 0.0606195 0.00523954 0.000663233
 0.607945 0.314616 0.071237 0.00620181 0
 0.523733 0.453247 0.0230204 0 0
 0.530135 0.295979 0.169645 0.0042399 0
 0.562478 0.366248 0.0663022 0.0049721 0
 0.250443 0.683176 0.0655157 0.000865301 0
ppred_RECLAS
 0.516722 0.31489 0.149097 0.0192858 5.48027e-06
 0.59923 0.275673 0.0855073 0.0351802 0.00440868
 0.336838 0.5043 0.114267 0.0307972 0.0137977
 0.566164 0.253178 0.142125 0.0279824 0.0105506
 0.662286 0.24188 0.0593186 0.0289347 0.00758109
 0.416684 0.445464 0.102879 0.0219231 0.013049
 0.689318 0.188449 0.0965087 0.0193671 0.0063571
 0.577523 0.345792 0.0491678 0.0218795 0.00563714
 0.645835 0.2679 0.0724662 0.00895333 0.00484501
 0.657285 0.2792 0.049688 0.0116788 0.00214766
 0.46512 0.427707 0.0895896 0.0138541 0.00372913
 0.488125 0.350381 0.132747 0.0241613 0.0045849
 0.655314 0.24174 0.0736291 0.0242392 0.00507725
 0.693726 0.263172 0.0315402 0.00834736 0.00321453
 0.731478 0.24857 0.0174861 0.00182096 0.000645062
 0.692759 0.288913 0.0171373 0.00104754 0.00014278
 0.58581 0.357218 0.054002 0.00278335 0.000187061
 0.623559 0.294232 0.0722172 0.00948641 0.000505133
 0.558277 0.348794 0.0748323 0.0159597 0.00213775
 0.639168 0.261932 0.0804032 0.0149892 0.00350758
 0.616403 0.305124 0.0591777 0.0157844 0.00351154
 0.554421 0.332767 0.0923427 0.0155621 0.00490741
 0.595928 0.283999 0.0928786 0.0223956 0.00479886
 0.585004 0.310202 0.076792 0.0218222 0.00617957
 0.207521 0.587531 0.158758 0.0341501 0.0120393
pobs_PELACES
 0 0 0 0 0
 0 0 0 0 0
 0 0 0 0 0
 0 0 0 0 0
 0 0 0 0 0
 0 0 0 0 0
 0 0 0 0 0
 0 0 0 0 0
 0 0 0 0 0
 0 0 0 0 0
 0.450072 0.473896 0.0757376 0.000293798 0
 0 0 0 0 0
 0.463077 0.371075 0.160297 0.00555027 0
 0.529543 0.364841 0.0842815 0.0213345 0
 0.631943 0.363953 0.00410389 0 0
 0.735681 0.248677 0.0153453 0.000297389 0
 0.695825 0.281241 0.0229344 0 0
 0.275771 0.60734 0.115278 0.00161068 0
 0 0 0 0 0
 0.896147 0.0623911 0.0374545 0.00400742 0
 0.803859 0.145111 0.0509908 3.86294e-05 0
 0.739449 0.233085 0.0266225 0.000797448 4.60066e-05
 0.878498 0.100942 0.0204185 0.000141795 0
 0.694673 0.275183 0.0284847 0.00165964 0
 0 0 0 0 0
ppred_PELACES
 0.55154 0.310201 0.122974 0.0152811 4.30697e-06
 0.636409 0.26441 0.0686665 0.0271404 0.00337347
 0.412588 0.465958 0.0883964 0.0228877 0.0101707
 0.591623 0.256494 0.120554 0.0228018 0.00852733
 0.659631 0.256582 0.0526837 0.0246877 0.00641571
 0.456428 0.432671 0.0836626 0.017127 0.0101113
 0.717504 0.183635 0.0787386 0.0151797 0.00494205
 0.623357 0.318394 0.0379043 0.0162039 0.00414089
 0.697552 0.238564 0.0540289 0.00641284 0.00344201
 0.686623 0.263611 0.0392788 0.00886911 0.00161771
 0.528544 0.390154 0.0684235 0.0101648 0.00271383
 0.551692 0.32413 0.102816 0.0179776 0.00338372
 0.744955 0.188584 0.0480911 0.0152093 0.00315988
 0.830438 0.149315 0.0149826 0.00380931 0.00145501
 0.85829 0.132828 0.00782335 0.000782666 0.000274998
 0.755318 0.232373 0.0115403 0.000677673 9.1616e-05
 0.646725 0.311735 0.0394567 0.00195368 0.000130233
 0.667403 0.26979 0.0554415 0.00699634 0.000369511
 0.592417 0.333723 0.0599466 0.0122822 0.00163177
 0.678624 0.244631 0.0628717 0.0112599 0.00261346
 0.628646 0.306101 0.0497056 0.0127365 0.00281043
 0.573837 0.332494 0.077251 0.0125068 0.00391184
 0.62417 0.278244 0.0761873 0.0176483 0.00375087
 0.614714 0.301065 0.0624009 0.0170353 0.00478476
 0.227176 0.599397 0.135606 0.0280226 0.00979873
pobs_pel_tallas
 0 0 0 0 0 0 0 0 0 0 0 0 0 0 0 0 0 0 0 0 0 0 0 0 0 0 0 0 0 0 0 0 0 0 0 0
 0 0 0 0 0 0 0 0 0 0 0 0 0 0 0 0 0 0 0 0 0 0 0 0 0 0 0 0 0 0 0 0 0 0 0 0
 0 0 0 0 0 0 0 0 0 0 0 0 0 0 0 0 0 0 0 0 0 0 0 0 0 0 0 0 0 0 0 0 0 0 0 0
 0 0 0 0 0 0 0 0 0 0 0 0 0 0 0 0 0 0 0 0 0 0 0 0 0 0 0 0 0 0 0 0 0 0 0 0
 0 0 0 0 0 0 0 0 0 0 0 0 0 0 0 0 0 0 0 0 0 0 0 0 0 0 0 0 0 0 0 0 0 0 0 0
 0 0 0 0 0 0 0 0 0 0 0 0 0 0 0 0 0 0 0 0 0 0 0 0 0 0 0 0 0 0 0 0 0 0 0 0
 0 0 0 0 0 0 0 0 0 0 0 0 0 0 0 0 0 0 0 0 0 0 0 0 0 0 0 0 0 0 0 0 0 0 0 0
 0 0 0 0 0 0 0 0 0 0 0 0 0 0 0 0 0 0 0 0 0 0 0 0 0 0 0 0 0 0 0 0 0 0 0 0
 0 0 0 0 0 0 0 0 0 0 0 0 0 0 0 0 0 0 0 0 0 0 0 0 0 0 0 0 0 0 0 0 0 0 0 0
 0 0 0 0 0 0 0 0 0 0 0 0 0 0 0 0 0 0 0 0 0 0 0 0 0 0 0 0 0 0 0 0 0 0 0 0
 0 0 0 0 0 0 0 0 1.78061e-05 0.00172719 0.00360574 0.0105946 0.0120993 0.0124554 0.0147524 0.0171206 0.0266825 0.0428682 0.0675386 0.121331 0.153587 0.119568 0.100827 0.0573624 0.0630603 0.0341343 0.0324427 0.0444173 0.0211091 0.0280891 0.0125444 0.00206551 0 0 0 0
 0 0 0 0 0 0 0 0 0 0 0 0 0 0 0 0 0 0 0 0 0 0 0 0 0 0 0 0 0 0 0 0 0 0 0 0
 0 0 0 0 0 0 0.0133647 0.0140871 0.0187388 0.0205184 0.03894 0.0496705 0.03968 0.0493445 0.0407372 0.0367815 0.0215668 0.0243155 0.0234873 0.0199281 0.019796 0.0243948 0.0301388 0.0376714 0.0412746 0.0863199 0.0771752 0.113111 0.0741005 0.0525337 0.0229764 0.00759418 0.00175318 0 0 0
 0 0 0 0 0 0 0 0 0 0 0.00219441 0.00772107 0.0458388 0.0604681 0.0671733 0.0775358 0.0609151 0.0617685 0.073594 0.0568108 0.0755445 0.0548602 0.0670107 0.0636378 0.0643287 0.046367 0.0373049 0.0286899 0.0247887 0.0153202 0.00654259 0.00121912 0.000365735 0 0 0
 0 0 0 0 0 0 0 0 0 0 0 0 0.000112435 0.00938835 0.0111873 0.0202946 0.0414886 0.0713402 0.111592 0.104902 0.108894 0.110636 0.117776 0.105296 0.107544 0.0401394 0.0192827 0.0124803 0.00416011 0.0028671 0.000618394 0 0 0 0 0
 0 0 0 0 0 0 0 0 0 0 0.00291406 0.0102884 0.027416 0.0768956 0.0749926 0.110853 0.0956884 0.0897413 0.0766577 0.0534642 0.0500743 0.0551293 0.0594112 0.0620874 0.0668451 0.0424026 0.0208742 0.0120726 0.0048766 0.00582813 0.00118941 0.000297354 0 0 0 0
 0 0.00264628 0.0354308 0.0461629 0.0458689 0.0383711 0.0214643 0.0164657 0.0346957 0.0420465 0.0363128 0.0245516 0.0311673 0.0291091 0.0169068 0.0133784 0.00837989 0.0085269 0.0148486 0.0160247 0.0276389 0.0546898 0.0760071 0.122758 0.109233 0.0665981 0.0333725 0.0166128 0.00676272 0.00308733 0.000882094 0 0 0 0 0
 0 0 0 0 0 0 0 0.000805153 0.000690131 0.00759144 0.0133425 0.0154129 0.00931677 0.000345066 0.00356568 0.00563607 0.00851162 0.0253048 0.0502646 0.0516448 0.0657925 0.0565908 0.0611916 0.0827007 0.0866115 0.110766 0.145733 0.0935128 0.0569358 0.0249597 0.0138026 0.00621118 0.00161031 0.00115022 0 0
 0 0 0 0 0 0 0 0 0 0 0 0 0 0 0 0 0 0 0 0 0 0 0 0 0 0 0 0 0 0 0 0 0 0 0 0
 0.00147267 0.00158595 0.00478618 0.00569244 0.00954404 0.0108468 0.00647125 0.017049 0.0510054 0.094081 0.124002 0.0959785 0.0687766 0.0820023 0.061753 0.0591476 0.0492212 0.0479892 0.0443925 0.0268479 0.0217502 0.0140895 0.0121071 0.0120363 0.00920419 0.00665534 0.0049561 0.00860946 0.00930331 0.0156896 0.0114698 0.00855282 0.00243557 0.00046729 0 2.83206e-05
 0 0 0 0 0.000772559 0.00158375 0.000888443 0.00281984 0.00712685 0.0440552 0.0773331 0.111326 0.0921469 0.0852325 0.0710754 0.0886704 0.0786465 0.0553345 0.0373146 0.0185414 0.00753245 0.00457741 0.012979 0.0271748 0.0457355 0.0583668 0.034881 0.0177882 0.00938659 0.00492506 0.0015258 0.00185414 0.000309023 5.79419e-05 3.86279e-05 0
 0 0.00173294 0.00326652 0 0.00397197 0.00683976 0.00946217 0.0152591 0.00757587 0.0136028 0.0228656 0.0392903 0.0559909 0.0764795 0.0681675 0.0726916 0.0566044 0.0477403 0.0527397 0.0444891 0.0609904 0.0582453 0.0661739 0.0445044 0.0529084 0.0360697 0.0280645 0.0235558 0.0158879 0.00826598 0.00280645 0.00217768 0.000904811 0.00058276 9.20147e-05 0
 0 0 0 0 0 0 0 0 0 0 0 0 0 0 0 0 0 0 0 0 0 0 0 0 0 0 0 0 0 0 0 0 0 0 0 0
 0 0 0 0 0 0 0 0 0 0 0 0 0 0 0 0 0 0 0 0 0 0 0 0 0 0 0 0 0 0 0 0 0 0 0 0
 0 0 0 0 0 0 0 0 0 0 0 0 0 0 0 0 0 0 0 0 0 0 0 0 0 0 0 0 0 0 0 0 0 0 0 0
ppred_pel_tallas
 1.02373e-16 2.40752e-05 0.000141275 0.0006715 0.00258522 0.00806167 0.0203633 0.0416676 0.0690745 0.0927825 0.101012 0.0892087 0.0640968 0.0378887 0.0192893 0.0100364 0.00759325 0.00893447 0.0121793 0.0164275 0.0211713 0.0259462 0.0302492 0.0335946 0.0356098 0.0361152 0.0351559 0.0329736 0.0299331 0.02643 0.0228105 0.0193247 0.0161182 0.0132516 0.0107326 0.00854563
 1.02152e-16 2.77739e-05 0.000162994 0.000774765 0.00298283 0.00930163 0.0234953 0.0480755 0.0796941 0.107038 0.116507 0.102837 0.0737635 0.0433513 0.0216048 0.0104818 0.00700665 0.00765014 0.0102291 0.0137312 0.0176455 0.0215569 0.0250356 0.0276748 0.0291707 0.0293894 0.0283919 0.0264071 0.0237648 0.0208132 0.017848 0.0150719 0.0125888 0.0104239 0.00855589 0.00694634
 1.02669e-16 1.80224e-05 0.000105726 0.000502464 0.00193433 0.00603188 0.0152365 0.0311788 0.0516936 0.0694571 0.075673 0.0669627 0.0484003 0.0291877 0.015924 0.0100114 0.0096511 0.0126468 0.0175902 0.0237059 0.0303957 0.0369928 0.0427487 0.0469514 0.0490788 0.0489192 0.0466146 0.0426094 0.0375286 0.0320253 0.0266499 0.0217741 0.0175782 0.0140874 0.0112316 0.00890293
 1.02977e-16 2.58208e-05 0.000151528 0.000720256 0.00277296 0.00864715 0.0218421 0.044693 0.0740874 0.0995092 0.108317 0.095617 0.0686072 0.040366 0.0202022 0.00994663 0.00684575 0.00763264 0.0102907 0.0138883 0.0179537 0.0220958 0.0259002 0.0289644 0.0309738 0.0317659 0.0313573 0.0299216 0.0277318 0.0250876 0.0222526 0.0194199 0.0167064 0.0141694 0.0118321 0.00970504
 1.0198e-16 2.87861e-05 0.000168937 0.000803022 0.00309163 0.00964092 0.0243523 0.0498289 0.0826001 0.110939 0.120749 0.106569 0.0764167 0.0448614 0.0222654 0.0106488 0.00691695 0.0074036 0.0098418 0.0131856 0.0169175 0.0206285 0.0239007 0.0263416 0.027662 0.0277405 0.0266474 0.0246168 0.02198 0.0190836 0.0162189 0.0135817 0.011267 0.00928937 0.00761564 0.00619595
 1.0239e-16 1.99327e-05 0.000116944 0.000555803 0.00213971 0.00667236 0.0168542 0.0344886 0.0571786 0.0768193 0.083674 0.0739949 0.0533792 0.0319824 0.0170728 0.0101636 0.00922753 0.0118081 0.016344 0.0220095 0.0282163 0.0343368 0.0396742 0.0435664 0.0455283 0.0453628 0.0432021 0.0394595 0.0347164 0.0295813 0.0245671 0.0200213 0.016113 0.012867 0.0102187 0.00806747
 1.01931e-16 3.13068e-05 0.000183743 0.000873422 0.00336271 0.0104863 0.0264876 0.0541973 0.0898387 0.120653 0.1313 0.115828 0.0829411 0.0484607 0.0236239 0.0105876 0.00594814 0.00569324 0.00736132 0.00986016 0.0127194 0.0156265 0.0182786 0.0203875 0.0217306 0.0221966 0.0218039 0.0206848 0.0190428 0.0170994 0.0150483 0.0130295 0.0111254 0.00937301 0.00778242 0.00635354
 1.01393e-16 2.72069e-05 0.00015966 0.000758906 0.00292175 0.00911114 0.0230142 0.0470915 0.0780646 0.104854 0.114144 0.100781 0.0723566 0.0426598 0.0215099 0.010847 0.00777592 0.00884982 0.0119212 0.0159628 0.0204092 0.0247648 0.0285104 0.0311616 0.0323702 0.0320048 0.030181 0.0272233 0.0235794 0.0197127 0.0160102 0.0127283 0.00998445 0.00778237 0.00605579 0.00471058
 1.01226e-16 3.0439e-05 0.000178643 0.000849166 0.0032693 0.010195 0.0257518 0.0526922 0.0873455 0.11731 0.127675 0.112662 0.0807435 0.0473162 0.0233252 0.0108907 0.00672464 0.0069376 0.00912897 0.0122026 0.0156371 0.01904 0.0220175 0.0242016 0.0253215 0.0252643 0.0240984 0.0220472 0.0194279 0.0165746 0.0137712 0.0112123 0.00899678 0.00714442 0.00562591 0.00439101
 1.01024e-16 2.99634e-05 0.000175848 0.000835877 0.00321813 0.0100354 0.0253487 0.0518677 0.0859795 0.115477 0.125687 0.110924 0.0795306 0.0466722 0.0231314 0.0110065 0.00707079 0.00750148 0.0099321 0.0132676 0.0169644 0.0205944 0.0237234 0.0259478 0.0269762 0.0266961 0.0251988 0.0227495 0.0197163 0.0164826 0.0133705 0.0105965 0.00826344 0.00638094 0.00490001 0.00374728
 1.01575e-16 2.30756e-05 0.000135399 0.00064355 0.00247758 0.00772598 0.0195155 0.0399335 0.0662023 0.0889323 0.0968404 0.0855735 0.0615907 0.0366193 0.0190324 0.0105302 0.00871323 0.0106985 0.0146708 0.0197133 0.0252395 0.0306678 0.0353649 0.0387331 0.040337 0.0400046 0.0378641 0.0343 0.0298506 0.0250781 0.0204572 0.0163099 0.0127928 0.0099268 0.00764761 0.00585445
 1.02341e-16 2.40823e-05 0.000141316 0.000671691 0.00258595 0.00806394 0.0203691 0.0416795 0.0690945 0.0928105 0.101045 0.0892446 0.0641368 0.0379408 0.0193677 0.0101602 0.00778399 0.00921367 0.0125641 0.0169247 0.0217711 0.0266178 0.0309399 0.0342346 0.0361228 0.0364316 0.0352273 0.0327825 0.0294972 0.0257982 0.0220533 0.0185208 0.0153414 0.0125603 0.0101641 0.00811513
 1.01415e-16 3.25039e-05 0.00019077 0.000906833 0.00349135 0.0108875 0.0275009 0.0562705 0.0932752 0.125268 0.13632 0.120253 0.0861019 0.050291 0.0244844 0.0109172 0.00604926 0.0057078 0.00732914 0.00977157 0.0125406 0.0153087 0.0177634 0.0196132 0.020642 0.0207554 0.0199992 0.0185393 0.0166143 0.0144759 0.0123381 0.0103476 0.00857956 0.00705164 0.005747 0.00463566
 1.00461e-16 3.62297e-05 0.000212648 0.00101085 0.00389185 0.0121364 0.0306556 0.062725 0.103972 0.139628 0.151931 0.133987 0.0958534 0.0558211 0.0268663 0.0114494 0.0055918 0.00461587 0.00565365 0.00744753 0.00949203 0.0114971 0.013208 0.014396 0.0148987 0.0146569 0.0137286 0.0122708 0.0104989 0.00863547 0.00686659 0.00531551 0.00403823 0.00303546 0.00227311 0.00170264
 1.00195e-16 3.74435e-05 0.000219775 0.00104474 0.00402234 0.0125433 0.0316834 0.0648279 0.107457 0.144306 0.157016 0.138459 0.0990245 0.0576114 0.0276221 0.0115892 0.00539016 0.0041826 0.00500029 0.00655043 0.00832832 0.0100617 0.0115209 0.0125025 0.012864 0.0125566 0.0116375 0.0102532 0.00860253 0.00689021 0.00528673 0.0039045 0.00279325 0.00195087 0.00134202 0.000917163
 1.00268e-16 3.29575e-05 0.000193429 0.000919465 0.00353997 0.0110391 0.0278839 0.0570545 0.0945758 0.127017 0.138233 0.121961 0.0873675 0.051117 0.025047 0.0114365 0.00670679 0.00662919 0.00859263 0.0114086 0.0145245 0.0175416 0.020072 0.0217623 0.022364 0.0217935 0.0201527 0.0177005 0.0147873 0.0117734 0.00895901 0.00654147 0.00460766 0.00315272 0.00211299 0.00139946
 1.00735e-16 2.82256e-05 0.000165642 0.000787343 0.00303124 0.00945258 0.0238767 0.0488561 0.0809892 0.108781 0.118413 0.10454 0.075031 0.0441876 0.0221897 0.0110407 0.00772765 0.00866717 0.0116286 0.0155512 0.0198617 0.0240676 0.0276567 0.030152 0.0312114 0.0307079 0.0287587 0.0256892 0.021948 0.0180013 0.0142412 0.010931 0.00819469 0.00604097 0.00440471 0.00318846
 1.01133e-16 2.91256e-05 0.000170929 0.000812489 0.00312807 0.00975456 0.0246394 0.0504164 0.0835742 0.112248 0.122176 0.107834 0.0773343 0.0454219 0.0225839 0.0108672 0.00714355 0.00770374 0.0102508 0.013718 0.0175674 0.0213661 0.0246704 0.0270645 0.0282442 0.0280856 0.0266712 0.0242604 0.0212193 0.0179322 0.0147254 0.0118224 0.00933506 0.0072838 0.00563102 0.00431402
 1.01458e-16 2.58584e-05 0.000151742 0.000721259 0.00277679 0.00865909 0.0218724 0.0447554 0.074193 0.0996571 0.108494 0.0958118 0.0688303 0.0406643 0.0206587 0.010673 0.0079717 0.00929162 0.0125959 0.0168992 0.0216389 0.0263033 0.0303488 0.0332636 0.0346749 0.0344339 0.032648 0.029643 0.025876 0.0218244 0.0178917 0.0143511 0.011336 0.00886509 0.00688523 0.00531307
 1.01482e-16 2.96139e-05 0.000173798 0.000826133 0.00318061 0.00991842 0.0250532 0.0512629 0.0849767 0.114129 0.124217 0.109619 0.0785797 0.0460833 0.022783 0.0107483 0.00678741 0.00712247 0.00942079 0.0126137 0.0161853 0.019739 0.0228726 0.025208 0.0264646 0.0265213 0.0254407 0.023443 0.0208442 0.0179786 0.0151313 0.0124995 0.0101852 0.00821345 0.00656143 0.00518633
 1.01375e-16 2.74371e-05 0.000161013 0.000765338 0.00294652 0.00918838 0.0232093 0.0474906 0.0787257 0.105741 0.115106 0.101623 0.0729439 0.042972 0.0216048 0.0107929 0.00761196 0.00858305 0.0115426 0.0154632 0.0197904 0.0240459 0.0277296 0.0303732 0.0316366 0.0313864 0.0297242 0.0269525 0.023493 0.0197851 0.0161988 0.012983 0.0102567 0.00803306 0.00625901 0.00485434
 1.01818e-16 2.50482e-05 0.000146986 0.000698646 0.00268973 0.00838758 0.0211866 0.0433522 0.0718671 0.096534 0.105097 0.0928183 0.0666943 0.0394317 0.0200873 0.0104681 0.00793165 0.00932333 0.0126748 0.0170328 0.0218482 0.0266166 0.0307975 0.033879 0.0354828 0.0354501 0.0338732 0.0310602 0.0274496 0.0235032 0.0196139 0.0160514 0.0129528 0.010347 0.0081956 0.00643176
 1.01954e-16 2.72408e-05 0.000159863 0.000759877 0.0029255 0.00912284 0.0230437 0.0471516 0.0781632 0.104983 0.114276 0.100878 0.0723824 0.0425876 0.0213133 0.0104883 0.00720251 0.00800049 0.0107414 0.0144244 0.0185307 0.0226262 0.026258 0.0289961 0.0305197 0.0306873 0.0295642 0.0273938 0.0245275 0.0213378 0.0181426 0.0151623 0.0125119 0.010222 0.00827123 0.00661763
 1.01793e-16 2.68294e-05 0.000157445 0.000748379 0.00288122 0.00898476 0.022695 0.0464382 0.0769813 0.103398 0.112556 0.0993742 0.0713348 0.0420339 0.0211518 0.0105986 0.00751785 0.00851163 0.0114683 0.0153873 0.019729 0.024027 0.0277913 0.0305599 0.0319933 0.0319511 0.0305203 0.0279831 0.024738 0.021203 0.0177311 0.0145622 0.0118148 0.00950884 0.00760418 0.00603656
 1.03541e-16 9.94314e-06 5.82805e-05 0.000276876 0.00106572 0.00332309 0.00839448 0.0171806 0.0284955 0.0383193 0.0418324 0.0372165 0.0273332 0.0173494 0.0110331 0.00931491 0.0113618 0.0160784 0.0227064 0.0306898 0.0393979 0.0480068 0.0555594 0.0611364 0.064058 0.0640387 0.0612452 0.056232 0.049787 0.042739 0.035791 0.0294236 0.0238789 0.0192047 0.0153293 0.0121322
pSPR Fmed_Fpbrs
0.420115   0.35339 0.35339
Fs Fmed_Fpbrs
0.749811   1.005 1.005
SSBpbr Bo_Bmed_Bpbrs
774224  286552  234891 234891
Ro
27446.7
SPR SPRFo_SPRFmed_SPRFpbrs
565663 237644 199899
log_Ro
10.04
likeval ReclasPelacesDesembMPH_pf_preclas_ppelaces_ptallas_desvR_qrecl_qpela
 67.9609 13.1895 0.0380335 0.000181378 291.197 187.53 71.8023 0 19.5316 4.72205e-06 0.000167225 0 0 0 0
q_reclas_q_pelaces
1.3606 6.29511
M
0.7
N
 30630 13094.8 5175.65 643.138 0.181268
 42235.1 14086.5 3647.26 1441.56 179.182
 13486.8 19229.1 3637 941.689 418.461
 19399.8 5648.49 2646.87 500.631 187.224
 44261 9127.93 1868.61 875.626 227.553
 27298.3 21753.7 4193.75 858.518 506.847
 65658.1 12323.3 5268.13 1015.61 330.653
 64229 30396.1 3607.77 1542.29 394.131
 82491.3 28479.5 6430.58 763.256 409.668
 117050 36003.3 5348.52 1207.68 220.278
 66892.8 53311 9321.43 1384.76 369.705
 47737 28835.7 9119.49 1594.54 300.122
 51214.2 20764.5 5279.32 1669.62 346.881
 28101.9 20528.4 2053.69 522.144 199.439
 13647.8 9487.32 557.112 55.7342 19.5828
 11009.8 4523.03 223.954 13.151 1.77791
 8436.17 4563.57 575.887 28.5146 1.90079
 9743.94 3610.74 739.779 93.3544 4.93049
 9534.09 4329.03 775.293 158.845 21.1036
 14028.7 4337.5 1111.42 199.047 46.1994
 20011.6 6309.58 1021.5 261.745 57.7566
 24100.1 9479.38 2195.82 355.496 111.191
 34546.4 11317.1 3089.51 715.659 152.102
 43027.1 15987 3303.64 901.876 253.313
 10114.2 19795 4464.94 922.662 322.629
pred_Ctot
 1634.88 4273.79 1689.19 209.903 0.0591609
 2538.73 5047.47 1306.89 516.54 64.2046
 1534 10728.8 2029.26 525.413 233.479
 734.674 1387.97 650.399 123.017 46.0054
 327.015 493.216 100.968 47.3133 12.2955
 1794.93 8348.02 1609.36 329.458 194.504
 3211.74 3749.05 1602.69 308.973 100.592
 4979.11 13165 1562.58 667.992 170.704
 7237.89 13449.1 3036.75 360.438 193.46
 7007.23 12860.1 1910.45 431.372 78.6815
 6398.53 26672.4 4663.67 692.818 184.97
 4291.88 13844.2 4378.33 765.552 144.091
 7190.03 13049.7 3317.86 1049.29 218.002
 6614.94 16095.3 1610.19 409.387 156.371
 3341.23 7532.48 442.32 44.2503 15.5478
 1322.49 2606.55 129.061 7.5787 1.02458
 845.069 2352.7 296.893 14.7004 0.979935
 742.871 1545.29 316.603 39.9529 2.1101
 577.847 1561.12 279.584 57.282 7.61032
 956.742 1710.77 438.361 78.5068 18.2217
 665.247 1385.58 224.32 57.479 12.6833
 945.368 2400.15 555.975 90.0105 28.1532
 1698.82 3457.73 943.941 218.656 46.472
 2286.13 5198.76 1074.3 293.279 82.3744
 509.144 6163.83 1390.31 287.302 100.461
F
 0.076762 0.578238 0.578238 0.578238 0.578238
 0.0868271 0.654057 0.654057 0.654057 0.654057
 0.170327 1.28305 1.28305 1.28305 1.28305
 0.0539229 0.406194 0.406194 0.406194 0.406194
 0.0103204 0.0777425 0.0777425 0.0777425 0.0777425
 0.0953299 0.718107 0.718107 0.718107 0.718107
 0.0701467 0.528405 0.528405 0.528405 0.528405
 0.11327 0.853251 0.853251 0.853251 0.853251
 0.129083 0.972364 0.972364 0.972364 0.972364
 0.0864603 0.651294 0.651294 0.651294 0.651294
 0.141477 1.06573 1.06573 1.06573 1.06573
 0.132462 0.997817 0.997817 0.997817 0.997817
 0.214209 1.61361 1.61361 1.61361 1.61361
 0.385882 2.9068 2.9068 2.9068 2.9068
 0.404397 3.04627 3.04627 3.04627 3.04627
 0.180679 1.36103 1.36103 1.36103 1.36103
 0.148617 1.11951 1.11951 1.11951 1.11951
 0.111302 0.838426 0.838426 0.838426 0.838426
 0.0875764 0.659701 0.659701 0.659701 0.659701
 0.0990361 0.746025 0.746025 0.746025 0.746025
 0.0471949 0.355513 0.355513 0.355513 0.355513
 0.0559027 0.421108 0.421108 0.421108 0.421108
 0.0705296 0.53129 0.53129 0.53129 0.53129
 0.0764008 0.575517 0.575517 0.575517 0.575517
 0.0722544 0.544283 0.544283 0.544283 0.544283
nmprior
 10 11 7 0
nm_flota  nm_reclas  nm_pelaces    nm_pelaL
inf 26.2743 12.8732 21.4598
cv_recla  cv_pelaces  cv_mph
0.745684 0.427344 0.436949
 ------------------------------------------------
Talla a la edad & desviación 
 7.2 14.2025 17.0495 18.207 18.6776
 1.08 2.13037 2.55742 2.73105 2.80164
