years
 1997 1998 1999 2000 2001 2002 2003 2004 2005 2006 2007 2008 2009 2010 2011 2012 2013 2014 2015 2016 2017 2018 2019 2020 2021
reclasobs
 0 0 0 370054 412103 1.49427e+06 250295 1.28982e+06 931140 785840 897777 1.04006e+06 184774 17550 25797 100020 73551 82996 120727 218422 84188 347160 605670 569463 516374
reclaspred
 1.68766e+06 221277 296819 113057 249195 262013 569184 462586 620769 1.0211e+06 910811 585023 362951 158019 97180.5 92213.3 104242 124459 109680 180685 313515 281551 421336 389737 280243
pelacesobs
 0 0 0 0 0 0 0 0 0 2.06254e+06 1.5e+06 0 1.87456e+06 323000 250000 174000 83755 137374 0 501740 490994 745055 786931 1.00524e+06 0
pelacespred
 1.1689e+06 411520 133968 115264 225990 166235 534837 429366 579305 959064 725824 477915 315163 107882 67840.4 68611.5 80742.2 98057 85925.8 145764 281723 241394 284732 308726 213675
mphobs
 0 0 0 0 0 112323 0 153150 637223 0 255016 313432 73983 77613 109348 50772 0 0 0 0 0 0 0 0 0
mphpred
 678203 289333 133197 64308.8 55093.5 132709 151759 197867 207024 289107 477034 336447 188746 104980 45144.8 35833 40291.6 48931.4 52336.7 51486.9 102430 135057 154522 179023 176731
desembarqueobs
 350755 77701 442110 56441 14545 235359 269955 359681 431902 328805 639364 411747 362871 311530 167758 66681 60226 58785 57116 71774 51957 67425 138520 160799 200461
desembarquepred
 350743 77680.1 441612 56422.3 14544.1 235255 269882 359234 431539 328595 638767 411451 362395 311161 167462 66641.3 60212.6 58751.1 57078.2 71720.2 51946.1 67391.7 138454 160735 200434
Reclutas
 10826.9 16738.4 2708.94 13746.3 55190.3 19733.7 57124.8 71817.5 99678.8 205340 56921.8 26837.2 51774 23035.2 15041.2 15277.5 10491.3 10287.2 8768.62 28462.9 33594.7 34376.3 44995.6 33488.6 840.855
log_desv_Rt
 -0.750208 -0.314539 -2.13569 -0.511473 0.878543 -0.149917 0.912993 1.14188 1.46971 2.19242 0.909433 0.157543 0.814644 0.00477991 -0.421455 -0.405864 -0.781699 -0.801344 -0.961066 0.216355 0.382122 0.405123 0.67432 0.378961 -3.30558
SSB
 1.76556e+06 753216 346750 167414 143424 345479 395072 515104 538944 752628 1.24186e+06 875867 491359 273292 117525 93283.6 104891 127382 136247 134035 266654 351593 402265 466048 460082
BT
 2.31506e+06 903749 485038 271614 416876 480605 1.15246e+06 1.15606e+06 1.42853e+06 2.02202e+06 1.85306e+06 1.22504e+06 922320 489435 260130 177501 193320 222939 203399 319597 545423 495768 606571 689548 557618
Ftot
 0.141923 0.255784 0.941146 0.465922 0.0955735 0.665396 0.580546 0.970399 0.91206 0.47114 0.543784 0.512447 0.952123 1.59932 1.73249 0.73309 0.563392 0.440845 0.433338 0.517038 0.172741 0.205838 0.277295 0.343165 0.459318
BD_Bspro_t
 0.977967 0.840783 0.623945 0.29841 0.417427 0.685193 0.538055 0.55217 0.518981 0.552586 0.637733 0.476349 0.343487 0.256599 0.147291 0.146409 0.213972 0.320991 0.391256 0.446987 0.640158 0.74988 0.741509 0.707244 0.623194
BD_Bspro
 3.73677 1.59417 0.733891 0.35433 0.303555 0.731202 0.836164 1.09021 1.14067 1.59293 2.62837 1.85376 1.03995 0.578419 0.24874 0.197433 0.222 0.269603 0.288366 0.283684 0.56437 0.744142 0.851388 0.986384 0.973757
BD_Bo
 1.86515 0.795705 0.36631 0.176858 0.151515 0.364968 0.417358 0.544162 0.569346 0.795084 1.31191 0.925275 0.519077 0.288709 0.124155 0.0985458 0.110808 0.134568 0.143933 0.141596 0.281696 0.371427 0.424957 0.492338 0.486035
BD_Brms
 6.23228 2.6588 1.224 0.590959 0.506277 1.21952 1.39457 1.81828 1.90243 2.65672 4.38366 3.09174 1.73446 0.964701 0.414854 0.329284 0.370256 0.44965 0.480943 0.473134 0.941269 1.2411 1.41996 1.64511 1.62405
S_f
 0.145686 0.999999 1 1 1
 0.145686 0.999999 1 1 1
 0.145686 0.999999 1 1 1
 0.145686 0.999999 1 1 1
 0.145686 0.999999 1 1 1
 0.145686 0.999999 1 1 1
 0.145686 0.999999 1 1 1
 0.145686 0.999999 1 1 1
 0.145686 0.999999 1 1 1
 0.145686 0.999999 1 1 1
 0.145686 0.999999 1 1 1
 0.145686 0.999999 1 1 1
 0.145686 0.999999 1 1 1
 0.145686 0.999999 1 1 1
 0.145686 0.999999 1 1 1
 0.145686 0.999999 1 1 1
 0.145686 0.999999 1 1 1
 0.145686 0.999999 1 1 1
 0.145686 0.999999 1 1 1
 0.145686 0.999999 1 1 1
 0.145686 0.999999 1 1 1
 0.145686 0.999999 1 1 1
 0.145686 0.999999 1 1 1
 0.145686 0.999999 1 1 1
 0.145686 0.999999 1 1 1
Scru_reclas
 0.854136 1 1 1 1
 0.854136 1 1 1 1
 0.854136 1 1 1 1
 0.854136 1 1 1 1
 0.854136 1 1 1 1
 0.854136 1 1 1 1
 0.854136 1 1 1 1
 0.854136 1 1 1 1
 0.854136 1 1 1 1
 0.854136 1 1 1 1
 0.854136 1 1 1 1
 0.854136 1 1 1 1
 0.854136 1 1 1 1
 0.854136 1 1 1 1
 0.854136 1 1 1 1
 0.854136 1 1 1 1
 0.854136 1 1 1 1
 0.854136 1 1 1 1
 0.854136 1 1 1 1
 0.854136 1 1 1 1
 0.854136 1 1 1 1
 0.854136 1 1 1 1
 0.854136 1 1 1 1
 0.854136 1 1 1 1
 0.854136 1 1 1 1
Scru_pelaces
 1 1 1 1 1
 1 1 1 1 1
 1 1 1 1 1
 1 1 1 1 1
 1 1 1 1 1
 1 1 1 1 1
 1 1 1 1 1
 1 1 1 1 1
 1 1 1 1 1
 1 1 1 1 1
 1 1 1 1 1
 1 1 1 1 1
 1 1 1 1 1
 1 1 1 1 1
 1 1 1 1 1
 1 1 1 1 1
 1 1 1 1 1
 1 1 1 1 1
 1 1 1 1 1
 1 1 1 1 1
 1 1 1 1 1
 1 1 1 1 1
 1 1 1 1 1
 1 1 1 1 1
 1 1 1 1 1
pf_obs 
 0.256992 0.487395 0.22802 0.0275931 0
 0.321318 0.546541 0.124235 0.00734118 0.000564706
 0.182869 0.594174 0.210203 0.0122559 0.00049798
 0.330522 0.361315 0.267642 0.0388342 0.00168674
 0.649043 0.306663 0.0425973 0.00169635 0
 0.582887 0.30429 0.105238 0.00758474 0
 0.465427 0.430635 0.0974691 0.00646863 0
 0.296916 0.608066 0.0921331 0.00288517 0
 0.311714 0.524322 0.152257 0.0117073 0
 0.15457 0.633149 0.183074 0.0267441 0.00246327
 0.131901 0.49318 0.331252 0.0422183 0.00144891
 0.196976 0.569456 0.194076 0.0375587 0.00193317
 0.518974 0.381816 0.0799577 0.0180837 0.00116848
 0.0928022 0.601141 0.25162 0.0475244 0.00691264
 0.122501 0.610282 0.24278 0.0234846 0.000952079
 0.383417 0.481906 0.127806 0.00687128 0
 0.0376549 0.599619 0.316969 0.0457579 0
 0.0361596 0.667082 0.258105 0.0386534 0
 0.158088 0.579412 0.248529 0.0139706 0
 0.0477256 0.309471 0.559284 0.082774 0.000745712
 0.0406174 0.521527 0.379366 0.0568643 0.0016247
 0.151134 0.462217 0.34131 0.0453401 0
 0.294876 0.26143 0.354403 0.0886775 0.000613685
 0.281977 0.475581 0.204845 0.0348837 0.00271318
 0 0 0 0 0
pf_pred 
 0.0235505 0.6332 0.30303 0.0402179 2.13911e-06
 0.0711491 0.139869 0.511633 0.244851 0.0324982
 0.0247347 0.364 0.092046 0.336699 0.18252
 0.307583 0.152363 0.201566 0.0509706 0.287518
 0.508969 0.389576 0.0223247 0.029534 0.0495963
 0.105953 0.788231 0.0839523 0.00481088 0.0170523
 0.379521 0.330061 0.256046 0.0272707 0.00710194
 0.321542 0.575821 0.0545971 0.0423539 0.00568575
 0.350705 0.547162 0.0866827 0.0082189 0.00723175
 0.411513 0.503366 0.0717318 0.0113639 0.00202555
 0.0832062 0.786952 0.111061 0.0158267 0.0029542
 0.0747974 0.415921 0.437154 0.0616946 0.0104328
 0.260339 0.308566 0.193797 0.20369 0.0336075
 0.165778 0.665315 0.0704633 0.044255 0.0541887
 0.240862 0.579185 0.143518 0.0151999 0.0212356
 0.295747 0.59696 0.0818594 0.0202841 0.00514962
 0.180981 0.660739 0.134166 0.0183978 0.00571621
 0.196391 0.536521 0.215471 0.0437525 0.00786374
 0.174049 0.55827 0.178715 0.0717732 0.0171933
 0.439182 0.359911 0.135795 0.0434711 0.0216405
 0.258156 0.648529 0.059886 0.0225951 0.010834
 0.193435 0.582312 0.196044 0.018103 0.0101053
 0.220367 0.503061 0.199676 0.0672238 0.00967264
 0.150841 0.585529 0.170108 0.0675195 0.0260022
 0.00536622 0.587438 0.280777 0.0815716 0.0448463
pobs_RECLAS
 0 0 0 0 0
 0 0 0 0 0
 0 0 0 0 0
 0 0 0 0 0
 0.835266 0.146461 0.0176864 0.000547809 3.91292e-05
 0.385257 0.428462 0.181853 0.0044286 0
 0.867414 0.0963971 0.0333333 0.00285562 0
 0.441836 0.489002 0.0689373 0.000224442 0
 0.779404 0.147425 0.0564933 0.0165055 0.000172143
 0.814271 0.122319 0.05973 0.00367925 0
 0.40263 0.566651 0.0304383 0.000280538 0
 0.475488 0.404961 0.113038 0.00651328 0
 0.955842 0.0263864 0.0167828 0.000988607 0
 0.975058 0.0227948 0.00214734 0 0
 0.738997 0.206755 0.0527124 0.00153531 0
 0.850938 0.134255 0.0134407 0.00136685 0
 0.542534 0.407297 0.0501686 0 0
 0.764087 0.199537 0.0359546 0.000420521 0
 0.470689 0.182191 0.310203 0.0369168 0
 0.84361 0.089868 0.0606195 0.00523954 0.000663233
 0.607945 0.314616 0.071237 0.00620181 0
 0.523733 0.453247 0.0230204 0 0
 0.530135 0.295979 0.169645 0.0042399 0
 0.562478 0.366248 0.0663022 0.0049721 0
 0.250443 0.683176 0.0655157 0.000865301 0
ppred_RECLAS
 0.124736 0.567584 0.271628 0.0360503 1.91744e-06
 0.313178 0.103423 0.378317 0.181051 0.0240302
 0.138825 0.321418 0.0812781 0.297311 0.161168
 0.728843 0.0596668 0.0789351 0.0199606 0.112595
 0.859314 0.111618 0.00639625 0.0084618 0.0142099
 0.422154 0.509455 0.0542606 0.0031094 0.0110213
 0.789007 0.112236 0.0870678 0.00927333 0.002415
 0.751437 0.210961 0.0200025 0.015517 0.00208306
 0.773816 0.190606 0.0301962 0.00286308 0.0025192
 0.808909 0.163451 0.0232925 0.00369004 0.000657726
 0.356073 0.55273 0.0780056 0.0111161 0.00207493
 0.329388 0.301471 0.316861 0.0447179 0.00756197
 0.691372 0.128751 0.0808631 0.084991 0.0140229
 0.581297 0.333927 0.0353661 0.0222119 0.0271977
 0.693935 0.233513 0.0578627 0.00612821 0.00856167
 0.722758 0.235005 0.0322255 0.00798521 0.00202724
 0.574249 0.343472 0.0697437 0.00956374 0.00297146
 0.596059 0.269687 0.108308 0.0219926 0.00395277
 0.559775 0.297553 0.0952534 0.0382545 0.00916389
 0.826383 0.111421 0.0420393 0.0134577 0.00669942
 0.673219 0.285676 0.0263796 0.00995308 0.00477233
 0.58726 0.297984 0.100321 0.00926375 0.00517113
 0.627582 0.240304 0.0953818 0.0321117 0.00462046
 0.515552 0.334046 0.0970472 0.0385201 0.0148343
 0.0315961 0.571947 0.273373 0.0794203 0.0436636
pobs_PELACES
 0 0 0 0 0
 0 0 0 0 0
 0 0 0 0 0
 0 0 0 0 0
 0 0 0 0 0
 0 0 0 0 0
 0 0 0 0 0
 0 0 0 0 0
 0 0 0 0 0
 0 0 0 0 0
 0.450072 0.473896 0.0757376 0.000293798 0
 0 0 0 0 0
 0.463077 0.371075 0.160297 0.00555027 0
 0.529543 0.364841 0.0842815 0.0213345 0
 0.631943 0.363953 0.00410389 0 0
 0.735681 0.248677 0.0153453 0.000297389 0
 0.695825 0.281241 0.0229344 0 0
 0.275771 0.60734 0.115278 0.00161068 0
 0 0 0 0 0
 0.896147 0.0623911 0.0374545 0.00400742 0
 0.803859 0.145111 0.0509908 3.86294e-05 0
 0.739449 0.233085 0.0266225 0.000797448 4.60066e-05
 0.878498 0.100942 0.0204185 0.000141795 0
 0.694673 0.275183 0.0284847 0.00165964 0
 0 0 0 0 0
ppred_PELACES
 0.147965 0.552521 0.264419 0.0350935 1.86655e-06
 0.364584 0.0956828 0.350002 0.1675 0.0222317
 0.197485 0.299525 0.0757418 0.277059 0.15019
 0.782071 0.0479542 0.06344 0.0160423 0.0904924
 0.880188 0.0950566 0.00544722 0.00720629 0.0121015
 0.507828 0.43392 0.0462156 0.00264838 0.00938725
 0.837574 0.0864017 0.0670264 0.00713878 0.00185911
 0.823106 0.150134 0.0142351 0.0110429 0.00148244
 0.838184 0.136362 0.0216028 0.00204829 0.00180228
 0.84985 0.128432 0.0183021 0.00289945 0.000516809
 0.430091 0.489195 0.069039 0.00983835 0.00183642
 0.399196 0.27009 0.283877 0.040063 0.00677481
 0.774279 0.0941646 0.0591408 0.0621598 0.0102559
 0.718423 0.224566 0.0237837 0.0149375 0.0182904
 0.812246 0.143247 0.0354955 0.00375931 0.0052521
 0.789601 0.178345 0.0244559 0.00605997 0.00153847
 0.649241 0.282972 0.057459 0.00787917 0.00244806
 0.661732 0.225841 0.0906997 0.018417 0.00331013
 0.627167 0.252002 0.0806715 0.0323983 0.00776103
 0.86572 0.0861757 0.0325142 0.0104085 0.0051815
 0.716902 0.247488 0.0228533 0.00862259 0.00413439
 0.638381 0.261076 0.0878953 0.00811635 0.00453064
 0.680854 0.20593 0.0817381 0.0275184 0.00395954
 0.578505 0.290638 0.0844361 0.0335145 0.0129066
 0.0416681 0.565999 0.27053 0.0785943 0.0432094
pobs_pel_tallas
 0 0 0 0 0 0 0 0 0 0 0 0 0 0 0 0 0 0 0 0 0 0 0 0 0 0 0 0 0 0 0 0 0 0 0 0
 0 0 0 0 0 0 0 0 0 0 0 0 0 0 0 0 0 0 0 0 0 0 0 0 0 0 0 0 0 0 0 0 0 0 0 0
 0 0 0 0 0 0 0 0 0 0 0 0 0 0 0 0 0 0 0 0 0 0 0 0 0 0 0 0 0 0 0 0 0 0 0 0
 0 0 0 0 0 0 0 0 0 0 0 0 0 0 0 0 0 0 0 0 0 0 0 0 0 0 0 0 0 0 0 0 0 0 0 0
 0 0 0 0 0 0 0 0 0 0 0 0 0 0 0 0 0 0 0 0 0 0 0 0 0 0 0 0 0 0 0 0 0 0 0 0
 0 0 0 0 0 0 0 0 0 0 0 0 0 0 0 0 0 0 0 0 0 0 0 0 0 0 0 0 0 0 0 0 0 0 0 0
 0 0 0 0 0 0 0 0 0 0 0 0 0 0 0 0 0 0 0 0 0 0 0 0 0 0 0 0 0 0 0 0 0 0 0 0
 0 0 0 0 0 0 0 0 0 0 0 0 0 0 0 0 0 0 0 0 0 0 0 0 0 0 0 0 0 0 0 0 0 0 0 0
 0 0 0 0 0 0 0 0 0 0 0 0 0 0 0 0 0 0 0 0 0 0 0 0 0 0 0 0 0 0 0 0 0 0 0 0
 0 0 0 0 0 0 0 0 0 0 0 0 0 0 0 0 0 0 0 0 0 0 0 0 0 0 0 0 0 0 0 0 0 0 0 0
 0 0 0 0 0 0 0 0 1.78061e-05 0.00172719 0.00360574 0.0105946 0.0120993 0.0124554 0.0147524 0.0171206 0.0266825 0.0428682 0.0675386 0.121331 0.153587 0.119568 0.100827 0.0573624 0.0630603 0.0341343 0.0324427 0.0444173 0.0211091 0.0280891 0.0125444 0.00206551 0 0 0 0
 0 0 0 0 0 0 0 0 0 0 0 0 0 0 0 0 0 0 0 0 0 0 0 0 0 0 0 0 0 0 0 0 0 0 0 0
 0 0 0 0 0 0 0.0133647 0.0140871 0.0187388 0.0205184 0.03894 0.0496705 0.03968 0.0493445 0.0407372 0.0367815 0.0215668 0.0243155 0.0234873 0.0199281 0.019796 0.0243948 0.0301388 0.0376714 0.0412746 0.0863199 0.0771752 0.113111 0.0741005 0.0525337 0.0229764 0.00759418 0.00175318 0 0 0
 0 0 0 0 0 0 0 0 0 0 0.00219441 0.00772107 0.0458388 0.0604681 0.0671733 0.0775358 0.0609151 0.0617685 0.073594 0.0568108 0.0755445 0.0548602 0.0670107 0.0636378 0.0643287 0.046367 0.0373049 0.0286899 0.0247887 0.0153202 0.00654259 0.00121912 0.000365735 0 0 0
 0 0 0 0 0 0 0 0 0 0 0 0 0.000112435 0.00938835 0.0111873 0.0202946 0.0414886 0.0713402 0.111592 0.104902 0.108894 0.110636 0.117776 0.105296 0.107544 0.0401394 0.0192827 0.0124803 0.00416011 0.0028671 0.000618394 0 0 0 0 0
 0 0 0 0 0 0 0 0 0 0 0.00291406 0.0102884 0.027416 0.0768956 0.0749926 0.110853 0.0956884 0.0897413 0.0766577 0.0534642 0.0500743 0.0551293 0.0594112 0.0620874 0.0668451 0.0424026 0.0208742 0.0120726 0.0048766 0.00582813 0.00118941 0.000297354 0 0 0 0
 0 0.00264628 0.0354308 0.0461629 0.0458689 0.0383711 0.0214643 0.0164657 0.0346957 0.0420465 0.0363128 0.0245516 0.0311673 0.0291091 0.0169068 0.0133784 0.00837989 0.0085269 0.0148486 0.0160247 0.0276389 0.0546898 0.0760071 0.122758 0.109233 0.0665981 0.0333725 0.0166128 0.00676272 0.00308733 0.000882094 0 0 0 0 0
 0 0 0 0 0 0 0 0.000805153 0.000690131 0.00759144 0.0133425 0.0154129 0.00931677 0.000345066 0.00356568 0.00563607 0.00851162 0.0253048 0.0502646 0.0516448 0.0657925 0.0565908 0.0611916 0.0827007 0.0866115 0.110766 0.145733 0.0935128 0.0569358 0.0249597 0.0138026 0.00621118 0.00161031 0.00115022 0 0
 0 0 0 0 0 0 0 0 0 0 0 0 0 0 0 0 0 0 0 0 0 0 0 0 0 0 0 0 0 0 0 0 0 0 0 0
 0.00147267 0.00158595 0.00478618 0.00569244 0.00954404 0.0108468 0.00647125 0.017049 0.0510054 0.094081 0.124002 0.0959785 0.0687766 0.0820023 0.061753 0.0591476 0.0492212 0.0479892 0.0443925 0.0268479 0.0217502 0.0140895 0.0121071 0.0120363 0.00920419 0.00665534 0.0049561 0.00860946 0.00930331 0.0156896 0.0114698 0.00855282 0.00243557 0.00046729 0 2.83206e-05
 0 0 0 0 0.000772559 0.00158375 0.000888443 0.00281984 0.00712685 0.0440552 0.0773331 0.111326 0.0921469 0.0852325 0.0710754 0.0886704 0.0786465 0.0553345 0.0373146 0.0185414 0.00753245 0.00457741 0.012979 0.0271748 0.0457355 0.0583668 0.034881 0.0177882 0.00938659 0.00492506 0.0015258 0.00185414 0.000309023 5.79419e-05 3.86279e-05 0
 0 0.00173294 0.00326652 0 0.00397197 0.00683976 0.00946217 0.0152591 0.00757587 0.0136028 0.0228656 0.0392903 0.0559909 0.0764795 0.0681675 0.0726916 0.0566044 0.0477403 0.0527397 0.0444891 0.0609904 0.0582453 0.0661739 0.0445044 0.0529084 0.0360697 0.0280645 0.0235558 0.0158879 0.00826598 0.00280645 0.00217768 0.000904811 0.00058276 9.20147e-05 0
 0 0 0 0 0 0 0 0 0 0 0 0 0 0 0 0 0 0 0 0 0 0 0 0 0 0 0 0 0 0 0 0 0 0 0 0
 0 0 0 0 0 0 0 0 0 0 0 0 0 0 0 0 0 0 0 0 0 0 0 0 0 0 0 0 0 0 0 0 0 0 0 0
 0 0 0 0 0 0 0 0 0 0 0 0 0 0 0 0 0 0 0 0 0 0 0 0 0 0 0 0 0 0 0 0 0 0 0 0
ppred_pel_tallas
 1.0514e-16 6.48765e-06 3.79972e-05 0.000180455 0.000694481 0.00216542 0.00547026 0.0111972 0.0185769 0.0249978 0.0273331 0.0244204 0.0181592 0.0119684 0.00837505 0.00807446 0.0106182 0.0153725 0.0218823 0.0297576 0.0384758 0.0473062 0.0553715 0.0618026 0.0659189 0.0673715 0.0662017 0.0627951 0.0577569 0.0517538 0.0453782 0.0390686 0.0330963 0.027597 0.0226241 0.0181939
 1.11794e-16 1.59147e-05 9.33843e-05 0.000443865 0.00170883 0.00532875 0.01346 0.0275414 0.0456547 0.0613187 0.0667419 0.0589072 0.0422474 0.0248211 0.012367 0.00602478 0.00412574 0.00471133 0.00662831 0.00943007 0.0129838 0.0172156 0.0220108 0.027192 0.0325252 0.0377341 0.0425184 0.0465726 0.0496098 0.051389 0.0517458 0.0506213 0.0480802 0.0443104 0.0396039 0.0343167
 1.17711e-16 8.63555e-06 5.06334e-05 0.000240586 0.0009261 0.00288779 0.00729459 0.0149279 0.0247531 0.0332686 0.0362708 0.0321554 0.0233718 0.0143564 0.0083133 0.00597299 0.00654464 0.00905114 0.0128862 0.0177285 0.0233133 0.0293106 0.0353199 0.0409331 0.0458144 0.0497598 0.0527139 0.054736 0.0559354 0.0564013 0.0561579 0.0551602 0.0533272 0.0505949 0.0469675 0.0425456
 1.05696e-16 3.41165e-05 0.000200251 0.000951934 0.00366505 0.0114292 0.028869 0.0590688 0.0979094 0.131478 0.143045 0.126105 0.0901152 0.0522805 0.024793 0.00993962 0.00394954 0.00241145 0.00265105 0.00355524 0.00476762 0.00617318 0.00770347 0.00929083 0.0108672 0.0123699 0.0137446 0.0149436 0.0159208 0.0166289 0.0170205 0.017054 0.016704 0.0159703 0.0148838 0.0135065
 1.00922e-16 3.83968e-05 0.000225376 0.00107137 0.00412489 0.0128632 0.0324912 0.0664804 0.110195 0.147979 0.161003 0.141952 0.101473 0.0589359 0.02807 0.0114553 0.00484806 0.00327233 0.00368889 0.00479306 0.00610949 0.00741954 0.00855743 0.00937953 0.00978462 0.00973604 0.0092695 0.00848126 0.00750175 0.00646348 0.00547373 0.00459943 0.00386576 0.00326548 0.00277312 0.00235859
 1.01328e-16 2.2174e-05 0.000130102 0.00061836 0.00238057 0.00742346 0.0187514 0.0383704 0.0636127 0.0854587 0.0930713 0.0822747 0.0592854 0.035387 0.0186447 0.0107156 0.00931604 0.0116886 0.0160837 0.0215889 0.0275802 0.0334137 0.0383856 0.041836 0.0432928 0.0425839 0.0398773 0.03563 0.0304683 0.0250405 0.0198885 0.0153721 0.0116553 0.00874094 0.00653001 0.00488088
 1.01312e-16 3.65384e-05 0.000214466 0.0010195 0.0039252 0.0122404 0.0309182 0.0632619 0.10486 0.140815 0.15321 0.135083 0.0965666 0.056095 0.0267351 0.0109462 0.00469647 0.0032605 0.00375892 0.00496548 0.00644378 0.00799908 0.00948004 0.0107449 0.0116775 0.0122071 0.0123187 0.012048 0.0114653 0.0106545 0.00969511 0.00865221 0.00757488 0.00649985 0.00545706 0.00447322
 1.007e-16 3.591e-05 0.000210771 0.00100193 0.0038575 0.0120293 0.0303849 0.0621713 0.103054 0.138395 0.150591 0.132807 0.095012 0.0553374 0.0266455 0.0113761 0.00558731 0.00464404 0.00570467 0.00752298 0.00959737 0.0116389 0.0133929 0.0146305 0.0151885 0.0150067 0.0141412 0.0127465 0.0110347 0.00922448 0.00749734 0.00597255 0.00470303 0.00368799 0.00289381 0.00227437
 1.00506e-16 3.6567e-05 0.000214629 0.00102027 0.00392813 0.0122495 0.0309413 0.0633096 0.104941 0.140927 0.153342 0.135224 0.0967213 0.0562928 0.0270305 0.011412 0.0054164 0.0043195 0.00522805 0.00688042 0.00878119 0.0106581 0.0122771 0.0134279 0.0139589 0.0138117 0.0130333 0.0117606 0.0101844 0.00850324 0.00688461 0.00544138 0.00422762 0.00324907 0.00248091 0.00188531
 1.00426e-16 3.70753e-05 0.000217614 0.00103446 0.00398279 0.01242 0.0313718 0.0641903 0.1064 0.142886 0.155471 0.137096 0.0980476 0.0570392 0.027341 0.0114603 0.00531593 0.00411424 0.00492106 0.0064607 0.00823924 0.00999359 0.011502 0.0125665 0.0130449 0.0128834 0.0121278 0.0109088 0.00940781 0.00781337 0.00628419 0.00492693 0.00379218 0.00288436 0.0021787 0.00163797
 1.01564e-16 1.87866e-05 0.00011021 0.000523778 0.00201639 0.00628776 0.0158828 0.0325015 0.0538865 0.0724036 0.0788829 0.0698027 0.050452 0.0304224 0.016592 0.0104203 0.0100286 0.0131212 0.0182216 0.02451 0.0313497 0.0380321 0.0437662 0.0478051 0.0496096 0.0489746 0.0460755 0.0414121 0.0356763 0.0295882 0.0237535 0.0185794 0.014259 0.0108089 0.00813391 0.00609111
 1.05811e-16 1.7431e-05 0.00010227 0.000486075 0.00187129 0.00583533 0.0147398 0.0301612 0.0500017 0.06717 0.0731445 0.0646382 0.0465318 0.0276867 0.0144351 0.00807696 0.00682621 0.00854666 0.0119257 0.0163455 0.0214467 0.0268688 0.032187 0.0369552 0.040782 0.0433983 0.0446911 0.0446955 0.0435536 0.0414613 0.0386228 0.0352263 0.0314416 0.0274285 0.023346 0.0193529
 1.03486e-16 3.37787e-05 0.000198263 0.000942474 0.00362861 0.0113155 0.028582 0.0584819 0.0969379 0.130178 0.14164 0.124892 0.089304 0.0519215 0.0248319 0.0103183 0.00466447 0.0035131 0.00421145 0.00563095 0.0073677 0.00923544 0.0110833 0.0127667 0.0141642 0.0151966 0.0158365 0.0161007 0.0160334 0.0156856 0.0151002 0.0143064 0.0133245 0.0121751 0.0108885 0.00950875
 1.01779e-16 3.13483e-05 0.000183983 0.000874558 0.00336707 0.0104999 0.0265219 0.0542679 0.0899567 0.120815 0.131484 0.11601 0.0831135 0.048646 0.0238704 0.010959 0.00651383 0.00651967 0.00850053 0.0113334 0.0144988 0.0176217 0.0203345 0.0222981 0.0232687 0.0231543 0.0220337 0.02013 0.0177497 0.0152077 0.0127627 0.0105819 0.0087358 0.00721858 0.00597997 0.00495567
 1.00926e-16 3.54363e-05 0.00020799 0.000988706 0.0038066 0.0118706 0.029984 0.0613509 0.101695 0.136569 0.148603 0.131052 0.0937537 0.0545987 0.0262794 0.0112033 0.00548116 0.00454135 0.00558399 0.007386 0.00946111 0.0115336 0.0133603 0.0147191 0.0154463 0.0154723 0.0148347 0.0136639 0.0121458 0.0104767 0.00882321 0.00729989 0.00596499 0.00483117 0.003883 0.00309364
 1.00686e-16 3.44502e-05 0.000202198 0.000961163 0.00370054 0.0115398 0.0291486 0.0596419 0.0988628 0.132769 0.144478 0.127435 0.0912126 0.0532123 0.0257866 0.0112918 0.00596185 0.00536153 0.00676603 0.00896621 0.0114498 0.0138929 0.0159955 0.0174842 0.0181623 0.0179552 0.0169262 0.0152562 0.013196 0.0110058 0.00890413 0.00703718 0.00547346 0.00421793 0.00323565 0.0024752
 1.01294e-16 2.83342e-05 0.000166282 0.000790392 0.00304299 0.00948923 0.0239692 0.0490452 0.0813019 0.109198 0.118861 0.10492 0.0752706 0.044262 0.0221043 0.0107979 0.00730913 0.00803642 0.0107462 0.014393 0.0184355 0.0224254 0.0258987 0.0284202 0.0296709 0.0295213 0.0280578 0.0255519 0.0223864 0.0189631 0.0156224 0.0125966 0.0100016 0.00785725 0.00612348 0.00473457
 1.02149e-16 2.88766e-05 0.000169471 0.000805566 0.00310143 0.00967149 0.0244295 0.0499866 0.0828608 0.111287 0.121121 0.106882 0.0766075 0.0449062 0.0221641 0.0103971 0.00649244 0.00676931 0.00896119 0.0120404 0.0155244 0.0190502 0.0222489 0.024767 0.0263331 0.026814 0.0262383 0.0247752 0.0226822 0.0202381 0.0176861 0.0152008 0.0128835 0.0107767 0.00888811 0.00721139
 1.02704e-16 2.73704e-05 0.000160626 0.000763511 0.0029395 0.00916652 0.023154 0.0473771 0.0785361 0.105482 0.114812 0.101337 0.0726802 0.0426993 0.0212519 0.0102658 0.00680735 0.00739995 0.0098966 0.0133086 0.0171457 0.0210146 0.0245083 0.0272378 0.0289082 0.0293811 0.0286992 0.0270612 0.024761 0.0221114 0.0193792 0.0167493 0.0143201 0.0121228 0.0101503 0.0083839
 1.0109e-16 3.77656e-05 0.000221671 0.00105376 0.00405709 0.0126517 0.0319571 0.0653875 0.108384 0.145546 0.158355 0.139615 0.0997974 0.057953 0.0275845 0.0112289 0.004713 0.00314529 0.00354241 0.00463051 0.00595448 0.00731296 0.00855468 0.00954446 0.0101795 0.0104096 0.0102448 0.00974832 0.00901521 0.00814772 0.00723369 0.00633462 0.00548452 0.00469624 0.00397117 0.00330742
 1.00895e-16 3.1283e-05 0.000183597 0.000872719 0.00335999 0.0104778 0.0264661 0.0541538 0.0897684 0.120564 0.131216 0.115786 0.0829801 0.0486224 0.0239599 0.0111694 0.00686798 0.00705328 0.00925105 0.0123262 0.015734 0.0190631 0.0219049 0.0238828 0.0247286 0.0243452 0.0228287 0.0204392 0.0175327 0.0144766 0.0115765 0.00903405 0.00693941 0.00529148 0.00403231 0.00308112
 1.01824e-16 2.78598e-05 0.000163499 0.000777165 0.00299207 0.00933044 0.0235681 0.0482244 0.0799408 0.107369 0.116867 0.103152 0.0739864 0.0434751 0.0216533 0.0104842 0.00698221 0.00760741 0.0101714 0.0136617 0.0175702 0.0214853 0.0249797 0.0276469 0.0291795 0.0294365 0.028469 0.0264951 0.023836 0.0208358 0.0177924 0.0149163 0.0123243 0.0100561 0.00810376 0.00643877
 1.02359e-16 2.97096e-05 0.000174363 0.000828828 0.003191 0.00995083 0.025135 0.0514301 0.0852527 0.114497 0.124608 0.109944 0.0787687 0.0461056 0.0226305 0.0104054 0.00621577 0.00626588 0.00822298 0.0110405 0.0142463 0.0175039 0.0204772 0.0228456 0.0243615 0.0249023 0.0244903 0.0232745 0.0214819 0.0193581 0.0171161 0.0149074 0.0128187 0.0108864 0.00911865 0.00751403
 1.03048e-16 2.52501e-05 0.000148175 0.000704307 0.00271154 0.00845561 0.0213584 0.0437033 0.072448 0.0973105 0.105932 0.0935327 0.0671564 0.0396023 0.0199857 0.0101115 0.00730042 0.00836447 0.011326 0.015251 0.0196362 0.0240421 0.0280016 0.0310682 0.0329055 0.0333594 0.0324867 0.0305247 0.0278202 0.0247399 0.0215951 0.0185988 0.0158607 0.0134101 0.0112308 0.00929213
 1.08745e-16 1.85301e-06 1.07869e-05 5.10918e-05 0.000196398 0.000612165 0.0015469 0.00316979 0.00527194 0.00713358 0.00790391 0.00730775 0.00596472 0.00496371 0.00518662 0.00703334 0.0105865 0.0158311 0.0226935 0.0309477 0.0401252 0.0495072 0.0582144 0.0653684 0.070275 0.0725664 0.0722594 0.0697068 0.0654721 0.0601724 0.0543463 0.0483817 0.0425109 0.0368498 0.0314559 0.0263747
pSPR Fmed_Fpbrs
0.52606   0.349273 0.349273
Fs Fmed_Fpbrs
0.481182   1.005 1.005
SSBpbr Bo_Bmed_Bpbrs
946602  450639  283292 283292
Ro
22925.4
SPR SPRFo_SPRFmed_SPRFpbrs
472481 248553 165025
log_Ro
9.86
likeval ReclasPelacesDesembMPH_pf_preclas_ppelaces_ptallas_desvR_qrecl_qpela
 93.2481 76.173 0.0722657 0.000181356 316.301 194.876 71.3785 0 43.4721 7.79129e-06 0 0 0 0 0
q_reclas_q_pelaces
0.673318 1
M
0.7
N
 10826.9 44709.4 21396.5 2839.73 0.15104
 16738.4 5266.47 19264.4 9219.35 1223.65
 2708.94 8008.01 2025.01 7407.38 4015.45
 13746.3 1172.86 1551.62 392.362 2213.26
 55190.3 6378.25 365.506 483.538 812.005
 19733.7 27027.8 2878.65 164.961 584.708
 57124.8 8894.11 6899.64 734.86 191.375
 71817.5 26066.7 2471.55 1917.31 257.387
 99678.8 30961.8 4905.04 465.076 409.217
 205340 43340.1 6176.15 978.438 174.401
 56921.8 95204.5 13436 1914.69 357.395
 26837.2 26113.6 27446.6 3873.49 655.022
 51774 12368.2 7767.97 8164.51 1347.09
 23035.2 22380.2 2370.28 1488.68 1822.83
 15041.2 9061.43 2245.35 237.804 332.235
 15277.5 5803.1 795.761 197.183 50.0599
 10491.3 6818.09 1384.45 189.845 58.9849
 10287.2 4799.29 1927.43 391.375 70.3427
 8768.62 4790.7 1533.61 615.909 147.541
 28462.9 4087.97 1542.4 493.756 245.798
 33594.7 13108.7 1210.47 456.713 218.986
 34376.3 16268 5476.87 505.741 282.31
 44995.6 16566.5 6575.58 2213.77 318.533
 33488.6 21459.5 6234.42 2474.57 952.974
 840.855 15819 7560.99 2196.62 1207.65
pred_Ctot
 159.529 4289.25 2052.7 272.433 0.0144902
 441.268 867.468 3173.15 1518.57 201.554
 251.597 3702.54 936.274 3424.84 1856.56
 651.316 322.633 426.822 107.932 608.829
 549.257 420.412 24.0917 31.8717 53.5221
 1318.52 9808.99 1044.73 59.8681 212.204
 3348.05 2911.72 2258.78 240.576 62.6517
 6864.85 12293.6 1165.64 904.246 121.39
 8988.1 14023 2221.56 210.64 185.34
 9834.92 12030.2 1714.35 271.591 48.4094
 3132.19 29623.8 4180.75 595.775 111.207
 1394.42 7753.87 8149.7 1150.15 194.495
 4861.31 5761.84 3618.78 3803.51 627.552
 3489.68 14005 1483.27 931.58 1140.69
 2448.21 5887.04 1458.77 154.497 215.847
 1119.82 2260.34 309.953 76.8039 19.4986
 597.369 2180.92 442.848 60.7263 18.8677
 461.922 1261.92 506.798 102.908 18.4959
 387.214 1242 397.593 159.677 38.2506
 1491.7 1222.45 461.235 147.651 73.5029
 601.299 1510.56 139.487 52.6287 25.2346
 731.624 2202.46 741.492 68.4702 38.2209
 1284.19 2931.58 1163.61 391.746 56.3673
 1177.85 4572.12 1328.3 527.229 203.039
 39.2925 4301.34 2055.91 597.282 328.373
F
 0.0206761 0.141923 0.141923 0.141923 0.141923
 0.0372641 0.255784 0.255784 0.255784 0.255784
 0.137112 0.941145 0.941146 0.941146 0.941146
 0.0678781 0.465921 0.465922 0.465922 0.465922
 0.0139237 0.0955734 0.0955735 0.0955735 0.0955735
 0.0969387 0.665395 0.665396 0.665396 0.665396
 0.0845773 0.580546 0.580546 0.580546 0.580546
 0.141373 0.970398 0.970399 0.970399 0.970399
 0.132874 0.912059 0.91206 0.91206 0.91206
 0.0686384 0.471139 0.47114 0.47114 0.47114
 0.0792216 0.543784 0.543784 0.543784 0.543784
 0.0746563 0.512447 0.512447 0.512447 0.512447
 0.138711 0.952121 0.952123 0.952123 0.952123
 0.232998 1.59931 1.59932 1.59932 1.59932
 0.252398 1.73248 1.73249 1.73249 1.73249
 0.106801 0.733089 0.73309 0.73309 0.73309
 0.0820782 0.563391 0.563392 0.563392 0.563392
 0.0642248 0.440844 0.440845 0.440845 0.440845
 0.0631312 0.433337 0.433338 0.433338 0.433338
 0.0753251 0.517038 0.517038 0.517038 0.517038
 0.025166 0.172741 0.172741 0.172741 0.172741
 0.0299877 0.205838 0.205838 0.205838 0.205838
 0.040398 0.277295 0.277295 0.277295 0.277295
 0.0499943 0.343165 0.343165 0.343165 0.343165
 0.0669161 0.459317 0.459318 0.459318 0.459318
nmprior
 10 11 7 0
nm_flota  nm_reclas  nm_pelaces    nm_pelaL
inf 29.0283 22.3169 41.53
cv_recla  cv_pelaces  cv_mph
0.873464 1.02699 0.436922
 ------------------------------------------------
Talla a la edad & desviación 
 7.2 14.2025 17.0495 18.207 18.6776
 1.08 2.13037 2.55742 2.73105 2.80164
