years
 1997 1998 1999 2000 2001 2002 2003 2004 2005 2006 2007 2008 2009 2010 2011 2012 2013 2014 2015 2016 2017 2018 2019 2020 2021
reclasobs
 0 0 0 370054 412103 1.49427e+06 250295 1.28982e+06 931140 785840 897777 1.04006e+06 184774 17550 25797 100020 73551 82996 120727 218422 84188 347160 605670 569463 516374
reclaspred
 685918 126888 187121 126010 267932 283830 625598 482564 666992 944218 797406 526392 334298 145821 91571.8 87450.7 101032 123477 113464 187172 303411 268894 413945 413416 319108
pelacesobs
 0 0 0 0 0 0 0 0 0 2.06254e+06 1.5e+06 0 1.87456e+06 323000 250000 174000 83755 137374 0 501740 490994 745055 786931 1.00524e+06 0
pelacespred
 706934 187368 109494 139200 269353 223539 646033 521978 707728 996076 762702 523426 336633 117887 73235.9 75510.7 91372.8 114270 106728 171958 315226 273023 332161 390642 307986
mphobs
 0 0 0 0 0 112323 0 153150 637223 0 255016 313432 73983 77613 109348 50772 0 0 0 0 0 0 0 0 0
mphpred
 833550 354451 245541 138120 200603 421568 526208 645965 650020 886143 1.27287e+06 920401 543121 295148 127660 100681 116110 145473 161003 166323 306669 391588 457976 553971 604699
desembarqueobs
 350755 77701 442110 56441 14545 235359 269955 359681 431902 328805 639364 411747 362871 311530 167758 66681 60226 58785 57116 71774 51957 67425 138520 160799 200461
desembarquepred
 350736 77672.2 441644 56427.5 14544.6 235320 269930 359386 431651 328646 638922 411571 362583 311320 167531 66653.8 60222.7 58762.2 57089.3 71737.5 51949 67399.3 138475 160761 200447
Reclutas
 19109 35814.7 7076.06 27977.2 58059.7 27269.6 61169.5 75927.5 114269 190243 62773.7 32399.5 48363.9 22317.7 15093.5 16380.2 11564.7 11587.2 10900.2 30415.8 35766.4 39014.7 52439.1 45107.8 2383.42
log_desv_Rt
 -0.422084 0.206115 -1.41553 -0.0408536 0.689227 -0.0664706 0.741404 0.957534 1.36631 1.87606 0.767292 0.105899 0.50651 -0.266863 -0.65798 -0.57617 -0.924285 -0.922341 -0.983462 0.0427186 0.204765 0.291693 0.587408 0.436811 -2.50371
SSB
 833550 354451 245541 138120 200603 421568 526208 645965 650020 886143 1.27287e+06 920401 543121 295148 127660 100681 116110 145473 161003 166323 306669 391588 457976 553971 604699
BT
 1.5007e+06 486146 428486 309954 494139 583725 1.34653e+06 1.32985e+06 1.65945e+06 2.09081e+06 1.92288e+06 1.3081e+06 959715 508774 271162 190026 212434 251943 240678 366552 605771 552557 691282 835652 724432
Ftot
 0.325784 0.517368 1.33604 0.521368 0.0669395 0.53112 0.416045 0.764863 0.736548 0.401065 0.532275 0.486466 0.844148 1.45643 1.5783 0.672907 0.50329 0.380957 0.361145 0.410185 0.151105 0.184474 0.241154 0.283641 0.336046
BD_Bspro_t
 0.952648 0.715409 0.535185 0.251304 0.459739 0.690535 0.590139 0.600924 0.566082 0.593127 0.646052 0.492282 0.369399 0.273504 0.158585 0.157505 0.23462 0.354305 0.434835 0.502583 0.672945 0.771301 0.767017 0.743107 0.685996
BD_Bspro
 1.38777 0.590121 0.408798 0.229954 0.333981 0.701862 0.876077 1.07546 1.08221 1.47533 2.11919 1.53236 0.904234 0.491388 0.212539 0.167622 0.193311 0.242195 0.268053 0.276909 0.510569 0.65195 0.762478 0.9223 1.00675
BD_Bo
 0.925146 0.393401 0.272523 0.153297 0.222647 0.467892 0.584032 0.716949 0.721449 0.983518 1.41274 1.02154 0.602803 0.327581 0.141688 0.111745 0.128869 0.161458 0.178696 0.1846 0.340368 0.434619 0.508301 0.614846 0.671147
BD_Brms
 3.09663 1.31678 0.912182 0.513114 0.745238 1.56612 1.95486 2.39975 2.41482 3.29201 4.7287 3.41928 2.01769 1.09647 0.474254 0.374029 0.431349 0.540429 0.598126 0.617889 1.13927 1.45475 1.70137 2.058 2.24645
S_f
 0.147311 1 1 1 1
 0.147311 1 1 1 1
 0.147311 1 1 1 1
 0.147311 1 1 1 1
 0.147311 1 1 1 1
 0.147311 1 1 1 1
 0.147311 1 1 1 1
 0.147311 1 1 1 1
 0.147311 1 1 1 1
 0.147311 1 1 1 1
 0.147311 1 1 1 1
 0.147311 1 1 1 1
 0.147311 1 1 1 1
 0.147311 1 1 1 1
 0.147311 1 1 1 1
 0.147311 1 1 1 1
 0.147311 1 1 1 1
 0.147311 1 1 1 1
 0.147311 1 1 1 1
 0.147311 1 1 1 1
 0.147311 1 1 1 1
 0.147311 1 1 1 1
 0.147311 1 1 1 1
 0.147311 1 1 1 1
 0.147311 1 1 1 1
Scru_reclas
 0.985421 1 1 1 1
 0.985421 1 1 1 1
 0.985421 1 1 1 1
 0.985421 1 1 1 1
 0.985421 1 1 1 1
 0.985421 1 1 1 1
 0.985421 1 1 1 1
 0.985421 1 1 1 1
 0.985421 1 1 1 1
 0.985421 1 1 1 1
 0.985421 1 1 1 1
 0.985421 1 1 1 1
 0.985421 1 1 1 1
 0.985421 1 1 1 1
 0.985421 1 1 1 1
 0.985421 1 1 1 1
 0.985421 1 1 1 1
 0.985421 1 1 1 1
 0.985421 1 1 1 1
 0.985421 1 1 1 1
 0.985421 1 1 1 1
 0.985421 1 1 1 1
 0.985421 1 1 1 1
 0.985421 1 1 1 1
 0.985421 1 1 1 1
Scru_pelaces
 1 1 1 1 1
 1 1 1 1 1
 1 1 1 1 1
 1 1 1 1 1
 1 1 1 1 1
 1 1 1 1 1
 1 1 1 1 1
 1 1 1 1 1
 1 1 1 1 1
 1 1 1 1 1
 1 1 1 1 1
 1 1 1 1 1
 1 1 1 1 1
 1 1 1 1 1
 1 1 1 1 1
 1 1 1 1 1
 1 1 1 1 1
 1 1 1 1 1
 1 1 1 1 1
 1 1 1 1 1
 1 1 1 1 1
 1 1 1 1 1
 1 1 1 1 1
 1 1 1 1 1
 1 1 1 1 1
pf_obs 
 0.256992 0.487395 0.22802 0.0275931 0
 0.321318 0.546541 0.124235 0.00734118 0.000564706
 0.182869 0.594174 0.210203 0.0122559 0.00049798
 0.330522 0.361315 0.267642 0.0388342 0.00168674
 0.649043 0.306663 0.0425973 0.00169635 0
 0.582887 0.30429 0.105238 0.00758474 0
 0.465427 0.430635 0.0974691 0.00646863 0
 0.296916 0.608066 0.0921331 0.00288517 0
 0.311714 0.524322 0.152257 0.0117073 0
 0.15457 0.633149 0.183074 0.0267441 0.00246327
 0.131901 0.49318 0.331252 0.0422183 0.00144891
 0.196976 0.569456 0.194076 0.0375587 0.00193317
 0.518974 0.381816 0.0799577 0.0180837 0.00116848
 0.0928022 0.601141 0.25162 0.0475244 0.00691264
 0.122501 0.610282 0.24278 0.0234846 0.000952079
 0.383417 0.481906 0.127806 0.00687128 0
 0.0376549 0.599619 0.316969 0.0457579 0
 0.0361596 0.667082 0.258105 0.0386534 0
 0.158088 0.579412 0.248529 0.0139706 0
 0.0477256 0.309471 0.559284 0.082774 0.000745712
 0.0406174 0.521527 0.379366 0.0568643 0.0016247
 0.151134 0.462217 0.34131 0.0453401 0
 0.294876 0.26143 0.354403 0.0886775 0.000613685
 0.281977 0.475581 0.204845 0.0348837 0.00271318
 0 0 0 0 0
pf_pred 
 0.0905937 0.607412 0.266538 0.035451 5.47574e-06
 0.236792 0.337528 0.284321 0.124763 0.0165967
 0.0667493 0.682529 0.110881 0.0934022 0.0464379
 0.459948 0.267452 0.199365 0.0323882 0.040847
 0.375518 0.550912 0.0364347 0.0271594 0.00997676
 0.120811 0.710595 0.148731 0.00983638 0.0100257
 0.314356 0.375997 0.250269 0.0523826 0.00699538
 0.288075 0.564204 0.0810077 0.05392 0.0127929
 0.341143 0.528216 0.103534 0.0148652 0.0122421
 0.347225 0.545695 0.085847 0.0168266 0.00440555
 0.0927738 0.739147 0.140508 0.0221042 0.00546692
 0.0855786 0.434206 0.391247 0.0743738 0.014594
 0.221385 0.348012 0.204469 0.184239 0.0418952
 0.156291 0.630906 0.0951152 0.0558834 0.0618049
 0.230906 0.562587 0.154421 0.0232804 0.0288054
 0.298132 0.579645 0.0894057 0.0245404 0.00827743
 0.181613 0.656075 0.134046 0.0206756 0.00758932
 0.19495 0.530575 0.220038 0.0449571 0.00947963
 0.182764 0.543156 0.180634 0.0749119 0.018533
 0.394776 0.389992 0.143049 0.0475729 0.0246102
 0.248605 0.634313 0.0754448 0.0276731 0.013964
 0.20033 0.565544 0.197645 0.0235078 0.0129736
 0.22546 0.503633 0.191591 0.0669567 0.0123589
 0.168231 0.573561 0.167896 0.0638706 0.0264414
 0.0111735 0.605013 0.264665 0.0774743 0.0416737
pobs_RECLAS
 0 0 0 0 0
 0 0 0 0 0
 0 0 0 0 0
 0 0 0 0 0
 0.835266 0.146461 0.0176864 0.000547809 3.91292e-05
 0.385257 0.428462 0.181853 0.0044286 0
 0.867414 0.0963971 0.0333333 0.00285562 0
 0.441836 0.489002 0.0689373 0.000224442 0
 0.779404 0.147425 0.0564933 0.0165055 0.000172143
 0.814271 0.122319 0.05973 0.00367925 0
 0.40263 0.566651 0.0304383 0.000280538 0
 0.475488 0.404961 0.113038 0.00651328 0
 0.955842 0.0263864 0.0167828 0.000988607 0
 0.975058 0.0227948 0.00214734 0 0
 0.738997 0.206755 0.0527124 0.00153531 0
 0.850938 0.134255 0.0134407 0.00136685 0
 0.542534 0.407297 0.0501686 0 0
 0.764087 0.199537 0.0359546 0.000420521 0
 0.470689 0.182191 0.310203 0.0369168 0
 0.84361 0.089868 0.0606195 0.00523954 0.000663233
 0.607945 0.314616 0.071237 0.00620181 0
 0.523733 0.453247 0.0230204 0 0
 0.530135 0.295979 0.169645 0.0042399 0
 0.562478 0.366248 0.0663022 0.0049721 0
 0.250443 0.683176 0.0655157 0.000865301 0
ppred_RECLAS
 0.404772 0.397566 0.174455 0.0232036 3.584e-06
 0.682698 0.140326 0.118206 0.0518697 0.00690003
 0.353573 0.472762 0.0768032 0.0646961 0.0321657
 0.855246 0.0716867 0.0534371 0.00868121 0.0109485
 0.801451 0.175158 0.0115841 0.00863509 0.00317203
 0.488257 0.413611 0.0865709 0.00572539 0.00583561
 0.759151 0.132078 0.0879132 0.0184007 0.0024573
 0.741977 0.204484 0.0293596 0.0195422 0.00463652
 0.785799 0.171729 0.0336599 0.00483285 0.00398003
 0.785058 0.179684 0.0282673 0.00554057 0.00145064
 0.415243 0.476421 0.0905649 0.0142474 0.00352373
 0.392924 0.288266 0.259746 0.0493761 0.00968883
 0.670888 0.147101 0.0864267 0.0778759 0.0177086
 0.590633 0.306115 0.0461498 0.0271145 0.0299876
 0.704533 0.216132 0.0593248 0.00894378 0.0110664
 0.749357 0.206996 0.0319275 0.0087636 0.00295594
 0.605836 0.315989 0.0645615 0.0099581 0.00365529
 0.624074 0.247758 0.102749 0.0209932 0.00442661
 0.604859 0.262621 0.0873383 0.0362206 0.00896087
 0.81759 0.117541 0.0431138 0.0143381 0.00741733
 0.690577 0.261209 0.031068 0.0113957 0.00575033
 0.628722 0.262576 0.0917642 0.0109144 0.00602351
 0.663872 0.218562 0.0831449 0.0290573 0.0053634
 0.579197 0.290172 0.0849407 0.0323129 0.013377
 0.0716632 0.568003 0.248475 0.0727349 0.0391244
pobs_PELACES
 0 0 0 0 0
 0 0 0 0 0
 0 0 0 0 0
 0 0 0 0 0
 0 0 0 0 0
 0 0 0 0 0
 0 0 0 0 0
 0 0 0 0 0
 0 0 0 0 0
 0 0 0 0 0
 0.450072 0.473896 0.0757376 0.000293798 0
 0 0 0 0 0
 0.463077 0.371075 0.160297 0.00555027 0
 0.529543 0.364841 0.0842815 0.0213345 0
 0.631943 0.363953 0.00410389 0 0
 0.735681 0.248677 0.0153453 0.000297389 0
 0.695825 0.281241 0.0229344 0 0
 0.275771 0.60734 0.115278 0.00161068 0
 0 0 0 0 0
 0.896147 0.0623911 0.0374545 0.00400742 0
 0.803859 0.145111 0.0509908 3.86294e-05 0
 0.739449 0.233085 0.0266225 0.000797448 4.60066e-05
 0.878498 0.100942 0.0204185 0.000141795 0
 0.694673 0.275183 0.0284847 0.00165964 0
 0 0 0 0 0
ppred_PELACES
 0.430634 0.380292 0.166875 0.0221954 3.42828e-06
 0.716358 0.12544 0.105666 0.0463673 0.00616807
 0.447015 0.404423 0.0657012 0.0553442 0.0275161
 0.874105 0.0623475 0.0464754 0.00755023 0.00952212
 0.806731 0.170499 0.011276 0.00840544 0.00308767
 0.529256 0.380474 0.0796352 0.0052667 0.00536809
 0.782413 0.119321 0.0794221 0.0166235 0.00221996
 0.7835 0.171578 0.0246349 0.0163974 0.00389038
 0.820792 0.143674 0.0281609 0.00404331 0.00332982
 0.805797 0.162347 0.0255398 0.00500597 0.00131067
 0.455649 0.443501 0.084307 0.0132629 0.00328024
 0.429604 0.270848 0.244052 0.0463928 0.00910342
 0.724006 0.123359 0.0724775 0.0653068 0.0148505
 0.688066 0.233257 0.0351658 0.0206611 0.0228504
 0.790473 0.153268 0.0420695 0.00634238 0.00784758
 0.785703 0.176979 0.0272976 0.00749275 0.00252729
 0.642481 0.286612 0.0585593 0.00903231 0.00331546
 0.652208 0.229216 0.0950593 0.0194221 0.00409532
 0.632292 0.244389 0.0812749 0.033706 0.00833876
 0.836198 0.10555 0.0387156 0.0128754 0.00666065
 0.702666 0.251004 0.0298543 0.0109505 0.00552567
 0.64413 0.251679 0.0879561 0.0104615 0.00577354
 0.682036 0.206752 0.078652 0.0274871 0.00507358
 0.602042 0.274419 0.0803295 0.0305588 0.0126508
 0.0792798 0.563343 0.246436 0.0721381 0.0388034
pobs_pel_tallas
 0 0 0 0 0 0 0 0 0 0 0 0 0 0 0 0 0 0 0 0 0 0 0 0 0 0 0 0 0 0 0 0 0 0 0 0
 0 0 0 0 0 0 0 0 0 0 0 0 0 0 0 0 0 0 0 0 0 0 0 0 0 0 0 0 0 0 0 0 0 0 0 0
 0 0 0 0 0 0 0 0 0 0 0 0 0 0 0 0 0 0 0 0 0 0 0 0 0 0 0 0 0 0 0 0 0 0 0 0
 0 0 0 0 0 0 0 0 0 0 0 0 0 0 0 0 0 0 0 0 0 0 0 0 0 0 0 0 0 0 0 0 0 0 0 0
 0 0 0 0 0 0 0 0 0 0 0 0 0 0 0 0 0 0 0 0 0 0 0 0 0 0 0 0 0 0 0 0 0 0 0 0
 0 0 0 0 0 0 0 0 0 0 0 0 0 0 0 0 0 0 0 0 0 0 0 0 0 0 0 0 0 0 0 0 0 0 0 0
 0 0 0 0 0 0 0 0 0 0 0 0 0 0 0 0 0 0 0 0 0 0 0 0 0 0 0 0 0 0 0 0 0 0 0 0
 0 0 0 0 0 0 0 0 0 0 0 0 0 0 0 0 0 0 0 0 0 0 0 0 0 0 0 0 0 0 0 0 0 0 0 0
 0 0 0 0 0 0 0 0 0 0 0 0 0 0 0 0 0 0 0 0 0 0 0 0 0 0 0 0 0 0 0 0 0 0 0 0
 0 0 0 0 0 0 0 0 0 0 0 0 0 0 0 0 0 0 0 0 0 0 0 0 0 0 0 0 0 0 0 0 0 0 0 0
 0 0 0 0 0 0 0 0 1.78061e-05 0.00172719 0.00360574 0.0105946 0.0120993 0.0124554 0.0147524 0.0171206 0.0266825 0.0428682 0.0675386 0.121331 0.153587 0.119568 0.100827 0.0573624 0.0630603 0.0341343 0.0324427 0.0444173 0.0211091 0.0280891 0.0125444 0.00206551 0 0 0 0
 0 0 0 0 0 0 0 0 0 0 0 0 0 0 0 0 0 0 0 0 0 0 0 0 0 0 0 0 0 0 0 0 0 0 0 0
 0 0 0 0 0 0 0.0133647 0.0140871 0.0187388 0.0205184 0.03894 0.0496705 0.03968 0.0493445 0.0407372 0.0367815 0.0215668 0.0243155 0.0234873 0.0199281 0.019796 0.0243948 0.0301388 0.0376714 0.0412746 0.0863199 0.0771752 0.113111 0.0741005 0.0525337 0.0229764 0.00759418 0.00175318 0 0 0
 0 0 0 0 0 0 0 0 0 0 0.00219441 0.00772107 0.0458388 0.0604681 0.0671733 0.0775358 0.0609151 0.0617685 0.073594 0.0568108 0.0755445 0.0548602 0.0670107 0.0636378 0.0643287 0.046367 0.0373049 0.0286899 0.0247887 0.0153202 0.00654259 0.00121912 0.000365735 0 0 0
 0 0 0 0 0 0 0 0 0 0 0 0 0.000112435 0.00938835 0.0111873 0.0202946 0.0414886 0.0713402 0.111592 0.104902 0.108894 0.110636 0.117776 0.105296 0.107544 0.0401394 0.0192827 0.0124803 0.00416011 0.0028671 0.000618394 0 0 0 0 0
 0 0 0 0 0 0 0 0 0 0 0.00291406 0.0102884 0.027416 0.0768956 0.0749926 0.110853 0.0956884 0.0897413 0.0766577 0.0534642 0.0500743 0.0551293 0.0594112 0.0620874 0.0668451 0.0424026 0.0208742 0.0120726 0.0048766 0.00582813 0.00118941 0.000297354 0 0 0 0
 0 0.00264628 0.0354308 0.0461629 0.0458689 0.0383711 0.0214643 0.0164657 0.0346957 0.0420465 0.0363128 0.0245516 0.0311673 0.0291091 0.0169068 0.0133784 0.00837989 0.0085269 0.0148486 0.0160247 0.0276389 0.0546898 0.0760071 0.122758 0.109233 0.0665981 0.0333725 0.0166128 0.00676272 0.00308733 0.000882094 0 0 0 0 0
 0 0 0 0 0 0 0 0.000805153 0.000690131 0.00759144 0.0133425 0.0154129 0.00931677 0.000345066 0.00356568 0.00563607 0.00851162 0.0253048 0.0502646 0.0516448 0.0657925 0.0565908 0.0611916 0.0827007 0.0866115 0.110766 0.145733 0.0935128 0.0569358 0.0249597 0.0138026 0.00621118 0.00161031 0.00115022 0 0
 0 0 0 0 0 0 0 0 0 0 0 0 0 0 0 0 0 0 0 0 0 0 0 0 0 0 0 0 0 0 0 0 0 0 0 0
 0.00147267 0.00158595 0.00478618 0.00569244 0.00954404 0.0108468 0.00647125 0.017049 0.0510054 0.094081 0.124002 0.0959785 0.0687766 0.0820023 0.061753 0.0591476 0.0492212 0.0479892 0.0443925 0.0268479 0.0217502 0.0140895 0.0121071 0.0120363 0.00920419 0.00665534 0.0049561 0.00860946 0.00930331 0.0156896 0.0114698 0.00855282 0.00243557 0.00046729 0 2.83206e-05
 0 0 0 0 0.000772559 0.00158375 0.000888443 0.00281984 0.00712685 0.0440552 0.0773331 0.111326 0.0921469 0.0852325 0.0710754 0.0886704 0.0786465 0.0553345 0.0373146 0.0185414 0.00753245 0.00457741 0.012979 0.0271748 0.0457355 0.0583668 0.034881 0.0177882 0.00938659 0.00492506 0.0015258 0.00185414 0.000309023 5.79419e-05 3.86279e-05 0
 0 0.00173294 0.00326652 0 0.00397197 0.00683976 0.00946217 0.0152591 0.00757587 0.0136028 0.0228656 0.0392903 0.0559909 0.0764795 0.0681675 0.0726916 0.0566044 0.0477403 0.0527397 0.0444891 0.0609904 0.0582453 0.0661739 0.0445044 0.0529084 0.0360697 0.0280645 0.0235558 0.0158879 0.00826598 0.00280645 0.00217768 0.000904811 0.00058276 9.20147e-05 0
 0 0 0 0 0 0 0 0 0 0 0 0 0 0 0 0 0 0 0 0 0 0 0 0 0 0 0 0 0 0 0 0 0 0 0 0
 0 0 0 0 0 0 0 0 0 0 0 0 0 0 0 0 0 0 0 0 0 0 0 0 0 0 0 0 0 0 0 0 0 0 0 0
 0 0 0 0 0 0 0 0 0 0 0 0 0 0 0 0 0 0 0 0 0 0 0 0 0 0 0 0 0 0 0 0 0 0 0 0
ppred_pel_tallas
 1.03256e-16 1.88061e-05 0.000110334 0.000524388 0.00201877 0.00629522 0.0159015 0.032539 0.0539458 0.0724746 0.0789374 0.0697967 0.0503301 0.0301152 0.0160053 0.00942508 0.00846257 0.0108086 0.0150102 0.0203215 0.0262334 0.0322054 0.0376268 0.0419004 0.0445637 0.0453859 0.0444082 0.0419106 0.038324 0.0341195 0.0297123 0.025406 0.0213832 0.0177279 0.0144638 0.0115877
 1.03423e-16 3.12545e-05 0.000183441 0.000871999 0.00335725 0.0104693 0.0264445 0.0541088 0.0896904 0.120449 0.131065 0.115592 0.0827079 0.0481956 0.0232558 0.0100216 0.00507707 0.00440938 0.00557292 0.00751601 0.00983704 0.0123155 0.014749 0.0169364 0.0187055 0.0199421 0.0206033 0.0207116 0.0203336 0.0195538 0.0184531 0.0170993 0.0155487 0.0138539 0.0120717 0.0102661
 1.04252e-16 1.9521e-05 0.00011453 0.000544332 0.00209556 0.00653467 0.0165064 0.0337767 0.0559979 0.0752314 0.0819401 0.0724516 0.0522441 0.0312588 0.0166079 0.00976645 0.00874313 0.0111301 0.0154033 0.0207692 0.0266782 0.0325521 0.0377498 0.0416618 0.04384 0.0440996 0.0425551 0.0395741 0.0356714 0.0313793 0.0271368 0.0232292 0.0197823 0.0167988 0.0142132 0.0119426
 1.01385e-16 3.81303e-05 0.000223814 0.00106395 0.00409634 0.0127741 0.0322662 0.0660199 0.109431 0.14695 0.159878 0.140945 0.10072 0.0584321 0.0277067 0.0110961 0.00437842 0.00261049 0.00278366 0.00362631 0.0047056 0.00585482 0.00696166 0.00792499 0.00866212 0.00912228 0.00929341 0.00919814 0.00888215 0.00839929 0.0077993 0.00712135 0.00639404 0.00563908 0.00487603 0.00412524
 1.00649e-16 3.51968e-05 0.000206582 0.000982007 0.0037808 0.0117901 0.0297808 0.0609353 0.101006 0.135647 0.147606 0.130187 0.093166 0.0543191 0.0262612 0.0113937 0.00586216 0.0051297 0.00641005 0.00847048 0.0107964 0.0130717 0.0150091 0.0163494 0.0169094 0.0166244 0.0155632 0.0139075 0.0119044 0.00980792 0.00782833 0.00610288 0.00469094 0.00358849 0.00275232 0.00212397
 1.01687e-16 2.31063e-05 0.00013558 0.000644412 0.0024809 0.00773635 0.0195417 0.039987 0.0662907 0.0890502 0.0969667 0.08568 0.0616564 0.0366365 0.0190014 0.0104504 0.00857775 0.0104956 0.0143885 0.019345 0.0247899 0.0301558 0.0348252 0.0382129 0.0398899 0.0396811 0.0377024 0.034319 0.0300462 0.0254252 0.0209154 0.016831 0.0133294 0.0104389 0.00810634 0.00624336
 1.01842e-16 3.41345e-05 0.00020035 0.000952388 0.00366677 0.0114345 0.0288826 0.0590972 0.0979584 0.13155 0.143139 0.126227 0.0902867 0.05255 0.0252393 0.010671 0.00509839 0.00412221 0.00505761 0.00674784 0.00875464 0.0108476 0.0128257 0.014497 0.0157059 0.0163615 0.0164514 0.0160326 0.0152089 0.0140999 0.0128156 0.0114424 0.0100409 0.00865256 0.00730913 0.00603884
 1.01151e-16 3.41839e-05 0.000200635 0.000953734 0.00367194 0.0114506 0.0289233 0.0591809 0.0980985 0.131743 0.143359 0.126446 0.0904991 0.052785 0.025559 0.0111577 0.00584316 0.0052143 0.00656953 0.00871399 0.0111473 0.0135582 0.0156604 0.0171919 0.0179633 0.0178999 0.0170572 0.0156015 0.0137636 0.0117831 0.00985941 0.00812429 0.00663799 0.0054036 0.00439016 0.0035547
 1.00742e-16 3.58089e-05 0.000210178 0.000999107 0.00384665 0.0119954 0.0302995 0.0619964 0.102764 0.138005 0.150166 0.132429 0.094736 0.0551654 0.0265417 0.0112967 0.00549843 0.00452519 0.00554572 0.00732241 0.0093628 0.0113882 0.0131539 0.0144381 0.0150794 0.0150123 0.014281 0.0130234 0.0114335 0.00971428 0.0080374 0.00651922 0.00521682 0.00413887 0.00326394 0.00255818
 1.00649e-16 3.51558e-05 0.000206342 0.000980867 0.00377641 0.0117764 0.0297462 0.0608645 0.100889 0.135489 0.147432 0.13003 0.0930456 0.054233 0.0261903 0.0113136 0.00575156 0.00497223 0.00619521 0.00819526 0.0104681 0.0127101 0.0146465 0.0160277 0.0166733 0.0165133 0.0156032 0.0141051 0.0122447 0.0102572 0.0083407 0.0066285 0.00518436 0.00401499 0.00309125 0.002369
 1.01951e-16 1.98992e-05 0.000116746 0.000554861 0.00213608 0.00666102 0.0168256 0.0344301 0.057082 0.0766906 0.0835363 0.0738794 0.0533094 0.0319675 0.0171136 0.0102631 0.00939607 0.0120625 0.0167022 0.0224839 0.0288074 0.035028 0.0404292 0.0443311 0.0462365 0.0459455 0.0435979 0.039624 0.0346287 0.0292449 0.0240085 0.0192836 0.0152496 0.0119343 0.00927027 0.00714965
 1.05573e-16 1.87569e-05 0.000110055 0.000523082 0.00201378 0.00627968 0.0158622 0.0324576 0.053808 0.0722808 0.0787034 0.0695355 0.0500238 0.0296969 0.0153578 0.0083907 0.00685688 0.00844089 0.0117174 0.0160162 0.020957 0.0261702 0.03123 0.0356961 0.0391918 0.0414703 0.042448 0.0421915 0.0408726 0.0387089 0.0359146 0.0326743 0.0291406 0.0254458 0.0217164 0.0180786
 1.04008e-16 3.15878e-05 0.000185398 0.000881305 0.00339309 0.010581 0.0267268 0.0546863 0.0906475 0.121734 0.132462 0.11682 0.0835793 0.0486882 0.0234644 0.0100603 0.00501953 0.00428189 0.00537209 0.00722544 0.00943725 0.0117899 0.0140885 0.0161437 0.0177986 0.0189556 0.0195882 0.0197317 0.0194591 0.0188526 0.0179819 0.0168951 0.0156231 0.0141913 0.0126321 0.0109913
 1.02353e-16 3.0025e-05 0.000176213 0.000837617 0.00322484 0.0100563 0.0254016 0.0519756 0.0861575 0.115714 0.125937 0.111128 0.0796409 0.0466642 0.022993 0.0107175 0.00659344 0.00678417 0.00892251 0.0119298 0.0152967 0.0186432 0.0215906 0.0237865 0.024974 0.0250499 0.0240849 0.022297 0.0199895 0.0174751 0.0150115 0.0127654 0.0108089 0.00914043 0.00771713 0.00648474
 1.01232e-16 3.44872e-05 0.000202418 0.000962212 0.00370459 0.0115524 0.0291805 0.0597069 0.09897 0.132911 0.144627 0.127554 0.0912696 0.0531897 0.0256718 0.0110662 0.00559513 0.0048153 0.00600421 0.00796815 0.0102236 0.0124853 0.0144958 0.0160174 0.0168738 0.0169873 0.0163936 0.0152263 0.0136778 0.0119517 0.0102212 0.0086053 0.00716533 0.00591628 0.00484525 0.00392873
 1.00821e-16 3.42802e-05 0.0002012 0.000956419 0.00368227 0.0114828 0.0290047 0.0593475 0.0983748 0.132114 0.143764 0.126806 0.0907624 0.0529498 0.0256598 0.0112372 0.00593521 0.00534096 0.0067442 0.00894317 0.0114298 0.0138833 0.0160068 0.0175285 0.0182524 0.0181021 0.0171373 0.0155336 0.0135355 0.0113973 0.00933254 0.00748455 0.00592102 0.0046482 0.00363415 0.00283143
 1.0139e-16 2.80395e-05 0.000164551 0.000782165 0.00301132 0.00939045 0.0237197 0.0485347 0.0804559 0.108063 0.117627 0.103834 0.0745001 0.0438261 0.0219184 0.0107599 0.00735155 0.00813177 0.0108909 0.014592 0.0186941 0.0227451 0.0262759 0.0288457 0.0301316 0.0300016 0.0285426 0.0260283 0.0228448 0.0193972 0.0160289 0.0129738 0.0103483 0.00817233 0.00640571 0.00498287
 1.02283e-16 2.84614e-05 0.000167033 0.000793976 0.00305681 0.00953234 0.024078 0.0492675 0.0816689 0.109687 0.119381 0.105351 0.0755193 0.0442869 0.021893 0.0103283 0.00652855 0.006869 0.00911724 0.0122592 0.0158146 0.0194182 0.0226959 0.0252889 0.0269207 0.0274542 0.0269153 0.0254726 0.0233837 0.0209285 0.0183514 0.0158285 0.0134628 0.0112989 0.00934732 0.00760475
 1.02782e-16 2.75936e-05 0.000161937 0.000769745 0.00296351 0.00924137 0.0233431 0.0477639 0.079177 0.106342 0.115746 0.102156 0.0732556 0.0430137 0.0213647 0.0102477 0.00670146 0.00721834 0.00963419 0.0129569 0.0167015 0.0204855 0.0239142 0.0266103 0.0282867 0.0288068 0.0282085 0.0266802 0.0245022 0.0219732 0.0193485 0.0168049 0.0144375 0.0122778 0.010322 0.00855558
 1.01338e-16 3.64791e-05 0.000214116 0.00101784 0.00391878 0.0122204 0.0308676 0.0631586 0.10469 0.140587 0.152966 0.134877 0.0964395 0.0560615 0.026794 0.0110984 0.00495439 0.00364539 0.00429174 0.00565559 0.00727879 0.00893809 0.0104526 0.0116576 0.0124277 0.0127019 0.0124936 0.0118806 0.0109803 0.00991828 0.0088022 0.00770712 0.00667406 0.00571794 0.00483948 0.00403552
 1.01141e-16 3.06624e-05 0.000179953 0.000855395 0.00329328 0.0102698 0.0259407 0.0530788 0.0879866 0.118171 0.128614 0.113496 0.0813508 0.0476915 0.0235458 0.0110519 0.00689886 0.00716804 0.00943646 0.0125904 0.0160903 0.0195235 0.0224769 0.0245681 0.0255226 0.0252373 0.0238033 0.0214767 0.0186102 0.0155692 0.0126583 0.0100791 0.00792348 0.00619382 0.00483722 0.00377902
 1.0196e-16 2.81101e-05 0.000164969 0.000784156 0.00301899 0.0094144 0.0237801 0.0486582 0.0806595 0.108333 0.117914 0.10407 0.0746302 0.0438248 0.0217744 0.010455 0.00684926 0.00738254 0.00984718 0.0132274 0.0170222 0.0208331 0.0242486 0.0268767 0.02842 0.02874 0.027882 0.0260513 0.0235521 0.0207108 0.0178098 0.0150494 0.012541 0.0103242 0.00839432 0.00672827
 1.02366e-16 2.97611e-05 0.000174666 0.000830266 0.00319654 0.0099681 0.0251787 0.0515194 0.0854007 0.114696 0.124825 0.110135 0.0789056 0.046186 0.0226703 0.0104242 0.00622708 0.00627652 0.00823501 0.0110534 0.0142577 0.0175099 0.0204729 0.0228252 0.0243198 0.0248356 0.0243976 0.0231578 0.0213467 0.0192125 0.0169695 0.0147694 0.0126974 0.0107874 0.00904458 0.00746466
 1.02871e-16 2.62757e-05 0.000154197 0.000732943 0.0028218 0.00879947 0.0222269 0.0454803 0.0753929 0.101263 0.110228 0.0973094 0.0698322 0.0411079 0.0206116 0.0102084 0.00709677 0.00794923 0.0107056 0.0144037 0.0185436 0.0227043 0.0264438 0.0293402 0.0310755 0.0315042 0.0306796 0.0288257 0.02627 0.0233588 0.0203862 0.0175537 0.0149653 0.0126491 0.0105898 0.00875879
 1.07974e-16 3.4929e-06 2.04149e-05 9.6865e-05 0.000372637 0.00116176 0.00293513 0.00601018 0.00997975 0.0134547 0.0147789 0.0133633 0.0102806 0.00744395 0.00631744 0.00740514 0.010601 0.0156699 0.0224009 0.0305073 0.0394988 0.0486502 0.0570828 0.0639244 0.0684925 0.0704364 0.0697941 0.0669423 0.0624684 0.0570103 0.0511214 0.0451961 0.0394629 0.0340253 0.0289208 0.0241702
pSPR Fmed_Fpbrs
0.541274   0.348759 0.348759
Fs Fmed_Fpbrs
0.45218   1.005 1.005
SSBpbr Bo_Bmed_Bpbrs
900993  442635  269180 269180
Ro
29143.9
SPR SPRFo_SPRFmed_SPRFpbrs
600641 325112 209479
log_Ro
10.1
likeval ReclasPelacesDesembMPH_pf_preclas_ppelaces_ptallas_desvR_qrecl_qpela
 85.9182 62.1427 0.0364879 0.000690868 292.9 192.194 70.4161 0 28.9674 1.79766e-05 0 0 0 0 0
q_reclas_q_pelaces
0.548368 1
M
0.7
N
 19109 21251.1 9325.17 1240.3 0.191576
 35814.7 9044.61 7618.84 3343.21 444.735
 7076.06 16480 2677.28 2255.24 1121.26
 27977.2 2886.09 2151.37 349.504 440.783
 58059.7 12866 850.897 634.28 232.997
 27269.6 28548.7 5975.38 395.184 402.792
 61169.5 12522.6 8335.23 1744.61 232.981
 75927.5 28570.1 4102.06 2730.39 647.804
 114269 33686.8 6602.83 948.026 780.734
 190243 50909.6 8008.93 1569.8 411.007
 62773.7 89052.2 16928.3 2663.1 658.652
 32399.5 28821.7 25970.1 4936.77 968.718
 48363.9 14976.5 8799.2 7928.64 1802.94
 22317.7 21208.5 3197.39 1878.57 2077.63
 15093.5 8942.67 2454.62 370.057 457.88
 16380.2 5940.33 916.249 251.495 84.8289
 11564.7 7366.54 1505.1 232.149 85.2143
 11587.2 5332.5 2211.47 451.837 95.2741
 10900.2 5440.03 1809.16 750.287 185.619
 30415.8 5132.45 1882.57 626.077 323.879
 35766.4 14218.4 1691.13 620.305 313.009
 39014.7 17370.1 6070.45 722.016 398.471
 52439.1 18854.7 7172.66 2506.68 462.685
 45107.8 25131.7 7356.68 2798.61 1158.58
 2383.42 21483.2 9397.91 2751.01 1479.78
pred_Ctot
 645.738 4329.54 1899.84 252.689 0.0390302
 1898.42 2706.05 2279.47 1000.25 133.06
 919.524 9402.37 1527.48 1286.69 639.718
 1494.06 868.769 647.603 105.207 132.684
 409.947 601.422 39.7752 29.6494 10.8915
 1482.58 8720.32 1825.21 120.711 123.034
 2624.43 3139.05 2089.4 437.322 58.4016
 5856.43 11470 1646.85 1096.17 260.073
 8502.84 13165.6 2580.54 370.51 305.129
 7875.96 12377.8 1947.23 381.669 99.9291
 3420.02 27248 5179.68 814.851 201.533
 1618.02 8209.46 7397.25 1406.17 275.926
 4096.35 6439.35 3783.34 3409.03 775.197
 3137.72 12666.2 1909.55 1121.93 1240.81
 2282.17 5560.33 1526.22 230.092 284.699
 1118.09 2173.85 335.3 92.0343 31.043
 596.866 2156.17 440.538 67.9495 24.942
 456.244 1241.71 514.958 105.214 22.1853
 407.393 1210.73 402.645 166.983 41.3111
 1287.07 1271.48 466.376 155.1 80.2356
 566.959 1446.59 172.057 63.1102 31.8457
 753.389 2126.87 743.293 88.4068 48.7906
 1318.9 2946.17 1120.77 391.685 72.2974
 1330.73 4536.95 1328.08 505.226 209.155
 83.0232 4495.48 1966.56 575.663 309.652
F
 0.0479915 0.325784 0.325784 0.325784 0.325784
 0.0762139 0.517368 0.517368 0.517368 0.517368
 0.196813 1.33604 1.33604 1.33604 1.33604
 0.0768031 0.521368 0.521368 0.521368 0.521368
 0.0098609 0.0669395 0.0669395 0.0669395 0.0669395
 0.0782396 0.53112 0.53112 0.53112 0.53112
 0.0612879 0.416045 0.416045 0.416045 0.416045
 0.112672 0.764863 0.764863 0.764863 0.764863
 0.108501 0.736548 0.736548 0.736548 0.736548
 0.0590812 0.401065 0.401065 0.401065 0.401065
 0.0784098 0.532275 0.532275 0.532275 0.532275
 0.0716617 0.486466 0.486466 0.486466 0.486466
 0.124352 0.844148 0.844148 0.844148 0.844148
 0.214548 1.45643 1.45643 1.45643 1.45643
 0.232501 1.5783 1.5783 1.5783 1.5783
 0.0991264 0.672907 0.672907 0.672907 0.672907
 0.07414 0.50329 0.50329 0.50329 0.50329
 0.056119 0.380957 0.380957 0.380957 0.380957
 0.0532005 0.361145 0.361145 0.361145 0.361145
 0.0604246 0.410185 0.410185 0.410185 0.410185
 0.0222594 0.151105 0.151105 0.151105 0.151105
 0.027175 0.184474 0.184474 0.184474 0.184474
 0.0355246 0.241154 0.241154 0.241154 0.241154
 0.0417833 0.283641 0.283641 0.283641 0.283641
 0.0495031 0.336046 0.336046 0.336046 0.336046
nmprior
 10 11 7 0
nm_flota  nm_reclas  nm_pelaces    nm_pelaL
inf 27.0491 21.913 40.6296
cv_recla  cv_pelaces  cv_mph
0.838431 0.927597 0.852778
 ------------------------------------------------
Talla a la edad & desviación 
 7.2 14.2025 17.0495 18.207 18.6776
 1.08 2.13037 2.55742 2.73105 2.80164
