years
 1997 1998 1999 2000 2001 2002 2003 2004 2005 2006 2007 2008 2009 2010 2011 2012 2013 2014 2015 2016 2017 2018 2019 2020 2021
reclasobs
 0 0 0 370054 412103 1.49427e+06 250295 1.28982e+06 931140 785840 897777 1.04006e+06 184774 17550 25797 100020 73551 82996 120727 218422 84188 347160 605670 569463 516374
reclaspred
 656055 154495 364141 212859 343047 423405 903140 643606 725232 806903 722899 500327 306068 124935 71892.2 67442.6 79456.9 105617 114048 148038 227646 217231 357359 431047 462976
pelacesobs
 0 0 0 0 0 0 0 0 0 2.06254e+06 1.5e+06 0 1.87456e+06 323000 250000 174000 83755 137374 0 501740 490994 745055 786931 1.00524e+06 0
pelacespred
 2.34335e+06 617941 693283 742044 1.04629e+06 1.01066e+06 2.5261e+06 2.08644e+06 2.11814e+06 2.41637e+06 1.87712e+06 1.36394e+06 802441 248081 145226 151522 188711 266200 293110 370908 667229 629083 787502 1.11239e+06 1.23514e+06
mphobs
 0 0 0 0 0 112323 0 153150 637223 0 255016 313432 73983 77613 109348 50772 0 0 0 0 0 0 0 0 0
mphpred
 238416 123154 124565 105014 112588 196043 264265 340038 296552 325578 370726 261473 163511 85265.9 36698.5 28488 30599.2 39543.5 49296.2 54479.5 80802.5 101479 123803 164797 227992
desembarqueobs
 350755 77701 442110 56441 14545 235359 269955 359681 431902 328805 639364 411747 362871 311530 167758 66681 60226 58785 57116 71774 51957 67425 138520 160799 200461
desembarquepred
 350750 77691.7 441994 56441.6 14545.1 235414 269998 359576 431851 328757 639059 411622 362771 311455 167501 66666.4 60246.1 58764.7 57090.8 71761.9 51957.5 67406.8 138511 160801 200455
Reclutas
 33825.9 43440.2 18085.8 26029.9 52847.3 33714.4 70690 69410.1 90514.4 119757 67773.1 46693.5 48623.4 26833.1 14216.5 12094.3 9216.84 10544.5 10847.4 16681.9 22885.4 28322.3 41573.3 52598.2 15873.8
log_desv_Rt
 0.0889826 0.339142 -0.53712 -0.172999 0.535163 0.0856801 0.826059 0.807787 1.07326 1.35322 0.783921 0.411359 0.45186 -0.142609 -0.777844 -0.939508 -1.21121 -1.07664 -1.04832 -0.617922 -0.301744 -0.088594 0.295214 0.530438 -0.667574
SSB
 518535 267849 270918 228397 244869 426376 574752 739552 644975 708102 806296 568680 355621 185446 79815.9 61958.8 66550.5 86003.6 107215 118488 175738 220708 269262 358419 495861
BT
 1.55169e+06 398439 592374 401137 519789 606263 1.51235e+06 1.39028e+06 1.48047e+06 1.51063e+06 1.44189e+06 1.00691e+06 756452 417448 217506 130787 142783 178537 180163 237188 367740 333788 447123 646980 661443
Ftot
 0.612415 0.629224 1.17252 0.308382 0.056912 0.531783 0.374004 0.664612 0.756839 0.525957 0.909399 0.841296 1.35351 2.51274 2.71789 1.17594 0.917044 0.671518 0.538776 0.581501 0.275091 0.333193 0.410662 0.427961 0.388699
BD_Bspro_t
 0.924093 0.657971 0.558145 0.344777 0.486299 0.676992 0.60618 0.631624 0.561487 0.537297 0.536827 0.379519 0.278689 0.185486 0.099827 0.0958546 0.139098 0.229852 0.323226 0.40326 0.530321 0.648427 0.655495 0.650178 0.637945
BD_Bspro
 0.813027 0.419969 0.424781 0.358111 0.383938 0.668528 0.901172 1.15957 1.01128 1.11026 1.26422 0.891652 0.557589 0.290766 0.125146 0.0971472 0.104347 0.134848 0.168106 0.185781 0.275546 0.346054 0.422184 0.561976 0.777477
BD_Bo
 0.630265 0.325564 0.329294 0.277611 0.297632 0.518248 0.698596 0.898906 0.78395 0.860679 0.980032 0.691216 0.432248 0.225404 0.0970141 0.0753093 0.0808904 0.104535 0.130317 0.144019 0.213605 0.268264 0.32728 0.435648 0.602706
BD_Brms
 2.10432 1.08699 1.09944 0.926883 0.993731 1.73032 2.33246 3.00126 2.61744 2.87363 3.27212 2.30782 1.44318 0.752578 0.32391 0.251442 0.270076 0.34902 0.4351 0.480849 0.713183 0.895677 1.09272 1.45454 2.01231
S_f
 0.144937 1 1 1 1
 0.144937 1 1 1 1
 0.144937 1 1 1 1
 0.144937 1 1 1 1
 0.144937 1 1 1 1
 0.144937 1 1 1 1
 0.144937 1 1 1 1
 0.144937 1 1 1 1
 0.144937 1 1 1 1
 0.144937 1 1 1 1
 0.144937 1 1 1 1
 0.144937 1 1 1 1
 0.144937 1 1 1 1
 0.144937 1 1 1 1
 0.144937 1 1 1 1
 0.144937 1 1 1 1
 0.144937 1 1 1 1
 0.144937 1 1 1 1
 0.144937 1 1 1 1
 0.144937 1 1 1 1
 0.144937 1 1 1 1
 0.144937 1 1 1 1
 0.144937 1 1 1 1
 0.144937 1 1 1 1
 0.144937 1 1 1 1
Scru_reclas
 0.633215 1 1 1 1
 0.633215 1 1 1 1
 0.633215 1 1 1 1
 0.633215 1 1 1 1
 0.633215 1 1 1 1
 0.633215 1 1 1 1
 0.633215 1 1 1 1
 0.633215 1 1 1 1
 0.633215 1 1 1 1
 0.633215 1 1 1 1
 0.633215 1 1 1 1
 0.633215 1 1 1 1
 0.633215 1 1 1 1
 0.633215 1 1 1 1
 0.633215 1 1 1 1
 0.633215 1 1 1 1
 0.633215 1 1 1 1
 0.633215 1 1 1 1
 0.633215 1 1 1 1
 0.633215 1 1 1 1
 0.633215 1 1 1 1
 0.633215 1 1 1 1
 0.633215 1 1 1 1
 0.633215 1 1 1 1
 0.633215 1 1 1 1
Scru_pelaces
 0.598359 1 1 1 1
 0.598359 1 1 1 1
 0.598359 1 1 1 1
 0.598359 1 1 1 1
 0.598359 1 1 1 1
 0.598359 1 1 1 1
 0.598359 1 1 1 1
 0.598359 1 1 1 1
 0.598359 1 1 1 1
 0.598359 1 1 1 1
 0.598359 1 1 1 1
 0.598359 1 1 1 1
 0.598359 1 1 1 1
 0.598359 1 1 1 1
 0.598359 1 1 1 1
 0.598359 1 1 1 1
 0.598359 1 1 1 1
 0.598359 1 1 1 1
 0.598359 1 1 1 1
 0.598359 1 1 1 1
 0.598359 1 1 1 1
 0.598359 1 1 1 1
 0.598359 1 1 1 1
 0.598359 1 1 1 1
 0.598359 1 1 1 1
pf_obs 
 0.256992 0.487395 0.22802 0.0275931 0
 0.321318 0.546541 0.124235 0.00734118 0.000564706
 0.182869 0.594174 0.210203 0.0122559 0.00049798
 0.330522 0.361315 0.267642 0.0388342 0.00168674
 0.649043 0.306663 0.0425973 0.00169635 0
 0.582887 0.30429 0.105238 0.00758474 0
 0.465427 0.430635 0.0974691 0.00646863 0
 0.296916 0.608066 0.0921331 0.00288517 0
 0.311714 0.524322 0.152257 0.0117073 0
 0.15457 0.633149 0.183074 0.0267441 0.00246327
 0.131901 0.49318 0.331252 0.0422183 0.00144891
 0.196976 0.569456 0.194076 0.0375587 0.00193317
 0.518974 0.381816 0.0799577 0.0180837 0.00116848
 0.0928022 0.601141 0.25162 0.0475244 0.00691264
 0.122501 0.610282 0.24278 0.0234846 0.000952079
 0.383417 0.481906 0.127806 0.00687128 0
 0.0376549 0.599619 0.316969 0.0457579 0
 0.0361596 0.667082 0.258105 0.0386534 0
 0.158088 0.579412 0.248529 0.0139706 0
 0.0477256 0.309471 0.559284 0.082774 0.000745712
 0.0406174 0.521527 0.379366 0.0568643 0.0016247
 0.151134 0.462217 0.34131 0.0453401 0
 0.294876 0.26143 0.354403 0.0886775 0.000613685
 0.281977 0.475581 0.204845 0.0348837 0.00271318
 0 0 0 0 0
pf_pred 
 0.256567 0.518736 0.200321 0.0243675 8.56453e-06
 0.281019 0.549255 0.118428 0.0457335 0.00556508
 0.134084 0.681583 0.140818 0.0303626 0.013152
 0.269914 0.484284 0.193477 0.0399733 0.0123522
 0.321312 0.507567 0.113509 0.0453481 0.0122643
 0.14887 0.655773 0.1461 0.0326729 0.0165834
 0.316411 0.417869 0.20473 0.0456121 0.0153777
 0.232715 0.608703 0.0969389 0.0474942 0.0141487
 0.289039 0.529744 0.143764 0.0228951 0.0145588
 0.294974 0.5672 0.102695 0.0278698 0.00726074
 0.161228 0.662202 0.142052 0.0257194 0.00879825
 0.172345 0.561793 0.209895 0.0450257 0.0109409
 0.268768 0.503143 0.154821 0.0578436 0.0154235
 0.252895 0.626327 0.0831045 0.0255719 0.0121016
 0.302443 0.632471 0.0545643 0.00723989 0.00328203
 0.33725 0.619219 0.0394698 0.00340513 0.000656629
 0.238312 0.659955 0.0950509 0.00605867 0.000623485
 0.272496 0.564162 0.141525 0.0203834 0.00143297
 0.239172 0.596265 0.127614 0.0320133 0.0049349
 0.306112 0.51303 0.141739 0.0303355 0.00878303
 0.27895 0.57884 0.105143 0.0290489 0.00801718
 0.24228 0.570749 0.150095 0.027264 0.00961137
 0.2736 0.524483 0.152093 0.0399973 0.00982654
 0.25819 0.564435 0.128071 0.0371388 0.0121662
 0.074679 0.692041 0.1775 0.0402748 0.0155051
pobs_RECLAS
 0 0 0 0 0
 0 0 0 0 0
 0 0 0 0 0
 0 0 0 0 0
 0.835266 0.146461 0.0176864 0.000547809 3.91292e-05
 0.385257 0.428462 0.181853 0.0044286 0
 0.867414 0.0963971 0.0333333 0.00285562 0
 0.441836 0.489002 0.0689373 0.000224442 0
 0.779404 0.147425 0.0564933 0.0165055 0.000172143
 0.814271 0.122319 0.05973 0.00367925 0
 0.40263 0.566651 0.0304383 0.000280538 0
 0.475488 0.404961 0.113038 0.00651328 0
 0.955842 0.0263864 0.0167828 0.000988607 0
 0.975058 0.0227948 0.00214734 0 0
 0.738997 0.206755 0.0527124 0.00153531 0
 0.850938 0.134255 0.0134407 0.00136685 0
 0.542534 0.407297 0.0501686 0 0
 0.764087 0.199537 0.0359546 0.000420521 0
 0.470689 0.182191 0.310203 0.0369168 0
 0.84361 0.089868 0.0606195 0.00523954 0.000663233
 0.607945 0.314616 0.071237 0.00620181 0
 0.523733 0.453247 0.0230204 0 0
 0.530135 0.295979 0.169645 0.0042399 0
 0.562478 0.366248 0.0663022 0.0049721 0
 0.250443 0.683176 0.0655157 0.000865301 0
ppred_RECLAS
 0.61197 0.27075 0.104556 0.0127185 4.4702e-06
 0.641462 0.2739 0.059057 0.0228061 0.00277517
 0.430431 0.448321 0.0926253 0.0199715 0.0086509
 0.622099 0.250671 0.100146 0.0206906 0.00639366
 0.674742 0.243249 0.0543986 0.0217329 0.00587763
 0.442363 0.429644 0.0957209 0.0214064 0.010865
 0.674414 0.199026 0.0975108 0.0217245 0.00732422
 0.58215 0.331489 0.0527912 0.0258645 0.00770511
 0.653442 0.258223 0.0700776 0.0111602 0.00709669
 0.654763 0.277746 0.0502876 0.0136473 0.00355543
 0.475623 0.41399 0.0888072 0.0160791 0.00550042
 0.493629 0.343713 0.128417 0.0275473 0.0066938
 0.64801 0.242196 0.0745256 0.027844 0.00742433
 0.677586 0.270292 0.0358638 0.0110356 0.00522245
 0.738086 0.237476 0.0204875 0.00271839 0.00123232
 0.713025 0.268125 0.0170906 0.00147444 0.000284324
 0.5964 0.349694 0.0503652 0.00321034 0.00033037
 0.632592 0.284916 0.0714739 0.0102941 0.000723685
 0.58791 0.322957 0.0691203 0.0173395 0.00267291
 0.667782 0.245627 0.0678617 0.014524 0.00420512
 0.632148 0.295302 0.0536401 0.0148197 0.00409006
 0.587869 0.310436 0.0816383 0.0148292 0.00522772
 0.628325 0.268361 0.0778209 0.0204653 0.00502792
 0.610044 0.296713 0.0673245 0.0195232 0.00639556
 0.265565 0.549279 0.140883 0.0319665 0.0123065
pobs_PELACES
 0 0 0 0 0
 0 0 0 0 0
 0 0 0 0 0
 0 0 0 0 0
 0 0 0 0 0
 0 0 0 0 0
 0 0 0 0 0
 0 0 0 0 0
 0 0 0 0 0
 0 0 0 0 0
 0.450072 0.473896 0.0757376 0.000293798 0
 0 0 0 0 0
 0.463077 0.371075 0.160297 0.00555027 0
 0.529543 0.364841 0.0842815 0.0213345 0
 0.631943 0.363953 0.00410389 0 0
 0.735681 0.248677 0.0153453 0.000297389 0
 0.695825 0.281241 0.0229344 0 0
 0.275771 0.60734 0.115278 0.00161068 0
 0 0 0 0 0
 0.896147 0.0623911 0.0374545 0.00400742 0
 0.803859 0.145111 0.0509908 3.86294e-05 0
 0.739449 0.233085 0.0266225 0.000797448 4.60066e-05
 0.878498 0.100942 0.0204185 0.000141795 0
 0.694673 0.275183 0.0284847 0.00165964 0
 0 0 0 0 0
ppred_PELACES
 0.639176 0.251768 0.0972255 0.0118267 4.15678e-06
 0.668774 0.253035 0.0545583 0.0210689 0.00256377
 0.498535 0.394715 0.0815501 0.0175835 0.0076165
 0.629218 0.245948 0.0982593 0.0203009 0.00627321
 0.665778 0.249953 0.0558978 0.0223318 0.00603961
 0.46552 0.411803 0.091746 0.0205175 0.0104138
 0.685062 0.192518 0.0943219 0.0210141 0.0070847
 0.613612 0.30653 0.0488163 0.023917 0.00712495
 0.688077 0.232417 0.0630741 0.0100448 0.00638745
 0.675208 0.261298 0.0473097 0.0128391 0.00334488
 0.525578 0.374551 0.0803469 0.0145473 0.00497642
 0.538744 0.31309 0.116975 0.025093 0.00609742
 0.718211 0.193892 0.0596621 0.0222907 0.00594361
 0.801406 0.166489 0.0220907 0.00679748 0.00321682
 0.85149 0.134653 0.0116168 0.00154138 0.000698747
 0.765903 0.218721 0.0139415 0.00120276 0.000231935
 0.643969 0.308479 0.0444291 0.00283197 0.000291432
 0.662894 0.261418 0.0655791 0.00944512 0.000663999
 0.610815 0.305006 0.0652783 0.0163757 0.00252434
 0.691178 0.228329 0.0630825 0.0135011 0.00390897
 0.637018 0.291392 0.0529299 0.0146234 0.00403591
 0.596899 0.303634 0.0798495 0.0145043 0.00511317
 0.642055 0.258447 0.0749461 0.0197093 0.00484218
 0.62519 0.285189 0.0647096 0.0187649 0.00614716
 0.276041 0.541444 0.138873 0.0315105 0.012131
pobs_pel_tallas
 0 0 0 0 0 0 0 0 0 0 0 0 0 0 0 0 0 0 0 0 0 0 0 0 0 0 0 0 0 0 0 0 0 0 0 0
 0 0 0 0 0 0 0 0 0 0 0 0 0 0 0 0 0 0 0 0 0 0 0 0 0 0 0 0 0 0 0 0 0 0 0 0
 0 0 0 0 0 0 0 0 0 0 0 0 0 0 0 0 0 0 0 0 0 0 0 0 0 0 0 0 0 0 0 0 0 0 0 0
 0 0 0 0 0 0 0 0 0 0 0 0 0 0 0 0 0 0 0 0 0 0 0 0 0 0 0 0 0 0 0 0 0 0 0 0
 0 0 0 0 0 0 0 0 0 0 0 0 0 0 0 0 0 0 0 0 0 0 0 0 0 0 0 0 0 0 0 0 0 0 0 0
 0 0 0 0 0 0 0 0 0 0 0 0 0 0 0 0 0 0 0 0 0 0 0 0 0 0 0 0 0 0 0 0 0 0 0 0
 0 0 0 0 0 0 0 0 0 0 0 0 0 0 0 0 0 0 0 0 0 0 0 0 0 0 0 0 0 0 0 0 0 0 0 0
 0 0 0 0 0 0 0 0 0 0 0 0 0 0 0 0 0 0 0 0 0 0 0 0 0 0 0 0 0 0 0 0 0 0 0 0
 0 0 0 0 0 0 0 0 0 0 0 0 0 0 0 0 0 0 0 0 0 0 0 0 0 0 0 0 0 0 0 0 0 0 0 0
 0 0 0 0 0 0 0 0 0 0 0 0 0 0 0 0 0 0 0 0 0 0 0 0 0 0 0 0 0 0 0 0 0 0 0 0
 0 0 0 0 0 0 0 0 1.78061e-05 0.00172719 0.00360574 0.0105946 0.0120993 0.0124554 0.0147524 0.0171206 0.0266825 0.0428682 0.0675386 0.121331 0.153587 0.119568 0.100827 0.0573624 0.0630603 0.0341343 0.0324427 0.0444173 0.0211091 0.0280891 0.0125444 0.00206551 0 0 0 0
 0 0 0 0 0 0 0 0 0 0 0 0 0 0 0 0 0 0 0 0 0 0 0 0 0 0 0 0 0 0 0 0 0 0 0 0
 0 0 0 0 0 0 0.0133647 0.0140871 0.0187388 0.0205184 0.03894 0.0496705 0.03968 0.0493445 0.0407372 0.0367815 0.0215668 0.0243155 0.0234873 0.0199281 0.019796 0.0243948 0.0301388 0.0376714 0.0412746 0.0863199 0.0771752 0.113111 0.0741005 0.0525337 0.0229764 0.00759418 0.00175318 0 0 0
 0 0 0 0 0 0 0 0 0 0 0.00219441 0.00772107 0.0458388 0.0604681 0.0671733 0.0775358 0.0609151 0.0617685 0.073594 0.0568108 0.0755445 0.0548602 0.0670107 0.0636378 0.0643287 0.046367 0.0373049 0.0286899 0.0247887 0.0153202 0.00654259 0.00121912 0.000365735 0 0 0
 0 0 0 0 0 0 0 0 0 0 0 0 0.000112435 0.00938835 0.0111873 0.0202946 0.0414886 0.0713402 0.111592 0.104902 0.108894 0.110636 0.117776 0.105296 0.107544 0.0401394 0.0192827 0.0124803 0.00416011 0.0028671 0.000618394 0 0 0 0 0
 0 0 0 0 0 0 0 0 0 0 0.00291406 0.0102884 0.027416 0.0768956 0.0749926 0.110853 0.0956884 0.0897413 0.0766577 0.0534642 0.0500743 0.0551293 0.0594112 0.0620874 0.0668451 0.0424026 0.0208742 0.0120726 0.0048766 0.00582813 0.00118941 0.000297354 0 0 0 0
 0 0.00264628 0.0354308 0.0461629 0.0458689 0.0383711 0.0214643 0.0164657 0.0346957 0.0420465 0.0363128 0.0245516 0.0311673 0.0291091 0.0169068 0.0133784 0.00837989 0.0085269 0.0148486 0.0160247 0.0276389 0.0546898 0.0760071 0.122758 0.109233 0.0665981 0.0333725 0.0166128 0.00676272 0.00308733 0.000882094 0 0 0 0 0
 0 0 0 0 0 0 0 0.000805153 0.000690131 0.00759144 0.0133425 0.0154129 0.00931677 0.000345066 0.00356568 0.00563607 0.00851162 0.0253048 0.0502646 0.0516448 0.0657925 0.0565908 0.0611916 0.0827007 0.0866115 0.110766 0.145733 0.0935128 0.0569358 0.0249597 0.0138026 0.00621118 0.00161031 0.00115022 0 0
 0 0 0 0 0 0 0 0 0 0 0 0 0 0 0 0 0 0 0 0 0 0 0 0 0 0 0 0 0 0 0 0 0 0 0 0
 0.00147267 0.00158595 0.00478618 0.00569244 0.00954404 0.0108468 0.00647125 0.017049 0.0510054 0.094081 0.124002 0.0959785 0.0687766 0.0820023 0.061753 0.0591476 0.0492212 0.0479892 0.0443925 0.0268479 0.0217502 0.0140895 0.0121071 0.0120363 0.00920419 0.00665534 0.0049561 0.00860946 0.00930331 0.0156896 0.0114698 0.00855282 0.00243557 0.00046729 0 2.83206e-05
 0 0 0 0 0.000772559 0.00158375 0.000888443 0.00281984 0.00712685 0.0440552 0.0773331 0.111326 0.0921469 0.0852325 0.0710754 0.0886704 0.0786465 0.0553345 0.0373146 0.0185414 0.00753245 0.00457741 0.012979 0.0271748 0.0457355 0.0583668 0.034881 0.0177882 0.00938659 0.00492506 0.0015258 0.00185414 0.000309023 5.79419e-05 3.86279e-05 0
 0 0.00173294 0.00326652 0 0.00397197 0.00683976 0.00946217 0.0152591 0.00757587 0.0136028 0.0228656 0.0392903 0.0559909 0.0764795 0.0681675 0.0726916 0.0566044 0.0477403 0.0527397 0.0444891 0.0609904 0.0582453 0.0661739 0.0445044 0.0529084 0.0360697 0.0280645 0.0235558 0.0158879 0.00826598 0.00280645 0.00217768 0.000904811 0.00058276 9.20147e-05 0
 0 0 0 0 0 0 0 0 0 0 0 0 0 0 0 0 0 0 0 0 0 0 0 0 0 0 0 0 0 0 0 0 0 0 0 0
 0 0 0 0 0 0 0 0 0 0 0 0 0 0 0 0 0 0 0 0 0 0 0 0 0 0 0 0 0 0 0 0 0 0 0 0
 0 0 0 0 0 0 0 0 0 0 0 0 0 0 0 0 0 0 0 0 0 0 0 0 0 0 0 0 0 0 0 0 0 0 0 0
ppred_pel_tallas
 1.01869e-16 2.78941e-05 0.000163701 0.000778127 0.00299578 0.00934201 0.0235973 0.0482841 0.0800395 0.107501 0.117009 0.103272 0.0740622 0.0434989 0.021627 0.0104088 0.00685238 0.00741251 0.00990016 0.0133083 0.017139 0.0209949 0.0244638 0.0271511 0.0287557 0.0291332 0.0283226 0.0265226 0.0240321 0.0211743 0.0182316 0.0154076 0.0128198 0.0105158 0.00849967 0.00675602
 1.01701e-16 2.91847e-05 0.000171278 0.000814149 0.00313447 0.00977452 0.0246898 0.0505193 0.0837444 0.112475 0.122419 0.108039 0.0774617 0.0454564 0.0225266 0.0107166 0.00688565 0.007314 0.00970248 0.0129927 0.0166653 0.0203139 0.0235247 0.0259093 0.0271812 0.0272198 0.0260947 0.0240377 0.021378 0.0184609 0.0155784 0.0129285 0.0106094 0.00863923 0.00698721 0.00560419
 1.02247e-16 2.17673e-05 0.000127718 0.000607031 0.00233697 0.00728749 0.0184079 0.0376673 0.0624463 0.0838894 0.0913561 0.0807439 0.0581509 0.0346472 0.018142 0.010253 0.00873169 0.0108708 0.0149636 0.0201397 0.0258274 0.0314465 0.0363598 0.0399623 0.0418092 0.0417174 0.0398028 0.0364375 0.0321469 0.027482 0.0229086 0.0187431 0.0151421 0.0121316 0.00965783 0.00763418
 1.02466e-16 2.74597e-05 0.000161151 0.000766005 0.00294911 0.00919647 0.0232297 0.0475318 0.0787925 0.105826 0.115185 0.101663 0.0729071 0.042819 0.0212865 0.0102416 0.00673976 0.00729262 0.00974808 0.0131189 0.0169206 0.0207682 0.0242619 0.0270179 0.0287408 0.0292859 0.0286838 0.0271182 0.0248679 0.022235 0.019482 0.0167971 0.0142885 0.0120012 0.00994263 0.0081063
 1.01925e-16 2.90539e-05 0.00017051 0.000810501 0.00312043 0.00973072 0.0245791 0.050293 0.0833691 0.111971 0.12187 0.107554 0.0771118 0.0452475 0.0224165 0.0106536 0.00683196 0.00724861 0.00961582 0.012882 0.0165335 0.0201696 0.0233826 0.0257891 0.0271057 0.0272117 0.0261726 0.0242133 0.0216542 0.0188312 0.0160278 0.0134359 0.0111504 0.00918874 0.00752214 0.00610527
 1.02629e-16 2.03284e-05 0.000119268 0.000566858 0.00218229 0.00680512 0.0171895 0.0351745 0.058315 0.0783435 0.0853274 0.0754411 0.0543878 0.0325172 0.0172322 0.0100642 0.00893439 0.0113307 0.0156632 0.021105 0.0270863 0.0330095 0.038212 0.0420624 0.0440943 0.044112 0.0422298 0.0388277 0.034445 0.0296485 0.0249177 0.0205793 0.0167961 0.0135985 0.0109359 0.0087256
 1.02455e-16 2.98925e-05 0.000175439 0.000833943 0.0032107 0.0100123 0.0252902 0.0517474 0.0857784 0.115202 0.125372 0.110611 0.0792296 0.0463423 0.0226854 0.0103283 0.00603179 0.00597446 0.00781144 0.0104985 0.0135764 0.0167279 0.0196385 0.0220053 0.0235906 0.0242694 0.0240494 0.0230551 0.0214847 0.019557 0.0174646 0.0153493 0.0132978 0.011355 0.0095421 0.0078724
 1.01948e-16 2.67815e-05 0.000157164 0.00074704 0.00287607 0.00896869 0.0226544 0.0463552 0.0768438 0.103214 0.112357 0.099201 0.0712164 0.041976 0.0211445 0.0106302 0.007583 0.00861138 0.0116058 0.0155631 0.0199379 0.0242563 0.0280209 0.0307646 0.0321475 0.0320342 0.0305222 0.0279069 0.0246008 0.0210325 0.0175605 0.0144235 0.011733 0.00949804 0.00766646 0.00616321
 1.01615e-16 3.00256e-05 0.000176216 0.000837632 0.00322489 0.0100565 0.025402 0.0519765 0.086159 0.115716 0.12594 0.111131 0.0796443 0.0466691 0.0230011 0.0107318 0.00661855 0.00682652 0.00899095 0.0120355 0.0154523 0.018861 0.0218798 0.0241491 0.0254015 0.0255198 0.0245601 0.0227273 0.0203171 0.0176422 0.0149698 0.0124842 0.0102815 0.00838622 0.00677874 0.00542191
 1.01355e-16 2.94655e-05 0.000172926 0.000821983 0.00316463 0.00986857 0.0249273 0.0510055 0.0845504 0.113558 0.123599 0.109083 0.0782152 0.0459091 0.0227701 0.0108634 0.00701886 0.00747997 0.00992244 0.0132717 0.0169945 0.0206694 0.0238678 0.026189 0.027341 0.0272062 0.0258669 0.0235751 0.0206848 0.0175654 0.0145284 0.0117842 0.00943448 0.007493 0.00591878 0.00464884
 1.01995e-16 2.29457e-05 0.000134638 0.000639934 0.00246366 0.00768258 0.0194059 0.039709 0.0658298 0.0884309 0.0962918 0.0850822 0.0612231 0.036373 0.0188538 0.0103522 0.0084789 0.0103665 0.0142138 0.0191194 0.0245172 0.0298507 0.0345134 0.03793 0.0396773 0.03958 0.0377472 0.0345315 0.0304319 0.0259725 0.0215976 0.0176105 0.014163 0.0112831 0.00892181 0.00699835
 1.0291e-16 2.35173e-05 0.000137999 0.000655928 0.00252526 0.00787469 0.0198911 0.0407013 0.0674729 0.0906322 0.0986731 0.0871494 0.0626303 0.0370482 0.0189101 0.0099186 0.0076007 0.00900531 0.0122969 0.0165938 0.021393 0.0262302 0.0306007 0.0340174 0.0361075 0.0366918 0.0358165 0.0337239 0.0307776 0.0273695 0.0238395 0.0204291 0.017275 0.01443 0.0118971 0.00965986
 1.01954e-16 3.1338e-05 0.000183925 0.000874287 0.00336604 0.0104967 0.0265138 0.054251 0.0899279 0.120773 0.131433 0.11595 0.0830386 0.0485377 0.0236984 0.0106825 0.00608523 0.00589041 0.00763083 0.0102056 0.0131316 0.016081 0.0187351 0.0207945 0.0220328 0.0223456 0.0217687 0.0204586 0.0186454 0.0165735 0.0144515 0.0124233 0.010565 0.00889936 0.00741862 0.00610476
 1.00752e-16 3.49645e-05 0.000205218 0.000975524 0.00375584 0.0117122 0.0295842 0.060533 0.10034 0.134751 0.146631 0.129326 0.0925479 0.0539548 0.0260782 0.0113032 0.00580125 0.00506633 0.00633291 0.00838005 0.0107015 0.0129885 0.0149605 0.0163625 0.0170115 0.0168377 0.0159 0.0143666 0.0124704 0.0104525 0.00851499 0.00679212 0.00534605 0.00418007 0.00326095 0.00254093
 1.00295e-16 3.71471e-05 0.000218035 0.00103646 0.00399048 0.012444 0.0314324 0.0643144 0.106606 0.143163 0.155774 0.137365 0.0982465 0.0571673 0.0274254 0.0115348 0.00540776 0.00424173 0.00509505 0.00668502 0.00850933 0.0102948 0.0118092 0.0128461 0.0132594 0.0129976 0.0121151 0.0107567 0.00911979 0.00740862 0.00579358 0.00438766 0.00324191 0.00235629 0.00169816 0.00122103
 1.00322e-16 3.34185e-05 0.000196137 0.000932341 0.00358955 0.0111937 0.0282744 0.0578535 0.0958997 0.128794 0.140162 0.123654 0.0885599 0.0517738 0.0252926 0.0114205 0.00652184 0.00630447 0.0081216 0.0107764 0.013725 0.0165872 0.018997 0.0206211 0.0212246 0.0207268 0.0192208 0.0169472 0.0142326 0.0114137 0.00877108 0.00648992 0.00465268 0.00325664 0.00224455 0.00153566
 1.00843e-16 2.81053e-05 0.000164935 0.000783987 0.00301832 0.00941229 0.0237749 0.0486478 0.0806439 0.108317 0.117908 0.104093 0.0747088 0.043995 0.0220878 0.0109818 0.00767709 0.008606 0.0115488 0.0154515 0.0197465 0.0239472 0.0275469 0.030073 0.0311848 0.0307532 0.0288896 0.0259106 0.0222547 0.0183787 0.0146676 0.011381 0.00864296 0.00646531 0.00478828 0.00352071
 1.01372e-16 2.89287e-05 0.000169774 0.000806997 0.00310693 0.00968864 0.0244728 0.0500756 0.0830091 0.111489 0.121348 0.1071 0.0768022 0.0450971 0.0224 0.0107424 0.0070161 0.00753755 0.0100282 0.0134344 0.0172313 0.021 0.0243113 0.0267607 0.028049 0.0280483 0.0268282 0.0246278 0.0217894 0.018675 0.0155936 0.0127592 0.010283 0.00819179 0.00645958 0.00503754
 1.01707e-16 2.66596e-05 0.000156448 0.000743636 0.00286296 0.00892782 0.0225511 0.0461439 0.0764937 0.102744 0.111845 0.09875 0.0708942 0.0417893 0.0210567 0.0105969 0.00757428 0.00861455 0.0116197 0.0155931 0.0199933 0.0243485 0.028162 0.0309651 0.0324128 0.0323619 0.0308999 0.0283122 0.0250028 0.021396 0.0178516 0.0146146 0.0118076 0.00945323 0.00751263 0.00592165
 1.01617e-16 3.01606e-05 0.00017701 0.000841404 0.00323942 0.0101018 0.0255164 0.0522106 0.0865469 0.116237 0.126505 0.111627 0.0799935 0.0468612 0.0230725 0.0107262 0.00656287 0.00672917 0.00884985 0.0118462 0.0152131 0.0185757 0.0215589 0.0238093 0.0250634 0.0252049 0.0242872 0.0225096 0.0201603 0.0175447 0.0149236 0.0124777 0.0103018 0.00842076 0.00681753 0.00545775
 1.01538e-16 2.78015e-05 0.000163154 0.00077552 0.00298573 0.00931065 0.0235181 0.0481224 0.0797725 0.107145 0.11663 0.102958 0.0738802 0.0434786 0.0217764 0.0107426 0.00740645 0.00823841 0.0110473 0.0148019 0.018959 0.0230611 0.0266325 0.0292267 0.030518 0.0303753 0.0288897 0.0263422 0.0231267 0.0196547 0.0162731 0.0132158 0.0105962 0.00842948 0.0066701 0.0052482
 1.0197e-16 2.60527e-05 0.000152885 0.000726699 0.00279775 0.00872445 0.0220375 0.0450929 0.0747516 0.100405 0.109301 0.0965076 0.0692937 0.0408649 0.0206265 0.01044 0.00753897 0.00863064 0.0116685 0.0156801 0.020135 0.0245671 0.028483 0.0314137 0.0330107 0.0331224 0.0318241 0.0293868 0.0261995 0.022674 0.0191617 0.0159053 0.0130308 0.0105696 0.00849468 0.00675521
 1.02052e-16 2.80199e-05 0.000164439 0.000781634 0.00300928 0.00938411 0.0237036 0.0485017 0.0804004 0.107986 0.117537 0.103741 0.0744025 0.0437071 0.0217455 0.0104896 0.00693402 0.0075163 0.0100342 0.0134705 0.0173173 0.0211669 0.0245982 0.0272116 0.0287077 0.0289517 0.0279995 0.0260708 0.0234854 0.0205827 0.0176525 0.0148962 0.0124198 0.0102532 0.00838072 0.0067689
 1.01944e-16 2.72855e-05 0.000160125 0.000761121 0.00293029 0.00913778 0.0230815 0.0472289 0.0782914 0.105156 0.114465 0.101048 0.0725107 0.0426759 0.0213808 0.0105593 0.00729779 0.0081352 0.010925 0.0146595 0.0188111 0.0229349 0.0265672 0.0292698 0.030719 0.030778 0.0295233 0.027215 0.024223 0.0209359 0.0176827 0.0146874 0.0120619 0.00982776 0.00795192 0.00638009
 1.03798e-16 1.20716e-05 7.07816e-05 0.00033632 0.00129461 0.0040369 0.0101974 0.0208692 0.0346076 0.0465215 0.0507417 0.0450363 0.0328463 0.0203964 0.0121937 0.00928517 0.0105766 0.0146799 0.0206704 0.0279496 0.0359222 0.043841 0.0508425 0.0560948 0.0589777 0.0592221 0.0569624 0.0526799 0.047066 0.0408505 0.0346544 0.0289047 0.0238206 0.0194538 0.0157541 0.0126308
pSPR Fmed_Fpbrs
0.467169   0.34951 0.34951
Fs Fmed_Fpbrs
0.609391   1.005 1.005
SSBpbr Bo_Bmed_Bpbrs
822725  343216  246414 246414
Ro
30946
SPR SPRFo_SPRFmed_SPRFpbrs
637783 297953 222911
log_Ro
10.16
likeval ReclasPelacesDesembMPH_pf_preclas_ppelaces_ptallas_desvR_qrecl_qpela
 65.6322 13.8934 0.0183809 0.000193402 287.608 188.05 70.9232 0 17.4571 1.04006e-06 0.000119447 0 0 0 0
q_reclas_q_pelaces
0.865443 4.73459
M
0.7
N
 33825.9 12312.6 4754.77 578.381 0.203286
 43440.2 15370.7 3314.17 1279.84 155.737
 18085.8 19691.5 4068.37 877.203 379.972
 26029.9 7577.51 3027.31 625.456 193.274
 52847.3 12361 2764.34 1104.39 298.68
 33714.4 26027.6 5798.72 1296.79 658.197
 70690 15500.2 7594.13 1691.9 570.41
 69410.1 33251.4 5295.44 2594.44 772.892
 90514.4 31302.7 8495.06 1352.88 860.286
 119757 40278.4 7292.64 1979.11 515.604
 67773.1 55104.6 11820.8 2140.22 732.14
 46693.5 29499.1 11021.3 2364.24 574.494
 48623.4 20525.5 6315.86 2359.71 629.194
 26833.1 19844.6 2633.09 810.222 383.427
 14216.5 9257.63 798.672 105.972 48.04
 12094.3 4761.1 303.478 26.1816 5.04874
 9216.84 5064.73 729.454 46.4963 4.78484
 10544.5 4007.3 1005.27 144.785 10.1785
 10847.4 4750.61 1016.74 255.059 39.3177
 16681.9 4982.05 1376.44 294.589 85.2922
 22885.4 7614.4 1383.12 382.126 105.463
 28322.3 10920.4 2871.83 521.654 183.898
 41573.3 13401.4 3886.22 1022 251.084
 52598.2 19451.8 4413.63 1279.89 419.277
 15873.8 24548.6 6296.4 1428.66 550.008
pred_Ctot
 2076.81 4198.95 1621.52 197.245 0.0693263
 2737.4 5350.28 1153.6 445.489 54.2094
 2052.76 10434.7 2155.85 464.835 201.349
 820.39 1471.96 588.064 121.497 37.544
 312.356 493.419 110.345 44.0841 11.9225
 1806.59 7958.07 1772.99 396.499 201.247
 2690.81 3553.62 1741.06 387.892 130.774
 4609.61 12057.2 1920.16 940.762 280.256
 6805.74 12473.4 3385.09 539.091 342.804
 6349.23 12208.8 2210.48 599.888 156.285
 6064.78 24909.5 5343.46 967.466 330.956
 3882.03 12654.3 4727.84 1014.19 246.442
 6299.71 11793.3 3628.88 1355.81 361.514
 6014.69 14896.1 1976.5 608.185 287.816
 3404.88 7120.3 614.281 81.5061 36.9489
 1376.43 2527.25 161.09 13.8975 2.67993
 831.318 2302.16 331.572 21.1348 2.17494
 707.238 1464.23 367.316 52.9032 3.71913
 588.646 1467.52 314.082 78.7905 12.1457
 974.412 1633.07 451.183 96.5635 27.958
 644.782 1337.96 243.034 67.1453 18.5314
 962.941 2268.44 596.552 108.361 38.2003
 1733.56 3323.18 963.677 253.427 62.262
 2283.17 4991.3 1132.53 328.418 107.586
 627.391 5813.96 1491.21 338.356 130.261
F
 0.0887613 0.612415 0.612415 0.612415 0.612415
 0.0911976 0.629224 0.629224 0.629224 0.629224
 0.16994 1.17252 1.17252 1.17252 1.17252
 0.0446958 0.308382 0.308382 0.308382 0.308382
 0.00824863 0.056912 0.056912 0.056912 0.056912
 0.0770748 0.531783 0.531783 0.531783 0.531783
 0.0542068 0.374004 0.374004 0.374004 0.374004
 0.0963266 0.664612 0.664612 0.664612 0.664612
 0.109694 0.756839 0.756839 0.756839 0.756839
 0.0762303 0.525957 0.525957 0.525957 0.525957
 0.131805 0.909399 0.909399 0.909399 0.909399
 0.121935 0.841296 0.841296 0.841296 0.841296
 0.196173 1.35351 1.35351 1.35351 1.35351
 0.364187 2.51274 2.51274 2.51274 2.51274
 0.393922 2.71789 2.71789 2.71789 2.71789
 0.170436 1.17594 1.17594 1.17594 1.17594
 0.132913 0.917044 0.917044 0.917044 0.917044
 0.0973274 0.671518 0.671518 0.671518 0.671518
 0.0780884 0.538776 0.538776 0.538776 0.538776
 0.0842807 0.581501 0.581501 0.581501 0.581501
 0.0398707 0.275091 0.275091 0.275091 0.275091
 0.0482919 0.333193 0.333193 0.333193 0.333193
 0.0595199 0.410662 0.410662 0.410662 0.410662
 0.0620271 0.427961 0.427961 0.427961 0.427961
 0.0563367 0.388699 0.388699 0.388699 0.388699
nmprior
 10 11 7 0
nm_flota  nm_reclas  nm_pelaces    nm_pelaL
inf 22.5477 13.313 22.3424
cv_recla  cv_pelaces  cv_mph
0.732796 0.4386 0.451199
 ------------------------------------------------
Talla a la edad & desviación 
 7.2 14.2025 17.0495 18.207 18.6776
 1.08 2.13037 2.55742 2.73105 2.80164
