years
 1997 1998 1999 2000 2001 2002 2003 2004 2005 2006 2007 2008 2009 2010 2011 2012 2013 2014 2015 2016 2017 2018 2019 2020 2021
reclasobs
 0 0 0 370054 412103 1.49427e+06 250295 1.28982e+06 931140 785840 897777 1.04006e+06 184774 17550 25797 100020 73551 82996 120727 218422 84188 347160 605670 569463 516374
reclaspred
 452475 134447 467083 334999 435615 510200 1.07613e+06 670525 683655 562007 426711 284725 173606 84578.2 63438.9 67117.7 85952 119853 128262 182940 260519 239914 419779 553066 640779
pelacesobs
 0 0 0 0 0 0 0 0 0 2.06254e+06 1.5e+06 0 1.87456e+06 323000 250000 174000 83755 137374 0 501740 490994 745055 786931 1.00524e+06 0
pelacespred
 1.86235e+06 510933 1.03224e+06 1.1465e+06 1.25631e+06 1.26088e+06 2.85575e+06 2.34942e+06 2.05692e+06 1.73257e+06 1.18994e+06 814332 493125 205739 150218 167768 222678 311710 346631 477493 748693 679271 935594 1.43906e+06 1.7443e+06
mphobs
 0 0 0 0 0 112323 0 153150 637223 0 255016 313432 73983 77613 109348 50772 0 0 0 0 0 0 0 0 0
mphpred
 176226 124146 165237 229901 217284 304940 455415 512676 411059 377276 320144 221454 136777 72744.5 38015.7 34381.3 42337.7 59718.9 75236.5 87223.9 128585 149908 190700 274276 411729
desembarqueobs
 350755 77701 442110 56441 14545 235359 269955 359681 431902 328805 639364 411747 362871 311530 167758 66681 60226 58785 57116 71774 51957 67425 138520 160799 200461
desembarquepred
 350768 77705.1 442154 56442.7 14545.2 235391 269980 359716 431983 328876 639798 412120 363391 312168 167873 66699.5 60245.9 58789.6 57116 71778.1 51958.8 67423.6 138525 160805 200462
Reclutas
 86649 108114 70711.6 101031 164329 121347 179179 148775 158210 141266 69121.4 41467.5 42218.4 25119.6 20645 27432.7 23707.2 27044.7 31218.9 54351 68484.8 90944.5 144915 190629 94777.4
log_desv_Rt
 0.189621 0.410943 -0.0136352 0.343184 0.829625 0.526407 0.916139 0.730187 0.791682 0.678403 -0.0363804 -0.547334 -0.529388 -1.0486 -1.24477 -0.960509 -1.10646 -0.974753 -0.83122 -0.276781 -0.0456335 0.238005 0.703903 0.978085 0.279286
SSB
 1.03578e+06 729681 971194 1.35126e+06 1.27711e+06 1.79231e+06 2.67674e+06 3.0133e+06 2.41603e+06 2.21747e+06 1.88167e+06 1.30162e+06 803917 427562 223440 202079 248844 351003 442208 512666 755767 881097 1.12085e+06 1.61208e+06 2.41997e+06
BT
 3.5659e+06 1.01132e+06 2.03934e+06 2.04129e+06 2.18849e+06 2.35817e+06 5.14617e+06 4.47228e+06 3.96092e+06 3.3165e+06 2.64267e+06 1.78859e+06 1.21191e+06 658956 405599 346499 436090 587185 648005 886751 1.3416e+06 1.23504e+06 1.71287e+06 2.62351e+06 3.16766e+06
Ftot
 0.27962 0.199689 0.265939 0.0484743 0.0107776 0.115634 0.0728141 0.150736 0.179858 0.159998 0.363326 0.341821 0.533327 0.917333 0.790398 0.305752 0.217846 0.145066 0.122298 0.123151 0.0607511 0.0788399 0.0925105 0.0882601 0.075114
BD_Bspro_t
 0.966395 0.840091 0.822717 0.74843 0.825757 0.898165 0.877071 0.877623 0.831757 0.789595 0.743378 0.599607 0.488325 0.375401 0.260864 0.284975 0.413 0.583787 0.688212 0.761075 0.836481 0.885517 0.89088 0.894632 0.89662
BD_Bspro
 0.701115 0.493915 0.657394 0.914658 0.864463 1.2132 1.81187 2.03968 1.63539 1.50099 1.27369 0.881054 0.544166 0.289413 0.151245 0.136786 0.16844 0.237591 0.299328 0.34702 0.511573 0.596408 0.758697 1.09121 1.63806
BD_Bo
 0.60833 0.428552 0.570395 0.793613 0.750061 1.05265 1.57209 1.76975 1.41897 1.30235 1.10513 0.764457 0.472152 0.251113 0.131229 0.118684 0.146149 0.206149 0.259715 0.301096 0.443872 0.51748 0.658292 0.946798 1.42128
BD_Brms
 2.17638 1.5332 2.04066 2.83926 2.68344 3.76598 5.62435 6.33152 5.07655 4.65934 3.95376 2.73495 1.68919 0.89839 0.469491 0.424606 0.522868 0.737525 0.929165 1.07721 1.58801 1.85136 2.35513 3.38729 5.08482
S_f
 0.210168 1 1 1 1
 0.210168 1 1 1 1
 0.210168 1 1 1 1
 0.210168 1 1 1 1
 0.210168 1 1 1 1
 0.210168 1 1 1 1
 0.210168 1 1 1 1
 0.210168 1 1 1 1
 0.210168 1 1 1 1
 0.210168 1 1 1 1
 0.210168 1 1 1 1
 0.210168 1 1 1 1
 0.210168 1 1 1 1
 0.210168 1 1 1 1
 0.210168 1 1 1 1
 0.210168 1 1 1 1
 0.210168 1 1 1 1
 0.210168 1 1 1 1
 0.210168 1 1 1 1
 0.210168 1 1 1 1
 0.210168 1 1 1 1
 0.210168 1 1 1 1
 0.210168 1 1 1 1
 0.210168 1 1 1 1
 0.210168 1 1 1 1
Scru_reclas
 1 1 1 1 1
 1 1 1 1 1
 1 1 1 1 1
 1 1 1 1 1
 1 1 1 1 1
 1 1 1 1 1
 1 1 1 1 1
 1 1 1 1 1
 1 1 1 1 1
 1 1 1 1 1
 1 1 1 1 1
 1 1 1 1 1
 1 1 1 1 1
 1 1 1 1 1
 1 1 1 1 1
 1 1 1 1 1
 1 1 1 1 1
 1 1 1 1 1
 1 1 1 1 1
 1 1 1 1 1
 1 1 1 1 1
 1 1 1 1 1
 1 1 1 1 1
 1 1 1 1 1
 1 1 1 1 1
Scru_pelaces
 0.971644 1 1 1 1
 0.971644 1 1 1 1
 0.971644 1 1 1 1
 0.971644 1 1 1 1
 0.971644 1 1 1 1
 0.971644 1 1 1 1
 0.971644 1 1 1 1
 0.971644 1 1 1 1
 0.971644 1 1 1 1
 0.971644 1 1 1 1
 0.971644 1 1 1 1
 0.971644 1 1 1 1
 0.971644 1 1 1 1
 0.971644 1 1 1 1
 0.971644 1 1 1 1
 0.971644 1 1 1 1
 0.971644 1 1 1 1
 0.971644 1 1 1 1
 0.971644 1 1 1 1
 0.971644 1 1 1 1
 0.971644 1 1 1 1
 0.971644 1 1 1 1
 0.971644 1 1 1 1
 0.971644 1 1 1 1
 0.971644 1 1 1 1
pf_obs 
 0.256992 0.487395 0.22802 0.0275931 0
 0.321318 0.546541 0.124235 0.00734118 0.000564706
 0.182869 0.594174 0.210203 0.0122559 0.00049798
 0.330522 0.361315 0.267642 0.0388342 0.00168674
 0.649043 0.306663 0.0425973 0.00169635 0
 0.582887 0.30429 0.105238 0.00758474 0
 0.465427 0.430635 0.0974691 0.00646863 0
 0.296916 0.608066 0.0921331 0.00288517 0
 0.311714 0.524322 0.152257 0.0117073 0
 0.15457 0.633149 0.183074 0.0267441 0.00246327
 0.131901 0.49318 0.331252 0.0422183 0.00144891
 0.196976 0.569456 0.194076 0.0375587 0.00193317
 0.518974 0.381816 0.0799577 0.0180837 0.00116848
 0.0928022 0.601141 0.25162 0.0475244 0.00691264
 0.122501 0.610282 0.24278 0.0234846 0.000952079
 0.383417 0.481906 0.127806 0.00687128 0
 0.0376549 0.599619 0.316969 0.0457579 0
 0.0361596 0.667082 0.258105 0.0386534 0
 0.158088 0.579412 0.248529 0.0139706 0
 0.0477256 0.309471 0.559284 0.082774 0.000745712
 0.0406174 0.521527 0.379366 0.0568643 0.0016247
 0.151134 0.462217 0.34131 0.0453401 0
 0.294876 0.26143 0.354403 0.0886775 0.000613685
 0.281977 0.475581 0.204845 0.0348837 0.00271318
 0 0 0 0 0
pf_pred 
 0.395165 0.427141 0.158934 0.0187498 9.36879e-06
 0.318389 0.531042 0.106334 0.0395655 0.00466995
 0.182888 0.578937 0.185561 0.037156 0.0154571
 0.261885 0.402706 0.237643 0.0761694 0.0215967
 0.306455 0.439013 0.138869 0.0819489 0.0337137
 0.181161 0.555755 0.166532 0.0526775 0.0438745
 0.256612 0.390785 0.239315 0.0717106 0.0415765
 0.191212 0.508833 0.157681 0.0965631 0.0457111
 0.21248 0.430077 0.224878 0.0696868 0.0628778
 0.194346 0.468757 0.183985 0.0962016 0.0567105
 0.117828 0.487083 0.229876 0.0902253 0.0749874
 0.116383 0.378593 0.278844 0.131599 0.0945806
 0.189068 0.342687 0.200623 0.147765 0.119857
 0.180652 0.480576 0.14316 0.0838118 0.111801
 0.251409 0.463129 0.167434 0.0498771 0.0681517
 0.339627 0.461346 0.123131 0.0445152 0.0313801
 0.236541 0.563081 0.139987 0.0373619 0.0230291
 0.247513 0.4659 0.211369 0.0525483 0.0226695
 0.247309 0.470756 0.174559 0.0791939 0.0281819
 0.329406 0.417622 0.158216 0.0586676 0.0360879
 0.284592 0.509181 0.128431 0.0486561 0.0291401
 0.278664 0.476352 0.174364 0.0439799 0.0266405
 0.316995 0.447775 0.15534 0.0568606 0.0230295
 0.289752 0.495084 0.141061 0.0489361 0.0251675
 0.128257 0.582961 0.201298 0.0573544 0.03013
pobs_RECLAS
 0 0 0 0 0
 0 0 0 0 0
 0 0 0 0 0
 0 0 0 0 0
 0.835266 0.146461 0.0176864 0.000547809 3.91292e-05
 0.385257 0.428462 0.181853 0.0044286 0
 0.867414 0.0963971 0.0333333 0.00285562 0
 0.441836 0.489002 0.0689373 0.000224442 0
 0.779404 0.147425 0.0564933 0.0165055 0.000172143
 0.814271 0.122319 0.05973 0.00367925 0
 0.40263 0.566651 0.0304383 0.000280538 0
 0.475488 0.404961 0.113038 0.00651328 0
 0.955842 0.0263864 0.0167828 0.000988607 0
 0.975058 0.0227948 0.00214734 0 0
 0.738997 0.206755 0.0527124 0.00153531 0
 0.850938 0.134255 0.0134407 0.00136685 0
 0.542534 0.407297 0.0501686 0 0
 0.764087 0.199537 0.0359546 0.000420521 0
 0.470689 0.182191 0.310203 0.0369168 0
 0.84361 0.089868 0.0606195 0.00523954 0.000663233
 0.607945 0.314616 0.071237 0.00620181 0
 0.523733 0.453247 0.0230204 0 0
 0.530135 0.295979 0.169645 0.0042399 0
 0.562478 0.366248 0.0663022 0.0049721 0
 0.250443 0.683176 0.0655157 0.000865301 0
ppred_RECLAS
 0.75951 0.169837 0.0631944 0.00745516 3.72515e-06
 0.691967 0.239988 0.0480541 0.0178804 0.00211044
 0.519448 0.340479 0.10913 0.0218518 0.00909049
 0.628541 0.202663 0.119595 0.0383326 0.0108686
 0.677782 0.203963 0.0645179 0.038073 0.0156632
 0.514284 0.329661 0.0987827 0.031247 0.0260253
 0.622396 0.198499 0.12156 0.0364254 0.0211188
 0.531324 0.294858 0.0913728 0.0559562 0.0264886
 0.564459 0.237856 0.12437 0.0385406 0.0347748
 0.536469 0.269698 0.105855 0.0553493 0.0326282
 0.393738 0.334742 0.15798 0.0620063 0.0515342
 0.390035 0.261345 0.192487 0.0908435 0.0652894
 0.534704 0.196627 0.115114 0.0847843 0.0687714
 0.530369 0.275455 0.0820558 0.048039 0.0640815
 0.62915 0.229433 0.0829463 0.024709 0.0337622
 0.713506 0.200149 0.0534188 0.0193124 0.0136139
 0.598663 0.296002 0.0735887 0.0196405 0.012106
 0.611916 0.240281 0.109011 0.027101 0.0116915
 0.611353 0.243072 0.0901326 0.0408913 0.0145516
 0.701655 0.185799 0.0703899 0.026101 0.0160554
 0.654973 0.245568 0.0619397 0.0234659 0.0140537
 0.648532 0.2321 0.084958 0.021429 0.0129805
 0.689288 0.203702 0.0706671 0.025867 0.0104766
 0.660964 0.236328 0.0673352 0.0233596 0.0120137
 0.412665 0.392769 0.135624 0.0386424 0.0203
pobs_PELACES
 0 0 0 0 0
 0 0 0 0 0
 0 0 0 0 0
 0 0 0 0 0
 0 0 0 0 0
 0 0 0 0 0
 0 0 0 0 0
 0 0 0 0 0
 0 0 0 0 0
 0 0 0 0 0
 0.450072 0.473896 0.0757376 0.000293798 0
 0 0 0 0 0
 0.463077 0.371075 0.160297 0.00555027 0
 0.529543 0.364841 0.0842815 0.0213345 0
 0.631943 0.363953 0.00410389 0 0
 0.735681 0.248677 0.0153453 0.000297389 0
 0.695825 0.281241 0.0229344 0 0
 0.275771 0.60734 0.115278 0.00161068 0
 0 0 0 0 0
 0.896147 0.0623911 0.0374545 0.00400742 0
 0.803859 0.145111 0.0509908 3.86294e-05 0
 0.739449 0.233085 0.0266225 0.000797448 4.60066e-05
 0.878498 0.100942 0.0204185 0.000141795 0
 0.694673 0.275183 0.0284847 0.00165964 0
 0 0 0 0 0
ppred_PELACES
 0.767475 0.164212 0.0611012 0.00720823 3.60177e-06
 0.696907 0.236139 0.0472834 0.0175936 0.00207659
 0.529561 0.333314 0.106834 0.0213919 0.00889919
 0.624767 0.204722 0.12081 0.038722 0.010979
 0.672088 0.207568 0.0656582 0.0387459 0.01594
 0.514627 0.329428 0.0987129 0.031225 0.0260069
 0.620093 0.19971 0.122301 0.0366476 0.0212476
 0.533944 0.29321 0.0908621 0.0556435 0.0263406
 0.568907 0.235427 0.123099 0.038147 0.0344197
 0.539685 0.267827 0.105121 0.0549653 0.0324018
 0.409582 0.325994 0.153851 0.0603858 0.0501874
 0.404479 0.255156 0.187929 0.0886923 0.0637433
 0.562 0.185092 0.108361 0.0798105 0.064737
 0.582235 0.245033 0.0729935 0.0427335 0.0570042
 0.669477 0.204484 0.0739266 0.0220221 0.0300909
 0.723802 0.192956 0.051499 0.0186183 0.0131246
 0.605375 0.291051 0.072358 0.019312 0.0119035
 0.614062 0.238953 0.108408 0.0269512 0.0116268
 0.612092 0.24261 0.0899613 0.0408135 0.0145239
 0.702352 0.185365 0.0702253 0.02604 0.0160179
 0.652045 0.247652 0.0624654 0.023665 0.0141729
 0.646657 0.233339 0.0854113 0.0215433 0.0130497
 0.68829 0.204356 0.070894 0.02595 0.0105102
 0.659672 0.237228 0.0675918 0.0234486 0.0120594
 0.41044 0.394257 0.136138 0.0387888 0.0203769
pobs_pel_tallas
 0 0 0 0 0 0 0 0 0 0 0 0 0 0 0 0 0 0 0 0 0 0 0 0 0 0 0 0 0 0 0 0 0 0 0 0
 0 0 0 0 0 0 0 0 0 0 0 0 0 0 0 0 0 0 0 0 0 0 0 0 0 0 0 0 0 0 0 0 0 0 0 0
 0 0 0 0 0 0 0 0 0 0 0 0 0 0 0 0 0 0 0 0 0 0 0 0 0 0 0 0 0 0 0 0 0 0 0 0
 0 0 0 0 0 0 0 0 0 0 0 0 0 0 0 0 0 0 0 0 0 0 0 0 0 0 0 0 0 0 0 0 0 0 0 0
 0 0 0 0 0 0 0 0 0 0 0 0 0 0 0 0 0 0 0 0 0 0 0 0 0 0 0 0 0 0 0 0 0 0 0 0
 0 0 0 0 0 0 0 0 0 0 0 0 0 0 0 0 0 0 0 0 0 0 0 0 0 0 0 0 0 0 0 0 0 0 0 0
 0 0 0 0 0 0 0 0 0 0 0 0 0 0 0 0 0 0 0 0 0 0 0 0 0 0 0 0 0 0 0 0 0 0 0 0
 0 0 0 0 0 0 0 0 0 0 0 0 0 0 0 0 0 0 0 0 0 0 0 0 0 0 0 0 0 0 0 0 0 0 0 0
 0 0 0 0 0 0 0 0 0 0 0 0 0 0 0 0 0 0 0 0 0 0 0 0 0 0 0 0 0 0 0 0 0 0 0 0
 0 0 0 0 0 0 0 0 0 0 0 0 0 0 0 0 0 0 0 0 0 0 0 0 0 0 0 0 0 0 0 0 0 0 0 0
 0 0 0 0 0 0 0 0 1.78061e-05 0.00172719 0.00360574 0.0105946 0.0120993 0.0124554 0.0147524 0.0171206 0.0266825 0.0428682 0.0675386 0.121331 0.153587 0.119568 0.100827 0.0573624 0.0630603 0.0341343 0.0324427 0.0444173 0.0211091 0.0280891 0.0125444 0.00206551 0 0 0 0
 0 0 0 0 0 0 0 0 0 0 0 0 0 0 0 0 0 0 0 0 0 0 0 0 0 0 0 0 0 0 0 0 0 0 0 0
 0 0 0 0 0 0 0.0133647 0.0140871 0.0187388 0.0205184 0.03894 0.0496705 0.03968 0.0493445 0.0407372 0.0367815 0.0215668 0.0243155 0.0234873 0.0199281 0.019796 0.0243948 0.0301388 0.0376714 0.0412746 0.0863199 0.0771752 0.113111 0.0741005 0.0525337 0.0229764 0.00759418 0.00175318 0 0 0
 0 0 0 0 0 0 0 0 0 0 0.00219441 0.00772107 0.0458388 0.0604681 0.0671733 0.0775358 0.0609151 0.0617685 0.073594 0.0568108 0.0755445 0.0548602 0.0670107 0.0636378 0.0643287 0.046367 0.0373049 0.0286899 0.0247887 0.0153202 0.00654259 0.00121912 0.000365735 0 0 0
 0 0 0 0 0 0 0 0 0 0 0 0 0.000112435 0.00938835 0.0111873 0.0202946 0.0414886 0.0713402 0.111592 0.104902 0.108894 0.110636 0.117776 0.105296 0.107544 0.0401394 0.0192827 0.0124803 0.00416011 0.0028671 0.000618394 0 0 0 0 0
 0 0 0 0 0 0 0 0 0 0 0.00291406 0.0102884 0.027416 0.0768956 0.0749926 0.110853 0.0956884 0.0897413 0.0766577 0.0534642 0.0500743 0.0551293 0.0594112 0.0620874 0.0668451 0.0424026 0.0208742 0.0120726 0.0048766 0.00582813 0.00118941 0.000297354 0 0 0 0
 0 0.00264628 0.0354308 0.0461629 0.0458689 0.0383711 0.0214643 0.0164657 0.0346957 0.0420465 0.0363128 0.0245516 0.0311673 0.0291091 0.0169068 0.0133784 0.00837989 0.0085269 0.0148486 0.0160247 0.0276389 0.0546898 0.0760071 0.122758 0.109233 0.0665981 0.0333725 0.0166128 0.00676272 0.00308733 0.000882094 0 0 0 0 0
 0 0 0 0 0 0 0 0.000805153 0.000690131 0.00759144 0.0133425 0.0154129 0.00931677 0.000345066 0.00356568 0.00563607 0.00851162 0.0253048 0.0502646 0.0516448 0.0657925 0.0565908 0.0611916 0.0827007 0.0866115 0.110766 0.145733 0.0935128 0.0569358 0.0249597 0.0138026 0.00621118 0.00161031 0.00115022 0 0
 0 0 0 0 0 0 0 0 0 0 0 0 0 0 0 0 0 0 0 0 0 0 0 0 0 0 0 0 0 0 0 0 0 0 0 0
 0.00147267 0.00158595 0.00478618 0.00569244 0.00954404 0.0108468 0.00647125 0.017049 0.0510054 0.094081 0.124002 0.0959785 0.0687766 0.0820023 0.061753 0.0591476 0.0492212 0.0479892 0.0443925 0.0268479 0.0217502 0.0140895 0.0121071 0.0120363 0.00920419 0.00665534 0.0049561 0.00860946 0.00930331 0.0156896 0.0114698 0.00855282 0.00243557 0.00046729 0 2.83206e-05
 0 0 0 0 0.000772559 0.00158375 0.000888443 0.00281984 0.00712685 0.0440552 0.0773331 0.111326 0.0921469 0.0852325 0.0710754 0.0886704 0.0786465 0.0553345 0.0373146 0.0185414 0.00753245 0.00457741 0.012979 0.0271748 0.0457355 0.0583668 0.034881 0.0177882 0.00938659 0.00492506 0.0015258 0.00185414 0.000309023 5.79419e-05 3.86279e-05 0
 0 0.00173294 0.00326652 0 0.00397197 0.00683976 0.00946217 0.0152591 0.00757587 0.0136028 0.0228656 0.0392903 0.0559909 0.0764795 0.0681675 0.0726916 0.0566044 0.0477403 0.0527397 0.0444891 0.0609904 0.0582453 0.0661739 0.0445044 0.0529084 0.0360697 0.0280645 0.0235558 0.0158879 0.00826598 0.00280645 0.00217768 0.000904811 0.00058276 9.20147e-05 0
 0 0 0 0 0 0 0 0 0 0 0 0 0 0 0 0 0 0 0 0 0 0 0 0 0 0 0 0 0 0 0 0 0 0 0 0
 0 0 0 0 0 0 0 0 0 0 0 0 0 0 0 0 0 0 0 0 0 0 0 0 0 0 0 0 0 0 0 0 0 0 0 0
 0 0 0 0 0 0 0 0 0 0 0 0 0 0 0 0 0 0 0 0 0 0 0 0 0 0 0 0 0 0 0 0 0 0 0 0
ppred_pel_tallas
 1.01169e-16 3.3485e-05 0.000196532 0.000934229 0.00359684 0.0112164 0.0283318 0.0579705 0.0960922 0.129048 0.140427 0.12386 0.0886482 0.0517058 0.0250381 0.0109353 0.00573854 0.00514122 0.00650351 0.00866333 0.0111399 0.0136367 0.0158781 0.0176061 0.0186249 0.018842 0.0182847 0.0170851 0.0154404 0.0135634 0.0116397 0.00980249 0.00812781 0.00664532 0.00535561 0.00424637
 1.0145e-16 3.04107e-05 0.000178477 0.00084838 0.00326628 0.0101855 0.025728 0.0526434 0.0872646 0.117201 0.127556 0.112556 0.0806643 0.0472639 0.0232885 0.0108552 0.00667796 0.00687036 0.00903406 0.0120752 0.0154757 0.0188473 0.0218021 0.0239776 0.0251078 0.0250829 0.0239714 0.0219942 0.0194633 0.0167055 0.0139965 0.011523 0.00937637 0.00757157 0.00607658 0.0048412
 1.02777e-16 2.31177e-05 0.000135651 0.000644761 0.00248226 0.00774059 0.0195524 0.0400084 0.066325 0.0890925 0.0970027 0.0856878 0.0616098 0.0365046 0.018743 0.0100087 0.00788033 0.00946262 0.0129489 0.017459 0.0224723 0.0274955 0.0319913 0.0354438 0.037463 0.0378697 0.0367288 0.0343159 0.0310357 0.0273202 0.0235405 0.0199562 0.0167076 0.0138393 0.0113385 0.00916975
 1.03626e-16 2.72639e-05 0.000160005 0.000760568 0.00292819 0.00913123 0.0230648 0.0471943 0.0782319 0.10507 0.114354 0.100909 0.0723239 0.0423904 0.0209149 0.00980233 0.00611772 0.00639348 0.00850217 0.0114913 0.0149276 0.018492 0.0218563 0.0246981 0.0267567 0.0278837 0.0280639 0.0274006 0.0260733 0.0242845 0.0222153 0.020002 0.0177348 0.0154707 0.0132523 0.0111204
 1.03076e-16 2.93273e-05 0.000172119 0.000818159 0.00314993 0.00982273 0.0248115 0.0507681 0.0841554 0.113024 0.123006 0.108532 0.0777619 0.0455257 0.0223632 0.0103116 0.00619903 0.00627977 0.00825102 0.0110784 0.0142934 0.0175605 0.0205455 0.0229307 0.024474 0.0250591 0.024715 0.0235953 0.0219282 0.0199551 0.017879 0.015837 0.0138986 0.0120835 0.0103866 0.00879922
 1.03797e-16 2.24663e-05 0.000131828 0.000626584 0.00241227 0.00752235 0.0190011 0.0388805 0.0644553 0.0865815 0.0942703 0.0832777 0.0598849 0.0354986 0.0182563 0.00979739 0.00777258 0.00937178 0.0128421 0.0173292 0.0223268 0.027353 0.0318823 0.0354096 0.0375534 0.0381379 0.0372249 0.0350798 0.0320912 0.0286699 0.0251635 0.021809 0.0187278 0.0159513 0.013461 0.0112239
 1.04054e-16 2.70599e-05 0.000158808 0.000754877 0.00290628 0.00906292 0.0228923 0.0468412 0.0776465 0.104283 0.113497 0.100152 0.0717776 0.0420635 0.0207414 0.00970094 0.00602873 0.0062834 0.00835513 0.0113022 0.0146999 0.0182388 0.0216007 0.0244718 0.026597 0.0278283 0.0281456 0.0276417 0.0264824 0.0248553 0.0229278 0.0208254 0.0186313 0.0164001 0.0141754 0.0120029
 1.04529e-16 2.33071e-05 0.000136767 0.000650075 0.00250273 0.00780445 0.0197136 0.0403381 0.0668702 0.0898211 0.097786 0.0863563 0.0620394 0.0366566 0.0186329 0.00964832 0.00724543 0.00849565 0.011582 0.0156416 0.0201973 0.0248196 0.0290453 0.0324276 0.0346257 0.0354761 0.0350201 0.0334741 0.0311593 0.0284144 0.0255231 0.0226754 0.0199664 0.0174208 0.0150298 0.0127805
 1.04744e-16 2.48294e-05 0.00014571 0.000692599 0.00266648 0.0083151 0.0210034 0.0429767 0.0712421 0.0956868 0.104154 0.0919381 0.0659579 0.0387883 0.0193784 0.00948678 0.00646525 0.00717517 0.00968522 0.013114 0.0170289 0.0210797 0.0248947 0.0281087 0.0304298 0.0316968 0.0319023 0.0311737 0.0297225 0.0277815 0.025553 0.0231819 0.0207554 0.0183214 0.0159118 0.0135608
 1.04983e-16 2.35564e-05 0.000138233 0.000657049 0.00252959 0.00788823 0.0199252 0.0407708 0.0675868 0.0907812 0.098825 0.0872588 0.0626552 0.0369551 0.0186646 0.00947107 0.00688081 0.00792882 0.0107826 0.0145868 0.01889 0.0233008 0.0273981 0.0307722 0.0331039 0.034229 0.0341643 0.033082 0.0312483 0.0289479 0.0264211 0.0238316 0.0212665 0.0187587 0.0163185 0.0139576
 1.06711e-16 1.78858e-05 0.000104936 0.000498738 0.00192003 0.00598732 0.0151238 0.0309472 0.0513059 0.0689251 0.0750641 0.0663545 0.0478101 0.028532 0.015028 0.00864169 0.00754607 0.00954377 0.0132652 0.0180321 0.0234114 0.0289573 0.034164 0.0385306 0.0416595 0.0433358 0.0435594 0.0425158 0.0405053 0.0378537 0.0348399 0.031658 0.0284186 0.0251753 0.0219595 0.0188078
 1.08777e-16 1.76604e-05 0.000103619 0.000492493 0.00189601 0.00591243 0.0149345 0.0305594 0.0506613 0.0680538 0.0741011 0.0654697 0.0470999 0.0279632 0.0144655 0.00791078 0.00647575 0.00798348 0.0110971 0.0151935 0.0199257 0.024961 0.0299166 0.0343984 0.0380708 0.0407155 0.0422574 0.0427481 0.0423195 0.041129 0.0393152 0.0369818 0.0342043 0.0310527 0.0276132 0.0239995
 1.07366e-16 2.4526e-05 0.000143933 0.000684166 0.00263403 0.00821393 0.0207478 0.0424533 0.0703731 0.0945156 0.102869 0.0907784 0.0650712 0.038157 0.0188603 0.0089002 0.0056449 0.00598627 0.008025 0.0109218 0.0143067 0.0179132 0.0214644 0.0246825 0.027336 0.0292795 0.0304708 0.0309555 0.0308312 0.0302051 0.029162 0.0277537 0.0260075 0.0239467 0.0216113 0.0190698
 1.05248e-16 2.54108e-05 0.000149122 0.000708823 0.00272894 0.00850989 0.0214954 0.0439835 0.072911 0.0979283 0.106594 0.0940909 0.0675009 0.0396922 0.0198224 0.00968879 0.006577 0.0072687 0.00977888 0.0131952 0.0170642 0.021019 0.0246763 0.0276682 0.0297137 0.0306764 0.0305867 0.0296154 0.0280153 0.0260487 0.0239288 0.0217902 0.0196908 0.0176362 0.0156116 0.0136091
 1.03279e-16 2.92133e-05 0.00017145 0.00081498 0.00313769 0.00978456 0.0247151 0.0505708 0.0838283 0.112584 0.122527 0.108109 0.0774568 0.0453433 0.0222668 0.0102561 0.00615152 0.00622233 0.00817597 0.0109844 0.0141842 0.0174454 0.0204386 0.0228501 0.0244392 0.0250877 0.0248196 0.0237812 0.0221925 0.0202873 0.0182631 0.0162542 0.01433 0.0125123 0.0107993 0.00918566
 1.02047e-16 3.15817e-05 0.000185356 0.00088109 0.00339223 0.0105784 0.0267201 0.0546731 0.0906276 0.121713 0.132454 0.11685 0.0836784 0.0489032 0.0238607 0.010728 0.00607135 0.00584153 0.00755054 0.0100883 0.0129691 0.0158651 0.0184598 0.0204569 0.0216349 0.0218949 0.0212783 0.0199471 0.0181352 0.0160889 0.0140158 0.0120563 0.0102807 0.00870399 0.00731043 0.0060748
 1.02342e-16 2.64218e-05 0.000155053 0.000737009 0.00283745 0.00884826 0.0223502 0.0457326 0.0758116 0.101827 0.110845 0.0978612 0.0702444 0.0413829 0.0208091 0.0104032 0.00735217 0.00831136 0.0112051 0.0150548 0.0193388 0.0236089 0.0273938 0.0302463 0.0318343 0.0320137 0.0308565 0.0286198 0.0256722 0.0224019 0.0191372 0.0161023 0.0134096 0.0110832 0.00909384 0.00739302
 1.03087e-16 2.67985e-05 0.00015727 0.000747556 0.00287808 0.00897496 0.0226701 0.046387 0.0768947 0.103277 0.112411 0.0992153 0.0711534 0.0417924 0.020783 0.0100121 0.0066086 0.00717147 0.00960521 0.0129522 0.0167462 0.0206175 0.0241808 0.0270626 0.0289716 0.0297574 0.0294356 0.0281668 0.0262021 0.0238161 0.0212487 0.0186731 0.0161921 0.0138546 0.0116795 0.00967656
 1.03438e-16 2.67127e-05 0.000156766 0.000745159 0.00286885 0.00894618 0.0225975 0.0462383 0.0766483 0.102946 0.112052 0.0989001 0.0709314 0.0416698 0.0207363 0.0100128 0.00663786 0.00722129 0.00967272 0.0130344 0.0168369 0.0207064 0.0242544 0.0271068 0.0289754 0.0297172 0.0293583 0.0280708 0.0261156 0.0237726 0.0212804 0.0188049 0.0164363 0.0142082 0.0121255 0.0101868
 1.02701e-16 3.06461e-05 0.000179864 0.000854982 0.00329171 0.0102649 0.0259283 0.053053 0.087942 0.118106 0.12853 0.113388 0.0812013 0.0474593 0.023164 0.0104298 0.00592801 0.00573375 0.0074391 0.00997479 0.0128782 0.0158394 0.0185571 0.0207449 0.0221823 0.0227598 0.0224971 0.0215251 0.0200427 0.0182631 0.0163683 0.0144845 0.0126803 0.0109811 0.00939024 0.0079066
 1.02443e-16 2.8455e-05 0.000166994 0.000793786 0.00305607 0.00953003 0.0240722 0.0492557 0.0816499 0.109663 0.119359 0.10534 0.0755297 0.0443302 0.0219828 0.0104831 0.00677153 0.00722502 0.00960605 0.0128871 0.0165661 0.0202502 0.0235376 0.0260491 0.0275016 0.0277706 0.0269128 0.0251405 0.022759 0.0200889 0.0174005 0.0148765 0.0126073 0.0106113 0.0088653 0.00733309
 1.02639e-16 2.82195e-05 0.000165613 0.000787222 0.0030308 0.00945124 0.0238732 0.0488484 0.0809743 0.108754 0.118368 0.10446 0.0748873 0.04393 0.0217421 0.0102994 0.00656597 0.00694911 0.00923491 0.012415 0.0160078 0.0196437 0.0229441 0.0255474 0.0271768 0.0276988 0.0271463 0.0256962 0.0236139 0.0211842 0.0186519 0.0161887 0.0138894 0.0117884 0.00988599 0.00817146
 1.02456e-16 3.00337e-05 0.000176267 0.000837877 0.00322585 0.0100595 0.0254095 0.0519916 0.0861834 0.115746 0.125967 0.11114 0.0796192 0.0465908 0.0228448 0.0104631 0.00619304 0.00619469 0.00810777 0.0108739 0.0140177 0.0172033 0.0200981 0.022386 0.023826 0.0243023 0.0238443 0.0226069 0.0208212 0.0187343 0.0165573 0.0144368 0.012452 0.01063 0.00896927 0.00745998
 1.02407e-16 2.87871e-05 0.000168945 0.000803063 0.0030918 0.00964144 0.0243536 0.0498314 0.0826037 0.110943 0.120749 0.106559 0.0763883 0.0448023 0.0221579 0.0104685 0.00663389 0.00698516 0.00925955 0.0124241 0.0159839 0.0195599 0.0227669 0.02524 0.0267049 0.0270377 0.0262865 0.024648 0.0224083 0.0198697 0.0172886 0.0148402 0.0126146 0.0106347 0.00888507 0.00733813
 1.04346e-16 1.7926e-05 0.000105166 0.000499816 0.00192416 0.00600017 0.0151563 0.0310142 0.0514189 0.0690826 0.0752503 0.0665541 0.0480299 0.0288151 0.015453 0.00931479 0.00859132 0.0110904 0.0154269 0.020877 0.0269281 0.0330258 0.0385436 0.0428732 0.0455506 0.0463547 0.045347 0.042833 0.0392676 0.0351367 0.0308568 0.0267182 0.0228781 0.0193898 0.0162477 0.0134271
pSPR Fmed_Fpbrs
0.770414   0.329514 0.329514
Fs Fmed_Fpbrs
0.155091   1.005 1.005
SSBpbr Bo_Bmed_Bpbrs
1.70267e+06  1.22663e+06  475920 475920
Ro
71682.4
SPR SPRFo_SPRFmed_SPRFpbrs
1.47734e+06 1.13816e+06 486805
log_Ro
11
likeval ReclasPelacesDesembMPH_pf_preclas_ppelaces_ptallas_desvR_qrecl_qpela
 63.3166 23.9256 0.0416146 0.000223596 292.391 204.619 71.7424 0 17.2655 0.000120345 9.34462e-08 0 0 0 0
q_reclas_q_pelaces
0.21129 1.04445
M
0.7
N
 86649 21638.1 8051.3 949.828 0.474605
 108114 40572.8 8124.12 3022.89 356.795
 70711.6 51481.4 16500.8 3304.05 1374.51
 101031 33205.6 19595.1 6280.64 1780.78
 164329 49662 15709.2 9270.22 3813.76
 121347 81418.7 24397.1 7717.31 6427.66
 179179 58812.2 36016.3 10792.3 6257.15
 148775 87626.3 27154.3 16629.2 7871.92
 158210 71575.4 37425.2 11597.6 10464.4
 141266 75650.7 29692.5 15525.5 9152.25
 69121.4 67831.1 32012.6 12564.8 10442.7
 41467.5 31801.2 23422.5 11054.1 7944.62
 42218.4 19164.7 11219.8 8263.71 6702.97
 25119.6 18742 5583.1 3268.58 4360.12
 20645 10286.7 3718.93 1107.84 1513.74
 27432.7 8682.9 2317.42 837.812 590.598
 23707.2 12774.8 3175.94 847.642 522.468
 27044.7 11245.8 5101.99 1268.4 547.193
 31218.9 13026.7 4830.4 2191.45 779.85
 54351 15109.5 5724.22 2122.58 1305.65
 68484.8 26300.3 6633.75 2513.2 1505.15
 90944.5 33577.1 12290.5 3100.05 1877.83
 144915 44419.6 15409.8 5640.6 2284.54
 190629 70577 20109 6976.12 3587.77
 94777.4 92923.9 32086.8 9142.27 4802.71
pred_Ctot
 3568.64 3857.4 1435.29 169.324 0.0846071
 3203.34 5342.86 1069.83 398.072 46.9848
 2773.25 8778.79 2813.78 563.419 234.386
 736.897 1133.14 668.684 214.327 60.7691
 267.421 383.096 121.181 71.511 29.4195
 2098.22 6436.77 1928.78 610.112 508.156
 1958.67 2982.79 1826.65 547.353 317.345
 3342.53 8894.79 2756.39 1688 799.065
 4229.85 8561.57 4476.65 1387.26 1251.71
 3365.96 8118.62 3186.52 1666.16 982.194
 3670.65 15173.9 7161.25 2810.76 2336.05
 2075.86 6752.75 4973.58 2347.26 1686.98
 3240.32 5873.09 3438.36 2532.44 2054.15
 3203.07 8520.93 2538.32 1486.04 1982.3
 2294.26 4226.33 1527.94 455.159 621.926
 1232.44 1674.13 446.818 161.537 113.872
 765.014 1821.1 452.743 120.835 74.4801
 585.066 1101.28 499.629 124.212 53.5857
 570.57 1086.09 402.728 182.709 65.0189
 1000.19 1268.04 480.397 178.135 109.575
 625.307 1118.78 282.19 106.907 64.0268
 1075.82 1839.02 673.156 169.791 102.849
 2008.96 2837.79 984.471 360.356 145.95
 2522.27 4309.68 1227.93 425.987 219.082
 1068.55 4856.82 1677.07 477.836 251.022
F
 0.0587671 0.27962 0.27962 0.27962 0.27962
 0.0419682 0.199689 0.199689 0.199689 0.199689
 0.0558917 0.265939 0.265939 0.265939 0.265939
 0.0101877 0.0484743 0.0484743 0.0484743 0.0484743
 0.00226511 0.0107776 0.0107776 0.0107776 0.0107776
 0.0243025 0.115634 0.115634 0.115634 0.115634
 0.0153032 0.0728141 0.0728141 0.0728141 0.0728141
 0.0316799 0.150736 0.150736 0.150736 0.150736
 0.0378003 0.179858 0.179858 0.179858 0.179858
 0.0336264 0.159998 0.159998 0.159998 0.159998
 0.0763594 0.363326 0.363326 0.363326 0.363326
 0.0718399 0.341821 0.341821 0.341821 0.341821
 0.112088 0.533327 0.533327 0.533327 0.533327
 0.192794 0.917333 0.917333 0.917333 0.917333
 0.166116 0.790398 0.790398 0.790398 0.790398
 0.0642593 0.305752 0.305752 0.305752 0.305752
 0.0457842 0.217846 0.217846 0.217846 0.217846
 0.0304882 0.145066 0.145066 0.145066 0.145066
 0.0257032 0.122298 0.122298 0.122298 0.122298
 0.0258823 0.123151 0.123151 0.123151 0.123151
 0.0127679 0.0607511 0.0607511 0.0607511 0.0607511
 0.0165696 0.0788399 0.0788399 0.0788399 0.0788399
 0.0194427 0.0925105 0.0925105 0.0925105 0.0925105
 0.0185494 0.0882601 0.0882601 0.0882601 0.0882601
 0.0157865 0.075114 0.075114 0.075114 0.075114
nmprior
 10 11 7 0
nm_flota  nm_reclas  nm_pelaces    nm_pelaL
inf 11.8273 20.1077 36.6468
cv_recla  cv_pelaces  cv_mph
0.719754 0.575567 0.485144
 ------------------------------------------------
Talla a la edad & desviación 
 7.2 14.2025 17.0495 18.207 18.6776
 1.08 2.13037 2.55742 2.73105 2.80164
