years
 1997 1998 1999 2000 2001 2002 2003 2004 2005 2006 2007 2008 2009 2010 2011 2012 2013 2014 2015 2016 2017 2018 2019 2020 2021
reclasobs
 0 0 0 370054 412103 1.49427e+06 250295 1.28982e+06 931140 785840 897777 1.04006e+06 184774 17550 25797 100020 73551 82996 120727 218422 84188 347160 605670 569463 516374
reclaspred
 375394 96674.9 263440 199961 324795 383884 857135 594334 707293 698160 562512 378171 232949 106328 73287.4 74309.7 92098.1 122840 125820 187788 280302 253876 420951 500116 488965
pelacesobs
 0 0 0 0 0 0 0 0 0 2.06254e+06 1.5e+06 0 1.87456e+06 323000 250000 174000 83755 137374 0 501740 490994 745055 786931 1.00524e+06 0
pelacespred
 864777 198829 337588 388250 546176 536721 1.40019e+06 1.1701e+06 1.25561e+06 1.24337e+06 905032 630076 387231 145974 99101.8 108021 140080 189691 200232 289804 481525 427251 560110 782342 798549
mphobs
 0 0 0 0 0 112323 0 153150 637223 0 255016 313432 73983 77613 109348 50772 0 0 0 0 0 0 0 0 0
mphpred
 608887 337389 381954 421526 498401 845059 1.25118e+06 1.50121e+06 1.34095e+06 1.45999e+06 1.48787e+06 1.0622e+06 652120 343769 161600 137690 167068 227458 275210 309395 488441 590052 725063 972773 1.30172e+06
desembarqueobs
 350755 77701 442110 56441 14545 235359 269955 359681 431902 328805 639364 411747 362871 311530 167758 66681 60226 58785 57116 71774 51957 67425 138520 160799 200461
desembarquepred
 350754 77695.4 442036 56440.8 14545 235389 269978 359647 431885 328787 639417 411897 363065 311825 167743 66685.4 60241.6 58782.9 57109.2 71767.9 51955.9 67416.3 138513 160797 200460
Reclutas
 40228.6 53125.5 28719.9 53097 93206.1 62449.9 106521 107998 142848 154780 67858.6 38970.9 43343.8 23090.1 17428.5 20827.5 16547.8 17944.7 19601.5 39629.2 49116.2 59813.4 88430.3 100809 23878.4
log_desv_Rt
 -0.157667 0.120412 -0.494655 0.119876 0.682568 0.282121 0.816102 0.829865 1.10954 1.18976 0.365181 -0.189429 -0.0830817 -0.71284 -0.994139 -0.815969 -1.04599 -0.964948 -0.876641 -0.172679 0.0419445 0.238986 0.629969 0.760984 -0.67927
SSB
 608887 337389 381954 421526 498401 845059 1.25118e+06 1.50121e+06 1.34095e+06 1.45999e+06 1.48787e+06 1.0622e+06 652120 343769 161600 137690 167068 227458 275210 309395 488441 590052 725063 972773 1.30172e+06
BT
 1.82525e+06 489322 846664 755145 989429 1.14596e+06 2.69218e+06 2.5016e+06 2.6431e+06 2.5416e+06 2.19425e+06 1.50604e+06 1.0507e+06 561536 319801 248502 300113 386791 407953 577604 904410 828513 1.0988e+06 1.5347e+06 1.598e+06
Ftot
 0.496602 0.471157 0.763101 0.156611 0.0270366 0.249962 0.160379 0.307911 0.330883 0.241489 0.457774 0.420259 0.675964 1.19611 1.16435 0.466305 0.334963 0.231812 0.201934 0.209693 0.0947295 0.119959 0.147189 0.152858 0.145534
BD_Bspro_t
 0.937715 0.708796 0.644644 0.48853 0.654367 0.806165 0.767866 0.778136 0.730376 0.708272 0.688892 0.53998 0.425135 0.315032 0.197521 0.208039 0.313047 0.468192 0.572672 0.654617 0.766733 0.837211 0.840251 0.836595 0.824453
BD_Bspro
 0.627278 0.34758 0.393491 0.434258 0.513455 0.870583 1.28897 1.54656 1.38145 1.50408 1.53281 1.09429 0.671817 0.354152 0.166481 0.141849 0.172114 0.234328 0.283523 0.318741 0.503194 0.607874 0.746963 1.00216 1.34104
BD_Bo
 0.527606 0.292351 0.330967 0.365257 0.43187 0.732252 1.08416 1.30082 1.16195 1.26509 1.28926 0.920411 0.565069 0.297879 0.140028 0.11931 0.144766 0.197094 0.238473 0.268094 0.423239 0.511286 0.628275 0.842918 1.12795
BD_Brms
 1.8241 1.01075 1.14425 1.2628 1.4931 2.53162 3.74827 4.49732 4.0172 4.37381 4.45735 3.18214 1.95361 1.02986 0.484119 0.41249 0.500499 0.681415 0.824472 0.926883 1.46327 1.76767 2.17214 2.91422 3.89967
S_f
 0.177906 1 1 1 1
 0.177906 1 1 1 1
 0.177906 1 1 1 1
 0.177906 1 1 1 1
 0.177906 1 1 1 1
 0.177906 1 1 1 1
 0.177906 1 1 1 1
 0.177906 1 1 1 1
 0.177906 1 1 1 1
 0.177906 1 1 1 1
 0.177906 1 1 1 1
 0.177906 1 1 1 1
 0.177906 1 1 1 1
 0.177906 1 1 1 1
 0.177906 1 1 1 1
 0.177906 1 1 1 1
 0.177906 1 1 1 1
 0.177906 1 1 1 1
 0.177906 1 1 1 1
 0.177906 1 1 1 1
 0.177906 1 1 1 1
 0.177906 1 1 1 1
 0.177906 1 1 1 1
 0.177906 1 1 1 1
 0.177906 1 1 1 1
Scru_reclas
 1 1 1 1 1
 1 1 1 1 1
 1 1 1 1 1
 1 1 1 1 1
 1 1 1 1 1
 1 1 1 1 1
 1 1 1 1 1
 1 1 1 1 1
 1 1 1 1 1
 1 1 1 1 1
 1 1 1 1 1
 1 1 1 1 1
 1 1 1 1 1
 1 1 1 1 1
 1 1 1 1 1
 1 1 1 1 1
 1 1 1 1 1
 1 1 1 1 1
 1 1 1 1 1
 1 1 1 1 1
 1 1 1 1 1
 1 1 1 1 1
 1 1 1 1 1
 1 1 1 1 1
 1 1 1 1 1
Scru_pelaces
 1 1 1 1 1
 1 1 1 1 1
 1 1 1 1 1
 1 1 1 1 1
 1 1 1 1 1
 1 1 1 1 1
 1 1 1 1 1
 1 1 1 1 1
 1 1 1 1 1
 1 1 1 1 1
 1 1 1 1 1
 1 1 1 1 1
 1 1 1 1 1
 1 1 1 1 1
 1 1 1 1 1
 1 1 1 1 1
 1 1 1 1 1
 1 1 1 1 1
 1 1 1 1 1
 1 1 1 1 1
 1 1 1 1 1
 1 1 1 1 1
 1 1 1 1 1
 1 1 1 1 1
 1 1 1 1 1
pf_obs 
 0.256992 0.487395 0.22802 0.0275931 0
 0.321318 0.546541 0.124235 0.00734118 0.000564706
 0.182869 0.594174 0.210203 0.0122559 0.00049798
 0.330522 0.361315 0.267642 0.0388342 0.00168674
 0.649043 0.306663 0.0425973 0.00169635 0
 0.582887 0.30429 0.105238 0.00758474 0
 0.465427 0.430635 0.0974691 0.00646863 0
 0.296916 0.608066 0.0921331 0.00288517 0
 0.311714 0.524322 0.152257 0.0117073 0
 0.15457 0.633149 0.183074 0.0267441 0.00246327
 0.131901 0.49318 0.331252 0.0422183 0.00144891
 0.196976 0.569456 0.194076 0.0375587 0.00193317
 0.518974 0.381816 0.0799577 0.0180837 0.00116848
 0.0928022 0.601141 0.25162 0.0475244 0.00691264
 0.122501 0.610282 0.24278 0.0234846 0.000952079
 0.383417 0.481906 0.127806 0.00687128 0
 0.0376549 0.599619 0.316969 0.0457579 0
 0.0361596 0.667082 0.258105 0.0386534 0
 0.158088 0.579412 0.248529 0.0139706 0
 0.0477256 0.309471 0.559284 0.082774 0.000745712
 0.0406174 0.521527 0.379366 0.0568643 0.0016247
 0.151134 0.462217 0.34131 0.0453401 0
 0.294876 0.26143 0.354403 0.0886775 0.000613685
 0.281977 0.475581 0.204845 0.0348837 0.00271318
 0 0 0 0 0
pf_pred 
 0.295001 0.493528 0.188708 0.0227515 1.07478e-05
 0.312892 0.514556 0.120793 0.0461871 0.00557115
 0.171592 0.631382 0.147547 0.034637 0.0148415
 0.335115 0.417681 0.18841 0.0440295 0.0147648
 0.329606 0.50474 0.104064 0.0469418 0.0146484
 0.162563 0.616952 0.166004 0.0342255 0.0202563
 0.271511 0.401323 0.241028 0.0648535 0.0212847
 0.223959 0.537781 0.131257 0.0788305 0.0281724
 0.268259 0.477233 0.176369 0.0430465 0.0350923
 0.24064 0.536583 0.145293 0.0536952 0.0237892
 0.11342 0.590503 0.209215 0.0566499 0.0302113
 0.108676 0.420802 0.313389 0.111034 0.0460986
 0.197253 0.365701 0.206334 0.153665 0.0770472
 0.171467 0.544466 0.12941 0.0730149 0.0816418
 0.248096 0.511326 0.158094 0.0375763 0.044907
 0.322411 0.521117 0.106407 0.0328995 0.0171648
 0.21114 0.607112 0.139778 0.0285413 0.0134286
 0.222143 0.496226 0.216745 0.0499021 0.0149837
 0.219401 0.500721 0.178546 0.0779865 0.0233464
 0.339159 0.419299 0.154939 0.0552475 0.0313555
 0.266235 0.558285 0.111341 0.0411424 0.0229966
 0.239693 0.517458 0.184772 0.0368497 0.0212277
 0.271055 0.475252 0.172661 0.0616533 0.0193788
 0.234328 0.529206 0.154169 0.0560104 0.0262864
 0.0562413 0.61225 0.229127 0.0667497 0.0356316
pobs_RECLAS
 0 0 0 0 0
 0 0 0 0 0
 0 0 0 0 0
 0 0 0 0 0
 0.835266 0.146461 0.0176864 0.000547809 3.91292e-05
 0.385257 0.428462 0.181853 0.0044286 0
 0.867414 0.0963971 0.0333333 0.00285562 0
 0.441836 0.489002 0.0689373 0.000224442 0
 0.779404 0.147425 0.0564933 0.0165055 0.000172143
 0.814271 0.122319 0.05973 0.00367925 0
 0.40263 0.566651 0.0304383 0.000280538 0
 0.475488 0.404961 0.113038 0.00651328 0
 0.955842 0.0263864 0.0167828 0.000988607 0
 0.975058 0.0227948 0.00214734 0 0
 0.738997 0.206755 0.0527124 0.00153531 0
 0.850938 0.134255 0.0134407 0.00136685 0
 0.542534 0.407297 0.0501686 0 0
 0.764087 0.199537 0.0359546 0.000420521 0
 0.470689 0.182191 0.310203 0.0369168 0
 0.84361 0.089868 0.0606195 0.00523954 0.000663233
 0.607945 0.314616 0.071237 0.00620181 0
 0.523733 0.453247 0.0230204 0 0
 0.530135 0.295979 0.169645 0.0042399 0
 0.562478 0.366248 0.0663022 0.0049721 0
 0.250443 0.683176 0.0655157 0.000865301 0
ppred_RECLAS
 0.708577 0.204008 0.0780056 0.00940471 4.44277e-06
 0.725301 0.205715 0.0482919 0.0184652 0.0022273
 0.552513 0.341058 0.0797016 0.0187101 0.00801702
 0.74073 0.162873 0.0734699 0.0171691 0.00575749
 0.734553 0.199855 0.0412048 0.0185869 0.00580014
 0.525366 0.349669 0.0940858 0.0193979 0.0114807
 0.678779 0.17696 0.106279 0.0285966 0.00938529
 0.622955 0.261285 0.063772 0.0383004 0.0136878
 0.67766 0.210226 0.0776924 0.0189624 0.0154585
 0.643616 0.25183 0.0681889 0.0252003 0.0111648
 0.425595 0.38258 0.135548 0.0367028 0.0195736
 0.413148 0.277058 0.206337 0.0731051 0.0303516
 0.592122 0.185814 0.104839 0.0780778 0.0391479
 0.565203 0.285724 0.0679117 0.0383167 0.0428439
 0.673597 0.221968 0.0686291 0.0163119 0.0194942
 0.733885 0.204663 0.0417903 0.0129209 0.00674129
 0.605575 0.303553 0.069888 0.0142705 0.00671423
 0.61926 0.242889 0.106091 0.0244257 0.00733412
 0.615038 0.246937 0.0880519 0.03846 0.0115135
 0.744816 0.161913 0.0598296 0.0213339 0.0121079
 0.672067 0.249508 0.0497603 0.0183873 0.0102776
 0.640701 0.244535 0.0873178 0.0174141 0.0100316
 0.678104 0.209867 0.0762458 0.0272256 0.00855753
 0.634288 0.252768 0.0736366 0.0267526 0.0125553
 0.252378 0.485009 0.181509 0.0528774 0.0282264
pobs_PELACES
 0 0 0 0 0
 0 0 0 0 0
 0 0 0 0 0
 0 0 0 0 0
 0 0 0 0 0
 0 0 0 0 0
 0 0 0 0 0
 0 0 0 0 0
 0 0 0 0 0
 0 0 0 0 0
 0.450072 0.473896 0.0757376 0.000293798 0
 0 0 0 0 0
 0.463077 0.371075 0.160297 0.00555027 0
 0.529543 0.364841 0.0842815 0.0213345 0
 0.631943 0.363953 0.00410389 0 0
 0.735681 0.248677 0.0153453 0.000297389 0
 0.695825 0.281241 0.0229344 0 0
 0.275771 0.60734 0.115278 0.00161068 0
 0 0 0 0 0
 0.896147 0.0623911 0.0374545 0.00400742 0
 0.803859 0.145111 0.0509908 3.86294e-05 0
 0.739449 0.233085 0.0266225 0.000797448 4.60066e-05
 0.878498 0.100942 0.0204185 0.000141795 0
 0.694673 0.275183 0.0284847 0.00165964 0
 0 0 0 0 0
ppred_PELACES
 0.735597 0.185093 0.0707732 0.00853274 4.03086e-06
 0.750022 0.187202 0.0439459 0.0168034 0.00202685
 0.60297 0.302602 0.0707149 0.0166004 0.00711307
 0.748806 0.1578 0.0711814 0.0166343 0.00557815
 0.73598 0.198781 0.0409832 0.0184869 0.00576894
 0.54224 0.337238 0.0907409 0.0187083 0.0110725
 0.688191 0.171775 0.103165 0.0277587 0.0091103
 0.642364 0.247835 0.0604891 0.0363288 0.0129831
 0.696948 0.197647 0.0730436 0.0178278 0.0145335
 0.658498 0.241314 0.0653415 0.024148 0.0106986
 0.456199 0.362197 0.128326 0.0347474 0.0185307
 0.441037 0.263892 0.196531 0.0696309 0.0289092
 0.635556 0.166027 0.0936746 0.0697634 0.0349791
 0.642631 0.234843 0.0558181 0.0314933 0.0352144
 0.738922 0.177544 0.0548938 0.0130473 0.0155927
 0.75785 0.186232 0.0380269 0.0117573 0.00613421
 0.627059 0.287018 0.0660812 0.0134932 0.00634851
 0.633972 0.233503 0.101991 0.0234819 0.00705071
 0.627924 0.238671 0.0851044 0.0371726 0.0111281
 0.755477 0.155148 0.0573301 0.0204426 0.0116021
 0.677706 0.245218 0.0489047 0.0180711 0.0101009
 0.648158 0.23946 0.0855056 0.0170527 0.00982338
 0.686757 0.204225 0.0741961 0.0264937 0.00832748
 0.643853 0.246157 0.0717108 0.0260529 0.0122269
 0.259901 0.480129 0.179682 0.0523454 0.0279424
pobs_pel_tallas
 0 0 0 0 0 0 0 0 0 0 0 0 0 0 0 0 0 0 0 0 0 0 0 0 0 0 0 0 0 0 0 0 0 0 0 0
 0 0 0 0 0 0 0 0 0 0 0 0 0 0 0 0 0 0 0 0 0 0 0 0 0 0 0 0 0 0 0 0 0 0 0 0
 0 0 0 0 0 0 0 0 0 0 0 0 0 0 0 0 0 0 0 0 0 0 0 0 0 0 0 0 0 0 0 0 0 0 0 0
 0 0 0 0 0 0 0 0 0 0 0 0 0 0 0 0 0 0 0 0 0 0 0 0 0 0 0 0 0 0 0 0 0 0 0 0
 0 0 0 0 0 0 0 0 0 0 0 0 0 0 0 0 0 0 0 0 0 0 0 0 0 0 0 0 0 0 0 0 0 0 0 0
 0 0 0 0 0 0 0 0 0 0 0 0 0 0 0 0 0 0 0 0 0 0 0 0 0 0 0 0 0 0 0 0 0 0 0 0
 0 0 0 0 0 0 0 0 0 0 0 0 0 0 0 0 0 0 0 0 0 0 0 0 0 0 0 0 0 0 0 0 0 0 0 0
 0 0 0 0 0 0 0 0 0 0 0 0 0 0 0 0 0 0 0 0 0 0 0 0 0 0 0 0 0 0 0 0 0 0 0 0
 0 0 0 0 0 0 0 0 0 0 0 0 0 0 0 0 0 0 0 0 0 0 0 0 0 0 0 0 0 0 0 0 0 0 0 0
 0 0 0 0 0 0 0 0 0 0 0 0 0 0 0 0 0 0 0 0 0 0 0 0 0 0 0 0 0 0 0 0 0 0 0 0
 0 0 0 0 0 0 0 0 1.78061e-05 0.00172719 0.00360574 0.0105946 0.0120993 0.0124554 0.0147524 0.0171206 0.0266825 0.0428682 0.0675386 0.121331 0.153587 0.119568 0.100827 0.0573624 0.0630603 0.0341343 0.0324427 0.0444173 0.0211091 0.0280891 0.0125444 0.00206551 0 0 0 0
 0 0 0 0 0 0 0 0 0 0 0 0 0 0 0 0 0 0 0 0 0 0 0 0 0 0 0 0 0 0 0 0 0 0 0 0
 0 0 0 0 0 0 0.0133647 0.0140871 0.0187388 0.0205184 0.03894 0.0496705 0.03968 0.0493445 0.0407372 0.0367815 0.0215668 0.0243155 0.0234873 0.0199281 0.019796 0.0243948 0.0301388 0.0376714 0.0412746 0.0863199 0.0771752 0.113111 0.0741005 0.0525337 0.0229764 0.00759418 0.00175318 0 0 0
 0 0 0 0 0 0 0 0 0 0 0.00219441 0.00772107 0.0458388 0.0604681 0.0671733 0.0775358 0.0609151 0.0617685 0.073594 0.0568108 0.0755445 0.0548602 0.0670107 0.0636378 0.0643287 0.046367 0.0373049 0.0286899 0.0247887 0.0153202 0.00654259 0.00121912 0.000365735 0 0 0
 0 0 0 0 0 0 0 0 0 0 0 0 0.000112435 0.00938835 0.0111873 0.0202946 0.0414886 0.0713402 0.111592 0.104902 0.108894 0.110636 0.117776 0.105296 0.107544 0.0401394 0.0192827 0.0124803 0.00416011 0.0028671 0.000618394 0 0 0 0 0
 0 0 0 0 0 0 0 0 0 0 0.00291406 0.0102884 0.027416 0.0768956 0.0749926 0.110853 0.0956884 0.0897413 0.0766577 0.0534642 0.0500743 0.0551293 0.0594112 0.0620874 0.0668451 0.0424026 0.0208742 0.0120726 0.0048766 0.00582813 0.00118941 0.000297354 0 0 0 0
 0 0.00264628 0.0354308 0.0461629 0.0458689 0.0383711 0.0214643 0.0164657 0.0346957 0.0420465 0.0363128 0.0245516 0.0311673 0.0291091 0.0169068 0.0133784 0.00837989 0.0085269 0.0148486 0.0160247 0.0276389 0.0546898 0.0760071 0.122758 0.109233 0.0665981 0.0333725 0.0166128 0.00676272 0.00308733 0.000882094 0 0 0 0 0
 0 0 0 0 0 0 0 0.000805153 0.000690131 0.00759144 0.0133425 0.0154129 0.00931677 0.000345066 0.00356568 0.00563607 0.00851162 0.0253048 0.0502646 0.0516448 0.0657925 0.0565908 0.0611916 0.0827007 0.0866115 0.110766 0.145733 0.0935128 0.0569358 0.0249597 0.0138026 0.00621118 0.00161031 0.00115022 0 0
 0 0 0 0 0 0 0 0 0 0 0 0 0 0 0 0 0 0 0 0 0 0 0 0 0 0 0 0 0 0 0 0 0 0 0 0
 0.00147267 0.00158595 0.00478618 0.00569244 0.00954404 0.0108468 0.00647125 0.017049 0.0510054 0.094081 0.124002 0.0959785 0.0687766 0.0820023 0.061753 0.0591476 0.0492212 0.0479892 0.0443925 0.0268479 0.0217502 0.0140895 0.0121071 0.0120363 0.00920419 0.00665534 0.0049561 0.00860946 0.00930331 0.0156896 0.0114698 0.00855282 0.00243557 0.00046729 0 2.83206e-05
 0 0 0 0 0.000772559 0.00158375 0.000888443 0.00281984 0.00712685 0.0440552 0.0773331 0.111326 0.0921469 0.0852325 0.0710754 0.0886704 0.0786465 0.0553345 0.0373146 0.0185414 0.00753245 0.00457741 0.012979 0.0271748 0.0457355 0.0583668 0.034881 0.0177882 0.00938659 0.00492506 0.0015258 0.00185414 0.000309023 5.79419e-05 3.86279e-05 0
 0 0.00173294 0.00326652 0 0.00397197 0.00683976 0.00946217 0.0152591 0.00757587 0.0136028 0.0228656 0.0392903 0.0559909 0.0764795 0.0681675 0.0726916 0.0566044 0.0477403 0.0527397 0.0444891 0.0609904 0.0582453 0.0661739 0.0445044 0.0529084 0.0360697 0.0280645 0.0235558 0.0158879 0.00826598 0.00280645 0.00217768 0.000904811 0.00058276 9.20147e-05 0
 0 0 0 0 0 0 0 0 0 0 0 0 0 0 0 0 0 0 0 0 0 0 0 0 0 0 0 0 0 0 0 0 0 0 0 0
 0 0 0 0 0 0 0 0 0 0 0 0 0 0 0 0 0 0 0 0 0 0 0 0 0 0 0 0 0 0 0 0 0 0 0 0
 0 0 0 0 0 0 0 0 0 0 0 0 0 0 0 0 0 0 0 0 0 0 0 0 0 0 0 0 0 0 0 0 0 0 0 0
ppred_pel_tallas
 1.01359e-16 3.20958e-05 0.000188374 0.000895443 0.0034475 0.0107507 0.0271554 0.0555637 0.0921035 0.123694 0.134608 0.118744 0.0850226 0.0496639 0.0241857 0.0107964 0.00600261 0.00568684 0.00732145 0.00978347 0.0125889 0.0154175 0.0179612 0.0199293 0.0211004 0.021369 0.0207643 0.0194331 0.0175959 0.0154909 0.0133261 0.0112514 0.00935289 0.00766524 0.00619076 0.00491747
 1.01357e-16 3.27248e-05 0.000192067 0.000912999 0.00351509 0.0109615 0.0276878 0.0566531 0.0939093 0.126119 0.137246 0.121068 0.0866813 0.0506216 0.0246304 0.0109566 0.00603444 0.00566104 0.00725444 0.00966538 0.0123976 0.0151245 0.0175354 0.0193418 0.0203304 0.0204096 0.0196273 0.0181513 0.016221 0.0140884 0.0119669 0.0100021 0.00826715 0.00677751 0.00551369 0.00444313
 1.02006e-16 2.63173e-05 0.000154439 0.000734087 0.00282619 0.00881315 0.0222615 0.0455513 0.0755114 0.101425 0.11041 0.0974841 0.0699885 0.0412619 0.0208031 0.0104899 0.00752493 0.00857933 0.0115842 0.0155573 0.0199652 0.0243423 0.0281969 0.0310638 0.0325991 0.0326565 0.0313171 0.0288564 0.0256672 0.0221628 0.0186935 0.0154986 0.0126986 0.0103179 0.00832247 0.00665506
 1.01895e-16 3.26706e-05 0.000191752 0.000911505 0.00350935 0.0109436 0.0276426 0.0565604 0.0937548 0.125909 0.137011 0.120847 0.0864918 0.0504483 0.0244301 0.0106729 0.00560849 0.00503844 0.00639197 0.00854198 0.0110274 0.0135676 0.0159007 0.0177787 0.0190092 0.0194934 0.0192429 0.0183656 0.0170298 0.0154196 0.0136962 0.0119764 0.0103298 0.00878931 0.00736718 0.00606844
 1.01552e-16 3.2113e-05 0.000188474 0.000895915 0.00344931 0.0107563 0.0271697 0.0555931 0.0921525 0.123761 0.134683 0.118816 0.0850877 0.0497283 0.0242657 0.0109131 0.00617788 0.00594035 0.00766698 0.0102237 0.0131101 0.0159855 0.0185221 0.0204152 0.0214406 0.0215043 0.0206607 0.0190909 0.0170515 0.0148108 0.0125943 0.0105536 0.00876193 0.00723053 0.00593368 0.00483273
 1.02559e-16 2.36707e-05 0.000138898 0.000660194 0.00254168 0.00792589 0.0200204 0.0409661 0.0679124 0.0912243 0.0993222 0.0877331 0.0630724 0.0373549 0.0191491 0.0101752 0.00794923 0.00950186 0.0129788 0.0174757 0.022459 0.0274258 0.0318319 0.0351578 0.0370159 0.0372359 0.0358976 0.0332962 0.0298572 0.0260302 0.0221984 0.0186255 0.0154475 0.0126981 0.010349 0.00834786
 1.029e-16 3.00282e-05 0.000176237 0.000837742 0.00322534 0.0100579 0.0254055 0.0519831 0.0861684 0.115724 0.125936 0.111096 0.0795531 0.0464823 0.0226625 0.0101647 0.0057278 0.00550943 0.00715758 0.00963659 0.0125094 0.0154906 0.0183007 0.0206678 0.0223727 0.0232904 0.0234088 0.0228155 0.0216632 0.0201243 0.0183539 0.0164696 0.0145497 0.0126439 0.0107885 0.00901712
 1.02795e-16 2.80329e-05 0.000164516 0.000782004 0.00301071 0.00938857 0.0237149 0.0485246 0.0804381 0.108035 0.117589 0.10378 0.0744171 0.0436885 0.0216857 0.010377 0.00675086 0.00724021 0.00964241 0.0129455 0.0166538 0.020377 0.0237156 0.0262915 0.027822 0.0281814 0.0274235 0.0257561 0.0234778 0.0209016 0.0182898 0.0158178 0.0135709 0.0115648 0.00977724 0.0081759
 1.02394e-16 3.0411e-05 0.000178482 0.000848411 0.00326641 0.010186 0.025729 0.0526453 0.0872666 0.1172 0.127547 0.112529 0.0806025 0.0471427 0.0230717 0.0104934 0.00610989 0.0060301 0.00786366 0.0105424 0.013593 0.0166875 0.0195031 0.0217334 0.0231439 0.0236211 0.0231916 0.0220033 0.0202787 0.0182564 0.0161409 0.0140753 0.0121381 0.0103575 0.00873394 0.00725944
 1.02336e-16 2.87361e-05 0.000168645 0.000801637 0.0030863 0.00962431 0.0243103 0.0497429 0.0824572 0.110746 0.120536 0.106374 0.0762605 0.0447377 0.0221452 0.0104944 0.00669218 0.00707703 0.00938954 0.012596 0.0161975 0.019809 0.0230384 0.0255149 0.0269608 0.027252 0.0264405 0.0247299 0.0224149 0.0198062 0.0171671 0.0146769 0.012427 0.010439 0.0086948 0.00716291
 1.04e-16 1.992e-05 0.000116875 0.000555491 0.00213853 0.00666869 0.0168449 0.034469 0.0571442 0.0767675 0.0836025 0.0738964 0.0532313 0.0317406 0.0166669 0.0094983 0.00818778 0.0102718 0.0142052 0.0192095 0.0247793 0.0303971 0.0354859 0.0394861 0.0419698 0.0427324 0.0418281 0.0395352 0.0362696 0.0324763 0.0285374 0.0247203 0.0211709 0.0179406 0.0150267 0.012409
 1.0662e-16 1.9255e-05 0.00011298 0.000536991 0.00206734 0.0064467 0.016284 0.0333207 0.0552383 0.0742005 0.0807894 0.0713681 0.0513196 0.0304204 0.0156471 0.00841121 0.00671199 0.0081629 0.0112948 0.0154206 0.0201595 0.0251526 0.0299918 0.0342606 0.0376085 0.0398148 0.040817 0.0406943 0.0396198 0.0377997 0.0354237 0.0326416 0.0295655 0.0262866 0.022896 0.0194951
 1.05416e-16 2.77327e-05 0.000162761 0.000773678 0.00297868 0.00928871 0.0234625 0.0480077 0.079579 0.106875 0.116309 0.102611 0.0734909 0.0429692 0.0210049 0.00951739 0.00550358 0.00542477 0.00711885 0.0096387 0.0125882 0.0157086 0.0187438 0.0214409 0.0235917 0.0250696 0.0258456 0.0259744 0.0255618 0.0247249 0.023561 0.0221358 0.0204878 0.0186451 0.0166429 0.0145339
 1.03597e-16 2.80439e-05 0.000164582 0.000782322 0.00301194 0.0093924 0.0237246 0.0485443 0.0804703 0.108078 0.117631 0.103811 0.0744233 0.0436605 0.0216133 0.0102452 0.00653862 0.00692207 0.0091934 0.0123479 0.0159043 0.0194935 0.0227403 0.0252901 0.0268773 0.0273828 0.0268549 0.0254835 0.0235415 0.0213119 0.0190279 0.0168401 0.0148155 0.0129595 0.0112465 0.00964773
 1.02015e-16 3.22404e-05 0.000189224 0.000899485 0.00346306 0.0107992 0.027278 0.0558145 0.0925191 0.124251 0.135212 0.119272 0.085389 0.0498549 0.0242355 0.010745 0.00586976 0.00547053 0.0070075 0.00935597 0.0120381 0.0147458 0.0171866 0.0190865 0.0202393 0.0205499 0.0200512 0.0188864 0.0172651 0.0154094 0.0135078 0.0116892 0.0100202 0.00851873 0.00717532 0.00597227
 1.01292e-16 3.3066e-05 0.000194071 0.000922524 0.00355177 0.0110759 0.0279768 0.0572442 0.094889 0.127434 0.138676 0.122328 0.0875785 0.0511359 0.0248625 0.0110285 0.00602853 0.00561384 0.00717378 0.00954656 0.0122317 0.0149021 0.0172482 0.0189839 0.0198995 0.0199082 0.019063 0.0175369 0.0155741 0.0134303 0.0113206 0.00939021 0.00770957 0.00628935 0.00510405 0.00411464
 1.01792e-16 2.73671e-05 0.000160604 0.000763397 0.00293905 0.0091651 0.0231505 0.0473701 0.0785255 0.105471 0.114808 0.101351 0.072729 0.0428062 0.0214496 0.0105988 0.00733183 0.00817706 0.0109809 0.0147318 0.0188984 0.0230325 0.0266663 0.0293582 0.0307823 0.0308009 0.0294926 0.0271212 0.0240619 0.0207095 0.0173987 0.0143585 0.0117038 0.00945783 0.00758694 0.00603486
 1.02661e-16 2.76665e-05 0.000162366 0.000771785 0.00297137 0.00926589 0.023405 0.0478905 0.0793866 0.106623 0.116049 0.102418 0.0734317 0.0430933 0.0213605 0.0101741 0.00656199 0.00700653 0.00934082 0.0125781 0.0162451 0.0199752 0.0233893 0.0261222 0.0278902 0.0285497 0.0281212 0.0267683 0.0247447 0.0223267 0.0197562 0.0172077 0.0147843 0.0125334 0.0104701 0.00859804
 1.03084e-16 2.74029e-05 0.000160818 0.000764426 0.00294303 0.00917752 0.0231818 0.0474338 0.0786298 0.105607 0.114945 0.101447 0.0727437 0.0427057 0.021198 0.0101456 0.00660712 0.00709955 0.00947573 0.0127545 0.0164603 0.0202212 0.0236529 0.0263872 0.0281414 0.0287778 0.0283267 0.0269633 0.0249513 0.022573 0.0200697 0.0176087 0.0152811 0.0131195 0.0111256 0.00929283
 1.0211e-16 3.29614e-05 0.000193459 0.000919622 0.0035406 0.011041 0.0278888 0.057064 0.0945895 0.12703 0.138229 0.121918 0.0872521 0.0508784 0.0246133 0.0107094 0.00556394 0.00493804 0.00623629 0.00832156 0.0107313 0.0131877 0.0154346 0.0172317 0.0183947 0.0188334 0.0185661 0.0177053 0.0164208 0.0148944 0.0132817 0.0116904 0.0101793 0.00876961 0.00746285 0.00625582
 1.01868e-16 2.95738e-05 0.000173563 0.000825015 0.00317631 0.009905 0.0250193 0.0511936 0.0848617 0.113975 0.124049 0.109471 0.0784735 0.0460209 0.0227519 0.0107328 0.0067756 0.00710678 0.00939577 0.0125741 0.0161257 0.0196539 0.0227583 0.0250639 0.0262952 0.0263378 0.0252614 0.0232922 0.0207498 0.0179681 0.0152271 0.0127146 0.010521 0.00865808 0.00709173 0.00577109
 1.02337e-16 2.82852e-05 0.000165998 0.000789052 0.00303785 0.0094732 0.0239287 0.048962 0.0811627 0.109008 0.118645 0.104707 0.075071 0.0440502 0.0218247 0.0103768 0.00666504 0.00708922 0.00942897 0.0126696 0.0163215 0.0200047 0.0233294 0.0259234 0.0275036 0.0279353 0.0272567 0.0256556 0.023412 0.0208264 0.0181577 0.0155884 0.0132193 0.0110865 0.00918801 0.0075077
 1.0242e-16 2.99669e-05 0.000175874 0.000836012 0.00321867 0.0100371 0.0253529 0.0518759 0.0859915 0.115489 0.125687 0.110893 0.0794433 0.0464895 0.0227984 0.0104476 0.0061922 0.00620136 0.00812067 0.0108946 0.0140489 0.0172483 0.02016 0.0224675 0.0239285 0.0244252 0.0239847 0.0227592 0.0209778 0.0188863 0.0166957 0.0145536 0.0125413 0.0106889 0.00899808 0.00746178
 1.02565e-16 2.80977e-05 0.000164897 0.000783815 0.00301768 0.00941031 0.0237698 0.048637 0.0806243 0.108285 0.11786 0.104019 0.0745865 0.043784 0.0217261 0.010385 0.00674188 0.00722158 0.00961715 0.0129159 0.0166231 0.0203502 0.0236985 0.0262893 0.0278378 0.0282136 0.0274651 0.0257942 0.0234951 0.0208794 0.0182113 0.0156718 0.013354 0.0112828 0.00944395 0.00781079
 1.05812e-16 1.13653e-05 6.66408e-05 0.000316646 0.00121888 0.00380076 0.00960089 0.0196482 0.0325822 0.0437969 0.0477649 0.0423824 0.0308852 0.0191289 0.0113507 0.00853075 0.00963662 0.0133667 0.0188678 0.0256087 0.0330762 0.0406244 0.0474969 0.0529527 0.0564214 0.0576244 0.0566229 0.0537723 0.049609 0.0447088 0.0395669 0.0345303 0.0297911 0.0254211 0.0214259 0.0177906
pSPR Fmed_Fpbrs
0.658255   0.339243 0.339243
Fs Fmed_Fpbrs
0.272565   1.005 1.005
SSBpbr Bo_Bmed_Bpbrs
1.15405e+06  701959  333802 333802
Ro
47098.7
SPR SPRFo_SPRFmed_SPRFpbrs
970681 638956 329297
log_Ro
10.58
likeval ReclasPelacesDesembMPH_pf_preclas_ppelaces_ptallas_desvR_qrecl_qpela
 67.4061 32.6163 0.0075624 0.00112681 285.822 195.565 70.4469 0 15.9769 5.87993e-05 0 0 0 0 0
q_reclas_q_pelaces
0.337362 1
M
0.7
N
 40228.6 14205.2 5431.56 654.854 0.309352
 53125.5 18287.7 4293.07 1641.52 198.003
 28719.9 24260.1 5669.34 1330.89 570.267
 53097 12451.4 5616.64 1312.55 440.15
 93206.1 25642.7 5286.83 2384.82 744.194
 62449.9 46062.7 12394.1 2555.33 1512.37
 106521 29662.9 17815 4793.5 1573.21
 107998 51409 12547.4 7535.78 2693.13
 142848 50771.2 18763.3 4579.57 3733.35
 154780 66881.2 18109.7 6692.72 2965.15
 67858.6 73629.2 26086.8 7063.62 3767.02
 38970.9 31062 23133.2 8196.07 3402.82
 43343.8 17958.2 10132.3 7545.94 3783.5
 23090.1 19085 4536.18 2559.37 2861.77
 17428.5 9268.39 2865.64 681.114 813.992
 20827.5 7035.45 1436.57 444.167 231.737
 16547.8 9519.26 2191.65 447.516 210.555
 17944.7 7742.02 3381.62 778.562 233.773
 19601.5 8551.07 3049.11 1331.81 398.698
 39629.2 9390.31 3469.89 1237.28 702.215
 49116.2 18958.6 3780.99 1397.14 780.934
 59813.4 23982.8 8563.68 1707.89 983.845
 88430.3 29075.3 10563.2 3771.87 1185.57
 100809 42778.2 12462.2 4527.58 2124.85
 23878.4 48717.3 18231.9 5311.33 2835.24
pred_Ctot
 2458.87 4113.62 1572.9 189.637 0.0895841
 3086.85 5076.38 1191.69 455.66 54.9625
 2642.65 9723.78 2272.34 533.437 228.571
 1050.93 1309.87 590.863 138.078 46.3031
 321.731 492.681 101.577 45.8202 14.2984
 1958.49 7432.76 1999.94 412.333 244.04
 2158.44 3190.4 1916.1 515.567 169.207
 4153.29 9973.08 2434.14 1461.9 522.452
 5892.87 10483.4 3874.31 945.605 770.875
 4692.61 10463.7 2833.28 1047.08 463.902
 3834.9 19965.7 7073.83 1915.41 1021.49
 2027.77 7851.67 5847.47 2071.75 860.145
 3556.57 6593.8 3720.31 2770.67 1389.2
 3222.19 10231.6 2431.87 1372.09 1534.21
 2373.23 4891.23 1512.29 359.446 429.57
 1198.17 1936.61 395.439 122.264 63.7892
 690.838 1986.43 457.343 93.3853 43.9375
 522.64 1167.48 509.94 117.405 35.2524
 498.471 1137.62 405.65 177.183 53.0422
 1045.87 1293 477.787 170.368 96.6915
 590.878 1239.05 247.108 91.3109 51.0383
 909.411 1963.26 701.035 139.81 80.539
 1646.18 2886.32 1048.62 374.436 117.693
 1948.04 4399.45 1281.65 465.632 218.527
 439.572 4785.24 1790.82 521.704 278.49
F
 0.0883486 0.496602 0.496602 0.496602 0.496602
 0.0838218 0.471157 0.471157 0.471157 0.471157
 0.13576 0.763101 0.763101 0.763101 0.763101
 0.0278621 0.156611 0.156611 0.156611 0.156611
 0.00480998 0.0270366 0.0270366 0.0270366 0.0270366
 0.0444697 0.249962 0.249962 0.249962 0.249962
 0.0285324 0.160379 0.160379 0.160379 0.160379
 0.0547792 0.307911 0.307911 0.307911 0.307911
 0.0588662 0.330883 0.330883 0.330883 0.330883
 0.0429624 0.241489 0.241489 0.241489 0.241489
 0.0814408 0.457774 0.457774 0.457774 0.457774
 0.0747666 0.420259 0.420259 0.420259 0.420259
 0.120258 0.675964 0.675964 0.675964 0.675964
 0.212796 1.19611 1.19611 1.19611 1.19611
 0.207145 1.16435 1.16435 1.16435 1.16435
 0.0829584 0.466305 0.466305 0.466305 0.466305
 0.059592 0.334963 0.334963 0.334963 0.334963
 0.0412407 0.231812 0.231812 0.231812 0.231812
 0.0359252 0.201934 0.201934 0.201934 0.201934
 0.0373056 0.209693 0.209693 0.209693 0.209693
 0.016853 0.0947295 0.0947295 0.0947295 0.0947295
 0.0213414 0.119959 0.119959 0.119959 0.119959
 0.0261858 0.147189 0.147189 0.147189 0.147189
 0.0271944 0.152858 0.152858 0.152858 0.152858
 0.0258914 0.145534 0.145534 0.145534 0.145534
nmprior
 10 11 7 0
nm_flota  nm_reclas  nm_pelaces    nm_pelaL
inf 15.7743 19.7788 35.9285
cv_recla  cv_pelaces  cv_mph
0.742633 0.67202 1.08909
 ------------------------------------------------
Talla a la edad & desviación 
 7.2 14.2025 17.0495 18.207 18.6776
 1.08 2.13037 2.55742 2.73105 2.80164
