    unsorted:	 2.864288932e-05 0.0008999956452 0.003808604050 0.3093293137 4.598708435 22.18291782 40.37314534 65.05480678 111.9436627 142.9083512 277.8873225 404.6808103 357.0848073 493.7176797 657.1998108 692.7612268 623.5860178 591.9021735 769.6407621 823.8063416 847.9353627 896.8209532 1018.733812 995.9360083 1113.292916 1151.753967 1174.262473 1276.884603 1311.046036 1385.007469 1569.341957 1754.169193 1793.878117 2006.931790 2250.599313 2422.492487 2733.639559 3041.078910 41912.93244 196276.4423 659960.9281 643621.4283 695367.1871 602471.9444 587116.1462 741433.4096 498832.6652 468779.0715 406718.9115 804333.6803 222355.0886 873132.1451 948940.9042 1105181.875 1167362.726 1293210.377 1477657.672 1594488.808 1713579.055 1826924.791 2003536.450 2207281.462 2395266.947 2506435.607 9576367.752
      sorted:	 2.864288932e-05 0.0008999956452 0.003808604050 0.3093293137 4.598708435 22.18291782 40.37314534 65.05480678 111.9436627 142.9083512 277.8873225 357.0848073 404.6808103 493.7176797 591.9021735 623.5860178 657.1998108 692.7612268 769.6407621 823.8063416 847.9353627 896.8209532 995.9360083 1018.733812 1113.292916 1151.753967 1174.262473 1276.884603 1311.046036 1385.007469 1569.341957 1754.169193 1793.878117 2006.931790 2250.599313 2422.492487 2733.639559 3041.078910 41912.93244 196276.4423 222355.0886 406718.9115 468779.0715 498832.6652 587116.1462 602471.9444 643621.4283 659960.9281 695367.1871 741433.4096 804333.6803 873132.1451 948940.9042 1105181.875 1167362.726 1293210.377 1477657.672 1594488.808 1713579.055 1826924.791 2003536.450 2207281.462 2395266.947 2506435.607 9576367.752
