    unsorted:	 0.001530007650 0.0008999966417 2.344890622 18.32576393 17.86928115 8.180183023 32.72680384 36.26538936 51.95343183 77.09750535 138.1118039 117.7096085 230.3975173 296.4600849 357.2352411 401.3328550 426.7193262 494.4905765 630.6403619 651.7741947 578.1852634 692.3476335 722.1886035 738.9866284 791.9884711 813.0468939 879.6151047 885.8773663 898.8792737 857.0752633 943.6133667 972.0408178 1103.815091 1134.631315 1269.794903 1332.336841 1522.052774 1944.224931 5284.940990 195083.1929 233016.1608 344796.2172 303790.9701 423336.9637 442190.3311 602365.8461 593138.5448 540897.6921 700724.4529 792301.5212 875700.4441 940126.3373 1096529.538 1250823.545 1334285.328 1528667.704 1597668.062 1820616.660 1960482.787 2029710.040 2272095.553 2376602.414 2450229.715 2546053.158 2751726.845
      sorted:	 0.0008999966417 0.001530007650 2.344890622 8.180183023 17.86928115 18.32576393 32.72680384 36.26538936 51.95343183 77.09750535 117.7096085 138.1118039 230.3975173 296.4600849 357.2352411 401.3328550 426.7193262 494.4905765 578.1852634 630.6403619 651.7741947 692.3476335 722.1886035 738.9866284 791.9884711 813.0468939 857.0752633 879.6151047 885.8773663 898.8792737 943.6133667 972.0408178 1103.815091 1134.631315 1269.794903 1332.336841 1522.052774 1944.224931 5284.940990 195083.1929 233016.1608 303790.9701 344796.2172 423336.9637 442190.3311 540897.6921 593138.5448 602365.8461 700724.4529 792301.5212 875700.4441 940126.3373 1096529.538 1250823.545 1334285.328 1528667.704 1597668.062 1820616.660 1960482.787 2029710.040 2272095.553 2376602.414 2450229.715 2546053.158 2751726.845
