years
 1997 1998 1999 2000 2001 2002 2003 2004 2005 2006 2007 2008 2009 2010 2011 2012 2013 2014 2015 2016 2017 2018 2019 2020 2021
reclasobs
 0 0 0 370054 412103 1.49427e+06 250295 1.28982e+06 931140 785840 897777 1.04006e+06 184774 17550 25797 100020 73551 82996 120727 218422 84188 347160 605670 569463 516374
reclaspred
 1.34476e+06 173479 178841 103637 262449 257432 561970 472004 621533 1.07906e+06 922271 585753 378285 162752 99037.4 94215.1 104671 122684 103731 184226 314470 276710 422546 386259 261557
pelacesobs
 0 0 0 0 0 0 0 0 0 2.06254e+06 1.5e+06 0 1.87456e+06 323000 250000 174000 83755 137374 0 501740 490994 745055 786931 1.00524e+06 0
pelacespred
 898521 301596 69691.9 91171.8 217073 158577 495852 404207 538075 939581 712720 466541 312640 106111 64884.3 66213.5 76352.9 92062.4 77427.5 137761 266446 227949 273169 291082 195686
mphobs
 0 0 0 0 0 112323 0 153150 637223 0 255016 313432 73983 77613 109348 50772 0 0 0 0 0 0 0 0 0
mphpred
 550379 229464 95395 34579 56504.1 133915 146391 186972 201432 280461 483995 342380 190173 108599 45360.7 35673.9 40036.8 47849.9 50381.1 48067.9 101389 132203 151218 179860 172496
desembarqueobs
 350755 77701 442110 56441 14545 235359 269955 359681 431902 328805 639364 411747 362871 311530 167758 66681 60226 58785 57116 71774 51957 67425 138520 160799 200461
desembarquepred
 350741 77676.9 441483 56413.5 14544.2 235249 269885 359169 431488 328570 638708 411439 362355 311090 167441 66635.5 60208.9 58750 57074.8 71712.4 51944.8 67390.1 138448 160728 200434
Reclutas
 8423.88 14966.8 2041.3 22234.5 51801.4 17530.2 53393.6 71809.7 93665.4 207801 56402.9 25095 52469.4 21279.2 14301.1 15025 9969.53 9778.03 7731.06 28526.3 31410.7 33037.3 46298.1 29658.2 563.293
log_desv_Rt
 -0.941174 -0.366409 -2.35866 0.0293995 0.875172 -0.20832 0.905447 1.20178 1.46748 2.26433 0.960275 0.150426 0.887985 -0.014515 -0.411906 -0.362527 -0.772711 -0.792107 -1.027 0.278582 0.374903 0.425393 0.762856 0.317495 -3.6462
SSB
 1.3908e+06 579854 241062 87380.8 142785 338403 369928 472476 509016 708722 1.22305e+06 865190 480565 274429 114626 90147.5 101173 120916 127312 121467 256209 334075 382127 454505 435896
BT
 1.83097e+06 708349 368774 225868 400542 467944 1.08363e+06 1.11302e+06 1.35404e+06 1.98765e+06 1.83075e+06 1.20348e+06 918090 485740 254949 173341 186458 212597 189157 306830 518365 473155 589050 662226 531491
Ftot
 0.231218 0.357238 1.64989 1.04467 0.133706 0.936475 0.778124 1.49261 1.37832 0.707354 0.766502 0.594525 1.11234 2.08353 2.38245 1.06024 0.803957 0.598485 0.596864 0.742697 0.252126 0.278756 0.366823 0.445047 0.587362
BD_Bspro_t
 0.971755 0.801621 0.524764 0.183009 0.416388 0.675423 0.516874 0.52926 0.506257 0.540187 0.635663 0.474956 0.339969 0.259728 0.146225 0.145117 0.211653 0.314676 0.379867 0.426677 0.635505 0.743518 0.733919 0.703892 0.612857
BD_Bspro
 3.12563 1.30314 0.541754 0.196376 0.32089 0.760514 0.831362 1.06183 1.14394 1.59275 2.74864 1.9444 1.08 0.616741 0.257606 0.202594 0.227371 0.271742 0.286117 0.272981 0.575795 0.750788 0.858778 1.02144 0.979617
BD_Bo
 1.55023 0.646324 0.268696 0.0973975 0.159153 0.377195 0.412334 0.526638 0.567367 0.789965 1.36325 0.96437 0.535654 0.305887 0.127766 0.100481 0.11277 0.134777 0.141907 0.135391 0.28558 0.372371 0.425932 0.506606 0.485865
BD_Brms
 4.20673 1.75387 0.729135 0.264299 0.431879 1.02356 1.11891 1.42909 1.53961 2.14365 3.69933 2.61692 1.45355 0.830058 0.346706 0.272667 0.306014 0.365732 0.385079 0.367399 0.774951 1.01047 1.15581 1.37473 1.31845
S_f
 0.0950225 0.66611 0.974296 0.998613 0.999927
 0.0950225 0.66611 0.974296 0.998613 0.999927
 0.0950225 0.66611 0.974296 0.998613 0.999927
 0.0950225 0.66611 0.974296 0.998613 0.999927
 0.0950225 0.66611 0.974296 0.998613 0.999927
 0.0950225 0.66611 0.974296 0.998613 0.999927
 0.0950225 0.66611 0.974296 0.998613 0.999927
 0.0950225 0.66611 0.974296 0.998613 0.999927
 0.0950225 0.66611 0.974296 0.998613 0.999927
 0.0950225 0.66611 0.974296 0.998613 0.999927
 0.0950225 0.66611 0.974296 0.998613 0.999927
 0.0950225 0.66611 0.974296 0.998613 0.999927
 0.0950225 0.66611 0.974296 0.998613 0.999927
 0.0950225 0.66611 0.974296 0.998613 0.999927
 0.0950225 0.66611 0.974296 0.998613 0.999927
 0.0950225 0.66611 0.974296 0.998613 0.999927
 0.0950225 0.66611 0.974296 0.998613 0.999927
 0.0950225 0.66611 0.974296 0.998613 0.999927
 0.0950225 0.66611 0.974296 0.998613 0.999927
 0.0950225 0.66611 0.974296 0.998613 0.999927
 0.0950225 0.66611 0.974296 0.998613 0.999927
 0.0950225 0.66611 0.974296 0.998613 0.999927
 0.0950225 0.66611 0.974296 0.998613 0.999927
 0.0950225 0.66611 0.974296 0.998613 0.999927
 0.0950225 0.66611 0.974296 0.998613 0.999927
Scru_reclas
 0.946346 1 1 1 1
 0.946346 1 1 1 1
 0.946346 1 1 1 1
 0.946346 1 1 1 1
 0.946346 1 1 1 1
 0.946346 1 1 1 1
 0.946346 1 1 1 1
 0.946346 1 1 1 1
 0.946346 1 1 1 1
 0.946346 1 1 1 1
 0.946346 1 1 1 1
 0.946346 1 1 1 1
 0.946346 1 1 1 1
 0.946346 1 1 1 1
 0.946346 1 1 1 1
 0.946346 1 1 1 1
 0.946346 1 1 1 1
 0.946346 1 1 1 1
 0.946346 1 1 1 1
 0.946346 1 1 1 1
 0.946346 1 1 1 1
 0.946346 1 1 1 1
 0.946346 1 1 1 1
 0.946346 1 1 1 1
 0.946346 1 1 1 1
Scru_pelaces
 1 1 1 1 1
 1 1 1 1 1
 1 1 1 1 1
 1 1 1 1 1
 1 1 1 1 1
 1 1 1 1 1
 1 1 1 1 1
 1 1 1 1 1
 1 1 1 1 1
 1 1 1 1 1
 1 1 1 1 1
 1 1 1 1 1
 1 1 1 1 1
 1 1 1 1 1
 1 1 1 1 1
 1 1 1 1 1
 1 1 1 1 1
 1 1 1 1 1
 1 1 1 1 1
 1 1 1 1 1
 1 1 1 1 1
 1 1 1 1 1
 1 1 1 1 1
 1 1 1 1 1
 1 1 1 1 1
pf_obs 
 0.256992 0.487395 0.22802 0.0275931 0
 0.321318 0.546541 0.124235 0.00734118 0.000564706
 0.182869 0.594174 0.210203 0.0122559 0.00049798
 0.330522 0.361315 0.267642 0.0388342 0.00168674
 0.649043 0.306663 0.0425973 0.00169635 0
 0.582887 0.30429 0.105238 0.00758474 0
 0.465427 0.430635 0.0974691 0.00646863 0
 0.296916 0.608066 0.0921331 0.00288517 0
 0.311714 0.524322 0.152257 0.0117073 0
 0.15457 0.633149 0.183074 0.0267441 0.00246327
 0.131901 0.49318 0.331252 0.0422183 0.00144891
 0.196976 0.569456 0.194076 0.0375587 0.00193317
 0.518974 0.381816 0.0799577 0.0180837 0.00116848
 0.0928022 0.601141 0.25162 0.0475244 0.00691264
 0.122501 0.610282 0.24278 0.0234846 0.000952079
 0.383417 0.481906 0.127806 0.00687128 0
 0.0376549 0.599619 0.316969 0.0457579 0
 0.0361596 0.667082 0.258105 0.0386534 0
 0.158088 0.579412 0.248529 0.0139706 0
 0.0477256 0.309471 0.559284 0.082774 0.000745712
 0.0406174 0.521527 0.379366 0.0568643 0.0016247
 0.151134 0.462217 0.34131 0.0453401 0
 0.294876 0.26143 0.354403 0.0886775 0.000613685
 0.281977 0.475581 0.204845 0.0348837 0.00271318
 0 0 0 0 0
pf_pred 
 0.0194589 0.641632 0.299675 0.0392314 3.15521e-06
 0.0580148 0.101834 0.620971 0.194401 0.0247793
 0.0210302 0.358338 0.0983102 0.388988 0.133333
 0.524329 0.112141 0.199391 0.027153 0.136986
 0.412831 0.540176 0.0166576 0.0169494 0.0133864
 0.0896165 0.729558 0.170902 0.00357751 0.00634627
 0.334382 0.29031 0.328079 0.0447314 0.00249707
 0.325248 0.557222 0.0663952 0.0448985 0.00623614
 0.329691 0.557013 0.102431 0.00626721 0.00459811
 0.413079 0.479759 0.0967861 0.00942191 0.000953636
 0.0771319 0.77001 0.134583 0.0165605 0.0017152
 0.0559424 0.352392 0.528592 0.0557646 0.00730966
 0.218735 0.26552 0.252698 0.235816 0.0272307
 0.136153 0.668519 0.0948946 0.0502571 0.0501762
 0.213087 0.545552 0.214368 0.0135288 0.0134638
 0.281543 0.580344 0.116792 0.0190757 0.00224531
 0.163158 0.638905 0.174533 0.0199137 0.00349129
 0.172367 0.49035 0.284675 0.0465825 0.00602549
 0.144401 0.519818 0.235285 0.0852487 0.0152479
 0.428308 0.319569 0.18023 0.0508668 0.0210264
 0.235399 0.651442 0.0767037 0.0263189 0.0101359
 0.174162 0.525244 0.269575 0.0212107 0.00980778
 0.204824 0.452723 0.248303 0.0846757 0.00947462
 0.118771 0.558996 0.216228 0.0774698 0.0285358
 0.00314627 0.479475 0.378498 0.0941235 0.0447576
pobs_RECLAS
 0 0 0 0 0
 0 0 0 0 0
 0 0 0 0 0
 0 0 0 0 0
 0.835266 0.146461 0.0176864 0.000547809 3.91292e-05
 0.385257 0.428462 0.181853 0.0044286 0
 0.867414 0.0963971 0.0333333 0.00285562 0
 0.441836 0.489002 0.0689373 0.000224442 0
 0.779404 0.147425 0.0564933 0.0165055 0.000172143
 0.814271 0.122319 0.05973 0.00367925 0
 0.40263 0.566651 0.0304383 0.000280538 0
 0.475488 0.404961 0.113038 0.00651328 0
 0.955842 0.0263864 0.0167828 0.000988607 0
 0.975058 0.0227948 0.00214734 0 0
 0.738997 0.206755 0.0527124 0.00153531 0
 0.850938 0.134255 0.0134407 0.00136685 0
 0.542534 0.407297 0.0501686 0 0
 0.764087 0.199537 0.0359546 0.000420521 0
 0.470689 0.182191 0.310203 0.0369168 0
 0.84361 0.089868 0.0606195 0.00523954 0.000663233
 0.607945 0.314616 0.071237 0.00620181 0
 0.523733 0.453247 0.0230204 0 0
 0.530135 0.295979 0.169645 0.0042399 0
 0.562478 0.366248 0.0663022 0.0049721 0
 0.250443 0.683176 0.0655157 0.000865301 0
ppred_RECLAS
 0.129984 0.64056 0.203477 0.025978 2.0865e-06
 0.369028 0.0962816 0.397818 0.121417 0.0154555
 0.172756 0.401103 0.0693544 0.265825 0.0909618
 0.913425 0.0279163 0.0325998 0.00431622 0.0217425
 0.827977 0.162538 0.00341738 0.00339182 0.00267527
 0.423119 0.495805 0.0767445 0.00156276 0.00276815
 0.810018 0.102234 0.0769639 0.0102151 0.000569427
 0.788631 0.186601 0.0141801 0.0092986 0.0012894
 0.789746 0.186 0.021992 0.00130576 0.00095647
 0.836968 0.141901 0.0191336 0.00181374 0.000183316
 0.378242 0.549307 0.0639922 0.00766574 0.000792818
 0.337157 0.311982 0.314329 0.0323043 0.00422856
 0.720022 0.124307 0.0773886 0.0701893 0.00809272
 0.570107 0.366074 0.0315786 0.0161485 0.0160923
 0.709791 0.230265 0.0534656 0.00325002 0.0032279
 0.746275 0.219583 0.0289966 0.00460423 0.000541123
 0.593418 0.337282 0.0613001 0.00680786 0.00119184
 0.621112 0.259502 0.101175 0.0161279 0.00208325
 0.569367 0.301046 0.0915153 0.0323015 0.00576948
 0.858017 0.0932609 0.0350971 0.0096442 0.00398086
 0.684167 0.282722 0.0226276 0.00757139 0.00291198
 0.61568 0.276948 0.0965438 0.00740728 0.00342051
 0.668679 0.219589 0.0815804 0.0271219 0.00303064
 0.508726 0.354419 0.0926161 0.0323418 0.0118967
 0.0253058 0.566721 0.300577 0.0728181 0.0345782
pobs_PELACES
 0 0 0 0 0
 0 0 0 0 0
 0 0 0 0 0
 0 0 0 0 0
 0 0 0 0 0
 0 0 0 0 0
 0 0 0 0 0
 0 0 0 0 0
 0 0 0 0 0
 0 0 0 0 0
 0.450072 0.473896 0.0757376 0.000293798 0
 0 0 0 0 0
 0.463077 0.371075 0.160297 0.00555027 0
 0.529543 0.364841 0.0842815 0.0213345 0
 0.631943 0.363953 0.00410389 0 0
 0.735681 0.248677 0.0153453 0.000297389 0
 0.695825 0.281241 0.0229344 0 0
 0.275771 0.60734 0.115278 0.00161068 0
 0 0 0 0 0
 0.896147 0.0623911 0.0374545 0.00400742 0
 0.803859 0.145111 0.0509908 3.86294e-05 0
 0.739449 0.233085 0.0266225 0.000797448 4.60066e-05
 0.878498 0.100942 0.0204185 0.000141795 0
 0.694673 0.275183 0.0284847 0.00165964 0
 0 0 0 0 0
ppred_PELACES
 0.142317 0.635408 0.197149 0.0251235 2.01767e-06
 0.405502 0.0936025 0.372949 0.113501 0.0144456
 0.247514 0.398504 0.058261 0.220369 0.0753532
 0.935926 0.0222318 0.0233448 0.00306505 0.0154328
 0.839227 0.152028 0.00315323 0.00312629 0.00246569
 0.483645 0.449549 0.0632632 0.00127859 0.00226388
 0.843965 0.0870538 0.0605496 0.0079865 0.000445045
 0.841616 0.142246 0.00928708 0.00601748 0.000833878
 0.839378 0.144285 0.0148284 0.000870746 0.000637439
 0.862166 0.121066 0.0151912 0.00143187 0.000144676
 0.428357 0.509524 0.0549062 0.00653698 0.000675853
 0.382962 0.299808 0.28434 0.0290833 0.00380595
 0.781263 0.103504 0.0575448 0.0517278 0.00596126
 0.681335 0.279572 0.0195115 0.00981228 0.00976927
 0.809124 0.158551 0.0288925 0.00172303 0.00170954
 0.793771 0.180996 0.0214579 0.00337833 0.000396864
 0.645282 0.298284 0.0499562 0.00551235 0.000964703
 0.664009 0.234537 0.0860417 0.0136499 0.0017627
 0.614245 0.274651 0.078574 0.0276012 0.00492867
 0.882867 0.0789518 0.0275505 0.00752552 0.00310532
 0.706486 0.26346 0.0205522 0.00686304 0.00263925
 0.642639 0.259564 0.0879546 0.00673321 0.00310886
 0.698293 0.202515 0.0724821 0.0240263 0.0026843
 0.546527 0.331336 0.0827525 0.0287944 0.0105898
 0.030467 0.578037 0.288801 0.0696363 0.0330588
pobs_pel_tallas
 0 0 0 0 0 0 0 0 0 0 0 0 0 0 0 0 0 0 0 0 0 0 0 0 0 0 0 0 0 0 0 0 0 0 0 0
 0 0 0 0 0 0 0 0 0 0 0 0 0 0 0 0 0 0 0 0 0 0 0 0 0 0 0 0 0 0 0 0 0 0 0 0
 0 0 0 0 0 0 0 0 0 0 0 0 0 0 0 0 0 0 0 0 0 0 0 0 0 0 0 0 0 0 0 0 0 0 0 0
 0 0 0 0 0 0 0 0 0 0 0 0 0 0 0 0 0 0 0 0 0 0 0 0 0 0 0 0 0 0 0 0 0 0 0 0
 0 0 0 0 0 0 0 0 0 0 0 0 0 0 0 0 0 0 0 0 0 0 0 0 0 0 0 0 0 0 0 0 0 0 0 0
 0 0 0 0 0 0 0 0 0 0 0 0 0 0 0 0 0 0 0 0 0 0 0 0 0 0 0 0 0 0 0 0 0 0 0 0
 0 0 0 0 0 0 0 0 0 0 0 0 0 0 0 0 0 0 0 0 0 0 0 0 0 0 0 0 0 0 0 0 0 0 0 0
 0 0 0 0 0 0 0 0 0 0 0 0 0 0 0 0 0 0 0 0 0 0 0 0 0 0 0 0 0 0 0 0 0 0 0 0
 0 0 0 0 0 0 0 0 0 0 0 0 0 0 0 0 0 0 0 0 0 0 0 0 0 0 0 0 0 0 0 0 0 0 0 0
 0 0 0 0 0 0 0 0 0 0 0 0 0 0 0 0 0 0 0 0 0 0 0 0 0 0 0 0 0 0 0 0 0 0 0 0
 0 0 0 0 0 0 0 0 1.78061e-05 0.00172719 0.00360574 0.0105946 0.0120993 0.0124554 0.0147524 0.0171206 0.0266825 0.0428682 0.0675386 0.121331 0.153587 0.119568 0.100827 0.0573624 0.0630603 0.0341343 0.0324427 0.0444173 0.0211091 0.0280891 0.0125444 0.00206551 0 0 0 0
 0 0 0 0 0 0 0 0 0 0 0 0 0 0 0 0 0 0 0 0 0 0 0 0 0 0 0 0 0 0 0 0 0 0 0 0
 0 0 0 0 0 0 0.0133647 0.0140871 0.0187388 0.0205184 0.03894 0.0496705 0.03968 0.0493445 0.0407372 0.0367815 0.0215668 0.0243155 0.0234873 0.0199281 0.019796 0.0243948 0.0301388 0.0376714 0.0412746 0.0863199 0.0771752 0.113111 0.0741005 0.0525337 0.0229764 0.00759418 0.00175318 0 0 0
 0 0 0 0 0 0 0 0 0 0 0.00219441 0.00772107 0.0458388 0.0604681 0.0671733 0.0775358 0.0609151 0.0617685 0.073594 0.0568108 0.0755445 0.0548602 0.0670107 0.0636378 0.0643287 0.046367 0.0373049 0.0286899 0.0247887 0.0153202 0.00654259 0.00121912 0.000365735 0 0 0
 0 0 0 0 0 0 0 0 0 0 0 0 0.000112435 0.00938835 0.0111873 0.0202946 0.0414886 0.0713402 0.111592 0.104902 0.108894 0.110636 0.117776 0.105296 0.107544 0.0401394 0.0192827 0.0124803 0.00416011 0.0028671 0.000618394 0 0 0 0 0
 0 0 0 0 0 0 0 0 0 0 0.00291406 0.0102884 0.027416 0.0768956 0.0749926 0.110853 0.0956884 0.0897413 0.0766577 0.0534642 0.0500743 0.0551293 0.0594112 0.0620874 0.0668451 0.0424026 0.0208742 0.0120726 0.0048766 0.00582813 0.00118941 0.000297354 0 0 0 0
 0 0.00264628 0.0354308 0.0461629 0.0458689 0.0383711 0.0214643 0.0164657 0.0346957 0.0420465 0.0363128 0.0245516 0.0311673 0.0291091 0.0169068 0.0133784 0.00837989 0.0085269 0.0148486 0.0160247 0.0276389 0.0546898 0.0760071 0.122758 0.109233 0.0665981 0.0333725 0.0166128 0.00676272 0.00308733 0.000882094 0 0 0 0 0
 0 0 0 0 0 0 0 0.000805153 0.000690131 0.00759144 0.0133425 0.0154129 0.00931677 0.000345066 0.00356568 0.00563607 0.00851162 0.0253048 0.0502646 0.0516448 0.0657925 0.0565908 0.0611916 0.0827007 0.0866115 0.110766 0.145733 0.0935128 0.0569358 0.0249597 0.0138026 0.00621118 0.00161031 0.00115022 0 0
 0 0 0 0 0 0 0 0 0 0 0 0 0 0 0 0 0 0 0 0 0 0 0 0 0 0 0 0 0 0 0 0 0 0 0 0
 0.00147267 0.00158595 0.00478618 0.00569244 0.00954404 0.0108468 0.00647125 0.017049 0.0510054 0.094081 0.124002 0.0959785 0.0687766 0.0820023 0.061753 0.0591476 0.0492212 0.0479892 0.0443925 0.0268479 0.0217502 0.0140895 0.0121071 0.0120363 0.00920419 0.00665534 0.0049561 0.00860946 0.00930331 0.0156896 0.0114698 0.00855282 0.00243557 0.00046729 0 2.83206e-05
 0 0 0 0 0.000772559 0.00158375 0.000888443 0.00281984 0.00712685 0.0440552 0.0773331 0.111326 0.0921469 0.0852325 0.0710754 0.0886704 0.0786465 0.0553345 0.0373146 0.0185414 0.00753245 0.00457741 0.012979 0.0271748 0.0457355 0.0583668 0.034881 0.0177882 0.00938659 0.00492506 0.0015258 0.00185414 0.000309023 5.79419e-05 3.86279e-05 0
 0 0.00173294 0.00326652 0 0.00397197 0.00683976 0.00946217 0.0152591 0.00757587 0.0136028 0.0228656 0.0392903 0.0559909 0.0764795 0.0681675 0.0726916 0.0566044 0.0477403 0.0527397 0.0444891 0.0609904 0.0582453 0.0661739 0.0445044 0.0529084 0.0360697 0.0280645 0.0235558 0.0158879 0.00826598 0.00280645 0.00217768 0.000904811 0.00058276 9.20147e-05 0
 0 0 0 0 0 0 0 0 0 0 0 0 0 0 0 0 0 0 0 0 0 0 0 0 0 0 0 0 0 0 0 0 0 0 0 0
 0 0 0 0 0 0 0 0 0 0 0 0 0 0 0 0 0 0 0 0 0 0 0 0 0 0 0 0 0 0 0 0 0 0 0 0
 0 0 0 0 0 0 0 0 0 0 0 0 0 0 0 0 0 0 0 0 0 0 0 0 0 0 0 0 0 0 0 0 0 0 0 0
ppred_pel_tallas
 1.03869e-16 6.24454e-06 3.65628e-05 0.000173619 0.000668135 0.00208324 0.00526278 0.0107733 0.0178765 0.0240638 0.0263346 0.0235819 0.017651 0.0118566 0.00866372 0.00877963 0.0118076 0.0171549 0.0243683 0.0330103 0.0424649 0.0518742 0.0602242 0.0665301 0.0700502 0.070451 0.0678709 0.0628569 0.0562081 0.0487774 0.0413008 0.0342968 0.028048 0.0226443 0.0180546 0.0141949
 1.099e-16 1.7699e-05 0.000103859 0.000493664 0.00190057 0.00592669 0.0149703 0.0306316 0.0507767 0.0681962 0.0742229 0.0654986 0.0469498 0.027533 0.0136221 0.00647268 0.00421399 0.00465126 0.00648551 0.00920607 0.0126559 0.0167498 0.0213646 0.0263154 0.0313616 0.0362241 0.0406053 0.0442111 0.0467752 0.0480868 0.0480186 0.0465504 0.0437821 0.0399267 0.0352867 0.0302124
 1.1205e-16 1.08212e-05 6.34557e-05 0.000301524 0.00116069 0.00361932 0.00914249 0.0187096 0.031024 0.0416971 0.045461 0.0403051 0.0292999 0.0180053 0.0104349 0.00749737 0.00818701 0.011252 0.0158887 0.0216313 0.0280679 0.0346946 0.0409242 0.0461838 0.0500355 0.0522682 0.0529262 0.052263 0.0506424 0.0484238 0.0458732 0.0431255 0.0402008 0.0370562 0.0336475 0.0299757
 1.01166e-16 4.08243e-05 0.000239634 0.00113917 0.00438596 0.0136773 0.0345476 0.0706874 0.117166 0.157333 0.171163 0.150866 0.107751 0.062392 0.0293597 0.0113652 0.00386528 0.0015499 0.00119227 0.00144433 0.00187888 0.00237492 0.00288318 0.00336681 0.00379445 0.00414308 0.00440012 0.00456235 0.00463274 0.00461666 0.00451918 0.00434454 0.00409746 0.00378517 0.00341904 0.00301497
 1.00318e-16 3.6613e-05 0.000214898 0.00102155 0.00393304 0.0122649 0.03098 0.0633888 0.105073 0.141105 0.153539 0.135405 0.0968671 0.0564104 0.0271475 0.0115643 0.00563878 0.00464183 0.00567248 0.0074564 0.00947904 0.0114438 0.0130913 0.0141906 0.0145808 0.0142094 0.0131448 0.0115579 0.00967817 0.00774068 0.00593936 0.00439996 0.00317516 0.00225766 0.00160236 0.00114883
 1.01195e-16 2.11202e-05 0.000123914 0.000588935 0.00226728 0.00707015 0.017859 0.0365446 0.0605869 0.0813972 0.088657 0.0783939 0.0565358 0.0338397 0.0180013 0.0106162 0.00952674 0.0121198 0.0167317 0.0224804 0.0287401 0.0348485 0.040076 0.0437351 0.0453305 0.0446752 0.0419334 0.0375686 0.0322221 0.0265617 0.0211497 0.016365 0.0123878 0.00923423 0.00681514 0.00499536
 1.01184e-16 3.68171e-05 0.000216102 0.00102728 0.00395515 0.0123338 0.0311541 0.0637446 0.105661 0.14189 0.154379 0.136112 0.0973017 0.0565197 0.0269329 0.0110186 0.00471335 0.00325413 0.00373803 0.00492765 0.00638154 0.00790229 0.00933703 0.0105439 0.0114083 0.0118633 0.0118992 0.0115585 0.0109182 0.0100681 0.00909151 0.00805501 0.0070062 0.0059781 0.00499533 0.00407864
 1.00425e-16 3.67168e-05 0.000215508 0.00102445 0.00394422 0.0122997 0.0310681 0.0635689 0.105371 0.141505 0.153972 0.135781 0.0971249 0.0565375 0.0271658 0.011499 0.00550052 0.00442617 0.00536852 0.00705596 0.00898385 0.0108702 0.0124715 0.0135707 0.0140149 0.0137503 0.0128353 0.0114229 0.00972104 0.00794385 0.006269 0.004813 0.00362685 0.00270794 0.00202014 0.00151375
 1.00318e-16 3.66193e-05 0.000214936 0.00102173 0.00393374 0.012267 0.0309855 0.0634 0.105091 0.141129 0.153564 0.135423 0.096872 0.0563971 0.0271114 0.0114984 0.00553383 0.00448718 0.00545912 0.00718067 0.00914633 0.0110712 0.0127078 0.0138346 0.0142942 0.0140301 0.013099 0.0116544 0.00990655 0.00807326 0.00633688 0.00481899 0.00357551 0.00260804 0.00188348 0.00135376
 1.00312e-16 3.76121e-05 0.000220766 0.00104945 0.00404049 0.0125999 0.0318263 0.0651202 0.107942 0.144955 0.15772 0.139073 0.0994497 0.0578306 0.0276747 0.0115214 0.00522562 0.00392096 0.00462979 0.0060609 0.0077208 0.00935443 0.0107512 0.0117244 0.0121409 0.0119513 0.0112011 0.0100161 0.0085704 0.00704436 0.00558971 0.00430822 0.00324764 0.00241114 0.00177344 0.00129691
 1.01202e-16 1.87118e-05 0.000109769 0.000521677 0.00200829 0.0062625 0.015819 0.0323711 0.053671 0.0721159 0.0785743 0.069541 0.0502875 0.0303724 0.0166531 0.0105913 0.0103226 0.013564 0.0188405 0.0253216 0.0323479 0.0391794 0.0449915 0.0490083 0.0506743 0.0497873 0.0465451 0.0414859 0.0353486 0.0288987 0.0227779 0.0174143 0.0130057 0.00955963 0.00696207 0.00504688
 1.05312e-16 1.67244e-05 9.81191e-05 0.000466332 0.00179527 0.00559825 0.014141 0.0289362 0.0479722 0.0644472 0.0701893 0.0620501 0.0447193 0.0267099 0.0141122 0.00819124 0.00725148 0.00925576 0.0129451 0.017709 0.0231646 0.0289087 0.0344665 0.0393452 0.0431224 0.0455208 0.0464463 0.0459753 0.0443057 0.0416911 0.0383855 0.0346123 0.0305585 0.0263853 0.022241 0.0182662
 1.02907e-16 3.40836e-05 0.000200052 0.000950978 0.00366135 0.0114176 0.0288399 0.0590097 0.0978129 0.131353 0.142921 0.126026 0.0901235 0.0524158 0.0251014 0.0104866 0.00482375 0.00371627 0.0044846 0.00598282 0.00779159 0.00970752 0.0115617 0.0131939 0.0144732 0.0153207 0.0157194 0.0157062 0.0153513 0.0147333 0.0139195 0.0129575 0.0118774 0.0107016 0.00945444 0.0081689
 1.01162e-16 2.97334e-05 0.000174497 0.000829448 0.00319337 0.00995819 0.0251537 0.0514688 0.0853188 0.114592 0.124727 0.110085 0.078949 0.0463702 0.0230545 0.0110898 0.00728004 0.00783394 0.0103999 0.0138801 0.0177156 0.0214554 0.0246412 0.02685 0.0277815 0.0273294 0.0256063 0.0229093 0.019643 0.0162227 0.0129923 0.0101758 0.00786957 0.00606639 0.00469496 0.00365943
 1.00601e-16 3.53007e-05 0.000207193 0.000984914 0.00379199 0.011825 0.029869 0.0611157 0.101305 0.136047 0.148039 0.130563 0.0934216 0.0544416 0.0262714 0.0113153 0.00570411 0.00488642 0.00607062 0.00802864 0.0102585 0.0124612 0.0143679 0.0157335 0.0163807 0.0162393 0.0153612 0.0139029 0.0120836 0.0101324 0.0082434 0.00654835 0.00511193 0.00394349 0.00301723 0.00229216
 1.00499e-16 3.46321e-05 0.000203266 0.000966239 0.00372008 0.0116007 0.0293026 0.0599569 0.099385 0.133471 0.145241 0.128109 0.0916963 0.0534971 0.0259293 0.0113618 0.00600884 0.005411 0.00682785 0.00904161 0.0115342 0.0139762 0.0160625 0.0175157 0.0181375 0.0178545 0.0167352 0.0149683 0.0128136 0.0105409 0.00837625 0.00647094 0.00489531 0.00365305 0.00270551 0.00199593
 1.01041e-16 2.81622e-05 0.00016527 0.000785581 0.00302446 0.00943144 0.0238232 0.0487467 0.0808075 0.108536 0.118144 0.104296 0.0748422 0.0440492 0.0220701 0.0108998 0.0075287 0.00838023 0.011232 0.0150348 0.0192321 0.0233527 0.0269072 0.0294378 0.0306125 0.0303017 0.0286062 0.0258242 0.0223712 0.0186813 0.0151214 0.0119397 0.00925694 0.00708846 0.00538271 0.00405928
 1.0185e-16 2.89762e-05 0.000170055 0.000808341 0.00311212 0.00970481 0.0245137 0.0501589 0.0831465 0.111671 0.121541 0.107257 0.0768843 0.0450854 0.0222837 0.0105046 0.00662688 0.00695743 0.00921976 0.0123767 0.015934 0.0195145 0.0227336 0.0252249 0.0267094 0.027055 0.0263003 0.0246321 0.0223296 0.0196938 0.0169861 0.0143932 0.0120208 0.00990936 0.00805904 0.00645316
 1.02384e-16 2.68079e-05 0.000157322 0.000747796 0.00287899 0.0089778 0.0226773 0.046402 0.0769205 0.103315 0.11246 0.0992757 0.0712354 0.0419179 0.020988 0.0103451 0.00712745 0.00793667 0.0106685 0.0143409 0.0184455 0.0225574 0.0262315 0.0290442 0.0306777 0.0309882 0.0300334 0.0280442 0.0253566 0.0223267 0.019258 0.0163602 0.0137429 0.0114366 0.00942468 0.00767392
 1.00821e-16 3.8513e-05 0.000226059 0.00107462 0.00413742 0.0129022 0.0325899 0.0666822 0.110529 0.148426 0.161487 0.14237 0.101755 0.0590649 0.0280669 0.0113436 0.00463384 0.00294531 0.00323362 0.00420136 0.00539049 0.00660602 0.00770684 0.00856871 0.00909821 0.00925101 0.00903951 0.00852517 0.00779959 0.00696081 0.00609307 0.00525541 0.00448012 0.00377849 0.0031497 0.00258874
 1.00737e-16 3.08294e-05 0.000180933 0.00086005 0.0033112 0.0103256 0.0260818 0.0533677 0.0884658 0.118816 0.129318 0.114122 0.0818112 0.0479847 0.0237333 0.0112103 0.00708971 0.00743189 0.0097974 0.0130579 0.0166567 0.0201606 0.0231346 0.0251782 0.0260072 0.0255209 0.023826 0.0212049 0.0180423 0.0147352 0.0116138 0.00889576 0.00667777 0.0049573 0.00366929 0.0027229
 1.0171e-16 2.80454e-05 0.000164588 0.000782346 0.00301202 0.00939265 0.0237252 0.0485458 0.0804736 0.108084 0.117645 0.103837 0.0744731 0.0437524 0.0217754 0.0105165 0.00696871 0.00756715 0.0101083 0.0135738 0.0174545 0.0213397 0.0248042 0.027443 0.0289505 0.0291863 0.0282017 0.0262142 0.0235446 0.0205368 0.0174886 0.0146117 0.0120234 0.00976447 0.00782743 0.00618347
 1.02046e-16 3.04698e-05 0.000178827 0.00085005 0.00327272 0.0102056 0.0257787 0.052747 0.0874353 0.117427 0.127795 0.11275 0.080766 0.0472487 0.0231426 0.0105576 0.00619081 0.00614429 0.0080222 0.0107513 0.0138518 0.0169876 0.0198268 0.0220543 0.02343 0.0238385 0.0233096 0.0219988 0.0201393 0.0179815 0.0157411 0.0135705 0.0115544 0.00972444 0.00808143 0.00661537
 1.02767e-16 2.38573e-05 0.000139994 0.000665408 0.00256175 0.0079885 0.0201785 0.0412896 0.0684485 0.0919435 0.100103 0.0884178 0.0635536 0.0376177 0.0192428 0.0101587 0.00785795 0.00934464 0.0127496 0.0171648 0.0220606 0.0269429 0.0312782 0.0345583 0.0364046 0.0366516 0.0353792 0.0328773 0.0295618 0.0258711 0.022176 0.0187291 0.0156578 0.0129898 0.0106938 0.0087176
 1.08226e-16 1.36515e-06 7.92146e-06 3.74662e-05 0.000143931 0.000448545 0.00113362 0.0023243 0.00387092 0.00525348 0.00586173 0.00551533 0.00470115 0.00426573 0.00492177 0.007043 0.0107727 0.0161644 0.0231841 0.0316176 0.0409901 0.0505661 0.0594438 0.0667213 0.0716841 0.0739518 0.0735379 0.0708024 0.0663243 0.0607419 0.0546175 0.0483624 0.0422293 0.0363507 0.0307949 0.0256123
pSPR Fmed_Fpbrs
0.505757   0.418513 0.418513
Fs Fmed_Fpbrs
0.68478   1.005 1.005
SSBpbr Bo_Bmed_Bpbrs
897156  408885  330614 330614
Ro
21590.3
SPR SPRFo_SPRFmed_SPRFpbrs
444966 225045 186224
log_Ro
9.8
likeval ReclasPelacesDesembMPH_pf_preclas_ppelaces_ptallas_desvR_qrecl_qpela
 96.2367 81.3511 0.0913996 0.000185918 317.383 194.815 70.416 0 49.4845 7.70725e-06 0 0 0 0 0
q_reclas_q_pelaces
0.67476 1
M
0.7
N
 8423.88 41966.9 13814.5 1768.67 0.142078
 14966.8 4092.27 17865.4 5476.38 697.266
 2041.3 7184.24 1601.82 6263.94 2145.76
 22234.5 866.587 1188.72 159.399 803.504
 51801.4 9997.92 214.583 213.325 168.272
 17530.2 25399 4541.76 93.5436 165.798
 53393.6 7964.06 6759.28 905.662 50.5105
 71809.7 24624.8 2355.19 1572.7 218.293
 93665.4 30944.3 4524.51 273.181 200.286
 207801 40803.1 6135.39 586.615 59.3174
 56402.9 96482.8 12649 1529.44 158.26
 25095 26041.3 28754.4 2976.6 389.782
 52469.4 11777.3 8702.98 8000.84 923.159
 21279.2 23442.1 2787.76 1462.16 1459.07
 14301.1 8668.95 2905.69 181.82 180.865
 15025 5663 880.536 141.63 16.657
 9969.53 6746.14 1387.8 155.64 27.262
 9778.03 4586.6 1960.99 314.876 40.6887
 7731.06 4587.19 1528.8 543.539 97.1216
 28526.3 3627.45 1530.65 424.417 175.273
 31410.7 13200.5 1098.35 368.647 141.806
 33037.3 15228.8 5541.75 426.632 197.045
 46298.1 15977 6280.87 2097.45 234.428
 29658.2 22203.4 6214 2181.72 802.767
 563.293 14118 8197.21 2000.1 950.128
pred_Ctot
 131.819 4346.55 2030.06 265.762 0.021374
 359.951 631.826 3852.8 1206.15 153.743
 214.953 3662.64 1004.85 3975.92 1362.83
 1519.75 325.037 577.93 78.7022 397.05
 470.661 615.844 18.991 19.3237 15.2616
 1078.92 8783.38 2057.54 43.0708 76.4048
 2748.47 2386.22 2696.66 367.672 20.5248
 6885 11795.6 1405.48 950.433 132.01
 8331.77 14076.5 2588.57 158.382 116.201
 9752.4 11326.6 2285.03 222.442 22.5144
 2861.39 28565.3 4992.66 614.348 63.6292
 994.537 6264.78 9397.24 991.377 129.95
 3808.01 4622.5 4399.29 4105.38 474.067
 2780.24 13651.1 1937.74 1026.25 1024.6
 2110.95 5404.52 2123.64 134.023 133.38
 1041.61 2147.08 432.091 70.5737 8.30688
 529.658 2074.07 566.585 64.6457 11.3338
 390.028 1109.55 644.154 105.406 13.6343
 307.564 1107.18 501.141 181.574 32.477
 1403.62 1047.27 590.635 166.697 68.906
 535.499 1481.93 174.489 59.8715 23.0576
 622.026 1875.93 962.794 75.7547 35.0288
 1142.88 2526.12 1385.49 472.477 52.8669
 885.354 4166.92 1611.83 577.484 212.715
 22.0614 3362.03 2653.99 659.985 313.836
F
 0.0219709 0.154016 0.225274 0.230897 0.231201
 0.0339457 0.23796 0.348056 0.356743 0.357212
 0.156777 1.09901 1.60749 1.64761 1.64977
 0.0992673 0.695866 1.01782 1.04322 1.0446
 0.012705 0.0890626 0.130269 0.13352 0.133696
 0.0889861 0.623795 0.912404 0.935176 0.936406
 0.0739392 0.518316 0.758123 0.777045 0.778067
 0.141832 0.994243 1.45425 1.49054 1.4925
 0.130972 0.918115 1.3429 1.37641 1.37822
 0.0672146 0.471176 0.689173 0.706374 0.707303
 0.0728349 0.510575 0.7468 0.76544 0.766446
 0.0564933 0.396019 0.579244 0.593701 0.594482
 0.105697 0.74094 1.08375 1.1108 1.11226
 0.197982 1.38786 2.02998 2.08064 2.08338
 0.226386 1.58697 2.32121 2.37914 2.38227
 0.100746 0.706235 1.03299 1.05877 1.06016
 0.076394 0.535524 0.783293 0.802843 0.803899
 0.0568695 0.398657 0.583101 0.597655 0.598441
 0.0567155 0.397577 0.581523 0.596037 0.596821
 0.0705729 0.494718 0.723607 0.741667 0.742643
 0.0239576 0.167943 0.245645 0.251776 0.252107
 0.026488 0.185682 0.271591 0.278369 0.278735
 0.0348564 0.244344 0.357394 0.366314 0.366796
 0.0422895 0.29645 0.433608 0.44443 0.445015
 0.0558126 0.391248 0.572265 0.586548 0.587319
nmprior
 10 11 7 0
nm_flota  nm_reclas  nm_pelaces    nm_pelaL
inf 32.8645 22.1359 41.126
cv_recla  cv_pelaces  cv_mph
0.887351 1.06132 0.442384
 ------------------------------------------------
Talla a la edad & desviación 
 7.2 14.2025 17.0495 18.207 18.6776
 1.08 2.13037 2.55742 2.73105 2.80164
