years
 1997 1998 1999 2000 2001 2002 2003 2004 2005 2006 2007 2008 2009 2010 2011 2012 2013 2014 2015 2016 2017 2018 2019 2020 2021
reclasobs
 0 0 0 370054 412103 1.49427e+06 250295 1.28982e+06 931140 785840 897777 1.04006e+06 184774 17550 25797 100020 73551 82996 120727 218422 84188 347160 605670 569463 516374
reclaspred
 1.68643e+06 506072 1.7902e+06 1.14227e+06 1.187e+06 1.43136e+06 2.73816e+06 1.74508e+06 1.77038e+06 1.50796e+06 1.21641e+06 813739 471851 219899 157119 171852 230712 353554 415668 563321 844652 848877 1.50643e+06 2.00957e+06 3.50924e+06
pelacesobs
 0 0 0 0 0 0 0 0 0 2.06254e+06 1.5e+06 0 1.87456e+06 323000 250000 174000 83755 137374 0 501740 490994 745055 786931 1.00524e+06 0
pelacespred
 1.25421e+06 504535 691672 841612 744017 744224 1.38265e+06 1.25744e+06 1.05518e+06 939067 652996 446331 252492 95663.1 68896.9 85493.3 120175 185818 231205 302710 491636 515992 694002 1.09102e+06 1.90899e+06
mphobs
 0 0 0 0 0 112323 0 153150 637223 0 255016 313432 73983 77613 109348 50772 0 0 0 0 0 0 0 0 0
mphpred
 1.09421e+06 830165 969746 1.25563e+06 1.02349e+06 1.23337e+06 1.75311e+06 1.98583e+06 1.59414e+06 1.47418e+06 1.26663e+06 860808 530316 278015 140499 136474 173230 263111 352456 423470 633618 783061 1.01247e+06 1.49864e+06 2.56359e+06
desembarqueobs
 350755 77701 442110 56441 14545 235359 269955 359681 431902 328805 639364 411747 362871 311530 167758 66681 60226 58785 57116 71774 51957 67425 138520 160799 200461
desembarquepred
 350803 77720.5 442383 56449.2 14545.5 235485 270034 359851 432157 328985 640375 412466 363659 312449 167957 66725.5 60267 58804.2 57128.2 71789.8 51962.9 67431.7 138542 160820 200471
Reclutas
 107330 97125.8 61290.8 67358.1 99567.4 85992.5 129552 110877 122909 113188 69739.8 44771.6 44505 29649.1 22104.7 22304.7 20763.2 24462.2 28080.7 46161.3 66516.1 83872.3 138286 207358 343930
log_desv_Rt
 0.463667 0.363762 -0.0966149 -0.00222124 0.38859 0.242016 0.65184 0.496179 0.599198 0.516804 0.0325262 -0.410671 -0.416643 -0.822814 -1.11645 -1.10745 -1.17906 -1.01512 -0.877163 -0.380104 -0.0148002 0.21705 0.717078 1.1222 1.62819
SSB
 1.09421e+06 830165 969746 1.25563e+06 1.02349e+06 1.23337e+06 1.75311e+06 1.98583e+06 1.59414e+06 1.47418e+06 1.26663e+06 860808 530316 278015 140499 136474 173230 263111 352456 423470 633618 783061 1.01247e+06 1.49864e+06 2.56359e+06
BT
 4.18897e+06 1.10282e+06 1.9138e+06 1.76088e+06 1.60602e+06 1.63925e+06 3.52236e+06 3.05353e+06 2.76863e+06 2.32435e+06 1.95035e+06 1.31076e+06 910745 503872 314743 250869 331408 469800 532020 739794 1.18974e+06 1.1055e+06 1.56945e+06 2.56244e+06 4.44803e+06
Ftot
 0.201735 0.149269 0.23864 0.0482958 0.012 0.159673 0.0961328 0.199725 0.235901 0.211137 0.497983 0.480097 0.715616 1.24413 0.974099 0.371965 0.252351 0.16153 0.133657 0.124045 0.0600954 0.0775086 0.0896732 0.078098 0.0558157
BD_Bspro_t
 0.973729 0.854329 0.816482 0.726758 0.783473 0.854051 0.820092 0.821909 0.761214 0.706776 0.651575 0.486657 0.374673 0.266505 0.168367 0.190169 0.295031 0.469593 0.600252 0.696848 0.791811 0.860295 0.871255 0.879239 0.895228
BD_Bspro
 0.786466 0.596681 0.697004 0.902481 0.73563 0.886484 1.26004 1.42732 1.14578 1.05957 0.91039 0.618705 0.381164 0.199823 0.100984 0.0980907 0.124509 0.189111 0.253328 0.304368 0.455413 0.562824 0.72771 1.07715 1.84258
BD_Bo
 0.757793 0.574927 0.671593 0.869579 0.708811 0.854165 1.21411 1.37528 1.10401 1.02094 0.8772 0.596148 0.367268 0.192538 0.0973022 0.0945145 0.119969 0.182216 0.244092 0.293272 0.438809 0.542305 0.701179 1.03788 1.7754
BD_Brms
 3.7022 2.80881 3.28107 4.24833 3.4629 4.17303 5.93152 6.71894 5.39366 4.98779 4.28557 2.91249 1.79429 0.940645 0.47537 0.461751 0.586112 0.890219 1.19251 1.43278 2.14381 2.64944 3.42562 5.07056 8.67373
S_f
 0.5 1 1 1 1
 0.5 1 1 1 1
 0.5 1 1 1 1
 0.5 1 1 1 1
 0.5 1 1 1 1
 0.5 1 1 1 1
 0.5 1 1 1 1
 0.5 1 1 1 1
 0.5 1 1 1 1
 0.5 1 1 1 1
 0.5 1 1 1 1
 0.5 1 1 1 1
 0.5 1 1 1 1
 0.5 1 1 1 1
 0.5 1 1 1 1
 0.5 1 1 1 1
 0.5 1 1 1 1
 0.5 1 1 1 1
 0.5 1 1 1 1
 0.5 1 1 1 1
 0.5 1 1 1 1
 0.5 1 1 1 1
 0.5 1 1 1 1
 0.5 1 1 1 1
 0.5 1 1 1 1
Scru_reclas
 0.5 1 1 1 1
 0.5 1 1 1 1
 0.5 1 1 1 1
 0.5 1 1 1 1
 0.5 1 1 1 1
 0.5 1 1 1 1
 0.5 1 1 1 1
 0.5 1 1 1 1
 0.5 1 1 1 1
 0.5 1 1 1 1
 0.5 1 1 1 1
 0.5 1 1 1 1
 0.5 1 1 1 1
 0.5 1 1 1 1
 0.5 1 1 1 1
 0.5 1 1 1 1
 0.5 1 1 1 1
 0.5 1 1 1 1
 0.5 1 1 1 1
 0.5 1 1 1 1
 0.5 1 1 1 1
 0.5 1 1 1 1
 0.5 1 1 1 1
 0.5 1 1 1 1
 0.5 1 1 1 1
Scru_pelaces
 0.5 1 1 1 1
 0.5 1 1 1 1
 0.5 1 1 1 1
 0.5 1 1 1 1
 0.5 1 1 1 1
 0.5 1 1 1 1
 0.5 1 1 1 1
 0.5 1 1 1 1
 0.5 1 1 1 1
 0.5 1 1 1 1
 0.5 1 1 1 1
 0.5 1 1 1 1
 0.5 1 1 1 1
 0.5 1 1 1 1
 0.5 1 1 1 1
 0.5 1 1 1 1
 0.5 1 1 1 1
 0.5 1 1 1 1
 0.5 1 1 1 1
 0.5 1 1 1 1
 0.5 1 1 1 1
 0.5 1 1 1 1
 0.5 1 1 1 1
 0.5 1 1 1 1
 0.5 1 1 1 1
pf_obs 
 0.256992 0.487395 0.22802 0.0275931 0
 0.321318 0.546541 0.124235 0.00734118 0.000564706
 0.182869 0.594174 0.210203 0.0122559 0.00049798
 0.330522 0.361315 0.267642 0.0388342 0.00168674
 0.649043 0.306663 0.0425973 0.00169635 0
 0.582887 0.30429 0.105238 0.00758474 0
 0.465427 0.430635 0.0974691 0.00646863 0
 0.296916 0.608066 0.0921331 0.00288517 0
 0.311714 0.524322 0.152257 0.0117073 0
 0.15457 0.633149 0.183074 0.0267441 0.00246327
 0.131901 0.49318 0.331252 0.0422183 0.00144891
 0.196976 0.569456 0.194076 0.0375587 0.00193317
 0.518974 0.381816 0.0799577 0.0180837 0.00116848
 0.0928022 0.601141 0.25162 0.0475244 0.00691264
 0.122501 0.610282 0.24278 0.0234846 0.000952079
 0.383417 0.481906 0.127806 0.00687128 0
 0.0376549 0.599619 0.316969 0.0457579 0
 0.0361596 0.667082 0.258105 0.0386534 0
 0.158088 0.579412 0.248529 0.0139706 0
 0.0477256 0.309471 0.559284 0.082774 0.000745712
 0.0406174 0.521527 0.379366 0.0568643 0.0016247
 0.151134 0.462217 0.34131 0.0453401 0
 0.294876 0.26143 0.354403 0.0886775 0.000613685
 0.281977 0.475581 0.204845 0.0348837 0.00271318
 0 0 0 0 0
pf_pred 
 0.652101 0.249354 0.0884796 0.0100603 5.1591e-06
 0.45401 0.436148 0.0787285 0.0279356 0.00317798
 0.313675 0.435379 0.200461 0.0361849 0.0143003
 0.383951 0.304705 0.197505 0.0909371 0.0229021
 0.460441 0.301184 0.117903 0.076423 0.0440491
 0.36375 0.401684 0.130936 0.0512566 0.0523735
 0.477513 0.284606 0.150182 0.0489542 0.0387452
 0.381148 0.403827 0.117127 0.0618058 0.0360919
 0.423351 0.326361 0.163324 0.0473709 0.0395937
 0.400138 0.366528 0.132058 0.0660871 0.0351893
 0.309338 0.404903 0.174604 0.0629091 0.0482454
 0.317927 0.347222 0.196307 0.0846527 0.0538906
 0.43179 0.29414 0.139521 0.0788802 0.0556694
 0.440965 0.365202 0.10034 0.0475947 0.0458989
 0.541454 0.321044 0.089826 0.0246799 0.022996
 0.576408 0.322417 0.0708362 0.0198195 0.0105194
 0.472531 0.396638 0.0995822 0.0218785 0.00937049
 0.478441 0.343313 0.134035 0.0336515 0.0105599
 0.458954 0.355802 0.121935 0.0476054 0.0157027
 0.536977 0.295379 0.110246 0.0377818 0.0196161
 0.52481 0.33552 0.089101 0.0332556 0.0173141
 0.479384 0.36025 0.11323 0.0300696 0.0170661
 0.534719 0.303848 0.111707 0.0351105 0.0146159
 0.530031 0.329983 0.0914164 0.0336083 0.0149608
 0.550793 0.313319 0.0954126 0.0264324 0.0140434
pobs_RECLAS
 0 0 0 0 0
 0 0 0 0 0
 0 0 0 0 0
 0 0 0 0 0
 0.835266 0.146461 0.0176864 0.000547809 3.91292e-05
 0.385257 0.428462 0.181853 0.0044286 0
 0.867414 0.0963971 0.0333333 0.00285562 0
 0.441836 0.489002 0.0689373 0.000224442 0
 0.779404 0.147425 0.0564933 0.0165055 0.000172143
 0.814271 0.122319 0.05973 0.00367925 0
 0.40263 0.566651 0.0304383 0.000280538 0
 0.475488 0.404961 0.113038 0.00651328 0
 0.955842 0.0263864 0.0167828 0.000988607 0
 0.975058 0.0227948 0.00214734 0 0
 0.738997 0.206755 0.0527124 0.00153531 0
 0.850938 0.134255 0.0134407 0.00136685 0
 0.542534 0.407297 0.0501686 0 0
 0.764087 0.199537 0.0359546 0.000420521 0
 0.470689 0.182191 0.310203 0.0369168 0
 0.84361 0.089868 0.0606195 0.00523954 0.000663233
 0.607945 0.314616 0.071237 0.00620181 0
 0.523733 0.453247 0.0230204 0 0
 0.530135 0.295979 0.169645 0.0042399 0
 0.562478 0.366248 0.0663022 0.0049721 0
 0.250443 0.683176 0.0655157 0.000865301 0
ppred_RECLAS
 0.653703 0.248206 0.0880721 0.010014 5.13534e-06
 0.455248 0.435159 0.0785499 0.0278723 0.00317077
 0.315536 0.434198 0.199917 0.0360868 0.0142616
 0.384298 0.304533 0.197394 0.0908858 0.0228892
 0.460528 0.301136 0.117884 0.0764106 0.044042
 0.365 0.400895 0.130679 0.0511559 0.0522707
 0.478277 0.28419 0.149962 0.0488826 0.0386886
 0.382798 0.40275 0.116815 0.0616411 0.0359957
 0.42543 0.325184 0.162735 0.0472001 0.039451
 0.40193 0.365433 0.131664 0.0658897 0.0350841
 0.314026 0.402155 0.173419 0.0624821 0.047918
 0.322458 0.344916 0.195004 0.0840904 0.0535326
 0.440631 0.289563 0.13735 0.0776528 0.0548032
 0.461019 0.352101 0.0967405 0.0458873 0.0442524
 0.555353 0.311313 0.0871033 0.0239319 0.0222989
 0.58005 0.319645 0.0702271 0.0196491 0.0104289
 0.474832 0.394908 0.0991478 0.0217831 0.00932962
 0.479805 0.342415 0.133684 0.0335635 0.0105323
 0.460049 0.355082 0.121688 0.0475091 0.0156709
 0.537985 0.294736 0.110006 0.0376995 0.0195734
 0.525271 0.335194 0.0890146 0.0332234 0.0172973
 0.479989 0.359831 0.113099 0.0300346 0.0170463
 0.535425 0.303387 0.111537 0.0350572 0.0145937
 0.53064 0.329556 0.0912979 0.0335647 0.0149414
 0.551216 0.313023 0.0953227 0.0264076 0.0140302
pobs_PELACES
 0 0 0 0 0
 0 0 0 0 0
 0 0 0 0 0
 0 0 0 0 0
 0 0 0 0 0
 0 0 0 0 0
 0 0 0 0 0
 0 0 0 0 0
 0 0 0 0 0
 0 0 0 0 0
 0.450072 0.473896 0.0757376 0.000293798 0
 0 0 0 0 0
 0.463077 0.371075 0.160297 0.00555027 0
 0.529543 0.364841 0.0842815 0.0213345 0
 0.631943 0.363953 0.00410389 0 0
 0.735681 0.248677 0.0153453 0.000297389 0
 0.695825 0.281241 0.0229344 0 0
 0.275771 0.60734 0.115278 0.00161068 0
 0 0 0 0 0
 0.896147 0.0623911 0.0374545 0.00400742 0
 0.803859 0.145111 0.0509908 3.86294e-05 0
 0.739449 0.233085 0.0266225 0.000797448 4.60066e-05
 0.878498 0.100942 0.0204185 0.000141795 0
 0.694673 0.275183 0.0284847 0.00165964 0
 0 0 0 0 0
ppred_PELACES
 0.661199 0.242833 0.0861656 0.00979724 5.02418e-06
 0.461363 0.430274 0.0776682 0.0275594 0.00313518
 0.324101 0.428765 0.197416 0.0356353 0.0140831
 0.386186 0.303599 0.196789 0.0906072 0.0228191
 0.46102 0.300861 0.117776 0.0763409 0.0440018
 0.371127 0.397027 0.129418 0.0506623 0.0517663
 0.482236 0.282033 0.148824 0.0485117 0.038395
 0.390613 0.39765 0.115336 0.0608605 0.0355399
 0.434971 0.319784 0.160033 0.0464163 0.0387959
 0.410332 0.360299 0.129814 0.064964 0.0345912
 0.331991 0.391623 0.168878 0.0608458 0.0466631
 0.340002 0.335984 0.189954 0.0819129 0.0521464
 0.469905 0.274409 0.130162 0.0735889 0.0519351
 0.512258 0.318628 0.0875438 0.041525 0.0400455
 0.594608 0.283829 0.0794135 0.021819 0.0203303
 0.594922 0.308325 0.06774 0.0189532 0.0100596
 0.485224 0.387093 0.0971858 0.0213521 0.009145
 0.48646 0.338034 0.131974 0.0331341 0.0103975
 0.465532 0.351477 0.120453 0.0470267 0.0155118
 0.543069 0.291493 0.108796 0.0372848 0.019358
 0.527742 0.333449 0.088551 0.0330504 0.0172072
 0.483182 0.357622 0.112404 0.0298502 0.0169416
 0.539104 0.300985 0.110654 0.0347797 0.0144781
 0.533848 0.327303 0.0906739 0.0333353 0.0148393
 0.553493 0.311435 0.094839 0.0262736 0.013959
pobs_pel_tallas
 0 0 0 0 0 0 0 0 0 0 0 0 0 0 0 0 0 0 0 0 0 0 0 0 0 0 0 0 0 0 0 0 0 0 0 0
 0 0 0 0 0 0 0 0 0 0 0 0 0 0 0 0 0 0 0 0 0 0 0 0 0 0 0 0 0 0 0 0 0 0 0 0
 0 0 0 0 0 0 0 0 0 0 0 0 0 0 0 0 0 0 0 0 0 0 0 0 0 0 0 0 0 0 0 0 0 0 0 0
 0 0 0 0 0 0 0 0 0 0 0 0 0 0 0 0 0 0 0 0 0 0 0 0 0 0 0 0 0 0 0 0 0 0 0 0
 0 0 0 0 0 0 0 0 0 0 0 0 0 0 0 0 0 0 0 0 0 0 0 0 0 0 0 0 0 0 0 0 0 0 0 0
 0 0 0 0 0 0 0 0 0 0 0 0 0 0 0 0 0 0 0 0 0 0 0 0 0 0 0 0 0 0 0 0 0 0 0 0
 0 0 0 0 0 0 0 0 0 0 0 0 0 0 0 0 0 0 0 0 0 0 0 0 0 0 0 0 0 0 0 0 0 0 0 0
 0 0 0 0 0 0 0 0 0 0 0 0 0 0 0 0 0 0 0 0 0 0 0 0 0 0 0 0 0 0 0 0 0 0 0 0
 0 0 0 0 0 0 0 0 0 0 0 0 0 0 0 0 0 0 0 0 0 0 0 0 0 0 0 0 0 0 0 0 0 0 0 0
 0 0 0 0 0 0 0 0 0 0 0 0 0 0 0 0 0 0 0 0 0 0 0 0 0 0 0 0 0 0 0 0 0 0 0 0
 0 0 0 0 0 0 0 0 1.78061e-05 0.00172719 0.00360574 0.0105946 0.0120993 0.0124554 0.0147524 0.0171206 0.0266825 0.0428682 0.0675386 0.121331 0.153587 0.119568 0.100827 0.0573624 0.0630603 0.0341343 0.0324427 0.0444173 0.0211091 0.0280891 0.0125444 0.00206551 0 0 0 0
 0 0 0 0 0 0 0 0 0 0 0 0 0 0 0 0 0 0 0 0 0 0 0 0 0 0 0 0 0 0 0 0 0 0 0 0
 0 0 0 0 0 0 0.0133647 0.0140871 0.0187388 0.0205184 0.03894 0.0496705 0.03968 0.0493445 0.0407372 0.0367815 0.0215668 0.0243155 0.0234873 0.0199281 0.019796 0.0243948 0.0301388 0.0376714 0.0412746 0.0863199 0.0771752 0.113111 0.0741005 0.0525337 0.0229764 0.00759418 0.00175318 0 0 0
 0 0 0 0 0 0 0 0 0 0 0.00219441 0.00772107 0.0458388 0.0604681 0.0671733 0.0775358 0.0609151 0.0617685 0.073594 0.0568108 0.0755445 0.0548602 0.0670107 0.0636378 0.0643287 0.046367 0.0373049 0.0286899 0.0247887 0.0153202 0.00654259 0.00121912 0.000365735 0 0 0
 0 0 0 0 0 0 0 0 0 0 0 0 0.000112435 0.00938835 0.0111873 0.0202946 0.0414886 0.0713402 0.111592 0.104902 0.108894 0.110636 0.117776 0.105296 0.107544 0.0401394 0.0192827 0.0124803 0.00416011 0.0028671 0.000618394 0 0 0 0 0
 0 0 0 0 0 0 0 0 0 0 0.00291406 0.0102884 0.027416 0.0768956 0.0749926 0.110853 0.0956884 0.0897413 0.0766577 0.0534642 0.0500743 0.0551293 0.0594112 0.0620874 0.0668451 0.0424026 0.0208742 0.0120726 0.0048766 0.00582813 0.00118941 0.000297354 0 0 0 0
 0 0.00264628 0.0354308 0.0461629 0.0458689 0.0383711 0.0214643 0.0164657 0.0346957 0.0420465 0.0363128 0.0245516 0.0311673 0.0291091 0.0169068 0.0133784 0.00837989 0.0085269 0.0148486 0.0160247 0.0276389 0.0546898 0.0760071 0.122758 0.109233 0.0665981 0.0333725 0.0166128 0.00676272 0.00308733 0.000882094 0 0 0 0 0
 0 0 0 0 0 0 0 0.000805153 0.000690131 0.00759144 0.0133425 0.0154129 0.00931677 0.000345066 0.00356568 0.00563607 0.00851162 0.0253048 0.0502646 0.0516448 0.0657925 0.0565908 0.0611916 0.0827007 0.0866115 0.110766 0.145733 0.0935128 0.0569358 0.0249597 0.0138026 0.00621118 0.00161031 0.00115022 0 0
 0 0 0 0 0 0 0 0 0 0 0 0 0 0 0 0 0 0 0 0 0 0 0 0 0 0 0 0 0 0 0 0 0 0 0 0
 0.00147267 0.00158595 0.00478618 0.00569244 0.00954404 0.0108468 0.00647125 0.017049 0.0510054 0.094081 0.124002 0.0959785 0.0687766 0.0820023 0.061753 0.0591476 0.0492212 0.0479892 0.0443925 0.0268479 0.0217502 0.0140895 0.0121071 0.0120363 0.00920419 0.00665534 0.0049561 0.00860946 0.00930331 0.0156896 0.0114698 0.00855282 0.00243557 0.00046729 0 2.83206e-05
 0 0 0 0 0.000772559 0.00158375 0.000888443 0.00281984 0.00712685 0.0440552 0.0773331 0.111326 0.0921469 0.0852325 0.0710754 0.0886704 0.0786465 0.0553345 0.0373146 0.0185414 0.00753245 0.00457741 0.012979 0.0271748 0.0457355 0.0583668 0.034881 0.0177882 0.00938659 0.00492506 0.0015258 0.00185414 0.000309023 5.79419e-05 3.86279e-05 0
 0 0.00173294 0.00326652 0 0.00397197 0.00683976 0.00946217 0.0152591 0.00757587 0.0136028 0.0228656 0.0392903 0.0559909 0.0764795 0.0681675 0.0726916 0.0566044 0.0477403 0.0527397 0.0444891 0.0609904 0.0582453 0.0661739 0.0445044 0.0529084 0.0360697 0.0280645 0.0235558 0.0158879 0.00826598 0.00280645 0.00217768 0.000904811 0.00058276 9.20147e-05 0
 0 0 0 0 0 0 0 0 0 0 0 0 0 0 0 0 0 0 0 0 0 0 0 0 0 0 0 0 0 0 0 0 0 0 0 0
 0 0 0 0 0 0 0 0 0 0 0 0 0 0 0 0 0 0 0 0 0 0 0 0 0 0 0 0 0 0 0 0 0 0 0 0
 0 0 0 0 0 0 0 0 0 0 0 0 0 0 0 0 0 0 0 0 0 0 0 0 0 0 0 0 0 0 0 0 0 0 0 0
ppred_pel_tallas
 1.0164e-16 2.88541e-05 0.000169337 0.000804926 0.00309896 0.00966379 0.0244101 0.049947 0.0827955 0.111201 0.121031 0.106812 0.0765764 0.044927 0.0222465 0.0105557 0.00674966 0.00715325 0.00949864 0.012748 0.0163993 0.0200628 0.0233399 0.0258506 0.0273074 0.0275761 0.0267009 0.0248811 0.0224127 0.019614 0.0167617 0.0140535 0.0116009 0.0094452 0.00758356 0.00599363
 1.02337e-16 2.01478e-05 0.000118207 0.000561808 0.00216283 0.00674446 0.0170363 0.0348612 0.0577961 0.0776483 0.0845751 0.0747875 0.0539417 0.0323007 0.0172085 0.0101912 0.00919612 0.0117373 0.0162359 0.0218593 0.0280189 0.0340898 0.0393792 0.0432295 0.0451598 0.0449759 0.0428112 0.0390787 0.0343578 0.0292539 0.0242768 0.0197704 0.0159009 0.0126909 0.0100742 0.0079494
 1.04825e-16 1.41628e-05 8.30688e-05 0.000394757 0.00151964 0.00473869 0.0119699 0.024495 0.0406144 0.054578 0.0594812 0.0526796 0.0381749 0.0232189 0.0130288 0.00874767 0.00900926 0.0121325 0.0170425 0.0231376 0.0299224 0.0368114 0.0431244 0.0481904 0.0514854 0.0527409 0.0519886 0.0495242 0.0458092 0.0413495 0.0365899 0.0318546 0.027339 0.0231368 0.0192829 0.0157898
 1.07072e-16 1.68648e-05 9.89438e-05 0.000470254 0.00181037 0.00564534 0.0142599 0.0291796 0.0483755 0.0649887 0.0707779 0.0625677 0.0450862 0.0269163 0.0141966 0.00819867 0.00720684 0.00915952 0.012779 0.0174424 0.0227589 0.0283236 0.0336684 0.0383184 0.0418805 0.0441175 0.044979 0.0445808 0.0431459 0.0409308 0.0381658 0.0350254 0.0316307 0.0280707 0.0244286 0.0207981
 1.0645e-16 2.01276e-05 0.0001181 0.000561327 0.00216103 0.00673885 0.017022 0.034831 0.0577424 0.0775655 0.0844568 0.0746163 0.0536735 0.0318513 0.0164463 0.0089365 0.00722958 0.0088232 0.012164 0.016504 0.0214055 0.0264484 0.031167 0.0351044 0.0379023 0.0393736 0.03953 0.0385537 0.036729 0.0343585 0.0316948 0.0289061 0.0260791 0.0232458 0.0204192 0.0176206
 1.06127e-16 1.62118e-05 9.51019e-05 0.000451971 0.00173995 0.00542571 0.0137053 0.0280453 0.046498 0.0624752 0.0680634 0.0602225 0.0435146 0.0262144 0.0142557 0.00889908 0.00853023 0.0111846 0.0156176 0.0211667 0.0273414 0.0335959 0.0393087 0.043875 0.0468323 0.0479589 0.0473112 0.0451841 0.0420151 0.0382664 0.0343263 0.0304559 0.0267861 0.0233518 0.0201397 0.0171296
 1.05666e-16 2.10521e-05 0.000123529 0.00058714 0.00226042 0.00704881 0.0178049 0.0364327 0.0603968 0.0811283 0.0883286 0.078019 0.0560821 0.0332023 0.0170002 0.00900804 0.00702412 0.00842208 0.0115774 0.0157213 0.0204244 0.025288 0.0298709 0.0337355 0.0365317 0.0380651 0.0383253 0.0374633 0.035731 0.0334063 0.0307309 0.0278786 0.0249551 0.0220193 0.0191114 0.0162743
 1.05519e-16 1.70615e-05 0.00010009 0.000475687 0.00183126 0.00571046 0.0144245 0.029517 0.0489373 0.0657504 0.0716262 0.0633617 0.0457544 0.0275064 0.014854 0.0091125 0.00857068 0.0111503 0.0155356 0.0210315 0.0271341 0.0332911 0.0388777 0.0432888 0.0460652 0.0469927 0.0461392 0.0438135 0.0404688 0.0365817 0.0325518 0.028647 0.0249998 0.0216409 0.0185488 0.015692
 1.05784e-16 1.89926e-05 0.000111435 0.000529635 0.002039 0.0063583 0.0160608 0.0328644 0.0544835 0.0731914 0.0797036 0.0704395 0.0507182 0.0301968 0.0157751 0.00886656 0.00751686 0.00938084 0.0129989 0.0176559 0.0229096 0.0283154 0.0333724 0.0375844 0.0405575 0.0420783 0.0421464 0.0409478 0.0387843 0.0359876 0.0328459 0.0295659 0.0262711 0.0230257 0.019867 0.0168309
 1.05809e-16 1.79198e-05 0.000105133 0.000499667 0.0019236 0.00599843 0.0151519 0.0310049 0.0514025 0.0690576 0.0752155 0.0665052 0.0479555 0.0286921 0.0152453 0.0089728 0.00805405 0.0102914 0.0143054 0.0193936 0.0250825 0.0308726 0.0361997 0.0405129 0.0433867 0.0446095 0.0442186 0.0424647 0.0397279 0.0364131 0.0328625 0.0293096 0.025877 0.0226067 0.0195018 0.0165618
 1.06796e-16 1.45051e-05 8.50825e-05 0.000404338 0.00155655 0.00485379 0.0122606 0.0250895 0.0415987 0.0558963 0.0609065 0.0539149 0.039011 0.0236098 0.0130375 0.00844368 0.00840867 0.0111971 0.0157094 0.0213527 0.0276689 0.0341311 0.0401294 0.0450612 0.0484543 0.0500632 0.0499078 0.0482378 0.045444 0.0419485 0.0381128 0.0341888 0.0303178 0.0265607 0.0229415 0.0194815
 1.08058e-16 1.48522e-05 8.71254e-05 0.000414062 0.00159401 0.00497061 0.0125557 0.0256927 0.042597 0.0572323 0.0623477 0.0551561 0.0398343 0.0239592 0.0129632 0.0079988 0.00758924 0.00994515 0.013949 0.0190314 0.024794 0.0307952 0.0365199 0.0414494 0.045162 0.0474133 0.0481708 0.0475865 0.0459281 0.0434939 0.0405427 0.0372601 0.0337619 0.0301206 0.0263984 0.0226707
 1.06893e-16 2.05139e-05 0.000120371 0.000572127 0.00220262 0.00686857 0.0173496 0.0355011 0.0588525 0.0790539 0.0860702 0.0760243 0.0546486 0.0323543 0.0165675 0.00878173 0.00685262 0.00822267 0.0113116 0.0153746 0.0199987 0.0248026 0.0293644 0.0332662 0.0361734 0.0379 0.0384345 0.0379156 0.0365731 0.0346553 0.032371 0.0298611 0.0272032 0.0244357 0.0215889 0.0187069
 1.04645e-16 2.23625e-05 0.000131219 0.000623694 0.00240115 0.00748767 0.0189135 0.0387011 0.0641577 0.086181 0.093832 0.0828854 0.0595916 0.0353022 0.0181139 0.00965484 0.00758288 0.00909901 0.0124597 0.0168205 0.0216891 0.0266021 0.031056 0.0345673 0.0367707 0.0374983 0.0368083 0.034952 0.0322947 0.0292191 0.0260439 0.0229797 0.0201269 0.0175035 0.0150853 0.0128418
 1.0292e-16 2.5952e-05 0.000152296 0.000723901 0.00278699 0.00869089 0.0219527 0.0449192 0.0744632 0.100016 0.108873 0.0961203 0.0689944 0.0406459 0.0204377 0.0102172 0.00722267 0.00817113 0.0110274 0.0148351 0.0190882 0.0233531 0.0271726 0.0301113 0.0318422 0.0322185 0.0313003 0.029325 0.0266372 0.0236003 0.0205218 0.017611 0.0149742 0.0126362 0.0105757 0.00875651
 1.02184e-16 2.59667e-05 0.00015238 0.000724295 0.00278849 0.00869558 0.0219645 0.0449438 0.0745045 0.100073 0.108941 0.0961926 0.0690734 0.0407466 0.0205881 0.0104549 0.00759126 0.00871559 0.0117868 0.015832 0.0203163 0.0247676 0.0286863 0.0315997 0.0331592 0.0332178 0.0318602 0.0293686 0.0261438 0.0226061 0.0191104 0.0158971 0.0130849 0.0106946 0.00868783 0.00700404
 1.02667e-16 2.11866e-05 0.000124309 0.000590827 0.00227458 0.00709295 0.0179165 0.0366618 0.0607795 0.0816507 0.0889195 0.0785934 0.056609 0.0337424 0.0176941 0.0100423 0.00860259 0.010745 0.014813 0.0199638 0.0256434 0.0312872 0.0362719 0.0400023 0.0420358 0.0421814 0.0405373 0.0374499 0.0334157 0.0289588 0.0245243 0.020418 0.0167963 0.0136947 0.0110751 0.00887056
 1.03608e-16 2.12386e-05 0.000124619 0.000592309 0.0022803 0.00711079 0.0179616 0.0367536 0.0609303 0.0818492 0.0891251 0.0787499 0.0566669 0.0336676 0.0174564 0.00959793 0.0078876 0.00968276 0.0133334 0.0180277 0.0232684 0.0285669 0.0333826 0.0371899 0.0395846 0.0403683 0.0395833 0.037481 0.0344427 0.0308797 0.0271488 0.0235038 0.0200892 0.0169631 0.0141344 0.011594
 1.04166e-16 2.03265e-05 0.000119263 0.000566844 0.00218225 0.00680503 0.0171892 0.0351735 0.0583116 0.0783341 0.0853041 0.0753898 0.054284 0.032322 0.0168875 0.00949057 0.00803396 0.00999783 0.0138045 0.0186671 0.0240863 0.0295593 0.0345276 0.0384498 0.0409118 0.0417153 0.0409116 0.038768 0.0356832 0.0320832 0.0283317 0.0246816 0.0212688 0.0181399 0.0152916 0.0127065
 1.03826e-16 2.3705e-05 0.000139103 0.00066118 0.00254549 0.00793778 0.0200504 0.0410272 0.0680123 0.0913547 0.0994541 0.0878258 0.0630873 0.0372602 0.018911 0.00974585 0.00726257 0.00848073 0.011552 0.0156009 0.0201465 0.0247579 0.0289702 0.0323334 0.0345012 0.0353036 0.0347753 0.0331283 0.0306829 0.0277829 0.0247226 0.0217073 0.0188496 0.0161913 0.0137362 0.0114783
 1.03306e-16 2.30383e-05 0.000135186 0.000642547 0.00247373 0.00771401 0.0194852 0.0398711 0.0660973 0.0887866 0.0966697 0.0853938 0.0613987 0.03638 0.0186798 0.00997562 0.00785412 0.00942913 0.0128991 0.0173857 0.022369 0.0273571 0.031816 0.035235 0.0372314 0.0376345 0.0365174 0.034162 0.0309756 0.0273875 0.0237604 0.0203405 0.0172521 0.014523 0.0121264 0.0100176
 1.0353e-16 2.10963e-05 0.000123782 0.000588328 0.00226497 0.00706297 0.0178408 0.0365066 0.0605215 0.0813018 0.0885336 0.0782384 0.0563229 0.0335112 0.0174628 0.00973949 0.00815812 0.0100967 0.0139123 0.0187847 0.0241956 0.0296274 0.0345081 0.0382865 0.0405457 0.0410931 0.0399955 0.0375438 0.0341647 0.0303122 0.0263739 0.0226183 0.0191875 0.0161241 0.0134129 0.0110187
 1.03541e-16 2.35325e-05 0.00013809 0.000656359 0.00252692 0.00787989 0.0199042 0.040728 0.0675168 0.0906901 0.0987334 0.0871959 0.062649 0.0370297 0.0188464 0.00979764 0.00740425 0.00871052 0.0118811 0.0160409 0.0207009 0.025416 0.0297047 0.0331014 0.0352488 0.0359734 0.035315 0.0334984 0.0308619 0.0277685 0.0245304 0.0213661 0.0183965 0.0156663 0.013178 0.0109209
 1.03233e-16 2.33043e-05 0.000136748 0.000649975 0.00250234 0.00780321 0.0197105 0.040332 0.0668611 0.0898117 0.0977835 0.086372 0.0620898 0.0367649 0.0188322 0.00998433 0.00777576 0.0092841 0.0126871 0.0171002 0.0220071 0.0269235 0.0313248 0.0347087 0.0366982 0.0371232 0.0360527 0.0337604 0.0306435 0.0271215 0.0235498 0.0201711 0.0171094 0.0143952 0.0120057 0.00990037
 1.03003e-16 2.41603e-05 0.000141775 0.000673876 0.00259437 0.00809021 0.0204354 0.0418151 0.0693189 0.0931106 0.101368 0.0895227 0.0643199 0.0380155 0.019344 0.0100478 0.00757901 0.00889898 0.0121175 0.0163285 0.021021 0.0257297 0.0299537 0.0332131 0.0351458 0.0355859 0.0345943 0.0324268 0.0294583 0.0260864 0.0226503 0.0193844 0.0164119 0.0137681 0.0114374 0.00938638
pSPR Fmed_Fpbrs
0.718452   0.254687 0.254687
Fs Fmed_Fpbrs
0.170305   1.005 1.005
SSBpbr Bo_Bmed_Bpbrs
1.44395e+06  965210  295558 295558
Ro
67507.9
SPR SPRFo_SPRFmed_SPRFpbrs
1.39131e+06 999586 354348
log_Ro
10.94
likeval ReclasPelacesDesembMPH_pf_preclas_ppelaces_ptallas_desvR_qrecl_qpela
 211.481 53.3937 0.116154 0.00116428 313.054 219.533 74.2605 0 18.2821 0 0 0 0 0 0
q_reclas_q_pelaces
1 1
M
0.7
N
 107330 21430.2 7604.2 864.616 0.443389
 97125.8 48184.8 8697.78 3086.28 351.097
 61290.8 44762.6 20610 3720.28 1470.26
 67358.1 27012.8 17509.3 8061.78 2030.33
 99567.4 32651 12781.7 8284.91 4775.31
 85992.5 49147.9 16020.6 6271.49 6408.15
 129552 39425.9 20804.4 6781.53 5367.3
 110877 61314.6 17783.9 9384.22 5479.97
 122909 49827.2 24935.5 7232.36 6044.99
 113188 54244 19543.8 9780.51 5207.8
 69739.8 50576.1 21809.7 7857.93 6026.3
 44771.6 26998.4 15264 6582.22 4190.29
 44505 17488.2 8295.24 4689.84 3309.84
 29649.1 15452.9 4245.71 2013.89 1942.13
 22104.7 7903.96 2211.47 607.608 566.15
 22304.7 6744.59 1481.81 414.601 220.053
 20763.2 9196.44 2308.91 507.275 217.264
 24462.2 9088.49 3548.29 890.854 279.551
 28080.7 11205 3840.02 1499.21 494.514
 46161.3 13043 4868.12 1668.33 866.187
 66516.1 21544.4 5721.37 2135.42 1111.77
 83872.3 32053.2 10074.7 2675.44 1518.46
 138286 40066.5 14730 4629.8 1927.3
 207358 65659.7 18189.9 6687.33 2976.88
 343930 99027.5 30156.1 8354.24 4438.57
pred_Ctot
 7449.25 2848.49 1010.74 114.924 0.0589348
 5045.1 4846.61 874.855 310.429 35.3147
 4992.02 6928.89 3190.26 575.869 227.584
 1157.37 918.489 595.351 274.117 69.0352
 428.494 280.287 109.722 71.1205 40.9929
 4767.3 5264.45 1716.04 671.767 686.405
 4384.56 2613.28 1378.98 449.501 355.762
 7622.09 8075.61 2342.27 1235.97 721.755
 9901.65 7633.17 3819.94 1107.95 926.048
 8205.16 7515.96 2707.97 1355.17 721.586
 11214.3 14678.7 6329.83 2280.61 1749.01
 6967.03 7609 4301.87 1855.07 1180.95
 9827.01 6694.27 3175.32 1795.22 1266.97
 10231.6 8473.73 2328.18 1104.33 1064.99
 6302.3 3736.82 1045.54 287.264 267.663
 2751.65 1539.16 338.158 94.6142 50.2173
 1782.99 1496.63 375.752 82.554 35.3575
 1371.36 984.044 384.186 96.456 30.268
 1310.52 1015.98 348.18 135.935 44.8382
 2003.61 1102.14 411.359 140.975 73.1934
 1418.44 906.836 240.82 89.8827 46.7961
 2298.01 1726.92 542.789 144.144 81.8094
 4371.84 2484.25 913.307 287.062 119.499
 5723.84 3563.51 987.211 362.938 161.563
 6818.36 3878.62 1181.13 327.212 173.846
F
 0.100868 0.201735 0.201735 0.201735 0.201735
 0.0746346 0.149269 0.149269 0.149269 0.149269
 0.11932 0.23864 0.23864 0.23864 0.23864
 0.0241479 0.0482958 0.0482958 0.0482958 0.0482958
 0.00599999 0.012 0.012 0.012 0.012
 0.0798365 0.159673 0.159673 0.159673 0.159673
 0.0480664 0.0961328 0.0961328 0.0961328 0.0961328
 0.0998627 0.199725 0.199725 0.199725 0.199725
 0.117951 0.235901 0.235901 0.235901 0.235901
 0.105568 0.211137 0.211137 0.211137 0.211137
 0.248992 0.497983 0.497983 0.497983 0.497983
 0.240049 0.480097 0.480097 0.480097 0.480097
 0.357808 0.715616 0.715616 0.715616 0.715616
 0.622067 1.24413 1.24413 1.24413 1.24413
 0.48705 0.974099 0.974099 0.974099 0.974099
 0.185983 0.371965 0.371965 0.371965 0.371965
 0.126175 0.252351 0.252351 0.252351 0.252351
 0.0807649 0.16153 0.16153 0.16153 0.16153
 0.0668286 0.133657 0.133657 0.133657 0.133657
 0.0620227 0.124045 0.124045 0.124045 0.124045
 0.0300477 0.0600954 0.0600954 0.0600954 0.0600954
 0.0387543 0.0775086 0.0775086 0.0775086 0.0775086
 0.0448366 0.0896732 0.0896732 0.0896732 0.0896732
 0.039049 0.078098 0.078098 0.078098 0.078098
 0.0279079 0.0558157 0.0558157 0.0558157 0.0558157
nmprior
 10 11 7 0
nm_flota  nm_reclas  nm_pelaces    nm_pelaL
inf 11.8216 13.4626 22.644
cv_recla  cv_pelaces  cv_mph
1.31541 0.859824 1.10705
 ------------------------------------------------
Talla a la edad & desviación 
 7.2 14.2025 17.0495 18.207 18.6776
 1.08 2.13037 2.55742 2.73105 2.80164
