years
 1997 1998 1999 2000 2001 2002 2003 2004 2005 2006 2007 2008 2009 2010 2011 2012 2013 2014 2015 2016 2017 2018 2019 2020 2021
reclasobs
 0 0 0 370054 412103 1.49427e+06 250295 1.28982e+06 931140 785840 897777 1.04006e+06 184774 17550 25797 100020 73551 82996 120727 218422 84188 347160 605670 569463 516374
reclaspred
 506126 132256 369101 250309 377993 456565 987801 665677 741419 734428 602523 406541 250502 105279 64726.9 64085.6 79557.8 106254 114225 161906 241671 226330 385028 483445 534143
pelacesobs
 0 0 0 0 0 0 0 0 0 2.06254e+06 1.5e+06 0 1.87456e+06 323000 250000 174000 83755 137374 0 501740 490994 745055 786931 1.00524e+06 0
pelacespred
 2.03376e+06 463088 775414 826656 1.0894e+06 1.03687e+06 2.69079e+06 2.15308e+06 2.16803e+06 2.1518e+06 1.52824e+06 1.07105e+06 655941 214630 137041 146293 191363 265070 285655 403691 686798 611495 818881 1.2165e+06 1.35631e+06
mphobs
 0 0 0 0 0 112323 0 153150 637223 0 255016 313432 73983 77613 109348 50772 0 0 0 0 0 0 0 0 0
mphpred
 236620 136047 155785 167216 179152 288431 414713 498538 423098 438701 445028 306162 188342 97607.3 41468.4 34005.4 40971.1 55136.4 68072.4 79123.6 121117 147143 184490 255501 365715
desembarqueobs
 350755 77701 442110 56441 14545 235359 269955 359681 431902 328805 639364 411747 362871 311530 167758 66681 60226 58785 57116 71774 51957 67425 138520 160799 200461
desembarquepred
 350760 77700.5 442110 56443.5 14545.3 235418 270000 359676 431943 328821 639390 411853 363037 311719 167639 66681.5 60249.8 58779.4 57104.9 71772.8 51958.4 67415.6 138520 160806 200459
Reclutas
 42151.9 51653 27883.5 41498.8 73666.3 51636.3 89498.3 85361.8 108076 124447 64562.1 44034.2 46181.1 24704.8 15398.3 15348.2 11470.1 12787 14671.6 24377.5 31088.7 40581 61295.5 77414.9 31337.1
log_desv_Rt
 0.0690352 0.272304 -0.34421 0.0534191 0.627301 0.271981 0.821975 0.774653 1.01059 1.15163 0.495383 0.112721 0.160326 -0.465246 -0.937986 -0.941248 -1.23251 -1.12382 -0.986331 -0.478584 -0.2354 0.0310559 0.443462 0.676934 -0.227443
SSB
 553523 318253 364426 391166 419088 674724 970134 1.16623e+06 989749 1.02625e+06 1.04105e+06 716203 440588 228332 97006.7 79548.6 95843.3 128980 159241 185093 283329 344210 431576 597690 855513
BT
 1.81632e+06 465792 817026 662050 810683 928335 2.17667e+06 1.97377e+06 1.9934e+06 1.89164e+06 1.6806e+06 1.15298e+06 833945 448857 239932 162303 188943 241511 255607 353886 546489 503527 688019 1.0173e+06 1.13221e+06
Ftot
 0.572164 0.501992 0.811642 0.172647 0.0329166 0.320886 0.210238 0.405904 0.4648 0.352454 0.681348 0.646802 1.04586 1.93713 2.10619 0.852965 0.599234 0.423946 0.352346 0.355255 0.166185 0.2084 0.248648 0.24858 0.219266
BD_Bspro_t
 0.931276 0.696243 0.632235 0.468956 0.612837 0.767482 0.720348 0.731595 0.665755 0.63019 0.605621 0.440754 0.330262 0.226573 0.12313 0.124257 0.195017 0.316169 0.42083 0.518548 0.647929 0.744518 0.754919 0.757206 0.753534
BD_Bspro
 0.682703 0.392527 0.449476 0.482456 0.516895 0.83219 1.19654 1.4384 1.22073 1.26575 1.28401 0.883349 0.543412 0.28162 0.119646 0.0981135 0.118211 0.159081 0.196405 0.22829 0.349451 0.424541 0.532297 0.737178 1.05517
BD_Bo
 0.568263 0.326728 0.374131 0.401583 0.430248 0.692691 0.995968 1.19728 1.01611 1.05358 1.06877 0.735275 0.45232 0.234412 0.0995899 0.0816669 0.0983955 0.132415 0.163482 0.190022 0.290874 0.353376 0.443069 0.613606 0.878295
BD_Brms
 1.93842 1.11451 1.27621 1.36985 1.46763 2.36286 3.39738 4.08408 3.46607 3.59389 3.64572 2.50812 1.54292 0.799611 0.339714 0.278577 0.33564 0.451684 0.557658 0.64819 0.992208 1.20541 1.51137 2.09309 2.99598
S_f
 0.165207 1 1 1 1
 0.165207 1 1 1 1
 0.165207 1 1 1 1
 0.165207 1 1 1 1
 0.165207 1 1 1 1
 0.165207 1 1 1 1
 0.165207 1 1 1 1
 0.165207 1 1 1 1
 0.165207 1 1 1 1
 0.165207 1 1 1 1
 0.165207 1 1 1 1
 0.165207 1 1 1 1
 0.165207 1 1 1 1
 0.165207 1 1 1 1
 0.165207 1 1 1 1
 0.165207 1 1 1 1
 0.165207 1 1 1 1
 0.165207 1 1 1 1
 0.165207 1 1 1 1
 0.165207 1 1 1 1
 0.165207 1 1 1 1
 0.165207 1 1 1 1
 0.165207 1 1 1 1
 0.165207 1 1 1 1
 0.165207 1 1 1 1
Scru_reclas
 0.821873 1 1 1 1
 0.821873 1 1 1 1
 0.821873 1 1 1 1
 0.821873 1 1 1 1
 0.821873 1 1 1 1
 0.821873 1 1 1 1
 0.821873 1 1 1 1
 0.821873 1 1 1 1
 0.821873 1 1 1 1
 0.821873 1 1 1 1
 0.821873 1 1 1 1
 0.821873 1 1 1 1
 0.821873 1 1 1 1
 0.821873 1 1 1 1
 0.821873 1 1 1 1
 0.821873 1 1 1 1
 0.821873 1 1 1 1
 0.821873 1 1 1 1
 0.821873 1 1 1 1
 0.821873 1 1 1 1
 0.821873 1 1 1 1
 0.821873 1 1 1 1
 0.821873 1 1 1 1
 0.821873 1 1 1 1
 0.821873 1 1 1 1
Scru_pelaces
 0.917391 1 1 1 1
 0.917391 1 1 1 1
 0.917391 1 1 1 1
 0.917391 1 1 1 1
 0.917391 1 1 1 1
 0.917391 1 1 1 1
 0.917391 1 1 1 1
 0.917391 1 1 1 1
 0.917391 1 1 1 1
 0.917391 1 1 1 1
 0.917391 1 1 1 1
 0.917391 1 1 1 1
 0.917391 1 1 1 1
 0.917391 1 1 1 1
 0.917391 1 1 1 1
 0.917391 1 1 1 1
 0.917391 1 1 1 1
 0.917391 1 1 1 1
 0.917391 1 1 1 1
 0.917391 1 1 1 1
 0.917391 1 1 1 1
 0.917391 1 1 1 1
 0.917391 1 1 1 1
 0.917391 1 1 1 1
 0.917391 1 1 1 1
pf_obs 
 0.256992 0.487395 0.22802 0.0275931 0
 0.321318 0.546541 0.124235 0.00734118 0.000564706
 0.182869 0.594174 0.210203 0.0122559 0.00049798
 0.330522 0.361315 0.267642 0.0388342 0.00168674
 0.649043 0.306663 0.0425973 0.00169635 0
 0.582887 0.30429 0.105238 0.00758474 0
 0.465427 0.430635 0.0974691 0.00646863 0
 0.296916 0.608066 0.0921331 0.00288517 0
 0.311714 0.524322 0.152257 0.0117073 0
 0.15457 0.633149 0.183074 0.0267441 0.00246327
 0.131901 0.49318 0.331252 0.0422183 0.00144891
 0.196976 0.569456 0.194076 0.0375587 0.00193317
 0.518974 0.381816 0.0799577 0.0180837 0.00116848
 0.0928022 0.601141 0.25162 0.0475244 0.00691264
 0.122501 0.610282 0.24278 0.0234846 0.000952079
 0.383417 0.481906 0.127806 0.00687128 0
 0.0376549 0.599619 0.316969 0.0457579 0
 0.0361596 0.667082 0.258105 0.0386534 0
 0.158088 0.579412 0.248529 0.0139706 0
 0.0477256 0.309471 0.559284 0.082774 0.000745712
 0.0406174 0.521527 0.379366 0.0568643 0.0016247
 0.151134 0.462217 0.34131 0.0453401 0
 0.294876 0.26143 0.354403 0.0886775 0.000613685
 0.281977 0.475581 0.204845 0.0348837 0.00271318
 0 0 0 0 0
pf_pred 
 0.32253 0.476976 0.179184 0.0213004 9.90595e-06
 0.297259 0.556636 0.102866 0.0386434 0.00459585
 0.164233 0.639885 0.155156 0.0286728 0.0120525
 0.278479 0.46203 0.198673 0.0481733 0.0126445
 0.306064 0.49762 0.125712 0.0540562 0.0165477
 0.161107 0.612841 0.162102 0.0409512 0.0229994
 0.274017 0.417748 0.225177 0.0595612 0.0234975
 0.213573 0.563267 0.128412 0.0692172 0.0255314
 0.261126 0.492478 0.176477 0.0402327 0.0296858
 0.254505 0.542842 0.135073 0.0484029 0.0191767
 0.14091 0.609856 0.181483 0.0451576 0.0225932
 0.15569 0.490797 0.250954 0.0746796 0.0278792
 0.248979 0.45455 0.172338 0.0881199 0.0360125
 0.225502 0.598698 0.106401 0.0403411 0.029057
 0.305661 0.578367 0.0896485 0.0159325 0.0103916
 0.358439 0.572976 0.0571295 0.00885524 0.00260022
 0.227869 0.647073 0.111689 0.0111361 0.00223298
 0.251168 0.528235 0.184869 0.0319094 0.00381955
 0.248735 0.536055 0.151812 0.0531303 0.0102683
 0.31863 0.47936 0.144141 0.0408211 0.0170474
 0.269097 0.563126 0.118035 0.0354926 0.0142492
 0.253797 0.527406 0.168572 0.0353339 0.0148903
 0.283116 0.497817 0.154834 0.0494888 0.0147446
 0.258703 0.54043 0.139485 0.0433835 0.0179978
 0.096571 0.63594 0.195008 0.0503318 0.0221488
pobs_RECLAS
 0 0 0 0 0
 0 0 0 0 0
 0 0 0 0 0
 0 0 0 0 0
 0.835266 0.146461 0.0176864 0.000547809 3.91292e-05
 0.385257 0.428462 0.181853 0.0044286 0
 0.867414 0.0963971 0.0333333 0.00285562 0
 0.441836 0.489002 0.0689373 0.000224442 0
 0.779404 0.147425 0.0564933 0.0165055 0.000172143
 0.814271 0.122319 0.05973 0.00367925 0
 0.40263 0.566651 0.0304383 0.000280538 0
 0.475488 0.404961 0.113038 0.00651328 0
 0.955842 0.0263864 0.0167828 0.000988607 0
 0.975058 0.0227948 0.00214734 0 0
 0.738997 0.206755 0.0527124 0.00153531 0
 0.850938 0.134255 0.0134407 0.00136685 0
 0.542534 0.407297 0.0501686 0 0
 0.764087 0.199537 0.0359546 0.000420521 0
 0.470689 0.182191 0.310203 0.0369168 0
 0.84361 0.089868 0.0606195 0.00523954 0.000663233
 0.607945 0.314616 0.071237 0.00620181 0
 0.523733 0.453247 0.0230204 0 0
 0.530135 0.295979 0.169645 0.0042399 0
 0.562478 0.366248 0.0663022 0.0049721 0
 0.250443 0.683176 0.0655157 0.000865301 0
ppred_RECLAS
 0.711483 0.203132 0.07631 0.00907132 4.21869e-06
 0.685266 0.249299 0.0460703 0.0173071 0.00205833
 0.51049 0.374782 0.0908755 0.0167937 0.00705917
 0.659683 0.217924 0.0937073 0.0227217 0.00596398
 0.687279 0.224251 0.0566518 0.0243603 0.00745717
 0.493477 0.370033 0.0978767 0.0247263 0.013887
 0.655192 0.198411 0.106948 0.0282888 0.0111602
 0.581009 0.300096 0.0684148 0.0368774 0.0136026
 0.644546 0.236919 0.084899 0.019355 0.0142811
 0.634495 0.266147 0.0662243 0.0237312 0.00940205
 0.461961 0.381947 0.113661 0.0282817 0.0141499
 0.490305 0.296285 0.151496 0.0450827 0.0168302
 0.643986 0.215475 0.0816954 0.0417724 0.0170714
 0.646145 0.273535 0.0486131 0.0184312 0.0132757
 0.740291 0.216331 0.0335319 0.00595933 0.00388685
 0.748662 0.224469 0.0223811 0.00346913 0.00101866
 0.605136 0.33091 0.057117 0.00569495 0.00114194
 0.631695 0.259806 0.0909255 0.0156943 0.0018786
 0.627358 0.265894 0.0753016 0.0263536 0.00509328
 0.704 0.208243 0.0626178 0.0177335 0.00740573
 0.648919 0.270491 0.0566967 0.0170484 0.00684445
 0.631277 0.260608 0.0832971 0.0174596 0.00735776
 0.665916 0.231994 0.072156 0.0230629 0.00687133
 0.637863 0.26401 0.0681411 0.0211936 0.00879226
 0.349997 0.457549 0.140305 0.0362129 0.0159357
pobs_PELACES
 0 0 0 0 0
 0 0 0 0 0
 0 0 0 0 0
 0 0 0 0 0
 0 0 0 0 0
 0 0 0 0 0
 0 0 0 0 0
 0 0 0 0 0
 0 0 0 0 0
 0 0 0 0 0
 0.450072 0.473896 0.0757376 0.000293798 0
 0 0 0 0 0
 0.463077 0.371075 0.160297 0.00555027 0
 0.529543 0.364841 0.0842815 0.0213345 0
 0.631943 0.363953 0.00410389 0 0
 0.735681 0.248677 0.0153453 0.000297389 0
 0.695825 0.281241 0.0229344 0 0
 0.275771 0.60734 0.115278 0.00161068 0
 0 0 0 0 0
 0.896147 0.0623911 0.0374545 0.00400742 0
 0.803859 0.145111 0.0509908 3.86294e-05 0
 0.739449 0.233085 0.0266225 0.000797448 4.60066e-05
 0.878498 0.100942 0.0204185 0.000141795 0
 0.694673 0.275183 0.0284847 0.00165964 0
 0 0 0 0 0
ppred_PELACES
 0.763175 0.166738 0.062638 0.00744606 3.46285e-06
 0.736201 0.208953 0.0386144 0.0145062 0.00172522
 0.592788 0.311772 0.0755971 0.0139703 0.00587235
 0.694107 0.195881 0.0842286 0.0204234 0.00536071
 0.712272 0.206329 0.0521242 0.0224134 0.00686118
 0.542957 0.333886 0.0883156 0.0223109 0.0125305
 0.692068 0.177191 0.0955107 0.0252634 0.00996664
 0.63383 0.262264 0.05979 0.0322283 0.0118877
 0.697019 0.201945 0.072366 0.0164978 0.0121729
 0.681048 0.232249 0.0577896 0.0207086 0.00820454
 0.536235 0.32922 0.0979703 0.0243775 0.0121965
 0.562016 0.2546 0.130182 0.0387399 0.0144623
 0.72924 0.163876 0.062132 0.0317693 0.0129833
 0.776559 0.172723 0.0306966 0.0116383 0.00838289
 0.850388 0.124623 0.0193169 0.00343303 0.00223912
 0.807899 0.171565 0.0171062 0.00265151 0.00077858
 0.668617 0.27771 0.0479344 0.00477939 0.00095835
 0.682706 0.223823 0.0783323 0.0135206 0.00161841
 0.674347 0.232365 0.0658063 0.0230305 0.00445104
 0.745401 0.179117 0.0538595 0.0152531 0.0063699
 0.683526 0.243829 0.0511081 0.015368 0.00616979
 0.669308 0.233728 0.0747056 0.0156588 0.00659886
 0.704374 0.205288 0.0638497 0.020408 0.00608032
 0.677985 0.23476 0.0605916 0.0188455 0.00781814
 0.38967 0.429623 0.131742 0.0340027 0.0149631
pobs_pel_tallas
 0 0 0 0 0 0 0 0 0 0 0 0 0 0 0 0 0 0 0 0 0 0 0 0 0 0 0 0 0 0 0 0 0 0 0 0
 0 0 0 0 0 0 0 0 0 0 0 0 0 0 0 0 0 0 0 0 0 0 0 0 0 0 0 0 0 0 0 0 0 0 0 0
 0 0 0 0 0 0 0 0 0 0 0 0 0 0 0 0 0 0 0 0 0 0 0 0 0 0 0 0 0 0 0 0 0 0 0 0
 0 0 0 0 0 0 0 0 0 0 0 0 0 0 0 0 0 0 0 0 0 0 0 0 0 0 0 0 0 0 0 0 0 0 0 0
 0 0 0 0 0 0 0 0 0 0 0 0 0 0 0 0 0 0 0 0 0 0 0 0 0 0 0 0 0 0 0 0 0 0 0 0
 0 0 0 0 0 0 0 0 0 0 0 0 0 0 0 0 0 0 0 0 0 0 0 0 0 0 0 0 0 0 0 0 0 0 0 0
 0 0 0 0 0 0 0 0 0 0 0 0 0 0 0 0 0 0 0 0 0 0 0 0 0 0 0 0 0 0 0 0 0 0 0 0
 0 0 0 0 0 0 0 0 0 0 0 0 0 0 0 0 0 0 0 0 0 0 0 0 0 0 0 0 0 0 0 0 0 0 0 0
 0 0 0 0 0 0 0 0 0 0 0 0 0 0 0 0 0 0 0 0 0 0 0 0 0 0 0 0 0 0 0 0 0 0 0 0
 0 0 0 0 0 0 0 0 0 0 0 0 0 0 0 0 0 0 0 0 0 0 0 0 0 0 0 0 0 0 0 0 0 0 0 0
 0 0 0 0 0 0 0 0 1.78061e-05 0.00172719 0.00360574 0.0105946 0.0120993 0.0124554 0.0147524 0.0171206 0.0266825 0.0428682 0.0675386 0.121331 0.153587 0.119568 0.100827 0.0573624 0.0630603 0.0341343 0.0324427 0.0444173 0.0211091 0.0280891 0.0125444 0.00206551 0 0 0 0
 0 0 0 0 0 0 0 0 0 0 0 0 0 0 0 0 0 0 0 0 0 0 0 0 0 0 0 0 0 0 0 0 0 0 0 0
 0 0 0 0 0 0 0.0133647 0.0140871 0.0187388 0.0205184 0.03894 0.0496705 0.03968 0.0493445 0.0407372 0.0367815 0.0215668 0.0243155 0.0234873 0.0199281 0.019796 0.0243948 0.0301388 0.0376714 0.0412746 0.0863199 0.0771752 0.113111 0.0741005 0.0525337 0.0229764 0.00759418 0.00175318 0 0 0
 0 0 0 0 0 0 0 0 0 0 0.00219441 0.00772107 0.0458388 0.0604681 0.0671733 0.0775358 0.0609151 0.0617685 0.073594 0.0568108 0.0755445 0.0548602 0.0670107 0.0636378 0.0643287 0.046367 0.0373049 0.0286899 0.0247887 0.0153202 0.00654259 0.00121912 0.000365735 0 0 0
 0 0 0 0 0 0 0 0 0 0 0 0 0.000112435 0.00938835 0.0111873 0.0202946 0.0414886 0.0713402 0.111592 0.104902 0.108894 0.110636 0.117776 0.105296 0.107544 0.0401394 0.0192827 0.0124803 0.00416011 0.0028671 0.000618394 0 0 0 0 0
 0 0 0 0 0 0 0 0 0 0 0.00291406 0.0102884 0.027416 0.0768956 0.0749926 0.110853 0.0956884 0.0897413 0.0766577 0.0534642 0.0500743 0.0551293 0.0594112 0.0620874 0.0668451 0.0424026 0.0208742 0.0120726 0.0048766 0.00582813 0.00118941 0.000297354 0 0 0 0
 0 0.00264628 0.0354308 0.0461629 0.0458689 0.0383711 0.0214643 0.0164657 0.0346957 0.0420465 0.0363128 0.0245516 0.0311673 0.0291091 0.0169068 0.0133784 0.00837989 0.0085269 0.0148486 0.0160247 0.0276389 0.0546898 0.0760071 0.122758 0.109233 0.0665981 0.0333725 0.0166128 0.00676272 0.00308733 0.000882094 0 0 0 0 0
 0 0 0 0 0 0 0 0.000805153 0.000690131 0.00759144 0.0133425 0.0154129 0.00931677 0.000345066 0.00356568 0.00563607 0.00851162 0.0253048 0.0502646 0.0516448 0.0657925 0.0565908 0.0611916 0.0827007 0.0866115 0.110766 0.145733 0.0935128 0.0569358 0.0249597 0.0138026 0.00621118 0.00161031 0.00115022 0 0
 0 0 0 0 0 0 0 0 0 0 0 0 0 0 0 0 0 0 0 0 0 0 0 0 0 0 0 0 0 0 0 0 0 0 0 0
 0.00147267 0.00158595 0.00478618 0.00569244 0.00954404 0.0108468 0.00647125 0.017049 0.0510054 0.094081 0.124002 0.0959785 0.0687766 0.0820023 0.061753 0.0591476 0.0492212 0.0479892 0.0443925 0.0268479 0.0217502 0.0140895 0.0121071 0.0120363 0.00920419 0.00665534 0.0049561 0.00860946 0.00930331 0.0156896 0.0114698 0.00855282 0.00243557 0.00046729 0 2.83206e-05
 0 0 0 0 0.000772559 0.00158375 0.000888443 0.00281984 0.00712685 0.0440552 0.0773331 0.111326 0.0921469 0.0852325 0.0710754 0.0886704 0.0786465 0.0553345 0.0373146 0.0185414 0.00753245 0.00457741 0.012979 0.0271748 0.0457355 0.0583668 0.034881 0.0177882 0.00938659 0.00492506 0.0015258 0.00185414 0.000309023 5.79419e-05 3.86279e-05 0
 0 0.00173294 0.00326652 0 0.00397197 0.00683976 0.00946217 0.0152591 0.00757587 0.0136028 0.0228656 0.0392903 0.0559909 0.0764795 0.0681675 0.0726916 0.0566044 0.0477403 0.0527397 0.0444891 0.0609904 0.0582453 0.0661739 0.0445044 0.0529084 0.0360697 0.0280645 0.0235558 0.0158879 0.00826598 0.00280645 0.00217768 0.000904811 0.00058276 9.20147e-05 0
 0 0 0 0 0 0 0 0 0 0 0 0 0 0 0 0 0 0 0 0 0 0 0 0 0 0 0 0 0 0 0 0 0 0 0 0
 0 0 0 0 0 0 0 0 0 0 0 0 0 0 0 0 0 0 0 0 0 0 0 0 0 0 0 0 0 0 0 0 0 0 0 0
 0 0 0 0 0 0 0 0 0 0 0 0 0 0 0 0 0 0 0 0 0 0 0 0 0 0 0 0 0 0 0 0 0 0 0 0
ppred_pel_tallas
 1.012e-16 3.32975e-05 0.000195431 0.000928996 0.00357669 0.0111536 0.0281731 0.0576458 0.0955541 0.128326 0.139642 0.12317 0.0881586 0.0514294 0.0249215 0.0109139 0.00576994 0.0052086 0.0066052 0.00880314 0.0113215 0.0138611 0.0161425 0.0179034 0.018945 0.0191729 0.0186144 0.0174029 0.0157381 0.0138356 0.0118834 0.0100167 0.00831282 0.00680229 0.00548623 0.00435273
 1.01196e-16 3.2123e-05 0.000188532 0.000896188 0.00345036 0.0107596 0.027178 0.0556101 0.092181 0.1238 0.134728 0.118861 0.0851311 0.0497767 0.024332 0.0110146 0.00633407 0.00617104 0.0079893 0.0106479 0.0136344 0.016592 0.0191747 0.0210619 0.0220195 0.0219523 0.020924 0.0191335 0.0168608 0.0143979 0.011991 0.00980635 0.00792428 0.00635603 0.00507044 0.00401966
 1.0193e-16 2.58738e-05 0.000151834 0.0007217 0.0027785 0.00866442 0.0218858 0.0447827 0.0742377 0.0997154 0.108553 0.0958525 0.0688353 0.0406186 0.0205465 0.0104716 0.00765047 0.00881511 0.0119321 0.0160304 0.0205726 0.0250812 0.0290496 0.0319976 0.0335695 0.0336138 0.0322133 0.0296518 0.0263349 0.0226899 0.0190805 0.0157563 0.0128445 0.0103731 0.00830878 0.00659337
 1.02212e-16 3.0287e-05 0.000177755 0.000844952 0.00325309 0.0101444 0.0256241 0.0524306 0.0869108 0.116723 0.127027 0.11207 0.0802742 0.0469513 0.0229793 0.0104541 0.00609224 0.0060196 0.00785741 0.010544 0.0136103 0.0167314 0.0195862 0.0218682 0.0233397 0.023881 0.02351 0.0223653 0.0206604 0.0186279 0.0164712 0.0143366 0.0123102 0.010431 0.0087108 0.00715174
 1.01898e-16 3.10795e-05 0.000182406 0.000867065 0.00333823 0.0104099 0.0262947 0.0538029 0.0891855 0.119778 0.130352 0.115004 0.0823774 0.0481838 0.0235861 0.0107339 0.00625521 0.0061699 0.00802954 0.0107345 0.0137911 0.0168538 0.0195843 0.0216654 0.022861 0.0230669 0.0223305 0.0208291 0.0188181 0.0165659 0.0142995 0.0121732 0.0102643 0.00858976 0.00713138 0.00585935
 1.02715e-16 2.37018e-05 0.000139081 0.000661065 0.00254503 0.00793635 0.0200468 0.0410201 0.0680019 0.0913441 0.0994517 0.0878454 0.0631485 0.0373906 0.0191502 0.0101481 0.00789563 0.0094184 0.01286 0.0173169 0.0222588 0.0271884 0.0315674 0.0348827 0.0367509 0.0370037 0.0357195 0.0331891 0.0298313 0.0260883 0.0223357 0.0188308 0.0157055 0.0129908 0.0106579 0.00865587
 1.02748e-16 3.01974e-05 0.00017723 0.000842462 0.00324351 0.0101146 0.0255486 0.0522761 0.0866541 0.116376 0.126646 0.111725 0.0800075 0.0467558 0.0228104 0.0102551 0.00581078 0.00561294 0.00729406 0.0098083 0.0127097 0.0157032 0.0185002 0.0208216 0.0224455 0.0232502 0.0232331 0.0224959 0.0212076 0.0195558 0.0177071 0.0157851 0.0138678 0.0119999 0.010209 0.00851852
 1.02598e-16 2.76613e-05 0.000162333 0.000771625 0.00297074 0.00926393 0.0234001 0.0478806 0.079371 0.106604 0.116035 0.102418 0.073462 0.0431707 0.0215085 0.0104246 0.00695468 0.0075835 0.0101367 0.013607 0.0174875 0.0213677 0.0248239 0.0274558 0.0289658 0.0292247 0.0282958 0.0264067 0.0238828 0.0210646 0.0182378 0.0155936 0.0132247 0.0111467 0.00933141 0.00773757
 1.02229e-16 3.04142e-05 0.000178501 0.000848499 0.00326675 0.010187 0.0257317 0.0526507 0.0872758 0.117213 0.127562 0.112544 0.0806183 0.0471618 0.0230992 0.0105363 0.00617639 0.00612851 0.00800135 0.0107239 0.0138178 0.0169481 0.0197846 0.0220137 0.0233968 0.0238195 0.0233122 0.0220301 0.0202054 0.0180866 0.0158873 0.0137568 0.0117771 0.00997684 0.00835452 0.00689857
 1.01992e-16 2.9719e-05 0.000174417 0.000829077 0.00319195 0.00995378 0.0251425 0.0514456 0.0852791 0.114534 0.124655 0.109998 0.0788354 0.0462012 0.0227818 0.0106487 0.00659352 0.00682195 0.00899423 0.0120453 0.0154719 0.0188968 0.0219405 0.0242463 0.0255486 0.0257318 0.0248513 0.02311 0.0207989 0.0182243 0.0156451 0.0132376 0.0110902 0.00922174 0.00761025 0.00621928
 1.02906e-16 2.34085e-05 0.000137359 0.000652882 0.00251353 0.0078381 0.0197987 0.0405124 0.0671601 0.0902134 0.0982209 0.0867588 0.0623686 0.0369314 0.0189201 0.0100351 0.00782022 0.00934 0.0127637 0.0172024 0.0221357 0.0270752 0.0314911 0.0348759 0.0368473 0.0372324 0.036099 0.0337227 0.0305057 0.0268746 0.0231936 0.0197146 0.0165703 0.013798 0.011379 0.00927377
 1.03938e-16 2.45297e-05 0.000143948 0.000684221 0.00263422 0.00821449 0.0207493 0.0424569 0.0703811 0.0945323 0.102903 0.090846 0.0652015 0.038398 0.0192845 0.00960772 0.00676073 0.00764877 0.0103631 0.0140219 0.0181753 0.022444 0.026422 0.0297107 0.0319941 0.0331013 0.033033 0.0319404 0.0300702 0.0276951 0.0250553 0.0223266 0.0196178 0.0169883 0.014472 0.0120978
 1.02634e-16 3.18176e-05 0.000186744 0.000887694 0.00341767 0.0106577 0.0269205 0.0550828 0.0913059 0.122621 0.133436 0.1177 0.0842524 0.0491687 0.0238604 0.0105094 0.00564621 0.00518598 0.00662686 0.00886915 0.0114575 0.0141082 0.0165542 0.0185428 0.0198787 0.0204637 0.020312 0.0195348 0.0183024 0.016797 0.0151735 0.0135386 0.0119499 0.0104293 0.00898142 0.00760939
 1.01284e-16 3.38813e-05 0.000198858 0.000945288 0.00363942 0.0113492 0.0286672 0.0586567 0.0972298 0.130576 0.142091 0.125329 0.0897039 0.0523296 0.0253545 0.0110961 0.00585154 0.00526057 0.00664682 0.0088262 0.0113016 0.0137618 0.0159189 0.0175086 0.0183385 0.0183302 0.0175359 0.0161184 0.0143061 0.0123367 0.0104087 0.00865441 0.00713574 0.00585842 0.00479481 0.00390551
 1.00538e-16 3.70986e-05 0.000217751 0.00103512 0.0039853 0.0124278 0.0313916 0.0642308 0.106467 0.142976 0.155568 0.137179 0.0981027 0.0570623 0.0273353 0.0114293 0.00525892 0.00402711 0.00479834 0.0062985 0.00803774 0.00975884 0.0112467 0.0123091 0.0128078 0.0126893 0.0119962 0.0108528 0.00943241 0.00791508 0.0064523 0.00514576 0.00404372 0.0031507 0.00244387 0.00188915
 1.00427e-16 3.52478e-05 0.000206881 0.000983429 0.00378627 0.0118072 0.0298239 0.0610235 0.101153 0.135844 0.14782 0.130376 0.0933028 0.0544014 0.0263059 0.0114215 0.00588888 0.00516483 0.0064592 0.00853698 0.0108817 0.0131748 0.0151259 0.0164723 0.0170273 0.0167235 0.0156284 0.0139238 0.0118591 0.00969234 0.00763923 0.00584329 0.00437011 0.00322106 0.00235664 0.00171997
 1.0098e-16 2.91789e-05 0.000171241 0.00081397 0.00313378 0.00977234 0.0246843 0.0505083 0.0837268 0.112454 0.122401 0.108036 0.0774872 0.0455273 0.0226649 0.0109531 0.00725963 0.00786912 0.0104783 0.0140129 0.0179249 0.0217689 0.0250877 0.0274547 0.0285604 0.0282831 0.0267158 0.0241349 0.0209263 0.0174935 0.0141776 0.01121 0.00870354 0.0066735 0.005073 0.00382829
 1.01726e-16 2.97911e-05 0.00017484 0.000831091 0.00319971 0.00997797 0.0252036 0.0515706 0.085486 0.114812 0.124955 0.110259 0.0790133 0.0462877 0.0227919 0.0105998 0.00649331 0.00666876 0.00878336 0.0117759 0.0151523 0.0185468 0.0215916 0.0239374 0.0253194 0.0256138 0.0248601 0.0232398 0.0210224 0.0184972 0.0159149 0.0134535 0.0112125 0.00922794 0.00749707 0.00600073
 1.0201e-16 2.94269e-05 0.000172701 0.000820921 0.00316055 0.00985586 0.0248952 0.0509395 0.0844403 0.113408 0.12343 0.108919 0.0780664 0.0457591 0.0225801 0.0105823 0.00659114 0.00685178 0.00904932 0.01213 0.0155951 0.0190687 0.0221714 0.0245445 0.0259191 0.0261742 0.0253592 0.0236701 0.0213917 0.0188259 0.0162298 0.0137807 0.0115712 0.00962642 0.0079319 0.00645867
 1.01645e-16 3.2523e-05 0.000190883 0.00090737 0.00349342 0.0108939 0.0275172 0.0563039 0.0933301 0.125341 0.136397 0.120317 0.0861366 0.05029 0.0244443 0.0108326 0.00590978 0.00549932 0.00703786 0.00938927 0.0120698 0.0147666 0.0171832 0.0190421 0.0201351 0.0203672 0.0197744 0.0185051 0.0167762 0.0148181 0.0128273 0.0109399 0.00922732 0.00771028 0.00637938 0.00521452
 1.01622e-16 2.98275e-05 0.000175053 0.000832097 0.00320358 0.00999004 0.0252341 0.0516331 0.0855902 0.114953 0.125112 0.110407 0.0791403 0.0464029 0.0229238 0.0107855 0.00677074 0.00707234 0.00933914 0.0124943 0.0160195 0.0195183 0.0225913 0.0248641 0.0260618 0.0260697 0.024957 0.0229495 0.0203671 0.017545 0.0147659 0.0122211 0.0100047 0.00813208 0.00657125 0.00527189
 1.01984e-16 2.92072e-05 0.000171412 0.00081479 0.00313695 0.00978224 0.0247093 0.0505591 0.0838098 0.112562 0.122509 0.108109 0.0774906 0.0454314 0.0224367 0.0105462 0.00661116 0.00690683 0.00913681 0.0122551 0.0157648 0.0192889 0.0224452 0.0248711 0.0262932 0.0265859 0.0257944 0.0241116 0.021821 0.0192247 0.0165822 0.0140749 0.0118006 0.00979021 0.00803461 0.00650918
 1.01959e-16 3.07351e-05 0.000180384 0.000857452 0.00330122 0.0102945 0.0260032 0.0532063 0.0881968 0.11845 0.128908 0.113732 0.081469 0.0476592 0.0233421 0.0106452 0.00623589 0.00618074 0.00806076 0.0107905 0.0138828 0.0169957 0.0197925 0.0219554 0.0232449 0.0235504 0.0229105 0.0214924 0.0195415 0.0173188 0.0150474 0.0128822 0.0109054 0.00914203 0.00758384 0.00621083
 1.0195e-16 2.95856e-05 0.000173633 0.00082535 0.00317761 0.00990904 0.0250295 0.0512144 0.0848959 0.11402 0.124096 0.109507 0.0784882 0.0460071 0.0227037 0.0106417 0.00662905 0.00688977 0.00909493 0.012183 0.0156499 0.0191151 0.0221949 0.024528 0.0258453 0.0260287 0.0251338 0.0233647 0.0210158 0.018397 0.0157713 0.0133186 0.01113 0.00922668 0.00758768 0.00617708
 1.03878e-16 1.70217e-05 9.98538e-05 0.000474555 0.00182689 0.00569682 0.0143901 0.0294468 0.0488219 0.0655984 0.0714681 0.06324 0.0457057 0.0275555 0.0150222 0.00943158 0.00908877 0.0119276 0.0166318 0.0224886 0.0289579 0.0354355 0.0412365 0.0456986 0.048322 0.0488778 0.0474511 0.0443973 0.0402367 0.0355222 0.0307267 0.0261781 0.0220503 0.0183949 0.0151909 0.0123913
pSPR Fmed_Fpbrs
0.565686   0.343158 0.343158
Fs Fmed_Fpbrs
0.403762   1.005 1.005
SSBpbr Bo_Bmed_Bpbrs
974061  502310  285554 285554
Ro
39340.1
SPR SPRFo_SPRFmed_SPRFpbrs
810781 458647 278226
log_Ro
10.4
likeval ReclasPelacesDesembMPH_pf_preclas_ppelaces_ptallas_desvR_qrecl_qpela
 61.228 16.7499 0.00741693 0.00023936 285.236 191.281 70.9615 0 15.7 1.95808e-05 4.30864e-05 0 0 0 0
q_reclas_q_pelaces
0.534169 2.54432
M
0.7
N
 42151.9 12559 4717.99 560.849 0.260828
 51653 19044 3519.33 1322.1 157.237
 27883.5 23608.7 5724.54 1057.89 444.68
 41498.8 12109 5206.85 1262.53 331.388
 73666.3 20028.2 5059.66 2175.65 666.01
 51636.3 36383.2 9623.66 2431.19 1365.43
 89498.3 24317.9 13108 3467.17 1367.83
 85361.8 42926.4 9786.21 5275.02 1945.74
 108076 39640.1 14204.8 3238.37 2389.44
 124447 49701.8 12367.1 4431.7 1755.79
 64562.1 58302.8 17349.9 4317.11 2159.93
 44034.2 28647.4 14648 4358.99 1627.29
 46181.1 19650.6 7450.36 3809.51 1556.85
 24704.8 19293.9 3428.93 1300.05 936.402
 15398.3 8908.19 1380.8 245.397 160.055
 15348.2 5399.47 538.364 83.4479 24.5033
 11470.1 6619.9 1142.63 113.928 22.8446
 12787 5158.99 1805.52 311.643 37.3035
 14671.6 5920.32 1676.65 586.783 113.406
 24377.5 6873.71 2066.89 585.347 244.449
 31088.7 11415.5 2392.76 719.491 288.855
 40581 15020.1 4800.81 1006.28 424.063
 61295.5 19469.9 6055.64 1935.54 576.671
 77414.9 29213.4 7540.01 2345.13 972.888
 31337.1 36896.3 11314.1 2920.18 1285.04
pred_Ctot
 2749.17 4065.63 1527.32 181.56 0.084436
 2970.62 5562.67 1027.98 386.178 45.9281
 2535.93 9880.47 2395.77 442.738 186.103
 840.598 1394.65 599.701 145.413 38.1678
 287.407 467.286 118.049 50.761 15.539
 1923.24 7315.9 1935.12 488.862 274.56
 2201.58 3356.39 1809.18 478.544 188.79
 3997.11 10541.8 2403.28 1295.43 477.831
 5770.45 10883 3899.86 889.077 656.006
 5079.52 10834.3 2695.85 966.045 382.737
 4975.22 21532.7 6407.76 1594.42 797.715
 3229.24 10179.9 5205.18 1548.97 578.259
 5322.83 9717.64 3684.35 1883.88 769.896
 4956.1 13158.2 2338.5 886.619 638.617
 3319.96 6281.99 973.726 173.052 112.87
 1462.63 2338.06 233.121 36.1344 10.6104
 781.955 2220.5 383.271 38.2147 7.6627
 624.559 1313.52 459.699 79.3467 9.49777
 598.667 1290.2 365.388 127.876 24.7143
 1002.72 1508.53 453.606 128.462 53.6475
 606.446 1269.08 266.007 79.9871 32.1125
 989.663 2056.58 657.335 137.782 58.0634
 1778.33 3126.93 972.554 310.853 92.6151
 2245.38 4690.6 1210.65 376.542 156.21
 803.442 5290.84 1622.41 418.746 184.271
F
 0.0945256 0.572164 0.572164 0.572164 0.572164
 0.0829328 0.501992 0.501992 0.501992 0.501992
 0.134089 0.811642 0.811642 0.811642 0.811642
 0.0285225 0.172647 0.172647 0.172647 0.172647
 0.00543806 0.0329166 0.0329166 0.0329166 0.0329166
 0.0530127 0.320886 0.320886 0.320886 0.320886
 0.0347329 0.210238 0.210238 0.210238 0.210238
 0.0670582 0.405904 0.405904 0.405904 0.405904
 0.0767883 0.4648 0.4648 0.4648 0.4648
 0.058228 0.352454 0.352454 0.352454 0.352454
 0.112564 0.681348 0.681348 0.681348 0.681348
 0.106856 0.646802 0.646802 0.646802 0.646802
 0.172784 1.04586 1.04586 1.04586 1.04586
 0.320027 1.93713 1.93713 1.93713 1.93713
 0.347958 2.10619 2.10619 2.10619 2.10619
 0.140916 0.852965 0.852965 0.852965 0.852965
 0.0989978 0.599234 0.599234 0.599234 0.599234
 0.0700389 0.423946 0.423946 0.423946 0.423946
 0.05821 0.352346 0.352346 0.352346 0.352346
 0.0586907 0.355255 0.355255 0.355255 0.355255
 0.0274549 0.166185 0.166185 0.166185 0.166185
 0.0344292 0.2084 0.2084 0.2084 0.2084
 0.0410785 0.248648 0.248648 0.248648 0.248648
 0.0410671 0.24858 0.24858 0.24858 0.24858
 0.0362244 0.219266 0.219266 0.219266 0.219266
nmprior
 10 11 7 0
nm_flota  nm_reclas  nm_pelaces    nm_pelaL
inf 18.4612 15.5393 26.8978
cv_recla  cv_pelaces  cv_mph
0.707783 0.481583 0.501954
 ------------------------------------------------
Talla a la edad & desviación 
 7.2 14.2025 17.0495 18.207 18.6776
 1.08 2.13037 2.55742 2.73105 2.80164
