years
 1997 1998 1999 2000 2001 2002 2003 2004 2005 2006 2007 2008 2009 2010 2011 2012 2013 2014 2015 2016 2017 2018 2019 2020 2021
reclasobs
 0 0 0 370054 412103 1.49427e+06 250295 1.28982e+06 931140 785840 897777 1.04006e+06 184774 17550 25797 100020 73551 82996 120727 218422 84188 347160 605670 569463 516374
reclaspred
 1.19103e+06 233670 475940 200105 307103 382695 809964 635368 692728 852634 848289 611493 359892 138918 76830.7 71865.6 80350.3 108123 121656 139155 215146 219360 348070 379733 375246
pelacesobs
 0 0 0 0 0 0 0 0 0 2.06254e+06 1.5e+06 0 1.87456e+06 323000 250000 174000 83755 137374 0 501740 490994 745055 786931 1.00524e+06 0
pelacespred
 3.48774e+06 1.1186e+06 736928 699292 971636 843801 2.29247e+06 1.9496e+06 1.93195e+06 2.52083e+06 2.11555e+06 1.59827e+06 904546 268161 152423 156002 183258 264247 304203 333109 626916 631481 738719 938116 909176
mphobs
 0 0 0 0 0 112323 0 153150 637223 0 255016 313432 73983 77613 109348 50772 0 0 0 0 0 0 0 0 0
mphpred
 364209 167893 148837 88511.1 82491.5 160753 199325 302050 269527 301217 386519 271455 169818 91801.7 42016.7 31054.4 29941.7 37393.6 47174.6 48089.2 67129.6 87968.3 103990 130270 163248
desembarqueobs
 350755 77701 442110 56441 14545 235359 269955 359681 431902 328805 639364 411747 362871 311530 167758 66681 60226 58785 57116 71774 51957 67425 138520 160799 200461
desembarquepred
 350738 77677 441790 56434.3 14544.6 235354 269966 359365 431674 328660 638663 411352 362479 311221 167366 66640.8 60229.7 58736.3 57066.1 71736.2 51952.9 67386.6 138475 160770 200435
Reclutas
 26547.7 41686.4 9383.91 13938.2 39624.5 21938.7 63278.4 60545.1 74329.3 115672 67511.3 48382 52835.4 28972.9 13080.6 10143 7914.38 9217.92 8537.06 11734.1 17744.8 21069.1 29869.7 35771.7 5685.67
log_desv_Rt
 0.0866987 0.537931 -0.953248 -0.557613 0.487204 -0.103994 0.955299 0.911144 1.11626 1.55851 1.02005 0.686883 0.774938 0.174117 -0.621118 -0.875457 -1.12356 -0.971095 -1.04783 -0.729746 -0.316155 -0.144436 0.204601 0.384911 -1.4543
SSB
 594325 273972 242876 144435 134612 262320 325265 492893 439822 491534 630732 442968 277114 149804 68564 50675.4 48859.7 61019.9 76980.7 78473.2 109544 143549 169693 212577 266393
BT
 1.43804e+06 404556 453548 246533 335470 397031 1.14624e+06 1.05894e+06 1.1389e+06 1.2483e+06 1.25299e+06 882358 699436 397480 203105 111866 115897 142304 136293 166061 257289 229206 301301 415547 362455
Ftot
 0.505905 0.653451 1.33705 0.528758 0.107501 0.939126 0.745577 1.05593 1.22432 0.808593 1.23192 1.14877 1.87724 3.31888 3.38145 1.56116 1.35469 1.02537 0.784244 0.945974 0.464319 0.533057 0.682946 0.764315 0.772671
BD_Bspro_t
 0.932595 0.661688 0.530908 0.254175 0.351881 0.566751 0.472303 0.531676 0.460245 0.44268 0.468631 0.318531 0.22711 0.150608 0.0843155 0.0772484 0.102746 0.171121 0.252204 0.305922 0.412215 0.543392 0.543046 0.522322 0.483868
BD_Bspro
 1.18463 0.546089 0.484108 0.287892 0.268312 0.522865 0.648327 0.982449 0.876666 0.97974 1.2572 0.882938 0.552352 0.298595 0.136664 0.101008 0.0973887 0.121627 0.15344 0.156415 0.218346 0.286126 0.338238 0.423716 0.530983
BD_Bo
 0.792 0.365096 0.323657 0.192474 0.179384 0.349569 0.433449 0.656831 0.586108 0.65502 0.840517 0.590301 0.369283 0.19963 0.0913687 0.0675302 0.0651106 0.0813154 0.102585 0.104574 0.145979 0.191294 0.226134 0.283281 0.354997
BD_Brms
 2.57589 1.18743 1.05266 0.626001 0.583427 1.13693 1.40974 2.13627 1.90625 2.13038 2.73368 1.91989 1.20105 0.649274 0.297166 0.219634 0.211765 0.264469 0.333645 0.340114 0.474779 0.622162 0.735474 0.92134 1.15459
S_f
 0.120104 1 1 1 1
 0.120104 1 1 1 1
 0.120104 1 1 1 1
 0.120104 1 1 1 1
 0.120104 1 1 1 1
 0.120104 1 1 1 1
 0.120104 1 1 1 1
 0.120104 1 1 1 1
 0.120104 1 1 1 1
 0.120104 1 1 1 1
 0.120104 1 1 1 1
 0.120104 1 1 1 1
 0.120104 1 1 1 1
 0.120104 1 1 1 1
 0.120104 1 1 1 1
 0.120104 1 1 1 1
 0.120104 1 1 1 1
 0.120104 1 1 1 1
 0.120104 1 1 1 1
 0.120104 1 1 1 1
 0.120104 1 1 1 1
 0.120104 1 1 1 1
 0.120104 1 1 1 1
 0.120104 1 1 1 1
 0.120104 1 1 1 1
Scru_reclas
 0.308548 0.691902 0.918711 0.982722 0.996519
 0.308548 0.691902 0.918711 0.982722 0.996519
 0.308548 0.691902 0.918711 0.982722 0.996519
 0.308548 0.691902 0.918711 0.982722 0.996519
 0.308548 0.691902 0.918711 0.982722 0.996519
 0.308548 0.691902 0.918711 0.982722 0.996519
 0.308548 0.691902 0.918711 0.982722 0.996519
 0.308548 0.691902 0.918711 0.982722 0.996519
 0.308548 0.691902 0.918711 0.982722 0.996519
 0.308548 0.691902 0.918711 0.982722 0.996519
 0.308548 0.691902 0.918711 0.982722 0.996519
 0.308548 0.691902 0.918711 0.982722 0.996519
 0.308548 0.691902 0.918711 0.982722 0.996519
 0.308548 0.691902 0.918711 0.982722 0.996519
 0.308548 0.691902 0.918711 0.982722 0.996519
 0.308548 0.691902 0.918711 0.982722 0.996519
 0.308548 0.691902 0.918711 0.982722 0.996519
 0.308548 0.691902 0.918711 0.982722 0.996519
 0.308548 0.691902 0.918711 0.982722 0.996519
 0.308548 0.691902 0.918711 0.982722 0.996519
 0.308548 0.691902 0.918711 0.982722 0.996519
 0.308548 0.691902 0.918711 0.982722 0.996519
 0.308548 0.691902 0.918711 0.982722 0.996519
 0.308548 0.691902 0.918711 0.982722 0.996519
 0.308548 0.691902 0.918711 0.982722 0.996519
Scru_pelaces
 0.315396 0.744232 0.948396 0.991459 0.998638
 0.315396 0.744232 0.948396 0.991459 0.998638
 0.315396 0.744232 0.948396 0.991459 0.998638
 0.315396 0.744232 0.948396 0.991459 0.998638
 0.315396 0.744232 0.948396 0.991459 0.998638
 0.315396 0.744232 0.948396 0.991459 0.998638
 0.315396 0.744232 0.948396 0.991459 0.998638
 0.315396 0.744232 0.948396 0.991459 0.998638
 0.315396 0.744232 0.948396 0.991459 0.998638
 0.315396 0.744232 0.948396 0.991459 0.998638
 0.315396 0.744232 0.948396 0.991459 0.998638
 0.315396 0.744232 0.948396 0.991459 0.998638
 0.315396 0.744232 0.948396 0.991459 0.998638
 0.315396 0.744232 0.948396 0.991459 0.998638
 0.315396 0.744232 0.948396 0.991459 0.998638
 0.315396 0.744232 0.948396 0.991459 0.998638
 0.315396 0.744232 0.948396 0.991459 0.998638
 0.315396 0.744232 0.948396 0.991459 0.998638
 0.315396 0.744232 0.948396 0.991459 0.998638
 0.315396 0.744232 0.948396 0.991459 0.998638
 0.315396 0.744232 0.948396 0.991459 0.998638
 0.315396 0.744232 0.948396 0.991459 0.998638
 0.315396 0.744232 0.948396 0.991459 0.998638
 0.315396 0.744232 0.948396 0.991459 0.998638
 0.315396 0.744232 0.948396 0.991459 0.998638
pf_obs 
 0.256992 0.487395 0.22802 0.0275931 0
 0.321318 0.546541 0.124235 0.00734118 0.000564706
 0.182869 0.594174 0.210203 0.0122559 0.00049798
 0.330522 0.361315 0.267642 0.0388342 0.00168674
 0.649043 0.306663 0.0425973 0.00169635 0
 0.582887 0.30429 0.105238 0.00758474 0
 0.465427 0.430635 0.0974691 0.00646863 0
 0.296916 0.608066 0.0921331 0.00288517 0
 0.311714 0.524322 0.152257 0.0117073 0
 0.15457 0.633149 0.183074 0.0267441 0.00246327
 0.131901 0.49318 0.331252 0.0422183 0.00144891
 0.196976 0.569456 0.194076 0.0375587 0.00193317
 0.518974 0.381816 0.0799577 0.0180837 0.00116848
 0.0928022 0.601141 0.25162 0.0475244 0.00691264
 0.122501 0.610282 0.24278 0.0234846 0.000952079
 0.383417 0.481906 0.127806 0.00687128 0
 0.0376549 0.599619 0.316969 0.0457579 0
 0.0361596 0.667082 0.258105 0.0386534 0
 0.158088 0.579412 0.248529 0.0139706 0
 0.0477256 0.309471 0.559284 0.082774 0.000745712
 0.0406174 0.521527 0.379366 0.0568643 0.0016247
 0.151134 0.462217 0.34131 0.0453401 0
 0.294876 0.26143 0.354403 0.0886775 0.000613685
 0.281977 0.475581 0.204845 0.0348837 0.00271318
 0 0 0 0 0
pf_pred 
 0.151133 0.580741 0.237781 0.0303395 6.2911e-06
 0.251746 0.491965 0.175337 0.0717905 0.00916196
 0.0686649 0.742271 0.124307 0.044303 0.0204546
 0.222661 0.434487 0.273252 0.045761 0.0238392
 0.366499 0.479964 0.0858187 0.053972 0.0137472
 0.1363 0.72165 0.107622 0.0192432 0.0151847
 0.410941 0.402425 0.155939 0.0232557 0.00743938
 0.24658 0.67461 0.0538401 0.0208629 0.00410667
 0.297562 0.580865 0.108855 0.00868766 0.0040291
 0.336701 0.578428 0.0701825 0.0131523 0.00153649
 0.170218 0.718381 0.0971471 0.0117872 0.002467
 0.18659 0.624903 0.1632 0.0220696 0.00323823
 0.30065 0.545046 0.118544 0.030959 0.0048009
 0.273268 0.662207 0.0502883 0.0109374 0.00329937
 0.281504 0.689027 0.0268527 0.00203921 0.000577305
 0.31188 0.662106 0.0249464 0.000972211 9.47316e-05
 0.244219 0.679499 0.073399 0.00276548 0.000118278
 0.286978 0.605191 0.0969469 0.0104721 0.000411438
 0.222408 0.662807 0.0974258 0.0156068 0.00175208
 0.284961 0.559087 0.132931 0.0195395 0.00348147
 0.291504 0.598928 0.0856706 0.0203695 0.00352758
 0.230919 0.625045 0.121762 0.0174168 0.00485825
 0.264096 0.564135 0.139599 0.0271945 0.00497496
 0.250925 0.606539 0.109266 0.0270387 0.00623085
 0.0428866 0.771367 0.150402 0.0270945 0.00824977
pobs_RECLAS
 0 0 0 0 0
 0 0 0 0 0
 0 0 0 0 0
 0 0 0 0 0
 0.835266 0.146461 0.0176864 0.000547809 3.91292e-05
 0.385257 0.428462 0.181853 0.0044286 0
 0.867414 0.0963971 0.0333333 0.00285562 0
 0.441836 0.489002 0.0689373 0.000224442 0
 0.779404 0.147425 0.0564933 0.0165055 0.000172143
 0.814271 0.122319 0.05973 0.00367925 0
 0.40263 0.566651 0.0304383 0.000280538 0
 0.475488 0.404961 0.113038 0.00651328 0
 0.955842 0.0263864 0.0167828 0.000988607 0
 0.975058 0.0227948 0.00214734 0 0
 0.738997 0.206755 0.0527124 0.00153531 0
 0.850938 0.134255 0.0134407 0.00136685 0
 0.542534 0.407297 0.0501686 0 0
 0.764087 0.199537 0.0359546 0.000420521 0
 0.470689 0.182191 0.310203 0.0369168 0
 0.84361 0.089868 0.0606195 0.00523954 0.000663233
 0.607945 0.314616 0.071237 0.00620181 0
 0.523733 0.453247 0.0230204 0 0
 0.530135 0.295979 0.169645 0.0042399 0
 0.562478 0.366248 0.0663022 0.0049721 0
 0.250443 0.683176 0.0655157 0.000865301 0
ppred_RECLAS
 0.382357 0.381761 0.207549 0.0283272 5.95631e-06
 0.539167 0.269917 0.127733 0.0559435 0.00723978
 0.22622 0.574521 0.127753 0.0487038 0.0228021
 0.489199 0.247519 0.206695 0.0370266 0.0195598
 0.664749 0.233075 0.0553355 0.0372256 0.00961488
 0.375497 0.493211 0.097666 0.0186796 0.014947
 0.712615 0.177046 0.0910938 0.0145317 0.00471388
 0.563434 0.376784 0.0399283 0.0165501 0.00330347
 0.626235 0.291989 0.0726567 0.0062027 0.00291702
 0.658689 0.285084 0.0459291 0.00920691 0.00109067
 0.451221 0.454359 0.0815847 0.0105886 0.00224726
 0.468296 0.3786 0.131287 0.0189911 0.00282564
 0.650379 0.252954 0.0730504 0.0204071 0.00320902
 0.701341 0.263956 0.0266158 0.0061921 0.00189413
 0.716646 0.268034 0.01387 0.00112668 0.000323445
 0.66375 0.319532 0.0159856 0.000666398 6.5845e-05
 0.571636 0.372666 0.053451 0.00215421 9.34276e-05
 0.609452 0.315401 0.0670871 0.00775162 0.000308827
 0.518715 0.390519 0.076219 0.0130604 0.00148679
 0.599392 0.291497 0.0920274 0.0144696 0.00261432
 0.599505 0.32124 0.0610129 0.0155175 0.00272504
 0.521197 0.365656 0.0945816 0.0144716 0.00409339
 0.565262 0.308381 0.101326 0.0211141 0.00391683
 0.553651 0.338833 0.0810492 0.0214536 0.00501321
 0.142358 0.647673 0.167681 0.0323119 0.00997648
pobs_PELACES
 0 0 0 0 0
 0 0 0 0 0
 0 0 0 0 0
 0 0 0 0 0
 0 0 0 0 0
 0 0 0 0 0
 0 0 0 0 0
 0 0 0 0 0
 0 0 0 0 0
 0 0 0 0 0
 0.450072 0.473896 0.0757376 0.000293798 0
 0 0 0 0 0
 0.463077 0.371075 0.160297 0.00555027 0
 0.529543 0.364841 0.0842815 0.0213345 0
 0.631943 0.363953 0.00410389 0 0
 0.735681 0.248677 0.0153453 0.000297389 0
 0.695825 0.281241 0.0229344 0 0
 0.275771 0.60734 0.115278 0.00161068 0
 0 0 0 0 0
 0.896147 0.0623911 0.0374545 0.00400742 0
 0.803859 0.145111 0.0509908 3.86294e-05 0
 0.739449 0.233085 0.0266225 0.000797448 4.60066e-05
 0.878498 0.100942 0.0204185 0.000141795 0
 0.694673 0.275183 0.0284847 0.00165964 0
 0 0 0 0 0
ppred_PELACES
 0.409242 0.371224 0.193692 0.0258362 5.39611e-06
 0.578285 0.251986 0.114445 0.0489865 0.00629696
 0.293208 0.531463 0.113419 0.0422581 0.0196517
 0.520752 0.237797 0.190579 0.033365 0.0175074
 0.663829 0.237393 0.0540908 0.0355627 0.00912379
 0.431156 0.453695 0.0862227 0.0161168 0.0128098
 0.748536 0.157599 0.0778222 0.0121329 0.00390936
 0.626524 0.32446 0.0329986 0.0133675 0.00265032
 0.696371 0.239447 0.0571827 0.00477092 0.00222864
 0.700279 0.25219 0.0389932 0.0076392 0.000898893
 0.529591 0.392401 0.0676219 0.00857732 0.00180819
 0.541957 0.330286 0.109921 0.0155396 0.0022966
 0.755392 0.179246 0.0496795 0.0135634 0.00211855
 0.854675 0.129125 0.0124958 0.00284116 0.000863269
 0.865423 0.127594 0.0063367 0.000503062 0.000143449
 0.747336 0.240596 0.0115518 0.000470637 4.61907e-05
 0.653915 0.302705 0.041668 0.00164122 7.07024e-05
 0.668192 0.270179 0.0551537 0.00622818 0.000246469
 0.564627 0.356213 0.0667233 0.0111739 0.0012635
 0.654451 0.254472 0.0771028 0.0118479 0.0021263
 0.621592 0.306282 0.0558289 0.0138769 0.0024206
 0.549619 0.347571 0.0862827 0.0129023 0.00362503
 0.604199 0.284464 0.0897031 0.018268 0.00336614
 0.598094 0.308508 0.0708233 0.0183215 0.00425261
 0.166398 0.636525 0.158157 0.0297853 0.00913473
pobs_pel_tallas
 0 0 0 0 0 0 0 0 0 0 0 0 0 0 0 0 0 0 0 0 0 0 0 0 0 0 0 0 0 0 0 0 0 0 0 0
 0 0 0 0 0 0 0 0 0 0 0 0 0 0 0 0 0 0 0 0 0 0 0 0 0 0 0 0 0 0 0 0 0 0 0 0
 0 0 0 0 0 0 0 0 0 0 0 0 0 0 0 0 0 0 0 0 0 0 0 0 0 0 0 0 0 0 0 0 0 0 0 0
 0 0 0 0 0 0 0 0 0 0 0 0 0 0 0 0 0 0 0 0 0 0 0 0 0 0 0 0 0 0 0 0 0 0 0 0
 0 0 0 0 0 0 0 0 0 0 0 0 0 0 0 0 0 0 0 0 0 0 0 0 0 0 0 0 0 0 0 0 0 0 0 0
 0 0 0 0 0 0 0 0 0 0 0 0 0 0 0 0 0 0 0 0 0 0 0 0 0 0 0 0 0 0 0 0 0 0 0 0
 0 0 0 0 0 0 0 0 0 0 0 0 0 0 0 0 0 0 0 0 0 0 0 0 0 0 0 0 0 0 0 0 0 0 0 0
 0 0 0 0 0 0 0 0 0 0 0 0 0 0 0 0 0 0 0 0 0 0 0 0 0 0 0 0 0 0 0 0 0 0 0 0
 0 0 0 0 0 0 0 0 0 0 0 0 0 0 0 0 0 0 0 0 0 0 0 0 0 0 0 0 0 0 0 0 0 0 0 0
 0 0 0 0 0 0 0 0 0 0 0 0 0 0 0 0 0 0 0 0 0 0 0 0 0 0 0 0 0 0 0 0 0 0 0 0
 0 0 0 0 0 0 0 0 1.78061e-05 0.00172719 0.00360574 0.0105946 0.0120993 0.0124554 0.0147524 0.0171206 0.0266825 0.0428682 0.0675386 0.121331 0.153587 0.119568 0.100827 0.0573624 0.0630603 0.0341343 0.0324427 0.0444173 0.0211091 0.0280891 0.0125444 0.00206551 0 0 0 0
 0 0 0 0 0 0 0 0 0 0 0 0 0 0 0 0 0 0 0 0 0 0 0 0 0 0 0 0 0 0 0 0 0 0 0 0
 0 0 0 0 0 0 0.0133647 0.0140871 0.0187388 0.0205184 0.03894 0.0496705 0.03968 0.0493445 0.0407372 0.0367815 0.0215668 0.0243155 0.0234873 0.0199281 0.019796 0.0243948 0.0301388 0.0376714 0.0412746 0.0863199 0.0771752 0.113111 0.0741005 0.0525337 0.0229764 0.00759418 0.00175318 0 0 0
 0 0 0 0 0 0 0 0 0 0 0.00219441 0.00772107 0.0458388 0.0604681 0.0671733 0.0775358 0.0609151 0.0617685 0.073594 0.0568108 0.0755445 0.0548602 0.0670107 0.0636378 0.0643287 0.046367 0.0373049 0.0286899 0.0247887 0.0153202 0.00654259 0.00121912 0.000365735 0 0 0
 0 0 0 0 0 0 0 0 0 0 0 0 0.000112435 0.00938835 0.0111873 0.0202946 0.0414886 0.0713402 0.111592 0.104902 0.108894 0.110636 0.117776 0.105296 0.107544 0.0401394 0.0192827 0.0124803 0.00416011 0.0028671 0.000618394 0 0 0 0 0
 0 0 0 0 0 0 0 0 0 0 0.00291406 0.0102884 0.027416 0.0768956 0.0749926 0.110853 0.0956884 0.0897413 0.0766577 0.0534642 0.0500743 0.0551293 0.0594112 0.0620874 0.0668451 0.0424026 0.0208742 0.0120726 0.0048766 0.00582813 0.00118941 0.000297354 0 0 0 0
 0 0.00264628 0.0354308 0.0461629 0.0458689 0.0383711 0.0214643 0.0164657 0.0346957 0.0420465 0.0363128 0.0245516 0.0311673 0.0291091 0.0169068 0.0133784 0.00837989 0.0085269 0.0148486 0.0160247 0.0276389 0.0546898 0.0760071 0.122758 0.109233 0.0665981 0.0333725 0.0166128 0.00676272 0.00308733 0.000882094 0 0 0 0 0
 0 0 0 0 0 0 0 0.000805153 0.000690131 0.00759144 0.0133425 0.0154129 0.00931677 0.000345066 0.00356568 0.00563607 0.00851162 0.0253048 0.0502646 0.0516448 0.0657925 0.0565908 0.0611916 0.0827007 0.0866115 0.110766 0.145733 0.0935128 0.0569358 0.0249597 0.0138026 0.00621118 0.00161031 0.00115022 0 0
 0 0 0 0 0 0 0 0 0 0 0 0 0 0 0 0 0 0 0 0 0 0 0 0 0 0 0 0 0 0 0 0 0 0 0 0
 0.00147267 0.00158595 0.00478618 0.00569244 0.00954404 0.0108468 0.00647125 0.017049 0.0510054 0.094081 0.124002 0.0959785 0.0687766 0.0820023 0.061753 0.0591476 0.0492212 0.0479892 0.0443925 0.0268479 0.0217502 0.0140895 0.0121071 0.0120363 0.00920419 0.00665534 0.0049561 0.00860946 0.00930331 0.0156896 0.0114698 0.00855282 0.00243557 0.00046729 0 2.83206e-05
 0 0 0 0 0.000772559 0.00158375 0.000888443 0.00281984 0.00712685 0.0440552 0.0773331 0.111326 0.0921469 0.0852325 0.0710754 0.0886704 0.0786465 0.0553345 0.0373146 0.0185414 0.00753245 0.00457741 0.012979 0.0271748 0.0457355 0.0583668 0.034881 0.0177882 0.00938659 0.00492506 0.0015258 0.00185414 0.000309023 5.79419e-05 3.86279e-05 0
 0 0.00173294 0.00326652 0 0.00397197 0.00683976 0.00946217 0.0152591 0.00757587 0.0136028 0.0228656 0.0392903 0.0559909 0.0764795 0.0681675 0.0726916 0.0566044 0.0477403 0.0527397 0.0444891 0.0609904 0.0582453 0.0661739 0.0445044 0.0529084 0.0360697 0.0280645 0.0235558 0.0158879 0.00826598 0.00280645 0.00217768 0.000904811 0.00058276 9.20147e-05 0
 0 0 0 0 0 0 0 0 0 0 0 0 0 0 0 0 0 0 0 0 0 0 0 0 0 0 0 0 0 0 0 0 0 0 0 0
 0 0 0 0 0 0 0 0 0 0 0 0 0 0 0 0 0 0 0 0 0 0 0 0 0 0 0 0 0 0 0 0 0 0 0 0
 0 0 0 0 0 0 0 0 0 0 0 0 0 0 0 0 0 0 0 0 0 0 0 0 0 0 0 0 0 0 0 0 0 0 0 0
ppred_pel_tallas
 1.03759e-16 1.7873e-05 0.000104856 0.000498349 0.00191852 0.00598258 0.0151118 0.0309231 0.0512674 0.0688774 0.0750229 0.0663436 0.047858 0.0286721 0.0153052 0.0091193 0.00830704 0.0106839 0.0148774 0.020184 0.0261193 0.0321628 0.0377202 0.0422043 0.0451518 0.046318 0.045717 0.0435923 0.0403352 0.0363807 0.0321186 0.0278415 0.0237359 0.0199031 0.0163927 0.0132311
 1.03685e-16 2.5239e-05 0.000148113 0.000704021 0.00271045 0.00845222 0.0213498 0.0436855 0.0724174 0.0972663 0.105876 0.0934639 0.0670653 0.0394651 0.0197634 0.00975137 0.00673971 0.0075379 0.0101779 0.0137526 0.0178042 0.0219533 0.0257976 0.0289447 0.0310864 0.0320609 0.0318782 0.030698 0.0287741 0.0263835 0.0237678 0.0211005 0.0184853 0.0159732 0.0135888 0.0113512
 1.04154e-16 1.28196e-05 7.51744e-05 0.000357206 0.00137503 0.00428769 0.0108309 0.0221652 0.0367555 0.0494045 0.0538752 0.0477912 0.0347985 0.0214954 0.0126514 0.00935679 0.0104275 0.0143724 0.0202045 0.0273023 0.0350703 0.0427735 0.0495668 0.0546397 0.0573925 0.0575723 0.0553235 0.051129 0.0456744 0.0396768 0.03374 0.0282705 0.023466 0.0193582 0.0158796 0.0129279
 1.04748e-16 2.27299e-05 0.000133383 0.000633995 0.00244084 0.00761144 0.019226 0.0393401 0.0652147 0.087594 0.0953526 0.0841864 0.0604351 0.0356185 0.0179413 0.00903034 0.00648093 0.00743935 0.0101528 0.0138208 0.0180406 0.0224696 0.0267309 0.0304421 0.033282 0.0350494 0.0356902 0.0352842 0.0340021 0.0320504 0.0296247 0.0268856 0.0239563 0.020935 0.0179106 0.0149709
 1.02494e-16 2.89684e-05 0.000170009 0.000808123 0.00311127 0.00970218 0.024507 0.0501454 0.0831241 0.111641 0.121509 0.107228 0.076865 0.0450757 0.0222815 0.0105068 0.00663026 0.00695797 0.00921123 0.0123496 0.0158751 0.019408 0.0225639 0.0249805 0.0263883 0.0266693 0.0258786 0.0242196 0.0219829 0.0194731 0.0169448 0.0145683 0.0124257 0.0105309 0.00885983 0.00737773
 1.02525e-16 1.88316e-05 0.000110477 0.000525056 0.00202132 0.00630315 0.0159217 0.0325807 0.0540169 0.0725757 0.0790625 0.0699428 0.0505123 0.0303773 0.0164211 0.0100933 0.00949917 0.0123322 0.017119 0.0230616 0.0295639 0.0359726 0.0415579 0.0456263 0.0476697 0.0474828 0.0452052 0.0412721 0.0362944 0.0309109 0.0256599 0.0209051 0.0168231 0.013438 0.0106803 0.00844274
 1.01756e-16 3.26589e-05 0.000191683 0.000911177 0.00350809 0.0109396 0.0276327 0.05654 0.093721 0.125864 0.136962 0.120804 0.0864612 0.0504312 0.0244235 0.0106729 0.00561323 0.00504788 0.00640762 0.00856628 0.0110634 0.0136181 0.0159681 0.0178638 0.0191104 0.0196061 0.0193592 0.0184747 0.0171192 0.0154766 0.0137103 0.0119407 0.0102426 0.00865456 0.00719364 0.00586851
 1.01158e-16 2.73452e-05 0.000160472 0.000762763 0.0029366 0.00915744 0.0231312 0.0473309 0.0784615 0.105388 0.114725 0.101297 0.072731 0.0428891 0.0216412 0.0109383 0.00787133 0.00897569 0.0120911 0.0161811 0.0206709 0.0250545 0.0288021 0.0314203 0.0325561 0.0320799 0.0301155 0.027001 0.0232008 0.0191945 0.0153825 0.0120298 0.00925622 0.00706326 0.00537816 0.00409816
 1.01158e-16 3.03875e-05 0.00017834 0.000847729 0.00326377 0.0101777 0.0257082 0.0526031 0.0871978 0.117111 0.127459 0.112473 0.0806097 0.0472416 0.0232955 0.0108888 0.0067398 0.00696629 0.00917202 0.0122624 0.0157159 0.0191386 0.0221351 0.0243351 0.0254656 0.0254119 0.0242411 0.0221764 0.0195357 0.0166542 0.0138181 0.0112248 0.00897577 0.00709366 0.00555128 0.00429983
 1.00941e-16 3.05584e-05 0.000179343 0.000852491 0.0032821 0.0102349 0.0258526 0.0528986 0.087688 0.117771 0.128179 0.113113 0.0810797 0.0475395 0.0234836 0.0110445 0.00692418 0.00721866 0.00951412 0.0127005 0.0162387 0.0197143 0.022711 0.0248421 0.0258281 0.0255609 0.0241271 0.0217799 0.0188713 0.0157682 0.0127793 0.0101129 0.00786849 0.00605659 0.00463144 0.00352358
 1.01467e-16 2.31214e-05 0.000135668 0.000644826 0.00248249 0.0077413 0.0195542 0.0400127 0.0663336 0.0891088 0.0970329 0.0857442 0.061715 0.0366962 0.0190776 0.0105634 0.00874962 0.0107475 0.0147375 0.0197997 0.0253445 0.0307861 0.0354872 0.0388465 0.0404265 0.0400553 0.0378636 0.0342406 0.0297303 0.024901 0.0202329 0.0160514 0.0125149 0.00964443 0.00737401 0.00560026
 1.0231e-16 2.36581e-05 0.000138824 0.000659846 0.00254034 0.00792172 0.0200099 0.0409445 0.0678764 0.0911755 0.0992678 0.0876822 0.0630297 0.0373174 0.0191079 0.0101187 0.00786651 0.00938377 0.01282 0.0172769 0.0222296 0.0271852 0.0316088 0.0349868 0.0369307 0.0372621 0.0360455 0.0335563 0.0302003 0.026412 0.0225671 0.0189315 0.0156522 0.0127792 0.010303 0.00818809
 1.01329e-16 3.29587e-05 0.000193441 0.000919531 0.00354024 0.0110399 0.027886 0.0570585 0.0945809 0.12702 0.138224 0.121926 0.087285 0.0509523 0.0247508 0.0109416 0.00593009 0.00548139 0.00699586 0.00932088 0.011966 0.0146152 0.0169701 0.018753 0.0197568 0.0198896 0.0191922 0.0178197 0.0159966 0.0139609 0.0119157 0.0100016 0.0082923 0.0068076 0.00553475 0.0044482
 1.00358e-16 3.72857e-05 0.000218849 0.00104034 0.00400539 0.0124905 0.0315499 0.0645547 0.107004 0.143697 0.156354 0.137873 0.0986028 0.0573602 0.027491 0.0115161 0.00533028 0.00411162 0.00490799 0.00643506 0.00819487 0.00992201 0.0113935 0.012411 0.0128341 0.0126122 0.0117959 0.010522 0.00897748 0.00735603 0.00581928 0.00447448 0.00337034 0.00250741 0.00185576 0.00137273
 1.00156e-16 3.77543e-05 0.000221601 0.00105342 0.00405576 0.0126475 0.0319466 0.0653664 0.10835 0.145504 0.158318 0.139603 0.0998348 0.0580665 0.0278098 0.0116152 0.00532322 0.00404896 0.00480131 0.00627908 0.00797897 0.00963491 0.0110254 0.011955 0.0122872 0.011976 0.0110775 0.00973342 0.00813618 0.0064835 0.00493992 0.00361372 0.00255246 0.00175343 0.00118168 0.000788411
 1.00261e-16 3.26098e-05 0.000191387 0.000909755 0.00350258 0.0109225 0.0275894 0.056452 0.0935773 0.125677 0.136777 0.120682 0.0864647 0.0506152 0.0248502 0.0114295 0.00681636 0.00682996 0.00888659 0.0118055 0.0150298 0.01815 0.0207654 0.0225099 0.0231265 0.022529 0.0208233 0.0182778 0.0152559 0.0121313 0.00921509 0.00671182 0.00471143 0.0032087 0.00213734 0.00140471
 1.0075e-16 2.85388e-05 0.000167481 0.000796089 0.00306492 0.00955761 0.0241419 0.0493988 0.0818885 0.109988 0.119724 0.10569 0.0758414 0.0446347 0.0223582 0.0110326 0.00760654 0.0084534 0.0113184 0.0151348 0.0193353 0.0234394 0.0269492 0.0294009 0.0304611 0.0300043 0.028142 0.0251872 0.0215729 0.0177498 0.0140974 0.0108715 0.00819377 0.00607488 0.00445435 0.00324042
 1.01097e-16 2.916e-05 0.000171131 0.00081345 0.00313177 0.0097661 0.0246685 0.050476 0.083673 0.112381 0.122321 0.107961 0.0774257 0.0454755 0.0226104 0.0108796 0.00715102 0.00771102 0.0102597 0.0137286 0.0175791 0.0213772 0.0246784 0.0270664 0.0282365 0.0280651 0.0266355 0.0242083 0.0211509 0.0178492 0.014631 0.0117205 0.00923024 0.00718041 0.00553299 0.00422446
 1.01507e-16 2.46476e-05 0.000144631 0.000687448 0.00264661 0.0082531 0.0208469 0.0426574 0.0707162 0.0949905 0.103423 0.0913556 0.0656771 0.0388982 0.0199403 0.0105929 0.00826636 0.00986272 0.0134422 0.0180507 0.0231176 0.0281041 0.0324306 0.0355505 0.0370647 0.0368131 0.0349089 0.031699 0.0276705 0.0233329 0.0191178 0.0153183 0.012079 0.00942186 0.00729222 0.00560255
 1.01684e-16 2.85603e-05 0.000167611 0.000796718 0.00306736 0.00956523 0.0241611 0.0494377 0.0819517 0.110069 0.119802 0.105735 0.0758205 0.0445164 0.022104 0.010589 0.00690334 0.0074121 0.00986922 0.0132399 0.0170129 0.0207826 0.0241321 0.0266663 0.0280887 0.0282665 0.0272553 0.025274 0.0226416 0.0196981 0.0167356 0.0139592 0.0114794 0.00932987 0.00749667 0.00594575
 1.01483e-16 2.71295e-05 0.000159207 0.000756752 0.00291346 0.0090853 0.0229489 0.0469578 0.0778427 0.104555 0.113816 0.100487 0.0721341 0.0425062 0.0213915 0.0107214 0.00760658 0.00860967 0.0115929 0.0155408 0.0199031 0.0242033 0.0279415 0.0306482 0.0319807 0.0318017 0.0302077 0.0274954 0.0240809 0.0203991 0.0168172 0.0135835 0.0108189 0.00854057 0.00670064 0.0052248
 1.01951e-16 2.39929e-05 0.000140788 0.00066918 0.00257627 0.00803377 0.0202929 0.0415238 0.068837 0.0924666 0.100676 0.0889311 0.0639388 0.0378782 0.0194358 0.0103561 0.0081222 0.00972316 0.0132762 0.0178581 0.0229186 0.0279362 0.032347 0.0356149 0.0373425 0.0373605 0.035761 0.0328616 0.0291162 0.0250044 0.0209351 0.0171904 0.013916 0.0111457 0.0088441 0.00694608
 1.02152e-16 2.63703e-05 0.000154751 0.000735575 0.00283193 0.00883104 0.0223067 0.0456436 0.0756639 0.101628 0.110627 0.0976668 0.0700995 0.0412871 0.0207418 0.0103392 0.00727083 0.00819928 0.0110557 0.0148685 0.0191248 0.0233866 0.0271914 0.0300979 0.0317737 0.0320669 0.031035 0.0289161 0.0260598 0.0228386 0.0195733 0.0164886 0.0137066 0.011266 0.00915509 0.00734153
 1.01935e-16 2.6105e-05 0.000153192 0.000728156 0.00280336 0.00874194 0.0220816 0.0451833 0.0749016 0.100607 0.109521 0.0967041 0.0694388 0.0409586 0.0206885 0.0104948 0.00760645 0.00872376 0.0117945 0.0158407 0.0203254 0.0247749 0.0286879 0.0315902 0.0331311 0.0331625 0.031768 0.0292301 0.0259513 0.0223547 0.0187995 0.0155309 0.0126727 0.01025 0.00822755 0.00654597
 1.03903e-16 7.2945e-06 4.27272e-05 0.000202926 0.000780974 0.00243513 0.00615161 0.0125919 0.0208907 0.0281112 0.0307368 0.0274601 0.0204163 0.0134483 0.00939377 0.00902668 0.0118288 0.0170652 0.0241924 0.0327305 0.0420462 0.0512742 0.0593998 0.0654446 0.0686812 0.0687979 0.0659607 0.0607465 0.0539804 0.0465338 0.0391486 0.0323355 0.0263571 0.0212739 0.0170215 0.0134847
pSPR Fmed_Fpbrs
0.379899   0.357467 0.357467
Fs Fmed_Fpbrs
0.907382   1.005 1.005
SSBpbr Bo_Bmed_Bpbrs
750410  247560  230726 230726
Ro
24343
SPR SPRFo_SPRFmed_SPRFpbrs
501698 190595 179340
log_Ro
9.92
likeval ReclasPelacesDesembMPH_pf_preclas_ppelaces_ptallas_desvR_qrecl_qpela
 69.721 12.6974 0.0711322 0.000169943 297.82 188.064 72.8407 0 23.2493 2.42276e-05 0.000277351 0 0 0 0
q_reclas_q_pelaces
2.00871 10.6904
M
0.7
N
 26547.7 14766.9 6046.22 771.463 0.159968
 41686.4 12406 4421.52 1810.36 231.04
 9383.91 19138.3 3205.06 1142.29 527.391
 13938.2 3968.59 2495.87 417.979 217.746
 39624.5 6495.61 1161.43 730.432 186.049
 21938.7 19424.5 2896.86 517.965 408.724
 63278.4 9732.37 3771.27 562.423 179.916
 60545.1 28731.6 2293.04 888.548 174.903
 74329.3 26484.7 4963.29 396.116 183.708
 115672 31863.5 3866.1 724.514 84.6396
 67511.3 52124.8 7048.87 855.262 179.002
 48382 28914.3 7551.28 1021.16 149.833
 52835.4 20929.4 4552.01 1188.81 184.352
 28972.9 20941.2 1590.28 345.876 104.337
 13080.6 9657.66 376.378 28.5823 8.09173
 10143 4327.55 163.051 6.3544 0.619169
 7914.38 4175.72 451.059 16.9947 0.726852
 9217.92 3340.02 535.045 57.7953 2.27071
 8537.06 4047.09 594.88 95.2951 10.6981
 11734.1 3858.3 917.369 134.844 24.0259
 17744.8 5201.17 743.975 176.891 30.634
 21069.1 8333.83 1623.47 232.221 64.776
 29869.7 9813.77 2428.48 473.08 86.545
 35771.7 13664.8 2461.67 609.157 140.375
 5685.67 16205.6 3159.79 569.228 173.319
pred_Ctot
 1129.48 4340.13 1777.04 226.74 0.0470162
 2273.17 4442.26 1583.22 648.241 82.7291
 1010.5 10923.6 1829.35 651.981 301.018
 619.05 1207.97 759.703 127.226 66.2784
 365.834 479.093 85.663 53.8741 13.7223
 1693.89 8968.43 1337.5 239.148 188.711
 3918.14 3836.94 1486.8 221.733 70.9312
 5224.32 14293.1 1140.72 442.025 87.0087
 7372.02 14390.8 2696.86 215.234 99.8197
 7742.13 13300.4 1613.78 302.426 35.3302
 6734.73 28423 3843.67 466.364 97.6077
 4520.05 15138 3953.45 534.627 78.4446
 7770.18 14086.5 3063.72 800.123 124.077
 7008.19 16982.9 1289.69 280.499 84.6151
 3213.76 7866.21 306.562 23.2804 6.59075
 1260.71 2676.42 100.841 3.92996 0.382933
 862.712 2400.35 259.285 9.76916 0.417821
 773.606 1631.41 261.339 28.2297 1.10911
 554.9 1653.68 243.074 38.9385 4.37137
 912.274 1789.86 425.567 62.5539 11.1456
 694.414 1426.75 204.082 48.5237 8.40331
 943.157 2552.91 497.319 71.1364 19.8429
 1699.7 3630.72 898.446 175.021 32.0183
 2268.4 5483.19 987.782 244.433 56.3277
 364.329 6552.9 1277.69 230.173 70.0832
F
 0.0607613 0.505905 0.505905 0.505905 0.505905
 0.0784821 0.653451 0.653451 0.653451 0.653451
 0.160586 1.33705 1.33705 1.33705 1.33705
 0.063506 0.528758 0.528758 0.528758 0.528758
 0.0129112 0.107501 0.107501 0.107501 0.107501
 0.112793 0.939126 0.939126 0.939126 0.939126
 0.0895468 0.745577 0.745577 0.745577 0.745577
 0.126821 1.05593 1.05593 1.05593 1.05593
 0.147046 1.22432 1.22432 1.22432 1.22432
 0.0971152 0.808593 0.808593 0.808593 0.808593
 0.147959 1.23192 1.23192 1.23192 1.23192
 0.137972 1.14877 1.14877 1.14877 1.14877
 0.225464 1.87724 1.87724 1.87724 1.87724
 0.398611 3.31888 3.31888 3.31888 3.31888
 0.406125 3.38145 3.38145 3.38145 3.38145
 0.187502 1.56116 1.56116 1.56116 1.56116
 0.162704 1.35469 1.35469 1.35469 1.35469
 0.123151 1.02537 1.02537 1.02537 1.02537
 0.0941909 0.784244 0.784244 0.784244 0.784244
 0.113615 0.945974 0.945974 0.945974 0.945974
 0.0557665 0.464319 0.464319 0.464319 0.464319
 0.0640222 0.533057 0.533057 0.533057 0.533057
 0.0820245 0.682946 0.682946 0.682946 0.682946
 0.0917973 0.764315 0.764315 0.764315 0.764315
 0.0928009 0.772671 0.772671 0.772671 0.772671
nmprior
 10 11 7 0
nm_flota  nm_reclas  nm_pelaces    nm_pelaL
inf 30.0379 13.0147 21.7431
cv_recla  cv_pelaces  cv_mph
0.755278 0.419297 0.42295
 ------------------------------------------------
Talla a la edad & desviación 
 7.2 14.2025 17.0495 18.207 18.6776
 1.08 2.13037 2.55742 2.73105 2.80164
