years
 1997 1998 1999 2000 2001 2002 2003 2004 2005 2006 2007 2008 2009 2010 2011 2012 2013 2014 2015 2016 2017 2018 2019 2020 2021
reclasobs
 0 0 0 370054 412103 1.49427e+06 250295 1.28982e+06 931140 785840 897777 1.04006e+06 184774 17550 25797 100020 73551 82996 120727 218422 84188 347160 605670 569463 516374
reclaspred
 420809 123206 419825 304817 410823 484766 1.03778e+06 659459 688078 578961 443850 296729 181108 87601.2 65094.7 68509.9 87332.5 121051 128703 184672 264786 243080 421506 545946 613971
pelacesobs
 0 0 0 0 0 0 0 0 0 2.06254e+06 1.5e+06 0 1.87456e+06 323000 250000 174000 83755 137374 0 501740 490994 745055 786931 1.00524e+06 0
pelacespred
 1.57715e+06 416887 847102 939648 1.07216e+06 1.07431e+06 2.52101e+06 2.07736e+06 1.87746e+06 1.61053e+06 1.11491e+06 765237 465483 192165 139789 155390 205599 286084 315022 438103 692410 623192 852866 1.29295e+06 1.51439e+06
mphobs
 0 0 0 0 0 112323 0 153150 637223 0 255016 313432 73983 77613 109348 50772 0 0 0 0 0 0 0 0 0
mphpred
 921638 627907 826225 1.12841e+06 1.10117e+06 1.59541e+06 2.39867e+06 2.74004e+06 2.23921e+06 2.10552e+06 1.82933e+06 1.27294e+06 786257 417760 215753 193788 238066 334199 418583 482945 718455 841786 1.06451e+06 1.51363e+06 2.22995e+06
desembarqueobs
 350755 77701 442110 56441 14545 235359 269955 359681 431902 328805 639364 411747 362871 311530 167758 66681 60226 58785 57116 71774 51957 67425 138520 160799 200461
desembarquepred
 350764 77704 442145 56442.5 14545.1 235391 269979 359707 431968 328861 639737 412086 363342 312119 167857 66697.8 60245.2 58788.7 57115.2 71776.6 51958.2 67422.5 138523 160804 200461
Reclutas
 74998.6 94738.5 61463 91253 150981 110540 167477 143565 157605 143722 69105.4 41048.8 42286.6 24789.6 20209.7 26537.8 22704.5 25698.6 29412.8 52461.5 65993.4 86249.4 135769 174570 77223.3
log_desv_Rt
 0.105225 0.338876 -0.0938094 0.301392 0.804912 0.493137 0.908602 0.754544 0.847845 0.755635 0.0233887 -0.497484 -0.467774 -1.00182 -1.20608 -0.933675 -1.08968 -0.96581 -0.830815 -0.252166 -0.0226895 0.244999 0.698713 0.950083 0.134457
SSB
 921638 627907 826225 1.12841e+06 1.10117e+06 1.59541e+06 2.39867e+06 2.74004e+06 2.23921e+06 2.10552e+06 1.82933e+06 1.27294e+06 786257 417760 215753 193788 238066 334199 418583 482945 718455 841786 1.06451e+06 1.51363e+06 2.22995e+06
BT
 3.12071e+06 876845 1.75875e+06 1.74179e+06 1.93014e+06 2.10978e+06 4.69663e+06 4.13072e+06 3.75841e+06 3.20447e+06 2.58384e+06 1.75396e+06 1.19278e+06 647101 394659 333696 417797 559179 613292 843009 1.28209e+06 1.17885e+06 1.6221e+06 2.44654e+06 2.87601e+06
Ftot
 0.316926 0.234333 0.316955 0.0580002 0.0124411 0.129968 0.0814324 0.165751 0.194178 0.168173 0.373137 0.349426 0.546917 0.943781 0.824261 0.320251 0.228683 0.153023 0.129687 0.131177 0.063962 0.082741 0.0978406 0.0946595 0.0820836
BD_Bspro_t
 0.961717 0.81903 0.797961 0.713625 0.803686 0.886911 0.864466 0.866625 0.820451 0.780274 0.736931 0.592799 0.481135 0.368468 0.253344 0.275814 0.401446 0.571115 0.675866 0.749899 0.829449 0.880787 0.885754 0.888572 0.888927
BD_Bspro
 0.662426 0.451308 0.593848 0.81104 0.791466 1.1467 1.72404 1.9694 1.60943 1.51334 1.31483 0.914927 0.565121 0.300264 0.155072 0.139285 0.171109 0.240205 0.300856 0.347117 0.516389 0.605033 0.765115 1.08792 1.60277
BD_Bo
 0.576351 0.392665 0.516684 0.705654 0.688623 0.997699 1.50002 1.7135 1.4003 1.3167 1.14398 0.796042 0.49169 0.261248 0.134922 0.121187 0.148876 0.208993 0.261763 0.302012 0.449289 0.526415 0.665696 0.946559 1.39451
BD_Brms
 2.0518 1.39788 1.83939 2.51212 2.45149 3.5518 5.34004 6.10004 4.98505 4.68742 4.07257 2.8339 1.75041 0.93004 0.480321 0.431423 0.529995 0.744013 0.931872 1.07516 1.59946 1.87403 2.36987 3.36974 4.96443
S_f
 0.20551 1 1 1 1
 0.20551 1 1 1 1
 0.20551 1 1 1 1
 0.20551 1 1 1 1
 0.20551 1 1 1 1
 0.20551 1 1 1 1
 0.20551 1 1 1 1
 0.20551 1 1 1 1
 0.20551 1 1 1 1
 0.20551 1 1 1 1
 0.20551 1 1 1 1
 0.20551 1 1 1 1
 0.20551 1 1 1 1
 0.20551 1 1 1 1
 0.20551 1 1 1 1
 0.20551 1 1 1 1
 0.20551 1 1 1 1
 0.20551 1 1 1 1
 0.20551 1 1 1 1
 0.20551 1 1 1 1
 0.20551 1 1 1 1
 0.20551 1 1 1 1
 0.20551 1 1 1 1
 0.20551 1 1 1 1
 0.20551 1 1 1 1
Scru_reclas
 1 1 1 1 1
 1 1 1 1 1
 1 1 1 1 1
 1 1 1 1 1
 1 1 1 1 1
 1 1 1 1 1
 1 1 1 1 1
 1 1 1 1 1
 1 1 1 1 1
 1 1 1 1 1
 1 1 1 1 1
 1 1 1 1 1
 1 1 1 1 1
 1 1 1 1 1
 1 1 1 1 1
 1 1 1 1 1
 1 1 1 1 1
 1 1 1 1 1
 1 1 1 1 1
 1 1 1 1 1
 1 1 1 1 1
 1 1 1 1 1
 1 1 1 1 1
 1 1 1 1 1
 1 1 1 1 1
Scru_pelaces
 1 1 1 1 1
 1 1 1 1 1
 1 1 1 1 1
 1 1 1 1 1
 1 1 1 1 1
 1 1 1 1 1
 1 1 1 1 1
 1 1 1 1 1
 1 1 1 1 1
 1 1 1 1 1
 1 1 1 1 1
 1 1 1 1 1
 1 1 1 1 1
 1 1 1 1 1
 1 1 1 1 1
 1 1 1 1 1
 1 1 1 1 1
 1 1 1 1 1
 1 1 1 1 1
 1 1 1 1 1
 1 1 1 1 1
 1 1 1 1 1
 1 1 1 1 1
 1 1 1 1 1
 1 1 1 1 1
pf_obs 
 0.256992 0.487395 0.22802 0.0275931 0
 0.321318 0.546541 0.124235 0.00734118 0.000564706
 0.182869 0.594174 0.210203 0.0122559 0.00049798
 0.330522 0.361315 0.267642 0.0388342 0.00168674
 0.649043 0.306663 0.0425973 0.00169635 0
 0.582887 0.30429 0.105238 0.00758474 0
 0.465427 0.430635 0.0974691 0.00646863 0
 0.296916 0.608066 0.0921331 0.00288517 0
 0.311714 0.524322 0.152257 0.0117073 0
 0.15457 0.633149 0.183074 0.0267441 0.00246327
 0.131901 0.49318 0.331252 0.0422183 0.00144891
 0.196976 0.569456 0.194076 0.0375587 0.00193317
 0.518974 0.381816 0.0799577 0.0180837 0.00116848
 0.0928022 0.601141 0.25162 0.0475244 0.00691264
 0.122501 0.610282 0.24278 0.0234846 0.000952079
 0.383417 0.481906 0.127806 0.00687128 0
 0.0376549 0.599619 0.316969 0.0457579 0
 0.0361596 0.667082 0.258105 0.0386534 0
 0.158088 0.579412 0.248529 0.0139706 0
 0.0477256 0.309471 0.559284 0.082774 0.000745712
 0.0406174 0.521527 0.379366 0.0568643 0.0016247
 0.151134 0.462217 0.34131 0.0453401 0
 0.294876 0.26143 0.354403 0.0886775 0.000613685
 0.281977 0.475581 0.204845 0.0348837 0.00271318
 0 0 0 0 0
pf_pred 
 0.382067 0.436173 0.162557 0.0191936 9.8713e-06
 0.319483 0.528473 0.107321 0.0399975 0.00472506
 0.183725 0.585678 0.179076 0.0363665 0.0151545
 0.272084 0.406583 0.230557 0.0704949 0.0202817
 0.311847 0.448079 0.134095 0.07604 0.029939
 0.179648 0.565369 0.166028 0.0496866 0.0392687
 0.260024 0.39249 0.23948 0.0703264 0.0376799
 0.19629 0.513893 0.153722 0.0937943 0.0423015
 0.220056 0.437917 0.218692 0.0654177 0.0579169
 0.199756 0.479951 0.179836 0.0898086 0.0506489
 0.11697 0.500776 0.229259 0.0859026 0.0670926
 0.114583 0.383644 0.284561 0.130274 0.0869379
 0.189061 0.344523 0.202094 0.1499 0.114422
 0.17841 0.487922 0.141757 0.0831535 0.108757
 0.249695 0.468284 0.167485 0.04866 0.0658759
 0.336058 0.468346 0.122076 0.0436616 0.0298582
 0.23238 0.568228 0.140652 0.0366614 0.0220791
 0.243031 0.46953 0.212776 0.0526678 0.0219957
 0.242429 0.474197 0.17577 0.0796534 0.0279505
 0.330648 0.416799 0.158084 0.0585968 0.0358721
 0.282023 0.515689 0.125963 0.0477752 0.0285499
 0.272151 0.482503 0.17622 0.0430437 0.0260817
 0.309468 0.45142 0.158512 0.0578918 0.022709
 0.280539 0.499993 0.143472 0.0503789 0.0256169
 0.113167 0.589174 0.206859 0.059358 0.0314414
pobs_RECLAS
 0 0 0 0 0
 0 0 0 0 0
 0 0 0 0 0
 0 0 0 0 0
 0.835266 0.146461 0.0176864 0.000547809 3.91292e-05
 0.385257 0.428462 0.181853 0.0044286 0
 0.867414 0.0963971 0.0333333 0.00285562 0
 0.441836 0.489002 0.0689373 0.000224442 0
 0.779404 0.147425 0.0564933 0.0165055 0.000172143
 0.814271 0.122319 0.05973 0.00367925 0
 0.40263 0.566651 0.0304383 0.000280538 0
 0.475488 0.404961 0.113038 0.00651328 0
 0.955842 0.0263864 0.0167828 0.000988607 0
 0.975058 0.0227948 0.00214734 0 0
 0.738997 0.206755 0.0527124 0.00153531 0
 0.850938 0.134255 0.0134407 0.00136685 0
 0.542534 0.407297 0.0501686 0 0
 0.764087 0.199537 0.0359546 0.000420521 0
 0.470689 0.182191 0.310203 0.0369168 0
 0.84361 0.089868 0.0606195 0.00523954 0.000663233
 0.607945 0.314616 0.071237 0.00620181 0
 0.523733 0.453247 0.0230204 0 0
 0.530135 0.295979 0.169645 0.0042399 0
 0.562478 0.366248 0.0663022 0.0049721 0
 0.250443 0.683176 0.0655157 0.000865301 0
ppred_RECLAS
 0.753975 0.173659 0.0647207 0.00764178 3.93018e-06
 0.698256 0.234327 0.0475866 0.017735 0.00209511
 0.527323 0.339146 0.103697 0.0210586 0.00877546
 0.645881 0.197796 0.112162 0.0342946 0.0098667
 0.688119 0.203076 0.0607739 0.0344625 0.0135688
 0.517532 0.332507 0.0976448 0.0292219 0.0230948
 0.631909 0.195239 0.119126 0.0349829 0.0187433
 0.545201 0.290799 0.0869872 0.0530758 0.0239373
 0.581104 0.235198 0.117456 0.0351348 0.0311062
 0.550643 0.269504 0.100983 0.0504298 0.0284406
 0.397317 0.341788 0.156473 0.05863 0.0457918
 0.39133 0.263732 0.195618 0.0895554 0.0597645
 0.540598 0.195175 0.114488 0.0849191 0.0648208
 0.532997 0.277342 0.0805768 0.0472656 0.0618193
 0.633142 0.228965 0.0818911 0.023792 0.0322097
 0.715048 0.201005 0.0523929 0.0187387 0.0128146
 0.598658 0.297092 0.0735382 0.019168 0.0115438
 0.611606 0.240912 0.109173 0.0270234 0.0112858
 0.610512 0.243797 0.0903682 0.040952 0.0143701
 0.707589 0.182081 0.06906 0.0255984 0.015671
 0.657216 0.246206 0.0601385 0.0228094 0.0136306
 0.64625 0.234507 0.0856469 0.0209202 0.0126763
 0.686653 0.204843 0.0719287 0.0262699 0.0103048
 0.655922 0.239119 0.0686149 0.0240934 0.0122512
 0.384025 0.409228 0.14368 0.0412288 0.0218385
pobs_PELACES
 0 0 0 0 0
 0 0 0 0 0
 0 0 0 0 0
 0 0 0 0 0
 0 0 0 0 0
 0 0 0 0 0
 0 0 0 0 0
 0 0 0 0 0
 0 0 0 0 0
 0 0 0 0 0
 0.450072 0.473896 0.0757376 0.000293798 0
 0 0 0 0 0
 0.463077 0.371075 0.160297 0.00555027 0
 0.529543 0.364841 0.0842815 0.0213345 0
 0.631943 0.363953 0.00410389 0 0
 0.735681 0.248677 0.0153453 0.000297389 0
 0.695825 0.281241 0.0229344 0 0
 0.275771 0.60734 0.115278 0.00161068 0
 0 0 0 0 0
 0.896147 0.0623911 0.0374545 0.00400742 0
 0.803859 0.145111 0.0509908 3.86294e-05 0
 0.739449 0.233085 0.0266225 0.000797448 4.60066e-05
 0.878498 0.100942 0.0204185 0.000141795 0
 0.694673 0.275183 0.0284847 0.00165964 0
 0 0 0 0 0
ppred_PELACES
 0.769061 0.16301 0.060752 0.00717318 3.68918e-06
 0.711041 0.224398 0.0455704 0.0169836 0.00200634
 0.547977 0.324327 0.0991659 0.0201384 0.00839201
 0.649351 0.195858 0.111063 0.0339586 0.00977001
 0.688819 0.20262 0.0606376 0.0343852 0.0135384
 0.526034 0.326647 0.095924 0.0287069 0.0226878
 0.636861 0.192612 0.117524 0.0345123 0.0184912
 0.555953 0.283924 0.0849306 0.051821 0.0233714
 0.593443 0.22827 0.113996 0.0340999 0.03019
 0.561526 0.262977 0.0985366 0.0492084 0.0277518
 0.420961 0.328379 0.150334 0.0563299 0.0439953
 0.413356 0.254188 0.188539 0.0863147 0.0576019
 0.575943 0.180158 0.105679 0.0783857 0.0598336
 0.593782 0.241243 0.0700889 0.0411136 0.0537729
 0.681751 0.198627 0.0710407 0.0206396 0.0279419
 0.731843 0.189158 0.0493049 0.0176343 0.0120593
 0.612975 0.286494 0.070915 0.0184843 0.0111321
 0.621092 0.235027 0.106507 0.0263633 0.0110102
 0.618566 0.238756 0.0884995 0.0401051 0.014073
 0.714654 0.177682 0.0673915 0.0249799 0.0152924
 0.660983 0.2435 0.0594774 0.0225587 0.0134808
 0.651193 0.23123 0.0844501 0.0206278 0.0124991
 0.692146 0.201252 0.0706678 0.0258094 0.0101242
 0.661501 0.235242 0.0675023 0.0237028 0.0120525
 0.389128 0.405837 0.14249 0.0408872 0.0216576
pobs_pel_tallas
 0 0 0 0 0 0 0 0 0 0 0 0 0 0 0 0 0 0 0 0 0 0 0 0 0 0 0 0 0 0 0 0 0 0 0 0
 0 0 0 0 0 0 0 0 0 0 0 0 0 0 0 0 0 0 0 0 0 0 0 0 0 0 0 0 0 0 0 0 0 0 0 0
 0 0 0 0 0 0 0 0 0 0 0 0 0 0 0 0 0 0 0 0 0 0 0 0 0 0 0 0 0 0 0 0 0 0 0 0
 0 0 0 0 0 0 0 0 0 0 0 0 0 0 0 0 0 0 0 0 0 0 0 0 0 0 0 0 0 0 0 0 0 0 0 0
 0 0 0 0 0 0 0 0 0 0 0 0 0 0 0 0 0 0 0 0 0 0 0 0 0 0 0 0 0 0 0 0 0 0 0 0
 0 0 0 0 0 0 0 0 0 0 0 0 0 0 0 0 0 0 0 0 0 0 0 0 0 0 0 0 0 0 0 0 0 0 0 0
 0 0 0 0 0 0 0 0 0 0 0 0 0 0 0 0 0 0 0 0 0 0 0 0 0 0 0 0 0 0 0 0 0 0 0 0
 0 0 0 0 0 0 0 0 0 0 0 0 0 0 0 0 0 0 0 0 0 0 0 0 0 0 0 0 0 0 0 0 0 0 0 0
 0 0 0 0 0 0 0 0 0 0 0 0 0 0 0 0 0 0 0 0 0 0 0 0 0 0 0 0 0 0 0 0 0 0 0 0
 0 0 0 0 0 0 0 0 0 0 0 0 0 0 0 0 0 0 0 0 0 0 0 0 0 0 0 0 0 0 0 0 0 0 0 0
 0 0 0 0 0 0 0 0 1.78061e-05 0.00172719 0.00360574 0.0105946 0.0120993 0.0124554 0.0147524 0.0171206 0.0266825 0.0428682 0.0675386 0.121331 0.153587 0.119568 0.100827 0.0573624 0.0630603 0.0341343 0.0324427 0.0444173 0.0211091 0.0280891 0.0125444 0.00206551 0 0 0 0
 0 0 0 0 0 0 0 0 0 0 0 0 0 0 0 0 0 0 0 0 0 0 0 0 0 0 0 0 0 0 0 0 0 0 0 0
 0 0 0 0 0 0 0.0133647 0.0140871 0.0187388 0.0205184 0.03894 0.0496705 0.03968 0.0493445 0.0407372 0.0367815 0.0215668 0.0243155 0.0234873 0.0199281 0.019796 0.0243948 0.0301388 0.0376714 0.0412746 0.0863199 0.0771752 0.113111 0.0741005 0.0525337 0.0229764 0.00759418 0.00175318 0 0 0
 0 0 0 0 0 0 0 0 0 0 0.00219441 0.00772107 0.0458388 0.0604681 0.0671733 0.0775358 0.0609151 0.0617685 0.073594 0.0568108 0.0755445 0.0548602 0.0670107 0.0636378 0.0643287 0.046367 0.0373049 0.0286899 0.0247887 0.0153202 0.00654259 0.00121912 0.000365735 0 0 0
 0 0 0 0 0 0 0 0 0 0 0 0 0.000112435 0.00938835 0.0111873 0.0202946 0.0414886 0.0713402 0.111592 0.104902 0.108894 0.110636 0.117776 0.105296 0.107544 0.0401394 0.0192827 0.0124803 0.00416011 0.0028671 0.000618394 0 0 0 0 0
 0 0 0 0 0 0 0 0 0 0 0.00291406 0.0102884 0.027416 0.0768956 0.0749926 0.110853 0.0956884 0.0897413 0.0766577 0.0534642 0.0500743 0.0551293 0.0594112 0.0620874 0.0668451 0.0424026 0.0208742 0.0120726 0.0048766 0.00582813 0.00118941 0.000297354 0 0 0 0
 0 0.00264628 0.0354308 0.0461629 0.0458689 0.0383711 0.0214643 0.0164657 0.0346957 0.0420465 0.0363128 0.0245516 0.0311673 0.0291091 0.0169068 0.0133784 0.00837989 0.0085269 0.0148486 0.0160247 0.0276389 0.0546898 0.0760071 0.122758 0.109233 0.0665981 0.0333725 0.0166128 0.00676272 0.00308733 0.000882094 0 0 0 0 0
 0 0 0 0 0 0 0 0.000805153 0.000690131 0.00759144 0.0133425 0.0154129 0.00931677 0.000345066 0.00356568 0.00563607 0.00851162 0.0253048 0.0502646 0.0516448 0.0657925 0.0565908 0.0611916 0.0827007 0.0866115 0.110766 0.145733 0.0935128 0.0569358 0.0249597 0.0138026 0.00621118 0.00161031 0.00115022 0 0
 0 0 0 0 0 0 0 0 0 0 0 0 0 0 0 0 0 0 0 0 0 0 0 0 0 0 0 0 0 0 0 0 0 0 0 0
 0.00147267 0.00158595 0.00478618 0.00569244 0.00954404 0.0108468 0.00647125 0.017049 0.0510054 0.094081 0.124002 0.0959785 0.0687766 0.0820023 0.061753 0.0591476 0.0492212 0.0479892 0.0443925 0.0268479 0.0217502 0.0140895 0.0121071 0.0120363 0.00920419 0.00665534 0.0049561 0.00860946 0.00930331 0.0156896 0.0114698 0.00855282 0.00243557 0.00046729 0 2.83206e-05
 0 0 0 0 0.000772559 0.00158375 0.000888443 0.00281984 0.00712685 0.0440552 0.0773331 0.111326 0.0921469 0.0852325 0.0710754 0.0886704 0.0786465 0.0553345 0.0373146 0.0185414 0.00753245 0.00457741 0.012979 0.0271748 0.0457355 0.0583668 0.034881 0.0177882 0.00938659 0.00492506 0.0015258 0.00185414 0.000309023 5.79419e-05 3.86279e-05 0
 0 0.00173294 0.00326652 0 0.00397197 0.00683976 0.00946217 0.0152591 0.00757587 0.0136028 0.0228656 0.0392903 0.0559909 0.0764795 0.0681675 0.0726916 0.0566044 0.0477403 0.0527397 0.0444891 0.0609904 0.0582453 0.0661739 0.0445044 0.0529084 0.0360697 0.0280645 0.0235558 0.0158879 0.00826598 0.00280645 0.00217768 0.000904811 0.00058276 9.20147e-05 0
 0 0 0 0 0 0 0 0 0 0 0 0 0 0 0 0 0 0 0 0 0 0 0 0 0 0 0 0 0 0 0 0 0 0 0 0
 0 0 0 0 0 0 0 0 0 0 0 0 0 0 0 0 0 0 0 0 0 0 0 0 0 0 0 0 0 0 0 0 0 0 0 0
 0 0 0 0 0 0 0 0 0 0 0 0 0 0 0 0 0 0 0 0 0 0 0 0 0 0 0 0 0 0 0 0 0 0 0 0
ppred_pel_tallas
 1.01163e-16 3.35541e-05 0.000196938 0.000936159 0.00360427 0.0112396 0.0283903 0.0580902 0.0962906 0.129314 0.140717 0.124114 0.0888283 0.0518069 0.0250796 0.0109407 0.00572304 0.00511059 0.00645797 0.00860128 0.01106 0.0135393 0.0157652 0.0174815 0.018494 0.0187107 0.0181587 0.0169689 0.0153371 0.0134743 0.0115649 0.00974087 0.00807788 0.00660538 0.00532406 0.00422178
 1.01398e-16 3.10266e-05 0.000182094 0.000865576 0.00333249 0.010392 0.0262495 0.0537105 0.0890329 0.119574 0.130135 0.114822 0.0822677 0.0481615 0.0236528 0.0108942 0.00652558 0.00657643 0.00859931 0.0114848 0.0147189 0.0179281 0.0207426 0.0228178 0.0239008 0.0238866 0.0228399 0.0209698 0.0185721 0.0159565 0.0133846 0.0110335 0.00899035 0.0072695 0.00584117 0.00465836
 1.02598e-16 2.39203e-05 0.000140364 0.000667169 0.00256854 0.00800966 0.020232 0.0413989 0.0686295 0.092186 0.100366 0.088646 0.0637096 0.0376941 0.0192528 0.0101178 0.00777302 0.00921429 0.0125695 0.0169337 0.0217847 0.026638 0.0309699 0.0342788 0.0361872 0.0365238 0.0353557 0.0329558 0.0297229 0.0260812 0.0223945 0.0189162 0.0157818 0.0130317 0.0106495 0.00859582
 1.03264e-16 2.83355e-05 0.000166297 0.000790483 0.00304337 0.00949044 0.0239721 0.0490506 0.0813085 0.1092 0.118845 0.104861 0.0751327 0.0439889 0.0216142 0.00997923 0.00602367 0.00613515 0.00809831 0.0109258 0.0141782 0.0175435 0.020706 0.0233569 0.0252489 0.0262431 0.02633 0.0256146 0.0242751 0.0225112 0.0205012 0.0183783 0.0162289 0.0141055 0.0120445 0.0100794
 1.02741e-16 3.00566e-05 0.000176401 0.000838519 0.00322832 0.0100672 0.025429 0.0520314 0.0862493 0.115835 0.126062 0.111223 0.0796756 0.0466176 0.0228463 0.0104441 0.0061542 0.00613275 0.00801706 0.0107484 0.013853 0.0169981 0.0198558 0.0221157 0.0235426 0.0240257 0.023598 0.0224153 0.020707 0.0187154 0.0166444 0.0146316 0.0127467 0.0110078 0.00940676 0.00792987
 1.03515e-16 2.29636e-05 0.000134747 0.000640465 0.00246572 0.00768902 0.0194221 0.0397418 0.0658829 0.0884982 0.0963545 0.0851127 0.0611909 0.0362453 0.0185896 0.00989426 0.00775241 0.00928716 0.0127047 0.017134 0.0220643 0.0270148 0.0314628 0.0349071 0.0369701 0.037479 0.0364983 0.0342956 0.0312613 0.0278081 0.0242858 0.0209334 0.0178734 0.0151372 0.0127049 0.0105404
 1.03781e-16 2.77908e-05 0.000163099 0.000775281 0.00298484 0.00930791 0.0235111 0.0481073 0.0797448 0.1071 0.11656 0.102847 0.0736918 0.0431508 0.0212131 0.00981289 0.00595109 0.00608755 0.00805283 0.0108822 0.0141482 0.0175477 0.0207723 0.023519 0.0255419 0.0266986 0.0269708 0.0264499 0.0252979 0.0236981 0.0218145 0.0197702 0.0176468 0.0154977 0.0133647 0.0112906
 1.04171e-16 2.42664e-05 0.0001424 0.000676856 0.00260585 0.00812602 0.0205259 0.0419999 0.0696244 0.0935186 0.101806 0.0898933 0.0645519 0.0380839 0.0192523 0.00979571 0.00714422 0.00823964 0.0111867 0.0150924 0.0194759 0.0239157 0.0279617 0.031181 0.0332447 0.0339967 0.0334807 0.0319111 0.0296043 0.0268937 0.0240584 0.0212857 0.0186686 0.0162306 0.0139602 0.0118407
 1.04275e-16 2.5899e-05 0.00015199 0.000722457 0.00278144 0.00867362 0.021909 0.0448295 0.0743129 0.0998094 0.108637 0.095884 0.0687645 0.0403897 0.0200869 0.0096809 0.00639915 0.00695879 0.00934061 0.0126274 0.0163786 0.0202481 0.0238734 0.0269002 0.0290475 0.0301627 0.0302449 0.0294252 0.0279175 0.0259557 0.023743 0.0214244 0.0190861 0.0167725 0.0145101 0.0123251
 1.04473e-16 2.45086e-05 0.000143824 0.000683629 0.00263193 0.00820737 0.0207313 0.0424201 0.0703204 0.0944514 0.102816 0.0907728 0.0651564 0.0383861 0.019305 0.00966005 0.00684756 0.00777449 0.0105299 0.0142257 0.0184019 0.0226679 0.0266079 0.0298191 0.0319895 0.032962 0.0327594 0.0315593 0.0296332 0.0272706 0.0247163 0.0221376 0.0196228 0.0172038 0.0148861 0.012674
 1.06233e-16 1.8382e-05 0.000107849 0.000512588 0.00197336 0.00615362 0.0155438 0.0318066 0.0527305 0.0708382 0.0771456 0.0681897 0.0491221 0.0292942 0.0153909 0.00878902 0.00760571 0.00957781 0.0132941 0.0180561 0.0234207 0.0289346 0.034086 0.0383693 0.0413854 0.0429219 0.0429854 0.0417725 0.0395966 0.0367978 0.0336674 0.0304094 0.0271396 0.0239121 0.0207546 0.0176966
 1.08417e-16 1.80474e-05 0.000105892 0.000503296 0.00193761 0.00604214 0.0152621 0.0312298 0.0517723 0.0695456 0.0757236 0.0668989 0.0481187 0.0285491 0.0147333 0.00800048 0.00648289 0.00795215 0.0110396 0.0151086 0.0198073 0.0248017 0.0297089 0.0341347 0.0377438 0.0403187 0.0417858 0.0421987 0.041693 0.0404302 0.0385545 0.0361748 0.0333716 0.0302179 0.026801 0.0232332
 1.07049e-16 2.51338e-05 0.000147502 0.000701133 0.00269936 0.00841765 0.0212624 0.0435061 0.072118 0.0968582 0.105416 0.09302 0.0666648 0.0390647 0.019259 0.00900417 0.00559761 0.00584937 0.00781055 0.0106223 0.0139111 0.0174141 0.0208607 0.02398 0.0265463 0.0284179 0.0295542 0.0300002 0.0298522 0.0292162 0.0281765 0.0267856 0.0250719 0.0230592 0.0207873 0.0183226
 1.04999e-16 2.59141e-05 0.000152078 0.000722873 0.00278304 0.0086786 0.0219216 0.0448553 0.074356 0.0998682 0.108703 0.0959475 0.068821 0.0404448 0.020154 0.00977716 0.00654135 0.0071604 0.00960813 0.0129557 0.0167465 0.0206161 0.0241861 0.027094 0.0290636 0.0299621 0.0298216 0.0288135 0.0271903 0.0252138 0.0230975 0.0209763 0.0189085 0.0168995 0.0149335 0.013
 1.03089e-16 2.97483e-05 0.000174592 0.000829915 0.00319519 0.00996389 0.025168 0.0514975 0.0853642 0.114646 0.124769 0.110081 0.0788568 0.0461371 0.0226084 0.010332 0.00608523 0.00606503 0.00793535 0.0106518 0.0137497 0.0169045 0.0197956 0.0221176 0.0236371 0.0242399 0.0239506 0.0229129 0.0213424 0.0194684 0.0174846 0.015523 0.0136519 0.0118927 0.0102427 0.00869572
 1.01932e-16 3.19322e-05 0.000187414 0.000890875 0.00342991 0.0106958 0.0270169 0.0552803 0.0916339 0.123064 0.133923 0.118141 0.0845956 0.0494233 0.0240846 0.0107778 0.00602806 0.00573863 0.00739299 0.00987035 0.012684 0.0155099 0.0180368 0.0199744 0.0211058 0.0213349 0.0207038 0.0193729 0.0175735 0.0155489 0.0135044 0.0115785 0.00984054 0.00830495 0.00695523 0.00576513
 1.02256e-16 2.67529e-05 0.000156998 0.000746255 0.00287305 0.00895928 0.0226306 0.0463064 0.0767624 0.103103 0.112232 0.0990812 0.0711096 0.0418713 0.0210152 0.0104412 0.00729698 0.00819299 0.0110268 0.0148103 0.0190221 0.023219 0.0269363 0.029734 0.0312851 0.031448 0.0302942 0.0280776 0.0251622 0.0219308 0.0187081 0.015715 0.0130632 0.010776 0.00882473 0.0071608
 1.03009e-16 2.71049e-05 0.000159069 0.00075611 0.00291101 0.00907768 0.0229296 0.0469178 0.0777744 0.104458 0.113695 0.100344 0.0719543 0.0422451 0.0209752 0.0100497 0.00656134 0.0070675 0.00944784 0.0127358 0.0164648 0.0202695 0.0237704 0.0266002 0.028472 0.0292384 0.0289148 0.0276594 0.02572 0.0233669 0.0208366 0.0183 0.0158585 0.0135601 0.0114236 0.00945807
 1.0337e-16 2.69948e-05 0.000158423 0.000753037 0.00289918 0.00904078 0.0228364 0.0467271 0.0774585 0.104034 0.113234 0.0999396 0.0716685 0.042086 0.020912 0.0100453 0.00659095 0.00712056 0.0095209 0.0128261 0.0165668 0.0203736 0.0238635 0.0266685 0.0285049 0.029232 0.0288755 0.0276051 0.0256777 0.0233688 0.0209138 0.0184759 0.016144 0.0139515 0.0119029 0.00999698
 1.02588e-16 3.11822e-05 0.000183012 0.00086995 0.00334935 0.0104446 0.0263823 0.0539818 0.0894813 0.120172 0.130775 0.115363 0.0826012 0.0482488 0.0234956 0.0104879 0.00583319 0.0055339 0.00713876 0.00956323 0.0123455 0.0151842 0.0177896 0.0198872 0.0212655 0.0218195 0.021568 0.0206365 0.0192155 0.0175095 0.0156928 0.0138866 0.0121564 0.0105269 0.00900122 0.00757844
 1.02329e-16 2.88446e-05 0.000169282 0.000804662 0.00309795 0.00966063 0.0244021 0.0499306 0.0827684 0.111164 0.120991 0.106776 0.0765494 0.0449084 0.0222318 0.0105387 0.0067237 0.00711094 0.00943117 0.0126448 0.0162487 0.0198539 0.0230648 0.0255085 0.0269075 0.0271406 0.0262655 0.0244933 0.0221266 0.0194829 0.0168297 0.0143474 0.0121249 0.0101794 0.00848624 0.00700776
 1.02568e-16 2.84172e-05 0.000166774 0.000792742 0.00305206 0.00951752 0.0240406 0.0491909 0.081542 0.109516 0.119196 0.105189 0.0754049 0.0442236 0.0218687 0.0103281 0.0065424 0.00689235 0.00914791 0.0122946 0.0158504 0.0194475 0.0227105 0.0252808 0.0268841 0.0273885 0.026827 0.0253758 0.0232987 0.0208791 0.0183604 0.0159138 0.0136335 0.0115539 0.00967511 0.00798575
 1.02429e-16 3.02017e-05 0.000177253 0.000842568 0.00324391 0.0101158 0.0255518 0.0522827 0.0866658 0.116394 0.126671 0.111758 0.0800569 0.0468361 0.0229449 0.0104749 0.00615341 0.00611744 0.00799336 0.0107185 0.0138185 0.0169614 0.0198192 0.0220806 0.0235077 0.0239861 0.023544 0.022333 0.02058 0.0185278 0.0163838 0.0142926 0.0123322 0.01053 0.00888532 0.0073893
 1.02413e-16 2.88668e-05 0.000169413 0.000805288 0.00310036 0.00966816 0.0244211 0.0499695 0.0828325 0.11125 0.121082 0.106852 0.076595 0.0449169 0.0222024 0.0104691 0.00660709 0.00693664 0.00918864 0.0123284 0.0158622 0.0194136 0.0226004 0.0250609 0.0265229 0.0268631 0.0261287 0.024514 0.0223019 0.0197914 0.0172362 0.0148096 0.0126008 0.0106327 0.00889063 0.00734776
 1.04572e-16 1.69972e-05 9.97117e-05 0.000473884 0.00182431 0.0056888 0.0143698 0.0294051 0.0487522 0.0655028 0.071359 0.0631316 0.0456018 0.0274419 0.0148689 0.00919823 0.00873055 0.0113996 0.0158959 0.0215231 0.0277691 0.0340675 0.0397745 0.044264 0.0470572 0.0479251 0.0469286 0.0443792 0.040742 0.0365144 0.0321227 0.0278647 0.0239019 0.0202905 0.0170268 0.0140879
pSPR Fmed_Fpbrs
0.756455   0.3309 0.3309
Fs Fmed_Fpbrs
0.167757   1.005 1.005
SSBpbr Bo_Bmed_Bpbrs
1.59909e+06  1.12969e+06  449185 449185
Ro
67507.9
SPR SPRFo_SPRFmed_SPRFpbrs
1.39131e+06 1.05246e+06 460383
log_Ro
10.94
likeval ReclasPelacesDesembMPH_pf_preclas_ppelaces_ptallas_desvR_qrecl_qpela
 63.4677 23.8506 0.0344193 0.00167306 291.112 203.171 71.5148 0 16.5857 0.000111035 0 0 0 0 0
q_reclas_q_pelaces
0.224657 1
M
0.7
N
 74998.6 19591.6 7301.56 862.119 0.443389
 94738.5 34894.8 7086.37 2641.01 311.993
 61463 44833.8 13708.4 2783.87 1160.08
 91253 28596.9 16216.2 4958.24 1426.51
 150981 44778 13400.6 7598.93 2991.91
 110540 74783.7 21961.2 6572.25 5194.23
 167477 53446 32610.4 9576.46 5130.93
 143565 81786.4 24464.9 14927.4 6732.31
 157605 68904.8 34410.4 10293.3 9113.02
 143722 75202.5 28178.2 14071.9 7936.07
 69105.4 68945.6 31563.8 11826.9 9237.14
 41048.8 31783.6 23574.9 10792.7 7202.5
 42286.6 18971.7 11128.7 8254.47 6300.83
 24789.6 18766.5 5452.28 3198.26 4183.04
 20209.7 10139.8 3626.59 1053.64 1426.42
 26537.8 8472.02 2208.27 789.805 540.113
 22704.5 12338.9 3054.2 796.09 479.441
 25698.6 10757.1 4874.77 1206.64 503.929
 29412.8 12366.4 4583.86 2077.26 728.914
 52461.5 14221.8 5394.07 1999.42 1224.01
 65993.4 25358.7 6194.13 2349.31 1403.92
 86249.4 32343.4 11812.5 2885.33 1748.32
 135769 42108.1 14785.8 5400.1 2118.28
 174570 66078.9 18961.3 6658.06 3385.53
 77223.3 85018.9 29850.2 8565.47 4537.04
pred_Ctot
 3413.82 3897.26 1452.46 171.497 0.0882012
 3212.29 5313.61 1079.08 402.16 47.5088
 2797.95 8919.28 2727.15 553.825 230.788
 778.129 1162.78 659.367 201.608 58.0033
 277.301 398.441 119.24 67.6164 26.6224
 2098.46 6604.06 1939.36 580.388 458.696
 2000.81 3020.09 1842.73 541.141 289.936
 3464.54 9070.29 2713.21 1655.48 746.628
 4444.23 8844.11 4416.67 1321.17 1169.68
 3518.24 8453.23 3167.4 1581.77 892.063
 3684.86 15775.7 7222.24 2706.15 2113.59
 2054.09 6877.44 5101.21 2335.37 1558.5
 3254.06 5929.85 3478.4 2580.03 1969.4
 3178.49 8692.62 2525.49 1481.43 1937.58
 2286.99 4289.07 1534.02 445.683 603.366
 1220.27 1700.62 443.274 158.541 108.419
 751.659 1837.99 454.953 118.585 71.4174
 573.197 1107.41 501.841 124.219 51.8778
 557.172 1089.84 403.971 183.067 64.2385
 1005.07 1266.94 480.524 178.116 109.04
 620.244 1134.14 277.026 105.071 62.7888
 1046.83 1855.95 677.834 165.568 100.323
 1945.93 2838.53 996.722 364.024 142.795
 2421.4 4315.56 1238.34 434.832 221.106
 929.89 4841.24 1699.76 487.745 258.353
F
 0.0651315 0.316926 0.316926 0.316926 0.316926
 0.0481577 0.234333 0.234333 0.234333 0.234333
 0.0651374 0.316955 0.316955 0.316955 0.316955
 0.0119196 0.0580002 0.0580002 0.0580002 0.0580002
 0.00255677 0.0124411 0.0124411 0.0124411 0.0124411
 0.0267097 0.129968 0.129968 0.129968 0.129968
 0.0167352 0.0814324 0.0814324 0.0814324 0.0814324
 0.0340635 0.165751 0.165751 0.165751 0.165751
 0.0399056 0.194178 0.194178 0.194178 0.194178
 0.0345613 0.168173 0.168173 0.168173 0.168173
 0.0766835 0.373137 0.373137 0.373137 0.373137
 0.0718106 0.349426 0.349426 0.349426 0.349426
 0.112397 0.546917 0.546917 0.546917 0.546917
 0.193957 0.943781 0.943781 0.943781 0.943781
 0.169394 0.824261 0.824261 0.824261 0.824261
 0.0658148 0.320251 0.320251 0.320251 0.320251
 0.0469967 0.228683 0.228683 0.228683 0.228683
 0.0314477 0.153023 0.153023 0.153023 0.153023
 0.026652 0.129687 0.129687 0.129687 0.129687
 0.0269581 0.131177 0.131177 0.131177 0.131177
 0.0131448 0.063962 0.063962 0.063962 0.063962
 0.0170041 0.082741 0.082741 0.082741 0.082741
 0.0201072 0.0978406 0.0978406 0.0978406 0.0978406
 0.0194535 0.0946595 0.0946595 0.0946595 0.0946595
 0.016869 0.0820836 0.0820836 0.0820836 0.0820836
nmprior
 10 11 7 0
nm_flota  nm_reclas  nm_pelaces    nm_pelaL
inf 12.2783 20.3181 37.1073
cv_recla  cv_pelaces  cv_mph
0.720612 0.574664 1.32707
 ------------------------------------------------
Talla a la edad & desviación 
 7.2 14.2025 17.0495 18.207 18.6776
 1.08 2.13037 2.55742 2.73105 2.80164
