years
 1997 1998 1999 2000 2001 2002 2003 2004 2005 2006 2007 2008 2009 2010 2011 2012 2013 2014 2015 2016 2017 2018 2019 2020 2021
reclasobs
 0 0 0 370054 412103 1.49427e+06 250295 1.28982e+06 931140 785840 897777 1.04006e+06 184774 17550 25797 100020 73551 82996 120727 218422 84188 347160 605670 569463 516374
reclaspred
 2.37123e+06 290765 385102 114985 239331 253589 540540 455958 584109 1.05799e+06 985299 617304 372905 163224 99480.5 94661.5 105797 124784 107069 174802 318384 289174 426602 379053 258516
pelacesobs
 0 0 0 0 0 0 0 0 0 2.06254e+06 1.5e+06 0 1.87456e+06 323000 250000 174000 83755 137374 0 501740 490994 745055 786931 1.00524e+06 0
pelacespred
 1.39134e+06 527918 157342 110357 210157 142613 494190 396426 510840 951061 708589 450049 302869 102529 65246.5 65286.7 75639.7 90418.6 75789.6 133298 266166 226433 263004 271612 171847
mphobs
 0 0 0 0 0 112323 0 153150 637223 0 255016 313432 73983 77613 109348 50772 0 0 0 0 0 0 0 0 0
mphpred
 2.23553e+06 953200 405087 192983 119392 315856 340202 465538 493395 683593 1.23975e+06 853834 458485 260684 112295 89770.2 99468.8 118717 124524 118153 247794 333009 375693 426466 394786
desembarqueobs
 350755 77701 442110 56441 14545 235359 269955 359681 431902 328805 639364 411747 362871 311530 167758 66681 60226 58785 57116 71774 51957 67425 138520 160799 200461
desembarquepred
 350745 77682.9 441630 56421.5 14543.6 235208 269844 359140 431465 328561 638682 411376 362273 311078 167424 66633.8 60205.9 58743.5 57070.5 71707.3 51944.3 67386.9 138439 160716 200422
Reclutas
 6073.57 8828.66 1348.43 6717.17 54952.7 15752.3 56471.4 70601.1 89651.1 216818 51813 22462.9 54394.1 23534.2 15021.3 14720.6 9975.48 9692.19 7635.04 27635.7 32618.9 32037.7 41973 28095.3 419.23
log_desv_Rt
 -1.1483 -0.774241 -2.6533 -1.04758 1.05423 -0.195257 1.08149 1.3048 1.54368 2.42681 0.995396 0.159622 1.04401 0.206208 -0.242777 -0.262995 -0.652115 -0.680925 -0.919496 0.366862 0.532647 0.514669 0.784782 0.383357 -3.82158
SSB
 2.23553e+06 953200 405087 192983 119392 315856 340202 465538 493395 683593 1.23975e+06 853834 458485 260684 112295 89770.2 99468.8 118717 124524 118153 247794 333009 375693 426466 394786
BT
 2.71057e+06 1.11527e+06 532244 264862 388856 438088 1.0838e+06 1.09287e+06 1.30529e+06 2.00627e+06 1.82012e+06 1.17428e+06 901587 478969 254640 171467 184140 209272 185231 297295 517324 468926 567825 623198 484100
Ftot
 0.110395 0.203775 0.80264 0.41532 0.118096 0.738989 0.701728 1.08334 1.0187 0.520834 0.543624 0.526794 1.04002 1.69765 1.82943 0.767828 0.599327 0.477664 0.479286 0.596101 0.185678 0.217864 0.299119 0.378742 0.550418
BD_Bspro_t
 0.982638 0.869641 0.661087 0.331726 0.388846 0.680862 0.508346 0.52974 0.495661 0.528688 0.63629 0.468334 0.326766 0.247166 0.141753 0.141259 0.203726 0.304078 0.36857 0.415281 0.622592 0.738616 0.727447 0.687804 0.585844
BD_Bspro
 5.6646 2.41531 1.02645 0.488999 0.302525 0.800345 0.862035 1.17962 1.25021 1.73215 3.1414 2.16352 1.16175 0.660546 0.284543 0.227468 0.252043 0.300815 0.315531 0.299386 0.627885 0.843809 0.951967 1.08062 1.00035
BD_Bo
 2.2669 0.966576 0.410771 0.195691 0.121067 0.320288 0.344976 0.472071 0.500319 0.693186 1.25715 0.865815 0.464919 0.264342 0.113871 0.0910299 0.100865 0.120382 0.126272 0.119811 0.251272 0.337682 0.380965 0.432451 0.400326
BD_Brms
 7.54341 3.21641 1.36689 0.651188 0.402866 1.0658 1.14795 1.57088 1.66488 2.30666 4.18332 2.88111 1.54708 0.879633 0.378919 0.302914 0.33564 0.400588 0.420186 0.398686 0.836139 1.12368 1.26771 1.43904 1.33214
S_f
 0.141768 1 1 1 1
 0.141768 1 1 1 1
 0.141768 1 1 1 1
 0.141768 1 1 1 1
 0.141768 1 1 1 1
 0.141768 1 1 1 1
 0.141768 1 1 1 1
 0.141768 1 1 1 1
 0.141768 1 1 1 1
 0.141768 1 1 1 1
 0.141768 1 1 1 1
 0.141768 1 1 1 1
 0.141768 1 1 1 1
 0.141768 1 1 1 1
 0.141768 1 1 1 1
 0.141768 1 1 1 1
 0.141768 1 1 1 1
 0.141768 1 1 1 1
 0.141768 1 1 1 1
 0.141768 1 1 1 1
 0.141768 1 1 1 1
 0.141768 1 1 1 1
 0.141768 1 1 1 1
 0.141768 1 1 1 1
 0.141768 1 1 1 1
Scru_reclas
 0.776456 1 1 1 1
 0.776456 1 1 1 1
 0.776456 1 1 1 1
 0.776456 1 1 1 1
 0.776456 1 1 1 1
 0.776456 1 1 1 1
 0.776456 1 1 1 1
 0.776456 1 1 1 1
 0.776456 1 1 1 1
 0.776456 1 1 1 1
 0.776456 1 1 1 1
 0.776456 1 1 1 1
 0.776456 1 1 1 1
 0.776456 1 1 1 1
 0.776456 1 1 1 1
 0.776456 1 1 1 1
 0.776456 1 1 1 1
 0.776456 1 1 1 1
 0.776456 1 1 1 1
 0.776456 1 1 1 1
 0.776456 1 1 1 1
 0.776456 1 1 1 1
 0.776456 1 1 1 1
 0.776456 1 1 1 1
 0.776456 1 1 1 1
Scru_pelaces
 1 1 1 1 1
 1 1 1 1 1
 1 1 1 1 1
 1 1 1 1 1
 1 1 1 1 1
 1 1 1 1 1
 1 1 1 1 1
 1 1 1 1 1
 1 1 1 1 1
 1 1 1 1 1
 1 1 1 1 1
 1 1 1 1 1
 1 1 1 1 1
 1 1 1 1 1
 1 1 1 1 1
 1 1 1 1 1
 1 1 1 1 1
 1 1 1 1 1
 1 1 1 1 1
 1 1 1 1 1
 1 1 1 1 1
 1 1 1 1 1
 1 1 1 1 1
 1 1 1 1 1
 1 1 1 1 1
pf_obs 
 0.256992 0.487395 0.22802 0.0275931 0
 0.321318 0.546541 0.124235 0.00734118 0.000564706
 0.182869 0.594174 0.210203 0.0122559 0.00049798
 0.330522 0.361315 0.267642 0.0388342 0.00168674
 0.649043 0.306663 0.0425973 0.00169635 0
 0.582887 0.30429 0.105238 0.00758474 0
 0.465427 0.430635 0.0974691 0.00646863 0
 0.296916 0.608066 0.0921331 0.00288517 0
 0.311714 0.524322 0.152257 0.0117073 0
 0.15457 0.633149 0.183074 0.0267441 0.00246327
 0.131901 0.49318 0.331252 0.0422183 0.00144891
 0.196976 0.569456 0.194076 0.0375587 0.00193317
 0.518974 0.381816 0.0799577 0.0180837 0.00116848
 0.0928022 0.601141 0.25162 0.0475244 0.00691264
 0.122501 0.610282 0.24278 0.0234846 0.000952079
 0.383417 0.481906 0.127806 0.00687128 0
 0.0376549 0.599619 0.316969 0.0457579 0
 0.0361596 0.667082 0.258105 0.0386534 0
 0.158088 0.579412 0.248529 0.0139706 0
 0.0477256 0.309471 0.559284 0.082774 0.000745712
 0.0406174 0.521527 0.379366 0.0568643 0.0016247
 0.151134 0.462217 0.34131 0.0453401 0
 0.294876 0.26143 0.354403 0.0886775 0.000613685
 0.281977 0.475581 0.204845 0.0348837 0.00271318
 0 0 0 0 0
pf_pred 
 0.0101226 0.637865 0.311089 0.0409219 1.42553e-06
 0.0311463 0.0685027 0.580175 0.282953 0.0372221
 0.0117468 0.197911 0.0558811 0.473278 0.261183
 0.17199 0.092822 0.147232 0.0415714 0.546385
 0.624686 0.241258 0.015028 0.0238369 0.0951906
 0.0907456 0.841553 0.0435196 0.00271083 0.0214709
 0.424049 0.291446 0.263321 0.0136172 0.00756642
 0.333699 0.587057 0.0400995 0.0362299 0.00291462
 0.339853 0.568569 0.0806865 0.00551138 0.00538011
 0.452751 0.470773 0.0658669 0.00934726 0.00126174
 0.0730635 0.818759 0.0930598 0.0130202 0.00209713
 0.0637842 0.394957 0.478091 0.0543396 0.00882734
 0.289694 0.273252 0.184378 0.223188 0.0294883
 0.169054 0.690938 0.0538606 0.0363427 0.0498048
 0.242815 0.59273 0.136746 0.0106597 0.0170497
 0.289742 0.610959 0.0777322 0.0179332 0.00363389
 0.177748 0.665708 0.134658 0.0171326 0.0047535
 0.19454 0.542272 0.213081 0.0431017 0.00700533
 0.163565 0.571803 0.178162 0.0700072 0.0164625
 0.465359 0.34029 0.132862 0.0413971 0.0200918
 0.259576 0.660655 0.0507714 0.0198231 0.00917418
 0.1856 0.594678 0.196051 0.0150665 0.00860501
 0.216378 0.502515 0.205265 0.0676709 0.0081707
 0.136875 0.598004 0.170015 0.0694468 0.0256593
 0.00313312 0.572415 0.294075 0.0836067 0.0467696
pobs_RECLAS
 0 0 0 0 0
 0 0 0 0 0
 0 0 0 0 0
 0 0 0 0 0
 0.835266 0.146461 0.0176864 0.000547809 3.91292e-05
 0.385257 0.428462 0.181853 0.0044286 0
 0.867414 0.0963971 0.0333333 0.00285562 0
 0.441836 0.489002 0.0689373 0.000224442 0
 0.779404 0.147425 0.0564933 0.0165055 0.000172143
 0.814271 0.122319 0.05973 0.00367925 0
 0.40263 0.566651 0.0304383 0.000280538 0
 0.475488 0.404961 0.113038 0.00651328 0
 0.955842 0.0263864 0.0167828 0.000988607 0
 0.975058 0.0227948 0.00214734 0 0
 0.738997 0.206755 0.0527124 0.00153531 0
 0.850938 0.134255 0.0134407 0.00136685 0
 0.542534 0.407297 0.0501686 0 0
 0.764087 0.199537 0.0359546 0.000420521 0
 0.470689 0.182191 0.310203 0.0369168 0
 0.84361 0.089868 0.0606195 0.00523954 0.000663233
 0.607945 0.314616 0.071237 0.00620181 0
 0.523733 0.453247 0.0230204 0 0
 0.530135 0.295979 0.169645 0.0042399 0
 0.562478 0.366248 0.0663022 0.0049721 0
 0.250443 0.683176 0.0655157 0.000865301 0
ppred_RECLAS
 0.0533377 0.610018 0.297508 0.0391354 1.36329e-06
 0.151215 0.0600133 0.508275 0.247887 0.0326093
 0.064956 0.187255 0.0528723 0.447796 0.247121
 0.539015 0.0516775 0.0819694 0.0231444 0.304193
 0.901717 0.0631779 0.00393534 0.00624212 0.0249274
 0.366788 0.586064 0.0303074 0.00188784 0.0149525
 0.80976 0.0962664 0.0869765 0.00449785 0.00249923
 0.751763 0.218714 0.0149395 0.0134978 0.00108587
 0.75533 0.210728 0.0299047 0.00204268 0.00199402
 0.824553 0.150929 0.0211168 0.00299671 0.000404512
 0.309724 0.609718 0.0693003 0.00969596 0.0015617
 0.27914 0.304106 0.368117 0.04184 0.00679681
 0.710342 0.11143 0.0751882 0.0910144 0.0120251
 0.574589 0.353733 0.0275745 0.018606 0.0254981
 0.68543 0.246248 0.0568106 0.00442855 0.00708325
 0.703706 0.25487 0.032427 0.00748108 0.00151593
 0.552976 0.361917 0.073208 0.00931425 0.00258427
 0.577487 0.284454 0.111774 0.0226094 0.00367472
 0.52534 0.324487 0.101103 0.0397277 0.00934215
 0.832756 0.106448 0.0415613 0.0129496 0.00628502
 0.659926 0.303437 0.0233191 0.00910469 0.00421367
 0.55833 0.322509 0.106323 0.00817095 0.00466671
 0.606361 0.25243 0.103112 0.0339933 0.00410442
 0.470915 0.366569 0.104217 0.0425701 0.0157288
 0.0175876 0.564115 0.289811 0.0823944 0.0460914
pobs_PELACES
 0 0 0 0 0
 0 0 0 0 0
 0 0 0 0 0
 0 0 0 0 0
 0 0 0 0 0
 0 0 0 0 0
 0 0 0 0 0
 0 0 0 0 0
 0 0 0 0 0
 0 0 0 0 0
 0.450072 0.473896 0.0757376 0.000293798 0
 0 0 0 0 0
 0.463077 0.371075 0.160297 0.00555027 0
 0.529543 0.364841 0.0842815 0.0213345 0
 0.631943 0.363953 0.00410389 0 0
 0.735681 0.248677 0.0153453 0.000297389 0
 0.695825 0.281241 0.0229344 0 0
 0.275771 0.60734 0.115278 0.00161068 0
 0 0 0 0 0
 0.896147 0.0623911 0.0374545 0.00400742 0
 0.803859 0.145111 0.0509908 3.86294e-05 0
 0.739449 0.233085 0.0266225 0.000797448 4.60066e-05
 0.878498 0.100942 0.0204185 0.000141795 0
 0.694673 0.275183 0.0284847 0.00165964 0
 0 0 0 0 0
ppred_PELACES
 0.0696539 0.599504 0.29238 0.0384609 1.3398e-06
 0.195545 0.056879 0.481729 0.234941 0.0309062
 0.100965 0.180044 0.0508362 0.430551 0.237604
 0.628788 0.0416138 0.0660066 0.0186372 0.244955
 0.924346 0.0486318 0.00302927 0.00480494 0.0191881
 0.479084 0.48213 0.0249326 0.00155305 0.0123008
 0.869915 0.0658264 0.059474 0.0030756 0.00170896
 0.841292 0.139833 0.00955142 0.00862969 0.000694241
 0.841412 0.136588 0.0193834 0.001324 0.00129247
 0.875232 0.107332 0.0150171 0.0021311 0.000287667
 0.402651 0.527636 0.0599709 0.00839066 0.00135146
 0.366672 0.267179 0.323418 0.0367595 0.00597149
 0.809168 0.0734124 0.0495354 0.059962 0.00792238
 0.737771 0.218046 0.0169973 0.011469 0.0157174
 0.824911 0.137061 0.0316207 0.00246492 0.00394253
 0.791747 0.179138 0.0227917 0.00525816 0.00106549
 0.653726 0.280349 0.0567085 0.00721501 0.00200183
 0.668357 0.223277 0.0877347 0.0177468 0.0028844
 0.620154 0.25967 0.0809078 0.031792 0.00747604
 0.883616 0.0740762 0.0289222 0.00901157 0.0043737
 0.724834 0.245522 0.0188684 0.00736694 0.00340943
 0.633928 0.267307 0.0881246 0.00677238 0.00386794
 0.683471 0.202981 0.0829129 0.0273343 0.0033004
 0.560652 0.304396 0.086541 0.0353499 0.0130611
 0.0262391 0.559147 0.287259 0.0816688 0.0456855
pobs_pel_tallas
 0 0 0 0 0 0 0 0 0 0 0 0 0 0 0 0 0 0 0 0 0 0 0 0 0 0 0 0 0 0 0 0 0 0 0 0
 0 0 0 0 0 0 0 0 0 0 0 0 0 0 0 0 0 0 0 0 0 0 0 0 0 0 0 0 0 0 0 0 0 0 0 0
 0 0 0 0 0 0 0 0 0 0 0 0 0 0 0 0 0 0 0 0 0 0 0 0 0 0 0 0 0 0 0 0 0 0 0 0
 0 0 0 0 0 0 0 0 0 0 0 0 0 0 0 0 0 0 0 0 0 0 0 0 0 0 0 0 0 0 0 0 0 0 0 0
 0 0 0 0 0 0 0 0 0 0 0 0 0 0 0 0 0 0 0 0 0 0 0 0 0 0 0 0 0 0 0 0 0 0 0 0
 0 0 0 0 0 0 0 0 0 0 0 0 0 0 0 0 0 0 0 0 0 0 0 0 0 0 0 0 0 0 0 0 0 0 0 0
 0 0 0 0 0 0 0 0 0 0 0 0 0 0 0 0 0 0 0 0 0 0 0 0 0 0 0 0 0 0 0 0 0 0 0 0
 0 0 0 0 0 0 0 0 0 0 0 0 0 0 0 0 0 0 0 0 0 0 0 0 0 0 0 0 0 0 0 0 0 0 0 0
 0 0 0 0 0 0 0 0 0 0 0 0 0 0 0 0 0 0 0 0 0 0 0 0 0 0 0 0 0 0 0 0 0 0 0 0
 0 0 0 0 0 0 0 0 0 0 0 0 0 0 0 0 0 0 0 0 0 0 0 0 0 0 0 0 0 0 0 0 0 0 0 0
 0 0 0 0 0 0 0 0 1.78061e-05 0.00172719 0.00360574 0.0105946 0.0120993 0.0124554 0.0147524 0.0171206 0.0266825 0.0428682 0.0675386 0.121331 0.153587 0.119568 0.100827 0.0573624 0.0630603 0.0341343 0.0324427 0.0444173 0.0211091 0.0280891 0.0125444 0.00206551 0 0 0 0
 0 0 0 0 0 0 0 0 0 0 0 0 0 0 0 0 0 0 0 0 0 0 0 0 0 0 0 0 0 0 0 0 0 0 0 0
 0 0 0 0 0 0 0.0133647 0.0140871 0.0187388 0.0205184 0.03894 0.0496705 0.03968 0.0493445 0.0407372 0.0367815 0.0215668 0.0243155 0.0234873 0.0199281 0.019796 0.0243948 0.0301388 0.0376714 0.0412746 0.0863199 0.0771752 0.113111 0.0741005 0.0525337 0.0229764 0.00759418 0.00175318 0 0 0
 0 0 0 0 0 0 0 0 0 0 0.00219441 0.00772107 0.0458388 0.0604681 0.0671733 0.0775358 0.0609151 0.0617685 0.073594 0.0568108 0.0755445 0.0548602 0.0670107 0.0636378 0.0643287 0.046367 0.0373049 0.0286899 0.0247887 0.0153202 0.00654259 0.00121912 0.000365735 0 0 0
 0 0 0 0 0 0 0 0 0 0 0 0 0.000112435 0.00938835 0.0111873 0.0202946 0.0414886 0.0713402 0.111592 0.104902 0.108894 0.110636 0.117776 0.105296 0.107544 0.0401394 0.0192827 0.0124803 0.00416011 0.0028671 0.000618394 0 0 0 0 0
 0 0 0 0 0 0 0 0 0 0 0.00291406 0.0102884 0.027416 0.0768956 0.0749926 0.110853 0.0956884 0.0897413 0.0766577 0.0534642 0.0500743 0.0551293 0.0594112 0.0620874 0.0668451 0.0424026 0.0208742 0.0120726 0.0048766 0.00582813 0.00118941 0.000297354 0 0 0 0
 0 0.00264628 0.0354308 0.0461629 0.0458689 0.0383711 0.0214643 0.0164657 0.0346957 0.0420465 0.0363128 0.0245516 0.0311673 0.0291091 0.0169068 0.0133784 0.00837989 0.0085269 0.0148486 0.0160247 0.0276389 0.0546898 0.0760071 0.122758 0.109233 0.0665981 0.0333725 0.0166128 0.00676272 0.00308733 0.000882094 0 0 0 0 0
 0 0 0 0 0 0 0 0.000805153 0.000690131 0.00759144 0.0133425 0.0154129 0.00931677 0.000345066 0.00356568 0.00563607 0.00851162 0.0253048 0.0502646 0.0516448 0.0657925 0.0565908 0.0611916 0.0827007 0.0866115 0.110766 0.145733 0.0935128 0.0569358 0.0249597 0.0138026 0.00621118 0.00161031 0.00115022 0 0
 0 0 0 0 0 0 0 0 0 0 0 0 0 0 0 0 0 0 0 0 0 0 0 0 0 0 0 0 0 0 0 0 0 0 0 0
 0.00147267 0.00158595 0.00478618 0.00569244 0.00954404 0.0108468 0.00647125 0.017049 0.0510054 0.094081 0.124002 0.0959785 0.0687766 0.0820023 0.061753 0.0591476 0.0492212 0.0479892 0.0443925 0.0268479 0.0217502 0.0140895 0.0121071 0.0120363 0.00920419 0.00665534 0.0049561 0.00860946 0.00930331 0.0156896 0.0114698 0.00855282 0.00243557 0.00046729 0 2.83206e-05
 0 0 0 0 0.000772559 0.00158375 0.000888443 0.00281984 0.00712685 0.0440552 0.0773331 0.111326 0.0921469 0.0852325 0.0710754 0.0886704 0.0786465 0.0553345 0.0373146 0.0185414 0.00753245 0.00457741 0.012979 0.0271748 0.0457355 0.0583668 0.034881 0.0177882 0.00938659 0.00492506 0.0015258 0.00185414 0.000309023 5.79419e-05 3.86279e-05 0
 0 0.00173294 0.00326652 0 0.00397197 0.00683976 0.00946217 0.0152591 0.00757587 0.0136028 0.0228656 0.0392903 0.0559909 0.0764795 0.0681675 0.0726916 0.0566044 0.0477403 0.0527397 0.0444891 0.0609904 0.0582453 0.0661739 0.0445044 0.0529084 0.0360697 0.0280645 0.0235558 0.0158879 0.00826598 0.00280645 0.00217768 0.000904811 0.00058276 9.20147e-05 0
 0 0 0 0 0 0 0 0 0 0 0 0 0 0 0 0 0 0 0 0 0 0 0 0 0 0 0 0 0 0 0 0 0 0 0 0
 0 0 0 0 0 0 0 0 0 0 0 0 0 0 0 0 0 0 0 0 0 0 0 0 0 0 0 0 0 0 0 0 0 0 0 0
 0 0 0 0 0 0 0 0 0 0 0 0 0 0 0 0 0 0 0 0 0 0 0 0 0 0 0 0 0 0 0 0 0 0 0 0
ppred_pel_tallas
 1.05668e-16 3.07488e-06 1.79568e-05 8.51702e-05 0.000327595 0.00102129 0.00258034 0.00528456 0.00877814 0.0118445 0.0130362 0.0118486 0.00924524 0.00693866 0.00625719 0.00769375 0.0112053 0.0166219 0.0237655 0.0323449 0.0418349 0.051453 0.0602494 0.0672803 0.0718055 0.0734428 0.0722326 0.0685881 0.0631611 0.0566709 0.0497577 0.0428969 0.0363844 0.0303711 0.0249195 0.0200523
 1.16374e-16 8.54248e-06 5.01059e-05 0.000238121 0.000916678 0.00285845 0.00722022 0.0147741 0.0244922 0.0329 0.0358222 0.0316467 0.0227625 0.0135099 0.00699565 0.00387322 0.00330634 0.00432069 0.00638925 0.00937258 0.0132957 0.0181935 0.0240353 0.030691 0.037917 0.0453567 0.0525593 0.0590151 0.0642094 0.0676879 0.0691225 0.068365 0.0654756 0.0607161 0.0545127 0.0473899
 1.26677e-16 4.42155e-06 2.59056e-05 0.000123054 0.000473619 0.00147678 0.00373036 0.00763432 0.0126607 0.0170211 0.0185704 0.0164948 0.0120579 0.00754592 0.00462379 0.00370262 0.00442755 0.00635974 0.00925869 0.0130339 0.0176221 0.0229172 0.0287588 0.034954 0.0413061 0.0476326 0.0537624 0.0595147 0.0646711 0.0689597 0.0720668 0.0736779 0.0735399 0.0715238 0.0676697 0.0621977
 1.13037e-16 2.7432e-05 0.000161009 0.000765375 0.00294676 0.0091892 0.0232111 0.0474922 0.078721 0.105712 0.115015 0.101403 0.0724812 0.0420874 0.0200321 0.00816539 0.00347177 0.00242629 0.00290636 0.00404984 0.0056066 0.00752098 0.00977042 0.0123224 0.015126 0.0181096 0.0211774 0.0242056 0.0270418 0.0295109 0.0314302 0.0326326 0.0329927 0.0324505 0.0310244 0.0288131
 1.01121e-16 4.03204e-05 0.000236673 0.00112509 0.00433174 0.0135082 0.0341205 0.0698137 0.115719 0.155392 0.169057 0.149024 0.106465 0.0617079 0.0291512 0.0114822 0.00422268 0.00213248 0.00202062 0.00253989 0.00323974 0.00396181 0.0046151 0.00512702 0.00544649 0.00555362 0.00546309 0.00521784 0.0048758 0.00449409 0.00411623 0.00376573 0.00344691 0.00315086 0.00286354 0.00257288
 1.0114e-16 2.09225e-05 0.000122751 0.000583399 0.00224595 0.00700364 0.0176911 0.0362012 0.0600185 0.0806365 0.0878362 0.0776865 0.0560655 0.0336375 0.0180371 0.0108575 0.00997195 0.0127962 0.0176745 0.0237094 0.0302394 0.036554 0.0418721 0.0454649 0.0468181 0.0457568 0.0424888 0.0375452 0.0316446 0.0255253 0.0197995 0.0148675 0.0109021 0.00788901 0.00569569 0.00414079
 1.01052e-16 3.79478e-05 0.000222742 0.00105885 0.00407671 0.0127129 0.0321117 0.0657037 0.108907 0.146247 0.159114 0.140274 0.100246 0.0581691 0.0276044 0.0110947 0.00444075 0.00272541 0.00295559 0.00386509 0.00502006 0.00624876 0.0074313 0.00845754 0.00923568 0.00970719 0.00985481 0.00969947 0.00928898 0.00868315 0.00794084 0.00711267 0.00623965 0.00535534 0.00448913 0.00366781
 1.00511e-16 3.67026e-05 0.000215425 0.00102405 0.0039427 0.012295 0.0310561 0.0635444 0.10533 0.14145 0.153911 0.135727 0.0970834 0.056508 0.0271417 0.0114719 0.00546282 0.00437178 0.00529296 0.00695686 0.00886186 0.0107299 0.0123219 0.0134246 0.0138874 0.0136569 0.012789 0.0114322 0.00978878 0.00806682 0.00643875 0.0050174 0.00385196 0.00293982 0.00224633 0.00172428
 1.00426e-16 3.67077e-05 0.000215455 0.0010242 0.00394326 0.0122967 0.0310605 0.0635534 0.105345 0.14147 0.153932 0.135744 0.0970925 0.0565072 0.0271302 0.0114483 0.00542452 0.00431585 0.00521716 0.00686134 0.00875053 0.0106112 0.0122087 0.0133322 0.0138312 0.0136483 0.012833 0.0115251 0.00991821 0.008214 0.00658199 0.00513622 0.00393074 0.00297017 0.00222765 0.00166284
 1.00335e-16 3.81812e-05 0.000224109 0.00106534 0.00410169 0.0127908 0.0323084 0.0661065 0.109576 0.147148 0.160103 0.141165 0.100927 0.058651 0.0279951 0.0115301 0.00504182 0.00358569 0.00413928 0.00539885 0.00687828 0.0083403 0.00959636 0.0104804 0.0108739 0.0107318 0.010093 0.00906709 0.00780619 0.00646847 0.005187 0.00405121 0.00310353 0.00234756 0.00176232 0.00131629
 1.01375e-16 1.75916e-05 0.000103191 0.0004904 0.00188786 0.00588694 0.0148704 0.0304304 0.0504547 0.0677987 0.0738823 0.0654164 0.0473658 0.0287294 0.0159721 0.0104898 0.0105518 0.0140276 0.0195324 0.026266 0.0335652 0.0406688 0.0467242 0.0509278 0.0527034 0.0518391 0.0485368 0.0433496 0.0370386 0.0303925 0.0240728 0.0185211 0.0139422 0.0103453 0.00761528 0.00558378
 1.06221e-16 1.60129e-05 9.39444e-05 0.000446492 0.00171889 0.00536006 0.0135393 0.0277049 0.0459305 0.0617032 0.0671978 0.0593982 0.0427927 0.0255288 0.0134345 0.0077183 0.00675679 0.00860487 0.0120707 0.0165932 0.0218385 0.0274587 0.0330349 0.0381186 0.0423067 0.0453073 0.0469765 0.0473126 0.0464222 0.0444727 0.0416516 0.0381462 0.0341403 0.0298199 0.0253774 0.0210066
 1.03158e-16 3.52991e-05 0.000207192 0.000984925 0.00379207 0.0118252 0.0298695 0.0611161 0.101303 0.136038 0.14801 0.130493 0.093276 0.0541637 0.0257779 0.010492 0.0044098 0.0029672 0.00338849 0.00450105 0.00590207 0.00742787 0.00895912 0.0103832 0.0116039 0.0125554 0.0132092 0.0135688 0.0136575 0.0135035 0.0131297 0.0125514 0.0117805 0.0108339 0.00974017 0.00854221
 1.01441e-16 3.21917e-05 0.000188935 0.000898102 0.00345773 0.0107826 0.027236 0.0557289 0.0923781 0.124065 0.135018 0.119121 0.0853251 0.0499058 0.0244239 0.0111037 0.0064484 0.00632931 0.00820119 0.0109133 0.0139411 0.0169141 0.0194734 0.0212898 0.0221291 0.021906 0.0207036 0.0187467 0.0163413 0.0138014 0.0113848 0.00925751 0.00748851 0.00606955 0.00494634 0.00404914
 1.00763e-16 3.59882e-05 0.000211231 0.00100412 0.00386594 0.0120556 0.0304514 0.0623072 0.103279 0.138696 0.150916 0.133087 0.0951979 0.055417 0.0266306 0.0112794 0.00540922 0.00437361 0.00532777 0.00703179 0.00899822 0.0109574 0.0126752 0.0139391 0.0145932 0.0145726 0.013916 0.0127511 0.0112594 0.00963195 0.00803098 0.00656769 0.00529822 0.00423377 0.00335753 0.00264097
 1.00613e-16 3.45438e-05 0.000202747 0.000963775 0.0037106 0.0115712 0.0292278 0.059804 0.0991315 0.13313 0.14487 0.127782 0.0914605 0.0533569 0.0258566 0.0113221 0.00597701 0.00537358 0.00677902 0.00898012 0.0114623 0.0138996 0.0159907 0.0174609 0.0181134 0.0178744 0.0168093 0.0151022 0.0130072 0.0107881 0.00866618 0.00678911 0.00522585 0.00398053 0.00301648 0.00227997
 1.01238e-16 2.85296e-05 0.000167429 0.000795848 0.003064 0.00955475 0.0241347 0.0493838 0.081863 0.109952 0.11968 0.10564 0.0757813 0.0445505 0.0222263 0.010821 0.0072777 0.00796826 0.0106434 0.0142519 0.0182527 0.0222001 0.0256342 0.0281234 0.0293521 0.029192 0.0277293 0.0252336 0.0220852 0.0186829 0.0153649 0.0123622 0.00978992 0.0076679 0.00595618 0.00458909
 1.02063e-16 2.91654e-05 0.000171167 0.000813628 0.00313248 0.0097683 0.024674 0.0504869 0.0836899 0.1124 0.122331 0.107947 0.0773641 0.0453364 0.0223514 0.0104428 0.006464 0.00669505 0.00884576 0.0118792 0.0153112 0.0187813 0.021924 0.0243901 0.0259118 0.026359 0.0257615 0.0242889 0.0221979 0.0197662 0.0172356 0.0147795 0.0124978 0.0104315 0.00858652 0.00695461
 1.02675e-16 2.70649e-05 0.000158832 0.00075498 0.00290665 0.00906408 0.0228953 0.0468477 0.077659 0.104305 0.113534 0.100214 0.0718879 0.04226 0.0210818 0.0102641 0.00691082 0.00758707 0.01017 0.0136774 0.0176147 0.0215787 0.0251498 0.0279275 0.0296088 0.0300527 0.0293056 0.0275754 0.0251684 0.0224099 0.0195777 0.0168636 0.0143693 0.012126 0.0101245 0.00834223
 1.00949e-16 3.85455e-05 0.00022625 0.00107553 0.00414093 0.0129132 0.0326175 0.0667386 0.110623 0.148551 0.161622 0.142487 0.101832 0.0590985 0.0280616 0.0113046 0.00456135 0.00283426 0.0030772 0.0039947 0.00513394 0.00630736 0.00738231 0.00824201 0.00879773 0.00900555 0.00887359 0.00845506 0.00783099 0.00708856 0.0063029 0.00552687 0.00479004 0.00410411 0.00347111 0.00289029
 1.00761e-16 3.16288e-05 0.000185627 0.000882371 0.00339715 0.0105937 0.0267588 0.0547528 0.090761 0.121896 0.132665 0.117062 0.0838878 0.0491409 0.0241905 0.0112347 0.00685056 0.00698901 0.00914724 0.0121784 0.0155345 0.0188054 0.0215847 0.0234993 0.0242844 0.0238463 0.022284 0.0198599 0.0169316 0.0138677 0.0109744 0.00845339 0.00639355 0.00479186 0.00358752 0.00269629
 1.01752e-16 2.76659e-05 0.000162359 0.000771748 0.00297121 0.00926539 0.0234038 0.0478882 0.0793838 0.106622 0.116055 0.10244 0.0734857 0.0432007 0.0215534 0.0104967 0.00706921 0.0077579 0.0103894 0.0139545 0.0179409 0.0219282 0.0254791 0.0281771 0.0297084 0.0299301 0.0288965 0.0268341 0.0240747 0.0209738 0.017839 0.0148875 0.0122394 0.00993466 0.0079634 0.00629385
 1.02337e-16 2.98236e-05 0.000175033 0.000832012 0.00320327 0.00998906 0.0252316 0.0516277 0.0855801 0.114936 0.125086 0.110363 0.0790644 0.0462696 0.0226941 0.0104062 0.00617753 0.00619684 0.00812247 0.0109056 0.0140757 0.0173002 0.0202477 0.0226014 0.0241165 0.0246707 0.0242842 0.0231018 0.0213456 0.0192563 0.0170431 0.0148556 0.0127805 0.0108552 0.00908985 0.0074852
 1.03153e-16 2.44722e-05 0.000143606 0.000682585 0.0026279 0.00819478 0.0206996 0.0423555 0.0702144 0.0943124 0.102674 0.0906691 0.0651292 0.0384649 0.0195191 0.0100517 0.00747624 0.00871098 0.0118405 0.0159511 0.0205353 0.0251373 0.0292685 0.0324618 0.0343654 0.0348193 0.0338841 0.0318104 0.028963 0.0257275 0.0224308 0.0192961 0.016438 0.0138862 0.0116221 0.00961201
 1.09201e-16 1.17999e-06 6.83622e-06 3.23109e-05 0.000124089 0.000386674 0.000977319 0.00200435 0.00334007 0.00453906 0.00508038 0.00481679 0.00418078 0.00392115 0.00467855 0.00680748 0.0104657 0.0157278 0.0225781 0.0308211 0.0400064 0.0494303 0.0582263 0.0655246 0.0706319 0.0731718 0.0731429 0.0708722 0.0668946 0.0618003 0.0561079 0.050195 0.044294 0.0385304 0.0329784 0.0277032
pSPR Fmed_Fpbrs
0.51476   0.350514 0.350514
Fs Fmed_Fpbrs
0.505242   1.005 1.005
SSBpbr Bo_Bmed_Bpbrs
986162  458328  296356 296356
Ro
19148.9
SPR SPRFo_SPRFmed_SPRFpbrs
394650 203150 138330
log_Ro
9.68
likeval ReclasPelacesDesembMPH_pf_preclas_ppelaces_ptallas_desvR_qrecl_qpela
 96.0654 84.5321 0.100942 0.000549806 340.46 198.986 72.4334 0 58.9045 3.97686e-06 0 0 0 0 0
q_reclas_q_pelaces
0.753831 1
M
0.7
N
 6073.57 56551.3 27580.3 3628.02 0.126383
 8828.66 2969.21 25147.4 12264.5 1613.37
 1348.43 4259.34 1202.64 10185.6 5621.04
 6717.17 597.591 947.882 267.638 3517.65
 54952.7 3144.92 195.896 310.725 1240.86
 15752.3 26835.6 1387.76 86.4435 684.668
 56471.4 7044.33 6364.54 329.132 182.882
 70601.1 25387.4 1734.11 1566.77 126.043
 89651.1 30068 4267 291.462 284.52
 216818 38532.7 5391.19 765.072 103.273
 51813 100005 11366.5 1590.31 256.148
 22462.9 23821.1 28835.2 3277.39 532.404
 54394.1 10352 6985.09 8455.37 1117.15
 23534.2 23308.4 1816.95 1226 1680.14
 15021.3 9186.92 2119.47 165.219 264.26
 14720.6 5755.26 732.24 168.932 34.2314
 9975.48 6556.1 1326.16 168.727 46.8139
 9692.19 4550.17 1787.95 361.663 58.7813
 7635.04 4497.86 1401.44 550.684 129.496
 27635.7 3542.39 1383.09 430.941 209.154
 32618.9 12611.4 969.185 378.407 175.128
 32037.7 15777.2 5201.37 399.725 228.297
 41973 15425.6 6300.98 2077.28 250.814
 28095.3 19977.8 5679.76 2320.04 857.212
 419.23 13222.3 6792.91 1931.25 1080.34
pred_Ctot
 67.8892 4277.98 2086.38 274.451 0.00956061
 181.101 398.31 3373.44 1645.24 216.429
 104.987 1768.83 499.436 4229.91 2334.32
 277.16 149.582 237.263 66.9921 880.496
 656.781 253.654 15.8 25.0616 100.081
 1133.61 10512.9 543.656 33.8643 268.219
 3867.9 2658.38 2401.84 124.208 69.016
 7293.01 12830.2 876.377 791.805 63.6991
 8742.65 14626.3 2075.64 141.779 138.402
 11146 11589.7 1621.54 230.115 31.0621
 2776.19 31110.4 3535.99 494.729 79.6847
 1167.54 7229.51 8751.23 994.661 161.58
 5408.43 5101.48 3442.24 4166.8 550.531
 3670.76 15002.7 1169.51 789.13 1081.44
 2505 6114.91 1410.74 109.971 175.894
 1098.76 2316.88 294.777 68.0065 13.7805
 587.241 2199.36 444.882 56.6023 15.7045
 458.172 1277.13 501.838 101.511 16.4986
 362.115 1265.91 394.431 154.988 36.4462
 1618.43 1183.46 462.07 143.972 69.8756
 610.369 1553.47 119.384 46.6122 21.5722
 702.003 2249.28 741.532 56.9868 32.5471
 1256.35 2917.73 1191.82 392.914 47.4412
 1059.56 4629.16 1316.09 537.589 198.629
 22.734 4153.45 2133.82 606.652 339.361
F
 0.0156505 0.110395 0.110395 0.110395 0.110395
 0.0288888 0.203775 0.203775 0.203775 0.203775
 0.113789 0.80264 0.80264 0.80264 0.80264
 0.0588792 0.41532 0.41532 0.41532 0.41532
 0.0167422 0.118096 0.118096 0.118096 0.118096
 0.104765 0.738989 0.738989 0.738989 0.738989
 0.0994827 0.701728 0.701728 0.701728 0.701728
 0.153583 1.08334 1.08334 1.08334 1.08334
 0.144419 1.0187 1.0187 1.0187 1.0187
 0.0738377 0.520834 0.520834 0.520834 0.520834
 0.0770686 0.543624 0.543624 0.543624 0.543624
 0.0746826 0.526794 0.526794 0.526794 0.526794
 0.147442 1.04002 1.04002 1.04002 1.04002
 0.240672 1.69765 1.69765 1.69765 1.69765
 0.259354 1.82943 1.82943 1.82943 1.82943
 0.108853 0.767828 0.767828 0.767828 0.767828
 0.0849654 0.599327 0.599327 0.599327 0.599327
 0.0677175 0.477664 0.477664 0.477664 0.477664
 0.0679474 0.479286 0.479286 0.479286 0.479286
 0.0845081 0.596101 0.596101 0.596101 0.596101
 0.0263232 0.185678 0.185678 0.185678 0.185678
 0.0308861 0.217864 0.217864 0.217864 0.217864
 0.0424055 0.299119 0.299119 0.299119 0.299119
 0.0536935 0.378742 0.378742 0.378742 0.378742
 0.0780317 0.550418 0.550418 0.550418 0.550418
nmprior
 10 11 7 0
nm_flota  nm_reclas  nm_pelaces    nm_pelaL
inf 24.0965 19.5143 35.3528
cv_recla  cv_pelaces  cv_mph
0.886561 1.08187 0.760752
 ------------------------------------------------
Talla a la edad & desviación 
 7.2 14.2025 17.0495 18.207 18.6776
 1.08 2.13037 2.55742 2.73105 2.80164
