years
 1997 1998 1999 2000 2001 2002 2003 2004 2005 2006 2007 2008 2009 2010 2011 2012 2013 2014 2015 2016 2017 2018 2019 2020 2021
reclasobs
 0 0 0 370054 412103 1.49427e+06 250295 1.28982e+06 931140 785840 897777 1.04006e+06 184774 17550 25797 100020 73551 82996 120727 218422 84188 347160 605670 569463 516374
reclaspred
 2.802e+06 334503 434837 116703 236934 249359 515469 456790 547668 1.10582e+06 1.05786e+06 643219 380941 168319 101598 96753.8 107144 124698 103296 170446 322702 293597 429267 370236 235931
pelacesobs
 0 0 0 0 0 0 0 0 0 2.06254e+06 1.5e+06 0 1.87456e+06 323000 250000 174000 83755 137374 0 501740 490994 745055 786931 1.00524e+06 0
pelacespred
 1.4827e+06 579053 164666 104809 201445 128226 461499 377727 448724 961049 701914 428946 295744 99450.9 63283 62843.6 71875.2 84674.1 67464.3 124487 254257 214749 247339 244753 141601
mphobs
 0 0 0 0 0 112323 0 153150 637223 0 255016 313432 73983 77613 109348 50772 0 0 0 0 0 0 0 0 0
mphpred
 2.45121e+06 1.04178e+06 426659 199001 105720 300364 302304 427980 462606 624837 1.26122e+06 845376 432644 253492 109078 87003.9 95554.8 112293 115498 105051 234835 318828 354637 399144 347289
desembarqueobs
 350755 77701 442110 56441 14545 235359 269955 359681 431902 328805 639364 411747 362871 311530 167758 66681 60226 58785 57116 71774 51957 67425 138520 160799 200461
desembarquepred
 350746 77683.8 441629 56420.4 14543.3 235166 269803 359050 431393 328529 638605 411301 362149 310998 167385 66625.7 60198.5 58735.5 57062.1 71693.2 51942.7 67382 138423 160695 200406
Reclutas
 3195.08 4730.86 681.577 3577.74 54932.2 12208.9 55413.9 71279.2 78826.9 232126 45512.3 17607.7 57377.4 23749 14860.3 14361.1 9571.32 9226.82 6554.25 27441.7 31626.2 30084 40500.6 23749.2 207.659
log_desv_Rt
 -1.61063 -1.21814 -3.15559 -1.49751 1.23386 -0.270076 1.24259 1.49436 1.59501 2.67504 1.04574 0.0960897 1.27741 0.395295 -0.0735519 -0.107719 -0.513474 -0.550131 -0.892131 0.53982 0.681742 0.631749 0.929072 0.395304 -4.3441
SSB
 2.45121e+06 1.04178e+06 426659 199001 105720 300364 302304 427980 462606 624837 1.26122e+06 845376 432644 253492 109078 87003.9 95554.8 112293 115498 105051 234835 318828 354637 399144 347289
BT
 2.87309e+06 1.20806e+06 547954 255822 373428 412256 1.02971e+06 1.05589e+06 1.19325e+06 2.02261e+06 1.80617e+06 1.13561e+06 890853 472946 250564 167054 177328 198998 170333 281616 495717 448028 539946 574796 431563
Ftot
 0.100143 0.187212 0.764578 0.408417 0.136175 0.78522 0.825473 1.18939 1.11077 0.572772 0.53217 0.532178 1.12547 1.76193 1.90018 0.798773 0.62842 0.509689 0.522455 0.683491 0.195634 0.22836 0.319212 0.406836 0.644422
BD_Bspro_t
 0.984169 0.879304 0.67288 0.340032 0.367785 0.676857 0.482167 0.510354 0.478157 0.506776 0.639607 0.464415 0.31314 0.241979 0.138707 0.13753 0.19643 0.291511 0.350468 0.38685 0.609655 0.729253 0.715261 0.672836 0.553451
BD_Bspro
 7.43603 3.16037 1.29432 0.603695 0.320714 0.911191 0.917077 1.29833 1.40337 1.89552 3.82606 2.56455 1.31248 0.768997 0.330902 0.263937 0.289877 0.340654 0.350377 0.318684 0.712401 0.967204 1.07584 1.21085 1.05354
BD_Bo
 2.43086 1.03314 0.423118 0.19735 0.104842 0.297872 0.299795 0.424428 0.458767 0.619652 1.25075 0.83836 0.429053 0.251388 0.108173 0.0862819 0.0947618 0.111361 0.114539 0.104179 0.232886 0.316182 0.351694 0.395832 0.344407
BD_Brms
 8.05159 3.42199 1.40147 0.653669 0.347262 0.98662 0.992992 1.4058 1.51954 2.05243 4.14278 2.77684 1.42112 0.832655 0.358294 0.285786 0.313873 0.368853 0.379381 0.345064 0.771374 1.04727 1.16489 1.31109 1.14076
S_f
 0.137378 1 1 1 1
 0.137378 1 1 1 1
 0.137378 1 1 1 1
 0.137378 1 1 1 1
 0.137378 1 1 1 1
 0.137378 1 1 1 1
 0.137378 1 1 1 1
 0.137378 1 1 1 1
 0.137378 1 1 1 1
 0.137378 1 1 1 1
 0.137378 1 1 1 1
 0.137378 1 1 1 1
 0.137378 1 1 1 1
 0.137378 1 1 1 1
 0.137378 1 1 1 1
 0.137378 1 1 1 1
 0.137378 1 1 1 1
 0.137378 1 1 1 1
 0.137378 1 1 1 1
 0.137378 1 1 1 1
 0.137378 1 1 1 1
 0.137378 1 1 1 1
 0.137378 1 1 1 1
 0.137378 1 1 1 1
 0.137378 1 1 1 1
Scru_reclas
 0.738087 1 1 1 1
 0.738087 1 1 1 1
 0.738087 1 1 1 1
 0.738087 1 1 1 1
 0.738087 1 1 1 1
 0.738087 1 1 1 1
 0.738087 1 1 1 1
 0.738087 1 1 1 1
 0.738087 1 1 1 1
 0.738087 1 1 1 1
 0.738087 1 1 1 1
 0.738087 1 1 1 1
 0.738087 1 1 1 1
 0.738087 1 1 1 1
 0.738087 1 1 1 1
 0.738087 1 1 1 1
 0.738087 1 1 1 1
 0.738087 1 1 1 1
 0.738087 1 1 1 1
 0.738087 1 1 1 1
 0.738087 1 1 1 1
 0.738087 1 1 1 1
 0.738087 1 1 1 1
 0.738087 1 1 1 1
 0.738087 1 1 1 1
Scru_pelaces
 1 1 1 1 1
 1 1 1 1 1
 1 1 1 1 1
 1 1 1 1 1
 1 1 1 1 1
 1 1 1 1 1
 1 1 1 1 1
 1 1 1 1 1
 1 1 1 1 1
 1 1 1 1 1
 1 1 1 1 1
 1 1 1 1 1
 1 1 1 1 1
 1 1 1 1 1
 1 1 1 1 1
 1 1 1 1 1
 1 1 1 1 1
 1 1 1 1 1
 1 1 1 1 1
 1 1 1 1 1
 1 1 1 1 1
 1 1 1 1 1
 1 1 1 1 1
 1 1 1 1 1
 1 1 1 1 1
pf_obs 
 0.256992 0.487395 0.22802 0.0275931 0
 0.321318 0.546541 0.124235 0.00734118 0.000564706
 0.182869 0.594174 0.210203 0.0122559 0.00049798
 0.330522 0.361315 0.267642 0.0388342 0.00168674
 0.649043 0.306663 0.0425973 0.00169635 0
 0.582887 0.30429 0.105238 0.00758474 0
 0.465427 0.430635 0.0974691 0.00646863 0
 0.296916 0.608066 0.0921331 0.00288517 0
 0.311714 0.524322 0.152257 0.0117073 0
 0.15457 0.633149 0.183074 0.0267441 0.00246327
 0.131901 0.49318 0.331252 0.0422183 0.00144891
 0.196976 0.569456 0.194076 0.0375587 0.00193317
 0.518974 0.381816 0.0799577 0.0180837 0.00116848
 0.0928022 0.601141 0.25162 0.0475244 0.00691264
 0.122501 0.610282 0.24278 0.0234846 0.000952079
 0.383417 0.481906 0.127806 0.00687128 0
 0.0376549 0.599619 0.316969 0.0457579 0
 0.0361596 0.667082 0.258105 0.0386534 0
 0.158088 0.579412 0.248529 0.0139706 0
 0.0477256 0.309471 0.559284 0.082774 0.000745712
 0.0406174 0.521527 0.379366 0.0568643 0.0016247
 0.151134 0.462217 0.34131 0.0453401 0
 0.294876 0.26143 0.354403 0.0886775 0.000613685
 0.281977 0.475581 0.204845 0.0348837 0.00271318
 0 0 0 0 0
pf_pred 
 0.00470612 0.638512 0.315397 0.041384 1.09168e-06
 0.015295 0.0343391 0.609689 0.30116 0.0395169
 0.00586385 0.109592 0.0308462 0.547674 0.306024
 0.100511 0.0536774 0.0932407 0.026244 0.726327
 0.70241 0.148541 0.00889456 0.0154504 0.124704
 0.0725716 0.87952 0.0239132 0.00143191 0.0225631
 0.461819 0.247487 0.275678 0.00749539 0.00752102
 0.349739 0.588582 0.0283637 0.0315946 0.00172099
 0.315875 0.601964 0.074368 0.00358379 0.00420947
 0.499845 0.428858 0.0627342 0.00775033 0.000812181
 0.0605489 0.851715 0.0752295 0.0110047 0.00150202
 0.0503384 0.360861 0.533812 0.0471501 0.0078386
 0.322273 0.227125 0.171224 0.253287 0.0260914
 0.167248 0.717836 0.0385115 0.0290328 0.0473715
 0.23991 0.60285 0.135542 0.00727175 0.0144267
 0.284898 0.620478 0.0750494 0.0168738 0.00270126
 0.173209 0.672728 0.133677 0.0161688 0.00421728
 0.191343 0.547432 0.212549 0.0422353 0.00644099
 0.149336 0.586792 0.178632 0.0693565 0.0158835
 0.49745 0.313685 0.13028 0.03966 0.018925
 0.255466 0.678035 0.0415078 0.0172391 0.00775216
 0.177494 0.603077 0.19983 0.0122332 0.00736542
 0.215994 0.499628 0.208511 0.0690904 0.00677612
 0.121199 0.616304 0.167283 0.0698126 0.0254012
 0.00177112 0.550395 0.314067 0.0852469 0.0485207
pobs_RECLAS
 0 0 0 0 0
 0 0 0 0 0
 0 0 0 0 0
 0 0 0 0 0
 0.835266 0.146461 0.0176864 0.000547809 3.91292e-05
 0.385257 0.428462 0.181853 0.0044286 0
 0.867414 0.0963971 0.0333333 0.00285562 0
 0.441836 0.489002 0.0689373 0.000224442 0
 0.779404 0.147425 0.0564933 0.0165055 0.000172143
 0.814271 0.122319 0.05973 0.00367925 0
 0.40263 0.566651 0.0304383 0.000280538 0
 0.475488 0.404961 0.113038 0.00651328 0
 0.955842 0.0263864 0.0167828 0.000988607 0
 0.975058 0.0227948 0.00214734 0 0
 0.738997 0.206755 0.0527124 0.00153531 0
 0.850938 0.134255 0.0134407 0.00136685 0
 0.542534 0.407297 0.0501686 0 0
 0.764087 0.199537 0.0359546 0.000420521 0
 0.470689 0.182191 0.310203 0.0369168 0
 0.84361 0.089868 0.0606195 0.00523954 0.000663233
 0.607945 0.314616 0.071237 0.00620181 0
 0.523733 0.453247 0.0230204 0 0
 0.530135 0.295979 0.169645 0.0042399 0
 0.562478 0.366248 0.0663022 0.0049721 0
 0.250443 0.683176 0.0655157 0.000865301 0
ppred_RECLAS
 0.0249054 0.625553 0.308996 0.0405441 1.06953e-06
 0.0777907 0.0321597 0.570994 0.282046 0.0370089
 0.0325852 0.106646 0.0300171 0.532953 0.297799
 0.381482 0.0369103 0.0641154 0.0180462 0.499446
 0.927416 0.0362299 0.00216943 0.00376843 0.030416
 0.309324 0.654998 0.0178087 0.00106638 0.0168032
 0.831464 0.0775027 0.0863309 0.00234725 0.00235528
 0.764016 0.2136 0.0102934 0.0114659 0.000624559
 0.733313 0.234659 0.0289903 0.00139704 0.00164094
 0.848409 0.129981 0.0190139 0.00234903 0.000246162
 0.264479 0.66683 0.0588992 0.00861589 0.00117597
 0.228234 0.293263 0.433816 0.0383177 0.00637023
 0.739413 0.08733 0.0658359 0.0973892 0.0100322
 0.569609 0.370999 0.0199039 0.015005 0.024483
 0.68077 0.253191 0.0569263 0.00305406 0.00605907
 0.695459 0.264243 0.0319613 0.00718604 0.00115039
 0.541186 0.373319 0.0741818 0.0089726 0.00234031
 0.568487 0.292119 0.11342 0.0225375 0.00343702
 0.49458 0.348641 0.106134 0.0412079 0.00943713
 0.848582 0.0945131 0.0392534 0.0119496 0.00570211
 0.650888 0.317931 0.019463 0.00808341 0.00363499
 0.540256 0.337093 0.111696 0.00683779 0.00411694
 0.601598 0.253892 0.105957 0.0351091 0.00344336
 0.432182 0.398211 0.108086 0.0451079 0.0164125
 0.00990649 0.545909 0.311507 0.0845521 0.0481253
pobs_PELACES
 0 0 0 0 0
 0 0 0 0 0
 0 0 0 0 0
 0 0 0 0 0
 0 0 0 0 0
 0 0 0 0 0
 0 0 0 0 0
 0 0 0 0 0
 0 0 0 0 0
 0 0 0 0 0
 0.450072 0.473896 0.0757376 0.000293798 0
 0 0 0 0 0
 0.463077 0.371075 0.160297 0.00555027 0
 0.529543 0.364841 0.0842815 0.0213345 0
 0.631943 0.363953 0.00410389 0 0
 0.735681 0.248677 0.0153453 0.000297389 0
 0.695825 0.281241 0.0229344 0 0
 0.275771 0.60734 0.115278 0.00161068 0
 0 0 0 0 0
 0.896147 0.0623911 0.0374545 0.00400742 0
 0.803859 0.145111 0.0509908 3.86294e-05 0
 0.739449 0.233085 0.0266225 0.000797448 4.60066e-05
 0.878498 0.100942 0.0204185 0.000141795 0
 0.694673 0.275183 0.0284847 0.00165964 0
 0 0 0 0 0
ppred_PELACES
 0.0343815 0.619474 0.305993 0.0401501 1.05913e-06
 0.107574 0.0311211 0.552554 0.272937 0.0358137
 0.0536857 0.10432 0.0293624 0.521329 0.291303
 0.484179 0.0307818 0.0534699 0.0150499 0.41652
 0.947356 0.0262772 0.00157346 0.0027332 0.0220604
 0.431419 0.53921 0.0146606 0.000877866 0.0138328
 0.894232 0.0486384 0.0541787 0.00147306 0.0014781
 0.860217 0.126524 0.00609719 0.00679171 0.000369951
 0.836359 0.143988 0.0177886 0.000857231 0.00100689
 0.89925 0.0863879 0.012637 0.0015612 0.000163603
 0.361783 0.578614 0.0511073 0.00747607 0.0010204
 0.317968 0.259165 0.383375 0.0338624 0.00562956
 0.841175 0.0532267 0.0401263 0.0593577 0.00611452
 0.747536 0.217626 0.0116755 0.00880185 0.0143616
 0.832287 0.133018 0.0299073 0.00160451 0.00318324
 0.795246 0.17766 0.0214888 0.00483144 0.000773448
 0.656492 0.279499 0.0555389 0.00671766 0.00175216
 0.673589 0.220969 0.0857943 0.0170481 0.00259988
 0.60605 0.271749 0.082726 0.0321196 0.00735578
 0.902188 0.0610526 0.0253565 0.00771905 0.00368339
 0.72757 0.248098 0.015188 0.0063079 0.00283657
 0.6295 0.271658 0.0900141 0.00551046 0.00331777
 0.691404 0.196661 0.082073 0.027195 0.00266718
 0.536572 0.325002 0.0882151 0.036815 0.0133951
 0.0160247 0.542536 0.309582 0.0840296 0.0478279
pobs_pel_tallas
 0 0 0 0 0 0 0 0 0 0 0 0 0 0 0 0 0 0 0 0 0 0 0 0 0 0 0 0 0 0 0 0 0 0 0 0
 0 0 0 0 0 0 0 0 0 0 0 0 0 0 0 0 0 0 0 0 0 0 0 0 0 0 0 0 0 0 0 0 0 0 0 0
 0 0 0 0 0 0 0 0 0 0 0 0 0 0 0 0 0 0 0 0 0 0 0 0 0 0 0 0 0 0 0 0 0 0 0 0
 0 0 0 0 0 0 0 0 0 0 0 0 0 0 0 0 0 0 0 0 0 0 0 0 0 0 0 0 0 0 0 0 0 0 0 0
 0 0 0 0 0 0 0 0 0 0 0 0 0 0 0 0 0 0 0 0 0 0 0 0 0 0 0 0 0 0 0 0 0 0 0 0
 0 0 0 0 0 0 0 0 0 0 0 0 0 0 0 0 0 0 0 0 0 0 0 0 0 0 0 0 0 0 0 0 0 0 0 0
 0 0 0 0 0 0 0 0 0 0 0 0 0 0 0 0 0 0 0 0 0 0 0 0 0 0 0 0 0 0 0 0 0 0 0 0
 0 0 0 0 0 0 0 0 0 0 0 0 0 0 0 0 0 0 0 0 0 0 0 0 0 0 0 0 0 0 0 0 0 0 0 0
 0 0 0 0 0 0 0 0 0 0 0 0 0 0 0 0 0 0 0 0 0 0 0 0 0 0 0 0 0 0 0 0 0 0 0 0
 0 0 0 0 0 0 0 0 0 0 0 0 0 0 0 0 0 0 0 0 0 0 0 0 0 0 0 0 0 0 0 0 0 0 0 0
 0 0 0 0 0 0 0 0 1.78061e-05 0.00172719 0.00360574 0.0105946 0.0120993 0.0124554 0.0147524 0.0171206 0.0266825 0.0428682 0.0675386 0.121331 0.153587 0.119568 0.100827 0.0573624 0.0630603 0.0341343 0.0324427 0.0444173 0.0211091 0.0280891 0.0125444 0.00206551 0 0 0 0
 0 0 0 0 0 0 0 0 0 0 0 0 0 0 0 0 0 0 0 0 0 0 0 0 0 0 0 0 0 0 0 0 0 0 0 0
 0 0 0 0 0 0 0.0133647 0.0140871 0.0187388 0.0205184 0.03894 0.0496705 0.03968 0.0493445 0.0407372 0.0367815 0.0215668 0.0243155 0.0234873 0.0199281 0.019796 0.0243948 0.0301388 0.0376714 0.0412746 0.0863199 0.0771752 0.113111 0.0741005 0.0525337 0.0229764 0.00759418 0.00175318 0 0 0
 0 0 0 0 0 0 0 0 0 0 0.00219441 0.00772107 0.0458388 0.0604681 0.0671733 0.0775358 0.0609151 0.0617685 0.073594 0.0568108 0.0755445 0.0548602 0.0670107 0.0636378 0.0643287 0.046367 0.0373049 0.0286899 0.0247887 0.0153202 0.00654259 0.00121912 0.000365735 0 0 0
 0 0 0 0 0 0 0 0 0 0 0 0 0.000112435 0.00938835 0.0111873 0.0202946 0.0414886 0.0713402 0.111592 0.104902 0.108894 0.110636 0.117776 0.105296 0.107544 0.0401394 0.0192827 0.0124803 0.00416011 0.0028671 0.000618394 0 0 0 0 0
 0 0 0 0 0 0 0 0 0 0 0.00291406 0.0102884 0.027416 0.0768956 0.0749926 0.110853 0.0956884 0.0897413 0.0766577 0.0534642 0.0500743 0.0551293 0.0594112 0.0620874 0.0668451 0.0424026 0.0208742 0.0120726 0.0048766 0.00582813 0.00118941 0.000297354 0 0 0 0
 0 0.00264628 0.0354308 0.0461629 0.0458689 0.0383711 0.0214643 0.0164657 0.0346957 0.0420465 0.0363128 0.0245516 0.0311673 0.0291091 0.0169068 0.0133784 0.00837989 0.0085269 0.0148486 0.0160247 0.0276389 0.0546898 0.0760071 0.122758 0.109233 0.0665981 0.0333725 0.0166128 0.00676272 0.00308733 0.000882094 0 0 0 0 0
 0 0 0 0 0 0 0 0.000805153 0.000690131 0.00759144 0.0133425 0.0154129 0.00931677 0.000345066 0.00356568 0.00563607 0.00851162 0.0253048 0.0502646 0.0516448 0.0657925 0.0565908 0.0611916 0.0827007 0.0866115 0.110766 0.145733 0.0935128 0.0569358 0.0249597 0.0138026 0.00621118 0.00161031 0.00115022 0 0
 0 0 0 0 0 0 0 0 0 0 0 0 0 0 0 0 0 0 0 0 0 0 0 0 0 0 0 0 0 0 0 0 0 0 0 0
 0.00147267 0.00158595 0.00478618 0.00569244 0.00954404 0.0108468 0.00647125 0.017049 0.0510054 0.094081 0.124002 0.0959785 0.0687766 0.0820023 0.061753 0.0591476 0.0492212 0.0479892 0.0443925 0.0268479 0.0217502 0.0140895 0.0121071 0.0120363 0.00920419 0.00665534 0.0049561 0.00860946 0.00930331 0.0156896 0.0114698 0.00855282 0.00243557 0.00046729 0 2.83206e-05
 0 0 0 0 0.000772559 0.00158375 0.000888443 0.00281984 0.00712685 0.0440552 0.0773331 0.111326 0.0921469 0.0852325 0.0710754 0.0886704 0.0786465 0.0553345 0.0373146 0.0185414 0.00753245 0.00457741 0.012979 0.0271748 0.0457355 0.0583668 0.034881 0.0177882 0.00938659 0.00492506 0.0015258 0.00185414 0.000309023 5.79419e-05 3.86279e-05 0
 0 0.00173294 0.00326652 0 0.00397197 0.00683976 0.00946217 0.0152591 0.00757587 0.0136028 0.0228656 0.0392903 0.0559909 0.0764795 0.0681675 0.0726916 0.0566044 0.0477403 0.0527397 0.0444891 0.0609904 0.0582453 0.0661739 0.0445044 0.0529084 0.0360697 0.0280645 0.0235558 0.0158879 0.00826598 0.00280645 0.00217768 0.000904811 0.00058276 9.20147e-05 0
 0 0 0 0 0 0 0 0 0 0 0 0 0 0 0 0 0 0 0 0 0 0 0 0 0 0 0 0 0 0 0 0 0 0 0 0
 0 0 0 0 0 0 0 0 0 0 0 0 0 0 0 0 0 0 0 0 0 0 0 0 0 0 0 0 0 0 0 0 0 0 0 0
 0 0 0 0 0 0 0 0 0 0 0 0 0 0 0 0 0 0 0 0 0 0 0 0 0 0 0 0 0 0 0 0 0 0 0 0
ppred_pel_tallas
 1.05925e-16 1.53768e-06 8.93015e-06 4.22523e-05 0.000162343 0.00050595 0.00127867 0.0026214 0.00436457 0.00591992 0.00659616 0.00618504 0.00522827 0.00466946 0.00529666 0.00751128 0.0114524 0.0171592 0.0245784 0.0334642 0.0432916 0.0532566 0.0623787 0.0696823 0.074401 0.0761374 0.0749302 0.0712025 0.0656241 0.0589354 0.0517961 0.0446971 0.037945 0.0316983 0.0260249 0.020952
 1.18906e-16 4.70564e-06 2.75823e-05 0.000131045 0.000504419 0.00157285 0.00397286 0.0081296 0.0134784 0.0181094 0.0197287 0.017455 0.0126125 0.00760524 0.00416833 0.00270034 0.00279643 0.00399378 0.00609235 0.00911624 0.0131792 0.0183813 0.0247453 0.0321743 0.0404243 0.0490973 0.0576581 0.0654805 0.0719185 0.0763937 0.078482 0.0779815 0.0749475 0.0696815 0.0626836 0.0545718
 1.31976e-16 2.3566e-06 1.37902e-05 6.54733e-05 0.000251946 0.000785524 0.00198422 0.00406102 0.0067358 0.00905894 0.00989217 0.00880726 0.00648373 0.00414974 0.00271025 0.00241297 0.00311022 0.00462322 0.00689277 0.00995176 0.0138554 0.0186354 0.0242815 0.0307371 0.0378957 0.045593 0.0535924 0.06157 0.0691103 0.0757234 0.0808898 0.0841302 0.0850845 0.08358 0.0796742 0.0736541
 1.20749e-16 2.11256e-05 0.000123986 0.00058937 0.0022691 0.00707596 0.0178732 0.0365704 0.0606179 0.0814031 0.0885695 0.0780934 0.055834 0.0324504 0.0155036 0.00642901 0.00292083 0.00228801 0.00292769 0.00421632 0.00600912 0.00831509 0.0111666 0.0145774 0.0185256 0.0229414 0.0276957 0.0325934 0.0373759 0.0417358 0.0453467 0.0479034 0.0491662 0.0489994 0.0473947 0.0444769
 1.01156e-16 4.13228e-05 0.00024256 0.00115308 0.00443953 0.0138443 0.0349695 0.0715507 0.118597 0.159255 0.173254 0.15271 0.10907 0.0631584 0.0297255 0.0115144 0.00392522 0.00158072 0.00121041 0.00144374 0.00184095 0.00227219 0.00268212 0.0030322 0.00329559 0.00346086 0.00353324 0.00353102 0.00347844 0.0033977 0.00330283 0.0031975 0.0030766 0.00293059 0.00275055 0.00253231
 1.01061e-16 1.88464e-05 0.000110557 0.000525417 0.00202268 0.00630737 0.0159324 0.0326033 0.0540566 0.0726359 0.0791459 0.0700588 0.0506879 0.0306654 0.0169051 0.0108863 0.0107368 0.0141575 0.0196543 0.0263701 0.0336086 0.0405835 0.0464229 0.050314 0.0516866 0.0503532 0.0465572 0.0409046 0.0342112 0.0273125 0.020899 0.0154193 0.0110628 0.00780499 0.00548639 0.00389199
 1.00905e-16 3.90074e-05 0.000228964 0.00108844 0.00419063 0.0130682 0.033009 0.0675395 0.11195 0.150331 0.163552 0.144175 0.10301 0.059723 0.0282481 0.0111898 0.00422239 0.00228441 0.00229754 0.00296668 0.00386188 0.00483144 0.00578212 0.00663022 0.00730396 0.00775398 0.00795967 0.00792773 0.00768515 0.00726953 0.00672075 0.00607617 0.00536971 0.00463274 0.00389537 0.00318624
 1.00379e-16 3.75273e-05 0.000220268 0.00104708 0.00403136 0.0125715 0.0317544 0.0649732 0.107698 0.144628 0.157366 0.138763 0.0992344 0.0577177 0.0276434 0.0115471 0.00529477 0.00403149 0.00478512 0.00626366 0.00796846 0.00963687 0.0110504 0.012016 0.0123984 0.0121509 0.0113266 0.0100629 0.00854591 0.00696654 0.00548292 0.00419809 0.00315631 0.00235384 0.00175701 0.00132033
 1.00377e-16 3.64877e-05 0.000214163 0.00101805 0.00391959 0.0122229 0.0308741 0.063172 0.104713 0.140622 0.153012 0.134936 0.0965248 0.0561966 0.027018 0.0114643 0.00552599 0.00449038 0.00546924 0.00719888 0.00917614 0.0111174 0.0127759 0.01393 0.0144218 0.0141929 0.0132975 0.0118859 0.0101652 0.00835032 0.00662187 0.00510074 0.00384352 0.00285356 0.0021003 0.00153851
 1.00269e-16 3.92277e-05 0.000230254 0.00109457 0.00421421 0.0131417 0.0331947 0.0679197 0.112581 0.151181 0.164485 0.145016 0.10365 0.0601731 0.0286086 0.0115871 0.00476813 0.00306442 0.00337013 0.00435564 0.00554338 0.00672203 0.00773605 0.00845112 0.00877156 0.00866093 0.00814994 0.0073266 0.00631297 0.00523614 0.00420318 0.00328622 0.00251966 0.00190684 0.00143129 0.00106805
 1.01219e-16 1.58116e-05 9.2736e-05 0.000440687 0.00169644 0.00528998 0.0133626 0.0273456 0.0453432 0.0609394 0.0664321 0.0588784 0.0427588 0.0261881 0.0150137 0.0105347 0.0112395 0.0152422 0.0212964 0.0286353 0.0365632 0.044251 0.0507644 0.0552244 0.0570047 0.0558822 0.0520906 0.0462509 0.0392115 0.0318495 0.0248977 0.0188425 0.0139046 0.0100852 0.00724539 0.00518656
 1.06954e-16 1.3889e-05 8.14757e-05 0.000387215 0.00149066 0.00464834 0.0117415 0.0240265 0.0398335 0.0535161 0.0582911 0.0515481 0.0371869 0.0222854 0.0119147 0.00714564 0.00659691 0.00860906 0.0121717 0.0168114 0.0222363 0.0281236 0.0340691 0.0396272 0.0443801 0.0480029 0.0503013 0.0512127 0.050782 0.049125 0.0463975 0.0427797 0.0384739 0.0337054 0.0287191 0.0237642
 1.02913e-16 3.6694e-05 0.000215382 0.00102387 0.00394202 0.0122929 0.0310506 0.0635327 0.105308 0.141414 0.153853 0.135631 0.0969178 0.0562166 0.0266386 0.0106397 0.00415759 0.00243871 0.00259455 0.00341279 0.00449294 0.00569391 0.00692745 0.00811238 0.00917698 0.0100681 0.0107557 0.0112293 0.0114904 0.0115436 0.0113909 0.0110325 0.0104714 0.0097202 0.00880611 0.00777166
 1.01211e-16 3.26175e-05 0.000191435 0.000909986 0.00350348 0.0109253 0.0275964 0.0564663 0.0936004 0.125706 0.136803 0.120693 0.0864461 0.0505509 0.0247195 0.0112035 0.00645753 0.00629554 0.00813684 0.0108148 0.0137988 0.0167163 0.0192079 0.0209454 0.0216968 0.021381 0.0200862 0.0180436 0.0155661 0.0129736 0.0105287 0.00840005 0.0066568 0.00528814 0.00423514 0.00342192
 1.00672e-16 3.63097e-05 0.000213119 0.00101309 0.00390049 0.0121634 0.0307236 0.0628641 0.104202 0.139935 0.152262 0.134271 0.0960383 0.0558923 0.0268328 0.0113198 0.00536117 0.00426685 0.00516602 0.00680922 0.00870887 0.0105995 0.012253 0.0134628 0.0140782 0.0140365 0.0133764 0.0122234 0.0107553 0.00915893 0.00759333 0.00616745 0.00493624 0.00391045 0.00307301 0.00239505
 1.00566e-16 3.46963e-05 0.000203643 0.000968033 0.00372699 0.0116223 0.029357 0.0600682 0.0995694 0.133718 0.145509 0.128344 0.0918599 0.0535837 0.0259549 0.0113452 0.00596042 0.00533206 0.00671493 0.00889096 0.011345 0.0137524 0.015814 0.0172574 0.0178877 0.0176327 0.0165582 0.0148482 0.0127561 0.0105447 0.00843455 0.00657257 0.00502713 0.00380178 0.00285917 0.00214478
 1.01193e-16 2.86502e-05 0.000168137 0.000799215 0.00307696 0.00959517 0.0242368 0.0495927 0.0822092 0.110416 0.120185 0.106085 0.0760976 0.0447308 0.0223059 0.0108424 0.00726934 0.0079425 0.0106026 0.0141944 0.0181758 0.022102 0.025514 0.0279817 0.0291906 0.0290138 0.0275379 0.0250333 0.0218802 0.0184776 0.0151637 0.0121693 0.00960904 0.00750238 0.00580856 0.00446092
 1.01998e-16 2.93934e-05 0.000172506 0.000819994 0.00315699 0.00984474 0.0248671 0.050882 0.0843446 0.113279 0.123287 0.108788 0.0779611 0.0456752 0.0224978 0.0104764 0.00643762 0.00663065 0.00874666 0.0117415 0.0151305 0.018555 0.0216529 0.0240788 0.025568 0.0259924 0.0253826 0.0239079 0.0218235 0.0194058 0.0168949 0.0144632 0.0122095 0.0101739 0.00836124 0.00676223
 1.02711e-16 2.64504e-05 0.000155223 0.000737821 0.00284058 0.00885803 0.0223748 0.045783 0.0758945 0.101937 0.11096 0.097953 0.0702886 0.0413655 0.0207205 0.0102289 0.00706868 0.00788901 0.0106159 0.0142827 0.0183899 0.0225194 0.0262327 0.0291108 0.0308372 0.0312659 0.0304475 0.0286023 0.0260534 0.0231441 0.0201668 0.0173239 0.0147217 0.0123919 0.0103231 0.00848943
 1.00818e-16 3.93548e-05 0.000231003 0.00109813 0.00422793 0.0131845 0.0333028 0.0681408 0.112946 0.15167 0.165012 0.145467 0.103943 0.0602858 0.0285541 0.0113787 0.0043969 0.00250099 0.00257975 0.00331561 0.00425862 0.00523633 0.00613617 0.00686122 0.00733772 0.00752848 0.00743888 0.0071112 0.00661065 0.00600777 0.00536356 0.00472128 0.00410564 0.00352718 0.00298888 0.00249165
 1.00646e-16 3.17482e-05 0.000186328 0.000885702 0.00340997 0.0106337 0.0268599 0.0549595 0.0911037 0.122357 0.133166 0.117505 0.0842066 0.0493302 0.0242883 0.0112877 0.00689223 0.00703729 0.00920946 0.0122556 0.0156229 0.0188963 0.021665 0.0235523 0.0242921 0.0237921 0.0221562 0.0196538 0.0166509 0.0135239 0.0105852 0.00803991 0.0059775 0.00439279 0.00322096 0.00237273
 1.01711e-16 2.7473e-05 0.000161227 0.000766361 0.00295047 0.00920071 0.0232404 0.047554 0.0788299 0.105878 0.115248 0.101731 0.0729848 0.0429221 0.0214438 0.0104922 0.00712914 0.00786832 0.0105517 0.0141747 0.0182226 0.0222697 0.0258714 0.028604 0.0301486 0.0303597 0.0292932 0.0271795 0.024357 0.0211882 0.017987 0.0149757 0.0122772 0.00993304 0.00793331 0.00624537
 1.02289e-16 3.01692e-05 0.000177063 0.000841663 0.00324043 0.010105 0.0255243 0.0522265 0.0865726 0.116268 0.126533 0.111635 0.0799648 0.0467743 0.0229002 0.0104309 0.00609648 0.00603856 0.00788792 0.0105868 0.0136668 0.016803 0.0196738 0.0219719 0.0234594 0.0240167 0.0236618 0.0225332 0.0208444 0.0188273 0.0166838 0.0145586 0.0125363 0.0106545 0.00892458 0.00734904
 1.0325e-16 2.3423e-05 0.000137445 0.000653289 0.0025151 0.007843 0.019811 0.0405376 0.0672019 0.0902691 0.0982804 0.0868087 0.0623986 0.0369374 0.0189015 0.0099902 0.00774364 0.0092231 0.0125967 0.016977 0.0218483 0.0267294 0.0310996 0.0344607 0.0364386 0.0368653 0.0358093 0.0335426 0.0304594 0.0269754 0.0234423 0.0200999 0.0170698 0.0143812 0.0120109 0.00991835
 1.09694e-16 7.33966e-07 4.2191e-06 1.98719e-05 7.62008e-05 0.00023734 0.000600098 0.00123241 0.00206017 0.00281919 0.00320618 0.00315736 0.00297936 0.00319295 0.00427539 0.0065471 0.0102122 0.0154035 0.0221465 0.0302741 0.0393623 0.0487358 0.0575567 0.0649773 0.0703134 0.07318 0.0735485 0.0717046 0.0681351 0.0633851 0.0579387 0.0521554 0.0462666 0.040412 0.0346898 0.0291938
pSPR Fmed_Fpbrs
0.502787   0.351911 0.351911
Fs Fmed_Fpbrs
0.532301   1.005 1.005
SSBpbr Bo_Bmed_Bpbrs
1.00837e+06  456576  304438 304438
Ro
15994.5
SPR SPRFo_SPRFmed_SPRFpbrs
329639 165738 116004
log_Ro
9.5
likeval ReclasPelacesDesembMPH_pf_preclas_ppelaces_ptallas_desvR_qrecl_qpela
 98.6584 91.1032 0.136061 0.000523793 367.389 204.568 73.8678 0 78.7036 2.08079e-06 0 0 0 0 0
q_reclas_q_pelaces
0.81513 1
M
0.7
N
 3195.08 61846.9 30549.7 4008.49 0.105741
 4730.86 1564.95 27785.6 13724.9 1800.92
 681.577 2289.63 644.449 11442.2 6393.56
 3577.74 304.714 529.306 148.981 4123.19
 54932.2 1679.71 100.58 174.714 1410.16
 12208.9 26773 727.929 43.588 686.83
 55413.9 5442.82 6062.81 164.841 165.405
 71279.2 24567.6 1183.91 1318.77 71.8346
 78826.9 30060.4 3713.73 178.965 210.209
 232126 33604.5 4915.73 607.3 63.6409
 45512.3 106548 9411.07 1376.67 187.9
 17607.7 21007.4 31075.7 2744.82 456.321
 57377.4 8127.27 6126.94 9063.42 933.635
 23749 24411 1309.64 987.303 1610.94
 14860.3 9258.01 2081.53 111.673 221.552
 14361.1 5683.97 687.5 154.574 24.7453
 9571.32 6390.37 1269.82 153.59 40.0608
 9226.82 4359.86 1692.78 336.37 51.2973
 6554.25 4272.05 1300.5 504.939 115.637
 27441.7 3029.33 1258.15 383.006 182.764
 31626.2 12405.8 759.458 315.419 141.839
 30084 15288.6 5065.91 310.124 186.721
 40500.6 14477.9 6042.09 2002.05 196.354
 23749.2 19249.1 5224.77 2180.47 793.36
 207.659 11152.4 6363.82 1727.33 983.157
pred_Ctot
 31.4202 4263 2105.73 276.298 0.00728856
 86.5152 194.236 3448.66 1703.49 223.525
 49.1707 918.969 258.658 4592.46 2566.13
 140.844 75.2168 130.656 36.7751 1017.78
 732.963 155.002 9.28146 16.1224 130.128
 903.452 10949.2 297.698 17.826 280.89
 4300.48 2304.6 2567.12 69.7973 70.036
 7800.58 13127.7 632.625 704.687 38.3849
 8093.77 15424.4 1905.56 91.8288 107.861
 12689.7 10887.5 1592.64 196.759 20.619
 2317.28 32596.2 2879.13 421.165 57.4842
 896.518 6426.87 9507.1 839.735 139.604
 5964.2 4203.33 3168.78 4687.49 482.865
 3723.31 15980.6 857.349 646.333 1054.59
 2492.51 6263.23 1408.2 75.5489 149.884
 1080.18 2352.53 284.548 63.9765 10.2418
 572.164 2222.23 441.577 53.4106 13.931
 450.55 1289.03 500.484 99.4505 15.1664
 327.812 1288.09 392.121 152.247 34.8664
 1778.34 1121.39 465.738 141.781 67.6551
 604.07 1603.27 98.1483 40.7631 18.3306
 669.412 2274.49 753.654 46.137 27.7785
 1252.85 2898.03 1209.44 400.75 39.304
 931.399 4736.2 1285.54 536.499 195.205
 12.7176 3952.13 2255.17 612.118 348.404
F
 0.0137575 0.100143 0.100143 0.100143 0.100143
 0.0257188 0.187212 0.187212 0.187212 0.187212
 0.105036 0.764578 0.764578 0.764578 0.764578
 0.0561073 0.408417 0.408417 0.408417 0.408417
 0.0187074 0.136175 0.136175 0.136175 0.136175
 0.107872 0.78522 0.78522 0.78522 0.78522
 0.113402 0.825473 0.825473 0.825473 0.825473
 0.163396 1.18939 1.18939 1.18939 1.18939
 0.152595 1.11077 1.11077 1.11077 1.11077
 0.0786861 0.572772 0.572772 0.572772 0.572772
 0.0731083 0.53217 0.53217 0.53217 0.53217
 0.0731095 0.532178 0.532178 0.532178 0.532178
 0.154615 1.12547 1.12547 1.12547 1.12547
 0.24205 1.76193 1.76193 1.76193 1.76193
 0.261043 1.90018 1.90018 1.90018 1.90018
 0.109734 0.798773 0.798773 0.798773 0.798773
 0.0863309 0.62842 0.62842 0.62842 0.62842
 0.07002 0.509689 0.509689 0.509689 0.509689
 0.0717737 0.522455 0.522455 0.522455 0.522455
 0.0938964 0.683491 0.683491 0.683491 0.683491
 0.0268757 0.195634 0.195634 0.195634 0.195634
 0.0313716 0.22836 0.22836 0.22836 0.22836
 0.0438526 0.319212 0.319212 0.319212 0.319212
 0.0558902 0.406836 0.406836 0.406836 0.406836
 0.0885292 0.644422 0.644422 0.644422 0.644422
nmprior
 10 11 7 0
nm_flota  nm_reclas  nm_pelaces    nm_pelaL
inf 20.1978 16.9653 29.8864
cv_recla  cv_pelaces  cv_mph
0.898446 1.12313 0.742537
 ------------------------------------------------
Talla a la edad & desviación 
 7.2 14.2025 17.0495 18.207 18.6776
 1.08 2.13037 2.55742 2.73105 2.80164
