years
 1997 1998 1999 2000 2001 2002 2003 2004 2005 2006 2007 2008 2009 2010 2011 2012 2013 2014 2015 2016 2017 2018 2019 2020 2021
reclasobs
 0 0 0 370054 412103 1.49427e+06 250295 1.28982e+06 931140 785840 897777 1.04006e+06 184774 17550 25797 100020 73551 82996 120727 218422 84188 347160 605670 569463 516374
reclaspred
 2.47227e+06 435553 1.0674e+06 565678 578740 679993 1.35654e+06 956645 1.18099e+06 1.24739e+06 1.09777e+06 731400 434076 215740 156173 158445 182101 244318 265311 362607 555567 526769 840255 975123 1.13605e+06
pelacesobs
 0 0 0 0 0 0 0 0 0 2.06254e+06 1.5e+06 0 1.87456e+06 323000 250000 174000 83755 137374 0 501740 490994 745055 786931 1.00524e+06 0
pelacespred
 1.40251e+06 518426 387202 415577 359611 329774 689106 634176 683042 747609 568164 391330 228911 92922.3 67958.8 78369.4 94142.3 126272 144697 189348 318032 318915 384647 519538 625441
mphobs
 0 0 0 0 0 112323 0 153150 637223 0 255016 313432 73983 77613 109348 50772 0 0 0 0 0 0 0 0 0
mphpred
 1.83221e+06 899580 649013 642556 485508 603668 834309 1.04014e+06 942771 1.12261e+06 1.13206e+06 770756 476408 266109 141331 131216 147126 190532 228818 268171 412774 507986 582634 796637 1.0301e+06
desembarqueobs
 350755 77701 442110 56441 14545 235359 269955 359681 431902 328805 639364 411747 362871 311530 167758 66681 60226 58785 57116 71774 51957 67425 138520 160799 200461
desembarquepred
 350710 77680.2 442024 56448.8 14554 235456 269897 359448 431750 328713 639316 411983 363268 311696 167588 66654.3 60192 58711 57072.8 71786 51972 67451.4 138616 160851 200340
Reclutas
 57325.6 48681.5 27853.4 32828.5 55867.6 48891.6 86784.3 83989.2 135679 128739 64514.8 43567.5 49570.6 32033.5 21044 18608.3 14603.3 15915.8 19597.9 33460.1 45480.8 44402 82917.4 75907.9 49657
log_desv_Rt
 0.256503 0.0930551 -0.465289 -0.300947 0.23074 0.0973613 0.671181 0.638443 1.11805 1.06554 0.37465 -0.0179324 0.111154 -0.325462 -0.74563 -0.868636 -1.111 -1.02493 -0.816822 -0.281891 0.0250451 0.00103997 0.6256 0.537277 0.112895
SSB
 1.83221e+06 899580 649013 642556 485508 603668 834309 1.04014e+06 942771 1.12261e+06 1.13206e+06 770756 476408 266109 141331 131216 147126 190532 228818 268171 412774 507986 582634 796637 1.0301e+06
BT
 3.65849e+06 1.11051e+06 1.1302e+06 898289 802719 839142 1.98688e+06 1.80717e+06 2.12627e+06 2.01128e+06 1.76704e+06 1.20218e+06 876480 498764 309611 230622 264270 330266 354746 495183 792587 695343 920598 1.23056e+06 1.40833e+06
Ftot
 0.13789 0.172978 0.394964 0.0972431 0.0246108 0.332007 0.192914 0.360223 0.351163 0.25447 0.548421 0.531214 0.773854 1.26427 0.976687 0.401921 0.317784 0.232308 0.208232 0.191954 0.0912293 0.124578 0.160181 0.160159 0.171015
BD_Bspro_t
 0.979393 0.867482 0.765514 0.602676 0.665556 0.764555 0.695629 0.709238 0.653446 0.641698 0.614512 0.447302 0.340333 0.251881 0.16518 0.179559 0.256153 0.386239 0.492384 0.593523 0.712512 0.797987 0.795276 0.793579 0.772729
BD_Bspro
 2.00427 0.984058 0.70996 0.702898 0.531101 0.660357 0.912657 1.13782 1.0313 1.22803 1.23837 0.843137 0.521147 0.291099 0.154603 0.143538 0.160943 0.208425 0.250306 0.293355 0.451537 0.55569 0.637348 0.871448 1.12683
BD_Bo
 1.64551 0.807914 0.582879 0.577081 0.436035 0.542155 0.749294 0.934155 0.846704 1.00822 1.0167 0.692217 0.427863 0.238993 0.126929 0.117845 0.132134 0.171117 0.205502 0.240845 0.370713 0.456223 0.523264 0.715461 0.925133
BD_Brms
 8.03914 3.94707 2.84766 2.81933 2.13025 2.6487 3.66068 4.56382 4.13658 4.92565 4.96711 3.38183 2.09033 1.1676 0.620114 0.575734 0.645543 0.835995 1.00398 1.17665 1.81112 2.22888 2.55641 3.49539 4.51974
S_f
 0.5 1 1 1 1
 0.5 1 1 1 1
 0.5 1 1 1 1
 0.5 1 1 1 1
 0.5 1 1 1 1
 0.5 1 1 1 1
 0.5 1 1 1 1
 0.5 1 1 1 1
 0.5 1 1 1 1
 0.5 1 1 1 1
 0.5 1 1 1 1
 0.5 1 1 1 1
 0.5 1 1 1 1
 0.5 1 1 1 1
 0.5 1 1 1 1
 0.5 1 1 1 1
 0.5 1 1 1 1
 0.5 1 1 1 1
 0.5 1 1 1 1
 0.5 1 1 1 1
 0.5 1 1 1 1
 0.5 1 1 1 1
 0.5 1 1 1 1
 0.5 1 1 1 1
 0.5 1 1 1 1
Scru_reclas
 0.5 1 1 1 1
 0.5 1 1 1 1
 0.5 1 1 1 1
 0.5 1 1 1 1
 0.5 1 1 1 1
 0.5 1 1 1 1
 0.5 1 1 1 1
 0.5 1 1 1 1
 0.5 1 1 1 1
 0.5 1 1 1 1
 0.5 1 1 1 1
 0.5 1 1 1 1
 0.5 1 1 1 1
 0.5 1 1 1 1
 0.5 1 1 1 1
 0.5 1 1 1 1
 0.5 1 1 1 1
 0.5 1 1 1 1
 0.5 1 1 1 1
 0.5 1 1 1 1
 0.5 1 1 1 1
 0.5 1 1 1 1
 0.5 1 1 1 1
 0.5 1 1 1 1
 0.5 1 1 1 1
Scru_pelaces
 0.5 1 1 1 1
 0.5 1 1 1 1
 0.5 1 1 1 1
 0.5 1 1 1 1
 0.5 1 1 1 1
 0.5 1 1 1 1
 0.5 1 1 1 1
 0.5 1 1 1 1
 0.5 1 1 1 1
 0.5 1 1 1 1
 0.5 1 1 1 1
 0.5 1 1 1 1
 0.5 1 1 1 1
 0.5 1 1 1 1
 0.5 1 1 1 1
 0.5 1 1 1 1
 0.5 1 1 1 1
 0.5 1 1 1 1
 0.5 1 1 1 1
 0.5 1 1 1 1
 0.5 1 1 1 1
 0.5 1 1 1 1
 0.5 1 1 1 1
 0.5 1 1 1 1
 0.5 1 1 1 1
pf_obs 
 0.256992 0.487395 0.22802 0.0275931 0
 0.321318 0.546541 0.124235 0.00734118 0.000564706
 0.182869 0.594174 0.210203 0.0122559 0.00049798
 0.330522 0.361315 0.267642 0.0388342 0.00168674
 0.649043 0.306663 0.0425973 0.00169635 0
 0.582887 0.30429 0.105238 0.00758474 0
 0.465427 0.430635 0.0974691 0.00646863 0
 0.296916 0.608066 0.0921331 0.00288517 0
 0.311714 0.524322 0.152257 0.0117073 0
 0.15457 0.633149 0.183074 0.0267441 0.00246327
 0.131901 0.49318 0.331252 0.0422183 0.00144891
 0.196976 0.569456 0.194076 0.0375587 0.00193317
 0.518974 0.381816 0.0799577 0.0180837 0.00116848
 0.0928022 0.601141 0.25162 0.0475244 0.00691264
 0.122501 0.610282 0.24278 0.0234846 0.000952079
 0.383417 0.481906 0.127806 0.00687128 0
 0.0376549 0.599619 0.316969 0.0457579 0
 0.0361596 0.667082 0.258105 0.0386534 0
 0.158088 0.579412 0.248529 0.0139706 0
 0.0477256 0.309471 0.559284 0.082774 0.000745712
 0.0406174 0.521527 0.379366 0.0568643 0.0016247
 0.151134 0.462217 0.34131 0.0453401 0
 0.294876 0.26143 0.354403 0.0886775 0.000613685
 0.281977 0.475581 0.204845 0.0348837 0.00271318
 0 0 0 0 0
pf_pred 
 0.360526 0.32192 0.159861 0.0793846 0.0783076
 0.339153 0.356655 0.153135 0.0760446 0.075013
 0.261415 0.383177 0.191811 0.082357 0.0812397
 0.395273 0.267653 0.174874 0.0875384 0.074662
 0.509062 0.281459 0.092716 0.0605769 0.0561868
 0.392827 0.41056 0.11272 0.0371314 0.0467621
 0.56373 0.256308 0.121687 0.0334094 0.0248654
 0.458647 0.396228 0.0852604 0.0404789 0.019385
 0.577892 0.275589 0.107241 0.0230761 0.0162024
 0.474801 0.394914 0.0850613 0.0331003 0.0121235
 0.297455 0.463981 0.179384 0.0386379 0.0205422
 0.332289 0.333136 0.220963 0.0854288 0.0281836
 0.483698 0.277724 0.119032 0.0789519 0.0405946
 0.459538 0.379937 0.0863479 0.0370085 0.0371685
 0.518511 0.345266 0.0957624 0.0217638 0.0186962
 0.540085 0.342253 0.0843725 0.0234014 0.00988719
 0.428361 0.414599 0.116864 0.0288094 0.0113666
 0.456623 0.337757 0.149132 0.0420364 0.0144514
 0.483314 0.3319 0.114861 0.0507153 0.0192098
 0.569372 0.286379 0.0926601 0.032067 0.0195218
 0.530869 0.345446 0.0822539 0.0266139 0.0148173
 0.424924 0.401971 0.127466 0.030351 0.0152878
 0.556158 0.268464 0.122587 0.0388727 0.0139182
 0.42806 0.414062 0.0954951 0.0436052 0.0187782
 0.31126 0.42038 0.194282 0.0448073 0.0292709
pobs_RECLAS
 0 0 0 0 0
 0 0 0 0 0
 0 0 0 0 0
 0 0 0 0 0
 0.835266 0.146461 0.0176864 0.000547809 3.91292e-05
 0.385257 0.428462 0.181853 0.0044286 0
 0.867414 0.0963971 0.0333333 0.00285562 0
 0.441836 0.489002 0.0689373 0.000224442 0
 0.779404 0.147425 0.0564933 0.0165055 0.000172143
 0.814271 0.122319 0.05973 0.00367925 0
 0.40263 0.566651 0.0304383 0.000280538 0
 0.475488 0.404961 0.113038 0.00651328 0
 0.955842 0.0263864 0.0167828 0.000988607 0
 0.975058 0.0227948 0.00214734 0 0
 0.738997 0.206755 0.0527124 0.00153531 0
 0.850938 0.134255 0.0134407 0.00136685 0
 0.542534 0.407297 0.0501686 0 0
 0.764087 0.199537 0.0359546 0.000420521 0
 0.470689 0.182191 0.310203 0.0369168 0
 0.84361 0.089868 0.0606195 0.00523954 0.000663233
 0.607945 0.314616 0.071237 0.00620181 0
 0.523733 0.453247 0.0230204 0 0
 0.530135 0.295979 0.169645 0.0042399 0
 0.562478 0.366248 0.0663022 0.0049721 0
 0.250443 0.683176 0.0655157 0.000865301 0
ppred_RECLAS
 0.36158 0.32139 0.159598 0.0792538 0.0781786
 0.340479 0.355939 0.152828 0.075892 0.0748624
 0.264541 0.381555 0.190999 0.0820085 0.0808959
 0.396015 0.267325 0.174659 0.0874311 0.0745704
 0.509244 0.281354 0.0926815 0.0605544 0.0561659
 0.395916 0.408471 0.112147 0.0369425 0.0465242
 0.56538 0.255339 0.121227 0.0332831 0.0247714
 0.462209 0.393622 0.0846995 0.0402126 0.0192575
 0.581274 0.27338 0.106382 0.0228912 0.0160726
 0.477126 0.393166 0.0846847 0.0329538 0.0120698
 0.30268 0.46053 0.17805 0.0383505 0.0203895
 0.337597 0.330487 0.219207 0.0847496 0.0279595
 0.493737 0.272324 0.116718 0.0774168 0.0398053
 0.480213 0.365402 0.0830447 0.0355928 0.0357467
 0.53256 0.335192 0.0929683 0.0211288 0.0181507
 0.54418 0.339207 0.0836214 0.0231931 0.00979917
 0.431362 0.412422 0.116251 0.0286582 0.0113069
 0.458697 0.336468 0.148563 0.0418759 0.0143963
 0.485147 0.330722 0.114453 0.0505354 0.0191416
 0.571007 0.285292 0.0923084 0.0319453 0.0194477
 0.53159 0.344915 0.0821276 0.026573 0.0147946
 0.42592 0.401274 0.127245 0.0302984 0.0152613
 0.557494 0.267656 0.122218 0.0387557 0.0138763
 0.429385 0.413102 0.0952738 0.0435042 0.0187347
 0.312512 0.419615 0.193929 0.0447259 0.0292177
pobs_PELACES
 0 0 0 0 0
 0 0 0 0 0
 0 0 0 0 0
 0 0 0 0 0
 0 0 0 0 0
 0 0 0 0 0
 0 0 0 0 0
 0 0 0 0 0
 0 0 0 0 0
 0 0 0 0 0
 0.450072 0.473896 0.0757376 0.000293798 0
 0 0 0 0 0
 0.463077 0.371075 0.160297 0.00555027 0
 0.529543 0.364841 0.0842815 0.0213345 0
 0.631943 0.363953 0.00410389 0 0
 0.735681 0.248677 0.0153453 0.000297389 0
 0.695825 0.281241 0.0229344 0 0
 0.275771 0.60734 0.115278 0.00161068 0
 0 0 0 0 0
 0.896147 0.0623911 0.0374545 0.00400742 0
 0.803859 0.145111 0.0509908 3.86294e-05 0
 0.739449 0.233085 0.0266225 0.000797448 4.60066e-05
 0.878498 0.100942 0.0204185 0.000141795 0
 0.694673 0.275183 0.0284847 0.00165964 0
 0 0 0 0 0
ppred_PELACES
 0.366848 0.318738 0.158281 0.0785998 0.0775335
 0.346917 0.352464 0.151336 0.0751512 0.0741317
 0.277413 0.374877 0.187656 0.0805731 0.0794801
 0.399859 0.265623 0.173548 0.0868746 0.0740958
 0.510259 0.280772 0.0924898 0.0604291 0.0560498
 0.40909 0.399563 0.109701 0.0361368 0.0455096
 0.573184 0.250754 0.11905 0.0326854 0.0243266
 0.477012 0.382787 0.0823681 0.0391057 0.0187274
 0.595307 0.264219 0.102817 0.0221241 0.015534
 0.487609 0.385283 0.0829868 0.0322931 0.0118278
 0.322113 0.447696 0.173088 0.0372817 0.0198212
 0.357468 0.320573 0.212631 0.0822073 0.0271208
 0.525635 0.255165 0.109363 0.072539 0.0372972
 0.532309 0.32878 0.0747215 0.0320255 0.032164
 0.572382 0.306636 0.085048 0.0193288 0.0166044
 0.560576 0.327005 0.0806135 0.0223588 0.0094467
 0.444267 0.403062 0.113613 0.0280078 0.0110503
 0.468228 0.330543 0.145947 0.0411386 0.0141428
 0.493733 0.325207 0.112545 0.0496927 0.0188224
 0.578747 0.280144 0.0906428 0.0313689 0.0190968
 0.535336 0.342157 0.0814708 0.0263605 0.0146763
 0.430954 0.397756 0.12613 0.0300327 0.0151275
 0.564004 0.263719 0.12042 0.0381856 0.0136722
 0.435872 0.408406 0.0941908 0.0430096 0.0185217
 0.318607 0.415896 0.19221 0.0443294 0.0289587
pobs_pel_tallas
 0 0 0 0 0 0 0 0 0 0 0 0 0 0 0 0 0 0 0 0 0 0 0 0 0 0 0 0 0 0 0 0 0 0 0 0
 0 0 0 0 0 0 0 0 0 0 0 0 0 0 0 0 0 0 0 0 0 0 0 0 0 0 0 0 0 0 0 0 0 0 0 0
 0 0 0 0 0 0 0 0 0 0 0 0 0 0 0 0 0 0 0 0 0 0 0 0 0 0 0 0 0 0 0 0 0 0 0 0
 0 0 0 0 0 0 0 0 0 0 0 0 0 0 0 0 0 0 0 0 0 0 0 0 0 0 0 0 0 0 0 0 0 0 0 0
 0 0 0 0 0 0 0 0 0 0 0 0 0 0 0 0 0 0 0 0 0 0 0 0 0 0 0 0 0 0 0 0 0 0 0 0
 0 0 0 0 0 0 0 0 0 0 0 0 0 0 0 0 0 0 0 0 0 0 0 0 0 0 0 0 0 0 0 0 0 0 0 0
 0 0 0 0 0 0 0 0 0 0 0 0 0 0 0 0 0 0 0 0 0 0 0 0 0 0 0 0 0 0 0 0 0 0 0 0
 0 0 0 0 0 0 0 0 0 0 0 0 0 0 0 0 0 0 0 0 0 0 0 0 0 0 0 0 0 0 0 0 0 0 0 0
 0 0 0 0 0 0 0 0 0 0 0 0 0 0 0 0 0 0 0 0 0 0 0 0 0 0 0 0 0 0 0 0 0 0 0 0
 0 0 0 0 0 0 0 0 0 0 0 0 0 0 0 0 0 0 0 0 0 0 0 0 0 0 0 0 0 0 0 0 0 0 0 0
 0 0 0 0 0 0 0 0 1.78061e-05 0.00172719 0.00360574 0.0105946 0.0120993 0.0124554 0.0147524 0.0171206 0.0266825 0.0428682 0.0675386 0.121331 0.153587 0.119568 0.100827 0.0573624 0.0630603 0.0341343 0.0324427 0.0444173 0.0211091 0.0280891 0.0125444 0.00206551 0 0 0 0
 0 0 0 0 0 0 0 0 0 0 0 0 0 0 0 0 0 0 0 0 0 0 0 0 0 0 0 0 0 0 0 0 0 0 0 0
 0 0 0 0 0 0 0.0133647 0.0140871 0.0187388 0.0205184 0.03894 0.0496705 0.03968 0.0493445 0.0407372 0.0367815 0.0215668 0.0243155 0.0234873 0.0199281 0.019796 0.0243948 0.0301388 0.0376714 0.0412746 0.0863199 0.0771752 0.113111 0.0741005 0.0525337 0.0229764 0.00759418 0.00175318 0 0 0
 0 0 0 0 0 0 0 0 0 0 0.00219441 0.00772107 0.0458388 0.0604681 0.0671733 0.0775358 0.0609151 0.0617685 0.073594 0.0568108 0.0755445 0.0548602 0.0670107 0.0636378 0.0643287 0.046367 0.0373049 0.0286899 0.0247887 0.0153202 0.00654259 0.00121912 0.000365735 0 0 0
 0 0 0 0 0 0 0 0 0 0 0 0 0.000112435 0.00938835 0.0111873 0.0202946 0.0414886 0.0713402 0.111592 0.104902 0.108894 0.110636 0.117776 0.105296 0.107544 0.0401394 0.0192827 0.0124803 0.00416011 0.0028671 0.000618394 0 0 0 0 0
 0 0 0 0 0 0 0 0 0 0 0.00291406 0.0102884 0.027416 0.0768956 0.0749926 0.110853 0.0956884 0.0897413 0.0766577 0.0534642 0.0500743 0.0551293 0.0594112 0.0620874 0.0668451 0.0424026 0.0208742 0.0120726 0.0048766 0.00582813 0.00118941 0.000297354 0 0 0 0
 0 0.00264628 0.0354308 0.0461629 0.0458689 0.0383711 0.0214643 0.0164657 0.0346957 0.0420465 0.0363128 0.0245516 0.0311673 0.0291091 0.0169068 0.0133784 0.00837989 0.0085269 0.0148486 0.0160247 0.0276389 0.0546898 0.0760071 0.122758 0.109233 0.0665981 0.0333725 0.0166128 0.00676272 0.00308733 0.000882094 0 0 0 0 0
 0 0 0 0 0 0 0 0.000805153 0.000690131 0.00759144 0.0133425 0.0154129 0.00931677 0.000345066 0.00356568 0.00563607 0.00851162 0.0253048 0.0502646 0.0516448 0.0657925 0.0565908 0.0611916 0.0827007 0.0866115 0.110766 0.145733 0.0935128 0.0569358 0.0249597 0.0138026 0.00621118 0.00161031 0.00115022 0 0
 0 0 0 0 0 0 0 0 0 0 0 0 0 0 0 0 0 0 0 0 0 0 0 0 0 0 0 0 0 0 0 0 0 0 0 0
 0.00147267 0.00158595 0.00478618 0.00569244 0.00954404 0.0108468 0.00647125 0.017049 0.0510054 0.094081 0.124002 0.0959785 0.0687766 0.0820023 0.061753 0.0591476 0.0492212 0.0479892 0.0443925 0.0268479 0.0217502 0.0140895 0.0121071 0.0120363 0.00920419 0.00665534 0.0049561 0.00860946 0.00930331 0.0156896 0.0114698 0.00855282 0.00243557 0.00046729 0 2.83206e-05
 0 0 0 0 0.000772559 0.00158375 0.000888443 0.00281984 0.00712685 0.0440552 0.0773331 0.111326 0.0921469 0.0852325 0.0710754 0.0886704 0.0786465 0.0553345 0.0373146 0.0185414 0.00753245 0.00457741 0.012979 0.0271748 0.0457355 0.0583668 0.034881 0.0177882 0.00938659 0.00492506 0.0015258 0.00185414 0.000309023 5.79419e-05 3.86279e-05 0
 0 0.00173294 0.00326652 0 0.00397197 0.00683976 0.00946217 0.0152591 0.00757587 0.0136028 0.0228656 0.0392903 0.0559909 0.0764795 0.0681675 0.0726916 0.0566044 0.0477403 0.0527397 0.0444891 0.0609904 0.0582453 0.0661739 0.0445044 0.0529084 0.0360697 0.0280645 0.0235558 0.0158879 0.00826598 0.00280645 0.00217768 0.000904811 0.00058276 9.20147e-05 0
 0 0 0 0 0 0 0 0 0 0 0 0 0 0 0 0 0 0 0 0 0 0 0 0 0 0 0 0 0 0 0 0 0 0 0 0
 0 0 0 0 0 0 0 0 0 0 0 0 0 0 0 0 0 0 0 0 0 0 0 0 0 0 0 0 0 0 0 0 0 0 0 0
 0 0 0 0 0 0 0 0 0 0 0 0 0 0 0 0 0 0 0 0 0 0 0 0 0 0 0 0 0 0 0 0 0 0 0 0
ppred_pel_tallas
 1.08675e-16 1.6022e-05 9.3995e-05 0.000446725 0.00171977 0.00536282 0.0135463 0.0277196 0.0459559 0.0617408 0.0672476 0.0594633 0.0428849 0.0256735 0.0136712 0.00809827 0.00733677 0.00943618 0.0131823 0.0179707 0.0234048 0.0290639 0.0344638 0.0391205 0.0426442 0.0448147 0.0456116 0.0451865 0.0437948 0.041713 0.0391724 0.0363278 0.0332635 0.030023 0.0266441 0.0231847
 1.0831e-16 1.51543e-05 8.88975e-05 0.000422484 0.00162643 0.00507172 0.0128111 0.0262154 0.0434637 0.0583972 0.0636179 0.0562826 0.0406537 0.0244634 0.0132554 0.00820603 0.00780709 0.0102287 0.0143223 0.0194942 0.0253217 0.0313367 0.0369999 0.0417764 0.0452436 0.0471754 0.047575 0.0466427 0.0446968 0.0420776 0.0390686 0.0358587 0.0325457 0.0291687 0.0257487 0.0223205
 1.09269e-16 1.21245e-05 7.11081e-05 0.000337906 0.00130078 0.00405618 0.0102459 0.0209671 0.0347654 0.0467196 0.0509208 0.0451077 0.0327089 0.019937 0.011266 0.00768576 0.00804198 0.0109142 0.0154037 0.0210174 0.0273525 0.0339255 0.0401652 0.0454995 0.0494684 0.0518152 0.0525217 0.0517766 0.0498947 0.0472181 0.0440372 0.0405507 0.0368709 0.033056 0.029151 0.025217
 1.08998e-16 1.74593e-05 0.000102438 0.000486874 0.00187438 0.00584496 0.0147641 0.0302108 0.0500837 0.067279 0.0732604 0.0647339 0.0465857 0.0276882 0.0143785 0.00795092 0.00660733 0.00819818 0.0114003 0.0155904 0.0204121 0.0255183 0.0305108 0.0349835 0.038596 0.0411352 0.0425407 0.0428856 0.0423257 0.0410386 0.0391759 0.0368435 0.0341106 0.0310333 0.0276811 0.0241514
 1.061e-16 2.22737e-05 0.000130702 0.000621242 0.00239172 0.00745828 0.0188392 0.0385489 0.0639043 0.0858375 0.09345 0.082529 0.059294 0.0350432 0.0178295 0.0092614 0.00699415 0.00823437 0.0112523 0.015231 0.0197232 0.0243267 0.0286058 0.032138 0.0345967 0.0358191 0.0358305 0.0348163 0.0330557 0.0308407 0.0284106 0.0259187 0.0234353 0.0209746 0.0185303 0.0161047
 1.05056e-16 1.78672e-05 0.00010482 0.000498174 0.00191784 0.00598045 0.0151065 0.0309124 0.0512502 0.0688563 0.0750049 0.0663396 0.0478806 0.0287363 0.0154298 0.00932922 0.0086317 0.0111515 0.0155052 0.0209659 0.0270149 0.0330915 0.0385645 0.0428257 0.0454174 0.0461318 0.0450492 0.0424959 0.0389444 0.0348911 0.0307518 0.0268049 0.0231861 0.0199217 0.016979 0.0143112
 1.04032e-16 2.50165e-05 0.000146807 0.000697812 0.00268655 0.00837768 0.0211615 0.0433002 0.0717788 0.0964087 0.104943 0.092641 0.0664769 0.0391229 0.0195996 0.00968341 0.00670985 0.0075178 0.0101578 0.0137317 0.0177862 0.0219454 0.0258097 0.0289892 0.0311768 0.0322102 0.032097 0.0309934 0.0291481 0.0268328 0.0242842 0.0216715 0.019095 0.0166038 0.0142217 0.0119681
 1.03513e-16 2.08282e-05 0.000122206 0.00058083 0.00223609 0.00697292 0.0176133 0.0360414 0.0597511 0.0802693 0.0874157 0.0772655 0.0556554 0.0331797 0.0174095 0.00989738 0.00849728 0.010625 0.0146533 0.0197545 0.0253847 0.0309897 0.0359584 0.0397077 0.0418057 0.042068 0.0405936 0.037723 0.0339402 0.0297511 0.0255796 0.0217094 0.0182765 0.015301 0.0127362 0.010514
 1.03032e-16 2.59817e-05 0.000152472 0.000724742 0.00279023 0.00870101 0.0219782 0.0449714 0.0745491 0.10013 0.108993 0.0962164 0.0690423 0.0406319 0.0203532 0.0100494 0.0069502 0.00776709 0.0104675 0.0141078 0.0182045 0.022354 0.0261302 0.0291229 0.0310166 0.0316567 0.0310763 0.0294712 0.0271379 0.024396 0.0215213 0.0187092 0.0160693 0.0136446 0.01144 0.00944784
 1.02966e-16 2.12905e-05 0.000124919 0.000593729 0.00228575 0.00712779 0.0180045 0.0368419 0.0610778 0.0820511 0.0893544 0.0789752 0.0568782 0.0338913 0.0177508 0.0100402 0.00856206 0.0106711 0.0147015 0.019807 0.0254338 0.0310204 0.0359485 0.0396296 0.0416283 0.0417607 0.0401306 0.0370877 0.0331285 0.0287728 0.0244586 0.0204814 0.0169855 0.0139952 0.0114628 0.00931503
 1.04811e-16 1.40768e-05 8.25625e-05 0.000392346 0.00151035 0.00470972 0.0118968 0.0243455 0.0403671 0.0542473 0.0591253 0.0523752 0.0379775 0.0231449 0.0130691 0.00889373 0.00926698 0.0125206 0.0175818 0.0238387 0.0307749 0.0377766 0.0441339 0.0491523 0.0522976 0.053309 0.0522451 0.0494415 0.0454056 0.0406844 0.0357515 0.0309428 0.026448 0.0223416 0.018632 0.0153036
 1.07215e-16 1.56133e-05 9.15947e-05 0.000435312 0.00167583 0.00522577 0.0132001 0.0270113 0.0447822 0.0601652 0.0655351 0.0579574 0.0418174 0.025072 0.0134203 0.00805982 0.00742367 0.0096207 0.0134751 0.0184004 0.0240053 0.029866 0.0354873 0.0403662 0.0440865 0.0463966 0.0472441 0.0467535 0.0451637 0.042751 0.0397648 0.0363958 0.0327774 0.0290071 0.0251741 0.0213758
 1.05871e-16 2.29432e-05 0.000134635 0.000639944 0.00246374 0.00768286 0.0194064 0.0397093 0.065827 0.0884172 0.0962508 0.0849841 0.0610179 0.0359817 0.0181594 0.00919398 0.00665746 0.00766459 0.010436 0.0141474 0.0183716 0.0227415 0.0268611 0.0303421 0.0328768 0.0342992 0.034609 0.0339477 0.0325427 0.0306378 0.0284373 0.0260784 0.0236345 0.0211377 0.0186084 0.0160769
 1.03772e-16 2.32372e-05 0.000136354 0.000648102 0.00249512 0.00778072 0.0196537 0.0402158 0.0666684 0.0895531 0.0975021 0.0861243 0.0619133 0.0366635 0.0187856 0.00996774 0.00777123 0.00928143 0.0126799 0.0170827 0.021972 0.0268629 0.0312312 0.0345777 0.0365309 0.0369296 0.0358523 0.0335823 0.0305233 0.0270965 0.0236527 0.0204241 0.0175195 0.0149525 0.0126842 0.010662
 1.02748e-16 2.49838e-05 0.00014661 0.000696863 0.00268287 0.00836621 0.0211326 0.0432415 0.0716829 0.0962845 0.10482 0.0925608 0.0664813 0.0392498 0.0198919 0.0102013 0.00753413 0.00874064 0.0118624 0.0159652 0.020531 0.0250966 0.0291675 0.0322722 0.0340574 0.0343662 0.0332667 0.0310209 0.0280079 0.0246283 0.0212222 0.0180227 0.0151494 0.0126316 0.0104453 0.00854763
 1.02461e-16 2.44698e-05 0.00014359 0.000682503 0.00262758 0.00819377 0.020697 0.0423505 0.0702067 0.094304 0.10267 0.0906771 0.0651604 0.0385344 0.0196482 0.0102696 0.00781982 0.00922077 0.012553 0.0168884 0.0216931 0.0264754 0.0307071 0.0338858 0.0356383 0.0358033 0.0344627 0.0319074 0.0285541 0.0248415 0.0211417 0.0177089 0.0146715 0.0120575 0.00983419 0.00794586
 1.03223e-16 1.94013e-05 0.000113827 0.000540989 0.00208268 0.00649452 0.016405 0.0335692 0.055654 0.0747698 0.0814384 0.0720106 0.0519317 0.0310833 0.0165362 0.00975954 0.00877811 0.0112033 0.0155251 0.0209579 0.0269563 0.0329422 0.0382698 0.0423183 0.0446223 0.044974 0.0434634 0.0404362 0.0363938 0.0318671 0.0273092 0.0230331 0.019202 0.0158597 0.0129779 0.0105008
 1.04254e-16 2.04433e-05 0.00011995 0.000570116 0.00219485 0.00684434 0.0172885 0.0353764 0.0586474 0.0787834 0.0857886 0.0758066 0.0545593 0.0324364 0.0168572 0.00933274 0.00774701 0.00956294 0.0131985 0.0178772 0.0231224 0.0284627 0.0333725 0.037337 0.0399544 0.0410189 0.0405542 0.0387843 0.0360589 0.0327585 0.0292152 0.0256677 0.0222566 0.019047 0.0160627 0.013315
 1.04291e-16 2.15551e-05 0.000126478 0.000601152 0.00231436 0.007217 0.0182298 0.0373023 0.0618394 0.0830688 0.0904485 0.0799086 0.0574774 0.0341023 0.0175955 0.0095367 0.00767956 0.00933574 0.0128296 0.0173447 0.0223934 0.0275067 0.0321684 0.0358788 0.0382546 0.0391101 0.0384886 0.0366312 0.0338986 0.0306758 0.0272907 0.0239695 0.020833 0.0179223 0.015236 0.0127628
 1.03349e-16 2.52602e-05 0.000148235 0.000704596 0.00271266 0.00845909 0.0213672 0.0437213 0.0724775 0.0973492 0.105972 0.0935624 0.067166 0.0395842 0.0199331 0.0100144 0.00714432 0.00813221 0.0110016 0.0148251 0.0191114 0.0234373 0.0273537 0.0304297 0.0323381 0.0329245 0.032235 0.0304879 0.0280062 0.025133 0.0221598 0.0192872 0.0166202 0.0141905 0.0119892 0.00999607
 1.0286e-16 2.33698e-05 0.000137131 0.000651793 0.00250933 0.00782501 0.0197656 0.0404448 0.0670485 0.0900646 0.0980617 0.0866247 0.0622864 0.0369113 0.0189619 0.0101403 0.0079979 0.00960543 0.013132 0.0176809 0.0227171 0.0277328 0.0321778 0.0355281 0.0373946 0.0376094 0.0362585 0.0336449 0.0302021 0.0263853 0.0225787 0.0190428 0.0159068 0.0131956 0.0108728 0.00887978
 1.03659e-16 1.88206e-05 0.000110418 0.000524784 0.00202029 0.00629996 0.0159135 0.0325636 0.0539871 0.0725312 0.0790023 0.0698616 0.0503932 0.0301852 0.0161005 0.00956893 0.00868038 0.0111235 0.0154379 0.0208637 0.0268706 0.0328925 0.0382939 0.0424612 0.0449298 0.0454857 0.0442045 0.0414118 0.0375861 0.0332367 0.0287997 0.0245787 0.0207358 0.017321 0.0143182 0.0116869
 1.03747e-16 2.46168e-05 0.000144459 0.000686645 0.00264355 0.00824358 0.0208228 0.0426073 0.0706307 0.0948682 0.10327 0.091174 0.0654453 0.0385583 0.0193956 0.00971249 0.00689473 0.00783679 0.0106205 0.0143545 0.0185768 0.0228937 0.0268835 0.0301356 0.032328 0.0332927 0.0330431 0.0317502 0.0296842 0.0271401 0.0243749 0.0215737 0.018846 0.0162446 0.0137928 0.0115061
 1.03814e-16 1.90354e-05 0.000111678 0.000530773 0.00204335 0.00637186 0.0160952 0.0329353 0.0546034 0.0733595 0.0799052 0.0706617 0.0509739 0.0305399 0.0163013 0.00970459 0.00881678 0.0112974 0.0156643 0.021141 0.0271811 0.0332018 0.0385527 0.0426109 0.044913 0.0452582 0.043747 0.040737 0.0367391 0.0322888 0.0278359 0.0236831 0.0199781 0.0167467 0.0139448 0.0115056
 1.05741e-16 1.39226e-05 8.16602e-05 0.000388063 0.00149387 0.00465833 0.011767 0.0240796 0.0399255 0.0536518 0.0584708 0.0517823 0.0375192 0.0228096 0.0127805 0.00855445 0.00878755 0.0118279 0.0166223 0.0225854 0.0292403 0.0360241 0.042282 0.0473667 0.0507706 0.05223 0.0517681 0.0496589 0.0463335 0.0422627 0.0378576 0.0334148 0.0291101 0.0250273 0.0212012 0.0176522
pSPR Fmed_Fpbrs
0.629635   0.254687 0.254687
Fs Fmed_Fpbrs
0.248514   1.005 1.005
SSBpbr Bo_Bmed_Bpbrs
1.11346e+06  645401  227911 227911
Ro
44355.9
SPR SPRFo_SPRFmed_SPRFpbrs
914153 575583 232823
log_Ro
10.52
likeval ReclasPelacesDesembMPH_pf_preclas_ppelaces_ptallas_desvR_qrecl_qpela
 124.395 72.8123 0.0403104 0.000781833 312.184 211.075 74.7395 0 12.4751 0 0 0 0 0 0
q_reclas_q_pelaces
1 1
M
0.7
N
 57325.6 26370.5 13095.2 6502.88 6414.66
 48681.5 26570.5 11408.5 5665.27 5588.42
 27853.4 22171.6 11098.7 4765.38 4700.73
 32828.5 11352.9 7417.54 3713.08 3166.9
 55867.6 15528.5 5115.27 3342.11 3099.91
 48891.6 27403.7 7523.75 2478.42 3121.24
 86784.3 20565.2 9763.71 2680.65 1995.11
 83989.2 39133.1 8420.67 3997.86 1914.54
 135679 34833.4 13554.9 2916.74 2047.93
 128739 56526.5 12175.3 4737.85 1735.31
 64514.8 56292 21763.6 4687.7 2492.27
 43567.5 24353.7 16153.4 6245.23 2060.35
 49570.6 16588.4 7109.77 4715.79 2424.71
 32033.5 16717.8 3799.43 1628.43 1635.47
 21044 8454.07 2344.8 532.901 457.789
 18608.3 6412.64 1580.85 438.461 185.252
 14603.3 7558.31 2130.49 525.209 207.217
 15915.8 6186.43 2731.54 769.947 264.695
 19597.9 7036.85 2435.25 1075.25 407.281
 33460.1 8769.74 2837.51 981.982 597.812
 45480.8 15095.2 3594.31 1162.97 647.485
 44402 21578 6842.46 1629.26 820.655
 82917.4 20717.9 9460.23 2999.87 1074.09
 75907.9 38006.4 8765.42 4002.49 1723.63
 49657 34793.9 16080.3 3708.6 2422.69
pred_Ctot
 2757.56 2462.27 1222.73 607.188 598.951
 2915.26 3065.7 1316.3 653.657 644.79
 3630.78 5321.92 2664.05 1143.85 1128.33
 1123.6 760.831 497.096 248.837 212.234
 491.726 271.874 89.5587 58.514 54.2735
 5429.86 5674.97 1558.08 513.249 646.371
 5770.91 2623.83 1245.71 342.012 254.548
 10059.5 8690.5 1870.02 887.826 425.172
 15872.5 7569.39 2945.51 633.815 445.02
 11142.9 9268.1 1996.27 776.819 284.521
 11304.1 17632.6 6817.1 1468.35 780.663
 7421.08 7440 4934.83 1907.9 629.431
 11695 6714.92 2878 1908.93 981.513
 11189.1 9250.92 2102.45 901.106 905.001
 6012.67 4003.72 1110.46 252.374 216.802
 2464.72 1561.9 385.039 106.794 45.1208
 1557.1 1507.07 424.803 104.723 41.3176
 1263.65 934.7 412.704 116.33 39.9924
 1402.02 962.79 333.194 147.117 55.7246
 2214.39 1113.78 360.372 124.715 75.9238
 1462.3 951.546 226.572 73.3092 40.8151
 1935.31 1830.77 580.542 138.233 69.6277
 4610.94 2225.76 1016.33 322.282 115.392
 4220.59 4082.58 941.565 429.94 185.15
 2941.19 3972.29 1835.83 423.398 276.59
F
 0.068945 0.13789 0.13789 0.13789 0.13789
 0.0864888 0.172978 0.172978 0.172978 0.172978
 0.197482 0.394964 0.394964 0.394964 0.394964
 0.0486216 0.0972431 0.0972431 0.0972431 0.0972431
 0.0123054 0.0246108 0.0246108 0.0246108 0.0246108
 0.166003 0.332007 0.332007 0.332007 0.332007
 0.0964568 0.192914 0.192914 0.192914 0.192914
 0.180111 0.360223 0.360223 0.360223 0.360223
 0.175581 0.351163 0.351163 0.351163 0.351163
 0.127235 0.25447 0.25447 0.25447 0.25447
 0.274211 0.548421 0.548421 0.548421 0.548421
 0.265607 0.531214 0.531214 0.531214 0.531214
 0.386927 0.773854 0.773854 0.773854 0.773854
 0.632135 1.26427 1.26427 1.26427 1.26427
 0.488344 0.976687 0.976687 0.976687 0.976687
 0.20096 0.401921 0.401921 0.401921 0.401921
 0.158892 0.317784 0.317784 0.317784 0.317784
 0.116154 0.232308 0.232308 0.232308 0.232308
 0.104116 0.208232 0.208232 0.208232 0.208232
 0.0959769 0.191954 0.191954 0.191954 0.191954
 0.0456146 0.0912293 0.0912293 0.0912293 0.0912293
 0.062289 0.124578 0.124578 0.124578 0.124578
 0.0800907 0.160181 0.160181 0.160181 0.160181
 0.0800796 0.160159 0.160159 0.160159 0.160159
 0.0855074 0.171015 0.171015 0.171015 0.171015
nmprior
 10 11 7 0
nm_flota  nm_reclas  nm_pelaces    nm_pelaL
inf 12.0938 11.9848 19.6949
cv_recla  cv_pelaces  cv_mph
1.00885 1.00408 0.907184
 ------------------------------------------------
Talla a la edad & desviación 
 7.2 14.2025 17.0495 18.207 18.6776
 1.08 2.13037 2.55742 2.73105 2.80164
