years
 1997 1998 1999 2000 2001 2002 2003 2004 2005 2006 2007 2008 2009 2010 2011 2012 2013 2014 2015 2016 2017 2018 2019 2020 2021
reclasobs
 0 0 0 370054 412103 1.49427e+06 250295 1.28982e+06 931140 785840 897777 1.04006e+06 184774 17550 25797 100020 73551 82996 120727 218422 84188 347160 605670 569463 516374
reclaspred
 1.3857e+06 252101 497580 178972 284054 363530 745073 635658 682169 866040 909443 686438 387823 150422 85281.9 77099.1 81612.9 110387 129413 135706 207528 217350 345456 362421 318507
pelacesobs
 0 0 0 0 0 0 0 0 0 2.06254e+06 1.5e+06 0 1.87456e+06 323000 250000 174000 83755 137374 0 501740 490994 745055 786931 1.00524e+06 0
pelacespred
 3.74079e+06 1.26591e+06 702452 639698 916879 777519 2.10394e+06 1.88364e+06 1.8381e+06 2.51204e+06 2.23276e+06 1.8021e+06 955596 283559 159901 163184 178215 263579 321611 314509 596530 627097 719004 863854 722920
mphobs
 0 0 0 0 0 112323 0 153150 637223 0 255016 313432 73983 77613 109348 50772 0 0 0 0 0 0 0 0 0
mphpred
 376801 157693 146551 72312.1 65309.4 147238 171589 285610 256664 287454 382527 281815 174461 94610.9 45593.4 31843.3 29159.9 35849 46707.2 44861.5 59990.2 79864 94321.3 117343 134651
desembarqueobs
 350755 77701 442110 56441 14545 235359 269955 359681 431902 328805 639364 411747 362871 311530 167758 66681 60226 58785 57116 71774 51957 67425 138520 160799 200461
desembarquepred
 350733 77667.4 441622 56425.8 14544.2 235271 269940 359215 431526 328578 638414 411185 362272 311030 167270 66622.5 60208.5 58718.2 57046.3 71708.9 51946.7 67370.6 138435 160729 200408
Reclutas
 19365.6 44037.5 5859.57 10321.7 38880.9 17229.9 63055 58974.6 70219.2 114058 71608.6 47399.2 51468.2 29494.9 12534.6 9700.85 7540.01 9241.32 7862.75 10290.7 16409.2 19580.8 28043.6 30572.6 2269.14
log_desv_Rt
 -0.108745 0.712797 -1.30417 -0.737994 0.588258 -0.225601 1.07176 1.00486 1.17938 1.66446 1.19897 0.786361 0.86872 0.311974 -0.543752 -0.800031 -1.05202 -0.84856 -1.01011 -0.741001 -0.274402 -0.0976939 0.261517 0.347858 -2.25284
SSB
 584406 244576 227295 112154 101293 228362 266129 442972 398077 445832 593287 437086 270584 146738 70713.9 49388 45226 55600.6 72441.4 69578.7 93042.9 123866 146289 181995 208839
BT
 1.23202e+06 378120 393790 193178 294763 349765 1.08042e+06 994903 1.06675e+06 1.19009e+06 1.2399e+06 872227 689272 397757 202229 108991 110206 136836 128501 149392 229708 203964 271013 362096 287385
Ftot
 0.659452 0.930763 1.99061 0.846396 0.19257 1.58806 1.31003 1.76157 1.98323 1.31524 1.91922 1.59716 2.62325 4.95303 4.95303 2.4507 2.20416 1.6619 1.21456 1.51513 0.796447 0.874227 1.10366 1.27087 1.43369
BD_Bspro_t
 0.929839 0.633041 0.514565 0.211192 0.29492 0.533212 0.42507 0.506009 0.433903 0.418747 0.452469 0.315755 0.222629 0.148297 0.0872139 0.075918 0.0964369 0.15925 0.242089 0.280962 0.374912 0.507872 0.506024 0.482712 0.421992
BD_Bspro
 1.31337 0.549651 0.510815 0.25205 0.227641 0.513212 0.598087 0.995519 0.894622 1.00195 1.33333 0.98229 0.6081 0.329774 0.15892 0.110993 0.101639 0.124955 0.162802 0.156369 0.209101 0.278373 0.328765 0.409008 0.469336
BD_Bo
 0.79452 0.332509 0.309016 0.152477 0.137711 0.310466 0.361811 0.602236 0.541199 0.606123 0.806594 0.594233 0.367868 0.199496 0.0961379 0.0671446 0.0614863 0.0755908 0.0984865 0.0945946 0.126495 0.168401 0.198885 0.247428 0.283923
BD_Brms
 1.44458 0.604562 0.561847 0.27723 0.250383 0.564483 0.657838 1.09497 0.983998 1.10204 1.46653 1.08042 0.668851 0.362719 0.174796 0.122081 0.111793 0.137438 0.179066 0.17199 0.229991 0.306183 0.361609 0.449869 0.516224
S_f
 0.0787228 0.64182 0.974077 0.998733 0.999939
 0.0787228 0.64182 0.974077 0.998733 0.999939
 0.0787228 0.64182 0.974077 0.998733 0.999939
 0.0787228 0.64182 0.974077 0.998733 0.999939
 0.0787228 0.64182 0.974077 0.998733 0.999939
 0.0787228 0.64182 0.974077 0.998733 0.999939
 0.0787228 0.64182 0.974077 0.998733 0.999939
 0.0787228 0.64182 0.974077 0.998733 0.999939
 0.0787228 0.64182 0.974077 0.998733 0.999939
 0.0787228 0.64182 0.974077 0.998733 0.999939
 0.0787228 0.64182 0.974077 0.998733 0.999939
 0.0787228 0.64182 0.974077 0.998733 0.999939
 0.0787228 0.64182 0.974077 0.998733 0.999939
 0.0787228 0.64182 0.974077 0.998733 0.999939
 0.0787228 0.64182 0.974077 0.998733 0.999939
 0.0787228 0.64182 0.974077 0.998733 0.999939
 0.0787228 0.64182 0.974077 0.998733 0.999939
 0.0787228 0.64182 0.974077 0.998733 0.999939
 0.0787228 0.64182 0.974077 0.998733 0.999939
 0.0787228 0.64182 0.974077 0.998733 0.999939
 0.0787228 0.64182 0.974077 0.998733 0.999939
 0.0787228 0.64182 0.974077 0.998733 0.999939
 0.0787228 0.64182 0.974077 0.998733 0.999939
 0.0787228 0.64182 0.974077 0.998733 0.999939
 0.0787228 0.64182 0.974077 0.998733 0.999939
Scru_reclas
 0.233936 0.605807 0.885509 0.974952 0.994921
 0.233936 0.605807 0.885509 0.974952 0.994921
 0.233936 0.605807 0.885509 0.974952 0.994921
 0.233936 0.605807 0.885509 0.974952 0.994921
 0.233936 0.605807 0.885509 0.974952 0.994921
 0.233936 0.605807 0.885509 0.974952 0.994921
 0.233936 0.605807 0.885509 0.974952 0.994921
 0.233936 0.605807 0.885509 0.974952 0.994921
 0.233936 0.605807 0.885509 0.974952 0.994921
 0.233936 0.605807 0.885509 0.974952 0.994921
 0.233936 0.605807 0.885509 0.974952 0.994921
 0.233936 0.605807 0.885509 0.974952 0.994921
 0.233936 0.605807 0.885509 0.974952 0.994921
 0.233936 0.605807 0.885509 0.974952 0.994921
 0.233936 0.605807 0.885509 0.974952 0.994921
 0.233936 0.605807 0.885509 0.974952 0.994921
 0.233936 0.605807 0.885509 0.974952 0.994921
 0.233936 0.605807 0.885509 0.974952 0.994921
 0.233936 0.605807 0.885509 0.974952 0.994921
 0.233936 0.605807 0.885509 0.974952 0.994921
 0.233936 0.605807 0.885509 0.974952 0.994921
 0.233936 0.605807 0.885509 0.974952 0.994921
 0.233936 0.605807 0.885509 0.974952 0.994921
 0.233936 0.605807 0.885509 0.974952 0.994921
 0.233936 0.605807 0.885509 0.974952 0.994921
Scru_pelaces
 0.191315 0.543503 0.856976 0.967902 0.993454
 0.191315 0.543503 0.856976 0.967902 0.993454
 0.191315 0.543503 0.856976 0.967902 0.993454
 0.191315 0.543503 0.856976 0.967902 0.993454
 0.191315 0.543503 0.856976 0.967902 0.993454
 0.191315 0.543503 0.856976 0.967902 0.993454
 0.191315 0.543503 0.856976 0.967902 0.993454
 0.191315 0.543503 0.856976 0.967902 0.993454
 0.191315 0.543503 0.856976 0.967902 0.993454
 0.191315 0.543503 0.856976 0.967902 0.993454
 0.191315 0.543503 0.856976 0.967902 0.993454
 0.191315 0.543503 0.856976 0.967902 0.993454
 0.191315 0.543503 0.856976 0.967902 0.993454
 0.191315 0.543503 0.856976 0.967902 0.993454
 0.191315 0.543503 0.856976 0.967902 0.993454
 0.191315 0.543503 0.856976 0.967902 0.993454
 0.191315 0.543503 0.856976 0.967902 0.993454
 0.191315 0.543503 0.856976 0.967902 0.993454
 0.191315 0.543503 0.856976 0.967902 0.993454
 0.191315 0.543503 0.856976 0.967902 0.993454
 0.191315 0.543503 0.856976 0.967902 0.993454
 0.191315 0.543503 0.856976 0.967902 0.993454
 0.191315 0.543503 0.856976 0.967902 0.993454
 0.191315 0.543503 0.856976 0.967902 0.993454
 0.191315 0.543503 0.856976 0.967902 0.993454
pf_obs 
 0.256992 0.487395 0.22802 0.0275931 0
 0.321318 0.546541 0.124235 0.00734118 0.000564706
 0.182869 0.594174 0.210203 0.0122559 0.00049798
 0.330522 0.361315 0.267642 0.0388342 0.00168674
 0.649043 0.306663 0.0425973 0.00169635 0
 0.582887 0.30429 0.105238 0.00758474 0
 0.465427 0.430635 0.0974691 0.00646863 0
 0.296916 0.608066 0.0921331 0.00288517 0
 0.311714 0.524322 0.152257 0.0117073 0
 0.15457 0.633149 0.183074 0.0267441 0.00246327
 0.131901 0.49318 0.331252 0.0422183 0.00144891
 0.196976 0.569456 0.194076 0.0375587 0.00193317
 0.518974 0.381816 0.0799577 0.0180837 0.00116848
 0.0928022 0.601141 0.25162 0.0475244 0.00691264
 0.122501 0.610282 0.24278 0.0234846 0.000952079
 0.383417 0.481906 0.127806 0.00687128 0
 0.0376549 0.599619 0.316969 0.0457579 0
 0.0361596 0.667082 0.258105 0.0386534 0
 0.158088 0.579412 0.248529 0.0139706 0
 0.0477256 0.309471 0.559284 0.082774 0.000745712
 0.0406174 0.521527 0.379366 0.0568643 0.0016247
 0.151134 0.462217 0.34131 0.0453401 0
 0.294876 0.26143 0.354403 0.0886775 0.000613685
 0.281977 0.475581 0.204845 0.0348837 0.00271318
 0 0 0 0 0
pf_pred 
 0.0984952 0.604663 0.262564 0.034271 7.12881e-06
 0.263596 0.358406 0.293658 0.0748913 0.00944928
 0.0422144 0.774279 0.1165 0.0525057 0.0145008
 0.18748 0.301897 0.464459 0.0299355 0.0162293
 0.421284 0.40402 0.0892712 0.0779614 0.00746346
 0.118554 0.747985 0.104723 0.0148812 0.0138573
 0.457924 0.331677 0.194194 0.0128556 0.00334932
 0.256737 0.679271 0.0485177 0.0143316 0.00114204
 0.297714 0.572382 0.124674 0.00401738 0.00121333
 0.351213 0.554985 0.0855187 0.00796836 0.000315103
 0.183163 0.700137 0.107581 0.0083468 0.000772243
 0.169847 0.625108 0.191263 0.0127605 0.00102115
 0.279118 0.531544 0.164171 0.0235546 0.00161223
 0.273972 0.652705 0.0651254 0.00717412 0.00102279
 0.262996 0.703319 0.0330305 0.000588669 6.53006e-05
 0.308933 0.652981 0.0377624 0.000318301 5.55639e-06
 0.247565 0.663003 0.087514 0.00190341 1.52441e-05
 0.302466 0.580379 0.111124 0.00590931 0.000121628
 0.209899 0.663232 0.116019 0.010319 0.00053156
 0.268601 0.537233 0.176759 0.0159764 0.00142993
 0.302292 0.564492 0.113486 0.01804 0.00169091
 0.232556 0.603571 0.14452 0.0165739 0.0027783
 0.263904 0.53961 0.170661 0.0228764 0.00294905
 0.236185 0.601471 0.136161 0.0228647 0.00331767
 0.021132 0.754352 0.197514 0.0228096 0.00419256
pobs_RECLAS
 0 0 0 0 0
 0 0 0 0 0
 0 0 0 0 0
 0 0 0 0 0
 0.835266 0.146461 0.0176864 0.000547809 3.91292e-05
 0.385257 0.428462 0.181853 0.0044286 0
 0.867414 0.0963971 0.0333333 0.00285562 0
 0.441836 0.489002 0.0689373 0.000224442 0
 0.779404 0.147425 0.0564933 0.0165055 0.000172143
 0.814271 0.122319 0.05973 0.00367925 0
 0.40263 0.566651 0.0304383 0.000280538 0
 0.475488 0.404961 0.113038 0.00651328 0
 0.955842 0.0263864 0.0167828 0.000988607 0
 0.975058 0.0227948 0.00214734 0 0
 0.738997 0.206755 0.0527124 0.00153531 0
 0.850938 0.134255 0.0134407 0.00136685 0
 0.542534 0.407297 0.0501686 0 0
 0.764087 0.199537 0.0359546 0.000420521 0
 0.470689 0.182191 0.310203 0.0369168 0
 0.84361 0.089868 0.0606195 0.00523954 0.000663233
 0.607945 0.314616 0.071237 0.00620181 0
 0.523733 0.453247 0.0230204 0 0
 0.530135 0.295979 0.169645 0.0042399 0
 0.562478 0.366248 0.0663022 0.0049721 0
 0.250443 0.683176 0.0655157 0.000865301 0
ppred_RECLAS
 0.264633 0.501481 0.205173 0.0287061 6.08567e-06
 0.548108 0.226439 0.172344 0.0470577 0.00605084
 0.138981 0.712724 0.0918752 0.0440314 0.0123886
 0.439818 0.216306 0.310589 0.0214409 0.0118463
 0.69805 0.211179 0.0447383 0.0419403 0.00409228
 0.320315 0.585464 0.0727381 0.0110237 0.0104593
 0.74714 0.160221 0.0850286 0.00601408 0.00159663
 0.549904 0.415325 0.0259445 0.00816351 0.000662786
 0.608691 0.327425 0.0611435 0.00209521 0.000644665
 0.649467 0.303734 0.0424069 0.00422161 0.000170112
 0.448169 0.482165 0.0638943 0.00527436 0.000497149
 0.420749 0.448271 0.121621 0.0086534 0.000705572
 0.608686 0.303735 0.0753484 0.011434 0.000797085
 0.67439 0.305222 0.0180395 0.00205095 0.000297444
 0.656831 0.333696 0.00928303 0.000170749 1.9268e-05
 0.628425 0.35464 0.0167826 0.000149849 2.66439e-06
 0.550481 0.40375 0.0447281 0.00103269 8.42502e-06
 0.605634 0.334591 0.0565049 0.00320304 6.71711e-05
 0.474509 0.447 0.0713499 0.00678409 0.000356116
 0.564315 0.328924 0.096595 0.00931606 0.000849599
 0.588338 0.336536 0.0633141 0.0107823 0.00102997
 0.501679 0.396999 0.0885837 0.0108796 0.00185862
 0.548886 0.337188 0.0980239 0.0140555 0.00184645
 0.514461 0.389007 0.0800437 0.0143644 0.00212389
 0.0699655 0.732541 0.172275 0.0212401 0.00397809
pobs_PELACES
 0 0 0 0 0
 0 0 0 0 0
 0 0 0 0 0
 0 0 0 0 0
 0 0 0 0 0
 0 0 0 0 0
 0 0 0 0 0
 0 0 0 0 0
 0 0 0 0 0
 0 0 0 0 0
 0.450072 0.473896 0.0757376 0.000293798 0
 0 0 0 0 0
 0.463077 0.371075 0.160297 0.00555027 0
 0.529543 0.364841 0.0842815 0.0213345 0
 0.631943 0.363953 0.00410389 0 0
 0.735681 0.248677 0.0153453 0.000297389 0
 0.695825 0.281241 0.0229344 0 0
 0.275771 0.60734 0.115278 0.00161068 0
 0 0 0 0 0
 0.896147 0.0623911 0.0374545 0.00400742 0
 0.803859 0.145111 0.0509908 3.86294e-05 0
 0.739449 0.233085 0.0266225 0.000797448 4.60066e-05
 0.878498 0.100942 0.0204185 0.000141795 0
 0.694673 0.275183 0.0284847 0.00165964 0
 0 0 0 0 0
ppred_PELACES
 0.270126 0.496791 0.20396 0.0291167 6.20687e-06
 0.570586 0.217525 0.161264 0.0448289 0.00579553
 0.178881 0.695184 0.0777134 0.0375923 0.0106298
 0.458092 0.211183 0.298112 0.0209662 0.0116473
 0.681475 0.218217 0.0488266 0.0468814 0.00460057
 0.368839 0.550576 0.0619964 0.00951466 0.00907409
 0.778702 0.143609 0.0712125 0.00511215 0.00136434
 0.609071 0.363767 0.0202072 0.00642962 0.000524672
 0.676882 0.276308 0.0447819 0.00154897 0.000478982
 0.685074 0.275263 0.0358897 0.00362607 0.000146884
 0.517967 0.427945 0.0495647 0.0041321 0.000391442
 0.476496 0.413902 0.101676 0.00732534 0.000600367
 0.706864 0.237658 0.0477008 0.00726862 0.000509116
 0.829149 0.163997 0.00607434 0.000680456 9.90614e-05
 0.81568 0.181099 0.00315725 5.722e-05 6.48158e-06
 0.710186 0.278835 0.01088 9.7687e-05 1.74529e-06
 0.630711 0.336928 0.0316196 0.000735576 6.03059e-06
 0.659383 0.293453 0.0445536 0.00255599 5.38769e-05
 0.509799 0.420398 0.0633607 0.00611926 0.000322924
 0.615085 0.296791 0.079629 0.00778157 0.000713342
 0.602055 0.325823 0.0605946 0.0105173 0.00101016
 0.520022 0.38375 0.0839253 0.0104987 0.00180332
 0.579153 0.317931 0.0883378 0.0128775 0.00170077
 0.553104 0.362299 0.0699565 0.0127459 0.00189455
 0.0833988 0.733875 0.159093 0.0198881 0.00374432
pobs_pel_tallas
 0 0 0 0 0 0 0 0 0 0 0 0 0 0 0 0 0 0 0 0 0 0 0 0 0 0 0 0 0 0 0 0 0 0 0 0
 0 0 0 0 0 0 0 0 0 0 0 0 0 0 0 0 0 0 0 0 0 0 0 0 0 0 0 0 0 0 0 0 0 0 0 0
 0 0 0 0 0 0 0 0 0 0 0 0 0 0 0 0 0 0 0 0 0 0 0 0 0 0 0 0 0 0 0 0 0 0 0 0
 0 0 0 0 0 0 0 0 0 0 0 0 0 0 0 0 0 0 0 0 0 0 0 0 0 0 0 0 0 0 0 0 0 0 0 0
 0 0 0 0 0 0 0 0 0 0 0 0 0 0 0 0 0 0 0 0 0 0 0 0 0 0 0 0 0 0 0 0 0 0 0 0
 0 0 0 0 0 0 0 0 0 0 0 0 0 0 0 0 0 0 0 0 0 0 0 0 0 0 0 0 0 0 0 0 0 0 0 0
 0 0 0 0 0 0 0 0 0 0 0 0 0 0 0 0 0 0 0 0 0 0 0 0 0 0 0 0 0 0 0 0 0 0 0 0
 0 0 0 0 0 0 0 0 0 0 0 0 0 0 0 0 0 0 0 0 0 0 0 0 0 0 0 0 0 0 0 0 0 0 0 0
 0 0 0 0 0 0 0 0 0 0 0 0 0 0 0 0 0 0 0 0 0 0 0 0 0 0 0 0 0 0 0 0 0 0 0 0
 0 0 0 0 0 0 0 0 0 0 0 0 0 0 0 0 0 0 0 0 0 0 0 0 0 0 0 0 0 0 0 0 0 0 0 0
 0 0 0 0 0 0 0 0 1.78061e-05 0.00172719 0.00360574 0.0105946 0.0120993 0.0124554 0.0147524 0.0171206 0.0266825 0.0428682 0.0675386 0.121331 0.153587 0.119568 0.100827 0.0573624 0.0630603 0.0341343 0.0324427 0.0444173 0.0211091 0.0280891 0.0125444 0.00206551 0 0 0 0
 0 0 0 0 0 0 0 0 0 0 0 0 0 0 0 0 0 0 0 0 0 0 0 0 0 0 0 0 0 0 0 0 0 0 0 0
 0 0 0 0 0 0 0.0133647 0.0140871 0.0187388 0.0205184 0.03894 0.0496705 0.03968 0.0493445 0.0407372 0.0367815 0.0215668 0.0243155 0.0234873 0.0199281 0.019796 0.0243948 0.0301388 0.0376714 0.0412746 0.0863199 0.0771752 0.113111 0.0741005 0.0525337 0.0229764 0.00759418 0.00175318 0 0 0
 0 0 0 0 0 0 0 0 0 0 0.00219441 0.00772107 0.0458388 0.0604681 0.0671733 0.0775358 0.0609151 0.0617685 0.073594 0.0568108 0.0755445 0.0548602 0.0670107 0.0636378 0.0643287 0.046367 0.0373049 0.0286899 0.0247887 0.0153202 0.00654259 0.00121912 0.000365735 0 0 0
 0 0 0 0 0 0 0 0 0 0 0 0 0.000112435 0.00938835 0.0111873 0.0202946 0.0414886 0.0713402 0.111592 0.104902 0.108894 0.110636 0.117776 0.105296 0.107544 0.0401394 0.0192827 0.0124803 0.00416011 0.0028671 0.000618394 0 0 0 0 0
 0 0 0 0 0 0 0 0 0 0 0.00291406 0.0102884 0.027416 0.0768956 0.0749926 0.110853 0.0956884 0.0897413 0.0766577 0.0534642 0.0500743 0.0551293 0.0594112 0.0620874 0.0668451 0.0424026 0.0208742 0.0120726 0.0048766 0.00582813 0.00118941 0.000297354 0 0 0 0
 0 0.00264628 0.0354308 0.0461629 0.0458689 0.0383711 0.0214643 0.0164657 0.0346957 0.0420465 0.0363128 0.0245516 0.0311673 0.0291091 0.0169068 0.0133784 0.00837989 0.0085269 0.0148486 0.0160247 0.0276389 0.0546898 0.0760071 0.122758 0.109233 0.0665981 0.0333725 0.0166128 0.00676272 0.00308733 0.000882094 0 0 0 0 0
 0 0 0 0 0 0 0 0.000805153 0.000690131 0.00759144 0.0133425 0.0154129 0.00931677 0.000345066 0.00356568 0.00563607 0.00851162 0.0253048 0.0502646 0.0516448 0.0657925 0.0565908 0.0611916 0.0827007 0.0866115 0.110766 0.145733 0.0935128 0.0569358 0.0249597 0.0138026 0.00621118 0.00161031 0.00115022 0 0
 0 0 0 0 0 0 0 0 0 0 0 0 0 0 0 0 0 0 0 0 0 0 0 0 0 0 0 0 0 0 0 0 0 0 0 0
 0.00147267 0.00158595 0.00478618 0.00569244 0.00954404 0.0108468 0.00647125 0.017049 0.0510054 0.094081 0.124002 0.0959785 0.0687766 0.0820023 0.061753 0.0591476 0.0492212 0.0479892 0.0443925 0.0268479 0.0217502 0.0140895 0.0121071 0.0120363 0.00920419 0.00665534 0.0049561 0.00860946 0.00930331 0.0156896 0.0114698 0.00855282 0.00243557 0.00046729 0 2.83206e-05
 0 0 0 0 0.000772559 0.00158375 0.000888443 0.00281984 0.00712685 0.0440552 0.0773331 0.111326 0.0921469 0.0852325 0.0710754 0.0886704 0.0786465 0.0553345 0.0373146 0.0185414 0.00753245 0.00457741 0.012979 0.0271748 0.0457355 0.0583668 0.034881 0.0177882 0.00938659 0.00492506 0.0015258 0.00185414 0.000309023 5.79419e-05 3.86279e-05 0
 0 0.00173294 0.00326652 0 0.00397197 0.00683976 0.00946217 0.0152591 0.00757587 0.0136028 0.0228656 0.0392903 0.0559909 0.0764795 0.0681675 0.0726916 0.0566044 0.0477403 0.0527397 0.0444891 0.0609904 0.0582453 0.0661739 0.0445044 0.0529084 0.0360697 0.0280645 0.0235558 0.0158879 0.00826598 0.00280645 0.00217768 0.000904811 0.00058276 9.20147e-05 0
 0 0 0 0 0 0 0 0 0 0 0 0 0 0 0 0 0 0 0 0 0 0 0 0 0 0 0 0 0 0 0 0 0 0 0 0
 0 0 0 0 0 0 0 0 0 0 0 0 0 0 0 0 0 0 0 0 0 0 0 0 0 0 0 0 0 0 0 0 0 0 0 0
 0 0 0 0 0 0 0 0 0 0 0 0 0 0 0 0 0 0 0 0 0 0 0 0 0 0 0 0 0 0 0 0 0 0 0 0
ppred_pel_tallas
 1.04058e-16 1.1812e-05 6.92614e-05 0.000329101 0.00126683 0.00395027 0.00997856 0.020421 0.0338637 0.0455192 0.0496425 0.0440466 0.0320939 0.0198695 0.0117757 0.00882908 0.00995404 0.0137944 0.0194593 0.026392 0.034054 0.0417676 0.0487403 0.054195 0.0575327 0.0584607 0.0570438 0.0536602 0.0488848 0.0433426 0.0375814 0.0319985 0.0268276 0.0221693 0.018043 0.0144319
 1.04172e-16 2.4902e-05 0.000146137 0.000694635 0.00267432 0.00833957 0.0210652 0.043103 0.071451 0.0959661 0.104455 0.0921949 0.0661239 0.0388495 0.0193423 0.00936099 0.00624575 0.00684846 0.00923809 0.0125446 0.0163557 0.0203472 0.0241725 0.0274836 0.0299906 0.0315154 0.0320157 0.0315725 0.0303489 0.0285386 0.0263229 0.0238475 0.021221 0.0185271 0.0158399 0.0132329
 1.03118e-16 7.84099e-06 4.59306e-05 0.000218145 0.000839553 0.00261779 0.00661307 0.0135364 0.0224579 0.0302199 0.0330426 0.0295199 0.0219473 0.0144548 0.0100911 0.00968368 0.0126672 0.0182379 0.0257916 0.0347865 0.0445116 0.0540087 0.0621678 0.0679357 0.070554 0.0697392 0.0657461 0.0592859 0.0513378 0.0429142 0.0348589 0.0277295 0.0217786 0.0170103 0.0132759 0.0103666
 1.05566e-16 1.99969e-05 0.000117339 0.000557725 0.00214718 0.00669571 0.0169129 0.0346072 0.0573693 0.077058 0.0838875 0.0740737 0.0531973 0.0313979 0.0159025 0.00815573 0.00606097 0.00713157 0.00985324 0.0135503 0.0178935 0.0225966 0.0273264 0.0317218 0.0354484 0.0382509 0.0399831 0.0406077 0.0401741 0.0387865 0.0365773 0.0336927 0.0302913 0.0265457 0.0226412 0.0187666
 1.02591e-16 2.9737e-05 0.000174524 0.000829588 0.00319393 0.00995994 0.0251581 0.0514773 0.0853313 0.114603 0.124726 0.110053 0.0788583 0.0461807 0.0227088 0.0105096 0.00636756 0.00648313 0.00851689 0.0114117 0.0146804 0.0179684 0.020923 0.023212 0.0245875 0.0249391 0.0243139 0.0228929 0.0209363 0.0187158 0.0164578 0.0143123 0.0123508 0.0105851 0.00899544 0.00755504
 1.01811e-16 1.61182e-05 9.45384e-05 0.000449261 0.00172946 0.00539297 0.0136227 0.0278776 0.0462242 0.0621201 0.0677104 0.0599902 0.0435206 0.0265641 0.0150686 0.0103431 0.0108321 0.014605 0.0203952 0.0274428 0.0350802 0.0425201 0.0488757 0.05331 0.0552224 0.0543918 0.051027 0.0457023 0.039207 0.0323584 0.0258402 0.0201068 0.0153666 0.0116258 0.00876284 0.00660353
 1.01298e-16 3.39737e-05 0.000199403 0.000947883 0.00364942 0.0113804 0.0287459 0.0588177 0.0974958 0.130931 0.142471 0.12565 0.0899028 0.0523835 0.0252654 0.0108633 0.00545638 0.00467024 0.00582872 0.00776512 0.0100153 0.0123116 0.0144114 0.0160862 0.0171581 0.0175354 0.0172281 0.0163359 0.0150162 0.0134426 0.0117703 0.0101148 0.00854812 0.00710725 0.00580722 0.00465287
 1.00651e-16 2.65858e-05 0.00015601 0.000741542 0.00285488 0.00890259 0.0224875 0.0460141 0.0762801 0.102462 0.111551 0.09852 0.0707941 0.0418607 0.021332 0.0111239 0.00842612 0.00988082 0.0133831 0.0178992 0.02282 0.0275828 0.031593 0.0342987 0.0353106 0.0344954 0.0320089 0.0282512 0.0237647 0.0191077 0.0147445 0.0109803 0.00794905 0.00564381 0.00396763 0.00278571
 1.00802e-16 2.95392e-05 0.000173357 0.000824028 0.0031725 0.0098931 0.0249893 0.0511324 0.0847612 0.113843 0.123912 0.109366 0.0784343 0.04607 0.0229094 0.0110282 0.00725261 0.00781881 0.0103937 0.0138903 0.0177568 0.0215475 0.0248065 0.0271094 0.0281492 0.0278074 0.0261801 0.0235468 0.0202968 0.0168364 0.0135089 0.0105473 0.00806459 0.0060746 0.00452777 0.00334649
 1.00731e-16 2.98963e-05 0.000175454 0.000833998 0.00321089 0.0100128 0.0252917 0.0517511 0.0857866 0.115219 0.125409 0.110685 0.0793732 0.0466078 0.0231514 0.0111019 0.007244 0.0077656 0.0103036 0.0137578 0.0175722 0.0213005 0.0244886 0.0267151 0.0276775 0.0272626 0.0255724 0.0228921 0.0196155 0.0161522 0.0128462 0.00992888 0.00750911 0.00559504 0.00413038 0.00303092
 1.01004e-16 2.26159e-05 0.000132697 0.000630696 0.00242807 0.00757159 0.0191256 0.0391359 0.0648814 0.0871617 0.0949226 0.0839029 0.0604407 0.0360405 0.0189231 0.0107724 0.00925257 0.011547 0.0158707 0.0212991 0.0272086 0.0329613 0.0378615 0.0412562 0.0426777 0.0419542 0.0392496 0.0350138 0.0298654 0.0244464 0.0192954 0.014773 0.011047 0.00812625 0.0059177 0.00428419
 1.01858e-16 2.08071e-05 0.000122079 0.000580218 0.00223372 0.00696552 0.0175947 0.0360036 0.0596892 0.0801889 0.0873354 0.0772119 0.0556545 0.0332547 0.0175868 0.0102144 0.00900587 0.0113865 0.0157273 0.0211828 0.0271737 0.033095 0.0382763 0.0420784 0.0440284 0.0439268 0.0418883 0.038298 0.0337055 0.0286918 0.0237536 0.0192352 0.0153153 0.0120362 0.00935367 0.00718465
 1.01029e-16 3.08449e-05 0.000181026 0.000860498 0.00331293 0.010331 0.0260955 0.0533954 0.0885111 0.118875 0.129377 0.114161 0.0818115 0.0479294 0.0236037 0.0109804 0.00672447 0.00689209 0.00904874 0.0120834 0.0154696 0.0188136 0.0217224 0.0238298 0.0248682 0.0247289 0.0234851 0.0213655 0.0186928 0.0158051 0.0129895 0.0104419 0.00825989 0.00646053 0.00500993 0.0038524
 1.00168e-16 3.61741e-05 0.00021232 0.00100929 0.00388584 0.0121176 0.0306082 0.0626281 0.103812 0.139414 0.151702 0.133792 0.0957306 0.0557829 0.0269099 0.0115735 0.00580582 0.00493848 0.00610507 0.00804021 0.0102221 0.0123382 0.014109 0.0152844 0.0156901 0.015268 0.0140917 0.0123456 0.0102786 0.00814628 0.00616107 0.00446224 0.00311026 0.00210036 0.00138589 0.000902297
 1.00107e-16 3.55875e-05 0.000208874 0.000992903 0.00382275 0.0119209 0.0301112 0.0616115 0.102127 0.137153 0.149246 0.131638 0.0942128 0.0549463 0.0265958 0.0115912 0.00603713 0.00534571 0.00669612 0.00883384 0.011226 0.0135372 0.0154604 0.0167203 0.0171255 0.0166145 0.0152715 0.0133037 0.0109897 0.00861469 0.00641536 0.00454617 0.00307307 0.00198866 0.00123834 0.000747269
 1.00249e-16 3.09914e-05 0.000181882 0.000864561 0.00332856 0.0103798 0.0262186 0.0536477 0.0889302 0.119441 0.130001 0.114732 0.0822631 0.0482796 0.0239341 0.0113959 0.00732494 0.00776216 0.0102514 0.013648 0.0173749 0.0209735 0.0239822 0.0259774 0.0266625 0.0259389 0.0239316 0.0209543 0.0174305 0.0137956 0.0104113 0.00751535 0.00521121 0.00349135 0.00227675 0.00145759
 1.00585e-16 2.75283e-05 0.000161546 0.000767865 0.00295624 0.00921869 0.0232859 0.0476475 0.0789867 0.106094 0.115496 0.101982 0.0732346 0.0432083 0.0218432 0.0111065 0.00807262 0.00925455 0.0124746 0.0166816 0.0212835 0.025753 0.0295372 0.0321223 0.0331428 0.0324683 0.030235 0.026805 0.0226738 0.0183542 0.0142755 0.0107236 0.00782972 0.00559633 0.00394359 0.00275561
 1.00819e-16 2.87768e-05 0.000168879 0.00080274 0.00309053 0.00963748 0.0243437 0.0498115 0.0825723 0.110905 0.12072 0.106563 0.0764538 0.044967 0.0224728 0.0110039 0.00747896 0.00823834 0.0110093 0.0147222 0.0188171 0.0228262 0.0262667 0.0286883 0.0297663 0.0293764 0.0276229 0.0248049 0.021338 0.0176555 0.0141229 0.0109873 0.00836775 0.0062771 0.00466036 0.00343277
 1.01262e-16 2.22594e-05 0.000130605 0.000620752 0.00238979 0.0074522 0.018824 0.0385188 0.0638583 0.0857875 0.0934262 0.0825809 0.0594898 0.0354766 0.0186331 0.010618 0.00913427 0.0114124 0.0156993 0.0210891 0.0269726 0.0327259 0.0376661 0.0411499 0.0427121 0.0421746 0.0396862 0.0356745 0.0307332 0.0254811 0.02044 0.0159621 0.0122166 0.00922102 0.00689677 0.00512319
 1.01528e-16 2.68454e-05 0.00015754 0.000748829 0.00288296 0.00899017 0.0227086 0.0464661 0.0770275 0.10346 0.112623 0.0994312 0.0713718 0.0420482 0.0211453 0.0105736 0.00747436 0.00844816 0.011384 0.0152844 0.0196147 0.0239143 0.0276977 0.0305053 0.0319953 0.03202 0.0306554 0.02817 0.0249502 0.0214056 0.0178876 0.0146408 0.0117944 0.00938264 0.00737972 0.00573345
 1.01375e-16 2.62784e-05 0.000154208 0.000732985 0.00282194 0.0087999 0.0222281 0.045483 0.0753988 0.101276 0.110253 0.0973574 0.0699241 0.0412771 0.0209086 0.010702 0.00787178 0.00909741 0.0123087 0.0165098 0.0211406 0.0256993 0.0296542 0.0325051 0.033887 0.0336539 0.0319094 0.0289712 0.0252849 0.021317 0.0174621 0.0139884 0.0110278 0.00860026 0.00665544 0.00511301
 1.01762e-16 2.27038e-05 0.000133217 0.000633176 0.00243764 0.00760143 0.0192009 0.0392897 0.0651351 0.0874989 0.09528 0.0841957 0.0606015 0.0360362 0.0187391 0.0103845 0.00861412 0.0105944 0.0145432 0.0195624 0.0250788 0.0305229 0.0352721 0.0387359 0.0404798 0.0403243 0.0383822 0.0350173 0.0307447 0.026106 0.0215621 0.0174292 0.0138672 0.0109077 0.00850143 0.0065643
 1.0188e-16 2.52795e-05 0.000148345 0.000705109 0.00271462 0.0084652 0.0213826 0.0437532 0.0725315 0.0974249 0.106063 0.0936622 0.0672806 0.039738 0.0201693 0.0103917 0.00773201 0.00900337 0.0122216 0.0164345 0.0211068 0.0257549 0.0298616 0.0329348 0.0346073 0.0347181 0.0333443 0.0307679 0.0273963 0.0236619 0.0199354 0.0164752 0.0134181 0.0108017 0.00860166 0.00676718
 1.01638e-16 2.41454e-05 0.000141682 0.000673428 0.00259262 0.00808475 0.0204217 0.0417874 0.0692744 0.093055 0.101319 0.089505 0.064364 0.0381552 0.0196234 0.010528 0.0083387 0.0100256 0.0136896 0.0183917 0.0235619 0.0286551 0.0330826 0.0362886 0.0378662 0.0376512 0.0357564 0.0325316 0.028469 0.0240841 0.0198132 0.015953 0.0126503 0.00992844 0.00773365 0.00597959
 1.03356e-16 3.67933e-06 2.14939e-05 0.000101961 0.000392199 0.00122272 0.0030893 0.00632687 0.0105093 0.0141796 0.0156041 0.0141775 0.011051 0.00827073 0.00741883 0.00907138 0.0131539 0.0194289 0.0276362 0.037369 0.0479355 0.0583411 0.0674132 0.0740249 0.0773463 0.077035 0.0733081 0.0668621 0.0586834 0.0498088 0.0411202 0.0332219 0.0264194 0.0207721 0.0161846 0.0124947
pSPR Fmed_Fpbrs
0.355393   0.6 0.325
Fs Fmed_Fpbrs
1.43732   0.473352 1.68675
SSBpbr Bo_Bmed_Bpbrs
735546  224631  404551 202275
Ro
21590.3
SPR SPRFo_SPRFmed_SPRFpbrs
444966 158138 144614
log_Ro
9.8
likeval ReclasPelacesDesembMPH_pf_preclas_ppelaces_ptallas_desvR_qrecl_qpela
 74.4797 12.1311 0.141056 0.000161116 297.211 191.78 72.5598 0 30.6549 4.9725e-05 0.00040553 3.73111e-14 0 0 0
q_reclas_q_pelaces
2.71622 17.549
M
0.7
N
 19365.6 17062.3 5328.73 682.682 0.141879
 44037.5 9130.18 5549.03 1392.02 175.497
 5859.57 20323.3 2494.79 1112.92 307.213
 10321.7 2487.73 2812.73 178.208 96.5346
 38880.9 4795.22 717.585 612.443 58.5659
 17229.9 19017.2 2104.39 295.395 274.908
 63055 7550.6 3407.9 222.492 57.9279
 58974.6 28243.9 1617.41 472.38 37.6222
 70219.2 25493.7 4527.93 144.412 43.5939
 114058 29829.5 3545.06 325.773 12.8739
 71608.6 51068.6 6368.41 488.904 45.2103
 47399.2 30573.4 7399.23 487.669 39.0025
 51468.2 20756.8 5446.85 775.394 53.0532
 29494.9 20789.6 1914.04 210.092 29.9469
 12534.6 9917.51 429.771 7.6319 0.846456
 9700.85 4214.69 205.018 1.71363 0.0299019
 7540.01 3972.07 434.164 9.35518 0.0748905
 9241.32 3147.81 479.321 25.1889 0.518156
 7862.75 4026.33 537.978 47.1601 2.42766
 10290.7 3548.49 916.978 81.8385 7.32034
 16409.2 4535.65 666.366 104.088 9.74801
 19580.8 7653.36 1350.93 152.328 25.5142
 28043.6 9076.87 2168.53 286.284 36.8785
 30572.6 12767.2 2219.72 367.512 53.2899
 2269.14 13736.5 2804.45 319.644 58.7157
pred_Ctot
 706.679 4338.3 1883.83 245.886 0.0511475
 2247.06 3055.28 2503.33 638.421 80.5517
 616.768 11312.5 1702.1 767.127 211.863
 480.328 773.468 1189.96 76.6957 41.58
 421.063 403.809 89.2244 77.9205 7.45955
 1466.72 9253.89 1295.61 184.107 171.439
 4470.06 3237.69 1895.64 125.491 32.6947
 5536.11 14647.4 1046.2 309.037 24.6263
 7365.59 14161 3084.48 99.392 30.0183
 8116.47 12825.6 1976.32 184.147 7.28197
 7284.65 27845.5 4278.65 331.964 30.7132
 4056.81 14930.8 4568.35 304.787 24.3903
 6988.8 13309.2 4110.66 589.779 40.3684
 7003.8 16685.7 1664.86 183.399 26.1464
 2976.44 7959.77 373.821 6.66222 0.739035
 1237.76 2616.22 151.298 1.2753 0.0222621
 872.477 2336.58 308.42 6.70806 0.0537237
 821.198 1575.73 301.701 16.0438 0.330221
 518.468 1638.24 286.578 25.4888 1.313
 837.859 1675.81 551.373 49.8358 4.46044
 719.785 1344.11 270.22 42.9551 4.02622
 940.269 2440.35 584.323 67.0113 11.2332
 1686.73 3448.9 1090.77 146.214 18.8487
 2105.37 5361.53 1213.75 203.817 29.5738
 175.306 6257.94 1638.53 189.224 34.7806
F
 0.0519139 0.42325 0.642357 0.658616 0.659412
 0.0732722 0.597382 0.906635 0.929583 0.930706
 0.156706 1.27761 1.93901 1.98809 1.99049
 0.0666307 0.543234 0.824455 0.845323 0.846345
 0.0151597 0.123595 0.187578 0.192326 0.192559
 0.125016 1.01925 1.54689 1.58604 1.58796
 0.103129 0.840802 1.27607 1.30837 1.30995
 0.138676 1.13061 1.71591 1.75934 1.76147
 0.156125 1.27288 1.93182 1.98072 1.98311
 0.103539 0.844147 1.28114 1.31357 1.31516
 0.151086 1.23179 1.86947 1.91679 1.9191
 0.125733 1.02509 1.55576 1.59514 1.59707
 0.206509 1.68365 2.55525 2.61992 2.62309
 0.389917 3.17896 4.82464 4.94675 4.95273
 0.389917 3.17896 4.82464 4.94675 4.95273
 0.192926 1.57291 2.38717 2.44759 2.45055
 0.173517 1.41467 2.14702 2.20136 2.20402
 0.13083 1.06664 1.61882 1.6598 1.6618
 0.0956132 0.779526 1.18307 1.21302 1.21448
 0.119275 0.972439 1.47585 1.51321 1.51503
 0.0626985 0.511176 0.775801 0.795437 0.796398
 0.0688216 0.561096 0.851564 0.873119 0.874174
 0.0868829 0.708349 1.07505 1.10226 1.10359
 0.100047 0.815672 1.23793 1.26926 1.2708
 0.112864 0.920171 1.39652 1.43187 1.4336
nmprior
 10 11 7 0
nm_flota  nm_reclas  nm_pelaces    nm_pelaL
inf 24.9578 10.5022 16.8088
cv_recla  cv_pelaces  cv_mph
0.780628 0.40984 0.41182
 ------------------------------------------------
Talla a la edad & desviación 
 7.2 14.2025 17.0495 18.207 18.6776
 1.08 2.13037 2.55742 2.73105 2.80164
