years
 1997 1998 1999 2000 2001 2002 2003 2004 2005 2006 2007 2008 2009 2010 2011 2012 2013 2014 2015 2016 2017 2018 2019 2020 2021
reclasobs
 0 0 0 370054 412103 1.49427e+06 250295 1.28982e+06 931140 785840 897777 1.04006e+06 184774 17550 25797 100020 73551 82996 120727 218422 84188 347160 605670 569463 516374
reclaspred
 1.58094e+06 253413 506491 223091 297787 329380 705857 635763 965109 1.39984e+06 1.39396e+06 823090 471823 230229 157519 157839 181671 243740 230652 258910 418215 456033 716998 622350 514767
pelacesobs
 0 0 0 0 0 0 0 0 0 2.06254e+06 1.5e+06 0 1.87456e+06 323000 250000 174000 83755 137374 0 501740 490994 745055 786931 1.00524e+06 0
pelacespred
 826547 279672 157457 153680 175254 142478 398379 383860 550228 827964 729286 440396 260634 102995 69657.7 78256.3 94753.4 125375 127413 135544 241382 265378 320424 341098 278057
mphobs
 0 0 0 0 0 112323 0 153150 637223 0 255016 313432 73983 77613 109348 50772 0 0 0 0 0 0 0 0 0
mphpred
 1.21816e+06 518347 352604 247578 210146 337942 384839 650759 683130 1.06771e+06 1.45623e+06 924380 486218 309240 138247 135476 142150 195745 213550 208089 288440 418230 519225 583016 554290
desembarqueobs
 350755 77701 442110 56441 14545 235359 269955 359681 431902 328805 639364 411747 362871 311530 167758 66681 60226 58785 57116 71774 51957 67425 138520 160799 200461
desembarquepred
 350601 77481.7 440977 56368.6 14545.4 235623 269656 359362 430160 327698 637972 411198 361871 310296 166809 66573.7 60236.2 58669.2 56905 71512.8 51898.2 67403.8 138435 160166 200160
Reclutas
 27326.2 39357.8 11844.1 19535.9 44316.7 13915.8 83570.6 71833 146815 208761 38746.1 15194.8 68291.6 22307.7 23263.3 16099.3 16962.7 13510.5 13250.6 21813.9 45806.9 46639 49447.6 35003.6 7925.27
log_desv_Rt
 -0.124399 0.240448 -0.960418 -0.45999 0.359118 -0.79922 0.993447 0.842099 1.55693 1.90894 0.224784 -0.711293 0.791542 -0.327312 -0.285369 -0.653469 -0.60123 -0.828777 -0.8482 -0.349698 0.392189 0.410191 0.468669 0.123207 -1.36219
SSB
 1.21816e+06 518347 352604 247578 210146 337942 384839 650759 683130 1.06771e+06 1.45623e+06 924380 486218 309240 138247 135476 142150 195745 213550 208089 288440 418230 519225 583016 554290
BT
 2.15465e+06 669140 599093 387928 441081 456416 1.44092e+06 1.28347e+06 1.91086e+06 2.37944e+06 1.97748e+06 1.20714e+06 986678 511672 318470 225731 273164 319842 309063 363957 655235 600190 748635 824276 693597
Ftot
 0.214412 0.294241 0.797813 0.244026 0.0477543 0.66447 0.367514 0.535493 0.426792 0.226708 0.43464 0.472547 0.715228 1.1833 0.966764 0.402714 0.318926 0.232615 0.238238 0.266469 0.120865 0.143654 0.187072 0.248295 0.371075
BD_Bspro_t
 0.9676 0.79288 0.63588 0.373473 0.466511 0.636559 0.518988 0.605026 0.574357 0.625013 0.661729 0.480344 0.340747 0.283208 0.168472 0.191293 0.254202 0.399732 0.480137 0.535946 0.64097 0.770478 0.774961 0.735948 0.648609
BD_Bspro
 1.90999 0.812732 0.552859 0.388186 0.329494 0.529869 0.603401 1.02035 1.0711 1.67409 2.28327 1.44936 0.762356 0.484868 0.216761 0.212416 0.222881 0.306914 0.334832 0.326269 0.452253 0.655756 0.814109 0.914129 0.869088
BD_Bo
 1.26228 0.537121 0.365375 0.256546 0.217757 0.350182 0.398778 0.674329 0.707872 1.10638 1.50898 0.957861 0.503828 0.320441 0.143254 0.140382 0.147298 0.202834 0.221285 0.215626 0.298887 0.433378 0.538031 0.604133 0.574366
BD_Brms
 6.16688 2.62411 1.78504 1.25336 1.06385 1.71081 1.94823 3.29444 3.45831 5.40521 7.37212 4.67963 2.46145 1.56552 0.699868 0.685839 0.719628 0.990948 1.08109 1.05344 1.46021 2.11727 2.62855 2.95149 2.80607
S_f
 0.5 1 1 1 1
 0.5 1 1 1 1
 0.5 1 1 1 1
 0.5 1 1 1 1
 0.5 1 1 1 1
 0.5 1 1 1 1
 0.5 1 1 1 1
 0.5 1 1 1 1
 0.5 1 1 1 1
 0.5 1 1 1 1
 0.5 1 1 1 1
 0.5 1 1 1 1
 0.5 1 1 1 1
 0.5 1 1 1 1
 0.5 1 1 1 1
 0.5 1 1 1 1
 0.5 1 1 1 1
 0.5 1 1 1 1
 0.5 1 1 1 1
 0.5 1 1 1 1
 0.5 1 1 1 1
 0.5 1 1 1 1
 0.5 1 1 1 1
 0.5 1 1 1 1
 0.5 1 1 1 1
Scru_reclas
 0.5 1 1 1 1
 0.5 1 1 1 1
 0.5 1 1 1 1
 0.5 1 1 1 1
 0.5 1 1 1 1
 0.5 1 1 1 1
 0.5 1 1 1 1
 0.5 1 1 1 1
 0.5 1 1 1 1
 0.5 1 1 1 1
 0.5 1 1 1 1
 0.5 1 1 1 1
 0.5 1 1 1 1
 0.5 1 1 1 1
 0.5 1 1 1 1
 0.5 1 1 1 1
 0.5 1 1 1 1
 0.5 1 1 1 1
 0.5 1 1 1 1
 0.5 1 1 1 1
 0.5 1 1 1 1
 0.5 1 1 1 1
 0.5 1 1 1 1
 0.5 1 1 1 1
 0.5 1 1 1 1
Scru_pelaces
 0.5 1 1 1 1
 0.5 1 1 1 1
 0.5 1 1 1 1
 0.5 1 1 1 1
 0.5 1 1 1 1
 0.5 1 1 1 1
 0.5 1 1 1 1
 0.5 1 1 1 1
 0.5 1 1 1 1
 0.5 1 1 1 1
 0.5 1 1 1 1
 0.5 1 1 1 1
 0.5 1 1 1 1
 0.5 1 1 1 1
 0.5 1 1 1 1
 0.5 1 1 1 1
 0.5 1 1 1 1
 0.5 1 1 1 1
 0.5 1 1 1 1
 0.5 1 1 1 1
 0.5 1 1 1 1
 0.5 1 1 1 1
 0.5 1 1 1 1
 0.5 1 1 1 1
 0.5 1 1 1 1
pf_obs 
 0.256992 0.487395 0.22802 0.0275931 0
 0.321318 0.546541 0.124235 0.00734118 0.000564706
 0.182869 0.594174 0.210203 0.0122559 0.00049798
 0.330522 0.361315 0.267642 0.0388342 0.00168674
 0.649043 0.306663 0.0425973 0.00169635 0
 0.582887 0.30429 0.105238 0.00758474 0
 0.465427 0.430635 0.0974691 0.00646863 0
 0.296916 0.608066 0.0921331 0.00288517 0
 0.311714 0.524322 0.152257 0.0117073 0
 0.15457 0.633149 0.183074 0.0267441 0.00246327
 0.131901 0.49318 0.331252 0.0422183 0.00144891
 0.196976 0.569456 0.194076 0.0375587 0.00193317
 0.518974 0.381816 0.0799577 0.0180837 0.00116848
 0.0928022 0.601141 0.25162 0.0475244 0.00691264
 0.122501 0.610282 0.24278 0.0234846 0.000952079
 0.383417 0.481906 0.127806 0.00687128 0
 0.0376549 0.599619 0.316969 0.0457579 0
 0.0361596 0.667082 0.258105 0.0386534 0
 0.158088 0.579412 0.248529 0.0139706 0
 0.0477256 0.309471 0.559284 0.082774 0.000745712
 0.0406174 0.521527 0.379366 0.0568643 0.0016247
 0.151134 0.462217 0.34131 0.0453401 0
 0.294876 0.26143 0.354403 0.0886775 0.000613685
 0.281977 0.475581 0.204845 0.0348837 0.00271318
 0 0 0 0 0
pf_pred 
 0.281329 0.36179 0.179659 0.0892163 0.0880059
 0.438369 0.255118 0.154303 0.0766246 0.0755851
 0.205504 0.500132 0.133713 0.080874 0.0797768
 0.508673 0.195093 0.186478 0.049856 0.0598999
 0.642596 0.246424 0.0440668 0.042121 0.0247913
 0.22507 0.608077 0.115043 0.0205725 0.0312378
 0.790618 0.0868244 0.0961696 0.0181944 0.008194
 0.509145 0.438644 0.0216505 0.0239808 0.00658021
 0.675588 0.229818 0.0845322 0.00417232 0.0058895
 0.605532 0.325473 0.0488771 0.0179781 0.00213992
 0.149316 0.651722 0.164162 0.0246526 0.0101471
 0.1336 0.246904 0.474606 0.119548 0.0253423
 0.633622 0.095833 0.0770991 0.148202 0.0452439
 0.322286 0.549537 0.0335271 0.026973 0.0676769
 0.569805 0.249302 0.14668 0.00894893 0.0252636
 0.48977 0.398481 0.0647598 0.0381024 0.00888722
 0.486804 0.350718 0.126893 0.0206222 0.0149635
 0.400351 0.40496 0.133051 0.0481389 0.0135
 0.407005 0.348675 0.164996 0.0542097 0.025114
 0.54045 0.273464 0.109417 0.0517768 0.0248923
 0.640188 0.258142 0.0605007 0.0242072 0.0169622
 0.469078 0.417528 0.081353 0.0190667 0.0129744
 0.436223 0.365294 0.156091 0.0304135 0.0119784
 0.338506 0.410178 0.162837 0.0695809 0.0188971
 0.127459 0.456828 0.257775 0.102334 0.0556036
pobs_RECLAS
 0 0 0 0 0
 0 0 0 0 0
 0 0 0 0 0
 0 0 0 0 0
 0.835266 0.146461 0.0176864 0.000547809 3.91292e-05
 0.385257 0.428462 0.181853 0.0044286 0
 0.867414 0.0963971 0.0333333 0.00285562 0
 0.441836 0.489002 0.0689373 0.000224442 0
 0.779404 0.147425 0.0564933 0.0165055 0.000172143
 0.814271 0.122319 0.05973 0.00367925 0
 0.40263 0.566651 0.0304383 0.000280538 0
 0.475488 0.404961 0.113038 0.00651328 0
 0.955842 0.0263864 0.0167828 0.000988607 0
 0.975058 0.0227948 0.00214734 0 0
 0.738997 0.206755 0.0527124 0.00153531 0
 0.850938 0.134255 0.0134407 0.00136685 0
 0.542534 0.407297 0.0501686 0 0
 0.764087 0.199537 0.0359546 0.000420521 0
 0.470689 0.182191 0.310203 0.0369168 0
 0.84361 0.089868 0.0606195 0.00523954 0.000663233
 0.607945 0.314616 0.071237 0.00620181 0
 0.523733 0.453247 0.0230204 0 0
 0.530135 0.295979 0.169645 0.0042399 0
 0.562478 0.366248 0.0663022 0.0049721 0
 0.250443 0.683176 0.0655157 0.000865301 0
ppred_RECLAS
 0.282867 0.361015 0.179275 0.0890253 0.0878175
 0.441111 0.253872 0.15355 0.0762505 0.0752161
 0.212441 0.495765 0.132546 0.0801678 0.0790802
 0.510888 0.194213 0.185637 0.0496313 0.0596298
 0.64293 0.246195 0.0440258 0.0420817 0.0247682
 0.230771 0.603603 0.114196 0.0204212 0.031008
 0.793042 0.0858192 0.0950562 0.0179838 0.00809913
 0.515164 0.433265 0.021385 0.0236868 0.00649952
 0.679484 0.227058 0.0835171 0.00412222 0.00581878
 0.607469 0.323875 0.0486371 0.0178898 0.00212941
 0.15165 0.649934 0.163711 0.0245849 0.0101192
 0.135977 0.246227 0.473304 0.11922 0.0252727
 0.641921 0.0936623 0.0753527 0.144845 0.0442191
 0.338897 0.536068 0.0327053 0.0263119 0.0660181
 0.583355 0.24145 0.142061 0.00866707 0.0244679
 0.493903 0.395253 0.0642353 0.0377938 0.00881524
 0.489877 0.348617 0.126133 0.0204987 0.0148739
 0.402362 0.403602 0.132604 0.0479774 0.0134548
 0.409086 0.347452 0.164417 0.0540195 0.0250259
 0.542898 0.272007 0.108834 0.0515011 0.0247598
 0.641095 0.257491 0.0603482 0.0241462 0.0169194
 0.470269 0.416591 0.0811704 0.0190239 0.0129453
 0.437816 0.364262 0.15565 0.0303276 0.0119446
 0.340536 0.40892 0.162338 0.0693674 0.0188391
 0.129124 0.455957 0.257283 0.102139 0.0554975
pobs_PELACES
 0 0 0 0 0
 0 0 0 0 0
 0 0 0 0 0
 0 0 0 0 0
 0 0 0 0 0
 0 0 0 0 0
 0 0 0 0 0
 0 0 0 0 0
 0 0 0 0 0
 0 0 0 0 0
 0.450072 0.473896 0.0757376 0.000293798 0
 0 0 0 0 0
 0.463077 0.371075 0.160297 0.00555027 0
 0.529543 0.364841 0.0842815 0.0213345 0
 0.631943 0.363953 0.00410389 0 0
 0.735681 0.248677 0.0153453 0.000297389 0
 0.695825 0.281241 0.0229344 0 0
 0.275771 0.60734 0.115278 0.00161068 0
 0 0 0 0 0
 0.896147 0.0623911 0.0374545 0.00400742 0
 0.803859 0.145111 0.0509908 3.86294e-05 0
 0.739449 0.233085 0.0266225 0.000797448 4.60066e-05
 0.878498 0.100942 0.0204185 0.000141795 0
 0.694673 0.275183 0.0284847 0.00165964 0
 0 0 0 0 0
ppred_PELACES
 0.290098 0.357375 0.177467 0.0881276 0.086932
 0.453113 0.248421 0.150253 0.0746132 0.073601
 0.235297 0.481377 0.128699 0.0778412 0.0767852
 0.520944 0.19022 0.181821 0.0486109 0.0584039
 0.644736 0.244949 0.043803 0.0418688 0.0246428
 0.250805 0.587883 0.111222 0.0198893 0.0302005
 0.802818 0.0817654 0.0905662 0.0171343 0.00771656
 0.537189 0.413583 0.0204135 0.0226107 0.00620427
 0.694623 0.216334 0.0795723 0.00392752 0.00554394
 0.616352 0.316546 0.0475364 0.017485 0.00208123
 0.161109 0.642688 0.161886 0.0243108 0.0100064
 0.1454 0.243541 0.468142 0.11792 0.0249971
 0.66857 0.0866918 0.0697448 0.134066 0.0409283
 0.383914 0.499565 0.0304783 0.0245203 0.0615227
 0.621537 0.219323 0.129042 0.00787281 0.0222256
 0.510513 0.382281 0.0621271 0.0365534 0.00852592
 0.503032 0.339628 0.12288 0.0199701 0.0144903
 0.411625 0.397346 0.130549 0.0472338 0.0132462
 0.418621 0.341846 0.161764 0.0531479 0.024622
 0.553786 0.265528 0.106242 0.0502743 0.02417
 0.64567 0.254209 0.0595788 0.0238384 0.0167037
 0.476178 0.411944 0.080265 0.0188117 0.0128009
 0.445427 0.35933 0.153543 0.029917 0.0117829
 0.349795 0.403178 0.160058 0.0683934 0.0185746
 0.136167 0.452269 0.255202 0.101313 0.0550487
pobs_pel_tallas
 0 0 0 0 0 0 0 0 0 0 0 0 0 0 0 0 0 0 0 0 0 0 0 0 0 0 0 0 0 0 0 0 0 0 0 0
 0 0 0 0 0 0 0 0 0 0 0 0 0 0 0 0 0 0 0 0 0 0 0 0 0 0 0 0 0 0 0 0 0 0 0 0
 0 0 0 0 0 0 0 0 0 0 0 0 0 0 0 0 0 0 0 0 0 0 0 0 0 0 0 0 0 0 0 0 0 0 0 0
 0 0 0 0 0 0 0 0 0 0 0 0 0 0 0 0 0 0 0 0 0 0 0 0 0 0 0 0 0 0 0 0 0 0 0 0
 0 0 0 0 0 0 0 0 0 0 0 0 0 0 0 0 0 0 0 0 0 0 0 0 0 0 0 0 0 0 0 0 0 0 0 0
 0 0 0 0 0 0 0 0 0 0 0 0 0 0 0 0 0 0 0 0 0 0 0 0 0 0 0 0 0 0 0 0 0 0 0 0
 0 0 0 0 0 0 0 0 0 0 0 0 0 0 0 0 0 0 0 0 0 0 0 0 0 0 0 0 0 0 0 0 0 0 0 0
 0 0 0 0 0 0 0 0 0 0 0 0 0 0 0 0 0 0 0 0 0 0 0 0 0 0 0 0 0 0 0 0 0 0 0 0
 0 0 0 0 0 0 0 0 0 0 0 0 0 0 0 0 0 0 0 0 0 0 0 0 0 0 0 0 0 0 0 0 0 0 0 0
 0 0 0 0 0 0 0 0 0 0 0 0 0 0 0 0 0 0 0 0 0 0 0 0 0 0 0 0 0 0 0 0 0 0 0 0
 0 0 0 0 0 0 0 0 1.78061e-05 0.00172719 0.00360574 0.0105946 0.0120993 0.0124554 0.0147524 0.0171206 0.0266825 0.0428682 0.0675386 0.121331 0.153587 0.119568 0.100827 0.0573624 0.0630603 0.0341343 0.0324427 0.0444173 0.0211091 0.0280891 0.0125444 0.00206551 0 0 0 0
 0 0 0 0 0 0 0 0 0 0 0 0 0 0 0 0 0 0 0 0 0 0 0 0 0 0 0 0 0 0 0 0 0 0 0 0
 0 0 0 0 0 0 0.0133647 0.0140871 0.0187388 0.0205184 0.03894 0.0496705 0.03968 0.0493445 0.0407372 0.0367815 0.0215668 0.0243155 0.0234873 0.0199281 0.019796 0.0243948 0.0301388 0.0376714 0.0412746 0.0863199 0.0771752 0.113111 0.0741005 0.0525337 0.0229764 0.00759418 0.00175318 0 0 0
 0 0 0 0 0 0 0 0 0 0 0.00219441 0.00772107 0.0458388 0.0604681 0.0671733 0.0775358 0.0609151 0.0617685 0.073594 0.0568108 0.0755445 0.0548602 0.0670107 0.0636378 0.0643287 0.046367 0.0373049 0.0286899 0.0247887 0.0153202 0.00654259 0.00121912 0.000365735 0 0 0
 0 0 0 0 0 0 0 0 0 0 0 0 0.000112435 0.00938835 0.0111873 0.0202946 0.0414886 0.0713402 0.111592 0.104902 0.108894 0.110636 0.117776 0.105296 0.107544 0.0401394 0.0192827 0.0124803 0.00416011 0.0028671 0.000618394 0 0 0 0 0
 0 0 0 0 0 0 0 0 0 0 0.00291406 0.0102884 0.027416 0.0768956 0.0749926 0.110853 0.0956884 0.0897413 0.0766577 0.0534642 0.0500743 0.0551293 0.0594112 0.0620874 0.0668451 0.0424026 0.0208742 0.0120726 0.0048766 0.00582813 0.00118941 0.000297354 0 0 0 0
 0 0.00264628 0.0354308 0.0461629 0.0458689 0.0383711 0.0214643 0.0164657 0.0346957 0.0420465 0.0363128 0.0245516 0.0311673 0.0291091 0.0169068 0.0133784 0.00837989 0.0085269 0.0148486 0.0160247 0.0276389 0.0546898 0.0760071 0.122758 0.109233 0.0665981 0.0333725 0.0166128 0.00676272 0.00308733 0.000882094 0 0 0 0 0
 0 0 0 0 0 0 0 0.000805153 0.000690131 0.00759144 0.0133425 0.0154129 0.00931677 0.000345066 0.00356568 0.00563607 0.00851162 0.0253048 0.0502646 0.0516448 0.0657925 0.0565908 0.0611916 0.0827007 0.0866115 0.110766 0.145733 0.0935128 0.0569358 0.0249597 0.0138026 0.00621118 0.00161031 0.00115022 0 0
 0 0 0 0 0 0 0 0 0 0 0 0 0 0 0 0 0 0 0 0 0 0 0 0 0 0 0 0 0 0 0 0 0 0 0 0
 0.00147267 0.00158595 0.00478618 0.00569244 0.00954404 0.0108468 0.00647125 0.017049 0.0510054 0.094081 0.124002 0.0959785 0.0687766 0.0820023 0.061753 0.0591476 0.0492212 0.0479892 0.0443925 0.0268479 0.0217502 0.0140895 0.0121071 0.0120363 0.00920419 0.00665534 0.0049561 0.00860946 0.00930331 0.0156896 0.0114698 0.00855282 0.00243557 0.00046729 0 2.83206e-05
 0 0 0 0 0.000772559 0.00158375 0.000888443 0.00281984 0.00712685 0.0440552 0.0773331 0.111326 0.0921469 0.0852325 0.0710754 0.0886704 0.0786465 0.0553345 0.0373146 0.0185414 0.00753245 0.00457741 0.012979 0.0271748 0.0457355 0.0583668 0.034881 0.0177882 0.00938659 0.00492506 0.0015258 0.00185414 0.000309023 5.79419e-05 3.86279e-05 0
 0 0.00173294 0.00326652 0 0.00397197 0.00683976 0.00946217 0.0152591 0.00757587 0.0136028 0.0228656 0.0392903 0.0559909 0.0764795 0.0681675 0.0726916 0.0566044 0.0477403 0.0527397 0.0444891 0.0609904 0.0582453 0.0661739 0.0445044 0.0529084 0.0360697 0.0280645 0.0235558 0.0158879 0.00826598 0.00280645 0.00217768 0.000904811 0.00058276 9.20147e-05 0
 0 0 0 0 0 0 0 0 0 0 0 0 0 0 0 0 0 0 0 0 0 0 0 0 0 0 0 0 0 0 0 0 0 0 0 0
 0 0 0 0 0 0 0 0 0 0 0 0 0 0 0 0 0 0 0 0 0 0 0 0 0 0 0 0 0 0 0 0 0 0 0 0
 0 0 0 0 0 0 0 0 0 0 0 0 0 0 0 0 0 0 0 0 0 0 0 0 0 0 0 0 0 0 0 0 0 0 0 0
ppred_pel_tallas
 1.09726e-16 1.26769e-05 7.43528e-05 0.000353336 0.00136019 0.00424146 0.0107139 0.0219245 0.0363518 0.0488482 0.0532322 0.0471348 0.0341342 0.020717 0.0115477 0.0076449 0.00778495 0.0104702 0.0147581 0.0201455 0.0262414 0.0325869 0.0386415 0.0438627 0.0478135 0.0502471 0.0511406 0.050664 0.0491036 0.0467695 0.0439209 0.0407314 0.0372957 0.0336624 0.0298739 0.0259951
 1.08217e-16 1.97807e-05 0.000116068 0.000551678 0.00212389 0.00662307 0.0167295 0.034232 0.0567483 0.0762264 0.082989 0.0732963 0.0526734 0.031157 0.0159041 0.0083519 0.00643135 0.00767936 0.0105817 0.0144382 0.0188771 0.0235629 0.0281213 0.0321739 0.0354074 0.0376307 0.0387984 0.0389917 0.0383689 0.0371065 0.0353528 0.0332086 0.0307346 0.0279748 0.0249823 0.0218351
 1.08247e-16 1.02923e-05 6.03417e-05 0.000286701 0.00110359 0.00344122 0.00869272 0.01779 0.0295022 0.039661 0.0432654 0.0384164 0.0280524 0.017488 0.010577 0.00822779 0.00952657 0.0133104 0.0188103 0.0255306 0.0329718 0.0404968 0.0473613 0.0528411 0.056387 0.0577437 0.0569925 0.0545008 0.050803 0.0464555 0.0419161 0.0374808 0.0332833 0.0293399 0.0256122 0.0220613
 1.07043e-16 2.27362e-05 0.000133425 0.000634204 0.00244166 0.00761402 0.0192325 0.0393529 0.0652346 0.0876167 0.0953666 0.084173 0.0603698 0.035468 0.0176591 0.00855164 0.00572324 0.00631013 0.00856559 0.011718 0.0154191 0.019403 0.0233806 0.0270506 0.0301481 0.0324874 0.0339837 0.0346434 0.0345355 0.0337543 0.0323918 0.0305267 0.0282301 0.0255787 0.0226674 0.0196118
 1.03292e-16 2.81361e-05 0.000165122 0.000784889 0.00302182 0.00942321 0.0238024 0.0487036 0.0807347 0.108433 0.118021 0.104159 0.0746824 0.0438319 0.0217338 0.010361 0.00668818 0.00713269 0.00948243 0.0127223 0.016358 0.0200043 0.0232692 0.0257838 0.0272757 0.0276287 0.0269037 0.0253118 0.0231505 0.0207269 0.0182922 0.0160075 0.0139417 0.0120948 0.0104309 0.00890919
 1.03865e-16 1.09729e-05 6.43276e-05 0.000305627 0.00117642 0.00366832 0.00926649 0.0189647 0.0314523 0.0422884 0.0461469 0.0410111 0.0300253 0.0188715 0.0116796 0.00944131 0.011201 0.0157223 0.0221614 0.0299293 0.0383927 0.0467399 0.054034 0.0593792 0.0621185 0.0619855 0.059159 0.0541979 0.0478871 0.0410451 0.0343598 0.0282927 0.023064 0.0186997 0.0151075 0.0121502
 1.02262e-16 3.50227e-05 0.000205568 0.000977202 0.00376233 0.0117325 0.0296353 0.0606369 0.100509 0.134973 0.146854 0.12948 0.0925658 0.0537795 0.0256486 0.0105335 0.00457433 0.00324824 0.00380374 0.00507532 0.00665504 0.0083654 0.010067 0.0116235 0.0129149 0.0138556 0.0144047 0.0145632 0.0143633 0.0138529 0.0130834 0.0121039 0.0109619 0.0097055 0.00838719 0.00706262
 1.01492e-16 2.34533e-05 0.000137615 0.000654081 0.00251812 0.0078524 0.0198349 0.040587 0.0672861 0.0903893 0.0984299 0.0869847 0.0626209 0.0372604 0.0194167 0.0108212 0.00903631 0.0111294 0.0152465 0.020439 0.0260873 0.031572 0.0362238 0.0394188 0.0407157 0.0399612 0.0373276 0.0332607 0.0283653 0.0232614 0.0184611 0.0142971 0.0109111 0.00828902 0.00632077 0.00485919
 1.01595e-16 3.03104e-05 0.00017789 0.00084559 0.00325554 0.0101521 0.0256434 0.0524703 0.0869771 0.116813 0.12713 0.112172 0.0803697 0.047053 0.023114 0.0106576 0.00640424 0.0064797 0.00849951 0.0113878 0.0146513 0.0179323 0.020874 0.0231376 0.0244662 0.0247391 0.0239941 0.0224067 0.0202381 0.0177699 0.0152469 0.0128438 0.0106597 0.00873138 0.00705731 0.00561887
 1.01477e-16 2.69014e-05 0.000157867 0.000750379 0.00288892 0.00900876 0.0227556 0.0465624 0.0771876 0.103677 0.112862 0.0996514 0.0715492 0.0421912 0.0212878 0.0107588 0.00774393 0.00883732 0.0119178 0.0159714 0.0204394 0.0248308 0.0286299 0.0313533 0.0326506 0.0323855 0.0306648 0.0278024 0.0242353 0.0204177 0.0167309 0.0134302 0.0106363 0.00835987 0.00654372 0.00510334
 1.03811e-16 7.06416e-06 4.13742e-05 0.000196493 0.000756202 0.00235788 0.00595649 0.0121927 0.0202293 0.0272235 0.0297726 0.0266139 0.0198199 0.013119 0.00926906 0.00903155 0.0119167 0.0172215 0.0244206 0.0330393 0.0424402 0.05175 0.0599433 0.0660313 0.0692789 0.0693712 0.066476 0.0611766 0.0543082 0.0467529 0.039263 0.0323573 0.0263035 0.0211646 0.0168764 0.0133216
 1.11945e-16 6.36363e-06 3.72967e-05 0.000177185 0.000681996 0.00212656 0.00537174 0.0109934 0.0182308 0.0245081 0.0267349 0.0237374 0.0173323 0.010807 0.00655184 0.00514805 0.006069 0.00866026 0.0125429 0.017539 0.0234893 0.0301465 0.0371572 0.0440988 0.0505384 0.0560879 0.060442 0.0633889 0.0648036 0.0646365 0.0629073 0.0597091 0.0552188 0.0496977 0.0434802 0.0369419
 1.07538e-16 2.91688e-05 0.0001712 0.000813816 0.00313325 0.00977076 0.0246801 0.0504982 0.0837048 0.112408 0.12231 0.107856 0.0771404 0.0448873 0.0215408 0.00908278 0.00431869 0.00350388 0.00436892 0.00596234 0.00795834 0.0102161 0.0126189 0.015045 0.017378 0.0195199 0.021397 0.0229543 0.0241449 0.02492 0.0252269 0.0250173 0.024262 0.0229671 0.0211841 0.01901
 1.04313e-16 1.67732e-05 9.83893e-05 0.00046758 0.00180001 0.005613 0.0141784 0.0290142 0.0481067 0.0646433 0.0704431 0.0623699 0.0451569 0.0273835 0.0152132 0.0099765 0.0100238 0.0133255 0.0185662 0.0249916 0.0319821 0.0388295 0.0447413 0.0489724 0.0509914 0.0506074 0.048012 0.0437179 0.03842 0.0328255 0.0275099 0.0228352 0.0189414 0.0157942 0.0132589 0.0111726
 1.03213e-16 2.71237e-05 0.000159181 0.000756644 0.00291308 0.00908411 0.0229458 0.0469509 0.0778289 0.10453 0.11377 0.100403 0.0719795 0.0422264 0.0209042 0.00991438 0.00634326 0.00674458 0.00900038 0.0121543 0.015758 0.0194696 0.0229344 0.0258051 0.0278039 0.0287775 0.0287203 0.027758 0.0261012 0.0239866 0.0216265 0.0191811 0.0167546 0.0144084 0.0121802 0.0100995
 1.02661e-16 2.2289e-05 0.000130782 0.000621602 0.00239307 0.00746246 0.0188499 0.0385715 0.0639445 0.0859 0.0935401 0.0826611 0.0595032 0.0353956 0.0184288 0.0102487 0.00854224 0.0105293 0.0144606 0.0194533 0.024942 0.0303637 0.0351042 0.0385823 0.0403736 0.0403072 0.0385012 0.0353193 0.0312703 0.0268826 0.0225977 0.0187092 0.0153538 0.0125429 0.0102138 0.00827717
 1.03219e-16 2.19612e-05 0.000128861 0.000612477 0.00235795 0.00735295 0.0185732 0.0380051 0.0630047 0.0846348 0.0921553 0.0814204 0.0585734 0.0347697 0.017971 0.00978903 0.00793694 0.00967542 0.0132936 0.0179511 0.0231376 0.0283574 0.0330647 0.0367326 0.0389588 0.0395523 0.0385673 0.0362709 0.0330617 0.0293677 0.0255582 0.0218945 0.0185215 0.0154918 0.0128031 0.0104319
 1.04225e-16 1.79777e-05 0.000105469 0.000501259 0.00192972 0.0060175 0.0152001 0.0311038 0.0515675 0.0692823 0.0754682 0.0667475 0.0481712 0.0289031 0.015506 0.00935541 0.00863702 0.011152 0.0155103 0.020984 0.0270562 0.0331673 0.0386859 0.0429998 0.045643 0.0463958 0.045324 0.0427399 0.0391061 0.0349158 0.0305908 0.0264241 0.022573 0.0190889 0.0159628 0.0131663
 1.05385e-16 1.82806e-05 0.000107252 0.000509747 0.00196242 0.00611948 0.0154576 0.0316304 0.0524387 0.0704476 0.0767239 0.0678258 0.048879 0.0291875 0.0154049 0.00890696 0.00782802 0.00992173 0.0137842 0.0187132 0.0242517 0.0299251 0.0351955 0.0395319 0.0425154 0.0439237 0.0437666 0.042256 0.0397303 0.0365599 0.0330675 0.0294848 0.0259499 0.0225318 0.0192651 0.0161781
 1.04452e-16 2.41712e-05 0.000141843 0.00067421 0.00259567 0.00809428 0.0204457 0.0418357 0.0693517 0.093151 0.101402 0.0895287 0.0642722 0.0378832 0.0190856 0.00960594 0.00688013 0.00786112 0.0106661 0.0144184 0.0186603 0.0229993 0.0270151 0.0302995 0.0325347 0.033558 0.0333878 0.0321986 0.0302607 0.027864 0.0252557 0.022607 0.0200115 0.0175071 0.0151057 0.012817
 1.02529e-16 2.81773e-05 0.000165363 0.000786031 0.00302621 0.00943691 0.023837 0.0487745 0.0808524 0.108592 0.118196 0.104319 0.0748084 0.0439286 0.0218243 0.0104749 0.0068547 0.00737833 0.00982995 0.013188 0.016947 0.0207057 0.0240524 0.026599 0.0280567 0.0283004 0.0273917 0.0255519 0.0230973 0.0203588 0.0176145 0.0150506 0.0127572 0.0107496 0.0089998 0.00746678
 1.02519e-16 2.07931e-05 0.000121997 0.00057983 0.00223223 0.00696087 0.0175829 0.0359795 0.0596491 0.0801349 0.0872759 0.0771576 0.0556118 0.0332218 0.0175557 0.0101744 0.00894575 0.0112948 0.0155925 0.0209936 0.026921 0.0327743 0.0378901 0.0416389 0.0435586 0.0434607 0.0414687 0.037973 0.0335228 0.0286926 0.0239662 0.01967 0.0159625 0.0128659 0.0103193 0.0082293
 1.03876e-16 1.94502e-05 0.000114118 0.000542381 0.00208806 0.00651128 0.0164473 0.0336554 0.0557957 0.0749567 0.0816326 0.0721599 0.051991 0.0310225 0.0163297 0.00937048 0.00815171 0.0102739 0.014233 0.0192716 0.0248948 0.0305919 0.0357891 0.0399256 0.0425665 0.043494 0.0427444 0.0405757 0.0373852 0.0336049 0.0296122 0.0256795 0.0219664 0.0185438 0.0154311 0.0126281
 1.05622e-16 1.5282e-05 8.96423e-05 0.000426014 0.00164 0.00511402 0.012918 0.0264346 0.0438284 0.0588913 0.0641669 0.0567936 0.041078 0.0248287 0.0136518 0.00875176 0.00862416 0.0114321 0.0160096 0.0217276 0.028103 0.0345854 0.0405409 0.0453474 0.0485217 0.0498199 0.0492783 0.0471751 0.0439382 0.0400287 0.0358432 0.0316606 0.0276377 0.0238395 0.0202832 0.0169755
 1.09824e-16 5.96888e-06 3.49614e-05 0.000166044 0.000639032 0.00199253 0.00503344 0.0103026 0.0170914 0.0229946 0.0251316 0.0224272 0.0166206 0.0108455 0.00741184 0.00694295 0.00901437 0.0130432 0.0186327 0.0254746 0.0331701 0.0411532 0.048732 0.0552057 0.0600057 0.0628062 0.0635704 0.062515 0.0600164 0.0564946 0.0523174 0.0477525 0.0429687 0.0380705 0.0331414 0.028275
pSPR Fmed_Fpbrs
0.557488   0.254687 0.254687
Fs Fmed_Fpbrs
0.326587   1.005 1.005
SSBpbr Bo_Bmed_Bpbrs
965047  489750  197533 197533
Ro
30946
SPR SPRFo_SPRFmed_SPRFpbrs
637783 355556 162435
log_Ro
10.16
likeval ReclasPelacesDesembMPH_pf_preclas_ppelaces_ptallas_desvR_qrecl_qpela
 116.107 78.364 0.812816 0.000699532 327.77 216.074 80.2639 0 22.0004 0 0 0 0 0 0
q_reclas_q_pelaces
1 1
M
0.7
N
 27326.2 18398.1 9136.2 4536.9 4475.36
 39357.8 12190.3 7373.06 3661.35 3611.68
 11844.1 16870.6 4510.46 2728.06 2691.05
 19535.9 3946.86 3772.58 1008.62 1211.82
 44316.7 8586.93 1535.56 1467.75 863.879
 13915.8 21487.8 4065.3 726.977 1103.86
 83570.6 4956.94 5490.48 1038.75 467.809
 71833 34533.7 1704.51 1887.97 518.048
 146815 27292.1 10038.6 495.485 699.409
 208761 58896.1 8844.58 3253.23 387.231
 38746.1 92557.9 23314.3 3501.17 1441.09
 15194.8 15482.5 29760.9 7496.43 1589.12
 68291.6 5957.66 4793.03 9213.3 2812.68
 22307.7 23716.5 1446.94 1164.08 2920.75
 23263.3 6130.55 3607 220.062 621.255
 16099.3 7124.17 1157.8 681.209 158.889
 16962.7 6536.61 2365 384.353 278.886
 13510.5 7181.81 2359.6 853.725 239.418
 13250.6 5972.47 2826.21 928.559 430.177
 21813.9 5841.14 2337.13 1105.94 531.696
 45806.9 9481.21 2222.11 889.098 622.997
 46639 21413.1 4172.22 977.841 665.399
 49447.6 21555 9210.53 1794.62 706.817
 35003.6 22362.3 8877.65 3793.45 1030.24
 7925.27 15352.9 8663.19 3439.21 1868.7
pred_Ctot
 2010.21 2585.15 1283.75 637.489 628.841
 3905.38 2272.81 1374.67 682.64 673.379
 2866.71 6976.69 1865.26 1128.17 1112.86
 1625.18 623.31 595.787 159.287 191.377
 753.015 288.768 51.6389 49.3587 29.0512
 2883.49 7790.38 1473.87 263.565 400.204
 10196.1 1119.72 1240.24 234.642 105.673
 12323.1 10616.7 524.019 580.422 159.265
 20540.4 6987.32 2570.09 126.854 179.062
 16194.7 8704.66 1307.2 480.817 57.2315
 5511.32 24055.3 6059.27 909.935 374.533
 2331.03 4307.94 8280.85 2085.85 442.168
 15072.3 2279.63 1833.99 3525.36 1076.24
 7410.05 12635.1 770.861 620.169 1556.04
 6592.42 2884.32 1697.03 103.535 292.29
 2136.24 1738.06 282.464 166.192 38.7636
 1814.72 1307.41 473.033 76.8759 55.7811
 1074.02 1086.38 356.934 129.142 36.2165
 1077.51 923.089 436.812 143.516 66.4871
 1972 997.818 399.242 188.924 90.8275
 1938.6 781.699 183.207 73.3037 51.3644
 2334.33 2077.79 404.847 94.8837 64.5663
 3192.61 2673.5 1142.39 222.589 87.6674
 2960.13 3586.88 1423.96 608.463 165.249
 975.555 3496.51 1972.98 783.256 425.584
F
 0.107206 0.214412 0.214412 0.214412 0.214412
 0.147121 0.294241 0.294241 0.294241 0.294241
 0.398907 0.797813 0.797813 0.797813 0.797813
 0.122013 0.244026 0.244026 0.244026 0.244026
 0.0238772 0.0477543 0.0477543 0.0477543 0.0477543
 0.332235 0.66447 0.66447 0.66447 0.66447
 0.183757 0.367514 0.367514 0.367514 0.367514
 0.267747 0.535493 0.535493 0.535493 0.535493
 0.213396 0.426792 0.426792 0.426792 0.426792
 0.113354 0.226708 0.226708 0.226708 0.226708
 0.21732 0.43464 0.43464 0.43464 0.43464
 0.236273 0.472547 0.472547 0.472547 0.472547
 0.357614 0.715228 0.715228 0.715228 0.715228
 0.591648 1.1833 1.1833 1.1833 1.1833
 0.483382 0.966764 0.966764 0.966764 0.966764
 0.201357 0.402714 0.402714 0.402714 0.402714
 0.159463 0.318926 0.318926 0.318926 0.318926
 0.116307 0.232615 0.232615 0.232615 0.232615
 0.119119 0.238238 0.238238 0.238238 0.238238
 0.133235 0.266469 0.266469 0.266469 0.266469
 0.0604323 0.120865 0.120865 0.120865 0.120865
 0.0718268 0.143654 0.143654 0.143654 0.143654
 0.0935362 0.187072 0.187072 0.187072 0.187072
 0.124147 0.248295 0.248295 0.248295 0.248295
 0.185537 0.371075 0.371075 0.371075 0.371075
nmprior
 10 11 7 0
nm_flota  nm_reclas  nm_pelaces    nm_pelaL
inf 11.5044 6.7252 9.84569
cv_recla  cv_pelaces  cv_mph
0.97466 1.04165 0.858108
 ------------------------------------------------
Talla a la edad & desviación 
 7.2 14.2025 17.0495 18.207 18.6776
 1.08 2.13037 2.55742 2.73105 2.80164
