years
 1997 1998 1999 2000 2001 2002 2003 2004 2005 2006 2007 2008 2009 2010 2011 2012 2013 2014 2015 2016 2017 2018 2019 2020 2021
reclasobs
 0 0 0 370054 412103 1.49427e+06 250295 1.28982e+06 931140 785840 897777 1.04006e+06 184774 17550 25797 100020 73551 82996 120727 218422 84188 347160 605670 569463 516374
reclaspred
 1.59869e+06 198168 213124 99501.6 259034 254987 551637 471996 610075 1.09405e+06 948939 597358 382950 165399 100228 95265.8 105475 123174 103150 182544 316993 279799 424889 382951 254924
pelacesobs
 0 0 0 0 0 0 0 0 0 2.06254e+06 1.5e+06 0 1.87456e+06 323000 250000 174000 83755 137374 0 501740 490994 745055 786931 1.00524e+06 0
pelacespred
 1.00009e+06 353330 81474.3 87589.4 211318 150498 481376 395831 516889 938372 707807 457031 309031 104563 64252.7 65286.3 74868.5 89796.2 74307.2 134033 261830 223383 266146 278552 181325
mphobs
 0 0 0 0 0 112323 0 153150 637223 0 255016 313432 73983 77613 109348 50772 0 0 0 0 0 0 0 0 0
mphpred
 640683 269423 108719 40272.9 53090.9 132163 141325 183770 200164 276920 492853 345639 188987 109059 45557.2 35919.5 40106.3 47651.2 49846.2 46927.7 100876 132288 150505 177686 166432
desembarqueobs
 350755 77701 442110 56441 14545 235359 269955 359681 431902 328805 639364 411747 362871 311530 167758 66681 60226 58785 57116 71774 51957 67425 138520 160799 200461
desembarquepred
 350743 77679.3 441512 56413.9 14544.1 235231 269872 359135 431464 328560 638677 411414 362315 311058 167427 66632.8 60206.4 58747.3 57071.9 71708 51944.1 67388.4 138442 160722 200430
Reclutas
 6855.38 11370.4 1611.15 18459.5 52252.8 16177.8 53118.7 72026.2 90326.1 211752 54716.2 23524.5 53596.2 21484.2 14370.3 14870.1 9822.03 9607.16 7360.65 28316.7 31141.7 32272.8 45240.6 27795.3 449.116
log_desv_Rt
 -1.08721 -0.581233 -2.5353 -0.0966657 0.943849 -0.228602 0.960285 1.26479 1.49118 2.34317 0.989915 0.145796 0.969233 0.0550729 -0.347083 -0.312891 -0.727617 -0.749736 -1.0161 0.331207 0.426303 0.461979 0.79975 0.312623 -3.81272
SSB
 1.59086e+06 668995 269956 100000 131828 328169 350921 456313 497021 687611 1.22379e+06 858245 469267 270802 113122 89190.7 99586.8 118321 123772 116525 250483 328480 373713 441206 413263
BT
 2.01154e+06 802217 393154 221170 390345 453189 1.05921e+06 1.09558e+06 1.31592e+06 1.98483e+06 1.82119e+06 1.18623e+06 912038 482669 253567 171636 183758 208529 183523 300085 509994 464887 576430 639649 506158
Ftot
 0.198673 0.305993 1.40222 0.893694 0.141427 0.971083 0.824314 1.53518 1.40457 0.719446 0.761695 0.595793 1.13815 2.11394 2.40094 1.06391 0.810954 0.609002 0.612369 0.770086 0.255697 0.28205 0.373355 0.456905 0.621796
BD_Bspro_t
 0.975403 0.823465 0.555491 0.204232 0.404706 0.677325 0.507807 0.522516 0.499898 0.532352 0.635109 0.472044 0.333961 0.256824 0.144445 0.143386 0.208099 0.308856 0.372174 0.415831 0.62956 0.739468 0.728916 0.697066 0.599434
BD_Bspro
 3.79632 1.59644 0.644205 0.238634 0.314586 0.783119 0.837413 1.08891 1.18606 1.64087 2.92036 2.04806 1.11983 0.646224 0.269946 0.212839 0.237647 0.282354 0.29536 0.278066 0.597735 0.783861 0.891804 1.05286 0.986183
BD_Bo
 1.74538 0.733974 0.296177 0.109713 0.144633 0.360043 0.385005 0.500634 0.545296 0.754397 1.34265 0.941605 0.514846 0.297105 0.124109 0.0978537 0.109259 0.129814 0.135793 0.127842 0.274812 0.360384 0.410012 0.48406 0.453403
BD_Brms
 4.76497 2.00379 0.808579 0.299523 0.394855 0.982938 1.05109 1.36676 1.48869 2.05955 3.66551 2.57063 1.40556 0.811112 0.338824 0.267146 0.298284 0.354398 0.370723 0.349017 0.750251 0.983869 1.11935 1.32151 1.23781
S_f
 0.0976411 0.672767 0.975039 0.998654 0.999929
 0.0976411 0.672767 0.975039 0.998654 0.999929
 0.0976411 0.672767 0.975039 0.998654 0.999929
 0.0976411 0.672767 0.975039 0.998654 0.999929
 0.0976411 0.672767 0.975039 0.998654 0.999929
 0.0976411 0.672767 0.975039 0.998654 0.999929
 0.0976411 0.672767 0.975039 0.998654 0.999929
 0.0976411 0.672767 0.975039 0.998654 0.999929
 0.0976411 0.672767 0.975039 0.998654 0.999929
 0.0976411 0.672767 0.975039 0.998654 0.999929
 0.0976411 0.672767 0.975039 0.998654 0.999929
 0.0976411 0.672767 0.975039 0.998654 0.999929
 0.0976411 0.672767 0.975039 0.998654 0.999929
 0.0976411 0.672767 0.975039 0.998654 0.999929
 0.0976411 0.672767 0.975039 0.998654 0.999929
 0.0976411 0.672767 0.975039 0.998654 0.999929
 0.0976411 0.672767 0.975039 0.998654 0.999929
 0.0976411 0.672767 0.975039 0.998654 0.999929
 0.0976411 0.672767 0.975039 0.998654 0.999929
 0.0976411 0.672767 0.975039 0.998654 0.999929
 0.0976411 0.672767 0.975039 0.998654 0.999929
 0.0976411 0.672767 0.975039 0.998654 0.999929
 0.0976411 0.672767 0.975039 0.998654 0.999929
 0.0976411 0.672767 0.975039 0.998654 0.999929
 0.0976411 0.672767 0.975039 0.998654 0.999929
Scru_reclas
 0.910749 1 1 1 1
 0.910749 1 1 1 1
 0.910749 1 1 1 1
 0.910749 1 1 1 1
 0.910749 1 1 1 1
 0.910749 1 1 1 1
 0.910749 1 1 1 1
 0.910749 1 1 1 1
 0.910749 1 1 1 1
 0.910749 1 1 1 1
 0.910749 1 1 1 1
 0.910749 1 1 1 1
 0.910749 1 1 1 1
 0.910749 1 1 1 1
 0.910749 1 1 1 1
 0.910749 1 1 1 1
 0.910749 1 1 1 1
 0.910749 1 1 1 1
 0.910749 1 1 1 1
 0.910749 1 1 1 1
 0.910749 1 1 1 1
 0.910749 1 1 1 1
 0.910749 1 1 1 1
 0.910749 1 1 1 1
 0.910749 1 1 1 1
Scru_pelaces
 1 1 1 1 1
 1 1 1 1 1
 1 1 1 1 1
 1 1 1 1 1
 1 1 1 1 1
 1 1 1 1 1
 1 1 1 1 1
 1 1 1 1 1
 1 1 1 1 1
 1 1 1 1 1
 1 1 1 1 1
 1 1 1 1 1
 1 1 1 1 1
 1 1 1 1 1
 1 1 1 1 1
 1 1 1 1 1
 1 1 1 1 1
 1 1 1 1 1
 1 1 1 1 1
 1 1 1 1 1
 1 1 1 1 1
 1 1 1 1 1
 1 1 1 1 1
 1 1 1 1 1
 1 1 1 1 1
pf_obs 
 0.256992 0.487395 0.22802 0.0275931 0
 0.321318 0.546541 0.124235 0.00734118 0.000564706
 0.182869 0.594174 0.210203 0.0122559 0.00049798
 0.330522 0.361315 0.267642 0.0388342 0.00168674
 0.649043 0.306663 0.0425973 0.00169635 0
 0.582887 0.30429 0.105238 0.00758474 0
 0.465427 0.430635 0.0974691 0.00646863 0
 0.296916 0.608066 0.0921331 0.00288517 0
 0.311714 0.524322 0.152257 0.0117073 0
 0.15457 0.633149 0.183074 0.0267441 0.00246327
 0.131901 0.49318 0.331252 0.0422183 0.00144891
 0.196976 0.569456 0.194076 0.0375587 0.00193317
 0.518974 0.381816 0.0799577 0.0180837 0.00116848
 0.0928022 0.601141 0.25162 0.0475244 0.00691264
 0.122501 0.610282 0.24278 0.0234846 0.000952079
 0.383417 0.481906 0.127806 0.00687128 0
 0.0376549 0.599619 0.316969 0.0457579 0
 0.0361596 0.667082 0.258105 0.0386534 0
 0.158088 0.579412 0.248529 0.0139706 0
 0.0477256 0.309471 0.559284 0.082774 0.000745712
 0.0406174 0.521527 0.379366 0.0568643 0.0016247
 0.151134 0.462217 0.34131 0.0453401 0
 0.294876 0.26143 0.354403 0.0886775 0.000613685
 0.281977 0.475581 0.204845 0.0348837 0.00271318
 0 0 0 0 0
pf_pred 
 0.0140443 0.645051 0.301694 0.0392082 2.59868e-06
 0.0398911 0.0747946 0.651559 0.20747 0.0262855
 0.0156707 0.266118 0.0817567 0.471803 0.164652
 0.453546 0.0954448 0.189343 0.0310127 0.230654
 0.454881 0.486267 0.0156396 0.0185393 0.0246726
 0.0872835 0.755704 0.145216 0.00319453 0.00860165
 0.355088 0.276223 0.328854 0.0369487 0.00288646
 0.338548 0.555863 0.0587471 0.0419395 0.00490291
 0.330483 0.56213 0.0979839 0.00534256 0.00406086
 0.433342 0.463476 0.0936719 0.00871197 0.000798456
 0.0759692 0.780596 0.126199 0.0156949 0.00154082
 0.0541765 0.346166 0.539344 0.0532808 0.00703205
 0.233405 0.253325 0.246112 0.241049 0.0261099
 0.140709 0.677903 0.0858802 0.046773 0.0487348
 0.219334 0.546782 0.209497 0.0119144 0.0124734
 0.285374 0.580981 0.113351 0.0182992 0.00199435
 0.166038 0.63818 0.173077 0.0193699 0.00333417
 0.176204 0.490994 0.280877 0.0460875 0.00583701
 0.144479 0.523792 0.232863 0.0838509 0.015015
 0.444959 0.30973 0.175958 0.0491463 0.0202076
 0.241191 0.652984 0.0715059 0.0248559 0.00946407
 0.175961 0.528174 0.26695 0.0197058 0.00920881
 0.208345 0.451035 0.247809 0.0839607 0.00885026
 0.117273 0.562742 0.214212 0.0775406 0.0282329
 0.00272887 0.475084 0.382614 0.094352 0.045221
pobs_RECLAS
 0 0 0 0 0
 0 0 0 0 0
 0 0 0 0 0
 0 0 0 0 0
 0.835266 0.146461 0.0176864 0.000547809 3.91292e-05
 0.385257 0.428462 0.181853 0.0044286 0
 0.867414 0.0963971 0.0333333 0.00285562 0
 0.441836 0.489002 0.0689373 0.000224442 0
 0.779404 0.147425 0.0564933 0.0165055 0.000172143
 0.814271 0.122319 0.05973 0.00367925 0
 0.40263 0.566651 0.0304383 0.000280538 0
 0.475488 0.404961 0.113038 0.00651328 0
 0.955842 0.0263864 0.0167828 0.000988607 0
 0.975058 0.0227948 0.00214734 0 0
 0.738997 0.206755 0.0527124 0.00153531 0
 0.850938 0.134255 0.0134407 0.00136685 0
 0.542534 0.407297 0.0501686 0 0
 0.764087 0.199537 0.0359546 0.000420521 0
 0.470689 0.182191 0.310203 0.0369168 0
 0.84361 0.089868 0.0606195 0.00523954 0.000663233
 0.607945 0.314616 0.071237 0.00620181 0
 0.523733 0.453247 0.0230204 0 0
 0.530135 0.295979 0.169645 0.0042399 0
 0.562478 0.366248 0.0663022 0.0049721 0
 0.250443 0.683176 0.0655157 0.000865301 0
ppred_RECLAS
 0.0917706 0.666787 0.214263 0.0271779 1.79899e-06
 0.272186 0.0803671 0.479583 0.14901 0.0188542
 0.12904 0.322006 0.0641537 0.359528 0.125273
 0.883469 0.028355 0.0376176 0.00599967 0.0445586
 0.845059 0.14323 0.0031694 0.00366735 0.00487432
 0.400776 0.526518 0.0673838 0.0014429 0.00387959
 0.815925 0.0972284 0.0776822 0.00850154 0.000663214
 0.789059 0.188271 0.0127824 0.00885449 0.00103346
 0.78078 0.195115 0.0220519 0.00116764 0.000886126
 0.840634 0.138604 0.018893 0.00171228 0.000156715
 0.360375 0.569414 0.0619658 0.00750841 0.000736103
 0.31705 0.314494 0.33224 0.0319982 0.00421744
 0.72611 0.11819 0.0757444 0.0721519 0.00780372
 0.565151 0.374548 0.0290796 0.0153043 0.015917
 0.705708 0.234632 0.0536454 0.00294135 0.00307331
 0.738805 0.226775 0.0293141 0.00460442 0.00050108
 0.584692 0.344542 0.0627494 0.00684069 0.00117585
 0.613479 0.26519 0.102806 0.016445 0.00207995
 0.555005 0.312083 0.09401 0.0330007 0.00590134
 0.859417 0.0919457 0.0351463 0.00956401 0.00392699
 0.678242 0.289795 0.0217701 0.00738499 0.00280823
 0.60443 0.286009 0.099092 0.00713802 0.00333135
 0.660433 0.224463 0.0843038 0.0278662 0.0029335
 0.490492 0.368036 0.0954964 0.0337163 0.01226
 0.020858 0.562927 0.307068 0.0738164 0.0353306
pobs_PELACES
 0 0 0 0 0
 0 0 0 0 0
 0 0 0 0 0
 0 0 0 0 0
 0 0 0 0 0
 0 0 0 0 0
 0 0 0 0 0
 0 0 0 0 0
 0 0 0 0 0
 0 0 0 0 0
 0.450072 0.473896 0.0757376 0.000293798 0
 0 0 0 0 0
 0.463077 0.371075 0.160297 0.00555027 0
 0.529543 0.364841 0.0842815 0.0213345 0
 0.631943 0.363953 0.00410389 0 0
 0.735681 0.248677 0.0153453 0.000297389 0
 0.695825 0.281241 0.0229344 0 0
 0.275771 0.60734 0.115278 0.00161068 0
 0 0 0 0 0
 0.896147 0.0623911 0.0374545 0.00400742 0
 0.803859 0.145111 0.0509908 3.86294e-05 0
 0.739449 0.233085 0.0266225 0.000797448 4.60066e-05
 0.878498 0.100942 0.0204185 0.000141795 0
 0.694673 0.275183 0.0284847 0.00165964 0
 0 0 0 0 0
ppred_PELACES
 0.103797 0.661438 0.208374 0.0263899 1.74669e-06
 0.309098 0.0784306 0.453958 0.140712 0.017802
 0.188746 0.328729 0.0569445 0.315657 0.109923
 0.913616 0.0225392 0.0273516 0.00433207 0.0321614
 0.860304 0.129282 0.0028207 0.00326027 0.004333
 0.471752 0.469442 0.0545326 0.00115891 0.00311475
 0.855347 0.0793853 0.0584196 0.0063525 0.000495393
 0.848126 0.137719 0.0080227 0.00549129 0.000640509
 0.838194 0.146128 0.0143563 0.000751882 0.00057027
 0.87013 0.113986 0.0144614 0.00130331 0.000119249
 0.418837 0.521596 0.0526091 0.00633693 0.000621055
 0.370766 0.29914 0.297786 0.028547 0.00376162
 0.794112 0.0948516 0.0542638 0.0512337 0.00553862
 0.686652 0.277482 0.0174477 0.00903253 0.00938576
 0.812792 0.156042 0.0280786 0.001511 0.00157719
 0.793914 0.181361 0.0210832 0.00328423 0.00035725
 0.646321 0.297385 0.0499523 0.0054113 0.000929833
 0.66595 0.233561 0.0852081 0.0135655 0.0017153
 0.610374 0.278287 0.0788621 0.0275515 0.00492561
 0.888605 0.0748101 0.0264818 0.00716311 0.00294023
 0.708949 0.262812 0.0192458 0.0065157 0.00247741
 0.640779 0.261754 0.0881725 0.0063375 0.00295739
 0.69895 0.201552 0.0729314 0.0240371 0.00253001
 0.538655 0.337526 0.0836779 0.0294386 0.0107024
 0.0263134 0.574781 0.294678 0.0704956 0.0337323
pobs_pel_tallas
 0 0 0 0 0 0 0 0 0 0 0 0 0 0 0 0 0 0 0 0 0 0 0 0 0 0 0 0 0 0 0 0 0 0 0 0
 0 0 0 0 0 0 0 0 0 0 0 0 0 0 0 0 0 0 0 0 0 0 0 0 0 0 0 0 0 0 0 0 0 0 0 0
 0 0 0 0 0 0 0 0 0 0 0 0 0 0 0 0 0 0 0 0 0 0 0 0 0 0 0 0 0 0 0 0 0 0 0 0
 0 0 0 0 0 0 0 0 0 0 0 0 0 0 0 0 0 0 0 0 0 0 0 0 0 0 0 0 0 0 0 0 0 0 0 0
 0 0 0 0 0 0 0 0 0 0 0 0 0 0 0 0 0 0 0 0 0 0 0 0 0 0 0 0 0 0 0 0 0 0 0 0
 0 0 0 0 0 0 0 0 0 0 0 0 0 0 0 0 0 0 0 0 0 0 0 0 0 0 0 0 0 0 0 0 0 0 0 0
 0 0 0 0 0 0 0 0 0 0 0 0 0 0 0 0 0 0 0 0 0 0 0 0 0 0 0 0 0 0 0 0 0 0 0 0
 0 0 0 0 0 0 0 0 0 0 0 0 0 0 0 0 0 0 0 0 0 0 0 0 0 0 0 0 0 0 0 0 0 0 0 0
 0 0 0 0 0 0 0 0 0 0 0 0 0 0 0 0 0 0 0 0 0 0 0 0 0 0 0 0 0 0 0 0 0 0 0 0
 0 0 0 0 0 0 0 0 0 0 0 0 0 0 0 0 0 0 0 0 0 0 0 0 0 0 0 0 0 0 0 0 0 0 0 0
 0 0 0 0 0 0 0 0 1.78061e-05 0.00172719 0.00360574 0.0105946 0.0120993 0.0124554 0.0147524 0.0171206 0.0266825 0.0428682 0.0675386 0.121331 0.153587 0.119568 0.100827 0.0573624 0.0630603 0.0341343 0.0324427 0.0444173 0.0211091 0.0280891 0.0125444 0.00206551 0 0 0 0
 0 0 0 0 0 0 0 0 0 0 0 0 0 0 0 0 0 0 0 0 0 0 0 0 0 0 0 0 0 0 0 0 0 0 0 0
 0 0 0 0 0 0 0.0133647 0.0140871 0.0187388 0.0205184 0.03894 0.0496705 0.03968 0.0493445 0.0407372 0.0367815 0.0215668 0.0243155 0.0234873 0.0199281 0.019796 0.0243948 0.0301388 0.0376714 0.0412746 0.0863199 0.0771752 0.113111 0.0741005 0.0525337 0.0229764 0.00759418 0.00175318 0 0 0
 0 0 0 0 0 0 0 0 0 0 0.00219441 0.00772107 0.0458388 0.0604681 0.0671733 0.0775358 0.0609151 0.0617685 0.073594 0.0568108 0.0755445 0.0548602 0.0670107 0.0636378 0.0643287 0.046367 0.0373049 0.0286899 0.0247887 0.0153202 0.00654259 0.00121912 0.000365735 0 0 0
 0 0 0 0 0 0 0 0 0 0 0 0 0.000112435 0.00938835 0.0111873 0.0202946 0.0414886 0.0713402 0.111592 0.104902 0.108894 0.110636 0.117776 0.105296 0.107544 0.0401394 0.0192827 0.0124803 0.00416011 0.0028671 0.000618394 0 0 0 0 0
 0 0 0 0 0 0 0 0 0 0 0.00291406 0.0102884 0.027416 0.0768956 0.0749926 0.110853 0.0956884 0.0897413 0.0766577 0.0534642 0.0500743 0.0551293 0.0594112 0.0620874 0.0668451 0.0424026 0.0208742 0.0120726 0.0048766 0.00582813 0.00118941 0.000297354 0 0 0 0
 0 0.00264628 0.0354308 0.0461629 0.0458689 0.0383711 0.0214643 0.0164657 0.0346957 0.0420465 0.0363128 0.0245516 0.0311673 0.0291091 0.0169068 0.0133784 0.00837989 0.0085269 0.0148486 0.0160247 0.0276389 0.0546898 0.0760071 0.122758 0.109233 0.0665981 0.0333725 0.0166128 0.00676272 0.00308733 0.000882094 0 0 0 0 0
 0 0 0 0 0 0 0 0.000805153 0.000690131 0.00759144 0.0133425 0.0154129 0.00931677 0.000345066 0.00356568 0.00563607 0.00851162 0.0253048 0.0502646 0.0516448 0.0657925 0.0565908 0.0611916 0.0827007 0.0866115 0.110766 0.145733 0.0935128 0.0569358 0.0249597 0.0138026 0.00621118 0.00161031 0.00115022 0 0
 0 0 0 0 0 0 0 0 0 0 0 0 0 0 0 0 0 0 0 0 0 0 0 0 0 0 0 0 0 0 0 0 0 0 0 0
 0.00147267 0.00158595 0.00478618 0.00569244 0.00954404 0.0108468 0.00647125 0.017049 0.0510054 0.094081 0.124002 0.0959785 0.0687766 0.0820023 0.061753 0.0591476 0.0492212 0.0479892 0.0443925 0.0268479 0.0217502 0.0140895 0.0121071 0.0120363 0.00920419 0.00665534 0.0049561 0.00860946 0.00930331 0.0156896 0.0114698 0.00855282 0.00243557 0.00046729 0 2.83206e-05
 0 0 0 0 0.000772559 0.00158375 0.000888443 0.00281984 0.00712685 0.0440552 0.0773331 0.111326 0.0921469 0.0852325 0.0710754 0.0886704 0.0786465 0.0553345 0.0373146 0.0185414 0.00753245 0.00457741 0.012979 0.0271748 0.0457355 0.0583668 0.034881 0.0177882 0.00938659 0.00492506 0.0015258 0.00185414 0.000309023 5.79419e-05 3.86279e-05 0
 0 0.00173294 0.00326652 0 0.00397197 0.00683976 0.00946217 0.0152591 0.00757587 0.0136028 0.0228656 0.0392903 0.0559909 0.0764795 0.0681675 0.0726916 0.0566044 0.0477403 0.0527397 0.0444891 0.0609904 0.0582453 0.0661739 0.0445044 0.0529084 0.0360697 0.0280645 0.0235558 0.0158879 0.00826598 0.00280645 0.00217768 0.000904811 0.00058276 9.20147e-05 0
 0 0 0 0 0 0 0 0 0 0 0 0 0 0 0 0 0 0 0 0 0 0 0 0 0 0 0 0 0 0 0 0 0 0 0 0
 0 0 0 0 0 0 0 0 0 0 0 0 0 0 0 0 0 0 0 0 0 0 0 0 0 0 0 0 0 0 0 0 0 0 0 0
 0 0 0 0 0 0 0 0 0 0 0 0 0 0 0 0 0 0 0 0 0 0 0 0 0 0 0 0 0 0 0 0 0 0 0 0
ppred_pel_tallas
 1.04081e-16 4.56596e-06 2.67056e-05 0.000126751 0.000487673 0.00152047 0.00384131 0.00786501 0.0130568 0.0175945 0.0193033 0.0174005 0.0132713 0.0093918 0.00763819 0.00861928 0.0121384 0.0178317 0.025381 0.0343956 0.0442548 0.0540708 0.0627889 0.0693837 0.0730821 0.0735346 0.0708829 0.0656935 0.0587953 0.0510738 0.0432937 0.0359943 0.0294711 0.0238193 0.0190094 0.0149568
 1.12137e-16 1.34949e-05 7.91787e-05 0.000376331 0.00144882 0.0045179 0.0114118 0.0233506 0.0387082 0.0519904 0.0565925 0.0499586 0.0358507 0.0211068 0.0106024 0.00531851 0.00386187 0.00460051 0.00659184 0.00949623 0.0132387 0.0177844 0.0230449 0.0288491 0.0349416 0.0409938 0.0466255 0.0514359 0.0550438 0.057134 0.0575028 0.0560934 0.0530133 0.0485233 0.0430031 0.0368959
 1.16898e-16 8.25568e-06 4.84005e-05 0.000229965 0.000885197 0.00276023 0.00697241 0.0142689 0.0236617 0.0318054 0.0346856 0.0307736 0.0224186 0.0138725 0.00821327 0.00615714 0.00696581 0.00971703 0.0138307 0.0189807 0.0248747 0.0311398 0.0373268 0.0429845 0.0477498 0.0514161 0.0539514 0.0554606 0.0561108 0.056049 0.0553471 0.0539911 0.0519132 0.0490465 0.0453819 0.0410014
 1.02048e-16 3.98515e-05 0.000233922 0.00111202 0.00428142 0.0133513 0.0337241 0.0690025 0.114374 0.153583 0.167084 0.147272 0.105187 0.0609136 0.0286761 0.0111226 0.00382074 0.00159001 0.00128405 0.00159086 0.00209738 0.00268908 0.00332044 0.00395649 0.00456525 0.00511995 0.00560065 0.0059932 0.00628664 0.00647072 0.00653491 0.00646989 0.00627075 0.00594042 0.00549193 0.00494853
 1.00397e-16 3.75311e-05 0.00022029 0.00104719 0.00403177 0.0125727 0.0317577 0.0649798 0.107709 0.144643 0.157383 0.13878 0.0992489 0.0577317 0.0276606 0.0115722 0.00533261 0.00408658 0.00486088 0.00636134 0.00808596 0.00976784 0.0111841 0.0121384 0.012494 0.0122058 0.0113313 0.0100142 0.00844805 0.00683027 0.00532352 0.00403263 0.00300077 0.00222085 0.0016545 0.0012512
 1.01113e-16 2.06024e-05 0.000120872 0.000574471 0.00221157 0.00689645 0.0174203 0.0356471 0.0590998 0.0794019 0.086491 0.0764955 0.0552035 0.0331157 0.0177497 0.0106745 0.00979747 0.0125771 0.0173886 0.0233562 0.0298385 0.0361459 0.0415168 0.0452353 0.0467886 0.0459884 0.0430153 0.0383634 0.0327119 0.0267656 0.021116 0.0161585 0.0120774 0.00888166 0.00646842 0.0046863
 1.01097e-16 3.73131e-05 0.000219015 0.00104113 0.00400847 0.0125001 0.0315741 0.0646039 0.107085 0.143801 0.156456 0.137939 0.098596 0.0572483 0.0272365 0.011067 0.00461734 0.00305697 0.00344307 0.00452447 0.00586115 0.00726441 0.00859316 0.00971723 0.0105308 0.0109711 0.0110272 0.0107353 0.0101636 0.00939238 0.00849711 0.00753881 0.00656236 0.00559998 0.00467664 0.0038137
 1.00378e-16 3.70005e-05 0.000217174 0.00103237 0.00397472 0.0123948 0.0313083 0.0640604 0.106185 0.142598 0.15516 0.136826 0.0978649 0.0569537 0.0273387 0.0115254 0.00544345 0.0043102 0.00519532 0.00681946 0.00867891 0.0104969 0.012037 0.0130889 0.013505 0.0132339 0.0123331 0.0109517 0.0092923 0.0075633 0.00593748 0.00452803 0.00338424 0.0025031 0.00184874 0.00137201
 1.00305e-16 3.65678e-05 0.000214633 0.00102029 0.00392819 0.0122497 0.0309418 0.0633106 0.104943 0.140931 0.153348 0.135234 0.0967391 0.0563247 0.0270857 0.0115032 0.00555917 0.00453038 0.00552138 0.00726392 0.00925115 0.0111956 0.0128468 0.0139805 0.0144376 0.0141612 0.0132095 0.0117384 0.00996175 0.00810066 0.00634026 0.00480385 0.00354795 0.0025738 0.00184732 0.00131913
 1.00293e-16 3.7959e-05 0.000222804 0.00105914 0.00407779 0.0127163 0.0321202 0.0657214 0.108938 0.146292 0.159173 0.14035 0.100352 0.0583349 0.0278774 0.011539 0.00513285 0.00374511 0.00437057 0.0057095 0.00727142 0.00881006 0.0101261 0.0110433 0.0114366 0.0112592 0.0105537 0.00943884 0.00807801 0.0066412 0.0052712 0.00406385 0.00306421 0.00227538 0.00167367 0.00122377
 1.01164e-16 1.82972e-05 0.000107333 0.000510096 0.0019637 0.00612345 0.0154678 0.0316526 0.0524804 0.0705181 0.0768389 0.0680182 0.0492147 0.029781 0.0164309 0.0106035 0.0104856 0.013851 0.019257 0.0258808 0.0330551 0.0400239 0.0459431 0.050019 0.0516845 0.0507346 0.047375 0.04216 0.0358493 0.0292296 0.0229594 0.0174774 0.0129851 0.00948795 0.00686622 0.00494638
 1.05482e-16 1.61926e-05 9.49969e-05 0.000451489 0.00173812 0.00542002 0.0136908 0.0280151 0.0464455 0.0623973 0.0679595 0.0600854 0.0433177 0.0259018 0.0137389 0.00805988 0.00723026 0.00928451 0.0130087 0.0178135 0.0233247 0.0291436 0.0347968 0.0397906 0.043698 0.0462339 0.0472935 0.0469407 0.0453611 0.0427986 0.0395014 0.0356921 0.0315623 0.0272819 0.0230105 0.0189009
 1.02821e-16 3.46436e-05 0.000203341 0.000966613 0.00372155 0.0116053 0.0293141 0.0599798 0.0994207 0.133512 0.145267 0.128088 0.0915846 0.0532382 0.0254439 0.0105408 0.00471453 0.00349232 0.0041495 0.00552454 0.00719967 0.00898145 0.0107144 0.0122515 0.0134723 0.0143027 0.0147246 0.0147682 0.0144936 0.0139687 0.0132515 0.0123829 0.0113895 0.010292 0.00911489 0.0078915
 1.01088e-16 2.99651e-05 0.000175857 0.000835918 0.00321828 0.0100359 0.0253499 0.0518702 0.0859841 0.115485 0.125698 0.11094 0.0795561 0.0467154 0.0232047 0.0111265 0.00725712 0.00777426 0.0103073 0.0137508 0.0175449 0.0212404 0.0243819 0.0265496 0.0274464 0.0269679 0.0252277 0.0225231 0.0192579 0.0158464 0.0126316 0.00983648 0.00755669 0.00578396 0.00444585 0.00344509
 1.00576e-16 3.54605e-05 0.000208131 0.000989376 0.00380918 0.0118786 0.0300043 0.0613926 0.101764 0.136663 0.148708 0.131151 0.0938386 0.0546763 0.026369 0.0113304 0.00567247 0.00482184 0.00597408 0.00789671 0.0100882 0.0122526 0.0141247 0.0154635 0.0160945 0.0159488 0.015078 0.0136366 0.0118406 0.0099162 0.00805465 0.00638591 0.00497366 0.00382691 0.00291995 0.00221203
 1.00489e-16 3.46384e-05 0.000203302 0.000966414 0.00372075 0.0116028 0.0293078 0.0599677 0.099403 0.133495 0.145267 0.128133 0.0917134 0.0535077 0.0259357 0.0113667 0.00601437 0.00541848 0.00683799 0.00905464 0.0115498 0.0139935 0.01608 0.0175313 0.018149 0.0178597 0.0167325 0.0149567 0.0127935 0.0105133 0.00834309 0.00643446 0.00485783 0.00361669 0.00267194 0.00196628
 1.01036e-16 2.82074e-05 0.000165536 0.000786845 0.00302933 0.00944662 0.0238616 0.0488251 0.0809375 0.10871 0.118333 0.104462 0.07496 0.0441151 0.0220967 0.0109024 0.0075171 0.00835804 0.0111993 0.0149904 0.0191754 0.023284 0.0268283 0.0293518 0.0305235 0.0302141 0.028524 0.0257503 0.0223074 0.0186282 0.0150781 0.0119049 0.00922915 0.00706611 0.00536455 0.00404437
 1.01832e-16 2.90609e-05 0.000170552 0.000810704 0.00312121 0.00973318 0.0245853 0.0503055 0.0833895 0.111997 0.121896 0.107569 0.0771057 0.0452107 0.0223373 0.0105158 0.00661509 0.00693054 0.00917876 0.01232 0.0158599 0.0194221 0.0226237 0.0250998 0.0265728 0.0269114 0.0261543 0.0244881 0.0221914 0.0195642 0.0168671 0.014286 0.0119261 0.00982736 0.00798965 0.00639585
 1.02388e-16 2.66392e-05 0.000156331 0.000743086 0.00286085 0.00892125 0.0225345 0.0461097 0.0764363 0.102665 0.111753 0.0986553 0.070797 0.0416734 0.0208906 0.0103385 0.00717548 0.00802649 0.0108006 0.0145197 0.0186738 0.0228333 0.0265475 0.0293872 0.0310306 0.0313327 0.0303527 0.0283253 0.0255922 0.0225149 0.0194018 0.0164655 0.0138172 0.0114873 0.0094584 0.00769583
 1.00784e-16 3.8763e-05 0.000227528 0.0010816 0.0041643 0.0129861 0.0328016 0.0671154 0.111247 0.14939 0.162534 0.143291 0.102407 0.0594313 0.0282184 0.0113653 0.00458123 0.00283968 0.0030762 0.00398664 0.00511399 0.0062681 0.00731428 0.00813461 0.00864041 0.00878944 0.00859314 0.00810939 0.00742463 0.00663149 0.00580961 0.00501489 0.00427805 0.00361002 0.00301035 0.00247464
 1.00699e-16 3.09368e-05 0.000181564 0.000863048 0.00332274 0.0103616 0.0261728 0.0535537 0.0887741 0.11923 0.129768 0.114519 0.0820931 0.0481456 0.0238047 0.0112302 0.00708361 0.0074109 0.00976369 0.01301 0.0165922 0.0200775 0.0230317 0.0250555 0.0258657 0.0253628 0.0236544 0.0210235 0.0178554 0.0145472 0.0114292 0.00871902 0.00651288 0.00480756 0.00353706 0.00260946
 1.01693e-16 2.79644e-05 0.000164112 0.000780083 0.00300331 0.00936548 0.0236566 0.0484054 0.0802409 0.107772 0.117306 0.103539 0.0742633 0.0436365 0.0217313 0.0105178 0.00699877 0.0076207 0.0101863 0.013679 0.0175881 0.0215002 0.0249864 0.0276384 0.0291481 0.0293744 0.0283696 0.026354 0.0236517 0.0206106 0.0175317 0.0146287 0.0120204 0.00974744 0.00780184 0.00615384
 1.02046e-16 3.04984e-05 0.000178995 0.000850849 0.00327579 0.0102152 0.0258029 0.0527966 0.0875175 0.117538 0.127915 0.112855 0.0808399 0.0472891 0.0231573 0.0105557 0.00617795 0.00612214 0.00799026 0.0107086 0.0137982 0.0169242 0.0197561 0.0219804 0.0233575 0.0237723 0.0232537 0.0219559 0.0201102 0.0179651 0.0157352 0.0135721 0.0115604 0.0097321 0.00808876 0.00662115
 1.0281e-16 2.35144e-05 0.00013798 0.00065583 0.00252488 0.0078735 0.0198881 0.0406954 0.0674636 0.0906216 0.0986666 0.0871554 0.06266 0.0371166 0.0190378 0.0101335 0.00793736 0.00950023 0.0129803 0.0174786 0.0224635 0.0274332 0.0318448 0.0351807 0.0370553 0.0373008 0.0359986 0.0334447 0.0300635 0.0263016 0.0225372 0.0190276 0.0159025 0.0131895 0.0108564 0.00884942
 1.08369e-16 1.18392e-06 6.85772e-06 3.24096e-05 0.000124463 0.000387836 0.000980273 0.00201051 0.00335074 0.00455476 0.00510105 0.00484354 0.00421853 0.00398064 0.00477721 0.00696928 0.01072 0.0161068 0.0231117 0.0315297 0.0408925 0.0504708 0.0593686 0.0666882 0.0717165 0.07407 0.0737559 0.0711243 0.0667429 0.0612397 0.0551692 0.0489386 0.0428006 0.0368911 0.0312847 0.0260388
pSPR Fmed_Fpbrs
0.505152   0.416293 0.416293
Fs Fmed_Fpbrs
0.680626   1.005 1.005
SSBpbr Bo_Bmed_Bpbrs
911470  414858  333865 333865
Ro
20333
SPR SPRFo_SPRFmed_SPRFpbrs
419053 211686 174449
log_Ro
9.74
likeval ReclasPelacesDesembMPH_pf_preclas_ppelaces_ptallas_desvR_qrecl_qpela
 97.9865 83.9846 0.100948 0.000186296 325.949 195.887 70.8091 0 54.4458 6.13914e-06 0 0 0 0 0
q_reclas_q_pelaces
0.70391 1
M
0.7
N
 6855.38 48031.4 15904.7 2022.15 0.133869
 11370.4 3338.88 20867.5 6507.15 823.51
 1611.15 5480.16 1349.55 7689.37 2681.67
 18459.5 697.699 1059.47 170.769 1268.99
 52252.8 8400.72 189.908 220.112 292.58
 16177.8 25592.1 3793.05 82.1579 221.038
 53118.7 7306.94 6612.57 730.758 57.0371
 72026.2 24338.1 2083.93 1469.96 171.736
 90326.1 30788.3 4302.63 231.632 175.944
 211752 39106.3 5942.83 543.197 49.7384
 54716.2 98019.8 11968.3 1463.31 143.528
 23524.5 25223.8 29157.9 2828.03 372.883
 53596.2 11021.7 8389.3 8099.52 876.654
 21484.2 23815.8 2545.07 1373.3 1430.2
 14370.3 8679.03 2852.39 160.892 168.368
 14870.1 5644.78 856.96 136.306 14.8437
 9822.03 6655.69 1370.22 150.813 25.9367
 9607.16 4506.16 1915.33 308.59 39.0452
 7360.65 4495.36 1485.47 525.234 93.9613
 28316.7 3443.04 1478.55 406.019 166.794
 31141.7 13043.1 1018.44 346.525 131.792
 32272.8 15083.2 5453.37 394.141 183.981
 45240.6 15590.9 6195.53 2056.95 216.588
 27795.3 21661.6 6022.51 2137.83 777.587
 449.116 13200.5 7910.17 1915.55 917.197
pred_Ctot
 94.8226 4355.17 2036.94 264.721 0.0175454
 241.116 452.085 3938.25 1254.02 158.879
 149.435 2537.67 779.625 4499.07 1570.11
 1114.93 234.627 465.451 76.2369 567.004
 515.769 551.356 17.733 21.0209 27.9752
 1058.25 9162.39 1760.65 38.7315 104.289
 2967.97 2308.78 2748.69 308.833 24.1262
 7273.14 11941.8 1262.08 901.001 105.331
 8391.01 14272.6 2487.83 135.649 103.106
 10372.5 11093.8 2242.14 208.531 19.1119
 2832.53 29104.7 4705.35 585.187 57.4499
 959.324 6129.7 9550.38 943.463 124.519
 4080.11 4428.33 4302.24 4213.74 456.422
 2916 14048.7 1779.75 969.308 1009.96
 2189.06 5457.15 2090.88 118.912 124.491
 1061.5 2161.07 421.632 68.0675 7.41837
 540.212 2076.35 563.115 63.0207 10.8479
 400.238 1115.26 637.996 104.685 13.2584
 308.299 1117.71 496.9 178.927 32.04
 1481.51 1031.26 585.857 163.634 67.2819
 553.027 1497.23 163.956 56.9922 21.7002
 631.463 1895.43 957.99 70.7173 33.0472
 1167.17 2526.74 1388.25 470.356 49.58
 874.433 4196.04 1597.25 578.175 210.516
 19.093 3324 2677.02 660.149 316.396
F
 0.0193986 0.13366 0.193714 0.198405 0.198659
 0.0298775 0.205862 0.298355 0.305581 0.305971
 0.136914 0.943366 1.36722 1.40033 1.40212
 0.0872612 0.601247 0.871386 0.892491 0.89363
 0.0138091 0.0951476 0.137897 0.141237 0.141417
 0.0948176 0.653312 0.946844 0.969776 0.971014
 0.0804869 0.554571 0.803739 0.823205 0.824256
 0.149896 1.03282 1.49686 1.53311 1.53507
 0.137144 0.944948 1.36951 1.40268 1.40447
 0.0702475 0.484019 0.701488 0.718478 0.719395
 0.0743727 0.512443 0.742682 0.76067 0.761641
 0.0581739 0.40083 0.580922 0.594992 0.595751
 0.11113 0.765709 1.10974 1.13662 1.13807
 0.206408 1.42219 2.06118 2.1111 2.11379
 0.234431 1.61527 2.34101 2.39771 2.40077
 0.103881 0.715761 1.03735 1.06248 1.06383
 0.0791825 0.545583 0.790712 0.809863 0.810897
 0.0594636 0.409716 0.593801 0.608182 0.608959
 0.0597924 0.411982 0.597084 0.611545 0.612326
 0.0751921 0.518088 0.750864 0.76905 0.770032
 0.0249666 0.172025 0.249315 0.255353 0.255679
 0.0275397 0.189754 0.27501 0.28167 0.28203
 0.0364548 0.251181 0.364036 0.372853 0.373329
 0.0446127 0.30739 0.4455 0.45629 0.456873
 0.0607128 0.418323 0.606275 0.620959 0.621752
nmprior
 10 11 7 0
nm_flota  nm_reclas  nm_pelaces    nm_pelaL
inf 31.4598 21.3441 39.367
cv_recla  cv_pelaces  cv_mph
0.895381 1.07836 0.442834
 ------------------------------------------------
Talla a la edad & desviación 
 7.2 14.2025 17.0495 18.207 18.6776
 1.08 2.13037 2.55742 2.73105 2.80164
