years
 1997 1998 1999 2000 2001 2002 2003 2004 2005 2006 2007 2008 2009 2010 2011 2012 2013 2014 2015 2016 2017 2018 2019 2020 2021
reclasobs
 0 0 0 370054 412103 1.49427e+06 250295 1.28982e+06 931140 785840 897777 1.04006e+06 184774 17550 25797 100020 73551 82996 120727 218422 84188 347160 605670 569463 516374
reclaspred
 2.64095e+06 353495 566755 193830 253441 325391 625266 520561 793219 1.1442e+06 1.20628e+06 802106 445572 201365 129928 121081 131736 169940 165658 222522 398037 394670 569018 488095 366700
pelacesobs
 0 0 0 0 0 0 0 0 0 2.06254e+06 1.5e+06 0 1.87456e+06 323000 250000 174000 83755 137374 0 501740 490994 745055 786931 1.00524e+06 0
pelacespred
 1.1855e+06 460765 174864 138617 147892 136877 324959 304752 443127 665738 620781 427266 238040 85830.6 54319.4 57734.2 65607.4 85101.2 87027.4 112677 222365 232336 254524 259386 187387
mphobs
 0 0 0 0 0 112323 0 153150 637223 0 255016 313432 73983 77613 109348 50772 0 0 0 0 0 0 0 0 0
mphpred
 1.88312e+06 835754 420402 245345 158916 315278 369455 518917 566068 866102 1.20453e+06 862804 495162 264138 121473 103520 107357 134200 152278 156103 277744 377905 423339 457226 419054
desembarqueobs
 350755 77701 442110 56441 14545 235359 269955 359681 431902 328805 639364 411747 362871 311530 167758 66681 60226 58785 57116 71774 51957 67425 138520 160799 200461
desembarquepred
 350735 77682 441722 56425.8 14544 235228 269858 359321 431589 328615 638764 411458 362437 311162 167518 66651.9 60213.3 58758.7 57083.5 71730.5 51945.6 67395.3 138453 160732 200444
Reclutas
 16795.1 20801.3 5060.24 10161.2 48336.4 22146.1 60404.5 70884.8 127207 180065 67026.9 29891.3 48852.1 27971.5 19531.1 14880.3 11858.6 12109.7 10778.4 27688.5 38433.2 35139.3 41888.7 30978.7 1814.95
log_desv_Rt
 -0.43116 -0.217228 -1.63083 -0.933673 0.62594 -0.154584 0.848819 1.00881 1.59357 1.94107 0.952849 0.145322 0.636553 0.0789424 -0.280236 -0.552207 -0.77919 -0.758239 -0.874702 0.0687732 0.396678 0.307076 0.482771 0.181056 -2.65619
SSB
 1.88312e+06 835754 420402 245345 158916 315278 369455 518917 566068 866102 1.20453e+06 862804 495162 264138 121473 103520 107357 134200 152278 156103 277744 377905 423339 457226 419054
BT
 2.60835e+06 999615 592111 338984 402081 449999 1.15261e+06 1.12725e+06 1.63361e+06 1.99633e+06 1.85957e+06 1.22392e+06 894283 483133 278956 185026 202642 241189 229076 337087 590804 525579 618842 666823 517099
Ftot
 0.129101 0.212449 0.718734 0.280177 0.0560935 0.672038 0.413287 0.649142 0.518014 0.277352 0.500725 0.485161 0.75341 1.33683 1.15332 0.521025 0.43583 0.332035 0.33059 0.310524 0.127041 0.165713 0.234996 0.316183 0.514555
BD_Bspro_t
 0.97988 0.855556 0.669444 0.377605 0.430316 0.657676 0.517979 0.551984 0.528773 0.575196 0.6188 0.462129 0.338873 0.245261 0.1459 0.149787 0.203729 0.310077 0.393428 0.461773 0.625158 0.742952 0.733636 0.685215 0.580763
BD_Bspro
 3.53491 1.56884 0.789159 0.460551 0.29831 0.591826 0.693523 0.974087 1.0626 1.62581 2.26108 1.61962 0.929496 0.495827 0.228024 0.194322 0.201526 0.251914 0.285848 0.293029 0.521369 0.709386 0.794672 0.858284 0.786629
BD_Bo
 1.90314 0.844637 0.424871 0.247953 0.160605 0.318629 0.373382 0.524433 0.572085 0.875308 1.21733 0.871976 0.500426 0.266945 0.122765 0.10462 0.108499 0.135626 0.153896 0.157762 0.280697 0.381922 0.427839 0.462086 0.423508
BD_Brms
 9.2978 4.12648 2.07571 1.21138 0.784637 1.55667 1.82416 2.56212 2.79492 4.27633 5.94728 4.26004 2.44483 1.30416 0.599767 0.511121 0.53007 0.662603 0.751861 0.770747 1.37135 1.86588 2.09021 2.25753 2.06905
S_f
 0.5 1 1 1 1
 0.5 1 1 1 1
 0.5 1 1 1 1
 0.5 1 1 1 1
 0.5 1 1 1 1
 0.5 1 1 1 1
 0.5 1 1 1 1
 0.5 1 1 1 1
 0.5 1 1 1 1
 0.5 1 1 1 1
 0.5 1 1 1 1
 0.5 1 1 1 1
 0.5 1 1 1 1
 0.5 1 1 1 1
 0.5 1 1 1 1
 0.5 1 1 1 1
 0.5 1 1 1 1
 0.5 1 1 1 1
 0.5 1 1 1 1
 0.5 1 1 1 1
 0.5 1 1 1 1
 0.5 1 1 1 1
 0.5 1 1 1 1
 0.5 1 1 1 1
 0.5 1 1 1 1
Scru_reclas
 0.5 1 1 1 1
 0.5 1 1 1 1
 0.5 1 1 1 1
 0.5 1 1 1 1
 0.5 1 1 1 1
 0.5 1 1 1 1
 0.5 1 1 1 1
 0.5 1 1 1 1
 0.5 1 1 1 1
 0.5 1 1 1 1
 0.5 1 1 1 1
 0.5 1 1 1 1
 0.5 1 1 1 1
 0.5 1 1 1 1
 0.5 1 1 1 1
 0.5 1 1 1 1
 0.5 1 1 1 1
 0.5 1 1 1 1
 0.5 1 1 1 1
 0.5 1 1 1 1
 0.5 1 1 1 1
 0.5 1 1 1 1
 0.5 1 1 1 1
 0.5 1 1 1 1
 0.5 1 1 1 1
Scru_pelaces
 0.5 1 1 1 1
 0.5 1 1 1 1
 0.5 1 1 1 1
 0.5 1 1 1 1
 0.5 1 1 1 1
 0.5 1 1 1 1
 0.5 1 1 1 1
 0.5 1 1 1 1
 0.5 1 1 1 1
 0.5 1 1 1 1
 0.5 1 1 1 1
 0.5 1 1 1 1
 0.5 1 1 1 1
 0.5 1 1 1 1
 0.5 1 1 1 1
 0.5 1 1 1 1
 0.5 1 1 1 1
 0.5 1 1 1 1
 0.5 1 1 1 1
 0.5 1 1 1 1
 0.5 1 1 1 1
 0.5 1 1 1 1
 0.5 1 1 1 1
 0.5 1 1 1 1
 0.5 1 1 1 1
pf_obs 
 0.256992 0.487395 0.22802 0.0275931 0
 0.321318 0.546541 0.124235 0.00734118 0.000564706
 0.182869 0.594174 0.210203 0.0122559 0.00049798
 0.330522 0.361315 0.267642 0.0388342 0.00168674
 0.649043 0.306663 0.0425973 0.00169635 0
 0.582887 0.30429 0.105238 0.00758474 0
 0.465427 0.430635 0.0974691 0.00646863 0
 0.296916 0.608066 0.0921331 0.00288517 0
 0.311714 0.524322 0.152257 0.0117073 0
 0.15457 0.633149 0.183074 0.0267441 0.00246327
 0.131901 0.49318 0.331252 0.0422183 0.00144891
 0.196976 0.569456 0.194076 0.0375587 0.00193317
 0.518974 0.381816 0.0799577 0.0180837 0.00116848
 0.0928022 0.601141 0.25162 0.0475244 0.00691264
 0.122501 0.610282 0.24278 0.0234846 0.000952079
 0.383417 0.481906 0.127806 0.00687128 0
 0.0376549 0.599619 0.316969 0.0457579 0
 0.0361596 0.667082 0.258105 0.0386534 0
 0.158088 0.579412 0.248529 0.0139706 0
 0.0477256 0.309471 0.559284 0.082774 0.000745712
 0.0406174 0.521527 0.379366 0.0568643 0.0016247
 0.151134 0.462217 0.34131 0.0453401 0
 0.294876 0.26143 0.354403 0.0886775 0.000613685
 0.281977 0.475581 0.204845 0.0348837 0.00271318
 0 0 0 0 0
pf_pred 
 0.105651 0.589104 0.269659 0.0355841 2.08264e-06
 0.215087 0.154487 0.415259 0.190083 0.0250847
 0.103711 0.329844 0.111488 0.299678 0.155279
 0.406811 0.132344 0.169596 0.0573236 0.233925
 0.769314 0.137915 0.0206978 0.0265237 0.0455493
 0.321216 0.591488 0.0521901 0.00783249 0.027274
 0.692031 0.165196 0.124411 0.0109775 0.00738416
 0.58039 0.350473 0.0370852 0.0279293 0.00412204
 0.681775 0.245194 0.0609981 0.00645449 0.00557837
 0.620042 0.316536 0.0488669 0.0121568 0.00239814
 0.271174 0.568095 0.133902 0.0206717 0.00615706
 0.227903 0.357469 0.323188 0.0761763 0.0152628
 0.496624 0.203871 0.138666 0.125369 0.0354703
 0.433033 0.40386 0.0660593 0.0449314 0.0521158
 0.543842 0.319404 0.0974118 0.0159336 0.023408
 0.540425 0.355589 0.0728116 0.0222061 0.00896834
 0.455141 0.399251 0.112662 0.023069 0.00987703
 0.473144 0.345022 0.133241 0.0375983 0.010995
 0.429681 0.378741 0.125458 0.0484497 0.0176697
 0.670259 0.205677 0.0823895 0.0272915 0.0143833
 0.578042 0.344479 0.0483275 0.0193589 0.00979223
 0.429205 0.422151 0.12135 0.0170244 0.0102691
 0.456217 0.332715 0.156102 0.0448725 0.0100925
 0.365078 0.407727 0.13901 0.0652204 0.0229647
 0.0410595 0.534597 0.2725 0.092906 0.0589376
pobs_RECLAS
 0 0 0 0 0
 0 0 0 0 0
 0 0 0 0 0
 0 0 0 0 0
 0.835266 0.146461 0.0176864 0.000547809 3.91292e-05
 0.385257 0.428462 0.181853 0.0044286 0
 0.867414 0.0963971 0.0333333 0.00285562 0
 0.441836 0.489002 0.0689373 0.000224442 0
 0.779404 0.147425 0.0564933 0.0165055 0.000172143
 0.814271 0.122319 0.05973 0.00367925 0
 0.40263 0.566651 0.0304383 0.000280538 0
 0.475488 0.404961 0.113038 0.00651328 0
 0.955842 0.0263864 0.0167828 0.000988607 0
 0.975058 0.0227948 0.00214734 0 0
 0.738997 0.206755 0.0527124 0.00153531 0
 0.850938 0.134255 0.0134407 0.00136685 0
 0.542534 0.407297 0.0501686 0 0
 0.764087 0.199537 0.0359546 0.000420521 0
 0.470689 0.182191 0.310203 0.0369168 0
 0.84361 0.089868 0.0606195 0.00523954 0.000663233
 0.607945 0.314616 0.071237 0.00620181 0
 0.523733 0.453247 0.0230204 0 0
 0.530135 0.295979 0.169645 0.0042399 0
 0.562478 0.366248 0.0663022 0.0049721 0
 0.250443 0.683176 0.0655157 0.000865301 0
ppred_RECLAS
 0.106053 0.588839 0.269538 0.0355682 2.0817e-06
 0.216358 0.154237 0.414587 0.189775 0.0250441
 0.107122 0.328589 0.111063 0.298538 0.154688
 0.409343 0.13178 0.168872 0.0570789 0.232927
 0.769619 0.137733 0.0206704 0.0264886 0.0454891
 0.328434 0.585198 0.0516351 0.0077492 0.0269839
 0.695663 0.163248 0.122944 0.010848 0.00729706
 0.588007 0.344111 0.036412 0.0274223 0.00404721
 0.686752 0.241359 0.060044 0.00635354 0.00549113
 0.622477 0.314507 0.0485536 0.0120789 0.00238276
 0.275547 0.564687 0.133098 0.0205477 0.00612012
 0.231638 0.35574 0.321625 0.0758078 0.015189
 0.506291 0.199956 0.136003 0.122961 0.0347891
 0.45535 0.387964 0.0634591 0.0431628 0.0500644
 0.561694 0.306904 0.0935996 0.0153101 0.0224919
 0.546186 0.351131 0.071899 0.0219277 0.00885592
 0.459689 0.395919 0.111721 0.0228765 0.00979459
 0.476369 0.342909 0.132426 0.0373681 0.0109277
 0.432837 0.376646 0.124764 0.0481816 0.0175719
 0.672883 0.20404 0.0817338 0.0270743 0.0142688
 0.579058 0.34365 0.0482112 0.0193123 0.00976865
 0.430585 0.421131 0.121057 0.0169832 0.0102443
 0.45832 0.331429 0.155499 0.044699 0.0100535
 0.367903 0.405912 0.138392 0.0649302 0.0228625
 0.0419679 0.534091 0.272242 0.092818 0.0588817
pobs_PELACES
 0 0 0 0 0
 0 0 0 0 0
 0 0 0 0 0
 0 0 0 0 0
 0 0 0 0 0
 0 0 0 0 0
 0 0 0 0 0
 0 0 0 0 0
 0 0 0 0 0
 0 0 0 0 0
 0.450072 0.473896 0.0757376 0.000293798 0
 0 0 0 0 0
 0.463077 0.371075 0.160297 0.00555027 0
 0.529543 0.364841 0.0842815 0.0213345 0
 0.631943 0.363953 0.00410389 0 0
 0.735681 0.248677 0.0153453 0.000297389 0
 0.695825 0.281241 0.0229344 0 0
 0.275771 0.60734 0.115278 0.00161068 0
 0 0 0 0 0
 0.896147 0.0623911 0.0374545 0.00400742 0
 0.803859 0.145111 0.0509908 3.86294e-05 0
 0.739449 0.233085 0.0266225 0.000797448 4.60066e-05
 0.878498 0.100942 0.0204185 0.000141795 0
 0.694673 0.275183 0.0284847 0.00165964 0
 0 0 0 0 0
ppred_PELACES
 0.108089 0.587498 0.268924 0.0354871 2.07696e-06
 0.22236 0.153055 0.411411 0.188321 0.0248523
 0.119004 0.324216 0.109585 0.294565 0.152629
 0.420565 0.129276 0.165664 0.0559944 0.228501
 0.771256 0.136754 0.0205236 0.0263004 0.0451659
 0.35334 0.563495 0.0497202 0.00746181 0.0259832
 0.709905 0.155608 0.117191 0.0103403 0.00695558
 0.613688 0.322661 0.0341423 0.025713 0.00379493
 0.70484 0.227423 0.056577 0.00598668 0.00517406
 0.63317 0.3056 0.0471785 0.0117368 0.00231528
 0.292341 0.551596 0.130013 0.0200714 0.00597825
 0.246191 0.349002 0.315533 0.074372 0.0149013
 0.5373 0.187397 0.127461 0.115238 0.0326041
 0.510374 0.348769 0.0570481 0.0388023 0.0450067
 0.607863 0.274577 0.0837403 0.0136974 0.0201227
 0.567398 0.334719 0.0685384 0.0209028 0.00844199
 0.477594 0.382799 0.108019 0.0221184 0.00947001
 0.490049 0.333951 0.128966 0.0363919 0.0106422
 0.446273 0.367723 0.121808 0.0470401 0.0171556
 0.684059 0.197069 0.0789413 0.0261493 0.0137813
 0.584159 0.339486 0.047627 0.0190783 0.00965028
 0.437301 0.416164 0.119629 0.0167829 0.0101234
 0.46796 0.32553 0.152731 0.0439035 0.00987457
 0.380117 0.398069 0.135718 0.0636756 0.0224207
 0.0455174 0.532112 0.271233 0.0924741 0.0586636
pobs_pel_tallas
 0 0 0 0 0 0 0 0 0 0 0 0 0 0 0 0 0 0 0 0 0 0 0 0 0 0 0 0 0 0 0 0 0 0 0 0
 0 0 0 0 0 0 0 0 0 0 0 0 0 0 0 0 0 0 0 0 0 0 0 0 0 0 0 0 0 0 0 0 0 0 0 0
 0 0 0 0 0 0 0 0 0 0 0 0 0 0 0 0 0 0 0 0 0 0 0 0 0 0 0 0 0 0 0 0 0 0 0 0
 0 0 0 0 0 0 0 0 0 0 0 0 0 0 0 0 0 0 0 0 0 0 0 0 0 0 0 0 0 0 0 0 0 0 0 0
 0 0 0 0 0 0 0 0 0 0 0 0 0 0 0 0 0 0 0 0 0 0 0 0 0 0 0 0 0 0 0 0 0 0 0 0
 0 0 0 0 0 0 0 0 0 0 0 0 0 0 0 0 0 0 0 0 0 0 0 0 0 0 0 0 0 0 0 0 0 0 0 0
 0 0 0 0 0 0 0 0 0 0 0 0 0 0 0 0 0 0 0 0 0 0 0 0 0 0 0 0 0 0 0 0 0 0 0 0
 0 0 0 0 0 0 0 0 0 0 0 0 0 0 0 0 0 0 0 0 0 0 0 0 0 0 0 0 0 0 0 0 0 0 0 0
 0 0 0 0 0 0 0 0 0 0 0 0 0 0 0 0 0 0 0 0 0 0 0 0 0 0 0 0 0 0 0 0 0 0 0 0
 0 0 0 0 0 0 0 0 0 0 0 0 0 0 0 0 0 0 0 0 0 0 0 0 0 0 0 0 0 0 0 0 0 0 0 0
 0 0 0 0 0 0 0 0 1.78061e-05 0.00172719 0.00360574 0.0105946 0.0120993 0.0124554 0.0147524 0.0171206 0.0266825 0.0428682 0.0675386 0.121331 0.153587 0.119568 0.100827 0.0573624 0.0630603 0.0341343 0.0324427 0.0444173 0.0211091 0.0280891 0.0125444 0.00206551 0 0 0 0
 0 0 0 0 0 0 0 0 0 0 0 0 0 0 0 0 0 0 0 0 0 0 0 0 0 0 0 0 0 0 0 0 0 0 0 0
 0 0 0 0 0 0 0.0133647 0.0140871 0.0187388 0.0205184 0.03894 0.0496705 0.03968 0.0493445 0.0407372 0.0367815 0.0215668 0.0243155 0.0234873 0.0199281 0.019796 0.0243948 0.0301388 0.0376714 0.0412746 0.0863199 0.0771752 0.113111 0.0741005 0.0525337 0.0229764 0.00759418 0.00175318 0 0 0
 0 0 0 0 0 0 0 0 0 0 0.00219441 0.00772107 0.0458388 0.0604681 0.0671733 0.0775358 0.0609151 0.0617685 0.073594 0.0568108 0.0755445 0.0548602 0.0670107 0.0636378 0.0643287 0.046367 0.0373049 0.0286899 0.0247887 0.0153202 0.00654259 0.00121912 0.000365735 0 0 0
 0 0 0 0 0 0 0 0 0 0 0 0 0.000112435 0.00938835 0.0111873 0.0202946 0.0414886 0.0713402 0.111592 0.104902 0.108894 0.110636 0.117776 0.105296 0.107544 0.0401394 0.0192827 0.0124803 0.00416011 0.0028671 0.000618394 0 0 0 0 0
 0 0 0 0 0 0 0 0 0 0 0.00291406 0.0102884 0.027416 0.0768956 0.0749926 0.110853 0.0956884 0.0897413 0.0766577 0.0534642 0.0500743 0.0551293 0.0594112 0.0620874 0.0668451 0.0424026 0.0208742 0.0120726 0.0048766 0.00582813 0.00118941 0.000297354 0 0 0 0
 0 0.00264628 0.0354308 0.0461629 0.0458689 0.0383711 0.0214643 0.0164657 0.0346957 0.0420465 0.0363128 0.0245516 0.0311673 0.0291091 0.0169068 0.0133784 0.00837989 0.0085269 0.0148486 0.0160247 0.0276389 0.0546898 0.0760071 0.122758 0.109233 0.0665981 0.0333725 0.0166128 0.00676272 0.00308733 0.000882094 0 0 0 0 0
 0 0 0 0 0 0 0 0.000805153 0.000690131 0.00759144 0.0133425 0.0154129 0.00931677 0.000345066 0.00356568 0.00563607 0.00851162 0.0253048 0.0502646 0.0516448 0.0657925 0.0565908 0.0611916 0.0827007 0.0866115 0.110766 0.145733 0.0935128 0.0569358 0.0249597 0.0138026 0.00621118 0.00161031 0.00115022 0 0
 0 0 0 0 0 0 0 0 0 0 0 0 0 0 0 0 0 0 0 0 0 0 0 0 0 0 0 0 0 0 0 0 0 0 0 0
 0.00147267 0.00158595 0.00478618 0.00569244 0.00954404 0.0108468 0.00647125 0.017049 0.0510054 0.094081 0.124002 0.0959785 0.0687766 0.0820023 0.061753 0.0591476 0.0492212 0.0479892 0.0443925 0.0268479 0.0217502 0.0140895 0.0121071 0.0120363 0.00920419 0.00665534 0.0049561 0.00860946 0.00930331 0.0156896 0.0114698 0.00855282 0.00243557 0.00046729 0 2.83206e-05
 0 0 0 0 0.000772559 0.00158375 0.000888443 0.00281984 0.00712685 0.0440552 0.0773331 0.111326 0.0921469 0.0852325 0.0710754 0.0886704 0.0786465 0.0553345 0.0373146 0.0185414 0.00753245 0.00457741 0.012979 0.0271748 0.0457355 0.0583668 0.034881 0.0177882 0.00938659 0.00492506 0.0015258 0.00185414 0.000309023 5.79419e-05 3.86279e-05 0
 0 0.00173294 0.00326652 0 0.00397197 0.00683976 0.00946217 0.0152591 0.00757587 0.0136028 0.0228656 0.0392903 0.0559909 0.0764795 0.0681675 0.0726916 0.0566044 0.0477403 0.0527397 0.0444891 0.0609904 0.0582453 0.0661739 0.0445044 0.0529084 0.0360697 0.0280645 0.0235558 0.0158879 0.00826598 0.00280645 0.00217768 0.000904811 0.00058276 9.20147e-05 0
 0 0 0 0 0 0 0 0 0 0 0 0 0 0 0 0 0 0 0 0 0 0 0 0 0 0 0 0 0 0 0 0 0 0 0 0
 0 0 0 0 0 0 0 0 0 0 0 0 0 0 0 0 0 0 0 0 0 0 0 0 0 0 0 0 0 0 0 0 0 0 0 0
 0 0 0 0 0 0 0 0 0 0 0 0 0 0 0 0 0 0 0 0 0 0 0 0 0 0 0 0 0 0 0 0 0 0 0 0
ppred_pel_tallas
 1.05229e-16 4.75029e-06 2.77942e-05 0.000131941 0.000507679 0.00158288 0.00399885 0.00818683 0.0135883 0.0183022 0.0200576 0.0180283 0.0136389 0.00944213 0.00735798 0.0079824 0.0110765 0.0162438 0.0231677 0.0315009 0.0407066 0.0500104 0.05848 0.0651929 0.0694303 0.0708287 0.0694428 0.0656941 0.0602382 0.0537941 0.0469977 0.0403172 0.0340376 0.0282956 0.0231375 0.0185688
 1.13523e-16 9.71557e-06 5.69844e-05 0.000270803 0.00104248 0.00325074 0.0082112 0.0168024 0.0278567 0.0374254 0.0407651 0.0360504 0.0260096 0.0155951 0.00835975 0.00506555 0.00477128 0.00635744 0.00917884 0.0129871 0.0176771 0.0231251 0.0291331 0.0354311 0.0417014 0.0476076 0.0528195 0.0570308 0.059974 0.0614382 0.0612914 0.0595054 0.0561754 0.051522 0.0458737 0.0396277
 1.18915e-16 5.21451e-06 3.05464e-05 0.000145085 0.000558388 0.00174109 0.00439816 0.00900179 0.0149314 0.0200826 0.0219335 0.0195364 0.0143991 0.00924198 0.00606079 0.00537496 0.00679272 0.00979885 0.0140686 0.0193945 0.0255351 0.0321441 0.0387877 0.0450178 0.0504598 0.0548778 0.058194 0.0604554 0.0617662 0.0622158 0.0618313 0.0605742 0.0583745 0.0551853 0.0510344 0.0460509
 1.14995e-16 1.83563e-05 0.000107718 0.000512005 0.00197119 0.00614689 0.0155266 0.0317699 0.052664 0.070732 0.0769858 0.0679434 0.0487163 0.0285955 0.0141926 0.0068073 0.00449096 0.00494873 0.00680228 0.00947838 0.0127634 0.0165223 0.0206021 0.0248249 0.0290084 0.0329854 0.0366129 0.0397655 0.0423242 0.0441662 0.0451679 0.0452212 0.0442597 0.0422841 0.0393775 0.0357047
 1.03351e-16 3.36485e-05 0.000197495 0.000938814 0.00361451 0.0112715 0.0284709 0.058255 0.0965628 0.129677 0.141105 0.124441 0.0890277 0.0518535 0.0249717 0.0106707 0.00526074 0.00440534 0.00545197 0.00724699 0.009338 0.0114738 0.0134345 0.0150191 0.0160793 0.01655 0.0164603 0.0159165 0.0150672 0.014061 0.0130123 0.0119853 0.0109959 0.0100287 0.00905758 0.00806374
 1.0236e-16 1.54428e-05 9.05722e-05 0.000430403 0.00165685 0.00516653 0.0130508 0.0267075 0.044285 0.0595172 0.0648817 0.057504 0.0417604 0.025576 0.0146621 0.0102879 0.0109783 0.0148932 0.0208188 0.0280113 0.0357976 0.0433758 0.0498411 0.0543416 0.0562693 0.0554054 0.0519718 0.0465626 0.0399892 0.0330871 0.0265498 0.0208317 0.0161319 0.0124416 0.00962278 0.00748693
 1.02395e-16 3.09744e-05 0.000181793 0.000864161 0.00332706 0.0103751 0.0262068 0.0536225 0.0888853 0.119371 0.129899 0.114581 0.0820216 0.0478712 0.0232402 0.0102553 0.00554322 0.00513413 0.00660127 0.00888473 0.0115521 0.014336 0.0169793 0.0192299 0.0208803 0.0218057 0.0219819 0.0214764 0.0204184 0.0189607 0.0172471 0.0153938 0.013487 0.0115892 0.00975074 0.00801599
 1.01651e-16 2.67854e-05 0.000157186 0.00074714 0.00287645 0.00896987 0.0226574 0.0463614 0.0768546 0.10323 0.112378 0.0992271 0.0712525 0.0420321 0.0212365 0.0107798 0.0078161 0.008955 0.012083 0.0161857 0.020699 0.0251237 0.0289359 0.031646 0.0329027 0.0325739 0.0307765 0.0278382 0.0242099 0.0203569 0.0166659 0.0133915 0.0106471 0.008433 0.00668011 0.00529357
 1.01325e-16 3.07563e-05 0.000180507 0.00085803 0.00330343 0.0103014 0.0260207 0.0532422 0.0882569 0.118532 0.129002 0.113826 0.0815614 0.0477626 0.0234842 0.010863 0.00657097 0.00667498 0.00875011 0.0116955 0.0149981 0.0182805 0.0211673 0.023307 0.0244395 0.0244544 0.023412 0.0215203 0.0190763 0.0163936 0.0137394 0.0112979 0.00916346 0.00735778 0.00585684 0.00461762
 1.01281e-16 2.76343e-05 0.000162171 0.000770843 0.00296771 0.00925448 0.0233763 0.0478322 0.0792919 0.106501 0.115932 0.102351 0.0734627 0.0432698 0.0217398 0.0108361 0.00761133 0.00856018 0.0115026 0.0154041 0.0197078 0.0239347 0.0275853 0.0301922 0.0314167 0.0311273 0.0294279 0.0266234 0.0231379 0.019413 0.0158202 0.0126091 0.00989852 0.00770021 0.00595906 0.00459225
 1.02995e-16 1.27827e-05 7.49558e-05 0.000356162 0.001371 0.00427513 0.0107992 0.0221005 0.0366488 0.0492631 0.0537261 0.0476711 0.0347372 0.0215097 0.0127516 0.00955929 0.0107609 0.0148747 0.0209151 0.02825 0.0362614 0.0441814 0.051126 0.0562471 0.0589171 0.0588711 0.0562612 0.0515977 0.0456071 0.0390553 0.0325941 0.0266718 0.0215171 0.0171794 0.0135964 0.0106586
 1.07845e-16 1.07626e-05 6.31133e-05 0.0002999 0.00115445 0.00359986 0.00909327 0.0186086 0.0308557 0.0414684 0.0452049 0.0400624 0.0290898 0.0178111 0.0102112 0.00718876 0.0077439 0.0106434 0.0151158 0.0207434 0.0271766 0.0339755 0.0406005 0.0464872 0.0511498 0.054267 0.055724 0.055596 0.0540908 0.0514742 0.0480077 0.0439168 0.0393905 0.0345967 0.0297017 0.0248764
 1.07354e-16 2.34491e-05 0.000137611 0.000654107 0.00251829 0.00785301 0.0198361 0.040588 0.0672816 0.0903648 0.0983546 0.0868028 0.0622393 0.0365325 0.0181255 0.00866957 0.00565768 0.0061274 0.00827028 0.0112875 0.0148234 0.0186144 0.0223811 0.025838 0.0287408 0.0309274 0.0323353 0.0329893 0.0329676 0.0323631 0.0312538 0.0296939 0.027723 0.0253845 0.022744 0.0198964
 1.0436e-16 2.22815e-05 0.000130741 0.000621415 0.00239236 0.00746026 0.0188443 0.0385598 0.0639242 0.0858698 0.0934997 0.0826074 0.0594255 0.0352713 0.0182212 0.00990804 0.00800712 0.00973296 0.0133414 0.0179702 0.0230927 0.0281997 0.0327388 0.0361864 0.0381578 0.0384936 0.0372907 0.034862 0.0316449 0.0280894 0.0245642 0.0213049 0.0184105 0.0158762 0.0136419 0.0116363
 1.0269e-16 2.65296e-05 0.000155688 0.000740028 0.00284908 0.00888453 0.0224418 0.04592 0.0761216 0.102242 0.111293 0.0982475 0.0705018 0.0414948 0.0207921 0.0102753 0.00711414 0.00794746 0.0106941 0.0143824 0.0185081 0.0226481 0.0263584 0.0292157 0.0309014 0.0312705 0.0303782 0.0284523 0.0258251 0.0228491 0.0198245 0.0169582 0.0143579 0.0120531 0.0100274 0.00824863
 1.02195e-16 2.47675e-05 0.000145337 0.00069081 0.00265956 0.00829349 0.0209489 0.0428659 0.0710612 0.095452 0.10392 0.0917825 0.0659571 0.03901 0.0198986 0.0104122 0.00794009 0.00936499 0.0127407 0.0171224 0.0219626 0.0267558 0.0309604 0.0340641 0.0356899 0.0356816 0.0341354 0.0313631 0.0278053 0.0239233 0.020106 0.0166164 0.013583 0.0110263 0.00890062 0.00713549
 1.02861e-16 2.08537e-05 0.000122355 0.00058154 0.00223882 0.00698143 0.0176349 0.0360855 0.0598241 0.0803675 0.0875228 0.0773609 0.0557255 0.0332244 0.0174386 0.00992366 0.00853214 0.0106784 0.0147351 0.0198751 0.0255544 0.0312172 0.0362479 0.0400562 0.0421997 0.0424824 0.0409911 0.0380572 0.0341606 0.02981 0.0254397 0.0213509 0.0177013 0.0145333 0.0118196 0.00950497
 1.03688e-16 2.13949e-05 0.000125537 0.000596675 0.00229711 0.00716322 0.018094 0.0370245 0.0613792 0.0824517 0.0897794 0.0793242 0.0570718 0.0338913 0.0175413 0.00959513 0.00782869 0.00957769 0.0131796 0.0178193 0.0230019 0.0282442 0.0330128 0.0367891 0.0391742 0.0399724 0.039225 0.0371796 0.0342109 0.0307234 0.0270666 0.0234889 0.0201305 0.0170474 0.0142479 0.0117235
 1.04267e-16 1.94874e-05 0.000114335 0.000543413 0.00209203 0.00652368 0.0164786 0.0337196 0.0559022 0.0751002 0.0817901 0.072302 0.0520996 0.0310995 0.016392 0.0094389 0.00824384 0.0104014 0.0144009 0.0194762 0.025122 0.0308155 0.0359728 0.0400282 0.0425502 0.0433342 0.0424378 0.0401453 0.0368784 0.0330868 0.0291537 0.0253443 0.0218002 0.0185669 0.0156373 0.0129883
 1.02728e-16 2.98489e-05 0.000175182 0.000832724 0.00320601 0.00999763 0.0252532 0.0516719 0.0856532 0.115034 0.12519 0.110452 0.0791207 0.0462874 0.0226747 0.01035 0.00607966 0.00604762 0.00791062 0.0106222 0.0137183 0.0168757 0.0197743 0.0221085 0.0236421 0.0242566 0.0239706 0.0229219 0.0213214 0.0193963 0.0173423 0.0152968 0.0133368 0.0114937 0.00977468 0.00818099
 1.01894e-16 2.54985e-05 0.000149629 0.00071121 0.0027381 0.00853844 0.0215676 0.0441319 0.0731597 0.09827 0.106986 0.0944858 0.0678898 0.0401329 0.0204333 0.0106286 0.00802555 0.00940865 0.0127689 0.0171301 0.0219278 0.0266447 0.0307307 0.0336692 0.0350866 0.0348379 0.0330387 0.0300253 0.0262645 0.02224 0.018356 0.0148805 0.0119368 0.00953141 0.00759939 0.00604872
 1.02884e-16 1.90981e-05 0.000112045 0.000532518 0.00205006 0.00639279 0.016148 0.0330436 0.0547831 0.0736016 0.0801707 0.0709006 0.0511552 0.0306666 0.016402 0.0098161 0.00897289 0.0115268 0.015991 0.0215832 0.0277475 0.0338867 0.0393318 0.0434402 0.0457303 0.0459887 0.0443112 0.0410601 0.0367606 0.0319703 0.0271664 0.022681 0.0186896 0.0152408 0.0123053 0.00982165
 1.04245e-16 2.04314e-05 0.000119881 0.000569788 0.00219359 0.0068404 0.0172786 0.035356 0.0586135 0.0787375 0.0857377 0.0757593 0.0545204 0.0324035 0.0168225 0.009286 0.00767818 0.00946326 0.0130616 0.0177008 0.0229104 0.0282267 0.0331319 0.0371173 0.0397837 0.0409223 0.0405489 0.0388761 0.0362403 0.0330105 0.0295106 0.0259763 0.02255 0.0193029 0.016267 0.0134622
 1.05292e-16 1.66039e-05 9.74035e-05 0.000462913 0.00178207 0.00555708 0.0140371 0.0287243 0.0476235 0.0639865 0.0697078 0.0616724 0.0445512 0.0268168 0.0145433 0.00901761 0.00858202 0.0112209 0.0156582 0.0212168 0.0273997 0.0336562 0.0393593 0.0438983 0.0468049 0.0478525 0.047095 0.0448276 0.0414922 0.0375596 0.03343 0.029379 0.0255532 0.0220013 0.0187204 0.0156962
 1.09943e-16 2.01943e-06 1.17672e-05 5.57594e-05 0.000214381 0.000668255 0.00168853 0.00345934 0.00575092 0.00777387 0.00859287 0.00789691 0.00634604 0.0051049 0.00510371 0.00674044 0.0100672 0.0150411 0.02158 0.0294733 0.0382889 0.0473613 0.0558713 0.0629955 0.0680758 0.0707519 0.0710149 0.0691633 0.0656881 0.0611293 0.0559576 0.050511 0.0449939 0.0395165 0.0341488 0.0289607
pSPR Fmed_Fpbrs
0.524438   0.254687 0.254687
Fs Fmed_Fpbrs
0.368111   1.005 1.005
SSBpbr Bo_Bmed_Bpbrs
989482  469448  202534 202534
Ro
25848.3
SPR SPRFo_SPRFmed_SPRFpbrs
532721 279379 135677
log_Ro
9.98
likeval ReclasPelacesDesembMPH_pf_preclas_ppelaces_ptallas_desvR_qrecl_qpela
 99.2702 106.855 0.0562366 0.000581832 332.913 208.587 75.1609 0 32.6031 0 0 0 0 0 0
q_reclas_q_pelaces
1 1
M
0.7
N
 16795.1 48155.2 22042.8 2908.76 0.170241
 20801.3 7818.83 21016.9 9620.39 1269.58
 5060.24 9288.64 3139.57 8439.13 4372.75
 10161.2 1754.26 2248.04 759.839 3100.74
 48336.4 4386.29 658.277 843.565 1448.66
 22146.1 23339.3 2059.35 309.059 1076.19
 60404.5 7858.86 5918.6 522.23 351.285
 70884.8 24396 2581.46 1944.13 286.93
 127207 25444.1 6329.86 669.792 578.876
 180065 48755.1 7526.81 1872.48 369.377
 67026.9 77839 18346.9 2832.39 843.625
 29891.3 25912.7 23427.7 5521.96 1106.39
 48852.1 11646.3 7921.42 7161.77 2026.27
 27971.5 16644.7 2722.57 1851.8 2147.9
 19531.1 7119.03 2171.16 355.136 521.728
 14880.3 5448.54 1115.66 340.254 137.418
 11858.6 5694.64 1606.93 329.04 140.879
 12109.7 4735.75 1828.86 516.073 150.917
 10778.4 5093.61 1687.26 651.589 237.636
 27688.5 4536.92 1817.38 602.008 317.272
 38433.2 11772.4 1651.57 661.579 334.644
 35139.3 17910.8 5148.55 722.298 435.69
 41888.7 16062.1 7535.98 2166.26 487.225
 30978.7 18495.3 6305.79 2958.53 1041.72
 1814.95 13134.1 6694.82 2282.53 1447.99
pred_Ctot
 757.857 4225.76 1934.32 255.252 0.0149392
 1516.86 1089.49 2928.54 1340.52 176.906
 1121.48 3566.78 1205.58 3240.58 1679.11
 962.983 313.279 401.459 135.693 553.735
 962.971 172.632 25.908 33.2004 57.0153
 4633.87 8532.83 752.897 112.992 393.455
 8207.1 1959.14 1475.45 130.187 87.572
 14395 8692.57 919.801 692.713 102.236
 21188.2 7620.14 1895.7 200.593 173.365
 16903.2 8629.21 1332.18 331.412 65.3764
 10831.1 22690.6 5348.22 825.658 245.922
 4695.5 7364.95 6658.66 1569.46 314.461
 11268.4 4625.82 3146.33 2844.6 804.819
 10185.6 9499.4 1553.81 1056.85 1225.84
 6361.03 3735.9 1139.37 186.367 273.79
 2491.35 1639.26 335.661 102.37 41.3439
 1690.99 1483.34 418.572 85.7083 36.6961
 1345 980.786 378.763 106.88 31.2553
 1192.29 1050.94 348.123 134.439 49.0302
 2889.38 886.64 355.168 117.649 62.0039
 1707.35 1017.48 142.744 57.1798 28.923
 2019.11 1985.92 570.865 80.0875 48.3087
 3362.31 2452.1 1150.47 330.709 74.3815
 3287.64 3671.7 1251.83 587.329 206.804
 300.506 3912.61 1994.37 679.961 431.352
F
 0.0645505 0.129101 0.129101 0.129101 0.129101
 0.106225 0.212449 0.212449 0.212449 0.212449
 0.359367 0.718734 0.718734 0.718734 0.718734
 0.140088 0.280177 0.280177 0.280177 0.280177
 0.0280468 0.0560935 0.0560935 0.0560935 0.0560935
 0.336019 0.672038 0.672038 0.672038 0.672038
 0.206643 0.413287 0.413287 0.413287 0.413287
 0.324571 0.649142 0.649142 0.649142 0.649142
 0.259007 0.518014 0.518014 0.518014 0.518014
 0.138676 0.277352 0.277352 0.277352 0.277352
 0.250362 0.500725 0.500725 0.500725 0.500725
 0.242581 0.485161 0.485161 0.485161 0.485161
 0.376705 0.75341 0.75341 0.75341 0.75341
 0.668415 1.33683 1.33683 1.33683 1.33683
 0.576662 1.15332 1.15332 1.15332 1.15332
 0.260512 0.521025 0.521025 0.521025 0.521025
 0.217915 0.43583 0.43583 0.43583 0.43583
 0.166018 0.332035 0.332035 0.332035 0.332035
 0.165295 0.33059 0.33059 0.33059 0.33059
 0.155262 0.310524 0.310524 0.310524 0.310524
 0.0635204 0.127041 0.127041 0.127041 0.127041
 0.0828566 0.165713 0.165713 0.165713 0.165713
 0.117498 0.234996 0.234996 0.234996 0.234996
 0.158092 0.316183 0.316183 0.316183 0.316183
 0.257278 0.514555 0.514555 0.514555 0.514555
nmprior
 10 11 7 0
nm_flota  nm_reclas  nm_pelaces    nm_pelaL
inf 13.5187 10.8159 17.413
cv_recla  cv_pelaces  cv_mph
0.901227 1.21636 0.782595
 ------------------------------------------------
Talla a la edad & desviación 
 7.2 14.2025 17.0495 18.207 18.6776
 1.08 2.13037 2.55742 2.73105 2.80164
