years
 1997 1998 1999 2000 2001 2002 2003 2004 2005 2006 2007 2008 2009 2010 2011 2012 2013 2014 2015 2016 2017 2018 2019 2020 2021
reclasobs
 0 0 0 370054 412103 1.49427e+06 250295 1.28982e+06 931140 785840 897777 1.04006e+06 184774 17550 25797 100020 73551 82996 120727 218422 84188 347160 605670 569463 516374
reclaspred
 373709 101441 306433 229917 350104 416560 922141 621647 704763 653099 517231 347082 212703 98741.9 69811.3 71857.8 90241.2 122311 127272 187049 274981 250312 421984 518076 532593
pelacesobs
 0 0 0 0 0 0 0 0 0 2.06254e+06 1.5e+06 0 1.87456e+06 323000 250000 174000 83755 137374 0 501740 490994 745055 786931 1.00524e+06 0
pelacespred
 1.01969e+06 245212 461062 521960 681364 679947 1.71887e+06 1.43493e+06 1.44394e+06 1.34962e+06 964572 668363 408208 158033 109893 121053 158734 217687 233902 333295 543406 484743 645782 930811 998940
mphobs
 0 0 0 0 0 112323 0 153150 637223 0 255016 313432 73983 77613 109348 50772 0 0 0 0 0 0 0 0 0
mphpred
 139031 83020.8 100828 122751 135292 217539 326871 387254 335618 345586 330766 233949 143937 75839.2 36689.1 31876.2 39008.5 53873.9 66146.1 75202.7 115971 138510 172022 235881 327414
desembarqueobs
 350755 77701 442110 56441 14545 235359 269955 359681 431902 328805 639364 411747 362871 311530 167758 66681 60226 58785 57116 71774 51957 67425 138520 160799 200461
desembarquepred
 350759 77699.8 442092 56441.8 14545.1 235391 269980 359674 431920 328816 639534 411967 363169 311936 167787 66690.6 60243.5 58785.5 57111.8 71771.7 51956.9 67418.9 138517 160801 200461
Reclutas
 48371.2 62675.1 37353.7 63350.1 109219 76305.9 124849 119531 147958 149622 68192.2 39697.7 42715.9 23513.6 18237.9 22499.8 18359 20233.4 22529.3 43356.8 54076.7 67557.6 102215 122076 36843.8
log_desv_Rt
 -0.0933397 0.165719 -0.351813 0.176432 0.721109 0.362506 0.854861 0.81133 1.02469 1.03587 0.250086 -0.290952 -0.217673 -0.814666 -1.06874 -0.858737 -1.06212 -0.964911 -0.857429 -0.202781 0.0181585 0.240735 0.654834 0.832401 -0.365558
SSB
 666469 397975 483339 588428 648548 1.04281e+06 1.56692e+06 1.85637e+06 1.60885e+06 1.65663e+06 1.58558e+06 1.12148e+06 689985 363548 175876 152804 186994 258254 317083 360497 555930 663970 824620 1.13074e+06 1.56952e+06
BT
 2.11075e+06 571005 1.06841e+06 994483 1.23124e+06 1.40285e+06 3.26202e+06 2.97755e+06 2.98096e+06 2.73384e+06 2.30563e+06 1.57662e+06 1.08887e+06 584036 339772 271941 333631 436855 468185 655457 1.01529e+06 931324 1.25194e+06 1.79978e+06 1.95562e+06
Ftot
 0.451424 0.387529 0.578633 0.11156 0.0208778 0.200778 0.126559 0.246827 0.273194 0.213036 0.429956 0.397632 0.633499 1.11613 1.04935 0.414837 0.296181 0.201893 0.173722 0.178352 0.0830616 0.106022 0.128324 0.129795 0.119207
BD_Bspro_t
 0.944394 0.741813 0.697388 0.568723 0.70911 0.836567 0.805592 0.813283 0.765207 0.734518 0.704409 0.556444 0.442366 0.330448 0.213076 0.227397 0.340079 0.502094 0.608519 0.689119 0.789332 0.852963 0.856961 0.856224 0.849708
BD_Bspro
 0.608959 0.363633 0.441631 0.537652 0.592584 0.952828 1.43171 1.69618 1.47002 1.51367 1.44876 1.0247 0.630446 0.332178 0.160699 0.139618 0.170858 0.235969 0.289722 0.32939 0.507958 0.606675 0.753463 1.03317 1.43408
BD_Bo
 0.522768 0.312165 0.379123 0.461553 0.508711 0.817966 1.22906 1.45611 1.26195 1.29943 1.24371 0.879668 0.541213 0.285162 0.137954 0.119857 0.146675 0.20257 0.248715 0.282768 0.436062 0.520807 0.646819 0.886934 1.2311
BD_Brms
 1.82483 1.08968 1.32341 1.61115 1.77576 2.85528 4.29031 5.08285 4.40511 4.53594 4.34142 3.07067 1.88922 0.995417 0.481558 0.418386 0.512001 0.707115 0.868192 0.987063 1.52217 1.81799 2.25786 3.09603 4.29743
S_f
 0.186983 1 1 1 1
 0.186983 1 1 1 1
 0.186983 1 1 1 1
 0.186983 1 1 1 1
 0.186983 1 1 1 1
 0.186983 1 1 1 1
 0.186983 1 1 1 1
 0.186983 1 1 1 1
 0.186983 1 1 1 1
 0.186983 1 1 1 1
 0.186983 1 1 1 1
 0.186983 1 1 1 1
 0.186983 1 1 1 1
 0.186983 1 1 1 1
 0.186983 1 1 1 1
 0.186983 1 1 1 1
 0.186983 1 1 1 1
 0.186983 1 1 1 1
 0.186983 1 1 1 1
 0.186983 1 1 1 1
 0.186983 1 1 1 1
 0.186983 1 1 1 1
 0.186983 1 1 1 1
 0.186983 1 1 1 1
 0.186983 1 1 1 1
Scru_reclas
 1 1 1 1 1
 1 1 1 1 1
 1 1 1 1 1
 1 1 1 1 1
 1 1 1 1 1
 1 1 1 1 1
 1 1 1 1 1
 1 1 1 1 1
 1 1 1 1 1
 1 1 1 1 1
 1 1 1 1 1
 1 1 1 1 1
 1 1 1 1 1
 1 1 1 1 1
 1 1 1 1 1
 1 1 1 1 1
 1 1 1 1 1
 1 1 1 1 1
 1 1 1 1 1
 1 1 1 1 1
 1 1 1 1 1
 1 1 1 1 1
 1 1 1 1 1
 1 1 1 1 1
 1 1 1 1 1
Scru_pelaces
 1 1 1 1 1
 1 1 1 1 1
 1 1 1 1 1
 1 1 1 1 1
 1 1 1 1 1
 1 1 1 1 1
 1 1 1 1 1
 1 1 1 1 1
 1 1 1 1 1
 1 1 1 1 1
 1 1 1 1 1
 1 1 1 1 1
 1 1 1 1 1
 1 1 1 1 1
 1 1 1 1 1
 1 1 1 1 1
 1 1 1 1 1
 1 1 1 1 1
 1 1 1 1 1
 1 1 1 1 1
 1 1 1 1 1
 1 1 1 1 1
 1 1 1 1 1
 1 1 1 1 1
 1 1 1 1 1
pf_obs 
 0.256992 0.487395 0.22802 0.0275931 0
 0.321318 0.546541 0.124235 0.00734118 0.000564706
 0.182869 0.594174 0.210203 0.0122559 0.00049798
 0.330522 0.361315 0.267642 0.0388342 0.00168674
 0.649043 0.306663 0.0425973 0.00169635 0
 0.582887 0.30429 0.105238 0.00758474 0
 0.465427 0.430635 0.0974691 0.00646863 0
 0.296916 0.608066 0.0921331 0.00288517 0
 0.311714 0.524322 0.152257 0.0117073 0
 0.15457 0.633149 0.183074 0.0267441 0.00246327
 0.131901 0.49318 0.331252 0.0422183 0.00144891
 0.196976 0.569456 0.194076 0.0375587 0.00193317
 0.518974 0.381816 0.0799577 0.0180837 0.00116848
 0.0928022 0.601141 0.25162 0.0475244 0.00691264
 0.122501 0.610282 0.24278 0.0234846 0.000952079
 0.383417 0.481906 0.127806 0.00687128 0
 0.0376549 0.599619 0.316969 0.0457579 0
 0.0361596 0.667082 0.258105 0.0386534 0
 0.158088 0.579412 0.248529 0.0139706 0
 0.0477256 0.309471 0.559284 0.082774 0.000745712
 0.0406174 0.521527 0.379366 0.0568643 0.0016247
 0.151134 0.462217 0.34131 0.0453401 0
 0.294876 0.26143 0.354403 0.0886775 0.000613685
 0.281977 0.475581 0.204845 0.0348837 0.00271318
 0 0 0 0 0
pf_pred 
 0.330151 0.47099 0.177667 0.0211817 1.09103e-05
 0.317062 0.522643 0.112708 0.0425157 0.00507139
 0.180004 0.613829 0.157777 0.0340246 0.0143657
 0.310134 0.418924 0.202821 0.0521324 0.0159891
 0.323712 0.48472 0.11633 0.0563209 0.0189165
 0.169673 0.598672 0.166036 0.0398477 0.0257718
 0.26727 0.399509 0.240255 0.0666322 0.0263339
 0.213357 0.530183 0.139831 0.0840905 0.0325387
 0.24951 0.464721 0.192603 0.050797 0.0423686
 0.224074 0.518865 0.159178 0.0659712 0.0319115
 0.11537 0.557489 0.218761 0.0671118 0.0412687
 0.11146 0.409221 0.302064 0.118531 0.0587237
 0.19435 0.360148 0.205178 0.151451 0.0888732
 0.174513 0.524913 0.134365 0.0765481 0.0896605
 0.250139 0.497068 0.160747 0.0411473 0.0508991
 0.328215 0.503585 0.111496 0.0360569 0.0206467
 0.21869 0.594169 0.140285 0.0310599 0.0157961
 0.229366 0.487107 0.215616 0.0509078 0.0170035
 0.227442 0.49134 0.177754 0.0786823 0.024782
 0.334444 0.419561 0.15645 0.0565997 0.0329447
 0.271388 0.542622 0.117247 0.0437201 0.0250232
 0.250633 0.505198 0.181841 0.0392911 0.0230369
 0.284086 0.467131 0.167721 0.0603696 0.0206924
 0.250342 0.519054 0.150469 0.0540251 0.0261111
 0.0736579 0.606416 0.221513 0.0642144 0.0341991
pobs_RECLAS
 0 0 0 0 0
 0 0 0 0 0
 0 0 0 0 0
 0 0 0 0 0
 0.835266 0.146461 0.0176864 0.000547809 3.91292e-05
 0.385257 0.428462 0.181853 0.0044286 0
 0.867414 0.0963971 0.0333333 0.00285562 0
 0.441836 0.489002 0.0689373 0.000224442 0
 0.779404 0.147425 0.0564933 0.0165055 0.000172143
 0.814271 0.122319 0.05973 0.00367925 0
 0.40263 0.566651 0.0304383 0.000280538 0
 0.475488 0.404961 0.113038 0.00651328 0
 0.955842 0.0263864 0.0167828 0.000988607 0
 0.975058 0.0227948 0.00214734 0 0
 0.738997 0.206755 0.0527124 0.00153531 0
 0.850938 0.134255 0.0134407 0.00136685 0
 0.542534 0.407297 0.0501686 0 0
 0.764087 0.199537 0.0359546 0.000420521 0
 0.470689 0.182191 0.310203 0.0369168 0
 0.84361 0.089868 0.0606195 0.00523954 0.000663233
 0.607945 0.314616 0.071237 0.00620181 0
 0.523733 0.453247 0.0230204 0 0
 0.530135 0.295979 0.169645 0.0042399 0
 0.562478 0.366248 0.0663022 0.0049721 0
 0.250443 0.683176 0.0655157 0.000865301 0
ppred_RECLAS
 0.730739 0.189325 0.0714173 0.00851445 4.38564e-06
 0.717784 0.215976 0.0465753 0.0175691 0.00209569
 0.549974 0.336879 0.0865902 0.0186732 0.00788412
 0.70744 0.177659 0.0860128 0.0221085 0.00678069
 0.719297 0.20119 0.0482846 0.0233768 0.00785158
 0.524933 0.342527 0.0949965 0.0227986 0.0147452
 0.662578 0.183974 0.110637 0.0306841 0.0121268
 0.5953 0.272761 0.0719379 0.0432616 0.01674
 0.643658 0.220656 0.0914504 0.0241191 0.0201172
 0.609795 0.260932 0.0800491 0.0331762 0.016048
 0.417537 0.367065 0.144038 0.0441881 0.0271723
 0.407496 0.27288 0.201425 0.0790399 0.0391587
 0.574447 0.190234 0.108377 0.079998 0.0469438
 0.555381 0.282726 0.0723708 0.0412299 0.0482925
 0.66151 0.224378 0.072562 0.0185741 0.022976
 0.728429 0.203576 0.0450727 0.0145761 0.00834652
 0.603668 0.301402 0.071162 0.0157556 0.00801283
 0.616787 0.242223 0.10722 0.0253149 0.0084553
 0.613792 0.245625 0.0888606 0.0393339 0.0123887
 0.730708 0.169759 0.0633016 0.0229009 0.0133298
 0.666706 0.248215 0.0536329 0.0199992 0.0114465
 0.64266 0.240907 0.0867119 0.0187362 0.0109853
 0.681166 0.208038 0.074695 0.0268857 0.00921538
 0.642611 0.247452 0.0717338 0.0257557 0.0124481
 0.299662 0.458466 0.167469 0.0485477 0.0258554
pobs_PELACES
 0 0 0 0 0
 0 0 0 0 0
 0 0 0 0 0
 0 0 0 0 0
 0 0 0 0 0
 0 0 0 0 0
 0 0 0 0 0
 0 0 0 0 0
 0 0 0 0 0
 0 0 0 0 0
 0.450072 0.473896 0.0757376 0.000293798 0
 0 0 0 0 0
 0.463077 0.371075 0.160297 0.00555027 0
 0.529543 0.364841 0.0842815 0.0213345 0
 0.631943 0.363953 0.00410389 0 0
 0.735681 0.248677 0.0153453 0.000297389 0
 0.695825 0.281241 0.0229344 0 0
 0.275771 0.60734 0.115278 0.00161068 0
 0 0 0 0 0
 0.896147 0.0623911 0.0374545 0.00400742 0
 0.803859 0.145111 0.0509908 3.86294e-05 0
 0.739449 0.233085 0.0266225 0.000797448 4.60066e-05
 0.878498 0.100942 0.0204185 0.000141795 0
 0.694673 0.275183 0.0284847 0.00165964 0
 0 0 0 0 0
ppred_PELACES
 0.753894 0.173044 0.0652757 0.00778225 4.0085e-06
 0.738361 0.200228 0.0431793 0.0162881 0.00194289
 0.588026 0.308394 0.0792686 0.0170943 0.00721748
 0.713596 0.17392 0.0842029 0.0216433 0.00663801
 0.720427 0.200381 0.0480902 0.0232827 0.00781998
 0.538345 0.332857 0.0923145 0.022155 0.0143289
 0.670127 0.179858 0.108162 0.0299977 0.0118555
 0.611148 0.262079 0.0691207 0.0415674 0.0160845
 0.660287 0.210359 0.0871828 0.0229936 0.0191784
 0.623307 0.251896 0.0772772 0.0320274 0.0154923
 0.445829 0.349235 0.137041 0.0420417 0.0258525
 0.433486 0.260911 0.19259 0.0755729 0.037441
 0.61538 0.171936 0.0979526 0.0723032 0.0424284
 0.627589 0.23681 0.0606174 0.034534 0.0404495
 0.72143 0.184658 0.0597169 0.015286 0.0189088
 0.749878 0.187497 0.0415127 0.0134249 0.00768728
 0.622515 0.287069 0.067778 0.0150064 0.0076318
 0.629506 0.234183 0.103661 0.0244747 0.00817466
 0.624781 0.238636 0.0863323 0.0382148 0.0120363
 0.74002 0.16389 0.0611128 0.022109 0.0128689
 0.67164 0.244541 0.052839 0.0197031 0.0112771
 0.649166 0.236521 0.0851332 0.0183951 0.0107853
 0.688596 0.20319 0.0729543 0.0262592 0.00900062
 0.650568 0.241942 0.0701367 0.0251823 0.0121709
 0.306417 0.454044 0.165854 0.0480794 0.025606
pobs_pel_tallas
 0 0 0 0 0 0 0 0 0 0 0 0 0 0 0 0 0 0 0 0 0 0 0 0 0 0 0 0 0 0 0 0 0 0 0 0
 0 0 0 0 0 0 0 0 0 0 0 0 0 0 0 0 0 0 0 0 0 0 0 0 0 0 0 0 0 0 0 0 0 0 0 0
 0 0 0 0 0 0 0 0 0 0 0 0 0 0 0 0 0 0 0 0 0 0 0 0 0 0 0 0 0 0 0 0 0 0 0 0
 0 0 0 0 0 0 0 0 0 0 0 0 0 0 0 0 0 0 0 0 0 0 0 0 0 0 0 0 0 0 0 0 0 0 0 0
 0 0 0 0 0 0 0 0 0 0 0 0 0 0 0 0 0 0 0 0 0 0 0 0 0 0 0 0 0 0 0 0 0 0 0 0
 0 0 0 0 0 0 0 0 0 0 0 0 0 0 0 0 0 0 0 0 0 0 0 0 0 0 0 0 0 0 0 0 0 0 0 0
 0 0 0 0 0 0 0 0 0 0 0 0 0 0 0 0 0 0 0 0 0 0 0 0 0 0 0 0 0 0 0 0 0 0 0 0
 0 0 0 0 0 0 0 0 0 0 0 0 0 0 0 0 0 0 0 0 0 0 0 0 0 0 0 0 0 0 0 0 0 0 0 0
 0 0 0 0 0 0 0 0 0 0 0 0 0 0 0 0 0 0 0 0 0 0 0 0 0 0 0 0 0 0 0 0 0 0 0 0
 0 0 0 0 0 0 0 0 0 0 0 0 0 0 0 0 0 0 0 0 0 0 0 0 0 0 0 0 0 0 0 0 0 0 0 0
 0 0 0 0 0 0 0 0 1.78061e-05 0.00172719 0.00360574 0.0105946 0.0120993 0.0124554 0.0147524 0.0171206 0.0266825 0.0428682 0.0675386 0.121331 0.153587 0.119568 0.100827 0.0573624 0.0630603 0.0341343 0.0324427 0.0444173 0.0211091 0.0280891 0.0125444 0.00206551 0 0 0 0
 0 0 0 0 0 0 0 0 0 0 0 0 0 0 0 0 0 0 0 0 0 0 0 0 0 0 0 0 0 0 0 0 0 0 0 0
 0 0 0 0 0 0 0.0133647 0.0140871 0.0187388 0.0205184 0.03894 0.0496705 0.03968 0.0493445 0.0407372 0.0367815 0.0215668 0.0243155 0.0234873 0.0199281 0.019796 0.0243948 0.0301388 0.0376714 0.0412746 0.0863199 0.0771752 0.113111 0.0741005 0.0525337 0.0229764 0.00759418 0.00175318 0 0 0
 0 0 0 0 0 0 0 0 0 0 0.00219441 0.00772107 0.0458388 0.0604681 0.0671733 0.0775358 0.0609151 0.0617685 0.073594 0.0568108 0.0755445 0.0548602 0.0670107 0.0636378 0.0643287 0.046367 0.0373049 0.0286899 0.0247887 0.0153202 0.00654259 0.00121912 0.000365735 0 0 0
 0 0 0 0 0 0 0 0 0 0 0 0 0.000112435 0.00938835 0.0111873 0.0202946 0.0414886 0.0713402 0.111592 0.104902 0.108894 0.110636 0.117776 0.105296 0.107544 0.0401394 0.0192827 0.0124803 0.00416011 0.0028671 0.000618394 0 0 0 0 0
 0 0 0 0 0 0 0 0 0 0 0.00291406 0.0102884 0.027416 0.0768956 0.0749926 0.110853 0.0956884 0.0897413 0.0766577 0.0534642 0.0500743 0.0551293 0.0594112 0.0620874 0.0668451 0.0424026 0.0208742 0.0120726 0.0048766 0.00582813 0.00118941 0.000297354 0 0 0 0
 0 0.00264628 0.0354308 0.0461629 0.0458689 0.0383711 0.0214643 0.0164657 0.0346957 0.0420465 0.0363128 0.0245516 0.0311673 0.0291091 0.0169068 0.0133784 0.00837989 0.0085269 0.0148486 0.0160247 0.0276389 0.0546898 0.0760071 0.122758 0.109233 0.0665981 0.0333725 0.0166128 0.00676272 0.00308733 0.000882094 0 0 0 0 0
 0 0 0 0 0 0 0 0.000805153 0.000690131 0.00759144 0.0133425 0.0154129 0.00931677 0.000345066 0.00356568 0.00563607 0.00851162 0.0253048 0.0502646 0.0516448 0.0657925 0.0565908 0.0611916 0.0827007 0.0866115 0.110766 0.145733 0.0935128 0.0569358 0.0249597 0.0138026 0.00621118 0.00161031 0.00115022 0 0
 0 0 0 0 0 0 0 0 0 0 0 0 0 0 0 0 0 0 0 0 0 0 0 0 0 0 0 0 0 0 0 0 0 0 0 0
 0.00147267 0.00158595 0.00478618 0.00569244 0.00954404 0.0108468 0.00647125 0.017049 0.0510054 0.094081 0.124002 0.0959785 0.0687766 0.0820023 0.061753 0.0591476 0.0492212 0.0479892 0.0443925 0.0268479 0.0217502 0.0140895 0.0121071 0.0120363 0.00920419 0.00665534 0.0049561 0.00860946 0.00930331 0.0156896 0.0114698 0.00855282 0.00243557 0.00046729 0 2.83206e-05
 0 0 0 0 0.000772559 0.00158375 0.000888443 0.00281984 0.00712685 0.0440552 0.0773331 0.111326 0.0921469 0.0852325 0.0710754 0.0886704 0.0786465 0.0553345 0.0373146 0.0185414 0.00753245 0.00457741 0.012979 0.0271748 0.0457355 0.0583668 0.034881 0.0177882 0.00938659 0.00492506 0.0015258 0.00185414 0.000309023 5.79419e-05 3.86279e-05 0
 0 0.00173294 0.00326652 0 0.00397197 0.00683976 0.00946217 0.0152591 0.00757587 0.0136028 0.0228656 0.0392903 0.0559909 0.0764795 0.0681675 0.0726916 0.0566044 0.0477403 0.0527397 0.0444891 0.0609904 0.0582453 0.0661739 0.0445044 0.0529084 0.0360697 0.0280645 0.0235558 0.0158879 0.00826598 0.00280645 0.00217768 0.000904811 0.00058276 9.20147e-05 0
 0 0 0 0 0 0 0 0 0 0 0 0 0 0 0 0 0 0 0 0 0 0 0 0 0 0 0 0 0 0 0 0 0 0 0 0
 0 0 0 0 0 0 0 0 0 0 0 0 0 0 0 0 0 0 0 0 0 0 0 0 0 0 0 0 0 0 0 0 0 0 0 0
 0 0 0 0 0 0 0 0 0 0 0 0 0 0 0 0 0 0 0 0 0 0 0 0 0 0 0 0 0 0 0 0 0 0 0 0
ppred_pel_tallas
 1.01251e-16 3.28931e-05 0.000193057 0.000917705 0.00353321 0.011018 0.0278306 0.0569451 0.0943929 0.126767 0.137948 0.12168 0.0871034 0.0508357 0.0246746 0.0108755 0.00585012 0.00537232 0.0068501 0.00913809 0.0117542 0.014392 0.016762 0.0185924 0.0196766 0.0199164 0.0193401 0.0180857 0.0163603 0.0143873 0.0123617 0.0104238 0.00865402 0.00708402 0.00571527 0.00453566
 1.01329e-16 3.22168e-05 0.000189084 0.000898813 0.00346047 0.0107911 0.0272576 0.0557729 0.0924507 0.124161 0.135119 0.119201 0.0853643 0.0498917 0.0243487 0.0109558 0.00620927 0.00597612 0.00771417 0.0102848 0.0131842 0.0160687 0.0186069 0.0204906 0.0214932 0.0215194 0.0206242 0.0189914 0.0168819 0.0145692 0.0122846 0.0101854 0.00834942 0.00679095 0.00548571 0.00439459
 1.02151e-16 2.5666e-05 0.000150614 0.000715902 0.00275618 0.00859481 0.02171 0.0444229 0.0736413 0.0989142 0.107681 0.0950823 0.0682822 0.0402922 0.0203815 0.0103883 0.00759168 0.00875102 0.011851 0.0159305 0.0204593 0.0249667 0.0289525 0.0319416 0.0335806 0.0337161 0.0324249 0.0299813 0.0267795 0.0232353 0.019703 0.0164259 0.0135293 0.0110427 0.00893728 0.00716138
 1.02306e-16 3.1136e-05 0.00018274 0.00086866 0.00334438 0.0104291 0.0263432 0.0539017 0.0893486 0.119994 0.130581 0.11519 0.0824749 0.0481701 0.0234484 0.0104526 0.00579523 0.00548559 0.00707825 0.00949382 0.0122759 0.0151284 0.0177658 0.0199149 0.0213611 0.0219916 0.0218132 0.0209376 0.0195428 0.0178245 0.0159551 0.0140607 0.012218 0.0104665 0.00882498 0.00730582
 1.01914e-16 3.14348e-05 0.000184493 0.000876986 0.00337643 0.0105291 0.0265956 0.0544185 0.0902057 0.121147 0.13184 0.116312 0.0833035 0.0487037 0.0237999 0.0107622 0.00617613 0.00601292 0.00779541 0.0104143 0.0133773 0.0163462 0.0189921 0.0210078 0.0221649 0.0223635 0.0216508 0.0201999 0.0182591 0.0160889 0.0139086 0.0118662 0.0100345 0.00842779 0.00702643 0.00580014
 1.0285e-16 2.35007e-05 0.0001379 0.000655451 0.00252342 0.00786894 0.0198766 0.0406718 0.0674244 0.0905687 0.0986081 0.0871016 0.0626169 0.0370821 0.0190039 0.0100897 0.00787378 0.0094085 0.0128545 0.0173167 0.022269 0.0272168 0.0316244 0.0349795 0.0368988 0.0372115 0.0359922 0.0335262 0.0302263 0.0265291 0.0228058 0.0193117 0.0161783 0.0134387 0.0110675 0.00901794
 1.03179e-16 2.92408e-05 0.000171614 0.000815761 0.0031407 0.00979396 0.0247388 0.0506191 0.0839079 0.112689 0.122636 0.108194 0.0774917 0.0453124 0.0221569 0.0100483 0.00581808 0.00573027 0.00749701 0.0101071 0.0131261 0.016261 0.019221 0.0217218 0.0235341 0.0245267 0.0246857 0.0241016 0.0229316 0.021354 0.0195285 0.0175758 0.015576 0.0135802 0.0116266 0.0097513
 1.03247e-16 2.66723e-05 0.000156527 0.00074402 0.00286445 0.00893248 0.0225629 0.0461676 0.0765317 0.102791 0.111888 0.0987646 0.0708555 0.0416678 0.0208137 0.0101788 0.00691159 0.00762891 0.010239 0.0137722 0.0177365 0.0217288 0.0253289 0.028137 0.0298525 0.0303386 0.0296465 0.0279883 0.0256718 0.0230202 0.0203043 0.0177057 0.0153132 0.0131456 0.0111839 0.0094005
 1.02993e-16 2.88129e-05 0.000169099 0.000803799 0.00309464 0.0096503 0.024376 0.049877 0.0826785 0.111041 0.12085 0.106635 0.0764128 0.044757 0.0220254 0.0102238 0.00624101 0.0064016 0.00844635 0.0113594 0.0146768 0.0180613 0.0211727 0.0236846 0.0253442 0.0260239 0.0257422 0.0246443 0.0229537 0.0209119 0.0187265 0.0165442 0.0144474 0.0124703 0.0106215 0.00890367
 1.03004e-16 2.72021e-05 0.000159638 0.000758813 0.00292141 0.00911011 0.0230115 0.0470855 0.0780529 0.104833 0.114106 0.100715 0.0722357 0.0424418 0.0211306 0.0102185 0.00679093 0.00739309 0.00989162 0.0133039 0.017142 0.0210145 0.0245159 0.0272593 0.0289516 0.0294562 0.0288167 0.0272318 0.0249938 0.0224122 0.0197491 0.0171839 0.0148089 0.0126503 0.0106972 0.00892915
 1.04712e-16 1.94673e-05 0.000114219 0.000542864 0.00208992 0.00651711 0.016462 0.0336854 0.0558451 0.0750221 0.0817012 0.0722144 0.0520169 0.0310111 0.0162745 0.00926159 0.00797265 0.0100029 0.0138471 0.0187525 0.0242355 0.0298023 0.0348999 0.0389891 0.0416527 0.0426831 0.0421171 0.040203 0.0373194 0.0338733 0.0302148 0.0265894 0.0231336 0.019901 0.0169011 0.0141317
 1.07166e-16 1.89255e-05 0.000111046 0.000527799 0.00203195 0.00633633 0.0160052 0.0327503 0.0542928 0.0729305 0.0794073 0.0701485 0.0504456 0.0299083 0.0153951 0.00829451 0.00664201 0.00809399 0.0112087 0.0153127 0.0200338 0.0250203 0.0298719 0.0341791 0.0375969 0.0399062 0.041042 0.0410766 0.0401725 0.0385226 0.0363031 0.0336507 0.0306672 0.0274373 0.0240498 0.0206084
 1.05914e-16 2.68531e-05 0.000157597 0.000749126 0.00288414 0.0089939 0.0227179 0.0464842 0.077054 0.103485 0.112623 0.0993657 0.0711827 0.0416516 0.0204208 0.00935508 0.00555336 0.00559521 0.00739053 0.0100214 0.013098 0.0163584 0.0195396 0.0223805 0.0246658 0.0262634 0.027141 0.0273519 0.027001 0.0262042 0.0250572 0.0236228 0.0219375 0.0200285 0.0179324 0.0157058
 1.04015e-16 2.73881e-05 0.000160732 0.000764016 0.00294146 0.00917261 0.0231694 0.0474084 0.0785876 0.10555 0.114882 0.10139 0.0726983 0.0426704 0.0211641 0.0101014 0.00654002 0.00699637 0.00932254 0.0125372 0.0161667 0.0198433 0.023191 0.0258523 0.0275583 0.0281854 0.0277768 0.0265164 0.0246706 0.0225162 0.0202801 0.0181085 0.0160663 0.0141591 0.0123648 0.0106607
 1.02317e-16 3.14779e-05 0.000184747 0.0008782 0.00338111 0.0105437 0.0266325 0.0544937 0.09033 0.121313 0.132017 0.11646 0.0833916 0.0487196 0.0237416 0.0106251 0.00594595 0.00566766 0.00731272 0.00978059 0.0125967 0.0154468 0.0180286 0.0200577 0.0213186 0.0217103 0.0212638 0.0201235 0.0185024 0.0166262 0.0146865 0.012814 0.0110764 0.00949279 0.0080555 0.00674982
 1.01471e-16 3.27185e-05 0.00019203 0.000912824 0.00351442 0.0109594 0.0276825 0.0566423 0.0938913 0.126095 0.137219 0.121045 0.0866649 0.0506122 0.0246262 0.0109553 0.00603419 0.00566072 0.00725309 0.00966183 0.0123903 0.0151117 0.0175152 0.019313 0.0202927 0.0203644 0.0195782 0.0181037 0.0161822 0.0140661 0.0119686 0.0100332 0.00833052 0.0068725 0.00563628 0.0045865
 1.01928e-16 2.7169e-05 0.00015944 0.000757866 0.00291776 0.0090987 0.0229827 0.0470269 0.0779567 0.104707 0.113977 0.100619 0.0722069 0.0425054 0.0213108 0.0105503 0.00732423 0.00818763 0.0110034 0.0147673 0.0189511 0.0231078 0.0267701 0.0294966 0.0309607 0.0310233 0.0297609 0.0274343 0.0244155 0.0210961 0.017808 0.014778 0.0121204 0.0098586 0.00796057 0.0063725
 1.02771e-16 2.74718e-05 0.000161223 0.00076635 0.00295044 0.00920063 0.0232402 0.0475532 0.0788276 0.105872 0.115233 0.101699 0.0729197 0.0427998 0.0212278 0.0101326 0.0065643 0.00703147 0.0093833 0.0126399 0.0163303 0.0200879 0.0235333 0.0263001 0.0281035 0.0287984 0.0284035 0.0270808 0.0250823 0.0226825 0.0201217 0.0175737 0.0151411 0.0128717 0.0107819 0.00887735
 1.03179e-16 2.72658e-05 0.000160013 0.0007606 0.0029283 0.00913159 0.0230658 0.0471964 0.0782363 0.105078 0.11437 0.100941 0.0723824 0.0424973 0.0211016 0.0101113 0.00660084 0.00710536 0.00948918 0.0127763 0.0164934 0.0202694 0.0237207 0.0264789 0.0282614 0.0289292 0.028511 0.02718 0.0251975 0.0228433 0.0203567 0.0179035 0.0155742 0.0134017 0.0113886 0.00953053
 1.02282e-16 3.22877e-05 0.000189503 0.000900814 0.00346819 0.0108152 0.0273184 0.055897 0.0926553 0.124433 0.135407 0.119436 0.0854914 0.0498834 0.0241913 0.0106276 0.00566913 0.00516847 0.00658474 0.0088006 0.0113535 0.0139565 0.0163402 0.018251 0.0194943 0.0199741 0.019709 0.0188168 0.0174758 0.0158767 0.0141826 0.0125067 0.0109105 0.00941653 0.00802685 0.00673895
 1.02034e-16 2.93093e-05 0.00017201 0.000817632 0.00314789 0.00981635 0.0247954 0.0507355 0.0841024 0.112955 0.12294 0.108493 0.0777754 0.0456172 0.022563 0.0106619 0.00675608 0.00710728 0.00940723 0.012598 0.0161682 0.0197241 0.0228672 0.0252231 0.0265158 0.0266283 0.0256258 0.0237291 0.0212512 0.0185201 0.0158112 0.0133096 0.0111051 0.00921167 0.00759866 0.00622009
 1.02422e-16 2.83291e-05 0.000166256 0.000790277 0.00304256 0.00948791 0.0239658 0.049038 0.0812886 0.109177 0.118828 0.104867 0.0751814 0.0441071 0.0218381 0.0103585 0.00662107 0.00701903 0.00932887 0.0125362 0.016154 0.0198068 0.0231098 0.0256959 0.027285 0.0277434 0.0271074 0.0255607 0.0233774 0.0208517 0.0182371 0.015712 0.0133747 0.0112607 0.00936887 0.00768476
 1.02425e-16 3.0047e-05 0.000176345 0.000838249 0.00322728 0.010064 0.0254208 0.0520147 0.0862216 0.115798 0.126022 0.111188 0.0796526 0.0466077 0.0228482 0.0104567 0.00617857 0.00617213 0.00807639 0.0108333 0.0139688 0.0171486 0.0200418 0.0223334 0.0237828 0.0242735 0.0238328 0.0226128 0.0208418 0.0187645 0.0165906 0.0144666 0.0124727 0.010638 0.00896319 0.00744078
 1.02509e-16 2.83904e-05 0.000166615 0.000791986 0.00304914 0.00950843 0.0240176 0.049144 0.0814646 0.109413 0.119086 0.105097 0.0753506 0.0442149 0.021907 0.0104164 0.00668967 0.0071118 0.0094522 0.0126899 0.0163305 0.0199903 0.0232769 0.0258182 0.0273342 0.0276972 0.0269552 0.025307 0.0230423 0.0204679 0.0178438 0.0153479 0.013072 0.0110402 0.00923794 0.00763877
 1.05351e-16 1.33926e-05 7.85449e-05 0.000373245 0.00143681 0.00448037 0.0113175 0.0231602 0.0384027 0.0516101 0.056258 0.0498517 0.0361836 0.0221233 0.0126208 0.00877717 0.00932013 0.0126729 0.0178179 0.024164 0.0311978 0.0383007 0.044756 0.0498629 0.0530836 0.0541573 0.0531459 0.0503903 0.0464027 0.0417323 0.0368506 0.0320877 0.0276248 0.0235279 0.0197986 0.0164184
pSPR Fmed_Fpbrs
0.692354   0.336474 0.336474
Fs Fmed_Fpbrs
0.232626   1.005 1.005
SSBpbr Bo_Bmed_Bpbrs
1.27489e+06  818928  365222 365222
Ro
53103.6
SPR SPRFo_SPRFmed_SPRFpbrs
1.09444e+06 757740 368251
log_Ro
10.7
likeval ReclasPelacesDesembMPH_pf_preclas_ppelaces_ptallas_desvR_qrecl_qpela
 65.0571 28.0265 0.0145229 0.000185724 287.085 197.815 70.7287 0 15.6132 7.43204e-05 0 0 0 0 0
q_reclas_q_pelaces
0.294752 1
M
0.7
N
 48371.2 15056.7 5679.69 677.14 0.348782
 62675.1 22076.1 4760.72 1795.84 214.212
 37353.7 28948.1 7440.72 1604.59 677.484
 63350.1 16647.1 8059.65 2071.63 635.371
 109219 30809.3 7394.07 3579.81 1202.35
 76305.9 54025.1 14983.3 3595.92 2325.69
 124849 36496.2 21947.9 6087.03 2405.67
 119531 60548.3 15969 9603.36 3716
 147958 56680.1 23490.9 6195.5 5167.51
 149622 69814.9 21417.9 8876.62 4293.79
 68192.2 71398.5 28017 8595.11 5285.34
 39697.7 31247.4 23065.1 9050.82 4484.04
 42715.9 18300.8 10426 7695.91 4516.05
 23513.6 18842.6 4823.23 2747.81 3218.5
 18237.9 9477.14 3064.83 784.519 970.447
 22499.8 7443.14 1647.95 532.932 305.165
 18359 10339.2 2441.12 540.475 274.87
 20233.4 8625.66 3818.13 901.473 301.096
 22529.3 9675.37 3500.3 1549.4 488.003
 43356.8 10830.1 4038.45 1461.01 850.401
 54076.7 20824.2 4499.57 1677.84 960.314
 67557.6 26439.8 9516.75 2056.32 1205.65
 102215 32889.6 11808.9 4250.48 1456.9
 122076 49555 14365.5 5157.88 2492.87
 36843.8 59167.7 21612.9 6265.36 3336.79
pred_Ctot
 2829.56 4036.61 1522.69 181.537 0.0935065
 3163.79 5215.17 1124.65 424.241 50.6046
 2772.02 9452.84 2429.73 523.972 221.229
 941.64 1271.95 615.813 158.287 48.5467
 306.099 458.346 110.001 53.2565 17.8873
 2026.38 7149.83 1982.93 475.894 307.788
 2102.68 3143.03 1890.14 524.211 207.175
 3887.56 9660.44 2547.84 1532.21 592.886
 5314.66 9898.74 4102.51 1082 902.466
 4211.68 9752.57 2991.91 1239.99 599.807
 3805.96 18391.2 7216.77 2213.97 1361.43
 2054.45 7542.83 5567.7 2184.78 1082.41
 3455.15 6402.71 3647.65 2692.49 1579.99
 3223.69 9696.44 2482.05 1414.03 1656.25
 2363.34 4696.36 1518.76 388.765 480.901
 1213.1 1861.28 412.096 133.268 76.3115
 713.603 1938.82 457.762 101.351 51.544
 540.251 1147.34 507.866 119.909 40.0502
 518.815 1120.79 405.472 179.481 56.5299
 1024.66 1285.44 479.328 173.408 100.935
 599.876 1199.41 259.162 96.6389 55.3113
 954.771 1924.52 692.712 149.677 87.7577
 1745.24 2869.75 1030.37 370.872 127.12
 2107.99 4370.67 1267.01 454.916 219.867
 584.82 4814.75 1758.74 509.841 271.53
F
 0.0844084 0.451424 0.451424 0.451424 0.451424
 0.0724612 0.387529 0.387529 0.387529 0.387529
 0.108194 0.578633 0.578633 0.578633 0.578633
 0.0208597 0.11156 0.11156 0.11156 0.11156
 0.00390379 0.0208778 0.0208778 0.0208778 0.0208778
 0.037542 0.200778 0.200778 0.200778 0.200778
 0.0236643 0.126559 0.126559 0.126559 0.126559
 0.0461524 0.246827 0.246827 0.246827 0.246827
 0.0510824 0.273194 0.273194 0.273194 0.273194
 0.0398339 0.213036 0.213036 0.213036 0.213036
 0.0803943 0.429956 0.429956 0.429956 0.429956
 0.0743502 0.397632 0.397632 0.397632 0.397632
 0.118453 0.633499 0.633499 0.633499 0.633499
 0.208696 1.11613 1.11613 1.11613 1.11613
 0.19621 1.04935 1.04935 1.04935 1.04935
 0.0775672 0.414837 0.414837 0.414837 0.414837
 0.0553807 0.296181 0.296181 0.296181 0.296181
 0.0377505 0.201893 0.201893 0.201893 0.201893
 0.032483 0.173722 0.173722 0.173722 0.173722
 0.0333486 0.178352 0.178352 0.178352 0.178352
 0.0155311 0.0830616 0.0830616 0.0830616 0.0830616
 0.0198243 0.106022 0.106022 0.106022 0.106022
 0.0239944 0.128324 0.128324 0.128324 0.128324
 0.0242694 0.129795 0.129795 0.129795 0.129795
 0.0222896 0.119207 0.119207 0.119207 0.119207
nmprior
 10 11 7 0
nm_flota  nm_reclas  nm_pelaces    nm_pelaL
inf 14.3599 20.0102 36.4335
cv_recla  cv_pelaces  cv_mph
0.729579 0.622944 0.442152
 ------------------------------------------------
Talla a la edad & desviación 
 7.2 14.2025 17.0495 18.207 18.6776
 1.08 2.13037 2.55742 2.73105 2.80164
