years
 1997 1998 1999 2000 2001 2002 2003 2004 2005 2006 2007 2008 2009 2010 2011 2012 2013 2014 2015 2016 2017 2018 2019 2020 2021
reclasobs
 0 0 0 370054 412103 1.49427e+06 250295 1.28982e+06 931140 785840 897777 1.04006e+06 184774 17550 25797 100020 73551 82996 120727 218422 84188 347160 605670 569463 516374
reclaspred
 456088 134806 463624 332181 435627 510241 1.07907e+06 675401 692739 575397 437863 291482 177189 84463.2 62199.4 65783.9 84742.2 118298 126919 181582 259161 238923 418076 551325 637509
pelacesobs
 0 0 0 0 0 0 0 0 0 2.06254e+06 1.5e+06 0 1.87456e+06 323000 250000 174000 83755 137374 0 501740 490994 745055 786931 1.00524e+06 0
pelacespred
 1.88883e+06 511787 1.03065e+06 1.14323e+06 1.26426e+06 1.26723e+06 2.88621e+06 2.37308e+06 2.09391e+06 1.77907e+06 1.22166e+06 834679 501982 202233 145371 163648 219306 308811 343843 475456 749277 679894 936519 1.44164e+06 1.74626e+06
mphobs
 0 0 0 0 0 112323 0 153150 637223 0 255016 313432 73983 77613 109348 50772 0 0 0 0 0 0 0 0 0
mphpred
 161614 112636 149233 205395 195642 276497 412471 465595 374494 346067 296575 204571 125804 66211.1 33540.1 30113.1 37505.1 53181.9 67162.4 78099.5 115567 135066 171900 247261 371251
desembarqueobs
 350755 77701 442110 56441 14545 235359 269955 359681 431902 328805 639364 411747 362871 311530 167758 66681 60226 58785 57116 71774 51957 67425 138520 160799 200461
desembarquepred
 350766 77705 442157 56442.8 14545.1 235393 269981 359716 431984 328875 639788 412114 363381 312155 167863 66699.5 60247 58789.4 57115.6 71778 51958.7 67423.2 138524 160805 200462
Reclutas
 80906.7 100636 65456.7 93666.3 152598 112854 167323 140743 151715 138004 68029.8 41196 41872.8 24516.1 19763.8 25709.5 21945.7 25017.3 28936.1 50200.9 63169.1 84099.3 133852 176161 87528.4
log_desv_Rt
 0.181051 0.399261 -0.0308552 0.327493 0.815562 0.513849 0.90768 0.73469 0.809761 0.715041 0.00770164 -0.493904 -0.477609 -1.01291 -1.22839 -0.965386 -1.12367 -0.992677 -0.847154 -0.296213 -0.0664296 0.219753 0.684492 0.959154 0.259719
SSB
 964166 671971 890303 1.22536e+06 1.16717e+06 1.64955e+06 2.46075e+06 2.77768e+06 2.23418e+06 2.06459e+06 1.76933e+06 1.22045e+06 750531 395007 200096 179651 223751 317276 400682 465932 689457 805788 1.02553e+06 1.47513e+06 2.21484e+06
BT
 3.32929e+06 935233 1.88157e+06 1.86268e+06 2.01144e+06 2.17644e+06 4.76434e+06 4.15375e+06 3.70911e+06 3.12763e+06 2.51091e+06 1.69644e+06 1.15089e+06 621350 374741 314557 397002 535559 591048 811393 1.22952e+06 1.13297e+06 1.57261e+06 2.40997e+06 2.90547e+06
Ftot
 0.303378 0.218099 0.292431 0.0535502 0.0118065 0.125972 0.0794265 0.163993 0.195178 0.172066 0.387541 0.365685 0.575037 1.00586 0.894156 0.345351 0.242711 0.16115 0.135201 0.135842 0.0667384 0.0864198 0.10134 0.0967202 0.0821834
BD_Bspro_t
 0.963672 0.828733 0.8096 0.729782 0.812475 0.890237 0.867658 0.868493 0.820407 0.77731 0.73092 0.583313 0.470058 0.355266 0.238873 0.259909 0.38496 0.55618 0.664396 0.741833 0.822853 0.875775 0.881769 0.88592 0.888122
BD_Bspro
 0.692994 0.482979 0.639904 0.880728 0.838905 1.18561 1.76866 1.99646 1.60582 1.48392 1.2717 0.877195 0.539444 0.283911 0.143819 0.129124 0.16082 0.228042 0.28799 0.334888 0.495547 0.579159 0.737099 1.06025 1.59191
BD_Bo
 0.600945 0.418826 0.554908 0.763744 0.727476 1.02813 1.53373 1.73127 1.39252 1.28682 1.10279 0.76068 0.467791 0.2462 0.124716 0.111973 0.139459 0.197752 0.249737 0.290406 0.429725 0.502232 0.639193 0.919417 1.38046
BD_Brms
 2.13946 1.49109 1.97556 2.71905 2.58993 3.6603 5.46033 6.1636 4.95759 4.58127 3.92609 2.70814 1.66541 0.87651 0.444007 0.398641 0.496497 0.704027 0.889104 1.03389 1.52989 1.78802 2.27563 3.27327 4.91466
S_f
 0.205555 1 1 1 1
 0.205555 1 1 1 1
 0.205555 1 1 1 1
 0.205555 1 1 1 1
 0.205555 1 1 1 1
 0.205555 1 1 1 1
 0.205555 1 1 1 1
 0.205555 1 1 1 1
 0.205555 1 1 1 1
 0.205555 1 1 1 1
 0.205555 1 1 1 1
 0.205555 1 1 1 1
 0.205555 1 1 1 1
 0.205555 1 1 1 1
 0.205555 1 1 1 1
 0.205555 1 1 1 1
 0.205555 1 1 1 1
 0.205555 1 1 1 1
 0.205555 1 1 1 1
 0.205555 1 1 1 1
 0.205555 1 1 1 1
 0.205555 1 1 1 1
 0.205555 1 1 1 1
 0.205555 1 1 1 1
 0.205555 1 1 1 1
Scru_reclas
 1 1 1 1 1
 1 1 1 1 1
 1 1 1 1 1
 1 1 1 1 1
 1 1 1 1 1
 1 1 1 1 1
 1 1 1 1 1
 1 1 1 1 1
 1 1 1 1 1
 1 1 1 1 1
 1 1 1 1 1
 1 1 1 1 1
 1 1 1 1 1
 1 1 1 1 1
 1 1 1 1 1
 1 1 1 1 1
 1 1 1 1 1
 1 1 1 1 1
 1 1 1 1 1
 1 1 1 1 1
 1 1 1 1 1
 1 1 1 1 1
 1 1 1 1 1
 1 1 1 1 1
 1 1 1 1 1
Scru_pelaces
 0.966528 1 1 1 1
 0.966528 1 1 1 1
 0.966528 1 1 1 1
 0.966528 1 1 1 1
 0.966528 1 1 1 1
 0.966528 1 1 1 1
 0.966528 1 1 1 1
 0.966528 1 1 1 1
 0.966528 1 1 1 1
 0.966528 1 1 1 1
 0.966528 1 1 1 1
 0.966528 1 1 1 1
 0.966528 1 1 1 1
 0.966528 1 1 1 1
 0.966528 1 1 1 1
 0.966528 1 1 1 1
 0.966528 1 1 1 1
 0.966528 1 1 1 1
 0.966528 1 1 1 1
 0.966528 1 1 1 1
 0.966528 1 1 1 1
 0.966528 1 1 1 1
 0.966528 1 1 1 1
 0.966528 1 1 1 1
 0.966528 1 1 1 1
pf_obs 
 0.256992 0.487395 0.22802 0.0275931 0
 0.321318 0.546541 0.124235 0.00734118 0.000564706
 0.182869 0.594174 0.210203 0.0122559 0.00049798
 0.330522 0.361315 0.267642 0.0388342 0.00168674
 0.649043 0.306663 0.0425973 0.00169635 0
 0.582887 0.30429 0.105238 0.00758474 0
 0.465427 0.430635 0.0974691 0.00646863 0
 0.296916 0.608066 0.0921331 0.00288517 0
 0.311714 0.524322 0.152257 0.0117073 0
 0.15457 0.633149 0.183074 0.0267441 0.00246327
 0.131901 0.49318 0.331252 0.0422183 0.00144891
 0.196976 0.569456 0.194076 0.0375587 0.00193317
 0.518974 0.381816 0.0799577 0.0180837 0.00116848
 0.0928022 0.601141 0.25162 0.0475244 0.00691264
 0.122501 0.610282 0.24278 0.0234846 0.000952079
 0.383417 0.481906 0.127806 0.00687128 0
 0.0376549 0.599619 0.316969 0.0457579 0
 0.0361596 0.667082 0.258105 0.0386534 0
 0.158088 0.579412 0.248529 0.0139706 0
 0.0477256 0.309471 0.559284 0.082774 0.000745712
 0.0406174 0.521527 0.379366 0.0568643 0.0016247
 0.151134 0.462217 0.34131 0.0453401 0
 0.294876 0.26143 0.354403 0.0886775 0.000613685
 0.281977 0.475581 0.204845 0.0348837 0.00271318
 0 0 0 0 0
pf_pred 
 0.391922 0.429549 0.159704 0.0188163 9.47802e-06
 0.316078 0.535229 0.105037 0.0390522 0.00460345
 0.181448 0.583408 0.184021 0.0361135 0.0150095
 0.261293 0.407699 0.23592 0.0744148 0.0206733
 0.304012 0.44403 0.139058 0.0804676 0.0324326
 0.179214 0.55907 0.166971 0.0522907 0.0424545
 0.255191 0.394129 0.238862 0.0713381 0.0404797
 0.191706 0.511888 0.156849 0.0950582 0.0444993
 0.214705 0.435045 0.221811 0.0679656 0.0604731
 0.197626 0.475197 0.181252 0.0924132 0.0535114
 0.119622 0.496715 0.22722 0.0866677 0.0697753
 0.119305 0.388534 0.27768 0.127024 0.0874569
 0.193556 0.353128 0.199988 0.142929 0.110399
 0.184214 0.4928 0.14143 0.0800965 0.101459
 0.258777 0.474825 0.160926 0.0461846 0.0592878
 0.344401 0.47359 0.116595 0.0395158 0.025899
 0.236004 0.572617 0.138248 0.0340357 0.0190956
 0.247277 0.471571 0.210724 0.0508755 0.0195524
 0.246883 0.476053 0.173576 0.0775635 0.0259232
 0.327361 0.423002 0.157798 0.0575357 0.0343029
 0.281774 0.513974 0.128448 0.0479166 0.0278875
 0.276228 0.479768 0.174614 0.0436378 0.0257531
 0.313916 0.451904 0.155231 0.056497 0.0224517
 0.286967 0.498851 0.141076 0.04846 0.0246462
 0.126619 0.586501 0.200706 0.05676 0.0294134
pobs_RECLAS
 0 0 0 0 0
 0 0 0 0 0
 0 0 0 0 0
 0 0 0 0 0
 0.835266 0.146461 0.0176864 0.000547809 3.91292e-05
 0.385257 0.428462 0.181853 0.0044286 0
 0.867414 0.0963971 0.0333333 0.00285562 0
 0.441836 0.489002 0.0689373 0.000224442 0
 0.779404 0.147425 0.0564933 0.0165055 0.000172143
 0.814271 0.122319 0.05973 0.00367925 0
 0.40263 0.566651 0.0304383 0.000280538 0
 0.475488 0.404961 0.113038 0.00651328 0
 0.955842 0.0263864 0.0167828 0.000988607 0
 0.975058 0.0227948 0.00214734 0 0
 0.738997 0.206755 0.0527124 0.00153531 0
 0.850938 0.134255 0.0134407 0.00136685 0
 0.542534 0.407297 0.0501686 0 0
 0.764087 0.199537 0.0359546 0.000420521 0
 0.470689 0.182191 0.310203 0.0369168 0
 0.84361 0.089868 0.0606195 0.00523954 0.000663233
 0.607945 0.314616 0.071237 0.00620181 0
 0.523733 0.453247 0.0230204 0 0
 0.530135 0.295979 0.169645 0.0042399 0
 0.562478 0.366248 0.0663022 0.0049721 0
 0.250443 0.683176 0.0655157 0.000865301 0
ppred_RECLAS
 0.761388 0.168557 0.0626683 0.00738358 3.71921e-06
 0.694672 0.238946 0.0468924 0.0174343 0.00205515
 0.52304 0.339945 0.107227 0.0210429 0.00874587
 0.633058 0.202519 0.11719 0.0369645 0.0102692
 0.68012 0.204078 0.0639117 0.0369833 0.0149062
 0.516685 0.329205 0.0983198 0.030791 0.024999
 0.625937 0.197942 0.119963 0.0358279 0.02033
 0.537842 0.292682 0.0896812 0.0543513 0.0254433
 0.573391 0.236337 0.120499 0.0369222 0.0328519
 0.547334 0.268087 0.102255 0.0521357 0.0301889
 0.403629 0.336476 0.15392 0.058709 0.047266
 0.40251 0.263593 0.188387 0.0861767 0.0593334
 0.548368 0.197762 0.111999 0.0800445 0.0618265
 0.544482 0.275169 0.0789715 0.0447242 0.0566528
 0.645909 0.22683 0.0768762 0.0220629 0.0283225
 0.722877 0.200187 0.0492848 0.0167034 0.0109476
 0.603666 0.297053 0.0717181 0.0176565 0.00990611
 0.617104 0.23988 0.107191 0.0258794 0.00994596
 0.61625 0.242572 0.0884457 0.0395224 0.0132091
 0.704509 0.185825 0.0693211 0.0252756 0.0150693
 0.656921 0.245513 0.0613562 0.0228886 0.0133212
 0.650913 0.2314 0.084219 0.0210472 0.0124211
 0.691092 0.203469 0.0698925 0.0254377 0.0101089
 0.663 0.235771 0.0666764 0.0229036 0.0116485
 0.41457 0.393134 0.134534 0.0380464 0.0197159
pobs_PELACES
 0 0 0 0 0
 0 0 0 0 0
 0 0 0 0 0
 0 0 0 0 0
 0 0 0 0 0
 0 0 0 0 0
 0 0 0 0 0
 0 0 0 0 0
 0 0 0 0 0
 0 0 0 0 0
 0.450072 0.473896 0.0757376 0.000293798 0
 0 0 0 0 0
 0.463077 0.371075 0.160297 0.00555027 0
 0.529543 0.364841 0.0842815 0.0213345 0
 0.631943 0.363953 0.00410389 0 0
 0.735681 0.248677 0.0153453 0.000297389 0
 0.695825 0.281241 0.0229344 0 0
 0.275771 0.60734 0.115278 0.00161068 0
 0 0 0 0 0
 0.896147 0.0623911 0.0374545 0.00400742 0
 0.803859 0.145111 0.0509908 3.86294e-05 0
 0.739449 0.233085 0.0266225 0.000797448 4.60066e-05
 0.878498 0.100942 0.0204185 0.000141795 0
 0.694673 0.275183 0.0284847 0.00165964 0
 0 0 0 0 0
ppred_PELACES
 0.769554 0.162788 0.0605236 0.00713089 3.59193e-06
 0.699557 0.235123 0.0461423 0.0171554 0.00202227
 0.533661 0.332375 0.104839 0.0205744 0.00855113
 0.628398 0.20509 0.118678 0.0374339 0.0103996
 0.67335 0.208398 0.0652644 0.0377661 0.0152217
 0.51643 0.329379 0.0983716 0.0308073 0.0250122
 0.622836 0.199583 0.120957 0.0361249 0.0204985
 0.540066 0.291274 0.0892497 0.0540899 0.0253209
 0.577574 0.234019 0.119317 0.0365601 0.0325297
 0.550073 0.266464 0.101636 0.0518202 0.0300062
 0.419991 0.327245 0.149697 0.0570983 0.0459693
 0.417464 0.256996 0.183672 0.0840199 0.0578484
 0.577077 0.185191 0.10488 0.0749562 0.0578962
 0.600623 0.241256 0.0692387 0.0392122 0.0496706
 0.69029 0.198399 0.0672407 0.0192976 0.0247726
 0.734051 0.192116 0.0472976 0.0160299 0.0105062
 0.610723 0.291764 0.0704413 0.0173422 0.00972974
 0.61904 0.238667 0.106649 0.0257486 0.00989566
 0.616581 0.242363 0.0883694 0.0394883 0.0131977
 0.704835 0.18562 0.0692446 0.0252476 0.0150527
 0.653182 0.248189 0.062025 0.0231381 0.0134663
 0.648321 0.233118 0.0848444 0.0212035 0.0125134
 0.689493 0.204522 0.0702542 0.0255693 0.0101612
 0.661056 0.237131 0.067061 0.0230357 0.0117157
 0.411539 0.395169 0.135231 0.0382433 0.0198179
pobs_pel_tallas
 0 0 0 0 0 0 0 0 0 0 0 0 0 0 0 0 0 0 0 0 0 0 0 0 0 0 0 0 0 0 0 0 0 0 0 0
 0 0 0 0 0 0 0 0 0 0 0 0 0 0 0 0 0 0 0 0 0 0 0 0 0 0 0 0 0 0 0 0 0 0 0 0
 0 0 0 0 0 0 0 0 0 0 0 0 0 0 0 0 0 0 0 0 0 0 0 0 0 0 0 0 0 0 0 0 0 0 0 0
 0 0 0 0 0 0 0 0 0 0 0 0 0 0 0 0 0 0 0 0 0 0 0 0 0 0 0 0 0 0 0 0 0 0 0 0
 0 0 0 0 0 0 0 0 0 0 0 0 0 0 0 0 0 0 0 0 0 0 0 0 0 0 0 0 0 0 0 0 0 0 0 0
 0 0 0 0 0 0 0 0 0 0 0 0 0 0 0 0 0 0 0 0 0 0 0 0 0 0 0 0 0 0 0 0 0 0 0 0
 0 0 0 0 0 0 0 0 0 0 0 0 0 0 0 0 0 0 0 0 0 0 0 0 0 0 0 0 0 0 0 0 0 0 0 0
 0 0 0 0 0 0 0 0 0 0 0 0 0 0 0 0 0 0 0 0 0 0 0 0 0 0 0 0 0 0 0 0 0 0 0 0
 0 0 0 0 0 0 0 0 0 0 0 0 0 0 0 0 0 0 0 0 0 0 0 0 0 0 0 0 0 0 0 0 0 0 0 0
 0 0 0 0 0 0 0 0 0 0 0 0 0 0 0 0 0 0 0 0 0 0 0 0 0 0 0 0 0 0 0 0 0 0 0 0
 0 0 0 0 0 0 0 0 1.78061e-05 0.00172719 0.00360574 0.0105946 0.0120993 0.0124554 0.0147524 0.0171206 0.0266825 0.0428682 0.0675386 0.121331 0.153587 0.119568 0.100827 0.0573624 0.0630603 0.0341343 0.0324427 0.0444173 0.0211091 0.0280891 0.0125444 0.00206551 0 0 0 0
 0 0 0 0 0 0 0 0 0 0 0 0 0 0 0 0 0 0 0 0 0 0 0 0 0 0 0 0 0 0 0 0 0 0 0 0
 0 0 0 0 0 0 0.0133647 0.0140871 0.0187388 0.0205184 0.03894 0.0496705 0.03968 0.0493445 0.0407372 0.0367815 0.0215668 0.0243155 0.0234873 0.0199281 0.019796 0.0243948 0.0301388 0.0376714 0.0412746 0.0863199 0.0771752 0.113111 0.0741005 0.0525337 0.0229764 0.00759418 0.00175318 0 0 0
 0 0 0 0 0 0 0 0 0 0 0.00219441 0.00772107 0.0458388 0.0604681 0.0671733 0.0775358 0.0609151 0.0617685 0.073594 0.0568108 0.0755445 0.0548602 0.0670107 0.0636378 0.0643287 0.046367 0.0373049 0.0286899 0.0247887 0.0153202 0.00654259 0.00121912 0.000365735 0 0 0
 0 0 0 0 0 0 0 0 0 0 0 0 0.000112435 0.00938835 0.0111873 0.0202946 0.0414886 0.0713402 0.111592 0.104902 0.108894 0.110636 0.117776 0.105296 0.107544 0.0401394 0.0192827 0.0124803 0.00416011 0.0028671 0.000618394 0 0 0 0 0
 0 0 0 0 0 0 0 0 0 0 0.00291406 0.0102884 0.027416 0.0768956 0.0749926 0.110853 0.0956884 0.0897413 0.0766577 0.0534642 0.0500743 0.0551293 0.0594112 0.0620874 0.0668451 0.0424026 0.0208742 0.0120726 0.0048766 0.00582813 0.00118941 0.000297354 0 0 0 0
 0 0.00264628 0.0354308 0.0461629 0.0458689 0.0383711 0.0214643 0.0164657 0.0346957 0.0420465 0.0363128 0.0245516 0.0311673 0.0291091 0.0169068 0.0133784 0.00837989 0.0085269 0.0148486 0.0160247 0.0276389 0.0546898 0.0760071 0.122758 0.109233 0.0665981 0.0333725 0.0166128 0.00676272 0.00308733 0.000882094 0 0 0 0 0
 0 0 0 0 0 0 0 0.000805153 0.000690131 0.00759144 0.0133425 0.0154129 0.00931677 0.000345066 0.00356568 0.00563607 0.00851162 0.0253048 0.0502646 0.0516448 0.0657925 0.0565908 0.0611916 0.0827007 0.0866115 0.110766 0.145733 0.0935128 0.0569358 0.0249597 0.0138026 0.00621118 0.00161031 0.00115022 0 0
 0 0 0 0 0 0 0 0 0 0 0 0 0 0 0 0 0 0 0 0 0 0 0 0 0 0 0 0 0 0 0 0 0 0 0 0
 0.00147267 0.00158595 0.00478618 0.00569244 0.00954404 0.0108468 0.00647125 0.017049 0.0510054 0.094081 0.124002 0.0959785 0.0687766 0.0820023 0.061753 0.0591476 0.0492212 0.0479892 0.0443925 0.0268479 0.0217502 0.0140895 0.0121071 0.0120363 0.00920419 0.00665534 0.0049561 0.00860946 0.00930331 0.0156896 0.0114698 0.00855282 0.00243557 0.00046729 0 2.83206e-05
 0 0 0 0 0.000772559 0.00158375 0.000888443 0.00281984 0.00712685 0.0440552 0.0773331 0.111326 0.0921469 0.0852325 0.0710754 0.0886704 0.0786465 0.0553345 0.0373146 0.0185414 0.00753245 0.00457741 0.012979 0.0271748 0.0457355 0.0583668 0.034881 0.0177882 0.00938659 0.00492506 0.0015258 0.00185414 0.000309023 5.79419e-05 3.86279e-05 0
 0 0.00173294 0.00326652 0 0.00397197 0.00683976 0.00946217 0.0152591 0.00757587 0.0136028 0.0228656 0.0392903 0.0559909 0.0764795 0.0681675 0.0726916 0.0566044 0.0477403 0.0527397 0.0444891 0.0609904 0.0582453 0.0661739 0.0445044 0.0529084 0.0360697 0.0280645 0.0235558 0.0158879 0.00826598 0.00280645 0.00217768 0.000904811 0.00058276 9.20147e-05 0
 0 0 0 0 0 0 0 0 0 0 0 0 0 0 0 0 0 0 0 0 0 0 0 0 0 0 0 0 0 0 0 0 0 0 0 0
 0 0 0 0 0 0 0 0 0 0 0 0 0 0 0 0 0 0 0 0 0 0 0 0 0 0 0 0 0 0 0 0 0 0 0 0
 0 0 0 0 0 0 0 0 0 0 0 0 0 0 0 0 0 0 0 0 0 0 0 0 0 0 0 0 0 0 0 0 0 0 0 0
ppred_pel_tallas
 1.01158e-16 3.35755e-05 0.000197064 0.000936758 0.00360658 0.0112468 0.0284085 0.0581274 0.0963523 0.129397 0.140806 0.124194 0.0888845 0.0518388 0.0250934 0.0109438 0.00572042 0.00510432 0.00644834 0.0085879 0.0110425 0.0135172 0.0157388 0.0174512 0.0184606 0.0186751 0.0181221 0.0169323 0.0153014 0.0134404 0.0115332 0.00971197 0.00805208 0.00658286 0.00530488 0.00420587
 1.01416e-16 3.05262e-05 0.000179155 0.000851604 0.00327869 0.0102243 0.0258257 0.0528435 0.0875962 0.117646 0.12804 0.112982 0.0809669 0.0474359 0.0233634 0.0108736 0.00666676 0.00684092 0.00898826 0.0120112 0.0153911 0.0187405 0.021673 0.0238276 0.02494 0.0249015 0.023781 0.0217997 0.0192694 0.0165163 0.0138156 0.0113535 0.00922112 0.00743253 0.00595511 0.00473783
 1.02704e-16 2.32964e-05 0.000136701 0.00064975 0.00250147 0.00780049 0.0197037 0.040318 0.0668381 0.0897814 0.0977517 0.0863473 0.0620791 0.0367729 0.0188627 0.0100432 0.00787259 0.00943128 0.0128979 0.0173861 0.0223736 0.0273674 0.0318315 0.0352513 0.0372388 0.0376163 0.0364503 0.0340176 0.0307242 0.0270026 0.0232246 0.0196498 0.016418 0.013573 0.0111004 0.00896289
 1.03524e-16 2.74223e-05 0.000160935 0.000764988 0.0029452 0.00918431 0.0231989 0.0474686 0.0786865 0.10568 0.115018 0.101495 0.0727418 0.042632 0.0210279 0.00984453 0.00612906 0.0063927 0.0084947 0.0114763 0.0149014 0.0184492 0.0217907 0.0246027 0.0266251 0.0277108 0.0278473 0.0271411 0.0257752 0.0239558 0.0218669 0.0196463 0.0173846 0.015138 0.0129467 0.010849
 1.03004e-16 2.93824e-05 0.000172442 0.000819696 0.00315584 0.00984118 0.0248581 0.0508634 0.0843135 0.113236 0.123237 0.108736 0.0779084 0.0456121 0.0224068 0.0103335 0.0062144 0.00629654 0.00827242 0.0111051 0.0143241 0.0175925 0.0205741 0.02295 0.0244772 0.0250396 0.0246675 0.0235167 0.021818 0.019816 0.017716 0.0156572 0.01371 0.0118944 0.0102045 0.00863024
 1.03732e-16 2.25449e-05 0.000132289 0.000628778 0.00242072 0.00754869 0.0190676 0.0390166 0.064681 0.0868846 0.0945999 0.0835682 0.0600921 0.035618 0.0183114 0.00981669 0.00777568 0.00936777 0.0128335 0.0173159 0.0223072 0.0273252 0.0318441 0.0353588 0.0374878 0.0380558 0.0371251 0.034962 0.0319564 0.02852 0.0250019 0.02164 0.0185563 0.0157826 0.0133 0.011075
 1.03982e-16 2.71795e-05 0.00015951 0.000758215 0.00291913 0.009103 0.0229935 0.0470483 0.0779898 0.104744 0.113999 0.100594 0.0720925 0.0422447 0.0208244 0.00972907 0.00603144 0.00627417 0.00833748 0.0112752 0.014661 0.0181848 0.0215282 0.0243777 0.0264789 0.0276846 0.027976 0.0274479 0.0262677 0.0246246 0.0226876 0.0205828 0.0183938 0.0161746 0.0139679 0.0118176
 1.04404e-16 2.35739e-05 0.000138334 0.000657524 0.00253141 0.00789389 0.0199395 0.0408003 0.0676363 0.0908496 0.0989044 0.0873407 0.0627394 0.0370558 0.018809 0.00969574 0.00722738 0.00843947 0.0114931 0.0155167 0.0200312 0.0246084 0.0287874 0.0321246 0.0342814 0.0350963 0.0346119 0.0330451 0.0307171 0.0279668 0.0250779 0.0222408 0.0195504 0.0170314 0.0146738 0.0124633
 1.04547e-16 2.52072e-05 0.000147928 0.000703146 0.00270709 0.00844174 0.0213233 0.0436312 0.0723269 0.0971432 0.105738 0.0933329 0.0669512 0.0393576 0.0196351 0.00956603 0.00645867 0.00712356 0.00959813 0.0129876 0.0168552 0.0208504 0.0246029 0.0277496 0.0300015 0.0312004 0.0313424 0.0305583 0.0290628 0.027092 0.0248505 0.0224846 0.0200818 0.0176883 0.0153334 0.0130474
 1.04713e-16 2.40093e-05 0.000140893 0.000669692 0.00257827 0.00804003 0.0203086 0.0415553 0.068887 0.092527 0.100724 0.088931 0.0638465 0.0376388 0.0189746 0.00957002 0.00687923 0.0078765 0.0106919 0.0144537 0.0187055 0.0230548 0.0270812 0.030377 0.0326255 0.0336659 0.0335187 0.0323604 0.030462 0.0281126 0.0255565 0.0229604 0.0204124 0.0179449 0.0155651 0.0132803
 1.06342e-16 1.83397e-05 0.000107601 0.000511407 0.00196881 0.00613943 0.015508 0.0317333 0.0526089 0.0706748 0.0769676 0.0680323 0.0490084 0.0292258 0.015354 0.00876639 0.00758469 0.00955104 0.0132578 0.0180089 0.0233628 0.0288688 0.0340171 0.0383046 0.0413336 0.0428923 0.0429865 0.0418107 0.0396754 0.0369173 0.0338243 0.0305972 0.02735 0.0241353 0.0209807 0.017916
 1.08282e-16 1.82267e-05 0.000106944 0.000508297 0.00195686 0.00610219 0.0154138 0.0315402 0.0522869 0.0702367 0.0764759 0.0675631 0.0485955 0.0288298 0.0148742 0.00806985 0.00652953 0.00800103 0.0111001 0.0151812 0.0198866 0.0248767 0.0297635 0.034149 0.0376971 0.0401925 0.0415677 0.0418851 0.0412904 0.0399546 0.0380291 0.0356266 0.0328279 0.0297031 0.0263339 0.022826
 1.0683e-16 2.51835e-05 0.000147793 0.000702516 0.00270468 0.00843425 0.0213043 0.043592 0.0722605 0.0970499 0.105626 0.0932074 0.0668042 0.0391568 0.0193234 0.00906591 0.00567757 0.00596266 0.00796729 0.0108275 0.0141633 0.0177033 0.0211678 0.0242779 0.0268024 0.0285997 0.0296336 0.0299586 0.0296831 0.0289257 0.0277822 0.0263129 0.0245505 0.0225194 0.0202565 0.0178234
 1.0473e-16 2.62124e-05 0.000153829 0.000731199 0.0028151 0.00877857 0.0221741 0.045372 0.0752124 0.101018 0.109954 0.0970496 0.0696074 0.0408985 0.0203643 0.00985271 0.00655683 0.00715083 0.00958383 0.0129159 0.0166859 0.0205272 0.0240601 0.0269213 0.0288346 0.0296683 0.0294568 0.0283752 0.0266805 0.0246397 0.0224713 0.0203148 0.0182316 0.0162285 0.0142889 0.0124
 1.0284e-16 3.01207e-05 0.000176778 0.000840308 0.00323521 0.0100887 0.0254832 0.0521425 0.0864332 0.116081 0.12633 0.111456 0.0798377 0.046702 0.0228683 0.0104216 0.00609695 0.00604126 0.00788753 0.0105775 0.013641 0.0167515 0.0195874 0.0218438 0.0232884 0.0238101 0.0234375 0.0223196 0.0206778 0.018747 0.0167258 0.0147493 0.0128873 0.0111599 0.00956159 0.00808162
 1.01776e-16 3.20285e-05 0.000187979 0.000893563 0.00344026 0.0107281 0.0270984 0.0554471 0.0919104 0.123435 0.134328 0.1185 0.0848545 0.0495792 0.0241692 0.01083 0.00607674 0.00580014 0.00747514 0.00997537 0.0128093 0.0156473 0.018173 0.0200912 0.0211828 0.0213523 0.0206457 0.0192301 0.0173454 0.0152433 0.0131363 0.0111678 0.00940921 0.00787431 0.00654387 0.00538751
 1.02146e-16 2.6655e-05 0.000156422 0.000743517 0.00286251 0.0089264 0.0225475 0.0461365 0.076481 0.102726 0.111823 0.0987232 0.0708601 0.0417396 0.020977 0.0104681 0.00737336 0.00831713 0.0112043 0.0150469 0.0193189 0.0235696 0.0273253 0.0301377 0.0316743 0.0317925 0.0305674 0.0282608 0.0252467 0.0219188 0.0186106 0.0155498 0.0128508 0.0105374 0.00857846 0.00692209
 1.02939e-16 2.70156e-05 0.000158544 0.000753614 0.0029014 0.0090477 0.0228539 0.0467629 0.0775178 0.104114 0.113321 0.100017 0.071725 0.0421213 0.0209337 0.0100632 0.00661358 0.00715494 0.00957371 0.0129043 0.0166775 0.0205226 0.0240539 0.0268984 0.0287654 0.0295061 0.0291384 0.0278252 0.0258208 0.0234028 0.0208136 0.0182285 0.0157512 0.0134303 0.0112833 0.00931755
 1.03307e-16 2.69084e-05 0.000157915 0.000750623 0.00288989 0.00901179 0.0227632 0.0465773 0.0772103 0.103701 0.112873 0.0996231 0.0714469 0.0419665 0.0208723 0.0100589 0.00664246 0.00720652 0.00964449 0.0129914 0.0167751 0.0206209 0.02414 0.0269585 0.028789 0.0294899 0.0290893 0.0277615 0.0257705 0.0233987 0.0208873 0.0184037 0.016039 0.0138266 0.01177 0.00986547
 1.02615e-16 3.07544e-05 0.000180499 0.000858003 0.00330335 0.0103012 0.0260199 0.0532405 0.0882528 0.118524 0.128984 0.113788 0.081487 0.0476246 0.0232415 0.0104592 0.00593656 0.0057345 0.00743597 0.00996744 0.0128643 0.0158157 0.0185192 0.0206881 0.022102 0.022652 0.0223592 0.0213565 0.0198454 0.0180413 0.0161285 0.0142346 0.012429 0.0107368 0.00916058 0.00769756
 1.02386e-16 2.85046e-05 0.000167285 0.00079517 0.0030614 0.00954665 0.0241142 0.0493416 0.0817922 0.109854 0.119567 0.105523 0.0756613 0.0444073 0.0220208 0.0105007 0.00678203 0.00723514 0.00961833 0.0129019 0.0165823 0.0202656 0.0235488 0.0260517 0.027491 0.0277422 0.0268631 0.0250675 0.0226628 0.0199717 0.0172663 0.0147307 0.0124561 0.0104608 0.00872108 0.00719978
 1.02594e-16 2.82921e-05 0.000166039 0.000789247 0.0030386 0.00947555 0.0239346 0.048974 0.0811825 0.109034 0.118672 0.104728 0.0750781 0.0440395 0.0217917 0.0103153 0.00656572 0.00694074 0.00922039 0.0123937 0.0159783 0.0196044 0.0228936 0.0254844 0.0271006 0.0276091 0.0270435 0.0255813 0.0234886 0.0210509 0.0185136 0.0160491 0.0137522 0.0116572 0.0097641 0.00806142
 1.02418e-16 3.00862e-05 0.000176575 0.000839341 0.00323148 0.0100771 0.0254539 0.0520825 0.0863339 0.115949 0.126187 0.111334 0.0797577 0.046671 0.0228825 0.0104776 0.00619762 0.00619567 0.00810705 0.0108713 0.014012 0.0171928 0.0200805 0.0223588 0.0237867 0.0242489 0.0237757 0.0225228 0.020723 0.0186243 0.0164391 0.0143147 0.0123304 0.010513 0.00886054 0.00736221
 1.02369e-16 2.88475e-05 0.000169299 0.000804748 0.00309828 0.00966166 0.0244047 0.0499359 0.082777 0.111175 0.121002 0.106782 0.0765472 0.0448936 0.0221997 0.0104825 0.00663492 0.00698002 0.00925001 0.0124097 0.0159634 0.0195318 0.0227297 0.0251921 0.0266454 0.0269657 0.026202 0.0245517 0.0223016 0.0197549 0.0171687 0.0147186 0.0124949 0.0105203 0.00877914 0.0072429
 1.04289e-16 1.7974e-05 0.000105447 0.000501154 0.00192931 0.00601624 0.0151969 0.0310973 0.0515566 0.0692675 0.0754517 0.066732 0.0481579 0.0288909 0.0154918 0.00933532 0.00860693 0.0111082 0.0154498 0.0209057 0.0269613 0.0330603 0.0385748 0.042895 0.0455561 0.0463375 0.0453023 0.0427583 0.0391632 0.0350061 0.0307057 0.0265541 0.0227089 0.0192232 0.0160904 0.013284
pSPR Fmed_Fpbrs
0.754036   0.330887 0.330887
Fs Fmed_Fpbrs
0.16991   1.005 1.005
SSBpbr Bo_Bmed_Bpbrs
1.60442e+06  1.12957e+06  450659 450659
Ro
67507.9
SPR SPRFo_SPRFmed_SPRFpbrs
1.39131e+06 1.0491e+06 460365
log_Ro
10.94
likeval ReclasPelacesDesembMPH_pf_preclas_ppelaces_ptallas_desvR_qrecl_qpela
 62.3947 23.6101 0.0398154 0.00022559 291.301 203.079 71.3787 0 17.0297 0.00010784 9.26113e-07 0 0 0 0
q_reclas_q_pelaces
0.229571 1.14673
M
0.7
N
 80906.7 20205.1 7512.12 885.078 0.445826
 100636 37748.1 7407.96 2754.23 324.667
 65456.7 47783.2 15072 2957.83 1229.33
 93666.3 30608.5 17712 5586.79 1552.07
 152598 46004.1 14407.2 8336.91 3360.21
 112854 75594.2 22576.8 7070.44 5740.44
 167323 54609 33095.8 9884.34 5608.72
 140743 81744.4 25047.5 15180 7106.18
 151715 67574.2 34453.3 10556.9 9393.1
 138004 72376.8 27606.4 14075.4 8150.27
 68029.8 66149.5 30259.8 11541.9 9292.25
 41196 31195.9 22295.3 10198.9 7022.02
 41872.8 18976 10746.7 7680.55 5932.46
 24516.1 18475.3 5302.27 3002.85 3803.76
 19763.8 9900.36 3355.4 962.974 1236.18
 25709.5 8166.61 2010.56 681.413 446.605
 21945.7 11892.1 2871.12 706.851 396.576
 25017.3 10367.5 4632.79 1118.5 429.862
 28936.1 12018.4 4382.11 1958.17 654.457
 50200.9 13975.4 5213.44 1900.9 1133.32
 63169.1 24242.5 6058.47 2260.08 1315.36
 84099.3 30941.4 11261.3 2814.31 1660.88
 133852 41027.1 14093 5129.21 2038.33
 176161 65098.8 18410 6323.91 3216.27
 87528.4 85757 29346.8 8299.32 4300.76
pred_Ctot
 3530.35 3869.29 1438.58 169.493 0.0853762
 3181.18 5386.84 1057.15 393.043 46.3316
 2755.85 8860.82 2794.91 548.494 227.965
 737.884 1151.33 666.231 210.145 58.3807
 266.047 388.579 121.692 70.4188 28.3824
 2077.72 6481.61 1935.78 606.234 492.197
 1950.5 3012.43 1825.69 545.257 309.398
 3361.67 8976.25 2750.43 1666.9 780.321
 4300.72 8714.29 4443.06 1361.41 1211.32
 3455.99 8310.02 3169.66 1616.08 935.782
 3763.47 15627.3 7148.62 2726.67 2195.22
 2154.68 7017.03 5014.99 2294.09 1579.5
 3380.12 6166.78 3492.45 2496.01 1927.92
 3332.7 8915.46 2558.67 1449.06 1835.55
 2411.8 4425.36 1499.83 430.439 552.561
 1272.23 1749.46 430.706 145.973 95.6723
 770.298 1868.98 451.231 111.09 62.3266
 587.334 1120.08 500.512 120.84 46.4409
 571.287 1101.58 401.655 179.481 59.9861
 995.755 1286.67 479.985 175.01 104.341
 619.448 1129.91 282.378 105.339 61.3075
 1066 1851.48 673.855 168.404 99.3844
 1986.87 2860.23 982.5 357.586 142.103
 2496.73 4340.21 1227.42 421.622 214.432
 1055.48 4889 1673.06 473.144 245.186
F
 0.0623609 0.303378 0.303378 0.303378 0.303378
 0.0448314 0.218099 0.218099 0.218099 0.218099
 0.0601106 0.292431 0.292431 0.292431 0.292431
 0.0110075 0.0535502 0.0535502 0.0535502 0.0535502
 0.00242688 0.0118065 0.0118065 0.0118065 0.0118065
 0.0258942 0.125972 0.125972 0.125972 0.125972
 0.0163265 0.0794265 0.0794265 0.0794265 0.0794265
 0.0337095 0.163993 0.163993 0.163993 0.163993
 0.0401198 0.195178 0.195178 0.195178 0.195178
 0.0353689 0.172066 0.172066 0.172066 0.172066
 0.0796609 0.387541 0.387541 0.387541 0.387541
 0.0751683 0.365685 0.365685 0.365685 0.365685
 0.118202 0.575037 0.575037 0.575037 0.575037
 0.20676 1.00586 1.00586 1.00586 1.00586
 0.183798 0.894156 0.894156 0.894156 0.894156
 0.0709885 0.345351 0.345351 0.345351 0.345351
 0.0498905 0.242711 0.242711 0.242711 0.242711
 0.0331252 0.16115 0.16115 0.16115 0.16115
 0.0277913 0.135201 0.135201 0.135201 0.135201
 0.027923 0.135842 0.135842 0.135842 0.135842
 0.0137184 0.0667384 0.0667384 0.0667384 0.0667384
 0.017764 0.0864198 0.0864198 0.0864198 0.0864198
 0.0208309 0.10134 0.10134 0.10134 0.10134
 0.0198813 0.0967202 0.0967202 0.0967202 0.0967202
 0.0168932 0.0821834 0.0821834 0.0821834 0.0821834
nmprior
 10 11 7 0
nm_flota  nm_reclas  nm_pelaces    nm_pelaL
inf 12.1785 20.0497 36.5199
cv_recla  cv_pelaces  cv_mph
0.714494 0.571759 0.487301
 ------------------------------------------------
Talla a la edad & desviación 
 7.2 14.2025 17.0495 18.207 18.6776
 1.08 2.13037 2.55742 2.73105 2.80164
