years
 1997 1998 1999 2000 2001 2002 2003 2004 2005 2006 2007 2008 2009 2010 2011 2012 2013 2014 2015 2016 2017 2018 2019 2020 2021
reclasobs
 0 0 0 370054 412103 1.49427e+06 250295 1.28982e+06 931140 785840 897777 1.04006e+06 184774 17550 25797 100020 73551 82996 120727 218422 84188 347160 605670 569463 516374
reclaspred
 389973 110555 359120 265169 379065 450428 982798 643369 698001 613678 477890 319998 195485 92515.5 67074.4 69921.2 88649.9 121703 128202 186009 269847 246744 422204 533351 574339
pelacesobs
 0 0 0 0 0 0 0 0 0 2.06254e+06 1.5e+06 0 1.87456e+06 323000 250000 174000 83755 137374 0 501740 490994 745055 786931 1.00524e+06 0
pelacespred
 1.25079e+06 316128 627862 702476 854385 857333 2.09126e+06 1.73681e+06 1.65053e+06 1.47167e+06 1.03408e+06 712905 433876 173130 123206 136636 180395 249640 271984 382550 613490 549870 743073 1.10039e+06 1.23591e+06
mphobs
 0 0 0 0 0 112323 0 153150 637223 0 255016 313432 73983 77613 109348 50772 0 0 0 0 0 0 0 0 0
mphpred
 142669 91414 116655 152157 157109 239516 361422 421095 354224 347385 315425 221139 136289 71994.6 35939.4 31783.7 39064.8 54509.1 67695.8 77621.1 117398 138802 174038 243287 348576
desembarqueobs
 350755 77701 442110 56441 14545 235359 269955 359681 431902 328805 639364 411747 362871 311530 167758 66681 60226 58785 57116 71774 51957 67425 138520 160799 200461
desembarquepred
 350763 77702.5 442126 56442.3 14545.1 235392 269980 359693 431947 328840 639641 412031 363261 312035 167824 66694.6 60244.6 58787.4 57113.7 71774.6 51957.7 67420.9 138520 160803 200461
Reclutas
 59637.9 76302.6 48100.2 75901.1 128364 92298.6 145236 131421 152751 145961 68551.5 40347.2 42350.4 24067 19155.1 24395.9 20403.2 22808.5 25786.3 47626.8 59688 76342.7 117943 146551 54308.7
log_desv_Rt
 -0.00395413 0.242463 -0.218959 0.237186 0.762623 0.432784 0.886113 0.786162 0.936564 0.891097 0.135341 -0.394723 -0.346266 -0.911404 -1.13968 -0.897828 -1.07655 -0.965111 -0.842401 -0.22885 -0.00311305 0.242988 0.677953 0.895126 -0.0975607
SSB
 768472 492394 628350 819579 846253 1.29013e+06 1.94677e+06 2.26819e+06 1.908e+06 1.87116e+06 1.69901e+06 1.19115e+06 734109 387793 193584 171200 210419 293608 364638 418099 632354 747644 937438 1.31045e+06 1.87757e+06
BT
 2.53116e+06 697081 1.36686e+06 1.3175e+06 1.54069e+06 1.7209e+06 3.92802e+06 3.51959e+06 3.3515e+06 2.95421e+06 2.43472e+06 1.65836e+06 1.13551e+06 612030 364278 299969 372539 494000 536307 743606 1.1408e+06 1.04777e+06 1.42585e+06 2.10261e+06 2.37868e+06
Ftot
 0.386514 0.305155 0.429204 0.0799074 0.0160932 0.161322 0.100975 0.200877 0.228872 0.188898 0.401553 0.373933 0.590559 1.0318 0.93548 0.366057 0.260785 0.175782 0.149893 0.152572 0.0728529 0.0936505 0.111967 0.110622 0.098527
BD_Bspro_t
 0.952961 0.780381 0.750124 0.645544 0.759574 0.863624 0.837659 0.842503 0.795015 0.758448 0.72051 0.574067 0.460961 0.348146 0.231512 0.249846 0.369557 0.536524 0.642997 0.720852 0.810253 0.867497 0.872116 0.873479 0.870989
BD_Bspro
 0.62276 0.39903 0.509207 0.664177 0.685793 1.04551 1.57764 1.83811 1.54622 1.51636 1.37685 0.965291 0.594913 0.314262 0.156878 0.138738 0.170521 0.237936 0.295498 0.338822 0.512452 0.605881 0.759688 1.06197 1.52156
BD_Bo
 0.540443 0.346285 0.441899 0.576385 0.595144 0.907309 1.3691 1.59515 1.34183 1.31593 1.19486 0.837697 0.516276 0.272723 0.136142 0.1204 0.147981 0.206486 0.256438 0.294036 0.444715 0.525795 0.659271 0.921596 1.32044
BD_Brms
 1.9051 1.22068 1.55773 2.0318 2.09792 3.19833 4.82618 5.62301 4.73006 4.63873 4.21196 2.95294 1.81991 0.961366 0.47991 0.424417 0.521644 0.727876 0.903963 1.0365 1.56765 1.85346 2.32398 3.24869 4.65464
S_f
 0.19622 1 1 1 1
 0.19622 1 1 1 1
 0.19622 1 1 1 1
 0.19622 1 1 1 1
 0.19622 1 1 1 1
 0.19622 1 1 1 1
 0.19622 1 1 1 1
 0.19622 1 1 1 1
 0.19622 1 1 1 1
 0.19622 1 1 1 1
 0.19622 1 1 1 1
 0.19622 1 1 1 1
 0.19622 1 1 1 1
 0.19622 1 1 1 1
 0.19622 1 1 1 1
 0.19622 1 1 1 1
 0.19622 1 1 1 1
 0.19622 1 1 1 1
 0.19622 1 1 1 1
 0.19622 1 1 1 1
 0.19622 1 1 1 1
 0.19622 1 1 1 1
 0.19622 1 1 1 1
 0.19622 1 1 1 1
 0.19622 1 1 1 1
Scru_reclas
 1 1 1 1 1
 1 1 1 1 1
 1 1 1 1 1
 1 1 1 1 1
 1 1 1 1 1
 1 1 1 1 1
 1 1 1 1 1
 1 1 1 1 1
 1 1 1 1 1
 1 1 1 1 1
 1 1 1 1 1
 1 1 1 1 1
 1 1 1 1 1
 1 1 1 1 1
 1 1 1 1 1
 1 1 1 1 1
 1 1 1 1 1
 1 1 1 1 1
 1 1 1 1 1
 1 1 1 1 1
 1 1 1 1 1
 1 1 1 1 1
 1 1 1 1 1
 1 1 1 1 1
 1 1 1 1 1
Scru_pelaces
 1 1 1 1 1
 1 1 1 1 1
 1 1 1 1 1
 1 1 1 1 1
 1 1 1 1 1
 1 1 1 1 1
 1 1 1 1 1
 1 1 1 1 1
 1 1 1 1 1
 1 1 1 1 1
 1 1 1 1 1
 1 1 1 1 1
 1 1 1 1 1
 1 1 1 1 1
 1 1 1 1 1
 1 1 1 1 1
 1 1 1 1 1
 1 1 1 1 1
 1 1 1 1 1
 1 1 1 1 1
 1 1 1 1 1
 1 1 1 1 1
 1 1 1 1 1
 1 1 1 1 1
 1 1 1 1 1
pf_obs 
 0.256992 0.487395 0.22802 0.0275931 0
 0.321318 0.546541 0.124235 0.00734118 0.000564706
 0.182869 0.594174 0.210203 0.0122559 0.00049798
 0.330522 0.361315 0.267642 0.0388342 0.00168674
 0.649043 0.306663 0.0425973 0.00169635 0
 0.582887 0.30429 0.105238 0.00758474 0
 0.465427 0.430635 0.0974691 0.00646863 0
 0.296916 0.608066 0.0921331 0.00288517 0
 0.311714 0.524322 0.152257 0.0117073 0
 0.15457 0.633149 0.183074 0.0267441 0.00246327
 0.131901 0.49318 0.331252 0.0422183 0.00144891
 0.196976 0.569456 0.194076 0.0375587 0.00193317
 0.518974 0.381816 0.0799577 0.0180837 0.00116848
 0.0928022 0.601141 0.25162 0.0475244 0.00691264
 0.122501 0.610282 0.24278 0.0234846 0.000952079
 0.383417 0.481906 0.127806 0.00687128 0
 0.0376549 0.599619 0.316969 0.0457579 0
 0.0361596 0.667082 0.258105 0.0386534 0
 0.158088 0.579412 0.248529 0.0139706 0
 0.0477256 0.309471 0.559284 0.082774 0.000745712
 0.0406174 0.521527 0.379366 0.0568643 0.0016247
 0.151134 0.462217 0.34131 0.0453401 0
 0.294876 0.26143 0.354403 0.0886775 0.000613685
 0.281977 0.475581 0.204845 0.0348837 0.00271318
 0 0 0 0 0
pf_pred 
 0.358789 0.452023 0.169143 0.0200336 1.05705e-05
 0.318966 0.526637 0.108842 0.0407278 0.00482641
 0.183155 0.598834 0.168586 0.0348423 0.0145827
 0.288956 0.414172 0.217639 0.0612707 0.017963
 0.317767 0.465454 0.12627 0.0663524 0.0241563
 0.175332 0.581472 0.165921 0.0450116 0.0322637
 0.263597 0.396418 0.239723 0.068404 0.0318582
 0.204243 0.522253 0.147232 0.0890343 0.0372379
 0.233512 0.451526 0.206709 0.0582746 0.0499788
 0.210684 0.499543 0.170701 0.0781468 0.0409255
 0.116474 0.527639 0.225234 0.0769655 0.0536873
 0.113371 0.396622 0.292631 0.124916 0.0724606
 0.19169 0.352872 0.203734 0.150317 0.101387
 0.176857 0.506094 0.138409 0.0799119 0.0987274
 0.250706 0.482702 0.163909 0.0448267 0.0578561
 0.332888 0.485906 0.116735 0.0396393 0.0248325
 0.225824 0.581224 0.140541 0.0337638 0.0186475
 0.23637 0.478204 0.214288 0.0518152 0.0193232
 0.235122 0.482522 0.176818 0.0792341 0.0263038
 0.331826 0.418574 0.15746 0.0577005 0.0344398
 0.276681 0.52849 0.12205 0.0459128 0.0268667
 0.261491 0.493529 0.178994 0.0413368 0.0246496
 0.296937 0.459159 0.162996 0.0591155 0.021793
 0.265746 0.509323 0.146899 0.0521473 0.0258851
 0.0927322 0.598591 0.214117 0.0617554 0.0328044
pobs_RECLAS
 0 0 0 0 0
 0 0 0 0 0
 0 0 0 0 0
 0 0 0 0 0
 0.835266 0.146461 0.0176864 0.000547809 3.91292e-05
 0.385257 0.428462 0.181853 0.0044286 0
 0.867414 0.0963971 0.0333333 0.00285562 0
 0.441836 0.489002 0.0689373 0.000224442 0
 0.779404 0.147425 0.0564933 0.0165055 0.000172143
 0.814271 0.122319 0.05973 0.00367925 0
 0.40263 0.566651 0.0304383 0.000280538 0
 0.475488 0.404961 0.113038 0.00651328 0
 0.955842 0.0263864 0.0167828 0.000988607 0
 0.975058 0.0227948 0.00214734 0 0
 0.738997 0.206755 0.0527124 0.00153531 0
 0.850938 0.134255 0.0134407 0.00136685 0
 0.542534 0.407297 0.0501686 0 0
 0.764087 0.199537 0.0359546 0.000420521 0
 0.470689 0.182191 0.310203 0.0369168 0
 0.84361 0.089868 0.0606195 0.00523954 0.000663233
 0.607945 0.314616 0.071237 0.00620181 0
 0.523733 0.453247 0.0230204 0 0
 0.530135 0.295979 0.169645 0.0042399 0
 0.562478 0.366248 0.0663022 0.0049721 0
 0.250443 0.683176 0.0655157 0.000865301 0
ppred_RECLAS
 0.744911 0.179825 0.0672892 0.00796983 4.2052e-06
 0.708436 0.225464 0.0465975 0.0174364 0.00206628
 0.540035 0.337203 0.0949309 0.0196197 0.00821153
 0.675249 0.189162 0.099401 0.0279838 0.00820412
 0.703751 0.202116 0.0548307 0.0288125 0.0104895
 0.522169 0.336918 0.0961382 0.0260807 0.0186943
 0.647086 0.189979 0.114885 0.032782 0.0152677
 0.569412 0.282594 0.0796679 0.0481769 0.0201496
 0.61126 0.229 0.104836 0.0295551 0.0253477
 0.578809 0.266564 0.0910886 0.0417004 0.0218385
 0.40786 0.353624 0.150952 0.0515823 0.0359813
 0.400007 0.268399 0.198027 0.0845319 0.049035
 0.557329 0.19325 0.111575 0.0823211 0.0555246
 0.544633 0.279974 0.0765687 0.0442078 0.0546166
 0.648036 0.226739 0.0769929 0.0210564 0.0271767
 0.722236 0.202316 0.0486047 0.0165045 0.0103395
 0.601387 0.299265 0.0723627 0.0173846 0.00960136
 0.61425 0.241566 0.108248 0.0261746 0.00976118
 0.612243 0.244616 0.0896384 0.0401679 0.0133348
 0.718409 0.176401 0.0663588 0.0243169 0.0145141
 0.661756 0.247137 0.0570738 0.0214701 0.0125636
 0.644507 0.237568 0.0861613 0.0198981 0.0118654
 0.684016 0.206364 0.0732568 0.0265688 0.00979465
 0.649724 0.242972 0.070078 0.0248769 0.0123485
 0.343611 0.433068 0.154909 0.0446787 0.0237333
pobs_PELACES
 0 0 0 0 0
 0 0 0 0 0
 0 0 0 0 0
 0 0 0 0 0
 0 0 0 0 0
 0 0 0 0 0
 0 0 0 0 0
 0 0 0 0 0
 0 0 0 0 0
 0 0 0 0 0
 0.450072 0.473896 0.0757376 0.000293798 0
 0 0 0 0 0
 0.463077 0.371075 0.160297 0.00555027 0
 0.529543 0.364841 0.0842815 0.0213345 0
 0.631943 0.363953 0.00410389 0 0
 0.735681 0.248677 0.0153453 0.000297389 0
 0.695825 0.281241 0.0229344 0 0
 0.275771 0.60734 0.115278 0.00161068 0
 0 0 0 0 0
 0.896147 0.0623911 0.0374545 0.00400742 0
 0.803859 0.145111 0.0509908 3.86294e-05 0
 0.739449 0.233085 0.0266225 0.000797448 4.60066e-05
 0.878498 0.100942 0.0204185 0.000141795 0
 0.694673 0.275183 0.0284847 0.00165964 0
 0 0 0 0 0
ppred_PELACES
 0.763899 0.16644 0.0622805 0.00737659 3.89219e-06
 0.724868 0.212757 0.0439713 0.0164537 0.00194983
 0.568155 0.316588 0.0891272 0.0184202 0.00770951
 0.679879 0.186465 0.0979837 0.0275848 0.00808714
 0.704641 0.201509 0.0546661 0.028726 0.010458
 0.532834 0.329398 0.0939925 0.0254986 0.0182771
 0.653178 0.1867 0.112902 0.0322161 0.0150042
 0.582424 0.274054 0.0772603 0.046721 0.0195407
 0.625585 0.220562 0.100973 0.0284661 0.0244137
 0.590973 0.258865 0.0884579 0.040496 0.0212078
 0.433814 0.338125 0.144335 0.0493215 0.0344042
 0.42403 0.257652 0.190098 0.0811473 0.0470717
 0.595554 0.176563 0.101941 0.0752126 0.05073
 0.611279 0.238998 0.0653624 0.0377377 0.0466231
 0.702357 0.191744 0.0651099 0.0178066 0.0229822
 0.741288 0.188438 0.0452708 0.0153725 0.00963025
 0.617847 0.286907 0.0693746 0.0166667 0.00920488
 0.625237 0.234686 0.105165 0.0254291 0.00948315
 0.621639 0.238688 0.0874664 0.0391946 0.0130116
 0.726523 0.171318 0.0644467 0.0236162 0.0140959
 0.666067 0.243987 0.0563462 0.0211964 0.0124035
 0.650178 0.233778 0.0847868 0.0195807 0.0116762
 0.6904 0.202195 0.0717768 0.0260321 0.00959677
 0.656372 0.238361 0.0687479 0.0244047 0.0121141
 0.34953 0.429163 0.153512 0.0442759 0.0235193
pobs_pel_tallas
 0 0 0 0 0 0 0 0 0 0 0 0 0 0 0 0 0 0 0 0 0 0 0 0 0 0 0 0 0 0 0 0 0 0 0 0
 0 0 0 0 0 0 0 0 0 0 0 0 0 0 0 0 0 0 0 0 0 0 0 0 0 0 0 0 0 0 0 0 0 0 0 0
 0 0 0 0 0 0 0 0 0 0 0 0 0 0 0 0 0 0 0 0 0 0 0 0 0 0 0 0 0 0 0 0 0 0 0 0
 0 0 0 0 0 0 0 0 0 0 0 0 0 0 0 0 0 0 0 0 0 0 0 0 0 0 0 0 0 0 0 0 0 0 0 0
 0 0 0 0 0 0 0 0 0 0 0 0 0 0 0 0 0 0 0 0 0 0 0 0 0 0 0 0 0 0 0 0 0 0 0 0
 0 0 0 0 0 0 0 0 0 0 0 0 0 0 0 0 0 0 0 0 0 0 0 0 0 0 0 0 0 0 0 0 0 0 0 0
 0 0 0 0 0 0 0 0 0 0 0 0 0 0 0 0 0 0 0 0 0 0 0 0 0 0 0 0 0 0 0 0 0 0 0 0
 0 0 0 0 0 0 0 0 0 0 0 0 0 0 0 0 0 0 0 0 0 0 0 0 0 0 0 0 0 0 0 0 0 0 0 0
 0 0 0 0 0 0 0 0 0 0 0 0 0 0 0 0 0 0 0 0 0 0 0 0 0 0 0 0 0 0 0 0 0 0 0 0
 0 0 0 0 0 0 0 0 0 0 0 0 0 0 0 0 0 0 0 0 0 0 0 0 0 0 0 0 0 0 0 0 0 0 0 0
 0 0 0 0 0 0 0 0 1.78061e-05 0.00172719 0.00360574 0.0105946 0.0120993 0.0124554 0.0147524 0.0171206 0.0266825 0.0428682 0.0675386 0.121331 0.153587 0.119568 0.100827 0.0573624 0.0630603 0.0341343 0.0324427 0.0444173 0.0211091 0.0280891 0.0125444 0.00206551 0 0 0 0
 0 0 0 0 0 0 0 0 0 0 0 0 0 0 0 0 0 0 0 0 0 0 0 0 0 0 0 0 0 0 0 0 0 0 0 0
 0 0 0 0 0 0 0.0133647 0.0140871 0.0187388 0.0205184 0.03894 0.0496705 0.03968 0.0493445 0.0407372 0.0367815 0.0215668 0.0243155 0.0234873 0.0199281 0.019796 0.0243948 0.0301388 0.0376714 0.0412746 0.0863199 0.0771752 0.113111 0.0741005 0.0525337 0.0229764 0.00759418 0.00175318 0 0 0
 0 0 0 0 0 0 0 0 0 0 0.00219441 0.00772107 0.0458388 0.0604681 0.0671733 0.0775358 0.0609151 0.0617685 0.073594 0.0568108 0.0755445 0.0548602 0.0670107 0.0636378 0.0643287 0.046367 0.0373049 0.0286899 0.0247887 0.0153202 0.00654259 0.00121912 0.000365735 0 0 0
 0 0 0 0 0 0 0 0 0 0 0 0 0.000112435 0.00938835 0.0111873 0.0202946 0.0414886 0.0713402 0.111592 0.104902 0.108894 0.110636 0.117776 0.105296 0.107544 0.0401394 0.0192827 0.0124803 0.00416011 0.0028671 0.000618394 0 0 0 0 0
 0 0 0 0 0 0 0 0 0 0 0.00291406 0.0102884 0.027416 0.0768956 0.0749926 0.110853 0.0956884 0.0897413 0.0766577 0.0534642 0.0500743 0.0551293 0.0594112 0.0620874 0.0668451 0.0424026 0.0208742 0.0120726 0.0048766 0.00582813 0.00118941 0.000297354 0 0 0 0
 0 0.00264628 0.0354308 0.0461629 0.0458689 0.0383711 0.0214643 0.0164657 0.0346957 0.0420465 0.0363128 0.0245516 0.0311673 0.0291091 0.0169068 0.0133784 0.00837989 0.0085269 0.0148486 0.0160247 0.0276389 0.0546898 0.0760071 0.122758 0.109233 0.0665981 0.0333725 0.0166128 0.00676272 0.00308733 0.000882094 0 0 0 0 0
 0 0 0 0 0 0 0 0.000805153 0.000690131 0.00759144 0.0133425 0.0154129 0.00931677 0.000345066 0.00356568 0.00563607 0.00851162 0.0253048 0.0502646 0.0516448 0.0657925 0.0565908 0.0611916 0.0827007 0.0866115 0.110766 0.145733 0.0935128 0.0569358 0.0249597 0.0138026 0.00621118 0.00161031 0.00115022 0 0
 0 0 0 0 0 0 0 0 0 0 0 0 0 0 0 0 0 0 0 0 0 0 0 0 0 0 0 0 0 0 0 0 0 0 0 0
 0.00147267 0.00158595 0.00478618 0.00569244 0.00954404 0.0108468 0.00647125 0.017049 0.0510054 0.094081 0.124002 0.0959785 0.0687766 0.0820023 0.061753 0.0591476 0.0492212 0.0479892 0.0443925 0.0268479 0.0217502 0.0140895 0.0121071 0.0120363 0.00920419 0.00665534 0.0049561 0.00860946 0.00930331 0.0156896 0.0114698 0.00855282 0.00243557 0.00046729 0 2.83206e-05
 0 0 0 0 0.000772559 0.00158375 0.000888443 0.00281984 0.00712685 0.0440552 0.0773331 0.111326 0.0921469 0.0852325 0.0710754 0.0886704 0.0786465 0.0553345 0.0373146 0.0185414 0.00753245 0.00457741 0.012979 0.0271748 0.0457355 0.0583668 0.034881 0.0177882 0.00938659 0.00492506 0.0015258 0.00185414 0.000309023 5.79419e-05 3.86279e-05 0
 0 0.00173294 0.00326652 0 0.00397197 0.00683976 0.00946217 0.0152591 0.00757587 0.0136028 0.0228656 0.0392903 0.0559909 0.0764795 0.0681675 0.0726916 0.0566044 0.0477403 0.0527397 0.0444891 0.0609904 0.0582453 0.0661739 0.0445044 0.0529084 0.0360697 0.0280645 0.0235558 0.0158879 0.00826598 0.00280645 0.00217768 0.000904811 0.00058276 9.20147e-05 0
 0 0 0 0 0 0 0 0 0 0 0 0 0 0 0 0 0 0 0 0 0 0 0 0 0 0 0 0 0 0 0 0 0 0 0 0
 0 0 0 0 0 0 0 0 0 0 0 0 0 0 0 0 0 0 0 0 0 0 0 0 0 0 0 0 0 0 0 0 0 0 0 0
 0 0 0 0 0 0 0 0 0 0 0 0 0 0 0 0 0 0 0 0 0 0 0 0 0 0 0 0 0 0 0 0 0 0 0 0
ppred_pel_tallas
 1.01193e-16 3.33291e-05 0.000195617 0.000929878 0.00358009 0.0111642 0.0281998 0.0577005 0.0956447 0.128447 0.139774 0.123286 0.0882413 0.0514764 0.0249419 0.0109187 0.00576651 0.00519999 0.00659188 0.00878457 0.011297 0.0138303 0.0161053 0.0178605 0.0188972 0.0191216 0.0185611 0.017349 0.015685 0.0137844 0.0118353 0.00997235 0.00827294 0.00676727 0.00545626 0.00432777
 1.01351e-16 3.1629e-05 0.000185632 0.000882398 0.00339726 0.010594 0.0267597 0.0547543 0.0907627 0.121896 0.132658 0.117039 0.0838359 0.0490391 0.0240083 0.0109309 0.00637418 0.00628545 0.00816921 0.0109008 0.0139709 0.0170199 0.0196966 0.0216739 0.0227118 0.0227103 0.0217297 0.0199676 0.0177034 0.0152301 0.0127948 0.0105653 0.00862422 0.00698565 0.00562204 0.00448968
 1.02362e-16 2.47999e-05 0.000145529 0.000691723 0.00266308 0.00830449 0.0209767 0.0429226 0.0711547 0.0955761 0.104051 0.0918892 0.066014 0.0390041 0.0198232 0.0102569 0.00768613 0.00898752 0.0122168 0.0164405 0.0211321 0.0258136 0.0299726 0.0331203 0.0348912 0.0351228 0.0338875 0.0314593 0.0282353 0.0246362 0.0210216 0.0176404 0.0146229 0.0120042 0.00976153 0.0078491
 1.02778e-16 2.96663e-05 0.000174111 0.000827633 0.00318641 0.0099365 0.0250989 0.0513559 0.0851292 0.11433 0.124422 0.10977 0.0786235 0.0459792 0.0224918 0.0102141 0.00593076 0.00584967 0.00764597 0.0102879 0.0133268 0.0164566 0.019374 0.0217857 0.0234589 0.024267 0.0242094 0.0233959 0.0220071 0.0202433 0.018282 0.0162543 0.0142427 0.0122934 0.0104337 0.00868617
 1.02318e-16 3.07465e-05 0.000180452 0.000857774 0.00330246 0.0102984 0.026013 0.0532263 0.0882298 0.118494 0.128955 0.113771 0.0814917 0.047662 0.0233239 0.0106037 0.00616576 0.0060737 0.00790752 0.0105832 0.0136177 0.0166755 0.0194281 0.0215665 0.022859 0.0232 0.0226293 0.0213114 0.0194851 0.0174018 0.0152733 0.0132427 0.0113814 0.00970601 0.00820279 0.00684997
 1.03172e-16 2.32602e-05 0.000136489 0.000648742 0.00249759 0.00778839 0.0196731 0.0402555 0.0667343 0.0896417 0.0975989 0.0862106 0.0619773 0.0367052 0.0188144 0.00999556 0.00780896 0.0093386 0.0127657 0.0172061 0.0221417 0.027085 0.0315074 0.0349026 0.0368905 0.0372996 0.0361993 0.0338659 0.0307006 0.0271278 0.0235076 0.020087 0.016993 0.0142579 0.0118589 0.00975479
 1.03472e-16 2.8502e-05 0.000167276 0.000795136 0.00306129 0.00954632 0.0241133 0.0493394 0.0817868 0.109842 0.119541 0.10547 0.0755563 0.0442122 0.021678 0.00993178 0.0058912 0.00592025 0.00779134 0.0105167 0.0136651 0.0169378 0.0200344 0.0226605 0.024578 0.02565 0.0258605 0.0253011 0.0241322 0.0225354 0.0206734 0.0186685 0.0166021 0.0145263 0.0124811 0.0105058
 1.03705e-16 2.54203e-05 0.000149175 0.000709068 0.00272988 0.00851279 0.0215028 0.0439987 0.0729372 0.0979659 0.106641 0.0941485 0.0675761 0.0398047 0.0200047 0.00998542 0.00704202 0.00796066 0.0107517 0.014485 0.0186736 0.0229039 0.026739 0.0297611 0.031654 0.0322709 0.0316595 0.0300343 0.0277088 0.0250129 0.0222231 0.0195247 0.0170093 0.0146981 0.0125758 0.01062
 1.03625e-16 2.73002e-05 0.000160217 0.00076157 0.00293204 0.00914326 0.0230952 0.0472566 0.0783355 0.10521 0.11451 0.101054 0.0724438 0.0424927 0.0210243 0.00995084 0.00633708 0.00671162 0.00893967 0.012056 0.0156078 0.0192517 0.0226344 0.0254135 0.0273206 0.0282151 0.0281061 0.027133 0.0255164 0.0234959 0.0212788 0.0190121 0.0167809 0.0146249 0.0125616 0.010605
 1.03723e-16 2.57925e-05 0.000151362 0.000719465 0.00276991 0.00863765 0.0218182 0.0446439 0.0740061 0.0993999 0.108198 0.0955125 0.0685328 0.0403231 0.0201821 0.0099379 0.00683893 0.00762 0.010264 0.013837 0.0178643 0.0219532 0.0256905 0.0286791 0.0306147 0.0313498 0.0309179 0.0295086 0.0274058 0.0249112 0.0222807 0.0196889 0.0172273 0.0149253 0.0127803 0.0107839
 1.05462e-16 1.89429e-05 0.000111141 0.000528236 0.0020336 0.00634148 0.0160183 0.0327776 0.0543402 0.0730004 0.0794997 0.070269 0.0506165 0.0301783 0.0158419 0.00902375 0.00778047 0.00977553 0.0135494 0.0183763 0.0237932 0.0293278 0.0344485 0.0386337 0.0414758 0.0427647 0.0425213 0.0409667 0.0384455 0.0353301 0.0319403 0.0285006 0.0251373 0.021905 0.018823 0.0159059
 1.07771e-16 1.85131e-05 0.000108625 0.000516289 0.00198763 0.00619815 0.0156562 0.0320361 0.0531089 0.0713406 0.077677 0.068622 0.0493524 0.0292694 0.0150834 0.00815497 0.00656496 0.00802383 0.0111242 0.0152098 0.0199182 0.0249062 0.029782 0.0341435 0.0376507 0.0400854 0.0413789 0.0415947 0.0408825 0.0394202 0.0373685 0.0348505 0.0319574 0.028768 0.0253699 0.0218707
 1.0646e-16 2.59888e-05 0.000152522 0.000724999 0.00279125 0.00870421 0.0219862 0.044987 0.0745726 0.100154 0.109 0.096176 0.0689124 0.0403528 0.0198397 0.00918367 0.00558349 0.00573473 0.00761819 0.0103453 0.0135341 0.0169211 0.0202386 0.02322 0.0256439 0.0273733 0.0283721 0.0286901 0.0284289 0.0277007 0.0265965 0.0251747 0.0234684 0.0215033 0.0193175 0.0169723
 1.04481e-16 2.66769e-05 0.000156556 0.000744167 0.00286503 0.00893427 0.0225674 0.0461767 0.0765461 0.102809 0.111901 0.0987641 0.0708278 0.0415969 0.0206772 0.00994563 0.00654171 0.00707711 0.00946263 0.0127423 0.0164505 0.0202212 0.0236769 0.0264578 0.0282911 0.0290489 0.0287686 0.0276285 0.025888 0.023817 0.021636 0.019486 0.0174289 0.0154705 0.0135919 0.0117762
 1.02673e-16 3.06466e-05 0.000179866 0.000854991 0.00329175 0.010265 0.0259286 0.0530536 0.0879432 0.118108 0.128533 0.113394 0.0812126 0.0474795 0.0231991 0.0104879 0.00601866 0.00586722 0.00762399 0.0102152 0.0131705 0.0161703 0.0189026 0.0210726 0.0224555 0.0229441 0.0225665 0.0214674 0.019862 0.0179784 0.0160101 0.014089 0.0122833 0.0106133 0.00907362 0.00765334
 1.01683e-16 3.2344e-05 0.000189831 0.00090237 0.00347417 0.0108339 0.0273655 0.0559936 0.0928161 0.124651 0.135649 0.119662 0.0856796 0.0500464 0.0243692 0.0108723 0.00603369 0.00570143 0.00732479 0.00976787 0.0125386 0.0153112 0.0177745 0.019639 0.0206902 0.0208351 0.02012 0.0187105 0.0168434 0.0147671 0.0126912 0.0107575 0.0090358 0.00753951 0.00624875 0.00513243
 1.02082e-16 2.69654e-05 0.000158245 0.000752185 0.00289588 0.00903048 0.0228104 0.0466744 0.0773723 0.103922 0.113123 0.0998665 0.0716702 0.0421956 0.0211669 0.0104981 0.00731285 0.00819318 0.011019 0.0147939 0.0189927 0.0231703 0.0268604 0.0296219 0.031128 0.0312383 0.0300269 0.0277513 0.02478 0.0215005 0.0182413 0.0152268 0.01257 0.0102945 0.00836985 0.00674474
 1.02887e-16 2.72856e-05 0.00016013 0.000761155 0.00293044 0.00913825 0.0230826 0.0472308 0.0782933 0.105155 0.114453 0.101012 0.07243 0.0425186 0.0211001 0.0100913 0.00656405 0.00705162 0.0094187 0.0126921 0.016403 0.0201853 0.0236595 0.0264584 0.0282963 0.0290266 0.0286666 0.0273763 0.0254057 0.0230274 0.02048 0.0179358 0.0154972 0.013212 0.0110979 0.00916235
 1.03275e-16 2.71288e-05 0.000159209 0.000756777 0.00291358 0.00908568 0.0229498 0.0469592 0.0778431 0.10455 0.113796 0.100435 0.0720215 0.0422894 0.0210057 0.0100779 0.00659577 0.00711295 0.0095051 0.0128014 0.0165304 0.020322 0.0237929 0.0265749 0.0283848 0.0290827 0.0286959 0.0273956 0.0254409 0.0231096 0.0206387 0.0181929 0.0158619 0.0136789 0.0116476 0.00976503
 1.02441e-16 3.16995e-05 0.000186049 0.000884392 0.00340495 0.010618 0.0268203 0.0548779 0.0909665 0.122166 0.132943 0.117269 0.0839538 0.049014 0.0238217 0.0105542 0.00575782 0.00536498 0.00688243 0.00921022 0.0118861 0.0146152 0.0171174 0.0191276 0.0204422 0.0209604 0.0207009 0.0197858 0.0184001 0.0167421 0.014981 0.0132343 0.0115658 0.00999923 0.00853714 0.0071778
 1.02188e-16 2.90663e-05 0.000170583 0.00081085 0.00312177 0.00973492 0.0245897 0.0503146 0.0834048 0.112019 0.121921 0.107595 0.0771343 0.0452465 0.0223898 0.0105974 0.00673904 0.00710905 0.00941955 0.0126222 0.0162101 0.0197917 0.0229703 0.0253722 0.0267207 0.0268964 0.0259607 0.0241292 0.0217096 0.0190242 0.0163443 0.0138526 0.0116384 0.00971745 0.00806229 0.00663126
 1.02499e-16 2.83731e-05 0.000166514 0.000791508 0.00304731 0.0095027 0.0240032 0.0491143 0.0814151 0.109346 0.119012 0.105028 0.0752928 0.0441649 0.0218528 0.0103423 0.00658021 0.00695343 0.00923523 0.0124112 0.015997 0.0196211 0.0229037 0.0254818 0.0270786 0.0275612 0.0269643 0.0254674 0.0233396 0.0208692 0.0183045 0.0158202 0.0135125 0.0114162 0.00953092 0.00784377
 1.02428e-16 3.01256e-05 0.000176806 0.000840443 0.00323573 0.0100903 0.0254873 0.0521509 0.0864473 0.116101 0.126352 0.111478 0.079858 0.0467237 0.0228973 0.0104659 0.00616559 0.00614406 0.0080338 0.0107744 0.0138918 0.0170527 0.0199278 0.0222039 0.0236421 0.0241266 0.0236854 0.0224703 0.0207088 0.0186446 0.0164862 0.0143792 0.0124026 0.0105847 0.00892531 0.00741636
 1.02459e-16 2.86433e-05 0.000168101 0.000799048 0.00307634 0.00959323 0.0242318 0.0495823 0.0821908 0.110388 0.120146 0.106029 0.0760112 0.0445875 0.0220637 0.0104441 0.00664547 0.00701827 0.00931153 0.012497 0.0160807 0.0196827 0.0229162 0.0254146 0.0269022 0.0272534 0.0265158 0.0248859 0.0226497 0.0201097 0.0175225 0.0150638 0.0128236 0.0108257 0.00905536 0.00748595
 1.0494e-16 1.52714e-05 8.9578e-05 0.000425703 0.00163879 0.00511026 0.0129085 0.0264154 0.0437973 0.0588516 0.0641294 0.056774 0.0410932 0.0248964 0.013794 0.00899896 0.00901644 0.0120146 0.0168235 0.0227972 0.0294226 0.0361079 0.042174 0.0469587 0.0499547 0.0509179 0.0499099 0.0472567 0.0434467 0.0390024 0.0343724 0.0298702 0.0256668 0.021823 0.0183373 0.0151887
pSPR Fmed_Fpbrs
0.725373   0.333682 0.333682
Fs Fmed_Fpbrs
0.197718   1.005 1.005
SSBpbr Bo_Bmed_Bpbrs
1.42193e+06  960334  403377 403377
Ro
59874.1
SPR SPRFo_SPRFmed_SPRFpbrs
1.23398e+06 895095 411757
log_Ro
10.82
likeval ReclasPelacesDesembMPH_pf_preclas_ppelaces_ptallas_desvR_qrecl_qpela
 63.7751 25.0785 0.0239566 0.000197223 288.901 200.376 71.0861 0 15.8581 9.17417e-05 0 0 0 0 0
q_reclas_q_pelaces
0.257363 1
M
0.7
N
 59637.9 16816.3 6292.51 745.295 0.393247
 76302.6 27452.3 5673.66 2123.04 251.588
 48100.2 35688.6 10047.2 2076.49 869.083
 75901.1 21956.6 11537.8 3248.16 952.276
 128364 37105 10066 5289.47 1925.69
 92298.6 63542.6 18131.6 4918.81 3525.74
 145236 44406 26853.3 7662.49 3568.7
 131421 70707 19933.5 12054.2 5041.58
 152751 62739.5 28722.1 8097.24 6944.54
 145961 72522.7 24782 11345.2 5941.49
 68551.5 69844.8 29814.7 10188.1 7106.71
 40347.2 31462.4 23213.2 9909.05 5748.01
 42350.4 18618.4 10749.5 7931.08 5349.42
 24067 18729.5 5122.23 2957.37 3653.69
 19155.1 9760.85 3314.46 906.455 1169.93
 24395.9 7916.97 1901.99 645.852 404.601
 20403.2 11275 2726.32 654.976 361.738
 22808.5 9626.5 4313.73 1043.07 388.987
 25786.3 10942.4 4009.79 1796.83 596.502
 47626.8 12434 4677.43 1714.03 1023.05
 59688 22953.2 5300.81 1994.07 1166.86
 76342.7 29219.5 10597.4 2447.35 1459.38
 117943 37220.4 13212.8 4792.03 1766.59
 146551 57295.8 16525.2 5866.27 2911.92
 54308.7 71212.2 25472.7 7346.82 3902.62
pred_Ctot
 3146.27 3963.85 1483.24 175.677 0.0926943
 3200.34 5284.01 1092.07 408.641 48.4257
 2807.6 9179.57 2584.27 534.101 223.54
 849.962 1218.28 640.185 180.228 52.8381
 291.105 426.4 115.675 60.7851 22.1294
 2072.04 6871.74 1960.83 531.94 381.287
 2051.44 3085.12 1865.64 532.354 247.936
 3661.21 9361.74 2639.23 1596 667.515
 4836.82 9352.63 4281.63 1207.06 1035.23
 3827.75 9075.79 3101.33 1419.79 743.543
 3752.41 16998.8 7256.27 2479.57 1729.62
 2061.5 7212.03 5321.1 2271.42 1317.6
 3354.88 6175.82 3565.67 2630.79 1774.43
 3209.47 9184.23 2511.75 1450.18 1791.63
 2334.72 4495.2 1526.42 417.453 538.79
 1221.06 1782.34 428.193 145.4 91.0875
 734.129 1889.49 456.883 109.763 60.621
 557.238 1127.36 505.18 122.153 45.5541
 538.405 1104.93 404.896 181.438 60.233
 1011.96 1276.52 480.203 175.968 105.03
 609.767 1164.72 268.981 101.186 59.2105
 1000.75 1888.79 685.026 158.2 94.3363
 1845.54 2853.79 1013.06 367.418 135.449
 2265.9 4342.76 1252.54 444.636 220.71
 748.669 4832.7 1728.66 498.58 264.845
F
 0.0758417 0.386514 0.386514 0.386514 0.386514
 0.0598775 0.305155 0.305155 0.305155 0.305155
 0.0842183 0.429204 0.429204 0.429204 0.429204
 0.0156794 0.0799074 0.0799074 0.0799074 0.0799074
 0.00315781 0.0160932 0.0160932 0.0160932 0.0160932
 0.0316545 0.161322 0.161322 0.161322 0.161322
 0.0198132 0.100975 0.100975 0.100975 0.100975
 0.039416 0.200877 0.200877 0.200877 0.200877
 0.0449093 0.228872 0.228872 0.228872 0.228872
 0.0370656 0.188898 0.188898 0.188898 0.188898
 0.0787927 0.401553 0.401553 0.401553 0.401553
 0.0733732 0.373933 0.373933 0.373933 0.373933
 0.115879 0.590559 0.590559 0.590559 0.590559
 0.20246 1.0318 1.0318 1.0318 1.0318
 0.18356 0.93548 0.93548 0.93548 0.93548
 0.0718277 0.366057 0.366057 0.366057 0.366057
 0.0511712 0.260785 0.260785 0.260785 0.260785
 0.0344919 0.175782 0.175782 0.175782 0.175782
 0.029412 0.149893 0.149893 0.149893 0.149893
 0.0299378 0.152572 0.152572 0.152572 0.152572
 0.0142952 0.0728529 0.0728529 0.0728529 0.0728529
 0.0183761 0.0936505 0.0936505 0.0936505 0.0936505
 0.0219702 0.111967 0.111967 0.111967 0.111967
 0.0217062 0.110622 0.110622 0.110622 0.110622
 0.019333 0.098527 0.098527 0.098527 0.098527
nmprior
 10 11 7 0
nm_flota  nm_reclas  nm_pelaces    nm_pelaL
inf 13.221 20.2196 36.8915
cv_recla  cv_pelaces  cv_mph
0.722355 0.589271 0.455635
 ------------------------------------------------
Talla a la edad & desviación 
 7.2 14.2025 17.0495 18.207 18.6776
 1.08 2.13037 2.55742 2.73105 2.80164
