years
 1997 1998 1999 2000 2001 2002 2003 2004 2005 2006 2007 2008 2009 2010 2011 2012 2013 2014 2015 2016 2017 2018 2019 2020 2021
reclasobs
 0 0 0 370054 412103 1.49427e+06 250295 1.28982e+06 931140 785840 897777 1.04006e+06 184774 17550 25797 100020 73551 82996 120727 218422 84188 347160 605670 569463 516374
reclaspred
 1.68767e+06 221278 296820 113057 249195 262013 569185 462587 620771 1.0211e+06 910812 585023 362951 158020 97180.7 92213.7 104242 124459 109680 180686 313516 281552 421338 389738 280244
pelacesobs
 0 0 0 0 0 0 0 0 0 2.06254e+06 1.5e+06 0 1.87456e+06 323000 250000 174000 83755 137374 0 501740 490994 745055 786931 1.00524e+06 0
pelacespred
 1.1689e+06 411520 133968 115264 225989 166235 534835 429365 579304 959061 725822 477912 315162 107881 67840.3 68611.4 80742.1 98056.9 85925.8 145764 281723 241394 284732 308725 213674
mphobs
 0 0 0 0 0 112323 0 153150 637223 0 255016 313432 73983 77613 109348 50772 0 0 0 0 0 0 0 0 0
mphpred
 1.76555e+06 753215 346750 167414 143424 345478 395070 515103 538942 752627 1.24185e+06 875863 491357 273291 117525 93283.5 104891 127382 136247 134035 266654 351593 402265 466048 460081
desembarqueobs
 350755 77701 442110 56441 14545 235359 269955 359681 431902 328805 639364 411747 362871 311530 167758 66681 60226 58785 57116 71774 51957 67425 138520 160799 200461
desembarquepred
 350743 77680.1 441612 56422.3 14544.1 235255 269882 359233 431538 328594 638767 411451 362395 311162 167462 66641.4 60212.7 58751.1 57078.2 71720.1 51946.1 67391.7 138454 160735 200435
Reclutas
 10827 16738.5 2708.95 13746.3 55190.1 19733.7 57124.7 71817.3 99678.8 205339 56921.7 26837.2 51774.1 23035.3 15041.2 15277.5 10491.3 10287.2 8768.62 28462.8 33594.7 34376.3 44995.5 33488.6 840.86
log_desv_Rt
 -0.750205 -0.314534 -2.13568 -0.511477 0.878539 -0.149919 0.912992 1.14188 1.46971 2.19242 0.909432 0.157545 0.814646 0.00478149 -0.421455 -0.405864 -0.781699 -0.801344 -0.961065 0.216354 0.382122 0.405123 0.674318 0.378962 -3.30558
SSB
 1.76555e+06 753215 346750 167414 143424 345478 395070 515103 538942 752627 1.24185e+06 875863 491357 273291 117525 93283.5 104891 127382 136247 134035 266654 351593 402265 466048 460081
BT
 2.31506e+06 903748 485038 271614 416875 480603 1.15246e+06 1.15606e+06 1.42852e+06 2.02201e+06 1.85306e+06 1.22504e+06 922318 489434 260130 177501 193320 222939 203399 319597 545423 495768 606571 689547 557617
Ftot
 0.141923 0.255785 0.941146 0.465922 0.0955739 0.665399 0.58055 0.970404 0.912065 0.471141 0.543786 0.51245 0.952129 1.59932 1.73249 0.733092 0.563393 0.440845 0.433338 0.517039 0.172742 0.205838 0.277295 0.343166 0.459318
BD_Bspro_t
 0.977967 0.840783 0.623945 0.298409 0.417426 0.685192 0.538054 0.55217 0.518981 0.552586 0.637733 0.476348 0.343486 0.256599 0.14729 0.146409 0.213972 0.32099 0.391256 0.446987 0.640158 0.74988 0.74151 0.707244 0.623194
BD_Bspro
 3.73677 1.59417 0.733891 0.35433 0.303555 0.731199 0.83616 1.09021 1.14066 1.59292 2.62837 1.85375 1.03995 0.578417 0.248739 0.197433 0.222 0.269603 0.288366 0.283684 0.56437 0.744142 0.851387 0.986383 0.973756
BD_Bo
 1.86515 0.795705 0.366311 0.176858 0.151515 0.364967 0.417357 0.544161 0.569345 0.795084 1.31191 0.925273 0.519075 0.288708 0.124154 0.0985458 0.110808 0.134568 0.143933 0.141596 0.281697 0.371427 0.424957 0.492338 0.486036
BD_Brms
 6.23227 2.65879 1.224 0.590959 0.506275 1.21951 1.39457 1.81827 1.90242 2.65672 4.38365 3.09173 1.73445 0.964697 0.414853 0.329283 0.370256 0.44965 0.480943 0.473134 0.941269 1.2411 1.41996 1.64511 1.62405
S_f
 0.145684 1 1 1 1
 0.145684 1 1 1 1
 0.145684 1 1 1 1
 0.145684 1 1 1 1
 0.145684 1 1 1 1
 0.145684 1 1 1 1
 0.145684 1 1 1 1
 0.145684 1 1 1 1
 0.145684 1 1 1 1
 0.145684 1 1 1 1
 0.145684 1 1 1 1
 0.145684 1 1 1 1
 0.145684 1 1 1 1
 0.145684 1 1 1 1
 0.145684 1 1 1 1
 0.145684 1 1 1 1
 0.145684 1 1 1 1
 0.145684 1 1 1 1
 0.145684 1 1 1 1
 0.145684 1 1 1 1
 0.145684 1 1 1 1
 0.145684 1 1 1 1
 0.145684 1 1 1 1
 0.145684 1 1 1 1
 0.145684 1 1 1 1
Scru_reclas
 0.854137 1 1 1 1
 0.854137 1 1 1 1
 0.854137 1 1 1 1
 0.854137 1 1 1 1
 0.854137 1 1 1 1
 0.854137 1 1 1 1
 0.854137 1 1 1 1
 0.854137 1 1 1 1
 0.854137 1 1 1 1
 0.854137 1 1 1 1
 0.854137 1 1 1 1
 0.854137 1 1 1 1
 0.854137 1 1 1 1
 0.854137 1 1 1 1
 0.854137 1 1 1 1
 0.854137 1 1 1 1
 0.854137 1 1 1 1
 0.854137 1 1 1 1
 0.854137 1 1 1 1
 0.854137 1 1 1 1
 0.854137 1 1 1 1
 0.854137 1 1 1 1
 0.854137 1 1 1 1
 0.854137 1 1 1 1
 0.854137 1 1 1 1
Scru_pelaces
 1 1 1 1 1
 1 1 1 1 1
 1 1 1 1 1
 1 1 1 1 1
 1 1 1 1 1
 1 1 1 1 1
 1 1 1 1 1
 1 1 1 1 1
 1 1 1 1 1
 1 1 1 1 1
 1 1 1 1 1
 1 1 1 1 1
 1 1 1 1 1
 1 1 1 1 1
 1 1 1 1 1
 1 1 1 1 1
 1 1 1 1 1
 1 1 1 1 1
 1 1 1 1 1
 1 1 1 1 1
 1 1 1 1 1
 1 1 1 1 1
 1 1 1 1 1
 1 1 1 1 1
 1 1 1 1 1
pf_obs 
 0.256992 0.487395 0.22802 0.0275931 0
 0.321318 0.546541 0.124235 0.00734118 0.000564706
 0.182869 0.594174 0.210203 0.0122559 0.00049798
 0.330522 0.361315 0.267642 0.0388342 0.00168674
 0.649043 0.306663 0.0425973 0.00169635 0
 0.582887 0.30429 0.105238 0.00758474 0
 0.465427 0.430635 0.0974691 0.00646863 0
 0.296916 0.608066 0.0921331 0.00288517 0
 0.311714 0.524322 0.152257 0.0117073 0
 0.15457 0.633149 0.183074 0.0267441 0.00246327
 0.131901 0.49318 0.331252 0.0422183 0.00144891
 0.196976 0.569456 0.194076 0.0375587 0.00193317
 0.518974 0.381816 0.0799577 0.0180837 0.00116848
 0.0928022 0.601141 0.25162 0.0475244 0.00691264
 0.122501 0.610282 0.24278 0.0234846 0.000952079
 0.383417 0.481906 0.127806 0.00687128 0
 0.0376549 0.599619 0.316969 0.0457579 0
 0.0361596 0.667082 0.258105 0.0386534 0
 0.158088 0.579412 0.248529 0.0139706 0
 0.0477256 0.309471 0.559284 0.082774 0.000745712
 0.0406174 0.521527 0.379366 0.0568643 0.0016247
 0.151134 0.462217 0.34131 0.0453401 0
 0.294876 0.26143 0.354403 0.0886775 0.000613685
 0.281977 0.475581 0.204845 0.0348837 0.00271318
 0 0 0 0 0
pf_pred 
 0.0235502 0.6332 0.30303 0.0402181 2.13907e-06
 0.0711485 0.13987 0.511632 0.244851 0.0324984
 0.0247345 0.364002 0.0920462 0.336698 0.18252
 0.307579 0.152365 0.201567 0.0509709 0.287519
 0.508965 0.389579 0.022325 0.0295344 0.0495967
 0.105952 0.788232 0.0839523 0.00481093 0.0170523
 0.379518 0.330063 0.256046 0.0272707 0.00710197
 0.321539 0.575824 0.0545971 0.0423537 0.00568573
 0.350702 0.547165 0.0866826 0.00821887 0.00723168
 0.411508 0.50337 0.0717319 0.0113639 0.00202553
 0.0832052 0.786953 0.111061 0.0158266 0.00295417
 0.0747968 0.415923 0.437153 0.0616946 0.0104327
 0.260338 0.308568 0.193797 0.203689 0.0336074
 0.165777 0.665317 0.0704631 0.0442546 0.0541879
 0.24086 0.579188 0.143517 0.0151997 0.0212352
 0.295744 0.596964 0.0818591 0.0202838 0.0051495
 0.180979 0.660741 0.134167 0.0183977 0.0057161
 0.196389 0.536523 0.215472 0.0437526 0.00786366
 0.174047 0.558271 0.178715 0.0717733 0.0171933
 0.439178 0.359914 0.135796 0.0434713 0.0216406
 0.258153 0.648532 0.0598863 0.0225952 0.010834
 0.193433 0.582314 0.196044 0.018103 0.0101053
 0.220364 0.503063 0.199676 0.0672239 0.00967267
 0.15084 0.58553 0.170109 0.0675197 0.0260023
 0.00536617 0.587439 0.280777 0.0815714 0.0448462
pobs_RECLAS
 0 0 0 0 0
 0 0 0 0 0
 0 0 0 0 0
 0 0 0 0 0
 0.835266 0.146461 0.0176864 0.000547809 3.91292e-05
 0.385257 0.428462 0.181853 0.0044286 0
 0.867414 0.0963971 0.0333333 0.00285562 0
 0.441836 0.489002 0.0689373 0.000224442 0
 0.779404 0.147425 0.0564933 0.0165055 0.000172143
 0.814271 0.122319 0.05973 0.00367925 0
 0.40263 0.566651 0.0304383 0.000280538 0
 0.475488 0.404961 0.113038 0.00651328 0
 0.955842 0.0263864 0.0167828 0.000988607 0
 0.975058 0.0227948 0.00214734 0 0
 0.738997 0.206755 0.0527124 0.00153531 0
 0.850938 0.134255 0.0134407 0.00136685 0
 0.542534 0.407297 0.0501686 0 0
 0.764087 0.199537 0.0359546 0.000420521 0
 0.470689 0.182191 0.310203 0.0369168 0
 0.84361 0.089868 0.0606195 0.00523954 0.000663233
 0.607945 0.314616 0.071237 0.00620181 0
 0.523733 0.453247 0.0230204 0 0
 0.530135 0.295979 0.169645 0.0042399 0
 0.562478 0.366248 0.0663022 0.0049721 0
 0.250443 0.683176 0.0655157 0.000865301 0
ppred_RECLAS
 0.124737 0.567583 0.271628 0.0360504 1.9174e-06
 0.31318 0.103424 0.378316 0.18105 0.0240303
 0.138825 0.321419 0.0812783 0.297309 0.161168
 0.728842 0.0596673 0.0789355 0.0199607 0.112595
 0.859314 0.111618 0.0063963 0.00846185 0.0142099
 0.422155 0.509454 0.0542604 0.00310942 0.0110214
 0.789008 0.112236 0.0870671 0.00927326 0.00241499
 0.751437 0.21096 0.0200023 0.0155168 0.00208304
 0.773817 0.190605 0.0301959 0.00286304 0.00251916
 0.808909 0.163451 0.0232923 0.00369 0.000657716
 0.356074 0.552729 0.0780057 0.0111161 0.00207491
 0.32939 0.301471 0.316859 0.0447178 0.00756189
 0.691374 0.128751 0.0808625 0.0849899 0.0140228
 0.581299 0.333926 0.0353658 0.0222116 0.0271972
 0.693936 0.233512 0.057862 0.0061281 0.00856145
 0.722758 0.235005 0.0322252 0.00798507 0.00202719
 0.574249 0.343472 0.0697436 0.00956364 0.00297139
 0.59606 0.269687 0.108308 0.0219925 0.00395272
 0.559775 0.297553 0.0952533 0.0382544 0.00916384
 0.826383 0.111421 0.0420393 0.0134577 0.00669941
 0.67322 0.285675 0.0263796 0.00995306 0.00477232
 0.58726 0.297984 0.100321 0.00926374 0.00517112
 0.627582 0.240304 0.0953819 0.0321117 0.00462046
 0.515553 0.334045 0.0970471 0.0385201 0.0148343
 0.0315964 0.571948 0.273372 0.0794203 0.0436635
pobs_PELACES
 0 0 0 0 0
 0 0 0 0 0
 0 0 0 0 0
 0 0 0 0 0
 0 0 0 0 0
 0 0 0 0 0
 0 0 0 0 0
 0 0 0 0 0
 0 0 0 0 0
 0 0 0 0 0
 0.450072 0.473896 0.0757376 0.000293798 0
 0 0 0 0 0
 0.463077 0.371075 0.160297 0.00555027 0
 0.529543 0.364841 0.0842815 0.0213345 0
 0.631943 0.363953 0.00410389 0 0
 0.735681 0.248677 0.0153453 0.000297389 0
 0.695825 0.281241 0.0229344 0 0
 0.275771 0.60734 0.115278 0.00161068 0
 0 0 0 0 0
 0.896147 0.0623911 0.0374545 0.00400742 0
 0.803859 0.145111 0.0509908 3.86294e-05 0
 0.739449 0.233085 0.0266225 0.000797448 4.60066e-05
 0.878498 0.100942 0.0204185 0.000141795 0
 0.694673 0.275183 0.0284847 0.00165964 0
 0 0 0 0 0
ppred_PELACES
 0.147966 0.55252 0.264419 0.0350937 1.86651e-06
 0.364585 0.095683 0.350001 0.1675 0.0222317
 0.197486 0.299525 0.0757419 0.277058 0.15019
 0.78207 0.0479545 0.0634404 0.0160424 0.0904923
 0.880188 0.0950566 0.00544726 0.00720633 0.0121015
 0.50783 0.433919 0.0462154 0.0026484 0.00938726
 0.837575 0.0864015 0.0670258 0.00713872 0.0018591
 0.823106 0.150133 0.014235 0.0110428 0.00148243
 0.838185 0.136362 0.0216026 0.00204826 0.00180224
 0.84985 0.128432 0.018302 0.00289942 0.000516801
 0.430092 0.489194 0.0690391 0.00983828 0.0018364
 0.399198 0.270089 0.283875 0.0400628 0.00677473
 0.774281 0.0941642 0.0591403 0.0621589 0.0102558
 0.718425 0.224564 0.0237834 0.0149373 0.01829
 0.812248 0.143246 0.0354949 0.00375923 0.00525195
 0.789601 0.178345 0.0244556 0.00605986 0.00153843
 0.649242 0.282972 0.0574589 0.00787909 0.00244801
 0.661732 0.225841 0.0906996 0.018417 0.00331009
 0.627167 0.252002 0.0806714 0.0323983 0.007761
 0.86572 0.0861758 0.0325142 0.0104085 0.0051815
 0.716903 0.247487 0.0228533 0.00862258 0.00413438
 0.638381 0.261077 0.0878952 0.00811636 0.00453064
 0.680853 0.205931 0.0817383 0.0275184 0.00395954
 0.578506 0.290637 0.084436 0.0335145 0.0129066
 0.0416684 0.565999 0.270529 0.0785942 0.0432094
pobs_pel_tallas
 0 0 0 0 0 0 0 0 0 0 0 0 0 0 0 0 0 0 0 0 0 0 0 0 0 0 0 0 0 0 0 0 0 0 0 0
 0 0 0 0 0 0 0 0 0 0 0 0 0 0 0 0 0 0 0 0 0 0 0 0 0 0 0 0 0 0 0 0 0 0 0 0
 0 0 0 0 0 0 0 0 0 0 0 0 0 0 0 0 0 0 0 0 0 0 0 0 0 0 0 0 0 0 0 0 0 0 0 0
 0 0 0 0 0 0 0 0 0 0 0 0 0 0 0 0 0 0 0 0 0 0 0 0 0 0 0 0 0 0 0 0 0 0 0 0
 0 0 0 0 0 0 0 0 0 0 0 0 0 0 0 0 0 0 0 0 0 0 0 0 0 0 0 0 0 0 0 0 0 0 0 0
 0 0 0 0 0 0 0 0 0 0 0 0 0 0 0 0 0 0 0 0 0 0 0 0 0 0 0 0 0 0 0 0 0 0 0 0
 0 0 0 0 0 0 0 0 0 0 0 0 0 0 0 0 0 0 0 0 0 0 0 0 0 0 0 0 0 0 0 0 0 0 0 0
 0 0 0 0 0 0 0 0 0 0 0 0 0 0 0 0 0 0 0 0 0 0 0 0 0 0 0 0 0 0 0 0 0 0 0 0
 0 0 0 0 0 0 0 0 0 0 0 0 0 0 0 0 0 0 0 0 0 0 0 0 0 0 0 0 0 0 0 0 0 0 0 0
 0 0 0 0 0 0 0 0 0 0 0 0 0 0 0 0 0 0 0 0 0 0 0 0 0 0 0 0 0 0 0 0 0 0 0 0
 0 0 0 0 0 0 0 0 1.78061e-05 0.00172719 0.00360574 0.0105946 0.0120993 0.0124554 0.0147524 0.0171206 0.0266825 0.0428682 0.0675386 0.121331 0.153587 0.119568 0.100827 0.0573624 0.0630603 0.0341343 0.0324427 0.0444173 0.0211091 0.0280891 0.0125444 0.00206551 0 0 0 0
 0 0 0 0 0 0 0 0 0 0 0 0 0 0 0 0 0 0 0 0 0 0 0 0 0 0 0 0 0 0 0 0 0 0 0 0
 0 0 0 0 0 0 0.0133647 0.0140871 0.0187388 0.0205184 0.03894 0.0496705 0.03968 0.0493445 0.0407372 0.0367815 0.0215668 0.0243155 0.0234873 0.0199281 0.019796 0.0243948 0.0301388 0.0376714 0.0412746 0.0863199 0.0771752 0.113111 0.0741005 0.0525337 0.0229764 0.00759418 0.00175318 0 0 0
 0 0 0 0 0 0 0 0 0 0 0.00219441 0.00772107 0.0458388 0.0604681 0.0671733 0.0775358 0.0609151 0.0617685 0.073594 0.0568108 0.0755445 0.0548602 0.0670107 0.0636378 0.0643287 0.046367 0.0373049 0.0286899 0.0247887 0.0153202 0.00654259 0.00121912 0.000365735 0 0 0
 0 0 0 0 0 0 0 0 0 0 0 0 0.000112435 0.00938835 0.0111873 0.0202946 0.0414886 0.0713402 0.111592 0.104902 0.108894 0.110636 0.117776 0.105296 0.107544 0.0401394 0.0192827 0.0124803 0.00416011 0.0028671 0.000618394 0 0 0 0 0
 0 0 0 0 0 0 0 0 0 0 0.00291406 0.0102884 0.027416 0.0768956 0.0749926 0.110853 0.0956884 0.0897413 0.0766577 0.0534642 0.0500743 0.0551293 0.0594112 0.0620874 0.0668451 0.0424026 0.0208742 0.0120726 0.0048766 0.00582813 0.00118941 0.000297354 0 0 0 0
 0 0.00264628 0.0354308 0.0461629 0.0458689 0.0383711 0.0214643 0.0164657 0.0346957 0.0420465 0.0363128 0.0245516 0.0311673 0.0291091 0.0169068 0.0133784 0.00837989 0.0085269 0.0148486 0.0160247 0.0276389 0.0546898 0.0760071 0.122758 0.109233 0.0665981 0.0333725 0.0166128 0.00676272 0.00308733 0.000882094 0 0 0 0 0
 0 0 0 0 0 0 0 0.000805153 0.000690131 0.00759144 0.0133425 0.0154129 0.00931677 0.000345066 0.00356568 0.00563607 0.00851162 0.0253048 0.0502646 0.0516448 0.0657925 0.0565908 0.0611916 0.0827007 0.0866115 0.110766 0.145733 0.0935128 0.0569358 0.0249597 0.0138026 0.00621118 0.00161031 0.00115022 0 0
 0 0 0 0 0 0 0 0 0 0 0 0 0 0 0 0 0 0 0 0 0 0 0 0 0 0 0 0 0 0 0 0 0 0 0 0
 0.00147267 0.00158595 0.00478618 0.00569244 0.00954404 0.0108468 0.00647125 0.017049 0.0510054 0.094081 0.124002 0.0959785 0.0687766 0.0820023 0.061753 0.0591476 0.0492212 0.0479892 0.0443925 0.0268479 0.0217502 0.0140895 0.0121071 0.0120363 0.00920419 0.00665534 0.0049561 0.00860946 0.00930331 0.0156896 0.0114698 0.00855282 0.00243557 0.00046729 0 2.83206e-05
 0 0 0 0 0.000772559 0.00158375 0.000888443 0.00281984 0.00712685 0.0440552 0.0773331 0.111326 0.0921469 0.0852325 0.0710754 0.0886704 0.0786465 0.0553345 0.0373146 0.0185414 0.00753245 0.00457741 0.012979 0.0271748 0.0457355 0.0583668 0.034881 0.0177882 0.00938659 0.00492506 0.0015258 0.00185414 0.000309023 5.79419e-05 3.86279e-05 0
 0 0.00173294 0.00326652 0 0.00397197 0.00683976 0.00946217 0.0152591 0.00757587 0.0136028 0.0228656 0.0392903 0.0559909 0.0764795 0.0681675 0.0726916 0.0566044 0.0477403 0.0527397 0.0444891 0.0609904 0.0582453 0.0661739 0.0445044 0.0529084 0.0360697 0.0280645 0.0235558 0.0158879 0.00826598 0.00280645 0.00217768 0.000904811 0.00058276 9.20147e-05 0
 0 0 0 0 0 0 0 0 0 0 0 0 0 0 0 0 0 0 0 0 0 0 0 0 0 0 0 0 0 0 0 0 0 0 0 0
 0 0 0 0 0 0 0 0 0 0 0 0 0 0 0 0 0 0 0 0 0 0 0 0 0 0 0 0 0 0 0 0 0 0 0 0
 0 0 0 0 0 0 0 0 0 0 0 0 0 0 0 0 0 0 0 0 0 0 0 0 0 0 0 0 0 0 0 0 0 0 0 0
ppred_pel_tallas
 1.0514e-16 6.48768e-06 3.79974e-05 0.000180456 0.000694484 0.00216543 0.00547029 0.0111972 0.018577 0.0249979 0.0273332 0.0244205 0.0181593 0.0119684 0.00837507 0.00807446 0.0106182 0.0153725 0.0218823 0.0297575 0.0384758 0.0473061 0.0553714 0.0618025 0.0659188 0.0673714 0.0662017 0.0627951 0.0577568 0.0517538 0.0453782 0.0390687 0.0330963 0.027597 0.0226241 0.0181939
 1.11794e-16 1.59148e-05 9.33847e-05 0.000443867 0.00170884 0.00532878 0.0134601 0.0275415 0.0456549 0.0613189 0.0667422 0.0589074 0.0422476 0.0248212 0.0123671 0.0060248 0.00412575 0.00471133 0.00662831 0.00943006 0.0129838 0.0172156 0.0220107 0.027192 0.0325251 0.037734 0.0425183 0.0465725 0.0496097 0.0513888 0.0517457 0.0506211 0.04808 0.0443103 0.0396037 0.0343166
 1.17711e-16 8.63559e-06 5.06336e-05 0.000240587 0.000926104 0.0028878 0.00729462 0.014928 0.0247533 0.0332687 0.036271 0.0321556 0.0233719 0.0143564 0.00831333 0.00597301 0.00654466 0.00905115 0.0128863 0.0177285 0.0233134 0.0293106 0.0353199 0.0409331 0.0458144 0.0497598 0.0527139 0.0547359 0.0559353 0.0564012 0.0561578 0.0551601 0.0533271 0.0505948 0.0469673 0.0425454
 1.05696e-16 3.41165e-05 0.000200251 0.000951933 0.00366505 0.0114292 0.028869 0.0590688 0.0979093 0.131478 0.143045 0.126105 0.0901152 0.0522805 0.0247929 0.00993962 0.00394954 0.00241146 0.00265107 0.00355526 0.00476765 0.00617321 0.00770351 0.00929088 0.0108672 0.0123699 0.0137447 0.0149437 0.0159208 0.0166289 0.0170205 0.017054 0.016704 0.0159703 0.0148838 0.0135065
 1.00922e-16 3.83968e-05 0.000225376 0.00107137 0.00412489 0.0128632 0.0324912 0.0664804 0.110195 0.147979 0.161003 0.141952 0.101473 0.0589359 0.02807 0.0114553 0.00484806 0.00327233 0.00368889 0.00479306 0.00610949 0.00741954 0.00855743 0.00937954 0.00978463 0.00973604 0.0092695 0.00848126 0.00750176 0.00646349 0.00547374 0.00459944 0.00386577 0.00326549 0.00277312 0.00235859
 1.01328e-16 2.21741e-05 0.000130103 0.000618361 0.00238058 0.00742348 0.0187515 0.0383705 0.0636129 0.0854589 0.0930716 0.0822749 0.0592856 0.0353871 0.0186447 0.0107156 0.00931602 0.0116886 0.0160837 0.0215888 0.0275801 0.0334136 0.0383855 0.0418359 0.0432926 0.0425837 0.0398772 0.0356299 0.0304682 0.0250404 0.0198885 0.0153721 0.0116553 0.00874092 0.00652999 0.00488087
 1.01312e-16 3.65385e-05 0.000214466 0.00101951 0.0039252 0.0122404 0.0309182 0.063262 0.104861 0.140815 0.15321 0.135083 0.0965667 0.0560951 0.0267351 0.0109462 0.00469647 0.00326049 0.00375891 0.00496547 0.00644376 0.00799905 0.00948 0.0107449 0.0116774 0.012207 0.0123186 0.0120479 0.0114653 0.0106545 0.00969504 0.00865215 0.00757482 0.0064998 0.00545702 0.00447318
 1.007e-16 3.591e-05 0.000210771 0.00100193 0.0038575 0.0120293 0.030385 0.0621713 0.103055 0.138395 0.150591 0.132807 0.0950121 0.0553375 0.0266455 0.0113761 0.00558731 0.00464403 0.00570465 0.00752296 0.00959734 0.0116388 0.0133929 0.0146305 0.0151885 0.0150067 0.0141411 0.0127465 0.0110347 0.00922444 0.00749731 0.00597252 0.004703 0.00368796 0.00289379 0.00227436
 1.00506e-16 3.6567e-05 0.000214629 0.00102027 0.00392814 0.0122496 0.0309414 0.0633097 0.104941 0.140927 0.153342 0.135224 0.0967214 0.0562929 0.0270305 0.011412 0.00541639 0.00431948 0.00522802 0.00688039 0.00878114 0.010658 0.0122771 0.0134278 0.0139588 0.0138116 0.0130332 0.0117605 0.0101843 0.00850319 0.00688457 0.00544134 0.00422758 0.00324904 0.00248089 0.00188529
 1.00426e-16 3.70753e-05 0.000217614 0.00103446 0.00398278 0.01242 0.0313718 0.0641903 0.1064 0.142886 0.155471 0.137096 0.0980476 0.0570392 0.027341 0.0114603 0.00531593 0.00411424 0.00492107 0.00646071 0.00823926 0.00999361 0.0115021 0.0125665 0.0130449 0.0128835 0.0121278 0.0109088 0.00940781 0.00781337 0.00628419 0.00492693 0.00379217 0.00288436 0.0021787 0.00163797
 1.01564e-16 1.87867e-05 0.00011021 0.000523779 0.00201639 0.00628778 0.0158829 0.0325016 0.0538867 0.0724038 0.0788831 0.0698029 0.0504521 0.0304225 0.016592 0.0104203 0.0100285 0.0131211 0.0182215 0.0245099 0.0313497 0.038032 0.0437661 0.047805 0.0496095 0.0489745 0.0460755 0.041412 0.0356762 0.0295881 0.0237534 0.0185794 0.0142589 0.0108088 0.0081339 0.0060911
 1.05811e-16 1.74311e-05 0.000102271 0.000486077 0.0018713 0.00583536 0.0147399 0.0301613 0.050002 0.0671703 0.0731448 0.0646386 0.046532 0.0276868 0.0144352 0.00807698 0.00682621 0.00854665 0.0119257 0.0163454 0.0214467 0.0268687 0.032187 0.0369551 0.0407819 0.0433981 0.044691 0.0446954 0.0435535 0.0414612 0.0386226 0.0352261 0.0314414 0.0274284 0.0233459 0.0193528
 1.03486e-16 3.37788e-05 0.000198264 0.000942477 0.00362862 0.0113155 0.0285821 0.0584821 0.0969382 0.130178 0.141641 0.124892 0.0893043 0.0519216 0.024832 0.0103183 0.00466447 0.00351309 0.00421143 0.00563092 0.00736766 0.00923539 0.0110832 0.0127667 0.0141641 0.0151965 0.0158364 0.0161005 0.0160332 0.0156855 0.0151 0.0143062 0.0133243 0.0121749 0.0108883 0.00950863
 1.01779e-16 3.13484e-05 0.000183984 0.000874561 0.00336708 0.0104999 0.026522 0.0542681 0.089957 0.120815 0.131484 0.11601 0.0831138 0.0486461 0.0238704 0.0109591 0.00651382 0.00651963 0.00850048 0.0113333 0.0144987 0.0176216 0.0203344 0.0222979 0.0232686 0.0231542 0.0220335 0.0201299 0.0177496 0.0152075 0.0127626 0.0105818 0.0087357 0.00721848 0.00597988 0.00495559
 1.00926e-16 3.54363e-05 0.00020799 0.000988708 0.00380661 0.0118706 0.0299841 0.0613511 0.101695 0.136569 0.148603 0.131052 0.0937539 0.0545988 0.0262794 0.0112033 0.00548115 0.00454133 0.00558396 0.00738595 0.00946106 0.0115335 0.0133602 0.014719 0.0154462 0.0154721 0.0148346 0.0136638 0.0121457 0.0104766 0.00882312 0.00729981 0.00596491 0.0048311 0.00388294 0.00309359
 1.00686e-16 3.44502e-05 0.000202198 0.000961163 0.00370054 0.0115398 0.0291486 0.0596419 0.0988629 0.132769 0.144478 0.127435 0.0912126 0.0532123 0.0257866 0.0112918 0.00596185 0.00536153 0.00676602 0.0089662 0.0114498 0.0138928 0.0159955 0.0174841 0.0181623 0.0179552 0.0169261 0.0152562 0.0131959 0.0110058 0.00890409 0.00703714 0.00547343 0.0042179 0.00323562 0.00247518
 1.01294e-16 2.83342e-05 0.000166282 0.000790392 0.00304299 0.00948923 0.0239692 0.0490452 0.0813019 0.109198 0.118861 0.10492 0.0752706 0.044262 0.0221043 0.0107979 0.00730913 0.00803642 0.0107462 0.014393 0.0184355 0.0224254 0.0258987 0.0284201 0.0296709 0.0295213 0.0280578 0.0255519 0.0223864 0.0189631 0.0156224 0.0125966 0.0100016 0.00785723 0.00612346 0.00473456
 1.02149e-16 2.88766e-05 0.000169471 0.000805566 0.00310143 0.0096715 0.0244295 0.0499867 0.0828608 0.111287 0.121121 0.106882 0.0766075 0.0449062 0.0221641 0.0103971 0.00649244 0.00676931 0.00896119 0.0120404 0.0155244 0.0190502 0.0222489 0.024767 0.0263331 0.026814 0.0262383 0.0247752 0.0226822 0.0202381 0.017686 0.0152008 0.0128835 0.0107767 0.0088881 0.00721137
 1.02704e-16 2.73704e-05 0.000160626 0.000763511 0.0029395 0.00916652 0.023154 0.0473771 0.0785362 0.105482 0.114812 0.101337 0.0726802 0.0426993 0.0212519 0.0102658 0.00680735 0.00739994 0.00989659 0.0133086 0.0171456 0.0210146 0.0245083 0.0272378 0.0289082 0.0293811 0.0286992 0.0270612 0.024761 0.0221114 0.0193792 0.0167493 0.0143201 0.0121227 0.0101503 0.00838388
 1.0109e-16 3.77656e-05 0.000221671 0.00105376 0.00405709 0.0126517 0.0319571 0.0653875 0.108384 0.145546 0.158355 0.139615 0.0997974 0.057953 0.0275845 0.0112289 0.004713 0.00314529 0.00354242 0.00463052 0.00595449 0.00731297 0.00855469 0.00954448 0.0101796 0.0104096 0.0102449 0.00974833 0.00901521 0.00814773 0.0072337 0.00633463 0.00548452 0.00469625 0.00397118 0.00330742
 1.00895e-16 3.1283e-05 0.000183597 0.00087272 0.00335999 0.0104778 0.0264661 0.0541539 0.0897684 0.120564 0.131216 0.115786 0.0829802 0.0486224 0.0239599 0.0111694 0.00686798 0.00705328 0.00925104 0.0123262 0.015734 0.0190631 0.0219048 0.0238828 0.0247286 0.0243452 0.0228287 0.0204392 0.0175327 0.0144765 0.0115764 0.00903404 0.00693941 0.00529147 0.00403231 0.00308112
 1.01824e-16 2.78598e-05 0.000163499 0.000777164 0.00299207 0.00933044 0.0235681 0.0482243 0.0799408 0.107369 0.116867 0.103152 0.0739864 0.0434751 0.0216533 0.0104842 0.00698221 0.00760741 0.0101714 0.0136617 0.0175702 0.0214853 0.0249798 0.0276469 0.0291796 0.0294366 0.0284691 0.0264951 0.023836 0.0208358 0.0177924 0.0149163 0.0123243 0.0100561 0.00810375 0.00643876
 1.02359e-16 2.97095e-05 0.000174363 0.000828827 0.003191 0.00995082 0.025135 0.0514301 0.0852526 0.114497 0.124608 0.109944 0.0787686 0.0461056 0.0226305 0.0104054 0.00621577 0.00626589 0.00822298 0.0110405 0.0142463 0.0175039 0.0204773 0.0228456 0.0243615 0.0249023 0.0244904 0.0232745 0.0214819 0.0193582 0.0171161 0.0149074 0.0128187 0.0108865 0.00911866 0.00751404
 1.03048e-16 2.52501e-05 0.000148175 0.000704307 0.00271154 0.00845562 0.0213584 0.0437034 0.0724481 0.0973106 0.105932 0.0935328 0.0671565 0.0396023 0.0199857 0.0101115 0.00730042 0.00836446 0.011326 0.015251 0.0196362 0.024042 0.0280015 0.0310681 0.0329054 0.0333594 0.0324866 0.0305247 0.0278201 0.0247399 0.0215951 0.0185988 0.0158607 0.0134101 0.0112308 0.00929213
 1.08745e-16 1.85302e-06 1.0787e-05 5.10921e-05 0.000196399 0.000612169 0.00154691 0.00316981 0.00527198 0.00713363 0.00790397 0.0073078 0.00596475 0.00496373 0.00518663 0.00703335 0.0105865 0.0158311 0.0226935 0.0309477 0.0401252 0.0495072 0.0582144 0.0653684 0.070275 0.0725664 0.0722594 0.0697068 0.0654721 0.0601724 0.0543462 0.0483817 0.0425108 0.0368497 0.0314559 0.0263747
pSPR Fmed_Fpbrs
0.526059   0.349273 0.349273
Fs Fmed_Fpbrs
0.481183   1.005 1.005
SSBpbr Bo_Bmed_Bpbrs
946600  450638  283292 283292
Ro
22925.4
SPR SPRFo_SPRFmed_SPRFpbrs
472481 248553 165025
log_Ro
9.86
likeval ReclasPelacesDesembMPH_pf_preclas_ppelaces_ptallas_desvR_qrecl_qpela
 93.2482 76.1732 0.0723058 0.000593411 316.301 194.876 71.3785 0 43.472 7.79113e-06 0 0 0 0 0
q_reclas_q_pelaces
0.673321 1
M
0.7
N
 10827 44709.3 21396.5 2839.74 0.151036
 16738.5 5266.49 19264.4 9219.34 1223.66
 2708.95 8008.05 2025.02 7407.35 4015.44
 13746.3 1172.87 1551.62 392.363 2213.26
 55190.1 6378.23 365.507 483.54 812.002
 19733.7 27027.7 2878.64 164.962 584.707
 57124.7 8894.1 6899.59 734.855 191.375
 71817.3 26066.7 2471.53 1917.29 257.385
 99678.8 30961.8 4905.01 465.071 409.211
 205339 43340.2 6176.11 978.428 174.398
 56921.7 95204.2 13436 1914.67 357.391
 26837.2 26113.6 27446.5 3873.47 655.015
 51774.1 12368.3 7767.95 8164.44 1347.08
 23035.3 22380.3 2370.27 1488.66 1822.8
 15041.2 9061.47 2245.34 237.801 332.228
 15277.5 5803.11 795.755 197.18 50.0585
 10491.3 6818.1 1384.45 189.843 58.9837
 10287.2 4799.29 1927.43 391.374 70.3418
 8768.62 4790.7 1533.61 615.909 147.541
 28462.8 4087.97 1542.4 493.756 245.798
 33594.7 13108.7 1210.47 456.713 218.986
 34376.3 16268 5476.86 505.741 282.31
 44995.5 16566.5 6575.58 2213.76 318.533
 33488.6 21459.5 6234.41 2474.57 952.973
 840.86 15819 7560.97 2196.62 1207.65
pred_Ctot
 159.527 4289.25 2052.7 272.434 0.0144899
 441.264 867.473 3173.15 1518.57 201.555
 251.594 3702.56 936.277 3424.83 1856.56
 651.305 322.635 426.823 107.932 608.827
 549.249 420.413 24.092 31.8719 53.5221
 1318.5 9809 1044.73 59.8686 212.204
 3348.02 2911.73 2258.77 240.575 62.6518
 6864.77 12293.7 1165.63 904.239 121.389
 8988.01 14023.1 2221.56 210.638 185.338
 9834.78 12030.2 1714.34 271.589 48.4087
 3132.16 29623.9 4180.76 595.772 111.206
 1394.41 7753.91 8149.69 1150.15 194.494
 4861.28 5761.89 3618.78 3803.49 627.551
 3489.65 14005.1 1483.27 931.573 1140.67
 2448.19 5887.08 1458.76 154.496 215.843
 1119.81 2260.35 309.952 76.8029 19.4981
 597.362 2180.93 442.848 60.7258 18.8673
 461.915 1261.92 506.798 102.908 18.4956
 387.208 1242.01 397.593 159.677 38.2505
 1491.68 1222.46 461.235 147.652 73.5028
 601.291 1510.56 139.487 52.6288 25.2346
 731.613 2202.46 741.491 68.4703 38.2208
 1284.17 2931.59 1163.61 391.746 56.3673
 1177.84 4572.13 1328.3 527.23 203.039
 39.2921 4301.35 2055.9 597.282 328.373
F
 0.0206759 0.141923 0.141923 0.141923 0.141923
 0.0372636 0.255785 0.255785 0.255785 0.255785
 0.13711 0.941146 0.941146 0.941146 0.941146
 0.0678772 0.465922 0.465922 0.465922 0.465922
 0.0139235 0.0955739 0.0955739 0.0955739 0.0955739
 0.0969377 0.665399 0.665399 0.665399 0.665399
 0.0845766 0.58055 0.58055 0.58055 0.58055
 0.141372 0.970404 0.970404 0.970404 0.970404
 0.132873 0.912065 0.912065 0.912065 0.912065
 0.0686376 0.471141 0.471141 0.471141 0.471141
 0.0792208 0.543786 0.543786 0.543786 0.543786
 0.0746556 0.51245 0.51245 0.51245 0.51245
 0.13871 0.952129 0.952129 0.952129 0.952129
 0.232995 1.59932 1.59932 1.59932 1.59932
 0.252396 1.73249 1.73249 1.73249 1.73249
 0.1068 0.733092 0.733092 0.733092 0.733092
 0.0820771 0.563393 0.563393 0.563393 0.563393
 0.0642239 0.440845 0.440845 0.440845 0.440845
 0.0631303 0.433338 0.433338 0.433338 0.433338
 0.0753241 0.517039 0.517039 0.517039 0.517039
 0.0251656 0.172742 0.172742 0.172742 0.172742
 0.0299873 0.205838 0.205838 0.205838 0.205838
 0.0403974 0.277295 0.277295 0.277295 0.277295
 0.0499937 0.343166 0.343166 0.343166 0.343166
 0.0669151 0.459318 0.459318 0.459318 0.459318
nmprior
 10 11 7 0
nm_flota  nm_reclas  nm_pelaces    nm_pelaL
inf 29.0285 22.317 41.5301
cv_recla  cv_pelaces  cv_mph
0.873464 1.02699 0.790343
 ------------------------------------------------
Talla a la edad & desviación 
 7.2 14.2025 17.0495 18.207 18.6776
 1.08 2.13037 2.55742 2.73105 2.80164
