years
 1997 1998 1999 2000 2001 2002 2003 2004 2005 2006 2007 2008 2009 2010 2011 2012 2013 2014 2015 2016 2017 2018 2019 2020 2021
reclasobs
 0 0 0 370054 412103 1.49427e+06 250295 1.28982e+06 931140 785840 897777 1.04006e+06 184774 17550 25797 100020 73551 82996 120727 218422 84188 347160 605670 569463 516374
reclaspred
 2.52012e+06 316804 402995 108597 235096 249541 530203 460684 565836 1.06143e+06 1.00668e+06 634958 379457 166603 100670 96495 106190 125214 104977 171869 321013 295302 439032 383033 251163
pelacesobs
 0 0 0 0 0 0 0 0 0 2.06254e+06 1.5e+06 0 1.87456e+06 323000 250000 174000 83755 137374 0 501740 490994 745055 786931 1.00524e+06 0
pelacespred
 1.2987e+06 504446 137395 89643.4 196877 128134 468653 379705 465985 914656 667883 407777 287384 97027.1 62605.3 62402.6 70463.9 83941.3 67059.8 123834 251993 212657 247113 245891 144931
mphobs
 0 0 0 0 0 112323 0 153150 637223 0 255016 313432 73983 77613 109348 50772 0 0 0 0 0 0 0 0 0
mphpred
 917616 395284 162218 71874 43333.5 128166 131609 187780 201647 271728 512355 344545 176833 107671 45864.8 37334.8 40581.6 47636.6 49439.9 45160.6 100880 135973 151513 173624 152586
desembarqueobs
 350755 77701 442110 56441 14545 235359 269955 359681 431902 328805 639364 411747 362871 311530 167758 66681 60226 58785 57116 71774 51957 67425 138520 160799 200461
desembarquepred
 350745 77684.1 441615 56419.3 14543.5 235176 269837 359072 431406 328535 638620 411363 362218 311027 167411 66628.9 60201.8 58741.4 57065.6 71697.6 51943 67384.8 138429 160704 200421
Reclutas
 4075.69 6203.41 885.202 5100.89 54332.6 13091.3 55898.4 70503.4 82122.9 215398 48432.9 19223.7 57972 22827.6 14940.2 14194.6 9478.15 9288.79 6606.25 27314.9 31136.2 30002.4 41829.1 23665.2 259.206
log_desv_Rt
 -1.42721 -1.00715 -2.95418 -1.20283 1.16288 -0.2603 1.19129 1.42342 1.57597 2.54024 1.04793 0.123901 1.22772 0.295726 -0.128189 -0.179384 -0.583256 -0.603437 -0.944228 0.475188 0.606128 0.569031 0.901348 0.331761 -4.18238
SSB
 2.13507e+06 919729 377441 167233 100826 298212 306221 436919 469183 632243 1.19212e+06 801672 411448 250524 106716 86868.9 94423.4 110839 115035 105078 234724 316375 352535 403980 355029
BT
 2.54364e+06 1.074e+06 497181 228384 365255 412412 1.04168e+06 1.0612e+06 1.22461e+06 1.94101e+06 1.74836e+06 1.09781e+06 873761 466642 249375 166303 175873 197991 170342 281600 492204 445374 542462 581091 441673
Ftot
 0.143617 0.217622 0.901145 0.502437 0.169083 1.10032 0.965443 1.57424 1.46619 0.758704 0.774363 0.634119 1.31914 2.33301 2.53392 1.07824 0.84388 0.64578 0.656217 0.843546 0.267506 0.28988 0.392053 0.496676 0.735307
BD_Bspro_t
 0.981828 0.865324 0.64253 0.299164 0.352607 0.671353 0.482845 0.515491 0.483001 0.510167 0.627322 0.453243 0.303991 0.241634 0.13681 0.138108 0.195337 0.289972 0.350712 0.387754 0.611645 0.729704 0.71525 0.676477 0.560642
BD_Bspro
 6.0998 2.62763 1.07833 0.477778 0.288057 0.851979 0.874862 1.24826 1.34044 1.80629 3.40585 2.29034 1.17549 0.715737 0.304883 0.248181 0.269764 0.316661 0.328649 0.300202 0.670597 0.90387 1.00718 1.15415 1.0143
BD_Bo
 2.23382 0.962269 0.394898 0.174968 0.10549 0.312005 0.320385 0.457127 0.490884 0.661486 1.24726 0.838751 0.430478 0.262112 0.111652 0.0908867 0.0987907 0.115965 0.120355 0.109938 0.245581 0.331008 0.36884 0.422665 0.37145
BD_Brms
 6.18576 2.66466 1.09353 0.484511 0.292116 0.863985 0.88719 1.26585 1.35933 1.83175 3.45384 2.32262 1.19205 0.725823 0.30918 0.251678 0.273565 0.321124 0.33328 0.304433 0.680047 0.916607 1.02137 1.17042 1.0286
S_f
 0.104011 0.688049 0.976694 0.998746 0.999934
 0.104011 0.688049 0.976694 0.998746 0.999934
 0.104011 0.688049 0.976694 0.998746 0.999934
 0.104011 0.688049 0.976694 0.998746 0.999934
 0.104011 0.688049 0.976694 0.998746 0.999934
 0.104011 0.688049 0.976694 0.998746 0.999934
 0.104011 0.688049 0.976694 0.998746 0.999934
 0.104011 0.688049 0.976694 0.998746 0.999934
 0.104011 0.688049 0.976694 0.998746 0.999934
 0.104011 0.688049 0.976694 0.998746 0.999934
 0.104011 0.688049 0.976694 0.998746 0.999934
 0.104011 0.688049 0.976694 0.998746 0.999934
 0.104011 0.688049 0.976694 0.998746 0.999934
 0.104011 0.688049 0.976694 0.998746 0.999934
 0.104011 0.688049 0.976694 0.998746 0.999934
 0.104011 0.688049 0.976694 0.998746 0.999934
 0.104011 0.688049 0.976694 0.998746 0.999934
 0.104011 0.688049 0.976694 0.998746 0.999934
 0.104011 0.688049 0.976694 0.998746 0.999934
 0.104011 0.688049 0.976694 0.998746 0.999934
 0.104011 0.688049 0.976694 0.998746 0.999934
 0.104011 0.688049 0.976694 0.998746 0.999934
 0.104011 0.688049 0.976694 0.998746 0.999934
 0.104011 0.688049 0.976694 0.998746 0.999934
 0.104011 0.688049 0.976694 0.998746 0.999934
Scru_reclas
 0.681658 0.915083 0.981895 0.996349 0.999273
 0.681658 0.915083 0.981895 0.996349 0.999273
 0.681658 0.915083 0.981895 0.996349 0.999273
 0.681658 0.915083 0.981895 0.996349 0.999273
 0.681658 0.915083 0.981895 0.996349 0.999273
 0.681658 0.915083 0.981895 0.996349 0.999273
 0.681658 0.915083 0.981895 0.996349 0.999273
 0.681658 0.915083 0.981895 0.996349 0.999273
 0.681658 0.915083 0.981895 0.996349 0.999273
 0.681658 0.915083 0.981895 0.996349 0.999273
 0.681658 0.915083 0.981895 0.996349 0.999273
 0.681658 0.915083 0.981895 0.996349 0.999273
 0.681658 0.915083 0.981895 0.996349 0.999273
 0.681658 0.915083 0.981895 0.996349 0.999273
 0.681658 0.915083 0.981895 0.996349 0.999273
 0.681658 0.915083 0.981895 0.996349 0.999273
 0.681658 0.915083 0.981895 0.996349 0.999273
 0.681658 0.915083 0.981895 0.996349 0.999273
 0.681658 0.915083 0.981895 0.996349 0.999273
 0.681658 0.915083 0.981895 0.996349 0.999273
 0.681658 0.915083 0.981895 0.996349 0.999273
 0.681658 0.915083 0.981895 0.996349 0.999273
 0.681658 0.915083 0.981895 0.996349 0.999273
 0.681658 0.915083 0.981895 0.996349 0.999273
 0.681658 0.915083 0.981895 0.996349 0.999273
Scru_pelaces
 1 1 1 1 1
 1 1 1 1 1
 1 1 1 1 1
 1 1 1 1 1
 1 1 1 1 1
 1 1 1 1 1
 1 1 1 1 1
 1 1 1 1 1
 1 1 1 1 1
 1 1 1 1 1
 1 1 1 1 1
 1 1 1 1 1
 1 1 1 1 1
 1 1 1 1 1
 1 1 1 1 1
 1 1 1 1 1
 1 1 1 1 1
 1 1 1 1 1
 1 1 1 1 1
 1 1 1 1 1
 1 1 1 1 1
 1 1 1 1 1
 1 1 1 1 1
 1 1 1 1 1
 1 1 1 1 1
pf_obs 
 0.256992 0.487395 0.22802 0.0275931 0
 0.321318 0.546541 0.124235 0.00734118 0.000564706
 0.182869 0.594174 0.210203 0.0122559 0.00049798
 0.330522 0.361315 0.267642 0.0388342 0.00168674
 0.649043 0.306663 0.0425973 0.00169635 0
 0.582887 0.30429 0.105238 0.00758474 0
 0.465427 0.430635 0.0974691 0.00646863 0
 0.296916 0.608066 0.0921331 0.00288517 0
 0.311714 0.524322 0.152257 0.0117073 0
 0.15457 0.633149 0.183074 0.0267441 0.00246327
 0.131901 0.49318 0.331252 0.0422183 0.00144891
 0.196976 0.569456 0.194076 0.0375587 0.00193317
 0.518974 0.381816 0.0799577 0.0180837 0.00116848
 0.0928022 0.601141 0.25162 0.0475244 0.00691264
 0.122501 0.610282 0.24278 0.0234846 0.000952079
 0.383417 0.481906 0.127806 0.00687128 0
 0.0376549 0.599619 0.316969 0.0457579 0
 0.0361596 0.667082 0.258105 0.0386534 0
 0.158088 0.579412 0.248529 0.0139706 0
 0.0477256 0.309471 0.559284 0.082774 0.000745712
 0.0406174 0.521527 0.379366 0.0568643 0.0016247
 0.151134 0.462217 0.34131 0.0453401 0
 0.294876 0.26143 0.354403 0.0886775 0.000613685
 0.281977 0.475581 0.204845 0.0348837 0.00271318
 0 0 0 0 0
pf_pred 
 0.00645313 0.656721 0.2987 0.0381243 1.61145e-06
 0.0171036 0.0344099 0.697818 0.222869 0.0277988
 0.0066635 0.120629 0.0438712 0.613706 0.21513
 0.12565 0.0575553 0.154762 0.0343824 0.62765
 0.661488 0.185445 0.0150823 0.0267712 0.111213
 0.0824831 0.85039 0.0430123 0.00242975 0.0216849
 0.431464 0.234724 0.319263 0.00945161 0.00509657
 0.349793 0.574042 0.0411541 0.033536 0.00147432
 0.330906 0.564241 0.0981107 0.00371863 0.00302366
 0.478379 0.427412 0.0855898 0.00808747 0.00053181
 0.0719228 0.803926 0.109125 0.0136904 0.00133538
 0.0505185 0.329944 0.565172 0.0479696 0.00639617
 0.296462 0.222009 0.219195 0.239944 0.0223908
 0.161912 0.710184 0.058687 0.0322166 0.0370008
 0.24452 0.560606 0.180886 0.00662933 0.0073587
 0.289169 0.594063 0.101778 0.0139764 0.00101362
 0.17581 0.630024 0.174122 0.0175524 0.00249157
 0.189182 0.495453 0.265124 0.0452078 0.00503384
 0.146214 0.537328 0.225122 0.0771518 0.0141845
 0.48031 0.290461 0.166994 0.0446614 0.0175742
 0.262358 0.647201 0.0609397 0.0216848 0.00781625
 0.17669 0.544434 0.254622 0.0164756 0.00777848
 0.213927 0.443263 0.254011 0.081253 0.007545
 0.115298 0.567952 0.208985 0.0803974 0.027368
 0.00197637 0.470246 0.387123 0.093693 0.0469609
pobs_RECLAS
 0 0 0 0 0
 0 0 0 0 0
 0 0 0 0 0
 0 0 0 0 0
 0.835266 0.146461 0.0176864 0.000547809 3.91292e-05
 0.385257 0.428462 0.181853 0.0044286 0
 0.867414 0.0963971 0.0333333 0.00285562 0
 0.441836 0.489002 0.0689373 0.000224442 0
 0.779404 0.147425 0.0564933 0.0165055 0.000172143
 0.814271 0.122319 0.05973 0.00367925 0
 0.40263 0.566651 0.0304383 0.000280538 0
 0.475488 0.404961 0.113038 0.00651328 0
 0.955842 0.0263864 0.0167828 0.000988607 0
 0.975058 0.0227948 0.00214734 0 0
 0.738997 0.206755 0.0527124 0.00153531 0
 0.850938 0.134255 0.0134407 0.00136685 0
 0.542534 0.407297 0.0501686 0 0
 0.764087 0.199537 0.0359546 0.000420521 0
 0.470689 0.182191 0.310203 0.0369168 0
 0.84361 0.089868 0.0606195 0.00523954 0.000663233
 0.607945 0.314616 0.071237 0.00620181 0
 0.523733 0.453247 0.0230204 0 0
 0.530135 0.295979 0.169645 0.0042399 0
 0.562478 0.366248 0.0663022 0.0049721 0
 0.250443 0.683176 0.0655157 0.000865301 0
ppred_RECLAS
 0.0339216 0.696893 0.238929 0.0302546 1.28102e-06
 0.102186 0.0413774 0.631406 0.200037 0.0249938
 0.0435531 0.15289 0.0407736 0.564563 0.198221
 0.488207 0.0444082 0.0890752 0.019616 0.358693
 0.916183 0.0517984 0.00317371 0.00558858 0.0232562
 0.324258 0.639258 0.0234591 0.0013105 0.0117141
 0.823615 0.0865071 0.0859983 0.00251928 0.00136063
 0.751946 0.226989 0.0114534 0.00920582 0.000405283
 0.736191 0.233114 0.0287442 0.0010753 0.000875602
 0.831065 0.14531 0.0214824 0.00201037 0.000132412
 0.291206 0.636375 0.0637274 0.00791762 0.000773555
 0.245054 0.315539 0.401165 0.033737 0.0045059
 0.736374 0.103673 0.0732934 0.0792529 0.00740666
 0.545001 0.406985 0.02225 0.0119844 0.0137797
 0.681562 0.259869 0.0544433 0.00195468 0.002172
 0.689856 0.27144 0.0337826 0.00458818 0.000333271
 0.538955 0.375934 0.0764012 0.00762497 0.00108412
 0.568414 0.293291 0.116431 0.0196704 0.00219391
 0.490485 0.354915 0.110265 0.0374397 0.00689477
 0.843278 0.099264 0.0419667 0.011112 0.00437962
 0.646271 0.320189 0.0226564 0.00799637 0.00288723
 0.53882 0.333116 0.117004 0.00750886 0.00355116
 0.60502 0.250333 0.10741 0.034068 0.00316887
 0.419375 0.410355 0.112659 0.0429619 0.0146493
 0.011599 0.540859 0.329059 0.078881 0.0396017
pobs_PELACES
 0 0 0 0 0
 0 0 0 0 0
 0 0 0 0 0
 0 0 0 0 0
 0 0 0 0 0
 0 0 0 0 0
 0 0 0 0 0
 0 0 0 0 0
 0 0 0 0 0
 0 0 0 0 0
 0.450072 0.473896 0.0757376 0.000293798 0
 0 0 0 0 0
 0.463077 0.371075 0.160297 0.00555027 0
 0.529543 0.364841 0.0842815 0.0213345 0
 0.631943 0.363953 0.00410389 0 0
 0.735681 0.248677 0.0153453 0.000297389 0
 0.695825 0.281241 0.0229344 0 0
 0.275771 0.60734 0.115278 0.00161068 0
 0 0 0 0 0
 0.896147 0.0623911 0.0374545 0.00400742 0
 0.803859 0.145111 0.0509908 3.86294e-05 0
 0.739449 0.233085 0.0266225 0.000797448 4.60066e-05
 0.878498 0.100942 0.0204185 0.000141795 0
 0.694673 0.275183 0.0284847 0.00165964 0
 0 0 0 0 0
ppred_PELACES
 0.0472534 0.703409 0.2217 0.0276368 1.16669e-06
 0.148574 0.0429738 0.598609 0.186599 0.0232447
 0.0776726 0.170728 0.0389424 0.527912 0.184745
 0.6147 0.0378071 0.0673716 0.0145679 0.265553
 0.940294 0.0383311 0.00215379 0.00373298 0.0154879
 0.44557 0.529307 0.0163012 0.000890272 0.00793111
 0.891051 0.0578796 0.0489126 0.0014022 0.000754807
 0.84873 0.140905 0.0057033 0.00446615 0.000195925
 0.835593 0.148578 0.0148484 0.000541597 0.000439474
 0.886242 0.0997268 0.0127823 0.00117235 7.69679e-05
 0.393705 0.552043 0.0478573 0.0058267 0.000567434
 0.346726 0.294311 0.328276 0.0270815 0.00360551
 0.845227 0.0687434 0.0399444 0.042159 0.00392646
 0.72176 0.256094 0.0104481 0.0054526 0.00624532
 0.831275 0.144878 0.0222211 0.000771866 0.000854324
 0.78953 0.187992 0.0196765 0.00261301 0.000189166
 0.65471 0.28912 0.0505304 0.00493944 0.000700005
 0.676045 0.229436 0.0798203 0.0132273 0.0014706
 0.604194 0.286981 0.0780579 0.025995 0.00477192
 0.899755 0.067057 0.0243813 0.00632312 0.00248405
 0.722707 0.25332 0.0162848 0.00565318 0.00203499
 0.630095 0.27441 0.0873798 0.00551467 0.00260013
 0.697657 0.19938 0.0768041 0.0239387 0.00221983
 0.524908 0.347675 0.0848458 0.031771 0.0107996
 0.0189751 0.572015 0.302395 0.0710563 0.0355588
pobs_pel_tallas
 0 0 0 0 0 0 0 0 0 0 0 0 0 0 0 0 0 0 0 0 0 0 0 0 0 0 0 0 0 0 0 0 0 0 0 0
 0 0 0 0 0 0 0 0 0 0 0 0 0 0 0 0 0 0 0 0 0 0 0 0 0 0 0 0 0 0 0 0 0 0 0 0
 0 0 0 0 0 0 0 0 0 0 0 0 0 0 0 0 0 0 0 0 0 0 0 0 0 0 0 0 0 0 0 0 0 0 0 0
 0 0 0 0 0 0 0 0 0 0 0 0 0 0 0 0 0 0 0 0 0 0 0 0 0 0 0 0 0 0 0 0 0 0 0 0
 0 0 0 0 0 0 0 0 0 0 0 0 0 0 0 0 0 0 0 0 0 0 0 0 0 0 0 0 0 0 0 0 0 0 0 0
 0 0 0 0 0 0 0 0 0 0 0 0 0 0 0 0 0 0 0 0 0 0 0 0 0 0 0 0 0 0 0 0 0 0 0 0
 0 0 0 0 0 0 0 0 0 0 0 0 0 0 0 0 0 0 0 0 0 0 0 0 0 0 0 0 0 0 0 0 0 0 0 0
 0 0 0 0 0 0 0 0 0 0 0 0 0 0 0 0 0 0 0 0 0 0 0 0 0 0 0 0 0 0 0 0 0 0 0 0
 0 0 0 0 0 0 0 0 0 0 0 0 0 0 0 0 0 0 0 0 0 0 0 0 0 0 0 0 0 0 0 0 0 0 0 0
 0 0 0 0 0 0 0 0 0 0 0 0 0 0 0 0 0 0 0 0 0 0 0 0 0 0 0 0 0 0 0 0 0 0 0 0
 0 0 0 0 0 0 0 0 1.78061e-05 0.00172719 0.00360574 0.0105946 0.0120993 0.0124554 0.0147524 0.0171206 0.0266825 0.0428682 0.0675386 0.121331 0.153587 0.119568 0.100827 0.0573624 0.0630603 0.0341343 0.0324427 0.0444173 0.0211091 0.0280891 0.0125444 0.00206551 0 0 0 0
 0 0 0 0 0 0 0 0 0 0 0 0 0 0 0 0 0 0 0 0 0 0 0 0 0 0 0 0 0 0 0 0 0 0 0 0
 0 0 0 0 0 0 0.0133647 0.0140871 0.0187388 0.0205184 0.03894 0.0496705 0.03968 0.0493445 0.0407372 0.0367815 0.0215668 0.0243155 0.0234873 0.0199281 0.019796 0.0243948 0.0301388 0.0376714 0.0412746 0.0863199 0.0771752 0.113111 0.0741005 0.0525337 0.0229764 0.00759418 0.00175318 0 0 0
 0 0 0 0 0 0 0 0 0 0 0.00219441 0.00772107 0.0458388 0.0604681 0.0671733 0.0775358 0.0609151 0.0617685 0.073594 0.0568108 0.0755445 0.0548602 0.0670107 0.0636378 0.0643287 0.046367 0.0373049 0.0286899 0.0247887 0.0153202 0.00654259 0.00121912 0.000365735 0 0 0
 0 0 0 0 0 0 0 0 0 0 0 0 0.000112435 0.00938835 0.0111873 0.0202946 0.0414886 0.0713402 0.111592 0.104902 0.108894 0.110636 0.117776 0.105296 0.107544 0.0401394 0.0192827 0.0124803 0.00416011 0.0028671 0.000618394 0 0 0 0 0
 0 0 0 0 0 0 0 0 0 0 0.00291406 0.0102884 0.027416 0.0768956 0.0749926 0.110853 0.0956884 0.0897413 0.0766577 0.0534642 0.0500743 0.0551293 0.0594112 0.0620874 0.0668451 0.0424026 0.0208742 0.0120726 0.0048766 0.00582813 0.00118941 0.000297354 0 0 0 0
 0 0.00264628 0.0354308 0.0461629 0.0458689 0.0383711 0.0214643 0.0164657 0.0346957 0.0420465 0.0363128 0.0245516 0.0311673 0.0291091 0.0169068 0.0133784 0.00837989 0.0085269 0.0148486 0.0160247 0.0276389 0.0546898 0.0760071 0.122758 0.109233 0.0665981 0.0333725 0.0166128 0.00676272 0.00308733 0.000882094 0 0 0 0 0
 0 0 0 0 0 0 0 0.000805153 0.000690131 0.00759144 0.0133425 0.0154129 0.00931677 0.000345066 0.00356568 0.00563607 0.00851162 0.0253048 0.0502646 0.0516448 0.0657925 0.0565908 0.0611916 0.0827007 0.0866115 0.110766 0.145733 0.0935128 0.0569358 0.0249597 0.0138026 0.00621118 0.00161031 0.00115022 0 0
 0 0 0 0 0 0 0 0 0 0 0 0 0 0 0 0 0 0 0 0 0 0 0 0 0 0 0 0 0 0 0 0 0 0 0 0
 0.00147267 0.00158595 0.00478618 0.00569244 0.00954404 0.0108468 0.00647125 0.017049 0.0510054 0.094081 0.124002 0.0959785 0.0687766 0.0820023 0.061753 0.0591476 0.0492212 0.0479892 0.0443925 0.0268479 0.0217502 0.0140895 0.0121071 0.0120363 0.00920419 0.00665534 0.0049561 0.00860946 0.00930331 0.0156896 0.0114698 0.00855282 0.00243557 0.00046729 0 2.83206e-05
 0 0 0 0 0.000772559 0.00158375 0.000888443 0.00281984 0.00712685 0.0440552 0.0773331 0.111326 0.0921469 0.0852325 0.0710754 0.0886704 0.0786465 0.0553345 0.0373146 0.0185414 0.00753245 0.00457741 0.012979 0.0271748 0.0457355 0.0583668 0.034881 0.0177882 0.00938659 0.00492506 0.0015258 0.00185414 0.000309023 5.79419e-05 3.86279e-05 0
 0 0.00173294 0.00326652 0 0.00397197 0.00683976 0.00946217 0.0152591 0.00757587 0.0136028 0.0228656 0.0392903 0.0559909 0.0764795 0.0681675 0.0726916 0.0566044 0.0477403 0.0527397 0.0444891 0.0609904 0.0582453 0.0661739 0.0445044 0.0529084 0.0360697 0.0280645 0.0235558 0.0158879 0.00826598 0.00280645 0.00217768 0.000904811 0.00058276 9.20147e-05 0
 0 0 0 0 0 0 0 0 0 0 0 0 0 0 0 0 0 0 0 0 0 0 0 0 0 0 0 0 0 0 0 0 0 0 0 0
 0 0 0 0 0 0 0 0 0 0 0 0 0 0 0 0 0 0 0 0 0 0 0 0 0 0 0 0 0 0 0 0 0 0 0 0
 0 0 0 0 0 0 0 0 0 0 0 0 0 0 0 0 0 0 0 0 0 0 0 0 0 0 0 0 0 0 0 0 0 0 0 0
ppred_pel_tallas
 1.04326e-16 2.10215e-06 1.22369e-05 5.79569e-05 0.000222782 0.00069441 0.0017548 0.00359619 0.00598246 0.00809897 0.00898387 0.00833026 0.00684887 0.00578565 0.00615379 0.00841867 0.0126786 0.0189054 0.026979 0.0365747 0.0470604 0.0574983 0.0667681 0.0737793 0.0777098 0.078188 0.0753645 0.0698421 0.0625024 0.0542874 0.0460105 0.0382458 0.0313074 0.025297 0.020183 0.0158753
 1.1601e-16 6.49415e-06 3.80807e-05 0.000180952 0.000696566 0.00217204 0.0054864 0.0112265 0.0186119 0.0250037 0.0272313 0.0240737 0.017352 0.0103745 0.00551796 0.00330339 0.00312956 0.00430078 0.00647028 0.00959029 0.0137343 0.0189675 0.0252754 0.0325243 0.0404408 0.0486114 0.0565054 0.0635236 0.0690691 0.0726293 0.0738555 0.0726209 0.0690452 0.0634753 0.0564314 0.0485243
 1.27381e-16 3.40547e-06 1.99413e-05 9.47015e-05 0.000364457 0.00113636 0.00287049 0.0058749 0.0097442 0.0131042 0.0143076 0.0127338 0.00936386 0.0059701 0.00385302 0.0033545 0.00423215 0.00618108 0.00904692 0.0127836 0.0173548 0.0226775 0.0286137 0.0349884 0.0416139 0.0483031 0.0548657 0.0610872 0.0667061 0.0714045 0.0748267 0.076627 0.0765366 0.0744271 0.070356 0.0645723
 1.13878e-16 2.68176e-05 0.000157402 0.000748228 0.00288074 0.00898332 0.022691 0.0464281 0.0769572 0.103344 0.112438 0.0991297 0.0708547 0.0411398 0.0195754 0.00797038 0.00337755 0.00235284 0.00282486 0.00395654 0.00551117 0.00744363 0.00974137 0.0123803 0.0153146 0.0184726 0.0217524 0.0250183 0.0281013 0.0308075 0.0329353 0.0343012 0.0347677 0.0342682 0.0328204 0.030528
 1.00896e-16 4.10154e-05 0.000240754 0.00114449 0.00440646 0.0137412 0.034709 0.0710178 0.117714 0.158071 0.171968 0.151583 0.10828 0.062731 0.0295805 0.0115566 0.00409862 0.00187225 0.00163066 0.00200726 0.00255302 0.00312101 0.00363548 0.0040387 0.00429048 0.00437526 0.00430474 0.00411284 0.00384525 0.00354692 0.00325201 0.0029788 0.00273041 0.00249955 0.00227489 0.00204676
 1.00806e-16 1.94631e-05 0.000114178 0.000542635 0.00208898 0.00651412 0.0164546 0.0336717 0.0558273 0.0750126 0.0817291 0.0723298 0.0522971 0.0315713 0.0172827 0.0109469 0.0106186 0.0139149 0.0192929 0.0258787 0.0329784 0.0398169 0.0455368 0.0493388 0.0506622 0.0493221 0.0455571 0.0399628 0.0333417 0.0265167 0.0201695 0.0147447 0.0104322 0.00721162 0.0049286 0.00337263
 1.00797e-16 3.88691e-05 0.000228151 0.00108457 0.00417574 0.0130217 0.0328917 0.0672996 0.111552 0.149798 0.162974 0.143671 0.10266 0.0595419 0.0282028 0.011242 0.00435221 0.00249156 0.0025913 0.00335532 0.00434499 0.00539513 0.00639739 0.00725484 0.00788797 0.00824765 0.00832205 0.00813362 0.00772874 0.00716389 0.00649384 0.00576463 0.00501224 0.00426449 0.0035442 0.00287117
 1.0029e-16 3.70269e-05 0.000217329 0.00103311 0.00397755 0.0124037 0.0313306 0.0641061 0.106261 0.1427 0.155272 0.136926 0.0979398 0.057004 0.0273751 0.0115618 0.00549142 0.0043782 0.00528897 0.00694119 0.00882707 0.0106646 0.012212 0.0132543 0.0136413 0.0133223 0.0123586 0.0109059 0.00917469 0.00738117 0.00570442 0.00426146 0.00310266 0.00222367 0.00158555 0.00113511
 1.00299e-16 3.64544e-05 0.000213967 0.00101712 0.00391601 0.0122117 0.0308458 0.0631143 0.104617 0.140494 0.152873 0.134817 0.0964446 0.0561605 0.0270204 0.011499 0.00559195 0.00459154 0.00561134 0.00738582 0.00940697 0.0113842 0.0130632 0.0142157 0.0146801 0.0143983 0.0134293 0.0119318 0.0101231 0.00822818 0.00643545 0.00487054 0.00359116 0.00259884 0.0018591 0.00132184
 1.00258e-16 3.8661e-05 0.000226926 0.00107874 0.00415327 0.0129516 0.0327147 0.0669377 0.110953 0.148997 0.162112 0.142932 0.102178 0.0593552 0.0282876 0.0115751 0.0049459 0.00339044 0.00384758 0.0050004 0.00636436 0.00771095 0.00886334 0.00966712 0.0100125 0.00985875 0.00924293 0.00826867 0.00707895 0.00582235 0.00462376 0.003567 0.00269156 0.00200023 0.00147241 0.00107734
 1.01086e-16 1.72025e-05 0.000100904 0.000479525 0.00184598 0.00575634 0.0145406 0.0297556 0.049337 0.0662998 0.0722571 0.0639968 0.0463801 0.0282154 0.0158365 0.0106228 0.0108954 0.0145785 0.0203148 0.0273025 0.0348555 0.0421773 0.0483753 0.0526104 0.0542856 0.0531889 0.0495444 0.0439463 0.0372062 0.0301627 0.0235167 0.0177336 0.0130243 0.00938978 0.00669664 0.00475378
 1.05855e-16 1.51443e-05 8.88424e-05 0.00042223 0.00162547 0.00506872 0.0128034 0.0261995 0.043436 0.0583561 0.0635629 0.0562099 0.0405493 0.0242982 0.0129839 0.00776926 0.00713891 0.00926824 0.0130332 0.0178881 0.0234807 0.0294259 0.0352592 0.0404893 0.0446826 0.0475374 0.0489229 0.0488713 0.0475354 0.0451319 0.0418917 0.0380331 0.0337569 0.0292531 0.0247081 0.0203031
 1.02222e-16 3.68713e-05 0.000216422 0.00102881 0.00396103 0.0123522 0.0312004 0.0638392 0.105817 0.142098 0.154601 0.136298 0.0974114 0.0565373 0.0268549 0.0108372 0.00440708 0.00278994 0.00307996 0.0040483 0.00527378 0.00658912 0.00787738 0.00903179 0.00996453 0.0106207 0.0109847 0.0110752 0.0109316 0.0105985 0.0101141 0.00950453 0.00878724 0.00797703 0.00709309 0.0061625
 1.00712e-16 3.14951e-05 0.000184842 0.000878635 0.00338276 0.0105488 0.0266455 0.054521 0.0903771 0.121382 0.132107 0.116576 0.0835525 0.0489705 0.0241548 0.0112984 0.00699645 0.00721885 0.00947142 0.012605 0.0160614 0.0194146 0.0222417 0.024155 0.0248823 0.0243313 0.0226132 0.0200098 0.0169023 0.0136812 0.0106692 0.00807645 0.00599185 0.00440557 0.00324573 0.00241567
 1.0043e-16 3.6266e-05 0.000212861 0.00101187 0.00389577 0.0121486 0.0306864 0.062788 0.104077 0.139767 0.152082 0.134118 0.0959424 0.0558633 0.0268688 0.0114202 0.00553386 0.00452701 0.00552996 0.00728697 0.00929725 0.0112771 0.0129786 0.0141779 0.0147147 0.0145274 0.0136672 0.0122818 0.0105759 0.00876293 0.00702312 0.00547812 0.00418644 0.0031543 0.00235458 0.00174555
 1.0044e-16 3.44475e-05 0.000202181 0.000961081 0.00370022 0.0115388 0.0291461 0.0596368 0.0988547 0.132759 0.144469 0.127432 0.0912212 0.0532389 0.0258395 0.0113827 0.00610561 0.00557465 0.00706332 0.00935621 0.0119299 0.0144451 0.0165855 0.0180632 0.0186732 0.0183412 0.0171407 0.0152705 0.0130037 0.0106231 0.00836552 0.0063888 0.00476572 0.00349865 0.00254513 0.00184339
 1.01014e-16 2.85729e-05 0.000167682 0.00079705 0.00306862 0.00956916 0.0241711 0.0494584 0.0819869 0.110119 0.119864 0.105806 0.0759094 0.0446438 0.022306 0.010914 0.00740855 0.00815698 0.0109045 0.0145922 0.0186683 0.022673 0.0261315 0.0285995 0.0297543 0.0294691 0.0278403 0.0251551 0.021815 0.01824 0.014785 0.0116913 0.0090768 0.00695785 0.00528623 0.00398563
 1.01732e-16 2.95009e-05 0.000173136 0.000822988 0.00316851 0.00988067 0.0249579 0.0510677 0.0846528 0.113693 0.123739 0.109191 0.078258 0.0458652 0.022621 0.0105827 0.00656724 0.00681053 0.008993 0.0120608 0.0155177 0.018991 0.022104 0.0244986 0.0259037 0.0261926 0.0254066 0.0237326 0.0214478 0.0188497 0.0161962 0.0136703 0.0113743 0.00934496 0.00757892 0.00605579
 1.02318e-16 2.63701e-05 0.00015475 0.000735569 0.00283191 0.00883098 0.0223065 0.0456433 0.0756634 0.101628 0.110627 0.0976676 0.0701021 0.0412926 0.0207517 0.0103554 0.00729539 0.0082339 0.0111007 0.0149223 0.0191824 0.0234398 0.0272294 0.0301089 0.0317477 0.0319988 0.0309266 0.0287779 0.0259095 0.0226988 0.0194672 0.016436 0.0137199 0.0113487 0.00930127 0.0075377
 1.00702e-16 3.92489e-05 0.000230381 0.00109517 0.00421654 0.013149 0.0332131 0.0679572 0.112642 0.151262 0.164569 0.14508 0.103674 0.0601443 0.0285145 0.0114105 0.00448358 0.00264121 0.00277983 0.00358195 0.00459226 0.00562953 0.00657103 0.00731063 0.00776855 0.00790657 0.00773449 0.00730375 0.00669144 0.00598032 0.00524173 0.00452593 0.00386081 0.00325666 0.00271359 0.00222818
 1.00604e-16 3.15364e-05 0.000185084 0.000879787 0.0033872 0.0105626 0.0266805 0.0545924 0.0904955 0.12154 0.132279 0.116726 0.0836572 0.0490256 0.0241702 0.0112864 0.0069638 0.00716695 0.0093992 0.012512 0.0159499 0.0192908 0.0221153 0.0240385 0.0247884 0.0242706 0.0225909 0.0200246 0.0169456 0.0137392 0.0107254 0.00811453 0.00599925 0.0043752 0.00317678 0.00231298
 1.01641e-16 2.74991e-05 0.000161379 0.000767086 0.00295326 0.00920941 0.0232624 0.047599 0.0789046 0.105979 0.115358 0.101829 0.0730579 0.0429702 0.0214774 0.010524 0.00717009 0.00792591 0.0106307 0.014277 0.0183466 0.0224092 0.0260155 0.0287382 0.0302562 0.0304249 0.0293036 0.0271287 0.0242456 0.0210234 0.0177812 0.0147444 0.0120365 0.00969738 0.00771418 0.00605058
 1.02082e-16 3.0442e-05 0.000178664 0.000849275 0.00326974 0.0101963 0.0257552 0.0526989 0.0873556 0.11732 0.127678 0.112645 0.0806879 0.047197 0.0231064 0.0105229 0.00614621 0.0060818 0.00793696 0.0106417 0.0137205 0.0168421 0.0196796 0.0219221 0.0233308 0.023789 0.0233216 0.022077 0.0202799 0.0181733 0.0159676 0.0138125 0.0117936 0.0099455 0.00827377 0.00677344
 1.02915e-16 2.29153e-05 0.000134462 0.000639105 0.00246048 0.00767266 0.0193808 0.0396575 0.0657437 0.088313 0.0961576 0.08495 0.0610982 0.0362392 0.0186758 0.0100827 0.00806531 0.00975595 0.0133608 0.0179968 0.0231296 0.0282456 0.0327863 0.0362188 0.0381467 0.0383973 0.0370554 0.0344261 0.0309469 0.027078 0.0232082 0.019602 0.0163919 0.0136055 0.0112088 0.00914591
 1.08582e-16 8.63839e-07 4.97879e-06 2.34775e-05 9.00726e-05 0.000280591 0.000709381 0.00145623 0.00243196 0.00332086 0.00375834 0.00365923 0.0033709 0.00348634 0.00453832 0.00686643 0.0106697 0.0160682 0.0230715 0.0314886 0.0408593 0.0504608 0.0594023 0.0667894 0.0719091 0.0743741 0.0741833 0.0716756 0.0674064 0.0619923 0.0559789 0.0497691 0.0436158 0.0376592 0.0319811 0.0266476
pSPR Fmed_Fpbrs
0.501163   0.411123 0.411123
Fs Fmed_Fpbrs
0.678532   1.005 1.005
SSBpbr Bo_Bmed_Bpbrs
955793  431218  345159 345159
Ro
16983.5
SPR SPRFo_SPRFmed_SPRFpbrs
350023 175418 143902
log_Ro
9.56
likeval ReclasPelacesDesembMPH_pf_preclas_ppelaces_ptallas_desvR_qrecl_qpela
 98.0931 93.4393 0.119927 0.000179721 353.697 202.124 72.4831 0 70.4328 7.85637e-07 0 0 0 0 0
q_reclas_q_pelaces
0.881967 1
M
0.7
N
 4075.69 65044.5 21218.3 2652 0.111971
 6203.41 1993.92 29261 9157.7 1141.02
 885.202 3011.58 852.457 11748.3 4115.01
 5100.89 400.249 804.473 175.56 3201.8
 54332.6 2404.05 140.666 244.56 1014.83
 13091.3 26510.4 1062.71 59.2191 528.135
 55898.4 5797.92 6174.74 180.17 97.078
 70503.4 25106.3 1481.76 1194.26 52.472
 82122.9 29723 4220.55 158.132 128.501
 215398 35012.9 5382.28 500.547 32.8868
 48432.9 98847.2 10315.9 1273.91 124.155
 19223.7 22189.9 28811.5 2404.58 320.336
 57972 8936.91 7123.01 7701.66 718.224
 22827.6 25097.2 1790.61 975.246 1119.61
 14940.2 8893.42 2503.09 91.074 101.056
 14194.6 5700.19 772.478 104.629 7.58251
 9478.15 6301.02 1347.99 133.82 18.9804
 9288.79 4311.2 1750.82 293.583 32.6611
 6606.25 4313.02 1372.85 462.713 84.9956
 27314.9 3064.13 1363.6 359.143 141.207
 31136.2 12424.8 851.6 297.079 106.969
 30002.4 15037.5 5132.73 325.657 153.589
 41829.1 14456.2 6117.16 1920.36 178.143
 23665.2 19941.7 5481.47 2071.31 704.423
 259.206 11160.1 7036.27 1675.77 839.216
pred_Ctot
 43.4962 4426.51 2013.33 256.97 0.0108617
 99.978 201.141 4079.05 1302.77 162.496
 57.2667 1036.7 377.033 5274.24 1848.85
 187.348 85.8164 230.753 51.265 935.842
 681.861 191.157 15.5469 27.5958 114.638
 1024.85 10566.1 534.429 30.1897 269.435
 3863.04 2101.57 2858.47 84.6234 45.6313
 7730.71 12686.8 909.538 741.172 32.5837
 8427.3 14369.8 2498.62 94.7039 77.0048
 11808.1 10550.1 2112.66 199.627 13.127
 2707.95 30268.5 4108.65 515.455 50.2782
 885.786 5785.2 9909.65 841.092 112.15
 5387.69 4034.64 3983.49 4360.58 406.914
 3586.94 15733.2 1300.13 713.717 819.704
 2527.37 5794.46 1869.65 68.5212 76.06
 1090.02 2239.31 383.648 52.6837 3.82081
 575.697 2063.04 570.169 57.4759 8.15875
 435.646 1140.93 610.525 104.104 11.5919
 314.693 1156.48 484.523 166.052 30.5289
 1658.46 1002.93 576.613 154.211 60.6817
 615.43 1518.18 142.95 50.8674 18.3351
 641.959 1978.07 925.109 59.8603 28.2613
 1204.84 2496.47 1430.6 457.619 42.4936
 859.446 4233.58 1557.8 599.292 204.005
 13.786 3280.17 2700.35 653.549 327.573
F
 0.0149378 0.0988157 0.14027 0.143437 0.143608
 0.0226351 0.149735 0.21255 0.217349 0.217608
 0.0937292 0.620032 0.880143 0.900015 0.901086
 0.052259 0.345701 0.490727 0.501806 0.502403
 0.0175865 0.116337 0.165142 0.168871 0.169071
 0.114445 0.757072 1.07467 1.09894 1.10024
 0.100417 0.664272 0.942942 0.964232 0.965379
 0.163739 1.08315 1.53755 1.57226 1.57414
 0.1525 1.00881 1.43202 1.46435 1.46609
 0.0789137 0.522025 0.741021 0.757752 0.758654
 0.0805424 0.532799 0.756315 0.773391 0.774311
 0.0659555 0.436305 0.61934 0.633324 0.634077
 0.137205 0.907633 1.2884 1.31749 1.31905
 0.242659 1.60523 2.27864 2.33009 2.33286
 0.263556 1.74346 2.47487 2.53074 2.53375
 0.112149 0.741882 1.05311 1.07689 1.07817
 0.0877729 0.580631 0.824212 0.842821 0.843824
 0.0671684 0.444328 0.63073 0.64497 0.645738
 0.0682539 0.451509 0.640923 0.655394 0.656174
 0.0877382 0.580401 0.823886 0.842487 0.84349
 0.0278236 0.184057 0.261271 0.26717 0.267488
 0.0301507 0.199451 0.283124 0.289516 0.28986
 0.0407779 0.269752 0.382916 0.391561 0.392027
 0.0516599 0.341737 0.4851 0.496053 0.496643
 0.0764802 0.505927 0.71817 0.734385 0.735258
nmprior
 10 11 7 0
nm_flota  nm_reclas  nm_pelaces    nm_pelaL
inf 21.6546 18.7796 33.7616
cv_recla  cv_pelaces  cv_mph
0.895868 1.13744 0.434948
 ------------------------------------------------
Talla a la edad & desviación 
 7.2 14.2025 17.0495 18.207 18.6776
 1.08 2.13037 2.55742 2.73105 2.80164
