years
 1997 1998 1999 2000 2001 2002 2003 2004 2005 2006 2007 2008 2009 2010 2011 2012 2013 2014 2015 2016 2017 2018 2019 2020 2021
reclasobs
 0 0 0 370054 412103 1.49427e+06 250295 1.28982e+06 931140 785840 897777 1.04006e+06 184774 17550 25797 100020 73551 82996 120727 218422 84188 347160 605670 569463 516374
reclaspred
 1.37732e+06 189854 253011 113525 255121 266310 580524 466422 633246 1.01136e+06 884545 572137 359021 156131 96302.9 91293.7 103625 124113 110072 182984 311378 277897 418499 393344 286290
pelacesobs
 0 0 0 0 0 0 0 0 0 2.06254e+06 1.5e+06 0 1.87456e+06 323000 250000 174000 83755 137374 0 501740 490994 745055 786931 1.00524e+06 0
pelacespred
 1.03334e+06 345261 118775 116652 234007 177735 552223 444300 604278 966671 735066 489678 321080 110478 68896.1 69983.4 82843.9 101142 89822.3 150932 287864 247307 293758 324236 231257
mphobs
 0 0 0 0 0 112323 0 153150 637223 0 255016 313432 73983 77613 109348 50772 0 0 0 0 0 0 0 0 0
mphpred
 1.50545e+06 639245 310676 149445 155605 360986 420166 536258 557932 778777 1.24915e+06 887757 504980 279345 119972 94668.4 107159 130940 140919 140113 274575 358954 412797 482879 487398
desembarqueobs
 350755 77701 442110 56441 14545 235359 269955 359681 431902 328805 639364 411747 362871 311530 167758 66681 60226 58785 57116 71774 51957 67425 138520 160799 200461
desembarquepred
 350742 77677.8 441596 56422.3 14544.2 235272 269894 359265 431562 328605 638796 411475 362435 311189 167474 66643.7 60214.7 58753.5 57080.6 71723.9 51946.6 67393.2 138458 160741 200438
Reclutas
 12649 20995.5 3418.94 17983.9 55310.2 21172.5 57272.5 72543.1 102928 202490 58443.9 28190.1 50969.7 22771.9 14980.3 15523.7 10693.5 10516.7 9163.13 28908.4 33900 35299.5 46434.8 35641.6 1050.62
log_desv_Rt
 -0.654664 -0.147936 -1.96291 -0.302767 0.820712 -0.139542 0.855575 1.09194 1.44178 2.11844 0.875822 0.146725 0.738988 -0.0667195 -0.485506 -0.449875 -0.822612 -0.839285 -0.977057 0.171887 0.33117 0.371623 0.645805 0.38127 -3.14286
SSB
 1.50545e+06 639245 310676 149445 155605 360986 420166 536258 557932 778777 1.24915e+06 887757 504980 279345 119972 94668.4 107159 130940 140919 140113 274575 358954 412797 482879 487398
BT
 2.0742e+06 782833 454616 272776 431069 501300 1.18226e+06 1.18466e+06 1.47344e+06 2.03613e+06 1.8703e+06 1.24638e+06 932656 494517 262395 180004 197087 228462 210393 328865 556484 506403 622674 717198 588668
Ftot
 0.1684 0.299991 1.0584 0.513394 0.0871751 0.632744 0.53993 0.931177 0.876195 0.455559 0.540818 0.505049 0.9214 1.55762 1.69404 0.721223 0.550009 0.427717 0.417696 0.492964 0.167939 0.201594 0.269615 0.329928 0.429678
BD_Bspro_t
 0.974093 0.817746 0.59645 0.273864 0.428352 0.685632 0.548726 0.560435 0.527941 0.561203 0.639624 0.48039 0.35022 0.261135 0.149983 0.148576 0.218351 0.327992 0.400152 0.458499 0.647226 0.754176 0.746791 0.714871 0.636929
BD_Bspro
 3.00072 1.27416 0.619249 0.297879 0.310156 0.719529 0.837489 1.06889 1.11209 1.55228 2.48985 1.7695 1.00654 0.556798 0.239132 0.188696 0.213592 0.260993 0.280883 0.279277 0.547292 0.715479 0.8228 0.96249 0.971497
BD_Bo
 1.62367 0.689441 0.335071 0.16118 0.167823 0.389332 0.453159 0.578367 0.601742 0.839929 1.34724 0.957466 0.544633 0.30128 0.129392 0.102102 0.115573 0.141222 0.151984 0.151115 0.296136 0.387141 0.445211 0.520797 0.52567
BD_Brms
 5.42656 2.30422 1.11986 0.538692 0.560893 1.30121 1.51453 1.933 2.01112 2.80718 4.5027 3.20001 1.82025 1.00693 0.432451 0.341242 0.386264 0.471986 0.507955 0.50505 0.989734 1.29389 1.48797 1.74059 1.75688
S_f
 0.145893 1 1 1 1
 0.145893 1 1 1 1
 0.145893 1 1 1 1
 0.145893 1 1 1 1
 0.145893 1 1 1 1
 0.145893 1 1 1 1
 0.145893 1 1 1 1
 0.145893 1 1 1 1
 0.145893 1 1 1 1
 0.145893 1 1 1 1
 0.145893 1 1 1 1
 0.145893 1 1 1 1
 0.145893 1 1 1 1
 0.145893 1 1 1 1
 0.145893 1 1 1 1
 0.145893 1 1 1 1
 0.145893 1 1 1 1
 0.145893 1 1 1 1
 0.145893 1 1 1 1
 0.145893 1 1 1 1
 0.145893 1 1 1 1
 0.145893 1 1 1 1
 0.145893 1 1 1 1
 0.145893 1 1 1 1
 0.145893 1 1 1 1
Scru_reclas
 0.89668 1 1 1 1
 0.89668 1 1 1 1
 0.89668 1 1 1 1
 0.89668 1 1 1 1
 0.89668 1 1 1 1
 0.89668 1 1 1 1
 0.89668 1 1 1 1
 0.89668 1 1 1 1
 0.89668 1 1 1 1
 0.89668 1 1 1 1
 0.89668 1 1 1 1
 0.89668 1 1 1 1
 0.89668 1 1 1 1
 0.89668 1 1 1 1
 0.89668 1 1 1 1
 0.89668 1 1 1 1
 0.89668 1 1 1 1
 0.89668 1 1 1 1
 0.89668 1 1 1 1
 0.89668 1 1 1 1
 0.89668 1 1 1 1
 0.89668 1 1 1 1
 0.89668 1 1 1 1
 0.89668 1 1 1 1
 0.89668 1 1 1 1
Scru_pelaces
 1 1 1 1 1
 1 1 1 1 1
 1 1 1 1 1
 1 1 1 1 1
 1 1 1 1 1
 1 1 1 1 1
 1 1 1 1 1
 1 1 1 1 1
 1 1 1 1 1
 1 1 1 1 1
 1 1 1 1 1
 1 1 1 1 1
 1 1 1 1 1
 1 1 1 1 1
 1 1 1 1 1
 1 1 1 1 1
 1 1 1 1 1
 1 1 1 1 1
 1 1 1 1 1
 1 1 1 1 1
 1 1 1 1 1
 1 1 1 1 1
 1 1 1 1 1
 1 1 1 1 1
 1 1 1 1 1
pf_obs 
 0.256992 0.487395 0.22802 0.0275931 0
 0.321318 0.546541 0.124235 0.00734118 0.000564706
 0.182869 0.594174 0.210203 0.0122559 0.00049798
 0.330522 0.361315 0.267642 0.0388342 0.00168674
 0.649043 0.306663 0.0425973 0.00169635 0
 0.582887 0.30429 0.105238 0.00758474 0
 0.465427 0.430635 0.0974691 0.00646863 0
 0.296916 0.608066 0.0921331 0.00288517 0
 0.311714 0.524322 0.152257 0.0117073 0
 0.15457 0.633149 0.183074 0.0267441 0.00246327
 0.131901 0.49318 0.331252 0.0422183 0.00144891
 0.196976 0.569456 0.194076 0.0375587 0.00193317
 0.518974 0.381816 0.0799577 0.0180837 0.00116848
 0.0928022 0.601141 0.25162 0.0475244 0.00691264
 0.122501 0.610282 0.24278 0.0234846 0.000952079
 0.383417 0.481906 0.127806 0.00687128 0
 0.0376549 0.599619 0.316969 0.0457579 0
 0.0361596 0.667082 0.258105 0.0386534 0
 0.158088 0.579412 0.248529 0.0139706 0
 0.0477256 0.309471 0.559284 0.082774 0.000745712
 0.0406174 0.521527 0.379366 0.0568643 0.0016247
 0.151134 0.462217 0.34131 0.0453401 0
 0.294876 0.26143 0.354403 0.0886775 0.000613685
 0.281977 0.475581 0.204845 0.0348837 0.00271318
 0 0 0 0 0
pf_pred 
 0.0324302 0.629469 0.298245 0.0398534 2.64589e-06
 0.100127 0.17952 0.468638 0.222043 0.0296727
 0.0323945 0.453738 0.102514 0.267613 0.143741
 0.380968 0.175828 0.207832 0.0469558 0.188417
 0.459455 0.456653 0.0238282 0.0281654 0.0318979
 0.10895 0.765107 0.106397 0.00555182 0.0139943
 0.361157 0.341825 0.255036 0.0354658 0.0065154
 0.316115 0.571208 0.06029 0.0449824 0.0074045
 0.350483 0.543144 0.088847 0.00937764 0.00814837
 0.397481 0.513712 0.0742621 0.0121477 0.00239627
 0.0854213 0.777337 0.117013 0.0169154 0.00331283
 0.0772841 0.420672 0.426707 0.0642325 0.011104
 0.249615 0.318544 0.196879 0.199703 0.0352583
 0.162293 0.657748 0.0763938 0.0472159 0.0563489
 0.237349 0.574641 0.147621 0.0171454 0.0232435
 0.296893 0.591932 0.0837674 0.0215192 0.00588762
 0.180679 0.660685 0.133553 0.0188997 0.00618358
 0.195527 0.535225 0.217117 0.0438886 0.00824298
 0.175734 0.554659 0.179373 0.0727636 0.0174712
 0.430178 0.365981 0.137167 0.0443588 0.022315
 0.254964 0.6471 0.0629017 0.023575 0.0114593
 0.195143 0.577749 0.197255 0.0191743 0.0106795
 0.221344 0.503743 0.19734 0.0673759 0.0101971
 0.154284 0.583228 0.169814 0.0665243 0.0261502
 0.00627459 0.591341 0.277494 0.080796 0.0440937
pobs_RECLAS
 0 0 0 0 0
 0 0 0 0 0
 0 0 0 0 0
 0 0 0 0 0
 0.835266 0.146461 0.0176864 0.000547809 3.91292e-05
 0.385257 0.428462 0.181853 0.0044286 0
 0.867414 0.0963971 0.0333333 0.00285562 0
 0.441836 0.489002 0.0689373 0.000224442 0
 0.779404 0.147425 0.0564933 0.0165055 0.000172143
 0.814271 0.122319 0.05973 0.00367925 0
 0.40263 0.566651 0.0304383 0.000280538 0
 0.475488 0.404961 0.113038 0.00651328 0
 0.955842 0.0263864 0.0167828 0.000988607 0
 0.975058 0.0227948 0.00214734 0 0
 0.738997 0.206755 0.0527124 0.00153531 0
 0.850938 0.134255 0.0134407 0.00136685 0
 0.542534 0.407297 0.0501686 0 0
 0.764087 0.199537 0.0359546 0.000420521 0
 0.470689 0.182191 0.310203 0.0369168 0
 0.84361 0.089868 0.0606195 0.00523954 0.000663233
 0.607945 0.314616 0.071237 0.00620181 0
 0.523733 0.453247 0.0230204 0 0
 0.530135 0.295979 0.169645 0.0042399 0
 0.562478 0.366248 0.0663022 0.0049721 0
 0.250443 0.683176 0.0655157 0.000865301 0
ppred_RECLAS
 0.172156 0.538568 0.255176 0.0340982 2.2638e-06
 0.410569 0.117589 0.306965 0.145441 0.0194361
 0.184587 0.382371 0.0863898 0.225521 0.121132
 0.796749 0.0577307 0.0682387 0.0154173 0.0618643
 0.839956 0.135206 0.00705505 0.0083392 0.00944429
 0.440592 0.48034 0.066797 0.00348548 0.00878576
 0.783061 0.116077 0.0866054 0.0120435 0.00221251
 0.754675 0.204905 0.0216274 0.0161362 0.00265616
 0.78108 0.183067 0.029946 0.00316074 0.00274642
 0.806984 0.164567 0.0237898 0.00389152 0.000767643
 0.37359 0.532411 0.0801443 0.0115856 0.00226901
 0.347729 0.297375 0.30164 0.0454062 0.00784942
 0.688593 0.132194 0.081704 0.082876 0.014632
 0.584921 0.325911 0.0378528 0.0233952 0.0279206
 0.698422 0.227233 0.0583744 0.00677987 0.00919126
 0.732943 0.22483 0.0318169 0.00817351 0.00223626
 0.584946 0.334691 0.0676554 0.00957427 0.00313249
 0.605795 0.262269 0.106391 0.0215061 0.00403919
 0.573907 0.286723 0.0927242 0.0376141 0.00903146
 0.827585 0.110738 0.0415035 0.0134219 0.006752
 0.679818 0.278094 0.0270323 0.0101315 0.00492469
 0.601199 0.28627 0.0977384 0.00950072 0.00529161
 0.639726 0.233075 0.0913068 0.031174 0.00471806
 0.533707 0.321567 0.0936284 0.0366787 0.0144181
 0.0383968 0.572226 0.268524 0.0781842 0.0426683
pobs_PELACES
 0 0 0 0 0
 0 0 0 0 0
 0 0 0 0 0
 0 0 0 0 0
 0 0 0 0 0
 0 0 0 0 0
 0 0 0 0 0
 0 0 0 0 0
 0 0 0 0 0
 0 0 0 0 0
 0.450072 0.473896 0.0757376 0.000293798 0
 0 0 0 0 0
 0.463077 0.371075 0.160297 0.00555027 0
 0.529543 0.364841 0.0842815 0.0213345 0
 0.631943 0.363953 0.00410389 0 0
 0.735681 0.248677 0.0153453 0.000297389 0
 0.695825 0.281241 0.0229344 0 0
 0.275771 0.60734 0.115278 0.00161068 0
 0 0 0 0 0
 0.896147 0.0623911 0.0374545 0.00400742 0
 0.803859 0.145111 0.0509908 3.86294e-05 0
 0.739449 0.233085 0.0266225 0.000797448 4.60066e-05
 0.878498 0.100942 0.0204185 0.000141795 0
 0.694673 0.275183 0.0284847 0.00165964 0
 0 0 0 0 0
ppred_PELACES
 0.195619 0.523303 0.247944 0.0331318 2.19964e-06
 0.458098 0.108107 0.282213 0.133714 0.0178689
 0.253846 0.349893 0.0790521 0.206365 0.110843
 0.834775 0.0469298 0.0554719 0.0125329 0.0502901
 0.857114 0.12071 0.00629867 0.00744515 0.00843177
 0.512157 0.41889 0.0582517 0.00303958 0.00766179
 0.824166 0.0940833 0.0701956 0.00976154 0.00179329
 0.81686 0.152966 0.0161453 0.012046 0.00198288
 0.835894 0.13723 0.022448 0.00236935 0.00205876
 0.841307 0.135303 0.0195593 0.0031995 0.000631135
 0.436505 0.478937 0.0720948 0.010422 0.00204112
 0.406699 0.27049 0.27437 0.0413011 0.00713978
 0.761752 0.101138 0.0625093 0.063406 0.0111945
 0.709114 0.228397 0.026527 0.0163953 0.0195666
 0.806328 0.145928 0.0374878 0.004354 0.00590259
 0.789505 0.177212 0.0250782 0.00644239 0.00176263
 0.6473 0.284411 0.0574916 0.00813593 0.0026619
 0.659099 0.226805 0.0920048 0.0185981 0.00349302
 0.628222 0.250174 0.0809046 0.0328194 0.00788021
 0.860159 0.0898164 0.0336624 0.0108862 0.00547638
 0.712862 0.249393 0.0242424 0.00908585 0.00441644
 0.640225 0.258256 0.088174 0.00857101 0.00477379
 0.681185 0.206254 0.0807995 0.0275866 0.00417512
 0.583482 0.287242 0.0836341 0.0327635 0.0128791
 0.0478585 0.566596 0.265882 0.077415 0.0422485
pobs_pel_tallas
 0 0 0 0 0 0 0 0 0 0 0 0 0 0 0 0 0 0 0 0 0 0 0 0 0 0 0 0 0 0 0 0 0 0 0 0
 0 0 0 0 0 0 0 0 0 0 0 0 0 0 0 0 0 0 0 0 0 0 0 0 0 0 0 0 0 0 0 0 0 0 0 0
 0 0 0 0 0 0 0 0 0 0 0 0 0 0 0 0 0 0 0 0 0 0 0 0 0 0 0 0 0 0 0 0 0 0 0 0
 0 0 0 0 0 0 0 0 0 0 0 0 0 0 0 0 0 0 0 0 0 0 0 0 0 0 0 0 0 0 0 0 0 0 0 0
 0 0 0 0 0 0 0 0 0 0 0 0 0 0 0 0 0 0 0 0 0 0 0 0 0 0 0 0 0 0 0 0 0 0 0 0
 0 0 0 0 0 0 0 0 0 0 0 0 0 0 0 0 0 0 0 0 0 0 0 0 0 0 0 0 0 0 0 0 0 0 0 0
 0 0 0 0 0 0 0 0 0 0 0 0 0 0 0 0 0 0 0 0 0 0 0 0 0 0 0 0 0 0 0 0 0 0 0 0
 0 0 0 0 0 0 0 0 0 0 0 0 0 0 0 0 0 0 0 0 0 0 0 0 0 0 0 0 0 0 0 0 0 0 0 0
 0 0 0 0 0 0 0 0 0 0 0 0 0 0 0 0 0 0 0 0 0 0 0 0 0 0 0 0 0 0 0 0 0 0 0 0
 0 0 0 0 0 0 0 0 0 0 0 0 0 0 0 0 0 0 0 0 0 0 0 0 0 0 0 0 0 0 0 0 0 0 0 0
 0 0 0 0 0 0 0 0 1.78061e-05 0.00172719 0.00360574 0.0105946 0.0120993 0.0124554 0.0147524 0.0171206 0.0266825 0.0428682 0.0675386 0.121331 0.153587 0.119568 0.100827 0.0573624 0.0630603 0.0341343 0.0324427 0.0444173 0.0211091 0.0280891 0.0125444 0.00206551 0 0 0 0
 0 0 0 0 0 0 0 0 0 0 0 0 0 0 0 0 0 0 0 0 0 0 0 0 0 0 0 0 0 0 0 0 0 0 0 0
 0 0 0 0 0 0 0.0133647 0.0140871 0.0187388 0.0205184 0.03894 0.0496705 0.03968 0.0493445 0.0407372 0.0367815 0.0215668 0.0243155 0.0234873 0.0199281 0.019796 0.0243948 0.0301388 0.0376714 0.0412746 0.0863199 0.0771752 0.113111 0.0741005 0.0525337 0.0229764 0.00759418 0.00175318 0 0 0
 0 0 0 0 0 0 0 0 0 0 0.00219441 0.00772107 0.0458388 0.0604681 0.0671733 0.0775358 0.0609151 0.0617685 0.073594 0.0568108 0.0755445 0.0548602 0.0670107 0.0636378 0.0643287 0.046367 0.0373049 0.0286899 0.0247887 0.0153202 0.00654259 0.00121912 0.000365735 0 0 0
 0 0 0 0 0 0 0 0 0 0 0 0 0.000112435 0.00938835 0.0111873 0.0202946 0.0414886 0.0713402 0.111592 0.104902 0.108894 0.110636 0.117776 0.105296 0.107544 0.0401394 0.0192827 0.0124803 0.00416011 0.0028671 0.000618394 0 0 0 0 0
 0 0 0 0 0 0 0 0 0 0 0.00291406 0.0102884 0.027416 0.0768956 0.0749926 0.110853 0.0956884 0.0897413 0.0766577 0.0534642 0.0500743 0.0551293 0.0594112 0.0620874 0.0668451 0.0424026 0.0208742 0.0120726 0.0048766 0.00582813 0.00118941 0.000297354 0 0 0 0
 0 0.00264628 0.0354308 0.0461629 0.0458689 0.0383711 0.0214643 0.0164657 0.0346957 0.0420465 0.0363128 0.0245516 0.0311673 0.0291091 0.0169068 0.0133784 0.00837989 0.0085269 0.0148486 0.0160247 0.0276389 0.0546898 0.0760071 0.122758 0.109233 0.0665981 0.0333725 0.0166128 0.00676272 0.00308733 0.000882094 0 0 0 0 0
 0 0 0 0 0 0 0 0.000805153 0.000690131 0.00759144 0.0133425 0.0154129 0.00931677 0.000345066 0.00356568 0.00563607 0.00851162 0.0253048 0.0502646 0.0516448 0.0657925 0.0565908 0.0611916 0.0827007 0.0866115 0.110766 0.145733 0.0935128 0.0569358 0.0249597 0.0138026 0.00621118 0.00161031 0.00115022 0 0
 0 0 0 0 0 0 0 0 0 0 0 0 0 0 0 0 0 0 0 0 0 0 0 0 0 0 0 0 0 0 0 0 0 0 0 0
 0.00147267 0.00158595 0.00478618 0.00569244 0.00954404 0.0108468 0.00647125 0.017049 0.0510054 0.094081 0.124002 0.0959785 0.0687766 0.0820023 0.061753 0.0591476 0.0492212 0.0479892 0.0443925 0.0268479 0.0217502 0.0140895 0.0121071 0.0120363 0.00920419 0.00665534 0.0049561 0.00860946 0.00930331 0.0156896 0.0114698 0.00855282 0.00243557 0.00046729 0 2.83206e-05
 0 0 0 0 0.000772559 0.00158375 0.000888443 0.00281984 0.00712685 0.0440552 0.0773331 0.111326 0.0921469 0.0852325 0.0710754 0.0886704 0.0786465 0.0553345 0.0373146 0.0185414 0.00753245 0.00457741 0.012979 0.0271748 0.0457355 0.0583668 0.034881 0.0177882 0.00938659 0.00492506 0.0015258 0.00185414 0.000309023 5.79419e-05 3.86279e-05 0
 0 0.00173294 0.00326652 0 0.00397197 0.00683976 0.00946217 0.0152591 0.00757587 0.0136028 0.0228656 0.0392903 0.0559909 0.0764795 0.0681675 0.0726916 0.0566044 0.0477403 0.0527397 0.0444891 0.0609904 0.0582453 0.0661739 0.0445044 0.0529084 0.0360697 0.0280645 0.0235558 0.0158879 0.00826598 0.00280645 0.00217768 0.000904811 0.00058276 9.20147e-05 0
 0 0 0 0 0 0 0 0 0 0 0 0 0 0 0 0 0 0 0 0 0 0 0 0 0 0 0 0 0 0 0 0 0 0 0 0
 0 0 0 0 0 0 0 0 0 0 0 0 0 0 0 0 0 0 0 0 0 0 0 0 0 0 0 0 0 0 0 0 0 0 0 0
 0 0 0 0 0 0 0 0 0 0 0 0 0 0 0 0 0 0 0 0 0 0 0 0 0 0 0 0 0 0 0 0 0 0 0 0
ppred_pel_tallas
 1.04829e-16 8.56435e-06 5.0192e-05 0.000238436 0.000917736 0.00286164 0.00722881 0.0147951 0.0245395 0.0330016 0.0360327 0.03207 0.0235824 0.015027 0.00966031 0.00830034 0.010252 0.0145989 0.0207178 0.0281589 0.0364022 0.044749 0.0523677 0.058435 0.0623075 0.0636561 0.062522 0.0592727 0.0544835 0.0487879 0.0427479 0.036779 0.0311372 0.0259497 0.0212648 0.0170958
 1.09471e-16 1.99928e-05 0.000117325 0.00055768 0.00214705 0.00669531 0.0169118 0.0346041 0.0573614 0.0770385 0.0838433 0.07398 0.0530111 0.0310494 0.0152872 0.00712966 0.0044451 0.00472931 0.00648453 0.00910027 0.012367 0.0161647 0.0203478 0.0247261 0.0290782 0.0331716 0.0367794 0.039692 0.0417272 0.0427408 0.0426422 0.0414111 0.0391115 0.0358935 0.0319824 0.0276516
 1.13507e-16 1.10954e-05 6.50697e-05 0.000309207 0.00119029 0.00371164 0.00937561 0.0191862 0.0318126 0.042752 0.0465979 0.0412818 0.029942 0.0182652 0.0103476 0.00709805 0.00746394 0.0101498 0.0143382 0.0195843 0.0255285 0.0317415 0.0377195 0.0429636 0.0470821 0.0498677 0.0513219 0.0516164 0.0510106 0.0497574 0.0480333 0.0459128 0.0433894 0.0404236 0.0369975 0.0331518
 1.03584e-16 3.64147e-05 0.000213743 0.00101608 0.00391202 0.0121993 0.0308144 0.0630492 0.104507 0.140337 0.15268 0.134595 0.0961716 0.0557723 0.026407 0.010511 0.00405213 0.00231307 0.00242962 0.0032038 0.00424618 0.00542686 0.00666876 0.00789991 0.00905335 0.0100746 0.0109258 0.0115839 0.0120347 0.0122673 0.012271 0.012037 0.0115635 0.0108619 0.00996042 0.00890471
 1.00779e-16 3.73917e-05 0.000219472 0.0010433 0.00401681 0.0125261 0.0316398 0.0647387 0.107309 0.144106 0.156796 0.138258 0.0988672 0.0574921 0.027513 0.0114546 0.00519593 0.00389918 0.00460425 0.00602775 0.00767974 0.00930788 0.0107049 0.0116878 0.012128 0.01198 0.0112919 0.0101903 0.00884688 0.00743669 0.00610317 0.00493776 0.00397737 0.00321537 0.00261935 0.00214838
 1.01426e-16 2.23622e-05 0.000131208 0.00062362 0.00240083 0.00748665 0.018911 0.0386968 0.0641533 0.0861834 0.0938565 0.082959 0.0597574 0.0356264 0.0186939 0.0106243 0.00910799 0.011361 0.0156216 0.0209804 0.0268284 0.0325436 0.0374464 0.0408972 0.0424352 0.0418858 0.0394007 0.0354089 0.0305041 0.0253033 0.0203248 0.0159162 0.0122411 0.00931139 0.00704323 0.00531203
 1.01447e-16 3.59541e-05 0.000211035 0.00100319 0.00386238 0.0120445 0.0304234 0.0622496 0.103183 0.138563 0.150762 0.13293 0.0950396 0.0552323 0.0263697 0.0108763 0.00478944 0.00346297 0.00406487 0.005386 0.00698987 0.00867358 0.0102743 0.0116385 0.0126406 0.0132051 0.0133172 0.0130172 0.0123826 0.0115054 0.0104718 0.00935176 0.00819702 0.00704562 0.00592824 0.00487235
 1.00786e-16 3.56378e-05 0.000209172 0.000994326 0.00382823 0.011938 0.0301544 0.0616997 0.102273 0.137346 0.14945 0.131803 0.0942993 0.0549331 0.026471 0.0113365 0.00561945 0.00472181 0.0058241 0.00768855 0.0098144 0.01191 0.0137168 0.0150014 0.0155969 0.0154409 0.0145888 0.0131959 0.0114761 0.00964999 0.00790088 0.00634932 0.00504914 0.00400031 0.00317004 0.00251327
 1.00542e-16 3.64671e-05 0.000214043 0.00101748 0.0039174 0.0122161 0.0308568 0.0631366 0.104654 0.140542 0.152924 0.134856 0.0964596 0.056144 0.0269656 0.0113958 0.00542569 0.00434435 0.00526674 0.00693446 0.00885259 0.0107482 0.012386 0.0135542 0.0141003 0.0139648 0.0131943 0.0119258 0.0103501 0.00866625 0.00704203 0.0055906 0.00436636 0.00337539 0.00259332 0.00198292
 1.00462e-16 3.67031e-05 0.000215428 0.00102407 0.00394276 0.0122952 0.0310566 0.0635454 0.105332 0.141452 0.153912 0.135726 0.0970781 0.056496 0.0271195 0.0114347 0.0054048 0.00428712 0.00517721 0.00680895 0.00868609 0.0105372 0.0121298 0.0132553 0.013764 0.013599 0.0128082 0.0115289 0.0099519 0.00827542 0.00666636 0.00523692 0.00404036 0.00308148 0.00233443 0.00176031
 1.01633e-16 1.90659e-05 0.00011185 0.000531579 0.00204643 0.00638144 0.0161194 0.0329855 0.0546885 0.0734797 0.0800512 0.0708268 0.0511712 0.030814 0.0167298 0.0103922 0.00988766 0.0128818 0.017877 0.0240496 0.0307707 0.0373458 0.0430006 0.0470033 0.0488242 0.0482596 0.0454775 0.0409623 0.035387 0.0294527 0.0237498 0.0186759 0.0144213 0.0110047 0.00833708 0.00628272
 1.05736e-16 1.77582e-05 0.000104191 0.000495207 0.00190645 0.00594498 0.0150167 0.0307278 0.050941 0.0684312 0.0745163 0.0658469 0.0473939 0.0281835 0.0146642 0.00815674 0.00683752 0.00852617 0.0118823 0.0162749 0.0213394 0.0267125 0.0319689 0.0366634 0.0404078 0.0429384 0.0441495 0.0440842 0.0428922 0.0407754 0.0379411 0.034577 0.0308493 0.0269112 0.0229139 0.0190081
 1.03623e-16 3.32327e-05 0.000195057 0.000927232 0.00356992 0.0111325 0.0281197 0.0575361 0.0953705 0.128074 0.139353 0.122881 0.087877 0.0511148 0.0244894 0.0102511 0.0047484 0.00369793 0.00449126 0.00601592 0.00786817 0.00985443 0.0118134 0.0135898 0.0150535 0.0161209 0.0167645 0.0170051 0.0168933 0.0164872 0.0158357 0.0149725 0.0139202 0.0127007 0.011345 0.00989812
 1.01929e-16 3.09426e-05 0.000181601 0.000863232 0.00332346 0.0103639 0.0261784 0.053565 0.0887919 0.119251 0.129784 0.114514 0.0820507 0.0480421 0.0236079 0.0108959 0.00655542 0.00662617 0.00866528 0.0115625 0.0148003 0.0180001 0.0207889 0.0228219 0.0238504 0.023779 0.0226854 0.0207933 0.018411 0.0158553 0.013387 0.0111742 0.00928839 0.00772463 0.00643385 0.0053535
 1.01006e-16 3.51783e-05 0.000206475 0.000981505 0.00377887 0.0117841 0.0297656 0.0609041 0.100954 0.135575 0.147522 0.130101 0.0930784 0.0542156 0.0261141 0.0111657 0.00551174 0.00461525 0.00569749 0.00754339 0.00966748 0.0117915 0.0136685 0.015072 0.015835 0.0158855 0.0152606 0.0140912 0.012565 0.0108801 0.00920503 0.0076555 0.00629076 0.0051243 0.00414153 0.00331666
 1.00718e-16 3.4446e-05 0.000202173 0.000961046 0.00370009 0.0115384 0.0291451 0.0596346 0.0988507 0.132753 0.14446 0.127419 0.0911996 0.0532023 0.0257772 0.01128 0.00594479 0.00533674 0.00673163 0.00892122 0.0113947 0.0138298 0.0159286 0.0174194 0.0181065 0.0179151 0.0169072 0.0152618 0.0132267 0.0110596 0.00897675 0.00712287 0.00556602 0.00431145 0.00332517 0.00255701
 1.01313e-16 2.82496e-05 0.000165785 0.000788029 0.00303389 0.00946086 0.0238975 0.0488986 0.081059 0.108872 0.118507 0.104609 0.07505 0.0441381 0.0220531 0.0107907 0.00732706 0.0080723 0.0107996 0.0144656 0.0185287 0.0225389 0.0260301 0.0285647 0.0298225 0.0296734 0.0282042 0.0256879 0.0225091 0.0190716 0.0157172 0.0126793 0.0100738 0.0079205 0.00617898 0.00478305
 1.02183e-16 2.87618e-05 0.000168797 0.000802362 0.0030891 0.00963303 0.0243323 0.0497878 0.0825313 0.110845 0.12064 0.106459 0.0763067 0.0447351 0.0220894 0.0103785 0.00650303 0.00679779 0.00900565 0.0121027 0.0156069 0.0191547 0.0223757 0.0249147 0.026499 0.0269941 0.026428 0.0249696 0.0228766 0.0204282 0.0178678 0.0153709 0.0130391 0.0109156 0.00900906 0.00731392
 1.02726e-16 2.74163e-05 0.000160896 0.000764794 0.00294444 0.00918193 0.0231929 0.0474567 0.0786681 0.105659 0.115005 0.101505 0.0727982 0.0427632 0.0212736 0.0102596 0.00678164 0.00735678 0.00983451 0.0132256 0.0170412 0.0208907 0.0243699 0.0270929 0.0287664 0.0292524 0.0285924 0.0269824 0.0247131 0.0220935 0.0193877 0.0167786 0.0143638 0.0121745 0.0102047 0.00843667
 1.01138e-16 3.75233e-05 0.000220248 0.00104699 0.00403103 0.0125704 0.0317518 0.0649676 0.107688 0.144612 0.15734 0.138722 0.0991648 0.0575966 0.0274355 0.0112042 0.0047583 0.00323925 0.00368321 0.00482313 0.00620333 0.00761835 0.00891136 0.00994163 0.0106022 0.0108406 0.0106678 0.0101496 0.00938531 0.00848152 0.00752977 0.0065941 0.00570981 0.00489013 0.0041363 0.00344619
 1.00945e-16 3.11069e-05 0.000182563 0.000867803 0.00334106 0.0104187 0.026317 0.0538488 0.0892628 0.119885 0.130478 0.115137 0.0825193 0.0483611 0.0238475 0.0111446 0.00689011 0.0071056 0.00933117 0.0124372 0.0158793 0.0192444 0.022121 0.0241296 0.0249996 0.0246321 0.0231228 0.0207326 0.0178186 0.0147495 0.0118327 0.00927061 0.0071542 0.005483 0.00419968 0.00322417
 1.01854e-16 2.79401e-05 0.00016397 0.000779407 0.0030007 0.00935736 0.0236361 0.0483635 0.0801713 0.107678 0.117203 0.103447 0.0741932 0.0435879 0.0216934 0.010477 0.00694292 0.00754032 0.0100745 0.013532 0.0174065 0.0212904 0.0247613 0.0274165 0.0289519 0.0292269 0.0282909 0.0263581 0.0237447 0.0207894 0.0177858 0.0149417 0.0123723 0.0101177 0.008171 0.00650552
 1.02358e-16 2.9724e-05 0.000174448 0.000829231 0.00319256 0.00995567 0.0251473 0.0514551 0.0852942 0.114553 0.124669 0.109998 0.0788072 0.0461284 0.0226422 0.0104116 0.00622032 0.00627091 0.0082292 0.0110478 0.0142541 0.0175108 0.0204817 0.0228454 0.0243547 0.0248873 0.0244664 0.0232419 0.0214422 0.0193137 0.0170699 0.0148625 0.0127779 0.0108517 0.00909104 0.0074938
 1.03009e-16 2.54669e-05 0.000149448 0.000710361 0.00273485 0.00852831 0.021542 0.044079 0.0730707 0.0981463 0.106841 0.0943312 0.0677222 0.0399207 0.0201183 0.0101324 0.00725795 0.00827756 0.0111961 0.0150736 0.0194073 0.0237618 0.027675 0.0307058 0.0325214 0.0329696 0.0321064 0.0301664 0.0274923 0.0244468 0.0213374 0.0183747 0.0156675 0.0132449 0.0110908 0.00917489
 1.08593e-16 2.12295e-06 1.23717e-05 5.86259e-05 0.000225406 0.000702626 0.00177539 0.00363731 0.00604687 0.00817414 0.00903587 0.00830532 0.00667683 0.00537525 0.00537859 0.00710426 0.0106041 0.0158271 0.0226768 0.0309164 0.0400726 0.049424 0.0580897 0.0651908 0.0700341 0.0722547 0.0718742 0.0692512 0.0649555 0.05961 0.0537577 0.0477888 0.0419352 0.0363105 0.0309679 0.0259478
pSPR Fmed_Fpbrs
0.528267   0.349207 0.349207
Fs Fmed_Fpbrs
0.476875   1.005 1.005
SSBpbr Bo_Bmed_Bpbrs
927194  443446  277423 277423
Ro
24343
SPR SPRFo_SPRFmed_SPRFpbrs
501698 265030 175197
log_Ro
9.92
likeval ReclasPelacesDesembMPH_pf_preclas_ppelaces_ptallas_desvR_qrecl_qpela
 92.0874 72.9304 0.0645955 0.000614282 308.94 193.857 71.0827 0 39.4575 9.88768e-06 0 0 0 0 0
q_reclas_q_pelaces
0.64045 1
M
0.7
N
 12649 38128.2 18065.3 2414 0.160267
 20995.5 6128.88 15999.4 7580.6 1013.04
 3418.94 9979.59 2254.71 5885.91 3161.45
 17983.9 1454.87 1719.69 388.532 1559.04
 55310.2 8286.08 432.369 511.068 578.794
 21172.5 27119.1 3771.23 196.784 496.027
 57272.5 9586.82 7152.74 994.673 182.731
 72543.1 26286.3 2774.47 2070.03 340.746
 102928 31447.8 5144.21 542.961 471.788
 202490 44979.1 6502.16 1063.62 209.81
 58443.9 94087.5 14163.1 2047.41 400.979
 28190.1 26820.5 27205.2 4095.22 707.946
 50969.7 13004.4 8037.48 8152.78 1439.4
 22771.9 22127.2 2569.95 1588.38 1895.62
 14980.3 9009.49 2314.47 268.813 364.422
 15523.7 5810.06 822.212 211.22 57.7894
 10693.5 6938.93 1402.66 198.497 64.9439
 10516.7 4900.76 1988.02 401.864 75.4764
 9163.13 4906.49 1586.73 643.664 154.549
 28908.4 4281.27 1604.58 518.911 261.042
 33900 13359.3 1298.6 486.703 236.576
 35299.5 16426.8 5608.44 545.172 303.644
 46434.8 17021.2 6668 2276.59 344.553
 35641.6 22169.4 6454.91 2528.7 994.013
 1050.62 16867.4 7915.22 2304.62 1257.72
pred_Ctot
 221.083 4291.2 2033.19 271.688 0.0180375
 648.227 1162.23 3033.99 1437.52 192.103
 354.956 4971.73 1123.27 2932.3 1575
 937.376 432.627 511.373 115.535 463.604
 503.061 499.994 26.0898 30.8386 34.9252
 1349.85 9479.39 1318.22 68.785 173.385
 3134.22 2966.45 2213.27 307.782 56.5424
 6679.28 12069.2 1273.88 950.445 156.452
 8948.24 13867.1 2268.37 239.422 208.038
 9399.95 12148.7 1756.21 287.279 56.6688
 3203.4 29151.1 4388.13 634.347 124.235
 1446.24 7872.15 7985.08 1202 207.791
 4646.53 5929.62 3664.86 3717.43 656.324
 3372.83 13669.6 1587.65 981.259 1171.06
 2392.89 5793.37 1488.28 172.855 234.334
 1121.81 2236.61 316.514 81.3102 22.2463
 595.739 2178.42 440.353 62.3166 20.3886
 459.18 1256.94 509.883 103.069 19.358
 390.958 1233.96 399.055 161.879 38.8685
 1448.71 1232.52 461.937 149.387 75.1503
 590.908 1499.73 145.782 54.6378 26.5582
 737.014 2182.04 744.992 72.4174 40.3343
 1291 2938.09 1150.99 392.972 59.4747
 1207.92 4566.21 1329.51 520.832 204.736
 46.0769 4342.46 2037.75 593.318 323.798
F
 0.0245684 0.1684 0.1684 0.1684 0.1684
 0.0437666 0.299991 0.299991 0.299991 0.299991
 0.154413 1.0584 1.0584 1.0584 1.0584
 0.0749006 0.513394 0.513394 0.513394 0.513394
 0.0127182 0.0871751 0.0871751 0.0871751 0.0871751
 0.0923129 0.632744 0.632744 0.632744 0.632744
 0.078772 0.53993 0.53993 0.53993 0.53993
 0.135852 0.931177 0.931177 0.931177 0.931177
 0.127831 0.876195 0.876195 0.876195 0.876195
 0.0664629 0.455559 0.455559 0.455559 0.455559
 0.0789015 0.540818 0.540818 0.540818 0.540818
 0.0736832 0.505049 0.505049 0.505049 0.505049
 0.134426 0.9214 0.9214 0.9214 0.9214
 0.227247 1.55762 1.55762 1.55762 1.55762
 0.247148 1.69404 1.69404 1.69404 1.69404
 0.105221 0.721223 0.721223 0.721223 0.721223
 0.0802425 0.550009 0.550009 0.550009 0.550009
 0.0624009 0.427717 0.427717 0.427717 0.427717
 0.0609389 0.417696 0.417696 0.417696 0.417696
 0.07192 0.492964 0.492964 0.492964 0.492964
 0.0245012 0.167939 0.167939 0.167939 0.167939
 0.0294111 0.201594 0.201594 0.201594 0.201594
 0.039335 0.269615 0.269615 0.269615 0.269615
 0.0481342 0.329928 0.329928 0.329928 0.329928
 0.062687 0.429678 0.429678 0.429678 0.429678
nmprior
 10 11 7 0
nm_flota  nm_reclas  nm_pelaces    nm_pelaL
inf 32.174 24.0258 45.3747
cv_recla  cv_pelaces  cv_mph
0.868011 1.00489 0.804123
 ------------------------------------------------
Talla a la edad & desviación 
 7.2 14.2025 17.0495 18.207 18.6776
 1.08 2.13037 2.55742 2.73105 2.80164
