years
 1997 1998 1999 2000 2001 2002 2003 2004 2005 2006 2007 2008 2009 2010 2011 2012 2013 2014 2015 2016 2017 2018 2019 2020 2021
reclasobs
 0 0 0 370054 412103 1.49427e+06 250295 1.28982e+06 931140 785840 897777 1.04006e+06 184774 17550 25797 100020 73551 82996 120727 218422 84188 347160 605670 569463 516374
reclaspred
 3.99709e+06 883585 2.4218e+06 1.35201e+06 1.18973e+06 1.3193e+06 3.42763e+06 2.26662e+06 1.83256e+06 1.57294e+06 1.25375e+06 783223 481331 275281 204731 185335 204578 294354 334003 455519 747877 769092 1.17914e+06 1.49255e+06 2.63873e+06
pelacesobs
 0 0 0 0 0 0 0 0 0 2.06254e+06 1.5e+06 0 1.87456e+06 323000 250000 174000 83755 137374 0 501740 490994 745055 786931 1.00524e+06 0
pelacespred
 2.67709e+06 1.0571e+06 895166 1.02307e+06 770160 684655 1.85116e+06 1.66475e+06 1.09883e+06 991879 672423 427403 262151 126865 93765.7 94847.4 109128 153631 184308 241207 436209 469106 554725 812671 1.41739e+06
mphobs
 0 0 0 0 0 112323 0 153150 637223 0 255016 313432 73983 77613 109348 50772 0 0 0 0 0 0 0 0 0
mphpred
 2.79831e+06 1.73588e+06 1.38803e+06 1.54564e+06 1.12144e+06 1.11466e+06 1.91485e+06 2.84907e+06 1.75023e+06 1.45258e+06 1.39129e+06 815787 520242 316752 192852 162726 162587 224737 283692 342037 526741 734159 842758 1.11471e+06 1.92478e+06
desembarqueobs
 350755 77701 442110 56441 14545 235359 269955 359681 431902 328805 639364 411747 362871 311530 167758 66681 60226 58785 57116 71774 51957 67425 138520 160799 200461
desembarquepred
 350712 77692.8 442537 56635.4 14564.6 234798 269463 359142 430009 328274 637915 411851 363277 313416 167237 66467 60214.6 58711.3 56896.6 71237.4 51785.3 67377.9 138211 160292 202045
Reclutas
 161663 87345.1 42686.6 68188.4 67861.8 107675 259290 36385.7 95205.2 161646 34014.1 49682.2 55461.6 37154.9 18738.7 16322.9 18306.3 19524.7 24374.6 37885.8 72915.8 58410.2 94696 168806 258473
log_desv_Rt
 0.993272 0.377622 -0.33836 0.130029 0.125228 0.586877 1.4657 -0.498069 0.46379 0.993163 -0.565469 -0.186598 -0.0765538 -0.47715 -1.16166 -1.29968 -1.185 -1.12057 -0.898704 -0.457669 0.197061 -0.024755 0.458427 1.03651 1.46255
SSB
 2.79831e+06 1.73588e+06 1.38803e+06 1.54564e+06 1.12144e+06 1.11466e+06 1.91485e+06 2.84907e+06 1.75023e+06 1.45258e+06 1.39129e+06 815787 520242 316752 192852 162726 162587 224737 283692 342037 526741 734159 842758 1.11471e+06 1.92478e+06
BT
 7.5849e+06 2.10506e+06 2.14561e+06 2.09003e+06 1.56962e+06 1.56213e+06 5.23334e+06 3.51573e+06 2.74038e+06 2.56197e+06 1.8837e+06 1.2888e+06 957303 573795 354903 257356 304579 393148 437988 602552 1.11534e+06 984762 1.24796e+06 1.97192e+06 3.34707e+06
Ftot
 0.0855897 0.085742 0.177103 0.0409538 0.0119878 0.17263 0.0767445 0.153781 0.22679 0.202211 0.481157 0.497531 0.702899 1.02491 0.756515 0.343814 0.283747 0.193315 0.165349 0.151974 0.067622 0.0854313 0.114115 0.10466 0.0747357
BD_Bspro_t
 0.98781 0.925405 0.871171 0.778571 0.814987 0.857053 0.842143 0.866878 0.773391 0.705418 0.676535 0.479092 0.376045 0.297526 0.217721 0.216182 0.279253 0.433346 0.553926 0.655306 0.762913 0.852369 0.848847 0.8462 0.867008
BD_Bspro
 2.26772 1.40673 1.12484 1.25257 0.908799 0.90331 1.55177 2.30885 1.41837 1.17715 1.12748 0.661103 0.421597 0.256692 0.156285 0.131871 0.131758 0.182124 0.229901 0.277183 0.426864 0.594953 0.682961 0.903346 1.55981
BD_Bo
 1.74281 1.08112 0.864473 0.962637 0.698438 0.694219 1.19258 1.77442 1.09006 0.904674 0.866504 0.508077 0.32401 0.197275 0.120109 0.101347 0.10126 0.139967 0.176685 0.213023 0.328057 0.457238 0.524875 0.694247 1.19876
BD_Brms
 8.51449 5.2818 4.22339 4.70297 3.41222 3.39161 5.82636 8.66895 5.32548 4.41979 4.23331 2.48221 1.58295 0.96379 0.586796 0.49513 0.494706 0.683812 0.863197 1.04073 1.60273 2.23384 2.56428 3.39175 5.85656
S_f
 0.5 1 1 1 1
 0.5 1 1 1 1
 0.5 1 1 1 1
 0.5 1 1 1 1
 0.5 1 1 1 1
 0.5 1 1 1 1
 0.5 1 1 1 1
 0.5 1 1 1 1
 0.5 1 1 1 1
 0.5 1 1 1 1
 0.5 1 1 1 1
 0.5 1 1 1 1
 0.5 1 1 1 1
 0.5 1 1 1 1
 0.5 1 1 1 1
 0.5 1 1 1 1
 0.5 1 1 1 1
 0.5 1 1 1 1
 0.5 1 1 1 1
 0.5 1 1 1 1
 0.5 1 1 1 1
 0.5 1 1 1 1
 0.5 1 1 1 1
 0.5 1 1 1 1
 0.5 1 1 1 1
Scru_reclas
 0.5 1 1 1 1
 0.5 1 1 1 1
 0.5 1 1 1 1
 0.5 1 1 1 1
 0.5 1 1 1 1
 0.5 1 1 1 1
 0.5 1 1 1 1
 0.5 1 1 1 1
 0.5 1 1 1 1
 0.5 1 1 1 1
 0.5 1 1 1 1
 0.5 1 1 1 1
 0.5 1 1 1 1
 0.5 1 1 1 1
 0.5 1 1 1 1
 0.5 1 1 1 1
 0.5 1 1 1 1
 0.5 1 1 1 1
 0.5 1 1 1 1
 0.5 1 1 1 1
 0.5 1 1 1 1
 0.5 1 1 1 1
 0.5 1 1 1 1
 0.5 1 1 1 1
 0.5 1 1 1 1
Scru_pelaces
 0.5 1 1 1 1
 0.5 1 1 1 1
 0.5 1 1 1 1
 0.5 1 1 1 1
 0.5 1 1 1 1
 0.5 1 1 1 1
 0.5 1 1 1 1
 0.5 1 1 1 1
 0.5 1 1 1 1
 0.5 1 1 1 1
 0.5 1 1 1 1
 0.5 1 1 1 1
 0.5 1 1 1 1
 0.5 1 1 1 1
 0.5 1 1 1 1
 0.5 1 1 1 1
 0.5 1 1 1 1
 0.5 1 1 1 1
 0.5 1 1 1 1
 0.5 1 1 1 1
 0.5 1 1 1 1
 0.5 1 1 1 1
 0.5 1 1 1 1
 0.5 1 1 1 1
 0.5 1 1 1 1
pf_obs 
 0.256992 0.487395 0.22802 0.0275931 0
 0.321318 0.546541 0.124235 0.00734118 0.000564706
 0.182869 0.594174 0.210203 0.0122559 0.00049798
 0.330522 0.361315 0.267642 0.0388342 0.00168674
 0.649043 0.306663 0.0425973 0.00169635 0
 0.582887 0.30429 0.105238 0.00758474 0
 0.465427 0.430635 0.0974691 0.00646863 0
 0.296916 0.608066 0.0921331 0.00288517 0
 0.311714 0.524322 0.152257 0.0117073 0
 0.15457 0.633149 0.183074 0.0267441 0.00246327
 0.131901 0.49318 0.331252 0.0422183 0.00144891
 0.196976 0.569456 0.194076 0.0375587 0.00193317
 0.518974 0.381816 0.0799577 0.0180837 0.00116848
 0.0928022 0.601141 0.25162 0.0475244 0.00691264
 0.122501 0.610282 0.24278 0.0234846 0.000952079
 0.383417 0.481906 0.127806 0.00687128 0
 0.0376549 0.599619 0.316969 0.0457579 0
 0.0361596 0.667082 0.258105 0.0386534 0
 0.158088 0.579412 0.248529 0.0139706 0
 0.0477256 0.309471 0.559284 0.082774 0.000745712
 0.0406174 0.521527 0.379366 0.0568643 0.0016247
 0.151134 0.462217 0.34131 0.0453401 0
 0.294876 0.26143 0.354403 0.0886775 0.000613685
 0.281977 0.475581 0.204845 0.0348837 0.00271318
 0 0 0 0 0
pf_pred 
 0.538047 0.232554 0.115483 0.0573471 0.0565691
 0.289612 0.500603 0.105609 0.052444 0.0517325
 0.195409 0.36619 0.308937 0.0651745 0.0642904
 0.374819 0.211378 0.188332 0.158887 0.0665841
 0.359828 0.350883 0.0978108 0.0871467 0.104332
 0.469286 0.28131 0.1367 0.038106 0.0745979
 0.636002 0.236612 0.0675226 0.032812 0.0270522
 0.106009 0.698402 0.127139 0.0362821 0.032167
 0.372255 0.124636 0.393038 0.0715498 0.0385209
 0.527654 0.263844 0.0413972 0.130545 0.0365594
 0.153984 0.594731 0.140363 0.0220231 0.0888989
 0.379747 0.183213 0.30723 0.0725098 0.0573007
 0.493108 0.297196 0.0619408 0.103869 0.0438865
 0.451496 0.38728 0.0945273 0.0197011 0.0469955
 0.405799 0.411918 0.128704 0.031414 0.0221651
 0.465131 0.337914 0.136535 0.0426605 0.0177595
 0.483673 0.339571 0.111669 0.0451202 0.0199667
 0.463735 0.359441 0.116291 0.0382426 0.02229
 0.481166 0.335331 0.122996 0.0397932 0.0207135
 0.53704 0.305703 0.101638 0.0372799 0.0183395
 0.600313 0.282894 0.0771209 0.0256407 0.0140313
 0.390519 0.45942 0.106212 0.0289549 0.0148948
 0.497811 0.285043 0.163682 0.0378413 0.0156228
 0.566379 0.291333 0.0807626 0.046377 0.0151482
 0.546255 0.330799 0.0826028 0.0228989 0.0174445
pobs_RECLAS
 0 0 0 0 0
 0 0 0 0 0
 0 0 0 0 0
 0 0 0 0 0
 0.835266 0.146461 0.0176864 0.000547809 3.91292e-05
 0.385257 0.428462 0.181853 0.0044286 0
 0.867414 0.0963971 0.0333333 0.00285562 0
 0.441836 0.489002 0.0689373 0.000224442 0
 0.779404 0.147425 0.0564933 0.0165055 0.000172143
 0.814271 0.122319 0.05973 0.00367925 0
 0.40263 0.566651 0.0304383 0.000280538 0
 0.475488 0.404961 0.113038 0.00651328 0
 0.955842 0.0263864 0.0167828 0.000988607 0
 0.975058 0.0227948 0.00214734 0 0
 0.738997 0.206755 0.0527124 0.00153531 0
 0.850938 0.134255 0.0134407 0.00136685 0
 0.542534 0.407297 0.0501686 0 0
 0.764087 0.199537 0.0359546 0.000420521 0
 0.470689 0.182191 0.310203 0.0369168 0
 0.84361 0.089868 0.0606195 0.00523954 0.000663233
 0.607945 0.314616 0.071237 0.00620181 0
 0.523733 0.453247 0.0230204 0 0
 0.530135 0.295979 0.169645 0.0042399 0
 0.562478 0.366248 0.0663022 0.0049721 0
 0.250443 0.683176 0.0655157 0.000865301 0
ppred_RECLAS
 0.538718 0.232216 0.115315 0.0572638 0.056487
 0.290168 0.50021 0.105526 0.0524029 0.051692
 0.196366 0.365754 0.308569 0.065097 0.0642139
 0.375109 0.21128 0.188245 0.158813 0.0665532
 0.359909 0.350838 0.0977984 0.0871357 0.104319
 0.470755 0.280531 0.136321 0.0380005 0.0743914
 0.636557 0.236251 0.0674196 0.0327619 0.0270109
 0.1065 0.698019 0.127069 0.0362622 0.0321493
 0.374154 0.124259 0.391849 0.0713333 0.0384044
 0.529421 0.262857 0.0412424 0.130057 0.0364226
 0.156723 0.592805 0.139909 0.0219518 0.088611
 0.384901 0.18169 0.304677 0.0719072 0.0568246
 0.501871 0.292059 0.06087 0.102073 0.0431278
 0.466522 0.376671 0.0919378 0.0191614 0.0457081
 0.415212 0.405393 0.126665 0.0309164 0.021814
 0.468495 0.335789 0.135677 0.0423922 0.0176478
 0.486332 0.337822 0.111094 0.0448879 0.0198639
 0.465409 0.35832 0.115928 0.0381233 0.0222204
 0.482568 0.334425 0.122664 0.0396857 0.0206575
 0.538307 0.304866 0.10136 0.0371778 0.0182893
 0.600816 0.282538 0.0770239 0.0256085 0.0140137
 0.39116 0.458936 0.1061 0.0289244 0.0148791
 0.498735 0.284518 0.163381 0.0377716 0.015594
 0.567204 0.290779 0.0806089 0.0462887 0.0151194
 0.546833 0.330378 0.0824976 0.0228697 0.0174222
pobs_PELACES
 0 0 0 0 0
 0 0 0 0 0
 0 0 0 0 0
 0 0 0 0 0
 0 0 0 0 0
 0 0 0 0 0
 0 0 0 0 0
 0 0 0 0 0
 0 0 0 0 0
 0 0 0 0 0
 0.450072 0.473896 0.0757376 0.000293798 0
 0 0 0 0 0
 0.463077 0.371075 0.160297 0.00555027 0
 0.529543 0.364841 0.0842815 0.0213345 0
 0.631943 0.363953 0.00410389 0 0
 0.735681 0.248677 0.0153453 0.000297389 0
 0.695825 0.281241 0.0229344 0 0
 0.275771 0.60734 0.115278 0.00161068 0
 0 0 0 0 0
 0.896147 0.0623911 0.0374545 0.00400742 0
 0.803859 0.145111 0.0509908 3.86294e-05 0
 0.739449 0.233085 0.0266225 0.000797448 4.60066e-05
 0.878498 0.100942 0.0204185 0.000141795 0
 0.694673 0.275183 0.0284847 0.00165964 0
 0 0 0 0 0
ppred_PELACES
 0.542225 0.230451 0.114438 0.0568284 0.0560575
 0.293091 0.498151 0.105092 0.0521871 0.0514791
 0.201018 0.363637 0.306783 0.0647202 0.0638422
 0.376694 0.210744 0.187767 0.15841 0.0663844
 0.360365 0.350588 0.0977288 0.0870737 0.104244
 0.477857 0.276767 0.134492 0.0374905 0.0733931
 0.639481 0.23435 0.0668771 0.0324983 0.0267936
 0.108939 0.696114 0.126723 0.0361632 0.0320616
 0.382957 0.122511 0.386338 0.07033 0.0378642
 0.537724 0.258219 0.0405146 0.127762 0.03578
 0.167504 0.585227 0.13812 0.0216711 0.0874782
 0.404511 0.175898 0.294963 0.0696148 0.055013
 0.530826 0.275082 0.0573317 0.0961397 0.0406209
 0.508749 0.346856 0.0846606 0.0176447 0.0420901
 0.445805 0.384185 0.120039 0.029299 0.0206728
 0.482642 0.326851 0.132065 0.0412638 0.017178
 0.498033 0.330127 0.108563 0.0438654 0.0194114
 0.473353 0.352995 0.114205 0.0375568 0.0218902
 0.489383 0.33002 0.121048 0.039163 0.0203854
 0.544533 0.300755 0.0999933 0.0366765 0.0180426
 0.603489 0.280646 0.0765082 0.025437 0.0139198
 0.394522 0.456402 0.105514 0.0287647 0.014797
 0.503442 0.281846 0.161847 0.0374169 0.0154476
 0.571438 0.287934 0.0798202 0.0458358 0.0149715
 0.549887 0.328151 0.0819416 0.0227156 0.0173048
pobs_pel_tallas
 0 0 0 0 0 0 0 0 0 0 0 0 0 0 0 0 0 0 0 0 0 0 0 0 0 0 0 0 0 0 0 0 0 0 0 0
 0 0 0 0 0 0 0 0 0 0 0 0 0 0 0 0 0 0 0 0 0 0 0 0 0 0 0 0 0 0 0 0 0 0 0 0
 0 0 0 0 0 0 0 0 0 0 0 0 0 0 0 0 0 0 0 0 0 0 0 0 0 0 0 0 0 0 0 0 0 0 0 0
 0 0 0 0 0 0 0 0 0 0 0 0 0 0 0 0 0 0 0 0 0 0 0 0 0 0 0 0 0 0 0 0 0 0 0 0
 0 0 0 0 0 0 0 0 0 0 0 0 0 0 0 0 0 0 0 0 0 0 0 0 0 0 0 0 0 0 0 0 0 0 0 0
 0 0 0 0 0 0 0 0 0 0 0 0 0 0 0 0 0 0 0 0 0 0 0 0 0 0 0 0 0 0 0 0 0 0 0 0
 0 0 0 0 0 0 0 0 0 0 0 0 0 0 0 0 0 0 0 0 0 0 0 0 0 0 0 0 0 0 0 0 0 0 0 0
 0 0 0 0 0 0 0 0 0 0 0 0 0 0 0 0 0 0 0 0 0 0 0 0 0 0 0 0 0 0 0 0 0 0 0 0
 0 0 0 0 0 0 0 0 0 0 0 0 0 0 0 0 0 0 0 0 0 0 0 0 0 0 0 0 0 0 0 0 0 0 0 0
 0 0 0 0 0 0 0 0 0 0 0 0 0 0 0 0 0 0 0 0 0 0 0 0 0 0 0 0 0 0 0 0 0 0 0 0
 0 0 0 0 0 0 0 0 1.78061e-05 0.00172719 0.00360574 0.0105946 0.0120993 0.0124554 0.0147524 0.0171206 0.0266825 0.0428682 0.0675386 0.121331 0.153587 0.119568 0.100827 0.0573624 0.0630603 0.0341343 0.0324427 0.0444173 0.0211091 0.0280891 0.0125444 0.00206551 0 0 0 0
 0 0 0 0 0 0 0 0 0 0 0 0 0 0 0 0 0 0 0 0 0 0 0 0 0 0 0 0 0 0 0 0 0 0 0 0
 0 0 0 0 0 0 0.0133647 0.0140871 0.0187388 0.0205184 0.03894 0.0496705 0.03968 0.0493445 0.0407372 0.0367815 0.0215668 0.0243155 0.0234873 0.0199281 0.019796 0.0243948 0.0301388 0.0376714 0.0412746 0.0863199 0.0771752 0.113111 0.0741005 0.0525337 0.0229764 0.00759418 0.00175318 0 0 0
 0 0 0 0 0 0 0 0 0 0 0.00219441 0.00772107 0.0458388 0.0604681 0.0671733 0.0775358 0.0609151 0.0617685 0.073594 0.0568108 0.0755445 0.0548602 0.0670107 0.0636378 0.0643287 0.046367 0.0373049 0.0286899 0.0247887 0.0153202 0.00654259 0.00121912 0.000365735 0 0 0
 0 0 0 0 0 0 0 0 0 0 0 0 0.000112435 0.00938835 0.0111873 0.0202946 0.0414886 0.0713402 0.111592 0.104902 0.108894 0.110636 0.117776 0.105296 0.107544 0.0401394 0.0192827 0.0124803 0.00416011 0.0028671 0.000618394 0 0 0 0 0
 0 0 0 0 0 0 0 0 0 0 0.00291406 0.0102884 0.027416 0.0768956 0.0749926 0.110853 0.0956884 0.0897413 0.0766577 0.0534642 0.0500743 0.0551293 0.0594112 0.0620874 0.0668451 0.0424026 0.0208742 0.0120726 0.0048766 0.00582813 0.00118941 0.000297354 0 0 0 0
 0 0.00264628 0.0354308 0.0461629 0.0458689 0.0383711 0.0214643 0.0164657 0.0346957 0.0420465 0.0363128 0.0245516 0.0311673 0.0291091 0.0169068 0.0133784 0.00837989 0.0085269 0.0148486 0.0160247 0.0276389 0.0546898 0.0760071 0.122758 0.109233 0.0665981 0.0333725 0.0166128 0.00676272 0.00308733 0.000882094 0 0 0 0 0
 0 0 0 0 0 0 0 0.000805153 0.000690131 0.00759144 0.0133425 0.0154129 0.00931677 0.000345066 0.00356568 0.00563607 0.00851162 0.0253048 0.0502646 0.0516448 0.0657925 0.0565908 0.0611916 0.0827007 0.0866115 0.110766 0.145733 0.0935128 0.0569358 0.0249597 0.0138026 0.00621118 0.00161031 0.00115022 0 0
 0 0 0 0 0 0 0 0 0 0 0 0 0 0 0 0 0 0 0 0 0 0 0 0 0 0 0 0 0 0 0 0 0 0 0 0
 0.00147267 0.00158595 0.00478618 0.00569244 0.00954404 0.0108468 0.00647125 0.017049 0.0510054 0.094081 0.124002 0.0959785 0.0687766 0.0820023 0.061753 0.0591476 0.0492212 0.0479892 0.0443925 0.0268479 0.0217502 0.0140895 0.0121071 0.0120363 0.00920419 0.00665534 0.0049561 0.00860946 0.00930331 0.0156896 0.0114698 0.00855282 0.00243557 0.00046729 0 2.83206e-05
 0 0 0 0 0.000772559 0.00158375 0.000888443 0.00281984 0.00712685 0.0440552 0.0773331 0.111326 0.0921469 0.0852325 0.0710754 0.0886704 0.0786465 0.0553345 0.0373146 0.0185414 0.00753245 0.00457741 0.012979 0.0271748 0.0457355 0.0583668 0.034881 0.0177882 0.00938659 0.00492506 0.0015258 0.00185414 0.000309023 5.79419e-05 3.86279e-05 0
 0 0.00173294 0.00326652 0 0.00397197 0.00683976 0.00946217 0.0152591 0.00757587 0.0136028 0.0228656 0.0392903 0.0559909 0.0764795 0.0681675 0.0726916 0.0566044 0.0477403 0.0527397 0.0444891 0.0609904 0.0582453 0.0661739 0.0445044 0.0529084 0.0360697 0.0280645 0.0235558 0.0158879 0.00826598 0.00280645 0.00217768 0.000904811 0.00058276 9.20147e-05 0
 0 0 0 0 0 0 0 0 0 0 0 0 0 0 0 0 0 0 0 0 0 0 0 0 0 0 0 0 0 0 0 0 0 0 0 0
 0 0 0 0 0 0 0 0 0 0 0 0 0 0 0 0 0 0 0 0 0 0 0 0 0 0 0 0 0 0 0 0 0 0 0 0
 0 0 0 0 0 0 0 0 0 0 0 0 0 0 0 0 0 0 0 0 0 0 0 0 0 0 0 0 0 0 0 0 0 0 0 0
ppred_pel_tallas
 1.06272e-16 2.36656e-05 0.000138878 0.000660122 0.00254144 0.00792517 0.0200185 0.0409614 0.0679016 0.0912008 0.0992733 0.0876343 0.0628805 0.0369993 0.0185236 0.00913422 0.00631268 0.00707348 0.00958154 0.0130013 0.016923 0.0210136 0.0249177 0.0282845 0.0308322 0.0324014 0.0329776 0.0326703 0.0316641 0.0301589 0.028322 0.0262653 0.0240498 0.0217069 0.019264 0.0167628
 1.05853e-16 1.28131e-05 7.51393e-05 0.000357046 0.00137443 0.00428583 0.0108261 0.0221552 0.036738 0.0493782 0.053839 0.0477413 0.0347235 0.0213728 0.0124449 0.00901676 0.00989294 0.0135763 0.0190852 0.0258182 0.0332183 0.0406043 0.0471931 0.0522317 0.0551609 0.0557401 0.0540932 0.0506531 0.0460344 0.0408756 0.0357067 0.0308751 0.0265397 0.0227143 0.0193334 0.0163126
 1.09681e-16 8.79328e-06 5.15509e-05 0.000244929 0.00094279 0.00293981 0.00742607 0.0151975 0.0252022 0.0338782 0.0369516 0.0327971 0.0239215 0.0148602 0.00890145 0.00682089 0.00784611 0.011007 0.015691 0.0215435 0.0282266 0.0352921 0.0421859 0.0483299 0.0532302 0.0565649 0.0582254 0.0582968 0.0569948 0.054586 0.0513233 0.0474137 0.0430219 0.0382912 0.0333687 0.0284164
 1.1128e-16 1.64469e-05 9.64997e-05 0.000458655 0.00176574 0.0055062 0.0139084 0.0284595 0.0471795 0.0633748 0.0690016 0.0609531 0.0438264 0.0259718 0.0133491 0.00716732 0.00572596 0.00700241 0.00976779 0.0134727 0.0178402 0.0226176 0.0275079 0.0321918 0.0363796 0.0398548 0.0424945 0.0442578 0.0451561 0.0452177 0.0444663 0.0429192 0.0406048 0.0375845 0.0339715 0.0299318
 1.09365e-16 1.57403e-05 9.23391e-05 0.000438847 0.00168943 0.0052682 0.0133073 0.0272308 0.0451466 0.0606565 0.0660742 0.0584439 0.0421892 0.0253357 0.0136332 0.0082927 0.00773512 0.0100479 0.0140301 0.0190638 0.0247186 0.0305285 0.0359635 0.0405064 0.0437587 0.0455237 0.045835 0.0449189 0.0431103 0.0407514 0.0381116 0.035349 0.0325188 0.0296123 0.0266051 0.0234965
 1.06717e-16 2.08608e-05 0.000122407 0.000581807 0.00223989 0.00698479 0.0176432 0.0361018 0.0598481 0.080391 0.0875251 0.0773076 0.0555668 0.0328894 0.0168255 0.00889212 0.00690597 0.00826372 0.0113558 0.0154226 0.0200429 0.024829 0.0293527 0.0331914 0.0360086 0.0376201 0.0380208 0.0373599 0.0358804 0.0338446 0.031474 0.0289187 0.0262605 0.0235369 0.0207717 0.0179992
 1.03395e-16 2.79066e-05 0.000163776 0.000778489 0.00299718 0.00934638 0.0236083 0.0483065 0.0800761 0.107548 0.117056 0.103304 0.0740619 0.0434528 0.0215188 0.0102149 0.00653963 0.00694068 0.00922831 0.012404 0.0159893 0.0196164 0.0229097 0.0255121 0.027154 0.0277099 0.0272207 0.0258688 0.0239211 0.0216576 0.0193125 0.0170411 0.0149191 0.012962 0.0111548 0.00947767
 1.04767e-16 4.7913e-06 2.8026e-05 0.000133024 0.000511814 0.00159575 0.00403149 0.00825435 0.013703 0.0184646 0.0202562 0.0182555 0.0139145 0.00982947 0.0079651 0.0089537 0.0125794 0.0184478 0.0262099 0.0354395 0.045471 0.0553641 0.0640143 0.0703631 0.0736341 0.0735126 0.0702106 0.0643885 0.0569732 0.0489298 0.0410679 0.0339286 0.0277681 0.0226135 0.0183542 0.0148286
 1.0971e-16 1.67171e-05 9.80924e-05 0.000466241 0.00179498 0.00559738 0.0141386 0.02893 0.0479571 0.0644126 0.0701138 0.0618934 0.0444113 0.0261365 0.0131033 0.00651438 0.00462094 0.00536409 0.00752173 0.0106016 0.0144277 0.0188748 0.0237712 0.0288852 0.0339434 0.0386554 0.0427379 0.045933 0.048025 0.0488575 0.048351 0.04652 0.0434831 0.0394566 0.0347345 0.029651
 1.06722e-16 2.34703e-05 0.000137729 0.000654656 0.00252038 0.00785951 0.0198526 0.0406223 0.0673402 0.0904489 0.0984606 0.0869305 0.0624051 0.0367786 0.0185213 0.00930846 0.00664923 0.00758399 0.0102845 0.0139014 0.0179951 0.0221941 0.0261051 0.0293515 0.0316479 0.0328591 0.0330204 0.0323075 0.0309725 0.0292683 0.0273882 0.0254395 0.0234509 0.0214036 0.0192698 0.0170429
 1.06984e-16 7.34044e-06 4.30021e-05 0.000204244 0.000786071 0.00245104 0.00619174 0.0126735 0.0210247 0.0282865 0.0309157 0.0275895 0.0204471 0.0133416 0.00910967 0.00850734 0.0109916 0.0158102 0.0224212 0.0303735 0.0390912 0.0477921 0.0555581 0.0615032 0.0649672 0.0656645 0.0637374 0.0596929 0.0542527 0.0481693 0.0420687 0.0363642 0.0312471 0.0267377 0.022761 0.0192173
 1.09207e-16 1.76589e-05 0.000103617 0.000492497 0.00189605 0.00591257 0.0149348 0.0305594 0.0506592 0.0680449 0.0740754 0.065409 0.0469738 0.0277238 0.0140424 0.00720914 0.00538033 0.00637389 0.008874 0.012314 0.0164403 0.0210408 0.025858 0.0305969 0.0349641 0.0387062 0.0416344 0.0436273 0.0446211 0.044595 0.043563 0.041576 0.0387308 0.0351758 0.0311094 0.0267642
 1.06105e-16 2.31702e-05 0.000135966 0.000646269 0.00248809 0.00775879 0.0195982 0.0401019 0.0664782 0.089293 0.0972071 0.0858354 0.0616443 0.0363811 0.0184152 0.0094095 0.00691374 0.00801209 0.0108993 0.0147273 0.0190416 0.0234446 0.0275118 0.0308359 0.0331083 0.0341835 0.0341022 0.0330609 0.0313432 0.0292391 0.0269786 0.0246998 0.0224536 0.0202333 0.0180136 0.0157814
 1.03888e-16 2.22106e-05 0.000130325 0.000619437 0.00238475 0.00743652 0.0187843 0.038437 0.0637207 0.0855966 0.0932025 0.0823455 0.0592385 0.0351633 0.0181714 0.00989144 0.00800789 0.00974631 0.0133707 0.0180242 0.0231836 0.0283418 0.0329458 0.0364677 0.0385143 0.0389144 0.0377504 0.0353217 0.0320561 0.0284008 0.0247299 0.0212924 0.0182069 0.0154904 0.0131027 0.0109876
 1.03802e-16 1.94676e-05 0.000114217 0.000542851 0.00208986 0.0065169 0.0164615 0.0336847 0.0558449 0.0750246 0.0817114 0.0722413 0.052075 0.031123 0.0164737 0.00959382 0.00849444 0.0107754 0.0149244 0.0201658 0.0259749 0.0318031 0.0370373 0.0410859 0.0435013 0.0440776 0.0428877 0.040245 0.0366092 0.0324689 0.028241 0.0242138 0.0205394 0.0172626 0.0143656 0.0118091
 1.04202e-16 2.10716e-05 0.000123639 0.000587656 0.00226239 0.00705495 0.0178205 0.0364649 0.0604514 0.0812053 0.088422 0.0781245 0.0562078 0.0333767 0.0172724 0.00944484 0.00770431 0.0094285 0.012983 0.0175692 0.0227054 0.027922 0.0326994 0.036531 0.0390245 0.0399833 0.0394398 0.0376247 0.0348918 0.0316233 0.0281492 0.0247034 0.0214184 0.0183494 0.0155096 0.0128999
 1.04063e-16 2.17428e-05 0.00012758 0.000606388 0.00233451 0.00727986 0.0183886 0.0376273 0.0623782 0.0837926 0.0912368 0.0806057 0.0579801 0.034403 0.0177551 0.00962953 0.00776027 0.00943444 0.0129598 0.0175093 0.022587 0.0277145 0.0323669 0.0360369 0.0383378 0.0390857 0.0383316 0.0363286 0.0334527 0.0301035 0.0266211 0.0232394 0.020082 0.0171875 0.0145486 0.0121455
 1.0405e-16 2.06675e-05 0.000121265 0.000576363 0.0022189 0.00691932 0.0174779 0.0357641 0.0592907 0.0796488 0.0867345 0.0766507 0.0551848 0.0328441 0.0171337 0.00958618 0.00806552 0.0100061 0.0138013 0.01865 0.0240456 0.029481 0.0343944 0.0382429 0.040614 0.041314 0.0404019 0.0381551 0.0349831 0.0313215 0.027541 0.0238971 0.0205245 0.0174642 0.014705 0.0122198
 1.04125e-16 2.13656e-05 0.000125365 0.000595861 0.00229398 0.00715346 0.0180693 0.036974 0.0612954 0.0823388 0.0896556 0.0792127 0.056987 0.0338317 0.0174936 0.00954192 0.00775418 0.00946854 0.0130248 0.0176109 0.0227367 0.027926 0.0326539 0.0364111 0.0388063 0.039649 0.0389816 0.0370483 0.034217 0.0308817 0.0273801 0.0239482 0.0207148 0.0177269 0.0149866 0.0124835
 1.03621e-16 2.37692e-05 0.000139479 0.000662966 0.00255236 0.00795922 0.0201045 0.041138 0.0681963 0.0916025 0.0997256 0.0880696 0.0632713 0.0373864 0.0190073 0.00984703 0.00739893 0.00867492 0.0118192 0.0159475 0.0205672 0.0252325 0.0294629 0.0327956 0.0348778 0.0355421 0.0348351 0.0329882 0.030345 0.0272714 0.024079 0.0209829 0.018097 0.0154576 0.0130583 0.0108805
 1.02702e-16 2.63391e-05 0.000154569 0.000734708 0.00282859 0.00882064 0.0222804 0.0455898 0.0755746 0.101508 0.110496 0.097548 0.0700093 0.0412238 0.0206912 0.0102827 0.0071914 0.00808218 0.0108883 0.0146409 0.0188318 0.0230299 0.0267823 0.0296579 0.0313338 0.0316657 0.0307145 0.0287173 0.0260173 0.0229767 0.0199024 0.0170036 0.0143867 0.0120771 0.0100535 0.00827882
 1.03327e-16 1.72344e-05 0.0001011 0.000480473 0.00184967 0.00576785 0.0145695 0.0298142 0.0494315 0.066419 0.0723663 0.0640446 0.0463085 0.0279612 0.0153189 0.0097298 0.00948246 0.012485 0.0173971 0.0234797 0.0301579 0.0367848 0.0426303 0.0469955 0.0493624 0.0495102 0.0475597 0.0439238 0.0391907 0.0339785 0.0288098 0.0240401 0.0198465 0.016263 0.0132375 0.0106853
 1.04397e-16 2.19768e-05 0.000128958 0.00061295 0.00235979 0.0073587 0.0185877 0.0380343 0.0630515 0.0846929 0.0922063 0.0814363 0.0585214 0.0346119 0.0176581 0.0092528 0.00709025 0.00842225 0.0115491 0.0156687 0.0203382 0.0251518 0.0296617 0.0334235 0.0360808 0.0374346 0.0374736 0.036353 0.0343349 0.0317138 0.0287531 0.0256509 0.0225363 0.0194872 0.0165553 0.0137854
 1.03502e-16 2.49418e-05 0.000146365 0.000695704 0.00267842 0.00835232 0.0210975 0.0431695 0.0715632 0.0961221 0.104639 0.0923914 0.0663387 0.0391235 0.0197505 0.0100035 0.0072368 0.00830287 0.0112496 0.0151561 0.0195267 0.0239287 0.0279023 0.0310075 0.0329122 0.0334639 0.0327165 0.0309004 0.0283521 0.0254258 0.0224194 0.0195343 0.0168711 0.0144538 0.0122652 0.010278
 1.0286e-16 2.40037e-05 0.000140854 0.000669495 0.00257749 0.00803758 0.0203025 0.0415433 0.0688688 0.0925076 0.100716 0.0889561 0.0639338 0.0378293 0.0193263 0.0101627 0.00781327 0.00926186 0.0126275 0.0169986 0.0218469 0.0266822 0.0309765 0.0342269 0.0360589 0.0363095 0.0350583 0.0325928 0.0293253 0.0256893 0.0220514 0.0186603 0.0156405 0.0130172 0.0107579 0.00880916
pSPR Fmed_Fpbrs
0.728274   0.254687 0.254687
Fs Fmed_Fpbrs
0.162614   1.005 1.005
SSBpbr Bo_Bmed_Bpbrs
1.60564e+06  1.08906e+06  328653 328653
Ro
59874.1
SPR SPRFo_SPRFmed_SPRFpbrs
1.23398e+06 898674 314278
log_Ro
10.82
likeval ReclasPelacesDesembMPH_pf_preclas_ppelaces_ptallas_desvR_qrecl_qpela
 210.799 45.9296 1.35912 0.00130439 326.057 228.2 77.6807 0 22.2017 0 0 0 0 0 0
q_reclas_q_pelaces
1 1
M
0.7
N
 161663 35596.4 17676.7 8777.97 8658.88
 87345.1 76916.6 16226.7 8057.92 7948.6
 42686.6 41554.1 35057.2 7395.81 7295.47
 68188.4 19401.2 17285.9 14583.3 6111.37
 67861.8 33175 9247.75 8239.49 9864.3
 107675 33497.8 16277.9 4537.57 8882.95
 259290 49048.3 13997.1 6801.75 5607.78
 36385.7 123912 22557.4 6437.27 5707.15
 95205.2 16731.4 52762.2 9604.97 5171.12
 161646 42209.2 6622.65 20884.4 5848.7
 34014.1 72551.9 17123.1 2686.62 10844.9
 49682.2 13279.2 22267.9 5255.48 4153.13
 55461.6 19237.9 4009.5 6723.54 2840.83
 37154.9 19380 4730.27 985.868 2351.72
 18738.7 11052.3 3453.3 842.88 594.72
 16322.9 6374.67 2575.71 804.781 335.028
 18306.3 6825.47 2244.58 906.93 401.337
 19524.7 7888.22 2552.09 839.265 489.171
 24374.6 8802.38 3228.62 1044.56 543.725
 37885.8 11143.6 3704.96 1358.94 668.518
 72915.8 17436.9 4753.55 1580.43 864.858
 58410.2 35005.1 8092.74 2206.2 1134.9
 94696 27792.7 15959.6 3689.66 1523.28
 168806 44416.6 12313 7070.62 2309.5
 258473 79552.9 19864.9 5506.89 4195.16
pred_Ctot
 4882.55 2110.33 1047.96 520.4 513.341
 2642.59 4567.8 963.642 478.531 472.039
 2614.87 4900.19 4134.05 872.136 860.305
 995.126 561.198 500.012 421.836 176.777
 291.752 284.499 79.3059 70.6594 84.5933
 6435.57 3857.76 1874.64 522.568 1023
 7035.4 2617.38 746.931 362.964 299.25
 1945.24 12815.4 2332.96 665.764 590.253
 7388.15 2473.66 7800.64 1420.05 764.526
 11244.3 5622.51 882.173 2781.92 779.08
 5303.53 20483.7 4834.4 758.52 3061.86
 7982.47 3851.22 6458.12 1524.19 1204.49
 12060.4 7268.79 1514.94 2540.41 1073.37
 11032.5 9463.36 2309.82 481.405 1148.36
 4337.35 4402.75 1375.64 335.766 236.91
 1872.53 1360.38 549.665 171.743 71.4963
 1755.66 1232.59 405.342 163.78 72.4764
 1300.92 1008.34 326.232 107.282 62.5302
 1397.6 974.006 357.255 115.584 60.1645
 2002.41 1139.85 378.97 139.002 68.3808
 1746.77 823.155 224.404 74.6085 40.8279
 1760.89 2071.57 478.921 130.561 67.1623
 3789.41 2169.79 1245.98 288.054 118.923
 6208.24 3193.39 885.262 508.351 166.044
 6832.67 4137.71 1033.21 286.424 218.199
F
 0.0427949 0.0855897 0.0855897 0.0855897 0.0855897
 0.042871 0.085742 0.085742 0.085742 0.085742
 0.0885516 0.177103 0.177103 0.177103 0.177103
 0.0204769 0.0409538 0.0409538 0.0409538 0.0409538
 0.00599392 0.0119878 0.0119878 0.0119878 0.0119878
 0.0863148 0.17263 0.17263 0.17263 0.17263
 0.0383723 0.0767445 0.0767445 0.0767445 0.0767445
 0.0768907 0.153781 0.153781 0.153781 0.153781
 0.113395 0.22679 0.22679 0.22679 0.22679
 0.101105 0.202211 0.202211 0.202211 0.202211
 0.240579 0.481157 0.481157 0.481157 0.481157
 0.248765 0.497531 0.497531 0.497531 0.497531
 0.351449 0.702899 0.702899 0.702899 0.702899
 0.512456 1.02491 1.02491 1.02491 1.02491
 0.378257 0.756515 0.756515 0.756515 0.756515
 0.171907 0.343814 0.343814 0.343814 0.343814
 0.141874 0.283747 0.283747 0.283747 0.283747
 0.0966573 0.193315 0.193315 0.193315 0.193315
 0.0826747 0.165349 0.165349 0.165349 0.165349
 0.0759869 0.151974 0.151974 0.151974 0.151974
 0.033811 0.067622 0.067622 0.067622 0.067622
 0.0427156 0.0854313 0.0854313 0.0854313 0.0854313
 0.0570573 0.114115 0.114115 0.114115 0.114115
 0.0523302 0.10466 0.10466 0.10466 0.10466
 0.0373679 0.0747357 0.0747357 0.0747357 0.0747357
nmprior
 10 11 7 0
nm_flota  nm_reclas  nm_pelaces    nm_pelaL
inf 9.07884 10.5036 16.8114
cv_recla  cv_pelaces  cv_mph
1.31328 0.797463 1.17177
 ------------------------------------------------
Talla a la edad & desviación 
 7.2 14.2025 17.0495 18.207 18.6776
 1.08 2.13037 2.55742 2.73105 2.80164
