years
 1997 1998 1999 2000 2001 2002 2003 2004 2005 2006 2007 2008 2009 2010 2011 2012 2013 2014 2015 2016 2017 2018 2019 2020 2021
reclasobs
 0 0 0 370054 412103 1.49427e+06 250295 1.28982e+06 931140 785840 897777 1.04006e+06 184774 17550 25797 100020 73551 82996 120727 218422 84188 347160 605670 569463 516374
reclaspred
 1.09233e+06 236192 628266 346410 438201 563637 1.16774e+06 890767 1.12311e+06 1.22198e+06 1.13532e+06 776263 449439 206082 137128 135745 162608 228046 248086 330836 522541 514722 812824 867867 1.00292e+06
pelacesobs
 0 0 0 0 0 0 0 0 0 2.06254e+06 1.5e+06 0 1.87456e+06 323000 250000 174000 83755 137374 0 501740 490994 745055 786931 1.00524e+06 0
pelacespred
 655306 231641 219237 242803 262319 262454 598362 578069 644406 728692 589421 417021 238335 87881.6 58128 65715.1 82501.2 116907 134237 172564 298253 307924 369229 469364 545443
mphobs
 0 0 0 0 0 112323 0 153150 637223 0 255016 313432 73983 77613 109348 50772 0 0 0 0 0 0 0 0 0
mphpred
 767755 426790 390099 372759 330840 499022 703229 931922 899616 1.07168e+06 1.14498e+06 818674 501038 265583 126702 112429 127450 174727 216529 244658 382189 486137 578037 722808 917781
desembarqueobs
 350755 77701 442110 56441 14545 235359 269955 359681 431902 328805 639364 411747 362871 311530 167758 66681 60226 58785 57116 71774 51957 67425 138520 160799 200461
desembarquepred
 350766 77704.5 442175 56444.6 14545.2 235433 269986 359641 431866 328764 639423 411913 363002 311771 167735 66693 60247.4 58788.1 57113.1 71768.6 51956.3 67418.2 138517 160807 200475
Reclutas
 44768.5 46191.3 24869 28391.9 55041.7 42591.7 83523 88193.7 128864 137214 72385.7 41134.3 46277.6 28642 20151 17329.2 14711.5 16088.2 17106.7 31861.1 45001.3 47980.7 66062.3 72747.1 40476.4
log_desv_Rt
 0.0692598 0.100546 -0.518624 -0.386142 0.275846 0.019415 0.692877 0.747291 1.12651 1.1893 0.549764 -0.0154023 0.102414 -0.37737 -0.728993 -0.879851 -1.04362 -0.954159 -0.892777 -0.270858 0.0744477 0.138553 0.458354 0.554744 -0.0315268
SSB
 767755 426790 390099 372759 330840 499022 703229 931922 899616 1.07168e+06 1.14498e+06 818674 501038 265583 126702 112429 127450 174727 216529 244658 382189 486137 578037 722808 917781
BT
 2.12066e+06 574211 802288 573084 625675 705529 1.80083e+06 1.71218e+06 2.02725e+06 1.99927e+06 1.82604e+06 1.24119e+06 886971 486591 288300 204471 242652 313619 329640 459963 754831 679988 864637 1.13519e+06 1.24152e+06
Ftot
 0.308857 0.316317 0.656478 0.158233 0.0324736 0.39843 0.223815 0.386547 0.368907 0.259774 0.531378 0.501577 0.748051 1.31313 1.10027 0.467203 0.355421 0.248981 0.222608 0.210121 0.0969398 0.127418 0.165378 0.179697 0.193537
BD_Bspro_t
 0.956631 0.754378 0.645591 0.451848 0.551469 0.707617 0.646376 0.679311 0.637668 0.62793 0.61511 0.45964 0.349116 0.249448 0.150957 0.159727 0.232632 0.368251 0.478768 0.570703 0.696058 0.790605 0.792472 0.77739 0.753595
BD_Bspro
 0.891788 0.495739 0.45312 0.432979 0.384288 0.57964 0.816837 1.08248 1.04495 1.24481 1.32996 0.950932 0.581981 0.308489 0.147171 0.130592 0.14804 0.202955 0.25151 0.284183 0.443932 0.564674 0.67142 0.839579 1.06605
BD_Bo
 0.781068 0.434191 0.396863 0.379223 0.336577 0.507675 0.715423 0.948082 0.915216 1.09026 1.16484 0.83287 0.509726 0.270189 0.128899 0.114378 0.12966 0.177757 0.220284 0.2489 0.388816 0.494567 0.58806 0.735342 0.933695
BD_Brms
 3.81591 2.12124 1.93888 1.8527 1.64435 2.48025 3.49521 4.63186 4.47129 5.3265 5.69083 4.06899 2.49027 1.32001 0.629736 0.558796 0.633456 0.868433 1.0762 1.216 1.89956 2.41621 2.87297 3.59252 4.56157
S_f
 0.5 1 1 1 1
 0.5 1 1 1 1
 0.5 1 1 1 1
 0.5 1 1 1 1
 0.5 1 1 1 1
 0.5 1 1 1 1
 0.5 1 1 1 1
 0.5 1 1 1 1
 0.5 1 1 1 1
 0.5 1 1 1 1
 0.5 1 1 1 1
 0.5 1 1 1 1
 0.5 1 1 1 1
 0.5 1 1 1 1
 0.5 1 1 1 1
 0.5 1 1 1 1
 0.5 1 1 1 1
 0.5 1 1 1 1
 0.5 1 1 1 1
 0.5 1 1 1 1
 0.5 1 1 1 1
 0.5 1 1 1 1
 0.5 1 1 1 1
 0.5 1 1 1 1
 0.5 1 1 1 1
Scru_reclas
 0.5 1 1 1 1
 0.5 1 1 1 1
 0.5 1 1 1 1
 0.5 1 1 1 1
 0.5 1 1 1 1
 0.5 1 1 1 1
 0.5 1 1 1 1
 0.5 1 1 1 1
 0.5 1 1 1 1
 0.5 1 1 1 1
 0.5 1 1 1 1
 0.5 1 1 1 1
 0.5 1 1 1 1
 0.5 1 1 1 1
 0.5 1 1 1 1
 0.5 1 1 1 1
 0.5 1 1 1 1
 0.5 1 1 1 1
 0.5 1 1 1 1
 0.5 1 1 1 1
 0.5 1 1 1 1
 0.5 1 1 1 1
 0.5 1 1 1 1
 0.5 1 1 1 1
 0.5 1 1 1 1
Scru_pelaces
 0.5 1 1 1 1
 0.5 1 1 1 1
 0.5 1 1 1 1
 0.5 1 1 1 1
 0.5 1 1 1 1
 0.5 1 1 1 1
 0.5 1 1 1 1
 0.5 1 1 1 1
 0.5 1 1 1 1
 0.5 1 1 1 1
 0.5 1 1 1 1
 0.5 1 1 1 1
 0.5 1 1 1 1
 0.5 1 1 1 1
 0.5 1 1 1 1
 0.5 1 1 1 1
 0.5 1 1 1 1
 0.5 1 1 1 1
 0.5 1 1 1 1
 0.5 1 1 1 1
 0.5 1 1 1 1
 0.5 1 1 1 1
 0.5 1 1 1 1
 0.5 1 1 1 1
 0.5 1 1 1 1
pf_obs 
 0.256992 0.487395 0.22802 0.0275931 0
 0.321318 0.546541 0.124235 0.00734118 0.000564706
 0.182869 0.594174 0.210203 0.0122559 0.00049798
 0.330522 0.361315 0.267642 0.0388342 0.00168674
 0.649043 0.306663 0.0425973 0.00169635 0
 0.582887 0.30429 0.105238 0.00758474 0
 0.465427 0.430635 0.0974691 0.00646863 0
 0.296916 0.608066 0.0921331 0.00288517 0
 0.311714 0.524322 0.152257 0.0117073 0
 0.15457 0.633149 0.183074 0.0267441 0.00246327
 0.131901 0.49318 0.331252 0.0422183 0.00144891
 0.196976 0.569456 0.194076 0.0375587 0.00193317
 0.518974 0.381816 0.0799577 0.0180837 0.00116848
 0.0928022 0.601141 0.25162 0.0475244 0.00691264
 0.122501 0.610282 0.24278 0.0234846 0.000952079
 0.383417 0.481906 0.127806 0.00687128 0
 0.0376549 0.599619 0.316969 0.0457579 0
 0.0361596 0.667082 0.258105 0.0386534 0
 0.158088 0.579412 0.248529 0.0139706 0
 0.0477256 0.309471 0.559284 0.082774 0.000745712
 0.0406174 0.521527 0.379366 0.0568643 0.0016247
 0.151134 0.462217 0.34131 0.0453401 0
 0.294876 0.26143 0.354403 0.0886775 0.000613685
 0.281977 0.475581 0.204845 0.0348837 0.00271318
 0 0 0 0 0
pf_pred 
 0.479573 0.367929 0.136421 0.0160712 5.50695e-06
 0.464169 0.358087 0.125661 0.0465928 0.00549078
 0.321889 0.444122 0.15637 0.054874 0.022744
 0.469554 0.284288 0.161219 0.0567632 0.0281757
 0.580127 0.272637 0.0789098 0.0447494 0.0235764
 0.387816 0.450597 0.104924 0.0303682 0.026295
 0.597526 0.236348 0.122277 0.0284727 0.0153764
 0.494897 0.38384 0.0712105 0.0368413 0.0132115
 0.5698 0.295448 0.102401 0.0189976 0.0133531
 0.504354 0.370108 0.0862156 0.029882 0.00944038
 0.316577 0.469354 0.159849 0.0372362 0.0169832
 0.300882 0.363584 0.230435 0.0784796 0.0266197
 0.457551 0.270886 0.14123 0.0895095 0.0408244
 0.438802 0.380938 0.0900176 0.0469318 0.0433111
 0.541827 0.322262 0.0922554 0.0218004 0.021855
 0.55979 0.338562 0.0714953 0.0204673 0.00968514
 0.464217 0.398976 0.105217 0.022219 0.00937062
 0.477032 0.343916 0.133333 0.0351622 0.0105569
 0.457119 0.359426 0.120645 0.0467728 0.0160381
 0.584746 0.266664 0.0983775 0.0330213 0.0171918
 0.547326 0.339231 0.0728497 0.0268757 0.0137177
 0.452377 0.390494 0.117752 0.0252871 0.0140905
 0.491559 0.321016 0.133647 0.0403007 0.0134771
 0.456012 0.36425 0.113482 0.0472455 0.0190109
 0.289683 0.45337 0.172049 0.0536018 0.0312954
pobs_RECLAS
 0 0 0 0 0
 0 0 0 0 0
 0 0 0 0 0
 0 0 0 0 0
 0.835266 0.146461 0.0176864 0.000547809 3.91292e-05
 0.385257 0.428462 0.181853 0.0044286 0
 0.867414 0.0963971 0.0333333 0.00285562 0
 0.441836 0.489002 0.0689373 0.000224442 0
 0.779404 0.147425 0.0564933 0.0165055 0.000172143
 0.814271 0.122319 0.05973 0.00367925 0
 0.40263 0.566651 0.0304383 0.000280538 0
 0.475488 0.404961 0.113038 0.00651328 0
 0.955842 0.0263864 0.0167828 0.000988607 0
 0.975058 0.0227948 0.00214734 0 0
 0.738997 0.206755 0.0527124 0.00153531 0
 0.850938 0.134255 0.0134407 0.00136685 0
 0.542534 0.407297 0.0501686 0 0
 0.764087 0.199537 0.0359546 0.000420521 0
 0.470689 0.182191 0.310203 0.0369168 0
 0.84361 0.089868 0.0606195 0.00523954 0.000663233
 0.607945 0.314616 0.071237 0.00620181 0
 0.523733 0.453247 0.0230204 0 0
 0.530135 0.295979 0.169645 0.0042399 0
 0.562478 0.366248 0.0663022 0.0049721 0
 0.250443 0.683176 0.0655157 0.000865301 0
ppred_RECLAS
 0.482524 0.365843 0.135648 0.0159801 5.47573e-06
 0.467198 0.356062 0.124951 0.0463294 0.00545973
 0.328881 0.439543 0.154758 0.0543082 0.0225095
 0.470884 0.283576 0.160814 0.0566209 0.0281051
 0.580364 0.272484 0.0788653 0.0447241 0.0235632
 0.391695 0.447742 0.104259 0.0301757 0.0261283
 0.599447 0.23522 0.121693 0.0283368 0.015303
 0.498818 0.38086 0.0706577 0.0365553 0.0131089
 0.573419 0.292963 0.10154 0.0188378 0.0132408
 0.506743 0.368324 0.0858 0.029738 0.00939487
 0.321758 0.465797 0.158637 0.036954 0.0168545
 0.305543 0.36116 0.228899 0.0779563 0.0264422
 0.467066 0.266134 0.138752 0.0879393 0.0401083
 0.460567 0.366164 0.0865265 0.0451116 0.0416313
 0.558476 0.310552 0.088903 0.0210082 0.0210608
 0.564732 0.334762 0.0706927 0.0202375 0.00957642
 0.467724 0.396365 0.104528 0.0220735 0.00930928
 0.479298 0.342426 0.132755 0.0350098 0.0105111
 0.45909 0.35812 0.120206 0.046603 0.0159799
 0.586546 0.265508 0.0979511 0.0328782 0.0171173
 0.548092 0.338657 0.0727265 0.0268302 0.0136945
 0.453413 0.389755 0.117529 0.0252393 0.0140638
 0.492962 0.32013 0.133279 0.0401895 0.0134399
 0.457545 0.363223 0.113162 0.0471123 0.0189573
 0.291071 0.452484 0.171713 0.053497 0.0312343
pobs_PELACES
 0 0 0 0 0
 0 0 0 0 0
 0 0 0 0 0
 0 0 0 0 0
 0 0 0 0 0
 0 0 0 0 0
 0 0 0 0 0
 0 0 0 0 0
 0 0 0 0 0
 0 0 0 0 0
 0.450072 0.473896 0.0757376 0.000293798 0
 0 0 0 0 0
 0.463077 0.371075 0.160297 0.00555027 0
 0.529543 0.364841 0.0842815 0.0213345 0
 0.631943 0.363953 0.00410389 0 0
 0.735681 0.248677 0.0153453 0.000297389 0
 0.695825 0.281241 0.0229344 0 0
 0.275771 0.60734 0.115278 0.00161068 0
 0 0 0 0 0
 0.896147 0.0623911 0.0374545 0.00400742 0
 0.803859 0.145111 0.0509908 3.86294e-05 0
 0.739449 0.233085 0.0266225 0.000797448 4.60066e-05
 0.878498 0.100942 0.0204185 0.000141795 0
 0.694673 0.275183 0.0284847 0.00165964 0
 0 0 0 0 0
ppred_PELACES
 0.495257 0.356841 0.13231 0.0155869 5.34099e-06
 0.480209 0.347367 0.121899 0.045198 0.00532641
 0.353217 0.423605 0.149146 0.052339 0.0216933
 0.477393 0.280087 0.158836 0.0559243 0.0277593
 0.581668 0.271637 0.0786201 0.0445851 0.0234899
 0.407466 0.436134 0.101556 0.0293934 0.0254509
 0.60828 0.230033 0.119009 0.0277118 0.0149656
 0.514759 0.368746 0.0684103 0.0353926 0.012692
 0.588237 0.282786 0.0980126 0.0181834 0.0127809
 0.517452 0.360328 0.0839372 0.0290923 0.0091909
 0.341183 0.452456 0.154094 0.0358956 0.0163718
 0.32338 0.351883 0.223019 0.075954 0.025763
 0.497876 0.250749 0.130731 0.0828555 0.0377896
 0.514647 0.329455 0.0778519 0.040589 0.0374576
 0.602651 0.27948 0.0800081 0.0189063 0.0189536
 0.583577 0.320268 0.0676319 0.0193613 0.00916179
 0.482348 0.385475 0.101656 0.0214671 0.00905352
 0.489558 0.335679 0.13014 0.03432 0.010304
 0.468224 0.352073 0.118177 0.045816 0.01571
 0.594927 0.260125 0.0959653 0.0322117 0.0167703
 0.55205 0.335691 0.0720894 0.0265952 0.0135745
 0.458628 0.386037 0.116407 0.0249984 0.0139297
 0.499784 0.315823 0.131486 0.0396488 0.0132591
 0.464913 0.35829 0.111625 0.0464725 0.0186998
 0.297704 0.448251 0.170106 0.0529965 0.030942
pobs_pel_tallas
 0 0 0 0 0 0 0 0 0 0 0 0 0 0 0 0 0 0 0 0 0 0 0 0 0 0 0 0 0 0 0 0 0 0 0 0
 0 0 0 0 0 0 0 0 0 0 0 0 0 0 0 0 0 0 0 0 0 0 0 0 0 0 0 0 0 0 0 0 0 0 0 0
 0 0 0 0 0 0 0 0 0 0 0 0 0 0 0 0 0 0 0 0 0 0 0 0 0 0 0 0 0 0 0 0 0 0 0 0
 0 0 0 0 0 0 0 0 0 0 0 0 0 0 0 0 0 0 0 0 0 0 0 0 0 0 0 0 0 0 0 0 0 0 0 0
 0 0 0 0 0 0 0 0 0 0 0 0 0 0 0 0 0 0 0 0 0 0 0 0 0 0 0 0 0 0 0 0 0 0 0 0
 0 0 0 0 0 0 0 0 0 0 0 0 0 0 0 0 0 0 0 0 0 0 0 0 0 0 0 0 0 0 0 0 0 0 0 0
 0 0 0 0 0 0 0 0 0 0 0 0 0 0 0 0 0 0 0 0 0 0 0 0 0 0 0 0 0 0 0 0 0 0 0 0
 0 0 0 0 0 0 0 0 0 0 0 0 0 0 0 0 0 0 0 0 0 0 0 0 0 0 0 0 0 0 0 0 0 0 0 0
 0 0 0 0 0 0 0 0 0 0 0 0 0 0 0 0 0 0 0 0 0 0 0 0 0 0 0 0 0 0 0 0 0 0 0 0
 0 0 0 0 0 0 0 0 0 0 0 0 0 0 0 0 0 0 0 0 0 0 0 0 0 0 0 0 0 0 0 0 0 0 0 0
 0 0 0 0 0 0 0 0 1.78061e-05 0.00172719 0.00360574 0.0105946 0.0120993 0.0124554 0.0147524 0.0171206 0.0266825 0.0428682 0.0675386 0.121331 0.153587 0.119568 0.100827 0.0573624 0.0630603 0.0341343 0.0324427 0.0444173 0.0211091 0.0280891 0.0125444 0.00206551 0 0 0 0
 0 0 0 0 0 0 0 0 0 0 0 0 0 0 0 0 0 0 0 0 0 0 0 0 0 0 0 0 0 0 0 0 0 0 0 0
 0 0 0 0 0 0 0.0133647 0.0140871 0.0187388 0.0205184 0.03894 0.0496705 0.03968 0.0493445 0.0407372 0.0367815 0.0215668 0.0243155 0.0234873 0.0199281 0.019796 0.0243948 0.0301388 0.0376714 0.0412746 0.0863199 0.0771752 0.113111 0.0741005 0.0525337 0.0229764 0.00759418 0.00175318 0 0 0
 0 0 0 0 0 0 0 0 0 0 0.00219441 0.00772107 0.0458388 0.0604681 0.0671733 0.0775358 0.0609151 0.0617685 0.073594 0.0568108 0.0755445 0.0548602 0.0670107 0.0636378 0.0643287 0.046367 0.0373049 0.0286899 0.0247887 0.0153202 0.00654259 0.00121912 0.000365735 0 0 0
 0 0 0 0 0 0 0 0 0 0 0 0 0.000112435 0.00938835 0.0111873 0.0202946 0.0414886 0.0713402 0.111592 0.104902 0.108894 0.110636 0.117776 0.105296 0.107544 0.0401394 0.0192827 0.0124803 0.00416011 0.0028671 0.000618394 0 0 0 0 0
 0 0 0 0 0 0 0 0 0 0 0.00291406 0.0102884 0.027416 0.0768956 0.0749926 0.110853 0.0956884 0.0897413 0.0766577 0.0534642 0.0500743 0.0551293 0.0594112 0.0620874 0.0668451 0.0424026 0.0208742 0.0120726 0.0048766 0.00582813 0.00118941 0.000297354 0 0 0 0
 0 0.00264628 0.0354308 0.0461629 0.0458689 0.0383711 0.0214643 0.0164657 0.0346957 0.0420465 0.0363128 0.0245516 0.0311673 0.0291091 0.0169068 0.0133784 0.00837989 0.0085269 0.0148486 0.0160247 0.0276389 0.0546898 0.0760071 0.122758 0.109233 0.0665981 0.0333725 0.0166128 0.00676272 0.00308733 0.000882094 0 0 0 0 0
 0 0 0 0 0 0 0 0.000805153 0.000690131 0.00759144 0.0133425 0.0154129 0.00931677 0.000345066 0.00356568 0.00563607 0.00851162 0.0253048 0.0502646 0.0516448 0.0657925 0.0565908 0.0611916 0.0827007 0.0866115 0.110766 0.145733 0.0935128 0.0569358 0.0249597 0.0138026 0.00621118 0.00161031 0.00115022 0 0
 0 0 0 0 0 0 0 0 0 0 0 0 0 0 0 0 0 0 0 0 0 0 0 0 0 0 0 0 0 0 0 0 0 0 0 0
 0.00147267 0.00158595 0.00478618 0.00569244 0.00954404 0.0108468 0.00647125 0.017049 0.0510054 0.094081 0.124002 0.0959785 0.0687766 0.0820023 0.061753 0.0591476 0.0492212 0.0479892 0.0443925 0.0268479 0.0217502 0.0140895 0.0121071 0.0120363 0.00920419 0.00665534 0.0049561 0.00860946 0.00930331 0.0156896 0.0114698 0.00855282 0.00243557 0.00046729 0 2.83206e-05
 0 0 0 0 0.000772559 0.00158375 0.000888443 0.00281984 0.00712685 0.0440552 0.0773331 0.111326 0.0921469 0.0852325 0.0710754 0.0886704 0.0786465 0.0553345 0.0373146 0.0185414 0.00753245 0.00457741 0.012979 0.0271748 0.0457355 0.0583668 0.034881 0.0177882 0.00938659 0.00492506 0.0015258 0.00185414 0.000309023 5.79419e-05 3.86279e-05 0
 0 0.00173294 0.00326652 0 0.00397197 0.00683976 0.00946217 0.0152591 0.00757587 0.0136028 0.0228656 0.0392903 0.0559909 0.0764795 0.0681675 0.0726916 0.0566044 0.0477403 0.0527397 0.0444891 0.0609904 0.0582453 0.0661739 0.0445044 0.0529084 0.0360697 0.0280645 0.0235558 0.0158879 0.00826598 0.00280645 0.00217768 0.000904811 0.00058276 9.20147e-05 0
 0 0 0 0 0 0 0 0 0 0 0 0 0 0 0 0 0 0 0 0 0 0 0 0 0 0 0 0 0 0 0 0 0 0 0 0
 0 0 0 0 0 0 0 0 0 0 0 0 0 0 0 0 0 0 0 0 0 0 0 0 0 0 0 0 0 0 0 0 0 0 0 0
 0 0 0 0 0 0 0 0 0 0 0 0 0 0 0 0 0 0 0 0 0 0 0 0 0 0 0 0 0 0 0 0 0 0 0 0
ppred_pel_tallas
 1.02531e-16 2.16229e-05 0.000126873 0.000603024 0.00232155 0.00723943 0.0182865 0.0374186 0.062033 0.0833315 0.0907416 0.0801843 0.0577121 0.0343145 0.0178388 0.00988174 0.00820142 0.0101073 0.0139147 0.0187855 0.024195 0.0296216 0.0344887 0.0382389 0.0404474 0.0409135 0.039697 0.0370853 0.0335073 0.0294261 0.0252451 0.0212537 0.0176172 0.0143997 0.0116021 0.00919713
 1.03646e-16 2.09663e-05 0.00012302 0.000584705 0.00225102 0.00701948 0.0177309 0.0362818 0.0601485 0.0808002 0.0879859 0.0777508 0.0559641 0.0332824 0.0173158 0.00961452 0.00800748 0.00988921 0.0136301 0.0184222 0.0237613 0.0291467 0.0340236 0.0378546 0.0402288 0.0409492 0.040067 0.0378488 0.0346931 0.0310272 0.0272188 0.0235258 0.0200907 0.0169652 0.0141497 0.0116266
 1.05068e-16 1.5432e-05 9.0521e-05 0.000430187 0.00165606 0.00516411 0.0130445 0.0266936 0.0442584 0.0594702 0.064801 0.0573627 0.0415066 0.0251214 0.0138729 0.00898209 0.00893386 0.0118738 0.0166194 0.0225219 0.0290724 0.0356872 0.0416967 0.0464487 0.0494429 0.0504383 0.0494948 0.046932 0.0432286 0.0388963 0.0343731 0.029964 0.0258343 0.0220419 0.0185851 0.015445
 1.05565e-16 2.08409e-05 0.000122289 0.000581245 0.00223772 0.00697804 0.0176262 0.0360669 0.0597905 0.0803141 0.0874427 0.0772378 0.0555234 0.0328774 0.0168449 0.00894439 0.00699824 0.00840879 0.0115702 0.0157237 0.0204455 0.0253411 0.0299719 0.0339008 0.0367751 0.038394 0.0387381 0.0379474 0.0362632 0.0339551 0.0312611 0.0283562 0.0253522 0.0223177 0.0193046 0.016367
 1.03835e-16 2.53872e-05 0.000148981 0.000708146 0.00272633 0.00850173 0.0214749 0.0439415 0.0728423 0.0978383 0.106502 0.0940245 0.0674849 0.0397466 0.0199674 0.00995364 0.00700348 0.00790707 0.010678 0.0143887 0.0185557 0.0227693 0.0265971 0.0296249 0.0315392 0.032193 0.0316318 0.0300657 0.0278023 0.0251656 0.0224269 0.0197679 0.017278 0.0149783 0.0128544 0.0108861
 1.03783e-16 1.77979e-05 0.00010441 0.000496216 0.00191029 0.0059569 0.015047 0.030791 0.05105 0.0685905 0.0747238 0.066111 0.0477592 0.0287503 0.0155944 0.00966849 0.00918981 0.0119876 0.0166779 0.022513 0.0289329 0.0353192 0.0409765 0.0452386 0.0476111 0.0478817 0.0461618 0.0428394 0.0384681 0.0336278 0.0288074 0.0243363 0.0203763 0.0169555 0.0140238 0.0115041
 1.03416e-16 2.65461e-05 0.000155788 0.000740516 0.00285097 0.00889044 0.0224566 0.0459501 0.0761703 0.102304 0.111351 0.0982763 0.070474 0.0413813 0.0205566 0.00986773 0.00646957 0.00699409 0.00936883 0.0126518 0.016391 0.0202322 0.0238058 0.0267507 0.0287811 0.0297428 0.0296377 0.0286047 0.0268695 0.0246819 0.0222628 0.0197742 0.017317 0.0149457 0.0126907 0.0105761
 1.02901e-16 2.24736e-05 0.000131867 0.000626763 0.00241295 0.00752444 0.0190064 0.0388917 0.0644749 0.086611 0.0943107 0.0833331 0.0599675 0.035633 0.0184815 0.0101662 0.0083486 0.0102223 0.0140254 0.0188769 0.0242244 0.0295249 0.0341866 0.0376485 0.0394981 0.0395651 0.0379557 0.0350113 0.0312123 0.0270595 0.0229715 0.0192277 0.0159599 0.0131828 0.0108425 0.00886128
 1.02706e-16 2.56742e-05 0.000150665 0.000716148 0.00275713 0.00859779 0.0217175 0.0444381 0.0736657 0.098945 0.107709 0.0950942 0.0682625 0.0402243 0.0202439 0.0101512 0.00721684 0.0081961 0.0110784 0.0149197 0.0192194 0.0235467 0.0274445 0.0304743 0.0323029 0.0327735 0.0319339 0.0300092 0.0273333 0.0242638 0.0211083 0.0180827 0.0153051 0.0128163 0.0106107 0.00866597
 1.02739e-16 2.25907e-05 0.000132555 0.000630036 0.00242555 0.00756376 0.0191057 0.0390948 0.0648114 0.0870622 0.0947998 0.0837602 0.0602638 0.035787 0.0185211 0.0101246 0.00824393 0.0100567 0.0137937 0.0185761 0.0238596 0.0291129 0.0337563 0.0372376 0.0391473 0.0393097 0.0378177 0.0349943 0.0313001 0.0272194 0.0231615 0.0194047 0.0160878 0.0132383 0.0108171 0.00876025
 1.04334e-16 1.49085e-05 8.74448e-05 0.000415556 0.00159972 0.0049884 0.0126007 0.0257858 0.0427545 0.0574533 0.0626135 0.0554506 0.0401758 0.0244214 0.0136759 0.00913768 0.00936107 0.0125665 0.0176105 0.0238459 0.030738 0.0376605 0.0438939 0.0487388 0.0516628 0.0524157 0.0510746 0.0479999 0.0437258 0.0388237 0.0337848 0.0289533 0.024517 0.0205398 0.0170126 0.0138996
 1.07095e-16 1.41282e-05 8.28731e-05 0.000393842 0.00151615 0.00472781 0.0119424 0.024438 0.0405179 0.054442 0.0593166 0.052495 0.0379567 0.0229187 0.012562 0.00799987 0.00784547 0.0104112 0.0146398 0.0199809 0.0260292 0.0323213 0.038311 0.0434458 0.0472727 0.0495248 0.050159 0.0493309 0.0473247 0.0444651 0.0410447 0.0372854 0.033339 0.0293095 0.0252838 0.0213518
 1.06551e-16 2.17327e-05 0.000127528 0.000606157 0.00233365 0.0072772 0.0183818 0.0376127 0.0623518 0.0837507 0.091174 0.0805091 0.0578216 0.0341307 0.0172888 0.00885985 0.0065531 0.00764529 0.0104595 0.0142208 0.0185254 0.0230212 0.0273224 0.0310451 0.0338784 0.0356427 0.0363145 0.0360052 0.0349091 0.0332397 0.0311782 0.0288503 0.02633 0.0236618 0.0208873 0.0180627
 1.04358e-16 2.24671e-05 0.000131832 0.000626606 0.00241236 0.00752262 0.0190018 0.0388819 0.0644576 0.0865845 0.0942732 0.0832796 0.0598846 0.0354949 0.0182476 0.00978117 0.0077448 0.00932665 0.0127721 0.0172255 0.02218 0.027155 0.0316285 0.0351014 0.037201 0.0377616 0.0368555 0.0347566 0.0318578 0.0285683 0.0252277 0.0220587 0.0191644 0.0165573 0.0142018 0.0120529
 1.02763e-16 2.63025e-05 0.000154354 0.000733688 0.00282467 0.0088084 0.0222495 0.0455265 0.0754697 0.101367 0.110342 0.0974122 0.0699112 0.0411649 0.0206595 0.0102637 0.00717431 0.00806112 0.0108607 0.0146065 0.018792 0.0229883 0.026744 0.0296295 0.0313223 0.0316772 0.0307531 0.0287841 0.0261105 0.0230917 0.0200326 0.017142 0.0145266 0.012213 0.0101813 0.00839595
 1.02158e-16 2.54724e-05 0.000149477 0.000710494 0.00273535 0.00852986 0.021546 0.0440874 0.0730854 0.0981687 0.106872 0.0943758 0.0677908 0.0400343 0.0203101 0.0104475 0.00775104 0.00900695 0.0122131 0.0164073 0.0210484 0.0256488 0.0296897 0.0326806 0.03426 0.0342773 0.032823 0.0301933 0.026808 0.0231067 0.0194604 0.0161202 0.0132094 0.0107483 0.00869511 0.00698387
 1.0273e-16 2.10611e-05 0.000123573 0.000587326 0.0022611 0.00705091 0.0178103 0.0364446 0.0604193 0.081167 0.088393 0.0781288 0.056276 0.0335472 0.017598 0.0099979 0.00857657 0.0107207 0.014785 0.0199324 0.0256127 0.0312645 0.0362676 0.0400284 0.0421042 0.0423019 0.0407152 0.0376848 0.0337008 0.0292814 0.0248681 0.0207649 0.0171292 0.0139994 0.0113418 0.00909416
 1.03618e-16 2.13735e-05 0.000125411 0.000596077 0.00229481 0.00715604 0.0180758 0.0369874 0.0613178 0.0823694 0.0896903 0.0792466 0.0570185 0.0338647 0.0175369 0.0096076 0.00785584 0.00962055 0.0132408 0.0179012 0.023105 0.0283667 0.0331494 0.0369316 0.0393121 0.0400943 0.0393203 0.0372398 0.0342312 0.0307025 0.0270072 0.0233965 0.0200129 0.0169136 0.0141066 0.011583
 1.04101e-16 2.04439e-05 0.000119952 0.00057012 0.00219487 0.00684437 0.0172886 0.0353768 0.0586486 0.0787866 0.0857965 0.0758239 0.0545943 0.032502 0.0169728 0.00952444 0.00804637 0.0100031 0.0138069 0.018666 0.0240786 0.0295402 0.0344911 0.0383892 0.0408207 0.0415885 0.0407467 0.0385658 0.0354481 0.031823 0.0280567 0.0244032 0.0209986 0.0178877 0.015065 0.0125104
 1.03338e-16 2.5965e-05 0.000152374 0.000724278 0.00278844 0.00869544 0.0219641 0.0449426 0.0745012 0.100065 0.108922 0.0961512 0.0689905 0.0405914 0.0203145 0.00999992 0.00687745 0.00765973 0.0103157 0.0139047 0.0179482 0.0220495 0.0257913 0.0287716 0.0306819 0.0313713 0.0308722 0.0293756 0.0271694 0.0245622 0.0218186 0.0191228 0.0165757 0.0142143 0.0120408 0.0100482
 1.02681e-16 2.40983e-05 0.000141409 0.000672132 0.00258764 0.00806923 0.0203825 0.0417069 0.0691402 0.0928726 0.101115 0.089311 0.064195 0.037996 0.0194337 0.0102543 0.00792394 0.0094145 0.0128353 0.0172659 0.0221679 0.0270389 0.0313383 0.0345532 0.0363047 0.0364327 0.0350277 0.032394 0.0289637 0.0251885 0.0214488 0.0180006 0.0149682 0.0123713 0.0101677 0.00829325
 1.03289e-16 2.00268e-05 0.0001175 0.000558458 0.00214995 0.0067043 0.0169348 0.0346532 0.0574502 0.0771803 0.0840567 0.0743087 0.053552 0.0319791 0.0168779 0.00975181 0.00854904 0.010795 0.0149309 0.0201586 0.0259431 0.0317288 0.0368971 0.0408526 0.0431467 0.0435762 0.0422209 0.0394049 0.0356012 0.0313121 0.0269673 0.0228647 0.0191621 0.015905 0.0130721 0.0106165
 1.03952e-16 2.18186e-05 0.000128026 0.000608513 0.0023427 0.00730539 0.018453 0.0377591 0.0625962 0.0840843 0.0915514 0.0808761 0.0581584 0.0344765 0.0177342 0.00952544 0.00757205 0.00915047 0.0125663 0.0170001 0.0219717 0.0270238 0.031653 0.0353685 0.0377896 0.0387241 0.0382011 0.0364416 0.0337864 0.0306046 0.0272165 0.0238506 0.0206384 0.0176372 0.0148631 0.0123199
 1.04172e-16 2.02997e-05 0.000119105 0.000566093 0.00217936 0.00679601 0.0171665 0.0351269 0.0582346 0.0782312 0.0851936 0.0752957 0.054224 0.0323017 0.0169048 0.00954396 0.00812654 0.0101367 0.0139973 0.0189174 0.02439 0.0299024 0.0348851 0.0387885 0.0411949 0.0419089 0.0409918 0.0387255 0.0355254 0.0318324 0.0280208 0.0243473 0.0209458 0.0178555 0.0150631 0.0125409
 1.05828e-16 1.30124e-05 7.63137e-05 0.000362639 0.00139598 0.00435303 0.0109958 0.0225021 0.0373116 0.0501446 0.0546626 0.0484431 0.0351722 0.0215269 0.0123201 0.00862637 0.00921479 0.0125585 0.0176724 0.0239836 0.0309909 0.0380879 0.0445692 0.0497437 0.0530783 0.0543103 0.0534925 0.05095 0.0471759 0.0426992 0.0379739 0.0333177 0.0289057 0.0248041 0.0210201 0.0175452
pSPR Fmed_Fpbrs
0.587703   0.254687 0.254687
Fs Fmed_Fpbrs
0.291993   1.005 1.005
SSBpbr Bo_Bmed_Bpbrs
982955  528538  201198 201198
Ro
41772.8
SPR SPRFo_SPRFmed_SPRFpbrs
860917 505963 219264
log_Ro
10.46
likeval ReclasPelacesDesembMPH_pf_preclas_ppelaces_ptallas_desvR_qrecl_qpela
 111.754 79.5926 0.00642147 0.000730357 310.537 207.715 74.151 0 13.0638 0 0 0 0 0 0
q_reclas_q_pelaces
1 1
M
0.7
N
 44768.5 18333.8 6797.84 800.823 0.27441
 46191.3 19050.2 6685.15 2478.73 292.109
 24869 19582.4 6894.74 2419.53 1002.84
 28391.9 8894.04 5043.77 1775.85 881.486
 55041.7 13026.5 3770.28 2138.11 1126.47
 42591.7 26892.7 6262.08 1812.44 1569.34
 83523 17330.1 8965.86 2087.74 1127.47
 88193.7 37085.1 6880.08 3559.46 1276.44
 128864 36098.9 12511.7 2321.2 1631.54
 137214 53212.9 12395.8 4296.33 1357.3
 72385.7 59838.9 20379.4 4747.32 2165.22
 41134.3 27558.7 17466.4 5948.55 2017.7
 46277.6 15895.8 8287.45 5252.48 2395.61
 28642 15809.9 3735.95 1947.78 1797.51
 20151 7376.59 2111.73 499.012 500.261
 17329.2 5772.56 1219.01 348.971 165.134
 14711.5 6812.72 1796.63 379.4 160.008
 16088.2 6116.06 2371.14 625.31 187.739
 17106.7 7054.01 2367.74 917.953 314.76
 31861.1 7600.12 2803.83 941.133 489.98
 45001.3 14243.9 3058.86 1128.47 575.988
 47980.7 21289.7 6419.8 1378.65 768.212
 66062.3 22355.9 9307.35 2806.58 938.557
 72747.1 30202 9409.41 3917.39 1576.3
 40476.4 33020.9 12531.1 3904.05 2279.38
pred_Ctot
 4648.3 3566.18 1322.27 155.771 0.0533766
 4904.01 3783.24 1327.63 492.26 58.0109
 5099.59 7036.09 2477.33 869.352 360.326
 1560.3 944.674 535.72 188.621 93.6264
 638.127 299.895 86.799 49.2233 25.9336
 5596.54 6502.54 1514.15 438.241 379.461
 6400.66 2531.75 1309.82 304.997 164.711
 11271.5 8742.14 1621.85 839.079 300.898
 15777 8180.55 2835.35 526.019 369.73
 12110.2 8886.76 2070.14 717.504 226.675
 12333.2 18285.1 6227.37 1450.65 661.631
 6657.14 8044.46 5098.48 1736.4 588.972
 10610.3 6281.67 3275.02 2075.67 946.692
 10292.3 8935.04 2111.4 1100.8 1015.88
 6327.37 3763.33 1077.34 254.582 255.219
 2631.39 1591.47 336.076 96.2098 45.5266
 1740.32 1495.73 394.45 83.2973 35.1298
 1364.08 983.432 381.268 100.547 30.1875
 1304.22 1025.49 344.215 133.449 45.7588
 2299.05 1048.44 386.792 129.83 67.5932
 1535.54 951.72 204.381 75.4003 38.4853
 2137.64 1845.22 556.417 119.49 66.5825
 3788.55 2474.13 1030.05 310.606 103.871
 4519.02 3609.67 1124.59 468.197 188.396
 2699.9 4225.49 1603.53 499.577 291.679
F
 0.154429 0.308857 0.308857 0.308857 0.308857
 0.158159 0.316317 0.316317 0.316317 0.316317
 0.328239 0.656478 0.656478 0.656478 0.656478
 0.0791167 0.158233 0.158233 0.158233 0.158233
 0.0162368 0.0324736 0.0324736 0.0324736 0.0324736
 0.199215 0.39843 0.39843 0.39843 0.39843
 0.111907 0.223815 0.223815 0.223815 0.223815
 0.193273 0.386547 0.386547 0.386547 0.386547
 0.184454 0.368907 0.368907 0.368907 0.368907
 0.129887 0.259774 0.259774 0.259774 0.259774
 0.265689 0.531378 0.531378 0.531378 0.531378
 0.250789 0.501577 0.501577 0.501577 0.501577
 0.374026 0.748051 0.748051 0.748051 0.748051
 0.656563 1.31313 1.31313 1.31313 1.31313
 0.550136 1.10027 1.10027 1.10027 1.10027
 0.233602 0.467203 0.467203 0.467203 0.467203
 0.17771 0.355421 0.355421 0.355421 0.355421
 0.12449 0.248981 0.248981 0.248981 0.248981
 0.111304 0.222608 0.222608 0.222608 0.222608
 0.10506 0.210121 0.210121 0.210121 0.210121
 0.0484699 0.0969398 0.0969398 0.0969398 0.0969398
 0.0637092 0.127418 0.127418 0.127418 0.127418
 0.0826892 0.165378 0.165378 0.165378 0.165378
 0.0898485 0.179697 0.179697 0.179697 0.179697
 0.0967686 0.193537 0.193537 0.193537 0.193537
nmprior
 10 11 7 0
nm_flota  nm_reclas  nm_pelaces    nm_pelaL
inf 13.8398 12.9524 21.6182
cv_recla  cv_pelaces  cv_mph
0.956215 1.04979 0.87681
 ------------------------------------------------
Talla a la edad & desviación 
 7.2 14.2025 17.0495 18.207 18.6776
 1.08 2.13037 2.55742 2.73105 2.80164
