years
 1997 1998 1999 2000 2001 2002 2003 2004 2005 2006 2007 2008 2009 2010 2011 2012 2013 2014 2015 2016 2017 2018 2019 2020 2021
reclasobs
 0 0 0 370054 412103 1.49427e+06 250295 1.28982e+06 931140 785840 897777 1.04006e+06 184774 17550 25797 100020 73551 82996 120727 218422 84188 347160 605670 569463 516374
reclaspred
 373710 101441 306435 229917 350104 416559 922138 621645 704761 653097 517229 347081 212703 98741.6 69811.2 71857.7 90241.4 122311 127272 187050 274982 250313 421985 518078 532596
pelacesobs
 0 0 0 0 0 0 0 0 0 2.06254e+06 1.5e+06 0 1.87456e+06 323000 250000 174000 83755 137374 0 501740 490994 745055 786931 1.00524e+06 0
pelacespred
 1.01969e+06 245213 461063 521961 681362 679944 1.71886e+06 1.43492e+06 1.44393e+06 1.34961e+06 964567 668360 408205 158032 109892 121052 158734 217687 233902 333296 543406 484744 645783 930812 998943
mphobs
 0 0 0 0 0 112323 0 153150 637223 0 255016 313432 73983 77613 109348 50772 0 0 0 0 0 0 0 0 0
mphpred
 666469 397976 483340 588430 648548 1.04281e+06 1.56691e+06 1.85636e+06 1.60884e+06 1.65662e+06 1.58557e+06 1.12147e+06 689981 363546 175875 152803 186994 258254 317083 360498 555930 663970 824621 1.13074e+06 1.56952e+06
desembarqueobs
 350755 77701 442110 56441 14545 235359 269955 359681 431902 328805 639364 411747 362871 311530 167758 66681 60226 58785 57116 71774 51957 67425 138520 160799 200461
desembarquepred
 350759 77699.8 442092 56441.8 14545.1 235391 269980 359674 431920 328816 639534 411967 363169 311936 167787 66690.6 60243.5 58785.5 57111.8 71771.7 51956.9 67418.9 138517 160801 200461
Reclutas
 48371.4 62675.2 37353.8 63349.9 109218 76305.7 124848 119530 147958 149621 68192.1 39697.7 42716 23513.6 18237.9 22499.9 18359.1 20233.4 22529.3 43356.8 54076.7 67557.6 102215 122076 36844.1
log_desv_Rt
 -0.0933362 0.165721 -0.351811 0.176428 0.721102 0.362502 0.854855 0.811326 1.02468 1.03586 0.250085 -0.290951 -0.217672 -0.814665 -1.06874 -0.858735 -1.06212 -0.96491 -0.857427 -0.20278 0.0181592 0.240737 0.654835 0.832403 -0.365548
SSB
 666469 397976 483340 588430 648548 1.04281e+06 1.56691e+06 1.85636e+06 1.60884e+06 1.65662e+06 1.58557e+06 1.12147e+06 689981 363546 175875 152803 186994 258254 317083 360498 555930 663970 824621 1.13074e+06 1.56952e+06
BT
 2.11076e+06 571006 1.06841e+06 994484 1.23124e+06 1.40284e+06 3.262e+06 2.97753e+06 2.98094e+06 2.73383e+06 2.30562e+06 1.57662e+06 1.08887e+06 584034 339771 271940 333631 436855 468186 655458 1.01529e+06 931325 1.25194e+06 1.79978e+06 1.95563e+06
Ftot
 0.451424 0.387528 0.578631 0.111559 0.0208779 0.200779 0.126559 0.246829 0.273195 0.213037 0.429959 0.397634 0.633503 1.11614 1.04936 0.414839 0.296182 0.201893 0.173722 0.178351 0.0830615 0.106022 0.128324 0.129795 0.119206
BD_Bspro_t
 0.944394 0.741813 0.697389 0.568723 0.70911 0.836566 0.805592 0.813282 0.765206 0.734516 0.704407 0.556443 0.442364 0.330447 0.213075 0.227396 0.340078 0.502094 0.608519 0.689119 0.789332 0.852963 0.856961 0.856224 0.849708
BD_Bspro
 0.608959 0.363634 0.441632 0.537654 0.592584 0.952824 1.4317 1.69617 1.47001 1.51367 1.44875 1.0247 0.630442 0.332176 0.160698 0.139618 0.170858 0.235969 0.289722 0.32939 0.507958 0.606676 0.753464 1.03317 1.43408
BD_Bo
 0.522769 0.312166 0.379125 0.461556 0.508712 0.817964 1.22906 1.4561 1.26195 1.29943 1.2437 0.879664 0.541211 0.285161 0.137953 0.119857 0.146675 0.202571 0.248715 0.282769 0.436064 0.520809 0.646821 0.886937 1.23111
BD_Brms
 1.82484 1.08968 1.32342 1.61116 1.77577 2.85528 4.29029 5.08283 4.4051 4.53592 4.34141 3.07065 1.88921 0.995413 0.481556 0.418385 0.512001 0.707116 0.868194 0.987066 1.52217 1.81799 2.25786 3.09604 4.29745
S_f
 0.186982 1 1 1 1
 0.186982 1 1 1 1
 0.186982 1 1 1 1
 0.186982 1 1 1 1
 0.186982 1 1 1 1
 0.186982 1 1 1 1
 0.186982 1 1 1 1
 0.186982 1 1 1 1
 0.186982 1 1 1 1
 0.186982 1 1 1 1
 0.186982 1 1 1 1
 0.186982 1 1 1 1
 0.186982 1 1 1 1
 0.186982 1 1 1 1
 0.186982 1 1 1 1
 0.186982 1 1 1 1
 0.186982 1 1 1 1
 0.186982 1 1 1 1
 0.186982 1 1 1 1
 0.186982 1 1 1 1
 0.186982 1 1 1 1
 0.186982 1 1 1 1
 0.186982 1 1 1 1
 0.186982 1 1 1 1
 0.186982 1 1 1 1
Scru_reclas
 1 1 1 1 1
 1 1 1 1 1
 1 1 1 1 1
 1 1 1 1 1
 1 1 1 1 1
 1 1 1 1 1
 1 1 1 1 1
 1 1 1 1 1
 1 1 1 1 1
 1 1 1 1 1
 1 1 1 1 1
 1 1 1 1 1
 1 1 1 1 1
 1 1 1 1 1
 1 1 1 1 1
 1 1 1 1 1
 1 1 1 1 1
 1 1 1 1 1
 1 1 1 1 1
 1 1 1 1 1
 1 1 1 1 1
 1 1 1 1 1
 1 1 1 1 1
 1 1 1 1 1
 1 1 1 1 1
Scru_pelaces
 1 1 1 1 1
 1 1 1 1 1
 1 1 1 1 1
 1 1 1 1 1
 1 1 1 1 1
 1 1 1 1 1
 1 1 1 1 1
 1 1 1 1 1
 1 1 1 1 1
 1 1 1 1 1
 1 1 1 1 1
 1 1 1 1 1
 1 1 1 1 1
 1 1 1 1 1
 1 1 1 1 1
 1 1 1 1 1
 1 1 1 1 1
 1 1 1 1 1
 1 1 1 1 1
 1 1 1 1 1
 1 1 1 1 1
 1 1 1 1 1
 1 1 1 1 1
 1 1 1 1 1
 1 1 1 1 1
pf_obs 
 0.256992 0.487395 0.22802 0.0275931 0
 0.321318 0.546541 0.124235 0.00734118 0.000564706
 0.182869 0.594174 0.210203 0.0122559 0.00049798
 0.330522 0.361315 0.267642 0.0388342 0.00168674
 0.649043 0.306663 0.0425973 0.00169635 0
 0.582887 0.30429 0.105238 0.00758474 0
 0.465427 0.430635 0.0974691 0.00646863 0
 0.296916 0.608066 0.0921331 0.00288517 0
 0.311714 0.524322 0.152257 0.0117073 0
 0.15457 0.633149 0.183074 0.0267441 0.00246327
 0.131901 0.49318 0.331252 0.0422183 0.00144891
 0.196976 0.569456 0.194076 0.0375587 0.00193317
 0.518974 0.381816 0.0799577 0.0180837 0.00116848
 0.0928022 0.601141 0.25162 0.0475244 0.00691264
 0.122501 0.610282 0.24278 0.0234846 0.000952079
 0.383417 0.481906 0.127806 0.00687128 0
 0.0376549 0.599619 0.316969 0.0457579 0
 0.0361596 0.667082 0.258105 0.0386534 0
 0.158088 0.579412 0.248529 0.0139706 0
 0.0477256 0.309471 0.559284 0.082774 0.000745712
 0.0406174 0.521527 0.379366 0.0568643 0.0016247
 0.151134 0.462217 0.34131 0.0453401 0
 0.294876 0.26143 0.354403 0.0886775 0.000613685
 0.281977 0.475581 0.204845 0.0348837 0.00271318
 0 0 0 0 0
pf_pred 
 0.330152 0.470989 0.177667 0.0211816 1.09103e-05
 0.317062 0.522644 0.112708 0.0425156 0.00507137
 0.180004 0.613829 0.157777 0.0340245 0.0143657
 0.310132 0.418925 0.202821 0.0521327 0.0159891
 0.323711 0.48472 0.116331 0.0563213 0.0189167
 0.169673 0.598671 0.166036 0.039848 0.025772
 0.26727 0.39951 0.240254 0.0666323 0.0263341
 0.213357 0.530183 0.139831 0.0840903 0.0325388
 0.249511 0.464721 0.192602 0.050797 0.0423684
 0.224074 0.518866 0.159178 0.0659708 0.0319114
 0.11537 0.557489 0.218761 0.0671115 0.0412684
 0.111461 0.409222 0.302063 0.118531 0.0587233
 0.194351 0.360149 0.205178 0.15145 0.0888724
 0.174514 0.524914 0.134364 0.0765476 0.0896595
 0.25014 0.497068 0.160747 0.041147 0.0508983
 0.328216 0.503586 0.111495 0.0360565 0.0206463
 0.21869 0.59417 0.140285 0.0310595 0.0157958
 0.229366 0.487107 0.215617 0.0509076 0.0170032
 0.227442 0.49134 0.177754 0.0786823 0.0247819
 0.334444 0.419562 0.15645 0.0565997 0.0329446
 0.271388 0.542622 0.117247 0.0437201 0.0250232
 0.250633 0.505198 0.181841 0.0392911 0.0230369
 0.284086 0.467131 0.167721 0.0603696 0.0206924
 0.250342 0.519054 0.150469 0.0540251 0.026111
 0.0736584 0.606416 0.221512 0.0642143 0.034199
pobs_RECLAS
 0 0 0 0 0
 0 0 0 0 0
 0 0 0 0 0
 0 0 0 0 0
 0.835266 0.146461 0.0176864 0.000547809 3.91292e-05
 0.385257 0.428462 0.181853 0.0044286 0
 0.867414 0.0963971 0.0333333 0.00285562 0
 0.441836 0.489002 0.0689373 0.000224442 0
 0.779404 0.147425 0.0564933 0.0165055 0.000172143
 0.814271 0.122319 0.05973 0.00367925 0
 0.40263 0.566651 0.0304383 0.000280538 0
 0.475488 0.404961 0.113038 0.00651328 0
 0.955842 0.0263864 0.0167828 0.000988607 0
 0.975058 0.0227948 0.00214734 0 0
 0.738997 0.206755 0.0527124 0.00153531 0
 0.850938 0.134255 0.0134407 0.00136685 0
 0.542534 0.407297 0.0501686 0 0
 0.764087 0.199537 0.0359546 0.000420521 0
 0.470689 0.182191 0.310203 0.0369168 0
 0.84361 0.089868 0.0606195 0.00523954 0.000663233
 0.607945 0.314616 0.071237 0.00620181 0
 0.523733 0.453247 0.0230204 0 0
 0.530135 0.295979 0.169645 0.0042399 0
 0.562478 0.366248 0.0663022 0.0049721 0
 0.250443 0.683176 0.0655157 0.000865301 0
ppred_RECLAS
 0.73074 0.189325 0.071417 0.00851442 4.38563e-06
 0.717784 0.215976 0.0465751 0.0175691 0.00209568
 0.549974 0.336879 0.0865904 0.0186732 0.0078841
 0.707438 0.177659 0.0860133 0.0221086 0.00678071
 0.719296 0.20119 0.0482849 0.023377 0.00785166
 0.524933 0.342526 0.0949965 0.0227988 0.0147453
 0.662578 0.183974 0.110637 0.0306842 0.0121269
 0.5953 0.27276 0.0719379 0.0432615 0.01674
 0.643658 0.220655 0.0914499 0.024119 0.0201171
 0.609795 0.260932 0.0800489 0.033176 0.0160479
 0.417538 0.367065 0.144037 0.0441879 0.0271721
 0.407497 0.27288 0.201424 0.0790395 0.0391583
 0.574449 0.190234 0.108377 0.0799973 0.0469433
 0.555382 0.282726 0.0723705 0.0412296 0.0482918
 0.661511 0.224378 0.0725614 0.0185738 0.0229756
 0.72843 0.203576 0.0450723 0.0145759 0.00834632
 0.603668 0.301402 0.0711617 0.0157554 0.00801267
 0.616787 0.242223 0.107219 0.0253148 0.00845518
 0.613792 0.245625 0.0888606 0.0393339 0.0123887
 0.730708 0.169759 0.0633016 0.0229009 0.0133298
 0.666706 0.248215 0.0536329 0.0199992 0.0114465
 0.64266 0.240906 0.0867118 0.0187362 0.0109853
 0.681166 0.208038 0.074695 0.0268857 0.00921538
 0.642611 0.247451 0.0717338 0.0257557 0.0124481
 0.299664 0.458465 0.167469 0.0485475 0.0258553
pobs_PELACES
 0 0 0 0 0
 0 0 0 0 0
 0 0 0 0 0
 0 0 0 0 0
 0 0 0 0 0
 0 0 0 0 0
 0 0 0 0 0
 0 0 0 0 0
 0 0 0 0 0
 0 0 0 0 0
 0.450072 0.473896 0.0757376 0.000293798 0
 0 0 0 0 0
 0.463077 0.371075 0.160297 0.00555027 0
 0.529543 0.364841 0.0842815 0.0213345 0
 0.631943 0.363953 0.00410389 0 0
 0.735681 0.248677 0.0153453 0.000297389 0
 0.695825 0.281241 0.0229344 0 0
 0.275771 0.60734 0.115278 0.00161068 0
 0 0 0 0 0
 0.896147 0.0623911 0.0374545 0.00400742 0
 0.803859 0.145111 0.0509908 3.86294e-05 0
 0.739449 0.233085 0.0266225 0.000797448 4.60066e-05
 0.878498 0.100942 0.0204185 0.000141795 0
 0.694673 0.275183 0.0284847 0.00165964 0
 0 0 0 0 0
ppred_PELACES
 0.753895 0.173044 0.0652755 0.00778222 4.00849e-06
 0.738361 0.200229 0.0431792 0.0162881 0.00194288
 0.588025 0.308394 0.0792688 0.0170943 0.00721747
 0.713594 0.173921 0.0842034 0.0216434 0.00663803
 0.720425 0.200381 0.0480906 0.023283 0.00782007
 0.538345 0.332856 0.0923146 0.0221551 0.014329
 0.670127 0.179858 0.108162 0.0299977 0.0118556
 0.611149 0.262079 0.0691207 0.0415673 0.0160845
 0.660288 0.210358 0.0871823 0.0229935 0.0191783
 0.623307 0.251897 0.077277 0.0320272 0.0154922
 0.445831 0.349235 0.137041 0.0420415 0.0258523
 0.433487 0.260911 0.192589 0.0755725 0.0374407
 0.615382 0.171936 0.0979521 0.0723025 0.0424279
 0.627591 0.236809 0.060617 0.0345336 0.0404489
 0.721432 0.184658 0.0597163 0.0152858 0.0189084
 0.749879 0.187496 0.0415123 0.0134246 0.00768709
 0.622515 0.287069 0.0677778 0.0150062 0.00763164
 0.629507 0.234184 0.103661 0.0244746 0.00817454
 0.624781 0.238636 0.0863323 0.0382148 0.0120362
 0.740019 0.16389 0.0611128 0.022109 0.0128689
 0.67164 0.244541 0.0528391 0.0197031 0.0112771
 0.649166 0.236521 0.0851332 0.0183951 0.0107853
 0.688596 0.203189 0.0729543 0.0262591 0.00900062
 0.650568 0.241942 0.0701366 0.0251822 0.0121709
 0.306418 0.454043 0.165853 0.0480793 0.0256059
pobs_pel_tallas
 0 0 0 0 0 0 0 0 0 0 0 0 0 0 0 0 0 0 0 0 0 0 0 0 0 0 0 0 0 0 0 0 0 0 0 0
 0 0 0 0 0 0 0 0 0 0 0 0 0 0 0 0 0 0 0 0 0 0 0 0 0 0 0 0 0 0 0 0 0 0 0 0
 0 0 0 0 0 0 0 0 0 0 0 0 0 0 0 0 0 0 0 0 0 0 0 0 0 0 0 0 0 0 0 0 0 0 0 0
 0 0 0 0 0 0 0 0 0 0 0 0 0 0 0 0 0 0 0 0 0 0 0 0 0 0 0 0 0 0 0 0 0 0 0 0
 0 0 0 0 0 0 0 0 0 0 0 0 0 0 0 0 0 0 0 0 0 0 0 0 0 0 0 0 0 0 0 0 0 0 0 0
 0 0 0 0 0 0 0 0 0 0 0 0 0 0 0 0 0 0 0 0 0 0 0 0 0 0 0 0 0 0 0 0 0 0 0 0
 0 0 0 0 0 0 0 0 0 0 0 0 0 0 0 0 0 0 0 0 0 0 0 0 0 0 0 0 0 0 0 0 0 0 0 0
 0 0 0 0 0 0 0 0 0 0 0 0 0 0 0 0 0 0 0 0 0 0 0 0 0 0 0 0 0 0 0 0 0 0 0 0
 0 0 0 0 0 0 0 0 0 0 0 0 0 0 0 0 0 0 0 0 0 0 0 0 0 0 0 0 0 0 0 0 0 0 0 0
 0 0 0 0 0 0 0 0 0 0 0 0 0 0 0 0 0 0 0 0 0 0 0 0 0 0 0 0 0 0 0 0 0 0 0 0
 0 0 0 0 0 0 0 0 1.78061e-05 0.00172719 0.00360574 0.0105946 0.0120993 0.0124554 0.0147524 0.0171206 0.0266825 0.0428682 0.0675386 0.121331 0.153587 0.119568 0.100827 0.0573624 0.0630603 0.0341343 0.0324427 0.0444173 0.0211091 0.0280891 0.0125444 0.00206551 0 0 0 0
 0 0 0 0 0 0 0 0 0 0 0 0 0 0 0 0 0 0 0 0 0 0 0 0 0 0 0 0 0 0 0 0 0 0 0 0
 0 0 0 0 0 0 0.0133647 0.0140871 0.0187388 0.0205184 0.03894 0.0496705 0.03968 0.0493445 0.0407372 0.0367815 0.0215668 0.0243155 0.0234873 0.0199281 0.019796 0.0243948 0.0301388 0.0376714 0.0412746 0.0863199 0.0771752 0.113111 0.0741005 0.0525337 0.0229764 0.00759418 0.00175318 0 0 0
 0 0 0 0 0 0 0 0 0 0 0.00219441 0.00772107 0.0458388 0.0604681 0.0671733 0.0775358 0.0609151 0.0617685 0.073594 0.0568108 0.0755445 0.0548602 0.0670107 0.0636378 0.0643287 0.046367 0.0373049 0.0286899 0.0247887 0.0153202 0.00654259 0.00121912 0.000365735 0 0 0
 0 0 0 0 0 0 0 0 0 0 0 0 0.000112435 0.00938835 0.0111873 0.0202946 0.0414886 0.0713402 0.111592 0.104902 0.108894 0.110636 0.117776 0.105296 0.107544 0.0401394 0.0192827 0.0124803 0.00416011 0.0028671 0.000618394 0 0 0 0 0
 0 0 0 0 0 0 0 0 0 0 0.00291406 0.0102884 0.027416 0.0768956 0.0749926 0.110853 0.0956884 0.0897413 0.0766577 0.0534642 0.0500743 0.0551293 0.0594112 0.0620874 0.0668451 0.0424026 0.0208742 0.0120726 0.0048766 0.00582813 0.00118941 0.000297354 0 0 0 0
 0 0.00264628 0.0354308 0.0461629 0.0458689 0.0383711 0.0214643 0.0164657 0.0346957 0.0420465 0.0363128 0.0245516 0.0311673 0.0291091 0.0169068 0.0133784 0.00837989 0.0085269 0.0148486 0.0160247 0.0276389 0.0546898 0.0760071 0.122758 0.109233 0.0665981 0.0333725 0.0166128 0.00676272 0.00308733 0.000882094 0 0 0 0 0
 0 0 0 0 0 0 0 0.000805153 0.000690131 0.00759144 0.0133425 0.0154129 0.00931677 0.000345066 0.00356568 0.00563607 0.00851162 0.0253048 0.0502646 0.0516448 0.0657925 0.0565908 0.0611916 0.0827007 0.0866115 0.110766 0.145733 0.0935128 0.0569358 0.0249597 0.0138026 0.00621118 0.00161031 0.00115022 0 0
 0 0 0 0 0 0 0 0 0 0 0 0 0 0 0 0 0 0 0 0 0 0 0 0 0 0 0 0 0 0 0 0 0 0 0 0
 0.00147267 0.00158595 0.00478618 0.00569244 0.00954404 0.0108468 0.00647125 0.017049 0.0510054 0.094081 0.124002 0.0959785 0.0687766 0.0820023 0.061753 0.0591476 0.0492212 0.0479892 0.0443925 0.0268479 0.0217502 0.0140895 0.0121071 0.0120363 0.00920419 0.00665534 0.0049561 0.00860946 0.00930331 0.0156896 0.0114698 0.00855282 0.00243557 0.00046729 0 2.83206e-05
 0 0 0 0 0.000772559 0.00158375 0.000888443 0.00281984 0.00712685 0.0440552 0.0773331 0.111326 0.0921469 0.0852325 0.0710754 0.0886704 0.0786465 0.0553345 0.0373146 0.0185414 0.00753245 0.00457741 0.012979 0.0271748 0.0457355 0.0583668 0.034881 0.0177882 0.00938659 0.00492506 0.0015258 0.00185414 0.000309023 5.79419e-05 3.86279e-05 0
 0 0.00173294 0.00326652 0 0.00397197 0.00683976 0.00946217 0.0152591 0.00757587 0.0136028 0.0228656 0.0392903 0.0559909 0.0764795 0.0681675 0.0726916 0.0566044 0.0477403 0.0527397 0.0444891 0.0609904 0.0582453 0.0661739 0.0445044 0.0529084 0.0360697 0.0280645 0.0235558 0.0158879 0.00826598 0.00280645 0.00217768 0.000904811 0.00058276 9.20147e-05 0
 0 0 0 0 0 0 0 0 0 0 0 0 0 0 0 0 0 0 0 0 0 0 0 0 0 0 0 0 0 0 0 0 0 0 0 0
 0 0 0 0 0 0 0 0 0 0 0 0 0 0 0 0 0 0 0 0 0 0 0 0 0 0 0 0 0 0 0 0 0 0 0 0
 0 0 0 0 0 0 0 0 0 0 0 0 0 0 0 0 0 0 0 0 0 0 0 0 0 0 0 0 0 0 0 0 0 0 0 0
ppred_pel_tallas
 1.01251e-16 3.28931e-05 0.000193057 0.000917706 0.00353322 0.011018 0.0278306 0.0569452 0.094393 0.126767 0.137948 0.12168 0.0871035 0.0508357 0.0246746 0.0108755 0.00585012 0.0053723 0.00685008 0.00913806 0.0117542 0.0143919 0.0167619 0.0185923 0.0196765 0.0199164 0.01934 0.0180857 0.0163602 0.0143872 0.0123617 0.0104238 0.00865399 0.007084 0.00571525 0.00453565
 1.01329e-16 3.22168e-05 0.000189084 0.000898813 0.00346047 0.0107911 0.0272576 0.0557729 0.0924507 0.124161 0.135119 0.119201 0.0853642 0.0498917 0.0243487 0.0109558 0.00620928 0.00597613 0.00771418 0.0102848 0.0131842 0.0160687 0.0186069 0.0204906 0.0214932 0.0215194 0.0206243 0.0189915 0.0168819 0.0145692 0.0122846 0.0101854 0.00834941 0.00679094 0.0054857 0.00439458
 1.02151e-16 2.5666e-05 0.000150614 0.000715902 0.00275618 0.00859481 0.02171 0.0444229 0.0736412 0.0989142 0.10768 0.0950823 0.0682821 0.0402922 0.0203815 0.0103883 0.00759168 0.00875102 0.011851 0.0159305 0.0204593 0.0249667 0.0289525 0.0319416 0.0335806 0.0337161 0.0324249 0.0299813 0.0267795 0.0232353 0.019703 0.0164259 0.0135293 0.0110427 0.00893729 0.00716139
 1.02306e-16 3.11359e-05 0.00018274 0.000868659 0.00334438 0.0104291 0.0263431 0.0539016 0.0893484 0.119994 0.130581 0.11519 0.0824748 0.04817 0.0234484 0.0104526 0.00579524 0.00548561 0.00707828 0.00949386 0.0122759 0.0151284 0.0177659 0.019915 0.0213612 0.0219917 0.0218133 0.0209377 0.0195429 0.0178246 0.0159552 0.0140608 0.0122181 0.0104666 0.00882503 0.00730587
 1.01914e-16 3.14348e-05 0.000184492 0.000876985 0.00337642 0.0105291 0.0265956 0.0544184 0.0902056 0.121147 0.13184 0.116312 0.0833033 0.0487036 0.0237999 0.0107622 0.00617613 0.00601293 0.00779543 0.0104143 0.0133774 0.0163462 0.0189921 0.0210079 0.022165 0.0223636 0.0216509 0.0202 0.0182592 0.016089 0.0139087 0.0118662 0.0100346 0.00842785 0.00702649 0.00580019
 1.0285e-16 2.35007e-05 0.0001379 0.000655451 0.00252342 0.00786895 0.0198766 0.0406718 0.0674245 0.0905687 0.0986081 0.0871017 0.0626169 0.0370821 0.0190039 0.0100897 0.00787377 0.00940848 0.0128545 0.0173166 0.0222689 0.0272167 0.0316243 0.0349795 0.0368987 0.0372115 0.0359922 0.0335262 0.0302263 0.026529 0.0228058 0.0193117 0.0161783 0.0134387 0.0110675 0.00901797
 1.03179e-16 2.92408e-05 0.000171614 0.00081576 0.0031407 0.00979396 0.0247388 0.0506191 0.0839078 0.112689 0.122636 0.108194 0.0774917 0.0453124 0.0221569 0.0100483 0.00581808 0.00573028 0.00749702 0.0101071 0.0131261 0.016261 0.019221 0.0217218 0.0235341 0.0245267 0.0246857 0.0241016 0.0229316 0.021354 0.0195285 0.0175758 0.015576 0.0135802 0.0116266 0.0097513
 1.03247e-16 2.66723e-05 0.000156527 0.000744021 0.00286446 0.00893249 0.0225629 0.0461677 0.0765318 0.102792 0.111888 0.0987647 0.0708555 0.0416679 0.0208138 0.0101788 0.00691158 0.0076289 0.010239 0.0137721 0.0177365 0.0217287 0.0253288 0.0281369 0.0298525 0.0303385 0.0296464 0.0279883 0.0256718 0.0230201 0.0203043 0.0177056 0.0153132 0.0131456 0.0111839 0.00940049
 1.02993e-16 2.88129e-05 0.000169099 0.0008038 0.00309464 0.00965032 0.024376 0.049877 0.0826786 0.111041 0.12085 0.106635 0.0764129 0.0447571 0.0220254 0.0102238 0.00624101 0.00640159 0.00844633 0.0113594 0.0146768 0.0180612 0.0211726 0.0236845 0.0253441 0.0260238 0.0257421 0.0246442 0.0229537 0.0209118 0.0187265 0.0165441 0.0144473 0.0124702 0.0106215 0.00890363
 1.03004e-16 2.72021e-05 0.000159638 0.000758813 0.00292142 0.00911011 0.0230115 0.0470856 0.078053 0.104833 0.114107 0.100715 0.0722357 0.0424418 0.0211306 0.0102185 0.00679093 0.00739309 0.00989162 0.0133039 0.017142 0.0210145 0.0245159 0.0272593 0.0289516 0.0294561 0.0288167 0.0272318 0.0249938 0.0224121 0.0197491 0.0171838 0.0148089 0.0126502 0.0106971 0.00892912
 1.04712e-16 1.94673e-05 0.000114219 0.000542866 0.00208993 0.00651712 0.016462 0.0336855 0.0558453 0.0750223 0.0817014 0.0722146 0.0520171 0.0310112 0.0162746 0.0092616 0.00797265 0.0100029 0.013847 0.0187525 0.0242355 0.0298022 0.0348999 0.038989 0.0416526 0.042683 0.042117 0.0402029 0.0373193 0.0338732 0.0302147 0.0265893 0.0231335 0.019901 0.016901 0.0141317
 1.07166e-16 1.89256e-05 0.000111047 0.000527801 0.00203196 0.00633636 0.0160053 0.0327504 0.054293 0.0729308 0.0794076 0.0701488 0.0504458 0.0299085 0.0153951 0.00829453 0.00664201 0.00809399 0.0112087 0.0153127 0.0200338 0.0250202 0.0298718 0.0341791 0.0375969 0.0399061 0.0410419 0.0410765 0.0401724 0.0385225 0.0363029 0.0336506 0.0306671 0.0274372 0.0240496 0.0206083
 1.05914e-16 2.68532e-05 0.000157597 0.000749128 0.00288415 0.00899393 0.022718 0.0464843 0.0770542 0.103486 0.112623 0.099366 0.0711829 0.0416517 0.0204208 0.0093551 0.00555336 0.00559521 0.00739052 0.0100214 0.013098 0.0163584 0.0195395 0.0223805 0.0246657 0.0262633 0.0271409 0.0273518 0.0270008 0.0262041 0.0250571 0.0236226 0.0219374 0.0200284 0.0179322 0.0157057
 1.04015e-16 2.73882e-05 0.000160732 0.000764019 0.00294146 0.00917264 0.0231694 0.0474085 0.0785878 0.10555 0.114883 0.10139 0.0726985 0.0426705 0.0211642 0.0101014 0.00654002 0.00699636 0.00932252 0.0125372 0.0161666 0.0198433 0.0231909 0.0258522 0.0275582 0.0281853 0.0277767 0.0265163 0.0246705 0.022516 0.02028 0.0181084 0.0160661 0.0141589 0.0123647 0.0106606
 1.02317e-16 3.1478e-05 0.000184748 0.000878202 0.00338112 0.0105437 0.0266325 0.0544939 0.0903303 0.121313 0.132017 0.116461 0.0833918 0.0487197 0.0237416 0.0106251 0.00594594 0.00566764 0.00731269 0.00978054 0.0125966 0.0154467 0.0180286 0.0200576 0.0213185 0.0217102 0.0212637 0.0201234 0.0185022 0.0166261 0.0146863 0.0128139 0.0110763 0.00949268 0.0080554 0.00674973
 1.01471e-16 3.27186e-05 0.000192031 0.000912825 0.00351442 0.0109594 0.0276826 0.0566424 0.0938914 0.126095 0.13722 0.121045 0.086665 0.0506123 0.0246263 0.0109553 0.00603419 0.00566071 0.00725307 0.0096618 0.0123903 0.0151116 0.0175152 0.0193129 0.0202926 0.0203643 0.0195781 0.0181037 0.0161821 0.014066 0.0119685 0.0100331 0.00833045 0.00687243 0.00563621 0.00458645
 1.01928e-16 2.7169e-05 0.000159441 0.000757867 0.00291776 0.0090987 0.0229828 0.0470269 0.0779568 0.104707 0.113977 0.100619 0.072207 0.0425054 0.0213108 0.0105503 0.00732423 0.00818763 0.0110034 0.0147673 0.0189511 0.0231078 0.0267701 0.0294966 0.0309606 0.0310233 0.0297609 0.0274342 0.0244155 0.021096 0.0178079 0.014778 0.0121204 0.00985856 0.00796053 0.00637246
 1.02771e-16 2.74718e-05 0.000161223 0.000766351 0.00295044 0.00920063 0.0232402 0.0475532 0.0788277 0.105872 0.115233 0.101699 0.0729197 0.0427998 0.0212279 0.0101326 0.0065643 0.00703147 0.0093833 0.0126399 0.0163303 0.0200879 0.0235333 0.0263001 0.0281035 0.0287984 0.0284035 0.0270808 0.0250822 0.0226825 0.0201217 0.0175736 0.0151411 0.0128717 0.0107819 0.00887733
 1.03179e-16 2.72658e-05 0.000160013 0.0007606 0.0029283 0.00913159 0.0230658 0.0471964 0.0782364 0.105078 0.11437 0.100941 0.0723824 0.0424973 0.0211016 0.0101113 0.00660084 0.00710536 0.00948918 0.0127763 0.0164934 0.0202694 0.0237207 0.0264789 0.0282614 0.0289292 0.028511 0.0271799 0.0251975 0.0228433 0.0203567 0.0179035 0.0155742 0.0134016 0.0113886 0.00953052
 1.02282e-16 3.22877e-05 0.000189503 0.000900814 0.00346818 0.0108152 0.0273184 0.055897 0.0926553 0.124433 0.135407 0.119436 0.0854914 0.0498834 0.0241913 0.0106276 0.00566913 0.00516847 0.00658475 0.00880061 0.0113535 0.0139565 0.0163402 0.0182511 0.0194943 0.0199741 0.019709 0.0188168 0.0174758 0.0158767 0.0141826 0.0125067 0.0109105 0.00941653 0.00802685 0.00673895
 1.02034e-16 2.93093e-05 0.00017201 0.000817632 0.00314789 0.00981635 0.0247954 0.0507355 0.0841024 0.112955 0.12294 0.108493 0.0777754 0.0456172 0.022563 0.0106619 0.00675608 0.00710728 0.00940723 0.012598 0.0161682 0.0197241 0.0228672 0.0252231 0.0265158 0.0266283 0.0256258 0.0237291 0.0212512 0.0185201 0.0158112 0.0133096 0.0111051 0.00921168 0.00759866 0.00622009
 1.02422e-16 2.83291e-05 0.000166256 0.000790277 0.00304257 0.00948792 0.0239658 0.049038 0.0812886 0.109177 0.118828 0.104867 0.0751815 0.0441071 0.0218381 0.0103585 0.00662107 0.00701903 0.00932887 0.0125362 0.016154 0.0198067 0.0231098 0.0256959 0.027285 0.0277434 0.0271074 0.0255607 0.0233774 0.0208517 0.0182371 0.015712 0.0133747 0.0112607 0.00936887 0.00768476
 1.02425e-16 3.0047e-05 0.000176345 0.000838249 0.00322728 0.010064 0.0254208 0.0520147 0.0862216 0.115798 0.126022 0.111188 0.0796526 0.0466077 0.0228482 0.0104567 0.00617857 0.00617213 0.00807638 0.0108333 0.0139688 0.0171486 0.0200418 0.0223334 0.0237828 0.0242735 0.0238328 0.0226128 0.0208418 0.0187645 0.0165906 0.0144666 0.0124727 0.010638 0.00896319 0.00744078
 1.02509e-16 2.83904e-05 0.000166615 0.000791986 0.00304914 0.00950843 0.0240176 0.049144 0.0814646 0.109413 0.119086 0.105097 0.0753507 0.0442149 0.021907 0.0104164 0.00668967 0.00711179 0.00945219 0.0126899 0.0163305 0.0199902 0.0232769 0.0258182 0.0273341 0.0276972 0.0269552 0.025307 0.0230423 0.0204679 0.0178437 0.0153479 0.013072 0.0110401 0.00923793 0.00763877
 1.05351e-16 1.33926e-05 7.85454e-05 0.000373247 0.00143682 0.0044804 0.0113176 0.0231604 0.0384029 0.0516104 0.0562583 0.049852 0.0361838 0.0221234 0.0126208 0.00877718 0.00932011 0.0126729 0.0178179 0.024164 0.0311977 0.0383006 0.0447559 0.0498628 0.0530835 0.0541572 0.0531458 0.0503902 0.0464026 0.0417322 0.0368505 0.0320876 0.0276247 0.0235279 0.0197985 0.0164183
pSPR Fmed_Fpbrs
0.692354   0.336475 0.336475
Fs Fmed_Fpbrs
0.232626   1.005 1.005
SSBpbr Bo_Bmed_Bpbrs
1.27488e+06  818926  365221 365221
Ro
53103.6
SPR SPRFo_SPRFmed_SPRFpbrs
1.09444e+06 757740 368251
log_Ro
10.7
likeval ReclasPelacesDesembMPH_pf_preclas_ppelaces_ptallas_desvR_qrecl_qpela
 65.0571 28.0267 0.014523 0.00129111 287.085 197.815 70.7287 0 15.6131 7.43202e-05 0 0 0 0 0
q_reclas_q_pelaces
0.294752 1
M
0.7
N
 48371.4 15056.7 5679.68 677.139 0.348782
 62675.2 22076.2 4760.72 1795.84 214.212
 37353.8 28948.1 7440.75 1604.59 677.484
 63349.9 16647.2 8059.68 2071.64 635.372
 109218 30809.2 7394.09 3579.83 1202.36
 76305.7 54024.8 14983.3 3595.93 2325.7
 124848 36496.1 21947.7 6087.01 2405.68
 119530 60547.9 15968.9 9603.28 3715.99
 147958 56679.8 23490.8 6195.46 5167.47
 149621 69814.7 21417.8 8876.54 4293.75
 68192.1 71398.2 28016.9 8595.04 5285.29
 39697.7 31247.4 23065 9050.76 4483.99
 42716 18300.8 10426 7695.84 4516
 23513.6 18842.6 4823.21 2747.79 3218.46
 18237.9 9477.13 3064.8 784.51 970.429
 22499.9 7443.14 1647.93 532.924 305.158
 18359.1 10339.2 2441.11 540.47 274.864
 20233.4 8625.66 3818.13 901.47 301.092
 22529.3 9675.38 3500.3 1549.4 488
 43356.8 10830.2 4038.46 1461.01 850.4
 54076.7 20824.2 4499.57 1677.85 960.315
 67557.6 26439.9 9516.76 2056.33 1205.65
 102215 32889.6 11808.9 4250.48 1456.9
 122076 49555.1 14365.5 5157.89 2492.87
 36844.1 59167.9 21612.9 6265.37 3336.79
pred_Ctot
 2829.56 4036.61 1522.69 181.537 0.0935065
 3163.78 5215.18 1124.65 424.24 50.6045
 2772.02 9452.84 2429.73 523.97 221.229
 941.634 1271.95 615.814 158.287 48.5466
 306.098 458.346 110.001 53.2568 17.8874
 2026.38 7149.82 1982.94 475.897 307.79
 2102.67 3143.03 1890.13 524.211 207.176
 3887.57 9660.44 2547.85 1532.21 592.887
 5314.68 9898.75 4102.5 1082 902.464
 4211.69 9752.59 2991.91 1239.99 599.805
 3805.98 18391.2 7216.77 2213.97 1361.42
 2054.46 7542.85 5567.69 2184.78 1082.4
 3455.17 6402.74 3647.65 2692.48 1579.98
 3223.71 9696.48 2482.05 1414.03 1656.24
 2363.36 4696.37 1518.76 388.762 480.894
 1213.11 1861.29 412.094 133.267 76.3101
 713.604 1938.82 457.762 101.35 51.5431
 540.251 1147.34 507.866 119.909 40.0496
 518.815 1120.79 405.472 179.481 56.5295
 1024.66 1285.44 479.328 173.408 100.935
 599.875 1199.41 259.162 96.6389 55.3113
 954.771 1924.52 692.712 149.677 87.7578
 1745.24 2869.75 1030.37 370.872 127.121
 2107.99 4370.67 1267.01 454.916 219.867
 584.824 4814.75 1758.74 509.841 271.53
F
 0.0844084 0.451424 0.451424 0.451424 0.451424
 0.072461 0.387528 0.387528 0.387528 0.387528
 0.108194 0.578631 0.578631 0.578631 0.578631
 0.0208596 0.111559 0.111559 0.111559 0.111559
 0.00390379 0.0208779 0.0208779 0.0208779 0.0208779
 0.0375422 0.200779 0.200779 0.200779 0.200779
 0.0236644 0.126559 0.126559 0.126559 0.126559
 0.0461526 0.246829 0.246829 0.246829 0.246829
 0.0510827 0.273195 0.273195 0.273195 0.273195
 0.0398342 0.213037 0.213037 0.213037 0.213037
 0.0803947 0.429959 0.429959 0.429959 0.429959
 0.0743506 0.397634 0.397634 0.397634 0.397634
 0.118454 0.633503 0.633503 0.633503 0.633503
 0.208698 1.11614 1.11614 1.11614 1.11614
 0.196212 1.04936 1.04936 1.04936 1.04936
 0.0775676 0.414839 0.414839 0.414839 0.414839
 0.0553808 0.296182 0.296182 0.296182 0.296182
 0.0377505 0.201893 0.201893 0.201893 0.201893
 0.0324829 0.173722 0.173722 0.173722 0.173722
 0.0333486 0.178351 0.178351 0.178351 0.178351
 0.015531 0.0830615 0.0830615 0.0830615 0.0830615
 0.0198242 0.106022 0.106022 0.106022 0.106022
 0.0239944 0.128324 0.128324 0.128324 0.128324
 0.0242694 0.129795 0.129795 0.129795 0.129795
 0.0222895 0.119206 0.119206 0.119206 0.119206
nmprior
 10 11 7 0
nm_flota  nm_reclas  nm_pelaces    nm_pelaL
inf 14.3599 20.0101 36.4333
cv_recla  cv_pelaces  cv_mph
0.729579 0.622947 1.16579
 ------------------------------------------------
Talla a la edad & desviación 
 7.2 14.2025 17.0495 18.207 18.6776
 1.08 2.13037 2.55742 2.73105 2.80164
