years
 1997 1998 1999 2000 2001 2002 2003 2004 2005 2006 2007 2008 2009 2010 2011 2012 2013 2014 2015 2016 2017 2018 2019 2020 2021
reclasobs
 0 0 0 370054 412103 1.49427e+06 250295 1.28982e+06 931140 785840 897777 1.04006e+06 184774 17550 25797 100020 73551 82996 120727 218422 84188 347160 605670 569463 516374
reclaspred
 2.354e+06 327816 552223 199895 263173 336643 654981 542750 818378 1.14581e+06 1.19314e+06 797732 445936 201804 130362 121959 133754 173814 171662 230017 404976 401054 581934 507884 396262
pelacesobs
 0 0 0 0 0 0 0 0 0 2.06254e+06 1.5e+06 0 1.87456e+06 323000 250000 174000 83755 137374 0 501740 490994 745055 786931 1.00524e+06 0
pelacespred
 1.07857e+06 413540 170426 141722 153874 142722 339760 320558 458452 667863 614114 425214 237925 85994.3 54548.2 58213.2 66703.5 87218.7 90430.5 116760 226731 236375 260595 270426 204222
mphobs
 0 0 0 0 0 112323 0 153150 637223 0 255016 313432 73983 77613 109348 50772 0 0 0 0 0 0 0 0 0
mphpred
 1.67887e+06 754506 403627 246091 169546 323183 387107 542382 588130 883172 1.19105e+06 855545 495678 264207 121872 104014 108640 136875 156701 162669 284030 383661 431621 471051 444413
desembarqueobs
 350755 77701 442110 56441 14545 235359 269955 359681 431902 328805 639364 411747 362871 311530 167758 66681 60226 58785 57116 71774 51957 67425 138520 160799 200461
desembarquepred
 350735 77682.3 441746 56427.6 14544.2 235251 269873 359354 431614 328626 638814 411497 362487 311216 167538 66655.8 60216.9 58761.9 57086.9 71734.5 51946.6 67397.5 138460 160742 200450
Reclutas
 20135.5 24763.3 6696.65 11922.3 47782.7 23720.7 61725.2 72189.6 128455 174307 68184 31454 48483.4 28015.2 19544 15049.9 12049.9 12383.4 11333.8 27763.4 38725.4 35858.1 43083.1 33200.1 2548.33
log_desv_Rt
 -0.309762 -0.102882 -1.41064 -0.83383 0.554419 -0.145897 0.810448 0.967052 1.54333 1.84858 0.909966 0.136281 0.568976 0.0205043 -0.339575 -0.600872 -0.823185 -0.79589 -0.884457 0.0114737 0.34425 0.267324 0.450885 0.190309 -2.37681
SSB
 1.67887e+06 754506 403627 246091 169546 323183 387107 542382 588130 883172 1.19105e+06 855545 495678 264207 121872 104014 108640 136875 156701 162669 284030 383661 431621 471051 444413
BT
 2.47092e+06 914073 593376 348491 411470 462592 1.18806e+06 1.1627e+06 1.66812e+06 1.98478e+06 1.85135e+06 1.22503e+06 892848 483283 279486 186233 205246 246039 236518 344936 599955 533882 631685 691287 548044
Ftot
 0.144696 0.228867 0.736608 0.271904 0.0540225 0.651128 0.394978 0.623794 0.502546 0.276935 0.506086 0.48781 0.752878 1.33456 1.14998 0.517474 0.429493 0.32482 0.319328 0.300575 0.12488 0.163109 0.229877 0.304176 0.477911
BD_Bspro_t
 0.977601 0.842903 0.659756 0.375254 0.437092 0.654938 0.525498 0.561185 0.537754 0.57976 0.616701 0.460876 0.339626 0.245411 0.146119 0.150196 0.205559 0.314185 0.400175 0.471645 0.63032 0.746148 0.737699 0.691978 0.595253
BD_Bspro
 2.96797 1.33384 0.713547 0.435049 0.29973 0.571336 0.684342 0.958843 1.03972 1.56131 2.10559 1.51246 0.876278 0.467076 0.21545 0.18388 0.192058 0.241972 0.277022 0.287573 0.502118 0.67825 0.763036 0.832742 0.785651
BD_Bo
 1.72924 0.777141 0.415736 0.253474 0.174633 0.332879 0.39872 0.558653 0.605775 0.909668 1.22678 0.881211 0.510548 0.272134 0.125528 0.107135 0.111899 0.140981 0.161402 0.167549 0.292551 0.395171 0.44457 0.485183 0.457746
BD_Brms
 8.4482 3.79673 2.03108 1.23835 0.85317 1.62628 1.94795 2.7293 2.95952 4.44419 5.99346 4.30516 2.49429 1.32951 0.613268 0.523407 0.546684 0.688763 0.788532 0.818563 1.42926 1.93061 2.17195 2.37036 2.23632
S_f
 0.5 1 1 1 1
 0.5 1 1 1 1
 0.5 1 1 1 1
 0.5 1 1 1 1
 0.5 1 1 1 1
 0.5 1 1 1 1
 0.5 1 1 1 1
 0.5 1 1 1 1
 0.5 1 1 1 1
 0.5 1 1 1 1
 0.5 1 1 1 1
 0.5 1 1 1 1
 0.5 1 1 1 1
 0.5 1 1 1 1
 0.5 1 1 1 1
 0.5 1 1 1 1
 0.5 1 1 1 1
 0.5 1 1 1 1
 0.5 1 1 1 1
 0.5 1 1 1 1
 0.5 1 1 1 1
 0.5 1 1 1 1
 0.5 1 1 1 1
 0.5 1 1 1 1
 0.5 1 1 1 1
Scru_reclas
 0.5 1 1 1 1
 0.5 1 1 1 1
 0.5 1 1 1 1
 0.5 1 1 1 1
 0.5 1 1 1 1
 0.5 1 1 1 1
 0.5 1 1 1 1
 0.5 1 1 1 1
 0.5 1 1 1 1
 0.5 1 1 1 1
 0.5 1 1 1 1
 0.5 1 1 1 1
 0.5 1 1 1 1
 0.5 1 1 1 1
 0.5 1 1 1 1
 0.5 1 1 1 1
 0.5 1 1 1 1
 0.5 1 1 1 1
 0.5 1 1 1 1
 0.5 1 1 1 1
 0.5 1 1 1 1
 0.5 1 1 1 1
 0.5 1 1 1 1
 0.5 1 1 1 1
 0.5 1 1 1 1
Scru_pelaces
 0.5 1 1 1 1
 0.5 1 1 1 1
 0.5 1 1 1 1
 0.5 1 1 1 1
 0.5 1 1 1 1
 0.5 1 1 1 1
 0.5 1 1 1 1
 0.5 1 1 1 1
 0.5 1 1 1 1
 0.5 1 1 1 1
 0.5 1 1 1 1
 0.5 1 1 1 1
 0.5 1 1 1 1
 0.5 1 1 1 1
 0.5 1 1 1 1
 0.5 1 1 1 1
 0.5 1 1 1 1
 0.5 1 1 1 1
 0.5 1 1 1 1
 0.5 1 1 1 1
 0.5 1 1 1 1
 0.5 1 1 1 1
 0.5 1 1 1 1
 0.5 1 1 1 1
 0.5 1 1 1 1
pf_obs 
 0.256992 0.487395 0.22802 0.0275931 0
 0.321318 0.546541 0.124235 0.00734118 0.000564706
 0.182869 0.594174 0.210203 0.0122559 0.00049798
 0.330522 0.361315 0.267642 0.0388342 0.00168674
 0.649043 0.306663 0.0425973 0.00169635 0
 0.582887 0.30429 0.105238 0.00758474 0
 0.465427 0.430635 0.0974691 0.00646863 0
 0.296916 0.608066 0.0921331 0.00288517 0
 0.311714 0.524322 0.152257 0.0117073 0
 0.15457 0.633149 0.183074 0.0267441 0.00246327
 0.131901 0.49318 0.331252 0.0422183 0.00144891
 0.196976 0.569456 0.194076 0.0375587 0.00193317
 0.518974 0.381816 0.0799577 0.0180837 0.00116848
 0.0928022 0.601141 0.25162 0.0475244 0.00691264
 0.122501 0.610282 0.24278 0.0234846 0.000952079
 0.383417 0.481906 0.127806 0.00687128 0
 0.0376549 0.599619 0.316969 0.0457579 0
 0.0361596 0.667082 0.258105 0.0386534 0
 0.158088 0.579412 0.248529 0.0139706 0
 0.0477256 0.309471 0.559284 0.082774 0.000745712
 0.0406174 0.521527 0.379366 0.0568643 0.0016247
 0.151134 0.462217 0.34131 0.0453401 0
 0.294876 0.26143 0.354403 0.0886775 0.000613685
 0.281977 0.475581 0.204845 0.0348837 0.00271318
 0 0 0 0 0
pf_pred 
 0.138127 0.572431 0.255901 0.0335383 2.40218e-06
 0.259256 0.185439 0.368818 0.164877 0.0216103
 0.131345 0.371518 0.124454 0.247525 0.125158
 0.42929 0.156381 0.177206 0.0593618 0.177762
 0.743398 0.158908 0.0267694 0.0303342 0.040591
 0.333553 0.569617 0.0599644 0.0101015 0.0267639
 0.68376 0.173509 0.121994 0.0128424 0.00789539
 0.574389 0.352866 0.0399125 0.0280624 0.00477036
 0.674862 0.248629 0.0634322 0.00717479 0.00590212
 0.606701 0.325631 0.0517444 0.0132014 0.00272155
 0.278693 0.555134 0.137583 0.0218626 0.00672764
 0.238267 0.360138 0.309076 0.0766006 0.0159179
 0.49094 0.213424 0.139773 0.119955 0.0359072
 0.433499 0.400856 0.069447 0.0454813 0.0507167
 0.54329 0.319896 0.0968098 0.016772 0.0232325
 0.542303 0.353865 0.0727277 0.0220095 0.00909494
 0.455979 0.399325 0.111871 0.0229921 0.00983335
 0.473698 0.344831 0.133204 0.0373171 0.0109497
 0.435091 0.375158 0.124324 0.0480251 0.017402
 0.659519 0.213865 0.0840859 0.0278654 0.0146645
 0.575563 0.343195 0.0510302 0.0200636 0.010148
 0.431222 0.419476 0.120724 0.0179505 0.0106274
 0.458302 0.332401 0.154358 0.0444236 0.010516
 0.374074 0.402941 0.13683 0.0635399 0.0226154
 0.0532344 0.535976 0.264447 0.0898 0.0565429
pobs_RECLAS
 0 0 0 0 0
 0 0 0 0 0
 0 0 0 0 0
 0 0 0 0 0
 0.835266 0.146461 0.0176864 0.000547809 3.91292e-05
 0.385257 0.428462 0.181853 0.0044286 0
 0.867414 0.0963971 0.0333333 0.00285562 0
 0.441836 0.489002 0.0689373 0.000224442 0
 0.779404 0.147425 0.0564933 0.0165055 0.000172143
 0.814271 0.122319 0.05973 0.00367925 0
 0.40263 0.566651 0.0304383 0.000280538 0
 0.475488 0.404961 0.113038 0.00651328 0
 0.955842 0.0263864 0.0167828 0.000988607 0
 0.975058 0.0227948 0.00214734 0 0
 0.738997 0.206755 0.0527124 0.00153531 0
 0.850938 0.134255 0.0134407 0.00136685 0
 0.542534 0.407297 0.0501686 0 0
 0.764087 0.199537 0.0359546 0.000420521 0
 0.470689 0.182191 0.310203 0.0369168 0
 0.84361 0.089868 0.0606195 0.00523954 0.000663233
 0.607945 0.314616 0.071237 0.00620181 0
 0.523733 0.453247 0.0230204 0 0
 0.530135 0.295979 0.169645 0.0042399 0
 0.562478 0.366248 0.0663022 0.0049721 0
 0.250443 0.683176 0.0655157 0.000865301 0
ppred_RECLAS
 0.138702 0.572049 0.25573 0.033516 2.40058e-06
 0.260835 0.185044 0.368031 0.164526 0.0215642
 0.135677 0.369665 0.123833 0.246291 0.124534
 0.431767 0.155702 0.176437 0.0591042 0.17699
 0.743713 0.158713 0.0267365 0.030297 0.0405412
 0.34059 0.563603 0.0593313 0.00999487 0.0264813
 0.687237 0.171601 0.120652 0.0127012 0.00780859
 0.581627 0.346865 0.0392337 0.0275852 0.00468923
 0.679697 0.244932 0.062489 0.0070681 0.00581435
 0.609164 0.323592 0.0514204 0.0131188 0.00270451
 0.283204 0.551662 0.136722 0.0217258 0.00668557
 0.242147 0.358304 0.307502 0.0762104 0.0158368
 0.500597 0.209376 0.137121 0.11768 0.0352261
 0.455762 0.385103 0.0667178 0.0436939 0.0487236
 0.561068 0.307444 0.0930414 0.0161191 0.0223282
 0.548008 0.349454 0.0718213 0.0217352 0.00898159
 0.460442 0.396049 0.110953 0.0228035 0.00975268
 0.476836 0.342775 0.13241 0.0370946 0.0108844
 0.438121 0.373145 0.123658 0.0477675 0.0173087
 0.66208 0.212256 0.0834534 0.0276558 0.0145542
 0.576561 0.342388 0.0509102 0.0200165 0.0101242
 0.432578 0.418476 0.120436 0.0179078 0.010602
 0.460351 0.331143 0.153774 0.0442555 0.0104762
 0.376793 0.401191 0.136235 0.0632639 0.0225171
 0.0542868 0.53538 0.264153 0.0897002 0.05648
pobs_PELACES
 0 0 0 0 0
 0 0 0 0 0
 0 0 0 0 0
 0 0 0 0 0
 0 0 0 0 0
 0 0 0 0 0
 0 0 0 0 0
 0 0 0 0 0
 0 0 0 0 0
 0 0 0 0 0
 0.450072 0.473896 0.0757376 0.000293798 0
 0 0 0 0 0
 0.463077 0.371075 0.160297 0.00555027 0
 0.529543 0.364841 0.0842815 0.0213345 0
 0.631943 0.363953 0.00410389 0 0
 0.735681 0.248677 0.0153453 0.000297389 0
 0.695825 0.281241 0.0229344 0 0
 0.275771 0.60734 0.115278 0.00161068 0
 0 0 0 0 0
 0.896147 0.0623911 0.0374545 0.00400742 0
 0.803859 0.145111 0.0509908 3.86294e-05 0
 0.739449 0.233085 0.0266225 0.000797448 4.60066e-05
 0.878498 0.100942 0.0204185 0.000141795 0
 0.694673 0.275183 0.0284847 0.00165964 0
 0 0 0 0 0
ppred_PELACES
 0.141579 0.570139 0.254876 0.033404 2.39256e-06
 0.268181 0.183204 0.364374 0.162891 0.0213499
 0.150571 0.363295 0.121699 0.242047 0.122388
 0.442806 0.152677 0.173009 0.057956 0.173552
 0.745408 0.157663 0.0265597 0.0300966 0.040273
 0.365115 0.542641 0.0571246 0.00962314 0.0254964
 0.701071 0.164011 0.115316 0.0121394 0.00746319
 0.606442 0.326291 0.0369066 0.025949 0.0044111
 0.697474 0.231338 0.0590208 0.00667581 0.00549165
 0.619987 0.314631 0.0499964 0.0127555 0.00262962
 0.300458 0.538383 0.133431 0.0212029 0.00652464
 0.257222 0.351176 0.301385 0.0746944 0.0155218
 0.531611 0.196373 0.128606 0.110371 0.0330384
 0.510695 0.346232 0.0599836 0.0392836 0.0438056
 0.607125 0.275183 0.0832785 0.0144277 0.0199853
 0.569058 0.33318 0.0684764 0.020723 0.00856331
 0.47809 0.383095 0.107324 0.0220576 0.00943369
 0.49022 0.334006 0.129023 0.0361457 0.010606
 0.451131 0.364505 0.120794 0.0466615 0.0169079
 0.673085 0.205344 0.0807355 0.0267552 0.0140802
 0.581583 0.338327 0.0503063 0.0197791 0.0100041
 0.439196 0.413596 0.119031 0.0176989 0.0104784
 0.469787 0.325353 0.151085 0.0434817 0.0102931
 0.388649 0.393558 0.133643 0.0620603 0.0220887
 0.0584804 0.533006 0.262981 0.0893024 0.0562296
pobs_pel_tallas
 0 0 0 0 0 0 0 0 0 0 0 0 0 0 0 0 0 0 0 0 0 0 0 0 0 0 0 0 0 0 0 0 0 0 0 0
 0 0 0 0 0 0 0 0 0 0 0 0 0 0 0 0 0 0 0 0 0 0 0 0 0 0 0 0 0 0 0 0 0 0 0 0
 0 0 0 0 0 0 0 0 0 0 0 0 0 0 0 0 0 0 0 0 0 0 0 0 0 0 0 0 0 0 0 0 0 0 0 0
 0 0 0 0 0 0 0 0 0 0 0 0 0 0 0 0 0 0 0 0 0 0 0 0 0 0 0 0 0 0 0 0 0 0 0 0
 0 0 0 0 0 0 0 0 0 0 0 0 0 0 0 0 0 0 0 0 0 0 0 0 0 0 0 0 0 0 0 0 0 0 0 0
 0 0 0 0 0 0 0 0 0 0 0 0 0 0 0 0 0 0 0 0 0 0 0 0 0 0 0 0 0 0 0 0 0 0 0 0
 0 0 0 0 0 0 0 0 0 0 0 0 0 0 0 0 0 0 0 0 0 0 0 0 0 0 0 0 0 0 0 0 0 0 0 0
 0 0 0 0 0 0 0 0 0 0 0 0 0 0 0 0 0 0 0 0 0 0 0 0 0 0 0 0 0 0 0 0 0 0 0 0
 0 0 0 0 0 0 0 0 0 0 0 0 0 0 0 0 0 0 0 0 0 0 0 0 0 0 0 0 0 0 0 0 0 0 0 0
 0 0 0 0 0 0 0 0 0 0 0 0 0 0 0 0 0 0 0 0 0 0 0 0 0 0 0 0 0 0 0 0 0 0 0 0
 0 0 0 0 0 0 0 0 1.78061e-05 0.00172719 0.00360574 0.0105946 0.0120993 0.0124554 0.0147524 0.0171206 0.0266825 0.0428682 0.0675386 0.121331 0.153587 0.119568 0.100827 0.0573624 0.0630603 0.0341343 0.0324427 0.0444173 0.0211091 0.0280891 0.0125444 0.00206551 0 0 0 0
 0 0 0 0 0 0 0 0 0 0 0 0 0 0 0 0 0 0 0 0 0 0 0 0 0 0 0 0 0 0 0 0 0 0 0 0
 0 0 0 0 0 0 0.0133647 0.0140871 0.0187388 0.0205184 0.03894 0.0496705 0.03968 0.0493445 0.0407372 0.0367815 0.0215668 0.0243155 0.0234873 0.0199281 0.019796 0.0243948 0.0301388 0.0376714 0.0412746 0.0863199 0.0771752 0.113111 0.0741005 0.0525337 0.0229764 0.00759418 0.00175318 0 0 0
 0 0 0 0 0 0 0 0 0 0 0.00219441 0.00772107 0.0458388 0.0604681 0.0671733 0.0775358 0.0609151 0.0617685 0.073594 0.0568108 0.0755445 0.0548602 0.0670107 0.0636378 0.0643287 0.046367 0.0373049 0.0286899 0.0247887 0.0153202 0.00654259 0.00121912 0.000365735 0 0 0
 0 0 0 0 0 0 0 0 0 0 0 0 0.000112435 0.00938835 0.0111873 0.0202946 0.0414886 0.0713402 0.111592 0.104902 0.108894 0.110636 0.117776 0.105296 0.107544 0.0401394 0.0192827 0.0124803 0.00416011 0.0028671 0.000618394 0 0 0 0 0
 0 0 0 0 0 0 0 0 0 0 0.00291406 0.0102884 0.027416 0.0768956 0.0749926 0.110853 0.0956884 0.0897413 0.0766577 0.0534642 0.0500743 0.0551293 0.0594112 0.0620874 0.0668451 0.0424026 0.0208742 0.0120726 0.0048766 0.00582813 0.00118941 0.000297354 0 0 0 0
 0 0.00264628 0.0354308 0.0461629 0.0458689 0.0383711 0.0214643 0.0164657 0.0346957 0.0420465 0.0363128 0.0245516 0.0311673 0.0291091 0.0169068 0.0133784 0.00837989 0.0085269 0.0148486 0.0160247 0.0276389 0.0546898 0.0760071 0.122758 0.109233 0.0665981 0.0333725 0.0166128 0.00676272 0.00308733 0.000882094 0 0 0 0 0
 0 0 0 0 0 0 0 0.000805153 0.000690131 0.00759144 0.0133425 0.0154129 0.00931677 0.000345066 0.00356568 0.00563607 0.00851162 0.0253048 0.0502646 0.0516448 0.0657925 0.0565908 0.0611916 0.0827007 0.0866115 0.110766 0.145733 0.0935128 0.0569358 0.0249597 0.0138026 0.00621118 0.00161031 0.00115022 0 0
 0 0 0 0 0 0 0 0 0 0 0 0 0 0 0 0 0 0 0 0 0 0 0 0 0 0 0 0 0 0 0 0 0 0 0 0
 0.00147267 0.00158595 0.00478618 0.00569244 0.00954404 0.0108468 0.00647125 0.017049 0.0510054 0.094081 0.124002 0.0959785 0.0687766 0.0820023 0.061753 0.0591476 0.0492212 0.0479892 0.0443925 0.0268479 0.0217502 0.0140895 0.0121071 0.0120363 0.00920419 0.00665534 0.0049561 0.00860946 0.00930331 0.0156896 0.0114698 0.00855282 0.00243557 0.00046729 0 2.83206e-05
 0 0 0 0 0.000772559 0.00158375 0.000888443 0.00281984 0.00712685 0.0440552 0.0773331 0.111326 0.0921469 0.0852325 0.0710754 0.0886704 0.0786465 0.0553345 0.0373146 0.0185414 0.00753245 0.00457741 0.012979 0.0271748 0.0457355 0.0583668 0.034881 0.0177882 0.00938659 0.00492506 0.0015258 0.00185414 0.000309023 5.79419e-05 3.86279e-05 0
 0 0.00173294 0.00326652 0 0.00397197 0.00683976 0.00946217 0.0152591 0.00757587 0.0136028 0.0228656 0.0392903 0.0559909 0.0764795 0.0681675 0.0726916 0.0566044 0.0477403 0.0527397 0.0444891 0.0609904 0.0582453 0.0661739 0.0445044 0.0529084 0.0360697 0.0280645 0.0235558 0.0158879 0.00826598 0.00280645 0.00217768 0.000904811 0.00058276 9.20147e-05 0
 0 0 0 0 0 0 0 0 0 0 0 0 0 0 0 0 0 0 0 0 0 0 0 0 0 0 0 0 0 0 0 0 0 0 0 0
 0 0 0 0 0 0 0 0 0 0 0 0 0 0 0 0 0 0 0 0 0 0 0 0 0 0 0 0 0 0 0 0 0 0 0 0
 0 0 0 0 0 0 0 0 0 0 0 0 0 0 0 0 0 0 0 0 0 0 0 0 0 0 0 0 0 0 0 0 0 0 0 0
ppred_pel_tallas
 1.04952e-16 6.20986e-06 3.63648e-05 0.00017269 0.000664581 0.00207217 0.00523475 0.0107154 0.0177789 0.0239276 0.0261728 0.023407 0.0174556 0.0116017 0.00827896 0.0081706 0.0108652 0.0157682 0.022444 0.0305011 0.0394007 0.0483863 0.0565519 0.0630031 0.0670446 0.0683277 0.0669105 0.0632083 0.0578631 0.0515778 0.0449728 0.0385033 0.0324443 0.0269249 0.0219844 0.0176224
 1.11827e-16 1.17147e-05 6.87185e-05 0.000326582 0.00125724 0.00392044 0.00990285 0.0202638 0.0335947 0.0451325 0.0491546 0.043457 0.0313253 0.0187245 0.00992719 0.00583397 0.00528389 0.00689296 0.00984214 0.0137867 0.0185556 0.0239649 0.0297605 0.0356307 0.0412442 0.046288 0.0504943 0.0536494 0.0555937 0.0562196 0.0554766 0.0533832 0.0500432 0.0456501 0.0404792 0.0348598
 1.15882e-16 6.59272e-06 3.86337e-05 0.000183524 0.000706374 0.00220256 0.00556385 0.0113872 0.0188863 0.0253964 0.0277226 0.0246585 0.0180998 0.0114703 0.00726922 0.00612061 0.00749039 0.0106876 0.0152682 0.0209493 0.0274239 0.034272 0.0409807 0.0470303 0.0519993 0.0556427 0.0579187 0.0589512 0.058951 0.0581258 0.056615 0.0544707 0.0516826 0.0482285 0.0441276 0.039472
 1.12607e-16 1.93272e-05 0.000113415 0.000539085 0.00207544 0.00647201 0.0163478 0.0334504 0.0554501 0.0744752 0.0810629 0.0715488 0.051317 0.030153 0.0150222 0.00729662 0.00492648 0.00549301 0.00753518 0.01043 0.0139228 0.0178334 0.0219601 0.0260796 0.0299781 0.0334793 0.0364572 0.0388293 0.0405377 0.0415309 0.0417555 0.0411639 0.0397344 0.0374929 0.0345275 0.0309896
 1.03345e-16 3.25222e-05 0.000190881 0.000907367 0.00349342 0.0108939 0.0275171 0.0563036 0.0933291 0.125337 0.136388 0.120296 0.086095 0.050211 0.0243037 0.0105967 0.00553559 0.00493786 0.00624126 0.0083213 0.0107184 0.0131559 0.0153805 0.0171588 0.0183175 0.0187807 0.0185824 0.0178477 0.0167527 0.0154755 0.0141566 0.0128788 0.0116693 0.0105166 0.00939457 0.00828149
 1.0251e-16 1.59554e-05 9.35838e-05 0.000444725 0.001712 0.00533851 0.0134852 0.0275961 0.0457574 0.0614925 0.0670258 0.0593826 0.0430773 0.0262888 0.0149039 0.0102179 0.0106907 0.0144112 0.0201271 0.0270891 0.0346408 0.0420094 0.048324 0.052763 0.0547373 0.0540304 0.0508473 0.0457505 0.0395112 0.0329254 0.0266549 0.0211351 0.0165593 0.0129244 0.0101057 0.0079312
 1.02457e-16 3.05895e-05 0.000179533 0.000853414 0.00328568 0.0102461 0.0258808 0.0529556 0.0877801 0.117887 0.128287 0.113165 0.0810211 0.0473131 0.0230175 0.0102392 0.00565126 0.00533636 0.00689808 0.0092854 0.012062 0.0149498 0.017679 0.0199853 0.021653 0.0225554 0.0226732 0.0220839 0.0209298 0.0193764 0.0175776 0.0156553 0.0136968 0.0117628 0.00989945 0.00814688
 1.01728e-16 2.64696e-05 0.000155331 0.000738324 0.0028425 0.008864 0.02239 0.0458143 0.0759479 0.102013 0.111054 0.0980632 0.0704264 0.0415643 0.0210363 0.0107375 0.00785935 0.00905418 0.0122342 0.0163947 0.0209722 0.0254638 0.02934 0.0321058 0.0334047 0.0331019 0.0313135 0.0283687 0.0247209 0.0208388 0.0171121 0.0137975 0.0110105 0.00875236 0.00695535 0.0055257
 1.014e-16 3.04353e-05 0.000178622 0.000849068 0.00326892 0.0101938 0.0257488 0.0526861 0.0873352 0.117295 0.127658 0.112644 0.0807221 0.0472878 0.023282 0.010822 0.00661807 0.00678041 0.00891022 0.0119163 0.0152859 0.0186375 0.02159 0.0237855 0.0249592 0.0249975 0.0239605 0.0220579 0.0195901 0.0168743 0.0141812 0.0116975 0.00951931 0.00766944 0.00612479 0.00484323
 1.01374e-16 2.70598e-05 0.000158797 0.000754803 0.00290595 0.00906188 0.0228898 0.0468369 0.0776425 0.104287 0.113526 0.100235 0.0719639 0.0424264 0.0213892 0.0107817 0.00772517 0.00879249 0.0118498 0.0158786 0.02032 0.0246848 0.0284594 0.0311626 0.0324454 0.0321711 0.0304454 0.0275804 0.0240109 0.0201899 0.0164985 0.013193 0.0103957 0.00811955 0.00630906 0.00488059
 1.03103e-16 1.31361e-05 7.70317e-05 0.000366034 0.00140902 0.00439368 0.0110986 0.022713 0.0376637 0.0506248 0.0552044 0.0489668 0.0356468 0.0220044 0.0129243 0.00952109 0.0105784 0.0145655 0.02047 0.0276552 0.0355132 0.0432944 0.0501363 0.0552105 0.0579017 0.0579472 0.0554897 0.0510198 0.0452398 0.0388907 0.0326044 0.0268165 0.0217513 0.0174608 0.0138898 0.0109382
 1.07685e-16 1.12436e-05 6.59375e-05 0.000313327 0.00120614 0.00376107 0.00950047 0.0194418 0.0322367 0.0433228 0.0472224 0.0418407 0.0303601 0.0185468 0.0105573 0.0073215 0.00778484 0.0106493 0.0151023 0.0207062 0.0271009 0.0338408 0.0403823 0.0461598 0.0506908 0.0536618 0.0549699 0.0547051 0.0530901 0.0504031 0.0469135 0.0428485 0.0383925 0.0337041 0.028937 0.0242488
 1.07226e-16 2.32015e-05 0.000136156 0.000647188 0.00249165 0.00776992 0.0196263 0.0401587 0.0665702 0.0894104 0.0973184 0.0858945 0.0616016 0.0361856 0.0180041 0.00869593 0.00578522 0.00634408 0.00858311 0.0117071 0.0153536 0.0192465 0.0230913 0.0265883 0.0294835 0.031612 0.0329164 0.0334335 0.0332578 0.0324991 0.0312503 0.0295762 0.0275217 0.025131 0.0224668 0.019619
 1.04361e-16 2.22954e-05 0.000130823 0.000621804 0.00239387 0.00746495 0.0188561 0.038584 0.0639642 0.0859233 0.0935574 0.0826571 0.0594582 0.0352848 0.0182174 0.00988891 0.00797244 0.00968043 0.0132682 0.017875 0.0229766 0.0280678 0.0326003 0.0360535 0.0380442 0.0384122 0.0372508 0.0348675 0.0316937 0.0281739 0.0246729 0.0214244 0.0185283 0.015982 0.013729 0.0117017
 1.02702e-16 2.64974e-05 0.000155499 0.000739131 0.00284562 0.00887375 0.0224145 0.0458643 0.0760293 0.102118 0.111158 0.0981292 0.0704181 0.0414478 0.0207728 0.0102729 0.00712137 0.00796166 0.0107151 0.0144107 0.0185441 0.0226914 0.0264078 0.0292693 0.0309566 0.0313249 0.0304296 0.0284994 0.0258674 0.022887 0.0198589 0.0169899 0.0143879 0.0120819 0.010055 0.00827473
 1.02193e-16 2.48398e-05 0.000145762 0.000692829 0.00266733 0.00831774 0.0210102 0.0429912 0.0712689 0.0957307 0.104223 0.0920485 0.0661451 0.0391149 0.0199405 0.0104152 0.00791984 0.00932699 0.0126848 0.0170467 0.0218659 0.0266389 0.0308265 0.0339186 0.0355401 0.0355351 0.0339994 0.0312429 0.027704 0.0238417 0.0200429 0.0165694 0.0135491 0.0110023 0.008884 0.00712413
 1.02848e-16 2.08753e-05 0.000122482 0.000582143 0.00224114 0.00698868 0.0176532 0.0361229 0.0598862 0.0804509 0.0876136 0.077441 0.0557829 0.0332581 0.0174553 0.00993155 0.008537 0.0106832 0.0147408 0.0198816 0.0255612 0.0312229 0.0362507 0.040054 0.0421903 0.0424638 0.0409623 0.0380181 0.0341121 0.029754 0.0253792 0.0212889 0.0176408 0.014477 0.0117693 0.00946187
 1.03678e-16 2.14023e-05 0.00012558 0.000596882 0.00229791 0.00716571 0.0181003 0.0370374 0.0614005 0.0824803 0.0898105 0.0793517 0.0570915 0.0339028 0.0175469 0.0095976 0.00783 0.00957883 0.013181 0.0178209 0.0230036 0.0282459 0.0330139 0.0367892 0.0391726 0.0399685 0.0392183 0.0371697 0.0341978 0.030707 0.0270475 0.0234677 0.020108 0.0170246 0.0142256 0.0117025
 1.04227e-16 1.96991e-05 0.000115578 0.000549324 0.00211479 0.00659465 0.0166578 0.0340863 0.05651 0.075916 0.0826768 0.0730816 0.0526521 0.0314107 0.0165219 0.00946008 0.00820367 0.0103185 0.0142766 0.0193063 0.0249026 0.0305464 0.0356587 0.0396787 0.0421787 0.0429557 0.0420671 0.0397943 0.0365557 0.0327966 0.0288973 0.0251206 0.0216068 0.0184012 0.0154967 0.0128706
 1.02791e-16 2.93708e-05 0.000172374 0.000819373 0.0031546 0.0098373 0.0248483 0.0508434 0.0842802 0.113191 0.123188 0.108692 0.0778743 0.0455878 0.022387 0.0103117 0.00618545 0.0062573 0.00822233 0.0110468 0.0142642 0.0175415 0.0205458 0.0229588 0.0245351 0.0251521 0.0248308 0.0237164 0.0220305 0.0200116 0.0178647 0.0157336 0.0136986 0.0117914 0.0100182 0.00837869
 1.01972e-16 2.53862e-05 0.000148969 0.000708076 0.00272603 0.0085008 0.0214726 0.0439374 0.0728372 0.0978369 0.106515 0.09407 0.067592 0.0399588 0.0203484 0.0105907 0.00800503 0.00939087 0.0127489 0.0171079 0.0219065 0.0266302 0.0307306 0.0336931 0.0351439 0.0349368 0.0331843 0.0302186 0.0265014 0.0225121 0.0186513 0.0151853 0.0122374 0.00981555 0.0078575 0.00627456
 1.02923e-16 1.91807e-05 0.00011253 0.000534823 0.00205894 0.00642047 0.0162179 0.0331866 0.0550201 0.0739196 0.080516 0.0712035 0.0513683 0.0307835 0.0164448 0.00981123 0.00893653 0.0114636 0.0158993 0.0214598 0.0275909 0.0336989 0.0391193 0.0432133 0.0455026 0.0457745 0.0441238 0.0409097 0.036653 0.0319065 0.0271435 0.0226929 0.0187284 0.0152983 0.0123736 0.00989392
 1.04226e-16 2.0511e-05 0.000120349 0.000572011 0.00220215 0.00686709 0.017346 0.035494 0.0588422 0.0790445 0.0860715 0.0760533 0.0547298 0.0325237 0.0168768 0.00930314 0.0076774 0.0094531 0.013044 0.0176746 0.0228735 0.0281768 0.0330668 0.0370356 0.0396846 0.0408062 0.0404175 0.0387324 0.0360884 0.0328556 0.0293582 0.0258317 0.0224179 0.0191868 0.016169 0.013383
 1.0519e-16 1.69757e-05 9.95871e-05 0.000473295 0.00182205 0.00568174 0.014352 0.0293685 0.0486912 0.0654198 0.0712658 0.0630428 0.0455237 0.0273671 0.014778 0.00906581 0.00852873 0.0111008 0.0154757 0.0209654 0.0270723 0.0332503 0.0388792 0.0433551 0.0462152 0.0472359 0.0464714 0.0442145 0.0409032 0.0370042 0.0329141 0.0289061 0.0251253 0.0216197 0.0183859 0.0154087
 1.09603e-16 2.5847e-06 1.50858e-05 7.15362e-05 0.000275126 0.000857684 0.00216702 0.00443835 0.00737363 0.00995282 0.0109632 0.00998565 0.00783679 0.00596584 0.00550424 0.00688657 0.0101005 0.0150276 0.0215382 0.0293995 0.0381699 0.0471787 0.0556037 0.0626207 0.0675736 0.0701075 0.0702223 0.0682277 0.0646268 0.0599714 0.0547409 0.0492782 0.0437885 0.0383779 0.0331088 0.0280415
pSPR Fmed_Fpbrs
0.527452   0.254687 0.254687
Fs Fmed_Fpbrs
0.364148   1.005 1.005
SSBpbr Bo_Bmed_Bpbrs
970873  463546  198725 198725
Ro
27446.7
SPR SPRFo_SPRFmed_SPRFpbrs
565663 298360 144067
log_Ro
10.04
likeval ReclasPelacesDesembMPH_pf_preclas_ppelaces_ptallas_desvR_qrecl_qpela
 98.8592 104.677 0.0452423 0.000587547 327.044 207.673 74.986 0 28.2372 0 0 0 0 0 0
q_reclas_q_pelaces
1 1
M
0.7
N
 20135.5 43052 19246.1 2522.39 0.180665
 24763.3 9301.12 18498.9 8269.8 1083.92
 6696.65 10967.4 3673.95 7307.09 3694.73
 11922.3 2300.9 2607.31 873.419 2615.49
 47782.7 5167.88 870.575 986.508 1320.07
 23720.7 23095.8 2431.33 409.579 1085.18
 61725.2 8506.1 5980.62 629.589 387.064
 72189.6 25158.7 2845.69 2000.8 340.118
 128455 26243 6695.33 757.306 622.974
 174307 49615.6 7884.15 2011.47 414.675
 68184 75365.8 18678.4 2968.09 913.354
 31454 26289.4 22562 5591.7 1161.98
 48483.4 12238.9 8015.34 6878.89 2059.12
 28015.2 16523.5 2862.64 1874.76 2090.57
 19544 7138.25 2160.24 374.255 518.418
 15049.9 5461.25 1122.42 339.676 140.364
 12049.9 5769.79 1616.4 332.21 142.081
 12383.4 4827.42 1864.78 522.417 153.289
 11333.8 5227.56 1732.37 669.197 242.485
 27763.4 4797.63 1886.3 625.105 328.969
 38725.4 11863.1 1763.94 693.532 350.783
 35858.1 18066.4 5199.44 773.112 457.71
 43083.1 16412 7621.29 2193.38 519.22
 33200.1 19071.4 6476.22 3007.38 1070.4
 2548.33 14160.6 6986.75 2372.54 1493.88
pred_Ctot
 1014.89 4205.93 1880.23 246.423 0.01765
 1938.41 1386.5 2757.59 1232.76 161.577
 1515.46 4286.57 1435.95 2855.95 1444.07
 1098.49 400.156 453.444 151.898 454.866
 917.211 196.062 33.0283 37.4267 50.0815
 4829.85 8248.07 868.286 146.27 387.542
 8046.33 2041.81 1435.59 151.127 92.9112
 14162.1 8700.25 984.081 691.906 117.618
 20824.9 7672.2 1957.39 221.4 182.128
 16339.6 8769.84 1393.57 355.539 73.2963
 11123.5 22157 5491.33 872.598 268.52
 4965.17 7504.81 6440.74 1596.25 331.708
 11176.6 4858.77 3182.03 2730.87 817.455
 10188.7 9421.5 1632.24 1068.97 1192.02
 6351 3739.55 1131.7 196.063 271.586
 2504.45 1634.21 335.869 101.644 42.002
 1695.56 1484.89 415.992 85.4963 36.5654
 1347.59 980.985 378.944 106.161 31.1501
 1213.95 1046.73 346.878 133.995 48.5534
 2810.36 911.329 358.309 118.741 62.4888
 1691.86 1008.82 150.003 58.9769 29.83
 2029.18 1973.91 568.082 84.4689 50.0086
 3386.58 2456.25 1140.61 328.264 77.7074
 3398.33 3660.58 1243.05 577.238 205.453
 394.929 3976.24 1961.85 666.198 419.474
F
 0.0723481 0.144696 0.144696 0.144696 0.144696
 0.114433 0.228867 0.228867 0.228867 0.228867
 0.368304 0.736608 0.736608 0.736608 0.736608
 0.135952 0.271904 0.271904 0.271904 0.271904
 0.0270112 0.0540225 0.0540225 0.0540225 0.0540225
 0.325564 0.651128 0.651128 0.651128 0.651128
 0.197489 0.394978 0.394978 0.394978 0.394978
 0.311897 0.623794 0.623794 0.623794 0.623794
 0.251273 0.502546 0.502546 0.502546 0.502546
 0.138467 0.276935 0.276935 0.276935 0.276935
 0.253043 0.506086 0.506086 0.506086 0.506086
 0.243905 0.48781 0.48781 0.48781 0.48781
 0.376439 0.752878 0.752878 0.752878 0.752878
 0.667281 1.33456 1.33456 1.33456 1.33456
 0.574991 1.14998 1.14998 1.14998 1.14998
 0.258737 0.517474 0.517474 0.517474 0.517474
 0.214747 0.429493 0.429493 0.429493 0.429493
 0.16241 0.32482 0.32482 0.32482 0.32482
 0.159664 0.319328 0.319328 0.319328 0.319328
 0.150287 0.300575 0.300575 0.300575 0.300575
 0.0624399 0.12488 0.12488 0.12488 0.12488
 0.0815546 0.163109 0.163109 0.163109 0.163109
 0.114938 0.229877 0.229877 0.229877 0.229877
 0.152088 0.304176 0.304176 0.304176 0.304176
 0.238955 0.477911 0.477911 0.477911 0.477911
nmprior
 10 11 7 0
nm_flota  nm_reclas  nm_pelaces    nm_pelaL
inf 13.5362 11.1034 17.9699
cv_recla  cv_pelaces  cv_mph
0.89936 1.2039 0.786429
 ------------------------------------------------
Talla a la edad & desviación 
 7.2 14.2025 17.0495 18.207 18.6776
 1.08 2.13037 2.55742 2.73105 2.80164
