years
 1997 1998 1999 2000 2001 2002 2003 2004 2005 2006 2007 2008 2009 2010 2011 2012 2013 2014 2015 2016 2017 2018 2019 2020 2021
reclasobs
 0 0 0 370054 412103 1.49427e+06 250295 1.28982e+06 931140 785840 897777 1.04006e+06 184774 17550 25797 100020 73551 82996 120727 218422 84188 347160 605670 569463 516374
reclaspred
 1.13965e+06 231937 582641 307976 396399 508912 1.05119e+06 816182 1.06284e+06 1.20111e+06 1.13692e+06 777036 448518 205246 135638 132769 156634 216920 232945 310392 496391 488589 759439 783657 849681
pelacesobs
 0 0 0 0 0 0 0 0 0 2.06254e+06 1.5e+06 0 1.87456e+06 323000 250000 174000 83755 137374 0 501740 490994 745055 786931 1.00524e+06 0
pelacespred
 656660 231513 199095 214800 236159 233272 539613 521628 607296 712991 588797 416751 237905 87463.5 57335.8 64095.1 79218.1 110810 125514 161174 282481 291553 344140 423040 460072
mphobs
 0 0 0 0 0 112323 0 153150 637223 0 255016 313432 73983 77613 109348 50772 0 0 0 0 0 0 0 0 0
mphpred
 806184 430001 370690 333573 293746 455445 629991 845809 835402 1.03505e+06 1.14316e+06 820558 499690 265128 125716 110550 123509 166926 204403 228525 361108 462707 544323 664201 804443
desembarqueobs
 350755 77701 442110 56441 14545 235359 269955 359681 431902 328805 639364 411747 362871 311530 167758 66681 60226 58785 57116 71774 51957 67425 138520 160799 200461
desembarquepred
 350757 77699.7 442105 56442.6 14545.1 235413 269973 359601 431825 328738 639311 411842 362917 311680 167703 66687.3 60243.2 58784.6 57109.7 71763.9 51954.8 67415.3 138510 160800 200474
Reclutas
 40938.4 43499.3 22158.3 25525.7 52294.8 38812.9 78871.8 85279.6 129589 141707 72289.1 40111.7 46534 28522.4 19993.5 16871.4 14168.1 15338.4 16062.9 30790.2 43434.3 45207.9 60654.8 63397.6 27922.4
log_desv_Rt
 0.0398239 0.100499 -0.574034 -0.43256 0.284652 -0.0134909 0.695579 0.773691 1.19213 1.28151 0.608429 0.0194222 0.167938 -0.321554 -0.67684 -0.846625 -1.02125 -0.941886 -0.895735 -0.245049 0.0990042 0.139026 0.432954 0.477181 -0.342815
SSB
 806184 430001 370690 333573 293746 455445 629991 845809 835402 1.03505e+06 1.14316e+06 820558 499690 265128 125716 110550 123509 166926 204403 228525 361108 462707 544323 664201 804443
BT
 2.05984e+06 574238 746911 514613 571479 647313 1.66362e+06 1.59508e+06 1.95948e+06 1.98193e+06 1.82307e+06 1.23719e+06 886814 485700 286320 200590 234891 299774 311311 435903 720032 646576 810607 1.03104e+06 1.05916e+06
Ftot
 0.296182 0.321926 0.704207 0.177758 0.0358923 0.439725 0.248278 0.420885 0.389379 0.264231 0.530574 0.500979 0.749363 1.31732 1.11089 0.477236 0.368599 0.261517 0.236834 0.223772 0.102017 0.134171 0.17686 0.198744 0.227851
BD_Bspro_t
 0.957775 0.756003 0.634679 0.427016 0.525907 0.690911 0.622369 0.658201 0.620407 0.619072 0.613227 0.45846 0.347125 0.248379 0.149771 0.157424 0.226982 0.357709 0.464492 0.554176 0.683953 0.781977 0.782073 0.76214 0.728178
BD_Bspro
 0.99433 0.530354 0.457201 0.411422 0.3623 0.561736 0.777018 1.0432 1.03037 1.27661 1.40995 1.01206 0.616307 0.327003 0.155055 0.13635 0.152333 0.205882 0.252106 0.281858 0.445383 0.570693 0.671356 0.819212 0.992182
BD_Bo
 0.84045 0.448277 0.386446 0.347751 0.306232 0.474803 0.656768 0.881759 0.870909 1.07905 1.19175 0.855434 0.520928 0.276396 0.131059 0.115249 0.128759 0.17402 0.21309 0.238238 0.376457 0.482373 0.567458 0.692432 0.838634
BD_Brms
 4.10602 2.19006 1.88798 1.69894 1.4961 2.31965 3.20864 4.30784 4.25483 5.27169 5.82229 4.17923 2.545 1.35034 0.640289 0.563049 0.629051 0.850178 1.04105 1.16392 1.83918 2.35664 2.77232 3.38288 4.09715
S_f
 0.5 1 1 1 1
 0.5 1 1 1 1
 0.5 1 1 1 1
 0.5 1 1 1 1
 0.5 1 1 1 1
 0.5 1 1 1 1
 0.5 1 1 1 1
 0.5 1 1 1 1
 0.5 1 1 1 1
 0.5 1 1 1 1
 0.5 1 1 1 1
 0.5 1 1 1 1
 0.5 1 1 1 1
 0.5 1 1 1 1
 0.5 1 1 1 1
 0.5 1 1 1 1
 0.5 1 1 1 1
 0.5 1 1 1 1
 0.5 1 1 1 1
 0.5 1 1 1 1
 0.5 1 1 1 1
 0.5 1 1 1 1
 0.5 1 1 1 1
 0.5 1 1 1 1
 0.5 1 1 1 1
Scru_reclas
 0.5 1 1 1 1
 0.5 1 1 1 1
 0.5 1 1 1 1
 0.5 1 1 1 1
 0.5 1 1 1 1
 0.5 1 1 1 1
 0.5 1 1 1 1
 0.5 1 1 1 1
 0.5 1 1 1 1
 0.5 1 1 1 1
 0.5 1 1 1 1
 0.5 1 1 1 1
 0.5 1 1 1 1
 0.5 1 1 1 1
 0.5 1 1 1 1
 0.5 1 1 1 1
 0.5 1 1 1 1
 0.5 1 1 1 1
 0.5 1 1 1 1
 0.5 1 1 1 1
 0.5 1 1 1 1
 0.5 1 1 1 1
 0.5 1 1 1 1
 0.5 1 1 1 1
 0.5 1 1 1 1
Scru_pelaces
 0.5 1 1 1 1
 0.5 1 1 1 1
 0.5 1 1 1 1
 0.5 1 1 1 1
 0.5 1 1 1 1
 0.5 1 1 1 1
 0.5 1 1 1 1
 0.5 1 1 1 1
 0.5 1 1 1 1
 0.5 1 1 1 1
 0.5 1 1 1 1
 0.5 1 1 1 1
 0.5 1 1 1 1
 0.5 1 1 1 1
 0.5 1 1 1 1
 0.5 1 1 1 1
 0.5 1 1 1 1
 0.5 1 1 1 1
 0.5 1 1 1 1
 0.5 1 1 1 1
 0.5 1 1 1 1
 0.5 1 1 1 1
 0.5 1 1 1 1
 0.5 1 1 1 1
 0.5 1 1 1 1
pf_obs 
 0.256992 0.487395 0.22802 0.0275931 0
 0.321318 0.546541 0.124235 0.00734118 0.000564706
 0.182869 0.594174 0.210203 0.0122559 0.00049798
 0.330522 0.361315 0.267642 0.0388342 0.00168674
 0.649043 0.306663 0.0425973 0.00169635 0
 0.582887 0.30429 0.105238 0.00758474 0
 0.465427 0.430635 0.0974691 0.00646863 0
 0.296916 0.608066 0.0921331 0.00288517 0
 0.311714 0.524322 0.152257 0.0117073 0
 0.15457 0.633149 0.183074 0.0267441 0.00246327
 0.131901 0.49318 0.331252 0.0422183 0.00144891
 0.196976 0.569456 0.194076 0.0375587 0.00193317
 0.518974 0.381816 0.0799577 0.0180837 0.00116848
 0.0928022 0.601141 0.25162 0.0475244 0.00691264
 0.122501 0.610282 0.24278 0.0234846 0.000952079
 0.383417 0.481906 0.127806 0.00687128 0
 0.0376549 0.599619 0.316969 0.0457579 0
 0.0361596 0.667082 0.258105 0.0386534 0
 0.158088 0.579412 0.248529 0.0139706 0
 0.0477256 0.309471 0.559284 0.082774 0.000745712
 0.0406174 0.521527 0.379366 0.0568643 0.0016247
 0.151134 0.462217 0.34131 0.0453401 0
 0.294876 0.26143 0.354403 0.0886775 0.000613685
 0.281977 0.475581 0.204845 0.0348837 0.00271318
 0 0 0 0 0
pf_pred 
 0.437667 0.39509 0.149378 0.0178596 5.1897e-06
 0.455115 0.342713 0.142044 0.0537049 0.0064228
 0.309777 0.446601 0.153229 0.0635088 0.0268835
 0.473994 0.27656 0.161401 0.055377 0.0326677
 0.598013 0.263163 0.0729896 0.042597 0.0232368
 0.384808 0.461599 0.10055 0.0278882 0.0251541
 0.612166 0.227739 0.120125 0.0261669 0.0138035
 0.50957 0.378703 0.0656069 0.0346056 0.0115147
 0.589675 0.287818 0.0945981 0.0163883 0.0115206
 0.519159 0.36686 0.0799509 0.0262777 0.00775259
 0.313794 0.480104 0.157246 0.0342691 0.0145863
 0.294466 0.364605 0.238531 0.0781247 0.0242729
 0.46129 0.264861 0.141519 0.0925842 0.039745
 0.437943 0.383413 0.087832 0.0469299 0.0438824
 0.541707 0.322155 0.0928682 0.0212742 0.0219961
 0.557088 0.340888 0.0717176 0.0206742 0.00963276
 0.462916 0.399139 0.106169 0.0223364 0.00943907
 0.476692 0.34399 0.133262 0.0354472 0.010609
 0.455821 0.360568 0.120694 0.0467571 0.0161595
 0.594024 0.260606 0.0963209 0.0322418 0.0168073
 0.55156 0.339584 0.0698768 0.0258267 0.0131516
 0.448709 0.395194 0.118206 0.0243234 0.013568
 0.485351 0.32339 0.137104 0.0410091 0.0131456
 0.443739 0.369809 0.117161 0.0496714 0.0196197
 0.244135 0.474707 0.186917 0.0592179 0.0350227
pobs_RECLAS
 0 0 0 0 0
 0 0 0 0 0
 0 0 0 0 0
 0 0 0 0 0
 0.835266 0.146461 0.0176864 0.000547809 3.91292e-05
 0.385257 0.428462 0.181853 0.0044286 0
 0.867414 0.0963971 0.0333333 0.00285562 0
 0.441836 0.489002 0.0689373 0.000224442 0
 0.779404 0.147425 0.0564933 0.0165055 0.000172143
 0.814271 0.122319 0.05973 0.00367925 0
 0.40263 0.566651 0.0304383 0.000280538 0
 0.475488 0.404961 0.113038 0.00651328 0
 0.955842 0.0263864 0.0167828 0.000988607 0
 0.975058 0.0227948 0.00214734 0 0
 0.738997 0.206755 0.0527124 0.00153531 0
 0.850938 0.134255 0.0134407 0.00136685 0
 0.542534 0.407297 0.0501686 0 0
 0.764087 0.199537 0.0359546 0.000420521 0
 0.470689 0.182191 0.310203 0.0369168 0
 0.84361 0.089868 0.0606195 0.00523954 0.000663233
 0.607945 0.314616 0.071237 0.00620181 0
 0.523733 0.453247 0.0230204 0 0
 0.530135 0.295979 0.169645 0.0042399 0
 0.562478 0.366248 0.0663022 0.0049721 0
 0.250443 0.683176 0.0655157 0.000865301 0
ppred_RECLAS
 0.44043 0.393149 0.148644 0.0177718 5.16419e-06
 0.458203 0.340771 0.141239 0.0534006 0.0063864
 0.317342 0.441706 0.15155 0.0628128 0.0265889
 0.475516 0.27576 0.160934 0.0552168 0.0325732
 0.598272 0.262994 0.0729426 0.0425696 0.0232218
 0.389206 0.458299 0.0998317 0.0276888 0.0249742
 0.614312 0.226478 0.11946 0.0260221 0.0137271
 0.513945 0.375325 0.0650217 0.0342969 0.011412
 0.5935 0.285135 0.093716 0.0162355 0.0114132
 0.521594 0.365002 0.079546 0.0261446 0.00771333
 0.31894 0.476504 0.156067 0.0340121 0.0144769
 0.299064 0.36223 0.236977 0.0776156 0.0241147
 0.47084 0.260166 0.139011 0.090943 0.0390404
 0.459807 0.368498 0.0844153 0.0451043 0.0421753
 0.558598 0.310281 0.0894454 0.0204901 0.0211854
 0.562177 0.336971 0.0708935 0.0204366 0.00952208
 0.466588 0.39641 0.105443 0.0221837 0.00937454
 0.479096 0.342409 0.13265 0.0352843 0.0105603
 0.457943 0.359162 0.120224 0.0465748 0.0160965
 0.595949 0.25937 0.095864 0.0320889 0.0167276
 0.552369 0.338972 0.0697509 0.0257801 0.0131279
 0.449805 0.394408 0.117971 0.0242751 0.013541
 0.486867 0.322438 0.136701 0.0408884 0.0131069
 0.445455 0.368669 0.116799 0.0495182 0.0195592
 0.245645 0.473758 0.186544 0.0590996 0.0349527
pobs_PELACES
 0 0 0 0 0
 0 0 0 0 0
 0 0 0 0 0
 0 0 0 0 0
 0 0 0 0 0
 0 0 0 0 0
 0 0 0 0 0
 0 0 0 0 0
 0 0 0 0 0
 0 0 0 0 0
 0.450072 0.473896 0.0757376 0.000293798 0
 0 0 0 0 0
 0.463077 0.371075 0.160297 0.00555027 0
 0.529543 0.364841 0.0842815 0.0213345 0
 0.631943 0.363953 0.00410389 0 0
 0.735681 0.248677 0.0153453 0.000297389 0
 0.695825 0.281241 0.0229344 0 0
 0.275771 0.60734 0.115278 0.00161068 0
 0 0 0 0 0
 0.896147 0.0623911 0.0374545 0.00400742 0
 0.803859 0.145111 0.0509908 3.86294e-05 0
 0.739449 0.233085 0.0266225 0.000797448 4.60066e-05
 0.878498 0.100942 0.0204185 0.000141795 0
 0.694673 0.275183 0.0284847 0.00165964 0
 0 0 0 0 0
ppred_PELACES
 0.452507 0.384664 0.145436 0.0173883 5.05274e-06
 0.471416 0.332461 0.137795 0.0520983 0.00623066
 0.34303 0.425085 0.145847 0.0604492 0.0255884
 0.482835 0.271911 0.158688 0.0544462 0.0321187
 0.599695 0.262062 0.0726843 0.0424188 0.0231396
 0.406586 0.445258 0.096991 0.0269009 0.0242636
 0.623972 0.220806 0.116468 0.0253704 0.0133833
 0.531269 0.361947 0.0627041 0.0330745 0.0110052
 0.608903 0.274331 0.0901651 0.0156203 0.0109807
 0.532462 0.356711 0.077739 0.0255507 0.00753812
 0.33825 0.462994 0.151642 0.0330478 0.0140664
 0.316674 0.353129 0.231023 0.0756656 0.0235088
 0.501718 0.244985 0.130899 0.0856362 0.0367623
 0.514056 0.331491 0.0759379 0.0405747 0.0379399
 0.603189 0.278936 0.0804096 0.0184202 0.0190452
 0.581454 0.322134 0.0677721 0.0195368 0.00910282
 0.481751 0.385142 0.102446 0.0215531 0.00910806
 0.489873 0.335325 0.129906 0.0345543 0.0103418
 0.467658 0.352725 0.118069 0.0457401 0.015808
 0.604808 0.253684 0.0937623 0.0313854 0.0163609
 0.556527 0.335824 0.0691029 0.0255406 0.013006
 0.455289 0.390477 0.116795 0.0240331 0.013406
 0.494159 0.317855 0.134758 0.0403073 0.0129206
 0.453569 0.363274 0.11509 0.0487936 0.019273
 0.252678 0.469341 0.184805 0.0585486 0.0346268
pobs_pel_tallas
 0 0 0 0 0 0 0 0 0 0 0 0 0 0 0 0 0 0 0 0 0 0 0 0 0 0 0 0 0 0 0 0 0 0 0 0
 0 0 0 0 0 0 0 0 0 0 0 0 0 0 0 0 0 0 0 0 0 0 0 0 0 0 0 0 0 0 0 0 0 0 0 0
 0 0 0 0 0 0 0 0 0 0 0 0 0 0 0 0 0 0 0 0 0 0 0 0 0 0 0 0 0 0 0 0 0 0 0 0
 0 0 0 0 0 0 0 0 0 0 0 0 0 0 0 0 0 0 0 0 0 0 0 0 0 0 0 0 0 0 0 0 0 0 0 0
 0 0 0 0 0 0 0 0 0 0 0 0 0 0 0 0 0 0 0 0 0 0 0 0 0 0 0 0 0 0 0 0 0 0 0 0
 0 0 0 0 0 0 0 0 0 0 0 0 0 0 0 0 0 0 0 0 0 0 0 0 0 0 0 0 0 0 0 0 0 0 0 0
 0 0 0 0 0 0 0 0 0 0 0 0 0 0 0 0 0 0 0 0 0 0 0 0 0 0 0 0 0 0 0 0 0 0 0 0
 0 0 0 0 0 0 0 0 0 0 0 0 0 0 0 0 0 0 0 0 0 0 0 0 0 0 0 0 0 0 0 0 0 0 0 0
 0 0 0 0 0 0 0 0 0 0 0 0 0 0 0 0 0 0 0 0 0 0 0 0 0 0 0 0 0 0 0 0 0 0 0 0
 0 0 0 0 0 0 0 0 0 0 0 0 0 0 0 0 0 0 0 0 0 0 0 0 0 0 0 0 0 0 0 0 0 0 0 0
 0 0 0 0 0 0 0 0 1.78061e-05 0.00172719 0.00360574 0.0105946 0.0120993 0.0124554 0.0147524 0.0171206 0.0266825 0.0428682 0.0675386 0.121331 0.153587 0.119568 0.100827 0.0573624 0.0630603 0.0341343 0.0324427 0.0444173 0.0211091 0.0280891 0.0125444 0.00206551 0 0 0 0
 0 0 0 0 0 0 0 0 0 0 0 0 0 0 0 0 0 0 0 0 0 0 0 0 0 0 0 0 0 0 0 0 0 0 0 0
 0 0 0 0 0 0 0.0133647 0.0140871 0.0187388 0.0205184 0.03894 0.0496705 0.03968 0.0493445 0.0407372 0.0367815 0.0215668 0.0243155 0.0234873 0.0199281 0.019796 0.0243948 0.0301388 0.0376714 0.0412746 0.0863199 0.0771752 0.113111 0.0741005 0.0525337 0.0229764 0.00759418 0.00175318 0 0 0
 0 0 0 0 0 0 0 0 0 0 0.00219441 0.00772107 0.0458388 0.0604681 0.0671733 0.0775358 0.0609151 0.0617685 0.073594 0.0568108 0.0755445 0.0548602 0.0670107 0.0636378 0.0643287 0.046367 0.0373049 0.0286899 0.0247887 0.0153202 0.00654259 0.00121912 0.000365735 0 0 0
 0 0 0 0 0 0 0 0 0 0 0 0 0.000112435 0.00938835 0.0111873 0.0202946 0.0414886 0.0713402 0.111592 0.104902 0.108894 0.110636 0.117776 0.105296 0.107544 0.0401394 0.0192827 0.0124803 0.00416011 0.0028671 0.000618394 0 0 0 0 0
 0 0 0 0 0 0 0 0 0 0 0.00291406 0.0102884 0.027416 0.0768956 0.0749926 0.110853 0.0956884 0.0897413 0.0766577 0.0534642 0.0500743 0.0551293 0.0594112 0.0620874 0.0668451 0.0424026 0.0208742 0.0120726 0.0048766 0.00582813 0.00118941 0.000297354 0 0 0 0
 0 0.00264628 0.0354308 0.0461629 0.0458689 0.0383711 0.0214643 0.0164657 0.0346957 0.0420465 0.0363128 0.0245516 0.0311673 0.0291091 0.0169068 0.0133784 0.00837989 0.0085269 0.0148486 0.0160247 0.0276389 0.0546898 0.0760071 0.122758 0.109233 0.0665981 0.0333725 0.0166128 0.00676272 0.00308733 0.000882094 0 0 0 0 0
 0 0 0 0 0 0 0 0.000805153 0.000690131 0.00759144 0.0133425 0.0154129 0.00931677 0.000345066 0.00356568 0.00563607 0.00851162 0.0253048 0.0502646 0.0516448 0.0657925 0.0565908 0.0611916 0.0827007 0.0866115 0.110766 0.145733 0.0935128 0.0569358 0.0249597 0.0138026 0.00621118 0.00161031 0.00115022 0 0
 0 0 0 0 0 0 0 0 0 0 0 0 0 0 0 0 0 0 0 0 0 0 0 0 0 0 0 0 0 0 0 0 0 0 0 0
 0.00147267 0.00158595 0.00478618 0.00569244 0.00954404 0.0108468 0.00647125 0.017049 0.0510054 0.094081 0.124002 0.0959785 0.0687766 0.0820023 0.061753 0.0591476 0.0492212 0.0479892 0.0443925 0.0268479 0.0217502 0.0140895 0.0121071 0.0120363 0.00920419 0.00665534 0.0049561 0.00860946 0.00930331 0.0156896 0.0114698 0.00855282 0.00243557 0.00046729 0 2.83206e-05
 0 0 0 0 0.000772559 0.00158375 0.000888443 0.00281984 0.00712685 0.0440552 0.0773331 0.111326 0.0921469 0.0852325 0.0710754 0.0886704 0.0786465 0.0553345 0.0373146 0.0185414 0.00753245 0.00457741 0.012979 0.0271748 0.0457355 0.0583668 0.034881 0.0177882 0.00938659 0.00492506 0.0015258 0.00185414 0.000309023 5.79419e-05 3.86279e-05 0
 0 0.00173294 0.00326652 0 0.00397197 0.00683976 0.00946217 0.0152591 0.00757587 0.0136028 0.0228656 0.0392903 0.0559909 0.0764795 0.0681675 0.0726916 0.0566044 0.0477403 0.0527397 0.0444891 0.0609904 0.0582453 0.0661739 0.0445044 0.0529084 0.0360697 0.0280645 0.0235558 0.0158879 0.00826598 0.00280645 0.00217768 0.000904811 0.00058276 9.20147e-05 0
 0 0 0 0 0 0 0 0 0 0 0 0 0 0 0 0 0 0 0 0 0 0 0 0 0 0 0 0 0 0 0 0 0 0 0 0
 0 0 0 0 0 0 0 0 0 0 0 0 0 0 0 0 0 0 0 0 0 0 0 0 0 0 0 0 0 0 0 0 0 0 0 0
 0 0 0 0 0 0 0 0 0 0 0 0 0 0 0 0 0 0 0 0 0 0 0 0 0 0 0 0 0 0 0 0 0 0 0 0
ppred_pel_tallas
 1.02788e-16 1.976e-05 0.000115934 0.00055101 0.00212127 0.00661486 0.0167089 0.034191 0.0566841 0.0761516 0.0829379 0.0733232 0.0528497 0.0315756 0.0166947 0.00969379 0.00855296 0.0108352 0.0150063 0.0202807 0.0261297 0.0320001 0.037272 0.0413446 0.0437587 0.0442963 0.0430194 0.0402348 0.0364023 0.0320184 0.0275166 0.0232081 0.0192721 0.0157791 0.0127328 0.0101065
 1.04146e-16 2.05823e-05 0.000120766 0.000573996 0.00220979 0.00689092 0.0174062 0.0356172 0.0590466 0.0793195 0.0863721 0.0763215 0.0549284 0.0326528 0.0169639 0.00938219 0.00777615 0.00959009 0.0132298 0.0179119 0.0231558 0.0284862 0.0333746 0.0373046 0.0398746 0.0408816 0.0403544 0.0385236 0.0357456 0.0324067 0.0288424 0.0252922 0.0218948 0.0187119 0.0157627 0.013054
 1.05482e-16 1.49878e-05 8.79134e-05 0.00041779 0.00160833 0.00501526 0.0126685 0.0259243 0.0429833 0.0577583 0.062939 0.0557227 0.0403379 0.02445 0.0135669 0.00888145 0.00892914 0.0119146 0.0166917 0.0226271 0.0292166 0.0358777 0.041941 0.0467539 0.0498161 0.0508865 0.0500242 0.0475474 0.0439315 0.0396836 0.0352354 0.0308848 0.0267908 0.0230064 0.0195278 0.0163371
 1.05713e-16 2.10778e-05 0.000123681 0.000587865 0.00226321 0.00705752 0.0178269 0.0364776 0.0604711 0.0812272 0.0884341 0.078107 0.0561341 0.0332106 0.0169634 0.00892312 0.0068824 0.00821061 0.0112836 0.0153388 0.0199583 0.0247589 0.0293158 0.0332047 0.0360818 0.0377492 0.0381833 0.0375137 0.0359675 0.0337994 0.0312346 0.0284386 0.0255181 0.0225405 0.0195594 0.0166324
 1.03656e-16 2.61728e-05 0.000153595 0.000730081 0.00281079 0.00876511 0.0221401 0.0453026 0.075098 0.100866 0.109794 0.0969196 0.0695392 0.0409087 0.0204625 0.0100539 0.00688825 0.00764911 0.0102861 0.0138483 0.0178513 0.0218954 0.0255623 0.0284532 0.0302665 0.0308626 0.0302881 0.0287485 0.0265434 0.0239878 0.0213448 0.0187897 0.0164079 0.0142173 0.0122014 0.0103376
 1.0358e-16 1.77599e-05 0.000104186 0.00049515 0.00190618 0.00594409 0.0150147 0.0307249 0.0509406 0.0684444 0.0745669 0.0659774 0.047674 0.0287216 0.0156195 0.00974549 0.00932389 0.0121902 0.0169618 0.0228864 0.0293939 0.0358518 0.0415492 0.0458064 0.0481212 0.0482815 0.0464079 0.0429051 0.0383471 0.0333346 0.0283729 0.0238022 0.0197878 0.0163551 0.013447 0.0109771
 1.03223e-16 2.72299e-05 0.000159804 0.000759608 0.00292449 0.00911969 0.0230357 0.0471348 0.0781338 0.104939 0.114216 0.100796 0.0722609 0.0423905 0.0209835 0.00994829 0.00635896 0.00675471 0.00900784 0.0121566 0.0157493 0.0194418 0.0228779 0.0257105 0.0276641 0.0285898 0.0284883 0.027492 0.025817 0.0237036 0.0213644 0.0189565 0.0165785 0.0142849 0.0121065 0.0100678
 1.02659e-16 2.31932e-05 0.000136092 0.000646853 0.0024903 0.00776567 0.0196157 0.0401383 0.066541 0.0893847 0.0973262 0.0859865 0.0618525 0.036704 0.0189466 0.0102774 0.00827361 0.0100314 0.0137301 0.0184659 0.0236833 0.0288453 0.0333698 0.0367062 0.0384513 0.0384411 0.0367842 0.0338213 0.0300298 0.0259066 0.0218672 0.018188 0.0149984 0.0123111 0.0100691 0.00819106
 1.0242e-16 2.6575e-05 0.000155954 0.000741294 0.00285395 0.00889973 0.0224802 0.0459985 0.0762518 0.102417 0.111483 0.0984153 0.0706219 0.0415648 0.020826 0.0102904 0.0071229 0.00795693 0.0107083 0.0144041 0.0185401 0.0226929 0.0264174 0.0292884 0.0309844 0.0313569 0.0304571 0.0285095 0.0258447 0.0228156 0.0197251 0.0167856 0.0141117 0.0117404 0.00966217 0.00784975
 1.0245e-16 2.32451e-05 0.000136397 0.000648302 0.00249588 0.00778308 0.0196597 0.0402282 0.0666899 0.0895843 0.0975424 0.0861747 0.0619819 0.036769 0.0189587 0.0102503 0.00821424 0.00994012 0.0136048 0.0183069 0.0234964 0.0286433 0.0331722 0.0365368 0.0383335 0.0383924 0.0368113 0.0339171 0.0301738 0.0260682 0.0220116 0.0182829 0.0150202 0.0122484 0.00992361 0.00797618
 1.04097e-16 1.4781e-05 8.66955e-05 0.000411992 0.00158599 0.00494559 0.0124926 0.0255647 0.0423882 0.0569624 0.0620818 0.0549876 0.0398574 0.0242618 0.0136472 0.00920765 0.00951533 0.0128093 0.0179547 0.0243022 0.031307 0.0383269 0.0446244 0.049484 0.052363 0.0530098 0.0515103 0.0482418 0.0437604 0.0386598 0.0334503 0.0284887 0.0239687 0.0199531 0.0164272 0.0133467
 1.07093e-16 1.38359e-05 8.11565e-05 0.000385681 0.00148472 0.00462981 0.0116948 0.0239316 0.0396785 0.0533151 0.0580912 0.0514162 0.037189 0.02248 0.0123667 0.0079443 0.00786011 0.0104663 0.0147301 0.0201119 0.0262094 0.0325588 0.0386119 0.0438126 0.0477035 0.0500124 0.0506913 0.0498912 0.0478927 0.0450191 0.0415632 0.0377499 0.0337354 0.0296298 0.0255265 0.0215214
 1.06599e-16 2.19e-05 0.000128511 0.000610831 0.00235165 0.00733332 0.0185235 0.0379027 0.0628323 0.0843954 0.091874 0.0811229 0.0582529 0.0343663 0.017373 0.00884577 0.00647291 0.00750796 0.0102612 0.013955 0.01819 0.0226219 0.0268745 0.0305727 0.0334114 0.0352123 0.0359483 0.0357227 0.0347195 0.0331412 0.0311602 0.0288961 0.0264203 0.0237779 0.021013 0.0181856
 1.04353e-16 2.24414e-05 0.000131681 0.000625889 0.0024096 0.007514 0.01898 0.0388374 0.0643838 0.0864856 0.0941661 0.0831862 0.0598201 0.0354621 0.0182407 0.00979326 0.00777257 0.00937038 0.0128337 0.0173064 0.0222797 0.0272701 0.0317521 0.0352242 0.0373121 0.0378508 0.0369148 0.034782 0.0318497 0.0285315 0.0251698 0.021989 0.0190919 0.0164894 0.0141437 0.0120074
 1.02756e-16 2.63259e-05 0.000154492 0.000734341 0.00282718 0.00881625 0.0222693 0.0455671 0.0755368 0.101457 0.11044 0.0974982 0.069972 0.0411988 0.020673 0.0102645 0.00716754 0.00804857 0.0108424 0.0145818 0.0187609 0.0229511 0.0267019 0.0295846 0.031277 0.0316339 0.0307137 0.02875 0.026082 0.0230683 0.0200134 0.0171256 0.0145119 0.0121992 0.0101679 0.00838294
 1.02164e-16 2.53799e-05 0.000148934 0.000707911 0.0027254 0.00849884 0.0214676 0.0439271 0.0728197 0.0978122 0.106485 0.0940354 0.0675501 0.0398998 0.0202559 0.0104426 0.0077754 0.00905328 0.0122814 0.0164999 0.0211669 0.0257924 0.0298546 0.0328603 0.034446 0.0344604 0.0329945 0.0303467 0.0269394 0.023215 0.0195468 0.0161873 0.0132607 0.0107872 0.0087244 0.00700596
 1.02746e-16 2.10351e-05 0.00012342 0.000586599 0.0022583 0.00704218 0.0177883 0.0363995 0.0603446 0.0810666 0.0882837 0.0780323 0.0562068 0.0335067 0.017578 0.00998859 0.00857103 0.0107155 0.0147788 0.0199252 0.0256055 0.0312587 0.0362653 0.040032 0.0421163 0.0423246 0.0407498 0.0377315 0.0337584 0.0293477 0.0249397 0.0208384 0.017201 0.0140665 0.0114019 0.00914586
 1.03624e-16 2.13873e-05 0.000125492 0.000596461 0.00229629 0.00716065 0.0180875 0.0370112 0.0613572 0.0824223 0.0897478 0.0792971 0.0570541 0.0338844 0.0175444 0.00960742 0.00785078 0.0096115 0.0132275 0.0178832 0.0230821 0.0283389 0.0331175 0.0368971 0.0392767 0.0400601 0.0392893 0.0372137 0.0342109 0.0306886 0.0269996 0.0233945 0.0200157 0.0169199 0.0141154 0.0115931
 1.04102e-16 2.04192e-05 0.000119807 0.000569432 0.00219221 0.0068361 0.0172677 0.0353341 0.0585778 0.0786916 0.0856933 0.0757333 0.0545304 0.0324667 0.0169592 0.00952453 0.00805505 0.0100186 0.0138295 0.0186965 0.0241172 0.0295864 0.0345433 0.0384449 0.0408768 0.0416417 0.0407941 0.0386053 0.0354788 0.0318451 0.0280712 0.0244117 0.0210028 0.0178892 0.0150652 0.0125101
 1.03257e-16 2.63955e-05 0.000154903 0.0007363 0.00283473 0.00883979 0.0223287 0.0456885 0.0757374 0.101724 0.110725 0.0977369 0.0701144 0.0412246 0.0205792 0.0100439 0.00679714 0.00749305 0.0100659 0.0135628 0.0175063 0.021507 0.0251573 0.0280653 0.0299298 0.0306038 0.0301185 0.0286602 0.0265095 0.0239673 0.0212916 0.0186619 0.0161769 0.0138725 0.0117513 0.0098064
 1.02576e-16 2.42935e-05 0.000142555 0.00067758 0.00260862 0.00813464 0.0205477 0.042045 0.0697006 0.093625 0.101933 0.0900321 0.0647095 0.0382927 0.0195709 0.0103029 0.00793249 0.00940541 0.0128146 0.017232 0.0221163 0.0269633 0.031232 0.0344094 0.0361176 0.0361985 0.0347455 0.0320667 0.0285978 0.0247943 0.0210393 0.0175898 0.0145703 0.0119989 0.00983063 0.00799806
 1.03238e-16 1.98814e-05 0.000116646 0.000554397 0.00213431 0.00665553 0.0168117 0.0344012 0.0570327 0.07662 0.0834482 0.0737749 0.0531763 0.0317727 0.0168017 0.00975906 0.00861096 0.010903 0.0150876 0.0203693 0.0262102 0.0320487 0.0372586 0.0412378 0.0435327 0.0439388 0.0425381 0.0396604 0.035786 0.0314254 0.0270149 0.0228576 0.0191134 0.0158284 0.0129799 0.010519
 1.04006e-16 2.15734e-05 0.000126587 0.000601669 0.00231635 0.0072232 0.0182455 0.0373344 0.0618923 0.0831394 0.090524 0.079972 0.0575159 0.0341111 0.0175747 0.00948584 0.00759505 0.00921197 0.0126624 0.017135 0.0221508 0.0272511 0.0319293 0.0356913 0.0381526 0.0391187 0.0386165 0.0368666 0.0342095 0.0310152 0.0276051 0.024209 0.0209603 0.0179183 0.0151014 0.0125156
 1.0433e-16 1.98053e-05 0.000116202 0.00055229 0.00212621 0.00663027 0.0167478 0.0342704 0.056815 0.0763255 0.0831218 0.0734729 0.0529294 0.0315669 0.016587 0.00947039 0.00818252 0.0102744 0.0142093 0.0192117 0.0247763 0.0303858 0.0354638 0.0394527 0.0419285 0.0426917 0.0418019 0.0395423 0.0363311 0.0326124 0.0287632 0.0250426 0.0215859 0.0184338 0.0155749 0.0129832
 1.06406e-16 1.10499e-05 6.47903e-05 0.000307851 0.00118502 0.00369517 0.00933417 0.0191023 0.0316772 0.0425808 0.0464398 0.0412092 0.0300361 0.0186147 0.0110665 0.00834764 0.00945797 0.0131364 0.0185578 0.0252098 0.0325966 0.0400914 0.0469581 0.0524731 0.0560755 0.0574857 0.0567518 0.0542059 0.0503546 0.0457432 0.0408403 0.0359745 0.0313287 0.0269751 0.0229272 0.019184
pSPR Fmed_Fpbrs
0.573789   0.254687 0.254687
Fs Fmed_Fpbrs
0.307554   1.005 1.005
SSBpbr Bo_Bmed_Bpbrs
959230  502434  196342 196342
Ro
39340.1
SPR SPRFo_SPRFmed_SPRFpbrs
810781 465217 206495
log_Ro
10.4
likeval ReclasPelacesDesembMPH_pf_preclas_ppelaces_ptallas_desvR_qrecl_qpela
 106.596 83.8578 0.00375928 0.000695648 311.037 206.91 74.2178 0 13.5927 0 0 0 0 0 0
q_reclas_q_pelaces
1 1
M
0.7
N
 40938.4 19676.1 7439.25 889.433 0.258454
 43499.3 17531.1 7266.11 2747.22 328.551
 22158.3 18389.5 6309.47 2615.08 1106.97
 25525.7 7737.72 4515.76 1549.36 913.993
 52294.8 11597.7 3216.68 1877.27 1024.05
 38812.9 25506.9 5556.2 1541.04 1389.96
 78871.8 15469.8 8159.85 1777.47 937.646
 85279.6 34594.2 5993.13 3161.19 1051.86
 129589 34311.9 11277.4 1953.71 1373.42
 141707 52967.7 11543.4 3794 1119.33
 72289.1 61660.5 20195.3 4401.23 1873.34
 40111.7 27533 18012.6 5899.56 1832.96
 46534 15505.2 8284.67 5419.97 2326.71
 28522.4 15887 3639.39 1944.58 1818.3
 19993.5 7330.4 2113.15 484.079 500.505
 16871.4 5697.13 1198.59 345.519 160.989
 14168.1 6599.55 1755.45 369.32 156.07
 15338.4 5851.49 2266.88 602.979 180.466
 16062.9 6683.22 2237.1 866.655 299.521
 30790.2 7085.8 2618.93 876.643 456.985
 43434.3 13671.4 2813.19 1039.76 529.475
 45207.9 20496.2 6130.6 1261.5 703.684
 60654.8 20992.9 8900.16 2662.12 853.352
 63397.6 27571.1 8734.89 3703.25 1462.74
 27922.4 28504.3 11223.7 3555.8 2102.97
pred_Ctot
 4087.31 3689.69 1395.02 166.788 0.0484659
 4694.44 3535.03 1465.16 553.958 66.2501
 4826.07 6957.66 2387.18 989.414 418.822
 1569.19 915.571 534.331 183.33 108.149
 669.603 294.667 81.7274 47.6964 26.0185
 5579.39 6692.79 1457.9 404.355 364.712
 6669.48 2481.19 1308.75 285.086 150.388
 11780.8 8755.29 1516.78 800.052 266.21
 16673.3 8138.2 2674.8 463.386 325.75
 12709 8980.71 1957.19 643.276 189.783
 12300.2 18819.2 6163.75 1343.29 571.755
 6484.71 8029.3 5252.9 1720.45 534.535
 10684.9 6134.99 3278.01 2144.53 920.614
 10273.6 8994.4 2060.43 1100.92 1029.43
 6325.09 3761.55 1084.35 248.402 256.831
 2611.34 1597.9 336.175 96.9097 45.1533
 1733.3 1494.5 397.53 83.6342 35.3427
 1362.29 983.057 380.838 101.301 30.3185
 1298.89 1027.46 343.926 133.237 46.0476
 2359.13 1034.98 382.533 128.046 66.7493
 1557.95 959.198 197.376 72.9506 37.1484
 2117.72 1865.15 557.882 114.796 64.035
 3710.65 2472.41 1048.2 313.526 100.502
 4337.69 3615.01 1145.28 485.554 191.788
 2176.48 4232.03 1666.38 527.931 312.229
F
 0.148091 0.296182 0.296182 0.296182 0.296182
 0.160963 0.321926 0.321926 0.321926 0.321926
 0.352104 0.704207 0.704207 0.704207 0.704207
 0.0888788 0.177758 0.177758 0.177758 0.177758
 0.0179462 0.0358923 0.0358923 0.0358923 0.0358923
 0.219862 0.439725 0.439725 0.439725 0.439725
 0.124139 0.248278 0.248278 0.248278 0.248278
 0.210442 0.420885 0.420885 0.420885 0.420885
 0.194689 0.389379 0.389379 0.389379 0.389379
 0.132116 0.264231 0.264231 0.264231 0.264231
 0.265287 0.530574 0.530574 0.530574 0.530574
 0.25049 0.500979 0.500979 0.500979 0.500979
 0.374681 0.749363 0.749363 0.749363 0.749363
 0.658661 1.31732 1.31732 1.31732 1.31732
 0.555443 1.11089 1.11089 1.11089 1.11089
 0.238618 0.477236 0.477236 0.477236 0.477236
 0.184299 0.368599 0.368599 0.368599 0.368599
 0.130759 0.261517 0.261517 0.261517 0.261517
 0.118417 0.236834 0.236834 0.236834 0.236834
 0.111886 0.223772 0.223772 0.223772 0.223772
 0.0510084 0.102017 0.102017 0.102017 0.102017
 0.0670854 0.134171 0.134171 0.134171 0.134171
 0.0884299 0.17686 0.17686 0.17686 0.17686
 0.0993722 0.198744 0.198744 0.198744 0.198744
 0.113926 0.227851 0.227851 0.227851 0.227851
nmprior
 10 11 7 0
nm_flota  nm_reclas  nm_pelaces    nm_pelaL
inf 13.8772 12.7644 21.2422
cv_recla  cv_pelaces  cv_mph
0.93389 1.07755 0.855723
 ------------------------------------------------
Talla a la edad & desviación 
 7.2 14.2025 17.0495 18.207 18.6776
 1.08 2.13037 2.55742 2.73105 2.80164
