years
 1997 1998 1999 2000 2001 2002 2003 2004 2005 2006 2007 2008 2009 2010 2011 2012 2013 2014 2015 2016 2017 2018 2019 2020 2021
reclasobs
 0 0 0 370054 412103 1.49427e+06 250295 1.28982e+06 931140 785840 897777 1.04006e+06 184774 17550 25797 100020 73551 82996 120727 218422 84188 347160 605670 569463 516374
reclaspred
 467855 131566 414103 295571 416440 488670 1.05372e+06 681854 730863 655999 513679 343878 210755 92450.6 61445.3 62412.3 80310.8 111183 119050 171369 248322 229291 398835 527100 590928
pelacesobs
 0 0 0 0 0 0 0 0 0 2.06254e+06 1.5e+06 0 1.87456e+06 323000 250000 174000 83755 137374 0 501740 490994 745055 786931 1.00524e+06 0
pelacespred
 1.92904e+06 500014 932682 1.04682e+06 1.24569e+06 1.25837e+06 2.9273e+06 2.42724e+06 2.25374e+06 2.06011e+06 1.45045e+06 1.0044e+06 594645 208009 134459 151338 206004 295158 328562 454780 739895 677535 922215 1.41582e+06 1.70081e+06
mphobs
 0 0 0 0 0 112323 0 153150 637223 0 255016 313432 73983 77613 109348 50772 0 0 0 0 0 0 0 0 0
mphpred
 169402 108039 135912 170485 173424 260434 385031 444051 366261 356715 329993 228327 140192 71996.8 32068.9 27032 33843 47917.5 60758.3 70668.5 106306 126258 160038 228949 342514
desembarqueobs
 350755 77701 442110 56441 14545 235359 269955 359681 431902 328805 639364 411747 362871 311530 167758 66681 60226 58785 57116 71774 51957 67425 138520 160799 200461
desembarquepred
 350766 77704.7 442155 56443.4 14545.1 235406 269991 359708 431979 328859 639629 412002 363230 311954 167762 66695 60252.4 58787.5 57112.5 71777.5 51959.2 67421 138525 160807 200461
Reclutas
 55598.4 68279.3 41973.8 62127.9 103473 76072.9 117285 106924 125411 128157 66581.7 42442.1 42820 23509.5 16563.5 18781.1 15172 17257.6 19494.4 33451 42057.7 55870.9 88175.2 116542 52296.3
log_desv_Rt
 0.105911 0.311362 -0.175198 0.21695 0.727071 0.419448 0.852365 0.759876 0.919349 0.941009 0.286184 -0.164104 -0.155238 -0.754841 -1.10504 -0.979392 -1.1928 -1.06399 -0.942117 -0.402164 -0.173201 0.110799 0.567081 0.846003 0.0446817
SSB
 676594 431509 542834 680920 692659 1.04018e+06 1.53782e+06 1.77355e+06 1.46285e+06 1.42473e+06 1.318e+06 911943 559929 287557 128084 107966 135170 191383 242670 282251 424586 504278 639193 914429 1.36801e+06
BT
 2.31883e+06 616902 1.19351e+06 1.09186e+06 1.25415e+06 1.39962e+06 3.14021e+06 2.79954e+06 2.65065e+06 2.35784e+06 1.99961e+06 1.36033e+06 945789 503686 278454 207148 255715 341655 370924 512866 782703 722253 1.00169e+06 1.53423e+06 1.79936e+06
Ftot
 0.454697 0.35349 0.508265 0.0973406 0.0199124 0.203043 0.129285 0.261415 0.304924 0.251131 0.528147 0.497061 0.795277 1.46548 1.50444 0.598606 0.410844 0.274963 0.226333 0.228443 0.109652 0.140149 0.164998 0.158552 0.134417
BD_Bspro_t
 0.945988 0.756692 0.720809 0.60239 0.721002 0.835842 0.803244 0.806977 0.748196 0.705049 0.665234 0.506264 0.391595 0.277291 0.161492 0.167497 0.263865 0.417486 0.534021 0.627356 0.736938 0.812664 0.821691 0.827535 0.83044
BD_Bspro
 0.656438 0.418654 0.526663 0.660636 0.672025 1.00919 1.49201 1.72071 1.41927 1.38229 1.27874 0.884776 0.543248 0.27899 0.124268 0.10475 0.131143 0.185682 0.235441 0.273843 0.411938 0.489256 0.620152 0.887188 1.32726
BD_Bo
 0.562609 0.358813 0.451384 0.566207 0.575968 0.864941 1.27875 1.47476 1.21641 1.18471 1.09596 0.75831 0.465598 0.239113 0.106506 0.0897775 0.112398 0.159141 0.201788 0.234701 0.353057 0.419323 0.53151 0.760377 1.13754
BD_Brms
 1.02293 0.652388 0.820698 1.02947 1.04721 1.57262 2.325 2.68139 2.21165 2.15401 1.99265 1.37875 0.846543 0.43475 0.193647 0.163232 0.20436 0.289348 0.366887 0.426729 0.641922 0.762406 0.966381 1.3825 2.06826
S_f
 0.182896 1 1 1 1
 0.182896 1 1 1 1
 0.182896 1 1 1 1
 0.182896 1 1 1 1
 0.182896 1 1 1 1
 0.182896 1 1 1 1
 0.182896 1 1 1 1
 0.182896 1 1 1 1
 0.182896 1 1 1 1
 0.182896 1 1 1 1
 0.182896 1 1 1 1
 0.182896 1 1 1 1
 0.182896 1 1 1 1
 0.182896 1 1 1 1
 0.182896 1 1 1 1
 0.182896 1 1 1 1
 0.182896 1 1 1 1
 0.182896 1 1 1 1
 0.182896 1 1 1 1
 0.182896 1 1 1 1
 0.182896 1 1 1 1
 0.182896 1 1 1 1
 0.182896 1 1 1 1
 0.182896 1 1 1 1
 0.182896 1 1 1 1
Scru_reclas
 0.99078 1 1 1 1
 0.99078 1 1 1 1
 0.99078 1 1 1 1
 0.99078 1 1 1 1
 0.99078 1 1 1 1
 0.99078 1 1 1 1
 0.99078 1 1 1 1
 0.99078 1 1 1 1
 0.99078 1 1 1 1
 0.99078 1 1 1 1
 0.99078 1 1 1 1
 0.99078 1 1 1 1
 0.99078 1 1 1 1
 0.99078 1 1 1 1
 0.99078 1 1 1 1
 0.99078 1 1 1 1
 0.99078 1 1 1 1
 0.99078 1 1 1 1
 0.99078 1 1 1 1
 0.99078 1 1 1 1
 0.99078 1 1 1 1
 0.99078 1 1 1 1
 0.99078 1 1 1 1
 0.99078 1 1 1 1
 0.99078 1 1 1 1
Scru_pelaces
 0.871496 1 1 1 1
 0.871496 1 1 1 1
 0.871496 1 1 1 1
 0.871496 1 1 1 1
 0.871496 1 1 1 1
 0.871496 1 1 1 1
 0.871496 1 1 1 1
 0.871496 1 1 1 1
 0.871496 1 1 1 1
 0.871496 1 1 1 1
 0.871496 1 1 1 1
 0.871496 1 1 1 1
 0.871496 1 1 1 1
 0.871496 1 1 1 1
 0.871496 1 1 1 1
 0.871496 1 1 1 1
 0.871496 1 1 1 1
 0.871496 1 1 1 1
 0.871496 1 1 1 1
 0.871496 1 1 1 1
 0.871496 1 1 1 1
 0.871496 1 1 1 1
 0.871496 1 1 1 1
 0.871496 1 1 1 1
 0.871496 1 1 1 1
pf_obs 
 0.256992 0.487395 0.22802 0.0275931 0
 0.321318 0.546541 0.124235 0.00734118 0.000564706
 0.182869 0.594174 0.210203 0.0122559 0.00049798
 0.330522 0.361315 0.267642 0.0388342 0.00168674
 0.649043 0.306663 0.0425973 0.00169635 0
 0.582887 0.30429 0.105238 0.00758474 0
 0.465427 0.430635 0.0974691 0.00646863 0
 0.296916 0.608066 0.0921331 0.00288517 0
 0.311714 0.524322 0.152257 0.0117073 0
 0.15457 0.633149 0.183074 0.0267441 0.00246327
 0.131901 0.49318 0.331252 0.0422183 0.00144891
 0.196976 0.569456 0.194076 0.0375587 0.00193317
 0.518974 0.381816 0.0799577 0.0180837 0.00116848
 0.0928022 0.601141 0.25162 0.0475244 0.00691264
 0.122501 0.610282 0.24278 0.0234846 0.000952079
 0.383417 0.481906 0.127806 0.00687128 0
 0.0376549 0.599619 0.316969 0.0457579 0
 0.0361596 0.667082 0.258105 0.0386534 0
 0.158088 0.579412 0.248529 0.0139706 0
 0.0477256 0.309471 0.559284 0.082774 0.000745712
 0.0406174 0.521527 0.379366 0.0568643 0.0016247
 0.151134 0.462217 0.34131 0.0453401 0
 0.294876 0.26143 0.354403 0.0886775 0.000613685
 0.281977 0.475581 0.204845 0.0348837 0.00271318
 0 0 0 0 0
pf_pred 
 0.363925 0.449345 0.167044 0.0196752 1.00551e-05
 0.306463 0.551411 0.100403 0.0373248 0.00439854
 0.175421 0.610531 0.170183 0.0309876 0.0128772
 0.26996 0.435812 0.217851 0.0607253 0.015652
 0.299221 0.475764 0.134327 0.0671467 0.0235412
 0.170106 0.5826 0.16789 0.0474019 0.0320023
 0.254032 0.411659 0.234691 0.0676315 0.0319867
 0.200148 0.531108 0.148305 0.0845503 0.0358887
 0.23433 0.464867 0.199735 0.0557736 0.0452938
 0.222587 0.512071 0.1611 0.0692182 0.0350249
 0.132651 0.553053 0.207022 0.06513 0.0421438
 0.13705 0.447146 0.265132 0.0992456 0.0514267
 0.217072 0.410042 0.193214 0.114565 0.0651064
 0.201971 0.551101 0.129324 0.0609381 0.0566668
 0.285764 0.532235 0.125685 0.0294939 0.0268213
 0.357191 0.530538 0.0836618 0.0197564 0.00885215
 0.234744 0.61363 0.125144 0.0197342 0.0067482
 0.250101 0.502893 0.198065 0.0403934 0.00854788
 0.24222 0.511196 0.165362 0.0651281 0.016093
 0.320286 0.448637 0.155884 0.0504254 0.0247675
 0.271238 0.540205 0.124454 0.043243 0.0208589
 0.263415 0.502026 0.17387 0.0400569 0.0206318
 0.299428 0.473548 0.15473 0.0535888 0.0187049
 0.275397 0.518872 0.139062 0.0454381 0.0212298
 0.109783 0.615119 0.196992 0.0527955 0.0253107
pobs_RECLAS
 0 0 0 0 0
 0 0 0 0 0
 0 0 0 0 0
 0 0 0 0 0
 0.835266 0.146461 0.0176864 0.000547809 3.91292e-05
 0.385257 0.428462 0.181853 0.0044286 0
 0.867414 0.0963971 0.0333333 0.00285562 0
 0.441836 0.489002 0.0689373 0.000224442 0
 0.779404 0.147425 0.0564933 0.0165055 0.000172143
 0.814271 0.122319 0.05973 0.00367925 0
 0.40263 0.566651 0.0304383 0.000280538 0
 0.475488 0.404961 0.113038 0.00651328 0
 0.955842 0.0263864 0.0167828 0.000988607 0
 0.975058 0.0227948 0.00214734 0 0
 0.738997 0.206755 0.0527124 0.00153531 0
 0.850938 0.134255 0.0134407 0.00136685 0
 0.542534 0.407297 0.0501686 0 0
 0.764087 0.199537 0.0359546 0.000420521 0
 0.470689 0.182191 0.310203 0.0369168 0
 0.84361 0.089868 0.0606195 0.00523954 0.000663233
 0.607945 0.314616 0.071237 0.00620181 0
 0.523733 0.453247 0.0230204 0 0
 0.530135 0.295979 0.169645 0.0042399 0
 0.562478 0.366248 0.0663022 0.0049721 0
 0.250443 0.683176 0.0655157 0.000865301 0
ppred_RECLAS
 0.761466 0.168509 0.0626431 0.0073784 3.77077e-06
 0.709807 0.230724 0.0420111 0.0156176 0.00184046
 0.543871 0.337725 0.0941396 0.0171413 0.00712321
 0.668127 0.198118 0.0990343 0.0276055 0.00711532
 0.698365 0.204782 0.057818 0.0289018 0.0101328
 0.528946 0.330688 0.0952954 0.0269057 0.0181648
 0.650019 0.193135 0.110108 0.0317303 0.015007
 0.579137 0.279456 0.0780346 0.0444883 0.0188838
 0.627989 0.225862 0.097044 0.0270983 0.0220066
 0.611413 0.255956 0.0805249 0.0345984 0.017507
 0.461982 0.34306 0.128416 0.0404003 0.0261419
 0.470696 0.274264 0.162623 0.0608739 0.0315434
 0.615063 0.201603 0.0949966 0.0563275 0.0320105
 0.61422 0.266411 0.0625171 0.0294585 0.0273936
 0.716888 0.21097 0.0498197 0.0116909 0.0106315
 0.758441 0.199369 0.031439 0.00742421 0.00332652
 0.630381 0.296384 0.0604445 0.00953163 0.00325939
 0.64736 0.236485 0.0931401 0.018995 0.00401964
 0.636854 0.244978 0.0792456 0.031211 0.00771213
 0.721107 0.18408 0.0639606 0.02069 0.0101623
 0.669712 0.244831 0.056405 0.0195985 0.00945363
 0.661207 0.230907 0.0799718 0.0184242 0.00948963
 0.700236 0.202624 0.0662067 0.0229299 0.00800357
 0.674948 0.232763 0.0623825 0.0203833 0.00952357
 0.402197 0.413068 0.132285 0.0354535 0.0169968
pobs_PELACES
 0 0 0 0 0
 0 0 0 0 0
 0 0 0 0 0
 0 0 0 0 0
 0 0 0 0 0
 0 0 0 0 0
 0 0 0 0 0
 0 0 0 0 0
 0 0 0 0 0
 0 0 0 0 0
 0.450072 0.473896 0.0757376 0.000293798 0
 0 0 0 0 0
 0.463077 0.371075 0.160297 0.00555027 0
 0.529543 0.364841 0.0842815 0.0213345 0
 0.631943 0.363953 0.00410389 0 0
 0.735681 0.248677 0.0153453 0.000297389 0
 0.695825 0.281241 0.0229344 0 0
 0.275771 0.60734 0.115278 0.00161068 0
 0 0 0 0 0
 0.896147 0.0623911 0.0374545 0.00400742 0
 0.803859 0.145111 0.0509908 3.86294e-05 0
 0.739449 0.233085 0.0266225 0.000797448 4.60066e-05
 0.878498 0.100942 0.0204185 0.000141795 0
 0.694673 0.275183 0.0284847 0.00165964 0
 0 0 0 0 0
ppred_PELACES
 0.760434 0.169238 0.0629142 0.00741033 3.78709e-06
 0.70297 0.23616 0.0430009 0.0159856 0.00188382
 0.546046 0.336115 0.0936908 0.0170596 0.00708925
 0.645128 0.211848 0.105897 0.0295186 0.00760842
 0.671861 0.222776 0.0628985 0.0314414 0.0110231
 0.510594 0.343572 0.0990081 0.0279539 0.0188725
 0.62848 0.205022 0.116885 0.033683 0.0159306
 0.56499 0.28885 0.0806577 0.0459837 0.0195185
 0.617167 0.232433 0.0998672 0.0278867 0.0226468
 0.59693 0.265496 0.0835262 0.0358879 0.0181595
 0.465496 0.340819 0.127577 0.0401364 0.0259712
 0.472128 0.273522 0.162183 0.0607092 0.031458
 0.635249 0.19103 0.0900148 0.0533736 0.0303318
 0.675236 0.224275 0.0526292 0.0247992 0.023061
 0.769672 0.171636 0.0405313 0.00951124 0.00864938
 0.764458 0.194403 0.0306558 0.00723927 0.00324366
 0.626294 0.299661 0.0611128 0.00963702 0.00329543
 0.634904 0.244838 0.0964299 0.0196659 0.00416162
 0.621162 0.255564 0.0826699 0.0325596 0.00804539
 0.707501 0.193061 0.067081 0.0216994 0.0106581
 0.647523 0.261279 0.0601943 0.0209152 0.0100887
 0.64065 0.244918 0.0848243 0.0195421 0.0100654
 0.682358 0.214709 0.0701552 0.0242974 0.0084809
 0.65591 0.246396 0.0660362 0.0215771 0.0100813
 0.380281 0.428211 0.137135 0.0367533 0.0176199
pobs_pel_tallas
 0 0 0 0 0 0 0 0 0 0 0 0 0 0 0 0 0 0 0 0 0 0 0 0 0 0 0 0 0 0 0 0 0 0 0 0
 0 0 0 0 0 0 0 0 0 0 0 0 0 0 0 0 0 0 0 0 0 0 0 0 0 0 0 0 0 0 0 0 0 0 0 0
 0 0 0 0 0 0 0 0 0 0 0 0 0 0 0 0 0 0 0 0 0 0 0 0 0 0 0 0 0 0 0 0 0 0 0 0
 0 0 0 0 0 0 0 0 0 0 0 0 0 0 0 0 0 0 0 0 0 0 0 0 0 0 0 0 0 0 0 0 0 0 0 0
 0 0 0 0 0 0 0 0 0 0 0 0 0 0 0 0 0 0 0 0 0 0 0 0 0 0 0 0 0 0 0 0 0 0 0 0
 0 0 0 0 0 0 0 0 0 0 0 0 0 0 0 0 0 0 0 0 0 0 0 0 0 0 0 0 0 0 0 0 0 0 0 0
 0 0 0 0 0 0 0 0 0 0 0 0 0 0 0 0 0 0 0 0 0 0 0 0 0 0 0 0 0 0 0 0 0 0 0 0
 0 0 0 0 0 0 0 0 0 0 0 0 0 0 0 0 0 0 0 0 0 0 0 0 0 0 0 0 0 0 0 0 0 0 0 0
 0 0 0 0 0 0 0 0 0 0 0 0 0 0 0 0 0 0 0 0 0 0 0 0 0 0 0 0 0 0 0 0 0 0 0 0
 0 0 0 0 0 0 0 0 0 0 0 0 0 0 0 0 0 0 0 0 0 0 0 0 0 0 0 0 0 0 0 0 0 0 0 0
 0 0 0 0 0 0 0 0 1.78061e-05 0.00172719 0.00360574 0.0105946 0.0120993 0.0124554 0.0147524 0.0171206 0.0266825 0.0428682 0.0675386 0.121331 0.153587 0.119568 0.100827 0.0573624 0.0630603 0.0341343 0.0324427 0.0444173 0.0211091 0.0280891 0.0125444 0.00206551 0 0 0 0
 0 0 0 0 0 0 0 0 0 0 0 0 0 0 0 0 0 0 0 0 0 0 0 0 0 0 0 0 0 0 0 0 0 0 0 0
 0 0 0 0 0 0 0.0133647 0.0140871 0.0187388 0.0205184 0.03894 0.0496705 0.03968 0.0493445 0.0407372 0.0367815 0.0215668 0.0243155 0.0234873 0.0199281 0.019796 0.0243948 0.0301388 0.0376714 0.0412746 0.0863199 0.0771752 0.113111 0.0741005 0.0525337 0.0229764 0.00759418 0.00175318 0 0 0
 0 0 0 0 0 0 0 0 0 0 0.00219441 0.00772107 0.0458388 0.0604681 0.0671733 0.0775358 0.0609151 0.0617685 0.073594 0.0568108 0.0755445 0.0548602 0.0670107 0.0636378 0.0643287 0.046367 0.0373049 0.0286899 0.0247887 0.0153202 0.00654259 0.00121912 0.000365735 0 0 0
 0 0 0 0 0 0 0 0 0 0 0 0 0.000112435 0.00938835 0.0111873 0.0202946 0.0414886 0.0713402 0.111592 0.104902 0.108894 0.110636 0.117776 0.105296 0.107544 0.0401394 0.0192827 0.0124803 0.00416011 0.0028671 0.000618394 0 0 0 0 0
 0 0 0 0 0 0 0 0 0 0 0.00291406 0.0102884 0.027416 0.0768956 0.0749926 0.110853 0.0956884 0.0897413 0.0766577 0.0534642 0.0500743 0.0551293 0.0594112 0.0620874 0.0668451 0.0424026 0.0208742 0.0120726 0.0048766 0.00582813 0.00118941 0.000297354 0 0 0 0
 0 0.00264628 0.0354308 0.0461629 0.0458689 0.0383711 0.0214643 0.0164657 0.0346957 0.0420465 0.0363128 0.0245516 0.0311673 0.0291091 0.0169068 0.0133784 0.00837989 0.0085269 0.0148486 0.0160247 0.0276389 0.0546898 0.0760071 0.122758 0.109233 0.0665981 0.0333725 0.0166128 0.00676272 0.00308733 0.000882094 0 0 0 0 0
 0 0 0 0 0 0 0 0.000805153 0.000690131 0.00759144 0.0133425 0.0154129 0.00931677 0.000345066 0.00356568 0.00563607 0.00851162 0.0253048 0.0502646 0.0516448 0.0657925 0.0565908 0.0611916 0.0827007 0.0866115 0.110766 0.145733 0.0935128 0.0569358 0.0249597 0.0138026 0.00621118 0.00161031 0.00115022 0 0
 0 0 0 0 0 0 0 0 0 0 0 0 0 0 0 0 0 0 0 0 0 0 0 0 0 0 0 0 0 0 0 0 0 0 0 0
 0.00147267 0.00158595 0.00478618 0.00569244 0.00954404 0.0108468 0.00647125 0.017049 0.0510054 0.094081 0.124002 0.0959785 0.0687766 0.0820023 0.061753 0.0591476 0.0492212 0.0479892 0.0443925 0.0268479 0.0217502 0.0140895 0.0121071 0.0120363 0.00920419 0.00665534 0.0049561 0.00860946 0.00930331 0.0156896 0.0114698 0.00855282 0.00243557 0.00046729 0 2.83206e-05
 0 0 0 0 0.000772559 0.00158375 0.000888443 0.00281984 0.00712685 0.0440552 0.0773331 0.111326 0.0921469 0.0852325 0.0710754 0.0886704 0.0786465 0.0553345 0.0373146 0.0185414 0.00753245 0.00457741 0.012979 0.0271748 0.0457355 0.0583668 0.034881 0.0177882 0.00938659 0.00492506 0.0015258 0.00185414 0.000309023 5.79419e-05 3.86279e-05 0
 0 0.00173294 0.00326652 0 0.00397197 0.00683976 0.00946217 0.0152591 0.00757587 0.0136028 0.0228656 0.0392903 0.0559909 0.0764795 0.0681675 0.0726916 0.0566044 0.0477403 0.0527397 0.0444891 0.0609904 0.0582453 0.0661739 0.0445044 0.0529084 0.0360697 0.0280645 0.0235558 0.0158879 0.00826598 0.00280645 0.00217768 0.000904811 0.00058276 9.20147e-05 0
 0 0 0 0 0 0 0 0 0 0 0 0 0 0 0 0 0 0 0 0 0 0 0 0 0 0 0 0 0 0 0 0 0 0 0 0
 0 0 0 0 0 0 0 0 0 0 0 0 0 0 0 0 0 0 0 0 0 0 0 0 0 0 0 0 0 0 0 0 0 0 0 0
 0 0 0 0 0 0 0 0 0 0 0 0 0 0 0 0 0 0 0 0 0 0 0 0 0 0 0 0 0 0 0 0 0 0 0 0
ppred_pel_tallas
 1.01204e-16 3.31781e-05 0.00019473 0.000925662 0.00356385 0.0111136 0.0280719 0.0574389 0.0952112 0.127866 0.139142 0.12273 0.0878481 0.0512561 0.0248521 0.0109085 0.00580289 0.00527063 0.00669653 0.00892688 0.0114797 0.0140526 0.0163621 0.0181423 0.0191916 0.0194145 0.0188394 0.0176024 0.0159068 0.013972 0.0119892 0.0100958 0.00837022 0.00684286 0.00551433 0.00437188
 1.01325e-16 3.06751e-05 0.000180029 0.000855758 0.00329468 0.0102741 0.0259517 0.0531013 0.0880235 0.11822 0.128664 0.113532 0.0813607 0.0476651 0.0234732 0.0109192 0.00668663 0.00685367 0.00899977 0.012021 0.015395 0.0187321 0.0216436 0.0237673 0.024839 0.0247518 0.0235782 0.0215439 0.018966 0.0161756 0.0134517 0.0109822 0.00885803 0.00709164 0.00564715 0.00446971
 1.02357e-16 2.38366e-05 0.000139872 0.000664825 0.00255951 0.00798149 0.0201609 0.0412535 0.0683887 0.0918637 0.100018 0.0883453 0.0635082 0.0376043 0.019261 0.0102088 0.00794493 0.00947798 0.0129404 0.0174226 0.0223898 0.0273397 0.0317287 0.0350377 0.0368787 0.0370807 0.0357222 0.0330969 0.0296297 0.0257707 0.0219049 0.0182989 0.0150927 0.0123238 0.00996672 0.00797065
 1.02943e-16 2.8152e-05 0.000165218 0.000785351 0.00302361 0.0094288 0.0238165 0.0487322 0.0807812 0.108493 0.118079 0.104195 0.0746755 0.0437614 0.021577 0.0100867 0.00625614 0.00649978 0.00861438 0.011609 0.0150285 0.0185367 0.0217909 0.0244584 0.0262767 0.0271059 0.0269504 0.0259418 0.0242919 0.0222349 0.0199771 0.0176702 0.0154079 0.0132401 0.0111931 0.00928647
 1.02561e-16 2.9318e-05 0.000172063 0.000817891 0.00314889 0.00981949 0.0248033 0.0507514 0.0841283 0.112988 0.122971 0.10851 0.0777629 0.0455612 0.0224454 0.0104575 0.00643192 0.00662646 0.00873645 0.0117181 0.0150853 0.0184786 0.0215367 0.023918 0.025365 0.0257598 0.0251448 0.0236999 0.0216875 0.0193846 0.0170251 0.0147675 0.0126923 0.0108195 0.00913609 0.00761989
 1.0336e-16 2.2291e-05 0.000130797 0.000621682 0.00239339 0.00746347 0.0188524 0.0385763 0.0639515 0.0859063 0.093539 0.0826409 0.0594469 0.0352789 0.0182166 0.00989344 0.00798485 0.00970657 0.013318 0.0179626 0.0231202 0.0282876 0.0329145 0.0364731 0.0385663 0.0390147 0.0378892 0.0354764 0.0321933 0.0284806 0.0247129 0.0211469 0.017915 0.0150512 0.0125331 0.0103191
 1.03628e-16 2.74258e-05 0.000160956 0.000765087 0.00294559 0.0091855 0.0232019 0.0474747 0.0786967 0.105694 0.115033 0.101508 0.0727507 0.0426366 0.0210288 0.00984258 0.00612449 0.006385 0.00848283 0.011459 0.0148771 0.0184168 0.0217495 0.0245528 0.026568 0.0276492 0.0277857 0.0270851 0.0257316 0.0239311 0.0218668 0.019675 0.0174435 0.0152258 0.0130594 0.0109802
 1.03732e-16 2.46607e-05 0.000144714 0.000687857 0.0026482 0.0082581 0.0208595 0.0426826 0.0707561 0.0950385 0.10346 0.0913535 0.0655992 0.0386989 0.0195577 0.00994131 0.00723642 0.00833297 0.011302 0.0152324 0.0196317 0.0240679 0.0280806 0.0312291 0.0331806 0.0337813 0.0330837 0.0313168 0.0288147 0.025929 0.0229551 0.0200911 0.0174355 0.0150109 0.0128001 0.010777
 1.0351e-16 2.69336e-05 0.000158063 0.000751331 0.00289261 0.0090203 0.0227847 0.0466212 0.0772828 0.103798 0.112976 0.0997089 0.0714974 0.0419741 0.0208355 0.00997436 0.00650127 0.00699546 0.00935048 0.0126072 0.0163045 0.0200829 0.0235695 0.0264039 0.0283058 0.0291312 0.0288966 0.0277573 0.0259545 0.0237494 0.0213671 0.0189667 0.0166384 0.0144213 0.0123283 0.0103668
 1.03354e-16 2.60525e-05 0.000152888 0.000726718 0.00279784 0.00872474 0.0220381 0.045094 0.0747523 0.100403 0.10929 0.096478 0.0692289 0.0407395 0.0204026 0.0100657 0.00694967 0.00775541 0.0104429 0.014064 0.0181325 0.0222432 0.0259708 0.0289077 0.0307446 0.0313355 0.0307237 0.0291148 0.0268122 0.0241377 0.0213638 0.0186763 0.0161716 0.0138771 0.0117837 0.00987286
 1.04515e-16 2.03245e-05 0.000119252 0.000566794 0.00218206 0.00680445 0.0171878 0.0351704 0.0583061 0.0783259 0.0852929 0.0753745 0.0542613 0.032285 0.0168254 0.00938872 0.00787462 0.00976205 0.0134756 0.0182354 0.0235543 0.0289465 0.0338716 0.0378039 0.0403389 0.041278 0.040662 0.0387389 0.0358837 0.0324981 0.0289262 0.0254079 0.0220743 0.0189735 0.0161094 0.0134742
 1.05948e-16 2.0611e-05 0.00012094 0.000574834 0.00221304 0.00690106 0.0174317 0.035669 0.0591309 0.0794278 0.0864772 0.0763837 0.0549066 0.0325068 0.0166453 0.0088236 0.00688797 0.0082705 0.0113857 0.0154876 0.0201636 0.0250311 0.029664 0.0336358 0.0365994 0.0383532 0.0388694 0.038273 0.0367865 0.0346603 0.0321157 0.0293159 0.0263671 0.0233383 0.0202867 0.0172752
 1.04592e-16 2.77203e-05 0.000162686 0.000773317 0.00297728 0.00928434 0.0234516 0.0479854 0.0795428 0.106829 0.116264 0.102584 0.0735003 0.043032 0.021142 0.00975809 0.00588671 0.00599479 0.00791685 0.0106902 0.0138897 0.017217 0.0203716 0.023061 0.0250519 0.0262152 0.0265439 0.0261363 0.0251547 0.0237752 0.0221461 0.0203688 0.0184996 0.0165671 0.0145928 0.0126069
 1.0275e-16 2.94652e-05 0.000172927 0.000821999 0.00316471 0.00986881 0.0249279 0.0510064 0.0845509 0.113556 0.123588 0.109054 0.0781521 0.0457872 0.0225527 0.0105002 0.00644691 0.00663048 0.0087328 0.0117028 0.0150502 0.0184126 0.0214272 0.0237529 0.0251357 0.0254639 0.0247883 0.0232987 0.0212661 0.0189736 0.0166565 0.0144703 0.0124879 0.0107187 0.009138 0.00771308
 1.01363e-16 3.3581e-05 0.000197095 0.000936906 0.00360714 0.0112486 0.0284129 0.0581366 0.0963677 0.129419 0.140831 0.124219 0.0889115 0.0518714 0.0251404 0.0110165 0.00583119 0.00526472 0.00666643 0.00886467 0.0113682 0.0138692 0.0160817 0.0177412 0.0186527 0.0187328 0.0180259 0.0166859 0.0149325 0.0129963 0.0110721 0.00929201 0.0077215 0.00637288 0.00522667 0.00425178
 1.00899e-16 3.33545e-05 0.000195764 0.000930571 0.00358275 0.0111725 0.0282208 0.0577436 0.0957169 0.128547 0.139888 0.1234 0.0883521 0.0516 0.0251111 0.0111769 0.00616157 0.00577887 0.0073924 0.00982404 0.0125595 0.0152567 0.0175912 0.0192649 0.0200622 0.0198988 0.0188401 0.0170788 0.0148832 0.0125328 0.0102623 0.00822927 0.00650849 0.0051072 0.00399063 0.0031069
 1.01451e-16 2.73343e-05 0.00016041 0.000762472 0.00293548 0.00915397 0.0231224 0.0473127 0.0784308 0.105345 0.114673 0.101238 0.0726632 0.0427969 0.021499 0.0107117 0.00752066 0.00846046 0.0113778 0.0152541 0.0195437 0.0237789 0.0274698 0.0301558 0.0314994 0.0313627 0.0298364 0.0272068 0.0238777 0.0202728 0.0167509 0.0135567 0.0108118 0.00853713 0.00669059 0.00520358
 1.02319e-16 2.77076e-05 0.000162606 0.000772925 0.00297575 0.00927956 0.0234395 0.0479612 0.0795042 0.106781 0.116224 0.102578 0.0735586 0.043192 0.0214541 0.0102923 0.00673357 0.00725614 0.00968751 0.0130319 0.0168023 0.0206137 0.0240677 0.0267816 0.028462 0.0289658 0.0283253 0.0267257 0.0244476 0.0217944 0.0190302 0.0163443 0.0138456 0.0115786 0.00955016 0.00775157
 1.02752e-16 2.71087e-05 0.000159089 0.000756204 0.00291137 0.00907878 0.0229324 0.0469237 0.0777847 0.104473 0.113716 0.100373 0.0719965 0.0423134 0.0210892 0.010236 0.00685147 0.00749439 0.010039 0.0135043 0.0173997 0.0213282 0.0248772 0.0276522 0.0293538 0.0298411 0.0291569 0.0275019 0.0251737 0.0224888 0.0197178 0.0170481 0.0145798 0.012345 0.0103374 0.00853832
 1.02259e-16 3.08709e-05 0.000181183 0.000861251 0.00331585 0.0103402 0.0261184 0.0534421 0.0885871 0.118973 0.129474 0.114224 0.0818067 0.047826 0.0233669 0.0105609 0.00605623 0.00589935 0.00766226 0.0102623 0.0132245 0.0162253 0.0189487 0.0210959 0.0224392 0.0228697 0.022416 0.0212254 0.019518 0.0175287 0.0154587 0.0134477 0.0115714 0.00985543 0.00829785 0.00688833
 1.0213e-16 2.82584e-05 0.000165838 0.000788289 0.0030349 0.00946401 0.0239055 0.0489147 0.0810849 0.108905 0.118538 0.104623 0.0750342 0.0440756 0.0219238 0.0105663 0.00697079 0.00754228 0.0100573 0.0134868 0.017316 0.0211317 0.0245089 0.0270473 0.0284501 0.0285903 0.0275352 0.025518 0.0228715 0.0199448 0.0170326 0.0143341 0.0119476 0.00989133 0.0081359 0.00663504
 1.02426e-16 2.79581e-05 0.000164077 0.000779917 0.00300267 0.00936351 0.0236516 0.0483951 0.0802234 0.107747 0.117275 0.103503 0.0742177 0.0435705 0.0216259 0.0103472 0.00673197 0.00722428 0.00962993 0.012943 0.0166723 0.0204318 0.0238234 0.0264672 0.0280745 0.028509 0.0278108 0.0261733 0.0238835 0.0212489 0.0185337 0.0159232 0.0135188 0.0113553 0.009429 0.00772199
 1.02298e-16 2.97755e-05 0.000174749 0.000830662 0.00319807 0.00997284 0.0251907 0.0515439 0.0854416 0.114751 0.124887 0.110194 0.0789559 0.046232 0.0227235 0.0104994 0.00633977 0.00644084 0.00846192 0.0113477 0.0146146 0.0179123 0.0208907 0.0232179 0.0246421 0.025045 0.0244627 0.0230643 0.0211004 0.0188375 0.0165039 0.0142575 0.0121829 0.0103074 0.00862526 0.00712058
 1.02231e-16 2.86235e-05 0.000167983 0.000798489 0.00307418 0.00958651 0.0242149 0.0495476 0.0821336 0.110312 0.120065 0.105961 0.0759722 0.0445832 0.022096 0.0105165 0.00676609 0.00719925 0.00956509 0.0128309 0.0164935 0.0201606 0.0234315 0.025927 0.027364 0.0276166 0.0267401 0.0249449 0.0225352 0.0198319 0.0171071 0.0145468 0.0122458 0.0102265 0.00846932 0.00693992
 1.04173e-16 1.66123e-05 9.74501e-05 0.000463128 0.00178289 0.00555962 0.0140435 0.0287377 0.0476466 0.0640201 0.069751 0.0617264 0.0446245 0.0269292 0.0147273 0.00931767 0.00905185 0.0119183 0.0166351 0.0225061 0.0289989 0.0355143 0.0413711 0.0459092 0.048628 0.0492956 0.0479902 0.0450581 0.0410092 0.0363864 0.0316541 0.0271351 0.0230016 0.0193073 0.0160365 0.0131494
pSPR Fmed_Fpbrs
0.657986   0.6 0.325
Fs Fmed_Fpbrs
0.271883   0.346572 1.06509
SSBpbr Bo_Bmed_Bpbrs
1.2026e+06  731164  661430 330715
Ro
50011.1
SPR SPRFo_SPRFmed_SPRFpbrs
1.0307e+06 678189 334979
log_Ro
10.64
likeval ReclasPelacesDesembMPH_pf_preclas_ppelaces_ptallas_desvR_qrecl_qpela
 60.2629 20.2301 0.0188775 0.000231503 286.702 195.867 70.2346 0 15.9638 5.50166e-05 2.04338e-05 8.37888e-16 0 0 0
q_reclas_q_pelaces
0.349565 1.90239
M
0.7
N
 55598.4 14678.8 5456.83 642.731 0.328471
 68279.3 25406.2 4626.05 1719.74 202.662
 41973.8 31783.7 8859.61 1613.19 670.375
 62127.9 18993.3 9494.28 2646.5 682.136
 103473 30307.4 8556.97 4277.42 1499.64
 76072.9 51196.6 14753.5 4165.49 2812.24
 117285 36399.6 20751.7 5980.09 2828.31
 106924 56881.2 15883.4 9055.26 3843.65
 125411 50618.1 21748.6 6073.03 4931.92
 128157 58899 18529.9 7961.56 4028.61
 66581.7 60783.7 22752.9 7158.16 4631.85
 42442.1 30019.1 17799.6 6662.84 3452.53
 42820 19244.6 9068.19 5376.91 3055.66
 23509.5 18385.3 4314.38 2032.97 1890.47
 16563.5 8929.62 2108.7 494.836 449.996
 18781.1 6246.66 985.049 232.616 104.227
 15172 8359.26 1704.79 268.832 91.9284
 17257.6 6988.79 2752.55 561.354 118.791
 19494.4 8149.53 2636.22 1038.28 256.555
 33451 9288.08 3227.24 1043.95 512.758
 42057.7 15931.5 3670.36 1275.3 615.163
 55870.9 20470.6 7089.73 1633.36 841.282
 88175.2 27042.5 8836.04 3060.25 1068.17
 116542 42484.9 11386.3 3720.44 1738.28
 52296.3 56218.7 18004 4825.24 2313.27
pred_Ctot
 3206.04 3958.56 1471.59 173.331 0.088582
 3085.73 5552.08 1010.94 375.818 44.2883
 2694.03 9376.21 2613.59 475.892 197.761
 789.221 1274.08 636.883 177.529 45.7581
 270.573 430.213 121.466 60.7179 21.2873
 1998.68 6845.32 1972.64 556.953 376.015
 1973.75 3198.46 1823.47 525.475 248.526
 3599.95 9552.76 2667.49 1520.76 645.511
 4907.99 9736.53 4183.4 1168.16 948.668
 4148.49 9543.8 3002.52 1290.06 652.782
 4433.6 18484.7 6919.3 2176.84 1408.57
 2666.41 8699.54 5158.33 1930.89 1000.54
 4203.78 7940.78 3741.75 2218.64 1260.84
 4036.91 11015.2 2584.86 1218.01 1132.63
 2911.06 5421.84 1280.35 300.452 273.226
 1409.56 2093.62 330.148 77.9633 34.9326
 793.269 2073.63 422.897 66.6875 22.8042
 610.482 1227.53 483.465 98.5978 20.8649
 569.862 1202.67 389.042 153.225 37.8613
 986.791 1382.24 480.273 155.359 76.3079
 601.245 1197.46 275.874 95.8554 46.2373
 1018.35 1940.81 672.177 154.858 79.7619
 1888.33 2986.42 975.8 337.956 117.962
 2399.56 4520.98 1211.66 395.906 184.977
 914.636 5124.74 1641.2 439.855 210.871
F
 0.0831621 0.454697 0.454697 0.454697 0.454697
 0.0646519 0.35349 0.35349 0.35349 0.35349
 0.0929594 0.508265 0.508265 0.508265 0.508265
 0.0178032 0.0973406 0.0973406 0.0973406 0.0973406
 0.00364189 0.0199124 0.0199124 0.0199124 0.0199124
 0.0371357 0.203043 0.203043 0.203043 0.203043
 0.0236456 0.129285 0.129285 0.129285 0.129285
 0.0478116 0.261415 0.261415 0.261415 0.261415
 0.0557693 0.304924 0.304924 0.304924 0.304924
 0.0459308 0.251131 0.251131 0.251131 0.251131
 0.0965958 0.528147 0.528147 0.528147 0.528147
 0.0909103 0.497061 0.497061 0.497061 0.497061
 0.145453 0.795277 0.795277 0.795277 0.795277
 0.268031 1.46548 1.46548 1.46548 1.46548
 0.275155 1.50444 1.50444 1.50444 1.50444
 0.109482 0.598606 0.598606 0.598606 0.598606
 0.0751415 0.410844 0.410844 0.410844 0.410844
 0.0502895 0.274963 0.274963 0.274963 0.274963
 0.0413953 0.226333 0.226333 0.226333 0.226333
 0.0417812 0.228443 0.228443 0.228443 0.228443
 0.0200549 0.109652 0.109652 0.109652 0.109652
 0.0256327 0.140149 0.140149 0.140149 0.140149
 0.0301774 0.164998 0.164998 0.164998 0.164998
 0.0289985 0.158552 0.158552 0.158552 0.158552
 0.0245844 0.134417 0.134417 0.134417 0.134417
nmprior
 10 11 7 0
nm_flota  nm_reclas  nm_pelaces    nm_pelaL
inf 14.9787 17.8743 31.8182
cv_recla  cv_pelaces  cv_mph
0.702183 0.529253 0.493647
 ------------------------------------------------
Talla a la edad & desviación 
 7.2 14.2025 17.0495 18.207 18.6776
 1.08 2.13037 2.55742 2.73105 2.80164
