    unsorted:	 2.273694189e-06 2.948598429e-06 -1.443878323e-06 5.059497500e-05 0.0008999964124 0.007012337882 47.10009659 60.28955149 103.0830198 177.8481655 188.0818121 381.8995958 519.2032705 558.0458543 735.0337781 781.8062540 914.3296897 1023.685794 1201.781890 1171.165459 1337.091728 1464.833113 1639.479456 1901.910813 2064.851015 2336.052717 2495.877989 2771.516843 3156.905414 3335.734082 3498.251330 3954.918256 3981.958517 4416.078903 4908.426342 4988.931726 5531.822804 5632.570353 23524.51431 196471.5174 380181.7851 393338.5362 415044.7878 315211.3728 460683.2369 480349.5063 492209.5802 512646.1099 528488.7068 535940.0933 595428.3851 630316.7087 686653.4911 782204.6792 865143.7078 934140.9046 1116922.856 1155971.113 1411138.228 1661303.700 1899739.047 2110584.787 2329424.700 2625738.036 6214829.275
      sorted:	 -1.443878323e-06 2.273694189e-06 2.948598429e-06 5.059497500e-05 0.0008999964124 0.007012337882 47.10009659 60.28955149 103.0830198 177.8481655 188.0818121 381.8995958 519.2032705 558.0458543 735.0337781 781.8062540 914.3296897 1023.685794 1171.165459 1201.781890 1337.091728 1464.833113 1639.479456 1901.910813 2064.851015 2336.052717 2495.877989 2771.516843 3156.905414 3335.734082 3498.251330 3954.918256 3981.958517 4416.078903 4908.426342 4988.931726 5531.822804 5632.570353 23524.51431 196471.5174 315211.3728 380181.7851 393338.5362 415044.7878 460683.2369 480349.5063 492209.5802 512646.1099 528488.7068 535940.0933 595428.3851 630316.7087 686653.4911 782204.6792 865143.7078 934140.9046 1116922.856 1155971.113 1411138.228 1661303.700 1899739.047 2110584.787 2329424.700 2625738.036 6214829.275
