years
 1997 1998 1999 2000 2001 2002 2003 2004 2005 2006 2007 2008 2009 2010 2011 2012 2013 2014 2015 2016 2017 2018 2019 2020 2021
reclasobs
 0 0 0 370054 412103 1.49427e+06 250295 1.28982e+06 931140 785840 897777 1.04006e+06 184774 17550 25797 100020 73551 82996 120727 218422 84188 347160 605670 569463 516374
reclaspred
 418091 98439.7 217275 164769 294827 338882 757833 546558 701569 778796 642402 431831 268848 120140 79736.2 78872.2 95328 123400 122425 188309 288796 259361 418262 468729 421494
pelacesobs
 0 0 0 0 0 0 0 0 0 2.06254e+06 1.5e+06 0 1.87456e+06 323000 250000 174000 83755 137374 0 501740 490994 745055 786931 1.00524e+06 0
pelacespred
 733145 163984 213154 253528 400506 376104 1.02089e+06 845929 1.00821e+06 1.11527e+06 833705 582428 362882 132287 86581.7 92437.5 117110 154572 157434 234954 403679 354986 452821 597552 559568
mphobs
 0 0 0 0 0 112323 0 153150 637223 0 255016 313432 73983 77613 109348 50772 0 0 0 0 0 0 0 0 0
mphpred
 163627 81197.2 79982 71681.2 93962.3 172129 243597 295499 276153 330176 377433 272717 166309 88213.7 39929 32978.6 39288.6 52008.2 61161 67162 110977 136719 165024 213264 267121
desembarqueobs
 350755 77701 442110 56441 14545 235359 269955 359681 431902 328805 639364 411747 362871 311530 167758 66681 60226 58785 57116 71774 51957 67425 138520 160799 200461
desembarquepred
 350744 77686 441909 56438 14544.9 235376 269970 359582 431816 328738 639229 411779 362893 311640 167668 66675.4 60236.6 58777.1 57103.6 71759.5 51953.8 67411.1 138502 160789 200458
Reclutas
 31582.7 44533.6 18667.6 41163 74733.3 45609.1 83743.8 92322.3 133831 165516 66983.4 37422.9 44742 22639.4 16379 18729.6 14248.2 15024.8 15775.8 35072.6 42869.6 50091.6 71293.6 74532.7 11183.9
log_desv_Rt
 -0.219636 0.123999 -0.745455 0.0452952 0.641681 0.147862 0.755517 0.853041 1.22434 1.43682 0.532201 -0.0499617 0.128669 -0.552551 -0.876243 -0.74214 -1.01562 -0.962545 -0.913764 -0.114824 0.0859186 0.241608 0.594562 0.638993 -1.25777
SSB
 594890 295204 290786 260607 341613 625799 885633 1.07433e+06 1.00399e+06 1.2004e+06 1.37221e+06 991500 604642 320714 145168 119898 142839 189083 222360 244177 403473 497062 599968 775353 971158
BT
 1.57477e+06 430397 620532 513963 728833 857776 2.01429e+06 1.91791e+06 2.19916e+06 2.30906e+06 2.05949e+06 1.41775e+06 1.00644e+06 535853 296459 220477 258807 323995 331388 479387 764789 699251 907007 1.20486e+06 1.17186e+06
Ftot
 0.500955 0.565794 1.0648 0.258091 0.0392842 0.344026 0.232285 0.439105 0.451654 0.293845 0.495591 0.450864 0.738988 1.30605 1.33392 0.546834 0.398485 0.284079 0.253834 0.270054 0.114925 0.143583 0.18026 0.195841 0.199415
BD_Bspro_t
 0.934546 0.67975 0.577958 0.376248 0.570913 0.757009 0.701749 0.714219 0.66912 0.665034 0.667958 0.518061 0.401742 0.295817 0.178864 0.184223 0.277548 0.419803 0.517771 0.598305 0.730529 0.811872 0.812739 0.802872 0.778271
BD_Bspro
 0.733724 0.364098 0.358649 0.321427 0.421339 0.771847 1.09232 1.32505 1.23831 1.48055 1.69246 1.2229 0.745753 0.395561 0.179047 0.14788 0.176175 0.233211 0.274254 0.301163 0.497635 0.613065 0.739988 0.956304 1.19781
BD_Bo
 0.585326 0.290458 0.286111 0.256417 0.336121 0.615738 0.871395 1.05706 0.987854 1.18111 1.35015 0.97556 0.594921 0.315557 0.142834 0.117971 0.140543 0.186044 0.218785 0.240251 0.396986 0.48907 0.590323 0.762888 0.955545
BD_Brms
 1.99579 0.990377 0.975555 0.874308 1.14608 2.09949 2.9712 3.60425 3.36829 4.02722 4.60362 3.32637 2.02851 1.07596 0.487021 0.402246 0.47921 0.634354 0.745992 0.819187 1.35361 1.66759 2.01283 2.60122 3.25813
S_f
 0.164812 1 1 1 1
 0.164812 1 1 1 1
 0.164812 1 1 1 1
 0.164812 1 1 1 1
 0.164812 1 1 1 1
 0.164812 1 1 1 1
 0.164812 1 1 1 1
 0.164812 1 1 1 1
 0.164812 1 1 1 1
 0.164812 1 1 1 1
 0.164812 1 1 1 1
 0.164812 1 1 1 1
 0.164812 1 1 1 1
 0.164812 1 1 1 1
 0.164812 1 1 1 1
 0.164812 1 1 1 1
 0.164812 1 1 1 1
 0.164812 1 1 1 1
 0.164812 1 1 1 1
 0.164812 1 1 1 1
 0.164812 1 1 1 1
 0.164812 1 1 1 1
 0.164812 1 1 1 1
 0.164812 1 1 1 1
 0.164812 1 1 1 1
Scru_reclas
 1 1 1 1 1
 1 1 1 1 1
 1 1 1 1 1
 1 1 1 1 1
 1 1 1 1 1
 1 1 1 1 1
 1 1 1 1 1
 1 1 1 1 1
 1 1 1 1 1
 1 1 1 1 1
 1 1 1 1 1
 1 1 1 1 1
 1 1 1 1 1
 1 1 1 1 1
 1 1 1 1 1
 1 1 1 1 1
 1 1 1 1 1
 1 1 1 1 1
 1 1 1 1 1
 1 1 1 1 1
 1 1 1 1 1
 1 1 1 1 1
 1 1 1 1 1
 1 1 1 1 1
 1 1 1 1 1
Scru_pelaces
 1 1 1 1 1
 1 1 1 1 1
 1 1 1 1 1
 1 1 1 1 1
 1 1 1 1 1
 1 1 1 1 1
 1 1 1 1 1
 1 1 1 1 1
 1 1 1 1 1
 1 1 1 1 1
 1 1 1 1 1
 1 1 1 1 1
 1 1 1 1 1
 1 1 1 1 1
 1 1 1 1 1
 1 1 1 1 1
 1 1 1 1 1
 1 1 1 1 1
 1 1 1 1 1
 1 1 1 1 1
 1 1 1 1 1
 1 1 1 1 1
 1 1 1 1 1
 1 1 1 1 1
 1 1 1 1 1
pf_obs 
 0.256992 0.487395 0.22802 0.0275931 0
 0.321318 0.546541 0.124235 0.00734118 0.000564706
 0.182869 0.594174 0.210203 0.0122559 0.00049798
 0.330522 0.361315 0.267642 0.0388342 0.00168674
 0.649043 0.306663 0.0425973 0.00169635 0
 0.582887 0.30429 0.105238 0.00758474 0
 0.465427 0.430635 0.0974691 0.00646863 0
 0.296916 0.608066 0.0921331 0.00288517 0
 0.311714 0.524322 0.152257 0.0117073 0
 0.15457 0.633149 0.183074 0.0267441 0.00246327
 0.131901 0.49318 0.331252 0.0422183 0.00144891
 0.196976 0.569456 0.194076 0.0375587 0.00193317
 0.518974 0.381816 0.0799577 0.0180837 0.00116848
 0.0928022 0.601141 0.25162 0.0475244 0.00691264
 0.122501 0.610282 0.24278 0.0234846 0.000952079
 0.383417 0.481906 0.127806 0.00687128 0
 0.0376549 0.599619 0.316969 0.0457579 0
 0.0361596 0.667082 0.258105 0.0386534 0
 0.158088 0.579412 0.248529 0.0139706 0
 0.0477256 0.309471 0.559284 0.082774 0.000745712
 0.0406174 0.521527 0.379366 0.0568643 0.0016247
 0.151134 0.462217 0.34131 0.0453401 0
 0.294876 0.26143 0.354403 0.0886775 0.000613685
 0.281977 0.475581 0.204845 0.0348837 0.00271318
 0 0 0 0 0
pf_pred 
 0.228505 0.534136 0.211184 0.0261665 9.52141e-06
 0.301035 0.486634 0.147004 0.0581217 0.00720414
 0.14378 0.663554 0.134138 0.0405208 0.0180067
 0.378358 0.395385 0.175345 0.0354462 0.015466
 0.339781 0.532659 0.0811325 0.0359807 0.0104471
 0.14915 0.647323 0.164204 0.025011 0.0143125
 0.280659 0.400246 0.242766 0.0615817 0.0147475
 0.243539 0.548841 0.115521 0.0700683 0.0220305
 0.300073 0.494971 0.148704 0.0312994 0.0249534
 0.272857 0.555494 0.121386 0.0364679 0.0137954
 0.108221 0.645413 0.188209 0.0411273 0.0170299
 0.102351 0.434107 0.335483 0.0978301 0.0302298
 0.202709 0.368721 0.207258 0.160172 0.0611404
 0.16574 0.575431 0.1197 0.0672834 0.0718457
 0.242499 0.532257 0.155362 0.032318 0.0375638
 0.312455 0.546307 0.0992407 0.0289677 0.0130297
 0.199322 0.626587 0.138328 0.0251284 0.010634
 0.211078 0.510146 0.218162 0.0481624 0.0124515
 0.20643 0.516001 0.179487 0.0767568 0.0213261
 0.351841 0.41509 0.151547 0.0527145 0.0288065
 0.258765 0.585053 0.100021 0.0365171 0.0196435
 0.223431 0.536579 0.189422 0.0323838 0.0181831
 0.251658 0.487415 0.18029 0.0636458 0.0169904
 0.209227 0.545347 0.159853 0.0591279 0.0264454
 0.0340597 0.616141 0.241235 0.0707111 0.0378535
pobs_RECLAS
 0 0 0 0 0
 0 0 0 0 0
 0 0 0 0 0
 0 0 0 0 0
 0.835266 0.146461 0.0176864 0.000547809 3.91292e-05
 0.385257 0.428462 0.181853 0.0044286 0
 0.867414 0.0963971 0.0333333 0.00285562 0
 0.441836 0.489002 0.0689373 0.000224442 0
 0.779404 0.147425 0.0564933 0.0165055 0.000172143
 0.814271 0.122319 0.05973 0.00367925 0
 0.40263 0.566651 0.0304383 0.000280538 0
 0.475488 0.404961 0.113038 0.00651328 0
 0.955842 0.0263864 0.0167828 0.000988607 0
 0.975058 0.0227948 0.00214734 0 0
 0.738997 0.206755 0.0527124 0.00153531 0
 0.850938 0.134255 0.0134407 0.00136685 0
 0.542534 0.407297 0.0501686 0 0
 0.764087 0.199537 0.0359546 0.000420521 0
 0.470689 0.182191 0.310203 0.0369168 0
 0.84361 0.089868 0.0606195 0.00523954 0.000663233
 0.607945 0.314616 0.071237 0.00620181 0
 0.523733 0.453247 0.0230204 0 0
 0.530135 0.295979 0.169645 0.0042399 0
 0.562478 0.366248 0.0663022 0.0049721 0
 0.250443 0.683176 0.0655157 0.000865301 0
ppred_RECLAS
 0.650258 0.242139 0.0957358 0.0118621 4.31634e-06
 0.731134 0.18719 0.0565471 0.0223573 0.00277117
 0.528353 0.365518 0.0738896 0.0223208 0.00991895
 0.789433 0.133927 0.0593941 0.0120065 0.00523874
 0.757797 0.195408 0.0297637 0.0131996 0.00383256
 0.52072 0.364634 0.0924956 0.0140886 0.00806214
 0.705806 0.163692 0.0992858 0.0251855 0.0060314
 0.667818 0.241011 0.0507283 0.0307689 0.00967419
 0.728257 0.19217 0.0577335 0.0121518 0.00968803
 0.698542 0.230296 0.0503241 0.0151188 0.00571927
 0.432278 0.410881 0.119817 0.0261823 0.0108415
 0.416127 0.282363 0.218214 0.0636333 0.0196629
 0.62019 0.17565 0.0987328 0.0763018 0.0291258
 0.577994 0.291078 0.0605494 0.0340349 0.0363427
 0.689054 0.218486 0.0637745 0.0132662 0.0154196
 0.741227 0.205615 0.0373514 0.0109026 0.00490399
 0.607755 0.30696 0.0677659 0.0123102 0.00520949
 0.62279 0.243918 0.104311 0.0230281 0.0059535
 0.61566 0.249908 0.0869287 0.0371747 0.0103286
 0.769929 0.147341 0.0537934 0.0187116 0.0102252
 0.680621 0.252084 0.0430965 0.0157343 0.00846387
 0.63759 0.250412 0.0883999 0.0151129 0.00848572
 0.6733 0.212788 0.0787083 0.0277855 0.00741743
 0.618771 0.26291 0.0770645 0.0285054 0.0127493
 0.177871 0.524408 0.205319 0.0601834 0.0322178
pobs_PELACES
 0 0 0 0 0
 0 0 0 0 0
 0 0 0 0 0
 0 0 0 0 0
 0 0 0 0 0
 0 0 0 0 0
 0 0 0 0 0
 0 0 0 0 0
 0 0 0 0 0
 0 0 0 0 0
 0.450072 0.473896 0.0757376 0.000293798 0
 0 0 0 0 0
 0.463077 0.371075 0.160297 0.00555027 0
 0.529543 0.364841 0.0842815 0.0213345 0
 0.631943 0.363953 0.00410389 0 0
 0.735681 0.248677 0.0153453 0.000297389 0
 0.695825 0.281241 0.0229344 0 0
 0.275771 0.60734 0.115278 0.00161068 0
 0 0 0 0 0
 0.896147 0.0623911 0.0374545 0.00400742 0
 0.803859 0.145111 0.0509908 3.86294e-05 0
 0.739449 0.233085 0.0266225 0.000797448 4.60066e-05
 0.878498 0.100942 0.0204185 0.000141795 0
 0.694673 0.275183 0.0284847 0.00165964 0
 0 0 0 0 0
ppred_PELACES
 0.680973 0.220875 0.0873283 0.0108203 3.93728e-06
 0.760664 0.166631 0.0503364 0.0199017 0.00246681
 0.600369 0.309707 0.0626073 0.0189126 0.00840442
 0.801014 0.126561 0.0561275 0.0113462 0.00495061
 0.759778 0.193809 0.0295202 0.0130916 0.0038012
 0.544319 0.346679 0.0879412 0.0133949 0.00766516
 0.718922 0.156394 0.0948593 0.0240627 0.0057625
 0.694099 0.221942 0.0467148 0.0283345 0.00890879
 0.752181 0.175251 0.0526507 0.011082 0.0088351
 0.715317 0.21748 0.0475236 0.0142775 0.005401
 0.466059 0.386432 0.112688 0.0246244 0.0101964
 0.446597 0.267628 0.206826 0.0603125 0.0186367
 0.666863 0.154065 0.0866001 0.0669255 0.0255467
 0.662512 0.232783 0.0484229 0.0272186 0.0290642
 0.76194 0.167273 0.0488258 0.0101566 0.0118052
 0.769071 0.183491 0.0333325 0.00972951 0.00437633
 0.633604 0.286731 0.0633 0.0114989 0.00486618
 0.640999 0.232143 0.0992752 0.0219165 0.00566611
 0.632074 0.239235 0.0832162 0.0355871 0.00988749
 0.782848 0.139068 0.0507728 0.0176609 0.00965104
 0.687467 0.246681 0.0421728 0.015397 0.00828246
 0.646683 0.244128 0.0861818 0.0147337 0.0082728
 0.684133 0.205733 0.0760985 0.0268642 0.00717148
 0.631419 0.254187 0.0745077 0.0275597 0.0123263
 0.186051 0.51919 0.203276 0.0595846 0.0318972
pobs_pel_tallas
 0 0 0 0 0 0 0 0 0 0 0 0 0 0 0 0 0 0 0 0 0 0 0 0 0 0 0 0 0 0 0 0 0 0 0 0
 0 0 0 0 0 0 0 0 0 0 0 0 0 0 0 0 0 0 0 0 0 0 0 0 0 0 0 0 0 0 0 0 0 0 0 0
 0 0 0 0 0 0 0 0 0 0 0 0 0 0 0 0 0 0 0 0 0 0 0 0 0 0 0 0 0 0 0 0 0 0 0 0
 0 0 0 0 0 0 0 0 0 0 0 0 0 0 0 0 0 0 0 0 0 0 0 0 0 0 0 0 0 0 0 0 0 0 0 0
 0 0 0 0 0 0 0 0 0 0 0 0 0 0 0 0 0 0 0 0 0 0 0 0 0 0 0 0 0 0 0 0 0 0 0 0
 0 0 0 0 0 0 0 0 0 0 0 0 0 0 0 0 0 0 0 0 0 0 0 0 0 0 0 0 0 0 0 0 0 0 0 0
 0 0 0 0 0 0 0 0 0 0 0 0 0 0 0 0 0 0 0 0 0 0 0 0 0 0 0 0 0 0 0 0 0 0 0 0
 0 0 0 0 0 0 0 0 0 0 0 0 0 0 0 0 0 0 0 0 0 0 0 0 0 0 0 0 0 0 0 0 0 0 0 0
 0 0 0 0 0 0 0 0 0 0 0 0 0 0 0 0 0 0 0 0 0 0 0 0 0 0 0 0 0 0 0 0 0 0 0 0
 0 0 0 0 0 0 0 0 0 0 0 0 0 0 0 0 0 0 0 0 0 0 0 0 0 0 0 0 0 0 0 0 0 0 0 0
 0 0 0 0 0 0 0 0 1.78061e-05 0.00172719 0.00360574 0.0105946 0.0120993 0.0124554 0.0147524 0.0171206 0.0266825 0.0428682 0.0675386 0.121331 0.153587 0.119568 0.100827 0.0573624 0.0630603 0.0341343 0.0324427 0.0444173 0.0211091 0.0280891 0.0125444 0.00206551 0 0 0 0
 0 0 0 0 0 0 0 0 0 0 0 0 0 0 0 0 0 0 0 0 0 0 0 0 0 0 0 0 0 0 0 0 0 0 0 0
 0 0 0 0 0 0 0.0133647 0.0140871 0.0187388 0.0205184 0.03894 0.0496705 0.03968 0.0493445 0.0407372 0.0367815 0.0215668 0.0243155 0.0234873 0.0199281 0.019796 0.0243948 0.0301388 0.0376714 0.0412746 0.0863199 0.0771752 0.113111 0.0741005 0.0525337 0.0229764 0.00759418 0.00175318 0 0 0
 0 0 0 0 0 0 0 0 0 0 0.00219441 0.00772107 0.0458388 0.0604681 0.0671733 0.0775358 0.0609151 0.0617685 0.073594 0.0568108 0.0755445 0.0548602 0.0670107 0.0636378 0.0643287 0.046367 0.0373049 0.0286899 0.0247887 0.0153202 0.00654259 0.00121912 0.000365735 0 0 0
 0 0 0 0 0 0 0 0 0 0 0 0 0.000112435 0.00938835 0.0111873 0.0202946 0.0414886 0.0713402 0.111592 0.104902 0.108894 0.110636 0.117776 0.105296 0.107544 0.0401394 0.0192827 0.0124803 0.00416011 0.0028671 0.000618394 0 0 0 0 0
 0 0 0 0 0 0 0 0 0 0 0.00291406 0.0102884 0.027416 0.0768956 0.0749926 0.110853 0.0956884 0.0897413 0.0766577 0.0534642 0.0500743 0.0551293 0.0594112 0.0620874 0.0668451 0.0424026 0.0208742 0.0120726 0.0048766 0.00582813 0.00118941 0.000297354 0 0 0 0
 0 0.00264628 0.0354308 0.0461629 0.0458689 0.0383711 0.0214643 0.0164657 0.0346957 0.0420465 0.0363128 0.0245516 0.0311673 0.0291091 0.0169068 0.0133784 0.00837989 0.0085269 0.0148486 0.0160247 0.0276389 0.0546898 0.0760071 0.122758 0.109233 0.0665981 0.0333725 0.0166128 0.00676272 0.00308733 0.000882094 0 0 0 0 0
 0 0 0 0 0 0 0 0.000805153 0.000690131 0.00759144 0.0133425 0.0154129 0.00931677 0.000345066 0.00356568 0.00563607 0.00851162 0.0253048 0.0502646 0.0516448 0.0657925 0.0565908 0.0611916 0.0827007 0.0866115 0.110766 0.145733 0.0935128 0.0569358 0.0249597 0.0138026 0.00621118 0.00161031 0.00115022 0 0
 0 0 0 0 0 0 0 0 0 0 0 0 0 0 0 0 0 0 0 0 0 0 0 0 0 0 0 0 0 0 0 0 0 0 0 0
 0.00147267 0.00158595 0.00478618 0.00569244 0.00954404 0.0108468 0.00647125 0.017049 0.0510054 0.094081 0.124002 0.0959785 0.0687766 0.0820023 0.061753 0.0591476 0.0492212 0.0479892 0.0443925 0.0268479 0.0217502 0.0140895 0.0121071 0.0120363 0.00920419 0.00665534 0.0049561 0.00860946 0.00930331 0.0156896 0.0114698 0.00855282 0.00243557 0.00046729 0 2.83206e-05
 0 0 0 0 0.000772559 0.00158375 0.000888443 0.00281984 0.00712685 0.0440552 0.0773331 0.111326 0.0921469 0.0852325 0.0710754 0.0886704 0.0786465 0.0553345 0.0373146 0.0185414 0.00753245 0.00457741 0.012979 0.0271748 0.0457355 0.0583668 0.034881 0.0177882 0.00938659 0.00492506 0.0015258 0.00185414 0.000309023 5.79419e-05 3.86279e-05 0
 0 0.00173294 0.00326652 0 0.00397197 0.00683976 0.00946217 0.0152591 0.00757587 0.0136028 0.0228656 0.0392903 0.0559909 0.0764795 0.0681675 0.0726916 0.0566044 0.0477403 0.0527397 0.0444891 0.0609904 0.0582453 0.0661739 0.0445044 0.0529084 0.0360697 0.0280645 0.0235558 0.0158879 0.00826598 0.00280645 0.00217768 0.000904811 0.00058276 9.20147e-05 0
 0 0 0 0 0 0 0 0 0 0 0 0 0 0 0 0 0 0 0 0 0 0 0 0 0 0 0 0 0 0 0 0 0 0 0 0
 0 0 0 0 0 0 0 0 0 0 0 0 0 0 0 0 0 0 0 0 0 0 0 0 0 0 0 0 0 0 0 0 0 0 0 0
 0 0 0 0 0 0 0 0 0 0 0 0 0 0 0 0 0 0 0 0 0 0 0 0 0 0 0 0 0 0 0 0 0 0 0 0
ppred_pel_tallas
 1.01684e-16 2.97154e-05 0.000174396 0.00082898 0.00319159 0.00995264 0.0251396 0.0514396 0.0852689 0.11452 0.124637 0.109977 0.0788099 0.046165 0.022725 0.0105583 0.00645511 0.00662177 0.008723 0.0117028 0.0150718 0.0184689 0.0215306 0.02391 0.0253421 0.0256989 0.0250129 0.0234563 0.0212892 0.0187935 0.0162158 0.0137342 0.0114523 0.00941327 0.00762227 0.00606793
 1.01569e-16 3.3188e-05 0.000194789 0.00092594 0.00356493 0.0111169 0.0280804 0.0574562 0.0952397 0.127904 0.139183 0.122764 0.0878684 0.0512598 0.0248385 0.010876 0.00574726 0.00518484 0.00657232 0.00875656 0.0112583 0.0137801 0.016045 0.0177948 0.0188355 0.0190776 0.018553 0.0173978 0.0158115 0.0140063 0.0121631 0.0104074 0.00880551 0.00737739 0.00611597 0.00500477
 1.02033e-16 2.62042e-05 0.000153774 0.000730925 0.00281402 0.00877518 0.0221656 0.0453552 0.0751864 0.100989 0.109937 0.0970711 0.0697014 0.0411114 0.0207618 0.0105252 0.00761901 0.0087301 0.0117971 0.015837 0.0203098 0.0247397 0.0286243 0.0314893 0.0329863 0.0329715 0.0315343 0.028964 0.025669 0.0220765 0.0185467 0.0153226 0.0125228 0.0101653 0.00820734 0.00658274
 1.0146e-16 3.49459e-05 0.000205112 0.000975029 0.00375395 0.0117064 0.0295693 0.0605022 0.100287 0.134678 0.146543 0.129229 0.0924351 0.0538025 0.025844 0.0109301 0.00522292 0.00421468 0.00515044 0.00683721 0.00881576 0.0108395 0.0126943 0.0141807 0.0151446 0.0155079 0.0152812 0.0145528 0.0134598 0.0121517 0.0107593 0.00937734 0.00806184 0.00683869 0.00571646 0.00469749
 1.0111e-16 3.31504e-05 0.000194566 0.000924875 0.00356082 0.0111041 0.028048 0.0573901 0.095131 0.12776 0.139032 0.122645 0.0878129 0.0512874 0.0249633 0.0111186 0.00614048 0.00576966 0.00738667 0.00982131 0.012563 0.0152724 0.0176271 0.0193309 0.020169 0.0200572 0.019059 0.017364 0.0152359 0.0129488 0.0107321 0.00873862 0.00703971 0.00564089 0.00450766 0.00359027
 1.0218e-16 2.37618e-05 0.000139431 0.000662729 0.00255143 0.00795631 0.0200973 0.0411235 0.0681735 0.0915756 0.0997064 0.0880765 0.0633281 0.0375239 0.0192679 0.0102895 0.00809752 0.00971187 0.013269 0.0178551 0.0229242 0.0279578 0.0323947 0.0357005 0.0374785 0.0375581 0.0360289 0.0332038 0.0295312 0.0254847 0.0214677 0.0177582 0.0144992 0.0117241 0.00939867 0.00746079
 1.02494e-16 3.13675e-05 0.000184101 0.000875134 0.00336931 0.0105069 0.0265396 0.0543034 0.0900139 0.120886 0.131547 0.116033 0.0830569 0.048467 0.023513 0.0103466 0.00554887 0.00509608 0.00652734 0.00876639 0.0113738 0.0140793 0.016626 0.0187654 0.0202973 0.0211078 0.0211861 0.020613 0.0195289 0.0180931 0.0164494 0.0147077 0.0129414 0.0111978 0.00951072 0.00791053
 1.02126e-16 3.02877e-05 0.000177756 0.000844955 0.0032531 0.0101444 0.0256241 0.0524309 0.0869119 0.116726 0.127036 0.112091 0.0803158 0.0470297 0.0231175 0.0106831 0.00644947 0.00654405 0.00858096 0.0114799 0.0147408 0.0179995 0.0208941 0.0230859 0.0243244 0.0245026 0.0236768 0.022043 0.01988 0.0174785 0.0150819 0.0128524 0.0108674 0.00913785 0.00763708 0.00632693
 1.01599e-16 3.28184e-05 0.000192618 0.00091562 0.00352519 0.010993 0.0277674 0.0568158 0.0941785 0.126479 0.137635 0.121405 0.0869088 0.0507263 0.0246291 0.010868 0.00586286 0.00539703 0.00688319 0.00917653 0.0117932 0.0144246 0.0167799 0.0185876 0.0196442 0.0198575 0.0192633 0.0180081 0.0163055 0.0143819 0.0124308 0.0105856 0.00891641 0.00744286 0.00615469 0.00503091
 1.01489e-16 3.12127e-05 0.000183187 0.000870776 0.00335251 0.0104545 0.0264073 0.0540332 0.0895676 0.120292 0.130914 0.115505 0.0827469 0.0484222 0.0237438 0.0108741 0.00642941 0.0064134 0.00836442 0.0111705 0.014323 0.0174579 0.0202166 0.022265 0.023357 0.023389 0.0224209 0.0206523 0.0183664 0.0158604 0.0133853 0.0111116 0.00912335 0.00743574 0.00602187 0.00483884
 1.03049e-16 2.03509e-05 0.000119403 0.000567503 0.00218478 0.00681289 0.0172091 0.0352145 0.0583805 0.0784294 0.0854155 0.0755061 0.0544066 0.0324726 0.0171074 0.00983553 0.00856821 0.0107877 0.0149079 0.0201184 0.0258787 0.0316306 0.0367536 0.0406516 0.0428768 0.0432283 0.0417902 0.0388922 0.0350133 0.0306624 0.0262742 0.0221505 0.0184502 0.0152182 0.0124301 0.0100347
 1.05967e-16 1.94976e-05 0.000114404 0.00054376 0.0020934 0.00652797 0.0164893 0.0337408 0.0559347 0.0751359 0.0818079 0.0722679 0.0519668 0.0308044 0.0158451 0.0085182 0.00679735 0.00826522 0.0114329 0.0156024 0.0203855 0.0254145 0.0302719 0.0345311 0.0378334 0.0399526 0.0408257 0.0405369 0.039269 0.037242 0.0346623 0.0316964 0.0284715 0.0250906 0.0216516 0.0182572
 1.04773e-16 2.90973e-05 0.000170774 0.000811774 0.00312536 0.00974613 0.024618 0.0503717 0.0834969 0.112135 0.122028 0.107643 0.0770674 0.0450041 0.0218943 0.00974112 0.005382 0.00509429 0.00660458 0.00892217 0.0116443 0.0145218 0.0173143 0.0197862 0.0217438 0.0230699 0.0237385 0.0238024 0.0233627 0.0225313 0.0214028 0.0200418 0.0184874 0.0167679 0.0149169 0.0129828
 1.03057e-16 2.89107e-05 0.000169671 0.000806517 0.00310509 0.00968291 0.0244583 0.0500457 0.0829587 0.111419 0.121265 0.107011 0.0767042 0.0449707 0.0222097 0.0104397 0.00654364 0.00683385 0.00903635 0.012115 0.015578 0.0190534 0.0221668 0.0245662 0.0259906 0.0263272 0.0256321 0.0241047 0.0220276 0.0196938 0.0173448 0.0151374 0.0131411 0.0113597 0.009762 0.00831016
 1.01649e-16 3.32436e-05 0.000195115 0.000927493 0.0035709 0.0111355 0.0281275 0.0575525 0.0953994 0.128118 0.139416 0.12297 0.0880157 0.0513457 0.0248801 0.0108938 0.00575561 0.00519052 0.00657703 0.00875927 0.0112562 0.013769 0.0160199 0.0177503 0.0187668 0.0189821 0.0184309 0.0172532 0.0156522 0.0138431 0.0120086 0.0102738 0.00870323 0.00731341 0.00609292 0.00502089
 1.01072e-16 3.35552e-05 0.000196943 0.00093618 0.00360435 0.0112398 0.0283909 0.0580916 0.0962934 0.12932 0.140726 0.124133 0.0888629 0.0518699 0.0251894 0.0111221 0.00600584 0.005526 0.00703157 0.00934402 0.0119587 0.0145494 0.01681 0.0184587 0.0192904 0.0192224 0.0183113 0.0167331 0.0147343 0.0125724 0.0104636 0.00855384 0.00691294 0.00554968 0.0044353 0.00352643
 1.01615e-16 2.76525e-05 0.000162279 0.000771363 0.00296972 0.00926074 0.0233921 0.0478644 0.0793448 0.106571 0.116004 0.102405 0.0734805 0.0432388 0.0216481 0.0106664 0.00733896 0.00815607 0.0109404 0.0146696 0.0188085 0.0229074 0.026498 0.0291391 0.0305061 0.0304636 0.0290933 0.0266628 0.0235517 0.0201589 0.0168227 0.0137743 0.0111295 0.00891041 0.00708109 0.00558163
 1.02503e-16 2.79728e-05 0.000164164 0.000780336 0.00300429 0.00936855 0.0236643 0.0484211 0.080266 0.107803 0.117333 0.103548 0.0742366 0.0435542 0.0215674 0.0102364 0.00655364 0.00696027 0.00926412 0.0124677 0.0160947 0.0197785 0.0231416 0.0258206 0.0275344 0.0281417 0.0276655 0.0262716 0.024216 0.0217771 0.0191981 0.0166549 0.0142506 0.0120316 0.0100111 0.00819001
 1.02945e-16 2.75839e-05 0.000161881 0.000769477 0.00296248 0.00923817 0.023335 0.0477473 0.0791494 0.106304 0.115704 0.102116 0.0732215 0.0429824 0.0213282 0.0101957 0.00662313 0.0071033 0.00947388 0.0127465 0.0164423 0.020187 0.023595 0.0262968 0.0280101 0.0285984 0.0280945 0.0266774 0.0246155 0.0221952 0.0196615 0.0171845 0.0148561 0.0127086 0.0107414 0.00894549
 1.01824e-16 3.41542e-05 0.000200463 0.000952925 0.00366884 0.0114409 0.0288989 0.0591306 0.0980143 0.131627 0.143226 0.126313 0.0903686 0.0526383 0.025357 0.0108484 0.00536844 0.00451632 0.00560011 0.00744807 0.00959828 0.0117902 0.0137921 0.0153879 0.0164128 0.0167863 0.0165258 0.0157334 0.0145627 0.0131783 0.0117208 0.010288 0.00893309 0.00767502 0.00651464 0.00544805
 1.01596e-16 2.99995e-05 0.000176062 0.000836895 0.00322205 0.0100476 0.0253796 0.0519308 0.0860837 0.115616 0.125834 0.111044 0.0795974 0.0466717 0.023058 0.0108502 0.0068123 0.00711377 0.00938813 0.0125498 0.0160744 0.0195602 0.0226033 0.0248268 0.0259562 0.0258813 0.0246792 0.0225862 0.0199329 0.0170636 0.0142666 0.0117344 0.00955777 0.00774544 0.00625672 0.00503253
 1.02196e-16 2.82211e-05 0.000165621 0.00078726 0.00303094 0.00945168 0.0238743 0.0488508 0.0809785 0.108761 0.118377 0.104474 0.07491 0.0439683 0.0218074 0.0104072 0.00673525 0.00720069 0.00958773 0.0128812 0.016587 0.0203181 0.0236766 0.0262826 0.0278477 0.0282359 0.0274882 0.0257993 0.0234584 0.0207759 0.0180198 0.0153791 0.0129586 0.0107955 0.0088866 0.00721298
 1.02406e-16 2.98525e-05 0.000175203 0.000832819 0.00320637 0.00999875 0.0252561 0.0516777 0.0856632 0.115048 0.125208 0.110472 0.0791446 0.046321 0.0227275 0.0104351 0.00621231 0.00624409 0.00818535 0.0109839 0.0141657 0.0173937 0.0203327 0.0226633 0.0241409 0.0246461 0.0242052 0.0229708 0.0211733 0.0190599 0.0168435 0.0146737 0.0126334 0.0107543 0.00903933 0.00748251
 1.02664e-16 2.75559e-05 0.000161715 0.000768687 0.00295943 0.00922866 0.023311 0.0476983 0.0790686 0.106197 0.115591 0.102023 0.073172 0.042987 0.0213926 0.010329 0.00684192 0.00742984 0.00992952 0.0133435 0.017176 0.0210294 0.0244928 0.0271751 0.0287819 0.0291784 0.028414 0.0266963 0.0243287 0.0216322 0.0188791 0.0162561 0.0138596 0.0117154 0.00980942 0.00811479
 1.06593e-16 8.14677e-06 4.77414e-05 0.000226788 0.00087289 0.00272179 0.00687556 0.0140722 0.0233413 0.031392 0.0342802 0.0305219 0.0224694 0.0143674 0.0093211 0.00811753 0.0101046 0.0144172 0.0204637 0.0278095 0.0359447 0.0441832 0.0517102 0.0577239 0.061604 0.0630432 0.0620991 0.0591456 0.054752 0.0495309 0.0440105 0.0385626 0.0333954 0.0285914 0.0241643 0.020108
pSPR Fmed_Fpbrs
0.607801   0.34328 0.34328
Fs Fmed_Fpbrs
0.340581   1.005 1.005
SSBpbr Bo_Bmed_Bpbrs
1.01634e+06  566915  298072 298072
Ro
39340.1
SPR SPRFo_SPRFmed_SPRFpbrs
810781 492793 278325
log_Ro
10.4
likeval ReclasPelacesDesembMPH_pf_preclas_ppelaces_ptallas_desvR_qrecl_qpela
 72.9771 42.2584 0.00547065 0.000168003 285.427 193.024 70.1921 0 18.1372 3.93562e-05 0 0 0 0 0
q_reclas_q_pelaces
0.411077 1
M
0.7
N
 31582.7 14497.1 5731.78 710.191 0.258423
 44533.6 14440.6 4362.27 1724.73 213.779
 18667.6 20145.8 4072.48 1230.23 546.69
 41163 7777.99 3449.39 697.295 304.246
 74733.3 19589.7 2983.83 1323.27 384.216
 45609.1 36872 9353.21 1424.64 815.248
 83743.8 21400.3 12980.2 3292.65 788.519
 92322.3 40024 8424.31 5109.7 1606.57
 133831 42645.2 12811.9 2696.67 2149.91
 165516 61691.3 13480.7 4050.01 1532.07
 66983.4 78307 22835.1 4989.9 2066.21
 37422.9 30654.1 23689.8 6908.19 2134.65
 44742 17252.8 9697.83 7494.59 2860.82
 22639.4 19670.5 4091.81 2300.01 2455.97
 16379 9065.18 2646.06 550.428 639.771
 18729.6 6528.36 1185.92 346.163 155.704
 14248.2 8499.26 1876.34 340.85 144.243
 15024.8 6625.69 2833.45 625.525 161.718
 15775.8 7119.81 2476.57 1059.1 294.258
 35072.6 7513.08 2742.98 954.126 521.394
 42869.6 16658.4 2847.93 1039.76 559.314
 50091.6 20889 7374.2 1260.7 707.867
 71293.6 24293 8985.75 3172.13 846.811
 74532.7 34367 10073.7 3726.17 1666.56
 11183.9 35836.3 14030.8 4112.73 2201.65
pred_Ctot
 1808.55 4227.54 1671.46 207.101 0.0753594
 2866.89 4634.43 1399.98 553.518 68.6081
 2182.82 10073.8 2036.43 615.171 273.371
 1235.84 1291.45 572.735 115.779 50.5169
 346.982 543.948 82.852 36.7433 10.6685
 1813.97 7872.79 1997.07 304.186 174.069
 2267.08 3233.06 1960.99 497.438 119.126
 4654.66 10489.8 2207.9 1339.19 421.06
 6934.03 11437.7 3436.22 723.261 576.619
 5643.09 11488.4 2510.44 754.21 285.308
 3796.14 22639.6 6601.95 1442.65 597.371
 1935.66 8209.86 6344.67 1850.17 571.708
 3715.74 6758.8 3799.13 2936.01 1120.73
 3192.44 11083.8 2305.63 1296 1383.88
 2354.34 5167.51 1508.36 313.765 364.695
 1166.91 2040.27 370.631 108.184 48.6614
 653.814 2055.32 453.743 82.4258 34.8814
 495.579 1197.75 512.212 113.078 29.2344
 465.97 1164.76 405.153 173.262 48.139
 1100.84 1298.74 474.161 164.933 90.1299
 579.097 1309.3 223.839 81.7225 43.9606
 843.625 2026 715.215 122.274 68.6552
 1503.41 2911.83 1077.06 380.221 101.501
 1705.65 4445.73 1303.14 482.018 215.586
 260.542 4713.21 1845.34 540.909 289.563
F
 0.0825635 0.500955 0.500955 0.500955 0.500955
 0.0932497 0.565794 0.565794 0.565794 0.565794
 0.175492 1.0648 1.0648 1.0648 1.0648
 0.0425366 0.258091 0.258091 0.258091 0.258091
 0.00647452 0.0392842 0.0392842 0.0392842 0.0392842
 0.0566998 0.344026 0.344026 0.344026 0.344026
 0.0382834 0.232285 0.232285 0.232285 0.232285
 0.0723699 0.439105 0.439105 0.439105 0.439105
 0.0744381 0.451654 0.451654 0.451654 0.451654
 0.0484292 0.293845 0.293845 0.293845 0.293845
 0.0816795 0.495591 0.495591 0.495591 0.495591
 0.074308 0.450864 0.450864 0.450864 0.450864
 0.121794 0.738988 0.738988 0.738988 0.738988
 0.215253 1.30605 1.30605 1.30605 1.30605
 0.219846 1.33392 1.33392 1.33392 1.33392
 0.0901249 0.546834 0.546834 0.546834 0.546834
 0.0656753 0.398485 0.398485 0.398485 0.398485
 0.0468197 0.284079 0.284079 0.284079 0.284079
 0.041835 0.253834 0.253834 0.253834 0.253834
 0.0445082 0.270054 0.270054 0.270054 0.270054
 0.0189411 0.114925 0.114925 0.114925 0.114925
 0.0236642 0.143583 0.143583 0.143583 0.143583
 0.029709 0.18026 0.18026 0.18026 0.18026
 0.0322771 0.195841 0.195841 0.195841 0.195841
 0.0328661 0.199415 0.199415 0.199415 0.199415
nmprior
 10 11 7 0
nm_flota  nm_reclas  nm_pelaces    nm_pelaL
inf 18.7357 19.619 35.5804
cv_recla  cv_pelaces  cv_mph
0.772713 0.764929 0.420529
 ------------------------------------------------
Talla a la edad & desviación 
 7.2 14.2025 17.0495 18.207 18.6776
 1.08 2.13037 2.55742 2.73105 2.80164
