years
 1997 1998 1999 2000 2001 2002 2003 2004 2005 2006 2007 2008 2009 2010 2011 2012 2013 2014 2015 2016 2017 2018 2019 2020 2021
reclasobs
 0 0 0 370054 412103 1.49427e+06 250295 1.28982e+06 931140 785840 897777 1.04006e+06 184774 17550 25797 100020 73551 82996 120727 218422 84188 347160 605670 569463 516374
reclaspred
 1.68856e+06 311906 622832 239068 258258 294190 712943 589219 778251 1.21351e+06 1.28795e+06 775935 453379 207069 154505 163244 162157 207459 185515 233973 410642 400167 588759 491215 357378
pelacesobs
 0 0 0 0 0 0 0 0 0 2.06254e+06 1.5e+06 0 1.87456e+06 323000 250000 174000 83755 137374 0 501740 490994 745055 786931 1.00524e+06 0
pelacespred
 1.01653e+06 352382 190582 171442 156347 121956 383394 353469 431752 706934 663214 408966 247350 89284.6 68765.5 80941.8 85363.3 105641 100883 120998 228887 236085 262989 262392 184545
mphobs
 0 0 0 0 0 112323 0 153150 637223 0 255016 313432 73983 77613 109348 50772 0 0 0 0 0 0 0 0 0
mphpred
 1.25211e+06 637116 425524 294512 193723 283386 384852 625227 588090 850371 1.33203e+06 864602 462813 293229 121604 144082 135641 167133 178466 166256 291719 381976 434809 471978 407430
desembarqueobs
 350755 77701 442110 56441 14545 235359 269955 359681 431902 328805 639364 411747 362871 311530 167758 66681 60226 58785 57116 71774 51957 67425 138520 160799 200461
desembarquepred
 350963 77729.6 441887 56448.4 14563.8 235507 269773 359250 432200 328884 639077 411671 362259 310386 167434 66575.2 60048.4 58724.6 57226.5 71742.7 51929.2 67432.5 138617 160860 200671
Reclutas
 54297 37924.1 7776.21 11671.4 36648.7 28450.2 77335.7 63983.7 114766 216455 44485.1 17888.6 68119 18328.6 28495.7 13621.5 13820.8 12325.8 9330.22 29475.2 37196.3 37079.9 43516 25694.2 6156.28
log_desv_Rt
 0.622224 0.263342 -1.32118 -0.9151 0.229133 -0.024088 0.975911 0.786383 1.37065 2.00514 0.42291 -0.488083 0.849011 -0.463784 -0.0224906 -0.760599 -0.74607 -0.860554 -1.13899 0.0113045 0.243966 0.24083 0.400885 -0.12598 -1.55477
SSB
 1.25211e+06 637116 425524 294512 193723 283386 384852 625227 588090 850371 1.33203e+06 864602 462813 293229 121604 144082 135641 167133 178466 166256 291719 381976 434809 471978 407430
BT
 2.92602e+06 799809 628191 401404 387477 430410 1.36726e+06 1.20344e+06 1.56889e+06 2.17452e+06 1.87175e+06 1.156e+06 958869 480301 328368 225776 246788 279718 252184 358500 597749 535162 636512 662035 523579
Ftot
 0.201279 0.240623 0.658926 0.228094 0.0551118 0.740343 0.363849 0.575504 0.527831 0.262116 0.469915 0.500651 0.743502 1.29421 0.992326 0.389523 0.355148 0.272835 0.296555 0.295677 0.123119 0.163556 0.227508 0.314359 0.528247
BD_Bspro_t
 0.970723 0.821409 0.671228 0.408517 0.44243 0.603798 0.519051 0.588014 0.532456 0.570754 0.641692 0.461982 0.326988 0.267037 0.149318 0.19831 0.242771 0.360206 0.43337 0.481493 0.640385 0.748504 0.740927 0.691724 0.574819
BD_Bspro
 2.08462 1.06073 0.70845 0.490329 0.322527 0.471806 0.640735 1.04093 0.979104 1.41577 2.21768 1.43946 0.770531 0.488193 0.202457 0.23988 0.225827 0.278258 0.297126 0.276798 0.485679 0.635948 0.723908 0.785789 0.678326
BD_Bo
 1.33655 0.68008 0.45422 0.314373 0.206787 0.302497 0.410805 0.66739 0.627749 0.907717 1.42186 0.922907 0.494023 0.313003 0.129804 0.153798 0.144788 0.178404 0.190501 0.177468 0.311391 0.407735 0.464131 0.503806 0.434906
BD_Brms
 6.5297 3.32254 2.21909 1.53587 1.01026 1.47785 2.00699 3.26054 3.06687 4.43466 6.9465 4.50887 2.41355 1.52918 0.63416 0.751381 0.707365 0.871595 0.930695 0.867021 1.5213 1.99199 2.26751 2.46135 2.12474
S_f
 0.5 1 1 1 1
 0.5 1 1 1 1
 0.5 1 1 1 1
 0.5 1 1 1 1
 0.5 1 1 1 1
 0.5 1 1 1 1
 0.5 1 1 1 1
 0.5 1 1 1 1
 0.5 1 1 1 1
 0.5 1 1 1 1
 0.5 1 1 1 1
 0.5 1 1 1 1
 0.5 1 1 1 1
 0.5 1 1 1 1
 0.5 1 1 1 1
 0.5 1 1 1 1
 0.5 1 1 1 1
 0.5 1 1 1 1
 0.5 1 1 1 1
 0.5 1 1 1 1
 0.5 1 1 1 1
 0.5 1 1 1 1
 0.5 1 1 1 1
 0.5 1 1 1 1
 0.5 1 1 1 1
Scru_reclas
 0.5 1 1 1 1
 0.5 1 1 1 1
 0.5 1 1 1 1
 0.5 1 1 1 1
 0.5 1 1 1 1
 0.5 1 1 1 1
 0.5 1 1 1 1
 0.5 1 1 1 1
 0.5 1 1 1 1
 0.5 1 1 1 1
 0.5 1 1 1 1
 0.5 1 1 1 1
 0.5 1 1 1 1
 0.5 1 1 1 1
 0.5 1 1 1 1
 0.5 1 1 1 1
 0.5 1 1 1 1
 0.5 1 1 1 1
 0.5 1 1 1 1
 0.5 1 1 1 1
 0.5 1 1 1 1
 0.5 1 1 1 1
 0.5 1 1 1 1
 0.5 1 1 1 1
 0.5 1 1 1 1
Scru_pelaces
 0.5 1 1 1 1
 0.5 1 1 1 1
 0.5 1 1 1 1
 0.5 1 1 1 1
 0.5 1 1 1 1
 0.5 1 1 1 1
 0.5 1 1 1 1
 0.5 1 1 1 1
 0.5 1 1 1 1
 0.5 1 1 1 1
 0.5 1 1 1 1
 0.5 1 1 1 1
 0.5 1 1 1 1
 0.5 1 1 1 1
 0.5 1 1 1 1
 0.5 1 1 1 1
 0.5 1 1 1 1
 0.5 1 1 1 1
 0.5 1 1 1 1
 0.5 1 1 1 1
 0.5 1 1 1 1
 0.5 1 1 1 1
 0.5 1 1 1 1
 0.5 1 1 1 1
 0.5 1 1 1 1
pf_obs 
 0.256992 0.487395 0.22802 0.0275931 0
 0.321318 0.546541 0.124235 0.00734118 0.000564706
 0.182869 0.594174 0.210203 0.0122559 0.00049798
 0.330522 0.361315 0.267642 0.0388342 0.00168674
 0.649043 0.306663 0.0425973 0.00169635 0
 0.582887 0.30429 0.105238 0.00758474 0
 0.465427 0.430635 0.0974691 0.00646863 0
 0.296916 0.608066 0.0921331 0.00288517 0
 0.311714 0.524322 0.152257 0.0117073 0
 0.15457 0.633149 0.183074 0.0267441 0.00246327
 0.131901 0.49318 0.331252 0.0422183 0.00144891
 0.196976 0.569456 0.194076 0.0375587 0.00193317
 0.518974 0.381816 0.0799577 0.0180837 0.00116848
 0.0928022 0.601141 0.25162 0.0475244 0.00691264
 0.122501 0.610282 0.24278 0.0234846 0.000952079
 0.383417 0.481906 0.127806 0.00687128 0
 0.0376549 0.599619 0.316969 0.0457579 0
 0.0361596 0.667082 0.258105 0.0386534 0
 0.158088 0.579412 0.248529 0.0139706 0
 0.0477256 0.309471 0.559284 0.082774 0.000745712
 0.0406174 0.521527 0.379366 0.0568643 0.0016247
 0.151134 0.462217 0.34131 0.0453401 0
 0.294876 0.26143 0.354403 0.0886775 0.000613685
 0.281977 0.475581 0.204845 0.0348837 0.00271318
 0 0 0 0 0
pf_pred 
 0.451653 0.276046 0.13708 0.0680721 0.0671487
 0.3423 0.418065 0.120635 0.0599058 0.0590931
 0.122949 0.462392 0.263577 0.0760568 0.075025
 0.35955 0.162978 0.25173 0.143493 0.08225
 0.661615 0.184465 0.0391686 0.0604984 0.0542531
 0.426528 0.458117 0.0628839 0.0133525 0.0391186
 0.735555 0.171942 0.0738956 0.0101433 0.00846374
 0.491656 0.437562 0.0460222 0.0197789 0.00498039
 0.651438 0.242738 0.0910888 0.0095806 0.00515423
 0.680253 0.260171 0.0414882 0.0155687 0.00251844
 0.175915 0.676591 0.120013 0.0191379 0.00834334
 0.157334 0.277106 0.464337 0.0823638 0.0188601
 0.63293 0.110848 0.084257 0.141187 0.0307782
 0.28799 0.578013 0.0404645 0.0307576 0.0627748
 0.665169 0.1839 0.122527 0.00857764 0.0198269
 0.419794 0.489467 0.0498369 0.0332047 0.00769763
 0.452698 0.33845 0.176189 0.0179394 0.0147233
 0.42378 0.372862 0.125756 0.0654658 0.0121363
 0.363548 0.390792 0.158962 0.0536136 0.0330841
 0.685314 0.174467 0.0860968 0.0350216 0.0191007
 0.555466 0.367123 0.042918 0.0211794 0.0133138
 0.443707 0.401233 0.128058 0.0149704 0.0120317
 0.457203 0.339582 0.146571 0.0467799 0.00986396
 0.313885 0.440881 0.153422 0.0662204 0.0255915
 0.136038 0.43237 0.277331 0.0965081 0.0577531
pobs_RECLAS
 0 0 0 0 0
 0 0 0 0 0
 0 0 0 0 0
 0 0 0 0 0
 0.835266 0.146461 0.0176864 0.000547809 3.91292e-05
 0.385257 0.428462 0.181853 0.0044286 0
 0.867414 0.0963971 0.0333333 0.00285562 0
 0.441836 0.489002 0.0689373 0.000224442 0
 0.779404 0.147425 0.0564933 0.0165055 0.000172143
 0.814271 0.122319 0.05973 0.00367925 0
 0.40263 0.566651 0.0304383 0.000280538 0
 0.475488 0.404961 0.113038 0.00651328 0
 0.955842 0.0263864 0.0167828 0.000988607 0
 0.975058 0.0227948 0.00214734 0 0
 0.738997 0.206755 0.0527124 0.00153531 0
 0.850938 0.134255 0.0134407 0.00136685 0
 0.542534 0.407297 0.0501686 0 0
 0.764087 0.199537 0.0359546 0.000420521 0
 0.470689 0.182191 0.310203 0.0369168 0
 0.84361 0.089868 0.0606195 0.00523954 0.000663233
 0.607945 0.314616 0.071237 0.00620181 0
 0.523733 0.453247 0.0230204 0 0
 0.530135 0.295979 0.169645 0.0042399 0
 0.562478 0.366248 0.0663022 0.0049721 0
 0.250443 0.683176 0.0655157 0.000865301 0
ppred_RECLAS
 0.4534 0.275167 0.136644 0.0678553 0.0669347
 0.344265 0.416816 0.120275 0.0597269 0.0589166
 0.126444 0.46055 0.262527 0.0757538 0.0747261
 0.361434 0.162498 0.250989 0.143071 0.082008
 0.661992 0.184259 0.0391249 0.0604309 0.0541925
 0.435779 0.450727 0.0618694 0.0131371 0.0384876
 0.73837 0.170112 0.0731091 0.0100354 0.00837366
 0.498297 0.431846 0.045421 0.0195206 0.00491533
 0.656784 0.239016 0.0896919 0.00943368 0.00507519
 0.682351 0.258464 0.041216 0.0154665 0.00250192
 0.178867 0.674167 0.119583 0.0190694 0.00831345
 0.160274 0.276139 0.462717 0.0820765 0.0187943
 0.641702 0.108199 0.0822436 0.137813 0.0300427
 0.305948 0.563435 0.039444 0.0299818 0.0611916
 0.677892 0.176912 0.117871 0.00825171 0.0190735
 0.423657 0.486208 0.049505 0.0329836 0.00764637
 0.456189 0.336291 0.175066 0.0178249 0.0146294
 0.426259 0.371258 0.125215 0.0651841 0.0120841
 0.366153 0.389192 0.158312 0.0533942 0.0329487
 0.687724 0.173131 0.0854375 0.0347534 0.0189544
 0.556459 0.366303 0.0428221 0.0211321 0.0132841
 0.445076 0.400246 0.127743 0.0149336 0.0120021
 0.459226 0.338316 0.146025 0.0466055 0.00982719
 0.316493 0.439206 0.152839 0.0659687 0.0254942
 0.138841 0.430967 0.276431 0.0961949 0.0575657
pobs_PELACES
 0 0 0 0 0
 0 0 0 0 0
 0 0 0 0 0
 0 0 0 0 0
 0 0 0 0 0
 0 0 0 0 0
 0 0 0 0 0
 0 0 0 0 0
 0 0 0 0 0
 0 0 0 0 0
 0.450072 0.473896 0.0757376 0.000293798 0
 0 0 0 0 0
 0.463077 0.371075 0.160297 0.00555027 0
 0.529543 0.364841 0.0842815 0.0213345 0
 0.631943 0.363953 0.00410389 0 0
 0.735681 0.248677 0.0153453 0.000297389 0
 0.695825 0.281241 0.0229344 0 0
 0.275771 0.60734 0.115278 0.00161068 0
 0 0 0 0 0
 0.896147 0.0623911 0.0374545 0.00400742 0
 0.803859 0.145111 0.0509908 3.86294e-05 0
 0.739449 0.233085 0.0266225 0.000797448 4.60066e-05
 0.878498 0.100942 0.0204185 0.000141795 0
 0.694673 0.275183 0.0284847 0.00165964 0
 0 0 0 0 0
ppred_PELACES
 0.461642 0.271017 0.134583 0.066832 0.0659254
 0.353282 0.411085 0.118621 0.0589055 0.0581064
 0.138949 0.453957 0.258769 0.0746694 0.0736564
 0.370165 0.160276 0.247557 0.141115 0.0808867
 0.664024 0.183152 0.0388897 0.0600677 0.0538668
 0.466014 0.426574 0.058554 0.0124331 0.0364251
 0.7498 0.16268 0.069915 0.00959694 0.00800781
 0.522022 0.411425 0.0432731 0.0185975 0.00468288
 0.676139 0.225536 0.0846337 0.00890166 0.00478897
 0.691651 0.250898 0.0400094 0.0150137 0.00242867
 0.19054 0.664583 0.117884 0.0187983 0.00819527
 0.171706 0.272379 0.456417 0.0809591 0.0185384
 0.669392 0.0998374 0.0758876 0.127162 0.027721
 0.353066 0.525184 0.0367661 0.0279464 0.0570373
 0.712556 0.157873 0.105186 0.00736367 0.0170209
 0.439422 0.472908 0.0481509 0.0320814 0.00743722
 0.47076 0.327281 0.170375 0.0173473 0.0142374
 0.437304 0.364111 0.122805 0.0639293 0.0118515
 0.377582 0.382175 0.155457 0.0524314 0.0323546
 0.698104 0.167376 0.0825975 0.0335982 0.0183244
 0.561467 0.362167 0.0423386 0.0208935 0.0131341
 0.45175 0.395431 0.126206 0.014754 0.0118578
 0.468562 0.332476 0.143504 0.045801 0.00965755
 0.327818 0.431928 0.150306 0.0648756 0.0250718
 0.149594 0.425585 0.27298 0.0949937 0.0568469
pobs_pel_tallas
 0 0 0 0 0 0 0 0 0 0 0 0 0 0 0 0 0 0 0 0 0 0 0 0 0 0 0 0 0 0 0 0 0 0 0 0
 0 0 0 0 0 0 0 0 0 0 0 0 0 0 0 0 0 0 0 0 0 0 0 0 0 0 0 0 0 0 0 0 0 0 0 0
 0 0 0 0 0 0 0 0 0 0 0 0 0 0 0 0 0 0 0 0 0 0 0 0 0 0 0 0 0 0 0 0 0 0 0 0
 0 0 0 0 0 0 0 0 0 0 0 0 0 0 0 0 0 0 0 0 0 0 0 0 0 0 0 0 0 0 0 0 0 0 0 0
 0 0 0 0 0 0 0 0 0 0 0 0 0 0 0 0 0 0 0 0 0 0 0 0 0 0 0 0 0 0 0 0 0 0 0 0
 0 0 0 0 0 0 0 0 0 0 0 0 0 0 0 0 0 0 0 0 0 0 0 0 0 0 0 0 0 0 0 0 0 0 0 0
 0 0 0 0 0 0 0 0 0 0 0 0 0 0 0 0 0 0 0 0 0 0 0 0 0 0 0 0 0 0 0 0 0 0 0 0
 0 0 0 0 0 0 0 0 0 0 0 0 0 0 0 0 0 0 0 0 0 0 0 0 0 0 0 0 0 0 0 0 0 0 0 0
 0 0 0 0 0 0 0 0 0 0 0 0 0 0 0 0 0 0 0 0 0 0 0 0 0 0 0 0 0 0 0 0 0 0 0 0
 0 0 0 0 0 0 0 0 0 0 0 0 0 0 0 0 0 0 0 0 0 0 0 0 0 0 0 0 0 0 0 0 0 0 0 0
 0 0 0 0 0 0 0 0 1.78061e-05 0.00172719 0.00360574 0.0105946 0.0120993 0.0124554 0.0147524 0.0171206 0.0266825 0.0428682 0.0675386 0.121331 0.153587 0.119568 0.100827 0.0573624 0.0630603 0.0341343 0.0324427 0.0444173 0.0211091 0.0280891 0.0125444 0.00206551 0 0 0 0
 0 0 0 0 0 0 0 0 0 0 0 0 0 0 0 0 0 0 0 0 0 0 0 0 0 0 0 0 0 0 0 0 0 0 0 0
 0 0 0 0 0 0 0.0133647 0.0140871 0.0187388 0.0205184 0.03894 0.0496705 0.03968 0.0493445 0.0407372 0.0367815 0.0215668 0.0243155 0.0234873 0.0199281 0.019796 0.0243948 0.0301388 0.0376714 0.0412746 0.0863199 0.0771752 0.113111 0.0741005 0.0525337 0.0229764 0.00759418 0.00175318 0 0 0
 0 0 0 0 0 0 0 0 0 0 0.00219441 0.00772107 0.0458388 0.0604681 0.0671733 0.0775358 0.0609151 0.0617685 0.073594 0.0568108 0.0755445 0.0548602 0.0670107 0.0636378 0.0643287 0.046367 0.0373049 0.0286899 0.0247887 0.0153202 0.00654259 0.00121912 0.000365735 0 0 0
 0 0 0 0 0 0 0 0 0 0 0 0 0.000112435 0.00938835 0.0111873 0.0202946 0.0414886 0.0713402 0.111592 0.104902 0.108894 0.110636 0.117776 0.105296 0.107544 0.0401394 0.0192827 0.0124803 0.00416011 0.0028671 0.000618394 0 0 0 0 0
 0 0 0 0 0 0 0 0 0 0 0.00291406 0.0102884 0.027416 0.0768956 0.0749926 0.110853 0.0956884 0.0897413 0.0766577 0.0534642 0.0500743 0.0551293 0.0594112 0.0620874 0.0668451 0.0424026 0.0208742 0.0120726 0.0048766 0.00582813 0.00118941 0.000297354 0 0 0 0
 0 0.00264628 0.0354308 0.0461629 0.0458689 0.0383711 0.0214643 0.0164657 0.0346957 0.0420465 0.0363128 0.0245516 0.0311673 0.0291091 0.0169068 0.0133784 0.00837989 0.0085269 0.0148486 0.0160247 0.0276389 0.0546898 0.0760071 0.122758 0.109233 0.0665981 0.0333725 0.0166128 0.00676272 0.00308733 0.000882094 0 0 0 0 0
 0 0 0 0 0 0 0 0.000805153 0.000690131 0.00759144 0.0133425 0.0154129 0.00931677 0.000345066 0.00356568 0.00563607 0.00851162 0.0253048 0.0502646 0.0516448 0.0657925 0.0565908 0.0611916 0.0827007 0.0866115 0.110766 0.145733 0.0935128 0.0569358 0.0249597 0.0138026 0.00621118 0.00161031 0.00115022 0 0
 0 0 0 0 0 0 0 0 0 0 0 0 0 0 0 0 0 0 0 0 0 0 0 0 0 0 0 0 0 0 0 0 0 0 0 0
 0.00147267 0.00158595 0.00478618 0.00569244 0.00954404 0.0108468 0.00647125 0.017049 0.0510054 0.094081 0.124002 0.0959785 0.0687766 0.0820023 0.061753 0.0591476 0.0492212 0.0479892 0.0443925 0.0268479 0.0217502 0.0140895 0.0121071 0.0120363 0.00920419 0.00665534 0.0049561 0.00860946 0.00930331 0.0156896 0.0114698 0.00855282 0.00243557 0.00046729 0 2.83206e-05
 0 0 0 0 0.000772559 0.00158375 0.000888443 0.00281984 0.00712685 0.0440552 0.0773331 0.111326 0.0921469 0.0852325 0.0710754 0.0886704 0.0786465 0.0553345 0.0373146 0.0185414 0.00753245 0.00457741 0.012979 0.0271748 0.0457355 0.0583668 0.034881 0.0177882 0.00938659 0.00492506 0.0015258 0.00185414 0.000309023 5.79419e-05 3.86279e-05 0
 0 0.00173294 0.00326652 0 0.00397197 0.00683976 0.00946217 0.0152591 0.00757587 0.0136028 0.0228656 0.0392903 0.0559909 0.0764795 0.0681675 0.0726916 0.0566044 0.0477403 0.0527397 0.0444891 0.0609904 0.0582453 0.0661739 0.0445044 0.0529084 0.0360697 0.0280645 0.0235558 0.0158879 0.00826598 0.00280645 0.00217768 0.000904811 0.00058276 9.20147e-05 0
 0 0 0 0 0 0 0 0 0 0 0 0 0 0 0 0 0 0 0 0 0 0 0 0 0 0 0 0 0 0 0 0 0 0 0 0
 0 0 0 0 0 0 0 0 0 0 0 0 0 0 0 0 0 0 0 0 0 0 0 0 0 0 0 0 0 0 0 0 0 0 0 0
 0 0 0 0 0 0 0 0 0 0 0 0 0 0 0 0 0 0 0 0 0 0 0 0 0 0 0 0 0 0 0 0 0 0 0 0
ppred_pel_tallas
 1.07376e-16 2.01535e-05 0.000118255 0.00056207 0.0021639 0.00674781 0.0170446 0.034877 0.0578179 0.0776644 0.084558 0.0746902 0.0536929 0.0317953 0.016294 0.00865822 0.00678323 0.00815911 0.011236 0.0152846 0.0199013 0.0247126 0.029304 0.0332635 0.0362596 0.0381051 0.0387827 0.0384213 0.037238 0.0354679 0.0333076 0.0308888 0.0282834 0.025528 0.0226551 0.0197136
 1.06557e-16 1.54342e-05 9.05354e-05 0.000430259 0.00165635 0.005165 0.0130467 0.0266981 0.0442653 0.0594783 0.0648065 0.0573597 0.0414873 0.0250754 0.0137853 0.00883205 0.00869348 0.0115101 0.0160985 0.0218156 0.028166 0.0345879 0.04044 0.0451 0.0480951 0.0492037 0.0484931 0.0462765 0.0430129 0.0391829 0.035186 0.0312853 0.0276059 0.0241713 0.0209555 0.0179278
 1.09829e-16 6.09026e-06 3.56738e-05 0.00016943 0.000652071 0.00203319 0.00513615 0.0105128 0.0174398 0.0234625 0.025641 0.0228769 0.0169433 0.0110355 0.00750705 0.00698971 0.00904577 0.0130763 0.0186741 0.0255249 0.0332262 0.0412079 0.0487743 0.0552218 0.0599804 0.0627253 0.0634235 0.0622977 0.0597321 0.0561547 0.0519403 0.047361 0.0425873 0.0377218 0.0328437 0.02804
 1.12195e-16 1.61604e-05 9.48214e-05 0.000450686 0.00173508 0.00541058 0.0136668 0.0279649 0.0463582 0.0622682 0.0677874 0.0598586 0.0429918 0.0253822 0.0128733 0.00663919 0.00499832 0.00596177 0.00833673 0.0116196 0.0155968 0.0200952 0.0249005 0.0297605 0.0344173 0.0386368 0.0422276 0.0450409 0.046962 0.0479011 0.0477938 0.0466123 0.044385 0.0412109 0.0372642 0.0327808
 1.05193e-16 2.89745e-05 0.000170051 0.000808332 0.0031121 0.00970477 0.0245135 0.0501582 0.0831438 0.111663 0.12152 0.107209 0.0767872 0.0449015 0.021957 0.0099574 0.00576063 0.00566133 0.00738744 0.0099312 0.012857 0.0158727 0.0186946 0.0210546 0.0227486 0.0236786 0.0238666 0.0234335 0.0225545 0.0214056 0.0201211 0.0187751 0.0173865 0.0159411 0.0144189 0.0128155
 1.031e-16 2.03504e-05 0.000119397 0.000567466 0.00218462 0.0068124 0.0172079 0.0352123 0.0583779 0.078429 0.0854231 0.0755319 0.0544666 0.0325909 0.0173188 0.0101871 0.00911696 0.0115931 0.0160184 0.0215535 0.0276102 0.0335692 0.0387471 0.0424987 0.0443568 0.0441409 0.0419959 0.0383421 0.0337607 0.0288521 0.0241139 0.0198722 0.0162712 0.0133099 0.0109008 0.00892657
 1.0175e-16 3.27142e-05 0.000192007 0.000912717 0.00351402 0.0109581 0.0276794 0.0566356 0.0938796 0.126077 0.137195 0.121011 0.0866146 0.0505301 0.0244887 0.0107305 0.00568402 0.00514555 0.00653981 0.0087348 0.0112631 0.013836 0.0161828 0.0180483 0.0192353 0.0196456 0.0192962 0.0183047 0.0168518 0.015134 0.0133231 0.0115429 0.00986574 0.00832353 0.00692427 0.00566693
 1.01607e-16 2.2792e-05 0.000133732 0.000635622 0.00244705 0.00763077 0.019275 0.0394416 0.0653875 0.0878399 0.0956566 0.0845407 0.0608763 0.0362525 0.0189472 0.0106494 0.00899717 0.0111472 0.0153024 0.0205414 0.0262573 0.0318377 0.0366167 0.0399696 0.0414484 0.0408877 0.0384421 0.0345378 0.0297602 0.0247145 0.0199052 0.0156664 0.0121488 0.00935459 0.00719278 0.00553542
 1.01805e-16 2.95048e-05 0.000173159 0.0008231 0.00316894 0.00988203 0.0249613 0.0510747 0.0846642 0.113708 0.123755 0.109203 0.0782623 0.0458592 0.0226025 0.0105483 0.00651196 0.0067286 0.00887921 0.0119125 0.0153366 0.0187849 0.0218868 0.0242896 0.0257246 0.0260643 0.0253449 0.0237456 0.0215346 0.019001 0.0163964 0.0139005 0.0116156 0.00958096 0.00779741 0.0062491
 1.0128e-16 3.01821e-05 0.000177133 0.000841989 0.00324167 0.0101088 0.0255341 0.0522469 0.0866078 0.11632 0.126601 0.111722 0.0800857 0.0469631 0.0232111 0.0109372 0.00688585 0.00720296 0.00950617 0.0127004 0.0162535 0.0197561 0.0227958 0.0249887 0.0260565 0.0258891 0.0245688 0.0223416 0.0195501 0.0165516 0.0136456 0.0110332 0.00880973 0.00698468 0.00551483 0.00433598
 1.02919e-16 8.34825e-06 4.89112e-05 0.00023232 0.000894142 0.00278803 0.00704304 0.014416 0.0239149 0.032174 0.0351619 0.0313726 0.0232371 0.0151344 0.0102852 0.00954011 0.0122684 0.0175966 0.0248864 0.0335987 0.0430509 0.0523276 0.060365 0.0661473 0.068933 0.0684278 0.0648474 0.0588437 0.0513288 0.0432558 0.0354289 0.0283925 0.0224109 0.0175194 0.013609 0.0105108
 1.10216e-16 7.5119e-06 4.40352e-05 0.000209215 0.000805309 0.0025111 0.00634308 0.012981 0.0215261 0.0289353 0.0315568 0.028001 0.0204066 0.0126458 0.00752636 0.0057142 0.0065613 0.00926432 0.0133437 0.0185596 0.0247018 0.0314691 0.0384525 0.0451828 0.051201 0.0561242 0.0596854 0.0617404 0.0622498 0.0612525 0.0588449 0.0551748 0.0504452 0.0449161 0.0388966 0.0327208
 1.06775e-16 2.92053e-05 0.000171413 0.000814824 0.00313713 0.00978283 0.0247106 0.0505608 0.0838089 0.112549 0.122466 0.108 0.0772595 0.0449878 0.0216474 0.00922765 0.00453499 0.0038227 0.0048168 0.00655667 0.0087009 0.011087 0.0135732 0.0160141 0.0182762 0.0202557 0.0218859 0.0231309 0.0239719 0.024392 0.0243696 0.0238817 0.0229174 0.0214921 0.0196586 0.0175078
 1.04319e-16 1.54292e-05 9.04962e-05 0.00043005 0.0016555 0.00516235 0.0130402 0.0266855 0.0442475 0.0594635 0.0648145 0.057424 0.0416579 0.0254253 0.0144195 0.00989385 0.0103606 0.0139739 0.0195259 0.0262964 0.0336567 0.040867 0.047094 0.0515529 0.0536828 0.0532799 0.050543 0.0460088 0.0404068 0.0344811 0.0288392 0.0238658 0.0197138 0.0163527 0.0136463 0.0114268
 1.02593e-16 3.10901e-05 0.000182472 0.000867388 0.00333949 0.0104139 0.0263046 0.0538228 0.0892172 0.119816 0.130384 0.115009 0.0823288 0.0480515 0.0233293 0.0102966 0.00556693 0.00515436 0.00662116 0.00890079 0.0115562 0.0143162 0.0169213 0.019119 0.0207048 0.0215604 0.0216712 0.0211154 0.020032 0.0185808 0.0169076 0.0151254 0.0133119 0.0115185 0.00978281 0.00813817
 1.02288e-16 1.91927e-05 0.000112596 0.000535125 0.00206008 0.00642403 0.016227 0.0332056 0.0550531 0.0739685 0.0805813 0.0712899 0.0514928 0.0309818 0.0167737 0.0103472 0.00977057 0.0126901 0.0175966 0.0236645 0.0302695 0.0367273 0.0422777 0.0462049 0.0479947 0.0474558 0.0447628 0.0403999 0.0350325 0.029347 0.0239141 0.0191089 0.0150985 0.011882 0.00935536 0.00737551
 1.03787e-16 2.05536e-05 0.000120598 0.000573196 0.00220672 0.00688132 0.0173819 0.0355676 0.0589642 0.0792086 0.0862507 0.0762128 0.0548472 0.0325987 0.0169255 0.0093459 0.00773145 0.00953159 0.0131574 0.0178315 0.0230798 0.0284337 0.0333691 0.0373698 0.0400285 0.0411298 0.0406855 0.0389076 0.0361367 0.0327506 0.029086 0.0253935 0.0218308 0.0184819 0.0153877 0.0125714
 1.04613e-16 1.90961e-05 0.000112038 0.000532495 0.00204999 0.00639259 0.0161475 0.033042 0.0547791 0.0735918 0.0801485 0.0708538 0.0510624 0.0304931 0.0160959 0.00930613 0.00817073 0.010336 0.0143244 0.0193871 0.0250287 0.0307353 0.0359309 0.0400562 0.0426824 0.0436027 0.0428671 0.0407474 0.0376498 0.0340078 0.0301904 0.0264528 0.0229314 0.0196726 0.0166749 0.0139247
 1.05645e-16 1.64927e-05 9.67523e-05 0.00045982 0.00177017 0.00551996 0.0139433 0.0285323 0.0473049 0.0635575 0.0692378 0.0612505 0.0442333 0.0265993 0.0143786 0.00884578 0.00835139 0.0108932 0.0152081 0.0206343 0.0266948 0.032864 0.0385412 0.043137 0.0461931 0.0474776 0.047023 0.0450907 0.0420833 0.0384342 0.0345161 0.0305899 0.0268016 0.0232109 0.0198334 0.0166757
 1.03238e-16 3.04602e-05 0.000178774 0.000849803 0.00327178 0.0102027 0.0257713 0.0527316 0.0874088 0.117389 0.127745 0.112688 0.0806821 0.0471199 0.022932 0.0102145 0.00565444 0.00534961 0.00691133 0.00928938 0.0120449 0.0148976 0.0175773 0.019824 0.0214315 0.0222872 0.0223889 0.0218302 0.0207649 0.0193611 0.0177644 0.0160785 0.0143649 0.012656 0.0109722 0.00933542
 1.02051e-16 2.45099e-05 0.000143823 0.000683604 0.0026318 0.00820694 0.0207303 0.0424189 0.070321 0.0944602 0.102847 0.0908504 0.0653215 0.0387027 0.0198674 0.0105974 0.00831891 0.00995146 0.0135637 0.0182014 0.0232888 0.0282797 0.0325889 0.0356675 0.0371201 0.036797 0.0348274 0.0315762 0.0275465 0.0232577 0.0191415 0.0154817 0.0124051 0.00991198 0.00792565 0.00634125
 1.02982e-16 1.97274e-05 0.000115741 0.000550093 0.00211774 0.00660385 0.0166811 0.0341342 0.0565902 0.0760263 0.0828037 0.0732099 0.0527796 0.0315567 0.0167262 0.00977576 0.00869152 0.011041 0.0152893 0.0206441 0.026564 0.0324802 0.0377568 0.0417814 0.0440918 0.0444779 0.0430204 0.0400523 0.0360613 0.0315679 0.0270198 0.0227309 0.0188714 0.0154948 0.0125832 0.0100893
 1.04171e-16 2.04579e-05 0.000120036 0.000570523 0.00219642 0.00684922 0.0173008 0.0354017 0.0586893 0.0788398 0.0858504 0.075862 0.0546009 0.0324646 0.0168782 0.00935441 0.00777596 0.00960415 0.0132554 0.0179512 0.0232128 0.0285655 0.0334805 0.0374403 0.0400417 0.0410789 0.0405779 0.0387663 0.0359982 0.0326585 0.0290827 0.0255115 0.0220863 0.0188717 0.0158902 0.0131513
 1.05676e-16 1.43248e-05 8.40203e-05 0.000399281 0.00153706 0.00479301 0.0121072 0.0247758 0.0410798 0.0552029 0.0601609 0.0532786 0.0386022 0.0234651 0.0131417 0.00878444 0.00900681 0.0121032 0.0169815 0.023029 0.0297438 0.0365369 0.0427292 0.0476574 0.0508123 0.051947 0.0511189 0.0486477 0.0450129 0.040726 0.0362229 0.0318048 0.0276329 0.0237623 0.0201918 0.0169063
 1.09934e-16 6.55336e-06 3.83951e-05 0.000182373 0.000701914 0.00218863 0.00552874 0.0113159 0.0187701 0.0252465 0.0275756 0.0245672 0.0181181 0.0116504 0.00767394 0.00684077 0.00865207 0.0124439 0.0177768 0.0243386 0.0317528 0.0394909 0.0469032 0.0533259 0.058212 0.0612346 0.0623321 0.0616769 0.0595926 0.056448 0.0525726 0.0482132 0.0435366 0.0386601 0.0336894 0.0287425
pSPR Fmed_Fpbrs
0.536268   0.254687 0.254687
Fs Fmed_Fpbrs
0.352768   1.005 1.005
SSBpbr Bo_Bmed_Bpbrs
936824  455547  191756 191756
Ro
29143.9
SPR SPRFo_SPRFmed_SPRFpbrs
600641 322105 152976
log_Ro
10.1
likeval ReclasPelacesDesembMPH_pf_preclas_ppelaces_ptallas_desvR_qrecl_qpela
 110.449 93.4474 0.219317 0.000641591 325.785 214.813 80.2743 0 24.723 0 0 0 0 0 0
q_reclas_q_pelaces
1 1
M
0.7
N
 54297 17326.6 8604.15 4272.69 4214.73
 37924.1 24381.6 7035.48 3493.71 3446.32
 7776.21 16697.8 9518.21 2746.54 2709.28
 11671.4 2777.65 4290.27 2445.58 1401.8
 36648.7 5171.17 1098.02 1695.97 1520.89
 28450.2 17704.6 2430.23 516.025 1511.79
 77335.7 9757 4193.26 575.592 480.281
 63983.7 32015.9 3367.39 1447.2 364.408
 114766 23828.4 8941.72 940.478 505.964
 216455 43771.2 6979.97 2619.27 423.702
 44485.1 94285 16724.2 2666.93 1162.67
 17888.6 17465 29265.5 5191.09 1188.68
 68119 6915.99 5256.93 8808.85 1920.3
 18328.6 23324.5 1632.86 1241.16 2533.15
 28495.7 4765.27 3174.95 222.266 513.761
 13621.5 8615.74 877.243 584.479 135.496
 13820.8 5567.16 2898.14 295.084 242.183
 12325.8 5746.56 1938.15 1008.96 187.045
 9330.22 5340.26 2172.26 732.642 452.102
 29475.2 3994.75 1971.35 801.886 437.347
 37196.3 12625.4 1475.95 728.361 457.864
 37079.9 17368.4 5543.31 648.033 520.824
 43516 16967.5 7323.55 2337.39 492.86
 25694.2 19285.9 6711.28 2896.74 1119.47
 6156.28 10903.5 6993.75 2433.74 1456.42
pred_Ctot
 3760.34 2298.29 1141.3 566.751 559.062
 3113.17 3802.24 1097.16 544.835 537.444
 1599.71 6016.24 3429.43 989.584 976.159
 910.68 412.795 637.589 363.444 208.326
 717.502 200.047 42.4772 65.6088 58.8359
 6465.98 6944.87 953.294 202.418 593.022
 9348.62 2185.32 939.185 128.918 107.571
 11698 10411 1095.01 470.603 118.499
 19437.9 7242.93 2717.95 285.87 153.794
 19266.2 7368.59 1175.03 440.937 71.3274
 6790.24 26116.2 4632.47 738.717 322.05
 2890.29 5090.55 8530.05 1513.06 346.468
 15537.6 2721.17 2068.39 3465.94 755.564
 6515.37 13076.7 915.454 695.847 1420.19
 8246.13 2279.82 1518.97 106.337 245.795
 1753.17 2044.14 208.132 138.671 32.1473
 1633.8 1221.47 635.871 64.7435 53.1366
 1139.32 1002.43 338.09 176.002 32.6279
 932.631 1002.52 407.795 137.538 84.8725
 2938.11 747.983 369.119 150.146 81.8895
 1602.76 1059.31 123.837 61.1117 38.4161
 2103.87 1902.48 607.197 70.9834 57.0494
 3387.1 2515.73 1085.85 346.56 73.0753
 2712.13 3809.45 1325.64 572.179 221.124
 1043.42 3316.32 2127.16 740.227 442.973
F
 0.10064 0.201279 0.201279 0.201279 0.201279
 0.120312 0.240623 0.240623 0.240623 0.240623
 0.329463 0.658926 0.658926 0.658926 0.658926
 0.114047 0.228094 0.228094 0.228094 0.228094
 0.0275559 0.0551118 0.0551118 0.0551118 0.0551118
 0.370172 0.740343 0.740343 0.740343 0.740343
 0.181924 0.363849 0.363849 0.363849 0.363849
 0.287752 0.575504 0.575504 0.575504 0.575504
 0.263916 0.527831 0.527831 0.527831 0.527831
 0.131058 0.262116 0.262116 0.262116 0.262116
 0.234957 0.469915 0.469915 0.469915 0.469915
 0.250325 0.500651 0.500651 0.500651 0.500651
 0.371751 0.743502 0.743502 0.743502 0.743502
 0.647106 1.29421 1.29421 1.29421 1.29421
 0.496163 0.992326 0.992326 0.992326 0.992326
 0.194761 0.389523 0.389523 0.389523 0.389523
 0.177574 0.355148 0.355148 0.355148 0.355148
 0.136417 0.272835 0.272835 0.272835 0.272835
 0.148277 0.296555 0.296555 0.296555 0.296555
 0.147838 0.295677 0.295677 0.295677 0.295677
 0.0615593 0.123119 0.123119 0.123119 0.123119
 0.0817782 0.163556 0.163556 0.163556 0.163556
 0.113754 0.227508 0.227508 0.227508 0.227508
 0.157179 0.314359 0.314359 0.314359 0.314359
 0.264123 0.528247 0.528247 0.528247 0.528247
nmprior
 10 11 7 0
nm_flota  nm_reclas  nm_pelaces    nm_pelaL
inf 12.4761 5.54321 7.80753
cv_recla  cv_pelaces  cv_mph
0.950616 1.13749 0.821802
 ------------------------------------------------
Talla a la edad & desviación 
 7.2 14.2025 17.0495 18.207 18.6776
 1.08 2.13037 2.55742 2.73105 2.80164
