years
 1997 1998 1999 2000 2001 2002 2003 2004 2005 2006 2007 2008 2009 2010 2011 2012 2013 2014 2015 2016 2017 2018 2019 2020 2021
reclasobs
 0 0 0 370054 412103 1.49427e+06 250295 1.28982e+06 931140 785840 897777 1.04006e+06 184774 17550 25797 100020 73551 82996 120727 218422 84188 347160 605670 569463 516374
reclaspred
 803496 197897 584624 191208 223028 263583 705898 459125 600012 1.18243e+06 1.30645e+06 776030 430030 218653 135829 115460 124699 152405 120835 194334 420648 382614 488847 416662 279168
pelacesobs
 0 0 0 0 0 0 0 0 0 2.06254e+06 1.5e+06 0 1.87456e+06 323000 250000 174000 83755 137374 0 501740 490994 745055 786931 1.00524e+06 0
pelacespred
 341620 136882 156568 135381 132868 107014 405021 267801 330392 681646 667815 407294 233316 95793.9 56780.8 54985.9 61785.9 75366.9 62516.8 97696.1 228084 230427 222879 215677 136054
mphobs
 0 0 0 0 0 112323 0 153150 637223 0 255016 313432 73983 77613 109348 50772 0 0 0 0 0 0 0 0 0
mphpred
 682499 221190 388465 254976 145354 271037 352416 621727 390993 751262 1.36543e+06 859859 454531 278817 134111 101071 100698 125504 124488 110071 289161 386762 376678 393712 338782
desembarqueobs
 350755 77701 442110 56441 14545 235359 269955 359681 431902 328805 639364 411747 362871 311530 167758 66681 60226 58785 57116 71774 51957 67425 138520 160799 200461
desembarquepred
 350609 77655.3 441701 56389.9 14555.1 235086 269709 358717 431175 328515 638373 411474 362431 310706 167537 66705.9 60255.1 58814.3 57097.2 71680.2 51930.8 67382 138333 160512 200231
Reclutas
 3185.2 88718.9 1740.71 3084.86 42497.7 18526.5 92545.4 21607.5 121741 240617 33377.9 18192.2 62605.6 29531.3 16725.7 13829.1 11987.2 9633.06 5075.84 36548.9 37374.5 24797.1 39837.3 26182.3 300.632
log_desv_Rt
 -1.79373 1.53323 -2.39795 -1.82574 0.797205 -0.0330436 1.57545 0.120797 1.84965 2.53096 0.555648 -0.0512508 1.18461 0.433207 -0.135298 -0.325467 -0.468408 -0.687044 -1.32775 0.646407 0.668743 0.258481 0.73256 0.312839 -4.15411
SSB
 682499 221190 388465 254976 145354 271037 352416 621727 390993 751262 1.36543e+06 859859 454531 278817 134111 101071 100698 125504 124488 110071 289161 386762 376678 393712 338782
BT
 902334 401111 508040 314207 360055 393326 1.50819e+06 927861 1.39078e+06 2.19176e+06 1.84388e+06 1.15204e+06 921304 504482 278013 178337 195902 214836 172878 332945 595956 509170 561008 575956 422791
Ftot
 0.414732 0.377649 0.697697 0.283482 0.0637689 0.816389 0.367887 0.722855 0.678808 0.268793 0.462814 0.500375 0.781081 1.24427 1.1043 0.545594 0.46006 0.369404 0.448513 0.355289 0.120211 0.170796 0.272612 0.368375 0.664535
BD_Bspro_t
 0.9363 0.648224 0.654659 0.366226 0.357444 0.561297 0.494074 0.576569 0.435959 0.544103 0.647403 0.458384 0.32002 0.258078 0.16054 0.146901 0.191485 0.295261 0.346484 0.382415 0.633682 0.741758 0.70834 0.651529 0.527736
BD_Bspro
 1.72938 0.560473 0.98433 0.646082 0.368312 0.686778 0.892984 1.57539 0.990735 1.90362 3.45986 2.17879 1.15173 0.706494 0.339822 0.256103 0.255157 0.318013 0.31544 0.278909 0.732704 0.980013 0.954463 0.997625 0.858436
BD_Bo
 0.783382 0.253885 0.445886 0.292665 0.16684 0.3111 0.404508 0.713627 0.448787 0.862309 1.56726 0.986958 0.521717 0.320031 0.153934 0.116011 0.115582 0.144055 0.142889 0.126341 0.331903 0.44393 0.432357 0.451908 0.388858
BD_Brms
 3.82722 1.24036 2.17838 1.42982 0.815096 1.51988 1.97622 3.48643 2.19255 4.21282 7.65687 4.82179 2.54885 1.56351 0.752046 0.566771 0.564678 0.703781 0.698087 0.617241 1.62152 2.16882 2.11228 2.2078 1.89977
S_f
 0.5 1 1 1 1
 0.5 1 1 1 1
 0.5 1 1 1 1
 0.5 1 1 1 1
 0.5 1 1 1 1
 0.5 1 1 1 1
 0.5 1 1 1 1
 0.5 1 1 1 1
 0.5 1 1 1 1
 0.5 1 1 1 1
 0.5 1 1 1 1
 0.5 1 1 1 1
 0.5 1 1 1 1
 0.5 1 1 1 1
 0.5 1 1 1 1
 0.5 1 1 1 1
 0.5 1 1 1 1
 0.5 1 1 1 1
 0.5 1 1 1 1
 0.5 1 1 1 1
 0.5 1 1 1 1
 0.5 1 1 1 1
 0.5 1 1 1 1
 0.5 1 1 1 1
 0.5 1 1 1 1
Scru_reclas
 0.5 1 1 1 1
 0.5 1 1 1 1
 0.5 1 1 1 1
 0.5 1 1 1 1
 0.5 1 1 1 1
 0.5 1 1 1 1
 0.5 1 1 1 1
 0.5 1 1 1 1
 0.5 1 1 1 1
 0.5 1 1 1 1
 0.5 1 1 1 1
 0.5 1 1 1 1
 0.5 1 1 1 1
 0.5 1 1 1 1
 0.5 1 1 1 1
 0.5 1 1 1 1
 0.5 1 1 1 1
 0.5 1 1 1 1
 0.5 1 1 1 1
 0.5 1 1 1 1
 0.5 1 1 1 1
 0.5 1 1 1 1
 0.5 1 1 1 1
 0.5 1 1 1 1
 0.5 1 1 1 1
Scru_pelaces
 0.5 1 1 1 1
 0.5 1 1 1 1
 0.5 1 1 1 1
 0.5 1 1 1 1
 0.5 1 1 1 1
 0.5 1 1 1 1
 0.5 1 1 1 1
 0.5 1 1 1 1
 0.5 1 1 1 1
 0.5 1 1 1 1
 0.5 1 1 1 1
 0.5 1 1 1 1
 0.5 1 1 1 1
 0.5 1 1 1 1
 0.5 1 1 1 1
 0.5 1 1 1 1
 0.5 1 1 1 1
 0.5 1 1 1 1
 0.5 1 1 1 1
 0.5 1 1 1 1
 0.5 1 1 1 1
 0.5 1 1 1 1
 0.5 1 1 1 1
 0.5 1 1 1 1
 0.5 1 1 1 1
pf_obs 
 0.256992 0.487395 0.22802 0.0275931 0
 0.321318 0.546541 0.124235 0.00734118 0.000564706
 0.182869 0.594174 0.210203 0.0122559 0.00049798
 0.330522 0.361315 0.267642 0.0388342 0.00168674
 0.649043 0.306663 0.0425973 0.00169635 0
 0.582887 0.30429 0.105238 0.00758474 0
 0.465427 0.430635 0.0974691 0.00646863 0
 0.296916 0.608066 0.0921331 0.00288517 0
 0.311714 0.524322 0.152257 0.0117073 0
 0.15457 0.633149 0.183074 0.0267441 0.00246327
 0.131901 0.49318 0.331252 0.0422183 0.00144891
 0.196976 0.569456 0.194076 0.0375587 0.00193317
 0.518974 0.381816 0.0799577 0.0180837 0.00116848
 0.0928022 0.601141 0.25162 0.0475244 0.00691264
 0.122501 0.610282 0.24278 0.0234846 0.000952079
 0.383417 0.481906 0.127806 0.00687128 0
 0.0376549 0.599619 0.316969 0.0457579 0
 0.0361596 0.667082 0.258105 0.0386534 0
 0.158088 0.579412 0.248529 0.0139706 0
 0.0477256 0.309471 0.559284 0.082774 0.000745712
 0.0406174 0.521527 0.379366 0.0568643 0.0016247
 0.151134 0.462217 0.34131 0.0453401 0
 0.294876 0.26143 0.354403 0.0886775 0.000613685
 0.281977 0.475581 0.204845 0.0348837 0.00271318
 0 0 0 0 0
pf_pred 
 0.0713117 0.467515 0.232161 0.115288 0.113724
 0.846555 0.0226648 0.0658366 0.0326935 0.03225
 0.0247503 0.901992 0.0108207 0.0314318 0.0310054
 0.136564 0.0508379 0.751558 0.00901599 0.052024
 0.805493 0.049697 0.00852619 0.126046 0.0102372
 0.322377 0.605781 0.0183559 0.0031492 0.050337
 0.817819 0.100068 0.073407 0.00222432 0.00648133
 0.228813 0.701009 0.0385472 0.0282771 0.00335351
 0.798413 0.0855556 0.105473 0.00579976 0.0047591
 0.728442 0.246191 0.0107663 0.0132727 0.00132872
 0.130406 0.741623 0.116016 0.00507358 0.00688085
 0.163902 0.21375 0.530763 0.0830303 0.00855551
 0.618637 0.119112 0.0670451 0.16648 0.0287269
 0.415362 0.470179 0.0357491 0.0201223 0.0585876
 0.470013 0.359192 0.137357 0.0104437 0.0229942
 0.535986 0.331485 0.0898198 0.0343477 0.0083615
 0.479604 0.380281 0.100096 0.0271223 0.0128966
 0.427442 0.388395 0.134577 0.035423 0.0141622
 0.304256 0.43438 0.177297 0.0614324 0.0226349
 0.829975 0.0848931 0.0531513 0.0216942 0.0102866
 0.536083 0.424673 0.0195947 0.0122682 0.00738168
 0.341673 0.464186 0.177718 0.00820004 0.00822312
 0.493298 0.264216 0.170976 0.06546 0.00604924
 0.357136 0.435866 0.107938 0.0698473 0.029213
 0.00870724 0.548032 0.300534 0.074424 0.068303
pobs_RECLAS
 0 0 0 0 0
 0 0 0 0 0
 0 0 0 0 0
 0 0 0 0 0
 0.835266 0.146461 0.0176864 0.000547809 3.91292e-05
 0.385257 0.428462 0.181853 0.0044286 0
 0.867414 0.0963971 0.0333333 0.00285562 0
 0.441836 0.489002 0.0689373 0.000224442 0
 0.779404 0.147425 0.0564933 0.0165055 0.000172143
 0.814271 0.122319 0.05973 0.00367925 0
 0.40263 0.566651 0.0304383 0.000280538 0
 0.475488 0.404961 0.113038 0.00651328 0
 0.955842 0.0263864 0.0167828 0.000988607 0
 0.975058 0.0227948 0.00214734 0 0
 0.738997 0.206755 0.0527124 0.00153531 0
 0.850938 0.134255 0.0134407 0.00136685 0
 0.542534 0.407297 0.0501686 0 0
 0.764087 0.199537 0.0359546 0.000420521 0
 0.470689 0.182191 0.310203 0.0369168 0
 0.84361 0.089868 0.0606195 0.00523954 0.000663233
 0.607945 0.314616 0.071237 0.00620181 0
 0.523733 0.453247 0.0230204 0 0
 0.530135 0.295979 0.169645 0.0042399 0
 0.562478 0.366248 0.0663022 0.0049721 0
 0.250443 0.683176 0.0655157 0.000865301 0
ppred_RECLAS
 0.0724577 0.466938 0.231875 0.115146 0.113584
 0.848523 0.0223742 0.0649925 0.0322743 0.0318365
 0.0256016 0.901204 0.0108112 0.0314044 0.0309784
 0.137823 0.0507638 0.750462 0.00900285 0.0519481
 0.805802 0.0496183 0.00851268 0.125846 0.010221
 0.331926 0.597244 0.0180972 0.00310482 0.0496277
 0.820003 0.0988685 0.0725271 0.00219766 0.00640364
 0.235312 0.695102 0.0382224 0.0280389 0.00332525
 0.803731 0.0832983 0.10269 0.00564674 0.00463354
 0.730408 0.244408 0.0106883 0.0131766 0.0013191
 0.132671 0.739691 0.115714 0.00506036 0.00686293
 0.166938 0.212974 0.528835 0.0827288 0.00852444
 0.628195 0.116126 0.0653648 0.162307 0.028007
 0.435162 0.454256 0.0345384 0.0194408 0.0566035
 0.486893 0.347752 0.132983 0.0101111 0.0222618
 0.542125 0.327099 0.0886315 0.0338933 0.00825088
 0.484516 0.376692 0.0991515 0.0268663 0.0127749
 0.431069 0.385935 0.133725 0.0351986 0.0140725
 0.308298 0.431856 0.176266 0.0610755 0.0225034
 0.831954 0.0839051 0.0525327 0.0214417 0.0101669
 0.537057 0.423781 0.0195536 0.0122424 0.00736618
 0.342985 0.463261 0.177364 0.0081837 0.00820673
 0.495832 0.262895 0.170122 0.0651327 0.006019
 0.36053 0.433565 0.107368 0.0694786 0.0290588
 0.0089914 0.547875 0.300448 0.0744027 0.0682835
pobs_PELACES
 0 0 0 0 0
 0 0 0 0 0
 0 0 0 0 0
 0 0 0 0 0
 0 0 0 0 0
 0 0 0 0 0
 0 0 0 0 0
 0 0 0 0 0
 0 0 0 0 0
 0 0 0 0 0
 0.450072 0.473896 0.0757376 0.000293798 0
 0 0 0 0 0
 0.463077 0.371075 0.160297 0.00555027 0
 0.529543 0.364841 0.0842815 0.0213345 0
 0.631943 0.363953 0.00410389 0 0
 0.735681 0.248677 0.0153453 0.000297389 0
 0.695825 0.281241 0.0229344 0 0
 0.275771 0.60734 0.115278 0.00161068 0
 0 0 0 0 0
 0.896147 0.0623911 0.0374545 0.00400742 0
 0.803859 0.145111 0.0509908 3.86294e-05 0
 0.739449 0.233085 0.0266225 0.000797448 4.60066e-05
 0.878498 0.100942 0.0204185 0.000141795 0
 0.694673 0.275183 0.0284847 0.00165964 0
 0 0 0 0 0
ppred_PELACES
 0.0771935 0.464554 0.230691 0.114558 0.113004
 0.856359 0.0212167 0.0616302 0.0306047 0.0301895
 0.0286358 0.898398 0.0107775 0.0313066 0.0308819
 0.143476 0.050431 0.745542 0.00894382 0.0516075
 0.807443 0.0491989 0.00844073 0.124783 0.0101346
 0.362442 0.569964 0.0172706 0.002963 0.0473609
 0.828789 0.0940425 0.0689869 0.00209039 0.00609107
 0.257446 0.674982 0.0371161 0.0272273 0.003229
 0.820801 0.0760538 0.0937589 0.00515564 0.00423056
 0.739051 0.236572 0.0103457 0.0127541 0.00127681
 0.141707 0.731985 0.114509 0.00500764 0.00679143
 0.178738 0.209957 0.521345 0.081557 0.0084037
 0.657767 0.10689 0.0601659 0.149398 0.0257794
 0.486124 0.413271 0.0314222 0.0176868 0.0514964
 0.532397 0.316912 0.121189 0.00921438 0.0202876
 0.564372 0.311207 0.0843252 0.0322465 0.00785
 0.503488 0.362827 0.0955022 0.0258775 0.0123047
 0.446076 0.375755 0.130198 0.0342702 0.0137013
 0.3243 0.421866 0.172189 0.0596626 0.0219828
 0.839991 0.0798921 0.0500202 0.0204162 0.00968061
 0.541984 0.41927 0.0193454 0.0121121 0.00728778
 0.349363 0.458764 0.175642 0.00810425 0.00812706
 0.507077 0.257031 0.166327 0.06368 0.00588475
 0.374658 0.423986 0.104996 0.0679435 0.0284167
 0.0100229 0.547304 0.300135 0.0743252 0.0682124
pobs_pel_tallas
 0 0 0 0 0 0 0 0 0 0 0 0 0 0 0 0 0 0 0 0 0 0 0 0 0 0 0 0 0 0 0 0 0 0 0 0
 0 0 0 0 0 0 0 0 0 0 0 0 0 0 0 0 0 0 0 0 0 0 0 0 0 0 0 0 0 0 0 0 0 0 0 0
 0 0 0 0 0 0 0 0 0 0 0 0 0 0 0 0 0 0 0 0 0 0 0 0 0 0 0 0 0 0 0 0 0 0 0 0
 0 0 0 0 0 0 0 0 0 0 0 0 0 0 0 0 0 0 0 0 0 0 0 0 0 0 0 0 0 0 0 0 0 0 0 0
 0 0 0 0 0 0 0 0 0 0 0 0 0 0 0 0 0 0 0 0 0 0 0 0 0 0 0 0 0 0 0 0 0 0 0 0
 0 0 0 0 0 0 0 0 0 0 0 0 0 0 0 0 0 0 0 0 0 0 0 0 0 0 0 0 0 0 0 0 0 0 0 0
 0 0 0 0 0 0 0 0 0 0 0 0 0 0 0 0 0 0 0 0 0 0 0 0 0 0 0 0 0 0 0 0 0 0 0 0
 0 0 0 0 0 0 0 0 0 0 0 0 0 0 0 0 0 0 0 0 0 0 0 0 0 0 0 0 0 0 0 0 0 0 0 0
 0 0 0 0 0 0 0 0 0 0 0 0 0 0 0 0 0 0 0 0 0 0 0 0 0 0 0 0 0 0 0 0 0 0 0 0
 0 0 0 0 0 0 0 0 0 0 0 0 0 0 0 0 0 0 0 0 0 0 0 0 0 0 0 0 0 0 0 0 0 0 0 0
 0 0 0 0 0 0 0 0 1.78061e-05 0.00172719 0.00360574 0.0105946 0.0120993 0.0124554 0.0147524 0.0171206 0.0266825 0.0428682 0.0675386 0.121331 0.153587 0.119568 0.100827 0.0573624 0.0630603 0.0341343 0.0324427 0.0444173 0.0211091 0.0280891 0.0125444 0.00206551 0 0 0 0
 0 0 0 0 0 0 0 0 0 0 0 0 0 0 0 0 0 0 0 0 0 0 0 0 0 0 0 0 0 0 0 0 0 0 0 0
 0 0 0 0 0 0 0.0133647 0.0140871 0.0187388 0.0205184 0.03894 0.0496705 0.03968 0.0493445 0.0407372 0.0367815 0.0215668 0.0243155 0.0234873 0.0199281 0.019796 0.0243948 0.0301388 0.0376714 0.0412746 0.0863199 0.0771752 0.113111 0.0741005 0.0525337 0.0229764 0.00759418 0.00175318 0 0 0
 0 0 0 0 0 0 0 0 0 0 0.00219441 0.00772107 0.0458388 0.0604681 0.0671733 0.0775358 0.0609151 0.0617685 0.073594 0.0568108 0.0755445 0.0548602 0.0670107 0.0636378 0.0643287 0.046367 0.0373049 0.0286899 0.0247887 0.0153202 0.00654259 0.00121912 0.000365735 0 0 0
 0 0 0 0 0 0 0 0 0 0 0 0 0.000112435 0.00938835 0.0111873 0.0202946 0.0414886 0.0713402 0.111592 0.104902 0.108894 0.110636 0.117776 0.105296 0.107544 0.0401394 0.0192827 0.0124803 0.00416011 0.0028671 0.000618394 0 0 0 0 0
 0 0 0 0 0 0 0 0 0 0 0.00291406 0.0102884 0.027416 0.0768956 0.0749926 0.110853 0.0956884 0.0897413 0.0766577 0.0534642 0.0500743 0.0551293 0.0594112 0.0620874 0.0668451 0.0424026 0.0208742 0.0120726 0.0048766 0.00582813 0.00118941 0.000297354 0 0 0 0
 0 0.00264628 0.0354308 0.0461629 0.0458689 0.0383711 0.0214643 0.0164657 0.0346957 0.0420465 0.0363128 0.0245516 0.0311673 0.0291091 0.0169068 0.0133784 0.00837989 0.0085269 0.0148486 0.0160247 0.0276389 0.0546898 0.0760071 0.122758 0.109233 0.0665981 0.0333725 0.0166128 0.00676272 0.00308733 0.000882094 0 0 0 0 0
 0 0 0 0 0 0 0 0.000805153 0.000690131 0.00759144 0.0133425 0.0154129 0.00931677 0.000345066 0.00356568 0.00563607 0.00851162 0.0253048 0.0502646 0.0516448 0.0657925 0.0565908 0.0611916 0.0827007 0.0866115 0.110766 0.145733 0.0935128 0.0569358 0.0249597 0.0138026 0.00621118 0.00161031 0.00115022 0 0
 0 0 0 0 0 0 0 0 0 0 0 0 0 0 0 0 0 0 0 0 0 0 0 0 0 0 0 0 0 0 0 0 0 0 0 0
 0.00147267 0.00158595 0.00478618 0.00569244 0.00954404 0.0108468 0.00647125 0.017049 0.0510054 0.094081 0.124002 0.0959785 0.0687766 0.0820023 0.061753 0.0591476 0.0492212 0.0479892 0.0443925 0.0268479 0.0217502 0.0140895 0.0121071 0.0120363 0.00920419 0.00665534 0.0049561 0.00860946 0.00930331 0.0156896 0.0114698 0.00855282 0.00243557 0.00046729 0 2.83206e-05
 0 0 0 0 0.000772559 0.00158375 0.000888443 0.00281984 0.00712685 0.0440552 0.0773331 0.111326 0.0921469 0.0852325 0.0710754 0.0886704 0.0786465 0.0553345 0.0373146 0.0185414 0.00753245 0.00457741 0.012979 0.0271748 0.0457355 0.0583668 0.034881 0.0177882 0.00938659 0.00492506 0.0015258 0.00185414 0.000309023 5.79419e-05 3.86279e-05 0
 0 0.00173294 0.00326652 0 0.00397197 0.00683976 0.00946217 0.0152591 0.00757587 0.0136028 0.0228656 0.0392903 0.0559909 0.0764795 0.0681675 0.0726916 0.0566044 0.0477403 0.0527397 0.0444891 0.0609904 0.0582453 0.0661739 0.0445044 0.0529084 0.0360697 0.0280645 0.0235558 0.0158879 0.00826598 0.00280645 0.00217768 0.000904811 0.00058276 9.20147e-05 0
 0 0 0 0 0 0 0 0 0 0 0 0 0 0 0 0 0 0 0 0 0 0 0 0 0 0 0 0 0 0 0 0 0 0 0 0
 0 0 0 0 0 0 0 0 0 0 0 0 0 0 0 0 0 0 0 0 0 0 0 0 0 0 0 0 0 0 0 0 0 0 0 0
 0 0 0 0 0 0 0 0 0 0 0 0 0 0 0 0 0 0 0 0 0 0 0 0 0 0 0 0 0 0 0 0 0 0 0 0
ppred_pel_tallas
 1.12643e-16 3.39767e-06 1.98655e-05 9.42748e-05 0.000362701 0.0011308 0.00285681 0.00584918 0.0097101 0.0130841 0.0143536 0.0129356 0.00985978 0.00696771 0.00565696 0.00638726 0.00902819 0.0133385 0.0191293 0.0261783 0.0341102 0.0423599 0.0502304 0.0570174 0.0621531 0.0653165 0.066478 0.0658584 0.0638301 0.060796 0.0570931 0.052947 0.0484809 0.0437579 0.0388333 0.0337913
 1.03345e-16 3.73548e-05 0.000219265 0.00104233 0.00401312 0.0125146 0.0316107 0.0646783 0.107206 0.14396 0.156616 0.138049 0.0986075 0.0571199 0.0269227 0.0105035 0.00371506 0.0017115 0.00155597 0.00203248 0.00276768 0.00366555 0.00468932 0.00580339 0.00696367 0.0081183 0.00921003 0.0101785 0.0109634 0.011509 0.0117702 0.0117193 0.0113524 0.0106918 0.0097846 0.00869753
 1.02965e-16 1.29762e-06 7.49717e-06 3.53874e-05 0.000135823 0.000423187 0.00106994 0.00219628 0.0036672 0.00500539 0.00565891 0.00549588 0.00503406 0.00515628 0.00664503 0.00997636 0.0153927 0.02299 0.0326667 0.0439918 0.0561161 0.067808 0.0776347 0.0842505 0.0867111 0.0847065 0.07864 0.0695132 0.0586707 0.0474841 0.0370796 0.0281795 0.0210768 0.0157151 0.0118219 0.00904242
 1.13319e-16 6.2727e-06 3.67786e-05 0.000174757 0.000672706 0.00209763 0.00529845 0.0108421 0.0179751 0.02415 0.0263063 0.0232672 0.0167954 0.0100922 0.00546201 0.00342051 0.00340228 0.00475187 0.00714902 0.0105564 0.0150433 0.0206555 0.0273441 0.0349262 0.0430696 0.0512997 0.0590331 0.0656375 0.0705129 0.0731798 0.0733579 0.0710165 0.0663854 0.0599178 0.0522178 0.0439459
 1.04898e-16 3.52228e-05 0.000206746 0.000982812 0.00378394 0.0117999 0.0298055 0.0609849 0.101085 0.135743 0.147683 0.130191 0.0930296 0.0539591 0.0255651 0.0102053 0.0039813 0.00233259 0.00249094 0.00329995 0.0043857 0.00562636 0.00695287 0.00830301 0.00962065 0.0108611 0.0119919 0.0129873 0.0138201 0.0144544 0.0148448 0.014943 0.0147095 0.0141264 0.0132074 0.0120004
 1.02746e-16 1.58398e-05 9.29028e-05 0.000441483 0.0016995 0.00529955 0.0133868 0.027395 0.0454247 0.0610479 0.0665476 0.0589742 0.042814 0.0261931 0.014965 0.0104253 0.0110536 0.0149557 0.0208808 0.0280641 0.0358185 0.0433304 0.0496874 0.0540357 0.0557744 0.0547021 0.0510663 0.045491 0.038816 0.0318974 0.0254366 0.0198813 0.0154106 0.0119867 0.00943904 0.00754947
 1.01367e-16 3.61557e-05 0.000212218 0.00100882 0.00388405 0.0121121 0.030594 0.0625987 0.103761 0.13934 0.151607 0.133674 0.0955707 0.0555383 0.0265107 0.0109252 0.00479642 0.0034509 0.00403986 0.00534646 0.00693116 0.00858969 0.0101586 0.0114845 0.0124428 0.0129597 0.0130234 0.0126777 0.0120042 0.0110985 0.0100501 0.00893044 0.0077916 0.00667014 0.00559379 0.0045862
 1.01834e-16 1.12659e-05 6.60399e-05 0.000313751 0.00120767 0.00376575 0.00951269 0.0194691 0.0322906 0.043421 0.0473972 0.0421563 0.0309372 0.0195886 0.0123705 0.0103228 0.012482 0.0175824 0.0247367 0.033286 0.0424908 0.0514023 0.0589368 0.0640752 0.0660954 0.0647475 0.0603144 0.0535292 0.0453864 0.0369082 0.0289421 0.0220428 0.016451 0.0121503 0.00896315 0.00664686
 1.01731e-16 3.58067e-05 0.000210171 0.000999087 0.00384659 0.0119953 0.030299 0.0619949 0.10276 0.137994 0.150139 0.132373 0.0946231 0.0549538 0.0261691 0.0106782 0.00453061 0.00309825 0.003566 0.00474293 0.00621594 0.00781071 0.00939377 0.010835 0.0120192 0.0128629 0.0133252 0.0134061 0.0131369 0.0125663 0.0117494 0.0107408 0.00959423 0.0083633 0.00710301 0.00586795
 1.00722e-16 3.22483e-05 0.000189266 0.00089967 0.00346376 0.0108014 0.0272835 0.0558262 0.09254 0.124284 0.13526 0.119344 0.0855051 0.050052 0.0245713 0.0112976 0.00673395 0.00674682 0.00878305 0.0116779 0.0148845 0.0180028 0.020641 0.0224408 0.0231501 0.0226821 0.0211369 0.018772 0.0159358 0.0129856 0.0102171 0.00782227 0.0058833 0.00439222 0.00328518 0.00247626
 1.02354e-16 6.22169e-06 3.64202e-05 0.000172923 0.000665422 0.00207476 0.00524147 0.0107303 0.0178079 0.0239794 0.026263 0.0235668 0.0177447 0.0121212 0.00918125 0.00966292 0.0131995 0.0192116 0.0272253 0.036738 0.0470208 0.0570662 0.0656999 0.0718036 0.0745667 0.073677 0.069391 0.0624502 0.0538849 0.0447698 0.0360111 0.028221 0.0216937 0.0164611 0.0123878 0.00926604
 1.10664e-16 7.81617e-06 4.58269e-05 0.000217744 0.000838168 0.00261358 0.00660188 0.0135101 0.0224014 0.0301057 0.0328171 0.0290808 0.0211105 0.0129177 0.007401 0.00522553 0.00569173 0.00795019 0.0115113 0.0161675 0.0217773 0.0281331 0.0349266 0.0417704 0.0482459 0.0539515 0.058541 0.0617437 0.0633732 0.0633314 0.0616145 0.0583217 0.0536616 0.0479427 0.0415498 0.0348998
 1.07228e-16 2.86986e-05 0.000168438 0.000800679 0.00308266 0.00961299 0.0242816 0.0496831 0.0823542 0.110597 0.120343 0.106133 0.0759342 0.0442372 0.0213256 0.00915808 0.0046 0.00397228 0.00504068 0.00685825 0.00908292 0.0115456 0.0140967 0.0165847 0.0188744 0.0208651 0.0224981 0.0237479 0.0246052 0.0250587 0.0250862 0.0246583 0.023753 0.022373 0.0205602 0.0183985
 1.03595e-16 2.12266e-05 0.000124542 0.000591933 0.00227883 0.00710619 0.01795 0.0367305 0.0608939 0.0818062 0.0890934 0.0787579 0.0567508 0.0338732 0.017846 0.010256 0.00891891 0.0111982 0.0154243 0.0207318 0.0265344 0.0322291 0.0371569 0.0406997 0.0424157 0.0421435 0.0400376 0.0365179 0.0321552 0.0275323 0.023124 0.0192308 0.0159716 0.0133219 0.011175 0.0094005
 1.03089e-16 2.32407e-05 0.000136375 0.000648205 0.00249552 0.00778196 0.0196568 0.0402221 0.0666787 0.0895661 0.0975143 0.0861304 0.0619077 0.0366403 0.0187381 0.00988696 0.00764689 0.0091042 0.0124456 0.0167972 0.0216557 0.0265523 0.0309765 0.0344353 0.0365516 0.0371445 0.0362614 0.0341483 0.0311742 0.0277364 0.0241794 0.0207473 0.0175776 0.0147219 0.0121811 0.00993607
 1.02774e-16 2.46346e-05 0.000144559 0.000687115 0.00264534 0.00824917 0.0208369 0.0426366 0.0706805 0.094939 0.103357 0.0912745 0.0655689 0.0387341 0.0196732 0.0101589 0.00758866 0.00886007 0.012043 0.0162136 0.0208537 0.0254957 0.0296383 0.0328032 0.0346319 0.0349644 0.0338689 0.0316095 0.0285691 0.0251519 0.0217011 0.0184522 0.0155259 0.0129526 0.0107097 0.00875609
 1.02939e-16 2.1982e-05 0.000128981 0.000613044 0.00236013 0.00735973 0.0185904 0.0380404 0.0630637 0.0847158 0.0922482 0.0815136 0.0586645 0.0348718 0.0181111 0.0100031 0.00826468 0.0101557 0.0139579 0.0188138 0.0241857 0.029542 0.0342997 0.0379013 0.0399303 0.0402039 0.0388074 0.0360567 0.0324071 0.028339 0.0242604 0.0204512 0.0170542 0.0141035 0.0115677 0.0093915
 1.03789e-16 1.94791e-05 0.000114286 0.000543177 0.00209112 0.00652083 0.0164714 0.0337049 0.0558782 0.0750686 0.0817576 0.072278 0.0520924 0.0311153 0.016437 0.00952225 0.00837874 0.0106042 0.0146877 0.0198591 0.0256037 0.0313856 0.0366051 0.0406811 0.0431704 0.0438631 0.0428199 0.0403352 0.0368478 0.0328268 0.0286756 0.0246771 0.020986 0.0176561 0.0146826 0.0120397
 1.05659e-16 1.4171e-05 8.31183e-05 0.000394994 0.00152056 0.00474155 0.0119772 0.0245097 0.0406386 0.0546097 0.0595138 0.0527039 0.0381822 0.023203 0.0129832 0.00866278 0.00887045 0.0119211 0.0167385 0.0227235 0.0293884 0.0361601 0.0423747 0.0473799 0.0506683 0.0519843 0.0513657 0.0491053 0.0456538 0.0414981 0.0370588 0.0326332 0.0283907 0.0244027 0.0206889 0.0172551
 1.01891e-16 3.66435e-05 0.000215083 0.00102244 0.00393651 0.0122757 0.0310073 0.0634442 0.105162 0.14122 0.153648 0.135465 0.0968306 0.0562294 0.0267634 0.0108954 0.0045785 0.00307077 0.00348397 0.00459103 0.00596125 0.00741057 0.00880168 0.010008 0.010927 0.0114975 0.0117082 0.0115916 0.0112081 0.0106265 0.00990789 0.00909766 0.00822626 0.00731497 0.00638318 0.00545303
 1.01168e-16 2.36627e-05 0.000138844 0.000659921 0.0025406 0.00792251 0.020012 0.0409494 0.0678869 0.0911965 0.0993092 0.0877624 0.0631822 0.0375972 0.0195971 0.010929 0.00913336 0.0112504 0.0154079 0.0206456 0.026334 0.0318433 0.036493 0.0396501 0.0408676 0.0399932 0.0372061 0.0329655 0.0278927 0.0226252 0.0176904 0.0134322 0.00999744 0.00737225 0.00544173 0.00405055
 1.03301e-16 1.52655e-05 8.95402e-05 0.000425516 0.00163806 0.00510797 0.0129028 0.0264039 0.0437791 0.0588298 0.0641125 0.0567755 0.0411301 0.0249901 0.013974 0.0093065 0.00950498 0.012745 0.017854 0.0241687 0.0311421 0.0381337 0.0444076 0.049247 0.0521046 0.0527205 0.0511702 0.0478212 0.0432244 0.0379746 0.0325912 0.0274477 0.0227586 0.0186081 0.0149988 0.0118967
 1.04908e-16 2.21343e-05 0.000129885 0.00061736 0.00237678 0.00741169 0.0187215 0.0383079 0.0635043 0.085299 0.0928601 0.0819995 0.0588953 0.0347713 0.0176259 0.00905351 0.00672235 0.00785974 0.0107576 0.0146244 0.0190438 0.0236485 0.0280333 0.031792 0.0345914 0.0362337 0.0366845 0.0360552 0.0345522 0.0324134 0.0298548 0.0270431 0.0240949 0.0210923 0.0181046 0.0152021
 1.05291e-16 1.63668e-05 9.60095e-05 0.000456281 0.00175653 0.00547742 0.0138359 0.0283129 0.0469422 0.0630737 0.0687202 0.0608147 0.0439667 0.0265346 0.0145156 0.00918955 0.0089324 0.0117622 0.0164157 0.0222066 0.0286109 0.0350398 0.0408261 0.0453262 0.0480566 0.0487999 0.0476437 0.0449357 0.0411778 0.0368953 0.0325265 0.028363 0.0245448 0.0210965 0.0179816 0.0151502
 1.1018e-16 4.72399e-07 2.68317e-06 1.25693e-05 4.80828e-05 0.000149655 0.000378618 0.000779276 0.00130921 0.00181116 0.00211055 0.00219401 0.00229647 0.00280785 0.00411344 0.00651786 0.0102557 0.0154943 0.022279 0.0304484 0.0395767 0.0489833 0.057825 0.0652505 0.0705761 0.0734213 0.0737665 0.0719081 0.0683434 0.0636243 0.0582364 0.0525343 0.0467392 0.0409778 0.0353348 0.0298929
pSPR Fmed_Fpbrs
0.487069   0.254687 0.254687
Fs Fmed_Fpbrs
0.420541   1.005 1.005
SSBpbr Bo_Bmed_Bpbrs
871221  380784  178328 178328
Ro
19148.9
SPR SPRFo_SPRFmed_SPRFpbrs
394650 192222 100512
log_Ro
9.68
likeval ReclasPelacesDesembMPH_pf_preclas_ppelaces_ptallas_desvR_qrecl_qpela
 112.161 112.666 0.190819 0.00061291 372.37 221.425 78.6652 0 70.7166 0 0 0 0 0 0
q_reclas_q_pelaces
1 1
M
0.7
N
 3185.2 11384.4 5653.33 2807.36 2769.28
 88718.9 1285.5 3734.12 1854.31 1829.15
 1740.71 36475.8 437.578 1271.08 1253.83
 3084.86 609.843 9015.56 108.154 624.071
 42497.7 1329.45 228.085 3371.88 273.857
 18526.5 20441.5 619.401 106.266 1698.57
 92545.4 6116.6 4486.96 135.96 396.168
 21607.5 38235.2 2102.48 1542.32 182.911
 121741 7475.38 9215.63 506.751 415.824
 240617 43055.6 1882.89 2321.22 232.377
 33377.9 104460 16341.4 714.633 969.195
 18192.2 13150.8 32654.9 5108.4 526.373
 62605.6 7034.36 3959.47 9831.77 1696.52
 29531.3 21037.7 1599.56 900.352 2621.44
 16725.7 7872.05 3010.32 228.884 503.941
 13829.1 4781.7 1295.66 495.469 120.616
 11987.2 5227.75 1376.03 372.852 177.291
 9633.06 4729.44 1638.73 431.341 172.452
 5075.84 3976.88 1623.2 562.433 207.229
 36548.9 2014.23 1261.1 514.731 244.066
 37374.5 15195.6 701.136 438.979 264.131
 24797.1 17477 6691.22 308.738 309.607
 39837.3 11305.9 7316.17 2801.07 258.85
 26182.3 17261.9 4274.71 2766.2 1156.94
 300.632 10814.6 5930.59 1468.65 1347.86
pred_Ctot
 434.15 2846.26 1413.41 701.879 692.358
 11098.7 297.144 863.144 428.624 422.81
 376.129 13707.5 164.441 477.667 471.187
 295.595 110.039 1626.75 19.5152 112.606
 960.877 59.2838 10.1709 150.361 12.212
 4571.08 8589.54 260.273 44.6534 713.743
 11301.6 1382.86 1014.43 30.7384 89.567
 4812.15 14742.8 810.682 594.693 70.5272
 25693.7 2753.27 3394.22 186.642 153.153
 21930.7 7411.9 324.134 399.591 40.003
 5025.38 28579.5 4470.86 195.518 265.163
 2937.9 3831.41 9513.79 1488.3 153.355
 14886.2 2866.16 1613.3 4005.98 691.252
 10191.8 11536.9 877.184 493.746 1437.58
 5266.84 4025 1539.19 117.029 257.666
 2412.05 1491.75 404.208 154.572 37.6285
 1795.1 1423.34 374.648 101.515 48.2704
 1180.86 1072.99 371.785 97.86 39.1248
 742.853 1060.56 432.877 149.99 55.264
 4322.14 442.085 276.788 112.974 53.5679
 1573.4 1246.41 57.5102 36.0069 21.6651
 1466.92 1992.92 763.007 35.2057 35.3048
 3679.48 1970.77 1275.3 488.262 45.1209
 3201.29 3907.01 967.528 626.096 261.859
 62.2993 3921.1 2150.29 532.495 488.7
F
 0.207366 0.414732 0.414732 0.414732 0.414732
 0.188824 0.377649 0.377649 0.377649 0.377649
 0.348849 0.697697 0.697697 0.697697 0.697697
 0.141741 0.283482 0.283482 0.283482 0.283482
 0.0318844 0.0637689 0.0637689 0.0637689 0.0637689
 0.408195 0.816389 0.816389 0.816389 0.816389
 0.183943 0.367887 0.367887 0.367887 0.367887
 0.361427 0.722855 0.722855 0.722855 0.722855
 0.339404 0.678808 0.678808 0.678808 0.678808
 0.134396 0.268793 0.268793 0.268793 0.268793
 0.231407 0.462814 0.462814 0.462814 0.462814
 0.250188 0.500375 0.500375 0.500375 0.500375
 0.39054 0.781081 0.781081 0.781081 0.781081
 0.622133 1.24427 1.24427 1.24427 1.24427
 0.552149 1.1043 1.1043 1.1043 1.1043
 0.272797 0.545594 0.545594 0.545594 0.545594
 0.23003 0.46006 0.46006 0.46006 0.46006
 0.184702 0.369404 0.369404 0.369404 0.369404
 0.224256 0.448513 0.448513 0.448513 0.448513
 0.177645 0.355289 0.355289 0.355289 0.355289
 0.0601053 0.120211 0.120211 0.120211 0.120211
 0.0853981 0.170796 0.170796 0.170796 0.170796
 0.136306 0.272612 0.272612 0.272612 0.272612
 0.184187 0.368375 0.368375 0.368375 0.368375
 0.332267 0.664535 0.664535 0.664535 0.664535
nmprior
 10 11 7 0
nm_flota  nm_reclas  nm_pelaces    nm_pelaL
inf 12.3241 8.86895 13.7229
cv_recla  cv_pelaces  cv_mph
0.957957 1.24899 0.803223
 ------------------------------------------------
Talla a la edad & desviación 
 7.2 14.2025 17.0495 18.207 18.6776
 1.08 2.13037 2.55742 2.73105 2.80164
