    unsorted:	 3.443817766e-06 3.719081223e-06 -1.470356270e-05 0.0008999958121 0.006981078646 33.26239688 49.92514949 60.61402143 102.9014236 177.0581490 226.5009772 378.4907543 513.0276487 549.7463499 721.2898326 773.9814531 884.5422496 1001.311965 1150.114892 1149.105402 1399.329984 1330.799415 1567.909016 1809.174952 1963.972067 2233.302469 2371.553455 2831.089854 3073.375232 3279.691712 3437.249794 3751.848215 4228.872457 4692.276351 4792.219325 5323.779152 5382.221010 18385.36405 25386.27296 196480.9024 420574.1290 396574.9830 386020.1643 471647.2957 480859.9701 498041.4686 519361.6533 534373.9328 546249.1141 316759.1685 604424.8151 647626.4264 699236.9206 809372.7712 881834.3902 954003.7087 1141905.973 1181236.301 1436005.145 1670841.937 1916382.716 2112310.243 2340787.804 2613661.507 6211005.296
      sorted:	 -1.470356270e-05 3.443817766e-06 3.719081223e-06 0.0008999958121 0.006981078646 33.26239688 49.92514949 60.61402143 102.9014236 177.0581490 226.5009772 378.4907543 513.0276487 549.7463499 721.2898326 773.9814531 884.5422496 1001.311965 1149.105402 1150.114892 1330.799415 1399.329984 1567.909016 1809.174952 1963.972067 2233.302469 2371.553455 2831.089854 3073.375232 3279.691712 3437.249794 3751.848215 4228.872457 4692.276351 4792.219325 5323.779152 5382.221010 18385.36405 25386.27296 196480.9024 316759.1685 386020.1643 396574.9830 420574.1290 471647.2957 480859.9701 498041.4686 519361.6533 534373.9328 546249.1141 604424.8151 647626.4264 699236.9206 809372.7712 881834.3902 954003.7087 1141905.973 1181236.301 1436005.145 1670841.937 1916382.716 2112310.243 2340787.804 2613661.507 6211005.296
