    unsorted:	 -5.350370528e-05 0.0008999975766 0.003312877124 1.109428939 12.97189255 19.03243045 34.80871125 64.93734433 109.9756443 138.2197677 282.2367974 322.5210666 391.6700432 576.5506768 569.0006450 468.6578027 628.3016877 669.6345484 728.9344125 787.1489673 820.5572091 865.7557668 950.7931976 964.9762435 1003.665299 1037.809944 1095.471758 1168.699676 1253.139750 1287.600865 1395.851951 1582.506394 1568.438228 1825.796748 1994.182825 2128.570774 2460.659843 2778.405780 35438.30898 196182.5351 207411.0707 500090.6270 471789.8023 427535.4065 589014.1380 621832.9478 662762.0552 688475.7591 730835.7060 767360.2039 804703.2235 910737.9127 990880.4001 1150218.259 1213213.207 1327926.032 1506780.189 1637751.826 1747241.312 1858030.349 2034771.900 2224148.096 2400783.201 2500636.805 5601792.320
      sorted:	 -5.350370528e-05 0.0008999975766 0.003312877124 1.109428939 12.97189255 19.03243045 34.80871125 64.93734433 109.9756443 138.2197677 282.2367974 322.5210666 391.6700432 468.6578027 569.0006450 576.5506768 628.3016877 669.6345484 728.9344125 787.1489673 820.5572091 865.7557668 950.7931976 964.9762435 1003.665299 1037.809944 1095.471758 1168.699676 1253.139750 1287.600865 1395.851951 1568.438228 1582.506394 1825.796748 1994.182825 2128.570774 2460.659843 2778.405780 35438.30898 196182.5351 207411.0707 427535.4065 471789.8023 500090.6270 589014.1380 621832.9478 662762.0552 688475.7591 730835.7060 767360.2039 804703.2235 910737.9127 990880.4001 1150218.259 1213213.207 1327926.032 1506780.189 1637751.826 1747241.312 1858030.349 2034771.900 2224148.096 2400783.201 2500636.805 5601792.320
