years
 1997 1998 1999 2000 2001 2002 2003 2004 2005 2006 2007 2008 2009 2010 2011 2012 2013 2014 2015 2016 2017 2018 2019 2020 2021
reclasobs
 0 0 0 370054 412103 1.49427e+06 250295 1.28982e+06 931140 785840 897777 1.04006e+06 184774 17550 25797 100020 73551 82996 120727 218422 84188 347160 605670 569463 516374
reclaspred
 452804 134578 467589 335324 435923 510514 1.0766e+06 670668 683637 561686 426715 284723 173453 84428.9 63235.9 66835.5 85849.6 120117 128416 182760 260392 239681 419591 555063 643857
pelacesobs
 0 0 0 0 0 0 0 0 0 2.06254e+06 1.5e+06 0 1.87456e+06 323000 250000 174000 83755 137374 0 501740 490994 745055 786931 1.00524e+06 0
pelacespred
 1.86063e+06 518907 1.03853e+06 1.16181e+06 1.26915e+06 1.28201e+06 2.87696e+06 2.38003e+06 2.078e+06 1.75341e+06 1.20718e+06 826658 498787 207801 150728 168513 224250 315386 351632 481581 754882 688356 946384 1.45847e+06 1.78013e+06
mphobs
 0 0 0 0 0 112323 0 153150 637223 0 255016 313432 73983 77613 109348 50772 0 0 0 0 0 0 0 0 0
mphpred
 162323 114388 152284 211894 200228 280932 419511 472175 378491 347282 294552 203875 125908 66870.5 34903 31524.8 38821.5 54958.2 69449.6 80338.1 118255 137940 175390 252619 380662
desembarqueobs
 350755 77701 442110 56441 14545 235359 269955 359681 431902 328805 639364 411747 362871 311530 167758 66681 60226 58785 57116 71774 51957 67425 138520 160799 200461
desembarquepred
 350765 77704.6 442153 56442.6 14545.1 235391 269980 359715 431982 328875 639798 412119 363390 312169 167873 66699.9 60246.2 58789.6 57116 71777.9 51958.7 67423.5 138524 160805 200462
Reclutas
 86698.9 108164 70743.1 101037 164301 121336 179109 148675 158074 140981 69340.1 41456.5 42062.1 25103.9 20586.4 27315.2 23782.3 27214.3 31077.4 54195.8 68512.6 90704.6 145021 192153 95040.7
log_desv_Rt
 0.190196 0.411405 -0.0131895 0.343238 0.829458 0.526319 0.915747 0.729516 0.790821 0.676377 -0.033222 -0.547599 -0.533098 -1.04922 -1.24761 -0.964801 -1.1033 -0.968504 -0.835764 -0.279641 -0.0452271 0.235364 0.704631 0.986047 0.282061
SSB
 1.03568e+06 729834 971620 1.35196e+06 1.27752e+06 1.79244e+06 2.67661e+06 3.01263e+06 2.4149e+06 2.21577e+06 1.87934e+06 1.30079e+06 803334 426656 222693 201139 247694 350652 443111 512583 754505 880103 1.11904e+06 1.61179e+06 2.42875e+06
BT
 3.56715e+06 1.01157e+06 2.04023e+06 2.04209e+06 2.18882e+06 2.35829e+06 5.1452e+06 4.47086e+06 3.95865e+06 3.31305e+06 2.64138e+06 1.7876e+06 1.21041e+06 657925 404438 344983 435268 587949 648363 885806 1.34039e+06 1.2333e+06 1.71117e+06 2.62952e+06 3.17864e+06
Ftot
 0.279735 0.199664 0.265837 0.0484552 0.0107763 0.115636 0.0728261 0.150792 0.17997 0.160151 0.363818 0.342055 0.533792 0.919754 0.79356 0.307296 0.218811 0.145149 0.122028 0.123279 0.060867 0.07894 0.0926743 0.0882143 0.074787
BD_Bspro_t
 0.966391 0.840118 0.822781 0.748526 0.825803 0.898172 0.877071 0.877605 0.831697 0.789475 0.743155 0.599476 0.488141 0.374867 0.260203 0.284042 0.411928 0.583558 0.688624 0.761 0.836239 0.885418 0.890737 0.894633 0.896948
BD_Bspro
 0.701042 0.494019 0.657682 0.915129 0.864742 1.21329 1.81178 2.03923 1.63463 1.49984 1.27211 0.880494 0.543771 0.2888 0.150739 0.136149 0.167662 0.237353 0.299939 0.346964 0.510719 0.595735 0.757473 1.09101 1.644
BD_Bo
 0.608255 0.428632 0.570634 0.794006 0.750288 1.0527 1.57198 1.76932 1.41827 1.30133 1.10374 0.763956 0.471799 0.250575 0.130788 0.118129 0.145471 0.205938 0.26024 0.301041 0.443122 0.516886 0.657216 0.946609 1.42641
BD_Brms
 1.10592 0.779332 1.03752 1.44365 1.36416 1.914 2.85814 3.21695 2.57868 2.36605 2.0068 1.38901 0.857817 0.455592 0.237796 0.21478 0.264493 0.374433 0.473163 0.547347 0.805676 0.939793 1.19494 1.72111 2.59347
S_f
 0.209961 1 1 1 1
 0.209961 1 1 1 1
 0.209961 1 1 1 1
 0.209961 1 1 1 1
 0.209961 1 1 1 1
 0.209961 1 1 1 1
 0.209961 1 1 1 1
 0.209961 1 1 1 1
 0.209961 1 1 1 1
 0.209961 1 1 1 1
 0.209961 1 1 1 1
 0.209961 1 1 1 1
 0.209961 1 1 1 1
 0.209961 1 1 1 1
 0.209961 1 1 1 1
 0.209961 1 1 1 1
 0.209961 1 1 1 1
 0.209961 1 1 1 1
 0.209961 1 1 1 1
 0.209961 1 1 1 1
 0.209961 1 1 1 1
 0.209961 1 1 1 1
 0.209961 1 1 1 1
 0.209961 1 1 1 1
 0.209961 1 1 1 1
Scru_reclas
 1 1 1 1 1
 1 1 1 1 1
 1 1 1 1 1
 1 1 1 1 1
 1 1 1 1 1
 1 1 1 1 1
 1 1 1 1 1
 1 1 1 1 1
 1 1 1 1 1
 1 1 1 1 1
 1 1 1 1 1
 1 1 1 1 1
 1 1 1 1 1
 1 1 1 1 1
 1 1 1 1 1
 1 1 1 1 1
 1 1 1 1 1
 1 1 1 1 1
 1 1 1 1 1
 1 1 1 1 1
 1 1 1 1 1
 1 1 1 1 1
 1 1 1 1 1
 1 1 1 1 1
 1 1 1 1 1
Scru_pelaces
 0.944426 1 1 1 1
 0.944426 1 1 1 1
 0.944426 1 1 1 1
 0.944426 1 1 1 1
 0.944426 1 1 1 1
 0.944426 1 1 1 1
 0.944426 1 1 1 1
 0.944426 1 1 1 1
 0.944426 1 1 1 1
 0.944426 1 1 1 1
 0.944426 1 1 1 1
 0.944426 1 1 1 1
 0.944426 1 1 1 1
 0.944426 1 1 1 1
 0.944426 1 1 1 1
 0.944426 1 1 1 1
 0.944426 1 1 1 1
 0.944426 1 1 1 1
 0.944426 1 1 1 1
 0.944426 1 1 1 1
 0.944426 1 1 1 1
 0.944426 1 1 1 1
 0.944426 1 1 1 1
 0.944426 1 1 1 1
 0.944426 1 1 1 1
pf_obs 
 0.256992 0.487395 0.22802 0.0275931 0
 0.321318 0.546541 0.124235 0.00734118 0.000564706
 0.182869 0.594174 0.210203 0.0122559 0.00049798
 0.330522 0.361315 0.267642 0.0388342 0.00168674
 0.649043 0.306663 0.0425973 0.00169635 0
 0.582887 0.30429 0.105238 0.00758474 0
 0.465427 0.430635 0.0974691 0.00646863 0
 0.296916 0.608066 0.0921331 0.00288517 0
 0.311714 0.524322 0.152257 0.0117073 0
 0.15457 0.633149 0.183074 0.0267441 0.00246327
 0.131901 0.49318 0.331252 0.0422183 0.00144891
 0.196976 0.569456 0.194076 0.0375587 0.00193317
 0.518974 0.381816 0.0799577 0.0180837 0.00116848
 0.0928022 0.601141 0.25162 0.0475244 0.00691264
 0.122501 0.610282 0.24278 0.0234846 0.000952079
 0.383417 0.481906 0.127806 0.00687128 0
 0.0376549 0.599619 0.316969 0.0457579 0
 0.0361596 0.667082 0.258105 0.0386534 0
 0.158088 0.579412 0.248529 0.0139706 0
 0.0477256 0.309471 0.559284 0.082774 0.000745712
 0.0406174 0.521527 0.379366 0.0568643 0.0016247
 0.151134 0.462217 0.34131 0.0453401 0
 0.294876 0.26143 0.354403 0.0886775 0.000613685
 0.281977 0.475581 0.204845 0.0348837 0.00271318
 0 0 0 0 0
pf_pred 
 0.395171 0.427145 0.158932 0.018743 9.29729e-06
 0.318198 0.531319 0.106275 0.0395427 0.00466562
 0.182735 0.579065 0.185625 0.0371289 0.0154449
 0.261599 0.402852 0.23775 0.0762133 0.0215855
 0.306156 0.439122 0.138969 0.0820152 0.0337371
 0.181009 0.555784 0.16658 0.0527176 0.0439103
 0.256361 0.390912 0.239368 0.0717432 0.0416161
 0.191001 0.508905 0.157751 0.0965961 0.0457458
 0.212264 0.43013 0.224954 0.0697316 0.0629202
 0.194002 0.468911 0.184061 0.096262 0.0567641
 0.118233 0.486615 0.229891 0.0902385 0.0750234
 0.116246 0.379766 0.278133 0.131398 0.0944581
 0.188398 0.34293 0.201397 0.147499 0.119776
 0.180883 0.479823 0.143363 0.0841949 0.111735
 0.251331 0.463864 0.166833 0.0498471 0.0681246
 0.339464 0.461773 0.123151 0.0442925 0.0313202
 0.237867 0.562251 0.139735 0.037266 0.0228807
 0.248564 0.466804 0.209982 0.0521863 0.0224628
 0.245568 0.473023 0.174815 0.0786372 0.0279557
 0.328844 0.416631 0.159585 0.058978 0.0359615
 0.284979 0.508687 0.128085 0.0490614 0.0291873
 0.278065 0.477224 0.174095 0.0438363 0.0267801
 0.317381 0.447223 0.155605 0.0567659 0.0230254
 0.291219 0.494488 0.140396 0.0488487 0.0250487
 0.127851 0.584794 0.200476 0.0569193 0.0299596
pobs_RECLAS
 0 0 0 0 0
 0 0 0 0 0
 0 0 0 0 0
 0 0 0 0 0
 0.835266 0.146461 0.0176864 0.000547809 3.91292e-05
 0.385257 0.428462 0.181853 0.0044286 0
 0.867414 0.0963971 0.0333333 0.00285562 0
 0.441836 0.489002 0.0689373 0.000224442 0
 0.779404 0.147425 0.0564933 0.0165055 0.000172143
 0.814271 0.122319 0.05973 0.00367925 0
 0.40263 0.566651 0.0304383 0.000280538 0
 0.475488 0.404961 0.113038 0.00651328 0
 0.955842 0.0263864 0.0167828 0.000988607 0
 0.975058 0.0227948 0.00214734 0 0
 0.738997 0.206755 0.0527124 0.00153531 0
 0.850938 0.134255 0.0134407 0.00136685 0
 0.542534 0.407297 0.0501686 0 0
 0.764087 0.199537 0.0359546 0.000420521 0
 0.470689 0.182191 0.310203 0.0369168 0
 0.84361 0.089868 0.0606195 0.00523954 0.000663233
 0.607945 0.314616 0.071237 0.00620181 0
 0.523733 0.453247 0.0230204 0 0
 0.530135 0.295979 0.169645 0.0042399 0
 0.562478 0.366248 0.0663022 0.0049721 0
 0.250443 0.683176 0.0655157 0.000865301 0
ppred_RECLAS
 0.759696 0.169709 0.0631452 0.00744678 3.6939e-06
 0.69199 0.240028 0.0480106 0.0178638 0.00210774
 0.519438 0.340498 0.10915 0.0218323 0.00908182
 0.628425 0.202721 0.11964 0.0383518 0.0108622
 0.677691 0.203984 0.064555 0.0380983 0.0156718
 0.514273 0.329624 0.0987948 0.0312657 0.0260422
 0.622319 0.198537 0.121571 0.0364372 0.0211361
 0.531232 0.294881 0.0914078 0.0559719 0.0265071
 0.564386 0.23786 0.124399 0.0385613 0.0347945
 0.536171 0.269845 0.105922 0.0553961 0.0326662
 0.394911 0.333926 0.157756 0.0619237 0.0514828
 0.389956 0.262147 0.191991 0.0907021 0.0652032
 0.533871 0.196955 0.115669 0.0847134 0.068791
 0.531076 0.274687 0.0820719 0.0481995 0.0639657
 0.629363 0.229641 0.0825927 0.0246774 0.0337258
 0.71358 0.200233 0.0534002 0.019206 0.013581
 0.600675 0.294595 0.0732149 0.0195258 0.0119885
 0.613489 0.240107 0.108007 0.0268427 0.0115541
 0.609354 0.244932 0.0905196 0.0407184 0.0144755
 0.70133 0.185404 0.0710167 0.0262457 0.0160032
 0.655626 0.244998 0.0616893 0.0236293 0.0140574
 0.648078 0.232632 0.084866 0.0213689 0.0130545
 0.689883 0.203176 0.0706922 0.0257891 0.0104606
 0.662777 0.235267 0.0667972 0.0232412 0.0119176
 0.41202 0.394253 0.135156 0.0383736 0.020198
pobs_PELACES
 0 0 0 0 0
 0 0 0 0 0
 0 0 0 0 0
 0 0 0 0 0
 0 0 0 0 0
 0 0 0 0 0
 0 0 0 0 0
 0 0 0 0 0
 0 0 0 0 0
 0 0 0 0 0
 0.450072 0.473896 0.0757376 0.000293798 0
 0 0 0 0 0
 0.463077 0.371075 0.160297 0.00555027 0
 0.529543 0.364841 0.0842815 0.0213345 0
 0.631943 0.363953 0.00410389 0 0
 0.735681 0.248677 0.0153453 0.000297389 0
 0.695825 0.281241 0.0229344 0 0
 0.275771 0.60734 0.115278 0.00161068 0
 0 0 0 0 0
 0.896147 0.0623911 0.0374545 0.00400742 0
 0.803859 0.145111 0.0509908 3.86294e-05 0
 0.739449 0.233085 0.0266225 0.000797448 4.60066e-05
 0.878498 0.100942 0.0204185 0.000141795 0
 0.694673 0.275183 0.0284847 0.00165964 0
 0 0 0 0 0
ppred_PELACES
 0.76256 0.167686 0.0623926 0.00735803 3.64987e-06
 0.690896 0.24088 0.0481809 0.0179272 0.00211522
 0.522465 0.338353 0.108463 0.0216947 0.00902462
 0.617965 0.208428 0.123008 0.0394314 0.0111679
 0.665703 0.211571 0.0669561 0.0395153 0.0162547
 0.507519 0.334208 0.100169 0.0317004 0.0264044
 0.613301 0.203278 0.124473 0.0373071 0.0216408
 0.526781 0.297681 0.0922758 0.0565034 0.0267588
 0.561862 0.239238 0.125119 0.0387846 0.0349961
 0.532333 0.272078 0.106798 0.0558544 0.0329365
 0.403948 0.328939 0.1554 0.0609989 0.0507139
 0.397595 0.258865 0.189587 0.0895664 0.0643867
 0.554206 0.188363 0.110623 0.0810177 0.06579
 0.576172 0.24827 0.0741792 0.0435642 0.0578142
 0.66356 0.208453 0.0749723 0.0224005 0.0306141
 0.718245 0.196971 0.0525305 0.0188931 0.0133598
 0.600644 0.294619 0.0732207 0.0195273 0.0119895
 0.608894 0.242961 0.109291 0.0271618 0.0116914
 0.6033 0.248728 0.0919225 0.0413495 0.0146998
 0.696059 0.188676 0.07227 0.0267088 0.0162856
 0.64624 0.251675 0.0633707 0.0242733 0.0144405
 0.639687 0.238179 0.0868896 0.0218784 0.0133658
 0.682775 0.207832 0.0723124 0.0263801 0.0107003
 0.655096 0.240626 0.0683187 0.0237706 0.0121891
 0.402922 0.400353 0.137247 0.0389673 0.0205105
pobs_pel_tallas
 0 0 0 0 0 0 0 0 0 0 0 0 0 0 0 0 0 0 0 0 0 0 0 0 0 0 0 0 0 0 0 0 0 0 0 0
 0 0 0 0 0 0 0 0 0 0 0 0 0 0 0 0 0 0 0 0 0 0 0 0 0 0 0 0 0 0 0 0 0 0 0 0
 0 0 0 0 0 0 0 0 0 0 0 0 0 0 0 0 0 0 0 0 0 0 0 0 0 0 0 0 0 0 0 0 0 0 0 0
 0 0 0 0 0 0 0 0 0 0 0 0 0 0 0 0 0 0 0 0 0 0 0 0 0 0 0 0 0 0 0 0 0 0 0 0
 0 0 0 0 0 0 0 0 0 0 0 0 0 0 0 0 0 0 0 0 0 0 0 0 0 0 0 0 0 0 0 0 0 0 0 0
 0 0 0 0 0 0 0 0 0 0 0 0 0 0 0 0 0 0 0 0 0 0 0 0 0 0 0 0 0 0 0 0 0 0 0 0
 0 0 0 0 0 0 0 0 0 0 0 0 0 0 0 0 0 0 0 0 0 0 0 0 0 0 0 0 0 0 0 0 0 0 0 0
 0 0 0 0 0 0 0 0 0 0 0 0 0 0 0 0 0 0 0 0 0 0 0 0 0 0 0 0 0 0 0 0 0 0 0 0
 0 0 0 0 0 0 0 0 0 0 0 0 0 0 0 0 0 0 0 0 0 0 0 0 0 0 0 0 0 0 0 0 0 0 0 0
 0 0 0 0 0 0 0 0 0 0 0 0 0 0 0 0 0 0 0 0 0 0 0 0 0 0 0 0 0 0 0 0 0 0 0 0
 0 0 0 0 0 0 0 0 1.78061e-05 0.00172719 0.00360574 0.0105946 0.0120993 0.0124554 0.0147524 0.0171206 0.0266825 0.0428682 0.0675386 0.121331 0.153587 0.119568 0.100827 0.0573624 0.0630603 0.0341343 0.0324427 0.0444173 0.0211091 0.0280891 0.0125444 0.00206551 0 0 0 0
 0 0 0 0 0 0 0 0 0 0 0 0 0 0 0 0 0 0 0 0 0 0 0 0 0 0 0 0 0 0 0 0 0 0 0 0
 0 0 0 0 0 0 0.0133647 0.0140871 0.0187388 0.0205184 0.03894 0.0496705 0.03968 0.0493445 0.0407372 0.0367815 0.0215668 0.0243155 0.0234873 0.0199281 0.019796 0.0243948 0.0301388 0.0376714 0.0412746 0.0863199 0.0771752 0.113111 0.0741005 0.0525337 0.0229764 0.00759418 0.00175318 0 0 0
 0 0 0 0 0 0 0 0 0 0 0.00219441 0.00772107 0.0458388 0.0604681 0.0671733 0.0775358 0.0609151 0.0617685 0.073594 0.0568108 0.0755445 0.0548602 0.0670107 0.0636378 0.0643287 0.046367 0.0373049 0.0286899 0.0247887 0.0153202 0.00654259 0.00121912 0.000365735 0 0 0
 0 0 0 0 0 0 0 0 0 0 0 0 0.000112435 0.00938835 0.0111873 0.0202946 0.0414886 0.0713402 0.111592 0.104902 0.108894 0.110636 0.117776 0.105296 0.107544 0.0401394 0.0192827 0.0124803 0.00416011 0.0028671 0.000618394 0 0 0 0 0
 0 0 0 0 0 0 0 0 0 0 0.00291406 0.0102884 0.027416 0.0768956 0.0749926 0.110853 0.0956884 0.0897413 0.0766577 0.0534642 0.0500743 0.0551293 0.0594112 0.0620874 0.0668451 0.0424026 0.0208742 0.0120726 0.0048766 0.00582813 0.00118941 0.000297354 0 0 0 0
 0 0.00264628 0.0354308 0.0461629 0.0458689 0.0383711 0.0214643 0.0164657 0.0346957 0.0420465 0.0363128 0.0245516 0.0311673 0.0291091 0.0169068 0.0133784 0.00837989 0.0085269 0.0148486 0.0160247 0.0276389 0.0546898 0.0760071 0.122758 0.109233 0.0665981 0.0333725 0.0166128 0.00676272 0.00308733 0.000882094 0 0 0 0 0
 0 0 0 0 0 0 0 0.000805153 0.000690131 0.00759144 0.0133425 0.0154129 0.00931677 0.000345066 0.00356568 0.00563607 0.00851162 0.0253048 0.0502646 0.0516448 0.0657925 0.0565908 0.0611916 0.0827007 0.0866115 0.110766 0.145733 0.0935128 0.0569358 0.0249597 0.0138026 0.00621118 0.00161031 0.00115022 0 0
 0 0 0 0 0 0 0 0 0 0 0 0 0 0 0 0 0 0 0 0 0 0 0 0 0 0 0 0 0 0 0 0 0 0 0 0
 0.00147267 0.00158595 0.00478618 0.00569244 0.00954404 0.0108468 0.00647125 0.017049 0.0510054 0.094081 0.124002 0.0959785 0.0687766 0.0820023 0.061753 0.0591476 0.0492212 0.0479892 0.0443925 0.0268479 0.0217502 0.0140895 0.0121071 0.0120363 0.00920419 0.00665534 0.0049561 0.00860946 0.00930331 0.0156896 0.0114698 0.00855282 0.00243557 0.00046729 0 2.83206e-05
 0 0 0 0 0.000772559 0.00158375 0.000888443 0.00281984 0.00712685 0.0440552 0.0773331 0.111326 0.0921469 0.0852325 0.0710754 0.0886704 0.0786465 0.0553345 0.0373146 0.0185414 0.00753245 0.00457741 0.012979 0.0271748 0.0457355 0.0583668 0.034881 0.0177882 0.00938659 0.00492506 0.0015258 0.00185414 0.000309023 5.79419e-05 3.86279e-05 0
 0 0.00173294 0.00326652 0 0.00397197 0.00683976 0.00946217 0.0152591 0.00757587 0.0136028 0.0228656 0.0392903 0.0559909 0.0764795 0.0681675 0.0726916 0.0566044 0.0477403 0.0527397 0.0444891 0.0609904 0.0582453 0.0661739 0.0445044 0.0529084 0.0360697 0.0280645 0.0235558 0.0158879 0.00826598 0.00280645 0.00217768 0.000904811 0.00058276 9.20147e-05 0
 0 0 0 0 0 0 0 0 0 0 0 0 0 0 0 0 0 0 0 0 0 0 0 0 0 0 0 0 0 0 0 0 0 0 0 0
 0 0 0 0 0 0 0 0 0 0 0 0 0 0 0 0 0 0 0 0 0 0 0 0 0 0 0 0 0 0 0 0 0 0 0 0
 0 0 0 0 0 0 0 0 0 0 0 0 0 0 0 0 0 0 0 0 0 0 0 0 0 0 0 0 0 0 0 0 0 0 0 0
ppred_pel_tallas
 1.01194e-16 3.32708e-05 0.000195274 0.000928249 0.00357381 0.0111446 0.0281504 0.0575994 0.0954772 0.128223 0.13953 0.123071 0.0880896 0.0513918 0.0249081 0.0109163 0.00578296 0.00523082 0.00663722 0.00884597 0.0113754 0.0139251 0.016214 0.0179785 0.0190188 0.0192404 0.0186713 0.0174463 0.0157668 0.01385 0.0118856 0.0100095 0.0082994 0.00678555 0.00546858 0.00433591
 1.01478e-16 3.01488e-05 0.000176939 0.000841067 0.00323812 0.0100977 0.0255062 0.0521896 0.0865126 0.116191 0.126459 0.111592 0.079982 0.0468814 0.0231321 0.0108362 0.00673907 0.00698989 0.00921135 0.0123164 0.0157853 0.0192243 0.0222379 0.0244564 0.0256086 0.0255824 0.0244478 0.0224302 0.019848 0.0170344 0.0142709 0.0117477 0.00955826 0.00771768 0.00619329 0.00493381
 1.02818e-16 2.28085e-05 0.000133836 0.000636127 0.00244901 0.00763692 0.0192905 0.0394727 0.0654371 0.0879007 0.0957074 0.0845492 0.0608033 0.0360512 0.0185553 0.00998121 0.00794451 0.00959199 0.0131419 0.0177225 0.0228119 0.0279111 0.0324748 0.0359794 0.038029 0.0384418 0.0372835 0.0348338 0.0315038 0.027732 0.0238949 0.0202562 0.0169583 0.0140466 0.011508 0.00930647
 1.03691e-16 2.69675e-05 0.000158265 0.000752292 0.00289632 0.00903186 0.0228138 0.0466807 0.0773808 0.103927 0.113112 0.0998172 0.071549 0.0419523 0.0207286 0.00976538 0.00616257 0.00649284 0.00865284 0.0116989 0.0151979 0.0188269 0.0222523 0.0251456 0.0272416 0.028389 0.0285726 0.0278974 0.0265461 0.0247249 0.0226182 0.0203649 0.0180565 0.0157513 0.0134926 0.011322
 1.03137e-16 2.9049e-05 0.000170485 0.00081039 0.00312001 0.00972944 0.0245759 0.050286 0.0833565 0.111951 0.12184 0.107507 0.0770353 0.0451159 0.0221911 0.0102815 0.0062483 0.00638355 0.00840694 0.011292 0.0145697 0.0179002 0.0209432 0.0233749 0.0249486 0.0255455 0.0251954 0.0240547 0.0223559 0.0203452 0.0182293 0.016148 0.0141721 0.0123217 0.0105916 0.0089731
 1.03854e-16 2.21565e-05 0.000130009 0.000617935 0.00237897 0.00741849 0.0187388 0.0383438 0.0635659 0.0853877 0.0929727 0.082137 0.0590766 0.0350436 0.0180666 0.00976707 0.00783242 0.00949474 0.013026 0.0175807 0.0226514 0.0277509 0.0323463 0.0359253 0.0381008 0.0386944 0.0377688 0.0355933 0.032562 0.0290915 0.0255346 0.0221316 0.0190057 0.0161887 0.0136618 0.0113918
 1.04127e-16 2.67639e-05 0.00015707 0.000746613 0.00287446 0.00896368 0.0226416 0.0463283 0.0767966 0.103142 0.112257 0.0990611 0.0710035 0.0416255 0.0205545 0.00966268 0.00607138 0.00637944 0.00850109 0.0115035 0.0149624 0.0185645 0.0219865 0.0249089 0.0270721 0.0283254 0.0286484 0.0281356 0.0269557 0.0252997 0.023338 0.0211982 0.018965 0.016694 0.0144297 0.0122184
 1.04599e-16 2.29949e-05 0.000134934 0.000641359 0.00246917 0.00769979 0.0194493 0.0397972 0.0659739 0.0886179 0.0964783 0.0852064 0.0612242 0.0361968 0.0184397 0.00961433 0.00730032 0.00861152 0.0117561 0.0158801 0.0205059 0.0251991 0.0294895 0.0329239 0.0351561 0.03602 0.0355575 0.0339885 0.0316389 0.0288525 0.0259173 0.0230263 0.0202759 0.0176913 0.0152635 0.0129794
 1.04822e-16 2.45224e-05 0.000143907 0.000684027 0.00263347 0.00821217 0.0207434 0.0424448 0.0703606 0.0945034 0.102868 0.0908067 0.0651552 0.0383343 0.0191852 0.009448 0.00651087 0.00727679 0.00983936 0.0133263 0.0173053 0.021422 0.0252992 0.0285657 0.030925 0.0322131 0.0324227 0.031683 0.0302088 0.0282369 0.0259727 0.0235633 0.0210975 0.0186239 0.0161748 0.0137853
 1.05063e-16 2.3236e-05 0.000136352 0.000648104 0.00249515 0.00778081 0.0196539 0.0402157 0.0666668 0.0895463 0.0974827 0.0860784 0.0618179 0.0364822 0.0184644 0.009433 0.00693216 0.00804035 0.010951 0.0148181 0.0191902 0.0236713 0.0278339 0.0312619 0.0336309 0.0347744 0.0347091 0.0336101 0.0317477 0.0294112 0.0268446 0.0242143 0.0216085 0.0190608 0.0165817 0.0141829
 1.06779e-16 1.76402e-05 0.000103494 0.000491883 0.00189364 0.00590501 0.0149158 0.0305218 0.0506009 0.0679787 0.0740353 0.0654496 0.047168 0.0281686 0.0148728 0.00860961 0.00758087 0.00962253 0.0133849 0.0181971 0.0236265 0.0292241 0.0344798 0.0388882 0.0420481 0.0437426 0.0439713 0.0429212 0.0408951 0.0382215 0.0351817 0.0319714 0.0287022 0.0254282 0.0221813 0.0189985
 1.08862e-16 1.73604e-05 0.000101858 0.000484117 0.00186376 0.00581185 0.0146805 0.0300397 0.0497999 0.0668974 0.0728441 0.0643641 0.0463155 0.0275195 0.0142764 0.0078725 0.00651969 0.00808178 0.0112462 0.0153988 0.0201928 0.0252917 0.0303073 0.0348397 0.0385488 0.0412141 0.0427604 0.0432412 0.0427919 0.0415733 0.0397273 0.0373592 0.0345461 0.0313581 0.0278818 0.0242314
 1.0749e-16 2.41863e-05 0.000141939 0.000674683 0.00259752 0.00810006 0.0204602 0.0418648 0.0693978 0.0932063 0.101445 0.0895259 0.0641815 0.0376516 0.0186409 0.00884796 0.00568067 0.00607684 0.00816489 0.0111163 0.0145623 0.0182336 0.0218487 0.0251249 0.0278264 0.0298051 0.0310178 0.0315109 0.0313835 0.0307447 0.029681 0.0282452 0.0264654 0.0243656 0.0219868 0.0193987
 1.05333e-16 2.51465e-05 0.000147571 0.000701445 0.00270053 0.00842131 0.0212717 0.0435256 0.0721523 0.0969097 0.105487 0.0931171 0.0668099 0.0393012 0.0196556 0.00965454 0.00661484 0.00735395 0.00990827 0.0133733 0.0172958 0.0213057 0.0250147 0.0280505 0.0301279 0.0311088 0.0310235 0.0300449 0.0284285 0.0264397 0.0242943 0.0221284 0.0200005 0.0179165 0.0158616 0.013828
 1.03333e-16 2.89555e-05 0.000169936 0.000807781 0.00310997 0.00969812 0.0244967 0.0501241 0.083088 0.11159 0.121447 0.10716 0.0767839 0.0449645 0.0221088 0.0102306 0.00620094 0.00632406 0.00832817 0.0111924 0.0144526 0.0177742 0.0208219 0.0232759 0.024891 0.0255469 0.0252686 0.0242055 0.0225822 0.0206375 0.018573 0.0165256 0.0145661 0.0127164 0.0109743 0.00933411
 1.02084e-16 3.13396e-05 0.000183934 0.00087433 0.0033662 0.0104972 0.0265151 0.0542536 0.0899324 0.12078 0.13144 0.115958 0.083047 0.0485483 0.023714 0.0107069 0.00612233 0.00594388 0.00770305 0.0102963 0.013237 0.0161924 0.01884 0.0208772 0.0220781 0.0223416 0.0217103 0.0203494 0.0184979 0.0164074 0.01429 0.0122891 0.0104765 0.00886746 0.00744594 0.00618606
 1.02367e-16 2.62156e-05 0.000153843 0.000731252 0.00281528 0.00877913 0.0221756 0.0453754 0.0752196 0.101032 0.109981 0.0971022 0.069707 0.0410813 0.0206851 0.0103868 0.00739789 0.00840195 0.0113398 0.0152383 0.0195747 0.0238968 0.0277275 0.0306142 0.0322208 0.0324014 0.0312289 0.0289636 0.0259789 0.0226676 0.0193622 0.0162896 0.0135638 0.011209 0.00919574 0.0074748
 1.03111e-16 2.65733e-05 0.000155947 0.000741269 0.00285387 0.00889946 0.0224795 0.0459968 0.0762482 0.102409 0.111468 0.0983864 0.0705667 0.0414633 0.0206482 0.00999527 0.00666023 0.0072729 0.00975578 0.0131572 0.0170095 0.0209384 0.0245521 0.0274712 0.0293996 0.0301853 0.0298449 0.0285425 0.0265348 0.0241018 0.021488 0.01887 0.0163521 0.0139835 0.0117826 0.00975836
 1.03494e-16 2.63296e-05 0.000154516 0.000734463 0.00282766 0.00881774 0.022273 0.0455745 0.0755483 0.10147 0.110448 0.0974895 0.0699321 0.0411077 0.0205031 0.00997752 0.00671536 0.00737858 0.00990763 0.0133553 0.0172507 0.0212132 0.0248446 0.0277615 0.0296684 0.0304192 0.030041 0.0287108 0.0266971 0.0242873 0.0217269 0.0191863 0.0167583 0.0144774 0.012348 0.0103684
 1.02767e-16 3.03718e-05 0.000178253 0.000847325 0.00326223 0.0101729 0.0256961 0.0525778 0.0871546 0.117049 0.127381 0.112377 0.0804841 0.0470535 0.022991 0.0103945 0.00596768 0.00582297 0.0075747 0.0101618 0.013122 0.016142 0.0189156 0.021151 0.0226237 0.0232216 0.0229641 0.0219836 0.0204818 0.0186749 0.0167479 0.0148289 0.0129879 0.0112513 0.00962325 0.00810339
 1.02491e-16 2.8202e-05 0.000165509 0.000786723 0.00302888 0.00944523 0.023858 0.0488175 0.0809236 0.108688 0.118299 0.104408 0.0748698 0.0439589 0.0218285 0.0104593 0.00682194 0.00732767 0.00975934 0.0130964 0.0168359 0.0205802 0.0239216 0.0264747 0.0279519 0.0282266 0.0273565 0.0255573 0.0231391 0.0204277 0.0176976 0.0151341 0.0128292 0.0108013 0.00902681 0.00746897
 1.02688e-16 2.79158e-05 0.000163829 0.000778742 0.00299815 0.00934941 0.023616 0.0483222 0.0801023 0.107584 0.117096 0.103342 0.074095 0.0434843 0.0215571 0.0102712 0.00662712 0.00707335 0.00942045 0.0126684 0.0163346 0.0200438 0.02341 0.0260641 0.0277237 0.0282528 0.0276852 0.0262017 0.0240737 0.0215919 0.0190066 0.0164931 0.0141478 0.0120059 0.0100675 0.00832105
 1.02501e-16 2.97934e-05 0.000174855 0.000831166 0.00320001 0.0099789 0.025206 0.0515752 0.0854933 0.11482 0.12496 0.110255 0.0789917 0.046237 0.0226963 0.0104375 0.00623627 0.00628539 0.008244 0.0110606 0.0142593 0.0175006 0.0204463 0.022775 0.0242416 0.0247283 0.0242647 0.023008 0.0211934 0.0190717 0.0168578 0.0147006 0.0126809 0.0108261 0.00913504 0.00759787
 1.02435e-16 2.85878e-05 0.000167774 0.000797496 0.00307036 0.00957459 0.0241847 0.0494859 0.0820312 0.110174 0.119914 0.105825 0.0758685 0.0445104 0.0220376 0.010452 0.00667715 0.00707133 0.00938775 0.0125988 0.0162086 0.0198341 0.0230849 0.0255907 0.0270738 0.0274082 0.0266433 0.0249786 0.0227046 0.0201282 0.0175096 0.0150265 0.0127702 0.0107639 0.00899183 0.00742558
 1.04376e-16 1.75984e-05 0.000103242 0.00049067 0.00188894 0.00589035 0.0148789 0.0304467 0.0504784 0.0678202 0.0738785 0.0653486 0.0471769 0.0283372 0.0152584 0.0092927 0.00867028 0.0112436 0.0156538 0.0211856 0.0273239 0.0335071 0.0390992 0.0434826 0.0461862 0.0469865 0.045947 0.0433789 0.0397454 0.0355413 0.0311902 0.0269874 0.0230925 0.0195592 0.0163808 0.0135311
pSPR Fmed_Fpbrs
0.770293   0.6 0.325
Fs Fmed_Fpbrs
0.155215   0.339293 1.02586
SSBpbr Bo_Bmed_Bpbrs
1.7027e+06  1.22645e+06  936487 468243
Ro
71682.4
SPR SPRFo_SPRFmed_SPRFpbrs
1.47734e+06 1.13798e+06 480135
log_Ro
11
likeval ReclasPelacesDesembMPH_pf_preclas_ppelaces_ptallas_desvR_qrecl_qpela
 63.293 23.9119 0.0415871 0.000221067 292.374 204.58 71.7901 0 17.2962 0.000120253 2.05966e-07 7.1054e-16 0 0 0
q_reclas_q_pelaces
0.211417 1.0667
M
0.7
N
 86698.9 21630.5 8048.29 949.143 0.470813
 108164 40597.5 8120.33 3021.42 356.495
 70743.1 51507.6 16511.3 3302.59 1373.82
 101037 33222.9 19607.1 6285.26 1780.14
 164301 49665.4 15717.7 9276.06 3815.72
 121336 81405.2 24398.8 7721.5 6431.5
 179109 58808.4 36010.3 10793 6260.69
 148675 87593 27152.2 16626.2 7873.8
 158074 71528.8 37408.9 11596.1 10463.4
 140981 75586.6 29669.8 15517.1 9150.15
 69340.1 67693.9 31980.6 12553.3 10436.7
 41456.5 31900.9 23363.6 11037.6 7934.64
 42062.1 19160.1 11252.4 8241.02 6692.07
 25103.9 18672.9 5579.14 3276.54 4348.31
 20586.4 10277 3696.24 1104.38 1509.32
 27315.2 8653.95 2307.93 830.072 586.963
 23782.3 12716.8 3160.47 842.869 517.509
 27214.3 11279.6 5073.92 1261.01 542.782
 31077.4 13108.6 4844.53 2179.21 774.715
 54195.8 15042.2 5761.73 2129.36 1298.37
 68512.6 26225.2 6603.38 2529.34 1504.74
 90704.6 33590.3 12254 3085.5 1884.97
 145021 44302.2 15414.3 5623.27 2280.91
 192153 70627.4 20052.6 6977.03 3577.69
 95040.7 93669.2 32111.2 9117.04 4798.77
pred_Ctot
 3568.69 3857.44 1435.28 169.264 0.0839616
 3201.32 5345.5 1069.21 397.831 46.9399
 2770.79 8780.28 2814.61 562.979 234.189
 735.925 1133.3 668.834 214.402 60.724
 267.08 383.074 121.232 71.5471 29.431
 2096.02 6435.81 1928.94 610.454 508.468
 1956.31 2983.07 1826.63 547.478 317.575
 3338.26 8894.5 2757.13 1688.28 799.533
 4224.71 8560.92 4477.29 1387.88 1252.31
 3359.06 8118.97 3186.92 1666.73 982.844
 3683.58 15160.7 7162.33 2811.41 2337.38
 2074.7 6777.89 4963.99 2345.13 1685.85
 3227.97 5875.69 3450.7 2527.22 2052.21
 3205.93 8504.25 2540.93 1492.25 1980.37
 2294.15 4234.15 1522.86 455.005 621.842
 1232 1675.9 446.947 160.749 113.669
 770.025 1820.12 452.349 120.638 74.0696
 588.491 1105.19 497.146 123.554 53.1821
 566.19 1090.62 403.06 181.308 64.4555
 997.383 1263.64 484.021 178.88 109.071
 626.134 1117.65 281.419 107.794 64.1281
 1073.29 1842.01 671.978 169.201 103.367
 2011.99 2835.1 986.435 359.859 145.966
 2538.64 4310.61 1223.87 425.83 218.357
 1065.84 4875.16 1671.28 474.511 249.759
F
 0.0587333 0.279735 0.279735 0.279735 0.279735
 0.0419215 0.199664 0.199664 0.199664 0.199664
 0.0558154 0.265837 0.265837 0.265837 0.265837
 0.0101737 0.0484552 0.0484552 0.0484552 0.0484552
 0.00226259 0.0107763 0.0107763 0.0107763 0.0107763
 0.024279 0.115636 0.115636 0.115636 0.115636
 0.0152906 0.0728261 0.0728261 0.0728261 0.0728261
 0.0316605 0.150792 0.150792 0.150792 0.150792
 0.0377866 0.17997 0.17997 0.17997 0.17997
 0.0336254 0.160151 0.160151 0.160151 0.160151
 0.0763875 0.363818 0.363818 0.363818 0.363818
 0.0718181 0.342055 0.342055 0.342055 0.342055
 0.112075 0.533792 0.533792 0.533792 0.533792
 0.193112 0.919754 0.919754 0.919754 0.919754
 0.166616 0.79356 0.79356 0.79356 0.79356
 0.0645201 0.307296 0.307296 0.307296 0.307296
 0.0459418 0.218811 0.218811 0.218811 0.218811
 0.0304755 0.145149 0.145149 0.145149 0.145149
 0.0256211 0.122028 0.122028 0.122028 0.122028
 0.0258837 0.123279 0.123279 0.123279 0.123279
 0.0127797 0.060867 0.060867 0.060867 0.060867
 0.0165743 0.07894 0.07894 0.07894 0.07894
 0.019458 0.0926743 0.0926743 0.0926743 0.0926743
 0.0185216 0.0882143 0.0882143 0.0882143 0.0882143
 0.0157024 0.074787 0.074787 0.074787 0.074787
nmprior
 10 11 7 0
nm_flota  nm_reclas  nm_pelaces    nm_pelaL
inf 11.8037 19.9405 36.2813
cv_recla  cv_pelaces  cv_mph
0.719619 0.575402 0.482392
 ------------------------------------------------
Talla a la edad & desviación 
 7.2 14.2025 17.0495 18.207 18.6776
 1.08 2.13037 2.55742 2.73105 2.80164
