    unsorted:	 1.224193010e-06 2.292476138e-06 -6.463201973e-06 5.456132710e-05 0.0008999971370 0.006972723814 48.09071385 59.87537919 103.9163775 181.4402184 191.9297657 387.4807828 530.8666790 578.7497093 762.2141602 796.7328937 955.1223688 1053.343710 1171.343070 1278.724931 1341.823935 1479.116293 1636.444081 1777.346402 2079.437574 2264.106176 2519.485829 2762.338842 3300.736258 3478.945650 3698.168987 4019.123957 4342.032453 4753.181667 5105.700843 5531.834111 5895.593979 6056.506417 21133.51665 196446.8385 406081.3737 380887.9229 369990.8217 439146.7459 474077.7657 482561.5651 501329.9793 515388.7805 528525.0366 314120.9025 578731.6787 598854.9323 664744.8326 731090.2107 836366.3498 901588.8284 1071088.888 1110960.984 1361215.066 1641111.430 1867633.527 2114058.505 2297797.246 2647237.189 6728573.235
      sorted:	 -6.463201973e-06 1.224193010e-06 2.292476138e-06 5.456132710e-05 0.0008999971370 0.006972723814 48.09071385 59.87537919 103.9163775 181.4402184 191.9297657 387.4807828 530.8666790 578.7497093 762.2141602 796.7328937 955.1223688 1053.343710 1171.343070 1278.724931 1341.823935 1479.116293 1636.444081 1777.346402 2079.437574 2264.106176 2519.485829 2762.338842 3300.736258 3478.945650 3698.168987 4019.123957 4342.032453 4753.181667 5105.700843 5531.834111 5895.593979 6056.506417 21133.51665 196446.8385 314120.9025 369990.8217 380887.9229 406081.3737 439146.7459 474077.7657 482561.5651 501329.9793 515388.7805 528525.0366 578731.6787 598854.9323 664744.8326 731090.2107 836366.3498 901588.8284 1071088.888 1110960.984 1361215.066 1641111.430 1867633.527 2114058.505 2297797.246 2647237.189 6728573.235
