years
 1997 1998 1999 2000 2001 2002 2003 2004 2005 2006 2007 2008 2009 2010 2011 2012 2013 2014 2015 2016 2017 2018 2019 2020 2021
reclasobs
 0 0 0 370054 412103 1.49427e+06 250295 1.28982e+06 931140 785840 897777 1.04006e+06 184774 17550 25797 100020 73551 82996 120727 218422 84188 347160 605670 569463 516374
reclaspred
 5.81566e+06 929489 1.10276e+06 208339 233346 339318 657880 616242 641682 904481 1.04122e+06 695245 359387 140533 77483 81516.3 93039.4 113197 123655 136434 219863 242778 392533 382454 276131
pelacesobs
 0 0 0 0 0 0 0 0 0 2.06254e+06 1.5e+06 0 1.87456e+06 323000 250000 174000 83755 137374 0 501740 490994 745055 786931 1.00524e+06 0
pelacespred
 6.16023e+06 2.25616e+06 516416 252750 668180 395692 2.1803e+06 1.55038e+06 1.60888e+06 2.52633e+06 1.77211e+06 1.25163e+06 894942 295197 176123 155689 173636 218439 204148 240815 503661 408819 506802 589424 247903
mphobs
 0 0 0 0 0 112323 0 153150 637223 0 255016 313432 73983 77613 109348 50772 0 0 0 0 0 0 0 0 0
mphpred
 1.16862e+06 493197 196268 67428.3 42282.9 137341 147099 272650 240418 275651 424690 255688 156803 91398.6 42150.5 32042.8 32079.5 36033.7 41742.3 42061.3 59965.3 80968.2 96811.4 117740 113879
desembarqueobs
 350755 77701 442110 56441 14545 235359 269955 359681 431902 328805 639364 411747 362871 311530 167758 66681 60226 58785 57116 71774 51957 67425 138520 160799 200461
desembarquepred
 350745 77680.7 441545 56409.9 14542.5 235146 269842 359039 431316 328466 637999 410924 362025 310876 167154 66578 60167.5 58677.6 57015.9 71675.3 51933.5 67343.4 138383 160660 200350
Reclutas
 6485.94 9000.27 1255.17 4113.36 41647.6 12097.9 64678.2 56838.9 65232 131819 52455.9 48124.2 56297.7 29100.4 12951 10567.1 7038.84 7948.26 8018.1 10500.4 16220.2 19674.3 27692.6 25268.1 439.788
log_desv_Rt
 -0.902608 -0.57499 -2.54497 -1.358 0.956998 -0.279211 1.39718 1.26798 1.40571 2.10918 1.18773 1.10154 1.25841 0.598507 -0.211075 -0.414497 -0.820801 -0.699292 -0.690543 -0.420829 0.0140152 0.207067 0.54892 0.457299 -3.59371
SSB
 1.7459e+06 736830 293222 100737 63170.1 205186 219763 407335 359181 411819 634481 381994 234262 136548 62972.3 47871.5 47926.4 53833.9 62362.5 62839 89587.4 120965 144635 175902 170134
BT
 2.17468e+06 874263 412786 150643 264560 311376 1.04735e+06 941205 989338 1.24689e+06 1.16981e+06 819046 678128 388666 198345 110731 109806 126387 118283 142664 224345 200849 267699 333387 239880
Ftot
 0.167733 0.27282 1.23422 0.911571 0.288782 1.62878 1.59347 1.71443 2.0177 1.27523 1.56561 1.65845 2.90648 4.829 4.95303 2.21865 1.79408 1.52601 1.27925 1.52654 0.73727 0.800702 1.0012 1.1831 1.67212
BD_Bspro_t
 0.977631 0.837126 0.577977 0.205146 0.251026 0.56912 0.401527 0.490828 0.407062 0.399532 0.46766 0.284232 0.198025 0.139232 0.0781376 0.0730293 0.10012 0.152851 0.213672 0.260353 0.365436 0.500007 0.50201 0.472736 0.370026
BD_Bspro
 5.2964 2.23526 0.889523 0.305598 0.191634 0.622457 0.666679 1.2357 1.08962 1.2493 1.92478 1.15882 0.710662 0.414236 0.191034 0.145224 0.14539 0.163312 0.189184 0.19063 0.271774 0.366963 0.438768 0.53362 0.516122
BD_Bo
 1.92135 0.810876 0.322688 0.11086 0.0695183 0.225806 0.241848 0.44827 0.395276 0.453204 0.698242 0.420381 0.257804 0.15027 0.0693006 0.0526823 0.0527426 0.0592438 0.0686295 0.0691539 0.0985903 0.133122 0.15917 0.193579 0.187231
BD_Brms
 5.39079 2.2751 0.905376 0.311044 0.195049 0.63355 0.67856 1.25772 1.10904 1.27157 1.95908 1.17948 0.723327 0.421618 0.194439 0.147812 0.147982 0.166222 0.192556 0.194027 0.276618 0.373503 0.446587 0.54313 0.52532
S_f
 0.0861612 0.751725 0.98982 0.99968 0.99999
 0.0861612 0.751725 0.98982 0.99968 0.99999
 0.0861612 0.751725 0.98982 0.99968 0.99999
 0.0861612 0.751725 0.98982 0.99968 0.99999
 0.0861612 0.751725 0.98982 0.99968 0.99999
 0.0861612 0.751725 0.98982 0.99968 0.99999
 0.0861612 0.751725 0.98982 0.99968 0.99999
 0.0861612 0.751725 0.98982 0.99968 0.99999
 0.0861612 0.751725 0.98982 0.99968 0.99999
 0.0861612 0.751725 0.98982 0.99968 0.99999
 0.0861612 0.751725 0.98982 0.99968 0.99999
 0.0861612 0.751725 0.98982 0.99968 0.99999
 0.0861612 0.751725 0.98982 0.99968 0.99999
 0.0861612 0.751725 0.98982 0.99968 0.99999
 0.0861612 0.751725 0.98982 0.99968 0.99999
 0.0861612 0.751725 0.98982 0.99968 0.99999
 0.0861612 0.751725 0.98982 0.99968 0.99999
 0.0861612 0.751725 0.98982 0.99968 0.99999
 0.0861612 0.751725 0.98982 0.99968 0.99999
 0.0861612 0.751725 0.98982 0.99968 0.99999
 0.0861612 0.751725 0.98982 0.99968 0.99999
 0.0861612 0.751725 0.98982 0.99968 0.99999
 0.0861612 0.751725 0.98982 0.99968 0.99999
 0.0861612 0.751725 0.98982 0.99968 0.99999
 0.0861612 0.751725 0.98982 0.99968 0.99999
Scru_reclas
 0.157792 0.485303 0.825942 0.959809 0.991748
 0.157792 0.485303 0.825942 0.959809 0.991748
 0.157792 0.485303 0.825942 0.959809 0.991748
 0.157792 0.485303 0.825942 0.959809 0.991748
 0.157792 0.485303 0.825942 0.959809 0.991748
 0.157792 0.485303 0.825942 0.959809 0.991748
 0.157792 0.485303 0.825942 0.959809 0.991748
 0.157792 0.485303 0.825942 0.959809 0.991748
 0.157792 0.485303 0.825942 0.959809 0.991748
 0.157792 0.485303 0.825942 0.959809 0.991748
 0.157792 0.485303 0.825942 0.959809 0.991748
 0.157792 0.485303 0.825942 0.959809 0.991748
 0.157792 0.485303 0.825942 0.959809 0.991748
 0.157792 0.485303 0.825942 0.959809 0.991748
 0.157792 0.485303 0.825942 0.959809 0.991748
 0.157792 0.485303 0.825942 0.959809 0.991748
 0.157792 0.485303 0.825942 0.959809 0.991748
 0.157792 0.485303 0.825942 0.959809 0.991748
 0.157792 0.485303 0.825942 0.959809 0.991748
 0.157792 0.485303 0.825942 0.959809 0.991748
 0.157792 0.485303 0.825942 0.959809 0.991748
 0.157792 0.485303 0.825942 0.959809 0.991748
 0.157792 0.485303 0.825942 0.959809 0.991748
 0.157792 0.485303 0.825942 0.959809 0.991748
 0.157792 0.485303 0.825942 0.959809 0.991748
Scru_pelaces
 0.794201 1 1 1 1
 0.794201 1 1 1 1
 0.794201 1 1 1 1
 0.794201 1 1 1 1
 0.794201 1 1 1 1
 0.794201 1 1 1 1
 0.794201 1 1 1 1
 0.794201 1 1 1 1
 0.794201 1 1 1 1
 0.794201 1 1 1 1
 0.794201 1 1 1 1
 0.794201 1 1 1 1
 0.794201 1 1 1 1
 0.794201 1 1 1 1
 0.794201 1 1 1 1
 0.794201 1 1 1 1
 0.794201 1 1 1 1
 0.794201 1 1 1 1
 0.794201 1 1 1 1
 0.794201 1 1 1 1
 0.794201 1 1 1 1
 0.794201 1 1 1 1
 0.794201 1 1 1 1
 0.794201 1 1 1 1
 0.794201 1 1 1 1
pf_obs 
 0.256992 0.487395 0.22802 0.0275931 0
 0.321318 0.546541 0.124235 0.00734118 0.000564706
 0.182869 0.594174 0.210203 0.0122559 0.00049798
 0.330522 0.361315 0.267642 0.0388342 0.00168674
 0.649043 0.306663 0.0425973 0.00169635 0
 0.582887 0.30429 0.105238 0.00758474 0
 0.465427 0.430635 0.0974691 0.00646863 0
 0.296916 0.608066 0.0921331 0.00288517 0
 0.311714 0.524322 0.152257 0.0117073 0
 0.15457 0.633149 0.183074 0.0267441 0.00246327
 0.131901 0.49318 0.331252 0.0422183 0.00144891
 0.196976 0.569456 0.194076 0.0375587 0.00193317
 0.518974 0.381816 0.0799577 0.0180837 0.00116848
 0.0928022 0.601141 0.25162 0.0475244 0.00691264
 0.122501 0.610282 0.24278 0.0234846 0.000952079
 0.383417 0.481906 0.127806 0.00687128 0
 0.0376549 0.599619 0.316969 0.0457579 0
 0.0361596 0.667082 0.258105 0.0386534 0
 0.158088 0.579412 0.248529 0.0139706 0
 0.0477256 0.309471 0.559284 0.082774 0.000745712
 0.0406174 0.521527 0.379366 0.0568643 0.0016247
 0.151134 0.462217 0.34131 0.0453401 0
 0.294876 0.26143 0.354403 0.0886775 0.000613685
 0.281977 0.475581 0.204845 0.0348837 0.00271318
 0 0 0 0 0
pf_pred 
 0.00996374 0.643589 0.306474 0.0399721 1.75704e-06
 0.0253927 0.072236 0.643329 0.229432 0.0296102
 0.00998978 0.218019 0.0759808 0.497818 0.198192
 0.134533 0.124572 0.231041 0.0509915 0.458862
 0.651516 0.237178 0.022532 0.0279841 0.0607907
 0.0901027 0.860016 0.0371979 0.00259145 0.0100917
 0.561666 0.261602 0.170916 0.00435986 0.00145542
 0.257021 0.710955 0.0228641 0.00886404 0.000295458
 0.300998 0.590932 0.105334 0.0019653 0.000770669
 0.408861 0.524662 0.0604134 0.00591339 0.000149965
 0.121795 0.790678 0.0810871 0.00586159 0.0005778
 0.200231 0.538497 0.245112 0.0149926 0.00116677
 0.334871 0.54513 0.0934825 0.0249087 0.00160803
 0.276266 0.681852 0.0380666 0.00299296 0.000822712
 0.288368 0.689502 0.0217284 0.000366432 3.49611e-05
 0.326166 0.653663 0.0199824 0.000185385 3.25677e-06
 0.210228 0.714325 0.0742383 0.00119767 1.10229e-05
 0.269135 0.594149 0.128927 0.00766802 0.000122136
 0.239768 0.642382 0.103543 0.0135078 0.000800146
 0.288612 0.574232 0.123026 0.0124414 0.00168846
 0.298513 0.59811 0.0904028 0.0116613 0.00131298
 0.231444 0.621781 0.131217 0.0136301 0.00192853
 0.257915 0.564282 0.153243 0.0219907 0.0025695
 0.202377 0.641874 0.129051 0.0230609 0.0036371
 0.00522932 0.763802 0.200103 0.0256511 0.00521513
pobs_RECLAS
 0 0 0 0 0
 0 0 0 0 0
 0 0 0 0 0
 0 0 0 0 0
 0.835266 0.146461 0.0176864 0.000547809 3.91292e-05
 0.385257 0.428462 0.181853 0.0044286 0
 0.867414 0.0963971 0.0333333 0.00285562 0
 0.441836 0.489002 0.0689373 0.000224442 0
 0.779404 0.147425 0.0564933 0.0165055 0.000172143
 0.814271 0.122319 0.05973 0.00367925 0
 0.40263 0.566651 0.0304383 0.000280538 0
 0.475488 0.404961 0.113038 0.00651328 0
 0.955842 0.0263864 0.0167828 0.000988607 0
 0.975058 0.0227948 0.00214734 0 0
 0.738997 0.206755 0.0527124 0.00153531 0
 0.850938 0.134255 0.0134407 0.00136685 0
 0.542534 0.407297 0.0501686 0 0
 0.764087 0.199537 0.0359546 0.000420521 0
 0.470689 0.182191 0.310203 0.0369168 0
 0.84361 0.089868 0.0606195 0.00523954 0.000663233
 0.607945 0.314616 0.071237 0.00620181 0
 0.523733 0.453247 0.0230204 0 0
 0.530135 0.295979 0.169645 0.0042399 0
 0.562478 0.366248 0.0663022 0.0049721 0
 0.250443 0.683176 0.0655157 0.000865301 0
ppred_RECLAS
 0.0252725 0.57139 0.35071 0.0526249 2.38944e-06
 0.0537248 0.0532239 0.609612 0.250099 0.0333409
 0.0228729 0.16226 0.0701313 0.527726 0.21701
 0.255174 0.0789468 0.184386 0.0467696 0.434724
 0.823829 0.104356 0.0127453 0.0182093 0.0408599
 0.237992 0.709832 0.0372306 0.00297586 0.0119696
 0.78948 0.115338 0.0915773 0.00268045 0.000924206
 0.52499 0.449551 0.0174374 0.0077543 0.00026696
 0.583473 0.342267 0.0720951 0.00154152 0.000624331
 0.674959 0.280464 0.039966 0.00449244 0.000117677
 0.301155 0.615044 0.0767835 0.00636936 0.000648491
 0.428414 0.358875 0.197721 0.0138745 0.00111524
 0.650266 0.279748 0.0528321 0.016082 0.00107218
 0.67235 0.310053 0.0157904 0.00140674 0.000399239
 0.690557 0.300733 0.00853176 0.000162938 1.60501e-05
 0.623121 0.363788 0.0129507 0.0001376 2.49659e-06
 0.459791 0.47932 0.0597727 0.00110585 1.05121e-05
 0.527748 0.368041 0.0974504 0.00665174 0.000109432
 0.483634 0.419422 0.0836458 0.0125313 0.000766714
 0.55111 0.346363 0.0905454 0.0105087 0.00147305
 0.546513 0.370676 0.0710486 0.0105362 0.00122538
 0.458717 0.415254 0.110858 0.0132371 0.00193459
 0.495375 0.359525 0.122468 0.0201944 0.00243728
 0.424357 0.439532 0.109883 0.022554 0.00367419
 0.0157776 0.716732 0.227084 0.0333944 0.00701254
pobs_PELACES
 0 0 0 0 0
 0 0 0 0 0
 0 0 0 0 0
 0 0 0 0 0
 0 0 0 0 0
 0 0 0 0 0
 0 0 0 0 0
 0 0 0 0 0
 0 0 0 0 0
 0 0 0 0 0
 0.450072 0.473896 0.0757376 0.000293798 0
 0 0 0 0 0
 0.463077 0.371075 0.160297 0.00555027 0
 0.529543 0.364841 0.0842815 0.0213345 0
 0.631943 0.363953 0.00410389 0 0
 0.735681 0.248677 0.0153453 0.000297389 0
 0.695825 0.281241 0.0229344 0 0
 0.275771 0.60734 0.115278 0.00161068 0
 0 0 0 0 0
 0.896147 0.0623911 0.0374545 0.00400742 0
 0.803859 0.145111 0.0509908 3.86294e-05 0
 0.739449 0.233085 0.0266225 0.000797448 4.60066e-05
 0.878498 0.100942 0.0204185 0.000141795 0
 0.694673 0.275183 0.0284847 0.00165964 0
 0 0 0 0 0
ppred_PELACES
 0.0740392 0.660524 0.235096 0.03034 1.3332e-06
 0.20407 0.0779526 0.513489 0.181121 0.0233672
 0.120089 0.265954 0.0612993 0.395342 0.157316
 0.656075 0.068021 0.0868947 0.0189107 0.170098
 0.938625 0.0456847 0.00320488 0.00393651 0.00854843
 0.530579 0.453025 0.0122843 0.000840479 0.00327118
 0.943328 0.0397593 0.0163661 0.00041009 0.000136821
 0.801768 0.192879 0.00384195 0.00146202 4.8704e-05
 0.85406 0.131678 0.0139081 0.000254229 9.96287e-05
 0.877764 0.112844 0.00854756 0.000823373 2.08705e-05
 0.611895 0.362741 0.0235288 0.00167101 0.000164627
 0.763164 0.181822 0.0516689 0.00310324 0.000241366
 0.906204 0.0842954 0.00744425 0.00193161 0.000124595
 0.937352 0.0612723 0.0012546 9.46819e-05 2.59929e-05
 0.942718 0.0566307 0.000639677 1.03445e-05 9.85667e-07
 0.87 0.127734 0.00224444 2.03735e-05 3.57667e-07
 0.765464 0.220293 0.0140192 0.000221894 2.041e-06
 0.81034 0.16547 0.0228348 0.00133462 2.12462e-05
 0.769026 0.206155 0.0218474 0.00280483 0.000166063
 0.82515 0.15183 0.0206855 0.00205569 0.000278831
 0.790628 0.186717 0.0198449 0.00252641 0.000284339
 0.734225 0.228226 0.0336169 0.00344523 0.000487262
 0.775458 0.184925 0.0342128 0.00483891 0.000565146
 0.724802 0.237011 0.0317248 0.00558198 0.000879946
 0.06134 0.790142 0.128985 0.0162342 0.00329869
pobs_pel_tallas
 0 0 0 0 0 0 0 0 0 0 0 0 0 0 0 0 0 0 0 0 0 0 0 0 0 0 0 0 0 0 0 0 0 0 0 0
 0 0 0 0 0 0 0 0 0 0 0 0 0 0 0 0 0 0 0 0 0 0 0 0 0 0 0 0 0 0 0 0 0 0 0 0
 0 0 0 0 0 0 0 0 0 0 0 0 0 0 0 0 0 0 0 0 0 0 0 0 0 0 0 0 0 0 0 0 0 0 0 0
 0 0 0 0 0 0 0 0 0 0 0 0 0 0 0 0 0 0 0 0 0 0 0 0 0 0 0 0 0 0 0 0 0 0 0 0
 0 0 0 0 0 0 0 0 0 0 0 0 0 0 0 0 0 0 0 0 0 0 0 0 0 0 0 0 0 0 0 0 0 0 0 0
 0 0 0 0 0 0 0 0 0 0 0 0 0 0 0 0 0 0 0 0 0 0 0 0 0 0 0 0 0 0 0 0 0 0 0 0
 0 0 0 0 0 0 0 0 0 0 0 0 0 0 0 0 0 0 0 0 0 0 0 0 0 0 0 0 0 0 0 0 0 0 0 0
 0 0 0 0 0 0 0 0 0 0 0 0 0 0 0 0 0 0 0 0 0 0 0 0 0 0 0 0 0 0 0 0 0 0 0 0
 0 0 0 0 0 0 0 0 0 0 0 0 0 0 0 0 0 0 0 0 0 0 0 0 0 0 0 0 0 0 0 0 0 0 0 0
 0 0 0 0 0 0 0 0 0 0 0 0 0 0 0 0 0 0 0 0 0 0 0 0 0 0 0 0 0 0 0 0 0 0 0 0
 0 0 0 0 0 0 0 0 1.78061e-05 0.00172719 0.00360574 0.0105946 0.0120993 0.0124554 0.0147524 0.0171206 0.0266825 0.0428682 0.0675386 0.121331 0.153587 0.119568 0.100827 0.0573624 0.0630603 0.0341343 0.0324427 0.0444173 0.0211091 0.0280891 0.0125444 0.00206551 0 0 0 0
 0 0 0 0 0 0 0 0 0 0 0 0 0 0 0 0 0 0 0 0 0 0 0 0 0 0 0 0 0 0 0 0 0 0 0 0
 0 0 0 0 0 0 0.0133647 0.0140871 0.0187388 0.0205184 0.03894 0.0496705 0.03968 0.0493445 0.0407372 0.0367815 0.0215668 0.0243155 0.0234873 0.0199281 0.019796 0.0243948 0.0301388 0.0376714 0.0412746 0.0863199 0.0771752 0.113111 0.0741005 0.0525337 0.0229764 0.00759418 0.00175318 0 0 0
 0 0 0 0 0 0 0 0 0 0 0.00219441 0.00772107 0.0458388 0.0604681 0.0671733 0.0775358 0.0609151 0.0617685 0.073594 0.0568108 0.0755445 0.0548602 0.0670107 0.0636378 0.0643287 0.046367 0.0373049 0.0286899 0.0247887 0.0153202 0.00654259 0.00121912 0.000365735 0 0 0
 0 0 0 0 0 0 0 0 0 0 0 0 0.000112435 0.00938835 0.0111873 0.0202946 0.0414886 0.0713402 0.111592 0.104902 0.108894 0.110636 0.117776 0.105296 0.107544 0.0401394 0.0192827 0.0124803 0.00416011 0.0028671 0.000618394 0 0 0 0 0
 0 0 0 0 0 0 0 0 0 0 0.00291406 0.0102884 0.027416 0.0768956 0.0749926 0.110853 0.0956884 0.0897413 0.0766577 0.0534642 0.0500743 0.0551293 0.0594112 0.0620874 0.0668451 0.0424026 0.0208742 0.0120726 0.0048766 0.00582813 0.00118941 0.000297354 0 0 0 0
 0 0.00264628 0.0354308 0.0461629 0.0458689 0.0383711 0.0214643 0.0164657 0.0346957 0.0420465 0.0363128 0.0245516 0.0311673 0.0291091 0.0169068 0.0133784 0.00837989 0.0085269 0.0148486 0.0160247 0.0276389 0.0546898 0.0760071 0.122758 0.109233 0.0665981 0.0333725 0.0166128 0.00676272 0.00308733 0.000882094 0 0 0 0 0
 0 0 0 0 0 0 0 0.000805153 0.000690131 0.00759144 0.0133425 0.0154129 0.00931677 0.000345066 0.00356568 0.00563607 0.00851162 0.0253048 0.0502646 0.0516448 0.0657925 0.0565908 0.0611916 0.0827007 0.0866115 0.110766 0.145733 0.0935128 0.0569358 0.0249597 0.0138026 0.00621118 0.00161031 0.00115022 0 0
 0 0 0 0 0 0 0 0 0 0 0 0 0 0 0 0 0 0 0 0 0 0 0 0 0 0 0 0 0 0 0 0 0 0 0 0
 0.00147267 0.00158595 0.00478618 0.00569244 0.00954404 0.0108468 0.00647125 0.017049 0.0510054 0.094081 0.124002 0.0959785 0.0687766 0.0820023 0.061753 0.0591476 0.0492212 0.0479892 0.0443925 0.0268479 0.0217502 0.0140895 0.0121071 0.0120363 0.00920419 0.00665534 0.0049561 0.00860946 0.00930331 0.0156896 0.0114698 0.00855282 0.00243557 0.00046729 0 2.83206e-05
 0 0 0 0 0.000772559 0.00158375 0.000888443 0.00281984 0.00712685 0.0440552 0.0773331 0.111326 0.0921469 0.0852325 0.0710754 0.0886704 0.0786465 0.0553345 0.0373146 0.0185414 0.00753245 0.00457741 0.012979 0.0271748 0.0457355 0.0583668 0.034881 0.0177882 0.00938659 0.00492506 0.0015258 0.00185414 0.000309023 5.79419e-05 3.86279e-05 0
 0 0.00173294 0.00326652 0 0.00397197 0.00683976 0.00946217 0.0152591 0.00757587 0.0136028 0.0228656 0.0392903 0.0559909 0.0764795 0.0681675 0.0726916 0.0566044 0.0477403 0.0527397 0.0444891 0.0609904 0.0582453 0.0661739 0.0445044 0.0529084 0.0360697 0.0280645 0.0235558 0.0158879 0.00826598 0.00280645 0.00217768 0.000904811 0.00058276 9.20147e-05 0
 0 0 0 0 0 0 0 0 0 0 0 0 0 0 0 0 0 0 0 0 0 0 0 0 0 0 0 0 0 0 0 0 0 0 0 0
 0 0 0 0 0 0 0 0 0 0 0 0 0 0 0 0 0 0 0 0 0 0 0 0 0 0 0 0 0 0 0 0 0 0 0 0
 0 0 0 0 0 0 0 0 0 0 0 0 0 0 0 0 0 0 0 0 0 0 0 0 0 0 0 0 0 0 0 0 0 0 0 0
ppred_pel_tallas
 1.04595e-16 3.26843e-06 1.90878e-05 9.05357e-05 0.000348233 0.00108563 0.00274295 0.00561769 0.00933192 0.0125929 0.013863 0.0126073 0.0098523 0.00742126 0.00672912 0.00830148 0.0120904 0.0179064 0.025541 0.0346538 0.0446451 0.0546366 0.0635772 0.0704391 0.0744401 0.0752141 0.0728793 0.0679755 0.0613042 0.0537277 0.0459958 0.0386436 0.031973 0.0260963 0.0210071 0.0166471
 1.1463e-16 8.91526e-06 5.22921e-05 0.000248509 0.000956666 0.00298315 0.00753521 0.0154188 0.0255613 0.0343376 0.037391 0.0330413 0.0237841 0.0141532 0.00739557 0.00419823 0.00369159 0.00485744 0.00713665 0.0103641 0.0145352 0.0196462 0.0256219 0.0322883 0.0393677 0.0464879 0.0532046 0.0590381 0.0635227 0.0662646 0.0669994 0.0656366 0.0622826 0.0572287 0.0509116 0.0438483
 1.21892e-16 5.25917e-06 3.08146e-05 0.000146374 0.000563372 0.00175665 0.00443738 0.00908159 0.015062 0.0202528 0.0221051 0.0196554 0.0144135 0.009108 0.00573022 0.00477874 0.00583423 0.0083626 0.0120419 0.0166975 0.0221548 0.0281633 0.0344011 0.0405273 0.0462457 0.05135 0.0557341 0.0593609 0.06221 0.0642266 0.0652976 0.0652663 0.0639797 0.0613474 0.0573936 0.0522782
 1.09854e-16 2.86232e-05 0.000167999 0.0007986 0.00307467 0.00958809 0.0242186 0.049554 0.0821392 0.110305 0.120017 0.105825 0.0756694 0.0439936 0.0210418 0.00875274 0.00398679 0.00306757 0.00377238 0.00518029 0.00699372 0.00910467 0.0114327 0.0138899 0.0163843 0.0188271 0.0211357 0.0232295 0.0250239 0.0264262 0.0273399 0.0276768 0.027375 0.0264162 0.0248364 0.0227269
 1.00596e-16 4.09429e-05 0.000240328 0.00114247 0.00439865 0.0137169 0.0346475 0.070892 0.117506 0.157792 0.171666 0.151321 0.108101 0.0626455 0.0295737 0.0116124 0.0042119 0.0020489 0.00188155 0.00234147 0.00297229 0.00361576 0.00418297 0.00460386 0.00482959 0.00484191 0.00465673 0.00431837 0.00388702 0.00342358 0.0029768 0.00257641 0.0022328 0.00194171 0.00169117 0.00146801
 1.00504e-16 2.31668e-05 0.000135929 0.000646057 0.00248721 0.007756 0.0195914 0.0400892 0.0664621 0.0892861 0.0972384 0.0859554 0.0619311 0.0369525 0.0194435 0.011131 0.00962305 0.012031 0.0165175 0.0221192 0.0281747 0.0340041 0.0388698 0.0420871 0.0431764 0.0419806 0.038706 0.0338653 0.0281489 0.0222648 0.0167997 0.012137 0.00844088 0.00569409 0.00376357 0.00246701
 1.00266e-16 4.11478e-05 0.000241531 0.00114819 0.00442068 0.0137856 0.034821 0.071247 0.118094 0.158581 0.172524 0.152074 0.108633 0.0629408 0.0296893 0.0116167 0.00414878 0.00193518 0.00171914 0.00212925 0.00271319 0.00331989 0.00386787 0.00429217 0.00454459 0.00460197 0.00447017 0.00418044 0.00378009 0.00332053 0.002847 0.00239247 0.00197638 0.00160702 0.0012856 0.00100993
 1.0017e-16 3.49813e-05 0.000205315 0.000975977 0.00375757 0.0117177 0.0295979 0.0605612 0.100387 0.134817 0.146708 0.129407 0.0926349 0.0540634 0.0262381 0.0115543 0.00618939 0.00563825 0.00712828 0.00942016 0.0119765 0.0144474 0.0165075 0.0178638 0.0183124 0.0177872 0.0163768 0.0143009 0.0118544 0.00933999 0.00700816 0.00502248 0.00345277 0.0022912 0.00148031 0.000941484
 1.00254e-16 3.7259e-05 0.000218692 0.00103959 0.00400252 0.0124815 0.0315273 0.0645084 0.106928 0.143595 0.156242 0.137777 0.0985369 0.0573283 0.0274878 0.0115356 0.00537034 0.00417429 0.00499718 0.00655415 0.00834468 0.0100994 0.0115906 0.0126155 0.0130305 0.0127838 0.0119271 0.0106009 0.00899715 0.00731531 0.00572245 0.00433022 0.00319032 0.00230472 0.00164348 0.0011627
 1.00188e-16 3.82918e-05 0.000224758 0.00106843 0.00411356 0.0128278 0.0324019 0.0662979 0.109893 0.147575 0.160568 0.141578 0.101227 0.058836 0.0281028 0.0116077 0.00512503 0.00369618 0.00428813 0.00558915 0.00710497 0.00858907 0.00984348 0.0106946 0.0110207 0.0107791 0.0100169 0.00885677 0.00746607 0.00601744 0.004655 0.00347423 0.00251808 0.00178603 0.00124971 0.000868774
 1.00518e-16 2.67089e-05 0.000156732 0.000744977 0.00286811 0.00894384 0.0225917 0.0462273 0.0766334 0.102936 0.112067 0.098974 0.0711171 0.0420452 0.0214141 0.0111473 0.00842059 0.00985969 0.0133499 0.0178538 0.0227615 0.027511 0.0315082 0.0342019 0.0352025 0.0343759 0.0318767 0.0281037 0.0235985 0.0189196 0.0145326 0.0107452 0.00769435 0.00537603 0.00369556 0.00251923
 1.00911e-16 3.32977e-05 0.000195431 0.000928991 0.00357667 0.0111535 0.0281729 0.0576455 0.095554 0.128327 0.139646 0.123181 0.0881832 0.0514768 0.0250058 0.0110543 0.0059901 0.00553383 0.00705752 0.00939433 0.0120457 0.0146889 0.0170191 0.0187527 0.0196793 0.0197068 0.0188803 0.0173626 0.0153893 0.0132109 0.011043 0.00903645 0.00727231 0.00577366 0.00452684 0.00350165
 1.00206e-16 3.95308e-05 0.000232034 0.00110303 0.00424679 0.0132433 0.0334513 0.0684448 0.113451 0.15235 0.165755 0.146134 0.104445 0.0606261 0.0288078 0.0116394 0.00474494 0.00299602 0.00326172 0.00420217 0.00533758 0.00645805 0.0074112 0.00806667 0.00833293 0.00817732 0.00763356 0.00679165 0.00577461 0.00470954 0.00370256 0.002824 0.00210566 0.0015476 0.00112978 0.000823616
 1.00043e-16 4.08881e-05 0.000240005 0.00114093 0.00439271 0.0136983 0.0346007 0.0707964 0.117348 0.157581 0.17144 0.151131 0.107983 0.0626133 0.0296266 0.0117517 0.00445032 0.00240907 0.00238806 0.00301107 0.00380451 0.00458571 0.00523814 0.00566678 0.0058066 0.00563661 0.00518514 0.00452208 0.00374141 0.00293949 0.0021962 0.00156373 0.00106442 0.000695851 0.000439729 0.000270939
 1.00029e-16 4.11219e-05 0.000241378 0.00114745 0.00441785 0.0137767 0.0347987 0.0712015 0.118019 0.158482 0.172419 0.151991 0.108591 0.0629534 0.0297638 0.0117647 0.00438965 0.00229331 0.00221718 0.00277923 0.00350774 0.00422577 0.00482412 0.00521482 0.00533794 0.00517442 0.00475087 0.00413242 0.00340644 0.00266243 0.00197451 0.001391 0.000932424 0.000596233 0.000365067 0.000215211
 1.00075e-16 3.79539e-05 0.000222772 0.00105899 0.00407721 0.0127144 0.0321156 0.0657121 0.108923 0.146273 0.159155 0.14034 0.100361 0.0583696 0.0279496 0.0116641 0.00533067 0.00403757 0.00477686 0.00623961 0.00791927 0.00954835 0.0109047 0.0117934 0.0120792 0.0117187 0.0107714 0.00938333 0.007751 0.0060757 0.00452427 0.0032057 0.00216653 0.00140155 0.000872262 0.000525887
 1.00279e-16 3.33994e-05 0.000196025 0.000931807 0.0035875 0.0111873 0.0282582 0.0578204 0.0958449 0.12872 0.140082 0.123584 0.0885123 0.0517499 0.0252884 0.0114313 0.00654536 0.0063415 0.0081742 0.0108463 0.0138125 0.0166901 0.0191104 0.0207376 0.0213351 0.0208217 0.0192919 0.0169885 0.0142414 0.0113906 0.0087197 0.00641614 0.00456349 0.00315922 0.00214547 0.00144039
 1.00426e-16 3.5354e-05 0.000207505 0.000986397 0.0037977 0.0118428 0.0299139 0.0612077 0.101458 0.136253 0.148264 0.130764 0.0935731 0.0545442 0.0263473 0.0113927 0.00580706 0.00503263 0.00627183 0.00828991 0.0105759 0.0128199 0.0147411 0.0160848 0.0166685 0.0164235 0.0154105 0.0138004 0.0118294 0.00974355 0.00774999 0.00598825 0.00452467 0.00336508 0.00247654 0.00180914
 1.00482e-16 3.35542e-05 0.000196935 0.000936137 0.00360417 0.0112393 0.0283895 0.058089 0.0962897 0.129317 0.140728 0.124146 0.0888973 0.0519405 0.0253176 0.011337 0.00634384 0.00602649 0.00772958 0.0102596 0.0130854 0.0158453 0.0181942 0.0198164 0.0204873 0.0201251 0.0188102 0.0167606 0.0142754 0.0116648 0.00918832 0.00701924 0.00523746 0.00384579 0.00279786 0.00202617
 1.00427e-16 3.59992e-05 0.000211295 0.00100441 0.00386708 0.0120592 0.0304604 0.0623258 0.103311 0.138739 0.150966 0.133138 0.0952508 0.0554802 0.0267211 0.0114201 0.00562617 0.00469307 0.00577194 0.0076125 0.00970992 0.0117714 0.013538 0.0147759 0.0153178 0.0151006 0.0141799 0.012712 0.0109133 0.00900882 0.00718785 0.00557768 0.00423859 0.00317554 0.0023582 0.001741
 1.00443e-16 3.44953e-05 0.000202462 0.000962417 0.00370536 0.0115548 0.0291866 0.0597197 0.098992 0.132944 0.144669 0.127608 0.0913451 0.0533075 0.0258658 0.0113823 0.00608849 0.00554401 0.0070187 0.00929617 0.0118537 0.0143538 0.0164822 0.0179527 0.0185619 0.0182355 0.0170464 0.0151919 0.0129428 0.0105798 0.00833803 0.0063742 0.00476064 0.0034999 0.00255 0.00184988
 1.00693e-16 3.20376e-05 0.000188029 0.000893793 0.00344113 0.0107308 0.0271053 0.0554615 0.0919352 0.123472 0.134375 0.11856 0.084938 0.0497092 0.0243831 0.011179 0.00662226 0.00660768 0.00860257 0.0114566 0.0146362 0.0177546 0.0204324 0.0223193 0.023163 0.022867 0.0215128 0.0193329 0.0166501 0.0138004 0.0110672 0.00864139 0.00661419 0.00499461 0.00373924 0.00278202
 1.00739e-16 3.38338e-05 0.000198578 0.000943954 0.00363428 0.0113332 0.0286267 0.058574 0.0970931 0.130394 0.141895 0.125163 0.0895999 0.0522987 0.0253948 0.0112078 0.00604431 0.00555297 0.00705964 0.00937453 0.0119872 0.014567 0.0168038 0.0184122 0.0191851 0.0190399 0.018036 0.0163545 0.0142493 0.0119862 0.00979008 0.00781397 0.00613314 0.00475899 0.00366257 0.00279758
 1.00761e-16 3.16271e-05 0.000185618 0.000882329 0.00339699 0.0105932 0.0267576 0.0547501 0.0907564 0.121889 0.132656 0.11705 0.0838705 0.0491133 0.0241447 0.0111602 0.00673494 0.0068196 0.0089139 0.0118772 0.0151716 0.0183998 0.0211687 0.0231153 0.0239789 0.0236609 0.0222475 0.0199818 0.0172 0.0142515 0.0114298 0.00893172 0.00684988 0.00519114 0.00390811 0.00293035
 1.02801e-16 2.71968e-06 1.58549e-05 7.51409e-05 0.000288917 0.00090063 0.00227579 0.00466279 0.0077526 0.0104826 0.0115946 0.0106732 0.00861308 0.00698976 0.00706106 0.00936044 0.0139397 0.0206962 0.0294376 0.0397558 0.0509075 0.0618169 0.0712196 0.0779085 0.0810058 0.0801699 0.07567 0.0682972 0.0591539 0.0493904 0.0399777 0.0315722 0.0244912 0.0187726 0.0142775 0.0107906
pSPR Fmed_Fpbrs
0.356794   0.406414 0.406414
Fs Fmed_Fpbrs
1.27404   1.005 1.005
SSBpbr Bo_Bmed_Bpbrs
908684  278778  323867 323867
Ro
15994.5
SPR SPRFo_SPRFmed_SPRFpbrs
329639 117613 133970
log_Ro
9.5
likeval ReclasPelacesDesembMPH_pf_preclas_ppelaces_ptallas_desvR_qrecl_qpela
 71.4257 16.0206 0.279601 0.00016682 345.143 198.266 81.6554 0 56.2665 9.09013e-05 0.000151628 0 0 0 0
q_reclas_q_pelaces
3.86143 5.76539
M
0.7
N
 6485.94 50416.3 18549.1 2397.12 0.105339
 9000.27 3174.61 22070.1 7802.12 1006.65
 1255.17 4365.57 1284.15 8366.06 3330.11
 4113.36 560.42 857.233 187.954 1691.02
 41647.6 1888.34 140.251 172.676 375.007
 12097.9 20173.3 754.737 52.3312 203.761
 64678.2 5221.04 2944.58 74.7515 24.95
 56838.9 27997.9 782.582 302.013 10.0653
 65232 24349.3 3831.86 71.2095 27.9205
 131819 27224.1 2653.15 258.255 6.54828
 52455.9 58648.1 5183.51 372.88 36.7507
 48124.2 22761.7 8976.83 546.517 42.5255
 56297.7 20715.7 3249.11 863.363 55.7314
 29100.4 21763.3 1157.21 90.8528 24.9727
 12951 9532.24 286.547 4.82559 0.460387
 10567.1 4197.17 114.333 1.05685 0.0185642
 7038.84 4334.41 393.213 6.31579 0.0581201
 7948.26 2994.76 558.74 33.0669 0.526608
 8018.1 3460.7 472.237 61.2652 3.62846
 10500.4 3566.13 656.931 66.1054 8.96999
 16220.2 4571.71 562.11 71.9938 8.10422
 19674.3 7558.98 1304.3 134.55 19.0334
 27692.6 9118.66 2056.13 293.204 34.2527
 25268.1 12615.2 2133.35 379.015 59.7663
 439.788 11331.7 2574.19 328.453 66.7683
pred_Ctot
 66.982 4326.57 2060.29 268.715 0.0118119
 150.58 428.363 3814.97 1360.54 175.59
 91.6251 1999.65 696.886 4565.93 1817.79
 224.468 207.847 385.492 85.0791 765.609
 737.11 268.337 25.4922 31.6606 68.7772
 1148.45 10961.8 474.126 33.0306 128.63
 6014.64 2801.38 1830.27 46.6878 15.5855
 5661.39 15660.2 503.627 195.248 6.50803
 7561.48 14845 2646.14 49.371 19.3603
 9927.05 12738.7 1466.82 143.576 3.64112
 4797.72 31146.2 3194.16 230.898 22.7605
 4646.5 12496.2 5687.99 347.913 27.0757
 9099.38 14812.7 2540.18 676.84 43.6948
 7295.01 18004.9 1005.18 79.0316 21.7244
 3315.49 7927.5 249.821 4.21303 0.401963
 1336.97 2679.39 81.9087 0.759902 0.0133496
 731.512 2485.57 258.32 4.16744 0.0383555
 709.619 1566.57 339.937 20.2181 0.322033
 605.643 1622.63 261.544 34.1202 2.02113
 937.785 1865.85 399.747 40.4257 5.48631
 720.604 1443.83 218.23 28.1501 3.16952
 946.991 2544.12 536.894 55.7696 7.89087
 1654.21 3619.19 982.869 141.044 16.4802
 1771.51 5618.66 1129.65 201.864 31.8374
 42.7908 6250.08 1637.41 209.899 42.6747
F
 0.014452 0.126089 0.166025 0.167679 0.167731
 0.0235065 0.205086 0.270043 0.272732 0.272817
 0.106342 0.927794 1.22165 1.23382 1.23421
 0.078542 0.685251 0.902291 0.911279 0.911562
 0.0248818 0.217085 0.285842 0.288689 0.288779
 0.140338 1.2244 1.6122 1.62826 1.62877
 0.137295 1.19785 1.57725 1.59296 1.59345
 0.147717 1.28878 1.69697 1.71388 1.71441
 0.173847 1.51676 1.99716 2.01705 2.01768
 0.109875 0.958622 1.26225 1.27482 1.27522
 0.134895 1.17691 1.54967 1.56511 1.56559
 0.142894 1.2467 1.64157 1.65792 1.65843
 0.250426 2.18488 2.87689 2.90555 2.90645
 0.416072 3.63008 4.77984 4.82745 4.82895
 0.426759 3.72332 4.90261 4.95145 4.95298
 0.191161 1.66781 2.19606 2.21794 2.21863
 0.15458 1.34866 1.77582 1.79351 1.79406
 0.131483 1.14714 1.51047 1.52552 1.52599
 0.110222 0.961647 1.26623 1.27884 1.27924
 0.131528 1.14754 1.511 1.52605 1.52652
 0.063524 0.554224 0.729764 0.737034 0.737262
 0.0689894 0.601908 0.792551 0.800446 0.800694
 0.0862646 0.752628 0.991008 1.00088 1.00119
 0.101937 0.889367 1.17106 1.18272 1.18309
 0.144071 1.25697 1.65509 1.67158 1.6721
nmprior
 10 11 7 0
nm_flota  nm_reclas  nm_pelaces    nm_pelaL
inf 15.9054 12.239 20.1973
cv_recla  cv_pelaces  cv_mph
0.764455 0.470982 0.419046
 ------------------------------------------------
Talla a la edad & desviación 
 7.2 14.2025 17.0495 18.207 18.6776
 1.08 2.13037 2.55742 2.73105 2.80164
