years
 1997 1998 1999 2000 2001 2002 2003 2004 2005 2006 2007 2008 2009 2010 2011 2012 2013 2014 2015 2016 2017 2018 2019 2020 2021
reclasobs
 0 0 0 370054 412103 1.49427e+06 250295 1.28982e+06 931140 785840 897777 1.04006e+06 184774 17550 25797 100020 73551 82996 120727 218422 84188 347160 605670 569463 516374
reclaspred
 1.07213e+06 160925 215761 116243 260587 271283 593158 470610 645043 996626 857164 558207 353243 153567 95101.8 90214.2 102877 123750 110662 184878 308866 274327 415931 397979 293747
pelacesobs
 0 0 0 0 0 0 0 0 0 2.06254e+06 1.5e+06 0 1.87456e+06 323000 250000 174000 83755 137374 0 501740 490994 745055 786931 1.00524e+06 0
pelacespred
 884002 274664 106503 120418 243688 190936 574927 463038 632449 975281 744518 501461 326871 113095 70089.6 71521.2 85212 104687 94333.1 156754 295033 254136 304142 342202 251794
mphobs
 0 0 0 0 0 112323 0 153150 637223 0 255016 313432 73983 77613 109348 50772 0 0 0 0 0 0 0 0 0
mphpred
 445688 187932 100697 49273.1 61806.8 138164 163966 205412 211861 294797 458522 328142 189119 104044 44685.4 35113.8 40008.6 49227.9 53367.4 53664.5 103404 134058 154984 183197 189352
desembarqueobs
 350755 77701 442110 56441 14545 235359 269955 359681 431902 328805 639364 411747 362871 311530 167758 66681 60226 58785 57116 71774 51957 67425 138520 160799 200461
desembarquepred
 350739 77674.9 441587 56423.1 14544.4 235289 269906 359300 431587 328616 638830 411502 362477 311223 167489 66646.4 60217 58756 57083.2 71728 51947.3 67394.9 138463 160747 200441
Reclutas
 14554.2 26579.5 4340.88 22255 55679.9 22805.3 57826.5 73351.8 106348 199300 59921.8 29555.7 50139.9 22538.4 14941.3 15784.4 10925.9 10790 9621.27 29375.3 34308 36331 48096.1 38165.6 1332.46
log_desv_Rt
 -0.574367 0.0278967 -1.78417 -0.149678 0.767374 -0.125252 0.805203 1.04302 1.41447 2.04257 0.840796 0.134031 0.662572 -0.137024 -0.548118 -0.493222 -0.861108 -0.873623 -0.988269 0.12791 0.283133 0.340427 0.620956 0.38969 -2.96522
SSB
 1.22189e+06 515229 276070 135086 169448 378787 449526 563153 580832 808208 1.25707e+06 899624 518484 285245 122508 96267 109687 134962 146311 147125 283490 367529 424902 502249 519123
BT
 1.80954e+06 652625 428385 278033 448277 525067 1.22161e+06 1.22026e+06 1.5241e+06 2.05212e+06 1.88801e+06 1.2678e+06 942778 499612 264897 182806 201336 234807 218485 339308 569392 518680 641212 749229 624965
Ftot
 0.211307 0.368832 1.19713 0.555726 0.0795233 0.599146 0.499433 0.885822 0.837472 0.439619 0.5378 0.49801 0.893121 1.51927 1.65641 0.708276 0.536094 0.413897 0.40103 0.468168 0.162941 0.196891 0.261383 0.31595 0.399651
BD_Bspro_t
 0.967948 0.783767 0.566137 0.252243 0.437829 0.684796 0.559928 0.570434 0.538099 0.570494 0.641711 0.484509 0.356899 0.26561 0.152801 0.151053 0.22316 0.335711 0.410085 0.471199 0.654886 0.759019 0.752622 0.723208 0.651706
BD_Bspro
 2.29367 0.967165 0.518225 0.253577 0.31808 0.711042 0.84383 1.05712 1.09031 1.51713 2.35972 1.68873 0.973275 0.535449 0.229967 0.180708 0.205899 0.253345 0.274648 0.276177 0.532155 0.689908 0.797606 0.942799 0.974474
BD_Bo
 1.3442 0.566805 0.303705 0.148608 0.18641 0.416705 0.494525 0.619526 0.638974 0.889111 1.38291 0.989679 0.570386 0.313799 0.134772 0.105904 0.120667 0.148472 0.160957 0.161853 0.311868 0.404319 0.467435 0.552525 0.571088
BD_Brms
 4.49121 1.8938 1.01473 0.496527 0.622829 1.39228 1.65229 2.06994 2.13493 2.97068 4.62054 3.30669 1.90576 1.04846 0.450296 0.353842 0.403168 0.496071 0.537785 0.540779 1.04201 1.3509 1.56178 1.84608 1.90811
S_f
 0.145613 1 1 1 1
 0.145613 1 1 1 1
 0.145613 1 1 1 1
 0.145613 1 1 1 1
 0.145613 1 1 1 1
 0.145613 1 1 1 1
 0.145613 1 1 1 1
 0.145613 1 1 1 1
 0.145613 1 1 1 1
 0.145613 1 1 1 1
 0.145613 1 1 1 1
 0.145613 1 1 1 1
 0.145613 1 1 1 1
 0.145613 1 1 1 1
 0.145613 1 1 1 1
 0.145613 1 1 1 1
 0.145613 1 1 1 1
 0.145613 1 1 1 1
 0.145613 1 1 1 1
 0.145613 1 1 1 1
 0.145613 1 1 1 1
 0.145613 1 1 1 1
 0.145613 1 1 1 1
 0.145613 1 1 1 1
 0.145613 1 1 1 1
Scru_reclas
 0.936819 1 1 1 1
 0.936819 1 1 1 1
 0.936819 1 1 1 1
 0.936819 1 1 1 1
 0.936819 1 1 1 1
 0.936819 1 1 1 1
 0.936819 1 1 1 1
 0.936819 1 1 1 1
 0.936819 1 1 1 1
 0.936819 1 1 1 1
 0.936819 1 1 1 1
 0.936819 1 1 1 1
 0.936819 1 1 1 1
 0.936819 1 1 1 1
 0.936819 1 1 1 1
 0.936819 1 1 1 1
 0.936819 1 1 1 1
 0.936819 1 1 1 1
 0.936819 1 1 1 1
 0.936819 1 1 1 1
 0.936819 1 1 1 1
 0.936819 1 1 1 1
 0.936819 1 1 1 1
 0.936819 1 1 1 1
 0.936819 1 1 1 1
Scru_pelaces
 1 1 1 1 1
 1 1 1 1 1
 1 1 1 1 1
 1 1 1 1 1
 1 1 1 1 1
 1 1 1 1 1
 1 1 1 1 1
 1 1 1 1 1
 1 1 1 1 1
 1 1 1 1 1
 1 1 1 1 1
 1 1 1 1 1
 1 1 1 1 1
 1 1 1 1 1
 1 1 1 1 1
 1 1 1 1 1
 1 1 1 1 1
 1 1 1 1 1
 1 1 1 1 1
 1 1 1 1 1
 1 1 1 1 1
 1 1 1 1 1
 1 1 1 1 1
 1 1 1 1 1
 1 1 1 1 1
pf_obs 
 0.256992 0.487395 0.22802 0.0275931 0
 0.321318 0.546541 0.124235 0.00734118 0.000564706
 0.182869 0.594174 0.210203 0.0122559 0.00049798
 0.330522 0.361315 0.267642 0.0388342 0.00168674
 0.649043 0.306663 0.0425973 0.00169635 0
 0.582887 0.30429 0.105238 0.00758474 0
 0.465427 0.430635 0.0974691 0.00646863 0
 0.296916 0.608066 0.0921331 0.00288517 0
 0.311714 0.524322 0.152257 0.0117073 0
 0.15457 0.633149 0.183074 0.0267441 0.00246327
 0.131901 0.49318 0.331252 0.0422183 0.00144891
 0.196976 0.569456 0.194076 0.0375587 0.00193317
 0.518974 0.381816 0.0799577 0.0180837 0.00116848
 0.0928022 0.601141 0.25162 0.0475244 0.00691264
 0.122501 0.610282 0.24278 0.0234846 0.000952079
 0.383417 0.481906 0.127806 0.00687128 0
 0.0376549 0.599619 0.316969 0.0457579 0
 0.0361596 0.667082 0.258105 0.0386534 0
 0.158088 0.579412 0.248529 0.0139706 0
 0.0477256 0.309471 0.559284 0.082774 0.000745712
 0.0406174 0.521527 0.379366 0.0568643 0.0016247
 0.151134 0.462217 0.34131 0.0453401 0
 0.294876 0.26143 0.354403 0.0886775 0.000613685
 0.281977 0.475581 0.204845 0.0348837 0.00271318
 0 0 0 0 0
pf_pred 
 0.0461254 0.624596 0.290252 0.0390238 3.42346e-06
 0.145172 0.229918 0.40919 0.190152 0.0255678
 0.04199 0.558492 0.107456 0.191242 0.10082
 0.439869 0.201673 0.208971 0.0402068 0.109281
 0.418103 0.510183 0.0258202 0.0267545 0.0191389
 0.111672 0.743327 0.127131 0.00643407 0.011436
 0.342997 0.353526 0.253941 0.0434314 0.00610492
 0.308103 0.568203 0.0665579 0.0478091 0.00932615
 0.348381 0.539439 0.0921255 0.0107913 0.0092636
 0.381791 0.52488 0.0772624 0.0131949 0.00287242
 0.0873446 0.767091 0.123589 0.0181923 0.00378323
 0.0795181 0.425325 0.416181 0.0670525 0.0119227
 0.238787 0.3286 0.199897 0.195599 0.0371172
 0.158775 0.650079 0.0825138 0.0501955 0.0584368
 0.233499 0.570842 0.151201 0.0191918 0.0252667
 0.297017 0.587873 0.0857268 0.0227068 0.00667661
 0.180001 0.660686 0.133226 0.0194277 0.00665899
 0.19428 0.534294 0.218693 0.0440989 0.00863492
 0.177054 0.55141 0.180062 0.0737015 0.0177718
 0.419262 0.373339 0.138966 0.0453792 0.0230531
 0.251372 0.645384 0.066372 0.0247053 0.0121658
 0.196233 0.573779 0.198271 0.0203904 0.0113273
 0.221878 0.504563 0.195283 0.0674808 0.010795
 0.157638 0.581087 0.16942 0.0655713 0.0262831
 0.00737785 0.595565 0.273902 0.079858 0.0432967
pobs_RECLAS
 0 0 0 0 0
 0 0 0 0 0
 0 0 0 0 0
 0 0 0 0 0
 0.835266 0.146461 0.0176864 0.000547809 3.91292e-05
 0.385257 0.428462 0.181853 0.0044286 0
 0.867414 0.0963971 0.0333333 0.00285562 0
 0.441836 0.489002 0.0689373 0.000224442 0
 0.779404 0.147425 0.0564933 0.0165055 0.000172143
 0.814271 0.122319 0.05973 0.00367925 0
 0.40263 0.566651 0.0304383 0.000280538 0
 0.475488 0.404961 0.113038 0.00651328 0
 0.955842 0.0263864 0.0167828 0.000988607 0
 0.975058 0.0227948 0.00214734 0 0
 0.738997 0.206755 0.0527124 0.00153531 0
 0.850938 0.134255 0.0134407 0.00136685 0
 0.542534 0.407297 0.0501686 0 0
 0.764087 0.199537 0.0359546 0.000420521 0
 0.470689 0.182191 0.310203 0.0369168 0
 0.84361 0.089868 0.0606195 0.00523954 0.000663233
 0.607945 0.314616 0.071237 0.00620181 0
 0.523733 0.453247 0.0230204 0 0
 0.530135 0.295979 0.169645 0.0042399 0
 0.562478 0.366248 0.0663022 0.0049721 0
 0.250443 0.683176 0.0655157 0.000865301 0
ppred_RECLAS
 0.239501 0.497974 0.23141 0.0311127 2.72943e-06
 0.528009 0.126949 0.225933 0.104992 0.0141172
 0.240154 0.442968 0.0852288 0.151683 0.0799655
 0.84016 0.0575497 0.0596321 0.0114735 0.0311844
 0.822759 0.155397 0.00786461 0.00814919 0.00582953
 0.457958 0.453565 0.0775731 0.00392595 0.00697807
 0.776616 0.1202 0.0863408 0.0147669 0.0020757
 0.755236 0.201006 0.0235454 0.0169128 0.0032992
 0.786508 0.176738 0.0301834 0.0035356 0.00303506
 0.803596 0.166754 0.0245462 0.004192 0.000912564
 0.390067 0.512651 0.0825951 0.012158 0.00252835
 0.365165 0.293337 0.287031 0.0462445 0.00822281
 0.685088 0.135941 0.0826967 0.0809189 0.0153553
 0.58818 0.318245 0.0403945 0.0245731 0.0286076
 0.70219 0.22179 0.0587465 0.00745663 0.00981691
 0.741652 0.216044 0.0315048 0.00834481 0.00245367
 0.59459 0.326645 0.0658673 0.00960513 0.00329222
 0.614509 0.255629 0.104632 0.0210988 0.00413132
 0.586924 0.276779 0.0903819 0.0369943 0.00892053
 0.827426 0.110943 0.0412956 0.013485 0.00685051
 0.685538 0.271095 0.0278797 0.0103775 0.00511028
 0.613678 0.27578 0.0952968 0.00980043 0.00544435
 0.650765 0.226457 0.0876466 0.0302866 0.00484499
 0.551119 0.309652 0.0902811 0.0349419 0.0140058
 0.0467848 0.571921 0.263029 0.0766877 0.0415778
pobs_PELACES
 0 0 0 0 0
 0 0 0 0 0
 0 0 0 0 0
 0 0 0 0 0
 0 0 0 0 0
 0 0 0 0 0
 0 0 0 0 0
 0 0 0 0 0
 0 0 0 0 0
 0 0 0 0 0
 0.450072 0.473896 0.0757376 0.000293798 0
 0 0 0 0 0
 0.463077 0.371075 0.160297 0.00555027 0
 0.529543 0.364841 0.0842815 0.0213345 0
 0.631943 0.363953 0.00410389 0 0
 0.735681 0.248677 0.0153453 0.000297389 0
 0.695825 0.281241 0.0229344 0 0
 0.275771 0.60734 0.115278 0.00161068 0
 0 0 0 0 0
 0.896147 0.0623911 0.0374545 0.00400742 0
 0.803859 0.145111 0.0509908 3.86294e-05 0
 0.739449 0.233085 0.0266225 0.000797448 4.60066e-05
 0.878498 0.100942 0.0204185 0.000141795 0
 0.694673 0.275183 0.0284847 0.00165964 0
 0 0 0 0 0
ppred_PELACES
 0.262973 0.482604 0.224268 0.0301524 2.64519e-06
 0.569892 0.115684 0.205884 0.0956751 0.0128645
 0.32103 0.39582 0.0761573 0.135538 0.0714541
 0.867769 0.0476094 0.0493321 0.0094917 0.0257981
 0.835187 0.144501 0.00731317 0.0075778 0.00542078
 0.516401 0.404661 0.0692092 0.00350266 0.0062257
 0.810327 0.102061 0.0733113 0.0125384 0.00176246
 0.808727 0.157078 0.0183998 0.0132167 0.00257819
 0.832771 0.13844 0.0236428 0.00276946 0.00237738
 0.831758 0.142843 0.0210266 0.00359092 0.000781713
 0.442719 0.468397 0.0754651 0.0111085 0.00231009
 0.414028 0.270759 0.264938 0.0426851 0.0075899
 0.749197 0.108266 0.0658616 0.0644457 0.0122293
 0.700581 0.231384 0.0293693 0.0178662 0.0207995
 0.800598 0.148502 0.0393344 0.00499267 0.00657303
 0.789104 0.176362 0.0257181 0.00681207 0.00200299
 0.645517 0.285613 0.0575932 0.00839856 0.00287866
 0.65662 0.227704 0.0932018 0.018794 0.00368001
 0.62939 0.248325 0.0810904 0.0331912 0.00800347
 0.853805 0.0939847 0.0349834 0.0114238 0.00580339
 0.709003 0.250866 0.0257993 0.00960313 0.00472895
 0.64189 0.255641 0.0883375 0.00908473 0.00504677
 0.68165 0.20643 0.0798954 0.0276081 0.00441651
 0.588929 0.28357 0.0826765 0.0319987 0.0128261
 0.055392 0.566757 0.260653 0.0759952 0.0412024
pobs_pel_tallas
 0 0 0 0 0 0 0 0 0 0 0 0 0 0 0 0 0 0 0 0 0 0 0 0 0 0 0 0 0 0 0 0 0 0 0 0
 0 0 0 0 0 0 0 0 0 0 0 0 0 0 0 0 0 0 0 0 0 0 0 0 0 0 0 0 0 0 0 0 0 0 0 0
 0 0 0 0 0 0 0 0 0 0 0 0 0 0 0 0 0 0 0 0 0 0 0 0 0 0 0 0 0 0 0 0 0 0 0 0
 0 0 0 0 0 0 0 0 0 0 0 0 0 0 0 0 0 0 0 0 0 0 0 0 0 0 0 0 0 0 0 0 0 0 0 0
 0 0 0 0 0 0 0 0 0 0 0 0 0 0 0 0 0 0 0 0 0 0 0 0 0 0 0 0 0 0 0 0 0 0 0 0
 0 0 0 0 0 0 0 0 0 0 0 0 0 0 0 0 0 0 0 0 0 0 0 0 0 0 0 0 0 0 0 0 0 0 0 0
 0 0 0 0 0 0 0 0 0 0 0 0 0 0 0 0 0 0 0 0 0 0 0 0 0 0 0 0 0 0 0 0 0 0 0 0
 0 0 0 0 0 0 0 0 0 0 0 0 0 0 0 0 0 0 0 0 0 0 0 0 0 0 0 0 0 0 0 0 0 0 0 0
 0 0 0 0 0 0 0 0 0 0 0 0 0 0 0 0 0 0 0 0 0 0 0 0 0 0 0 0 0 0 0 0 0 0 0 0
 0 0 0 0 0 0 0 0 0 0 0 0 0 0 0 0 0 0 0 0 0 0 0 0 0 0 0 0 0 0 0 0 0 0 0 0
 0 0 0 0 0 0 0 0 1.78061e-05 0.00172719 0.00360574 0.0105946 0.0120993 0.0124554 0.0147524 0.0171206 0.0266825 0.0428682 0.0675386 0.121331 0.153587 0.119568 0.100827 0.0573624 0.0630603 0.0341343 0.0324427 0.0444173 0.0211091 0.0280891 0.0125444 0.00206551 0 0 0 0
 0 0 0 0 0 0 0 0 0 0 0 0 0 0 0 0 0 0 0 0 0 0 0 0 0 0 0 0 0 0 0 0 0 0 0 0
 0 0 0 0 0 0 0.0133647 0.0140871 0.0187388 0.0205184 0.03894 0.0496705 0.03968 0.0493445 0.0407372 0.0367815 0.0215668 0.0243155 0.0234873 0.0199281 0.019796 0.0243948 0.0301388 0.0376714 0.0412746 0.0863199 0.0771752 0.113111 0.0741005 0.0525337 0.0229764 0.00759418 0.00175318 0 0 0
 0 0 0 0 0 0 0 0 0 0 0.00219441 0.00772107 0.0458388 0.0604681 0.0671733 0.0775358 0.0609151 0.0617685 0.073594 0.0568108 0.0755445 0.0548602 0.0670107 0.0636378 0.0643287 0.046367 0.0373049 0.0286899 0.0247887 0.0153202 0.00654259 0.00121912 0.000365735 0 0 0
 0 0 0 0 0 0 0 0 0 0 0 0 0.000112435 0.00938835 0.0111873 0.0202946 0.0414886 0.0713402 0.111592 0.104902 0.108894 0.110636 0.117776 0.105296 0.107544 0.0401394 0.0192827 0.0124803 0.00416011 0.0028671 0.000618394 0 0 0 0 0
 0 0 0 0 0 0 0 0 0 0 0.00291406 0.0102884 0.027416 0.0768956 0.0749926 0.110853 0.0956884 0.0897413 0.0766577 0.0534642 0.0500743 0.0551293 0.0594112 0.0620874 0.0668451 0.0424026 0.0208742 0.0120726 0.0048766 0.00582813 0.00118941 0.000297354 0 0 0 0
 0 0.00264628 0.0354308 0.0461629 0.0458689 0.0383711 0.0214643 0.0164657 0.0346957 0.0420465 0.0363128 0.0245516 0.0311673 0.0291091 0.0169068 0.0133784 0.00837989 0.0085269 0.0148486 0.0160247 0.0276389 0.0546898 0.0760071 0.122758 0.109233 0.0665981 0.0333725 0.0166128 0.00676272 0.00308733 0.000882094 0 0 0 0 0
 0 0 0 0 0 0 0 0.000805153 0.000690131 0.00759144 0.0133425 0.0154129 0.00931677 0.000345066 0.00356568 0.00563607 0.00851162 0.0253048 0.0502646 0.0516448 0.0657925 0.0565908 0.0611916 0.0827007 0.0866115 0.110766 0.145733 0.0935128 0.0569358 0.0249597 0.0138026 0.00621118 0.00161031 0.00115022 0 0
 0 0 0 0 0 0 0 0 0 0 0 0 0 0 0 0 0 0 0 0 0 0 0 0 0 0 0 0 0 0 0 0 0 0 0 0
 0.00147267 0.00158595 0.00478618 0.00569244 0.00954404 0.0108468 0.00647125 0.017049 0.0510054 0.094081 0.124002 0.0959785 0.0687766 0.0820023 0.061753 0.0591476 0.0492212 0.0479892 0.0443925 0.0268479 0.0217502 0.0140895 0.0121071 0.0120363 0.00920419 0.00665534 0.0049561 0.00860946 0.00930331 0.0156896 0.0114698 0.00855282 0.00243557 0.00046729 0 2.83206e-05
 0 0 0 0 0.000772559 0.00158375 0.000888443 0.00281984 0.00712685 0.0440552 0.0773331 0.111326 0.0921469 0.0852325 0.0710754 0.0886704 0.0786465 0.0553345 0.0373146 0.0185414 0.00753245 0.00457741 0.012979 0.0271748 0.0457355 0.0583668 0.034881 0.0177882 0.00938659 0.00492506 0.0015258 0.00185414 0.000309023 5.79419e-05 3.86279e-05 0
 0 0.00173294 0.00326652 0 0.00397197 0.00683976 0.00946217 0.0152591 0.00757587 0.0136028 0.0228656 0.0392903 0.0559909 0.0764795 0.0681675 0.0726916 0.0566044 0.0477403 0.0527397 0.0444891 0.0609904 0.0582453 0.0661739 0.0445044 0.0529084 0.0360697 0.0280645 0.0235558 0.0158879 0.00826598 0.00280645 0.00217768 0.000904811 0.00058276 9.20147e-05 0
 0 0 0 0 0 0 0 0 0 0 0 0 0 0 0 0 0 0 0 0 0 0 0 0 0 0 0 0 0 0 0 0 0 0 0 0
 0 0 0 0 0 0 0 0 0 0 0 0 0 0 0 0 0 0 0 0 0 0 0 0 0 0 0 0 0 0 0 0 0 0 0 0
 0 0 0 0 0 0 0 0 0 0 0 0 0 0 0 0 0 0 0 0 0 0 0 0 0 0 0 0 0 0 0 0 0 0 0 0
ppred_pel_tallas
 1.04377e-16 1.14996e-05 6.74284e-05 0.000320389 0.00123329 0.00384568 0.00971436 0.0198804 0.0329672 0.0443144 0.048329 0.0428824 0.0312486 0.0193521 0.0114803 0.00862519 0.00974305 0.0135183 0.01909 0.025923 0.0335002 0.0411679 0.0481573 0.0537095 0.0572329 0.0584266 0.0573323 0.0542931 0.0498436 0.0445714 0.0389967 0.0335034 0.0283262 0.0235795 0.0193043 0.0155086
 1.06849e-16 2.48677e-05 0.000145945 0.000693741 0.00267092 0.00832897 0.0210383 0.0430472 0.0713558 0.0958298 0.104285 0.0919929 0.0658662 0.0384718 0.018737 0.00838227 0.0047199 0.00459267 0.00609253 0.00841796 0.0112762 0.0145036 0.0179299 0.0213599 0.0245936 0.0274495 0.0297803 0.0314773 0.0324658 0.032701 0.0321667 0.0308808 0.0289043 0.0263449 0.0233552 0.0201177
 1.09206e-16 1.4027e-05 8.2276e-05 0.000390997 0.00150518 0.00469362 0.011856 0.0242617 0.0402266 0.0540537 0.0589018 0.0521474 0.0377475 0.0228756 0.0126858 0.00829423 0.00833104 0.0111184 0.0155889 0.0211593 0.0273728 0.0337049 0.0395552 0.0443419 0.0476241 0.0491963 0.0491202 0.0476801 0.0452841 0.0423463 0.0391921 0.0360121 0.0328707 0.0297492 0.026604 0.0234119
 1.02248e-16 3.78534e-05 0.00022219 0.00105623 0.00406663 0.0126815 0.0320322 0.0655409 0.108637 0.145883 0.158713 0.13991 0.0999651 0.0579624 0.0274246 0.0108808 0.00413522 0.00227928 0.00232956 0.00303401 0.00398093 0.00502909 0.00609384 0.00709869 0.00797649 0.00867831 0.00917825 0.0094714 0.00956693 0.00947975 0.0092245 0.00881393 0.0082612 0.00758388 0.00680714 0.00596436
 1.00665e-16 3.64365e-05 0.000213863 0.00101663 0.0039141 0.0122058 0.0308308 0.0630835 0.104566 0.140425 0.152797 0.134747 0.0963896 0.056118 0.0269804 0.0114483 0.00551753 0.00448156 0.00545549 0.00717654 0.00914161 0.0110672 0.0127077 0.0138437 0.0143211 0.0140859 0.0131977 0.0118109 0.0101348 0.00838388 0.00673461 0.00530096 0.00413054 0.00321732 0.00252257 0.00199552
 1.01526e-16 2.25467e-05 0.000132293 0.000628779 0.0024207 0.00754861 0.0190675 0.0390169 0.0646835 0.0868942 0.0946266 0.0836305 0.060221 0.0358627 0.0187449 0.0105391 0.00891077 0.0110497 0.015182 0.0204013 0.0261123 0.0317138 0.0365491 0.0399983 0.041611 0.0412108 0.0389339 0.0351836 0.0305223 0.0255376 0.0207257 0.0164223 0.0127902 0.00984975 0.00753085 0.00572481
 1.01588e-16 3.5351e-05 0.000207493 0.000986351 0.00379755 0.0118423 0.0299127 0.0612047 0.101451 0.136239 0.148235 0.130708 0.0934635 0.054342 0.0259928 0.0108045 0.00488597 0.00367276 0.00438174 0.00582139 0.00755507 0.0093714 0.0110955 0.0125619 0.0136352 0.014235 0.0143467 0.0140157 0.0133271 0.0123811 0.0112712 0.010072 0.0088382 0.0076089 0.00641544 0.00528597
 1.00888e-16 3.52833e-05 0.000207091 0.000984429 0.00379013 0.0118192 0.0298543 0.0610856 0.101255 0.13598 0.147965 0.130497 0.0933721 0.054408 0.0262462 0.0112888 0.0056676 0.00483241 0.00599262 0.0079212 0.010118 0.0122872 0.0141642 0.0155094 0.0161508 0.0160228 0.0151806 0.0137813 0.012042 0.0101869 0.00840243 0.00681135 0.00546882 0.00437563 0.00349975 0.00279704
 1.00588e-16 3.6331e-05 0.000213243 0.00101368 0.00390277 0.0121704 0.0307415 0.0629008 0.104263 0.140018 0.152353 0.134354 0.0961029 0.0559412 0.0268772 0.0113741 0.00543883 0.00437892 0.00532048 0.00700947 0.00895164 0.010873 0.0125367 0.0137289 0.0142954 0.0141756 0.0134155 0.0121519 0.0105761 0.00888768 0.00725497 0.00579161 0.00455242 0.00354403 0.00274273 0.00211208
 1.00506e-16 3.6287e-05 0.000212985 0.00101245 0.00389803 0.0121557 0.0307042 0.0628244 0.104137 0.139848 0.15217 0.134194 0.0959941 0.0558883 0.0268711 0.0114047 0.00550203 0.00447725 0.00545919 0.00719253 0.00917856 0.0111368 0.0128228 0.0140167 0.0145604 0.0143932 0.0135655 0.0122219 0.0105629 0.00879756 0.00710154 0.00559308 0.00432837 0.00331264 0.00251893 0.00190666
 1.01714e-16 1.93364e-05 0.00011344 0.000539137 0.00207553 0.0064722 0.0163487 0.0334545 0.0554656 0.0745221 0.0811829 0.0718186 0.0518669 0.0311915 0.0168598 0.0103594 0.0097423 0.0126369 0.0175249 0.0235797 0.0301805 0.0366474 0.0422234 0.046192 0.0480332 0.0475449 0.0448866 0.0405273 0.0351201 0.0293461 0.0237798 0.0188091 0.014621 0.0112369 0.00857392 0.00650431
 1.05671e-16 1.80778e-05 0.000106068 0.000504126 0.0019408 0.00605208 0.0152873 0.0312813 0.0518584 0.069663 0.0758562 0.0670273 0.0482357 0.0286683 0.0148872 0.00823334 0.00684647 0.00850303 0.0118354 0.0162001 0.0212271 0.0265511 0.031746 0.0363681 0.0400325 0.0424808 0.0436144 0.0434839 0.0422465 0.0401095 0.0372828 0.0339536 0.030284 0.0264208 0.0225076 0.0186871
 1.03757e-16 3.26856e-05 0.000191844 0.000911955 0.0035111 0.0109491 0.0276564 0.0565882 0.0937995 0.125965 0.137061 0.120865 0.086447 0.0503068 0.0241469 0.0101851 0.00483461 0.00388629 0.00477603 0.00640745 0.00837679 0.0104829 0.0125538 0.0144232 0.0159523 0.017053 0.0176977 0.0179116 0.0177522 0.0172848 0.0165649 0.0156304 0.0145067 0.0132168 0.0117925 0.0102792
 1.02079e-16 3.05706e-05 0.000179417 0.000852848 0.00328348 0.0102392 0.0258635 0.0529207 0.087724 0.117817 0.128225 0.113142 0.0810755 0.0474868 0.0233644 0.0108331 0.0065858 0.00671235 0.00880037 0.0117518 0.015051 0.0183175 0.0211742 0.0232716 0.0243571 0.024332 0.0232724 0.0214017 0.0190285 0.0164704 0.0139886 0.011752 0.00983256 0.0082263 0.00688575 0.00575057
 1.01086e-16 3.49285e-05 0.000205009 0.000974532 0.00375202 0.0117004 0.0295541 0.0604714 0.100237 0.134612 0.146476 0.12918 0.0924246 0.0538446 0.0259539 0.0111291 0.0055409 0.00468614 0.00580642 0.00769446 0.00986558 0.0120392 0.0139644 0.0154111 0.0162087 0.0162831 0.0156708 0.0145035 0.0129703 0.0112712 0.0095762 0.00800232 0.00660964 0.00541231 0.00439654 0.00353752
 1.00751e-16 3.44285e-05 0.00020207 0.000960558 0.00369821 0.0115325 0.0291303 0.0596043 0.0988005 0.132686 0.144386 0.127354 0.0911521 0.053173 0.0257601 0.0112676 0.00593146 0.00531894 0.00670751 0.00889016 0.0113573 0.0137881 0.0158864 0.0173813 0.0180782 0.0179018 0.0169132 0.0152894 0.0132759 0.0111283 0.00906084 0.00721713 0.00566481 0.00440945 0.00341789 0.00264114
 1.01334e-16 2.81719e-05 0.000165329 0.00078586 0.00302554 0.00943481 0.0238317 0.048764 0.0808359 0.108573 0.118181 0.104322 0.0748472 0.0440239 0.0220054 0.0107829 0.00734177 0.00810265 0.010845 0.0145275 0.0186085 0.0226364 0.0261435 0.0286904 0.0299557 0.0298085 0.0283362 0.0258128 0.0226244 0.0191761 0.015811 0.0127631 0.0101486 0.00798726 0.0062382 0.00483506
 1.02216e-16 2.86538e-05 0.000168163 0.000799346 0.00307748 0.00959681 0.0242409 0.0496007 0.0822211 0.110428 0.120187 0.106061 0.0760236 0.044574 0.022019 0.0103608 0.00651283 0.00682434 0.00904713 0.0121608 0.015684 0.0192523 0.0224941 0.0250528 0.0266541 0.0271628 0.0266058 0.0251522 0.0230595 0.0206073 0.0180396 0.015532 0.0131869 0.0110481 0.00912478 0.00741237
 1.02747e-16 2.74672e-05 0.000161195 0.000766214 0.00294991 0.00919898 0.023236 0.0475448 0.0788141 0.105855 0.115217 0.101692 0.0729291 0.0428344 0.0212987 0.0102543 0.00675582 0.00731288 0.00977121 0.0131409 0.0169343 0.0207636 0.0242276 0.0269431 0.0286188 0.029117 0.0284781 0.0268955 0.0246565 0.0220666 0.0193872 0.0167991 0.014399 0.0122184 0.010252 0.00848325
 1.01192e-16 3.72464e-05 0.000218622 0.00103926 0.00400126 0.0124776 0.0315174 0.0644879 0.106893 0.143544 0.15618 0.137702 0.0984421 0.0571895 0.0272654 0.0111761 0.00481021 0.00334681 0.00384439 0.00504361 0.00648818 0.00796789 0.00931957 0.0103961 0.0110857 0.0113336 0.0111515 0.0106083 0.00980812 0.00886258 0.00786749 0.00688978 0.00596626 0.00511058 0.00432382 0.00360358
 1.00999e-16 3.09387e-05 0.000181576 0.000863107 0.00332298 0.0103624 0.0261746 0.0535574 0.0887798 0.119237 0.129773 0.114517 0.0820785 0.0481105 0.0237382 0.0111176 0.00690612 0.00714801 0.00939715 0.0125294 0.0160012 0.0193981 0.0223068 0.0243454 0.0252409 0.0248932 0.0233971 0.0210132 0.0180992 0.0150245 0.0120969 0.00951955 0.00738405 0.00569065 0.00438292 0.00338185
 1.01886e-16 2.80126e-05 0.000164396 0.000781432 0.0030085 0.00938169 0.0236975 0.0484892 0.0803795 0.107958 0.117506 0.103713 0.07438 0.0436896 0.0217292 0.0104696 0.00690626 0.00747796 0.00998454 0.0134114 0.0172544 0.0211094 0.0245583 0.0272026 0.0287407 0.0290328 0.0281265 0.0262326 0.0236623 0.0207497 0.0177842 0.0149706 0.0124232 0.0101818 0.00824077 0.00657488
 1.02357e-16 2.97443e-05 0.000174567 0.000829797 0.00319474 0.00996247 0.0251645 0.0514902 0.0853524 0.114631 0.124754 0.110073 0.0788609 0.0461597 0.0226571 0.0104177 0.00622292 0.0062724 0.00823026 0.0110482 0.0142531 0.0175072 0.0204741 0.0228324 0.0243349 0.0248599 0.0244313 0.0231999 0.021395 0.0192636 0.0170198 0.0148151 0.0127356 0.0108161 0.00906308 0.00747345
 1.02965e-16 2.57043e-05 0.000150842 0.000716989 0.00276037 0.0086079 0.021743 0.0444903 0.0737523 0.0990612 0.107835 0.0952054 0.0683417 0.0402695 0.0202636 0.0101556 0.00721207 0.00818331 0.0110551 0.0148809 0.0191586 0.023457 0.0273198 0.0303111 0.0321025 0.0325439 0.0316903 0.0297736 0.0271321 0.0241239 0.0210528 0.018127 0.0154538 0.013062 0.0109357 0.00904521
 1.08422e-16 2.45144e-06 1.43002e-05 6.77944e-05 0.000260707 0.000812711 0.00205346 0.00420625 0.00698988 0.00944036 0.0104132 0.00951884 0.00754248 0.00587427 0.00560903 0.00718529 0.0106173 0.0158101 0.0226394 0.030856 0.0399813 0.0492916 0.0579049 0.0649425 0.069713 0.071855 0.071395 0.0686977 0.0643394 0.0589487 0.0530728 0.0471042 0.0412741 0.0356935 0.0304111 0.0254615
pSPR Fmed_Fpbrs
0.530208   0.349296 0.349296
Fs Fmed_Fpbrs
0.473324   1.005 1.005
SSBpbr Bo_Bmed_Bpbrs
909006  436512  272062 272062
Ro
25848.3
SPR SPRFo_SPRFmed_SPRFpbrs
532721 282453 186077
log_Ro
9.98
likeval ReclasPelacesDesembMPH_pf_preclas_ppelaces_ptallas_desvR_qrecl_qpela
 90.4554 69.555 0.0564497 0.000179578 302.283 193.118 70.8217 0 35.8335 1.2324e-05 0 0 0 0 0
q_reclas_q_pelaces
0.608073 1
M
0.7
N
 14554.2 31027.4 14418.5 1938.55 0.170063
 26579.5 7008.39 12473 5796.22 779.361
 4340.88 12508.8 2406.75 4283.33 2258.12
 22255 1810.78 1876.31 361.009 981.209
 55679.9 10192.4 515.836 534.502 382.356
 22805.3 27331.5 4674.5 236.575 420.493
 57826.5 10378.6 7455.06 1275.04 179.225
 73351.8 26701.6 3127.76 2246.69 438.264
 106348 32017.4 5467.94 640.501 549.824
 199300 46747.9 6881.3 1175.19 255.829
 59921.8 92832.5 14956.6 2201.61 457.842
 29555.7 27515 26923.4 4337.73 771.299
 50139.9 13650.3 8303.85 8125.33 1541.87
 22538.4 21862.4 2774.97 1688.09 1965.25
 14941.3 8970.99 2376.18 301.606 397.075
 15784.4 5829.51 850.09 225.167 66.207
 10925.9 7070.2 1425.69 207.902 71.2598
 10790 5018.21 2054.01 414.187 81.1012
 9621.27 5044.77 1647.37 674.285 162.592
 29375.3 4506.77 1677.53 547.795 278.285
 34308 13626.1 1401.32 521.605 256.858
 36331 16637.4 5749.1 591.243 328.449
 48096.1 17531.5 6785.31 2344.69 375.083
 38165.6 22991.9 6703.43 2594.46 1039.94
 1332.46 18100.3 8324.39 2427.03 1315.86
pred_Ctot
 317.715 4302.26 1999.27 268.799 0.023581
 1002.63 1587.93 2826.08 1313.29 176.585
 504.439 6709.35 1290.9 2297.45 1211.18
 1249.95 573.084 593.821 114.254 310.537
 461.317 562.914 28.4889 29.5198 21.117
 1377.14 9166.7 1567.78 79.3449 141.029
 2929.28 3019.2 2168.71 370.915 52.1375
 6431.46 11860.9 1389.35 997.984 194.677
 8842.46 13691.8 2338.29 273.902 235.125
 8920.53 12263.8 1805.23 308.298 67.114
 3260.65 28636.2 4613.68 679.134 141.231
 1493.05 7986.02 7814.33 1258.99 223.864
 4430.44 6096.81 3708.87 3629.13 688.669
 3258.12 13339.9 1693.21 1030.03 1199.15
 2335.02 5708.48 1512.03 191.92 252.67
 1119.03 2214.85 322.981 85.5494 25.1545
 592.712 2175.52 438.689 63.9721 21.9269
 455.443 1252.53 512.673 103.379 20.2425
 393.808 1226.46 400.498 163.928 39.5284
 1397.67 1244.58 463.261 151.277 76.8504
 579.304 1487.33 152.959 56.9349 28.0369
 739.675 2162.79 747.358 76.8591 42.6969
 1294.59 2943.97 1139.42 393.73 62.9856
 1237.43 4561.43 1329.92 514.723 206.317
 54.3559 4387.79 2017.96 588.349 318.986
F
 0.030769 0.211307 0.211307 0.211307 0.211307
 0.0537067 0.368832 0.368832 0.368832 0.368832
 0.174317 1.19713 1.19713 1.19713 1.19713
 0.0809209 0.555726 0.555726 0.555726 0.555726
 0.0115796 0.0795233 0.0795233 0.0795233 0.0795233
 0.0872434 0.599146 0.599146 0.599146 0.599146
 0.0727238 0.499433 0.499433 0.499433 0.499433
 0.128987 0.885822 0.885822 0.885822 0.885822
 0.121947 0.837472 0.837472 0.837472 0.837472
 0.0640141 0.439619 0.439619 0.439619 0.439619
 0.0783105 0.5378 0.5378 0.5378 0.5378
 0.0725167 0.49801 0.49801 0.49801 0.49801
 0.13005 0.893121 0.893121 0.893121 0.893121
 0.221225 1.51927 1.51927 1.51927 1.51927
 0.241194 1.65641 1.65641 1.65641 1.65641
 0.103134 0.708276 0.708276 0.708276 0.708276
 0.0780622 0.536094 0.536094 0.536094 0.536094
 0.0602687 0.413897 0.413897 0.413897 0.413897
 0.0583952 0.40103 0.40103 0.40103 0.40103
 0.0681712 0.468168 0.468168 0.468168 0.468168
 0.0237263 0.162941 0.162941 0.162941 0.162941
 0.0286699 0.196891 0.196891 0.196891 0.196891
 0.0380607 0.261383 0.261383 0.261383 0.261383
 0.0460064 0.31595 0.31595 0.31595 0.31595
 0.0581943 0.399651 0.399651 0.399651 0.399651
nmprior
 10 11 7 0
nm_flota  nm_reclas  nm_pelaces    nm_pelaL
inf 31.8669 25.0867 47.7895
cv_recla  cv_pelaces  cv_mph
0.860285 0.981361 0.434775
 ------------------------------------------------
Talla a la edad & desviación 
 7.2 14.2025 17.0495 18.207 18.6776
 1.08 2.13037 2.55742 2.73105 2.80164
