years
 1997 1998 1999 2000 2001 2002 2003 2004 2005 2006 2007 2008 2009 2010 2011 2012 2013 2014 2015 2016 2017 2018 2019 2020 2021
reclasobs
 0 0 0 370054 412103 1.49427e+06 250295 1.28982e+06 931140 785840 897777 1.04006e+06 184774 17550 25797 100020 73551 82996 120727 218422 84188 347160 605670 569463 516374
reclaspred
 516105 130327 316355 210923 347386 427503 933093 645919 732636 780668 678000 475992 291471 119269 70111.7 66310.4 78534.6 104888 112915 151506 231277 219751 369250 461577 512589
pelacesobs
 0 0 0 0 0 0 0 0 0 2.06254e+06 1.5e+06 0 1.87456e+06 323000 250000 174000 83755 137374 0 501740 490994 745055 786931 1.00524e+06 0
pelacespred
 2.00498e+06 470224 644004 717493 1.04589e+06 1.02265e+06 2.58047e+06 2.11132e+06 2.15631e+06 2.34733e+06 1.77051e+06 1.29764e+06 766988 243026 144755 152208 188777 266537 291518 380275 679128 633546 812757 1.19197e+06 1.38141e+06
mphobs
 0 0 0 0 0 112323 0 153150 637223 0 255016 313432 73983 77613 109348 50772 0 0 0 0 0 0 0 0 0
mphpred
 189042 101487 109480 100438 117601 202219 281837 353999 306084 333187 361071 255877 161288 83494.7 35984.1 28472.7 31074.2 40367.7 50381.7 56406.7 85236.1 105921 130578 179389 257352
desembarqueobs
 350755 77701 442110 56441 14545 235359 269955 359681 431902 328805 639364 411747 362871 311530 167758 66681 60226 58785 57116 71774 51957 67425 138520 160799 200461
desembarquepred
 350757 77696.7 442056 56443.5 14545.3 235435 270019 359644 431917 328793 639219 411718 362865 311554 167548 66672.4 60251 58774.3 57097 71768.3 51959.6 67413.4 138520 160811 200461
Reclutas
 34791.7 42683.1 20626.7 31025.7 56252.6 38451.5 73631.3 71888.7 94882.9 116924 67204.3 46494.4 46224.2 25440.6 14219.8 12641.3 9572.6 11000 11527.1 18398.4 24502.7 30941 47104.3 60516.4 21444.9
log_desv_Rt
 0.0571351 0.261559 -0.465657 -0.0574287 0.537608 0.157154 0.806825 0.782874 1.0604 1.26928 0.715492 0.347088 0.341258 -0.255897 -0.83761 -0.955274 -1.23334 -1.09435 -1.04754 -0.579982 -0.293463 -0.060161 0.36012 0.610669 -0.426758
SSB
 441845 237204 255887 234753 274868 472644 658734 827397 715405 778754 843927 598058 376975 195151 84105.1 66549 72629.2 94350.8 117756 131839 199221 247569 305199 419284 601505
BT
 1.49473e+06 363910 610024 433877 569123 670635 1.6428e+06 1.50855e+06 1.59381e+06 1.57624e+06 1.48367e+06 1.03976e+06 769566 423313 222681 138012 152117 191199 195354 262172 405846 371017 504949 749301 805367
Ftot
 0.99946 0.946879 1.69691 0.380234 0.0652919 0.61303 0.3963 0.77276 0.874143 0.630887 1.13054 0.982985 1.57151 3.13295 3.58341 1.53807 1.15552 0.803384 0.645446 0.673963 0.321943 0.379443 0.460871 0.471275 0.404712
BD_Bspro_t
 0.907992 0.62964 0.542119 0.350838 0.513599 0.698028 0.637626 0.658694 0.590151 0.565081 0.552804 0.396646 0.295329 0.197717 0.10745 0.105292 0.154119 0.252015 0.349462 0.433948 0.565916 0.678466 0.686511 0.687949 0.684885
BD_Bspro
 0.652438 0.350261 0.377848 0.346642 0.405876 0.697917 0.9727 1.22175 1.05638 1.14993 1.24616 0.883106 0.55665 0.288164 0.124191 0.0982677 0.107246 0.13932 0.173882 0.194676 0.294174 0.365565 0.450663 0.619124 0.888195
BD_Bo
 0.519116 0.278687 0.300637 0.275807 0.322937 0.555301 0.773934 0.972094 0.840517 0.914944 0.991515 0.702648 0.442901 0.229279 0.0988136 0.0781872 0.0853307 0.110851 0.13835 0.154895 0.234061 0.290864 0.358572 0.492609 0.706697
BD_Brms
 0.943847 0.506703 0.546613 0.501468 0.587158 1.00964 1.40715 1.76744 1.52821 1.66353 1.80275 1.27754 0.805275 0.416872 0.179661 0.142158 0.155147 0.201547 0.251545 0.281627 0.425566 0.528844 0.65195 0.895653 1.2849
S_f
 0.0987477 0.675512 0.975341 0.998671 0.99993
 0.0987477 0.675512 0.975341 0.998671 0.99993
 0.0987477 0.675512 0.975341 0.998671 0.99993
 0.0987477 0.675512 0.975341 0.998671 0.99993
 0.0987477 0.675512 0.975341 0.998671 0.99993
 0.0987477 0.675512 0.975341 0.998671 0.99993
 0.0987477 0.675512 0.975341 0.998671 0.99993
 0.0987477 0.675512 0.975341 0.998671 0.99993
 0.0987477 0.675512 0.975341 0.998671 0.99993
 0.0987477 0.675512 0.975341 0.998671 0.99993
 0.0987477 0.675512 0.975341 0.998671 0.99993
 0.0987477 0.675512 0.975341 0.998671 0.99993
 0.0987477 0.675512 0.975341 0.998671 0.99993
 0.0987477 0.675512 0.975341 0.998671 0.99993
 0.0987477 0.675512 0.975341 0.998671 0.99993
 0.0987477 0.675512 0.975341 0.998671 0.99993
 0.0987477 0.675512 0.975341 0.998671 0.99993
 0.0987477 0.675512 0.975341 0.998671 0.99993
 0.0987477 0.675512 0.975341 0.998671 0.99993
 0.0987477 0.675512 0.975341 0.998671 0.99993
 0.0987477 0.675512 0.975341 0.998671 0.99993
 0.0987477 0.675512 0.975341 0.998671 0.99993
 0.0987477 0.675512 0.975341 0.998671 0.99993
 0.0987477 0.675512 0.975341 0.998671 0.99993
 0.0987477 0.675512 0.975341 0.998671 0.99993
Scru_reclas
 0.661598 0.93223 0.989774 0.998534 0.999791
 0.661598 0.93223 0.989774 0.998534 0.999791
 0.661598 0.93223 0.989774 0.998534 0.999791
 0.661598 0.93223 0.989774 0.998534 0.999791
 0.661598 0.93223 0.989774 0.998534 0.999791
 0.661598 0.93223 0.989774 0.998534 0.999791
 0.661598 0.93223 0.989774 0.998534 0.999791
 0.661598 0.93223 0.989774 0.998534 0.999791
 0.661598 0.93223 0.989774 0.998534 0.999791
 0.661598 0.93223 0.989774 0.998534 0.999791
 0.661598 0.93223 0.989774 0.998534 0.999791
 0.661598 0.93223 0.989774 0.998534 0.999791
 0.661598 0.93223 0.989774 0.998534 0.999791
 0.661598 0.93223 0.989774 0.998534 0.999791
 0.661598 0.93223 0.989774 0.998534 0.999791
 0.661598 0.93223 0.989774 0.998534 0.999791
 0.661598 0.93223 0.989774 0.998534 0.999791
 0.661598 0.93223 0.989774 0.998534 0.999791
 0.661598 0.93223 0.989774 0.998534 0.999791
 0.661598 0.93223 0.989774 0.998534 0.999791
 0.661598 0.93223 0.989774 0.998534 0.999791
 0.661598 0.93223 0.989774 0.998534 0.999791
 0.661598 0.93223 0.989774 0.998534 0.999791
 0.661598 0.93223 0.989774 0.998534 0.999791
 0.661598 0.93223 0.989774 0.998534 0.999791
Scru_pelaces
 0.656638 1 1 1 1
 0.656638 1 1 1 1
 0.656638 1 1 1 1
 0.656638 1 1 1 1
 0.656638 1 1 1 1
 0.656638 1 1 1 1
 0.656638 1 1 1 1
 0.656638 1 1 1 1
 0.656638 1 1 1 1
 0.656638 1 1 1 1
 0.656638 1 1 1 1
 0.656638 1 1 1 1
 0.656638 1 1 1 1
 0.656638 1 1 1 1
 0.656638 1 1 1 1
 0.656638 1 1 1 1
 0.656638 1 1 1 1
 0.656638 1 1 1 1
 0.656638 1 1 1 1
 0.656638 1 1 1 1
 0.656638 1 1 1 1
 0.656638 1 1 1 1
 0.656638 1 1 1 1
 0.656638 1 1 1 1
 0.656638 1 1 1 1
pf_obs 
 0.256992 0.487395 0.22802 0.0275931 0
 0.321318 0.546541 0.124235 0.00734118 0.000564706
 0.182869 0.594174 0.210203 0.0122559 0.00049798
 0.330522 0.361315 0.267642 0.0388342 0.00168674
 0.649043 0.306663 0.0425973 0.00169635 0
 0.582887 0.30429 0.105238 0.00758474 0
 0.465427 0.430635 0.0974691 0.00646863 0
 0.296916 0.608066 0.0921331 0.00288517 0
 0.311714 0.524322 0.152257 0.0117073 0
 0.15457 0.633149 0.183074 0.0267441 0.00246327
 0.131901 0.49318 0.331252 0.0422183 0.00144891
 0.196976 0.569456 0.194076 0.0375587 0.00193317
 0.518974 0.381816 0.0799577 0.0180837 0.00116848
 0.0928022 0.601141 0.25162 0.0475244 0.00691264
 0.122501 0.610282 0.24278 0.0234846 0.000952079
 0.383417 0.481906 0.127806 0.00687128 0
 0.0376549 0.599619 0.316969 0.0457579 0
 0.0361596 0.667082 0.258105 0.0386534 0
 0.158088 0.579412 0.248529 0.0139706 0
 0.0477256 0.309471 0.559284 0.082774 0.000745712
 0.0406174 0.521527 0.379366 0.0568643 0.0016247
 0.151134 0.462217 0.34131 0.0453401 0
 0.294876 0.26143 0.354403 0.0886775 0.000613685
 0.281977 0.475581 0.204845 0.0348837 0.00271318
 0 0 0 0 0
pf_pred 
 0.28725 0.485971 0.20242 0.0243455 1.25982e-05
 0.279067 0.558784 0.127545 0.0310103 0.00359387
 0.149533 0.653151 0.168773 0.0226283 0.00591513
 0.269767 0.468864 0.227032 0.0295785 0.00475787
 0.281336 0.499345 0.160284 0.0514652 0.00756986
 0.140033 0.595384 0.20284 0.0454103 0.0163335
 0.258924 0.391898 0.272963 0.0588581 0.0173571
 0.204004 0.566507 0.145077 0.0663951 0.0180167
 0.255197 0.493657 0.201798 0.0315884 0.0177593
 0.252225 0.546912 0.15413 0.0378138 0.00891874
 0.143473 0.610902 0.199912 0.0353378 0.0103755
 0.146914 0.510843 0.279002 0.0518523 0.0113885
 0.221461 0.480361 0.214794 0.0684464 0.0149375
 0.219304 0.614492 0.126555 0.0289438 0.0107044
 0.281742 0.622747 0.0874037 0.0062883 0.00181855
 0.32361 0.611317 0.0621201 0.00272236 0.000230962
 0.218546 0.642338 0.131841 0.00695926 0.000315611
 0.243811 0.53 0.201547 0.0234012 0.00124031
 0.217235 0.555921 0.180208 0.0417082 0.00492683
 0.281684 0.477552 0.191935 0.0390439 0.00978522
 0.250233 0.551144 0.151212 0.0380427 0.00936874
 0.220049 0.52191 0.208224 0.0381706 0.0116463
 0.251293 0.482061 0.201252 0.0530539 0.0123403
 0.235218 0.5291 0.173618 0.0471774 0.0148869
 0.074657 0.617973 0.238767 0.0509268 0.0176757
pobs_RECLAS
 0 0 0 0 0
 0 0 0 0 0
 0 0 0 0 0
 0 0 0 0 0
 0.835266 0.146461 0.0176864 0.000547809 3.91292e-05
 0.385257 0.428462 0.181853 0.0044286 0
 0.867414 0.0963971 0.0333333 0.00285562 0
 0.441836 0.489002 0.0689373 0.000224442 0
 0.779404 0.147425 0.0564933 0.0165055 0.000172143
 0.814271 0.122319 0.05973 0.00367925 0
 0.40263 0.566651 0.0304383 0.000280538 0
 0.475488 0.404961 0.113038 0.00651328 0
 0.955842 0.0263864 0.0167828 0.000988607 0
 0.975058 0.0227948 0.00214734 0 0
 0.738997 0.206755 0.0527124 0.00153531 0
 0.850938 0.134255 0.0134407 0.00136685 0
 0.542534 0.407297 0.0501686 0 0
 0.764087 0.199537 0.0359546 0.000420521 0
 0.470689 0.182191 0.310203 0.0369168 0
 0.84361 0.089868 0.0606195 0.00523954 0.000663233
 0.607945 0.314616 0.071237 0.00620181 0
 0.523733 0.453247 0.0230204 0 0
 0.530135 0.295979 0.169645 0.0042399 0
 0.562478 0.366248 0.0663022 0.0049721 0
 0.250443 0.683176 0.0655157 0.000865301 0
ppred_RECLAS
 0.694244 0.229865 0.06787 0.00801758 4.1482e-06
 0.678384 0.266788 0.0432899 0.0103404 0.00119819
 0.506811 0.409696 0.0716415 0.00939624 0.00245525
 0.668704 0.23576 0.0831548 0.0106659 0.0017156
 0.674779 0.246138 0.0580266 0.0183557 0.00269987
 0.470643 0.401112 0.098691 0.0217362 0.00781758
 0.664394 0.203834 0.10336 0.0219412 0.00647012
 0.584549 0.322379 0.0592045 0.0266398 0.00722802
 0.657955 0.251172 0.0732665 0.0112711 0.00633583
 0.645635 0.280344 0.0570157 0.0137605 0.00324526
 0.485821 0.401105 0.0923477 0.0160229 0.00470349
 0.49899 0.339949 0.131731 0.0240483 0.00528095
 0.634078 0.257407 0.0786319 0.0245316 0.00535184
 0.661859 0.291914 0.0354829 0.00784556 0.00289857
 0.738058 0.241264 0.0189838 0.00131471 0.000379728
 0.724425 0.256867 0.0178756 0.000767124 6.506e-05
 0.604112 0.343654 0.0495513 0.00256701 0.000116392
 0.64006 0.275808 0.0751049 0.00857263 0.000454312
 0.601604 0.308045 0.0720183 0.0163962 0.00193664
 0.684345 0.231766 0.0670996 0.0134254 0.00336435
 0.638827 0.286186 0.0572977 0.0141942 0.00349546
 0.60463 0.290912 0.0845444 0.0152583 0.00465529
 0.648186 0.251248 0.0761958 0.019771 0.00459846
 0.624763 0.283816 0.067627 0.0180871 0.00570707
 0.304675 0.510987 0.143695 0.0301721 0.0104717
pobs_PELACES
 0 0 0 0 0
 0 0 0 0 0
 0 0 0 0 0
 0 0 0 0 0
 0 0 0 0 0
 0 0 0 0 0
 0 0 0 0 0
 0 0 0 0 0
 0 0 0 0 0
 0 0 0 0 0
 0.450072 0.473896 0.0757376 0.000293798 0
 0 0 0 0 0
 0.463077 0.371075 0.160297 0.00555027 0
 0.529543 0.364841 0.0842815 0.0213345 0
 0.631943 0.363953 0.00410389 0 0
 0.735681 0.248677 0.0153453 0.000297389 0
 0.695825 0.281241 0.0229344 0 0
 0.275771 0.60734 0.115278 0.00161068 0
 0 0 0 0 0
 0.896147 0.0623911 0.0374545 0.00400742 0
 0.803859 0.145111 0.0509908 3.86294e-05 0
 0.739449 0.233085 0.0266225 0.000797448 4.60066e-05
 0.878498 0.100942 0.0204185 0.000141795 0
 0.694673 0.275183 0.0284847 0.00165964 0
 0 0 0 0 0
ppred_PELACES
 0.725133 0.214539 0.0540447 0.00627985 3.24369e-06
 0.705568 0.250441 0.0348517 0.00819187 0.00094766
 0.576411 0.364607 0.0507689 0.00651458 0.00169893
 0.673613 0.23876 0.0763883 0.00968364 0.0015554
 0.663945 0.258522 0.0570332 0.0178742 0.00262567
 0.487508 0.399601 0.0871533 0.0189371 0.00680057
 0.672471 0.206781 0.0949614 0.0199205 0.0058659
 0.608479 0.313084 0.0501683 0.0222431 0.00602556
 0.685779 0.239578 0.0603679 0.00914362 0.00513157
 0.660883 0.275058 0.0495 0.0117844 0.002775
 0.52914 0.380756 0.0738281 0.0125872 0.00368857
 0.538449 0.32882 0.108888 0.0195552 0.00428713
 0.696737 0.226668 0.0558248 0.0170559 0.00371381
 0.774541 0.20338 0.017078 0.00365375 0.00134644
 0.841248 0.150268 0.00781198 0.000521676 0.000150262
 0.767576 0.219505 0.0123564 0.00051943 4.39695e-05
 0.642512 0.31704 0.0384045 0.00195463 8.8472e-05
 0.664197 0.265473 0.062885 0.00707098 0.000374135
 0.618842 0.302883 0.0625686 0.0140498 0.00165697
 0.702072 0.226043 0.0576618 0.0113766 0.00284656
 0.639396 0.291184 0.0531876 0.0130281 0.00320383
 0.609381 0.294809 0.0777224 0.0138634 0.00422375
 0.657222 0.252211 0.0688296 0.0176403 0.00409694
 0.633551 0.284376 0.0609134 0.0160901 0.00506957
 0.31011 0.520452 0.132437 0.0274785 0.0095232
pobs_pel_tallas
 0 0 0 0 0 0 0 0 0 0 0 0 0 0 0 0 0 0 0 0 0 0 0 0 0 0 0 0 0 0 0 0 0 0 0 0
 0 0 0 0 0 0 0 0 0 0 0 0 0 0 0 0 0 0 0 0 0 0 0 0 0 0 0 0 0 0 0 0 0 0 0 0
 0 0 0 0 0 0 0 0 0 0 0 0 0 0 0 0 0 0 0 0 0 0 0 0 0 0 0 0 0 0 0 0 0 0 0 0
 0 0 0 0 0 0 0 0 0 0 0 0 0 0 0 0 0 0 0 0 0 0 0 0 0 0 0 0 0 0 0 0 0 0 0 0
 0 0 0 0 0 0 0 0 0 0 0 0 0 0 0 0 0 0 0 0 0 0 0 0 0 0 0 0 0 0 0 0 0 0 0 0
 0 0 0 0 0 0 0 0 0 0 0 0 0 0 0 0 0 0 0 0 0 0 0 0 0 0 0 0 0 0 0 0 0 0 0 0
 0 0 0 0 0 0 0 0 0 0 0 0 0 0 0 0 0 0 0 0 0 0 0 0 0 0 0 0 0 0 0 0 0 0 0 0
 0 0 0 0 0 0 0 0 0 0 0 0 0 0 0 0 0 0 0 0 0 0 0 0 0 0 0 0 0 0 0 0 0 0 0 0
 0 0 0 0 0 0 0 0 0 0 0 0 0 0 0 0 0 0 0 0 0 0 0 0 0 0 0 0 0 0 0 0 0 0 0 0
 0 0 0 0 0 0 0 0 0 0 0 0 0 0 0 0 0 0 0 0 0 0 0 0 0 0 0 0 0 0 0 0 0 0 0 0
 0 0 0 0 0 0 0 0 1.78061e-05 0.00172719 0.00360574 0.0105946 0.0120993 0.0124554 0.0147524 0.0171206 0.0266825 0.0428682 0.0675386 0.121331 0.153587 0.119568 0.100827 0.0573624 0.0630603 0.0341343 0.0324427 0.0444173 0.0211091 0.0280891 0.0125444 0.00206551 0 0 0 0
 0 0 0 0 0 0 0 0 0 0 0 0 0 0 0 0 0 0 0 0 0 0 0 0 0 0 0 0 0 0 0 0 0 0 0 0
 0 0 0 0 0 0 0.0133647 0.0140871 0.0187388 0.0205184 0.03894 0.0496705 0.03968 0.0493445 0.0407372 0.0367815 0.0215668 0.0243155 0.0234873 0.0199281 0.019796 0.0243948 0.0301388 0.0376714 0.0412746 0.0863199 0.0771752 0.113111 0.0741005 0.0525337 0.0229764 0.00759418 0.00175318 0 0 0
 0 0 0 0 0 0 0 0 0 0 0.00219441 0.00772107 0.0458388 0.0604681 0.0671733 0.0775358 0.0609151 0.0617685 0.073594 0.0568108 0.0755445 0.0548602 0.0670107 0.0636378 0.0643287 0.046367 0.0373049 0.0286899 0.0247887 0.0153202 0.00654259 0.00121912 0.000365735 0 0 0
 0 0 0 0 0 0 0 0 0 0 0 0 0.000112435 0.00938835 0.0111873 0.0202946 0.0414886 0.0713402 0.111592 0.104902 0.108894 0.110636 0.117776 0.105296 0.107544 0.0401394 0.0192827 0.0124803 0.00416011 0.0028671 0.000618394 0 0 0 0 0
 0 0 0 0 0 0 0 0 0 0 0.00291406 0.0102884 0.027416 0.0768956 0.0749926 0.110853 0.0956884 0.0897413 0.0766577 0.0534642 0.0500743 0.0551293 0.0594112 0.0620874 0.0668451 0.0424026 0.0208742 0.0120726 0.0048766 0.00582813 0.00118941 0.000297354 0 0 0 0
 0 0.00264628 0.0354308 0.0461629 0.0458689 0.0383711 0.0214643 0.0164657 0.0346957 0.0420465 0.0363128 0.0245516 0.0311673 0.0291091 0.0169068 0.0133784 0.00837989 0.0085269 0.0148486 0.0160247 0.0276389 0.0546898 0.0760071 0.122758 0.109233 0.0665981 0.0333725 0.0166128 0.00676272 0.00308733 0.000882094 0 0 0 0 0
 0 0 0 0 0 0 0 0.000805153 0.000690131 0.00759144 0.0133425 0.0154129 0.00931677 0.000345066 0.00356568 0.00563607 0.00851162 0.0253048 0.0502646 0.0516448 0.0657925 0.0565908 0.0611916 0.0827007 0.0866115 0.110766 0.145733 0.0935128 0.0569358 0.0249597 0.0138026 0.00621118 0.00161031 0.00115022 0 0
 0 0 0 0 0 0 0 0 0 0 0 0 0 0 0 0 0 0 0 0 0 0 0 0 0 0 0 0 0 0 0 0 0 0 0 0
 0.00147267 0.00158595 0.00478618 0.00569244 0.00954404 0.0108468 0.00647125 0.017049 0.0510054 0.094081 0.124002 0.0959785 0.0687766 0.0820023 0.061753 0.0591476 0.0492212 0.0479892 0.0443925 0.0268479 0.0217502 0.0140895 0.0121071 0.0120363 0.00920419 0.00665534 0.0049561 0.00860946 0.00930331 0.0156896 0.0114698 0.00855282 0.00243557 0.00046729 0 2.83206e-05
 0 0 0 0 0.000772559 0.00158375 0.000888443 0.00281984 0.00712685 0.0440552 0.0773331 0.111326 0.0921469 0.0852325 0.0710754 0.0886704 0.0786465 0.0553345 0.0373146 0.0185414 0.00753245 0.00457741 0.012979 0.0271748 0.0457355 0.0583668 0.034881 0.0177882 0.00938659 0.00492506 0.0015258 0.00185414 0.000309023 5.79419e-05 3.86279e-05 0
 0 0.00173294 0.00326652 0 0.00397197 0.00683976 0.00946217 0.0152591 0.00757587 0.0136028 0.0228656 0.0392903 0.0559909 0.0764795 0.0681675 0.0726916 0.0566044 0.0477403 0.0527397 0.0444891 0.0609904 0.0582453 0.0661739 0.0445044 0.0529084 0.0360697 0.0280645 0.0235558 0.0158879 0.00826598 0.00280645 0.00217768 0.000904811 0.00058276 9.20147e-05 0
 0 0 0 0 0 0 0 0 0 0 0 0 0 0 0 0 0 0 0 0 0 0 0 0 0 0 0 0 0 0 0 0 0 0 0 0
 0 0 0 0 0 0 0 0 0 0 0 0 0 0 0 0 0 0 0 0 0 0 0 0 0 0 0 0 0 0 0 0 0 0 0 0
 0 0 0 0 0 0 0 0 0 0 0 0 0 0 0 0 0 0 0 0 0 0 0 0 0 0 0 0 0 0 0 0 0 0 0 0
ppred_pel_tallas
 1.01054e-16 3.16406e-05 0.0001857 0.000882721 0.00339851 0.0105979 0.0267695 0.0547744 0.090796 0.121941 0.132707 0.117084 0.0838707 0.0490649 0.0240312 0.0109588 0.00641499 0.00634646 0.00825719 0.0110215 0.0141279 0.0172134 0.0199218 0.0219204 0.0229633 0.0229459 0.0219258 0.0201 0.0177507 0.0151763 0.012632 0.0102948 0.00825691 0.006541 0.00512564 0.00397017
 1.00903e-16 3.07889e-05 0.000180696 0.000858927 0.00330688 0.0103122 0.0260478 0.053298 0.0883499 0.118659 0.129145 0.113964 0.0816841 0.0478835 0.0236341 0.0110826 0.00690385 0.0071626 0.00942596 0.0125762 0.0160726 0.0195021 0.0224512 0.0245366 0.025482 0.0251824 0.0237266 0.0213692 0.0184625 0.0153729 0.0124083 0.0097751 0.0075705 0.00580236 0.00442212 0.00335762
 1.01143e-16 2.51617e-05 0.000147649 0.000701794 0.00270184 0.00842534 0.021282 0.0435476 0.0721919 0.0969727 0.105581 0.0932607 0.0670449 0.0397042 0.0203455 0.0107939 0.00840309 0.0100071 0.0136208 0.0182649 0.0233511 0.028324 0.0325893 0.0355896 0.0369231 0.0364378 0.0342649 0.030778 0.0264937 0.0219496 0.0175979 0.0137423 0.0105266 0.00796286 0.00597929 0.00446841
 1.01568e-16 2.93952e-05 0.000172514 0.000820031 0.00315713 0.00984517 0.0248682 0.0508843 0.084349 0.113286 0.123299 0.108807 0.0779947 0.0457343 0.0225999 0.0106451 0.00670198 0.00702167 0.00929158 0.0124557 0.0160084 0.0195632 0.0227276 0.0251297 0.02649 0.0266813 0.0257536 0.0239095 0.0214461 0.0186811 0.0158886 0.0132621 0.0109073 0.00885894 0.0071071 0.00562266
 1.01631e-16 2.89743e-05 0.000170042 0.000808274 0.00311185 0.00970398 0.0245116 0.0501548 0.0831404 0.111665 0.121539 0.107267 0.0769167 0.0451551 0.0224116 0.0107191 0.00696281 0.00745198 0.00990414 0.0132653 0.0170132 0.0207337 0.024004 0.0264265 0.0277083 0.0277262 0.0265512 0.0244213 0.0216744 0.0186654 0.0156947 0.0129672 0.0105853 0.00856853 0.00688605 0.00548704
 1.02336e-16 2.12866e-05 0.000124895 0.000593612 0.0022853 0.00712637 0.018001 0.0368347 0.0610663 0.0820369 0.0893421 0.0789721 0.0568928 0.0339336 0.0178343 0.0101837 0.00878981 0.0110106 0.0151787 0.0204389 0.0262212 0.0319407 0.0369528 0.0406444 0.0425634 0.0425213 0.0406318 0.037267 0.0329548 0.0282495 0.0236207 0.0193885 0.015713 0.0126238 0.0100703 0.00796969
 1.02375e-16 2.93441e-05 0.000172218 0.000818627 0.00315173 0.00982834 0.0248257 0.0507971 0.0842035 0.113088 0.123076 0.108595 0.0778081 0.0455554 0.0223831 0.0103306 0.0062257 0.00632259 0.0083194 0.0111834 0.014447 0.0177742 0.0208273 0.0232817 0.0248842 0.025505 0.0251591 0.0239878 0.0222126 0.0200762 0.0177916 0.0155142 0.0133376 0.0113068 0.00943901 0.00774117
 1.01861e-16 2.6558e-05 0.000155851 0.000740797 0.00285203 0.00889371 0.022465 0.0459678 0.0762019 0.102353 0.111421 0.0983801 0.0706383 0.041658 0.0210261 0.0106393 0.00767497 0.00877268 0.0118404 0.0158791 0.0203395 0.0247384 0.0285676 0.0313496 0.0327372 0.0325921 0.0310149 0.0283089 0.0248973 0.0212205 0.0176472 0.0144235 0.0116652 0.00938259 0.0075223 0.00600668
 1.0149e-16 2.99256e-05 0.000175629 0.000834838 0.00321413 0.0100229 0.0253173 0.0518031 0.0858719 0.115331 0.125523 0.110767 0.0793927 0.0465402 0.0229718 0.0107752 0.00672137 0.00698979 0.00922261 0.0123425 0.0158348 0.0193086 0.02237 0.024649 0.0258714 0.0259196 0.0248558 0.0228969 0.0203532 0.0175525 0.014774 0.0122101 0.00995943 0.00804507 0.00644296 0.00510972
 1.01327e-16 2.88415e-05 0.000169261 0.000804555 0.00309753 0.0096593 0.0243988 0.0499241 0.0827584 0.111153 0.120986 0.106788 0.0765935 0.0450057 0.022412 0.0108426 0.00720282 0.00782179 0.0104247 0.0139518 0.0178631 0.0217198 0.025071 0.0274949 0.028684 0.0285155 0.0270766 0.0246346 0.0215637 0.0182551 0.0150389 0.012138 0.00966079 0.007622 0.00597801 0.00466129
 1.01777e-16 2.31012e-05 0.00013555 0.000644271 0.00248036 0.00773465 0.0195374 0.0399782 0.0662762 0.0890307 0.0969455 0.0856613 0.061643 0.0366286 0.0189973 0.010448 0.00857534 0.0104917 0.0143818 0.0193338 0.0247722 0.0301297 0.0347891 0.0381661 0.0398335 0.0396185 0.0376392 0.0342628 0.0300059 0.0254094 0.0209309 0.0168817 0.0134152 0.0105556 0.00824637 0.006397
 1.02526e-16 2.35051e-05 0.000137926 0.000655577 0.0025239 0.00787046 0.0198804 0.0406796 0.0674373 0.0905856 0.0986259 0.0871158 0.0626238 0.0370796 0.0189908 0.0100646 0.00783425 0.00935234 0.0127812 0.0172291 0.022175 0.0271297 0.0315619 0.034961 0.0369407 0.0373227 0.0361697 0.0337532 0.0304735 0.0267588 0.0229785 0.0193932 0.0161458 0.0132848 0.0108004 0.00865936
 1.01626e-16 3.04029e-05 0.000178432 0.000848168 0.00326546 0.010183 0.0257216 0.0526303 0.0872426 0.11717 0.127521 0.11252 0.0806287 0.0472227 0.0232306 0.010766 0.00654083 0.00666881 0.00875439 0.0117105 0.0150301 0.0183399 0.0212675 0.0234636 0.0246691 0.024772 0.0238294 0.0220433 0.0197029 0.0171134 0.0145337 0.0121411 0.0100258 0.00820809 0.00666574 0.00536037
 1.00498e-16 3.37945e-05 0.000198346 0.000942847 0.00363001 0.0113198 0.0285931 0.0585054 0.0969798 0.130243 0.141735 0.125031 0.0895257 0.0522959 0.0254687 0.0113669 0.00630707 0.0059448 0.00760489 0.0100863 0.0128576 0.0155599 0.0178526 0.0194255 0.0200585 0.0196736 0.018353 0.0163147 0.0138563 0.0112853 0.008858 0.00674389 0.00501921 0.00368329 0.00268667 0.0019594
 1.00185e-16 3.67011e-05 0.000215415 0.00102401 0.00394251 0.0122944 0.0310546 0.0635414 0.105325 0.141445 0.153908 0.135729 0.0970969 0.0565396 0.0272014 0.011573 0.00562227 0.00460851 0.00562406 0.00739273 0.00940075 0.0113535 0.0129933 0.0140907 0.0144848 0.0141212 0.0130655 0.0114846 0.00960489 0.00765894 0.0058405 0.00427713 0.00302501 0.00208119 0.00140478 0.000938603
 1.00267e-16 3.34914e-05 0.000196565 0.000934377 0.00359739 0.0112181 0.0283362 0.0579798 0.0961091 0.129075 0.140468 0.123924 0.0887534 0.0518869 0.025348 0.0114456 0.00653583 0.00631702 0.00813606 0.0107928 0.0137414 0.0165998 0.0190006 0.0206095 0.0211913 0.0206662 0.0191292 0.0168236 0.0140794 0.0112362 0.00857686 0.00628801 0.00445222 0.0030659 0.0020701 0.00138198
 1.0072e-16 2.80421e-05 0.000164564 0.000782218 0.00301151 0.00939105 0.0237212 0.0485381 0.0804623 0.108074 0.117645 0.103866 0.0745561 0.0439258 0.0220911 0.0110457 0.00779916 0.00879328 0.0118117 0.015797 0.0201726 0.0244389 0.0280751 0.0305965 0.0316558 0.0311249 0.0291245 0.0259869 0.0221699 0.0181491 0.0143238 0.0109619 0.00818912 0.00601313 0.00436626 0.00314783
 1.0124e-16 2.89856e-05 0.000170108 0.000808585 0.00311304 0.00970769 0.024521 0.0501741 0.0831726 0.111709 0.121588 0.107314 0.0769589 0.0451965 0.0224629 0.0107947 0.00707859 0.00762372 0.010146 0.0135871 0.0174162 0.021208 0.024526 0.0269597 0.0282067 0.02814 0.026834 0.0245365 0.0216003 0.0183978 0.0152465 0.0123659 0.00986883 0.00778058 0.00607122 0.00468658
 1.01548e-16 2.70094e-05 0.000158502 0.000753404 0.00290057 0.00904509 0.0228474 0.04675 0.0774982 0.104093 0.113312 0.100041 0.0718126 0.0423139 0.0212898 0.0106626 0.0075562 0.00854906 0.0115144 0.0154438 0.0197928 0.0240909 0.0278436 0.0305856 0.0319752 0.0318718 0.0303653 0.0277425 0.0244089 0.0207898 0.0172456 0.014022 0.0112413 0.00892537 0.00703327 0.0054981
 1.01417e-16 3.06355e-05 0.000179798 0.000854661 0.00329046 0.010261 0.0259185 0.0530332 0.0879103 0.118067 0.128496 0.113379 0.081241 0.0475748 0.0233917 0.0108201 0.00654543 0.00665054 0.00872081 0.011661 0.0149613 0.0182476 0.0211472 0.0233107 0.0244789 0.0245402 0.023552 0.0217176 0.0193285 0.0166926 0.0140724 0.0116492 0.00951658 0.00769694 0.00616897 0.0048933
 1.01448e-16 2.79052e-05 0.000163763 0.000778414 0.00299687 0.0093454 0.0236059 0.048302 0.0800702 0.107545 0.117065 0.103341 0.0741532 0.0436357 0.0218484 0.0107671 0.00740904 0.008231 0.0110333 0.0147808 0.0189293 0.0230206 0.0265788 0.0291576 0.0304312 0.0302688 0.028762 0.0261926 0.0229555 0.0194637 0.0160655 0.0129966 0.0103714 0.00820577 0.00645435 0.00504665
 1.01874e-16 2.65966e-05 0.000156079 0.000741886 0.00285623 0.00890681 0.0224981 0.0460353 0.0763134 0.102501 0.111579 0.0985104 0.0707124 0.0416627 0.0209572 0.0104893 0.00742778 0.00840572 0.011333 0.0152223 0.0195453 0.0238461 0.0276448 0.030486 0.0320309 0.0321325 0.030864 0.0284886 0.0253846 0.0219525 0.0185339 0.0153653 0.0125696 0.0101779 0.00816402 0.00647858
 1.01857e-16 2.86809e-05 0.00016832 0.000800089 0.00308034 0.0096057 0.0242634 0.0496469 0.0822983 0.110534 0.120307 0.106178 0.0761339 0.0446906 0.0221723 0.0105911 0.00686401 0.00733911 0.00976009 0.0130886 0.0168141 0.0205342 0.0238369 0.0263326 0.0277305 0.0279023 0.0269065 0.0249626 0.0223879 0.0195183 0.0166402 0.0139517 0.0115559 0.00947982 0.00770421 0.00619169
 1.01748e-16 2.76501e-05 0.000162265 0.000771297 0.00296947 0.00925995 0.0233901 0.0478603 0.0793379 0.106561 0.115993 0.102394 0.0734699 0.0432269 0.0216315 0.0106409 0.00729949 0.00809732 0.0108575 0.0145592 0.01867 0.0227441 0.0263178 0.0289545 0.0303327 0.0303185 0.0289926 0.0266193 0.0235731 0.020247 0.0169733 0.0139781 0.0113735 0.00917966 0.00736 0.00585578
 1.03439e-16 1.35563e-05 7.95e-05 0.000377772 0.00145422 0.00453464 0.0114546 0.0234414 0.0388704 0.0522436 0.0569613 0.0505054 0.0367239 0.0225841 0.0131144 0.00944985 0.0103203 0.0141359 0.0198524 0.0268288 0.0344716 0.0420568 0.0487525 0.0537585 0.0564788 0.0566559 0.0544216 0.0502419 0.0447856 0.0387587 0.0327626 0.0272112 0.0223174 0.0181316 0.0146041 0.0116452
pSPR Fmed_Fpbrs
0.484782   0.6 0.325
Fs Fmed_Fpbrs
0.740097   0.452085 1.55631
SSBpbr Bo_Bmed_Bpbrs
851149  370064  468132 234066
Ro
32859.6
SPR SPRFo_SPRFmed_SPRFpbrs
677221 328305 220097
log_Ro
10.22
likeval ReclasPelacesDesembMPH_pf_preclas_ppelaces_ptallas_desvR_qrecl_qpela
 64.6326 14.3245 0.0109882 0.000196506 281.304 188.645 69.9609 0 16.6115 2.60936e-06 9.89322e-05 1.13456e-14 0 0 0
q_reclas_q_pelaces
0.795406 4.11683
M
0.7
N
 34791.7 10906.4 3523.29 417.397 0.21582
 42683.1 15653.4 2757.17 660.063 76.4336
 20626.7 19303.8 4100.29 543.718 142.047
 31025.7 8662.66 3046.57 389.064 62.5168
 56252.6 14839.1 3327.33 1044.1 153.386
 38451.5 27754.7 7050.96 1550.36 557.112
 73631.3 17972.9 9109.3 1925.62 567.264
 71888.7 35160.9 6828.86 3073.35 833.23
 94882.9 33076.1 10359.7 1595.92 896.481
 116924 43220.9 9100.38 2193.15 516.784
 67204.3 54556 14015.3 2442.41 716.573
 46494.4 29847.4 12623.1 2310.56 507.068
 46224.2 20952.6 7629.94 2403.16 524.134
 25440.6 19654.8 3599.12 818.174 302.493
 14219.8 9271.79 1175.83 84.1628 24.333
 12641.3 4956.9 409.155 17.7198 1.50238
 9572.6 5392.94 870.923 45.3294 2.05421
 11000 4241 1226.94 140.124 7.42035
 11527.1 5045.84 1223.98 278.301 32.8437
 18398.4 5370.75 1620.21 323.866 81.0921
 24502.7 8548.11 1691.64 416.951 102.57
 30941 11786.9 3415.19 613.664 187.038
 47104.3 14799.8 4529.78 1171.34 272.173
 60516.4 22350.6 5383.24 1435 452.355
 21444.9 28685.1 8072.82 1688.16 585.31
pred_Ctot
 2364.92 4000.99 1666.52 200.436 0.103721
 2754.9 5516.21 1259.1 306.128 35.478
 2310.8 10093.5 2608.13 349.686 91.4093
 824.03 1432.19 693.492 90.3503 14.5334
 260.088 461.63 148.178 47.5781 6.99812
 1630.01 6930.4 2361.1 528.587 190.126
 2036.83 3082.87 2147.27 463.008 136.54
 3815.14 10594.4 2713.13 1241.67 336.935
 5671.29 10970.6 4484.6 701.994 394.667
 5097.02 11052.1 3114.69 764.15 180.232
 5138.32 21878.8 7159.65 1265.58 371.586
 3110.5 10815.7 5907.1 1097.83 241.121
 4821.33 10457.7 4676.19 1490.12 325.197
 4955.73 13886 2859.83 654.058 241.893
 3110.21 6874.63 964.866 69.4178 20.0753
 1292.3 2441.23 248.07 10.8715 0.922322
 747.277 2196.35 450.804 23.7958 1.07917
 606.106 1317.56 501.038 58.1745 3.08337
 513.77 1314.78 426.2 98.6416 11.6522
 855.203 1449.87 582.723 118.539 29.7083
 552.409 1216.69 333.814 83.9824 20.6823
 820.099 1945.1 776.03 142.258 43.4046
 1511.1 2898.78 1210.19 319.029 74.2058
 1984.29 4463.46 1464.63 397.986 125.585
 605.59 5012.77 1936.79 413.099 143.379
F
 0.0986944 0.675147 0.974815 0.998132 0.99939
 0.0935022 0.639628 0.92353 0.945621 0.946813
 0.167566 1.14628 1.65507 1.69466 1.69679
 0.0375473 0.256853 0.370858 0.379729 0.380208
 0.00644743 0.0441055 0.0636819 0.0652051 0.0652873
 0.0605353 0.414109 0.597913 0.612215 0.612987
 0.0391337 0.267706 0.386528 0.395774 0.396272
 0.0763083 0.522009 0.753705 0.771733 0.772706
 0.0863197 0.590494 0.852588 0.872982 0.874082
 0.0622986 0.426171 0.61533 0.630048 0.630842
 0.111638 0.763695 1.10266 1.12904 1.13046
 0.0970676 0.664018 0.958746 0.981679 0.982916
 0.155183 1.06157 1.53276 1.56942 1.5714
 0.309371 2.11634 3.05569 3.12878 3.13273
 0.353854 2.42064 3.49505 3.57865 3.58316
 0.151881 1.03898 1.50014 1.53602 1.53796
 0.114105 0.780568 1.12703 1.15399 1.15544
 0.0793323 0.542695 0.783573 0.802316 0.803327
 0.0637363 0.436006 0.62953 0.644588 0.645401
 0.0665523 0.45527 0.657344 0.673067 0.673915
 0.0317911 0.217476 0.314004 0.321515 0.321921
 0.0374691 0.256318 0.370086 0.378938 0.379416
 0.0455099 0.311324 0.449506 0.460258 0.460838
 0.0465374 0.318352 0.459654 0.470649 0.471242
 0.0399644 0.273388 0.394732 0.404174 0.404683
nmprior
 10 11 7 0
nm_flota  nm_reclas  nm_pelaces    nm_pelaL
inf 19.7566 14.6954 25.1546
cv_recla  cv_pelaces  cv_mph
0.727195 0.445352 0.454806
 ------------------------------------------------
Talla a la edad & desviación 
 7.2 14.2025 17.0495 18.207 18.6776
 1.08 2.13037 2.55742 2.73105 2.80164
