years
 1997 1998 1999 2000 2001 2002 2003 2004 2005 2006 2007 2008 2009 2010 2011 2012 2013 2014 2015 2016 2017 2018 2019 2020 2021
reclasobs
 0 0 0 370054 412103 1.49427e+06 250295 1.28982e+06 931140 785840 897777 1.04006e+06 184774 17550 25797 100020 73551 82996 120727 218422 84188 347160 605670 569463 516374
reclaspred
 879278 203445 573107 185937 195205 274108 716564 357369 893753 1.38492e+06 1.25727e+06 723682 433205 218013 133107 115959 120116 156261 149190 195292 390829 389917 523516 462746 298658
pelacesobs
 0 0 0 0 0 0 0 0 0 2.06254e+06 1.5e+06 0 1.87456e+06 323000 250000 174000 83755 137374 0 501740 490994 745055 786931 1.00524e+06 0
pelacespred
 386341 149710 152971 131243 117642 107978 360257 200313 527130 818334 650306 382865 234347 94943.3 55889.6 55208.5 59456.6 77585.2 77347.2 98223 218723 231626 238267 239832 151289
mphobs
 0 0 0 0 0 112323 0 153150 637223 0 255016 313432 73983 77613 109348 50772 0 0 0 0 0 0 0 0 0
mphpred
 735014 248446 384734 246948 137297 235480 394435 523368 415215 1.16255e+06 1.32601e+06 818747 435010 288441 127591 102404 98907.4 121840 140585 135307 257068 387386 390982 439430 366722
desembarqueobs
 350755 77701 442110 56441 14545 235359 269955 359681 431902 328805 639364 411747 362871 311530 167758 66681 60226 58785 57116 71774 51957 67425 138520 160799 200461
desembarquepred
 350479 77646.2 441570 56435.1 14546 235411 269988 359372 430840 328535 638673 411446 361278 310605 167503 66644.8 60232.7 58827.9 57079.1 71734.2 51975.4 67432.9 138403 160535 200264
Reclutas
 5165.95 84662.9 1399.81 3726.84 33387.3 44321.2 66141.7 18398.8 218236 160073 39872.7 20307.3 69752.7 24333.4 18491.5 13267.3 11272.5 12112.3 8687.11 26413.3 43656.2 25469 47859.6 22081.8 284.592
log_desv_Rt
 -1.37015 1.42643 -2.67591 -1.69668 0.495932 0.779218 1.17955 -0.0999593 2.37333 2.06338 0.673448 -0.00126281 1.23271 0.179604 -0.0949346 -0.426939 -0.589875 -0.518026 -0.850404 0.261625 0.764101 0.225218 0.856026 0.0825081 -4.26895
SSB
 735014 248446 384734 246948 137297 235480 394435 523368 415215 1.16255e+06 1.32601e+06 818747 435010 288441 127591 102404 98907.4 121840 140585 135307 257068 387386 390982 439430 366722
BT
 1.01414e+06 426701 500000 308470 309181 413598 1.24664e+06 802320 2.12378e+06 2.2239e+06 1.83964e+06 1.12047e+06 935429 495746 280347 177675 189599 227264 206607 306577 604511 511424 600818 610207 454528
Ftot
 0.380081 0.36728 0.710426 0.291598 0.0727733 0.793723 0.361937 0.91138 0.46324 0.229516 0.480535 0.53492 0.77451 1.24331 1.12682 0.542724 0.476735 0.360884 0.365949 0.353017 0.12947 0.167759 0.25506 0.332504 0.624004
BD_Bspro_t
 0.941701 0.670917 0.652329 0.360242 0.346634 0.537408 0.510078 0.518326 0.455554 0.641475 0.638117 0.448165 0.314149 0.269041 0.155003 0.14871 0.188176 0.290048 0.374894 0.427326 0.607455 0.745754 0.717699 0.675093 0.544329
BD_Bspro
 1.75399 0.592874 0.918103 0.5893 0.327636 0.561934 0.941252 1.24893 0.99084 2.77424 3.1643 1.9538 1.03808 0.688315 0.304474 0.244371 0.236026 0.290751 0.335484 0.322888 0.613449 0.924431 0.933013 1.04863 0.87512
BD_Bo
 0.821158 0.277564 0.429825 0.275891 0.153388 0.263079 0.440663 0.584707 0.463879 1.29881 1.48142 0.914705 0.485993 0.322246 0.142545 0.114406 0.110499 0.13612 0.157062 0.151165 0.287196 0.432788 0.436806 0.490932 0.409702
BD_Brms
 4.01177 1.35604 2.09991 1.34787 0.749378 1.28527 2.15286 2.85659 2.26628 6.34533 7.23748 4.46879 2.37432 1.57434 0.696404 0.558932 0.539846 0.665016 0.767328 0.738519 1.4031 2.11439 2.13402 2.39845 2.0016
S_f
 0.5 1 1 1 1
 0.5 1 1 1 1
 0.5 1 1 1 1
 0.5 1 1 1 1
 0.5 1 1 1 1
 0.5 1 1 1 1
 0.5 1 1 1 1
 0.5 1 1 1 1
 0.5 1 1 1 1
 0.5 1 1 1 1
 0.5 1 1 1 1
 0.5 1 1 1 1
 0.5 1 1 1 1
 0.5 1 1 1 1
 0.5 1 1 1 1
 0.5 1 1 1 1
 0.5 1 1 1 1
 0.5 1 1 1 1
 0.5 1 1 1 1
 0.5 1 1 1 1
 0.5 1 1 1 1
 0.5 1 1 1 1
 0.5 1 1 1 1
 0.5 1 1 1 1
 0.5 1 1 1 1
Scru_reclas
 0.5 1 1 1 1
 0.5 1 1 1 1
 0.5 1 1 1 1
 0.5 1 1 1 1
 0.5 1 1 1 1
 0.5 1 1 1 1
 0.5 1 1 1 1
 0.5 1 1 1 1
 0.5 1 1 1 1
 0.5 1 1 1 1
 0.5 1 1 1 1
 0.5 1 1 1 1
 0.5 1 1 1 1
 0.5 1 1 1 1
 0.5 1 1 1 1
 0.5 1 1 1 1
 0.5 1 1 1 1
 0.5 1 1 1 1
 0.5 1 1 1 1
 0.5 1 1 1 1
 0.5 1 1 1 1
 0.5 1 1 1 1
 0.5 1 1 1 1
 0.5 1 1 1 1
 0.5 1 1 1 1
Scru_pelaces
 0.5 1 1 1 1
 0.5 1 1 1 1
 0.5 1 1 1 1
 0.5 1 1 1 1
 0.5 1 1 1 1
 0.5 1 1 1 1
 0.5 1 1 1 1
 0.5 1 1 1 1
 0.5 1 1 1 1
 0.5 1 1 1 1
 0.5 1 1 1 1
 0.5 1 1 1 1
 0.5 1 1 1 1
 0.5 1 1 1 1
 0.5 1 1 1 1
 0.5 1 1 1 1
 0.5 1 1 1 1
 0.5 1 1 1 1
 0.5 1 1 1 1
 0.5 1 1 1 1
 0.5 1 1 1 1
 0.5 1 1 1 1
 0.5 1 1 1 1
 0.5 1 1 1 1
 0.5 1 1 1 1
pf_obs 
 0.256992 0.487395 0.22802 0.0275931 0
 0.321318 0.546541 0.124235 0.00734118 0.000564706
 0.182869 0.594174 0.210203 0.0122559 0.00049798
 0.330522 0.361315 0.267642 0.0388342 0.00168674
 0.649043 0.306663 0.0425973 0.00169635 0
 0.582887 0.30429 0.105238 0.00758474 0
 0.465427 0.430635 0.0974691 0.00646863 0
 0.296916 0.608066 0.0921331 0.00288517 0
 0.311714 0.524322 0.152257 0.0117073 0
 0.15457 0.633149 0.183074 0.0267441 0.00246327
 0.131901 0.49318 0.331252 0.0422183 0.00144891
 0.196976 0.569456 0.194076 0.0375587 0.00193317
 0.518974 0.381816 0.0799577 0.0180837 0.00116848
 0.0928022 0.601141 0.25162 0.0475244 0.00691264
 0.122501 0.610282 0.24278 0.0234846 0.000952079
 0.383417 0.481906 0.127806 0.00687128 0
 0.0376549 0.599619 0.316969 0.0457579 0
 0.0361596 0.667082 0.258105 0.0386534 0
 0.158088 0.579412 0.248529 0.0139706 0
 0.0477256 0.309471 0.559284 0.082774 0.000745712
 0.0406174 0.521527 0.379366 0.0568643 0.0016247
 0.151134 0.462217 0.34131 0.0453401 0
 0.294876 0.26143 0.354403 0.0886775 0.000613685
 0.281977 0.475581 0.204845 0.0348837 0.00271318
 0 0 0 0 0
pf_pred 
 0.104334 0.450892 0.223906 0.111189 0.10968
 0.816515 0.0378806 0.0732995 0.0363994 0.0359056
 0.0205114 0.88963 0.0185513 0.035897 0.03541
 0.166997 0.0410499 0.7193 0.0149994 0.0576544
 0.763017 0.0719582 0.00813233 0.142499 0.0143933
 0.584595 0.360548 0.0166569 0.00188247 0.0363175
 0.653323 0.270956 0.0657214 0.00303625 0.00696317
 0.244352 0.609937 0.113885 0.0276232 0.00420282
 0.905255 0.0436597 0.0412347 0.00769918 0.00215159
 0.483254 0.494167 0.0104049 0.00982694 0.00234761
 0.17151 0.55207 0.264342 0.00556581 0.00651246
 0.190221 0.261413 0.365407 0.174964 0.00799444
 0.651519 0.12367 0.0725735 0.101444 0.050793
 0.349531 0.536836 0.0403263 0.0236647 0.0496415
 0.519502 0.294986 0.153105 0.011501 0.0209069
 0.516914 0.364477 0.0728159 0.0377933 0.00799974
 0.469718 0.379286 0.113923 0.0227597 0.0143133
 0.498398 0.33646 0.118118 0.0354781 0.0115454
 0.39126 0.418884 0.12735 0.0447076 0.0177983
 0.699673 0.176704 0.0850669 0.0258621 0.0126937
 0.631077 0.309042 0.0352324 0.0169612 0.0076875
 0.336414 0.517705 0.122203 0.0139318 0.00974672
 0.528239 0.243129 0.17837 0.0421039 0.0081582
 0.285745 0.504753 0.10797 0.0792114 0.0223206
 0.00807681 0.464533 0.372698 0.0797225 0.074969
pobs_RECLAS
 0 0 0 0 0
 0 0 0 0 0
 0 0 0 0 0
 0 0 0 0 0
 0.835266 0.146461 0.0176864 0.000547809 3.91292e-05
 0.385257 0.428462 0.181853 0.0044286 0
 0.867414 0.0963971 0.0333333 0.00285562 0
 0.441836 0.489002 0.0689373 0.000224442 0
 0.779404 0.147425 0.0564933 0.0165055 0.000172143
 0.814271 0.122319 0.05973 0.00367925 0
 0.40263 0.566651 0.0304383 0.000280538 0
 0.475488 0.404961 0.113038 0.00651328 0
 0.955842 0.0263864 0.0167828 0.000988607 0
 0.975058 0.0227948 0.00214734 0 0
 0.738997 0.206755 0.0527124 0.00153531 0
 0.850938 0.134255 0.0134407 0.00136685 0
 0.542534 0.407297 0.0501686 0 0
 0.764087 0.199537 0.0359546 0.000420521 0
 0.470689 0.182191 0.310203 0.0369168 0
 0.84361 0.089868 0.0606195 0.00523954 0.000663233
 0.607945 0.314616 0.071237 0.00620181 0
 0.523733 0.453247 0.0230204 0 0
 0.530135 0.295979 0.169645 0.0042399 0
 0.562478 0.366248 0.0663022 0.0049721 0
 0.250443 0.683176 0.0655157 0.000865301 0
ppred_RECLAS
 0.105777 0.450165 0.223545 0.111009 0.109503
 0.818706 0.0374282 0.0724241 0.0359648 0.0354768
 0.0212386 0.88897 0.0185375 0.0358703 0.0353837
 0.168533 0.0409742 0.717973 0.0149717 0.057548
 0.763426 0.0718339 0.00811828 0.142253 0.0143684
 0.594675 0.351799 0.0162527 0.00183679 0.0354362
 0.656582 0.268409 0.0651035 0.0030077 0.0068977
 0.253872 0.602253 0.11245 0.0272752 0.00414988
 0.906944 0.0428813 0.0404996 0.00756192 0.00211324
 0.485311 0.4922 0.0103634 0.00978782 0.00233826
 0.174492 0.550083 0.263391 0.00554578 0.00648903
 0.193954 0.260208 0.363723 0.174158 0.00795759
 0.660595 0.120449 0.0706833 0.0988023 0.0494701
 0.368147 0.521472 0.0391722 0.0229875 0.0482208
 0.536878 0.284318 0.147568 0.0110851 0.0201508
 0.523036 0.359858 0.071893 0.0373143 0.00789835
 0.474857 0.37561 0.112819 0.0225391 0.0141746
 0.501991 0.33405 0.117272 0.035224 0.0114627
 0.394749 0.416483 0.12662 0.0444513 0.0176963
 0.702601 0.174981 0.0842375 0.02561 0.0125699
 0.632067 0.308213 0.0351378 0.0169157 0.00766687
 0.337689 0.51671 0.121968 0.013905 0.00972799
 0.530568 0.241929 0.177489 0.041896 0.00811792
 0.288397 0.502879 0.107569 0.0789173 0.0222377
 0.00831817 0.46442 0.372608 0.0797031 0.0749508
pobs_PELACES
 0 0 0 0 0
 0 0 0 0 0
 0 0 0 0 0
 0 0 0 0 0
 0 0 0 0 0
 0 0 0 0 0
 0 0 0 0 0
 0 0 0 0 0
 0 0 0 0 0
 0 0 0 0 0
 0.450072 0.473896 0.0757376 0.000293798 0
 0 0 0 0 0
 0.463077 0.371075 0.160297 0.00555027 0
 0.529543 0.364841 0.0842815 0.0213345 0
 0.631943 0.363953 0.00410389 0 0
 0.735681 0.248677 0.0153453 0.000297389 0
 0.695825 0.281241 0.0229344 0 0
 0.275771 0.60734 0.115278 0.00161068 0
 0 0 0 0 0
 0.896147 0.0623911 0.0374545 0.00400742 0
 0.803859 0.145111 0.0509908 3.86294e-05 0
 0.739449 0.233085 0.0266225 0.000797448 4.60066e-05
 0.878498 0.100942 0.0204185 0.000141795 0
 0.694673 0.275183 0.0284847 0.00165964 0
 0 0 0 0 0
ppred_PELACES
 0.111857 0.447104 0.222025 0.110255 0.108759
 0.827528 0.035607 0.0689 0.0342147 0.0337506
 0.0238171 0.886628 0.0184887 0.0357758 0.0352905
 0.175383 0.0406366 0.712058 0.0148484 0.0570739
 0.765588 0.0711774 0.00804409 0.140953 0.0142371
 0.625812 0.324774 0.0150042 0.00169569 0.032714
 0.669919 0.257985 0.0625751 0.0028909 0.00662982
 0.283394 0.578424 0.108001 0.026196 0.00398568
 0.913197 0.0399998 0.0377781 0.00705377 0.00197123
 0.494774 0.48315 0.0101729 0.00960786 0.00229527
 0.186209 0.542275 0.259652 0.00546706 0.00639692
 0.208126 0.255633 0.357328 0.171096 0.00781768
 0.688634 0.110498 0.064844 0.09064 0.0453833
 0.417018 0.481139 0.0361424 0.0212095 0.0444912
 0.582661 0.256211 0.13298 0.00998925 0.0181588
 0.545315 0.343049 0.0685349 0.0355713 0.00752942
 0.494502 0.36156 0.108598 0.021696 0.0136443
 0.516871 0.324069 0.113768 0.0341716 0.0111202
 0.409264 0.406496 0.123583 0.0433853 0.0172719
 0.714627 0.167906 0.0808313 0.0245744 0.0120616
 0.637021 0.304063 0.0346647 0.0166879 0.00756364
 0.343907 0.511858 0.120823 0.0137745 0.00963665
 0.541035 0.236534 0.173532 0.0409619 0.00793692
 0.299786 0.494831 0.105847 0.0776543 0.0218819
 0.00921195 0.464002 0.372272 0.0796313 0.0748832
pobs_pel_tallas
 0 0 0 0 0 0 0 0 0 0 0 0 0 0 0 0 0 0 0 0 0 0 0 0 0 0 0 0 0 0 0 0 0 0 0 0
 0 0 0 0 0 0 0 0 0 0 0 0 0 0 0 0 0 0 0 0 0 0 0 0 0 0 0 0 0 0 0 0 0 0 0 0
 0 0 0 0 0 0 0 0 0 0 0 0 0 0 0 0 0 0 0 0 0 0 0 0 0 0 0 0 0 0 0 0 0 0 0 0
 0 0 0 0 0 0 0 0 0 0 0 0 0 0 0 0 0 0 0 0 0 0 0 0 0 0 0 0 0 0 0 0 0 0 0 0
 0 0 0 0 0 0 0 0 0 0 0 0 0 0 0 0 0 0 0 0 0 0 0 0 0 0 0 0 0 0 0 0 0 0 0 0
 0 0 0 0 0 0 0 0 0 0 0 0 0 0 0 0 0 0 0 0 0 0 0 0 0 0 0 0 0 0 0 0 0 0 0 0
 0 0 0 0 0 0 0 0 0 0 0 0 0 0 0 0 0 0 0 0 0 0 0 0 0 0 0 0 0 0 0 0 0 0 0 0
 0 0 0 0 0 0 0 0 0 0 0 0 0 0 0 0 0 0 0 0 0 0 0 0 0 0 0 0 0 0 0 0 0 0 0 0
 0 0 0 0 0 0 0 0 0 0 0 0 0 0 0 0 0 0 0 0 0 0 0 0 0 0 0 0 0 0 0 0 0 0 0 0
 0 0 0 0 0 0 0 0 0 0 0 0 0 0 0 0 0 0 0 0 0 0 0 0 0 0 0 0 0 0 0 0 0 0 0 0
 0 0 0 0 0 0 0 0 1.78061e-05 0.00172719 0.00360574 0.0105946 0.0120993 0.0124554 0.0147524 0.0171206 0.0266825 0.0428682 0.0675386 0.121331 0.153587 0.119568 0.100827 0.0573624 0.0630603 0.0341343 0.0324427 0.0444173 0.0211091 0.0280891 0.0125444 0.00206551 0 0 0 0
 0 0 0 0 0 0 0 0 0 0 0 0 0 0 0 0 0 0 0 0 0 0 0 0 0 0 0 0 0 0 0 0 0 0 0 0
 0 0 0 0 0 0 0.0133647 0.0140871 0.0187388 0.0205184 0.03894 0.0496705 0.03968 0.0493445 0.0407372 0.0367815 0.0215668 0.0243155 0.0234873 0.0199281 0.019796 0.0243948 0.0301388 0.0376714 0.0412746 0.0863199 0.0771752 0.113111 0.0741005 0.0525337 0.0229764 0.00759418 0.00175318 0 0 0
 0 0 0 0 0 0 0 0 0 0 0.00219441 0.00772107 0.0458388 0.0604681 0.0671733 0.0775358 0.0609151 0.0617685 0.073594 0.0568108 0.0755445 0.0548602 0.0670107 0.0636378 0.0643287 0.046367 0.0373049 0.0286899 0.0247887 0.0153202 0.00654259 0.00121912 0.000365735 0 0 0
 0 0 0 0 0 0 0 0 0 0 0 0 0.000112435 0.00938835 0.0111873 0.0202946 0.0414886 0.0713402 0.111592 0.104902 0.108894 0.110636 0.117776 0.105296 0.107544 0.0401394 0.0192827 0.0124803 0.00416011 0.0028671 0.000618394 0 0 0 0 0
 0 0 0 0 0 0 0 0 0 0 0.00291406 0.0102884 0.027416 0.0768956 0.0749926 0.110853 0.0956884 0.0897413 0.0766577 0.0534642 0.0500743 0.0551293 0.0594112 0.0620874 0.0668451 0.0424026 0.0208742 0.0120726 0.0048766 0.00582813 0.00118941 0.000297354 0 0 0 0
 0 0.00264628 0.0354308 0.0461629 0.0458689 0.0383711 0.0214643 0.0164657 0.0346957 0.0420465 0.0363128 0.0245516 0.0311673 0.0291091 0.0169068 0.0133784 0.00837989 0.0085269 0.0148486 0.0160247 0.0276389 0.0546898 0.0760071 0.122758 0.109233 0.0665981 0.0333725 0.0166128 0.00676272 0.00308733 0.000882094 0 0 0 0 0
 0 0 0 0 0 0 0 0.000805153 0.000690131 0.00759144 0.0133425 0.0154129 0.00931677 0.000345066 0.00356568 0.00563607 0.00851162 0.0253048 0.0502646 0.0516448 0.0657925 0.0565908 0.0611916 0.0827007 0.0866115 0.110766 0.145733 0.0935128 0.0569358 0.0249597 0.0138026 0.00621118 0.00161031 0.00115022 0 0
 0 0 0 0 0 0 0 0 0 0 0 0 0 0 0 0 0 0 0 0 0 0 0 0 0 0 0 0 0 0 0 0 0 0 0 0
 0.00147267 0.00158595 0.00478618 0.00569244 0.00954404 0.0108468 0.00647125 0.017049 0.0510054 0.094081 0.124002 0.0959785 0.0687766 0.0820023 0.061753 0.0591476 0.0492212 0.0479892 0.0443925 0.0268479 0.0217502 0.0140895 0.0121071 0.0120363 0.00920419 0.00665534 0.0049561 0.00860946 0.00930331 0.0156896 0.0114698 0.00855282 0.00243557 0.00046729 0 2.83206e-05
 0 0 0 0 0.000772559 0.00158375 0.000888443 0.00281984 0.00712685 0.0440552 0.0773331 0.111326 0.0921469 0.0852325 0.0710754 0.0886704 0.0786465 0.0553345 0.0373146 0.0185414 0.00753245 0.00457741 0.012979 0.0271748 0.0457355 0.0583668 0.034881 0.0177882 0.00938659 0.00492506 0.0015258 0.00185414 0.000309023 5.79419e-05 3.86279e-05 0
 0 0.00173294 0.00326652 0 0.00397197 0.00683976 0.00946217 0.0152591 0.00757587 0.0136028 0.0228656 0.0392903 0.0559909 0.0764795 0.0681675 0.0726916 0.0566044 0.0477403 0.0527397 0.0444891 0.0609904 0.0582453 0.0661739 0.0445044 0.0529084 0.0360697 0.0280645 0.0235558 0.0158879 0.00826598 0.00280645 0.00217768 0.000904811 0.00058276 9.20147e-05 0
 0 0 0 0 0 0 0 0 0 0 0 0 0 0 0 0 0 0 0 0 0 0 0 0 0 0 0 0 0 0 0 0 0 0 0 0
 0 0 0 0 0 0 0 0 0 0 0 0 0 0 0 0 0 0 0 0 0 0 0 0 0 0 0 0 0 0 0 0 0 0 0 0
 0 0 0 0 0 0 0 0 0 0 0 0 0 0 0 0 0 0 0 0 0 0 0 0 0 0 0 0 0 0 0 0 0 0 0 0
ppred_pel_tallas
 1.12168e-16 4.90845e-06 2.87368e-05 0.000136453 0.000525105 0.00163726 0.00413605 0.00846646 0.0140477 0.018907 0.0206835 0.0185037 0.013812 0.00920628 0.00661604 0.00659202 0.00882577 0.0128715 0.0184176 0.0251961 0.0328291 0.0407687 0.0483435 0.0548757 0.0598184 0.062863 0.0639809 0.0633846 0.0614324 0.0585123 0.0549484 0.0509581 0.0466598 0.0421142 0.0373746 0.032522
 1.03743e-16 3.60982e-05 0.000211886 0.00100725 0.00387804 0.0120934 0.0305467 0.0625015 0.103599 0.139117 0.151351 0.133418 0.0953201 0.0552576 0.0261243 0.010332 0.00388157 0.00209718 0.00214409 0.00284443 0.0038271 0.00498189 0.00625108 0.00757734 0.00889895 0.010154 0.0112842 0.0122359 0.0129602 0.0134134 0.0135609 0.013382 0.0128764 0.0120683 0.0110069 0.00976159
 1.0343e-16 1.08703e-06 6.26189e-06 2.95171e-05 0.000113225 0.000352719 0.000891932 0.00183198 0.00306305 0.00419321 0.00477294 0.00470926 0.00445982 0.00479879 0.00643017 0.00981228 0.0152079 0.0227396 0.0323256 0.0435507 0.0555825 0.0672095 0.0770197 0.0836854 0.0862717 0.084467 0.0786599 0.0698271 0.0592827 0.048367 0.0381809 0.02943 0.0224008 0.0170402 0.0130863 0.0101991
 1.13298e-16 7.66353e-06 4.49451e-05 0.000213584 0.000822205 0.00256384 0.00647604 0.0132514 0.0219683 0.0295108 0.032135 0.0283967 0.0204415 0.0121677 0.00637071 0.00365097 0.00327971 0.00441226 0.00661237 0.00979516 0.0140197 0.0193395 0.0257217 0.033005 0.0408805 0.0488956 0.0564855 0.0630308 0.0679373 0.0707244 0.0711031 0.0690278 0.0647074 0.0585714 0.0511994 0.04323
 1.05647e-16 3.33986e-05 0.000196034 0.000931884 0.00358785 0.0111884 0.0282609 0.0578247 0.0958478 0.128712 0.14004 0.123468 0.0882579 0.0512568 0.0244082 0.00995942 0.004227 0.00289672 0.00334768 0.00447753 0.00591432 0.00751452 0.0091784 0.0108132 0.0123402 0.0137042 0.0148768 0.0158472 0.0166083 0.0171434 0.0174201 0.0173952 0.0170271 0.0162929 0.0152017 0.0138
 1.01906e-16 2.73141e-05 0.000160289 0.000761896 0.00293326 0.00914703 0.0231049 0.0472771 0.0783723 0.105268 0.114594 0.101181 0.0726469 0.0428375 0.0216112 0.0109158 0.00784465 0.00893532 0.0120282 0.0160863 0.0205343 0.024867 0.0285575 0.0311186 0.032206 0.0317015 0.0297407 0.0266723 0.0229667 0.0191041 0.0154775 0.0123374 0.00978392 0.00779654 0.00628182 0.0051212
 1.01382e-16 2.92348e-05 0.000171572 0.000815545 0.00313985 0.00979128 0.0247321 0.050606 0.0838882 0.112669 0.122631 0.108229 0.077603 0.0455505 0.0225938 0.0107829 0.00697329 0.00743976 0.00987865 0.0132268 0.0169585 0.0206585 0.0239026 0.0262925 0.027534 0.0275031 0.0262713 0.0240775 0.0212626 0.0181859 0.0151537 0.0123768 0.00996325 0.0079366 0.00626752 0.00490404
 1.02808e-16 1.23936e-05 7.2669e-05 0.000345285 0.00132911 0.0041445 0.0104693 0.0214256 0.0355309 0.0477642 0.0521012 0.0462528 0.0337545 0.0210015 0.0126263 0.00970925 0.0111303 0.0154626 0.0217466 0.0293466 0.0376192 0.0457575 0.0528348 0.0579664 0.0605044 0.0601878 0.0571971 0.0520905 0.0456521 0.0387019 0.0319326 0.0258137 0.0205749 0.0162501 0.0127513 0.00994039
 1.00884e-16 3.9834e-05 0.000233818 0.00111152 0.00427949 0.0133453 0.0337089 0.0689715 0.114323 0.153517 0.167016 0.147222 0.105172 0.0609481 0.0287732 0.011302 0.00411092 0.00202587 0.00190041 0.00241317 0.00313161 0.00391272 0.00467746 0.00535829 0.0058987 0.00626109 0.00643151 0.00641788 0.00624353 0.00593881 0.00553398 0.0050556 0.00452634 0.00396656 0.00339636 0.00283614
 1.0074e-16 2.16067e-05 0.000126767 0.000602495 0.00231947 0.00723292 0.0182702 0.0373862 0.0619826 0.0832738 0.0907051 0.0802144 0.0578694 0.0346786 0.0185203 0.0110315 0.0100076 0.0127724 0.0176127 0.023604 0.0300736 0.0363049 0.0415139 0.0449718 0.0461681 0.0449354 0.0414932 0.0363863 0.030348 0.0241292 0.0183509 0.0134173 0.00949939 0.00657641 0.00450567 0.00309404
 1.0435e-16 8.15484e-06 4.7786e-05 0.000226994 0.000873672 0.00272422 0.00688173 0.0140851 0.0233633 0.0314238 0.0343207 0.0305718 0.022536 0.0144688 0.00948729 0.00839057 0.010537 0.0150685 0.0213933 0.0290651 0.0375481 0.0461156 0.0539021 0.0600519 0.0638983 0.0651034 0.0637172 0.0601317 0.054958 0.0488691 0.042464 0.0361874 0.0303137 0.0249778 0.020226 0.0160619
 1.114e-16 9.09896e-06 5.33551e-05 0.000253528 0.000975934 0.00304319 0.00768708 0.0157308 0.0260832 0.0350524 0.0382058 0.0338476 0.0245518 0.0149837 0.00850769 0.00588195 0.00626684 0.00863837 0.0123817 0.0172037 0.0228886 0.0291562 0.0356356 0.0419061 0.0475618 0.0522697 0.0558022 0.0580368 0.0589348 0.0585118 0.0568194 0.0539435 0.0500163 0.0452273 0.0398262 0.0341061
 1.06192e-16 3.00447e-05 0.00017634 0.000838248 0.00322731 0.0100641 0.025421 0.0520144 0.0862185 0.115786 0.125989 0.111109 0.0794888 0.0462963 0.0222956 0.00953377 0.00472445 0.00400979 0.00504332 0.00682524 0.00898868 0.0113485 0.0137419 0.0160081 0.0180084 0.0196478 0.0208831 0.0217141 0.0221639 0.0222566 0.0220036 0.0214021 0.0204459 0.0191405 0.0175173 0.0156389
 1.03478e-16 1.82161e-05 0.000106861 0.000507862 0.00195511 0.00609667 0.0154001 0.0315138 0.0522492 0.0702041 0.0764881 0.0676869 0.04893 0.0295192 0.0161256 0.0101668 0.00982354 0.012872 0.017881 0.0240547 0.0307734 0.0373474 0.0430093 0.0470376 0.0489168 0.0484601 0.0458512 0.0415852 0.0363361 0.0307934 0.0255222 0.0208837 0.0170255 0.013925 0.0114596 0.00947403
 1.03163e-16 2.543e-05 0.000149234 0.000709349 0.00273096 0.00851619 0.0215113 0.0440161 0.0729656 0.0980028 0.106678 0.0941735 0.0675777 0.0397729 0.0199292 0.00985239 0.00683376 0.00765908 0.0103448 0.0139746 0.0180829 0.0222812 0.0261557 0.0293026 0.0314038 0.0322911 0.0319737 0.030617 0.0284866 0.0258761 0.0230465 0.0201909 0.0174298 0.0148265 0.0124111 0.0102012
 1.02659e-16 2.3805e-05 0.000139686 0.000663938 0.00255609 0.00797084 0.020134 0.0411985 0.0682977 0.091742 0.0998863 0.0882325 0.0634338 0.0375736 0.0192693 0.010251 0.00802028 0.00958938 0.0130905 0.0176094 0.0226036 0.0275613 0.0319305 0.0351879 0.0369475 0.0370477 0.0355835 0.0328682 0.0293453 0.0254783 0.0216561 0.0181399 0.0150555 0.0124211 0.0101916 0.00829951
 1.03043e-16 2.15901e-05 0.00012668 0.000602106 0.00231802 0.0072284 0.0182586 0.0373616 0.0619387 0.0832052 0.0906049 0.0800654 0.0576307 0.0342744 0.0178327 0.00990075 0.0082405 0.0101646 0.0139884 0.0188705 0.0242806 0.0296914 0.034522 0.0382144 0.0403488 0.0407354 0.0394498 0.0367967 0.0332202 0.0291922 0.0251159 0.0212714 0.0178064 0.0147634 0.0121215 0.00983593
 1.03415e-16 2.2564e-05 0.000132401 0.000629312 0.00242278 0.00755511 0.0190838 0.0390498 0.0647358 0.0869578 0.0946786 0.0836354 0.0601353 0.0356335 0.018301 0.00978253 0.00771685 0.00928134 0.0127173 0.0171713 0.022142 0.0271546 0.0316901 0.035247 0.0374425 0.0380938 0.0372503 0.0351627 0.0322048 0.0287771 0.025224 0.0217867 0.0185977 0.0157039 0.0131033 0.0107773
 1.04185e-16 1.78752e-05 0.000104866 0.00049839 0.00191867 0.00598304 0.015113 0.0309258 0.0512727 0.0688871 0.0750403 0.0663751 0.0479154 0.0287755 0.0154843 0.00941379 0.00876389 0.0113504 0.0157896 0.0213512 0.0275089 0.0336898 0.0392477 0.0435579 0.0461479 0.0467995 0.0455892 0.0428464 0.0390545 0.0347259 0.0302972 0.0260688 0.0221982 0.0187308 0.0156476 0.012909
 1.02611e-16 3.11807e-05 0.000183004 0.000869912 0.0033492 0.0104442 0.0263812 0.0539794 0.0894771 0.120166 0.130767 0.11535 0.0825822 0.0482173 0.0234428 0.0104015 0.00569889 0.00533685 0.00686692 0.00921163 0.0119207 0.0147077 0.0172984 0.01943 0.0208962 0.0215873 0.0215075 0.0207606 0.0195127 0.0179461 0.01622 0.0144491 0.0127024 0.0110149 0.00940446 0.00788549
 1.01519e-16 2.78021e-05 0.000163156 0.000775528 0.00298576 0.00931074 0.0235184 0.0481229 0.0797738 0.107148 0.116635 0.102969 0.073901 0.043517 0.0218436 0.0108537 0.0075796 0.0084925 0.0113977 0.0152547 0.0195056 0.0236734 0.0272627 0.0298116 0.0309882 0.0306679 0.0289607 0.0261759 0.0227392 0.0190906 0.0155963 0.0124978 0.00990393 0.00781567 0.00616827 0.00487174
 1.02806e-16 1.50296e-05 8.81508e-05 0.000418901 0.00161258 0.00502848 0.012702 0.0259935 0.0431004 0.0579226 0.0631367 0.0559418 0.040592 0.024794 0.0140975 0.00972938 0.0102482 0.013866 0.0194169 0.0262097 0.0336386 0.0409831 0.0474217 0.0521671 0.0546371 0.0545867 0.0521576 0.0478243 0.0422618 0.0361817 0.0301893 0.0247006 0.0199274 0.0159147 0.0126035 0.00989084
 1.04319e-16 2.36143e-05 0.000138575 0.00065868 0.00253588 0.00790783 0.0199747 0.0408718 0.0677535 0.0910028 0.0990602 0.087452 0.0627626 0.036956 0.0185512 0.00923079 0.00648854 0.0073517 0.00999351 0.0135805 0.0176979 0.0219997 0.0261096 0.0296489 0.0323034 0.0338819 0.0343424 0.0337783 0.0323732 0.0303441 0.0278938 0.0251843 0.0223358 0.0194385 0.0165696 0.0138041
 1.05355e-16 1.31049e-05 7.68528e-05 0.000365193 0.0014058 0.00438365 0.0110732 0.0226607 0.0375758 0.0505029 0.0550618 0.0488172 0.035488 0.0218073 0.012634 0.0090632 0.00986553 0.0135052 0.0189774 0.0256727 0.0330341 0.0403835 0.0469414 0.0519579 0.0548743 0.0554477 0.053797 0.0503486 0.0457104 0.0405166 0.035296 0.0303992 0.0259916 0.0220962 0.0186573 0.0155988
 1.11671e-16 4.33826e-07 2.46397e-06 1.15433e-05 4.41594e-05 0.000137439 0.000347665 0.000715351 0.00120105 0.00165931 0.00192791 0.00199162 0.00206178 0.00249059 0.00362517 0.00573982 0.00904958 0.0137182 0.0198131 0.0272312 0.0356446 0.0445025 0.0530999 0.0607015 0.066684 0.0706491 0.0724762 0.0722955 0.0704047 0.0671645 0.0629128 0.0579215 0.0523998 0.0465213 0.0404577 0.034396
pSPR Fmed_Fpbrs
0.493302   0.254687 0.254687
Fs Fmed_Fpbrs
0.411345   1.005 1.005
SSBpbr Bo_Bmed_Bpbrs
895094  396797  183214 183214
Ro
20333
SPR SPRFo_SPRFmed_SPRFpbrs
419053 206720 106727
log_Ro
9.74
likeval ReclasPelacesDesembMPH_pf_preclas_ppelaces_ptallas_desvR_qrecl_qpela
 113.614 108.562 0.242355 0.000562954 356.203 226.499 79.0082 0 68.4703 0 0 0 0 0 0
q_reclas_q_pelaces
1 1
M
0.7
N
 5165.95 12088.4 6002.91 2980.96 2940.52
 84662.9 2121.34 4104.83 2038.4 2010.74
 1399.81 34989.1 729.621 1411.83 1392.67
 3726.84 487.299 8538.72 178.056 684.408
 33387.3 1599.61 180.78 3167.72 319.96
 44321.2 15987.2 738.591 83.4716 1610.37
 66141.7 14799.6 3589.7 165.84 380.327
 18398.8 27407.9 5117.49 1241.26 188.856
 218236 5792.68 5470.94 1021.51 285.469
 160073 85966.4 1810.05 1709.52 408.395
 39872.7 70871.7 33934.8 714.509 836.035
 20307.3 15571.2 21765.7 10421.9 476.194
 69752.7 7717.74 4529.02 6330.74 3169.79
 24333.4 23516.5 1766.52 1036.65 2174.58
 18491.5 6489.54 3368.24 253.017 459.941
 13267.3 5227.32 1044.32 542.029 114.732
 11272.5 5022.58 1508.59 301.388 189.539
 12112.3 4410.56 1548.38 465.073 151.345
 8687.11 5021.74 1526.71 535.971 213.373
 26413.3 3592.56 1729.49 525.802 258.075
 43656.2 10994.1 1253.39 603.391 273.482
 25469 20320.1 4796.52 546.828 382.562
 47859.6 11629.9 8532.24 2014.02 390.243
 22081.8 20920.7 4475.08 3283.11 925.134
 284.592 9285.94 7450.17 1593.64 1498.62
pred_Ctot
 650.082 2809.41 1395.11 692.793 683.394
 10323.3 478.929 926.734 460.203 453.96
 307.175 13323 277.821 537.588 530.295
 366.692 90.1376 1579.44 32.9358 126.598
 859.781 81.0838 9.16366 160.571 16.2187
 10681.4 6587.7 304.344 34.3953 663.57
 7956.71 3299.93 800.41 36.978 84.8032
 4970.61 12407.3 2316.64 561.909 85.4937
 32884.9 1586.01 1497.92 279.686 78.1603
 12563.9 12847.6 270.511 255.486 61.0343
 6209.79 19988.5 9570.9 201.519 235.794
 3480.47 4783.06 6685.85 3201.32 146.274
 16468.3 3125.97 1834.42 2564.18 1283.88
 8393.05 12890.7 968.326 568.244 1192.01
 5915.09 3358.73 1743.26 130.951 238.047
 2303.27 1624.05 324.455 168.4 35.6454
 1743.1 1407.52 422.763 84.4603 53.1161
 1453.17 981.008 344.394 103.443 33.6625
 1055.72 1130.26 343.621 120.632 48.0244
 3105.07 784.194 377.518 114.773 56.3331
 1975.41 967.37 110.285 53.0922 24.0636
 1480.86 2278.88 537.925 61.3262 42.904
 4151.51 1910.79 1401.84 330.901 64.1166
 2455.79 4338.01 927.928 680.769 191.831
 55.8474 3212.03 2577.04 551.244 518.376
F
 0.19004 0.380081 0.380081 0.380081 0.380081
 0.18364 0.36728 0.36728 0.36728 0.36728
 0.355213 0.710426 0.710426 0.710426 0.710426
 0.145799 0.291598 0.291598 0.291598 0.291598
 0.0363866 0.0727733 0.0727733 0.0727733 0.0727733
 0.396861 0.793723 0.793723 0.793723 0.793723
 0.180969 0.361937 0.361937 0.361937 0.361937
 0.45569 0.91138 0.91138 0.91138 0.91138
 0.23162 0.46324 0.46324 0.46324 0.46324
 0.114758 0.229516 0.229516 0.229516 0.229516
 0.240268 0.480535 0.480535 0.480535 0.480535
 0.26746 0.53492 0.53492 0.53492 0.53492
 0.387255 0.77451 0.77451 0.77451 0.77451
 0.621656 1.24331 1.24331 1.24331 1.24331
 0.563412 1.12682 1.12682 1.12682 1.12682
 0.271362 0.542724 0.542724 0.542724 0.542724
 0.238368 0.476735 0.476735 0.476735 0.476735
 0.180442 0.360884 0.360884 0.360884 0.360884
 0.182975 0.365949 0.365949 0.365949 0.365949
 0.176508 0.353017 0.353017 0.353017 0.353017
 0.0647351 0.12947 0.12947 0.12947 0.12947
 0.0838794 0.167759 0.167759 0.167759 0.167759
 0.12753 0.25506 0.25506 0.25506 0.25506
 0.166252 0.332504 0.332504 0.332504 0.332504
 0.312002 0.624004 0.624004 0.624004 0.624004
nmprior
 10 11 7 0
nm_flota  nm_reclas  nm_pelaces    nm_pelaL
inf 9.00175 6.87613 10.1114
cv_recla  cv_pelaces  cv_mph
0.96414 1.22604 0.769794
 ------------------------------------------------
Talla a la edad & desviación 
 7.2 14.2025 17.0495 18.207 18.6776
 1.08 2.13037 2.55742 2.73105 2.80164
