years
 1997 1998 1999 2000 2001 2002 2003 2004 2005 2006 2007 2008 2009 2010 2011 2012 2013 2014 2015 2016 2017 2018 2019 2020 2021
reclasobs
 0 0 0 370054 412103 1.49427e+06 250295 1.28982e+06 931140 785840 897777 1.04006e+06 184774 17550 25797 100020 73551 82996 120727 218422 84188 347160 605670 569463 516374
reclaspred
 472235 130888 402792 285281 408112 482511 1.0419e+06 679973 735231 673979 534025 358579 219857 95269.5 61950.7 62238.1 79585.7 109812 117729 168540 245920 227692 394396 518257 582165
pelacesobs
 0 0 0 0 0 0 0 0 0 2.06254e+06 1.5e+06 0 1.87456e+06 323000 250000 174000 83755 137374 0 501740 490994 745055 786931 1.00524e+06 0
pelacespred
 1.94382e+06 497336 901480 1.01024e+06 1.22576e+06 1.23559e+06 2.90587e+06 2.40657e+06 2.26304e+06 2.10872e+06 1.4946e+06 1.03911e+06 615410 210622 134269 150000 203219 290986 323228 446655 734086 672691 910742 1.39284e+06 1.66719e+06
mphobs
 0 0 0 0 0 112323 0 153150 637223 0 255016 313432 73983 77613 109348 50772 0 0 0 0 0 0 0 0 0
mphpred
 172300 107375 132640 161420 166402 253790 373496 434451 360405 355605 335542 232402 142830 73292.7 32130.9 26823.7 33246.8 46740.2 59175.9 68726.6 103648 123809 156513 222846 332194
desembarqueobs
 350755 77701 442110 56441 14545 235359 269955 359681 431902 328805 639364 411747 362871 311530 167758 66681 60226 58785 57116 71774 51957 67425 138520 160799 200461
desembarquepred
 350765 77704.3 442151 56443.4 14545.2 235409 269993 359704 431975 328853 639583 411970 363187 311901 167735 66693.2 60253.2 58786.6 57111.3 71777.1 51959.2 67420.3 138525 160808 200461
Reclutas
 51740.7 63358.2 38077.5 56470.1 95195 69394.1 109575 100919 120597 126690 66452.7 42865.6 43413 23732.3 16195.2 17676.6 14123.8 16054.6 18039.6 30746.4 38904.5 51342.4 80558.2 106397 46982.9
log_desv_Rt
 0.0940002 0.29656 -0.212622 0.181467 0.703683 0.387557 0.844367 0.762073 0.940208 0.989496 0.344246 -0.0941749 -0.0814849 -0.685408 -1.06753 -0.980003 -1.20438 -1.07625 -0.959676 -0.426471 -0.191134 0.0862719 0.536736 0.814934 -0.00246114
SSB
 636799 396846 490220 596586 615001 937976 1.38039e+06 1.60568e+06 1.33201e+06 1.31427e+06 1.24012e+06 858928 527881 270880 118752 99137 122876 172746 218707 254005 383069 457583 578453 823612 1.22775e+06
BT
 2.16954e+06 570778 1.0854e+06 968520 1.12911e+06 1.26812e+06 2.87294e+06 2.57086e+06 2.46862e+06 2.22623e+06 1.91233e+06 1.30399e+06 913898 487477 266581 193012 235484 312613 337459 466267 713780 658254 910646 1.39041e+06 1.61857e+06
Ftot
 0.487697 0.388387 0.571622 0.11149 0.0224289 0.226284 0.144766 0.290024 0.337034 0.272868 0.563657 0.530051 0.849862 1.57444 1.64704 0.65955 0.455509 0.307084 0.252153 0.255103 0.121876 0.154985 0.183064 0.176853 0.150209
BD_Bspro_t
 0.942044 0.740942 0.699512 0.57104 0.696905 0.821067 0.785556 0.790683 0.729741 0.687514 0.65046 0.490089 0.376146 0.263562 0.150284 0.154509 0.243582 0.390175 0.505864 0.600829 0.715679 0.796815 0.806243 0.811938 0.814608
BD_Bspro
 0.656033 0.408832 0.505026 0.614605 0.633577 0.966307 1.42209 1.65417 1.37224 1.35397 1.27758 0.884871 0.543825 0.279062 0.122338 0.102131 0.126587 0.177963 0.225312 0.261677 0.394639 0.471404 0.595925 0.848488 1.26483
BD_Bo
 0.559707 0.348803 0.430873 0.524362 0.540548 0.824423 1.21328 1.41129 1.17076 1.15516 1.08999 0.754945 0.463975 0.238087 0.104375 0.0871353 0.108 0.151833 0.19223 0.223254 0.336694 0.402187 0.508425 0.723904 1.07911
BD_Brms
 1.01765 0.634187 0.783405 0.953385 0.982815 1.49895 2.20596 2.56598 2.12865 2.1003 1.9818 1.37263 0.843591 0.432886 0.189773 0.158428 0.196364 0.27606 0.349508 0.405917 0.61217 0.731249 0.924409 1.31619 1.96202
S_f
 0.17834 1 1 1 1
 0.17834 1 1 1 1
 0.17834 1 1 1 1
 0.17834 1 1 1 1
 0.17834 1 1 1 1
 0.17834 1 1 1 1
 0.17834 1 1 1 1
 0.17834 1 1 1 1
 0.17834 1 1 1 1
 0.17834 1 1 1 1
 0.17834 1 1 1 1
 0.17834 1 1 1 1
 0.17834 1 1 1 1
 0.17834 1 1 1 1
 0.17834 1 1 1 1
 0.17834 1 1 1 1
 0.17834 1 1 1 1
 0.17834 1 1 1 1
 0.17834 1 1 1 1
 0.17834 1 1 1 1
 0.17834 1 1 1 1
 0.17834 1 1 1 1
 0.17834 1 1 1 1
 0.17834 1 1 1 1
 0.17834 1 1 1 1
Scru_reclas
 0.949883 1 1 1 1
 0.949883 1 1 1 1
 0.949883 1 1 1 1
 0.949883 1 1 1 1
 0.949883 1 1 1 1
 0.949883 1 1 1 1
 0.949883 1 1 1 1
 0.949883 1 1 1 1
 0.949883 1 1 1 1
 0.949883 1 1 1 1
 0.949883 1 1 1 1
 0.949883 1 1 1 1
 0.949883 1 1 1 1
 0.949883 1 1 1 1
 0.949883 1 1 1 1
 0.949883 1 1 1 1
 0.949883 1 1 1 1
 0.949883 1 1 1 1
 0.949883 1 1 1 1
 0.949883 1 1 1 1
 0.949883 1 1 1 1
 0.949883 1 1 1 1
 0.949883 1 1 1 1
 0.949883 1 1 1 1
 0.949883 1 1 1 1
Scru_pelaces
 0.85242 1 1 1 1
 0.85242 1 1 1 1
 0.85242 1 1 1 1
 0.85242 1 1 1 1
 0.85242 1 1 1 1
 0.85242 1 1 1 1
 0.85242 1 1 1 1
 0.85242 1 1 1 1
 0.85242 1 1 1 1
 0.85242 1 1 1 1
 0.85242 1 1 1 1
 0.85242 1 1 1 1
 0.85242 1 1 1 1
 0.85242 1 1 1 1
 0.85242 1 1 1 1
 0.85242 1 1 1 1
 0.85242 1 1 1 1
 0.85242 1 1 1 1
 0.85242 1 1 1 1
 0.85242 1 1 1 1
 0.85242 1 1 1 1
 0.85242 1 1 1 1
 0.85242 1 1 1 1
 0.85242 1 1 1 1
 0.85242 1 1 1 1
pf_obs 
 0.256992 0.487395 0.22802 0.0275931 0
 0.321318 0.546541 0.124235 0.00734118 0.000564706
 0.182869 0.594174 0.210203 0.0122559 0.00049798
 0.330522 0.361315 0.267642 0.0388342 0.00168674
 0.649043 0.306663 0.0425973 0.00169635 0
 0.582887 0.30429 0.105238 0.00758474 0
 0.465427 0.430635 0.0974691 0.00646863 0
 0.296916 0.608066 0.0921331 0.00288517 0
 0.311714 0.524322 0.152257 0.0117073 0
 0.15457 0.633149 0.183074 0.0267441 0.00246327
 0.131901 0.49318 0.331252 0.0422183 0.00144891
 0.196976 0.569456 0.194076 0.0375587 0.00193317
 0.518974 0.381816 0.0799577 0.0180837 0.00116848
 0.0928022 0.601141 0.25162 0.0475244 0.00691264
 0.122501 0.610282 0.24278 0.0234846 0.000952079
 0.383417 0.481906 0.127806 0.00687128 0
 0.0376549 0.599619 0.316969 0.0457579 0
 0.0361596 0.667082 0.258105 0.0386534 0
 0.158088 0.579412 0.248529 0.0139706 0
 0.0477256 0.309471 0.559284 0.082774 0.000745712
 0.0406174 0.521527 0.379366 0.0568643 0.0016247
 0.151134 0.462217 0.34131 0.0453401 0
 0.294876 0.26143 0.354403 0.0886775 0.000613685
 0.281977 0.475581 0.204845 0.0348837 0.00271318
 0 0 0 0 0
pf_pred 
 0.355888 0.454852 0.16929 0.0199586 1.00865e-05
 0.304272 0.554039 0.100057 0.0372399 0.00439263
 0.173487 0.617133 0.166738 0.0301122 0.0125294
 0.271683 0.442594 0.213341 0.057641 0.0147411
 0.299813 0.481544 0.132868 0.0640457 0.0217293
 0.16782 0.589267 0.16706 0.0460954 0.0297575
 0.257217 0.413664 0.233049 0.0660705 0.0299991
 0.20237 0.538379 0.14438 0.0813407 0.0335309
 0.23966 0.471266 0.195117 0.0523256 0.0416312
 0.229296 0.519812 0.155506 0.0643834 0.0310033
 0.135665 0.56588 0.201297 0.0602195 0.0369385
 0.141302 0.459989 0.261035 0.0928564 0.0448181
 0.22339 0.421888 0.190018 0.107831 0.0568722
 0.207627 0.562574 0.124837 0.0562262 0.0487358
 0.290836 0.544857 0.116656 0.0258862 0.021765
 0.356729 0.54293 0.0770932 0.0165059 0.00674227
 0.234432 0.620532 0.122412 0.0173818 0.00524165
 0.251374 0.509669 0.193687 0.0382085 0.00706148
 0.241984 0.519301 0.162519 0.0617612 0.0144353
 0.318896 0.45515 0.154796 0.0484443 0.022713
 0.27077 0.545013 0.123104 0.0418674 0.0192458
 0.26041 0.50868 0.172578 0.0389806 0.0193514
 0.295893 0.478553 0.155133 0.0526312 0.0177896
 0.273033 0.523108 0.138555 0.0449155 0.0203889
 0.107261 0.621109 0.195458 0.0517708 0.0244008
pobs_RECLAS
 0 0 0 0 0
 0 0 0 0 0
 0 0 0 0 0
 0 0 0 0 0
 0.835266 0.146461 0.0176864 0.000547809 3.91292e-05
 0.385257 0.428462 0.181853 0.0044286 0
 0.867414 0.0963971 0.0333333 0.00285562 0
 0.441836 0.489002 0.0689373 0.000224442 0
 0.779404 0.147425 0.0564933 0.0165055 0.000172143
 0.814271 0.122319 0.05973 0.00367925 0
 0.40263 0.566651 0.0304383 0.000280538 0
 0.475488 0.404961 0.113038 0.00651328 0
 0.955842 0.0263864 0.0167828 0.000988607 0
 0.975058 0.0227948 0.00214734 0 0
 0.738997 0.206755 0.0527124 0.00153531 0
 0.850938 0.134255 0.0134407 0.00136685 0
 0.542534 0.407297 0.0501686 0 0
 0.764087 0.199537 0.0359546 0.000420521 0
 0.470689 0.182191 0.310203 0.0369168 0
 0.84361 0.089868 0.0606195 0.00523954 0.000663233
 0.607945 0.314616 0.071237 0.00620181 0
 0.523733 0.453247 0.0230204 0 0
 0.530135 0.295979 0.169645 0.0042399 0
 0.562478 0.366248 0.0663022 0.0049721 0
 0.250443 0.683176 0.0655157 0.000865301 0
ppred_RECLAS
 0.752468 0.174799 0.0650582 0.00767006 3.87625e-06
 0.704736 0.235131 0.0424636 0.0158044 0.00186421
 0.537772 0.345132 0.0932487 0.0168403 0.00700706
 0.666486 0.202674 0.0976939 0.0263952 0.00675028
 0.695412 0.209476 0.0577989 0.0278604 0.00945245
 0.521051 0.339144 0.0961488 0.0265295 0.0171265
 0.650189 0.194813 0.109754 0.0311156 0.014128
 0.578879 0.284245 0.0762276 0.042945 0.0177031
 0.631478 0.228414 0.0945693 0.0253612 0.0201779
 0.61686 0.258414 0.0773064 0.0320069 0.0154126
 0.465053 0.350229 0.124585 0.0372705 0.0228617
 0.476076 0.280657 0.159267 0.0566552 0.0273452
 0.621226 0.205767 0.092677 0.0525925 0.0277382
 0.622587 0.267958 0.0594606 0.026781 0.0232132
 0.723189 0.212677 0.0455347 0.0101043 0.00849562
 0.756064 0.205885 0.0292346 0.00625922 0.00255675
 0.626896 0.30242 0.0596582 0.00847115 0.00255455
 0.645573 0.241296 0.0916985 0.0180893 0.00334317
 0.633042 0.251395 0.0786757 0.0298988 0.00698816
 0.716766 0.189273 0.0643712 0.0201454 0.00944512
 0.66559 0.249932 0.0564529 0.0191995 0.00882574
 0.654102 0.237904 0.0807125 0.0182308 0.00905043
 0.69333 0.208431 0.0675673 0.0229233 0.00774817
 0.668851 0.238287 0.0631148 0.02046 0.00928756
 0.392134 0.422913 0.133088 0.0352508 0.0166145
pobs_PELACES
 0 0 0 0 0
 0 0 0 0 0
 0 0 0 0 0
 0 0 0 0 0
 0 0 0 0 0
 0 0 0 0 0
 0 0 0 0 0
 0 0 0 0 0
 0 0 0 0 0
 0 0 0 0 0
 0.450072 0.473896 0.0757376 0.000293798 0
 0 0 0 0 0
 0.463077 0.371075 0.160297 0.00555027 0
 0.529543 0.364841 0.0842815 0.0213345 0
 0.631943 0.363953 0.00410389 0 0
 0.735681 0.248677 0.0153453 0.000297389 0
 0.695825 0.281241 0.0229344 0 0
 0.275771 0.60734 0.115278 0.00161068 0
 0 0 0 0 0
 0.896147 0.0623911 0.0374545 0.00400742 0
 0.803859 0.145111 0.0509908 3.86294e-05 0
 0.739449 0.233085 0.0266225 0.000797448 4.60066e-05
 0.878498 0.100942 0.0204185 0.000141795 0
 0.694673 0.275183 0.0284847 0.00165964 0
 0 0 0 0 0
ppred_PELACES
 0.756907 0.171665 0.0638915 0.00753251 3.80674e-06
 0.704122 0.23562 0.0425519 0.0158373 0.00186809
 0.549366 0.336475 0.0909097 0.0164179 0.0068313
 0.648922 0.213348 0.102839 0.0277852 0.00710577
 0.673348 0.22465 0.0619858 0.0298786 0.0101372
 0.509336 0.347439 0.0985005 0.0271784 0.0175454
 0.634336 0.203642 0.114728 0.0325258 0.0147682
 0.571642 0.28913 0.0775376 0.043683 0.0180074
 0.627543 0.230853 0.0955792 0.025632 0.0203933
 0.608729 0.263898 0.0789471 0.0326862 0.0157398
 0.476158 0.342959 0.121999 0.0364968 0.0223871
 0.484928 0.275915 0.156576 0.055698 0.0268832
 0.649521 0.190396 0.0857539 0.0486637 0.0256661
 0.694065 0.21721 0.0481995 0.021709 0.0188169
 0.78561 0.164718 0.0352666 0.00782574 0.00657984
 0.768844 0.195099 0.027703 0.0059313 0.0024228
 0.630456 0.299534 0.0590889 0.00839032 0.00253018
 0.639834 0.245203 0.0931835 0.0183822 0.0033973
 0.623728 0.257776 0.0806727 0.0306577 0.00716554
 0.708763 0.19462 0.0661899 0.0207146 0.00971198
 0.648646 0.262595 0.0593132 0.0201723 0.00927292
 0.638967 0.248314 0.0842442 0.0190285 0.00944644
 0.680726 0.216998 0.0703443 0.0238654 0.00806661
 0.65536 0.247994 0.065686 0.0212935 0.00966592
 0.37616 0.434027 0.136585 0.0361771 0.0170512
pobs_pel_tallas
 0 0 0 0 0 0 0 0 0 0 0 0 0 0 0 0 0 0 0 0 0 0 0 0 0 0 0 0 0 0 0 0 0 0 0 0
 0 0 0 0 0 0 0 0 0 0 0 0 0 0 0 0 0 0 0 0 0 0 0 0 0 0 0 0 0 0 0 0 0 0 0 0
 0 0 0 0 0 0 0 0 0 0 0 0 0 0 0 0 0 0 0 0 0 0 0 0 0 0 0 0 0 0 0 0 0 0 0 0
 0 0 0 0 0 0 0 0 0 0 0 0 0 0 0 0 0 0 0 0 0 0 0 0 0 0 0 0 0 0 0 0 0 0 0 0
 0 0 0 0 0 0 0 0 0 0 0 0 0 0 0 0 0 0 0 0 0 0 0 0 0 0 0 0 0 0 0 0 0 0 0 0
 0 0 0 0 0 0 0 0 0 0 0 0 0 0 0 0 0 0 0 0 0 0 0 0 0 0 0 0 0 0 0 0 0 0 0 0
 0 0 0 0 0 0 0 0 0 0 0 0 0 0 0 0 0 0 0 0 0 0 0 0 0 0 0 0 0 0 0 0 0 0 0 0
 0 0 0 0 0 0 0 0 0 0 0 0 0 0 0 0 0 0 0 0 0 0 0 0 0 0 0 0 0 0 0 0 0 0 0 0
 0 0 0 0 0 0 0 0 0 0 0 0 0 0 0 0 0 0 0 0 0 0 0 0 0 0 0 0 0 0 0 0 0 0 0 0
 0 0 0 0 0 0 0 0 0 0 0 0 0 0 0 0 0 0 0 0 0 0 0 0 0 0 0 0 0 0 0 0 0 0 0 0
 0 0 0 0 0 0 0 0 1.78061e-05 0.00172719 0.00360574 0.0105946 0.0120993 0.0124554 0.0147524 0.0171206 0.0266825 0.0428682 0.0675386 0.121331 0.153587 0.119568 0.100827 0.0573624 0.0630603 0.0341343 0.0324427 0.0444173 0.0211091 0.0280891 0.0125444 0.00206551 0 0 0 0
 0 0 0 0 0 0 0 0 0 0 0 0 0 0 0 0 0 0 0 0 0 0 0 0 0 0 0 0 0 0 0 0 0 0 0 0
 0 0 0 0 0 0 0.0133647 0.0140871 0.0187388 0.0205184 0.03894 0.0496705 0.03968 0.0493445 0.0407372 0.0367815 0.0215668 0.0243155 0.0234873 0.0199281 0.019796 0.0243948 0.0301388 0.0376714 0.0412746 0.0863199 0.0771752 0.113111 0.0741005 0.0525337 0.0229764 0.00759418 0.00175318 0 0 0
 0 0 0 0 0 0 0 0 0 0 0.00219441 0.00772107 0.0458388 0.0604681 0.0671733 0.0775358 0.0609151 0.0617685 0.073594 0.0568108 0.0755445 0.0548602 0.0670107 0.0636378 0.0643287 0.046367 0.0373049 0.0286899 0.0247887 0.0153202 0.00654259 0.00121912 0.000365735 0 0 0
 0 0 0 0 0 0 0 0 0 0 0 0 0.000112435 0.00938835 0.0111873 0.0202946 0.0414886 0.0713402 0.111592 0.104902 0.108894 0.110636 0.117776 0.105296 0.107544 0.0401394 0.0192827 0.0124803 0.00416011 0.0028671 0.000618394 0 0 0 0 0
 0 0 0 0 0 0 0 0 0 0 0.00291406 0.0102884 0.027416 0.0768956 0.0749926 0.110853 0.0956884 0.0897413 0.0766577 0.0534642 0.0500743 0.0551293 0.0594112 0.0620874 0.0668451 0.0424026 0.0208742 0.0120726 0.0048766 0.00582813 0.00118941 0.000297354 0 0 0 0
 0 0.00264628 0.0354308 0.0461629 0.0458689 0.0383711 0.0214643 0.0164657 0.0346957 0.0420465 0.0363128 0.0245516 0.0311673 0.0291091 0.0169068 0.0133784 0.00837989 0.0085269 0.0148486 0.0160247 0.0276389 0.0546898 0.0760071 0.122758 0.109233 0.0665981 0.0333725 0.0166128 0.00676272 0.00308733 0.000882094 0 0 0 0 0
 0 0 0 0 0 0 0 0.000805153 0.000690131 0.00759144 0.0133425 0.0154129 0.00931677 0.000345066 0.00356568 0.00563607 0.00851162 0.0253048 0.0502646 0.0516448 0.0657925 0.0565908 0.0611916 0.0827007 0.0866115 0.110766 0.145733 0.0935128 0.0569358 0.0249597 0.0138026 0.00621118 0.00161031 0.00115022 0 0
 0 0 0 0 0 0 0 0 0 0 0 0 0 0 0 0 0 0 0 0 0 0 0 0 0 0 0 0 0 0 0 0 0 0 0 0
 0.00147267 0.00158595 0.00478618 0.00569244 0.00954404 0.0108468 0.00647125 0.017049 0.0510054 0.094081 0.124002 0.0959785 0.0687766 0.0820023 0.061753 0.0591476 0.0492212 0.0479892 0.0443925 0.0268479 0.0217502 0.0140895 0.0121071 0.0120363 0.00920419 0.00665534 0.0049561 0.00860946 0.00930331 0.0156896 0.0114698 0.00855282 0.00243557 0.00046729 0 2.83206e-05
 0 0 0 0 0.000772559 0.00158375 0.000888443 0.00281984 0.00712685 0.0440552 0.0773331 0.111326 0.0921469 0.0852325 0.0710754 0.0886704 0.0786465 0.0553345 0.0373146 0.0185414 0.00753245 0.00457741 0.012979 0.0271748 0.0457355 0.0583668 0.034881 0.0177882 0.00938659 0.00492506 0.0015258 0.00185414 0.000309023 5.79419e-05 3.86279e-05 0
 0 0.00173294 0.00326652 0 0.00397197 0.00683976 0.00946217 0.0152591 0.00757587 0.0136028 0.0228656 0.0392903 0.0559909 0.0764795 0.0681675 0.0726916 0.0566044 0.0477403 0.0527397 0.0444891 0.0609904 0.0582453 0.0661739 0.0445044 0.0529084 0.0360697 0.0280645 0.0235558 0.0158879 0.00826598 0.00280645 0.00217768 0.000904811 0.00058276 9.20147e-05 0
 0 0 0 0 0 0 0 0 0 0 0 0 0 0 0 0 0 0 0 0 0 0 0 0 0 0 0 0 0 0 0 0 0 0 0 0
 0 0 0 0 0 0 0 0 0 0 0 0 0 0 0 0 0 0 0 0 0 0 0 0 0 0 0 0 0 0 0 0 0 0 0 0
 0 0 0 0 0 0 0 0 0 0 0 0 0 0 0 0 0 0 0 0 0 0 0 0 0 0 0 0 0 0 0 0 0 0 0 0
ppred_pel_tallas
 1.01222e-16 3.30245e-05 0.000193828 0.000921371 0.00354733 0.011062 0.0279418 0.0571727 0.09477 0.127273 0.138498 0.122164 0.0874472 0.0510306 0.0247585 0.0108942 0.0058338 0.00533349 0.0067905 0.00905534 0.0116455 0.0142559 0.0165992 0.0184058 0.019471 0.0196981 0.0191157 0.0178617 0.0161424 0.0141803 0.0121693 0.0102486 0.00849779 0.00694787 0.00559947 0.00443973
 1.01313e-16 3.07253e-05 0.000180324 0.00085716 0.00330008 0.010291 0.0259943 0.0531883 0.0881677 0.118413 0.128874 0.113718 0.0814922 0.0477396 0.0235052 0.0109263 0.0066803 0.00683871 0.00897684 0.0119892 0.0153534 0.0186801 0.0215814 0.0236962 0.0247609 0.024669 0.0234933 0.0214592 0.0188837 0.0160973 0.0133785 0.0109151 0.00879772 0.00703849 0.00560133 0.00443116
 1.02284e-16 2.39814e-05 0.000140722 0.000668866 0.00257507 0.00803001 0.0202834 0.0415042 0.0688043 0.0924218 0.100625 0.0888804 0.0638902 0.0378251 0.019364 0.010247 0.0079546 0.00947609 0.0129317 0.0174059 0.0223615 0.0272946 0.0316607 0.0349404 0.0367466 0.0369097 0.0355111 0.0328478 0.0293483 0.0254658 0.0215877 0.0179817 0.0147873 0.0120404 0.00971296 0.00775129
 1.02817e-16 2.83175e-05 0.00016619 0.00078997 0.00304139 0.00948426 0.0239565 0.0490188 0.0812563 0.109131 0.118774 0.104808 0.075114 0.0440174 0.0217013 0.0101411 0.00628423 0.00652295 0.0086399 0.0116369 0.0150544 0.018553 0.0217867 0.024421 0.0261928 0.026964 0.026743 0.0256668 0.0239541 0.0218449 0.0195508 0.0172264 0.0149659 0.0128175 0.0108044 0.00894163
 1.02454e-16 2.9383e-05 0.000172444 0.000819702 0.00315586 0.00984123 0.0248582 0.0508638 0.0843146 0.113239 0.123244 0.108751 0.0779372 0.045666 0.0225019 0.0104918 0.00646337 0.00666596 0.00878919 0.0117856 0.0151659 0.0185673 0.0216248 0.0239939 0.0254155 0.0257719 0.0251079 0.0236077 0.021539 0.0191844 0.0167824 0.014495 0.0124042 0.01053 0.00885778 0.00736281
 1.03266e-16 2.22363e-05 0.000130476 0.000620153 0.00238751 0.00744511 0.018806 0.0384815 0.0637945 0.0856957 0.0933108 0.0824418 0.0593093 0.0352084 0.0182007 0.00991748 0.00804167 0.00979691 0.0134465 0.0181334 0.0233339 0.0285389 0.0331916 0.0367581 0.0388374 0.0392491 0.0380673 0.0355844 0.0322251 0.0284384 0.0246057 0.0209886 0.0177218 0.0148396 0.0123178 0.0101121
 1.03503e-16 2.76811e-05 0.000162455 0.000772214 0.00297303 0.00927107 0.023418 0.047917 0.0794297 0.106678 0.116103 0.10245 0.0734212 0.0430199 0.0211998 0.00989218 0.00611386 0.006341 0.0084113 0.011357 0.0147395 0.0182389 0.021528 0.0242867 0.0262584 0.0272994 0.0274004 0.0266709 0.025296 0.0234829 0.0214156 0.019231 0.017017 0.0148261 0.0126946 0.0106563
 1.03538e-16 2.49507e-05 0.000146417 0.000695953 0.00267937 0.00835531 0.021105 0.043185 0.0715888 0.0961566 0.104677 0.0924252 0.0663639 0.0391403 0.0197626 0.0100154 0.00725217 0.00832423 0.0112783 0.0151922 0.0195686 0.0239732 0.0279441 0.0310403 0.0329296 0.0334607 0.0326898 0.030851 0.028284 0.0253462 0.0223374 0.0194588 0.01681 0.0144124 0.0122458 0.0102799
 1.03266e-16 2.7386e-05 0.000160719 0.000763958 0.00294123 0.00917191 0.0231676 0.0474048 0.0785815 0.105541 0.114872 0.101379 0.0726868 0.042656 0.0211435 0.0100704 0.0064953 0.00693657 0.00925031 0.0124613 0.0161035 0.0198168 0.0232296 0.025984 0.0278026 0.0285454 0.0282328 0.0270241 0.0251651 0.0229206 0.0205191 0.0181216 0.0158188 0.0136484 0.0116199 0.00973607
 1.03066e-16 2.65669e-05 0.000155908 0.000741077 0.00285312 0.00889713 0.0224736 0.045985 0.0762291 0.102385 0.111446 0.0983771 0.0705818 0.0415156 0.0207541 0.0101771 0.00694627 0.00769351 0.0103362 0.0139077 0.017916 0.0219549 0.0256001 0.0284465 0.030188 0.0306826 0.0299783 0.0282855 0.0259133 0.0231881 0.0203868 0.017698 0.0152186 0.012975 0.010954 0.00913189
 1.04144e-16 2.07895e-05 0.000121982 0.000579772 0.00223203 0.00696027 0.0175813 0.0359757 0.059641 0.0801184 0.0872432 0.0770939 0.0554902 0.0329982 0.0171637 0.00952384 0.00792567 0.0097863 0.0134911 0.0182413 0.0235403 0.0288955 0.0337614 0.0376091 0.0400336 0.0408398 0.0400762 0.0380018 0.0350046 0.031499 0.0278401 0.0242747 0.0209368 0.0178728 0.0150808 0.0125447
 1.05483e-16 2.11692e-05 0.000124217 0.000590413 0.00227302 0.00708811 0.0179042 0.0366358 0.0607333 0.0815796 0.0888183 0.0784477 0.0563817 0.0333626 0.0170509 0.00898489 0.00694791 0.00829781 0.0114022 0.0154924 0.0201447 0.0249689 0.0295326 0.0334054 0.0362395 0.037837 0.0381787 0.0374022 0.0357448 0.0334721 0.0308184 0.0279558 0.0249948 0.0220029 0.0190316 0.0161344
 1.04151e-16 2.83426e-05 0.00016634 0.000790686 0.00304415 0.00949288 0.0239783 0.0490632 0.0813291 0.109227 0.118873 0.104882 0.0751391 0.0439756 0.0215755 0.00990679 0.00590471 0.00595301 0.00783461 0.0105637 0.0137068 0.0169619 0.0200274 0.0226111 0.0244818 0.0255141 0.0257071 0.0251667 0.0240642 0.0225847 0.0208851 0.0190728 0.0172076 0.0153178 0.0134213 0.0115414
 1.02381e-16 3.0286e-05 0.000177746 0.00084491 0.00325292 0.0101439 0.0256228 0.0524281 0.0869072 0.116719 0.127028 0.112081 0.0803032 0.0470114 0.0230882 0.0106356 0.00637519 0.00643372 0.00842613 0.0112751 0.014486 0.0177021 0.02057 0.0227588 0.0240232 0.0242575 0.0235148 0.021984 0.0199339 0.0176449 0.0153508 0.0132064 0.0112847 0.00959457 0.00810987 0.00679459
 1.01131e-16 3.42757e-05 0.000201174 0.0009563 0.00368182 0.0114814 0.0290011 0.0593401 0.0983622 0.132096 0.143742 0.12678 0.0907305 0.0529041 0.0255874 0.0111206 0.00575371 0.00507296 0.006371 0.0084544 0.0108294 0.0131946 0.0152737 0.016813 0.0176267 0.0176371 0.0168907 0.01554 0.0138008 0.0118993 0.0100262 0.0083106 0.0068159 0.00555238 0.00449825 0.00361945
 1.00774e-16 3.35458e-05 0.000196887 0.000935909 0.0036033 0.0112366 0.0283827 0.0580749 0.096266 0.129284 0.14069 0.124107 0.0888571 0.0518926 0.0252489 0.01123 0.00617875 0.00578303 0.00739042 0.00981505 0.0125389 0.0152175 0.0175249 0.0191619 0.0199132 0.0196966 0.0185807 0.0167628 0.0145162 0.0121252 0.00982827 0.00778524 0.00607122 0.00469201 0.00361 0.00276958
 1.01343e-16 2.75158e-05 0.000161475 0.000767537 0.00295499 0.0092148 0.023276 0.0476271 0.0789518 0.106044 0.115434 0.101909 0.0731412 0.0430721 0.0216254 0.010755 0.00752571 0.00844783 0.011353 0.0152156 0.0194876 0.0237002 0.0273632 0.0300163 0.0313226 0.031146 0.0295793 0.0269115 0.0235493 0.0199191 0.0163821 0.0131842 0.0104475 0.00819191 0.00637363 0.00492152
 1.02194e-16 2.79225e-05 0.000163868 0.000778924 0.00299885 0.00935159 0.0236215 0.0483335 0.0801212 0.10761 0.117126 0.103372 0.0741255 0.0435194 0.0216065 0.010348 0.00674646 0.00725131 0.00967197 0.0130042 0.0167574 0.0205446 0.0239659 0.0266387 0.0282702 0.0287195 0.0280222 0.0263679 0.024042 0.0213523 0.0185664 0.0158753 0.013388 0.0111475 0.00915758 0.00740573
 1.02618e-16 2.72207e-05 0.000159747 0.000759329 0.0029234 0.00911629 0.0230272 0.0471176 0.0781062 0.104905 0.114186 0.100788 0.0722953 0.0424906 0.0211804 0.0102848 0.00688924 0.00753797 0.0100954 0.0135749 0.0174815 0.021414 0.0249556 0.0277085 0.0293715 0.0298048 0.0290545 0.0273275 0.024928 0.02218 0.0193597 0.0166585 0.014178 0.0119495 0.00996405 0.00819924
 1.02169e-16 3.0926e-05 0.000181506 0.000862789 0.00332177 0.0103586 0.0261651 0.0535375 0.0887453 0.119186 0.129706 0.114429 0.0819545 0.0479149 0.0234146 0.0105897 0.00608235 0.00593202 0.0077058 0.010318 0.0132909 0.0162981 0.0190207 0.0211575 0.0224794 0.0228777 0.0223831 0.0211464 0.0193922 0.01736 0.015255 0.0132195 0.0113306 0.00961368 0.00806558 0.00667381
 1.02055e-16 2.83074e-05 0.000166126 0.000789657 0.00304017 0.00948043 0.023947 0.0489996 0.0812257 0.109094 0.118744 0.104806 0.0751656 0.0441544 0.0219658 0.0105911 0.00699282 0.00756954 0.0100934 0.0135329 0.0173707 0.0211913 0.0245674 0.0270962 0.0284803 0.0285927 0.0275024 0.0254459 0.0227599 0.0197972 0.0168558 0.0141372 0.0117409 0.00968479 0.00793822 0.00645312
 1.02373e-16 2.78848e-05 0.000163647 0.000777871 0.00299479 0.00933894 0.0235895 0.0482682 0.080013 0.107465 0.116968 0.103235 0.0740303 0.0434702 0.0215941 0.0103618 0.00678026 0.00730394 0.00974407 0.0130952 0.0168636 0.0206579 0.0240746 0.0267287 0.0283281 0.0287356 0.027994 0.0263016 0.023952 0.0212592 0.0184931 0.0158428 0.0134112 0.011233 0.00930274 0.00760033
 1.02267e-16 2.97044e-05 0.000174332 0.000828677 0.00319042 0.00994901 0.0251305 0.0514208 0.0852376 0.114477 0.124589 0.109933 0.0787725 0.0461315 0.0226869 0.0105041 0.00637192 0.0064964 0.00854243 0.0114559 0.0147517 0.0180762 0.0210757 0.0234145 0.0248385 0.0252286 0.0246219 0.0231907 0.0211893 0.0188887 0.0165203 0.0142449 0.0121485 0.0102583 0.00856831 0.00706128
 1.02197e-16 2.85996e-05 0.000167843 0.000797821 0.00307161 0.00957848 0.0241946 0.0495062 0.0820649 0.11022 0.119965 0.105874 0.0759119 0.0445521 0.0220884 0.010526 0.0067893 0.00723631 0.0096178 0.0129009 0.016581 0.0202635 0.0235447 0.0260433 0.0274744 0.027712 0.0268126 0.024989 0.0225488 0.0198161 0.017066 0.0144861 0.0121721 0.0101465 0.00838866 0.00686319
 1.04121e-16 1.64328e-05 9.63959e-05 0.000458115 0.00176359 0.00549942 0.0138915 0.0284267 0.0471312 0.0633285 0.069 0.0610677 0.0441612 0.0266753 0.0146348 0.00932917 0.00913221 0.0120572 0.0168361 0.0227757 0.0293397 0.0359208 0.0418283 0.0463932 0.0491092 0.0497427 0.0483757 0.0453622 0.0412223 0.0365095 0.031697 0.0271132 0.0229331 0.0192098 0.0159255 0.0130367
pSPR Fmed_Fpbrs
0.635734   0.6 0.325
Fs Fmed_Fpbrs
0.300026   0.347834 1.07209
SSBpbr Bo_Bmed_Bpbrs
1.13774e+06  666411  625755 312877
Ro
47098.7
SPR SPRFo_SPRFmed_SPRFpbrs
970681 617095 315471
log_Ro
10.58
likeval ReclasPelacesDesembMPH_pf_preclas_ppelaces_ptallas_desvR_qrecl_qpela
 60.2433 19.4159 0.0149482 0.00022921 286.066 194.681 70.1602 0 15.8178 4.47523e-05 2.73259e-05 5.06915e-16 0 0 0
q_reclas_q_pelaces
0.38753 2.10371
M
0.7
N
 51740.7 13949.9 5191.96 612.109 0.309344
 63358.2 23553.4 4253.63 1583.15 186.74
 38077.5 29357.3 7931.82 1432.45 596.027
 56470.1 17076.1 8231.08 2223.9 568.737
 95195 27490.2 7585.13 3656.21 1240.48
 69394.1 47083.7 13348.4 3683.12 2377.69
 109575 33097.1 18646.2 5286.29 2400.22
 100919 53026.6 14220.4 8011.5 3302.57
 120597 47588.7 19703 5283.86 4203.94
 126690 56393 16870.4 6984.79 3363.47
 66452.7 59924 21316.4 6376.96 3911.61
 42865.6 29843.6 16935.7 6024.42 2907.75
 43413 19366.4 8722.61 4949.92 2610.67
 23732.3 18526.4 4111.05 1851.61 1604.94
 16195.2 8900 1905.52 422.839 355.521
 17676.6 5995.33 851.306 182.267 74.4519
 14123.8 7803.85 1539.46 218.595 65.9194
 16054.6 6466.44 2457.41 484.771 89.5928
 18039.6 7547.62 2362.08 897.649 209.805
 30746.4 8564.28 2912.69 911.547 427.377
 38904.5 14589.2 3295.3 1120.73 515.181
 51342.4 18904 6413.48 1448.63 719.154
 80558.2 24800.8 8039.69 2727.59 921.938
 106397 38719.1 10255.5 3324.53 1509.13
 46982.9 51194.8 16110.6 4267.21 2011.24
pred_Ctot
 3115.23 3981.5 1481.87 174.705 0.0882915
 3061.45 5574.49 1006.73 374.692 44.1967
 2669.69 9496.68 2565.84 463.378 192.807
 800.423 1303.96 628.538 169.82 43.4296
 273.357 439.052 121.144 58.3942 19.8119
 1978.48 6947.05 1969.52 543.433 350.821
 2011.45 3234.87 1822.46 516.674 234.594
 3669.43 9762.04 2617.94 1474.89 607.993
 5077 9983.38 4133.38 1108.47 881.923
 4339.78 9838.23 2943.18 1218.55 586.785
 4597.05 19175.1 6821.03 2040.56 1251.67
 2795.82 9101.39 5164.87 1837.27 886.775
 4429.41 8365.23 3767.69 2138.09 1127.67
 4246.28 11505.5 2553.1 1149.91 996.722
 3014.91 5648.18 1209.29 268.345 225.623
 1420.3 2161.65 306.943 65.7173 26.844
 796.236 2107.6 415.765 59.0365 17.803
 617.264 1251.52 475.609 93.823 17.3399
 571.963 1227.44 384.136 145.981 34.1198
 986.021 1407.31 478.625 149.789 70.2282
 602.323 1212.37 273.842 93.1333 42.812
 1008.2 1969.4 668.149 150.917 74.9206
 1864.4 3015.32 977.479 331.625 112.091
 2380.02 4559.92 1207.78 391.527 177.729
 894.499 5179.69 1630.01 431.739 203.489
F
 0.0869756 0.487697 0.487697 0.487697 0.487697
 0.0692647 0.388387 0.388387 0.388387 0.388387
 0.101943 0.571622 0.571622 0.571622 0.571622
 0.0198831 0.11149 0.11149 0.11149 0.11149
 0.00399997 0.0224289 0.0224289 0.0224289 0.0224289
 0.0403553 0.226284 0.226284 0.226284 0.226284
 0.0258176 0.144766 0.144766 0.144766 0.144766
 0.0517228 0.290024 0.290024 0.290024 0.290024
 0.0601065 0.337034 0.337034 0.337034 0.337034
 0.0486632 0.272868 0.272868 0.272868 0.272868
 0.100522 0.563657 0.563657 0.563657 0.563657
 0.0945291 0.530051 0.530051 0.530051 0.530051
 0.151564 0.849862 0.849862 0.849862 0.849862
 0.280786 1.57444 1.57444 1.57444 1.57444
 0.293732 1.64704 1.64704 1.64704 1.64704
 0.117624 0.65955 0.65955 0.65955 0.65955
 0.0812354 0.455509 0.455509 0.455509 0.455509
 0.0547653 0.307084 0.307084 0.307084 0.307084
 0.044969 0.252153 0.252153 0.252153 0.252153
 0.0454949 0.255103 0.255103 0.255103 0.255103
 0.0217354 0.121876 0.121876 0.121876 0.121876
 0.0276399 0.154985 0.154985 0.154985 0.154985
 0.0326475 0.183064 0.183064 0.183064 0.183064
 0.03154 0.176853 0.176853 0.176853 0.176853
 0.0267882 0.150209 0.150209 0.150209 0.150209
nmprior
 10 11 7 0
nm_flota  nm_reclas  nm_pelaces    nm_pelaL
inf 15.8132 17.2314 30.4499
cv_recla  cv_pelaces  cv_mph
0.702068 0.518494 0.491196
 ------------------------------------------------
Talla a la edad & desviación 
 7.2 14.2025 17.0495 18.207 18.6776
 1.08 2.13037 2.55742 2.73105 2.80164
