years
 1997 1998 1999 2000 2001 2002 2003 2004 2005 2006 2007 2008 2009 2010 2011 2012 2013 2014 2015 2016 2017 2018 2019 2020 2021
reclasobs
 0 0 0 370054 412103 1.49427e+06 250295 1.28982e+06 931140 785840 897777 1.04006e+06 184774 17550 25797 100020 73551 82996 120727 218422 84188 347160 605670 569463 516374
reclaspred
 3.77067e+06 450826 616115 168150 221262 285835 482641 423097 623604 1.15901e+06 1.34076e+06 841595 440782 197916 127839 117145 121584 149506 128969 182877 373789 367879 511924 403186 238039
pelacesobs
 0 0 0 0 0 0 0 0 0 2.06254e+06 1.5e+06 0 1.87456e+06 323000 250000 174000 83755 137374 0 501740 490994 745055 786931 1.00524e+06 0
pelacespred
 1.60294e+06 646029 194067 124832 127236 117090 254893 235941 337305 666674 690313 446062 238766 84600.2 53207.7 55570.6 60136.1 73941.8 66479.6 91445.6 204982 216042 228191 211406 114556
mphobs
 0 0 0 0 0 112323 0 153150 637223 0 255016 313432 73983 77613 109348 50772 0 0 0 0 0 0 0 0 0
mphpred
 2.69195e+06 1.15231e+06 480211 242101 116407 295601 289719 407175 455670 732148 1.35648e+06 927512 489318 263566 118878 101530 101093 120446 127402 115788 253630 355797 386118 399260 306409
desembarqueobs
 350755 77701 442110 56441 14545 235359 269955 359681 431902 328805 639364 411747 362871 311530 167758 66681 60226 58785 57116 71774 51957 67425 138520 160799 200461
desembarquepred
 350737 77681.9 441650 56417.8 14543.4 235097 269753 359112 431409 328569 638514 411225 362120 310825 167400 66627.2 60189.3 58736.8 57058.4 71705 51940.2 67381.4 138404 160655 200382
Reclutas
 2848.39 4077.52 622.08 2457.15 53417 11591.1 53602.4 67467.2 105558 238020 50976.2 16278.4 52694.3 27768.6 19658 13973.1 10863.1 10549.7 6609.71 29801 36852.4 31297.9 37855 20164 189.839
log_desv_Rt
 -1.72549 -1.36676 -3.24693 -1.87324 1.20589 -0.322004 1.20935 1.4394 1.88701 2.70011 1.15912 0.0175944 1.19226 0.551661 0.206241 -0.135108 -0.386872 -0.416148 -0.883704 0.622297 0.834676 0.671305 0.861518 0.231654 -4.43382
SSB
 2.69195e+06 1.15231e+06 480211 242101 116407 295601 289719 407175 455670 732148 1.35648e+06 927512 489318 263566 118878 101530 101093 120446 127402 115788 253630 355797 386118 399260 306409
BT
 3.13269e+06 1.33016e+06 605293 297651 377664 403134 982925 976016 1.34922e+06 2.15591e+06 1.93532e+06 1.21572e+06 908828 482548 276613 179314 189576 215252 182754 302731 552371 490947 565174 558424 388541
Ftot
 0.0906393 0.167041 0.66422 0.321515 0.0642432 0.756286 0.53149 0.790537 0.652545 0.274202 0.451829 0.462632 0.761036 1.35542 1.16983 0.537476 0.47072 0.376037 0.42113 0.376741 0.13521 0.177599 0.26064 0.380466 0.770535
BD_Bspro_t
 0.98563 0.889831 0.699683 0.384879 0.391008 0.674625 0.474733 0.502349 0.476562 0.537017 0.643463 0.474862 0.333759 0.245306 0.145585 0.149326 0.195038 0.28834 0.352279 0.392534 0.60397 0.728257 0.713196 0.652314 0.50089
BD_Bspro
 8.16636 3.49567 1.45678 0.734442 0.353134 0.896741 0.878898 1.23522 1.38233 2.22106 4.11506 2.81372 1.4844 0.799558 0.360631 0.308004 0.306679 0.365388 0.386488 0.351258 0.769418 1.07935 1.17134 1.21121 0.929528
BD_Bo
 2.49042 1.06604 0.444261 0.223976 0.107692 0.273471 0.268029 0.376693 0.421556 0.677336 1.25493 0.858074 0.452685 0.243834 0.109978 0.0939293 0.093525 0.111429 0.117864 0.10712 0.234643 0.329161 0.357212 0.36937 0.28347
BD_Brms
 12.167 5.20816 2.17044 1.09424 0.526131 1.33604 1.30946 1.84033 2.05952 3.30913 6.13098 4.19213 2.2116 1.19125 0.5373 0.458892 0.456917 0.544388 0.575825 0.523336 1.14635 1.60812 1.74516 1.80456 1.38489
S_f
 0.5 1 1 1 1
 0.5 1 1 1 1
 0.5 1 1 1 1
 0.5 1 1 1 1
 0.5 1 1 1 1
 0.5 1 1 1 1
 0.5 1 1 1 1
 0.5 1 1 1 1
 0.5 1 1 1 1
 0.5 1 1 1 1
 0.5 1 1 1 1
 0.5 1 1 1 1
 0.5 1 1 1 1
 0.5 1 1 1 1
 0.5 1 1 1 1
 0.5 1 1 1 1
 0.5 1 1 1 1
 0.5 1 1 1 1
 0.5 1 1 1 1
 0.5 1 1 1 1
 0.5 1 1 1 1
 0.5 1 1 1 1
 0.5 1 1 1 1
 0.5 1 1 1 1
 0.5 1 1 1 1
Scru_reclas
 0.5 1 1 1 1
 0.5 1 1 1 1
 0.5 1 1 1 1
 0.5 1 1 1 1
 0.5 1 1 1 1
 0.5 1 1 1 1
 0.5 1 1 1 1
 0.5 1 1 1 1
 0.5 1 1 1 1
 0.5 1 1 1 1
 0.5 1 1 1 1
 0.5 1 1 1 1
 0.5 1 1 1 1
 0.5 1 1 1 1
 0.5 1 1 1 1
 0.5 1 1 1 1
 0.5 1 1 1 1
 0.5 1 1 1 1
 0.5 1 1 1 1
 0.5 1 1 1 1
 0.5 1 1 1 1
 0.5 1 1 1 1
 0.5 1 1 1 1
 0.5 1 1 1 1
 0.5 1 1 1 1
Scru_pelaces
 0.5 1 1 1 1
 0.5 1 1 1 1
 0.5 1 1 1 1
 0.5 1 1 1 1
 0.5 1 1 1 1
 0.5 1 1 1 1
 0.5 1 1 1 1
 0.5 1 1 1 1
 0.5 1 1 1 1
 0.5 1 1 1 1
 0.5 1 1 1 1
 0.5 1 1 1 1
 0.5 1 1 1 1
 0.5 1 1 1 1
 0.5 1 1 1 1
 0.5 1 1 1 1
 0.5 1 1 1 1
 0.5 1 1 1 1
 0.5 1 1 1 1
 0.5 1 1 1 1
 0.5 1 1 1 1
 0.5 1 1 1 1
 0.5 1 1 1 1
 0.5 1 1 1 1
 0.5 1 1 1 1
pf_obs 
 0.256992 0.487395 0.22802 0.0275931 0
 0.321318 0.546541 0.124235 0.00734118 0.000564706
 0.182869 0.594174 0.210203 0.0122559 0.00049798
 0.330522 0.361315 0.267642 0.0388342 0.00168674
 0.649043 0.306663 0.0425973 0.00169635 0
 0.582887 0.30429 0.105238 0.00758474 0
 0.465427 0.430635 0.0974691 0.00646863 0
 0.296916 0.608066 0.0921331 0.00288517 0
 0.311714 0.524322 0.152257 0.0117073 0
 0.15457 0.633149 0.183074 0.0267441 0.00246327
 0.131901 0.49318 0.331252 0.0422183 0.00144891
 0.196976 0.569456 0.194076 0.0375587 0.00193317
 0.518974 0.381816 0.0799577 0.0180837 0.00116848
 0.0928022 0.601141 0.25162 0.0475244 0.00691264
 0.122501 0.610282 0.24278 0.0234846 0.000952079
 0.383417 0.481906 0.127806 0.00687128 0
 0.0376549 0.599619 0.316969 0.0457579 0
 0.0361596 0.667082 0.258105 0.0386534 0
 0.158088 0.579412 0.248529 0.0139706 0
 0.0477256 0.309471 0.559284 0.082774 0.000745712
 0.0406174 0.521527 0.379366 0.0568643 0.0016247
 0.151134 0.462217 0.34131 0.0453401 0
 0.294876 0.26143 0.354403 0.0886775 0.000613685
 0.281977 0.475581 0.204845 0.0348837 0.00271318
 0 0 0 0 0
pf_pred 
 0.0135825 0.628878 0.31514 0.0423985 9.89604e-07
 0.0411902 0.0263433 0.594482 0.297904 0.0400805
 0.0155305 0.0813641 0.0248128 0.559944 0.318349
 0.18022 0.0303734 0.0652426 0.0198964 0.704268
 0.894563 0.0343129 0.00263521 0.00566048 0.0628288
 0.198612 0.757542 0.0142688 0.00109583 0.0284808
 0.744116 0.0981818 0.149074 0.00280791 0.00582029
 0.627547 0.32472 0.018315 0.0278086 0.00160952
 0.683803 0.256309 0.0522126 0.00294492 0.00473022
 0.736986 0.220965 0.0340846 0.00694336 0.00102066
 0.189087 0.696108 0.0964509 0.0148779 0.00347628
 0.133508 0.30099 0.485441 0.0672614 0.0127995
 0.554773 0.116128 0.114318 0.184373 0.0304077
 0.429575 0.432473 0.0359819 0.0354211 0.0665493
 0.54963 0.31464 0.102905 0.00856171 0.0242633
 0.527609 0.367888 0.0730084 0.0238777 0.00761664
 0.449592 0.398262 0.118488 0.0235142 0.0101436
 0.466157 0.34818 0.134342 0.0399682 0.0113534
 0.354509 0.42652 0.142816 0.0551041 0.021051
 0.77061 0.127072 0.0676083 0.022638 0.0120714
 0.5773 0.372943 0.0275634 0.014665 0.00752885
 0.412787 0.434215 0.134988 0.00997667 0.00803313
 0.456328 0.324337 0.162187 0.0504204 0.00672698
 0.298804 0.451571 0.148919 0.0744678 0.0262391
 0.0064717 0.484505 0.327811 0.108105 0.0731067
pobs_RECLAS
 0 0 0 0 0
 0 0 0 0 0
 0 0 0 0 0
 0 0 0 0 0
 0.835266 0.146461 0.0176864 0.000547809 3.91292e-05
 0.385257 0.428462 0.181853 0.0044286 0
 0.867414 0.0963971 0.0333333 0.00285562 0
 0.441836 0.489002 0.0689373 0.000224442 0
 0.779404 0.147425 0.0564933 0.0165055 0.000172143
 0.814271 0.122319 0.05973 0.00367925 0
 0.40263 0.566651 0.0304383 0.000280538 0
 0.475488 0.404961 0.113038 0.00651328 0
 0.955842 0.0263864 0.0167828 0.000988607 0
 0.975058 0.0227948 0.00214734 0 0
 0.738997 0.206755 0.0527124 0.00153531 0
 0.850938 0.134255 0.0134407 0.00136685 0
 0.542534 0.407297 0.0501686 0 0
 0.764087 0.199537 0.0359546 0.000420521 0
 0.470689 0.182191 0.310203 0.0369168 0
 0.84361 0.089868 0.0606195 0.00523954 0.000663233
 0.607945 0.314616 0.071237 0.00620181 0
 0.523733 0.453247 0.0230204 0 0
 0.530135 0.295979 0.169645 0.0042399 0
 0.562478 0.366248 0.0663022 0.0049721 0
 0.250443 0.683176 0.0655157 0.000865301 0
ppred_RECLAS
 0.013621 0.628853 0.315128 0.0423969 9.89566e-07
 0.0414151 0.0263371 0.594343 0.297834 0.0400711
 0.0160334 0.0813225 0.0248001 0.559658 0.318186
 0.182062 0.0303051 0.065096 0.0198517 0.702685
 0.89475 0.034252 0.00263054 0.00565044 0.0627174
 0.204873 0.751624 0.0141573 0.00108727 0.0282583
 0.74863 0.0964497 0.146445 0.00275837 0.00571762
 0.637177 0.316324 0.0178415 0.0270896 0.00156791
 0.690593 0.250805 0.0510914 0.00288168 0.00462865
 0.73896 0.219307 0.0338288 0.00689126 0.001013
 0.192051 0.693564 0.0960984 0.0148235 0.00346358
 0.135818 0.300188 0.484147 0.0670821 0.0127654
 0.564441 0.113606 0.111836 0.18037 0.0297474
 0.452336 0.415216 0.0345462 0.0340077 0.0638939
 0.56782 0.301932 0.0987485 0.00821592 0.0232834
 0.533639 0.363192 0.0720765 0.023573 0.00751942
 0.454615 0.394628 0.117406 0.0232996 0.010051
 0.469927 0.345721 0.133393 0.0396859 0.0112732
 0.358529 0.423864 0.141927 0.0547609 0.0209199
 0.773282 0.125592 0.0668207 0.0223743 0.0119308
 0.57839 0.371981 0.0274923 0.0146272 0.00750944
 0.414265 0.433122 0.134648 0.00995156 0.00801291
 0.45871 0.322916 0.161476 0.0501995 0.00669751
 0.302034 0.44949 0.148233 0.0741247 0.0261182
 0.00673358 0.484377 0.327725 0.108077 0.0730874
pobs_PELACES
 0 0 0 0 0
 0 0 0 0 0
 0 0 0 0 0
 0 0 0 0 0
 0 0 0 0 0
 0 0 0 0 0
 0 0 0 0 0
 0 0 0 0 0
 0 0 0 0 0
 0 0 0 0 0
 0.450072 0.473896 0.0757376 0.000293798 0
 0 0 0 0 0
 0.463077 0.371075 0.160297 0.00555027 0
 0.529543 0.364841 0.0842815 0.0213345 0
 0.631943 0.363953 0.00410389 0 0
 0.735681 0.248677 0.0153453 0.000297389 0
 0.695825 0.281241 0.0229344 0 0
 0.275771 0.60734 0.115278 0.00161068 0
 0 0 0 0 0
 0.896147 0.0623911 0.0374545 0.00400742 0
 0.803859 0.145111 0.0509908 3.86294e-05 0
 0.739449 0.233085 0.0266225 0.000797448 4.60066e-05
 0.878498 0.100942 0.0204185 0.000141795 0
 0.694673 0.275183 0.0284847 0.00165964 0
 0 0 0 0 0
ppred_PELACES
 0.0138234 0.628724 0.315063 0.0423882 9.89363e-07
 0.0425232 0.0263066 0.593655 0.29749 0.0400248
 0.0178574 0.0811718 0.0247541 0.558621 0.317596
 0.190096 0.0300075 0.0644566 0.0196567 0.695783
 0.895744 0.0339285 0.00260569 0.00559707 0.062125
 0.22595 0.7317 0.013782 0.00105845 0.0275092
 0.76477 0.0902566 0.137041 0.00258126 0.00535048
 0.66676 0.290532 0.0163867 0.0248808 0.00144006
 0.713116 0.232548 0.0473724 0.00267192 0.00429172
 0.747593 0.212054 0.0327101 0.00666336 0.0009795
 0.203885 0.683405 0.0946908 0.0146064 0.00341285
 0.145029 0.296988 0.478987 0.0663671 0.0126294
 0.595024 0.105629 0.103983 0.167705 0.0276586
 0.508101 0.372937 0.0310286 0.0305449 0.057388
 0.614433 0.269368 0.088098 0.00732979 0.0207721
 0.555629 0.346067 0.0686778 0.0224614 0.00716486
 0.47393 0.380652 0.113248 0.0224744 0.00969503
 0.485406 0.335625 0.129497 0.038527 0.010944
 0.374662 0.413203 0.138357 0.0533836 0.0203938
 0.783995 0.119658 0.0636633 0.0213171 0.0113671
 0.583821 0.36719 0.0271382 0.0144387 0.00741271
 0.421393 0.427851 0.13301 0.00983045 0.0079154
 0.469406 0.316536 0.158286 0.0492076 0.00656517
 0.31543 0.440863 0.145388 0.072702 0.0256169
 0.0076395 0.483935 0.327426 0.107978 0.0730207
pobs_pel_tallas
 0 0 0 0 0 0 0 0 0 0 0 0 0 0 0 0 0 0 0 0 0 0 0 0 0 0 0 0 0 0 0 0 0 0 0 0
 0 0 0 0 0 0 0 0 0 0 0 0 0 0 0 0 0 0 0 0 0 0 0 0 0 0 0 0 0 0 0 0 0 0 0 0
 0 0 0 0 0 0 0 0 0 0 0 0 0 0 0 0 0 0 0 0 0 0 0 0 0 0 0 0 0 0 0 0 0 0 0 0
 0 0 0 0 0 0 0 0 0 0 0 0 0 0 0 0 0 0 0 0 0 0 0 0 0 0 0 0 0 0 0 0 0 0 0 0
 0 0 0 0 0 0 0 0 0 0 0 0 0 0 0 0 0 0 0 0 0 0 0 0 0 0 0 0 0 0 0 0 0 0 0 0
 0 0 0 0 0 0 0 0 0 0 0 0 0 0 0 0 0 0 0 0 0 0 0 0 0 0 0 0 0 0 0 0 0 0 0 0
 0 0 0 0 0 0 0 0 0 0 0 0 0 0 0 0 0 0 0 0 0 0 0 0 0 0 0 0 0 0 0 0 0 0 0 0
 0 0 0 0 0 0 0 0 0 0 0 0 0 0 0 0 0 0 0 0 0 0 0 0 0 0 0 0 0 0 0 0 0 0 0 0
 0 0 0 0 0 0 0 0 0 0 0 0 0 0 0 0 0 0 0 0 0 0 0 0 0 0 0 0 0 0 0 0 0 0 0 0
 0 0 0 0 0 0 0 0 0 0 0 0 0 0 0 0 0 0 0 0 0 0 0 0 0 0 0 0 0 0 0 0 0 0 0 0
 0 0 0 0 0 0 0 0 1.78061e-05 0.00172719 0.00360574 0.0105946 0.0120993 0.0124554 0.0147524 0.0171206 0.0266825 0.0428682 0.0675386 0.121331 0.153587 0.119568 0.100827 0.0573624 0.0630603 0.0341343 0.0324427 0.0444173 0.0211091 0.0280891 0.0125444 0.00206551 0 0 0 0
 0 0 0 0 0 0 0 0 0 0 0 0 0 0 0 0 0 0 0 0 0 0 0 0 0 0 0 0 0 0 0 0 0 0 0 0
 0 0 0 0 0 0 0.0133647 0.0140871 0.0187388 0.0205184 0.03894 0.0496705 0.03968 0.0493445 0.0407372 0.0367815 0.0215668 0.0243155 0.0234873 0.0199281 0.019796 0.0243948 0.0301388 0.0376714 0.0412746 0.0863199 0.0771752 0.113111 0.0741005 0.0525337 0.0229764 0.00759418 0.00175318 0 0 0
 0 0 0 0 0 0 0 0 0 0 0.00219441 0.00772107 0.0458388 0.0604681 0.0671733 0.0775358 0.0609151 0.0617685 0.073594 0.0568108 0.0755445 0.0548602 0.0670107 0.0636378 0.0643287 0.046367 0.0373049 0.0286899 0.0247887 0.0153202 0.00654259 0.00121912 0.000365735 0 0 0
 0 0 0 0 0 0 0 0 0 0 0 0 0.000112435 0.00938835 0.0111873 0.0202946 0.0414886 0.0713402 0.111592 0.104902 0.108894 0.110636 0.117776 0.105296 0.107544 0.0401394 0.0192827 0.0124803 0.00416011 0.0028671 0.000618394 0 0 0 0 0
 0 0 0 0 0 0 0 0 0 0 0.00291406 0.0102884 0.027416 0.0768956 0.0749926 0.110853 0.0956884 0.0897413 0.0766577 0.0534642 0.0500743 0.0551293 0.0594112 0.0620874 0.0668451 0.0424026 0.0208742 0.0120726 0.0048766 0.00582813 0.00118941 0.000297354 0 0 0 0
 0 0.00264628 0.0354308 0.0461629 0.0458689 0.0383711 0.0214643 0.0164657 0.0346957 0.0420465 0.0363128 0.0245516 0.0311673 0.0291091 0.0169068 0.0133784 0.00837989 0.0085269 0.0148486 0.0160247 0.0276389 0.0546898 0.0760071 0.122758 0.109233 0.0665981 0.0333725 0.0166128 0.00676272 0.00308733 0.000882094 0 0 0 0 0
 0 0 0 0 0 0 0 0.000805153 0.000690131 0.00759144 0.0133425 0.0154129 0.00931677 0.000345066 0.00356568 0.00563607 0.00851162 0.0253048 0.0502646 0.0516448 0.0657925 0.0565908 0.0611916 0.0827007 0.0866115 0.110766 0.145733 0.0935128 0.0569358 0.0249597 0.0138026 0.00621118 0.00161031 0.00115022 0 0
 0 0 0 0 0 0 0 0 0 0 0 0 0 0 0 0 0 0 0 0 0 0 0 0 0 0 0 0 0 0 0 0 0 0 0 0
 0.00147267 0.00158595 0.00478618 0.00569244 0.00954404 0.0108468 0.00647125 0.017049 0.0510054 0.094081 0.124002 0.0959785 0.0687766 0.0820023 0.061753 0.0591476 0.0492212 0.0479892 0.0443925 0.0268479 0.0217502 0.0140895 0.0121071 0.0120363 0.00920419 0.00665534 0.0049561 0.00860946 0.00930331 0.0156896 0.0114698 0.00855282 0.00243557 0.00046729 0 2.83206e-05
 0 0 0 0 0.000772559 0.00158375 0.000888443 0.00281984 0.00712685 0.0440552 0.0773331 0.111326 0.0921469 0.0852325 0.0710754 0.0886704 0.0786465 0.0553345 0.0373146 0.0185414 0.00753245 0.00457741 0.012979 0.0271748 0.0457355 0.0583668 0.034881 0.0177882 0.00938659 0.00492506 0.0015258 0.00185414 0.000309023 5.79419e-05 3.86279e-05 0
 0 0.00173294 0.00326652 0 0.00397197 0.00683976 0.00946217 0.0152591 0.00757587 0.0136028 0.0228656 0.0392903 0.0559909 0.0764795 0.0681675 0.0726916 0.0566044 0.0477403 0.0527397 0.0444891 0.0609904 0.0582453 0.0661739 0.0445044 0.0529084 0.0360697 0.0280645 0.0235558 0.0158879 0.00826598 0.00280645 0.00217768 0.000904811 0.00058276 9.20147e-05 0
 0 0 0 0 0 0 0 0 0 0 0 0 0 0 0 0 0 0 0 0 0 0 0 0 0 0 0 0 0 0 0 0 0 0 0 0
 0 0 0 0 0 0 0 0 0 0 0 0 0 0 0 0 0 0 0 0 0 0 0 0 0 0 0 0 0 0 0 0 0 0 0 0
 0 0 0 0 0 0 0 0 0 0 0 0 0 0 0 0 0 0 0 0 0 0 0 0 0 0 0 0 0 0 0 0 0 0 0 0
ppred_pel_tallas
 1.06134e-16 6.41645e-07 3.66873e-06 1.72369e-05 6.6024e-05 0.000205581 0.00051998 0.00106914 0.00179197 0.00246637 0.00284167 0.00288201 0.00288287 0.00333912 0.00472318 0.00738224 0.0115609 0.0174197 0.0249787 0.0340202 0.0440221 0.0541716 0.0634744 0.07094 0.0757886 0.0776141 0.0764513 0.0727248 0.0671095 0.0603523 0.0531197 0.0459084 0.0390308 0.0326502 0.0268395 0.0216314
 1.20528e-16 1.86899e-06 1.0929e-05 5.18741e-05 0.000199591 0.000622251 0.00157174 0.00321673 0.00533525 0.00717497 0.00783403 0.00697315 0.00513123 0.00328413 0.00215707 0.00196491 0.00262591 0.00405694 0.00629653 0.00947998 0.0137699 0.0192926 0.0260865 0.0340591 0.0429559 0.0523507 0.0616632 0.0702093 0.0772796 0.0822371 0.0846121 0.0841776 0.0809876 0.0753653 0.0678508 0.0591135
 1.34413e-16 7.93257e-07 4.61446e-06 2.18561e-05 8.40181e-05 0.000261854 0.000661454 0.00135435 0.00224887 0.0030321 0.00333111 0.00301361 0.00232273 0.001694 0.00146831 0.00178305 0.00265974 0.0041232 0.00624678 0.00913587 0.0128958 0.0176073 0.0233102 0.029992 0.0375738 0.0458931 0.054686 0.0635736 0.0720656 0.0795889 0.0855452 0.0893907 0.0907229 0.0893521 0.0853429 0.0790114
 1.34111e-16 8.30156e-06 4.86995e-05 0.000231452 0.000891035 0.00277852 0.00701825 0.0143604 0.0238048 0.0319719 0.034799 0.0307125 0.0220237 0.0129347 0.00644075 0.00314416 0.00219249 0.00259779 0.00381448 0.00569391 0.00828217 0.0116836 0.0159967 0.0212818 0.0275346 0.0346614 0.0424584 0.0506 0.0586461 0.0660711 0.0723158 0.0768565 0.0792793 0.0793435 0.0770202 0.0725019
 1.03144e-16 3.90725e-05 0.000229348 0.00109027 0.00419769 0.0130902 0.0330645 0.0676531 0.112137 0.150581 0.16382 0.144402 0.10315 0.0597597 0.0281814 0.0110153 0.00391931 0.00181638 0.00162036 0.00203922 0.00265774 0.00335037 0.00405937 0.00474154 0.00536458 0.00591105 0.00637874 0.00677548 0.00711042 0.00738532 0.00758954 0.00770057 0.00768998 0.00753211 0.00721259 0.0067342
 1.01756e-16 9.89475e-06 5.7985e-05 0.000275446 0.00106017 0.00330576 0.00835086 0.0170923 0.0283526 0.0381379 0.0416626 0.0371322 0.0274154 0.0176836 0.0117259 0.0105132 0.0132551 0.0188758 0.0265899 0.0357517 0.0455759 0.0550343 0.0629521 0.0682298 0.0700966 0.0683016 0.0631777 0.0555492 0.0465233 0.0372315 0.0286064 0.0212505 0.0154131 0.0110538 0.0079499 0.00580589
 1.02314e-16 3.33642e-05 0.000195829 0.000930903 0.00358406 0.0111766 0.028231 0.0577639 0.0957478 0.12858 0.139902 0.123361 0.0882131 0.0512952 0.0245485 0.0102313 0.00467786 0.00359075 0.00435772 0.0058723 0.00774223 0.00978589 0.0118491 0.0137737 0.0154133 0.0166538 0.0174275 0.0177133 0.0175285 0.0169158 0.0159327 0.0146452 0.0131269 0.0114583 0.00972555 0.00801488
 1.0125e-16 2.90983e-05 0.000170767 0.000811715 0.00312509 0.00974525 0.0246159 0.0503685 0.0834953 0.112144 0.122067 0.107747 0.0772932 0.0454401 0.0226708 0.0110362 0.00741589 0.00810504 0.0108027 0.0144279 0.0184185 0.022311 0.0256307 0.0279387 0.0289239 0.0284758 0.026711 0.0239372 0.0205725 0.0170459 0.0137118 0.0108 0.00840855 0.00652901 0.00508772 0.00398685
 1.01041e-16 3.11173e-05 0.000182626 0.000868104 0.00334222 0.0104224 0.0263262 0.0538674 0.0892932 0.119924 0.130518 0.115164 0.0825208 0.0483266 0.0237652 0.0109981 0.00665782 0.0067631 0.00885768 0.0118235 0.0151359 0.0184073 0.0212528 0.0233139 0.0243288 0.0241915 0.0229737 0.0208996 0.0182853 0.0154619 0.0127105 0.0102227 0.00809394 0.00634034 0.00492806 0.00380189
 1.00809e-16 3.26198e-05 0.000191449 0.000910054 0.00350375 0.0109261 0.0275985 0.0564705 0.0936072 0.125715 0.136812 0.120699 0.0864454 0.0505413 0.0246981 0.0111665 0.00640043 0.00621437 0.00803007 0.0106857 0.0136577 0.0165809 0.0191024 0.0208967 0.0217288 0.0215077 0.0203061 0.0183369 0.0158957 0.0132907 0.0107812 0.00854208 0.00665664 0.00513355 0.00393431 0.0030006
 1.02229e-16 8.93089e-06 5.23302e-05 0.000248571 0.000956704 0.00298313 0.00753585 0.0154244 0.0255869 0.0344206 0.0376095 0.0335385 0.0248023 0.0160776 0.0107975 0.00985653 0.0125628 0.0179666 0.0253769 0.0342196 0.0437813 0.0531134 0.0611193 0.0667569 0.0692737 0.0683842 0.0643345 0.057823 0.0498172 0.0413227 0.033185 0.025972 0.0199517 0.0151459 0.0114202 0.0085739
 1.09767e-16 6.34973e-06 3.72098e-05 0.000176761 0.000680342 0.00212139 0.00535874 0.0109672 0.0181889 0.0244564 0.0266906 0.0237269 0.0173871 0.0109643 0.00686149 0.00567937 0.00691171 0.00991565 0.0143054 0.0198701 0.0263889 0.0335283 0.040837 0.0478027 0.0539319 0.0588228 0.0622092 0.063966 0.0640868 0.0626502 0.059792 0.0556945 0.0505868 0.0447466 0.038492 0.0321584
 1.08566e-16 2.59628e-05 0.000152376 0.000724319 0.00278866 0.00869614 0.0219657 0.0449447 0.0745004 0.100051 0.108872 0.0960267 0.068725 0.0400818 0.0194076 0.00848535 0.00449351 0.00412004 0.00536055 0.00737345 0.00985991 0.0126705 0.0156639 0.0186863 0.021587 0.0242356 0.0265307 0.0283952 0.0297656 0.0305822 0.0307878 0.0303368 0.0292122 0.0274417 0.0251073 0.022342
 1.04294e-16 2.21833e-05 0.000130162 0.00061866 0.00238175 0.00742715 0.0187607 0.0383889 0.0636416 0.0854922 0.0930939 0.0822617 0.0592044 0.0351952 0.0182825 0.0101002 0.00834138 0.0102355 0.0140404 0.0188806 0.024202 0.0294593 0.0340615 0.0374536 0.0392366 0.0392598 0.0376525 0.0347783 0.0311332 0.027221 0.0234492 0.0200708 0.0171807 0.0147524 0.0126933 0.0108971
 1.02561e-16 2.68159e-05 0.000157369 0.000748022 0.00287986 0.00898051 0.0226842 0.0464159 0.0769436 0.103345 0.112492 0.0993014 0.0712481 0.0419139 0.0209649 0.0102995 0.00705315 0.00782623 0.010515 0.0141405 0.0182004 0.0222775 0.0259351 0.0287564 0.030427 0.0308018 0.0299324 0.0280401 0.0254494 0.0225064 0.0195071 0.0166575 0.0140671 0.0117693 0.00975161 0.007985
 1.02195e-16 2.42548e-05 0.000142326 0.000676493 0.00260443 0.00812157 0.0205147 0.0419775 0.0695891 0.0934762 0.101773 0.0898969 0.0646248 0.0382677 0.0196041 0.0103944 0.00809012 0.00964395 0.0131504 0.0176765 0.0226694 0.0276092 0.0319364 0.0351214 0.0367752 0.0367377 0.03511 0.0322166 0.0285153 0.0244849 0.020529 0.0169203 0.0137916 0.0111629 0.00898579 0.00718541
 1.02957e-16 2.06939e-05 0.000121417 0.00057708 0.00222165 0.00692789 0.0174996 0.0358087 0.0593653 0.0797513 0.0868522 0.076769 0.0553011 0.0329754 0.0173155 0.00986587 0.00849702 0.0106445 0.014695 0.0198289 0.0255073 0.0311785 0.0362309 0.0400765 0.0422735 0.042623 0.0412066 0.0383483 0.0345197 0.0302219 0.0258841 0.0218049 0.0181427 0.0149433 0.0121843 0.00981643
 1.03783e-16 2.11925e-05 0.000124348 0.000591025 0.00227536 0.00709538 0.0179226 0.0366739 0.0607981 0.0816716 0.0889312 0.0785778 0.0565412 0.0335891 0.0174087 0.00956078 0.00784486 0.00962391 0.0132519 0.0179203 0.0231351 0.0284123 0.0332159 0.0370254 0.0394396 0.0402618 0.0395327 0.0374999 0.0345387 0.0310538 0.0273949 0.02381 0.0204392 0.0173382 0.0145156 0.0119637
 1.04886e-16 1.63666e-05 9.60094e-05 0.000456282 0.00175654 0.00547744 0.0138359 0.0283129 0.0469419 0.0630727 0.0687171 0.0608075 0.0439517 0.0265064 0.0144663 0.00910858 0.00880785 0.0115828 0.0161745 0.0219055 0.0282647 0.0346786 0.0404938 0.0450751 0.0479371 0.0488489 0.0478736 0.0453285 0.0416853 0.0374467 0.0330418 0.0287671 0.0247813 0.0211361 0.0178245 0.0148226
 1.02207e-16 3.42034e-05 0.000200754 0.000954312 0.00367418 0.0114576 0.028941 0.0592166 0.0981563 0.131816 0.143428 0.126481 0.0904671 0.0526521 0.0252827 0.0106791 0.00508563 0.00409285 0.00500879 0.00667291 0.00864523 0.0106952 0.0126236 0.0142424 0.0154023 0.0160205 0.0160932 0.0156855 0.0149064 0.0138763 0.012701 0.0114575 0.0101937 0.00893656 0.00770445 0.00651537
 1.01348e-16 2.54849e-05 0.000149546 0.000710812 0.00273656 0.00853362 0.0215555 0.0441072 0.0731195 0.0982183 0.106936 0.0944554 0.0678984 0.0401988 0.0205784 0.0108832 0.00842952 0.010007 0.0136018 0.0182192 0.0232629 0.0281724 0.032351 0.0352429 0.0364529 0.0358406 0.0335531 0.029981 0.0256561 0.0211259 0.0168445 0.0131091 0.0100496 0.00765942 0.00584705 0.00448763
 1.02736e-16 1.8405e-05 0.000107975 0.000513164 0.00197554 0.00616039 0.015561 0.0318426 0.0527929 0.0709303 0.0772676 0.0683492 0.0493492 0.0296539 0.0159878 0.00976568 0.00913517 0.0118458 0.0164672 0.0222362 0.028594 0.0349289 0.0405522 0.0448005 0.0471747 0.047451 0.0457231 0.04236 0.0378998 0.0329166 0.027905 0.0232128 0.0190285 0.0154105 0.0123359 0.00974652
 1.04348e-16 2.04941e-05 0.00012025 0.000571542 0.00220035 0.00686148 0.0173318 0.0354649 0.0587937 0.0789787 0.0859982 0.0759843 0.0546711 0.0324706 0.0168163 0.00921794 0.00754979 0.00926673 0.0127859 0.0173387 0.0224643 0.0277125 0.0325805 0.0365725 0.0392959 0.0405409 0.0403135 0.0388091 0.0363435 0.0332657 0.0298842 0.0264257 0.0230312 0.0197763 0.0167021 0.0138391
 1.05903e-16 1.3785e-05 8.08502e-05 0.000384208 0.00147902 0.00461202 0.01165 0.0238405 0.0395298 0.0531223 0.0578997 0.0512907 0.0371937 0.0226724 0.0128117 0.00873226 0.00911155 0.012317 0.0172993 0.0234602 0.0302951 0.0372053 0.0434989 0.0485008 0.0516944 0.0528314 0.0519741 0.0494524 0.0457579 0.041413 0.0368607 0.0324043 0.028203 0.024307 0.0207095 0.0173911
 1.11928e-16 3.6592e-07 2.06383e-06 9.63774e-06 3.68171e-05 0.000114539 0.000289844 0.000597175 0.00100566 0.00139839 0.00164789 0.00175391 0.00191176 0.00244334 0.00367663 0.00588696 0.00930121 0.0140924 0.0203272 0.0278899 0.0364303 0.0453685 0.0539714 0.0614833 0.0672764 0.0709681 0.072473 0.0719685 0.0698028 0.0663776 0.0620539 0.0571053 0.051722 0.0460449 0.0402074 0.0343608
pSPR Fmed_Fpbrs
0.504668   0.254687 0.254687
Fs Fmed_Fpbrs
0.395057   1.005 1.005
SSBpbr Bo_Bmed_Bpbrs
1.08092e+06  491461  221251 221251
Ro
15994.5
SPR SPRFo_SPRFmed_SPRFpbrs
329639 166358 83954.8
log_Ro
9.5
likeval ReclasPelacesDesembMPH_pf_preclas_ppelaces_ptallas_desvR_qrecl_qpela
 104.197 118.146 0.153188 0.00057631 399.171 222.209 77.8201 0 84.8112 0 0 0 0 0 0
q_reclas_q_pelaces
1 1
M
0.7
N
 2848.39 67259.1 33704.6 4534.56 0.105839
 4077.52 1351.8 30505.7 15286.9 2056.72
 622.08 1862.59 568.016 12818.3 7287.65
 2457.15 221.619 476.041 145.173 5138.67
 53417 1038.99 79.7936 171.398 1902.44
 11591.1 25687.6 483.842 37.1588 965.759
 53602.4 3943.61 5987.79 112.784 233.78
 67467.2 20406.4 1150.97 1747.58 101.147
 105558 22564.4 4596.58 259.259 416.429
 238020 37825.6 5834.72 1188.59 174.72
 50976.2 103054 14278.9 2202.57 514.641
 16278.4 20195.2 32571.1 4512.97 858.797
 52694.3 6414.25 6314.27 10183.7 1679.55
 27768.6 17885.5 1488.08 1464.88 2752.23
 19658 7001.99 2290.03 190.532 539.955
 13973.1 5438.88 1079.36 353.01 112.605
 10863.1 5303.67 1577.9 313.139 135.082
 10549.7 4263.17 1644.9 489.376 139.013
 6609.71 4340.88 1453.5 560.819 214.246
 29801 2659.07 1414.74 473.713 252.602
 36852.4 12257.9 905.955 482.009 247.459
 31297.9 17104.1 5317.27 392.988 316.431
 37855 14221.4 7111.52 2210.82 294.962
 20164 16501.4 5441.8 2721.21 958.831
 189.839 8278.54 5601.18 1847.15 1249.14
pred_Ctot
 91.0014 4213.43 2111.41 284.067 0.00663027
 236.104 151.001 3407.6 1707.6 229.744
 128.86 675.093 205.876 4645.96 2641.4
 264.861 44.6385 95.8843 29.2409 1035.03
 1216.62 46.6661 3.58393 7.69835 85.4482
 2682.26 10230.6 192.7 14.7992 384.633
 9134.58 1205.26 1830 34.4692 71.4485
 16204.8 8385.07 472.939 718.087 41.5618
 21533.4 8071.34 1644.21 92.7375 148.958
 22104.8 6627.52 1022.32 208.256 30.6132
 7510.28 27648.4 3830.89 590.928 138.073
 2450.01 5523.47 8908.33 1234.32 234.885
 12258.4 2565.99 2525.99 4073.95 671.893
 10215.3 10284.2 855.651 842.314 1582.54
 6472.79 3705.4 1211.87 100.828 285.74
 2405 1676.95 332.795 108.842 34.719
 1660.71 1471.11 437.672 86.8571 37.4685
 1314.58 981.88 378.848 112.712 32.017
 913.572 1099.14 368.038 142.004 54.2486
 3719.84 613.397 326.355 109.277 58.2706
 1739.29 1123.6 83.043 44.1826 22.6829
 1922.39 2022.18 628.652 46.4623 37.4111
 3351.48 2382.08 1191.17 370.31 49.4059
 2539.79 3838.29 1265.79 632.966 223.029
 44.6265 3340.97 2260.47 745.455 504.117
F
 0.0453196 0.0906393 0.0906393 0.0906393 0.0906393
 0.0835207 0.167041 0.167041 0.167041 0.167041
 0.33211 0.66422 0.66422 0.66422 0.66422
 0.160758 0.321515 0.321515 0.321515 0.321515
 0.0321216 0.0642432 0.0642432 0.0642432 0.0642432
 0.378143 0.756286 0.756286 0.756286 0.756286
 0.265745 0.53149 0.53149 0.53149 0.53149
 0.395268 0.790537 0.790537 0.790537 0.790537
 0.326273 0.652545 0.652545 0.652545 0.652545
 0.137101 0.274202 0.274202 0.274202 0.274202
 0.225914 0.451829 0.451829 0.451829 0.451829
 0.231316 0.462632 0.462632 0.462632 0.462632
 0.380518 0.761036 0.761036 0.761036 0.761036
 0.677711 1.35542 1.35542 1.35542 1.35542
 0.584913 1.16983 1.16983 1.16983 1.16983
 0.268738 0.537476 0.537476 0.537476 0.537476
 0.23536 0.47072 0.47072 0.47072 0.47072
 0.188018 0.376037 0.376037 0.376037 0.376037
 0.210565 0.42113 0.42113 0.42113 0.42113
 0.18837 0.376741 0.376741 0.376741 0.376741
 0.0676051 0.13521 0.13521 0.13521 0.13521
 0.0887996 0.177599 0.177599 0.177599 0.177599
 0.13032 0.26064 0.26064 0.26064 0.26064
 0.190233 0.380466 0.380466 0.380466 0.380466
 0.385267 0.770535 0.770535 0.770535 0.770535
nmprior
 10 11 7 0
nm_flota  nm_reclas  nm_pelaces    nm_pelaL
inf 10.483 8.69246 13.3959
cv_recla  cv_pelaces  cv_mph
0.923322 1.27901 0.778873
 ------------------------------------------------
Talla a la edad & desviación 
 7.2 14.2025 17.0495 18.207 18.6776
 1.08 2.13037 2.55742 2.73105 2.80164
