years
 1997 1998 1999 2000 2001 2002 2003 2004 2005 2006 2007 2008 2009 2010 2011 2012 2013 2014 2015 2016 2017 2018 2019 2020 2021
reclasobs
 0 0 0 370054 412103 1.49427e+06 250295 1.28982e+06 931140 785840 897777 1.04006e+06 184774 17550 25797 100020 73551 82996 120727 218422 84188 347160 605670 569463 516374
reclaspred
 480796 105496 197204 146689 280757 313154 697208 515822 691409 842178 702701 470510 295460 130525 84576 82331.6 97668.3 123546 119215 188251 294718 263072 416097 445968 377188
pelacesobs
 0 0 0 0 0 0 0 0 0 2.06254e+06 1.5e+06 0 1.87456e+06 323000 250000 174000 83755 137374 0 501740 490994 745055 786931 1.00524e+06 0
pelacespred
 690669 158887 158605 194818 333883 300002 833884 683431 869926 1.05322e+06 798504 556426 350718 125542 80236.1 84391.7 104971 135688 133990 205425 361962 316321 395732 499672 438269
mphobs
 0 0 0 0 0 112323 0 153150 637223 0 255016 313432 73983 77613 109348 50772 0 0 0 0 0 0 0 0 0
mphpred
 635644 294140 258657 194242 270839 523088 707927 861744 829758 1.05522e+06 1.31827e+06 956614 578176 309042 136931 110773 130180 168598 193734 208287 357923 447271 533048 670538 797379
desembarqueobs
 350755 77701 442110 56441 14545 235359 269955 359681 431902 328805 639364 411747 362871 311530 167758 66681 60226 58785 57116 71774 51957 67425 138520 160799 200461
desembarquepred
 350739 77679.1 441803 56434.7 14544.8 235360 269959 359516 431756 328701 639101 411696 362769 311509 167613 66667.2 60231.8 58771.8 57098.6 71751.8 51952 67406.7 138493 160780 200455
Reclutas
 26713.8 41145.4 13325.1 35132.1 66055.2 36945 72291.6 83967.4 126601 174643 65835.9 35861.7 45987.9 22434.9 15778.9 17617.4 12997.3 13425.3 13591 32769.8 39511.2 44891.1 62286.2 60657.1 6222.85
log_desv_Rt
 -0.267065 0.164867 -0.962594 0.00687103 0.638247 0.0571857 0.728464 0.878184 1.2888 1.6105 0.63492 0.0274257 0.276134 -0.441627 -0.79357 -0.68336 -0.987505 -0.955107 -0.942837 -0.0627358 0.12434 0.251995 0.579496 0.552993 -1.72402
SSB
 635644 294140 258657 194242 270839 523088 707927 861744 829758 1.05522e+06 1.31827e+06 956614 578176 309042 136931 110773 130180 168598 193734 208287 357923 447271 533048 670538 797379
BT
 1.48766e+06 425101 519443 408931 609622 721143 1.6805e+06 1.62417e+06 1.95088e+06 2.19587e+06 1.99218e+06 1.36939e+06 984525 523168 284522 206009 236952 290232 289447 426496 689862 630069 804941 1.0302e+06 955868
Ftot
 0.456229 0.588126 1.23498 0.353761 0.0495167 0.418036 0.297093 0.557485 0.557663 0.335044 0.515257 0.467684 0.780476 1.3707 1.4398 0.600377 0.442273 0.322789 0.294784 0.320727 0.129629 0.160426 0.204708 0.229738 0.247181
BD_Bspro_t
 0.938096 0.678102 0.547967 0.313824 0.519538 0.725485 0.654577 0.666911 0.625297 0.63509 0.656828 0.505997 0.387922 0.285603 0.169289 0.171643 0.257783 0.390676 0.482219 0.559107 0.706197 0.794751 0.793709 0.778537 0.742495
BD_Bspro
 0.883946 0.409041 0.359696 0.270119 0.376637 0.727422 0.984464 1.19837 1.15389 1.46741 1.83323 1.3303 0.80403 0.429763 0.19042 0.154044 0.181032 0.234457 0.269412 0.28965 0.497739 0.621989 0.741273 0.93247 1.10886
BD_Bo
 0.667448 0.308858 0.271599 0.203961 0.284391 0.549261 0.743347 0.904861 0.871274 1.10801 1.38423 1.00448 0.607105 0.324505 0.143782 0.116315 0.136694 0.177033 0.203427 0.218708 0.375832 0.46965 0.559719 0.704088 0.837275
BD_Brms
 2.25638 1.04413 0.918169 0.689514 0.961413 1.85684 2.51297 3.05898 2.94544 3.74576 4.67955 3.39575 2.05239 1.09702 0.486071 0.393216 0.462108 0.598481 0.687708 0.739367 1.27054 1.5877 1.89219 2.38025 2.8305
S_f
 0.156711 1 1 1 1
 0.156711 1 1 1 1
 0.156711 1 1 1 1
 0.156711 1 1 1 1
 0.156711 1 1 1 1
 0.156711 1 1 1 1
 0.156711 1 1 1 1
 0.156711 1 1 1 1
 0.156711 1 1 1 1
 0.156711 1 1 1 1
 0.156711 1 1 1 1
 0.156711 1 1 1 1
 0.156711 1 1 1 1
 0.156711 1 1 1 1
 0.156711 1 1 1 1
 0.156711 1 1 1 1
 0.156711 1 1 1 1
 0.156711 1 1 1 1
 0.156711 1 1 1 1
 0.156711 1 1 1 1
 0.156711 1 1 1 1
 0.156711 1 1 1 1
 0.156711 1 1 1 1
 0.156711 1 1 1 1
 0.156711 1 1 1 1
Scru_reclas
 1 1 1 1 1
 1 1 1 1 1
 1 1 1 1 1
 1 1 1 1 1
 1 1 1 1 1
 1 1 1 1 1
 1 1 1 1 1
 1 1 1 1 1
 1 1 1 1 1
 1 1 1 1 1
 1 1 1 1 1
 1 1 1 1 1
 1 1 1 1 1
 1 1 1 1 1
 1 1 1 1 1
 1 1 1 1 1
 1 1 1 1 1
 1 1 1 1 1
 1 1 1 1 1
 1 1 1 1 1
 1 1 1 1 1
 1 1 1 1 1
 1 1 1 1 1
 1 1 1 1 1
 1 1 1 1 1
Scru_pelaces
 1 1 1 1 1
 1 1 1 1 1
 1 1 1 1 1
 1 1 1 1 1
 1 1 1 1 1
 1 1 1 1 1
 1 1 1 1 1
 1 1 1 1 1
 1 1 1 1 1
 1 1 1 1 1
 1 1 1 1 1
 1 1 1 1 1
 1 1 1 1 1
 1 1 1 1 1
 1 1 1 1 1
 1 1 1 1 1
 1 1 1 1 1
 1 1 1 1 1
 1 1 1 1 1
 1 1 1 1 1
 1 1 1 1 1
 1 1 1 1 1
 1 1 1 1 1
 1 1 1 1 1
 1 1 1 1 1
pf_obs 
 0.256992 0.487395 0.22802 0.0275931 0
 0.321318 0.546541 0.124235 0.00734118 0.000564706
 0.182869 0.594174 0.210203 0.0122559 0.00049798
 0.330522 0.361315 0.267642 0.0388342 0.00168674
 0.649043 0.306663 0.0425973 0.00169635 0
 0.582887 0.30429 0.105238 0.00758474 0
 0.465427 0.430635 0.0974691 0.00646863 0
 0.296916 0.608066 0.0921331 0.00288517 0
 0.311714 0.524322 0.152257 0.0117073 0
 0.15457 0.633149 0.183074 0.0267441 0.00246327
 0.131901 0.49318 0.331252 0.0422183 0.00144891
 0.196976 0.569456 0.194076 0.0375587 0.00193317
 0.518974 0.381816 0.0799577 0.0180837 0.00116848
 0.0928022 0.601141 0.25162 0.0475244 0.00691264
 0.122501 0.610282 0.24278 0.0234846 0.000952079
 0.383417 0.481906 0.127806 0.00687128 0
 0.0376549 0.599619 0.316969 0.0457579 0
 0.0361596 0.667082 0.258105 0.0386534 0
 0.158088 0.579412 0.248529 0.0139706 0
 0.0477256 0.309471 0.559284 0.082774 0.000745712
 0.0406174 0.521527 0.379366 0.0568643 0.0016247
 0.151134 0.462217 0.34131 0.0453401 0
 0.294876 0.26143 0.354403 0.0886775 0.000613685
 0.281977 0.475581 0.204845 0.0348837 0.00271318
 0 0 0 0 0
pf_pred 
 0.175167 0.564665 0.230812 0.0293472 8.15766e-06
 0.287365 0.448042 0.181136 0.0740409 0.00941675
 0.114914 0.685717 0.125346 0.0506751 0.0233484
 0.411867 0.359267 0.177313 0.032412 0.0191411
 0.349577 0.547244 0.0630275 0.0311067 0.00904414
 0.138444 0.670557 0.1607 0.0185082 0.0117904
 0.290155 0.395313 0.244803 0.0586674 0.0110612
 0.259571 0.555785 0.102828 0.0636777 0.0181377
 0.32037 0.507282 0.129369 0.0239351 0.019044
 0.29964 0.559104 0.105434 0.0268882 0.00893281
 0.102859 0.68406 0.170105 0.0320779 0.0108984
 0.0964117 0.438306 0.354773 0.0882214 0.0222887
 0.207831 0.365289 0.207067 0.167604 0.052208
 0.161339 0.597292 0.111301 0.0630922 0.0669754
 0.237386 0.545463 0.154655 0.0288188 0.0336779
 0.305768 0.56146 0.0949657 0.0269255 0.0108807
 0.191412 0.639447 0.136793 0.0231372 0.00921104
 0.203758 0.519218 0.219076 0.0468656 0.0110826
 0.196973 0.526933 0.180037 0.0759638 0.0200933
 0.365282 0.408374 0.148523 0.0507458 0.027075
 0.253889 0.605009 0.0907838 0.0330175 0.0173
 0.213098 0.54913 0.192806 0.0289312 0.0160353
 0.239529 0.495075 0.185203 0.065027 0.0151657
 0.192084 0.556757 0.163508 0.0611668 0.0264851
 0.022564 0.614591 0.250046 0.0734332 0.0393655
pobs_RECLAS
 0 0 0 0 0
 0 0 0 0 0
 0 0 0 0 0
 0 0 0 0 0
 0.835266 0.146461 0.0176864 0.000547809 3.91292e-05
 0.385257 0.428462 0.181853 0.0044286 0
 0.867414 0.0963971 0.0333333 0.00285562 0
 0.441836 0.489002 0.0689373 0.000224442 0
 0.779404 0.147425 0.0564933 0.0165055 0.000172143
 0.814271 0.122319 0.05973 0.00367925 0
 0.40263 0.566651 0.0304383 0.000280538 0
 0.475488 0.404961 0.113038 0.00651328 0
 0.955842 0.0263864 0.0167828 0.000988607 0
 0.975058 0.0227948 0.00214734 0 0
 0.738997 0.206755 0.0527124 0.00153531 0
 0.850938 0.134255 0.0134407 0.00136685 0
 0.542534 0.407297 0.0501686 0 0
 0.764087 0.199537 0.0359546 0.000420521 0
 0.470689 0.182191 0.310203 0.0369168 0
 0.84361 0.089868 0.0606195 0.00523954 0.000663233
 0.607945 0.314616 0.071237 0.00620181 0
 0.523733 0.453247 0.0230204 0 0
 0.530135 0.295979 0.169645 0.0042399 0
 0.562478 0.366248 0.0663022 0.0049721 0
 0.250443 0.683176 0.0655157 0.000865301 0
ppred_RECLAS
 0.582812 0.285599 0.116741 0.0148434 4.12603e-06
 0.728559 0.170658 0.068994 0.028202 0.00358681
 0.482559 0.400885 0.0732799 0.0296258 0.01365
 0.820432 0.109691 0.0541371 0.009896 0.00584413
 0.774686 0.189571 0.0218334 0.0107757 0.00313299
 0.51308 0.378975 0.0908218 0.0104602 0.00666351
 0.726451 0.15234 0.0943386 0.0226083 0.00426262
 0.69941 0.225631 0.0417448 0.025851 0.00736329
 0.757796 0.180783 0.046104 0.00852989 0.00678682
 0.735965 0.210782 0.0397485 0.0101368 0.00336766
 0.431193 0.433708 0.10785 0.0203381 0.00690981
 0.412653 0.284906 0.230608 0.0573453 0.014488
 0.640376 0.165832 0.0940032 0.076088 0.023701
 0.584942 0.295603 0.0550836 0.0312246 0.0331465
 0.697374 0.216454 0.0613711 0.0114361 0.0133643
 0.745873 0.205525 0.0347626 0.0098562 0.00398294
 0.608673 0.309469 0.0662029 0.0111976 0.00445781
 0.62486 0.244623 0.103215 0.0220802 0.00522143
 0.614397 0.253026 0.0864513 0.0364768 0.00964855
 0.78927 0.135582 0.0493105 0.0168479 0.00898904
 0.686189 0.254464 0.0381832 0.013887 0.0072763
 0.63549 0.254369 0.0893117 0.0134015 0.00742789
 0.670341 0.214612 0.0802845 0.0281888 0.00657424
 0.605901 0.271584 0.0797585 0.029837 0.0129194
 0.130023 0.547023 0.222556 0.06536 0.0350377
pobs_PELACES
 0 0 0 0 0
 0 0 0 0 0
 0 0 0 0 0
 0 0 0 0 0
 0 0 0 0 0
 0 0 0 0 0
 0 0 0 0 0
 0 0 0 0 0
 0 0 0 0 0
 0 0 0 0 0
 0.450072 0.473896 0.0757376 0.000293798 0
 0 0 0 0 0
 0.463077 0.371075 0.160297 0.00555027 0
 0.529543 0.364841 0.0842815 0.0213345 0
 0.631943 0.363953 0.00410389 0 0
 0.735681 0.248677 0.0153453 0.000297389 0
 0.695825 0.281241 0.0229344 0 0
 0.275771 0.60734 0.115278 0.00161068 0
 0 0 0 0 0
 0.896147 0.0623911 0.0374545 0.00400742 0
 0.803859 0.145111 0.0509908 3.86294e-05 0
 0.739449 0.233085 0.0266225 0.000797448 4.60066e-05
 0.878498 0.100942 0.0204185 0.000141795 0
 0.694673 0.275183 0.0284847 0.00165964 0
 0 0 0 0 0
ppred_PELACES
 0.61332 0.264714 0.108204 0.0137579 3.8243e-06
 0.759692 0.151084 0.0610808 0.0249674 0.00317542
 0.568046 0.334655 0.0611733 0.0247313 0.0113949
 0.834481 0.101109 0.0499015 0.00912176 0.0053869
 0.777083 0.187555 0.0216012 0.0106611 0.00309967
 0.542066 0.356414 0.0854151 0.00983748 0.00626683
 0.742569 0.143363 0.0887798 0.0212762 0.00401145
 0.730986 0.201929 0.0373597 0.0231355 0.00658981
 0.785131 0.16038 0.0409007 0.0075672 0.00602086
 0.753681 0.196639 0.0370816 0.00945669 0.00314171
 0.466651 0.406673 0.101127 0.0190703 0.00647908
 0.444514 0.269451 0.218098 0.0542345 0.0137021
 0.688731 0.143534 0.0813636 0.0658573 0.0205142
 0.673606 0.232457 0.0433168 0.0245545 0.0260658
 0.77478 0.16109 0.0456736 0.00851096 0.00994598
 0.776225 0.180978 0.0306108 0.00867904 0.00350724
 0.637566 0.28662 0.0613149 0.0103708 0.00412867
 0.645669 0.231054 0.0974897 0.0208554 0.0049318
 0.633641 0.240399 0.0821369 0.0346564 0.00916704
 0.803732 0.126278 0.0459264 0.0156916 0.00837214
 0.693905 0.248208 0.0372445 0.0135456 0.0070974
 0.645768 0.247197 0.0867935 0.0130237 0.00721846
 0.682805 0.206497 0.0772489 0.027123 0.00632567
 0.621059 0.261138 0.0766907 0.0286893 0.0124224
 0.138004 0.542005 0.220515 0.0647604 0.0347163
pobs_pel_tallas
 0 0 0 0 0 0 0 0 0 0 0 0 0 0 0 0 0 0 0 0 0 0 0 0 0 0 0 0 0 0 0 0 0 0 0 0
 0 0 0 0 0 0 0 0 0 0 0 0 0 0 0 0 0 0 0 0 0 0 0 0 0 0 0 0 0 0 0 0 0 0 0 0
 0 0 0 0 0 0 0 0 0 0 0 0 0 0 0 0 0 0 0 0 0 0 0 0 0 0 0 0 0 0 0 0 0 0 0 0
 0 0 0 0 0 0 0 0 0 0 0 0 0 0 0 0 0 0 0 0 0 0 0 0 0 0 0 0 0 0 0 0 0 0 0 0
 0 0 0 0 0 0 0 0 0 0 0 0 0 0 0 0 0 0 0 0 0 0 0 0 0 0 0 0 0 0 0 0 0 0 0 0
 0 0 0 0 0 0 0 0 0 0 0 0 0 0 0 0 0 0 0 0 0 0 0 0 0 0 0 0 0 0 0 0 0 0 0 0
 0 0 0 0 0 0 0 0 0 0 0 0 0 0 0 0 0 0 0 0 0 0 0 0 0 0 0 0 0 0 0 0 0 0 0 0
 0 0 0 0 0 0 0 0 0 0 0 0 0 0 0 0 0 0 0 0 0 0 0 0 0 0 0 0 0 0 0 0 0 0 0 0
 0 0 0 0 0 0 0 0 0 0 0 0 0 0 0 0 0 0 0 0 0 0 0 0 0 0 0 0 0 0 0 0 0 0 0 0
 0 0 0 0 0 0 0 0 0 0 0 0 0 0 0 0 0 0 0 0 0 0 0 0 0 0 0 0 0 0 0 0 0 0 0 0
 0 0 0 0 0 0 0 0 1.78061e-05 0.00172719 0.00360574 0.0105946 0.0120993 0.0124554 0.0147524 0.0171206 0.0266825 0.0428682 0.0675386 0.121331 0.153587 0.119568 0.100827 0.0573624 0.0630603 0.0341343 0.0324427 0.0444173 0.0211091 0.0280891 0.0125444 0.00206551 0 0 0 0
 0 0 0 0 0 0 0 0 0 0 0 0 0 0 0 0 0 0 0 0 0 0 0 0 0 0 0 0 0 0 0 0 0 0 0 0
 0 0 0 0 0 0 0.0133647 0.0140871 0.0187388 0.0205184 0.03894 0.0496705 0.03968 0.0493445 0.0407372 0.0367815 0.0215668 0.0243155 0.0234873 0.0199281 0.019796 0.0243948 0.0301388 0.0376714 0.0412746 0.0863199 0.0771752 0.113111 0.0741005 0.0525337 0.0229764 0.00759418 0.00175318 0 0 0
 0 0 0 0 0 0 0 0 0 0 0.00219441 0.00772107 0.0458388 0.0604681 0.0671733 0.0775358 0.0609151 0.0617685 0.073594 0.0568108 0.0755445 0.0548602 0.0670107 0.0636378 0.0643287 0.046367 0.0373049 0.0286899 0.0247887 0.0153202 0.00654259 0.00121912 0.000365735 0 0 0
 0 0 0 0 0 0 0 0 0 0 0 0 0.000112435 0.00938835 0.0111873 0.0202946 0.0414886 0.0713402 0.111592 0.104902 0.108894 0.110636 0.117776 0.105296 0.107544 0.0401394 0.0192827 0.0124803 0.00416011 0.0028671 0.000618394 0 0 0 0 0
 0 0 0 0 0 0 0 0 0 0 0.00291406 0.0102884 0.027416 0.0768956 0.0749926 0.110853 0.0956884 0.0897413 0.0766577 0.0534642 0.0500743 0.0551293 0.0594112 0.0620874 0.0668451 0.0424026 0.0208742 0.0120726 0.0048766 0.00582813 0.00118941 0.000297354 0 0 0 0
 0 0.00264628 0.0354308 0.0461629 0.0458689 0.0383711 0.0214643 0.0164657 0.0346957 0.0420465 0.0363128 0.0245516 0.0311673 0.0291091 0.0169068 0.0133784 0.00837989 0.0085269 0.0148486 0.0160247 0.0276389 0.0546898 0.0760071 0.122758 0.109233 0.0665981 0.0333725 0.0166128 0.00676272 0.00308733 0.000882094 0 0 0 0 0
 0 0 0 0 0 0 0 0.000805153 0.000690131 0.00759144 0.0133425 0.0154129 0.00931677 0.000345066 0.00356568 0.00563607 0.00851162 0.0253048 0.0502646 0.0516448 0.0657925 0.0565908 0.0611916 0.0827007 0.0866115 0.110766 0.145733 0.0935128 0.0569358 0.0249597 0.0138026 0.00621118 0.00161031 0.00115022 0 0
 0 0 0 0 0 0 0 0 0 0 0 0 0 0 0 0 0 0 0 0 0 0 0 0 0 0 0 0 0 0 0 0 0 0 0 0
 0.00147267 0.00158595 0.00478618 0.00569244 0.00954404 0.0108468 0.00647125 0.017049 0.0510054 0.094081 0.124002 0.0959785 0.0687766 0.0820023 0.061753 0.0591476 0.0492212 0.0479892 0.0443925 0.0268479 0.0217502 0.0140895 0.0121071 0.0120363 0.00920419 0.00665534 0.0049561 0.00860946 0.00930331 0.0156896 0.0114698 0.00855282 0.00243557 0.00046729 0 2.83206e-05
 0 0 0 0 0.000772559 0.00158375 0.000888443 0.00281984 0.00712685 0.0440552 0.0773331 0.111326 0.0921469 0.0852325 0.0710754 0.0886704 0.0786465 0.0553345 0.0373146 0.0185414 0.00753245 0.00457741 0.012979 0.0271748 0.0457355 0.0583668 0.034881 0.0177882 0.00938659 0.00492506 0.0015258 0.00185414 0.000309023 5.79419e-05 3.86279e-05 0
 0 0.00173294 0.00326652 0 0.00397197 0.00683976 0.00946217 0.0152591 0.00757587 0.0136028 0.0228656 0.0392903 0.0559909 0.0764795 0.0681675 0.0726916 0.0566044 0.0477403 0.0527397 0.0444891 0.0609904 0.0582453 0.0661739 0.0445044 0.0529084 0.0360697 0.0280645 0.0235558 0.0158879 0.00826598 0.00280645 0.00217768 0.000904811 0.00058276 9.20147e-05 0
 0 0 0 0 0 0 0 0 0 0 0 0 0 0 0 0 0 0 0 0 0 0 0 0 0 0 0 0 0 0 0 0 0 0 0 0
 0 0 0 0 0 0 0 0 0 0 0 0 0 0 0 0 0 0 0 0 0 0 0 0 0 0 0 0 0 0 0 0 0 0 0 0
 0 0 0 0 0 0 0 0 0 0 0 0 0 0 0 0 0 0 0 0 0 0 0 0 0 0 0 0 0 0 0 0 0 0 0 0
ppred_pel_tallas
 1.02096e-16 2.67672e-05 0.000157084 0.000746666 0.00287464 0.00896424 0.0226431 0.0463318 0.076804 0.103157 0.112287 0.0991193 0.0711147 0.04183 0.0209133 0.0102591 0.00700859 0.00776945 0.0104446 0.0140614 0.0181241 0.0222221 0.0259238 0.0288136 0.0305725 0.031045 0.0302667 0.0284406 0.0258747 0.0229037 0.0198211 0.0168399 0.014085 0.0116102 0.00942489 0.00751898
 1.01923e-16 3.3145e-05 0.000194538 0.00092475 0.00356035 0.0111026 0.0280443 0.0573823 0.0951168 0.127737 0.138998 0.122594 0.0877299 0.0511456 0.0247211 0.0107199 0.00551724 0.00484956 0.00610737 0.00814962 0.0105159 0.0129333 0.0151513 0.0169343 0.0181002 0.0185573 0.0183194 0.0174918 0.0162366 0.0147292 0.0131214 0.0115208 0.00998936 0.00855367 0.00722147 0.00599511
 1.0236e-16 2.47958e-05 0.000145503 0.000691598 0.00266259 0.00830296 0.0209729 0.0429149 0.0711424 0.0955609 0.104038 0.0918864 0.0660306 0.039051 0.0199149 0.0104129 0.00793086 0.0093469 0.012712 0.0170799 0.0219027 0.0266751 0.0308569 0.0339377 0.0355437 0.0355224 0.0339735 0.0312119 0.02768 0.0238386 0.0200744 0.0166456 0.0136749 0.011176 0.00909799 0.00736591
 1.01307e-16 3.64041e-05 0.000213676 0.00101575 0.00391073 0.0121953 0.0308042 0.0630287 0.104474 0.140298 0.15265 0.134597 0.0962354 0.0559352 0.0267196 0.011044 0.00489566 0.00356817 0.00418962 0.00552839 0.00713279 0.00878653 0.0103153 0.0115586 0.0123916 0.0127486 0.0126337 0.0121124 0.0112888 0.0102778 0.00918083 0.00807208 0.00699714 0.00597933 0.0050296 0.00415465
 1.0088e-16 3.39047e-05 0.000198994 0.000945932 0.00364189 0.0113569 0.0286867 0.0586968 0.0972966 0.130667 0.142193 0.125427 0.0897898 0.0524123 0.025455 0.0112422 0.00607276 0.00558539 0.00709867 0.00941781 0.012028 0.0145948 0.0168048 0.0183718 0.0190908 0.0188848 0.0178217 0.0160925 0.0139603 0.0116972 0.00953002 0.00760865 0.00600104 0.00470858 0.00369174 0.00289508
 1.0196e-16 2.36639e-05 0.000138856 0.000659992 0.00254089 0.00792343 0.0200142 0.0409536 0.0678922 0.0911987 0.0992986 0.0877222 0.0630863 0.0374066 0.0192553 0.0103588 0.00824053 0.00993463 0.0135839 0.018272 0.0234429 0.0285635 0.033056 0.036371 0.0381026 0.0380793 0.0363989 0.0333904 0.0295232 0.0252917 0.0211171 0.0172894 0.0139564 0.0111507 0.00883212 0.00693022
 1.02226e-16 3.23981e-05 0.000190153 0.000903908 0.0034801 0.0108524 0.0274122 0.0560889 0.0929729 0.124858 0.135865 0.11983 0.085751 0.0499902 0.0241605 0.0104749 0.00539284 0.00475078 0.00600427 0.00804657 0.0104378 0.0129212 0.0152595 0.017224 0.0186304 0.0193734 0.0194421 0.0189101 0.0179058 0.0165755 0.0150521 0.0134374 0.0118009 0.0101873 0.00862937 0.00715591
 1.017e-16 3.18953e-05 0.000187196 0.000889838 0.00342591 0.0106834 0.0269854 0.055216 0.0915276 0.122922 0.133771 0.118014 0.0845188 0.0494068 0.0241293 0.0108864 0.00621095 0.00601266 0.00777517 0.0103704 0.0132973 0.0162123 0.0187833 0.0207022 0.0217429 0.0218115 0.020965 0.0193884 0.0173425 0.0150985 0.0128834 0.0108477 0.00906231 0.00753486 0.00623641 0.00512611
 1.01175e-16 3.42546e-05 0.000201051 0.000955715 0.00367957 0.0114744 0.0289834 0.0593037 0.0983019 0.132015 0.143653 0.1267 0.0906683 0.0528591 0.0255494 0.0110768 0.00569245 0.00498518 0.00625049 0.00829879 0.0106418 0.0129848 0.0150585 0.0166149 0.0174703 0.0175453 0.01688 0.0156172 0.0139616 0.0121293 0.0103038 0.00861078 0.0071144 0.00582909 0.00473913 0.00381714
 1.01063e-16 3.28847e-05 0.000193005 0.000917456 0.00353225 0.011015 0.027823 0.0569297 0.094368 0.126736 0.137918 0.121666 0.087118 0.0508942 0.0247957 0.0110847 0.00618004 0.00585867 0.00752328 0.0100122 0.0128157 0.0155912 0.0180116 0.0197745 0.0206594 0.0205773 0.0195885 0.0178814 0.0157208 0.0133834 0.0111027 0.00903667 0.00726201 0.00578974 0.00459019 0.00361731
 1.02527e-16 2.03775e-05 0.000119557 0.000568232 0.00218758 0.00682163 0.0172312 0.0352598 0.0584562 0.0785327 0.0855322 0.0756192 0.0545097 0.0325772 0.0172408 0.0100335 0.00886987 0.0112311 0.015525 0.0209264 0.026871 0.0327685 0.0379638 0.0418308 0.0439048 0.0439864 0.0421817 0.0388586 0.0345439 0.0297938 0.0250817 0.0207334 0.0169162 0.0136685 0.0109494 0.00868517
 1.05688e-16 1.94069e-05 0.000113871 0.000541227 0.00208365 0.00649755 0.0164125 0.0335836 0.0556743 0.0747864 0.0814283 0.0719348 0.0517321 0.0306751 0.0157969 0.00852201 0.00683585 0.00833431 0.0115365 0.0157475 0.0205783 0.0256585 0.0305658 0.0348675 0.0381985 0.0403267 0.0411843 0.0408531 0.0395165 0.0373981 0.0347108 0.0316302 0.0282935 0.0248138 0.0212971 0.0178515
 1.04424e-16 3.00504e-05 0.00017637 0.000838383 0.00322782 0.0100656 0.025425 0.0520228 0.0862334 0.115809 0.126021 0.111156 0.0795617 0.0464181 0.0225025 0.00987555 0.00526263 0.00481219 0.00617336 0.00832638 0.0108664 0.0135542 0.0161647 0.018478 0.0203129 0.0215595 0.0221923 0.0222595 0.0218538 0.0210789 0.0200224 0.0187446 0.0172828 0.0156646 0.013923 0.0121046
 1.02753e-16 2.93944e-05 0.000172511 0.000820018 0.00315708 0.00984502 0.0248678 0.0508835 0.0843474 0.113283 0.123293 0.108798 0.0779783 0.0457043 0.0225469 0.0105556 0.0065579 0.00680147 0.00897199 0.0120153 0.0154324 0.018849 0.0218894 0.0242022 0.0255285 0.0257593 0.0249565 0.0233262 0.0211586 0.0187542 0.0163607 0.0141387 0.012159 0.0104236 0.00889705 0.00753522
 1.01459e-16 3.38033e-05 0.000198401 0.000943117 0.00363106 0.0113231 0.0286013 0.058522 0.0970062 0.130275 0.141761 0.125033 0.0894802 0.0521759 0.025237 0.0109725 0.00568513 0.00502423 0.00632282 0.00840791 0.0107972 0.0131979 0.0153409 0.0169772 0.0179207 0.0180886 0.0175163 0.0163408 0.0147611 0.0129872 0.0111977 0.00951529 0.00800298 0.00667651 0.00552372 0.00452241
 1.00956e-16 3.38671e-05 0.000198774 0.000944885 0.00363786 0.0113443 0.0286549 0.0586318 0.0971887 0.130522 0.142033 0.125283 0.0896804 0.0523353 0.0253934 0.0111744 0.00597979 0.00545282 0.00691692 0.00918336 0.0117457 0.0142796 0.0164824 0.0180762 0.0188595 0.0187524 0.0178131 0.0162179 0.0142131 0.0120555 0.0099608 0.00807409 0.00646446 0.00513955 0.00406902 0.00320745
 1.01514e-16 2.78252e-05 0.000163293 0.000776184 0.00298828 0.00931863 0.0235383 0.0481636 0.0798407 0.107237 0.116728 0.103043 0.0739355 0.0435007 0.0217684 0.0107076 0.00734385 0.00814417 0.0109168 0.0146331 0.0187553 0.0228326 0.0263966 0.0290062 0.0303376 0.030257 0.028848 0.0263811 0.0232385 0.0198218 0.0164714 0.0134198 0.010783 0.00858241 0.00678025 0.0053142
 1.02407e-16 2.81764e-05 0.00016536 0.00078602 0.00302617 0.0094368 0.0238367 0.0487738 0.0808506 0.108588 0.118187 0.1043 0.0747713 0.0438599 0.0217039 0.010276 0.00654519 0.00692521 0.00920708 0.0123863 0.0159848 0.0196362 0.0229644 0.0256076 0.0272864 0.0278613 0.0273566 0.0259396 0.0238671 0.0214185 0.0188378 0.0163012 0.0139117 0.0117151 0.00972338 0.00793553
 1.02864e-16 2.76522e-05 0.000162282 0.000771384 0.00296982 0.00926107 0.0233928 0.0478656 0.0793456 0.106568 0.115991 0.102369 0.0734036 0.04309 0.0213828 0.0102238 0.00664351 0.00712596 0.00950285 0.0127824 0.0164835 0.0202296 0.0236325 0.0263213 0.0280126 0.0285705 0.0280297 0.0265724 0.0244706 0.0220149 0.0194534 0.0169584 0.0146228 0.0124783 0.0105233 0.00874652
 1.01624e-16 3.50643e-05 0.000205808 0.000978336 0.00376668 0.0117461 0.0296696 0.0607074 0.100627 0.135135 0.147039 0.129666 0.0927457 0.0539794 0.0259215 0.0109495 0.00521135 0.00418279 0.00509828 0.00675998 0.00870706 0.0106931 0.0125056 0.0139481 0.014871 0.0152014 0.0149555 0.0142263 0.0131542 0.0118891 0.0105595 0.00925471 0.00802327 0.00688258 0.0058332 0.00487119
 1.01407e-16 3.02803e-05 0.00017771 0.000844731 0.00325222 0.0101417 0.0256173 0.0524171 0.0868897 0.116698 0.127012 0.112083 0.0803396 0.0471028 0.0232629 0.0109329 0.00684461 0.00713034 0.00939969 0.0125554 0.016067 0.0195286 0.0225328 0.024701 0.0257588 0.0255989 0.0243039 0.022118 0.0193804 0.0164435 0.0136021 0.0110523 0.00888521 0.00710718 0.00567266 0.00451636
 1.02098e-16 2.81813e-05 0.000165387 0.000786147 0.00302666 0.00943831 0.0238405 0.0487817 0.0808642 0.108608 0.118211 0.104329 0.0748103 0.0439181 0.0217977 0.0104279 0.00678173 0.00727421 0.0096924 0.0130207 0.0167621 0.0205249 0.0239057 0.0265196 0.0280746 0.0284338 0.0276401 0.0258925 0.0234864 0.0207388 0.0179236 0.0152345 0.0127788 0.0105947 0.00867825 0.00700886
 1.02392e-16 2.97947e-05 0.000174863 0.000831203 0.00320015 0.00997935 0.0252071 0.0515775 0.085497 0.114825 0.124965 0.110259 0.0789934 0.0462358 0.0226918 0.0104289 0.00622282 0.00626624 0.00821889 0.0110304 0.0142266 0.0174696 0.020423 0.0227659 0.0242523 0.0247621 0.024321 0.0230817 0.021275 0.019149 0.0169177 0.0147317 0.0126751 0.0107805 0.00905161 0.00748326
 1.02741e-16 2.71044e-05 0.000159064 0.000756082 0.0029109 0.00907731 0.0229287 0.0469161 0.0777724 0.104457 0.1137 0.100361 0.071994 0.0423238 0.0211162 0.0102848 0.00692911 0.00760903 0.0101977 0.0137102 0.0176495 0.02161 0.0251701 0.0279283 0.0295818 0.0299921 0.0292097 0.0274478 0.0250176 0.0222487 0.0194209 0.0167257 0.0142622 0.0120572 0.0100963 0.00835218
 1.07155e-16 6.05261e-06 3.54447e-05 0.000168323 0.000647778 0.00201978 0.00510238 0.0104444 0.0173287 0.0233206 0.0255057 0.022803 0.0169894 0.0112612 0.00798597 0.00782442 0.010371 0.0150445 0.0214239 0.0291392 0.0376858 0.0463554 0.0542996 0.0606807 0.0648481 0.0664754 0.0656148 0.0626473 0.0581571 0.0527752 0.0470464 0.0413558 0.0359214 0.0308339 0.0261147 0.0217665
pSPR Fmed_Fpbrs
0.577034   0.345805 0.345805
Fs Fmed_Fpbrs
0.388587   1.005 1.005
SSBpbr Bo_Bmed_Bpbrs
952350  501921  281709 281709
Ro
34891.6
SPR SPRFo_SPRFmed_SPRFpbrs
719098 414944 248668
log_Ro
10.28
likeval ReclasPelacesDesembMPH_pf_preclas_ppelaces_ptallas_desvR_qrecl_qpela
 77.8831 50.0196 0.0122464 0.000808005 286.7 192.106 70.1642 0 21.1629 2.92074e-05 0 0 0 0 0
q_reclas_q_pelaces
0.464951 1
M
0.7
N
 26713.8 15867.5 6485.98 824.678 0.229236
 41145.4 12350.3 4993.03 2040.95 259.574
 13325.1 18633.2 3406.06 1377.01 634.454
 35132.1 5452.72 2691.14 491.928 290.51
 66055.2 16505.2 1900.95 938.197 272.777
 36945 32548.5 7800.29 898.379 572.3
 72291.6 17183 10640.8 2550.08 480.796
 83967.4 34265.9 6339.67 3925.93 1118.24
 126601 38208.7 9744.14 1802.8 1434.4
 174643 57607.5 10863.4 2770.43 920.394
 65835.9 82288.9 20462.8 3858.8 1311.02
 35861.7 30157 24409.7 6069.96 1533.54
 45987.9 16549.9 9381.45 7593.52 2365.35
 22434.9 20207.8 3765.58 2134.56 2265.94
 15778.9 8987.31 2548.16 474.833 554.893
 17617.4 6252.88 1057.61 299.864 121.177
 12997.3 7962.95 1703.47 288.125 114.704
 13425.3 6022.07 2540.92 543.564 128.54
 13591 6337.93 2165.48 913.691 241.682
 32769.8 6444.4 2343.79 800.801 427.261
 39511.2 15475.3 2322.13 844.544 442.511
 44891.1 19226.1 6750.51 1012.94 561.428
 62286.2 21738.8 8132.31 2855.35 665.929
 60657.1 29953.9 8796.83 3290.82 1424.92
 6222.85 29056.3 11821.5 3471.73 1861.1
pred_Ctot
 1331.09 4290.88 1753.94 223.009 0.0619899
 2619.22 4083.73 1650.98 674.855 85.8301
 1705.12 10174.9 1859.92 751.932 346.45
 1366.95 1192.38 588.487 107.573 63.5275
 367.365 575.091 66.2347 32.6895 9.50434
 1691.2 8191.33 1963.06 226.091 144.028
 2371.41 3230.87 2000.76 479.484 90.4028
 5077.28 10871.3 2011.34 1245.55 354.777
 7657.6 12125.2 3092.23 572.105 455.197
 6443.87 12023.7 2267.4 578.24 192.103
 3689.99 24540.2 6102.42 1150.77 390.973
 1830.35 8321.09 6735.25 1674.85 423.144
 3834.51 6739.62 3820.41 3092.31 963.242
 3157.61 11689.8 2178.31 1234.8 1310.8
 2322.07 5335.63 1512.81 281.901 329.431
 1143.89 2100.44 355.269 100.729 40.7052
 628.416 2099.34 449.098 75.9607 30.2403
 477.642 1217.13 513.549 109.86 25.9794
 442.436 1183.58 404.394 170.628 45.1331
 1158.6 1295.28 471.084 160.955 85.8763
 572.08 1363.24 204.56 74.3971 38.9814
 802.688 2068.44 726.252 108.977 60.401
 1416.82 2928.38 1095.48 384.636 89.7055
 1545.8 4480.5 1315.83 492.24 213.139
 170.421 4641.86 1888.54 554.624 297.319
F
 0.0714962 0.456229 0.456229 0.456229 0.456229
 0.0921661 0.588126 0.588126 0.588126 0.588126
 0.193535 1.23498 1.23498 1.23498 1.23498
 0.0554384 0.353761 0.353761 0.353761 0.353761
 0.00775983 0.0495167 0.0495167 0.0495167 0.0495167
 0.065511 0.418036 0.418036 0.418036 0.418036
 0.0465579 0.297093 0.297093 0.297093 0.297093
 0.0873642 0.557485 0.557485 0.557485 0.557485
 0.0873922 0.557663 0.557663 0.557663 0.557663
 0.0525052 0.335044 0.335044 0.335044 0.335044
 0.0807466 0.515257 0.515257 0.515257 0.515257
 0.0732913 0.467684 0.467684 0.467684 0.467684
 0.122309 0.780476 0.780476 0.780476 0.780476
 0.214804 1.3707 1.3707 1.3707 1.3707
 0.225633 1.4398 1.4398 1.4398 1.4398
 0.0940859 0.600377 0.600377 0.600377 0.600377
 0.0693092 0.442273 0.442273 0.442273 0.442273
 0.0505848 0.322789 0.322789 0.322789 0.322789
 0.046196 0.294784 0.294784 0.294784 0.294784
 0.0502616 0.320727 0.320727 0.320727 0.320727
 0.0203143 0.129629 0.129629 0.129629 0.129629
 0.0251406 0.160426 0.160426 0.160426 0.160426
 0.0320801 0.204708 0.204708 0.204708 0.204708
 0.0360025 0.229738 0.229738 0.229738 0.229738
 0.0387361 0.247181 0.247181 0.247181 0.247181
nmprior
 10 11 7 0
nm_flota  nm_reclas  nm_pelaces    nm_pelaL
inf 21.6432 19.8808 36.1511
cv_recla  cv_pelaces  cv_mph
0.798264 0.832214 0.922243
 ------------------------------------------------
Talla a la edad & desviación 
 7.2 14.2025 17.0495 18.207 18.6776
 1.08 2.13037 2.55742 2.73105 2.80164
