    unsorted:	 2.366170603e-06 3.475781527e-06 -1.481911330e-06 5.631788989e-05 0.0008999969880 0.006775389860 43.19078519 58.99160932 101.8502351 166.8956512 197.8253456 250.8488639 454.0552366 603.5979583 635.3869715 794.0880488 820.1454879 1059.038926 1124.988178 1302.338090 1383.927006 1470.268258 1758.163671 1952.099288 2294.182596 2486.945644 2726.483848 3150.797879 3516.392954 3750.505477 4007.252374 4475.641908 4800.136266 5331.194035 5247.945890 6125.673419 6331.708744 6764.055746 18125.45443 196405.5929 354308.6953 362871.0488 394834.9920 317641.2942 416791.3780 457975.6659 466325.4813 483156.2392 494169.4621 523488.9118 552085.1401 565145.5273 635716.0398 663574.0980 796481.6302 867840.6216 1013220.103 1052862.413 1283514.035 1600404.418 1830359.850 2123395.202 2233418.989 2665504.873 7524255.322
      sorted:	 -1.481911330e-06 2.366170603e-06 3.475781527e-06 5.631788989e-05 0.0008999969880 0.006775389860 43.19078519 58.99160932 101.8502351 166.8956512 197.8253456 250.8488639 454.0552366 603.5979583 635.3869715 794.0880488 820.1454879 1059.038926 1124.988178 1302.338090 1383.927006 1470.268258 1758.163671 1952.099288 2294.182596 2486.945644 2726.483848 3150.797879 3516.392954 3750.505477 4007.252374 4475.641908 4800.136266 5247.945890 5331.194035 6125.673419 6331.708744 6764.055746 18125.45443 196405.5929 317641.2942 354308.6953 362871.0488 394834.9920 416791.3780 457975.6659 466325.4813 483156.2392 494169.4621 523488.9118 552085.1401 565145.5273 635716.0398 663574.0980 796481.6302 867840.6216 1013220.103 1052862.413 1283514.035 1600404.418 1830359.850 2123395.202 2233418.989 2665504.873 7524255.322
