years
 1997 1998 1999 2000 2001 2002 2003 2004 2005 2006 2007 2008 2009 2010 2011 2012 2013 2014 2015 2016 2017 2018 2019 2020 2021
reclasobs
 0 0 0 370054 412103 1.49427e+06 250295 1.28982e+06 931140 785840 897777 1.04006e+06 184774 17550 25797 100020 73551 82996 120727 218422 84188 347160 605670 569463 516374
reclaspred
 558124 138475 354972 226993 355546 435329 936661 648211 733889 773465 656687 444498 273555 113266 67204.9 65898.1 80141.3 104841 112442 156148 237346 224381 376148 456549 493600
pelacesobs
 0 0 0 0 0 0 0 0 0 2.06254e+06 1.5e+06 0 1.87456e+06 323000 250000 174000 83755 137374 0 501740 490994 745055 786931 1.00524e+06 0
pelacespred
 2.13485e+06 473863 701156 725554 1.01023e+06 925399 2.53994e+06 2.00033e+06 2.10019e+06 2.21164e+06 1.58863e+06 1.12281e+06 699542 224696 141582 146182 186257 253282 267854 376336 657890 580208 763849 1.10452e+06 1.16794e+06
mphobs
 0 0 0 0 0 112323 0 153150 637223 0 255016 313432 73983 77613 109348 50772 0 0 0 0 0 0 0 0 0
mphpred
 187673 101885 109383 104741 113627 190329 266227 329596 284680 306467 329649 226193 139491 72996 30860.2 24903.5 29044.5 37881.1 46059.5 52994.8 81339.1 100182 124467 168463 233355
desembarqueobs
 350755 77701 442110 56441 14545 235359 269955 359681 431902 328805 639364 411747 362871 311530 167758 66681 60226 58785 57116 71774 51957 67425 138520 160799 200461
desembarquepred
 350762 77697.3 442055 56442.5 14545.4 235419 270000 359632 431901 328789 639217 411746 362910 311582 167566 66671.6 60245.3 58771.6 57098.1 71767.5 51957.4 67410.9 138515 160803 200458
Reclutas
 37359.2 46546.5 22401.8 33126.9 62126.3 41749.8 78789.7 76794.5 100276 123687 63987.9 44952.6 47982.9 25586.8 14898.3 14000.5 10166.7 11252.7 12778.3 20756.3 26879.8 34566.9 50906.2 62496.5 22284.7
log_desv_Rt
 0.0683332 0.288206 -0.443104 -0.0519001 0.576924 0.17945 0.814537 0.788889 1.05568 1.26551 0.60645 0.253363 0.318599 -0.310168 -0.850999 -0.913154 -1.23313 -1.13164 -1.0045 -0.519393 -0.260871 -0.00934955 0.377741 0.582866 -0.448343
SSB
 528605 286972 308091 295017 320045 536087 749862 928350 801838 863204 928497 637103 392896 205603 86921.8 70143.9 81807.4 106697 129733 149267 229102 282176 350577 474499 657275
BT
 1.65859e+06 423745 686435 511734 646671 748497 1.80376e+06 1.65016e+06 1.72625e+06 1.70508e+06 1.55315e+06 1.07137e+06 792429 430677 227447 146841 165353 206292 214048 293845 455840 418595 566061 817714 870273
Ftot
 0.600629 0.571696 0.996953 0.232817 0.0431924 0.411825 0.277739 0.5178 0.58737 0.422942 0.773425 0.737803 1.19749 2.2049 2.41908 0.99634 0.717695 0.525098 0.438916 0.447491 0.20723 0.256699 0.309628 0.318036 0.289777
BD_Bspro_t
 0.926712 0.673672 0.591012 0.402186 0.54995 0.724385 0.666332 0.683616 0.615993 0.587537 0.574792 0.40917 0.302367 0.205417 0.109875 0.109154 0.168271 0.272936 0.368554 0.462229 0.59656 0.703346 0.713365 0.711575 0.700959
BD_Bspro
 0.735095 0.399071 0.42844 0.41026 0.445064 0.745499 1.04278 1.29099 1.11506 1.2004 1.2912 0.885974 0.546373 0.285917 0.120876 0.0975442 0.113764 0.148376 0.18041 0.207575 0.318596 0.392403 0.487522 0.659853 0.914026
BD_Bo
 0.594137 0.322548 0.346285 0.331591 0.359721 0.602546 0.842823 1.04344 0.901242 0.970216 1.0436 0.716085 0.441603 0.231091 0.0976976 0.0788397 0.0919492 0.119924 0.145816 0.167771 0.257504 0.317158 0.394038 0.533323 0.738758
BD_Brms
 2.00755 1.08987 1.17008 1.12043 1.21548 2.03597 2.84785 3.52572 3.04524 3.2783 3.52627 2.41961 1.49215 0.780844 0.330114 0.266394 0.310691 0.405216 0.492702 0.566889 0.870091 1.07166 1.33143 1.80207 2.49622
S_f
 0.156244 1 1 1 1
 0.156244 1 1 1 1
 0.156244 1 1 1 1
 0.156244 1 1 1 1
 0.156244 1 1 1 1
 0.156244 1 1 1 1
 0.156244 1 1 1 1
 0.156244 1 1 1 1
 0.156244 1 1 1 1
 0.156244 1 1 1 1
 0.156244 1 1 1 1
 0.156244 1 1 1 1
 0.156244 1 1 1 1
 0.156244 1 1 1 1
 0.156244 1 1 1 1
 0.156244 1 1 1 1
 0.156244 1 1 1 1
 0.156244 1 1 1 1
 0.156244 1 1 1 1
 0.156244 1 1 1 1
 0.156244 1 1 1 1
 0.156244 1 1 1 1
 0.156244 1 1 1 1
 0.156244 1 1 1 1
 0.156244 1 1 1 1
Scru_reclas
 0.725277 1 1 1 1
 0.725277 1 1 1 1
 0.725277 1 1 1 1
 0.725277 1 1 1 1
 0.725277 1 1 1 1
 0.725277 1 1 1 1
 0.725277 1 1 1 1
 0.725277 1 1 1 1
 0.725277 1 1 1 1
 0.725277 1 1 1 1
 0.725277 1 1 1 1
 0.725277 1 1 1 1
 0.725277 1 1 1 1
 0.725277 1 1 1 1
 0.725277 1 1 1 1
 0.725277 1 1 1 1
 0.725277 1 1 1 1
 0.725277 1 1 1 1
 0.725277 1 1 1 1
 0.725277 1 1 1 1
 0.725277 1 1 1 1
 0.725277 1 1 1 1
 0.725277 1 1 1 1
 0.725277 1 1 1 1
 0.725277 1 1 1 1
Scru_pelaces
 0.895666 1 1 1 1
 0.895666 1 1 1 1
 0.895666 1 1 1 1
 0.895666 1 1 1 1
 0.895666 1 1 1 1
 0.895666 1 1 1 1
 0.895666 1 1 1 1
 0.895666 1 1 1 1
 0.895666 1 1 1 1
 0.895666 1 1 1 1
 0.895666 1 1 1 1
 0.895666 1 1 1 1
 0.895666 1 1 1 1
 0.895666 1 1 1 1
 0.895666 1 1 1 1
 0.895666 1 1 1 1
 0.895666 1 1 1 1
 0.895666 1 1 1 1
 0.895666 1 1 1 1
 0.895666 1 1 1 1
 0.895666 1 1 1 1
 0.895666 1 1 1 1
 0.895666 1 1 1 1
 0.895666 1 1 1 1
 0.895666 1 1 1 1
pf_obs 
 0.256992 0.487395 0.22802 0.0275931 0
 0.321318 0.546541 0.124235 0.00734118 0.000564706
 0.182869 0.594174 0.210203 0.0122559 0.00049798
 0.330522 0.361315 0.267642 0.0388342 0.00168674
 0.649043 0.306663 0.0425973 0.00169635 0
 0.582887 0.30429 0.105238 0.00758474 0
 0.465427 0.430635 0.0974691 0.00646863 0
 0.296916 0.608066 0.0921331 0.00288517 0
 0.311714 0.524322 0.152257 0.0117073 0
 0.15457 0.633149 0.183074 0.0267441 0.00246327
 0.131901 0.49318 0.331252 0.0422183 0.00144891
 0.196976 0.569456 0.194076 0.0375587 0.00193317
 0.518974 0.381816 0.0799577 0.0180837 0.00116848
 0.0928022 0.601141 0.25162 0.0475244 0.00691264
 0.122501 0.610282 0.24278 0.0234846 0.000952079
 0.383417 0.481906 0.127806 0.00687128 0
 0.0376549 0.599619 0.316969 0.0457579 0
 0.0361596 0.667082 0.258105 0.0386534 0
 0.158088 0.579412 0.248529 0.0139706 0
 0.0477256 0.309471 0.559284 0.082774 0.000745712
 0.0406174 0.521527 0.379366 0.0568643 0.0016247
 0.151134 0.462217 0.34131 0.0453401 0
 0.294876 0.26143 0.354403 0.0886775 0.000613685
 0.281977 0.475581 0.204845 0.0348837 0.00271318
 0 0 0 0 0
pf_pred 
 0.29101 0.497283 0.189015 0.0226824 9.25782e-06
 0.290856 0.552764 0.109685 0.0416905 0.00500505
 0.152227 0.658527 0.147513 0.0292709 0.0124614
 0.279716 0.472681 0.192332 0.0430832 0.0121885
 0.313795 0.504634 0.119155 0.0484835 0.013933
 0.155928 0.632371 0.155685 0.0367603 0.0192561
 0.292699 0.417996 0.216744 0.0533607 0.0191996
 0.22421 0.583175 0.113831 0.0590248 0.0197599
 0.278258 0.508532 0.160274 0.031284 0.0216524
 0.275111 0.55621 0.118849 0.0374576 0.0123718
 0.14518 0.640309 0.164595 0.0351702 0.0147457
 0.165243 0.513828 0.240395 0.061795 0.0187402
 0.265121 0.475324 0.159767 0.0747469 0.0250411
 0.238262 0.617614 0.0932199 0.0313332 0.0195703
 0.310203 0.600748 0.0722005 0.0108976 0.00595074
 0.355877 0.590871 0.0463774 0.00557384 0.00130068
 0.226151 0.66124 0.1033 0.00810798 0.00120185
 0.254417 0.542709 0.173351 0.0270812 0.00244068
 0.250892 0.553347 0.142494 0.0455153 0.00775129
 0.31796 0.49546 0.137822 0.0354911 0.0132671
 0.270753 0.574493 0.112419 0.0312716 0.0110631
 0.249341 0.543534 0.163171 0.0319299 0.0120242
 0.275864 0.51148 0.153979 0.0462252 0.0124519
 0.251501 0.553141 0.137988 0.0415407 0.01583
 0.0855952 0.653724 0.192643 0.0480571 0.0199805
pobs_RECLAS
 0 0 0 0 0
 0 0 0 0 0
 0 0 0 0 0
 0 0 0 0 0
 0.835266 0.146461 0.0176864 0.000547809 3.91292e-05
 0.385257 0.428462 0.181853 0.0044286 0
 0.867414 0.0963971 0.0333333 0.00285562 0
 0.441836 0.489002 0.0689373 0.000224442 0
 0.779404 0.147425 0.0564933 0.0165055 0.000172143
 0.814271 0.122319 0.05973 0.00367925 0
 0.40263 0.566651 0.0304383 0.000280538 0
 0.475488 0.404961 0.113038 0.00651328 0
 0.955842 0.0263864 0.0167828 0.000988607 0
 0.975058 0.0227948 0.00214734 0 0
 0.738997 0.206755 0.0527124 0.00153531 0
 0.850938 0.134255 0.0134407 0.00136685 0
 0.542534 0.407297 0.0501686 0 0
 0.764087 0.199537 0.0359546 0.000420521 0
 0.470689 0.182191 0.310203 0.0369168 0
 0.84361 0.089868 0.0606195 0.00523954 0.000663233
 0.607945 0.314616 0.071237 0.00620181 0
 0.523733 0.453247 0.0230204 0 0
 0.530135 0.295979 0.169645 0.0042399 0
 0.562478 0.366248 0.0663022 0.0049721 0
 0.250443 0.683176 0.0655157 0.000865301 0
ppred_RECLAS
 0.665532 0.234595 0.0891681 0.0107005 4.3674e-06
 0.664759 0.261314 0.0518524 0.0197088 0.00236609
 0.476217 0.40686 0.0911385 0.0180846 0.00769906
 0.646289 0.23212 0.0944488 0.0211569 0.00598542
 0.680241 0.235151 0.0555239 0.0225924 0.00649253
 0.468305 0.398341 0.0980683 0.0231559 0.0121297
 0.661373 0.20012 0.103768 0.0255469 0.00919197
 0.581662 0.314472 0.0613821 0.0318286 0.0106554
 0.651162 0.245787 0.0774647 0.0151204 0.0104652
 0.644272 0.272951 0.0583232 0.0183817 0.00607125
 0.455908 0.407556 0.104765 0.0223858 0.0093856
 0.493142 0.311992 0.145966 0.0375214 0.0113789
 0.652217 0.224948 0.07561 0.0353742 0.0118508
 0.658719 0.276709 0.0417653 0.0140382 0.00876807
 0.743608 0.223294 0.0268364 0.00405056 0.00221184
 0.736655 0.241574 0.0189611 0.00227882 0.000531775
 0.589043 0.351155 0.0548579 0.00430579 0.000638247
 0.621604 0.275434 0.0879788 0.0137442 0.00123869
 0.615444 0.284062 0.0731498 0.0233654 0.00397914
 0.690331 0.224956 0.0625759 0.0161141 0.00602372
 0.635559 0.287103 0.0561814 0.015628 0.0055288
 0.610195 0.282248 0.0847321 0.0165807 0.00624395
 0.643124 0.252072 0.0758855 0.0227812 0.00613666
 0.613967 0.285279 0.0711662 0.0214243 0.00816421
 0.306601 0.495723 0.146082 0.036442 0.0151514
pobs_PELACES
 0 0 0 0 0
 0 0 0 0 0
 0 0 0 0 0
 0 0 0 0 0
 0 0 0 0 0
 0 0 0 0 0
 0 0 0 0 0
 0 0 0 0 0
 0 0 0 0 0
 0 0 0 0 0
 0.450072 0.473896 0.0757376 0.000293798 0
 0 0 0 0 0
 0.463077 0.371075 0.160297 0.00555027 0
 0.529543 0.364841 0.0842815 0.0213345 0
 0.631943 0.363953 0.00410389 0 0
 0.735681 0.248677 0.0153453 0.000297389 0
 0.695825 0.281241 0.0229344 0 0
 0.275771 0.60734 0.115278 0.00161068 0
 0 0 0 0 0
 0.896147 0.0623911 0.0374545 0.00400742 0
 0.803859 0.145111 0.0509908 3.86294e-05 0
 0.739449 0.233085 0.0266225 0.000797448 4.60066e-05
 0.878498 0.100942 0.0204185 0.000141795 0
 0.694673 0.275183 0.0284847 0.00165964 0
 0 0 0 0 0
ppred_PELACES
 0.743893 0.179633 0.0682775 0.00819354 3.34419e-06
 0.74169 0.201348 0.0399533 0.015186 0.00182312
 0.597102 0.312961 0.0701046 0.0139108 0.00592219
 0.706533 0.192585 0.0783622 0.0175535 0.00496598
 0.726695 0.200988 0.0474574 0.0193102 0.00554931
 0.54952 0.337495 0.0830886 0.0196189 0.0102769
 0.722674 0.163892 0.0849833 0.0209222 0.00752795
 0.664807 0.251971 0.0491824 0.0255026 0.00853761
 0.730806 0.189672 0.0597787 0.0116683 0.00807587
 0.715599 0.218222 0.0466289 0.014696 0.00485391
 0.562063 0.32804 0.0843247 0.0180182 0.00755442
 0.596045 0.248651 0.116332 0.0299038 0.00906873
 0.76373 0.152821 0.0513663 0.0240318 0.00805094
 0.814955 0.150034 0.0226454 0.00761161 0.00475411
 0.87538 0.108532 0.0130439 0.00196879 0.00107507
 0.820109 0.165019 0.0129523 0.00155666 0.000363255
 0.683707 0.270266 0.0422214 0.00331395 0.000491227
 0.701318 0.21741 0.0694448 0.0108488 0.000977739
 0.690718 0.228458 0.0588312 0.0187917 0.00320025
 0.75718 0.176394 0.0490675 0.0126355 0.00472336
 0.695266 0.240066 0.0469771 0.0130676 0.00462301
 0.674942 0.235367 0.0706581 0.0138266 0.00520683
 0.708101 0.206178 0.062069 0.0186334 0.00501936
 0.682131 0.234905 0.0585998 0.0176413 0.00672259
 0.371834 0.449087 0.132339 0.0330136 0.013726
pobs_pel_tallas
 0 0 0 0 0 0 0 0 0 0 0 0 0 0 0 0 0 0 0 0 0 0 0 0 0 0 0 0 0 0 0 0 0 0 0 0
 0 0 0 0 0 0 0 0 0 0 0 0 0 0 0 0 0 0 0 0 0 0 0 0 0 0 0 0 0 0 0 0 0 0 0 0
 0 0 0 0 0 0 0 0 0 0 0 0 0 0 0 0 0 0 0 0 0 0 0 0 0 0 0 0 0 0 0 0 0 0 0 0
 0 0 0 0 0 0 0 0 0 0 0 0 0 0 0 0 0 0 0 0 0 0 0 0 0 0 0 0 0 0 0 0 0 0 0 0
 0 0 0 0 0 0 0 0 0 0 0 0 0 0 0 0 0 0 0 0 0 0 0 0 0 0 0 0 0 0 0 0 0 0 0 0
 0 0 0 0 0 0 0 0 0 0 0 0 0 0 0 0 0 0 0 0 0 0 0 0 0 0 0 0 0 0 0 0 0 0 0 0
 0 0 0 0 0 0 0 0 0 0 0 0 0 0 0 0 0 0 0 0 0 0 0 0 0 0 0 0 0 0 0 0 0 0 0 0
 0 0 0 0 0 0 0 0 0 0 0 0 0 0 0 0 0 0 0 0 0 0 0 0 0 0 0 0 0 0 0 0 0 0 0 0
 0 0 0 0 0 0 0 0 0 0 0 0 0 0 0 0 0 0 0 0 0 0 0 0 0 0 0 0 0 0 0 0 0 0 0 0
 0 0 0 0 0 0 0 0 0 0 0 0 0 0 0 0 0 0 0 0 0 0 0 0 0 0 0 0 0 0 0 0 0 0 0 0
 0 0 0 0 0 0 0 0 1.78061e-05 0.00172719 0.00360574 0.0105946 0.0120993 0.0124554 0.0147524 0.0171206 0.0266825 0.0428682 0.0675386 0.121331 0.153587 0.119568 0.100827 0.0573624 0.0630603 0.0341343 0.0324427 0.0444173 0.0211091 0.0280891 0.0125444 0.00206551 0 0 0 0
 0 0 0 0 0 0 0 0 0 0 0 0 0 0 0 0 0 0 0 0 0 0 0 0 0 0 0 0 0 0 0 0 0 0 0 0
 0 0 0 0 0 0 0.0133647 0.0140871 0.0187388 0.0205184 0.03894 0.0496705 0.03968 0.0493445 0.0407372 0.0367815 0.0215668 0.0243155 0.0234873 0.0199281 0.019796 0.0243948 0.0301388 0.0376714 0.0412746 0.0863199 0.0771752 0.113111 0.0741005 0.0525337 0.0229764 0.00759418 0.00175318 0 0 0
 0 0 0 0 0 0 0 0 0 0 0.00219441 0.00772107 0.0458388 0.0604681 0.0671733 0.0775358 0.0609151 0.0617685 0.073594 0.0568108 0.0755445 0.0548602 0.0670107 0.0636378 0.0643287 0.046367 0.0373049 0.0286899 0.0247887 0.0153202 0.00654259 0.00121912 0.000365735 0 0 0
 0 0 0 0 0 0 0 0 0 0 0 0 0.000112435 0.00938835 0.0111873 0.0202946 0.0414886 0.0713402 0.111592 0.104902 0.108894 0.110636 0.117776 0.105296 0.107544 0.0401394 0.0192827 0.0124803 0.00416011 0.0028671 0.000618394 0 0 0 0 0
 0 0 0 0 0 0 0 0 0 0 0.00291406 0.0102884 0.027416 0.0768956 0.0749926 0.110853 0.0956884 0.0897413 0.0766577 0.0534642 0.0500743 0.0551293 0.0594112 0.0620874 0.0668451 0.0424026 0.0208742 0.0120726 0.0048766 0.00582813 0.00118941 0.000297354 0 0 0 0
 0 0.00264628 0.0354308 0.0461629 0.0458689 0.0383711 0.0214643 0.0164657 0.0346957 0.0420465 0.0363128 0.0245516 0.0311673 0.0291091 0.0169068 0.0133784 0.00837989 0.0085269 0.0148486 0.0160247 0.0276389 0.0546898 0.0760071 0.122758 0.109233 0.0665981 0.0333725 0.0166128 0.00676272 0.00308733 0.000882094 0 0 0 0 0
 0 0 0 0 0 0 0 0.000805153 0.000690131 0.00759144 0.0133425 0.0154129 0.00931677 0.000345066 0.00356568 0.00563607 0.00851162 0.0253048 0.0502646 0.0516448 0.0657925 0.0565908 0.0611916 0.0827007 0.0866115 0.110766 0.145733 0.0935128 0.0569358 0.0249597 0.0138026 0.00621118 0.00161031 0.00115022 0 0
 0 0 0 0 0 0 0 0 0 0 0 0 0 0 0 0 0 0 0 0 0 0 0 0 0 0 0 0 0 0 0 0 0 0 0 0
 0.00147267 0.00158595 0.00478618 0.00569244 0.00954404 0.0108468 0.00647125 0.017049 0.0510054 0.094081 0.124002 0.0959785 0.0687766 0.0820023 0.061753 0.0591476 0.0492212 0.0479892 0.0443925 0.0268479 0.0217502 0.0140895 0.0121071 0.0120363 0.00920419 0.00665534 0.0049561 0.00860946 0.00930331 0.0156896 0.0114698 0.00855282 0.00243557 0.00046729 0 2.83206e-05
 0 0 0 0 0.000772559 0.00158375 0.000888443 0.00281984 0.00712685 0.0440552 0.0773331 0.111326 0.0921469 0.0852325 0.0710754 0.0886704 0.0786465 0.0553345 0.0373146 0.0185414 0.00753245 0.00457741 0.012979 0.0271748 0.0457355 0.0583668 0.034881 0.0177882 0.00938659 0.00492506 0.0015258 0.00185414 0.000309023 5.79419e-05 3.86279e-05 0
 0 0.00173294 0.00326652 0 0.00397197 0.00683976 0.00946217 0.0152591 0.00757587 0.0136028 0.0228656 0.0392903 0.0559909 0.0764795 0.0681675 0.0726916 0.0566044 0.0477403 0.0527397 0.0444891 0.0609904 0.0582453 0.0661739 0.0445044 0.0529084 0.0360697 0.0280645 0.0235558 0.0158879 0.00826598 0.00280645 0.00217768 0.000904811 0.00058276 9.20147e-05 0
 0 0 0 0 0 0 0 0 0 0 0 0 0 0 0 0 0 0 0 0 0 0 0 0 0 0 0 0 0 0 0 0 0 0 0 0
 0 0 0 0 0 0 0 0 0 0 0 0 0 0 0 0 0 0 0 0 0 0 0 0 0 0 0 0 0 0 0 0 0 0 0 0
 0 0 0 0 0 0 0 0 0 0 0 0 0 0 0 0 0 0 0 0 0 0 0 0 0 0 0 0 0 0 0 0 0 0 0 0
ppred_pel_tallas
 1.0131e-16 3.24573e-05 0.000190497 0.000905536 0.00348636 0.0108719 0.0274615 0.05619 0.0931415 0.125087 0.136122 0.120075 0.085966 0.0501952 0.0244074 0.0108323 0.00593352 0.0055443 0.00710783 0.00949097 0.0122106 0.0149527 0.0174177 0.0193233 0.020455 0.0207105 0.0201186 0.0188222 0.0170356 0.0149904 0.0128887 0.010876 0.00903585 0.00740155 0.00597502 0.00474423
 1.0124e-16 3.2362e-05 0.000189936 0.000902865 0.00347607 0.0108398 0.0273805 0.0560243 0.0928675 0.124721 0.135728 0.119738 0.0857485 0.0501155 0.0244563 0.0110012 0.00623013 0.00599072 0.00772837 0.0102981 0.0131927 0.0160657 0.0185835 0.0204367 0.0213987 0.0213759 0.020427 0.0187405 0.0165827 0.0142321 0.0119239 0.0098171 0.00798943 0.00645328 0.00518111 0.00412988
 1.01852e-16 2.60619e-05 0.000152938 0.00072695 0.00279871 0.00872745 0.0220451 0.0451085 0.0747777 0.100441 0.109342 0.0965481 0.0693326 0.0409074 0.0206838 0.0105269 0.00767182 0.00882538 0.011938 0.0160306 0.0205613 0.02505 0.0289876 0.031893 0.0334116 0.0333945 0.0319297 0.0293072 0.0259391 0.0222586 0.0186329 0.015313 0.0124246 0.00999225 0.00797756 0.00631686
 1.02011e-16 3.08287e-05 0.000180935 0.000860074 0.00331131 0.010326 0.0260827 0.053369 0.088466 0.11881 0.129297 0.114069 0.081696 0.047763 0.0233394 0.0105545 0.00606186 0.00591435 0.00768844 0.0103041 0.0132877 0.016316 0.0190723 0.0212553 0.0226332 0.0230915 0.0226523 0.0214573 0.0197224 0.0176817 0.0155388 0.01344 0.0114696 0.0096636 0.00802935 0.00656377
 1.01663e-16 3.17082e-05 0.000186097 0.000884615 0.0034058 0.0106207 0.026827 0.0548919 0.0909904 0.122201 0.132987 0.117323 0.0840251 0.0491214 0.0239961 0.0108372 0.0061993 0.00601744 0.00779168 0.0104021 0.0133516 0.016299 0.0189131 0.0208851 0.021986 0.022117 0.0213281 0.0197968 0.0177772 0.0155361 0.0132988 0.0112181 0.00937013 0.00777003 0.006397 0.00521759
 1.02444e-16 2.39881e-05 0.000140761 0.000669054 0.00257579 0.00803227 0.0202891 0.0415159 0.0688237 0.0924479 0.100653 0.0889057 0.0639088 0.0378369 0.0193713 0.0102526 0.00796038 0.00948255 0.012938 0.0174099 0.0223596 0.0272819 0.0316317 0.0348905 0.036673 0.0368134 0.0353977 0.0327279 0.0292362 0.0253781 0.0215397 0.0179854 0.014849 0.0121592 0.00988167 0.00795728
 1.02331e-16 3.15314e-05 0.000185063 0.000879705 0.00338691 0.0105618 0.0266782 0.0545871 0.0904842 0.121518 0.132236 0.116643 0.0835006 0.0487387 0.0236684 0.0104544 0.00566087 0.00524288 0.00672394 0.00901634 0.0116693 0.0143999 0.0169387 0.0190273 0.0204616 0.0211316 0.0210388 0.0202825 0.0190245 0.0174441 0.0157 0.0139093 0.0121454 0.0104484 0.00884069 0.00733951
 1.02056e-16 2.90116e-05 0.000170262 0.000809319 0.00311588 0.00971653 0.0245433 0.0502197 0.0832476 0.111808 0.121693 0.107399 0.077003 0.0451883 0.0223956 0.0106576 0.00685227 0.00728223 0.00966238 0.012941 0.0166027 0.0202441 0.0234553 0.0258516 0.0271503 0.0272332 0.0261704 0.0241925 0.0216246 0.0188064 0.016022 0.0134614 0.011215 0.00929445 0.00766499 0.00627644
 1.01689e-16 3.1887e-05 0.000187148 0.000889613 0.00342505 0.0106807 0.0269786 0.055202 0.0915041 0.12289 0.133734 0.117975 0.0844786 0.0493587 0.0240603 0.0107795 0.00604739 0.0057741 0.00744759 0.00994904 0.012792 0.0156513 0.0182133 0.0201839 0.0213416 0.021585 0.0209513 0.0195972 0.0177526 0.0156621 0.0135352 0.0115178 0.00968768 0.00806844 0.00665149 0.00541614
 1.01465e-16 3.1225e-05 0.000183259 0.000871119 0.00335383 0.0104586 0.0264177 0.0540545 0.0896029 0.120339 0.130965 0.115551 0.0827805 0.0484431 0.0237566 0.010884 0.00644059 0.00642854 0.00838497 0.0111969 0.0143548 0.017493 0.0202522 0.022297 0.0233807 0.0234001 0.0224162 0.02063 0.018327 0.015806 0.0133196 0.0110388 0.00904818 0.00736227 0.00595335 0.00477751
 1.02277e-16 2.45347e-05 0.000143971 0.000684314 0.00263455 0.00821551 0.0207519 0.0424629 0.070393 0.0945542 0.102942 0.0909179 0.0653337 0.0386374 0.0197017 0.0102991 0.00784411 0.00925041 0.0125933 0.0169419 0.02176 0.0265537 0.030792 0.0339696 0.0357107 0.0358522 0.0344758 0.0318735 0.0284646 0.0246919 0.0209322 0.0174448 0.0143629 0.0117179 0.00947942 0.0075922
 1.03184e-16 2.60133e-05 0.000152659 0.000725633 0.00279367 0.00871173 0.0220053 0.0450266 0.0746403 0.100251 0.109122 0.096322 0.0691009 0.040632 0.02029 0.00991511 0.00672897 0.00743746 0.010009 0.0135098 0.017474 0.0215219 0.0252531 0.0282784 0.0302929 0.0311379 0.0308269 0.0295238 0.0274877 0.0250024 0.0223171 0.0196132 0.0169998 0.0145309 0.01223 0.0101106
 1.01981e-16 3.33211e-05 0.000195571 0.000929665 0.00357927 0.0111616 0.0281934 0.0576872 0.0956224 0.128416 0.139737 0.123246 0.088196 0.0514168 0.0248511 0.0107738 0.00554004 0.00486243 0.00611577 0.00815074 0.010502 0.0128933 0.0150717 0.016801 0.0179017 0.018287 0.0179787 0.0170912 0.0157954 0.0142733 0.0126795 0.0111207 0.00965343 0.00829609 0.00704704 0.00589973
 1.00855e-16 3.55546e-05 0.000208684 0.000992006 0.0038193 0.0119102 0.0300841 0.0615557 0.102034 0.137025 0.149101 0.131494 0.0940758 0.0547983 0.0263975 0.0112908 0.00557689 0.00466859 0.00575424 0.00760133 0.0097138 0.0118049 0.0136208 0.0149315 0.0155709 0.0154743 0.0146916 0.0133703 0.0117156 0.00994047 0.00822315 0.00668221 0.00537275 0.00429852 0.00343197 0.00273357
 1.00339e-16 3.81877e-05 0.000224147 0.00106553 0.00410238 0.012793 0.0323139 0.0661177 0.109595 0.147173 0.16013 0.14119 0.100946 0.0586644 0.0280058 0.011542 0.00505813 0.00360886 0.00417087 0.00543928 0.00692647 0.00839329 0.00964935 0.0105272 0.0109078 0.0107471 0.0100857 0.00903634 0.00775426 0.00640047 0.00510989 0.00397257 0.00303026 0.00228496 0.00171355 0.00128228
 1.00309e-16 3.578e-05 0.000210006 0.000998286 0.00384348 0.0119856 0.0302745 0.0619455 0.102681 0.137895 0.15005 0.132337 0.0946941 0.0551883 0.0266409 0.0114888 0.00580978 0.00498852 0.00619156 0.00816799 0.0104009 0.0125783 0.0144201 0.0156735 0.0161605 0.0158184 0.0147154 0.0130304 0.011007 0.00889701 0.0069104 0.00518628 0.00378726 0.00271269 0.00192149 0.00135529
 1.00825e-16 2.98365e-05 0.000175103 0.000832331 0.00320447 0.00999281 0.0252412 0.0516477 0.0856151 0.114989 0.125157 0.11046 0.0792077 0.0465018 0.0230824 0.0110421 0.00717116 0.00766494 0.0101666 0.0135817 0.017361 0.0210663 0.0242517 0.0265025 0.0275188 0.0271855 0.0255971 0.0230274 0.0198572 0.0164834 0.0132413 0.0103573 0.00794086 0.00600418 0.00449778 0.0033452
 1.01476e-16 3.06024e-05 0.000179604 0.00085374 0.00328692 0.0102499 0.0258906 0.052976 0.0878153 0.117939 0.128355 0.113251 0.0811403 0.0474986 0.0233225 0.0107355 0.00642485 0.006477 0.00848249 0.0113534 0.0145908 0.0178338 0.0207235 0.0229213 0.0241724 0.0243612 0.0235321 0.0218691 0.0196415 0.0171373 0.0146049 0.0122195 0.0100768 0.00820814 0.00660491 0.00524135
 1.01705e-16 3.01406e-05 0.000176892 0.000840844 0.00323726 0.0100951 0.0254994 0.0521758 0.0864893 0.116159 0.126421 0.111553 0.0799404 0.0468302 0.0230575 0.0107195 0.00655895 0.00672489 0.00884347 0.0118364 0.0151987 0.0185558 0.021533 0.0237779 0.0250282 0.0251695 0.0242565 0.0224899 0.0201584 0.0175666 0.0149738 0.0125579 0.0104103 0.00855317 0.00696656 0.00561475
 1.01409e-16 3.30365e-05 0.000193898 0.000921704 0.00354861 0.011066 0.0279519 0.0571933 0.0948044 0.12732 0.13855 0.122212 0.0874852 0.051061 0.0247884 0.0109324 0.00588846 0.00541084 0.00689382 0.0091836 0.0117918 0.0144065 0.0167342 0.0185019 0.0195059 0.0196556 0.0189908 0.0176632 0.0158925 0.0139113 0.0119181 0.0100496 0.00837689 0.00691877 0.00566236 0.00458288
 1.01411e-16 3.03393e-05 0.000178057 0.000846384 0.00325859 0.0101616 0.0256674 0.0525196 0.0870595 0.116926 0.127257 0.112295 0.0804826 0.047168 0.0232609 0.0108751 0.00673402 0.00696126 0.0091637 0.0122476 0.0156912 0.0191006 0.0220814 0.0242649 0.0253815 0.025321 0.0241551 0.0221111 0.0195091 0.0166841 0.0139185 0.0114034 0.00923212 0.00741851 0.00592801 0.00470683
 1.01799e-16 2.9453e-05 0.000172854 0.000821647 0.00316335 0.00986457 0.0249172 0.0509846 0.0845151 0.113509 0.12354 0.109018 0.0781407 0.0458097 0.022618 0.0106217 0.00664452 0.00692894 0.0091577 0.0122744 0.0157764 0.0192827 0.0224073 0.0247855 0.0261437 0.0263586 0.0254803 0.023709 0.0213362 0.0186721 0.0159824 0.0134523 0.0111805 0.00919612 0.00748594 0.00601984
 1.01824e-16 3.08976e-05 0.000181338 0.000861988 0.00331868 0.010349 0.0261407 0.0534878 0.0886633 0.119076 0.12959 0.114333 0.0818987 0.0479089 0.0234612 0.0106939 0.00625608 0.00619272 0.00807113 0.0107991 0.0138861 0.0169876 0.0197646 0.0218981 0.0231482 0.0234055 0.0227113 0.0212369 0.0192325 0.0169641 0.0146588 0.0124743 0.010494 0.00874246 0.00720934 0.00587164
 1.01829e-16 2.97664e-05 0.000174694 0.000830396 0.00319703 0.00996962 0.0251826 0.0515275 0.0854149 0.114717 0.124854 0.110175 0.0789648 0.0462822 0.0228312 0.0106876 0.00663841 0.00688363 0.0090792 0.0121566 0.015609 0.0190542 0.0221079 0.0244083 0.0256871 0.0258276 0.0248875 0.0230743 0.0206857 0.0180351 0.0153883 0.0129268 0.0107426 0.00885603 0.00724437 0.00586905
 1.03801e-16 1.62448e-05 9.52907e-05 0.000452858 0.00174334 0.00543628 0.013732 0.0281005 0.0465909 0.0626043 0.0682155 0.0603843 0.0436905 0.0264381 0.0145894 0.00942716 0.00935149 0.0124029 0.0173262 0.0234255 0.0301496 0.0368689 0.042867 0.0474523 0.0501038 0.0505866 0.0489949 0.0457074 0.0412754 0.0362843 0.0312339 0.0264704 0.0221761 0.0184023 0.0151227 0.0122816
pSPR Fmed_Fpbrs
0.517588   0.345951 0.345951
Fs Fmed_Fpbrs
0.492731   1.005 1.005
SSBpbr Bo_Bmed_Bpbrs
889703  416015  263308 263308
Ro
34891.6
SPR SPRFo_SPRFmed_SPRFpbrs
719098 372197 248773
log_Ro
10.28
likeval ReclasPelacesDesembMPH_pf_preclas_ppelaces_ptallas_desvR_qrecl_qpela
 62.8781 15.1044 0.00934521 0.000210043 285.777 189.412 71.768 0 16.2124 7.96408e-06 6.00906e-05 0 0 0 0
q_reclas_q_pelaces
0.670388 3.01274
M
0.7
N
 37359.2 12305.4 4677.22 561.283 0.229088
 46546.5 16890.2 3351.51 1273.89 152.934
 22401.8 21139.2 4735.26 939.615 400.018
 33126.9 9519.79 3873.56 867.695 245.476
 62126.3 15862.7 3745.5 1524.03 437.97
 41749.8 30643.5 7544.18 1781.34 933.114
 78789.7 19440.3 10080.4 2481.72 892.94
 76794.5 37464.2 7312.68 3791.86 1269.41
 100276 35171.3 11084.9 2163.68 1497.53
 123687 45429.1 9707.13 3059.39 1010.48
 63987.9 57493.4 14779.1 3157.93 1324.02
 44952.6 28158.6 13174 3386.46 1026.99
 47982.9 19892.3 6686.22 3128.15 1047.97
 25586.8 19761.7 2982.73 1002.56 626.186
 14898.3 9003.15 1082.04 163.318 89.1812
 14000.5 5069.68 397.919 47.8236 11.1599
 10166.7 5950.16 929.543 72.9597 10.8148
 11252.7 4513.07 1441.56 225.202 20.2962
 12778.3 5147.76 1325.62 423.427 72.1099
 20756.3 5924.93 1648.14 424.418 158.654
 26879.8 9611.24 1880.76 523.172 185.086
 34566.9 12922.8 3879.49 759.153 285.882
 50906.2 16490.5 4964.42 1490.34 401.459
 62496.5 24085.5 6008.41 1808.81 689.286
 22284.7 29530.4 8702.17 2170.86 902.571
pred_Ctot
 2419.75 4134.91 1571.66 188.604 0.0769787
 2875.23 5464.3 1084.28 412.128 49.477
 2344.8 10143.5 2272.18 450.867 191.946
 852.834 1441.17 586.407 131.358 37.1619
 300.621 483.449 114.152 46.4481 13.3481
 1878.09 7616.66 1875.16 442.764 231.932
 2412.34 3445 1786.34 439.783 158.237
 4312.26 11216.3 2189.32 1135.23 380.046
 6357.21 11618.2 3661.7 714.73 494.681
 5709.85 11544 2466.67 777.421 256.772
 5274.74 23264 5980.16 1277.82 535.746
 3543.44 11018.5 5154.99 1325.12 401.862
 5952.21 10671.5 3586.91 1678.14 562.196
 5469.69 14178.3 2140.02 719.305 449.268
 3446.2 6674.01 802.111 121.067 66.1097
 1464.59 2431.7 190.864 22.9388 5.35289
 780.619 2282.44 356.566 27.9868 4.14849
 640.461 1366.2 436.388 68.1732 6.14407
 611.505 1348.69 347.305 110.936 18.8924
 1012.11 1577.12 438.707 112.973 42.231
 617.037 1309.25 256.199 71.2668 25.2125
 979.585 2135.38 641.05 125.443 47.2393
 1733.78 3214.62 967.749 290.522 78.2592
 2185.07 4805.76 1198.86 360.911 137.533
 711.287 5432.39 1600.84 399.35 166.036
F
 0.0938448 0.600629 0.600629 0.600629 0.600629
 0.0893242 0.571696 0.571696 0.571696 0.571696
 0.155768 0.996953 0.996953 0.996953 0.996953
 0.0363763 0.232817 0.232817 0.232817 0.232817
 0.00674856 0.0431924 0.0431924 0.0431924 0.0431924
 0.0643453 0.411825 0.411825 0.411825 0.411825
 0.0433951 0.277739 0.277739 0.277739 0.277739
 0.0809032 0.5178 0.5178 0.5178 0.5178
 0.0917731 0.58737 0.58737 0.58737 0.58737
 0.0660823 0.422942 0.422942 0.422942 0.422942
 0.120843 0.773425 0.773425 0.773425 0.773425
 0.115277 0.737803 0.737803 0.737803 0.737803
 0.187101 1.19749 1.19749 1.19749 1.19749
 0.344502 2.2049 2.2049 2.2049 2.2049
 0.377968 2.41908 2.41908 2.41908 2.41908
 0.155672 0.99634 0.99634 0.99634 0.99634
 0.112136 0.717695 0.717695 0.717695 0.717695
 0.0820435 0.525098 0.525098 0.525098 0.525098
 0.0685781 0.438916 0.438916 0.438916 0.438916
 0.0699179 0.447491 0.447491 0.447491 0.447491
 0.0323785 0.20723 0.20723 0.20723 0.20723
 0.0401077 0.256699 0.256699 0.256699 0.256699
 0.0483776 0.309628 0.309628 0.309628 0.309628
 0.0496913 0.318036 0.318036 0.318036 0.318036
 0.0452759 0.289777 0.289777 0.289777 0.289777
nmprior
 10 11 7 0
nm_flota  nm_reclas  nm_pelaces    nm_pelaL
inf 20.9484 14.9746 25.7293
cv_recla  cv_pelaces  cv_mph
0.717257 0.457316 0.47021
 ------------------------------------------------
Talla a la edad & desviación 
 7.2 14.2025 17.0495 18.207 18.6776
 1.08 2.13037 2.55742 2.73105 2.80164
