years
 1997 1998 1999 2000 2001 2002 2003 2004 2005 2006 2007 2008 2009 2010 2011 2012 2013 2014 2015 2016 2017 2018 2019 2020 2021
reclasobs
 0 0 0 370054 412103 1.49427e+06 250295 1.28982e+06 931140 785840 897777 1.04006e+06 184774 17550 25797 100020 73551 82996 120727 218422 84188 347160 605670 569463 516374
reclaspred
 397934 96661.2 230383 175314 303682 353177 790463 562856 704790 750009 614196 413135 256211 115244 77445 77246.7 94200.5 123252 123737 188216 285895 257510 419270 479689 444065
pelacesobs
 0 0 0 0 0 0 0 0 0 2.06254e+06 1.5e+06 0 1.87456e+06 323000 250000 174000 83755 137374 0 501740 490994 745055 786931 1.00524e+06 0
pelacespred
 766537 171710 248038 291243 442386 423042 1.13411e+06 943670 1.08568e+06 1.15353e+06 855055 597104 370139 136335 90324.6 97144.6 124124 165377 170688 251850 427619 377198 485737 654114 631394
mphobs
 0 0 0 0 0 112323 0 153150 637223 0 255016 313432 73983 77613 109348 50772 0 0 0 0 0 0 0 0 0
mphpred
 590266 303680 314570 304637 386222 689572 993776 1.20229e+06 1.10685e+06 1.28179e+06 1.40638e+06 1.01265e+06 619358 327612 150061 125247 150202 200855 238664 264409 429613 525654 638414 835868 1.072e+06
desembarqueobs
 350755 77701 442110 56441 14545 235359 269955 359681 431902 328805 639364 411747 362871 311530 167758 66681 60226 58785 57116 71774 51957 67425 138520 160799 200461
desembarquepred
 350748 77689.4 441957 56439.2 14545 235382 269974 359607 431842 328755 639293 411820 362952 311704 167694 66679.1 60238.6 58779.3 57105.7 71762.7 51954.5 67413 138506 160792 200459
Reclutas
 34164.7 46794.6 21706.5 44729.5 80158.3 50699 90632.3 97222.3 137066 161532 67360.7 38025.5 44215.3 22768.5 16708.6 19373.2 14959.1 15929.7 16977.7 36449.1 44791.8 53078.8 76530.5 82556.7 14631.1
log_desv_Rt
 -0.201051 0.113524 -0.654632 0.0683875 0.651759 0.193662 0.774566 0.844755 1.18822 1.35246 0.477817 -0.0939875 0.0568256 -0.606865 -0.916323 -0.768354 -1.02692 -0.964057 -0.900347 -0.136329 0.069781 0.239533 0.605444 0.68124 -1.0491
SSB
 590266 303680 314570 304637 386222 689572 993776 1.20229e+06 1.10685e+06 1.28179e+06 1.40638e+06 1.01265e+06 619358 327612 150061 125247 150202 200855 238664 264409 429613 525654 638414 835868 1.072e+06
BT
 1.63979e+06 442835 684419 581477 803759 942011 2.21656e+06 2.09412e+06 2.3382e+06 2.37863e+06 2.10001e+06 1.445e+06 1.01961e+06 543462 303462 228942 271426 343314 355099 509646 807748 738987 965851 1.30581e+06 1.29988e+06
Ftot
 0.509035 0.540817 0.965817 0.219057 0.0347786 0.310013 0.205079 0.389323 0.406256 0.275049 0.48381 0.441249 0.718069 1.27093 1.27829 0.51976 0.376771 0.265727 0.235202 0.247939 0.10787 0.1354 0.168646 0.180371 0.17924
BD_Bspro_t
 0.934523 0.686187 0.597719 0.411669 0.598347 0.773537 0.724805 0.736843 0.690528 0.679847 0.674491 0.524925 0.409202 0.301709 0.184496 0.191492 0.288652 0.435451 0.53605 0.617569 0.742785 0.820465 0.822156 0.814612 0.794771
BD_Bspro
 0.685624 0.35274 0.365389 0.353851 0.448617 0.800974 1.15432 1.39653 1.28566 1.48887 1.63358 1.17624 0.719416 0.380538 0.174303 0.145481 0.174467 0.233304 0.277221 0.307125 0.499018 0.610574 0.741552 0.970904 1.24518
BD_Bo
 0.558607 0.287392 0.297698 0.288298 0.365508 0.652588 0.940475 1.13781 1.04749 1.21304 1.33095 0.958335 0.586139 0.31004 0.142012 0.11853 0.142146 0.190083 0.225864 0.250228 0.406571 0.497461 0.604174 0.791037 1.0145
BD_Brms
 1.91333 0.984367 1.01967 0.987469 1.25193 2.23522 3.22129 3.89719 3.58782 4.15489 4.55873 3.28246 2.00763 1.06194 0.486417 0.405984 0.486873 0.651066 0.773622 0.857074 1.39258 1.70389 2.0694 2.70944 3.47484
S_f
 0.169088 1 1 1 1
 0.169088 1 1 1 1
 0.169088 1 1 1 1
 0.169088 1 1 1 1
 0.169088 1 1 1 1
 0.169088 1 1 1 1
 0.169088 1 1 1 1
 0.169088 1 1 1 1
 0.169088 1 1 1 1
 0.169088 1 1 1 1
 0.169088 1 1 1 1
 0.169088 1 1 1 1
 0.169088 1 1 1 1
 0.169088 1 1 1 1
 0.169088 1 1 1 1
 0.169088 1 1 1 1
 0.169088 1 1 1 1
 0.169088 1 1 1 1
 0.169088 1 1 1 1
 0.169088 1 1 1 1
 0.169088 1 1 1 1
 0.169088 1 1 1 1
 0.169088 1 1 1 1
 0.169088 1 1 1 1
 0.169088 1 1 1 1
Scru_reclas
 1 1 1 1 1
 1 1 1 1 1
 1 1 1 1 1
 1 1 1 1 1
 1 1 1 1 1
 1 1 1 1 1
 1 1 1 1 1
 1 1 1 1 1
 1 1 1 1 1
 1 1 1 1 1
 1 1 1 1 1
 1 1 1 1 1
 1 1 1 1 1
 1 1 1 1 1
 1 1 1 1 1
 1 1 1 1 1
 1 1 1 1 1
 1 1 1 1 1
 1 1 1 1 1
 1 1 1 1 1
 1 1 1 1 1
 1 1 1 1 1
 1 1 1 1 1
 1 1 1 1 1
 1 1 1 1 1
Scru_pelaces
 1 1 1 1 1
 1 1 1 1 1
 1 1 1 1 1
 1 1 1 1 1
 1 1 1 1 1
 1 1 1 1 1
 1 1 1 1 1
 1 1 1 1 1
 1 1 1 1 1
 1 1 1 1 1
 1 1 1 1 1
 1 1 1 1 1
 1 1 1 1 1
 1 1 1 1 1
 1 1 1 1 1
 1 1 1 1 1
 1 1 1 1 1
 1 1 1 1 1
 1 1 1 1 1
 1 1 1 1 1
 1 1 1 1 1
 1 1 1 1 1
 1 1 1 1 1
 1 1 1 1 1
 1 1 1 1 1
pf_obs 
 0.256992 0.487395 0.22802 0.0275931 0
 0.321318 0.546541 0.124235 0.00734118 0.000564706
 0.182869 0.594174 0.210203 0.0122559 0.00049798
 0.330522 0.361315 0.267642 0.0388342 0.00168674
 0.649043 0.306663 0.0425973 0.00169635 0
 0.582887 0.30429 0.105238 0.00758474 0
 0.465427 0.430635 0.0974691 0.00646863 0
 0.296916 0.608066 0.0921331 0.00288517 0
 0.311714 0.524322 0.152257 0.0117073 0
 0.15457 0.633149 0.183074 0.0267441 0.00246327
 0.131901 0.49318 0.331252 0.0422183 0.00144891
 0.196976 0.569456 0.194076 0.0375587 0.00193317
 0.518974 0.381816 0.0799577 0.0180837 0.00116848
 0.0928022 0.601141 0.25162 0.0475244 0.00691264
 0.122501 0.610282 0.24278 0.0234846 0.000952079
 0.383417 0.481906 0.127806 0.00687128 0
 0.0376549 0.599619 0.316969 0.0457579 0
 0.0361596 0.667082 0.258105 0.0386534 0
 0.158088 0.579412 0.248529 0.0139706 0
 0.0477256 0.309471 0.559284 0.082774 0.000745712
 0.0406174 0.521527 0.379366 0.0568643 0.0016247
 0.151134 0.462217 0.34131 0.0453401 0
 0.294876 0.26143 0.354403 0.0886775 0.000613685
 0.281977 0.475581 0.204845 0.0348837 0.00271318
 0 0 0 0 0
pf_pred 
 0.25256 0.519749 0.202816 0.0248647 1.00509e-05
 0.305849 0.498936 0.135747 0.0529711 0.00649674
 0.155287 0.652143 0.138414 0.0376586 0.0164974
 0.363155 0.406362 0.17794 0.0377667 0.0147767
 0.336004 0.52391 0.0893869 0.0391412 0.0115579
 0.153984 0.636684 0.165168 0.0281802 0.0159834
 0.277076 0.401262 0.242072 0.0627983 0.0167914
 0.236458 0.545192 0.121196 0.073115 0.0240391
 0.28926 0.489102 0.158256 0.0351803 0.0282014
 0.261065 0.550647 0.129572 0.0419249 0.016791
 0.110313 0.626514 0.196114 0.0461475 0.0209118
 0.104787 0.430421 0.327304 0.102454 0.0350332
 0.200679 0.368618 0.207083 0.157472 0.0661478
 0.167791 0.564869 0.123288 0.0692608 0.0747916
 0.244682 0.525373 0.156077 0.0340652 0.0398027
 0.315868 0.538139 0.101547 0.0301677 0.0142777
 0.203306 0.62009 0.138917 0.0262138 0.0114733
 0.214785 0.505499 0.217711 0.0487731 0.0132317
 0.210904 0.51074 0.179198 0.0771778 0.0219805
 0.346731 0.41714 0.152833 0.053623 0.029672
 0.261233 0.575676 0.104141 0.0381554 0.0207949
 0.228802 0.53016 0.187826 0.033978 0.0192337
 0.258048 0.483397 0.177744 0.0629712 0.0178399
 0.217723 0.539833 0.157957 0.0580804 0.0264063
 0.0408535 0.615591 0.23708 0.0693706 0.0371043
pobs_RECLAS
 0 0 0 0 0
 0 0 0 0 0
 0 0 0 0 0
 0 0 0 0 0
 0.835266 0.146461 0.0176864 0.000547809 3.91292e-05
 0.385257 0.428462 0.181853 0.0044286 0
 0.867414 0.0963971 0.0333333 0.00285562 0
 0.441836 0.489002 0.0689373 0.000224442 0
 0.779404 0.147425 0.0564933 0.0165055 0.000172143
 0.814271 0.122319 0.05973 0.00367925 0
 0.40263 0.566651 0.0304383 0.000280538 0
 0.475488 0.404961 0.113038 0.00651328 0
 0.955842 0.0263864 0.0167828 0.000988607 0
 0.975058 0.0227948 0.00214734 0 0
 0.738997 0.206755 0.0527124 0.00153531 0
 0.850938 0.134255 0.0134407 0.00136685 0
 0.542534 0.407297 0.0501686 0 0
 0.764087 0.199537 0.0359546 0.000420521 0
 0.470689 0.182191 0.310203 0.0369168 0
 0.84361 0.089868 0.0606195 0.00523954 0.000663233
 0.607945 0.314616 0.071237 0.00620181 0
 0.523733 0.453247 0.0230204 0 0
 0.530135 0.295979 0.169645 0.0042399 0
 0.562478 0.366248 0.0663022 0.0049721 0
 0.250443 0.683176 0.0655157 0.000865301 0
ppred_RECLAS
 0.674124 0.226605 0.0884258 0.0108408 4.3821e-06
 0.730098 0.193998 0.0527816 0.0205964 0.00252608
 0.541358 0.354085 0.0751525 0.020447 0.00895738
 0.773478 0.144541 0.0632922 0.0134334 0.00525599
 0.749867 0.197361 0.0336728 0.0147448 0.00435396
 0.523063 0.358927 0.0931128 0.0158864 0.00901059
 0.69632 0.168559 0.101688 0.0263798 0.00705358
 0.65244 0.248168 0.0551679 0.0332815 0.0109425
 0.71184 0.1983 0.0641627 0.0142634 0.0114339
 0.679851 0.238572 0.0561382 0.0181643 0.00727483
 0.430986 0.400697 0.125428 0.0295144 0.0133745
 0.416058 0.280761 0.213499 0.0668304 0.022852
 0.610579 0.179587 0.100889 0.0767188 0.0322265
 0.574015 0.289141 0.0631075 0.0354527 0.0382838
 0.684274 0.219608 0.0652409 0.0142394 0.0166377
 0.738853 0.205418 0.0387627 0.0115156 0.00545007
 0.607124 0.305786 0.0685044 0.0129269 0.00565783
 0.621651 0.24357 0.104902 0.0235009 0.0063756
 0.615699 0.248738 0.0872719 0.0375867 0.0107048
 0.761011 0.152605 0.0559119 0.0196172 0.0108551
 0.677741 0.251117 0.0454273 0.0166438 0.00907097
 0.638643 0.248415 0.0880088 0.0159209 0.00901227
 0.674899 0.21181 0.077882 0.0275921 0.00781694
 0.624408 0.259188 0.0758395 0.027886 0.0126784
 0.202808 0.511647 0.197049 0.0576572 0.0308391
pobs_PELACES
 0 0 0 0 0
 0 0 0 0 0
 0 0 0 0 0
 0 0 0 0 0
 0 0 0 0 0
 0 0 0 0 0
 0 0 0 0 0
 0 0 0 0 0
 0 0 0 0 0
 0 0 0 0 0
 0.450072 0.473896 0.0757376 0.000293798 0
 0 0 0 0 0
 0.463077 0.371075 0.160297 0.00555027 0
 0.529543 0.364841 0.0842815 0.0213345 0
 0.631943 0.363953 0.00410389 0 0
 0.735681 0.248677 0.0153453 0.000297389 0
 0.695825 0.281241 0.0229344 0 0
 0.275771 0.60734 0.115278 0.00161068 0
 0 0 0 0 0
 0.896147 0.0623911 0.0374545 0.00400742 0
 0.803859 0.145111 0.0509908 3.86294e-05 0
 0.739449 0.233085 0.0266225 0.000797448 4.60066e-05
 0.878498 0.100942 0.0204185 0.000141795 0
 0.694673 0.275183 0.0284847 0.00165964 0
 0 0 0 0 0
ppred_PELACES
 0.704011 0.205822 0.0803158 0.00984651 3.9802e-06
 0.758306 0.173723 0.0472654 0.0184439 0.00226208
 0.606026 0.304159 0.0645561 0.017564 0.0076944
 0.783829 0.137936 0.0604 0.0128196 0.00501581
 0.751652 0.195953 0.0334326 0.0146396 0.0043229
 0.544215 0.343009 0.0889832 0.0151819 0.00861097
 0.708078 0.162032 0.0977505 0.0253584 0.00678047
 0.676238 0.231176 0.0513905 0.0310027 0.0101932
 0.734141 0.182953 0.0591971 0.0131595 0.010549
 0.696039 0.226509 0.0532996 0.0172458 0.00690699
 0.463772 0.37761 0.118201 0.0278138 0.0126039
 0.445718 0.2665 0.202655 0.0634359 0.0216913
 0.656253 0.158523 0.0890557 0.0677206 0.0284467
 0.656276 0.233306 0.050921 0.0286065 0.0308909
 0.754729 0.170602 0.0506823 0.0110618 0.012925
 0.765404 0.184534 0.0348218 0.0103448 0.00489597
 0.631475 0.286833 0.0642584 0.0121256 0.00530715
 0.63863 0.23264 0.100194 0.0224462 0.00608948
 0.63084 0.238938 0.0838334 0.0361058 0.0102831
 0.773155 0.14485 0.0530707 0.0186203 0.0103035
 0.684167 0.246109 0.0445215 0.0163119 0.0088901
 0.647166 0.242556 0.085933 0.0155454 0.0087997
 0.684962 0.205254 0.0754713 0.0267381 0.00757498
 0.635933 0.251235 0.0735122 0.0270302 0.0122893
 0.210871 0.506472 0.195056 0.0570741 0.0305272
pobs_pel_tallas
 0 0 0 0 0 0 0 0 0 0 0 0 0 0 0 0 0 0 0 0 0 0 0 0 0 0 0 0 0 0 0 0 0 0 0 0
 0 0 0 0 0 0 0 0 0 0 0 0 0 0 0 0 0 0 0 0 0 0 0 0 0 0 0 0 0 0 0 0 0 0 0 0
 0 0 0 0 0 0 0 0 0 0 0 0 0 0 0 0 0 0 0 0 0 0 0 0 0 0 0 0 0 0 0 0 0 0 0 0
 0 0 0 0 0 0 0 0 0 0 0 0 0 0 0 0 0 0 0 0 0 0 0 0 0 0 0 0 0 0 0 0 0 0 0 0
 0 0 0 0 0 0 0 0 0 0 0 0 0 0 0 0 0 0 0 0 0 0 0 0 0 0 0 0 0 0 0 0 0 0 0 0
 0 0 0 0 0 0 0 0 0 0 0 0 0 0 0 0 0 0 0 0 0 0 0 0 0 0 0 0 0 0 0 0 0 0 0 0
 0 0 0 0 0 0 0 0 0 0 0 0 0 0 0 0 0 0 0 0 0 0 0 0 0 0 0 0 0 0 0 0 0 0 0 0
 0 0 0 0 0 0 0 0 0 0 0 0 0 0 0 0 0 0 0 0 0 0 0 0 0 0 0 0 0 0 0 0 0 0 0 0
 0 0 0 0 0 0 0 0 0 0 0 0 0 0 0 0 0 0 0 0 0 0 0 0 0 0 0 0 0 0 0 0 0 0 0 0
 0 0 0 0 0 0 0 0 0 0 0 0 0 0 0 0 0 0 0 0 0 0 0 0 0 0 0 0 0 0 0 0 0 0 0 0
 0 0 0 0 0 0 0 0 1.78061e-05 0.00172719 0.00360574 0.0105946 0.0120993 0.0124554 0.0147524 0.0171206 0.0266825 0.0428682 0.0675386 0.121331 0.153587 0.119568 0.100827 0.0573624 0.0630603 0.0341343 0.0324427 0.0444173 0.0211091 0.0280891 0.0125444 0.00206551 0 0 0 0
 0 0 0 0 0 0 0 0 0 0 0 0 0 0 0 0 0 0 0 0 0 0 0 0 0 0 0 0 0 0 0 0 0 0 0 0
 0 0 0 0 0 0 0.0133647 0.0140871 0.0187388 0.0205184 0.03894 0.0496705 0.03968 0.0493445 0.0407372 0.0367815 0.0215668 0.0243155 0.0234873 0.0199281 0.019796 0.0243948 0.0301388 0.0376714 0.0412746 0.0863199 0.0771752 0.113111 0.0741005 0.0525337 0.0229764 0.00759418 0.00175318 0 0 0
 0 0 0 0 0 0 0 0 0 0 0.00219441 0.00772107 0.0458388 0.0604681 0.0671733 0.0775358 0.0609151 0.0617685 0.073594 0.0568108 0.0755445 0.0548602 0.0670107 0.0636378 0.0643287 0.046367 0.0373049 0.0286899 0.0247887 0.0153202 0.00654259 0.00121912 0.000365735 0 0 0
 0 0 0 0 0 0 0 0 0 0 0 0 0.000112435 0.00938835 0.0111873 0.0202946 0.0414886 0.0713402 0.111592 0.104902 0.108894 0.110636 0.117776 0.105296 0.107544 0.0401394 0.0192827 0.0124803 0.00416011 0.0028671 0.000618394 0 0 0 0 0
 0 0 0 0 0 0 0 0 0 0 0.00291406 0.0102884 0.027416 0.0768956 0.0749926 0.110853 0.0956884 0.0897413 0.0766577 0.0534642 0.0500743 0.0551293 0.0594112 0.0620874 0.0668451 0.0424026 0.0208742 0.0120726 0.0048766 0.00582813 0.00118941 0.000297354 0 0 0 0
 0 0.00264628 0.0354308 0.0461629 0.0458689 0.0383711 0.0214643 0.0164657 0.0346957 0.0420465 0.0363128 0.0245516 0.0311673 0.0291091 0.0169068 0.0133784 0.00837989 0.0085269 0.0148486 0.0160247 0.0276389 0.0546898 0.0760071 0.122758 0.109233 0.0665981 0.0333725 0.0166128 0.00676272 0.00308733 0.000882094 0 0 0 0 0
 0 0 0 0 0 0 0 0.000805153 0.000690131 0.00759144 0.0133425 0.0154129 0.00931677 0.000345066 0.00356568 0.00563607 0.00851162 0.0253048 0.0502646 0.0516448 0.0657925 0.0565908 0.0611916 0.0827007 0.0866115 0.110766 0.145733 0.0935128 0.0569358 0.0249597 0.0138026 0.00621118 0.00161031 0.00115022 0 0
 0 0 0 0 0 0 0 0 0 0 0 0 0 0 0 0 0 0 0 0 0 0 0 0 0 0 0 0 0 0 0 0 0 0 0 0
 0.00147267 0.00158595 0.00478618 0.00569244 0.00954404 0.0108468 0.00647125 0.017049 0.0510054 0.094081 0.124002 0.0959785 0.0687766 0.0820023 0.061753 0.0591476 0.0492212 0.0479892 0.0443925 0.0268479 0.0217502 0.0140895 0.0121071 0.0120363 0.00920419 0.00665534 0.0049561 0.00860946 0.00930331 0.0156896 0.0114698 0.00855282 0.00243557 0.00046729 0 2.83206e-05
 0 0 0 0 0.000772559 0.00158375 0.000888443 0.00281984 0.00712685 0.0440552 0.0773331 0.111326 0.0921469 0.0852325 0.0710754 0.0886704 0.0786465 0.0553345 0.0373146 0.0185414 0.00753245 0.00457741 0.012979 0.0271748 0.0457355 0.0583668 0.034881 0.0177882 0.00938659 0.00492506 0.0015258 0.00185414 0.000309023 5.79419e-05 3.86279e-05 0
 0 0.00173294 0.00326652 0 0.00397197 0.00683976 0.00946217 0.0152591 0.00757587 0.0136028 0.0228656 0.0392903 0.0559909 0.0764795 0.0681675 0.0726916 0.0566044 0.0477403 0.0527397 0.0444891 0.0609904 0.0582453 0.0661739 0.0445044 0.0529084 0.0360697 0.0280645 0.0235558 0.0158879 0.00826598 0.00280645 0.00217768 0.000904811 0.00058276 9.20147e-05 0
 0 0 0 0 0 0 0 0 0 0 0 0 0 0 0 0 0 0 0 0 0 0 0 0 0 0 0 0 0 0 0 0 0 0 0 0
 0 0 0 0 0 0 0 0 0 0 0 0 0 0 0 0 0 0 0 0 0 0 0 0 0 0 0 0 0 0 0 0 0 0 0 0
 0 0 0 0 0 0 0 0 0 0 0 0 0 0 0 0 0 0 0 0 0 0 0 0 0 0 0 0 0 0 0 0 0 0 0 0
ppred_pel_tallas
 1.01546e-16 3.07194e-05 0.000180292 0.000857012 0.00329952 0.0102892 0.0259898 0.053179 0.0881515 0.118389 0.128842 0.113675 0.0814303 0.0476408 0.0233413 0.0106591 0.00626483 0.00622829 0.00813304 0.0108948 0.0140264 0.0171841 0.0200274 0.0222333 0.023555 0.023874 0.0232216 0.0217593 0.0197306 0.0173989 0.0149948 0.0126845 0.0105642 0.00867338 0.00701606 0.00558054
 1.01468e-16 3.30854e-05 0.000194186 0.000923073 0.00355389 0.0110825 0.0279934 0.0572783 0.0949451 0.127509 0.138754 0.122391 0.0876096 0.0511265 0.0248067 0.0109176 0.00584815 0.00534543 0.00680012 0.00905824 0.0116338 0.0142189 0.0165249 0.0182832 0.0192934 0.019466 0.0188392 0.017561 0.0158458 0.0139204 0.0119777 0.0101504 0.0085071 0.00706569 0.00581403 0.00472915
 1.01979e-16 2.64507e-05 0.000155222 0.000737807 0.00284052 0.00885783 0.0223744 0.0457822 0.0758941 0.101939 0.110969 0.0979776 0.070342 0.0414685 0.0209037 0.0105344 0.00754825 0.00859839 0.0116042 0.0155771 0.0199798 0.0243436 0.0281743 0.0310056 0.0324942 0.032497 0.0311 0.0285853 0.0253525 0.0218203 0.0183423 0.0151583 0.0123864 0.0100469 0.00809992 0.00648278
 1.01578e-16 3.4197e-05 0.000200715 0.000954119 0.00367343 0.0114553 0.0289351 0.0592047 0.0981371 0.131792 0.143406 0.126471 0.0904806 0.0527019 0.0253848 0.0108557 0.00536595 0.00450966 0.0055923 0.00744182 0.00959713 0.0117987 0.0138148 0.0154285 0.0164721 0.0168609 0.016607 0.0158071 0.0146113 0.0131829 0.0116649 0.0101603 0.00873018 0.00740224 0.00618531 0.00508139
 1.01244e-16 3.27962e-05 0.000192485 0.000914986 0.00352274 0.0109853 0.0277481 0.0567765 0.0941139 0.126394 0.137547 0.121338 0.0868831 0.0507565 0.0247277 0.0110528 0.00616021 0.00583828 0.00749687 0.00997785 0.0127736 0.0155435 0.0179626 0.019731 0.0206304 0.0205729 0.0196194 0.0179574 0.015849 0.0135676 0.011342 0.00932546 0.00759027 0.00614396 0.00495488 0.0039767
 1.02299e-16 2.3757e-05 0.000139404 0.0006626 0.00255094 0.00795477 0.0200934 0.0411154 0.0681601 0.0915573 0.0996856 0.0880563 0.0633096 0.0375049 0.0192434 0.0102528 0.00804149 0.00962928 0.0131537 0.0177036 0.0227372 0.027742 0.0321632 0.035472 0.0372754 0.037403 0.0359407 0.0331949 0.0296057 0.0256378 0.0216873 0.018027 0.0147978 0.0120332 0.00970118 0.00774326
 1.02629e-16 3.08949e-05 0.000181326 0.00086194 0.00331851 0.0103485 0.0261394 0.0534847 0.088657 0.119064 0.129567 0.114291 0.0818209 0.0477673 0.0232141 0.0102845 0.00561528 0.00524679 0.00675653 0.00908242 0.0117856 0.0145902 0.0172309 0.0194507 0.0210423 0.021888 0.0219767 0.0213919 0.0202788 0.0188019 0.0171094 0.0153141 0.0134914 0.0116895 0.00994291 0.00828312
 1.02347e-16 2.95092e-05 0.000173185 0.000823221 0.00316941 0.00988348 0.024965 0.0510822 0.0846768 0.113726 0.123774 0.109222 0.0782798 0.0458771 0.0226249 0.0105803 0.00655801 0.00679106 0.00895675 0.0119982 0.0154164 0.0188379 0.0218871 0.0242114 0.0255488 0.0257858 0.0249782 0.0233265 0.0211171 0.018649 0.0161727 0.0138554 0.0117774 0.00995134 0.00835189 0.00694263
 1.01846e-16 3.20321e-05 0.000188001 0.000893669 0.00344067 0.0107294 0.0271016 0.0554536 0.091921 0.123449 0.13434 0.118507 0.0848498 0.0495571 0.0241227 0.0107494 0.00594944 0.00561255 0.00721566 0.00963873 0.0124009 0.0151867 0.0176941 0.0196396 0.0208092 0.0211038 0.0205565 0.0193149 0.0175964 0.0156323 0.0136204 0.011698 0.00993807 0.00836298 0.00696581 0.00572941
 1.01746e-16 3.03725e-05 0.000178253 0.000847318 0.00326219 0.0101728 0.0256958 0.0525775 0.0871551 0.117053 0.127393 0.112408 0.0805477 0.0471751 0.0232069 0.0107544 0.0065329 0.00665982 0.00874195 0.0116933 0.0150073 0.0183114 0.0212341 0.0234272 0.0246329 0.0247409 0.023809 0.02204 0.0197231 0.0171623 0.0146146 0.0122548 0.0101701 0.00837768 0.00685314 0.00555658
 1.03346e-16 2.02508e-05 0.000118816 0.000564715 0.00217404 0.00677942 0.0171246 0.0350414 0.0580934 0.0780433 0.0849936 0.0751299 0.0541284 0.0322924 0.016987 0.00972708 0.00843256 0.0105979 0.0146472 0.0197796 0.0254665 0.031164 0.0362673 0.0401934 0.0425019 0.0429907 0.0417335 0.0390418 0.0353729 0.0312131 0.0269791 0.0229608 0.0193132 0.0160835 0.0132551 0.0107877
 1.06157e-16 1.94592e-05 0.000114179 0.00054269 0.00208928 0.00651512 0.0164568 0.0336744 0.0558246 0.0749879 0.0816466 0.0721251 0.0518632 0.0307412 0.0158095 0.00849397 0.00677209 0.00823111 0.0113851 0.0155381 0.0203034 0.025316 0.030161 0.0344152 0.0377227 0.0398596 0.0407638 0.0405187 0.039305 0.037339 0.0348222 0.031916 0.0287426 0.0254008 0.0219854 0.018598
 1.04973e-16 2.86349e-05 0.000168058 0.000798864 0.00307565 0.00959112 0.0242264 0.0495706 0.0821693 0.110353 0.12009 0.105938 0.0758562 0.0443159 0.0215953 0.00966938 0.00542962 0.00521584 0.00679227 0.00918274 0.0119863 0.0149498 0.0178269 0.0203754 0.0223961 0.0237688 0.0244665 0.0245433 0.0241029 0.0232598 0.0221105 0.0207205 0.0191293 0.0173652 0.0154622 0.01347
 1.03226e-16 2.86388e-05 0.000168075 0.000798927 0.00307587 0.00959179 0.0242282 0.0495747 0.0821782 0.110371 0.120125 0.106007 0.0759885 0.0445593 0.022022 0.0103776 0.0065404 0.00685909 0.00908226 0.0121838 0.0156751 0.0191856 0.0223408 0.0247878 0.0262644 0.0266558 0.0260153 0.0245392 0.0225065 0.020207 0.0178793 0.0156783 0.0136727 0.0118669 0.0102317 0.00873243
 1.0176e-16 3.29294e-05 0.00019327 0.000918719 0.00353712 0.0110302 0.0278614 0.0570081 0.0944971 0.126907 0.138099 0.121812 0.087193 0.050879 0.0246788 0.0108482 0.00579306 0.00528075 0.00671539 0.00895081 0.0115069 0.0140816 0.0163924 0.0181759 0.0192344 0.0194781 0.0189414 0.0177653 0.0161555 0.0143295 0.0124719 0.0107094 0.00910708 0.00768192 0.00642306 0.00531052
 1.01139e-16 3.33954e-05 0.000196004 0.000931717 0.00358716 0.0111862 0.0282556 0.0578147 0.0958344 0.128704 0.140056 0.123543 0.0884434 0.0516305 0.0250834 0.0110929 0.0060155 0.00555802 0.00708269 0.00941631 0.0120555 0.0146734 0.0169626 0.0186396 0.0194978 0.0194529 0.0185608 0.0169965 0.0150062 0.012847 0.0107353 0.0088168 0.00716169 0.00577936 0.00464201 0.00370756
 1.01671e-16 2.75597e-05 0.000161734 0.000768772 0.00295975 0.00922964 0.0233135 0.0477036 0.0790783 0.106213 0.115615 0.102062 0.0732361 0.0430982 0.0215836 0.0106445 0.00733686 0.00816323 0.010954 0.0146905 0.0188386 0.0229492 0.026554 0.0292118 0.0305974 0.0305748 0.0292244 0.0268128 0.0237181 0.0203379 0.0170094 0.0139629 0.0113143 0.00908599 0.00724278 0.00572599
 1.02554e-16 2.78696e-05 0.000163558 0.000777454 0.00299319 0.00933395 0.0235769 0.0482422 0.0799696 0.107405 0.1169 0.103167 0.0739653 0.043399 0.0214979 0.0102158 0.00655705 0.00697676 0.00929123 0.0125065 0.0161475 0.0198472 0.0232277 0.025925 0.0276568 0.0282813 0.0278204 0.0264395 0.0243938 0.021961 0.0193841 0.0168383 0.0144271 0.012197 0.010162 0.00832382
 1.0299e-16 2.75301e-05 0.000161565 0.000767975 0.0029567 0.00922014 0.0232894 0.0476541 0.0789949 0.106097 0.115478 0.101917 0.0730792 0.0428997 0.0212887 0.0101796 0.00661642 0.0070993 0.0094704 0.0127436 0.0164411 0.0201897 0.0236041 0.0263157 0.0280421 0.0286464 0.0281605 0.0267621 0.0247179 0.0223127 0.0197902 0.0173196 0.0149923 0.0128408 0.0108654 0.00905773
 1.01922e-16 3.37318e-05 0.000197983 0.000941132 0.00362343 0.0112993 0.0285412 0.0583988 0.0968015 0.129999 0.141457 0.124757 0.0892652 0.0520154 0.0250942 0.0108001 0.00543901 0.00466765 0.00582818 0.00776106 0.010004 0.0122904 0.0143794 0.0160464 0.0171197 0.0175151 0.0172507 0.0164321 0.0152191 0.0137826 0.0122685 0.0107784 0.00936736 0.00805529 0.00684318 0.00572728
 1.01689e-16 2.98556e-05 0.000175217 0.000832879 0.00320659 0.00999942 0.0252578 0.0516816 0.0856707 0.115061 0.125231 0.110512 0.0792173 0.0464515 0.0229541 0.0108098 0.00679879 0.00710978 0.00938846 0.0125551 0.0160881 0.0195878 0.0226514 0.0249028 0.0260673 0.0260332 0.0248749 0.0228253 0.020211 0.0173726 0.0145955 0.0120706 0.00988834 0.00805873 0.00654332 0.00528591
 1.02245e-16 2.82421e-05 0.000165745 0.000787846 0.0030332 0.00945872 0.0238921 0.0488872 0.0810388 0.108842 0.118465 0.10455 0.0749626 0.043995 0.0218128 0.0103967 0.00671154 0.00716312 0.00953423 0.0128099 0.0164976 0.0202126 0.0235597 0.0261617 0.027732 0.0281349 0.0274107 0.0257515 0.0234436 0.0207941 0.0180676 0.0154512 0.0130482 0.0108955 0.00899009 0.00731418
 1.02411e-16 2.98886e-05 0.000175415 0.000833827 0.00321025 0.0100108 0.0252867 0.0517403 0.0857668 0.115187 0.125359 0.110605 0.0792388 0.0463742 0.0227499 0.010439 0.00620588 0.00623047 0.00816474 0.0109555 0.0141285 0.0173473 0.0202776 0.0226009 0.0240731 0.0245756 0.0241349 0.0229035 0.0211113 0.0190051 0.0167971 0.0146363 0.0126052 0.0107349 0.00902776 0.00747758
 1.02629e-16 2.77526e-05 0.00016287 0.00077418 0.00298058 0.00929462 0.0234776 0.0480391 0.0796334 0.106955 0.116415 0.102748 0.0736855 0.0432763 0.0215135 0.010349 0.00680505 0.00735342 0.00981498 0.0131868 0.0169735 0.0207807 0.0242022 0.0268514 0.0284372 0.0288267 0.0280687 0.0263688 0.0240269 0.0213604 0.0186387 0.0160464 0.0136787 0.011561 0.00967926 0.0080067
 1.06322e-16 9.22847e-06 5.40932e-05 0.000256988 0.00098917 0.00308441 0.00779149 0.0159462 0.026447 0.0355611 0.0388123 0.0345083 0.0252985 0.015969 0.0100055 0.00826023 0.00995332 0.014073 0.0199397 0.027086 0.0350005 0.0430098 0.0503182 0.0561437 0.0598825 0.0612369 0.0602662 0.057339 0.0530143 0.0478935 0.0424942 0.0371806 0.0321554 0.0274974 0.0232172 0.0193052
pSPR Fmed_Fpbrs
0.624279   0.341956 0.341956
Fs Fmed_Fpbrs
0.31704   1.005 1.005
SSBpbr Bo_Bmed_Bpbrs
1.05667e+06  606826  308502 308502
Ro
41772.8
SPR SPRFo_SPRFmed_SPRFpbrs
860917 537452 294396
log_Ro
10.46
likeval ReclasPelacesDesembMPH_pf_preclas_ppelaces_ptallas_desvR_qrecl_qpela
 70.8555 38.7194 0.00474865 0.000981948 285.311 193.736 70.2517 0 17.151 4.52961e-05 0 0 0 0 0
q_reclas_q_pelaces
0.385312 1
M
0.7
N
 34164.7 14189.1 5536.85 678.803 0.274389
 46794.6 15566.5 4235.23 1652.67 202.695
 21706.5 21206.8 4501.03 1224.61 536.474
 44729.5 9155.04 4008.85 850.857 332.908
 80158.3 21404.3 3651.9 1599.11 472.198
 50699 39572 10265.8 1751.49 993.424
 90632.3 23890.7 14412.7 3738.93 999.738
 97222.3 43472.7 9664 5830.08 1916.84
 137066 45203.3 14626.2 3251.4 2606.4
 161532 63546.3 14953 4838.26 1937.73
 67360.7 76569.1 23968 5639.9 2555.73
 38025.5 30822.8 23438.6 7336.85 2508.76
 44215.3 17525.3 9845.43 7486.75 3144.89
 22768.5 19446.2 4244.31 2384.38 2574.78
 16708.6 9120.1 2709.39 591.348 690.946
 19373.2 6684.4 1261.35 374.722 177.348
 14959.1 8811.04 1973.91 372.479 163.027
 15929.7 6969.98 3001.87 672.499 182.444
 16977.7 7562.91 2653.52 1142.83 325.482
 36449.1 8102.14 2968.49 1041.52 576.322
 44791.8 17356.9 3139.89 1150.41 626.977
 53078.8 21840.9 7737.84 1399.78 792.369
 76530.5 25761.5 9472.44 3355.91 950.739
 82556.7 36935.5 10807.5 3973.87 1806.72
 14631.1 39765 15314.5 4481.09 2396.8
pred_Ctot
 2036.43 4190.82 1635.34 200.488 0.0810422
 2956.48 4822.96 1312.2 512.044 62.8006
 2374.31 9971.13 2116.32 575.793 252.242
 1172.21 1311.67 574.362 121.905 47.6969
 338.122 527.211 89.9501 39.3878 11.6307
 1867.69 7722.4 2003.34 341.8 193.865
 2225.92 3223.58 1944.71 504.496 134.895
 4471.5 10309.7 2291.86 1382.63 454.587
 6569.96 11109 3594.46 799.049 640.538
 5293.17 11164.5 2627.12 850.04 340.443
 3823.25 21713.9 6796.97 1599.39 724.767
 1974.56 8110.63 6167.56 1930.6 660.149
 3661.21 6725.13 3778.06 2872.95 1206.81
 3205.86 10792.5 2355.56 1323.31 1428.99
 2364.98 5078 1508.57 329.258 384.714
 1178.16 2007.22 378.765 112.523 53.2547
 666.443 2032.68 455.375 85.9297 37.6097
 504.654 1187.71 511.528 114.596 31.089
 477.147 1155.49 405.415 174.606 49.7284
 1078.83 1297.91 475.532 166.845 92.3227
 582.834 1284.38 232.347 85.128 46.3952
 865.153 2004.66 710.213 128.479 72.7272
 1549.85 2903.31 1067.54 378.208 107.148
 1786.57 4429.71 1296.15 476.59 216.682
 314.665 4741.45 1826.06 534.311 285.787
F
 0.0860717 0.509035 0.509035 0.509035 0.509035
 0.0914457 0.540817 0.540817 0.540817 0.540817
 0.163308 0.965817 0.965817 0.965817 0.965817
 0.03704 0.219057 0.219057 0.219057 0.219057
 0.00588065 0.0347786 0.0347786 0.0347786 0.0347786
 0.0524195 0.310013 0.310013 0.310013 0.310013
 0.0346765 0.205079 0.205079 0.205079 0.205079
 0.0658299 0.389323 0.389323 0.389323 0.389323
 0.068693 0.406256 0.406256 0.406256 0.406256
 0.0465075 0.275049 0.275049 0.275049 0.275049
 0.0818066 0.48381 0.48381 0.48381 0.48381
 0.0746099 0.441249 0.441249 0.441249 0.441249
 0.121417 0.718069 0.718069 0.718069 0.718069
 0.214899 1.27093 1.27093 1.27093 1.27093
 0.216144 1.27829 1.27829 1.27829 1.27829
 0.0878853 0.51976 0.51976 0.51976 0.51976
 0.0637075 0.376771 0.376771 0.376771 0.376771
 0.0449313 0.265727 0.265727 0.265727 0.265727
 0.0397699 0.235202 0.235202 0.235202 0.235202
 0.0419236 0.247939 0.247939 0.247939 0.247939
 0.0182396 0.10787 0.10787 0.10787 0.10787
 0.0228945 0.1354 0.1354 0.1354 0.1354
 0.028516 0.168646 0.168646 0.168646 0.168646
 0.0304985 0.180371 0.180371 0.180371 0.180371
 0.0303074 0.17924 0.17924 0.17924 0.17924
nmprior
 10 11 7 0
nm_flota  nm_reclas  nm_pelaces    nm_pelaL
inf 17.5977 19.6254 35.5945
cv_recla  cv_pelaces  cv_mph
0.761398 0.732199 1.01668
 ------------------------------------------------
Talla a la edad & desviación 
 7.2 14.2025 17.0495 18.207 18.6776
 1.08 2.13037 2.55742 2.73105 2.80164
