years
 1997 1998 1999 2000 2001 2002 2003 2004 2005 2006 2007 2008 2009 2010 2011 2012 2013 2014 2015 2016 2017 2018 2019 2020 2021
reclasobs
 0 0 0 370054 412103 1.49427e+06 250295 1.28982e+06 931140 785840 897777 1.04006e+06 184774 17550 25797 100020 73551 82996 120727 218422 84188 347160 605670 569463 516374
reclaspred
 527654 110836 190274 139005 275600 301984 670375 502660 684664 876412 734066 489752 308986 135829 87026.2 84099.8 98839.4 123534 117325 188105 297659 264877 415025 434552 356025
pelacesobs
 0 0 0 0 0 0 0 0 0 2.06254e+06 1.5e+06 0 1.87456e+06 323000 250000 174000 83755 137374 0 501740 490994 745055 786931 1.00524e+06 0
pelacespred
 681573 161996 137778 172392 308167 270051 759442 618965 809727 1.02975e+06 784727 545032 345758 122795 77594 81031.3 99846.5 127632 123831 192851 344248 299927 371649 458425 388351
mphobs
 0 0 0 0 0 112323 0 153150 637223 0 255016 313432 73983 77613 109348 50772 0 0 0 0 0 0 0 0 0
mphpred
 676637 302970 249288 169931 243263 483012 637094 776636 759105 992253 1.29892e+06 942958 566338 304218 133536 106951 124871 159902 181457 192685 338611 426153 504670 626397 724403
desembarqueobs
 350755 77701 442110 56441 14545 235359 269955 359681 431902 328805 639364 411747 362871 311530 167758 66681 60226 58785 57116 71774 51957 67425 138520 160799 200461
desembarquepred
 350737 77676 441748 56432.6 14544.8 235348 269951 359476 431722 328682 639038 411653 362706 311444 167585 66662.8 60228.9 58768.8 57095.7 71747.3 51951 67404.3 138487 160774 200453
Reclutas
 24235.5 39677.2 10988.1 32602.3 62767.5 33324.8 67752.7 80673.8 122641 179730 65020.7 34871.3 46712 22356.2 15509.6 17152.5 12459.9 12734.5 12610.3 31852.6 38076.5 42684.2 58535.6 54792.7 4542.31
log_desv_Rt
 -0.304426 0.188531 -1.09543 -0.00786317 0.647193 0.0140572 0.72362 0.89817 1.31702 1.69921 0.682461 0.0594191 0.351757 -0.385141 -0.750788 -0.650101 -0.969726 -0.947931 -0.957732 -0.0311265 0.147353 0.261584 0.57739 0.511313 -1.97881
SSB
 676637 302970 249288 169931 243263 483012 637094 776636 759105 992253 1.29892e+06 942958 566338 304218 133536 106951 124871 159902 181457 192685 338611 426153 504670 626397 724403
BT
 1.46576e+06 433307 480524 368873 563601 667330 1.54785e+06 1.50714e+06 1.84275e+06 2.15288e+06 1.96559e+06 1.34818e+06 975697 518007 279524 199966 227716 275832 271275 403974 658012 600728 761882 956599 867098
Ftot
 0.420521 0.581765 1.29637 0.409914 0.0551354 0.45638 0.334321 0.624703 0.616553 0.356915 0.522548 0.474595 0.800897 1.3996 1.48855 0.626085 0.463575 0.342543 0.316662 0.349145 0.137012 0.168803 0.217147 0.247651 0.274733
BD_Bspro_t
 0.941679 0.683943 0.538511 0.287734 0.496699 0.711561 0.631624 0.643448 0.604054 0.620465 0.65247 0.500941 0.381616 0.281314 0.165336 0.166326 0.24923 0.377517 0.465424 0.539665 0.694521 0.78649 0.784402 0.766364 0.723714
BD_Bspro
 0.999137 0.447373 0.368103 0.250925 0.359208 0.713227 0.940747 1.1468 1.12091 1.46518 1.91801 1.39239 0.836267 0.449214 0.197183 0.157926 0.184387 0.236115 0.267943 0.284523 0.5 0.629268 0.745207 0.924951 1.06967
BD_Bo
 0.728373 0.326136 0.268348 0.182925 0.261863 0.519944 0.685807 0.836018 0.817147 1.06812 1.39823 1.01506 0.60964 0.327478 0.143747 0.115129 0.134419 0.172129 0.195331 0.207418 0.364501 0.458738 0.543257 0.674291 0.779792
BD_Brms
 2.45284 1.09828 0.903677 0.616008 0.88184 1.75094 2.30949 2.81534 2.75179 3.59696 4.70862 3.41826 2.053 1.1028 0.484075 0.387702 0.452662 0.579653 0.657789 0.698492 1.22748 1.54482 1.82945 2.27071 2.62599
S_f
 0.153052 1 1 1 1
 0.153052 1 1 1 1
 0.153052 1 1 1 1
 0.153052 1 1 1 1
 0.153052 1 1 1 1
 0.153052 1 1 1 1
 0.153052 1 1 1 1
 0.153052 1 1 1 1
 0.153052 1 1 1 1
 0.153052 1 1 1 1
 0.153052 1 1 1 1
 0.153052 1 1 1 1
 0.153052 1 1 1 1
 0.153052 1 1 1 1
 0.153052 1 1 1 1
 0.153052 1 1 1 1
 0.153052 1 1 1 1
 0.153052 1 1 1 1
 0.153052 1 1 1 1
 0.153052 1 1 1 1
 0.153052 1 1 1 1
 0.153052 1 1 1 1
 0.153052 1 1 1 1
 0.153052 1 1 1 1
 0.153052 1 1 1 1
Scru_reclas
 1 1 1 1 1
 1 1 1 1 1
 1 1 1 1 1
 1 1 1 1 1
 1 1 1 1 1
 1 1 1 1 1
 1 1 1 1 1
 1 1 1 1 1
 1 1 1 1 1
 1 1 1 1 1
 1 1 1 1 1
 1 1 1 1 1
 1 1 1 1 1
 1 1 1 1 1
 1 1 1 1 1
 1 1 1 1 1
 1 1 1 1 1
 1 1 1 1 1
 1 1 1 1 1
 1 1 1 1 1
 1 1 1 1 1
 1 1 1 1 1
 1 1 1 1 1
 1 1 1 1 1
 1 1 1 1 1
Scru_pelaces
 1 1 1 1 1
 1 1 1 1 1
 1 1 1 1 1
 1 1 1 1 1
 1 1 1 1 1
 1 1 1 1 1
 1 1 1 1 1
 1 1 1 1 1
 1 1 1 1 1
 1 1 1 1 1
 1 1 1 1 1
 1 1 1 1 1
 1 1 1 1 1
 1 1 1 1 1
 1 1 1 1 1
 1 1 1 1 1
 1 1 1 1 1
 1 1 1 1 1
 1 1 1 1 1
 1 1 1 1 1
 1 1 1 1 1
 1 1 1 1 1
 1 1 1 1 1
 1 1 1 1 1
 1 1 1 1 1
pf_obs 
 0.256992 0.487395 0.22802 0.0275931 0
 0.321318 0.546541 0.124235 0.00734118 0.000564706
 0.182869 0.594174 0.210203 0.0122559 0.00049798
 0.330522 0.361315 0.267642 0.0388342 0.00168674
 0.649043 0.306663 0.0425973 0.00169635 0
 0.582887 0.30429 0.105238 0.00758474 0
 0.465427 0.430635 0.0974691 0.00646863 0
 0.296916 0.608066 0.0921331 0.00288517 0
 0.311714 0.524322 0.152257 0.0117073 0
 0.15457 0.633149 0.183074 0.0267441 0.00246327
 0.131901 0.49318 0.331252 0.0422183 0.00144891
 0.196976 0.569456 0.194076 0.0375587 0.00193317
 0.518974 0.381816 0.0799577 0.0180837 0.00116848
 0.0928022 0.601141 0.25162 0.0475244 0.00691264
 0.122501 0.610282 0.24278 0.0234846 0.000952079
 0.383417 0.481906 0.127806 0.00687128 0
 0.0376549 0.599619 0.316969 0.0457579 0
 0.0361596 0.667082 0.258105 0.0386534 0
 0.158088 0.579412 0.248529 0.0139706 0
 0.0477256 0.309471 0.559284 0.082774 0.000745712
 0.0406174 0.521527 0.379366 0.0568643 0.0016247
 0.151134 0.462217 0.34131 0.0453401 0
 0.294876 0.26143 0.354403 0.0886775 0.000613685
 0.281977 0.475581 0.204845 0.0348837 0.00271318
 0 0 0 0 0
pf_pred 
 0.146637 0.580048 0.242065 0.0312433 7.34268e-06
 0.27681 0.419205 0.206625 0.0862285 0.0111321
 0.0986269 0.693485 0.120504 0.0593963 0.0279873
 0.430142 0.333022 0.182214 0.0316626 0.0229601
 0.356129 0.552221 0.0535593 0.0293051 0.00878488
 0.132663 0.683176 0.157947 0.0153191 0.0108946
 0.296389 0.390897 0.246315 0.056947 0.0094512
 0.268602 0.558795 0.0958915 0.0604239 0.0162882
 0.328915 0.514024 0.119996 0.0205918 0.0164732
 0.314594 0.557277 0.0981416 0.0229107 0.00707677
 0.0996425 0.703239 0.160269 0.0282249 0.00862418
 0.0929467 0.438419 0.366034 0.0834196 0.0191798
 0.2112 0.361322 0.206619 0.172505 0.0483533
 0.159111 0.608494 0.106452 0.0608737 0.065069
 0.234653 0.551533 0.154723 0.0270677 0.0320236
 0.30278 0.56811 0.09304 0.0261007 0.00996831
 0.187658 0.645634 0.135838 0.0222463 0.00862424
 0.200308 0.523444 0.219556 0.0461934 0.0104979
 0.192061 0.532473 0.180308 0.0756296 0.0195282
 0.373876 0.403381 0.146798 0.0497096 0.0262342
 0.251561 0.615343 0.085747 0.031205 0.0161434
 0.208348 0.554962 0.194599 0.027117 0.0149737
 0.234101 0.498515 0.187441 0.0657268 0.0142164
 0.183652 0.562584 0.165172 0.0621046 0.0264874
 0.0179574 0.612344 0.254777 0.0748013 0.0401206
pobs_RECLAS
 0 0 0 0 0
 0 0 0 0 0
 0 0 0 0 0
 0 0 0 0 0
 0.835266 0.146461 0.0176864 0.000547809 3.91292e-05
 0.385257 0.428462 0.181853 0.0044286 0
 0.867414 0.0963971 0.0333333 0.00285562 0
 0.441836 0.489002 0.0689373 0.000224442 0
 0.779404 0.147425 0.0564933 0.0165055 0.000172143
 0.814271 0.122319 0.05973 0.00367925 0
 0.40263 0.566651 0.0304383 0.000280538 0
 0.475488 0.404961 0.113038 0.00651328 0
 0.955842 0.0263864 0.0167828 0.000988607 0
 0.975058 0.0227948 0.00214734 0 0
 0.738997 0.206755 0.0527124 0.00153531 0
 0.850938 0.134255 0.0134407 0.00136685 0
 0.542534 0.407297 0.0501686 0 0
 0.764087 0.199537 0.0359546 0.000420521 0
 0.470689 0.182191 0.310203 0.0369168 0
 0.84361 0.089868 0.0606195 0.00523954 0.000663233
 0.607945 0.314616 0.071237 0.00620181 0
 0.523733 0.453247 0.0230204 0 0
 0.530135 0.295979 0.169645 0.0042399 0
 0.562478 0.366248 0.0663022 0.0049721 0
 0.250443 0.683176 0.0655157 0.000865301 0
ppred_RECLAS
 0.535764 0.31555 0.131685 0.0169966 3.99448e-06
 0.722795 0.160685 0.0792011 0.0330522 0.00426705
 0.448153 0.424572 0.0737764 0.0363642 0.0171346
 0.835125 0.0963522 0.0527193 0.00916085 0.00664297
 0.78374 0.185478 0.0179893 0.00984286 0.00295062
 0.507473 0.387949 0.0896922 0.00869915 0.0061866
 0.737537 0.145813 0.0918811 0.0212425 0.00352551
 0.715264 0.217541 0.037331 0.0235233 0.00634107
 0.77011 0.176087 0.0411065 0.00705405 0.00564316
 0.754128 0.199909 0.0352058 0.00821863 0.00253861
 0.42851 0.446372 0.101729 0.0179153 0.00547408
 0.408756 0.285775 0.238592 0.0543754 0.012502
 0.650989 0.15987 0.0914203 0.0763263 0.0213943
 0.587806 0.298277 0.0521815 0.0298396 0.0318961
 0.700839 0.215585 0.0604783 0.0105803 0.0125175
 0.748167 0.2052 0.0336058 0.00942748 0.00360052
 0.608931 0.310814 0.0653935 0.0107096 0.00415179
 0.625746 0.244971 0.102752 0.0216184 0.00491301
 0.612959 0.255079 0.0863762 0.0362301 0.00935491
 0.799514 0.129164 0.0470051 0.0159171 0.00840025
 0.688717 0.255927 0.035663 0.0129785 0.0067142
 0.634475 0.25624 0.0898511 0.0125206 0.00691372
 0.669114 0.21537 0.080979 0.0283955 0.00614179
 0.598623 0.276608 0.0812108 0.0305352 0.0130232
 0.108301 0.556011 0.231339 0.06792 0.0364297
pobs_PELACES
 0 0 0 0 0
 0 0 0 0 0
 0 0 0 0 0
 0 0 0 0 0
 0 0 0 0 0
 0 0 0 0 0
 0 0 0 0 0
 0 0 0 0 0
 0 0 0 0 0
 0 0 0 0 0
 0.450072 0.473896 0.0757376 0.000293798 0
 0 0 0 0 0
 0.463077 0.371075 0.160297 0.00555027 0
 0.529543 0.364841 0.0842815 0.0213345 0
 0.631943 0.363953 0.00410389 0 0
 0.735681 0.248677 0.0153453 0.000297389 0
 0.695825 0.281241 0.0229344 0 0
 0.275771 0.60734 0.115278 0.00161068 0
 0 0 0 0 0
 0.896147 0.0623911 0.0374545 0.00400742 0
 0.803859 0.145111 0.0509908 3.86294e-05 0
 0.739449 0.233085 0.0266225 0.000797448 4.60066e-05
 0.878498 0.100942 0.0204185 0.000141795 0
 0.694673 0.275183 0.0284847 0.00165964 0
 0 0 0 0 0
ppred_PELACES
 0.564841 0.295786 0.123437 0.0159321 3.74428e-06
 0.754168 0.142499 0.0702374 0.0293114 0.00378412
 0.538471 0.355085 0.0617018 0.0304127 0.0143303
 0.8503 0.0874836 0.0478668 0.00831765 0.00603153
 0.78634 0.183247 0.017773 0.0097245 0.00291514
 0.539281 0.362895 0.0838997 0.00813734 0.00578706
 0.75522 0.13599 0.0856909 0.0198114 0.00328799
 0.749451 0.191421 0.0328487 0.0206989 0.00557972
 0.799192 0.153811 0.0359063 0.00616167 0.00492927
 0.772152 0.185254 0.0326249 0.00761613 0.00235251
 0.464589 0.418192 0.0953064 0.0167843 0.0051285
 0.441157 0.270114 0.225517 0.0513955 0.0118168
 0.699987 0.137426 0.0785858 0.0656109 0.0183907
 0.678324 0.232775 0.0407224 0.0232868 0.0248917
 0.780286 0.158333 0.0444173 0.00777051 0.00919324
 0.779687 0.179516 0.0293995 0.0082475 0.00314986
 0.639314 0.286667 0.0603129 0.00987752 0.00382923
 0.647883 0.230481 0.0966741 0.0203397 0.0046224
 0.633735 0.241387 0.0817396 0.0342853 0.00885276
 0.8147 0.11938 0.0434447 0.0147114 0.00776396
 0.696867 0.249227 0.0347293 0.0126387 0.00653841
 0.645345 0.248619 0.087179 0.0121482 0.00670811
 0.68241 0.206715 0.0777249 0.0272544 0.00589499
 0.615135 0.265229 0.07787 0.0292791 0.0124874
 0.115942 0.551246 0.229356 0.0673379 0.0361175
pobs_pel_tallas
 0 0 0 0 0 0 0 0 0 0 0 0 0 0 0 0 0 0 0 0 0 0 0 0 0 0 0 0 0 0 0 0 0 0 0 0
 0 0 0 0 0 0 0 0 0 0 0 0 0 0 0 0 0 0 0 0 0 0 0 0 0 0 0 0 0 0 0 0 0 0 0 0
 0 0 0 0 0 0 0 0 0 0 0 0 0 0 0 0 0 0 0 0 0 0 0 0 0 0 0 0 0 0 0 0 0 0 0 0
 0 0 0 0 0 0 0 0 0 0 0 0 0 0 0 0 0 0 0 0 0 0 0 0 0 0 0 0 0 0 0 0 0 0 0 0
 0 0 0 0 0 0 0 0 0 0 0 0 0 0 0 0 0 0 0 0 0 0 0 0 0 0 0 0 0 0 0 0 0 0 0 0
 0 0 0 0 0 0 0 0 0 0 0 0 0 0 0 0 0 0 0 0 0 0 0 0 0 0 0 0 0 0 0 0 0 0 0 0
 0 0 0 0 0 0 0 0 0 0 0 0 0 0 0 0 0 0 0 0 0 0 0 0 0 0 0 0 0 0 0 0 0 0 0 0
 0 0 0 0 0 0 0 0 0 0 0 0 0 0 0 0 0 0 0 0 0 0 0 0 0 0 0 0 0 0 0 0 0 0 0 0
 0 0 0 0 0 0 0 0 0 0 0 0 0 0 0 0 0 0 0 0 0 0 0 0 0 0 0 0 0 0 0 0 0 0 0 0
 0 0 0 0 0 0 0 0 0 0 0 0 0 0 0 0 0 0 0 0 0 0 0 0 0 0 0 0 0 0 0 0 0 0 0 0
 0 0 0 0 0 0 0 0 1.78061e-05 0.00172719 0.00360574 0.0105946 0.0120993 0.0124554 0.0147524 0.0171206 0.0266825 0.0428682 0.0675386 0.121331 0.153587 0.119568 0.100827 0.0573624 0.0630603 0.0341343 0.0324427 0.0444173 0.0211091 0.0280891 0.0125444 0.00206551 0 0 0 0
 0 0 0 0 0 0 0 0 0 0 0 0 0 0 0 0 0 0 0 0 0 0 0 0 0 0 0 0 0 0 0 0 0 0 0 0
 0 0 0 0 0 0 0.0133647 0.0140871 0.0187388 0.0205184 0.03894 0.0496705 0.03968 0.0493445 0.0407372 0.0367815 0.0215668 0.0243155 0.0234873 0.0199281 0.019796 0.0243948 0.0301388 0.0376714 0.0412746 0.0863199 0.0771752 0.113111 0.0741005 0.0525337 0.0229764 0.00759418 0.00175318 0 0 0
 0 0 0 0 0 0 0 0 0 0 0.00219441 0.00772107 0.0458388 0.0604681 0.0671733 0.0775358 0.0609151 0.0617685 0.073594 0.0568108 0.0755445 0.0548602 0.0670107 0.0636378 0.0643287 0.046367 0.0373049 0.0286899 0.0247887 0.0153202 0.00654259 0.00121912 0.000365735 0 0 0
 0 0 0 0 0 0 0 0 0 0 0 0 0.000112435 0.00938835 0.0111873 0.0202946 0.0414886 0.0713402 0.111592 0.104902 0.108894 0.110636 0.117776 0.105296 0.107544 0.0401394 0.0192827 0.0124803 0.00416011 0.0028671 0.000618394 0 0 0 0 0
 0 0 0 0 0 0 0 0 0 0 0.00291406 0.0102884 0.027416 0.0768956 0.0749926 0.110853 0.0956884 0.0897413 0.0766577 0.0534642 0.0500743 0.0551293 0.0594112 0.0620874 0.0668451 0.0424026 0.0208742 0.0120726 0.0048766 0.00582813 0.00118941 0.000297354 0 0 0 0
 0 0.00264628 0.0354308 0.0461629 0.0458689 0.0383711 0.0214643 0.0164657 0.0346957 0.0420465 0.0363128 0.0245516 0.0311673 0.0291091 0.0169068 0.0133784 0.00837989 0.0085269 0.0148486 0.0160247 0.0276389 0.0546898 0.0760071 0.122758 0.109233 0.0665981 0.0333725 0.0166128 0.00676272 0.00308733 0.000882094 0 0 0 0 0
 0 0 0 0 0 0 0 0.000805153 0.000690131 0.00759144 0.0133425 0.0154129 0.00931677 0.000345066 0.00356568 0.00563607 0.00851162 0.0253048 0.0502646 0.0516448 0.0657925 0.0565908 0.0611916 0.0827007 0.0866115 0.110766 0.145733 0.0935128 0.0569358 0.0249597 0.0138026 0.00621118 0.00161031 0.00115022 0 0
 0 0 0 0 0 0 0 0 0 0 0 0 0 0 0 0 0 0 0 0 0 0 0 0 0 0 0 0 0 0 0 0 0 0 0 0
 0.00147267 0.00158595 0.00478618 0.00569244 0.00954404 0.0108468 0.00647125 0.017049 0.0510054 0.094081 0.124002 0.0959785 0.0687766 0.0820023 0.061753 0.0591476 0.0492212 0.0479892 0.0443925 0.0268479 0.0217502 0.0140895 0.0121071 0.0120363 0.00920419 0.00665534 0.0049561 0.00860946 0.00930331 0.0156896 0.0114698 0.00855282 0.00243557 0.00046729 0 2.83206e-05
 0 0 0 0 0.000772559 0.00158375 0.000888443 0.00281984 0.00712685 0.0440552 0.0773331 0.111326 0.0921469 0.0852325 0.0710754 0.0886704 0.0786465 0.0553345 0.0373146 0.0185414 0.00753245 0.00457741 0.012979 0.0271748 0.0457355 0.0583668 0.034881 0.0177882 0.00938659 0.00492506 0.0015258 0.00185414 0.000309023 5.79419e-05 3.86279e-05 0
 0 0.00173294 0.00326652 0 0.00397197 0.00683976 0.00946217 0.0152591 0.00757587 0.0136028 0.0228656 0.0392903 0.0559909 0.0764795 0.0681675 0.0726916 0.0566044 0.0477403 0.0527397 0.0444891 0.0609904 0.0582453 0.0661739 0.0445044 0.0529084 0.0360697 0.0280645 0.0235558 0.0158879 0.00826598 0.00280645 0.00217768 0.000904811 0.00058276 9.20147e-05 0
 0 0 0 0 0 0 0 0 0 0 0 0 0 0 0 0 0 0 0 0 0 0 0 0 0 0 0 0 0 0 0 0 0 0 0 0
 0 0 0 0 0 0 0 0 0 0 0 0 0 0 0 0 0 0 0 0 0 0 0 0 0 0 0 0 0 0 0 0 0 0 0 0
 0 0 0 0 0 0 0 0 0 0 0 0 0 0 0 0 0 0 0 0 0 0 0 0 0 0 0 0 0 0 0 0 0 0 0 0
ppred_pel_tallas
 1.02397e-16 2.46546e-05 0.000144678 0.000687681 0.00264752 0.00825597 0.0208541 0.0426716 0.0707382 0.0950153 0.103437 0.0913384 0.0655998 0.0387225 0.0196131 0.0100415 0.00740024 0.00858452 0.0116681 0.0157382 0.020295 0.024893 0.0290523 0.0323085 0.0343042 0.0348641 0.0340258 0.0320135 0.0291687 0.0258632 0.0224237 0.0190874 0.0159948 0.0132073 0.0107378 0.00857739
 1.02228e-16 3.29038e-05 0.000193122 0.000918023 0.00353445 0.0110219 0.0278403 0.0569648 0.0944246 0.126807 0.137985 0.121697 0.0870806 0.0507525 0.0245043 0.010581 0.00538297 0.00467793 0.00587843 0.00785844 0.0101712 0.0125589 0.0147861 0.0166291 0.0179116 0.0185382 0.0185096 0.0179102 0.0168774 0.0155626 0.0140988 0.0125827 0.0110739 0.00960449 0.0081933 0.00685678
 1.02707e-16 2.3507e-05 0.000137935 0.000655614 0.00252404 0.00787088 0.0198815 0.040682 0.0674419 0.0905938 0.0986399 0.0871403 0.0626677 0.0371582 0.0191266 0.010288 0.00818125 0.00985967 0.0134775 0.0181234 0.0232454 0.0283148 0.0327608 0.0360435 0.0377675 0.037772 0.0361634 0.0332753 0.0295754 0.0255501 0.0216055 0.0180115 0.014894 0.012264 0.0100653 0.00821791
 1.01276e-16 3.70934e-05 0.000217724 0.00103499 0.00398483 0.0124264 0.0313879 0.064223 0.106454 0.142954 0.155537 0.137133 0.0980291 0.0569382 0.0271245 0.0110827 0.00471726 0.00322749 0.00368654 0.00484562 0.0062584 0.00772549 0.00909407 0.0102245 0.011007 0.0113818 0.0113481 0.0109576 0.0102953 0.00945609 0.00852422 0.00756251 0.00661088 0.00569193 0.00481897 0.00400247
 1.00783e-16 3.43082e-05 0.000201364 0.000957197 0.00368527 0.0114922 0.0290283 0.0593958 0.098455 0.132222 0.143883 0.126914 0.0908458 0.0530109 0.0257125 0.0112991 0.00602207 0.00546539 0.00691471 0.0091627 0.0116935 0.0141766 0.0163052 0.0178001 0.0184621 0.0182181 0.0171375 0.0154102 0.0132968 0.0110661 0.00894156 0.0070704 0.00551823 0.00428443 0.00332745 0.00258979
 1.0186e-16 2.35427e-05 0.000138144 0.000656605 0.00252785 0.00788276 0.0199115 0.0407435 0.0675441 0.0907318 0.0987921 0.0872793 0.0627776 0.0372433 0.0192074 0.0103909 0.00833295 0.0100849 0.0137985 0.0185575 0.0238003 0.0289844 0.0335211 0.0368513 0.0385628 0.0384832 0.0367155 0.0335987 0.0296149 0.0252719 0.0210015 0.0171007 0.0137204 0.0108921 0.00857216 0.00668508
 1.02096e-16 3.29495e-05 0.000193391 0.000919301 0.00353937 0.0110372 0.0278791 0.057044 0.0945558 0.126983 0.138175 0.121861 0.0871916 0.0508038 0.0245045 0.0105397 0.00530327 0.00455702 0.00571182 0.00764488 0.00991653 0.012278 0.0145031 0.0163743 0.0177162 0.0184282 0.018499 0.0179975 0.0170447 0.0157793 0.0143273 0.012786 0.011222 0.00967921 0.00818977 0.00678211
 1.01501e-16 3.27e-05 0.000191922 0.000912305 0.00351242 0.0109532 0.0276668 0.0566101 0.0938381 0.126024 0.137143 0.120979 0.0866219 0.0505952 0.024633 0.0109834 0.00608415 0.00573568 0.00735648 0.00979485 0.0125498 0.0152889 0.0176959 0.0194784 0.0204234 0.0204435 0.0195954 0.0180578 0.0160812 0.0139263 0.0118106 0.00987832 0.00819663 0.00677162 0.00557356 0.00456069
 1.01002e-16 3.48675e-05 0.00020465 0.000972824 0.00374545 0.0116798 0.0295023 0.0603654 0.100061 0.134377 0.146221 0.128959 0.0922722 0.0537685 0.0259408 0.0111637 0.00561627 0.00480429 0.00597329 0.00791473 0.0101387 0.0123566 0.0143091 0.0157583 0.0165292 0.016548 0.0158563 0.0145951 0.0129649 0.0111766 0.00940904 0.00778441 0.00636405 0.00516015 0.00415476 0.00331796
 1.00896e-16 3.36897e-05 0.000197732 0.000939931 0.00361879 0.0112849 0.0285047 0.0583244 0.0966793 0.129838 0.141291 0.124631 0.0892203 0.0520801 0.0252944 0.0111732 0.00603967 0.00556151 0.00707632 0.00939938 0.012022 0.0146142 0.0168661 0.0184928 0.0192875 0.0191678 0.0181932 0.0165441 0.0144732 0.0122445 0.0100803 0.00813065 0.00646819 0.00510217 0.00400253 0.00312309
 1.02306e-16 2.0288e-05 0.000119031 0.000565729 0.00217793 0.00679155 0.0171553 0.0351044 0.058199 0.0781883 0.0851601 0.0752972 0.0542927 0.0324779 0.0172432 0.0101202 0.00903694 0.0114882 0.0158867 0.0214032 0.0274611 0.0334528 0.0387038 0.0425711 0.04458 0.0445315 0.0425428 0.0390023 0.0344623 0.029504 0.024621 0.020152 0.0162682 0.0130046 0.0103112 0.00810315
 1.05608e-16 1.92606e-05 0.000113012 0.000537142 0.00206792 0.0064485 0.0162886 0.0333301 0.0552541 0.0742224 0.080815 0.071395 0.0513483 0.0304564 0.0157008 0.00849713 0.0068481 0.00836975 0.0115938 0.0158307 0.020693 0.02581 0.0307575 0.0351003 0.0384694 0.0406288 0.0415065 0.041181 0.0398334 0.037687 0.0349564 0.0318207 0.0284223 0.02488 0.0213057 0.017812
 1.04275e-16 3.0541e-05 0.000179251 0.000852079 0.00328055 0.0102301 0.0258404 0.0528727 0.087642 0.117699 0.128077 0.112964 0.0808443 0.0471436 0.0228114 0.00993784 0.00519031 0.00465079 0.00592867 0.00798964 0.0104285 0.0130125 0.0155254 0.0177566 0.0195323 0.0207464 0.0213732 0.0214574 0.021086 0.0203567 0.019352 0.018129 0.0167234 0.0151621 0.0134778 0.0117167
 1.02618e-16 2.96002e-05 0.000173719 0.000825761 0.00317919 0.00991397 0.025042 0.0512398 0.084938 0.114076 0.124156 0.109558 0.0785209 0.0460177 0.0226928 0.010609 0.00657049 0.00679731 0.00895796 0.0119902 0.0153917 0.0187861 0.0217967 0.0240716 0.0253524 0.0255321 0.0246753 0.0229922 0.0207773 0.0183352 0.015917 0.0136854 0.0117119 0.00999736 0.00850387 0.00718407
 1.01379e-16 3.40433e-05 0.000199811 0.000949817 0.00365686 0.0114036 0.0288046 0.0589378 0.0976953 0.1312 0.142766 0.125917 0.0901081 0.0525316 0.0253895 0.0110053 0.00565337 0.00495066 0.00621066 0.00825313 0.0105954 0.0129472 0.0150437 0.0166397 0.0175528 0.0177018 0.0171222 0.0159499 0.0143813 0.0126244 0.0108558 0.00919676 0.00770984 0.00641048 0.00528628 0.0043146
 1.00907e-16 3.4018e-05 0.00019966 0.000949098 0.00365409 0.0113949 0.0287827 0.0588932 0.097622 0.131103 0.142666 0.125839 0.0900757 0.0525598 0.0254907 0.0111973 0.00596348 0.00541192 0.00685378 0.00909555 0.0116302 0.0141347 0.0163085 0.017876 0.0186377 0.0185148 0.0175662 0.0159679 0.0139656 0.0118151 0.00973139 0.00785885 0.00626608 0.00496022 0.00391032 0.00307024
 1.01468e-16 2.79015e-05 0.000163741 0.000778311 0.00299648 0.00934417 0.0236028 0.0482956 0.0800595 0.10753 0.117048 0.103324 0.0741364 0.0436166 0.021822 0.0107267 0.00734733 0.00814086 0.0109091 0.0146205 0.018736 0.0228044 0.0263567 0.0289521 0.030267 0.0301682 0.0287405 0.0262557 0.0230975 0.0196688 0.0163112 0.0132578 0.0106247 0.00843276 0.00664337 0.00519297
 1.02363e-16 2.82729e-05 0.000165927 0.000788714 0.00303655 0.00946915 0.0239184 0.0489409 0.0811277 0.10896 0.118591 0.104656 0.0750247 0.0440046 0.0217682 0.0102942 0.00654034 0.00690734 0.00917828 0.0123454 0.0159299 0.0195655 0.0228769 0.0255031 0.0271657 0.027726 0.0272088 0.025782 0.0237028 0.0212508 0.0186702 0.0161374 0.0137554 0.0115695 0.00959133 0.00781898
 1.02831e-16 2.76564e-05 0.000162306 0.0007715 0.00297026 0.00926245 0.0233963 0.0478728 0.0793574 0.106584 0.116009 0.102385 0.0734162 0.0430995 0.0213914 0.0102343 0.00665863 0.00714791 0.00953334 0.0128224 0.0165327 0.020286 0.0236925 0.0263798 0.0280636 0.0286079 0.0280484 0.0265693 0.0244448 0.0219678 0.0193886 0.0168807 0.0145377 0.0123911 0.0104387 0.00866793
 1.01524e-16 3.55423e-05 0.000208615 0.000991681 0.00381806 0.0119063 0.0300743 0.0615355 0.102 0.136977 0.149041 0.131426 0.0939937 0.0546831 0.0262168 0.0110008 0.00512612 0.00400357 0.00482906 0.00639116 0.00822982 0.0101063 0.0118185 0.0131807 0.0140513 0.0143613 0.0141262 0.0134341 0.0124178 0.0112192 0.00995993 0.0087247 0.00755954 0.00648099 0.0054896 0.00458157
 1.01315e-16 3.04095e-05 0.000178469 0.000848337 0.00326611 0.010185 0.0257266 0.0526408 0.0872606 0.117196 0.127554 0.112561 0.0806816 0.0473021 0.023359 0.0109738 0.00686408 0.00714475 0.00941446 0.0125703 0.0160787 0.0195313 0.0225187 0.0246608 0.0256832 0.0254799 0.0241366 0.0219015 0.0191187 0.016145 0.0132787 0.010718 0.00855413 0.00679219 0.00538409 0.00426132
 1.0205e-16 2.8163e-05 0.00016528 0.000785634 0.00302468 0.00943215 0.023825 0.0487499 0.0808115 0.108537 0.118135 0.104263 0.0747644 0.0438949 0.0217933 0.0104376 0.00680341 0.0073085 0.00974125 0.0130859 0.016844 0.0206217 0.024013 0.0266308 0.0281814 0.0285272 0.0277121 0.025937 0.0235002 0.0207218 0.0178785 0.015166 0.0126932 0.0104986 0.00857819 0.00691042
 1.02383e-16 2.97774e-05 0.000174762 0.000830722 0.0031983 0.00997357 0.0251925 0.0515477 0.0854476 0.114759 0.124893 0.110195 0.0789485 0.0462105 0.0226812 0.0104271 0.00622601 0.00627296 0.00822909 0.0110446 0.0142453 0.0174931 0.0204511 0.0227981 0.0242877 0.0247991 0.024358 0.0231171 0.0213073 0.0191768 0.01694 0.0147478 0.0126849 0.0107842 0.0090501 0.00747746
 1.02782e-16 2.68463e-05 0.000157548 0.000748874 0.00288314 0.00899075 0.0227101 0.0464688 0.0770311 0.103462 0.112618 0.0994103 0.0713204 0.0419448 0.0209587 0.0102605 0.00698067 0.00771403 0.0103546 0.0139245 0.0179258 0.0219485 0.0255643 0.0283657 0.030045 0.0304617 0.029667 0.0278774 0.025409 0.0225965 0.0197242 0.0169866 0.0144843 0.0122445 0.0102526 0.00848105
 1.07437e-16 5.09103e-06 2.97985e-05 0.000141478 0.000544415 0.00169745 0.0042882 0.00877856 0.014568 0.0196144 0.0214764 0.0192578 0.0144711 0.00983106 0.00736602 0.00767834 0.0104754 0.0153059 0.0218278 0.0297013 0.0384259 0.047285 0.0554168 0.0619687 0.0662774 0.0680075 0.0672071 0.0642582 0.059749 0.0543159 0.0485091 0.0427186 0.0371666 0.0319481 0.0270894 0.0225985
pSPR Fmed_Fpbrs
0.563354   0.346951 0.346951
Fs Fmed_Fpbrs
0.411854   1.005 1.005
SSBpbr Bo_Bmed_Bpbrs
928970  476890  275859 275859
Ro
32859.6
SPR SPRFo_SPRFmed_SPRFpbrs
677221 381515 234963
log_Ro
10.22
likeval ReclasPelacesDesembMPH_pf_preclas_ppelaces_ptallas_desvR_qrecl_qpela
 80.565 54.0653 0.0185762 0.000763066 288.053 191.938 70.2025 0 23.3125 2.50268e-05 0 0 0 0 0
q_reclas_q_pelaces
0.492185 1
M
0.7
N
 24235.5 17056.4 7117.95 918.714 0.215912
 39677.2 11284.8 5562.25 2321.23 299.672
 10988.1 18024.6 3132.06 1543.79 727.425
 32602.3 4474.52 2448.24 425.422 308.494
 62767.5 15205.3 1474.74 806.909 241.889
 33324.8 30907.5 7145.68 693.052 492.88
 67752.7 15432.1 9724.22 2248.2 373.121
 80673.8 31966.8 5485.63 3456.65 931.794
 122641 36408.5 8499.38 1458.53 1166.81
 179730 55417.7 9759.57 2278.32 703.741
 65020.7 84506.4 19259.1 3391.71 1036.35
 34871.3 29806.6 24885.4 5671.4 1303.97
 46712 16103.3 9208.57 7688.19 2155
 22356.2 20520.5 3589.92 2052.87 2194.34
 15509.6 8961.08 2513.87 439.784 520.306
 17152.5 6132.68 1004.36 281.754 107.607
 12459.9 7739.37 1628.32 266.671 103.381
 12734.5 5763.63 2417.53 508.634 115.592
 12610.3 6000.76 2032.01 852.316 220.075
 31852.6 5965.82 2171.08 735.181 387.992
 38076.5 14994.5 2089.45 760.393 393.377
 42684.2 18515.9 6492.64 904.738 499.585
 58535.6 20655.7 7766.55 2723.36 589.048
 54792.7 28117.7 8255.23 3103.96 1323.83
 4542.31 26197.2 10899.8 3200.14 1716.44
pred_Ctot
 1090.49 4313.63 1800.16 232.347 0.0546052
 2443.42 3700.35 1823.89 761.145 98.2641
 1438.5 10114.7 1757.59 866.313 408.202
 1430.97 1107.88 606.178 105.333 76.3824
 379.502 588.463 57.0744 31.2284 9.36142
 1623.44 8360.25 1932.85 187.465 133.32
 2437.69 3214.98 2025.85 468.367 77.7325
 5319.57 11066.7 1899.1 1196.67 322.583
 7985.7 12479.9 2913.37 499.947 399.952
 6893.13 12210.6 2150.4 502 155.06
 3610.78 25483.6 5807.73 1022.8 312.518
 1764.43 8322.61 6948.51 1583.57 364.095
 3903.02 6677.31 3818.37 3187.94 893.579
 3138.65 12003.3 2099.89 1200.81 1283.56
 2302.47 5411.79 1518.18 265.595 314.224
 1133.42 2126.65 348.283 97.7044 37.315
 616.266 2120.25 446.088 73.0563 28.3219
 469.188 1226.08 514.274 108.2 24.5896
 430.253 1192.84 403.925 169.425 43.7468
 1195.66 1290.02 469.463 158.972 83.8973
 568.937 1391.68 193.928 70.5741 36.5104
 784.089 2088.52 732.346 102.051 56.3514
 1378.73 2935.99 1103.93 387.096 83.7267
 1468.85 4499.56 1321.05 496.714 211.847
 134.838 4597.95 1913.06 561.666 301.256
F
 0.0643617 0.420521 0.420521 0.420521 0.420521
 0.0890404 0.581765 0.581765 0.581765 0.581765
 0.198412 1.29637 1.29637 1.29637 1.29637
 0.0627384 0.409914 0.409914 0.409914 0.409914
 0.0084386 0.0551354 0.0551354 0.0551354 0.0551354
 0.06985 0.45638 0.45638 0.45638 0.45638
 0.0511685 0.334321 0.334321 0.334321 0.334321
 0.0956123 0.624703 0.624703 0.624703 0.624703
 0.0943649 0.616553 0.616553 0.616553 0.616553
 0.0546267 0.356915 0.356915 0.356915 0.356915
 0.0799772 0.522548 0.522548 0.522548 0.522548
 0.0726378 0.474595 0.474595 0.474595 0.474595
 0.122579 0.800897 0.800897 0.800897 0.800897
 0.214212 1.3996 1.3996 1.3996 1.3996
 0.227825 1.48855 1.48855 1.48855 1.48855
 0.0958237 0.626085 0.626085 0.626085 0.626085
 0.0709512 0.463575 0.463575 0.463575 0.463575
 0.0524271 0.342543 0.342543 0.342543 0.342543
 0.0484658 0.316662 0.316662 0.316662 0.316662
 0.0534375 0.349145 0.349145 0.349145 0.349145
 0.02097 0.137012 0.137012 0.137012 0.137012
 0.0258356 0.168803 0.168803 0.168803 0.168803
 0.0332348 0.217147 0.217147 0.217147 0.217147
 0.0379035 0.247651 0.247651 0.247651 0.247651
 0.0420485 0.274733 0.274733 0.274733 0.274733
nmprior
 10 11 7 0
nm_flota  nm_reclas  nm_pelaces    nm_pelaL
inf 23.3731 20.2476 36.9528
cv_recla  cv_pelaces  cv_mph
0.811892 0.865214 0.89623
 ------------------------------------------------
Talla a la edad & desviación 
 7.2 14.2025 17.0495 18.207 18.6776
 1.08 2.13037 2.55742 2.73105 2.80164
