    unsorted:	 1.748837740e-06 2.633233176e-06 0.0008999971010 0.008444547875 51.55344262 40.64426182 44.70675250 64.42378772 95.37124584 100.6469762 278.1240381 313.0336977 446.7832162 586.2755471 643.4939224 758.4329377 816.0978449 885.1558677 975.1032590 1033.093921 1192.365570 1363.947743 1581.701574 1817.280019 2024.354089 2059.570157 2429.125160 2520.062693 3045.365443 3252.410493 3684.170609 3734.132929 4144.388887 4646.944796 5353.531630 5312.440198 5614.819704 9417.104304 21362.26058 196495.1281 341003.9649 367455.4546 383063.9507 420345.8769 425193.9634 449550.7497 287716.8751 257049.3629 476434.2315 506413.0140 541555.7587 583310.9299 648704.9062 741248.2164 826866.3476 950217.2036 1108795.570 1224980.779 1413129.626 1558206.956 1829556.689 1974626.029 2360786.098 2393940.208 2698608.725
      sorted:	 1.748837740e-06 2.633233176e-06 0.0008999971010 0.008444547875 40.64426182 44.70675250 51.55344262 64.42378772 95.37124584 100.6469762 278.1240381 313.0336977 446.7832162 586.2755471 643.4939224 758.4329377 816.0978449 885.1558677 975.1032590 1033.093921 1192.365570 1363.947743 1581.701574 1817.280019 2024.354089 2059.570157 2429.125160 2520.062693 3045.365443 3252.410493 3684.170609 3734.132929 4144.388887 4646.944796 5312.440198 5353.531630 5614.819704 9417.104304 21362.26058 196495.1281 257049.3629 287716.8751 341003.9649 367455.4546 383063.9507 420345.8769 425193.9634 449550.7497 476434.2315 506413.0140 541555.7587 583310.9299 648704.9062 741248.2164 826866.3476 950217.2036 1108795.570 1224980.779 1413129.626 1558206.956 1829556.689 1974626.029 2360786.098 2393940.208 2698608.725
