years
 1997 1998 1999 2000 2001 2002 2003 2004 2005 2006 2007 2008 2009 2010 2011 2012 2013 2014 2015 2016 2017 2018 2019 2020 2021
reclasobs
 0 0 0 370054 412103 1.49427e+06 250295 1.28982e+06 931140 785840 897777 1.04006e+06 184774 17550 25797 100020 73551 82996 120727 218422 84188 347160 605670 569463 516374
reclaspred
 2.63605e+06 473433 1.22281e+06 658987 644890 749359 1.50215e+06 1.05397e+06 1.25047e+06 1.2637e+06 1.10975e+06 759513 454493 219489 148562 146300 176872 250439 279289 378783 583821 579047 943660 1.07259e+06 1.36571e+06
pelacesobs
 0 0 0 0 0 0 0 0 0 2.06254e+06 1.5e+06 0 1.87456e+06 323000 250000 174000 83755 137374 0 501740 490994 745055 786931 1.00524e+06 0
pelacespred
 1.49874e+06 562267 453745 488127 404304 369010 764160 708013 725561 761161 577721 409046 241219 95115.1 64020.4 71710.3 90685.1 129245 152194 198566 335547 347840 430589 582101 746848
mphobs
 0 0 0 0 0 112323 0 153150 637223 0 255016 313432 73983 77613 109348 50772 0 0 0 0 0 0 0 0 0
mphpred
 1.94833e+06 965200 726731 758904 551689 663210 924603 1.14989e+06 1.0247e+06 1.15674e+06 1.13381e+06 794009 501043 275555 138391 121293 137975 191787 239613 281842 430815 542989 661312 864582 1.1927e+06
desembarqueobs
 350755 77701 442110 56441 14545 235359 269955 359681 431902 328805 639364 411747 362871 311530 167758 66681 60226 58785 57116 71774 51957 67425 138520 160799 200461
desembarquepred
 350723 77742.5 442405 56495.5 14550.2 235539 270143 359878 431945 328656 639487 412090 363023 312095 167920 66735 60274.6 58819 57121.8 71735 51954.2 67440.6 138568 160801 200529
Reclutas
 60961.3 55152.7 33856.2 32918.3 58936.5 53173.7 93458.5 88272.6 132066 123801 70237.8 45858.5 47992.8 29912.9 19824.3 18018.9 15853.1 17165.4 20249.7 34044.2 49136.8 54967.9 78660.9 96247.4 66624.8
log_desv_Rt
 0.257995 0.15786 -0.330123 -0.358217 0.224216 0.12132 0.685273 0.628185 1.03106 0.966433 0.399642 -0.0266843 0.0188062 -0.453955 -0.865338 -0.960826 -1.08888 -1.00935 -0.844105 -0.324586 0.0423628 0.154505 0.512901 0.714678 0.346832
SSB
 1.94833e+06 965200 726731 758904 551689 663210 924603 1.14989e+06 1.0247e+06 1.15674e+06 1.13381e+06 794009 501043 275555 138391 121293 137975 191787 239613 281842 430815 542989 661312 864582 1.1927e+06
BT
 3.88757e+06 1.19368e+06 1.29329e+06 1.02907e+06 890940 916818 2.16695e+06 1.95977e+06 2.19283e+06 2.02338e+06 1.80215e+06 1.24155e+06 895704 501681 299816 217172 261540 340111 369789 513787 838788 761731 995881 1.39108e+06 1.66574e+06
Ftot
 0.129396 0.159412 0.346467 0.0836063 0.0220833 0.302066 0.174557 0.328049 0.332094 0.251164 0.543085 0.512578 0.740512 1.24515 1.02328 0.434801 0.327539 0.227149 0.198106 0.183709 0.0868076 0.113399 0.142711 0.145715 0.142667
BD_Bspro_t
 0.980651 0.875578 0.785771 0.640539 0.691802 0.780028 0.716769 0.730036 0.671723 0.649067 0.616949 0.456593 0.352651 0.258273 0.162327 0.169331 0.246257 0.39011 0.504762 0.605047 0.720883 0.808856 0.814167 0.807233 0.798853
BD_Bspro
 2.00718 0.994354 0.748681 0.781826 0.568352 0.683242 0.95253 1.18462 1.05565 1.19168 1.16806 0.817991 0.516177 0.283878 0.142571 0.124956 0.142142 0.19758 0.24685 0.290355 0.443827 0.559389 0.681286 0.890696 1.22872
BD_Bo
 1.66665 0.825658 0.621665 0.649186 0.471929 0.567327 0.790929 0.983648 0.876555 0.989504 0.969892 0.679216 0.428606 0.235717 0.118383 0.103757 0.118027 0.16406 0.204971 0.241095 0.36853 0.464487 0.565703 0.739586 1.02027
BD_Brms
 8.14243 4.03376 3.03715 3.1716 2.30561 2.77168 3.86409 4.80562 4.28241 4.83423 4.73841 3.31831 2.09396 1.1516 0.578363 0.506905 0.576623 0.801515 1.00139 1.17787 1.80046 2.26925 2.76375 3.61325 4.98451
S_f
 0.5 1 1 1 1
 0.5 1 1 1 1
 0.5 1 1 1 1
 0.5 1 1 1 1
 0.5 1 1 1 1
 0.5 1 1 1 1
 0.5 1 1 1 1
 0.5 1 1 1 1
 0.5 1 1 1 1
 0.5 1 1 1 1
 0.5 1 1 1 1
 0.5 1 1 1 1
 0.5 1 1 1 1
 0.5 1 1 1 1
 0.5 1 1 1 1
 0.5 1 1 1 1
 0.5 1 1 1 1
 0.5 1 1 1 1
 0.5 1 1 1 1
 0.5 1 1 1 1
 0.5 1 1 1 1
 0.5 1 1 1 1
 0.5 1 1 1 1
 0.5 1 1 1 1
 0.5 1 1 1 1
Scru_reclas
 0.5 1 1 1 1
 0.5 1 1 1 1
 0.5 1 1 1 1
 0.5 1 1 1 1
 0.5 1 1 1 1
 0.5 1 1 1 1
 0.5 1 1 1 1
 0.5 1 1 1 1
 0.5 1 1 1 1
 0.5 1 1 1 1
 0.5 1 1 1 1
 0.5 1 1 1 1
 0.5 1 1 1 1
 0.5 1 1 1 1
 0.5 1 1 1 1
 0.5 1 1 1 1
 0.5 1 1 1 1
 0.5 1 1 1 1
 0.5 1 1 1 1
 0.5 1 1 1 1
 0.5 1 1 1 1
 0.5 1 1 1 1
 0.5 1 1 1 1
 0.5 1 1 1 1
 0.5 1 1 1 1
Scru_pelaces
 0.5 1 1 1 1
 0.5 1 1 1 1
 0.5 1 1 1 1
 0.5 1 1 1 1
 0.5 1 1 1 1
 0.5 1 1 1 1
 0.5 1 1 1 1
 0.5 1 1 1 1
 0.5 1 1 1 1
 0.5 1 1 1 1
 0.5 1 1 1 1
 0.5 1 1 1 1
 0.5 1 1 1 1
 0.5 1 1 1 1
 0.5 1 1 1 1
 0.5 1 1 1 1
 0.5 1 1 1 1
 0.5 1 1 1 1
 0.5 1 1 1 1
 0.5 1 1 1 1
 0.5 1 1 1 1
 0.5 1 1 1 1
 0.5 1 1 1 1
 0.5 1 1 1 1
 0.5 1 1 1 1
pf_obs 
 0.256992 0.487395 0.22802 0.0275931 0
 0.321318 0.546541 0.124235 0.00734118 0.000564706
 0.182869 0.594174 0.210203 0.0122559 0.00049798
 0.330522 0.361315 0.267642 0.0388342 0.00168674
 0.649043 0.306663 0.0425973 0.00169635 0
 0.582887 0.30429 0.105238 0.00758474 0
 0.465427 0.430635 0.0974691 0.00646863 0
 0.296916 0.608066 0.0921331 0.00288517 0
 0.311714 0.524322 0.152257 0.0117073 0
 0.15457 0.633149 0.183074 0.0267441 0.00246327
 0.131901 0.49318 0.331252 0.0422183 0.00144891
 0.196976 0.569456 0.194076 0.0375587 0.00193317
 0.518974 0.381816 0.0799577 0.0180837 0.00116848
 0.0928022 0.601141 0.25162 0.0475244 0.00691264
 0.122501 0.610282 0.24278 0.0234846 0.000952079
 0.383417 0.481906 0.127806 0.00687128 0
 0.0376549 0.599619 0.316969 0.0457579 0
 0.0361596 0.667082 0.258105 0.0386534 0
 0.158088 0.579412 0.248529 0.0139706 0
 0.0477256 0.309471 0.559284 0.082774 0.000745712
 0.0406174 0.521527 0.379366 0.0568643 0.0016247
 0.151134 0.462217 0.34131 0.0453401 0
 0.294876 0.26143 0.354403 0.0886775 0.000613685
 0.281977 0.475581 0.204845 0.0348837 0.00271318
 0 0 0 0 0
pf_pred 
 0.360453 0.321957 0.159879 0.0793937 0.0783166
 0.351572 0.349508 0.150481 0.0747265 0.0737128
 0.276784 0.384403 0.182623 0.0786282 0.0775615
 0.352082 0.296962 0.18654 0.0886217 0.0757944
 0.498694 0.264023 0.108755 0.0683155 0.0602132
 0.39505 0.403427 0.106136 0.0437187 0.0516678
 0.556701 0.26048 0.121918 0.0320748 0.0288263
 0.446468 0.401437 0.0893702 0.0418298 0.020895
 0.549012 0.288381 0.117927 0.0262536 0.0184262
 0.461274 0.39233 0.0936119 0.0382806 0.0145036
 0.31927 0.441057 0.174543 0.0416469 0.0234831
 0.334337 0.348852 0.205268 0.0812321 0.0303114
 0.459476 0.291215 0.130654 0.0768783 0.041776
 0.437527 0.382456 0.096987 0.0435135 0.0395169
 0.513224 0.339415 0.100199 0.0254094 0.0217529
 0.553924 0.331488 0.0798988 0.0235869 0.0111021
 0.465513 0.39456 0.103982 0.0250629 0.0108814
 0.469688 0.34837 0.13431 0.035396 0.0122356
 0.475927 0.342745 0.119118 0.0459244 0.0162866
 0.561207 0.28861 0.0982194 0.0341352 0.0178276
 0.542164 0.333936 0.0814935 0.0277338 0.0146725
 0.460593 0.382007 0.114805 0.0280168 0.0145789
 0.500913 0.318478 0.127907 0.03844 0.0142623
 0.480152 0.351619 0.10735 0.0431142 0.0177646
 0.337254 0.436178 0.153248 0.0467872 0.0265332
pobs_RECLAS
 0 0 0 0 0
 0 0 0 0 0
 0 0 0 0 0
 0 0 0 0 0
 0.835266 0.146461 0.0176864 0.000547809 3.91292e-05
 0.385257 0.428462 0.181853 0.0044286 0
 0.867414 0.0963971 0.0333333 0.00285562 0
 0.441836 0.489002 0.0689373 0.000224442 0
 0.779404 0.147425 0.0564933 0.0165055 0.000172143
 0.814271 0.122319 0.05973 0.00367925 0
 0.40263 0.566651 0.0304383 0.000280538 0
 0.475488 0.404961 0.113038 0.00651328 0
 0.955842 0.0263864 0.0167828 0.000988607 0
 0.975058 0.0227948 0.00214734 0 0
 0.738997 0.206755 0.0527124 0.00153531 0
 0.850938 0.134255 0.0134407 0.00136685 0
 0.542534 0.407297 0.0501686 0 0
 0.764087 0.199537 0.0359546 0.000420521 0
 0.470689 0.182191 0.310203 0.0369168 0
 0.84361 0.089868 0.0606195 0.00523954 0.000663233
 0.607945 0.314616 0.071237 0.00620181 0
 0.523733 0.453247 0.0230204 0 0
 0.530135 0.295979 0.169645 0.0042399 0
 0.562478 0.366248 0.0663022 0.0049721 0
 0.250443 0.683176 0.0655157 0.000865301 0
ppred_RECLAS
 0.361434 0.321463 0.159634 0.0792719 0.0781965
 0.3528 0.348846 0.150196 0.074585 0.0735731
 0.279524 0.382947 0.181931 0.0783303 0.0772676
 0.352683 0.296686 0.186367 0.0885395 0.0757242
 0.498857 0.263937 0.108719 0.0682932 0.0601935
 0.397801 0.401593 0.105653 0.0435199 0.0514328
 0.558175 0.259614 0.121513 0.0319681 0.0287304
 0.449618 0.399152 0.0888615 0.0415917 0.0207761
 0.552213 0.286334 0.11709 0.0260673 0.0182954
 0.463555 0.390669 0.0932156 0.0381185 0.0144422
 0.324629 0.437585 0.173169 0.041319 0.0232982
 0.339411 0.346193 0.203703 0.080613 0.0300804
 0.468861 0.286159 0.128386 0.0755435 0.0410507
 0.457578 0.368822 0.0935296 0.0419623 0.0381082
 0.528291 0.328909 0.0970973 0.0246229 0.0210797
 0.558434 0.328137 0.0790911 0.0233485 0.0109899
 0.468678 0.392224 0.103366 0.0249145 0.0108169
 0.471715 0.347039 0.133797 0.0352607 0.0121888
 0.477653 0.341615 0.118725 0.0457731 0.0162329
 0.562768 0.287584 0.0978701 0.0340139 0.0177642
 0.542844 0.33344 0.0813725 0.0276926 0.0146507
 0.461505 0.381361 0.11461 0.0279694 0.0145543
 0.502099 0.31772 0.127603 0.0383486 0.0142284
 0.481365 0.350799 0.1071 0.0430136 0.0177231
 0.338315 0.435479 0.153003 0.0467122 0.0264907
pobs_PELACES
 0 0 0 0 0
 0 0 0 0 0
 0 0 0 0 0
 0 0 0 0 0
 0 0 0 0 0
 0 0 0 0 0
 0 0 0 0 0
 0 0 0 0 0
 0 0 0 0 0
 0 0 0 0 0
 0.450072 0.473896 0.0757376 0.000293798 0
 0 0 0 0 0
 0.463077 0.371075 0.160297 0.00555027 0
 0.529543 0.364841 0.0842815 0.0213345 0
 0.631943 0.363953 0.00410389 0 0
 0.735681 0.248677 0.0153453 0.000297389 0
 0.695825 0.281241 0.0229344 0 0
 0.275771 0.60734 0.115278 0.00161068 0
 0 0 0 0 0
 0.896147 0.0623911 0.0374545 0.00400742 0
 0.803859 0.145111 0.0509908 3.86294e-05 0
 0.739449 0.233085 0.0266225 0.000797448 4.60066e-05
 0.878498 0.100942 0.0204185 0.000141795 0
 0.694673 0.275183 0.0284847 0.00165964 0
 0 0 0 0 0
ppred_PELACES
 0.366376 0.318975 0.158399 0.0786584 0.0775913
 0.358829 0.345597 0.148797 0.0738902 0.0728878
 0.291181 0.376751 0.178987 0.077063 0.0760175
 0.355839 0.29524 0.185459 0.0881079 0.075355
 0.499768 0.263457 0.108521 0.0681691 0.0600841
 0.4098 0.393591 0.103548 0.0426528 0.0504081
 0.565266 0.255447 0.119562 0.0314551 0.0282694
 0.463046 0.389414 0.0866935 0.040577 0.0202692
 0.56572 0.277697 0.113558 0.0252809 0.0177435
 0.473875 0.383153 0.0914224 0.0373852 0.0141644
 0.344576 0.424661 0.168054 0.0400986 0.0226101
 0.358623 0.336124 0.197779 0.0782685 0.0292055
 0.499367 0.269723 0.121012 0.0712046 0.038693
 0.508838 0.333968 0.0846909 0.0379968 0.034507
 0.570067 0.29978 0.088498 0.0224422 0.0192128
 0.576043 0.315051 0.075937 0.0224174 0.0105516
 0.482156 0.382275 0.100744 0.0242825 0.0105425
 0.481064 0.340897 0.131429 0.0346367 0.0119731
 0.485814 0.336278 0.11687 0.045058 0.0159793
 0.570212 0.282688 0.0962039 0.0334348 0.0174618
 0.546396 0.330849 0.0807402 0.0274774 0.0145369
 0.466159 0.378065 0.11362 0.0277277 0.0144285
 0.507986 0.313964 0.126095 0.0378953 0.0140602
 0.48737 0.346737 0.10586 0.0425155 0.0175179
 0.343605 0.431998 0.15178 0.0463388 0.0262789
pobs_pel_tallas
 0 0 0 0 0 0 0 0 0 0 0 0 0 0 0 0 0 0 0 0 0 0 0 0 0 0 0 0 0 0 0 0 0 0 0 0
 0 0 0 0 0 0 0 0 0 0 0 0 0 0 0 0 0 0 0 0 0 0 0 0 0 0 0 0 0 0 0 0 0 0 0 0
 0 0 0 0 0 0 0 0 0 0 0 0 0 0 0 0 0 0 0 0 0 0 0 0 0 0 0 0 0 0 0 0 0 0 0 0
 0 0 0 0 0 0 0 0 0 0 0 0 0 0 0 0 0 0 0 0 0 0 0 0 0 0 0 0 0 0 0 0 0 0 0 0
 0 0 0 0 0 0 0 0 0 0 0 0 0 0 0 0 0 0 0 0 0 0 0 0 0 0 0 0 0 0 0 0 0 0 0 0
 0 0 0 0 0 0 0 0 0 0 0 0 0 0 0 0 0 0 0 0 0 0 0 0 0 0 0 0 0 0 0 0 0 0 0 0
 0 0 0 0 0 0 0 0 0 0 0 0 0 0 0 0 0 0 0 0 0 0 0 0 0 0 0 0 0 0 0 0 0 0 0 0
 0 0 0 0 0 0 0 0 0 0 0 0 0 0 0 0 0 0 0 0 0 0 0 0 0 0 0 0 0 0 0 0 0 0 0 0
 0 0 0 0 0 0 0 0 0 0 0 0 0 0 0 0 0 0 0 0 0 0 0 0 0 0 0 0 0 0 0 0 0 0 0 0
 0 0 0 0 0 0 0 0 0 0 0 0 0 0 0 0 0 0 0 0 0 0 0 0 0 0 0 0 0 0 0 0 0 0 0 0
 0 0 0 0 0 0 0 0 1.78061e-05 0.00172719 0.00360574 0.0105946 0.0120993 0.0124554 0.0147524 0.0171206 0.0266825 0.0428682 0.0675386 0.121331 0.153587 0.119568 0.100827 0.0573624 0.0630603 0.0341343 0.0324427 0.0444173 0.0211091 0.0280891 0.0125444 0.00206551 0 0 0 0
 0 0 0 0 0 0 0 0 0 0 0 0 0 0 0 0 0 0 0 0 0 0 0 0 0 0 0 0 0 0 0 0 0 0 0 0
 0 0 0 0 0 0 0.0133647 0.0140871 0.0187388 0.0205184 0.03894 0.0496705 0.03968 0.0493445 0.0407372 0.0367815 0.0215668 0.0243155 0.0234873 0.0199281 0.019796 0.0243948 0.0301388 0.0376714 0.0412746 0.0863199 0.0771752 0.113111 0.0741005 0.0525337 0.0229764 0.00759418 0.00175318 0 0 0
 0 0 0 0 0 0 0 0 0 0 0.00219441 0.00772107 0.0458388 0.0604681 0.0671733 0.0775358 0.0609151 0.0617685 0.073594 0.0568108 0.0755445 0.0548602 0.0670107 0.0636378 0.0643287 0.046367 0.0373049 0.0286899 0.0247887 0.0153202 0.00654259 0.00121912 0.000365735 0 0 0
 0 0 0 0 0 0 0 0 0 0 0 0 0.000112435 0.00938835 0.0111873 0.0202946 0.0414886 0.0713402 0.111592 0.104902 0.108894 0.110636 0.117776 0.105296 0.107544 0.0401394 0.0192827 0.0124803 0.00416011 0.0028671 0.000618394 0 0 0 0 0
 0 0 0 0 0 0 0 0 0 0 0.00291406 0.0102884 0.027416 0.0768956 0.0749926 0.110853 0.0956884 0.0897413 0.0766577 0.0534642 0.0500743 0.0551293 0.0594112 0.0620874 0.0668451 0.0424026 0.0208742 0.0120726 0.0048766 0.00582813 0.00118941 0.000297354 0 0 0 0
 0 0.00264628 0.0354308 0.0461629 0.0458689 0.0383711 0.0214643 0.0164657 0.0346957 0.0420465 0.0363128 0.0245516 0.0311673 0.0291091 0.0169068 0.0133784 0.00837989 0.0085269 0.0148486 0.0160247 0.0276389 0.0546898 0.0760071 0.122758 0.109233 0.0665981 0.0333725 0.0166128 0.00676272 0.00308733 0.000882094 0 0 0 0 0
 0 0 0 0 0 0 0 0.000805153 0.000690131 0.00759144 0.0133425 0.0154129 0.00931677 0.000345066 0.00356568 0.00563607 0.00851162 0.0253048 0.0502646 0.0516448 0.0657925 0.0565908 0.0611916 0.0827007 0.0866115 0.110766 0.145733 0.0935128 0.0569358 0.0249597 0.0138026 0.00621118 0.00161031 0.00115022 0 0
 0 0 0 0 0 0 0 0 0 0 0 0 0 0 0 0 0 0 0 0 0 0 0 0 0 0 0 0 0 0 0 0 0 0 0 0
 0.00147267 0.00158595 0.00478618 0.00569244 0.00954404 0.0108468 0.00647125 0.017049 0.0510054 0.094081 0.124002 0.0959785 0.0687766 0.0820023 0.061753 0.0591476 0.0492212 0.0479892 0.0443925 0.0268479 0.0217502 0.0140895 0.0121071 0.0120363 0.00920419 0.00665534 0.0049561 0.00860946 0.00930331 0.0156896 0.0114698 0.00855282 0.00243557 0.00046729 0 2.83206e-05
 0 0 0 0 0.000772559 0.00158375 0.000888443 0.00281984 0.00712685 0.0440552 0.0773331 0.111326 0.0921469 0.0852325 0.0710754 0.0886704 0.0786465 0.0553345 0.0373146 0.0185414 0.00753245 0.00457741 0.012979 0.0271748 0.0457355 0.0583668 0.034881 0.0177882 0.00938659 0.00492506 0.0015258 0.00185414 0.000309023 5.79419e-05 3.86279e-05 0
 0 0.00173294 0.00326652 0 0.00397197 0.00683976 0.00946217 0.0152591 0.00757587 0.0136028 0.0228656 0.0392903 0.0559909 0.0764795 0.0681675 0.0726916 0.0566044 0.0477403 0.0527397 0.0444891 0.0609904 0.0582453 0.0661739 0.0445044 0.0529084 0.0360697 0.0280645 0.0235558 0.0158879 0.00826598 0.00280645 0.00217768 0.000904811 0.00058276 9.20147e-05 0
 0 0 0 0 0 0 0 0 0 0 0 0 0 0 0 0 0 0 0 0 0 0 0 0 0 0 0 0 0 0 0 0 0 0 0 0
 0 0 0 0 0 0 0 0 0 0 0 0 0 0 0 0 0 0 0 0 0 0 0 0 0 0 0 0 0 0 0 0 0 0 0 0
 0 0 0 0 0 0 0 0 0 0 0 0 0 0 0 0 0 0 0 0 0 0 0 0 0 0 0 0 0 0 0 0 0 0 0 0
ppred_pel_tallas
 1.08681e-16 1.60014e-05 9.38742e-05 0.000446151 0.00171756 0.00535592 0.0135289 0.0276839 0.0458968 0.0616615 0.0671614 0.0593875 0.0428311 0.025643 0.0136582 0.00809548 0.00733953 0.00944255 0.013192 0.0179841 0.0234222 0.0290856 0.0344895 0.0391497 0.042676 0.0448481 0.0456456 0.0452202 0.0438275 0.0417441 0.0392016 0.0363548 0.0332883 0.0300454 0.026664 0.023202
 1.0817e-16 1.56734e-05 9.19459e-05 0.000436978 0.00168224 0.00524575 0.0132506 0.0271148 0.0449543 0.060398 0.0657928 0.0581952 0.0420103 0.0252298 0.01358 0.0082681 0.00772452 0.0100489 0.0140508 0.0191214 0.024838 0.03074 0.0362981 0.0409881 0.0443951 0.0462973 0.0466975 0.0457913 0.0438904 0.0413277 0.0383808 0.0352345 0.0319848 0.02867 0.0253112 0.0219429
 1.08864e-16 1.2725e-05 7.4633e-05 0.000354663 0.00136529 0.00425737 0.0107541 0.022007 0.036489 0.049034 0.0534387 0.0473271 0.0342939 0.0208546 0.011697 0.00785026 0.00809205 0.0109218 0.01539 0.0209796 0.0272767 0.0337906 0.0399455 0.0451665 0.048995 0.0511796 0.0517121 0.0507945 0.0487566 0.0459549 0.0426911 0.039171 0.0355083 0.0317574 0.027955 0.0241516
 1.09278e-16 1.5541e-05 9.11733e-05 0.000433315 0.00166815 0.00520183 0.0131396 0.0268873 0.0445759 0.0598859 0.0652251 0.0576698 0.0415803 0.0248708 0.0132053 0.00776555 0.006982 0.00896621 0.0125497 0.0171626 0.0224431 0.0280102 0.0334198 0.0382198 0.0420343 0.0446328 0.045959 0.0461085 0.0452712 0.0436616 0.0414634 0.0388056 0.0357707 0.0324203 0.0288243 0.0250792
 1.06777e-16 2.18156e-05 0.000128014 0.000608466 0.00234254 0.0073049 0.0184518 0.037756 0.0625897 0.084071 0.0915248 0.0808241 0.0580588 0.0342928 0.017411 0.00898628 0.00672109 0.00788123 0.0107788 0.014626 0.0190025 0.0235363 0.0278227 0.0314641 0.0341464 0.0357007 0.0361278 0.0355726 0.0342655 0.0324507 0.0303291 0.0280303 0.025618 0.0231147 0.0205343 0.0179051
 1.0542e-16 1.78979e-05 0.000105001 0.000499035 0.00192115 0.0059908 0.0151326 0.0309658 0.0513385 0.0689743 0.0751319 0.0664481 0.0479507 0.0287618 0.0154135 0.00927314 0.00853211 0.010999 0.0152885 0.0206757 0.0266485 0.0326557 0.0380779 0.0423183 0.044928 0.0457035 0.0447237 0.0423073 0.0389156 0.0350306 0.0310538 0.0272506 0.0237466 0.0205617 0.0176607 0.0149978
 1.04183e-16 2.46714e-05 0.00014478 0.000688177 0.00264945 0.00826199 0.0208693 0.0427023 0.070788 0.0950787 0.103497 0.0913696 0.0655751 0.0386134 0.0193838 0.00964206 0.00676445 0.00763653 0.0103366 0.0139763 0.0181021 0.0223332 0.0262631 0.0294952 0.0317177 0.0327664 0.0326505 0.0315299 0.0296588 0.0273143 0.0247365 0.0220967 0.0194949 0.0169789 0.0145709 0.0122889
 1.03699e-16 2.02195e-05 0.000118632 0.000563836 0.00217066 0.00676887 0.0170979 0.034987 0.0580034 0.0779233 0.0848652 0.0750219 0.0540624 0.0322766 0.017021 0.00981154 0.00857364 0.0108056 0.0149297 0.020137 0.0258851 0.0316135 0.0367013 0.0405554 0.0427353 0.0430514 0.0416014 0.0387284 0.034921 0.0306901 0.0264644 0.0225307 0.0190273 0.0159761 0.0133318 0.0110283
 1.03401e-16 2.46922e-05 0.0001449 0.000688741 0.00265161 0.00826873 0.0208863 0.0427374 0.0708467 0.0951594 0.10359 0.0914628 0.0656669 0.0387173 0.0195277 0.00986335 0.00710547 0.00814028 0.0110404 0.0149024 0.0192466 0.0236568 0.0276871 0.0309061 0.0329801 0.0337431 0.0332243 0.0316229 0.0292434 0.0264152 0.0234234 0.0204705 0.0176719 0.0150754 0.0126911 0.0105171
 1.0337e-16 2.06915e-05 0.000121403 0.000577012 0.00222139 0.00692708 0.0174976 0.0358045 0.0593584 0.0797422 0.0868425 0.076761 0.0552966 0.0329751 0.0173193 0.0098736 0.00850814 0.0106577 0.014707 0.0198339 0.0254962 0.0311397 0.0361516 0.0399461 0.042087 0.0423849 0.0409335 0.0380685 0.0342709 0.0300454 0.0258179 0.0218767 0.0183645 0.0153093 0.012672 0.0103907
 1.04959e-16 1.50553e-05 8.83094e-05 0.000419672 0.00161558 0.00503786 0.0127256 0.0260411 0.0431769 0.0580183 0.0632221 0.0559727 0.0405174 0.0245561 0.0136211 0.0089106 0.00895351 0.0119471 0.0167411 0.0227013 0.0293232 0.0360231 0.0421286 0.0469815 0.0500736 0.0511542 0.0502731 0.0477408 0.0440298 0.0396496 0.0350409 0.0305163 0.0262524 0.0223205 0.018732 0.0154788
 1.06972e-16 1.56642e-05 9.18925e-05 0.000436725 0.00168126 0.00524272 0.013243 0.027099 0.044928 0.0603622 0.0657526 0.0581568 0.0419763 0.0251973 0.0135414 0.0082146 0.00764846 0.00994657 0.0139252 0.0189852 0.0247163 0.0306702 0.036326 0.0411594 0.0447438 0.0468322 0.0473924 0.0465814 0.0446768 0.0419914 0.0388025 0.0353155 0.0316648 0.0279374 0.0242042 0.020541
 1.06061e-16 2.17984e-05 0.000127912 0.000607982 0.00234067 0.00729908 0.0184371 0.037726 0.0625401 0.084005 0.0914547 0.0807661 0.0580259 0.034291 0.0174427 0.00905585 0.00683811 0.00805983 0.0110348 0.0149728 0.0194471 0.0240751 0.0284382 0.0321245 0.0348069 0.0363077 0.0366242 0.0359049 0.0343898 0.0323378 0.0299677 0.0274284 0.0248021 0.0221273 0.0194291 0.0167417
 1.0423e-16 2.2214e-05 0.000130346 0.000619539 0.00238515 0.00743775 0.0187874 0.0384433 0.0637308 0.085609 0.0932132 0.0823482 0.0592258 0.0351264 0.0180988 0.00976691 0.00781079 0.00945354 0.0129612 0.0174853 0.0225175 0.0275716 0.0321173 0.0356472 0.0377808 0.0383476 0.0374182 0.0352684 0.0322958 0.0289164 0.0254773 0.022209 0.0192212 0.0165322 0.0141104 0.0119135
 1.03023e-16 2.48825e-05 0.000146016 0.000694041 0.00267201 0.00833234 0.021047 0.0430664 0.0713925 0.095894 0.104393 0.0921817 0.0662032 0.0390739 0.0197814 0.0101104 0.00742632 0.00859201 0.0116588 0.0157007 0.0202091 0.0247326 0.0287888 0.0319167 0.0337693 0.0341888 0.0332357 0.0311582 0.0283177 0.0250973 0.0218221 0.0187152 0.0158918 0.0133824 0.0111684 0.0092148
 1.02444e-16 2.51437e-05 0.000147548 0.000701322 0.00270004 0.00841973 0.0212678 0.0435182 0.0721418 0.0969014 0.105492 0.0931577 0.0669163 0.039519 0.020051 0.0103189 0.0076632 0.00891368 0.0120968 0.0162665 0.0208926 0.0254979 0.0295732 0.0326351 0.0343245 0.034487 0.0332022 0.0307509 0.0275343 0.0239746 0.0204292 0.0171412 0.0142328 0.0117288 0.00959634 0.007781
 1.02882e-16 2.10526e-05 0.000123523 0.000587091 0.0022602 0.00704809 0.0178032 0.0364299 0.060395 0.0811341 0.0883564 0.0780949 0.056248 0.0335235 0.0175727 0.00996341 0.00852511 0.010645 0.0146789 0.0197921 0.0254382 0.0310611 0.0360464 0.0398061 0.0419013 0.0421399 0.0406134 0.0376572 0.0337546 0.0294158 0.0250749 0.0210305 0.0174362 0.0143291 0.0116761 0.00941709
 1.03727e-16 2.10034e-05 0.000123238 0.000585742 0.00225502 0.00703195 0.0177624 0.0363461 0.060255 0.0809427 0.0881396 0.0778831 0.0560517 0.0333192 0.0173071 0.009566 0.00791886 0.00975474 0.0134426 0.0181775 0.0234623 0.0288058 0.0336632 0.0375054 0.0399252 0.0407235 0.0399434 0.0378385 0.034793 0.0312208 0.0274803 0.0238255 0.0203999 0.0172607 0.0144152 0.0118538
 1.04064e-16 2.12102e-05 0.000124453 0.000591521 0.00227727 0.00710134 0.0179377 0.0367047 0.0608492 0.0817401 0.0890057 0.0786433 0.0565876 0.0336153 0.0174195 0.00956189 0.00783931 0.00961151 0.01323 0.0178842 0.0230791 0.0283301 0.0331022 0.0368773 0.0392587 0.0400555 0.0393154 0.0372919 0.0343646 0.0309388 0.0273611 0.0238723 0.0206024 0.0175964 0.0148526 0.0123558
 1.03423e-16 2.48882e-05 0.00014605 0.000694209 0.00267266 0.00833438 0.0210521 0.0430767 0.0714093 0.0959151 0.104413 0.0921899 0.0661901 0.039028 0.0196882 0.00994961 0.00717189 0.00821479 0.0111327 0.0150107 0.0193603 0.0237566 0.027747 0.0308957 0.0328705 0.0335127 0.0328647 0.0311423 0.0286672 0.0257821 0.0227795 0.0198617 0.0171367 0.0146399 0.012367 0.010302
 1.02878e-16 2.38516e-05 0.000139961 0.000665248 0.00256114 0.00798659 0.0201737 0.0412798 0.0684321 0.0919214 0.100079 0.0883962 0.0635374 0.0376067 0.0192348 0.0101504 0.00784661 0.00932794 0.0127255 0.0171317 0.0220174 0.0268895 0.0312157 0.0344895 0.0363336 0.0365843 0.0353222 0.0328375 0.0295458 0.0258842 0.0222214 0.0188078 0.0157678 0.0131266 0.0108505 0.00888608
 1.03363e-16 2.03549e-05 0.000119427 0.00056762 0.00218523 0.00681431 0.0172127 0.0352217 0.0583922 0.0784445 0.0854301 0.0755146 0.054403 0.0324512 0.0170611 0.0097543 0.00843889 0.0105951 0.014638 0.0197623 0.0254372 0.0311176 0.036198 0.0400959 0.0423722 0.0428274 0.0415386 0.0388213 0.0351362 0.0309724 0.0267477 0.022751 0.019135 0.0159431 0.0131547 0.0107252
 1.03852e-16 2.21762e-05 0.000130125 0.000618494 0.00238113 0.00742523 0.0187558 0.0383784 0.0636227 0.0854624 0.09305 0.0821954 0.0590972 0.035013 0.017973 0.00959354 0.00755478 0.00908483 0.0124596 0.0168473 0.0217642 0.0267539 0.0313154 0.0349614 0.0373153 0.0381892 0.0376159 0.0358198 0.0331442 0.0299599 0.0265875 0.0232546 0.0200908 0.0171496 0.014443 0.0119701
 1.03896e-16 2.12785e-05 0.000124852 0.000593419 0.00228457 0.00712411 0.0179952 0.0368225 0.0610447 0.0820035 0.0892944 0.0789027 0.0567839 0.033751 0.0175245 0.00967382 0.00799095 0.00982747 0.0135266 0.0182681 0.0235436 0.0288517 0.0336402 0.0373769 0.0396586 0.0402978 0.0393566 0.0371115 0.0339684 0.030358 0.0266456 0.0230819 0.0197973 0.0168286 0.0141611 0.0117644
 1.05116e-16 1.50132e-05 8.80616e-05 0.000418493 0.00161103 0.00502369 0.0126898 0.025968 0.0430559 0.0578563 0.0630473 0.0558219 0.040417 0.0245125 0.0136277 0.00895988 0.00904432 0.0120838 0.0169293 0.0229424 0.0296105 0.0363395 0.0424466 0.0472664 0.0502894 0.051271 0.0502743 0.0476276 0.0438222 0.0393826 0.0347579 0.0302606 0.0260596 0.0222129 0.018717 0.0155495
pSPR Fmed_Fpbrs
0.644614   0.254687 0.254687
Fs Fmed_Fpbrs
0.234106   1.005 1.005
SSBpbr Bo_Bmed_Bpbrs
1.16901e+06  695108  239281 239281
Ro
47098.7
SPR SPRFo_SPRFmed_SPRFpbrs
970681 625715 247220
log_Ro
10.58
likeval ReclasPelacesDesembMPH_pf_preclas_ppelaces_ptallas_desvR_qrecl_qpela
 131.509 69.4497 0.0537352 0.000830576 312.58 211.773 74.2414 0 12.8278 0 0 0 0 0 0
q_reclas_q_pelaces
1 1
M
0.7
N
 60961.3 28001.1 13904.9 6904.99 6811.32
 55152.7 28375.9 12217.2 6066.9 5984.6
 33856.2 25289.7 12014.7 5172.92 5102.74
 32918.3 14138.3 8881.16 4219.27 3608.57
 58936.5 15677.5 6457.76 4056.52 3575.41
 53173.7 28945.6 7615.16 3136.79 3707.13
 93458.5 22703.8 10626.5 2795.68 2512.54
 88272.6 42531.2 9468.54 4431.76 2213.78
 132066 37203.6 15213.6 3386.94 2377.14
 123801 55548.5 13254.2 5420 2053.51
 70237.8 54222.5 21457.9 5119.96 2886.95
 45858.5 26584.9 15642.8 6190.45 2309.94
 47992.8 17624.2 7907.14 4652.63 2528.26
 29912.9 16457.7 4173.52 1872.46 1700.48
 19824.3 7970.24 2352.89 596.671 510.809
 18018.9 5901.86 1422.53 419.945 197.663
 15853.1 7199.55 1897.36 457.323 198.552
 17165.4 6683.19 2576.62 679.042 234.729
 20249.7 7608.9 2644.4 1019.52 361.561
 34044.2 9107.39 3099.41 1077.17 562.569
 49136.8 15422.1 3763.61 1280.82 677.619
 54967.9 23364.2 7021.64 1713.55 891.671
 78660.9 25791.6 10358.5 3113.03 1155.02
 96247.4 36371.7 11104.4 4459.75 1837.58
 66624.8 44436.7 15612.6 4766.56 2703.13
pred_Ctot
 2756.92 2462.48 1222.83 607.241 599.003
 3052.76 3034.84 1306.65 648.863 640.06
 3911.67 5432.6 2580.93 1111.22 1096.14
 971.578 819.471 514.761 244.553 209.156
 465.723 246.567 101.564 63.7989 56.2322
 5407.5 5522.17 1452.8 598.427 707.235
 5645.84 2641.68 1236.44 325.29 292.345
 9694.83 8717.02 1940.63 908.315 453.726
 14670.7 7706.15 3151.26 701.551 492.387
 10583.9 9001.95 2147.91 878.342 332.783
 12200.8 16854.9 6670.11 1591.52 897.398
 7566.91 7895.43 4645.74 1838.49 686.026
 10909.6 6914.47 3102.2 1825.36 991.911
 10329 9028.93 2289.65 1027.26 932.908
 5879.01 3888.01 1147.78 291.066 249.181
 2563.9 1534.33 369.821 109.175 51.3872
 1738.6 1473.61 388.353 93.6051 40.6397
 1334.08 989.492 381.487 100.537 34.7533
 1381.23 994.712 345.703 133.282 47.2669
 2160.14 1110.89 378.056 131.39 68.6203
 1504.74 926.817 226.18 76.9731 40.7226
 2186.19 1813.18 544.915 132.981 69.1983
 3912.03 2487.25 998.933 300.209 111.386
 4884.21 3576.75 1091.99 438.568 180.705
 3312.44 4284.06 1505.18 459.535 260.604
F
 0.0646981 0.129396 0.129396 0.129396 0.129396
 0.0797059 0.159412 0.159412 0.159412 0.159412
 0.173234 0.346467 0.346467 0.346467 0.346467
 0.0418032 0.0836063 0.0836063 0.0836063 0.0836063
 0.0110416 0.0220833 0.0220833 0.0220833 0.0220833
 0.151033 0.302066 0.302066 0.302066 0.302066
 0.0872785 0.174557 0.174557 0.174557 0.174557
 0.164025 0.328049 0.328049 0.328049 0.328049
 0.166047 0.332094 0.332094 0.332094 0.332094
 0.125582 0.251164 0.251164 0.251164 0.251164
 0.271542 0.543085 0.543085 0.543085 0.543085
 0.256289 0.512578 0.512578 0.512578 0.512578
 0.370256 0.740512 0.740512 0.740512 0.740512
 0.622575 1.24515 1.24515 1.24515 1.24515
 0.511639 1.02328 1.02328 1.02328 1.02328
 0.217401 0.434801 0.434801 0.434801 0.434801
 0.163769 0.327539 0.327539 0.327539 0.327539
 0.113575 0.227149 0.227149 0.227149 0.227149
 0.099053 0.198106 0.198106 0.198106 0.198106
 0.0918545 0.183709 0.183709 0.183709 0.183709
 0.0434038 0.0868076 0.0868076 0.0868076 0.0868076
 0.0566997 0.113399 0.113399 0.113399 0.113399
 0.0713555 0.142711 0.142711 0.142711 0.142711
 0.0728575 0.145715 0.145715 0.145715 0.145715
 0.0713333 0.142667 0.142667 0.142667 0.142667
nmprior
 10 11 7 0
nm_flota  nm_reclas  nm_pelaces    nm_pelaL
inf 13.3009 13.2854 22.287
cv_recla  cv_pelaces  cv_mph
1.0373 0.980618 0.935035
 ------------------------------------------------
Talla a la edad & desviación 
 7.2 14.2025 17.0495 18.207 18.6776
 1.08 2.13037 2.55742 2.73105 2.80164
