years
 1997 1998 1999 2000 2001 2002 2003 2004 2005 2006 2007 2008 2009 2010 2011 2012 2013 2014 2015 2016 2017 2018 2019 2020 2021
reclasobs
 0 0 0 370054 412103 1.49427e+06 250295 1.28982e+06 931140 785840 897777 1.04006e+06 184774 17550 25797 100020 73551 82996 120727 218422 84188 347160 605670 569463 516374
reclaspred
 3.22535e+06 599726 1.60006e+06 877680 857668 997106 1.84968e+06 1.22041e+06 1.35482e+06 1.29424e+06 1.11564e+06 765751 488266 279971 213033 201987 223275 332459 392878 511545 730621 724799 1.25126e+06 1.51312e+06 2.21975e+06
pelacesobs
 0 0 0 0 0 0 0 0 0 2.06254e+06 1.5e+06 0 1.87456e+06 323000 250000 174000 83755 137374 0 501740 490994 745055 786931 1.00524e+06 0
pelacespred
 1.86685e+06 720763 598775 657072 540158 508233 945405 843701 792074 785500 584051 413468 262804 129865 98619.8 104040 119886 174856 217636 274581 426521 438887 573647 826894 1.22039e+06
mphobs
 0 0 0 0 0 112323 0 153150 637223 0 255016 313432 73983 77613 109348 50772 0 0 0 0 0 0 0 0 0
mphpred
 2.35949e+06 1.21152e+06 933913 1.01174e+06 734298 887307 1.17688e+06 1.37001e+06 1.14745e+06 1.21045e+06 1.1392e+06 801886 514976 324157 196651 174751 179641 245958 333478 394503 555448 670848 856111 1.18724e+06 1.78204e+06
desembarqueobs
 350755 77701 442110 56441 14545 235359 269955 359681 431902 328805 639364 411747 362871 311530 167758 66681 60226 58785 57116 71774 51957 67425 138520 160799 200461
desembarquepred
 351061 77752.9 441762 56396.7 14532.2 235416 270032 359981 432565 329334 640008 412177 363565 311733 167840 66703.9 60202.9 58752 57010.8 71633.3 51973.9 67318 138246 160773 200384
Reclutas
 78142.9 67527 38889.6 41854.1 78645.5 54829.9 102309 90150.8 128223 118331 72873.2 45795.1 56729.7 35843.9 20514.4 18105.6 18509.8 24274.1 26461 38773 57045.4 72642 107366 139044 161573
log_desv_Rt
 0.326294 0.180283 -0.371517 -0.298055 0.332706 -0.0280095 0.595754 0.469239 0.821528 0.74124 0.256476 -0.208067 0.00605319 -0.45307 -1.01112 -1.13602 -1.11394 -0.842836 -0.756572 -0.374521 0.0116032 0.253298 0.644002 0.902545 1.05271
SSB
 2.35949e+06 1.21152e+06 933913 1.01174e+06 734298 887307 1.17688e+06 1.37001e+06 1.14745e+06 1.21045e+06 1.1392e+06 801886 514976 324157 196651 174751 179641 245958 333478 394503 555448 670848 856111 1.18724e+06 1.78204e+06
BT
 4.81626e+06 1.48831e+06 1.58914e+06 1.35774e+06 1.18607e+06 1.17206e+06 2.55505e+06 2.22113e+06 2.30392e+06 2.05486e+06 1.82395e+06 1.25013e+06 956841 576650 369319 277819 325056 449254 503318 666512 1.03484e+06 950693 1.30071e+06 1.93005e+06 2.75169e+06
Ftot
 0.106012 0.126121 0.265973 0.062741 0.0165888 0.228056 0.141951 0.284158 0.307332 0.245789 0.540839 0.50867 0.694107 1.004 0.731835 0.317239 0.260282 0.171537 0.141055 0.136193 0.069454 0.0905566 0.107611 0.103534 0.0880293
BD_Bspro_t
 0.984177 0.898131 0.824851 0.703202 0.749357 0.826538 0.764728 0.766002 0.698827 0.662763 0.622008 0.462223 0.3619 0.292352 0.214879 0.225169 0.296599 0.453258 0.591038 0.684899 0.771554 0.842106 0.851923 0.852771 0.85643
BD_Bspro
 2.03034 1.04251 0.803631 0.870602 0.631863 0.763526 1.01271 1.17889 0.987379 1.04159 0.980277 0.690022 0.443137 0.278937 0.169218 0.150373 0.154581 0.211647 0.286957 0.339469 0.477963 0.577264 0.736682 1.02162 1.53345
BD_Bo
 1.78655 0.917333 0.707136 0.766064 0.555992 0.671846 0.891105 1.03734 0.86882 0.916524 0.86257 0.607168 0.389927 0.245444 0.148899 0.132317 0.13602 0.186233 0.252501 0.298708 0.420571 0.50795 0.648225 0.89895 1.34932
BD_Brms
 8.72818 4.48164 3.45472 3.74261 2.7163 3.28231 4.3535 5.06791 4.24462 4.47768 4.21409 2.96632 1.90499 1.19912 0.727448 0.646437 0.664526 0.909843 1.23359 1.45934 2.0547 2.48159 3.16691 4.39183 6.5921
S_f
 0.5 1 1 1 1
 0.5 1 1 1 1
 0.5 1 1 1 1
 0.5 1 1 1 1
 0.5 1 1 1 1
 0.5 1 1 1 1
 0.5 1 1 1 1
 0.5 1 1 1 1
 0.5 1 1 1 1
 0.5 1 1 1 1
 0.5 1 1 1 1
 0.5 1 1 1 1
 0.5 1 1 1 1
 0.5 1 1 1 1
 0.5 1 1 1 1
 0.5 1 1 1 1
 0.5 1 1 1 1
 0.5 1 1 1 1
 0.5 1 1 1 1
 0.5 1 1 1 1
 0.5 1 1 1 1
 0.5 1 1 1 1
 0.5 1 1 1 1
 0.5 1 1 1 1
 0.5 1 1 1 1
Scru_reclas
 0.5 1 1 1 1
 0.5 1 1 1 1
 0.5 1 1 1 1
 0.5 1 1 1 1
 0.5 1 1 1 1
 0.5 1 1 1 1
 0.5 1 1 1 1
 0.5 1 1 1 1
 0.5 1 1 1 1
 0.5 1 1 1 1
 0.5 1 1 1 1
 0.5 1 1 1 1
 0.5 1 1 1 1
 0.5 1 1 1 1
 0.5 1 1 1 1
 0.5 1 1 1 1
 0.5 1 1 1 1
 0.5 1 1 1 1
 0.5 1 1 1 1
 0.5 1 1 1 1
 0.5 1 1 1 1
 0.5 1 1 1 1
 0.5 1 1 1 1
 0.5 1 1 1 1
 0.5 1 1 1 1
Scru_pelaces
 0.5 1 1 1 1
 0.5 1 1 1 1
 0.5 1 1 1 1
 0.5 1 1 1 1
 0.5 1 1 1 1
 0.5 1 1 1 1
 0.5 1 1 1 1
 0.5 1 1 1 1
 0.5 1 1 1 1
 0.5 1 1 1 1
 0.5 1 1 1 1
 0.5 1 1 1 1
 0.5 1 1 1 1
 0.5 1 1 1 1
 0.5 1 1 1 1
 0.5 1 1 1 1
 0.5 1 1 1 1
 0.5 1 1 1 1
 0.5 1 1 1 1
 0.5 1 1 1 1
 0.5 1 1 1 1
 0.5 1 1 1 1
 0.5 1 1 1 1
 0.5 1 1 1 1
 0.5 1 1 1 1
pf_obs 
 0.256992 0.487395 0.22802 0.0275931 0
 0.321318 0.546541 0.124235 0.00734118 0.000564706
 0.182869 0.594174 0.210203 0.0122559 0.00049798
 0.330522 0.361315 0.267642 0.0388342 0.00168674
 0.649043 0.306663 0.0425973 0.00169635 0
 0.582887 0.30429 0.105238 0.00758474 0
 0.465427 0.430635 0.0974691 0.00646863 0
 0.296916 0.608066 0.0921331 0.00288517 0
 0.311714 0.524322 0.152257 0.0117073 0
 0.15457 0.633149 0.183074 0.0267441 0.00246327
 0.131901 0.49318 0.331252 0.0422183 0.00144891
 0.196976 0.569456 0.194076 0.0375587 0.00193317
 0.518974 0.381816 0.0799577 0.0180837 0.00116848
 0.0928022 0.601141 0.25162 0.0475244 0.00691264
 0.122501 0.610282 0.24278 0.0234846 0.000952079
 0.383417 0.481906 0.127806 0.00687128 0
 0.0376549 0.599619 0.316969 0.0457579 0
 0.0361596 0.667082 0.258105 0.0386534 0
 0.158088 0.579412 0.248529 0.0139706 0
 0.0477256 0.309471 0.559284 0.082774 0.000745712
 0.0406174 0.521527 0.379366 0.0568643 0.0016247
 0.151134 0.462217 0.34131 0.0453401 0
 0.294876 0.26143 0.354403 0.0886775 0.000613685
 0.281977 0.475581 0.204845 0.0348837 0.00271318
 0 0 0 0 0
pf_pred 
 0.37517 0.314549 0.1562 0.0775667 0.0765144
 0.342746 0.363487 0.147886 0.0734382 0.0724419
 0.253455 0.387772 0.198415 0.0807261 0.079631
 0.346714 0.276289 0.195821 0.100198 0.0809787
 0.504344 0.257396 0.100765 0.0714179 0.0660769
 0.332942 0.447956 0.11378 0.0445428 0.0607788
 0.528339 0.243307 0.153349 0.0389505 0.0360548
 0.414565 0.409747 0.0906288 0.0571207 0.0279385
 0.516273 0.293045 0.133458 0.0295186 0.0277045
 0.444215 0.388997 0.101042 0.0460163 0.0197305
 0.331018 0.422587 0.172453 0.0447947 0.0291474
 0.330944 0.359436 0.195583 0.0798151 0.0342221
 0.49707 0.268899 0.125728 0.0684136 0.0398895
 0.436066 0.399696 0.0878118 0.041058 0.0353676
 0.427612 0.388217 0.130534 0.0286779 0.0249593
 0.4713 0.343965 0.125295 0.0421293 0.0173111
 0.457532 0.358814 0.119483 0.0435236 0.0206478
 0.50169 0.321454 0.116981 0.038954 0.0209213
 0.455656 0.369546 0.11276 0.0410347 0.0210031
 0.50885 0.312054 0.121585 0.0370994 0.0204112
 0.523698 0.325263 0.0959628 0.0373899 0.0176856
 0.483574 0.357152 0.108768 0.0320898 0.0184172
 0.511803 0.321073 0.11558 0.0351991 0.0163449
 0.490376 0.34842 0.106019 0.038165 0.01702
 0.454981 0.362218 0.124977 0.0380288 0.0197947
pobs_RECLAS
 0 0 0 0 0
 0 0 0 0 0
 0 0 0 0 0
 0 0 0 0 0
 0.835266 0.146461 0.0176864 0.000547809 3.91292e-05
 0.385257 0.428462 0.181853 0.0044286 0
 0.867414 0.0963971 0.0333333 0.00285562 0
 0.441836 0.489002 0.0689373 0.000224442 0
 0.779404 0.147425 0.0564933 0.0165055 0.000172143
 0.814271 0.122319 0.05973 0.00367925 0
 0.40263 0.566651 0.0304383 0.000280538 0
 0.475488 0.404961 0.113038 0.00651328 0
 0.955842 0.0263864 0.0167828 0.000988607 0
 0.975058 0.0227948 0.00214734 0 0
 0.738997 0.206755 0.0527124 0.00153531 0
 0.850938 0.134255 0.0134407 0.00136685 0
 0.542534 0.407297 0.0501686 0 0
 0.764087 0.199537 0.0359546 0.000420521 0
 0.470689 0.182191 0.310203 0.0369168 0
 0.84361 0.089868 0.0606195 0.00523954 0.000663233
 0.607945 0.314616 0.071237 0.00620181 0
 0.523733 0.453247 0.0230204 0 0
 0.530135 0.295979 0.169645 0.0042399 0
 0.562478 0.366248 0.0663022 0.0049721 0
 0.250443 0.683176 0.0655157 0.000865301 0
ppred_RECLAS
 0.37597 0.314146 0.156 0.0774675 0.0764165
 0.343678 0.362972 0.147677 0.0733341 0.0723392
 0.255321 0.386803 0.19792 0.0805244 0.079432
 0.347152 0.276104 0.19569 0.10013 0.0809243
 0.504466 0.257332 0.100741 0.0714003 0.0660606
 0.33476 0.446736 0.11347 0.0444214 0.0606132
 0.529514 0.2427 0.152967 0.0388534 0.0359649
 0.417155 0.407934 0.0902279 0.0568679 0.0278149
 0.519206 0.291269 0.132649 0.0293396 0.0275366
 0.446423 0.387451 0.100641 0.0458335 0.0196521
 0.336447 0.419158 0.171053 0.0444312 0.0289108
 0.335941 0.356751 0.194122 0.079219 0.0339665
 0.505679 0.264295 0.123576 0.0672425 0.0392066
 0.45055 0.389431 0.0855565 0.0400035 0.0344592
 0.436718 0.38204 0.128458 0.0282216 0.0245622
 0.474346 0.341983 0.124573 0.0418866 0.0172114
 0.459911 0.35724 0.118959 0.0433328 0.0205572
 0.503154 0.320509 0.116637 0.0388395 0.0208598
 0.456819 0.368757 0.112519 0.0409471 0.0209582
 0.509975 0.311339 0.121307 0.0370144 0.0203644
 0.524236 0.324896 0.0958544 0.0373477 0.0176657
 0.484291 0.356656 0.108617 0.0320453 0.0183916
 0.512669 0.320503 0.115375 0.0351366 0.0163159
 0.491206 0.347852 0.105847 0.0381029 0.0169923
 0.455671 0.36176 0.124819 0.0379806 0.0197697
pobs_PELACES
 0 0 0 0 0
 0 0 0 0 0
 0 0 0 0 0
 0 0 0 0 0
 0 0 0 0 0
 0 0 0 0 0
 0 0 0 0 0
 0 0 0 0 0
 0 0 0 0 0
 0 0 0 0 0
 0.450072 0.473896 0.0757376 0.000293798 0
 0 0 0 0 0
 0.463077 0.371075 0.160297 0.00555027 0
 0.529543 0.364841 0.0842815 0.0213345 0
 0.631943 0.363953 0.00410389 0 0
 0.735681 0.248677 0.0153453 0.000297389 0
 0.695825 0.281241 0.0229344 0 0
 0.275771 0.60734 0.115278 0.00161068 0
 0 0 0 0 0
 0.896147 0.0623911 0.0374545 0.00400742 0
 0.803859 0.145111 0.0509908 3.86294e-05 0
 0.739449 0.233085 0.0266225 0.000797448 4.60066e-05
 0.878498 0.100942 0.0204185 0.000141795 0
 0.694673 0.275183 0.0284847 0.00165964 0
 0 0 0 0 0
ppred_PELACES
 0.380082 0.312076 0.154972 0.0769569 0.0759129
 0.348387 0.360368 0.146617 0.0728079 0.0718202
 0.263754 0.382423 0.195678 0.0796125 0.0785324
 0.349502 0.27511 0.194985 0.0997701 0.080633
 0.50515 0.256977 0.100602 0.0713017 0.0659694
 0.343191 0.441074 0.112032 0.0438584 0.0598449
 0.535345 0.239693 0.151071 0.0383719 0.0355192
 0.428597 0.399926 0.0884566 0.0557515 0.0272689
 0.53185 0.283609 0.129161 0.0285681 0.0268124
 0.456466 0.380422 0.0988147 0.045002 0.0192956
 0.356651 0.406395 0.165845 0.0430783 0.0280306
 0.354915 0.346558 0.188576 0.0769555 0.032996
 0.534258 0.249016 0.116432 0.063355 0.03694
 0.491803 0.360192 0.0791329 0.037 0.031872
 0.466615 0.361763 0.121639 0.0267237 0.0232586
 0.487412 0.333482 0.121477 0.0408454 0.0167836
 0.470595 0.350173 0.116605 0.0424755 0.0201506
 0.510229 0.315945 0.114977 0.0382865 0.0205628
 0.462599 0.364833 0.111321 0.0405113 0.0207352
 0.51559 0.307772 0.119917 0.0365903 0.0201311
 0.527094 0.322945 0.0952787 0.0371234 0.0175596
 0.488023 0.354075 0.10783 0.0318133 0.0182585
 0.517104 0.317586 0.114326 0.0348169 0.0161675
 0.495476 0.344933 0.104958 0.0377831 0.0168497
 0.459276 0.359364 0.123992 0.0377291 0.0196387
pobs_pel_tallas
 0 0 0 0 0 0 0 0 0 0 0 0 0 0 0 0 0 0 0 0 0 0 0 0 0 0 0 0 0 0 0 0 0 0 0 0
 0 0 0 0 0 0 0 0 0 0 0 0 0 0 0 0 0 0 0 0 0 0 0 0 0 0 0 0 0 0 0 0 0 0 0 0
 0 0 0 0 0 0 0 0 0 0 0 0 0 0 0 0 0 0 0 0 0 0 0 0 0 0 0 0 0 0 0 0 0 0 0 0
 0 0 0 0 0 0 0 0 0 0 0 0 0 0 0 0 0 0 0 0 0 0 0 0 0 0 0 0 0 0 0 0 0 0 0 0
 0 0 0 0 0 0 0 0 0 0 0 0 0 0 0 0 0 0 0 0 0 0 0 0 0 0 0 0 0 0 0 0 0 0 0 0
 0 0 0 0 0 0 0 0 0 0 0 0 0 0 0 0 0 0 0 0 0 0 0 0 0 0 0 0 0 0 0 0 0 0 0 0
 0 0 0 0 0 0 0 0 0 0 0 0 0 0 0 0 0 0 0 0 0 0 0 0 0 0 0 0 0 0 0 0 0 0 0 0
 0 0 0 0 0 0 0 0 0 0 0 0 0 0 0 0 0 0 0 0 0 0 0 0 0 0 0 0 0 0 0 0 0 0 0 0
 0 0 0 0 0 0 0 0 0 0 0 0 0 0 0 0 0 0 0 0 0 0 0 0 0 0 0 0 0 0 0 0 0 0 0 0
 0 0 0 0 0 0 0 0 0 0 0 0 0 0 0 0 0 0 0 0 0 0 0 0 0 0 0 0 0 0 0 0 0 0 0 0
 0 0 0 0 0 0 0 0 1.78061e-05 0.00172719 0.00360574 0.0105946 0.0120993 0.0124554 0.0147524 0.0171206 0.0266825 0.0428682 0.0675386 0.121331 0.153587 0.119568 0.100827 0.0573624 0.0630603 0.0341343 0.0324427 0.0444173 0.0211091 0.0280891 0.0125444 0.00206551 0 0 0 0
 0 0 0 0 0 0 0 0 0 0 0 0 0 0 0 0 0 0 0 0 0 0 0 0 0 0 0 0 0 0 0 0 0 0 0 0
 0 0 0 0 0 0 0.0133647 0.0140871 0.0187388 0.0205184 0.03894 0.0496705 0.03968 0.0493445 0.0407372 0.0367815 0.0215668 0.0243155 0.0234873 0.0199281 0.019796 0.0243948 0.0301388 0.0376714 0.0412746 0.0863199 0.0771752 0.113111 0.0741005 0.0525337 0.0229764 0.00759418 0.00175318 0 0 0
 0 0 0 0 0 0 0 0 0 0 0.00219441 0.00772107 0.0458388 0.0604681 0.0671733 0.0775358 0.0609151 0.0617685 0.073594 0.0568108 0.0755445 0.0548602 0.0670107 0.0636378 0.0643287 0.046367 0.0373049 0.0286899 0.0247887 0.0153202 0.00654259 0.00121912 0.000365735 0 0 0
 0 0 0 0 0 0 0 0 0 0 0 0 0.000112435 0.00938835 0.0111873 0.0202946 0.0414886 0.0713402 0.111592 0.104902 0.108894 0.110636 0.117776 0.105296 0.107544 0.0401394 0.0192827 0.0124803 0.00416011 0.0028671 0.000618394 0 0 0 0 0
 0 0 0 0 0 0 0 0 0 0 0.00291406 0.0102884 0.027416 0.0768956 0.0749926 0.110853 0.0956884 0.0897413 0.0766577 0.0534642 0.0500743 0.0551293 0.0594112 0.0620874 0.0668451 0.0424026 0.0208742 0.0120726 0.0048766 0.00582813 0.00118941 0.000297354 0 0 0 0
 0 0.00264628 0.0354308 0.0461629 0.0458689 0.0383711 0.0214643 0.0164657 0.0346957 0.0420465 0.0363128 0.0245516 0.0311673 0.0291091 0.0169068 0.0133784 0.00837989 0.0085269 0.0148486 0.0160247 0.0276389 0.0546898 0.0760071 0.122758 0.109233 0.0665981 0.0333725 0.0166128 0.00676272 0.00308733 0.000882094 0 0 0 0 0
 0 0 0 0 0 0 0 0.000805153 0.000690131 0.00759144 0.0133425 0.0154129 0.00931677 0.000345066 0.00356568 0.00563607 0.00851162 0.0253048 0.0502646 0.0516448 0.0657925 0.0565908 0.0611916 0.0827007 0.0866115 0.110766 0.145733 0.0935128 0.0569358 0.0249597 0.0138026 0.00621118 0.00161031 0.00115022 0 0
 0 0 0 0 0 0 0 0 0 0 0 0 0 0 0 0 0 0 0 0 0 0 0 0 0 0 0 0 0 0 0 0 0 0 0 0
 0.00147267 0.00158595 0.00478618 0.00569244 0.00954404 0.0108468 0.00647125 0.017049 0.0510054 0.094081 0.124002 0.0959785 0.0687766 0.0820023 0.061753 0.0591476 0.0492212 0.0479892 0.0443925 0.0268479 0.0217502 0.0140895 0.0121071 0.0120363 0.00920419 0.00665534 0.0049561 0.00860946 0.00930331 0.0156896 0.0114698 0.00855282 0.00243557 0.00046729 0 2.83206e-05
 0 0 0 0 0.000772559 0.00158375 0.000888443 0.00281984 0.00712685 0.0440552 0.0773331 0.111326 0.0921469 0.0852325 0.0710754 0.0886704 0.0786465 0.0553345 0.0373146 0.0185414 0.00753245 0.00457741 0.012979 0.0271748 0.0457355 0.0583668 0.034881 0.0177882 0.00938659 0.00492506 0.0015258 0.00185414 0.000309023 5.79419e-05 3.86279e-05 0
 0 0.00173294 0.00326652 0 0.00397197 0.00683976 0.00946217 0.0152591 0.00757587 0.0136028 0.0228656 0.0392903 0.0559909 0.0764795 0.0681675 0.0726916 0.0566044 0.0477403 0.0527397 0.0444891 0.0609904 0.0582453 0.0661739 0.0445044 0.0529084 0.0360697 0.0280645 0.0235558 0.0158879 0.00826598 0.00280645 0.00217768 0.000904811 0.00058276 9.20147e-05 0
 0 0 0 0 0 0 0 0 0 0 0 0 0 0 0 0 0 0 0 0 0 0 0 0 0 0 0 0 0 0 0 0 0 0 0 0
 0 0 0 0 0 0 0 0 0 0 0 0 0 0 0 0 0 0 0 0 0 0 0 0 0 0 0 0 0 0 0 0 0 0 0 0
 0 0 0 0 0 0 0 0 0 0 0 0 0 0 0 0 0 0 0 0 0 0 0 0 0 0 0 0 0 0 0 0 0 0 0 0
ppred_pel_tallas
 1.08493e-16 1.65988e-05 9.73819e-05 0.000462828 0.00178178 0.00555618 0.0140347 0.0287188 0.0476119 0.0639639 0.0696643 0.0615891 0.0443938 0.0265282 0.0140374 0.00817644 0.0072595 0.0092579 0.0129106 0.0175957 0.0229157 0.0284564 0.0337435 0.0383028 0.0417528 0.043878 0.0446582 0.044242 0.0428794 0.0408412 0.0383536 0.0355684 0.0325682 0.0293955 0.0260872 0.0227001
 1.08057e-16 1.52187e-05 8.92749e-05 0.000424277 0.00163333 0.00509323 0.0128654 0.0263267 0.0436484 0.0586458 0.06389 0.0565263 0.0408364 0.0245864 0.0133455 0.00829697 0.00792763 0.0104 0.0145587 0.0198023 0.0256979 0.0317646 0.0374493 0.0422052 0.0456032 0.0474179 0.0476616 0.0465501 0.0444213 0.0416346 0.0384899 0.035186 0.0318247 0.0284425 0.0250542 0.0216851
 1.09308e-16 1.15293e-05 6.76128e-05 0.000321287 0.00123678 0.00385662 0.00974187 0.0199359 0.0330564 0.0444254 0.0484271 0.0429146 0.0311534 0.0190583 0.0108941 0.00761536 0.00813836 0.0111238 0.0157214 0.0214561 0.0279253 0.0346375 0.0410094 0.046456 0.0505065 0.0528968 0.0536067 0.0528274 0.0508797 0.0481139 0.0448283 0.0412293 0.0374355 0.0335104 0.0295031 0.0254782
 1.10054e-16 1.52639e-05 8.95482e-05 0.000425593 0.00163843 0.00510915 0.0129055 0.0264081 0.0437811 0.058817 0.0640581 0.0566311 0.0408168 0.024385 0.0128951 0.00750367 0.00666642 0.00852907 0.01195 0.016383 0.021494 0.0269355 0.0322997 0.0371652 0.041174 0.0440941 0.0458462 0.0464853 0.0461502 0.0450036 0.0431854 0.0407955 0.0379039 0.0345756 0.0308967 0.0269872
 1.07045e-16 2.205e-05 0.000129391 0.000615013 0.00236775 0.00738352 0.0186503 0.0381623 0.0632628 0.0849742 0.0925058 0.0816847 0.0586648 0.034626 0.0175344 0.00897524 0.00662159 0.00770634 0.0105226 0.0142773 0.0185541 0.0229901 0.0271924 0.0307757 0.0334361 0.0350109 0.0355013 0.0350476 0.0338711 0.0322044 0.0302358 0.0280832 0.0258001 0.0234016 0.020897 0.0183129
 1.06038e-16 1.49953e-05 8.79564e-05 0.000417992 0.0016091 0.00501767 0.0126746 0.0259369 0.0430046 0.0577879 0.0629743 0.0557608 0.0403803 0.0245051 0.0136495 0.00901087 0.00912678 0.0122005 0.0170795 0.0231174 0.0297906 0.0364928 0.0425321 0.0472406 0.0501171 0.0509366 0.0497914 0.0470431 0.0432127 0.0388441 0.0343892 0.0301455 0.026252 0.0227278 0.0195288 0.0165988
 1.05201e-16 2.33662e-05 0.000137119 0.000651755 0.00250922 0.00782469 0.0197647 0.0404422 0.0670414 0.0900468 0.0980205 0.0865367 0.062111 0.036583 0.0183834 0.00917872 0.00649015 0.00737648 0.0100288 0.0136192 0.0177323 0.0220203 0.0261065 0.029615 0.0322392 0.0337991 0.034267 0.0337496 0.0324401 0.0305579 0.0282987 0.0258089 0.0231859 0.0204946 0.017789 0.0151268
 1.04576e-16 1.87178e-05 0.000109814 0.000521915 0.00200925 0.00626552 0.0158265 0.0323856 0.0536921 0.072135 0.0785713 0.0694816 0.0501216 0.0300274 0.0160246 0.00953554 0.00866011 0.0110981 0.0153947 0.02079 0.0267523 0.032715 0.0380455 0.0421374 0.0445388 0.0450525 0.0437725 0.0410409 0.0373458 0.0331964 0.0290168 0.0250874 0.0215399 0.0183919 0.0155985 0.0130991
 1.04161e-16 2.32155e-05 0.00013623 0.000647522 0.00249291 0.00777381 0.0196362 0.0401796 0.0666074 0.0894676 0.0974 0.0860123 0.0617858 0.0364939 0.0185272 0.00955799 0.00713809 0.00835224 0.0113953 0.0154158 0.0199497 0.0245811 0.0288585 0.0323408 0.0346831 0.0357066 0.0354278 0.034033 0.0318148 0.0290919 0.0261409 0.0231599 0.0202643 0.0175075 0.0149106 0.0124862
 1.03975e-16 1.99323e-05 0.000116946 0.000555823 0.00213981 0.00667267 0.0168549 0.0344897 0.057179 0.0768156 0.0836585 0.0739542 0.0532913 0.0318128 0.0167707 0.00965938 0.00843474 0.0106326 0.0147016 0.0198497 0.0255497 0.0312567 0.0363654 0.0402948 0.042609 0.0431132 0.04189 0.0392588 0.0356814 0.0316431 0.0275533 0.0236885 0.0201865 0.0170772 0.0143293 0.0118933
 1.05277e-16 1.55811e-05 9.13979e-05 0.000434359 0.00167213 0.00521422 0.0131711 0.0269525 0.0446869 0.0600443 0.0654218 0.0579012 0.0418722 0.0252949 0.013883 0.00886151 0.00869346 0.0115028 0.0160985 0.0218382 0.0282305 0.0347173 0.0406569 0.0454202 0.0485192 0.0497099 0.0490326 0.0467747 0.0433767 0.0393142 0.0349983 0.0307198 0.0266434 0.0228373 0.0193169 0.0160822
 1.06976e-16 1.55029e-05 9.09446e-05 0.000432217 0.0016639 0.00518858 0.0131062 0.0268193 0.0444646 0.0597409 0.0650789 0.0575683 0.0415677 0.0249841 0.013485 0.00826921 0.00778959 0.0101722 0.0142442 0.0194052 0.0252352 0.0312708 0.0369748 0.041809 0.0453397 0.047322 0.0477357 0.0467573 0.0446871 0.0418592 0.0385661 0.0350206 0.0313559 0.0276513 0.0239658 0.0203628
 1.05637e-16 2.3319e-05 0.000136841 0.000650435 0.00250413 0.00780883 0.0197246 0.0403603 0.0669059 0.0898654 0.0978248 0.086368 0.0619988 0.0365345 0.0183909 0.00923357 0.00659001 0.00752444 0.0102279 0.0138664 0.0180142 0.0223109 0.0263687 0.0298062 0.0323198 0.0337428 0.0340698 0.0334344 0.0320551 0.0301688 0.0279765 0.0256161 0.0231653 0.0206625 0.0181343 0.0156155
 1.04002e-16 2.14722e-05 0.000125989 0.00059882 0.00230536 0.00718895 0.018159 0.0371577 0.0616007 0.0827509 0.09011 0.0796275 0.0573143 0.0340835 0.0177281 0.00983366 0.00817289 0.0100717 0.0138528 0.0186784 0.024021 0.0293581 0.0341166 0.0377501 0.0398525 0.0402484 0.0390263 0.0364992 0.0331123 0.02933 0.0255388 0.0219945 0.0188167 0.0160195 0.013559 0.0113752
 1.0385e-16 2.03741e-05 0.000119542 0.000568167 0.00218734 0.0068209 0.0172293 0.0352556 0.058448 0.0785181 0.0855066 0.0755736 0.0544269 0.0324282 0.0169813 0.00960326 0.00819482 0.0102314 0.0141295 0.0190938 0.0246122 0.030165 0.0351749 0.039084 0.0414678 0.042127 0.041123 0.0387421 0.0354081 0.031573 0.0276237 0.0238289 0.0203327 0.0171815 0.014365 0.0118544
 1.04021e-16 2.12798e-05 0.000124861 0.000593464 0.00228475 0.00712467 0.0179966 0.0368253 0.061049 0.0820081 0.0892967 0.0788984 0.0567668 0.0337129 0.0174539 0.00955514 0.0078049 0.00955348 0.0131474 0.0177755 0.022945 0.028175 0.0329344 0.0367083 0.0391014 0.0399216 0.0392128 0.0372235 0.0343274 0.0309251 0.0273603 0.0238733 0.0205962 0.017577 0.0148181 0.0123078
 1.04171e-16 2.05472e-05 0.000120559 0.000573005 0.00220597 0.00687901 0.0173761 0.0355558 0.0589452 0.0791847 0.0862291 0.076204 0.0548631 0.0326523 0.0170334 0.00953004 0.00801911 0.00995083 0.0137291 0.0185594 0.0239402 0.0293698 0.0342913 0.0381664 0.0405841 0.0413494 0.0405168 0.0383561 0.0352678 0.0316786 0.0279522 0.0243396 0.0209744 0.0178993 0.0151069 0.0125756
 1.04012e-16 2.2274e-05 0.0001307 0.000621224 0.00239164 0.00745801 0.0188386 0.0385478 0.0639036 0.0858397 0.0934606 0.0825578 0.0593571 0.0351656 0.0180486 0.00962878 0.00757525 0.0091025 0.0124771 0.0168616 0.0217683 0.0267376 0.0312662 0.0348669 0.0371655 0.0379799 0.037351 0.0355125 0.032816 0.029638 0.0263009 0.0230291 0.0199446 0.0170914 0.0144709 0.0120726
 1.0406e-16 2.01991e-05 0.000118514 0.000563281 0.00216853 0.00676223 0.0170812 0.0349524 0.0579456 0.0778436 0.0847735 0.0749289 0.0539698 0.03217 0.0168721 0.00958228 0.00822172 0.010289 0.0142139 0.0192053 0.0247499 0.0303253 0.0353509 0.0392668 0.0416491 0.0423012 0.0412895 0.0389063 0.0355807 0.0317674 0.0278524 0.0241005 0.0206491 0.0175368 0.0147468 0.0122455
 1.04001e-16 2.25074e-05 0.000132071 0.000627745 0.00241675 0.00753631 0.0190363 0.0389524 0.064574 0.0867392 0.0944374 0.0834143 0.0599592 0.0354949 0.0181671 0.00961103 0.0074667 0.00891657 0.0122095 0.0165049 0.0213212 0.0262096 0.0306799 0.0342559 0.0365702 0.0374406 0.0369011 0.0351725 0.0325911 0.0295186 0.0262664 0.023053 0.0200005 0.0171566 0.0145291 0.0121147
 1.03554e-16 2.30096e-05 0.000135018 0.000641752 0.00247068 0.00770448 0.0194611 0.0398217 0.0660152 0.0886756 0.0965467 0.0852801 0.0613061 0.0363033 0.0186005 0.00986989 0.00769812 0.00920161 0.0125835 0.0169733 0.0218642 0.0267807 0.0312068 0.034647 0.0367272 0.0372751 0.0363519 0.0342189 0.0312581 0.0278739 0.024409 0.0210976 0.0180603 0.0153291 0.012887 0.0107017
 1.03593e-16 2.13073e-05 0.000125021 0.000594218 0.00228765 0.0071337 0.0180194 0.0368721 0.0611271 0.0821148 0.0894171 0.0790148 0.0568724 0.0338193 0.0175887 0.00975447 0.0081081 0.0099986 0.0137657 0.0185834 0.0239344 0.0293052 0.0341301 0.0378644 0.0400966 0.0406376 0.0395553 0.0371387 0.0338108 0.0300205 0.02615 0.0224626 0.019096 0.0160893 0.0134248 0.0110658
 1.03679e-16 2.25739e-05 0.00013246 0.000629592 0.00242386 0.00755849 0.0190924 0.0390671 0.0647644 0.0869956 0.0947184 0.0836669 0.0601504 0.0356271 0.0182697 0.00972091 0.00761632 0.00913081 0.0125059 0.0168918 0.0217946 0.0267498 0.0312498 0.0348039 0.0370361 0.037765 0.0370352 0.0350867 0.0322794 0.0289989 0.0255761 0.0222425 0.019125 0.0162691 0.013675 0.0113284
 1.03688e-16 2.16319e-05 0.000126927 0.000603283 0.00232255 0.00724256 0.0182944 0.0374346 0.0620593 0.0833656 0.0907756 0.080207 0.0577124 0.0342824 0.0177627 0.00974484 0.00798011 0.00977262 0.0134366 0.0181397 0.0233701 0.0286271 0.03336 0.0370388 0.0392625 0.0398459 0.0388526 0.0365607 0.0333783 0.0297379 0.0260071 0.0224388 0.0191648 0.0162224 0.0135958 0.0112523
 1.04092e-16 2.0054e-05 0.000117662 0.000559234 0.00215295 0.00671365 0.0169584 0.0347013 0.0575291 0.0772841 0.0841638 0.0743893 0.0535794 0.0319342 0.0167429 0.00950108 0.00814525 0.0101933 0.0140889 0.0190505 0.0245735 0.0301445 0.0351916 0.0391605 0.0416281 0.0423927 0.0415092 0.0392544 0.0360405 0.032308 0.0284337 0.0246798 0.021188 0.018006 0.0151289 0.0125355
pSPR Fmed_Fpbrs
0.69814   0.254687 0.254687
Fs Fmed_Fpbrs
0.186763   1.005 1.005
SSBpbr Bo_Bmed_Bpbrs
1.3207e+06  855998  270330 270330
Ro
56387.3
SPR SPRFo_SPRFmed_SPRFpbrs
1.16212e+06 811320 295976
log_Ro
10.76
likeval ReclasPelacesDesembMPH_pf_preclas_ppelaces_ptallas_desvR_qrecl_qpela
 186.898 47.9438 0.149748 0.00101109 311.253 217.205 76.4006 0 13.8469 0 0 0 0 0 0
q_reclas_q_pelaces
1 1
M
0.7
N
 78142.9 33523.4 16647.2 8266.78 8154.63
 67527 36801.3 14972.8 7435.25 7334.38
 38889.6 31483.6 16109.5 6554.24 6465.32
 41854.1 16907.2 11983.1 6131.5 4955.41
 78645.5 20142.2 7885.29 5588.73 5170.78
 54829.9 38731.6 9837.78 3851.3 5255.11
 102309 24293.5 15311.5 3889.09 3599.96
 90150.8 47324.3 10467.3 6597.23 3226.8
 128223 38838.2 17687.6 3912.19 3671.77
 118331 54604 14183.4 6459.38 2769.6
 72873.2 51966 21206.7 5508.45 3584.29
 45795.1 27613.4 15025.5 6131.74 2629.09
 56729.7 17634.2 8245.2 4486.53 2615.93
 35843.9 19910.4 4374.25 2045.26 1761.8
 20514.4 10774.4 3622.8 795.916 692.713
 18105.6 7065.39 2573.69 865.379 355.589
 18509.8 7672.18 2554.79 930.625 441.492
 24274.1 8070.06 2936.8 977.935 525.226
 26461 11063.4 3375.77 1228.49 628.785
 38773 12245.3 4771.14 1455.82 800.958
 57045.4 17986.6 5306.61 2067.61 977.99
 72642 27361.1 8332.58 2458.37 1410.92
 107366 34476 12410.8 3779.6 1755.08
 139044 50523.6 15373.6 5534.23 2468.03
 161573 65563.8 22621.7 6883.45 3582.97
pred_Ctot
 2910.15 2439.92 1211.63 601.676 593.514
 2978.68 3158.93 1285.22 638.223 629.565
 3509.5 5369.33 2747.38 1117.78 1102.62
 931.282 742.119 525.98 269.134 217.511
 467.407 238.545 93.3856 66.1874 61.2376
 4277.49 5755.15 1461.8 572.267 780.86
 5061.88 2331.06 1469.2 373.175 345.432
 8657.68 8557.07 1892.67 1192.9 583.462
 13252 7522.06 3425.68 757.7 711.136
 9911.2 8679.19 2254.42 1026.7 440.222
 12612.2 16101.1 6570.66 1706.73 1110.55
 7505.02 8151.13 4435.35 1810.01 776.074
 12204 6601.97 3086.87 1679.69 979.362
 10469.9 9596.69 2108.36 985.8 849.174
 4616.89 4191.54 1409.37 309.632 269.484
 1927.45 1406.69 512.411 172.293 70.7962
 1636.64 1283.51 427.402 155.688 73.8591
 1441.98 923.935 336.232 111.963 60.1327
 1301.18 1055.28 321.999 117.179 59.9768
 1842.84 1130.13 440.332 134.359 73.921
 1403.04 871.412 257.093 100.171 47.3815
 2318.71 1712.52 521.535 153.869 88.3094
 4057.36 2545.33 916.274 279.044 129.576
 5059.86 3595.11 1093.94 393.799 175.618
 5016.21 3993.49 1377.88 419.271 218.239
F
 0.0530062 0.106012 0.106012 0.106012 0.106012
 0.0630604 0.126121 0.126121 0.126121 0.126121
 0.132987 0.265973 0.265973 0.265973 0.265973
 0.0313705 0.062741 0.062741 0.062741 0.062741
 0.00829439 0.0165888 0.0165888 0.0165888 0.0165888
 0.114028 0.228056 0.228056 0.228056 0.228056
 0.0709756 0.141951 0.141951 0.141951 0.141951
 0.142079 0.284158 0.284158 0.284158 0.284158
 0.153666 0.307332 0.307332 0.307332 0.307332
 0.122895 0.245789 0.245789 0.245789 0.245789
 0.27042 0.540839 0.540839 0.540839 0.540839
 0.254335 0.50867 0.50867 0.50867 0.50867
 0.347054 0.694107 0.694107 0.694107 0.694107
 0.501998 1.004 1.004 1.004 1.004
 0.365918 0.731835 0.731835 0.731835 0.731835
 0.15862 0.317239 0.317239 0.317239 0.317239
 0.130141 0.260282 0.260282 0.260282 0.260282
 0.0857684 0.171537 0.171537 0.171537 0.171537
 0.0705275 0.141055 0.141055 0.141055 0.141055
 0.0680966 0.136193 0.136193 0.136193 0.136193
 0.034727 0.069454 0.069454 0.069454 0.069454
 0.0452783 0.0905566 0.0905566 0.0905566 0.0905566
 0.0538057 0.107611 0.107611 0.107611 0.107611
 0.0517668 0.103534 0.103534 0.103534 0.103534
 0.0440147 0.0880293 0.0880293 0.0880293 0.0880293
nmprior
 10 11 7 0
nm_flota  nm_reclas  nm_pelaces    nm_pelaL
inf 11.3471 11.0751 17.915
cv_recla  cv_pelaces  cv_mph
1.23659 0.814762 1.03165
 ------------------------------------------------
Talla a la edad & desviación 
 7.2 14.2025 17.0495 18.207 18.6776
 1.08 2.13037 2.55742 2.73105 2.80164
