years
 1997 1998 1999 2000 2001 2002 2003 2004 2005 2006 2007 2008 2009 2010 2011 2012 2013 2014 2015 2016 2017 2018 2019 2020 2021
reclasobs
 0 0 0 370054 412103 1.49427e+06 250295 1.28982e+06 931140 785840 897777 1.04006e+06 184774 17550 25797 100020 73551 82996 120727 218422 84188 347160 605670 569463 516374
reclaspred
 462693 133446 439191 314214 427812 501376 1.07202e+06 683132 717686 621043 479556 319395 194220 87542.1 60625.8 62915.2 81646.2 114010 122369 175804 253047 233534 407989 541249 617097
pelacesobs
 0 0 0 0 0 0 0 0 0 2.06254e+06 1.5e+06 0 1.87456e+06 323000 250000 174000 83755 137374 0 501740 490994 745055 786931 1.00524e+06 0
pelacespred
 1.92275e+06 512872 993223 1.11316e+06 1.27599e+06 1.28974e+06 2.95494e+06 2.44969e+06 2.21855e+06 1.96083e+06 1.36377e+06 936444 554189 203305 136779 155307 211928 303518 339134 468571 751333 687470 941238 1.4515e+06 1.76226e+06
mphobs
 0 0 0 0 0 112323 0 153150 637223 0 255016 313432 73983 77613 109348 50772 0 0 0 0 0 0 0 0 0
mphpred
 167085 111215 143904 189190 186508 271998 404135 461329 376079 357375 318883 219940 134664 69380.6 32285.4 27976.8 35292.8 50420.3 64098.6 74619 111425 131438 167036 240154 361464
desembarqueobs
 350755 77701 442110 56441 14545 235359 269955 359681 431902 328805 639364 411747 362871 311530 167758 66681 60226 58785 57116 71774 51957 67425 138520 160799 200461
desembarquepred
 350766 77705.1 442160 56443.2 14545.1 235401 269987 359714 431985 328870 639713 412060 363308 312056 167812 66698 60250.8 58789 57114.3 71778.2 51959.1 67422.3 138525 160807 200461
Reclutas
 64798.5 79954.9 50691.5 73696 121261 89678.2 135448 119316 134976 131000 66809.2 41560.2 41909.6 23575.2 17603.7 21151.5 17551.7 20029.2 22776.2 39289.3 49470 65814.7 104623 138893 65827.4
log_desv_Rt
 0.139038 0.349218 -0.106486 0.267704 0.7657 0.463983 0.876342 0.749531 0.87285 0.84295 0.169596 -0.305102 -0.29673 -0.872051 -1.16413 -0.980533 -1.16709 -1.03505 -0.90653 -0.361291 -0.130878 0.154599 0.61812 0.901462 0.154791
SSB
 775240 516013 667684 877803 865357 1.26201e+06 1.8751e+06 2.14047e+06 1.74492e+06 1.65815e+06 1.47955e+06 1.02047e+06 624814 321911 149797 129806 163751 233940 297404 346216 516987 609845 775010 1.11426e+06 1.67711e+06
BT
 2.67933e+06 729094 1.44394e+06 1.37144e+06 1.52935e+06 1.6829e+06 3.73227e+06 3.2945e+06 3.03722e+06 2.63458e+06 2.18075e+06 1.4758e+06 1.0122e+06 539737 307496 240809 302465 408183 447202 616838 938913 866195 1.20355e+06 1.85089e+06 2.20606e+06
Ftot
 0.389146 0.290212 0.402121 0.0751685 0.015948 0.166124 0.105222 0.214907 0.253001 0.215106 0.467498 0.44128 0.703897 1.28064 1.24817 0.488162 0.335183 0.221898 0.183424 0.184754 0.0896278 0.115153 0.135203 0.129131 0.109047
BD_Bspro_t
 0.953745 0.788046 0.760911 0.6603 0.762983 0.860878 0.832935 0.835157 0.780494 0.736293 0.692223 0.536535 0.420923 0.304395 0.186548 0.197902 0.307331 0.472057 0.588206 0.676462 0.774669 0.840832 0.848682 0.854159 0.857311
BD_Bspro
 0.667093 0.444029 0.574542 0.755349 0.744638 1.08596 1.61352 1.84187 1.50151 1.42683 1.27315 0.878117 0.537652 0.277004 0.1289 0.111698 0.140908 0.201305 0.255916 0.297919 0.444867 0.524771 0.666895 0.958821 1.44315
BD_Bo
 0.575875 0.383313 0.495979 0.652063 0.642817 0.937467 1.39289 1.59001 1.29619 1.23173 1.09906 0.758044 0.464133 0.239127 0.111275 0.0964247 0.12164 0.173778 0.220922 0.257182 0.384036 0.453014 0.575704 0.827713 1.24582
BD_Brms
 2.02036 1.34479 1.74006 2.28765 2.25521 3.28894 4.88672 5.57829 4.54746 4.32131 3.85587 2.65947 1.62833 0.838935 0.390388 0.338289 0.426753 0.609672 0.775067 0.902277 1.34732 1.58932 2.01976 2.90389 4.37074
S_f
 0.191731 1 1 1 1
 0.191731 1 1 1 1
 0.191731 1 1 1 1
 0.191731 1 1 1 1
 0.191731 1 1 1 1
 0.191731 1 1 1 1
 0.191731 1 1 1 1
 0.191731 1 1 1 1
 0.191731 1 1 1 1
 0.191731 1 1 1 1
 0.191731 1 1 1 1
 0.191731 1 1 1 1
 0.191731 1 1 1 1
 0.191731 1 1 1 1
 0.191731 1 1 1 1
 0.191731 1 1 1 1
 0.191731 1 1 1 1
 0.191731 1 1 1 1
 0.191731 1 1 1 1
 0.191731 1 1 1 1
 0.191731 1 1 1 1
 0.191731 1 1 1 1
 0.191731 1 1 1 1
 0.191731 1 1 1 1
 0.191731 1 1 1 1
Scru_reclas
 1 1 1 1 1
 1 1 1 1 1
 1 1 1 1 1
 1 1 1 1 1
 1 1 1 1 1
 1 1 1 1 1
 1 1 1 1 1
 1 1 1 1 1
 1 1 1 1 1
 1 1 1 1 1
 1 1 1 1 1
 1 1 1 1 1
 1 1 1 1 1
 1 1 1 1 1
 1 1 1 1 1
 1 1 1 1 1
 1 1 1 1 1
 1 1 1 1 1
 1 1 1 1 1
 1 1 1 1 1
 1 1 1 1 1
 1 1 1 1 1
 1 1 1 1 1
 1 1 1 1 1
 1 1 1 1 1
Scru_pelaces
 0.899938 1 1 1 1
 0.899938 1 1 1 1
 0.899938 1 1 1 1
 0.899938 1 1 1 1
 0.899938 1 1 1 1
 0.899938 1 1 1 1
 0.899938 1 1 1 1
 0.899938 1 1 1 1
 0.899938 1 1 1 1
 0.899938 1 1 1 1
 0.899938 1 1 1 1
 0.899938 1 1 1 1
 0.899938 1 1 1 1
 0.899938 1 1 1 1
 0.899938 1 1 1 1
 0.899938 1 1 1 1
 0.899938 1 1 1 1
 0.899938 1 1 1 1
 0.899938 1 1 1 1
 0.899938 1 1 1 1
 0.899938 1 1 1 1
 0.899938 1 1 1 1
 0.899938 1 1 1 1
 0.899938 1 1 1 1
 0.899938 1 1 1 1
pf_obs 
 0.256992 0.487395 0.22802 0.0275931 0
 0.321318 0.546541 0.124235 0.00734118 0.000564706
 0.182869 0.594174 0.210203 0.0122559 0.00049798
 0.330522 0.361315 0.267642 0.0388342 0.00168674
 0.649043 0.306663 0.0425973 0.00169635 0
 0.582887 0.30429 0.105238 0.00758474 0
 0.465427 0.430635 0.0974691 0.00646863 0
 0.296916 0.608066 0.0921331 0.00288517 0
 0.311714 0.524322 0.152257 0.0117073 0
 0.15457 0.633149 0.183074 0.0267441 0.00246327
 0.131901 0.49318 0.331252 0.0422183 0.00144891
 0.196976 0.569456 0.194076 0.0375587 0.00193317
 0.518974 0.381816 0.0799577 0.0180837 0.00116848
 0.0928022 0.601141 0.25162 0.0475244 0.00691264
 0.122501 0.610282 0.24278 0.0234846 0.000952079
 0.383417 0.481906 0.127806 0.00687128 0
 0.0376549 0.599619 0.316969 0.0457579 0
 0.0361596 0.667082 0.258105 0.0386534 0
 0.158088 0.579412 0.248529 0.0139706 0
 0.0477256 0.309471 0.559284 0.082774 0.000745712
 0.0406174 0.521527 0.379366 0.0568643 0.0016247
 0.151134 0.462217 0.34131 0.0453401 0
 0.294876 0.26143 0.354403 0.0886775 0.000613685
 0.281977 0.475581 0.204845 0.0348837 0.00271318
 0 0 0 0 0
pf_pred 
 0.377764 0.439716 0.163291 0.019219 9.85666e-06
 0.309968 0.546156 0.101673 0.0377569 0.00444618
 0.17778 0.598744 0.17688 0.0329282 0.0136681
 0.264097 0.424134 0.227031 0.0670694 0.0176684
 0.299461 0.461994 0.137484 0.0735927 0.0274679
 0.173596 0.571786 0.167916 0.0499699 0.0367315
 0.252886 0.404731 0.236893 0.0695685 0.0359207
 0.195438 0.522457 0.152824 0.0894493 0.039832
 0.224663 0.452061 0.209925 0.0614052 0.0519457
 0.210649 0.496797 0.170574 0.0792098 0.04277
 0.127143 0.528725 0.216588 0.0743648 0.0531794
 0.12922 0.4233 0.271057 0.111036 0.0653869
 0.206779 0.386757 0.197589 0.126524 0.0823512
 0.194948 0.527767 0.135198 0.0690706 0.0730161
 0.2769 0.509975 0.139718 0.0357915 0.0376152
 0.353951 0.50911 0.0965781 0.0264595 0.0139016
 0.236008 0.597691 0.131052 0.0248605 0.0103895
 0.248976 0.490456 0.203849 0.0446968 0.0120224
 0.242952 0.497313 0.16962 0.0704997 0.0196159
 0.322051 0.437585 0.157898 0.0538547 0.0286118
 0.274971 0.528888 0.126601 0.0456824 0.0238589
 0.268149 0.492706 0.174449 0.0417582 0.0229376
 0.305419 0.464122 0.155153 0.0549339 0.0203727
 0.280808 0.510083 0.139728 0.04671 0.0226716
 0.117581 0.603168 0.198058 0.0542541 0.0269399
pobs_RECLAS
 0 0 0 0 0
 0 0 0 0 0
 0 0 0 0 0
 0 0 0 0 0
 0.835266 0.146461 0.0176864 0.000547809 3.91292e-05
 0.385257 0.428462 0.181853 0.0044286 0
 0.867414 0.0963971 0.0333333 0.00285562 0
 0.441836 0.489002 0.0689373 0.000224442 0
 0.779404 0.147425 0.0564933 0.0165055 0.000172143
 0.814271 0.122319 0.05973 0.00367925 0
 0.40263 0.566651 0.0304383 0.000280538 0
 0.475488 0.404961 0.113038 0.00651328 0
 0.955842 0.0263864 0.0167828 0.000988607 0
 0.975058 0.0227948 0.00214734 0 0
 0.738997 0.206755 0.0527124 0.00153531 0
 0.850938 0.134255 0.0134407 0.00136685 0
 0.542534 0.407297 0.0501686 0 0
 0.764087 0.199537 0.0359546 0.000420521 0
 0.470689 0.182191 0.310203 0.0369168 0
 0.84361 0.089868 0.0606195 0.00523954 0.000663233
 0.607945 0.314616 0.071237 0.00620181 0
 0.523733 0.453247 0.0230204 0 0
 0.530135 0.295979 0.169645 0.0042399 0
 0.562478 0.366248 0.0663022 0.0049721 0
 0.250443 0.683176 0.0655157 0.000865301 0
ppred_RECLAS
 0.764351 0.166526 0.0618405 0.00727849 3.73285e-06
 0.70438 0.233981 0.0435583 0.0161756 0.00190481
 0.536255 0.337701 0.0997632 0.018572 0.007709
 0.65263 0.200205 0.107166 0.031659 0.00834005
 0.690521 0.204096 0.0607366 0.0325113 0.0121346
 0.525019 0.328638 0.0965111 0.0287205 0.0211117
 0.639626 0.195224 0.114267 0.0335567 0.0173266
 0.561797 0.284555 0.0832351 0.0487183 0.0216944
 0.605226 0.230173 0.106886 0.0312653 0.0264489
 0.5848 0.261316 0.089722 0.0416645 0.0224971
 0.439182 0.33971 0.13916 0.04778 0.0341682
 0.443237 0.270651 0.173309 0.0709949 0.0418074
 0.588833 0.200476 0.10242 0.065584 0.0426868
 0.587814 0.270217 0.0692212 0.0353641 0.0373842
 0.691832 0.217339 0.0595445 0.0152535 0.0160307
 0.74687 0.199476 0.0378405 0.0103672 0.00544682
 0.621756 0.29591 0.0648822 0.0123081 0.00514372
 0.636424 0.237433 0.0986849 0.021638 0.00582014
 0.628314 0.244164 0.083278 0.0346131 0.00963076
 0.714486 0.184286 0.0664976 0.0226806 0.0120497
 0.665215 0.244216 0.0584583 0.021094 0.0110169
 0.657807 0.230376 0.0815676 0.019525 0.010725
 0.697849 0.201898 0.0674932 0.0238969 0.00886234
 0.672143 0.23253 0.0636973 0.0212936 0.0103353
 0.411368 0.402353 0.132118 0.0361911 0.0179707
pobs_PELACES
 0 0 0 0 0
 0 0 0 0 0
 0 0 0 0 0
 0 0 0 0 0
 0 0 0 0 0
 0 0 0 0 0
 0 0 0 0 0
 0 0 0 0 0
 0 0 0 0 0
 0 0 0 0 0
 0.450072 0.473896 0.0757376 0.000293798 0
 0 0 0 0 0
 0.463077 0.371075 0.160297 0.00555027 0
 0.529543 0.364841 0.0842815 0.0213345 0
 0.631943 0.363953 0.00410389 0 0
 0.735681 0.248677 0.0153453 0.000297389 0
 0.695825 0.281241 0.0229344 0 0
 0.275771 0.60734 0.115278 0.00161068 0
 0 0 0 0 0
 0.896147 0.0623911 0.0374545 0.00400742 0
 0.803859 0.145111 0.0509908 3.86294e-05 0
 0.739449 0.233085 0.0266225 0.000797448 4.60066e-05
 0.878498 0.100942 0.0204185 0.000141795 0
 0.694673 0.275183 0.0284847 0.00165964 0
 0 0 0 0 0
ppred_PELACES
 0.764057 0.166734 0.0619177 0.00728758 3.73751e-06
 0.698512 0.238626 0.0444229 0.0164967 0.00194262
 0.536709 0.33737 0.0996655 0.0185538 0.00770144
 0.63303 0.211501 0.113213 0.0334452 0.00881062
 0.668494 0.218623 0.0650596 0.0348253 0.0129983
 0.509758 0.339197 0.0996118 0.0296433 0.02179
 0.621607 0.204985 0.11998 0.0352345 0.0181929
 0.549921 0.292267 0.0854909 0.0500387 0.0222824
 0.596124 0.23548 0.109351 0.0319862 0.0270587
 0.573087 0.268688 0.0922532 0.0428399 0.0231318
 0.443932 0.336833 0.137981 0.0473752 0.0338788
 0.446267 0.269178 0.172366 0.0706085 0.0415798
 0.608607 0.190834 0.0974946 0.0624298 0.0406338
 0.643615 0.233635 0.0598501 0.0305766 0.0323232
 0.738114 0.184698 0.0506018 0.0129626 0.0136231
 0.751525 0.195807 0.0371446 0.0101765 0.00534665
 0.61798 0.298864 0.06553 0.012431 0.00519507
 0.625658 0.244464 0.101607 0.0222787 0.00599248
 0.615025 0.252894 0.0862555 0.0358506 0.00997509
 0.702895 0.191768 0.0691972 0.0236013 0.0125389
 0.646822 0.257633 0.0616701 0.0222529 0.0116222
 0.640796 0.241828 0.0856225 0.0204956 0.0112582
 0.683025 0.211804 0.0708046 0.0250693 0.00929714
 0.656313 0.243758 0.0667728 0.0223217 0.0108343
 0.393014 0.414898 0.136237 0.0373195 0.018531
pobs_pel_tallas
 0 0 0 0 0 0 0 0 0 0 0 0 0 0 0 0 0 0 0 0 0 0 0 0 0 0 0 0 0 0 0 0 0 0 0 0
 0 0 0 0 0 0 0 0 0 0 0 0 0 0 0 0 0 0 0 0 0 0 0 0 0 0 0 0 0 0 0 0 0 0 0 0
 0 0 0 0 0 0 0 0 0 0 0 0 0 0 0 0 0 0 0 0 0 0 0 0 0 0 0 0 0 0 0 0 0 0 0 0
 0 0 0 0 0 0 0 0 0 0 0 0 0 0 0 0 0 0 0 0 0 0 0 0 0 0 0 0 0 0 0 0 0 0 0 0
 0 0 0 0 0 0 0 0 0 0 0 0 0 0 0 0 0 0 0 0 0 0 0 0 0 0 0 0 0 0 0 0 0 0 0 0
 0 0 0 0 0 0 0 0 0 0 0 0 0 0 0 0 0 0 0 0 0 0 0 0 0 0 0 0 0 0 0 0 0 0 0 0
 0 0 0 0 0 0 0 0 0 0 0 0 0 0 0 0 0 0 0 0 0 0 0 0 0 0 0 0 0 0 0 0 0 0 0 0
 0 0 0 0 0 0 0 0 0 0 0 0 0 0 0 0 0 0 0 0 0 0 0 0 0 0 0 0 0 0 0 0 0 0 0 0
 0 0 0 0 0 0 0 0 0 0 0 0 0 0 0 0 0 0 0 0 0 0 0 0 0 0 0 0 0 0 0 0 0 0 0 0
 0 0 0 0 0 0 0 0 0 0 0 0 0 0 0 0 0 0 0 0 0 0 0 0 0 0 0 0 0 0 0 0 0 0 0 0
 0 0 0 0 0 0 0 0 1.78061e-05 0.00172719 0.00360574 0.0105946 0.0120993 0.0124554 0.0147524 0.0171206 0.0266825 0.0428682 0.0675386 0.121331 0.153587 0.119568 0.100827 0.0573624 0.0630603 0.0341343 0.0324427 0.0444173 0.0211091 0.0280891 0.0125444 0.00206551 0 0 0 0
 0 0 0 0 0 0 0 0 0 0 0 0 0 0 0 0 0 0 0 0 0 0 0 0 0 0 0 0 0 0 0 0 0 0 0 0
 0 0 0 0 0 0 0.0133647 0.0140871 0.0187388 0.0205184 0.03894 0.0496705 0.03968 0.0493445 0.0407372 0.0367815 0.0215668 0.0243155 0.0234873 0.0199281 0.019796 0.0243948 0.0301388 0.0376714 0.0412746 0.0863199 0.0771752 0.113111 0.0741005 0.0525337 0.0229764 0.00759418 0.00175318 0 0 0
 0 0 0 0 0 0 0 0 0 0 0.00219441 0.00772107 0.0458388 0.0604681 0.0671733 0.0775358 0.0609151 0.0617685 0.073594 0.0568108 0.0755445 0.0548602 0.0670107 0.0636378 0.0643287 0.046367 0.0373049 0.0286899 0.0247887 0.0153202 0.00654259 0.00121912 0.000365735 0 0 0
 0 0 0 0 0 0 0 0 0 0 0 0 0.000112435 0.00938835 0.0111873 0.0202946 0.0414886 0.0713402 0.111592 0.104902 0.108894 0.110636 0.117776 0.105296 0.107544 0.0401394 0.0192827 0.0124803 0.00416011 0.0028671 0.000618394 0 0 0 0 0
 0 0 0 0 0 0 0 0 0 0 0.00291406 0.0102884 0.027416 0.0768956 0.0749926 0.110853 0.0956884 0.0897413 0.0766577 0.0534642 0.0500743 0.0551293 0.0594112 0.0620874 0.0668451 0.0424026 0.0208742 0.0120726 0.0048766 0.00582813 0.00118941 0.000297354 0 0 0 0
 0 0.00264628 0.0354308 0.0461629 0.0458689 0.0383711 0.0214643 0.0164657 0.0346957 0.0420465 0.0363128 0.0245516 0.0311673 0.0291091 0.0169068 0.0133784 0.00837989 0.0085269 0.0148486 0.0160247 0.0276389 0.0546898 0.0760071 0.122758 0.109233 0.0665981 0.0333725 0.0166128 0.00676272 0.00308733 0.000882094 0 0 0 0 0
 0 0 0 0 0 0 0 0.000805153 0.000690131 0.00759144 0.0133425 0.0154129 0.00931677 0.000345066 0.00356568 0.00563607 0.00851162 0.0253048 0.0502646 0.0516448 0.0657925 0.0565908 0.0611916 0.0827007 0.0866115 0.110766 0.145733 0.0935128 0.0569358 0.0249597 0.0138026 0.00621118 0.00161031 0.00115022 0 0
 0 0 0 0 0 0 0 0 0 0 0 0 0 0 0 0 0 0 0 0 0 0 0 0 0 0 0 0 0 0 0 0 0 0 0 0
 0.00147267 0.00158595 0.00478618 0.00569244 0.00954404 0.0108468 0.00647125 0.017049 0.0510054 0.094081 0.124002 0.0959785 0.0687766 0.0820023 0.061753 0.0591476 0.0492212 0.0479892 0.0443925 0.0268479 0.0217502 0.0140895 0.0121071 0.0120363 0.00920419 0.00665534 0.0049561 0.00860946 0.00930331 0.0156896 0.0114698 0.00855282 0.00243557 0.00046729 0 2.83206e-05
 0 0 0 0 0.000772559 0.00158375 0.000888443 0.00281984 0.00712685 0.0440552 0.0773331 0.111326 0.0921469 0.0852325 0.0710754 0.0886704 0.0786465 0.0553345 0.0373146 0.0185414 0.00753245 0.00457741 0.012979 0.0271748 0.0457355 0.0583668 0.034881 0.0177882 0.00938659 0.00492506 0.0015258 0.00185414 0.000309023 5.79419e-05 3.86279e-05 0
 0 0.00173294 0.00326652 0 0.00397197 0.00683976 0.00946217 0.0152591 0.00757587 0.0136028 0.0228656 0.0392903 0.0559909 0.0764795 0.0681675 0.0726916 0.0566044 0.0477403 0.0527397 0.0444891 0.0609904 0.0582453 0.0661739 0.0445044 0.0529084 0.0360697 0.0280645 0.0235558 0.0158879 0.00826598 0.00280645 0.00217768 0.000904811 0.00058276 9.20147e-05 0
 0 0 0 0 0 0 0 0 0 0 0 0 0 0 0 0 0 0 0 0 0 0 0 0 0 0 0 0 0 0 0 0 0 0 0 0
 0 0 0 0 0 0 0 0 0 0 0 0 0 0 0 0 0 0 0 0 0 0 0 0 0 0 0 0 0 0 0 0 0 0 0 0
 0 0 0 0 0 0 0 0 0 0 0 0 0 0 0 0 0 0 0 0 0 0 0 0 0 0 0 0 0 0 0 0 0 0 0 0
ppred_pel_tallas
 1.01184e-16 3.3336e-05 0.000195657 0.00093007 0.00358083 0.0111665 0.0282056 0.0577124 0.0956645 0.128474 0.139803 0.123312 0.0882599 0.0514878 0.0249483 0.0109231 0.00577098 0.00520581 0.00659968 0.00879449 0.0113088 0.0138431 0.0161178 0.017871 0.018904 0.0191228 0.0185554 0.017336 0.0156649 0.0137583 0.0118048 0.00993959 0.00823987 0.00673568 0.00542752 0.00430276
 1.01367e-16 3.04808e-05 0.000178888 0.000850333 0.0032738 0.010209 0.0257872 0.0527647 0.0874656 0.117471 0.12785 0.112816 0.0808528 0.047378 0.0233513 0.0108953 0.0067166 0.00691965 0.00909971 0.0121586 0.0155741 0.0189539 0.0219055 0.0240631 0.0251591 0.0250848 0.0239127 0.0218698 0.0192754 0.016463 0.0137137 0.0112173 0.00906582 0.00727227 0.00580131 0.00459858
 1.02523e-16 2.34296e-05 0.000137482 0.000653463 0.00251576 0.00784507 0.0198163 0.0405484 0.0672201 0.0902948 0.0983112 0.0868427 0.062438 0.0369907 0.0189838 0.0101224 0.00795067 0.00953191 0.0130325 0.0175577 0.0225774 0.0275898 0.0320502 0.0354369 0.0373585 0.0376395 0.0363535 0.0337894 0.0303673 0.0265336 0.0226709 0.0190452 0.0157979 0.0129697 0.01054 0.00846372
 1.03237e-16 2.76245e-05 0.000162122 0.000770628 0.00296692 0.00925202 0.0233699 0.0478186 0.0792668 0.10646 0.115868 0.102246 0.0732851 0.0429595 0.021206 0.00995498 0.00623241 0.00652331 0.00866872 0.0116981 0.0151645 0.018736 0.0220718 0.0248392 0.0267734 0.0277294 0.0277038 0.0268186 0.0252752 0.023298 0.0210861 0.0187869 0.0164942 0.0142613 0.0121216 0.0101033
 1.02799e-16 2.9171e-05 0.000171201 0.000813791 0.0031331 0.00977026 0.024679 0.050497 0.0837065 0.112422 0.122353 0.107963 0.0773686 0.0453244 0.0223181 0.0103808 0.00636224 0.00653928 0.00862025 0.0115696 0.0149082 0.0182841 0.0213442 0.0237531 0.0252573 0.0257381 0.0252324 0.0239106 0.0220232 0.019835 0.0175691 0.0153769 0.0133352 0.0114645 0.00975532 0.00819118
 1.03562e-16 2.22544e-05 0.000130583 0.000620663 0.00238947 0.00745124 0.0188215 0.0385131 0.0638466 0.0857651 0.0933843 0.0825023 0.059343 0.0352089 0.0181651 0.00984116 0.00791521 0.0096071 0.01318 0.0177815 0.022897 0.0280306 0.03264 0.0362045 0.0383317 0.0388424 0.0378041 0.0354954 0.0323229 0.0287167 0.0250415 0.021547 0.0183614 0.0155184 0.0129972 0.0107599
 1.03831e-16 2.71261e-05 0.000159196 0.000756722 0.00291338 0.00908507 0.0229482 0.0469557 0.0778364 0.104539 0.113776 0.100401 0.0719609 0.0421812 0.0208184 0.00976835 0.00611178 0.00639928 0.00851455 0.0115099 0.0149537 0.0185275 0.0219038 0.0247603 0.0268374 0.0279869 0.0281944 0.027563 0.0262716 0.0245211 0.0224903 0.0203127 0.0180749 0.0158313 0.013622 0.011487
 1.0407e-16 2.40037e-05 0.000140857 0.000669519 0.0025776 0.00803791 0.0203033 0.0415446 0.0688701 0.0925063 0.100707 0.0889291 0.0638736 0.037712 0.0191165 0.0098119 0.00726093 0.00844184 0.0114798 0.0154863 0.0199748 0.0245123 0.0286349 0.0318968 0.0339598 0.0346654 0.0340617 0.0323737 0.0299322 0.0270856 0.0241264 0.0212506 0.0185561 0.0160667 0.0137688 0.0116415
 1.03993e-16 2.60162e-05 0.000152677 0.000725723 0.00279401 0.00871282 0.022008 0.0450321 0.074649 0.100261 0.10913 0.0963222 0.0690851 0.0405907 0.0202102 0.00977855 0.00651195 0.00711292 0.00955107 0.0129 0.016709 0.0206199 0.0242573 0.027256 0.029329 0.0303247 0.0302509 0.0292538 0.0275656 0.0254393 0.0230933 0.0206829 0.018298 0.0159814 0.0137532 0.0116309
 1.03951e-16 2.50129e-05 0.000146784 0.000697701 0.00268611 0.00837632 0.0211581 0.0432934 0.0717679 0.0963955 0.104932 0.0926401 0.0664948 0.0391706 0.0196918 0.00983986 0.00695531 0.0078786 0.0106557 0.0143758 0.0185646 0.0228191 0.0267116 0.0298303 0.0318593 0.0326449 0.0322211 0.0307832 0.0286244 0.0260562 0.0233421 0.0206622 0.0181105 0.0157173 0.0134802 0.0113915
 1.0528e-16 1.9384e-05 0.000113731 0.000540549 0.00208101 0.00648933 0.0163918 0.0335417 0.0556066 0.0747008 0.0813489 0.0718975 0.0517765 0.0308436 0.0161427 0.00911807 0.00777542 0.00971882 0.013452 0.0182331 0.0235941 0.0290616 0.0341054 0.0382065 0.040961 0.0421635 0.0418401 0.0402175 0.0376454 0.0345006 0.0311057 0.0276858 0.024366 0.0211973 0.0181939 0.015364
 1.06904e-16 1.94832e-05 0.000114319 0.000543358 0.00209185 0.00652315 0.0164771 0.0337159 0.0558934 0.0750803 0.0817473 0.072214 0.0519272 0.030779 0.0158281 0.00850158 0.00677284 0.00822397 0.0113641 0.0154927 0.020219 0.0251753 0.029947 0.0341156 0.0373353 0.0393972 0.0402573 0.0400167 0.0388691 0.0370356 0.0347117 0.0320423 0.0291247 0.0260294 0.0228242 0.0195897
 1.0549e-16 2.65586e-05 0.000155866 0.000740893 0.00285244 0.00889503 0.0224682 0.0459734 0.0762078 0.102351 0.111393 0.0982918 0.0704382 0.0412658 0.0203242 0.00946631 0.00583073 0.00603939 0.00802339 0.0108637 0.0141531 0.0176016 0.0209135 0.0237982 0.0260205 0.0274446 0.0280515 0.0279233 0.0272028 0.0260457 0.0245816 0.0228977 0.0210423 0.0190434 0.0169295 0.0147438
 1.03487e-16 2.80868e-05 0.000164834 0.000783519 0.00301655 0.00940678 0.0237609 0.0486186 0.0805934 0.108243 0.117811 0.103968 0.0745348 0.0437227 0.0216383 0.0102475 0.00652776 0.00690201 0.0091651 0.0123117 0.0158615 0.0194467 0.0226934 0.0252475 0.0268431 0.0273593 0.0268416 0.0254767 0.0235345 0.0212963 0.018995 0.0167828 0.01473 0.0128458 0.0111085 0.00949254
 1.01861e-16 3.22054e-05 0.000189018 0.000898505 0.00345929 0.0107875 0.0272483 0.0557538 0.0924185 0.124117 0.135067 0.119148 0.0853086 0.0498244 0.0242513 0.0108037 0.00597407 0.00562869 0.00722921 0.00964749 0.0123979 0.0151614 0.0176333 0.0195295 0.0206376 0.0208628 0.0202455 0.0189417 0.0171772 0.0151899 0.0131811 0.0112875 0.00957804 0.00806841 0.00674348 0.00557819
 1.01191e-16 3.27907e-05 0.000192453 0.000914832 0.00352215 0.0109835 0.0277434 0.0567669 0.0940981 0.126373 0.137524 0.121318 0.0868687 0.0507484 0.0247244 0.0110525 0.00616184 0.00584184 0.00750302 0.00998771 0.0127885 0.015565 0.0179919 0.0197685 0.0206755 0.0206236 0.019672 0.0180069 0.0158896 0.0135935 0.0113486 0.0093098 0.007552 0.00608528 0.00488018 0.00389185
 1.01698e-16 2.69717e-05 0.000158281 0.000752353 0.00289653 0.00903248 0.0228155 0.0466848 0.07739 0.103947 0.113153 0.0998986 0.0717066 0.0422438 0.0212404 0.0106151 0.00749467 0.00846211 0.0113946 0.0152877 0.0196023 0.0238743 0.0276164 0.0303691 0.0317941 0.0317505 0.0303236 0.0277926 0.0245529 0.0210204 0.0175472 0.0143739 0.011621 0.0093111 0.00740632 0.0058441
 1.02568e-16 2.73044e-05 0.000160239 0.000761672 0.00293242 0.00914444 0.0230982 0.0472629 0.0783467 0.105227 0.114534 0.101088 0.0724956 0.0425786 0.0211697 0.0101902 0.00671299 0.00727038 0.00972362 0.0130924 0.0168964 0.0207539 0.0242681 0.0270568 0.0288252 0.0294264 0.0288872 0.0273854 0.0251935 0.0226075 0.0198852 0.0172123 0.0146971 0.0123864 0.0102915 0.00841041
 1.03005e-16 2.6841e-05 0.000157518 0.000748734 0.00288261 0.00898909 0.0227059 0.0464601 0.0770163 0.103441 0.112593 0.0993819 0.0712867 0.0418982 0.0208861 0.0101444 0.00680032 0.00744817 0.00998503 0.0134417 0.0173347 0.0212733 0.0248502 0.0276752 0.0294503 0.0300328 0.0294594 0.0279221 0.0257075 0.0231216 0.0204256 0.017801 0.0153455 0.0130924 0.0110396 0.00917486
 1.02442e-16 3.067e-05 0.000180003 0.000855645 0.00329426 0.0102728 0.0259484 0.0530942 0.0880105 0.118199 0.128632 0.113481 0.0812751 0.0475167 0.0232184 0.0104986 0.00602803 0.00587968 0.00764256 0.0102424 0.0132089 0.0162216 0.0189679 0.0211508 0.0225436 0.0230357 0.0226525 0.021536 0.0198999 0.0179728 0.0159502 0.0139681 0.0121002 0.0103727 0.00878603 0.00733348
 1.02268e-16 2.82276e-05 0.000165658 0.000787434 0.00303161 0.00945375 0.0238795 0.0488616 0.0809969 0.108787 0.118408 0.104507 0.0749472 0.0440172 0.0218812 0.0105235 0.00691416 0.0074617 0.00994584 0.0133412 0.0171375 0.0209277 0.0242932 0.0268394 0.0282728 0.0284664 0.0274837 0.0255509 0.0229922 0.0201476 0.0173039 0.0146553 0.0122977 0.0102497 0.00848432 0.00695915
 1.02525e-16 2.79643e-05 0.000164114 0.000780093 0.00300335 0.00936563 0.0236569 0.048406 0.0802413 0.107771 0.1173 0.103523 0.0742289 0.0435699 0.0216124 0.0103188 0.0066851 0.00715406 0.00953151 0.0128132 0.0165117 0.0202455 0.023622 0.0262664 0.0278927 0.0283649 0.0277206 0.0261476 0.0239262 0.0213566 0.0186971 0.0161287 0.0137508 0.0115983 0.00966911 0.00794815
 1.0237e-16 2.98045e-05 0.00017492 0.000831473 0.00320119 0.00998258 0.0252153 0.0515943 0.085525 0.114863 0.125008 0.110299 0.0790275 0.0462666 0.022727 0.0104785 0.00629685 0.00637399 0.00836735 0.0112224 0.0144586 0.0177299 0.0206912 0.0230151 0.0244527 0.0248861 0.0243489 0.0230056 0.0211006 0.0188941 0.0166091 0.0143998 0.0123493 0.0104848 0.00880228 0.00728806
 1.02301e-16 2.8641e-05 0.000168086 0.000798979 0.00307607 0.00959239 0.0242297 0.049578 0.0821839 0.110379 0.120137 0.106024 0.0760139 0.0446013 0.022093 0.0104954 0.00672684 0.00713913 0.0094804 0.012719 0.0163546 0.0199989 0.0232557 0.02575 0.0272011 0.0274835 0.02665 0.0249067 0.0225519 0.0199009 0.0172208 0.0146941 0.0124141 0.0104035 0.00864427 0.00710429
 1.04218e-16 1.7167e-05 0.000100708 0.000478619 0.00184254 0.00574563 0.0145134 0.0296989 0.0492394 0.0661577 0.0720733 0.0637656 0.0460641 0.0277288 0.0150395 0.00932622 0.00887273 0.0115914 0.0161566 0.0218598 0.0281758 0.0345226 0.0402403 0.0446894 0.0473835 0.0480955 0.0468975 0.0441206 0.0402536 0.0358179 0.0312596 0.026889 0.0228726 0.0192635 0.0160497 0.0131966
pSPR Fmed_Fpbrs
0.699048   0.335036 0.335036
Fs Fmed_Fpbrs
0.224814   1.005 1.005
SSBpbr Bo_Bmed_Bpbrs
1.34619e+06  873745  383714 383714
Ro
56387.3
SPR SPRFo_SPRFmed_SPRFpbrs
1.16212e+06 812376 389351
log_Ro
10.76
likeval ReclasPelacesDesembMPH_pf_preclas_ppelaces_ptallas_desvR_qrecl_qpela
 60.549 21.8724 0.0283618 0.000233316 288.308 198.571 70.5696 0 16.3341 7.43288e-05 1.00865e-05 0 0 0 0
q_reclas_q_pelaces
0.294731 1.5712
M
0.7
N
 64798.5 16521.7 6135.44 722.127 0.37035
 79954.9 29864.5 5559.62 2064.6 243.123
 50691.5 37555.5 11094.6 2065.39 857.313
 73696 23304.8 12474.7 3685.25 970.821
 121261 36072.7 10734.8 5746.15 2144.71
 89678.2 60032.6 17629.8 5246.41 3856.49
 135448 43136.8 25248.4 7414.7 3828.48
 119316 65918.1 19281.7 11285.8 5025.58
 134976 56858.9 26403.7 7723.35 6533.57
 131000 63853.2 21923.8 10180.8 5497.22
 66809.2 62424.1 25571.6 8779.91 6278.65
 41560.2 30332.1 19422.9 7956.45 4685.39
 41909.6 18963.9 9688.38 6203.87 4037.93
 23575.2 18184.3 4658.25 2379.83 2515.77
 17603.7 9158.27 2509.09 642.752 675.503
 21151.5 6881.23 1305.37 357.632 187.897
 17551.7 9565.06 2097.27 397.851 166.267
 20029.2 8173.41 3397.14 744.868 200.353
 22776.2 9531.91 3251.08 1351.26 375.974
 39289.3 10919.5 3940.16 1343.88 713.977
 49470 18831.5 4507.72 1626.56 849.517
 65814.7 24147.5 8549.75 2046.57 1124.17
 104623 31969 10687 3783.88 1403.28
 138893 50624.8 13867.7 4635.88 2250.12
 65827.4 67285.7 22094.1 6052.26 3005.25
pred_Ctot
 3364.87 3916.69 1454.49 171.19 0.0877965
 3122.13 5501.11 1024.09 380.303 44.7838
 2717.13 9151.01 2703.38 503.265 208.898
 758.989 1218.92 652.466 192.751 50.7772
 266.294 410.824 122.256 65.4417 24.4256
 2025.54 6671.65 1959.26 583.053 428.586
 1947.74 3117.26 1824.56 535.819 276.663
 3472.05 9281.71 2714.99 1589.11 707.635
 4609.18 9274.49 4306.83 1259.79 1065.72
 3815.5 8998.52 3089.61 1434.73 774.696
 4140.62 17218.8 7053.57 2421.82 1731.88
 2436.64 7981.98 5111.2 2093.76 1232.97
 3834.85 7172.67 3664.42 2346.48 1527.26
 3743.78 10135.2 2596.33 1326.43 1402.2
 2731.81 5031.26 1378.42 353.108 371.1
 1366.49 1965.51 372.857 102.152 53.6697
 788.594 1997.12 437.895 83.0686 34.7154
 601.448 1184.79 492.437 107.974 29.0425
 567.186 1161.01 395.989 164.586 45.7945
 985.392 1338.9 483.126 164.782 87.5449
 606.75 1167.04 279.357 100.803 52.6471
 1034.87 1901.51 673.253 161.158 88.5234
 1928.26 2930.23 979.556 346.825 128.623
 2446.19 4443.46 1217.2 406.902 197.498
 980.691 5030.77 1651.92 452.511 224.694
F
 0.0746112 0.389146 0.389146 0.389146 0.389146
 0.0556426 0.290212 0.290212 0.290212 0.290212
 0.0770988 0.402121 0.402121 0.402121 0.402121
 0.0144121 0.0751685 0.0751685 0.0751685 0.0751685
 0.00305773 0.015948 0.015948 0.015948 0.015948
 0.031851 0.166124 0.166124 0.166124 0.166124
 0.0201743 0.105222 0.105222 0.105222 0.105222
 0.0412042 0.214907 0.214907 0.214907 0.214907
 0.0485079 0.253001 0.253001 0.253001 0.253001
 0.0412423 0.215106 0.215106 0.215106 0.215106
 0.0896336 0.467498 0.467498 0.467498 0.467498
 0.0846069 0.44128 0.44128 0.44128 0.44128
 0.134959 0.703897 0.703897 0.703897 0.703897
 0.245537 1.28064 1.28064 1.28064 1.28064
 0.239313 1.24817 1.24817 1.24817 1.24817
 0.0935955 0.488162 0.488162 0.488162 0.488162
 0.0642649 0.335183 0.335183 0.335183 0.335183
 0.0425446 0.221898 0.221898 0.221898 0.221898
 0.035168 0.183424 0.183424 0.183424 0.183424
 0.0354231 0.184754 0.184754 0.184754 0.184754
 0.0171844 0.0896278 0.0896278 0.0896278 0.0896278
 0.0220783 0.115153 0.115153 0.115153 0.115153
 0.0259225 0.135203 0.135203 0.135203 0.135203
 0.0247584 0.129131 0.129131 0.129131 0.129131
 0.0209076 0.109047 0.109047 0.109047 0.109047
nmprior
 10 11 7 0
nm_flota  nm_reclas  nm_pelaces    nm_pelaL
inf 13.5392 18.9812 34.1971
cv_recla  cv_pelaces  cv_mph
0.703847 0.550316 0.495576
 ------------------------------------------------
Talla a la edad & desviación 
 7.2 14.2025 17.0495 18.207 18.6776
 1.08 2.13037 2.55742 2.73105 2.80164
