years
 1997 1998 1999 2000 2001 2002 2003 2004 2005 2006 2007 2008 2009 2010 2011 2012 2013 2014 2015 2016 2017 2018 2019 2020 2021
reclasobs
 0 0 0 370054 412103 1.49427e+06 250295 1.28982e+06 931140 785840 897777 1.04006e+06 184774 17550 25797 100020 73551 82996 120727 218422 84188 347160 605670 569463 516374
reclaspred
 657177 152828 355234 206674 336410 413789 885027 634564 727846 822211 724283 489875 300870 123143 71134.1 69423.9 82643 105483 112515 152140 235518 224997 370998 431179 444016
pelacesobs
 0 0 0 0 0 0 0 0 0 2.06254e+06 1.5e+06 0 1.87456e+06 323000 250000 174000 83755 137374 0 501740 490994 745055 786931 1.00524e+06 0
pelacespred
 2.28099e+06 505687 632604 625346 926877 801993 2.37175e+06 1.83399e+06 2.00811e+06 2.26665e+06 1.64573e+06 1.17062e+06 743906 236612 147247 146932 182011 242174 250271 346745 624862 544706 702782 977157 947934
mphobs
 0 0 0 0 0 112323 0 153150 637223 0 255016 313432 73983 77613 109348 50772 0 0 0 0 0 0 0 0 0
mphpred
 242863 124093 124071 103222 111082 194969 262147 337970 298285 333716 383393 261500 161383 85513.7 36336 28880.9 32569.3 41054 49040 55548.1 85055.6 106344 130812 171966 226720
desembarqueobs
 350755 77701 442110 56441 14545 235359 269955 359681 431902 328805 639364 411747 362871 311530 167758 66681 60226 58785 57116 71774 51957 67425 138520 160799 200461
desembarquepred
 350750 77689.8 441975 56440.8 14545 235408 269994 359562 431837 328744 639014 411617 362766 311434 167486 66658.4 60236.9 58759.8 57088.1 71758.4 51955.4 67403.6 138503 160794 200453
Reclutas
 33205 43309.1 17634.2 25857.7 52968.8 33372.1 70509.1 70090.1 93006 123729 63220.3 45723.6 49828.7 26500.7 14437.5 12938.6 9150.46 10058.6 11266.3 17745.1 23455.8 29745.7 42524.8 50000.2 14350.5
log_desv_Rt
 0.0704571 0.336119 -0.562406 -0.179637 0.537459 0.0754757 0.823498 0.817536 1.10042 1.38585 0.71438 0.39037 0.476347 -0.155073 -0.762419 -0.872027 -1.21844 -1.12382 -1.01043 -0.556134 -0.277127 -0.0395612 0.317842 0.479782 -0.768462
SSB
 528928 270262 270213 224807 241923 424620 570927 736062 649631 726797 834989 569518 351475 186239 79135.8 62899.3 70932.3 89411.2 106804 120978 185242 231605 284894 374523 493771
BT
 1.54623e+06 400961 585882 396230 517044 603386 1.5059e+06 1.39075e+06 1.50366e+06 1.55279e+06 1.44623e+06 1.00208e+06 758528 416710 217888 134988 147138 179053 181654 245705 382401 349630 467409 654374 652663
Ftot
 0.593827 0.624182 1.17454 0.313157 0.0574126 0.533537 0.376134 0.666014 0.747662 0.509124 0.872655 0.840254 1.37179 2.49651 2.73356 1.14643 0.848233 0.644443 0.542895 0.563421 0.259165 0.316409 0.386181 0.410871 0.394555
BD_Bspro_t
 0.925642 0.659971 0.557661 0.341553 0.483944 0.676521 0.604725 0.630556 0.563378 0.543638 0.545179 0.379392 0.276541 0.186825 0.0994338 0.0973279 0.146781 0.236382 0.321981 0.408444 0.543332 0.659027 0.66796 0.659767 0.637079
BD_Bspro
 0.829322 0.423752 0.423676 0.352481 0.379319 0.665775 0.895174 1.15409 1.01858 1.13957 1.3092 0.892965 0.551089 0.292011 0.124079 0.0986218 0.111217 0.140191 0.167461 0.189685 0.290446 0.363141 0.446695 0.587227 0.774199
BD_Bo
 0.640922 0.327486 0.327428 0.272407 0.293148 0.514528 0.691814 0.891915 0.787183 0.880688 1.01179 0.690107 0.425896 0.225673 0.0958919 0.0762175 0.0859514 0.108343 0.129418 0.146593 0.224465 0.280645 0.345217 0.453824 0.598321
BD_Brms
 2.14456 1.09579 1.09559 0.911487 0.980888 1.72164 2.31485 2.98439 2.63396 2.94683 3.38549 2.30913 1.42507 0.755115 0.320859 0.255028 0.287598 0.362521 0.43304 0.490509 0.75107 0.939054 1.15512 1.51852 2.00201
S_f
 0.146993 1 1 1 1
 0.146993 1 1 1 1
 0.146993 1 1 1 1
 0.146993 1 1 1 1
 0.146993 1 1 1 1
 0.146993 1 1 1 1
 0.146993 1 1 1 1
 0.146993 1 1 1 1
 0.146993 1 1 1 1
 0.146993 1 1 1 1
 0.146993 1 1 1 1
 0.146993 1 1 1 1
 0.146993 1 1 1 1
 0.146993 1 1 1 1
 0.146993 1 1 1 1
 0.146993 1 1 1 1
 0.146993 1 1 1 1
 0.146993 1 1 1 1
 0.146993 1 1 1 1
 0.146993 1 1 1 1
 0.146993 1 1 1 1
 0.146993 1 1 1 1
 0.146993 1 1 1 1
 0.146993 1 1 1 1
 0.146993 1 1 1 1
Scru_reclas
 0.643039 1 1 1 1
 0.643039 1 1 1 1
 0.643039 1 1 1 1
 0.643039 1 1 1 1
 0.643039 1 1 1 1
 0.643039 1 1 1 1
 0.643039 1 1 1 1
 0.643039 1 1 1 1
 0.643039 1 1 1 1
 0.643039 1 1 1 1
 0.643039 1 1 1 1
 0.643039 1 1 1 1
 0.643039 1 1 1 1
 0.643039 1 1 1 1
 0.643039 1 1 1 1
 0.643039 1 1 1 1
 0.643039 1 1 1 1
 0.643039 1 1 1 1
 0.643039 1 1 1 1
 0.643039 1 1 1 1
 0.643039 1 1 1 1
 0.643039 1 1 1 1
 0.643039 1 1 1 1
 0.643039 1 1 1 1
 0.643039 1 1 1 1
Scru_pelaces
 0.87005 1 1 1 1
 0.87005 1 1 1 1
 0.87005 1 1 1 1
 0.87005 1 1 1 1
 0.87005 1 1 1 1
 0.87005 1 1 1 1
 0.87005 1 1 1 1
 0.87005 1 1 1 1
 0.87005 1 1 1 1
 0.87005 1 1 1 1
 0.87005 1 1 1 1
 0.87005 1 1 1 1
 0.87005 1 1 1 1
 0.87005 1 1 1 1
 0.87005 1 1 1 1
 0.87005 1 1 1 1
 0.87005 1 1 1 1
 0.87005 1 1 1 1
 0.87005 1 1 1 1
 0.87005 1 1 1 1
 0.87005 1 1 1 1
 0.87005 1 1 1 1
 0.87005 1 1 1 1
 0.87005 1 1 1 1
 0.87005 1 1 1 1
pf_obs 
 0.256992 0.487395 0.22802 0.0275931 0
 0.321318 0.546541 0.124235 0.00734118 0.000564706
 0.182869 0.594174 0.210203 0.0122559 0.00049798
 0.330522 0.361315 0.267642 0.0388342 0.00168674
 0.649043 0.306663 0.0425973 0.00169635 0
 0.582887 0.30429 0.105238 0.00758474 0
 0.465427 0.430635 0.0974691 0.00646863 0
 0.296916 0.608066 0.0921331 0.00288517 0
 0.311714 0.524322 0.152257 0.0117073 0
 0.15457 0.633149 0.183074 0.0267441 0.00246327
 0.131901 0.49318 0.331252 0.0422183 0.00144891
 0.196976 0.569456 0.194076 0.0375587 0.00193317
 0.518974 0.381816 0.0799577 0.0180837 0.00116848
 0.0928022 0.601141 0.25162 0.0475244 0.00691264
 0.122501 0.610282 0.24278 0.0234846 0.000952079
 0.383417 0.481906 0.127806 0.00687128 0
 0.0376549 0.599619 0.316969 0.0457579 0
 0.0361596 0.667082 0.258105 0.0386534 0
 0.158088 0.579412 0.248529 0.0139706 0
 0.0477256 0.309471 0.559284 0.082774 0.000745712
 0.0406174 0.521527 0.379366 0.0568643 0.0016247
 0.151134 0.462217 0.34131 0.0453401 0
 0.294876 0.26143 0.354403 0.0886775 0.000613685
 0.281977 0.475581 0.204845 0.0348837 0.00271318
 0 0 0 0 0
pf_pred 
 0.24927 0.52295 0.203 0.0247723 8.41449e-06
 0.283172 0.539313 0.123655 0.0480007 0.00585958
 0.132982 0.681456 0.13961 0.0320101 0.0139426
 0.275618 0.476626 0.194731 0.0398944 0.0131313
 0.327598 0.504974 0.110163 0.0450085 0.0122559
 0.149538 0.657471 0.144937 0.0316189 0.0164359
 0.320788 0.413814 0.205172 0.0452295 0.0149962
 0.237884 0.60544 0.0954558 0.0473277 0.0138924
 0.295901 0.526576 0.141027 0.0222349 0.0142602
 0.298357 0.56594 0.101488 0.0271806 0.0070338
 0.14776 0.671816 0.145528 0.0260972 0.00879803
 0.173991 0.53518 0.229259 0.0496619 0.0119081
 0.281474 0.493762 0.145627 0.0623832 0.0167537
 0.25032 0.634319 0.0792745 0.0233807 0.0127056
 0.311301 0.621995 0.0564392 0.00705353 0.00321081
 0.352309 0.6065 0.037201 0.00337559 0.000613902
 0.224074 0.675358 0.0941722 0.00577626 0.000619453
 0.257909 0.557711 0.160483 0.0223778 0.00151979
 0.2529 0.571948 0.131634 0.0378781 0.00564044
 0.316579 0.513263 0.130266 0.0299807 0.00991172
 0.273821 0.585771 0.105449 0.026763 0.00819587
 0.245688 0.561375 0.155632 0.0280166 0.00928814
 0.268824 0.527284 0.151741 0.0420678 0.0100836
 0.243039 0.568825 0.135673 0.0390438 0.0134188
 0.0704181 0.676541 0.19015 0.0453533 0.0175375
pobs_RECLAS
 0 0 0 0 0
 0 0 0 0 0
 0 0 0 0 0
 0 0 0 0 0
 0.835266 0.146461 0.0176864 0.000547809 3.91292e-05
 0.385257 0.428462 0.181853 0.0044286 0
 0.867414 0.0963971 0.0333333 0.00285562 0
 0.441836 0.489002 0.0689373 0.000224442 0
 0.779404 0.147425 0.0564933 0.0165055 0.000172143
 0.814271 0.122319 0.05973 0.00367925 0
 0.40263 0.566651 0.0304383 0.000280538 0
 0.475488 0.404961 0.113038 0.00651328 0
 0.955842 0.0263864 0.0167828 0.000988607 0
 0.975058 0.0227948 0.00214734 0 0
 0.738997 0.206755 0.0527124 0.00153531 0
 0.850938 0.134255 0.0134407 0.00136685 0
 0.542534 0.407297 0.0501686 0 0
 0.764087 0.199537 0.0359546 0.000420521 0
 0.470689 0.182191 0.310203 0.0369168 0
 0.84361 0.089868 0.0606195 0.00523954 0.000663233
 0.607945 0.314616 0.071237 0.00620181 0
 0.523733 0.453247 0.0230204 0 0
 0.530135 0.295979 0.169645 0.0042399 0
 0.562478 0.366248 0.0663022 0.0049721 0
 0.250443 0.683176 0.0655157 0.000865301 0
ppred_RECLAS
 0.602626 0.276806 0.107451 0.0131124 4.45393e-06
 0.644071 0.267787 0.0613989 0.023834 0.00290948
 0.428442 0.449231 0.0920337 0.0211017 0.00919126
 0.629213 0.243968 0.0996761 0.0204206 0.00672146
 0.681292 0.23935 0.0522157 0.0213333 0.00580911
 0.444006 0.429824 0.0947532 0.020671 0.0107451
 0.679136 0.195488 0.0969247 0.0213667 0.00708427
 0.58945 0.326149 0.0514218 0.0254953 0.00748382
 0.660963 0.253556 0.0679073 0.0107065 0.00686657
 0.658358 0.275566 0.0494165 0.0132347 0.00342488
 0.449208 0.434186 0.0940531 0.0168663 0.00568606
 0.496771 0.326048 0.139671 0.0302555 0.00725475
 0.663262 0.231402 0.0682482 0.0292359 0.00785163
 0.674004 0.275832 0.0344722 0.010167 0.00552498
 0.746887 0.228598 0.0207428 0.00259234 0.00118005
 0.725897 0.256671 0.0157435 0.00142855 0.000259804
 0.575301 0.369653 0.0515446 0.0031616 0.000339054
 0.61467 0.289591 0.0833307 0.0116197 0.00078915
 0.606103 0.30155 0.0694019 0.0199706 0.00297383
 0.678421 0.241512 0.0612958 0.0141072 0.00466389
 0.626199 0.301526 0.0542801 0.0137763 0.00421883
 0.592339 0.30339 0.0841098 0.0151413 0.00501969
 0.622496 0.272235 0.0783437 0.0217195 0.00520612
 0.590651 0.307609 0.0733691 0.0211141 0.00725663
 0.253722 0.543135 0.152654 0.0364101 0.0140793
pobs_PELACES
 0 0 0 0 0
 0 0 0 0 0
 0 0 0 0 0
 0 0 0 0 0
 0 0 0 0 0
 0 0 0 0 0
 0 0 0 0 0
 0 0 0 0 0
 0 0 0 0 0
 0 0 0 0 0
 0.450072 0.473896 0.0757376 0.000293798 0
 0 0 0 0 0
 0.463077 0.371075 0.160297 0.00555027 0
 0.529543 0.364841 0.0842815 0.0213345 0
 0.631943 0.363953 0.00410389 0 0
 0.735681 0.248677 0.0153453 0.000297389 0
 0.695825 0.281241 0.0229344 0 0
 0.275771 0.60734 0.115278 0.00161068 0
 0 0 0 0 0
 0.896147 0.0623911 0.0374545 0.00400742 0
 0.803859 0.145111 0.0509908 3.86294e-05 0
 0.739449 0.233085 0.0266225 0.000797448 4.60066e-05
 0.878498 0.100942 0.0204185 0.000141795 0
 0.694673 0.275183 0.0284847 0.00165964 0
 0 0 0 0 0
ppred_PELACES
 0.708048 0.20337 0.0789447 0.00963374 3.27232e-06
 0.744811 0.191994 0.044021 0.0170882 0.002086
 0.585346 0.325908 0.0667686 0.0153089 0.00666808
 0.714908 0.187584 0.0766395 0.0157011 0.00516803
 0.746157 0.190636 0.0415884 0.0169914 0.00462681
 0.556659 0.342736 0.0755548 0.0164828 0.00856796
 0.760974 0.145628 0.0722035 0.015917 0.00527739
 0.700885 0.237623 0.0374645 0.0185752 0.0054525
 0.765019 0.175736 0.0470655 0.0074205 0.00475911
 0.750568 0.20119 0.0360788 0.00966261 0.00250049
 0.585191 0.326992 0.0708327 0.0127022 0.00428225
 0.628539 0.240674 0.103099 0.0223332 0.00535513
 0.796791 0.139643 0.0411852 0.0176428 0.00473816
 0.849597 0.127259 0.0159042 0.00469069 0.00254902
 0.896032 0.0938979 0.00852021 0.00106482 0.000484712
 0.831873 0.157435 0.0096566 0.000876231 0.000159356
 0.699439 0.261605 0.0364783 0.00223747 0.00023995
 0.721263 0.209482 0.0602791 0.00840533 0.000570849
 0.70809 0.223473 0.0514325 0.0147999 0.00220385
 0.769851 0.172847 0.0438685 0.0100963 0.00333788
 0.709146 0.234617 0.0422352 0.0107193 0.00328266
 0.682451 0.236327 0.0655178 0.0117944 0.00391011
 0.713247 0.20679 0.05951 0.0164982 0.00395458
 0.686683 0.235445 0.0561568 0.0161608 0.00555424
 0.339516 0.480694 0.135105 0.0322243 0.0124607
pobs_pel_tallas
 0 0 0 0 0 0 0 0 0 0 0 0 0 0 0 0 0 0 0 0 0 0 0 0 0 0 0 0 0 0 0 0 0 0 0 0
 0 0 0 0 0 0 0 0 0 0 0 0 0 0 0 0 0 0 0 0 0 0 0 0 0 0 0 0 0 0 0 0 0 0 0 0
 0 0 0 0 0 0 0 0 0 0 0 0 0 0 0 0 0 0 0 0 0 0 0 0 0 0 0 0 0 0 0 0 0 0 0 0
 0 0 0 0 0 0 0 0 0 0 0 0 0 0 0 0 0 0 0 0 0 0 0 0 0 0 0 0 0 0 0 0 0 0 0 0
 0 0 0 0 0 0 0 0 0 0 0 0 0 0 0 0 0 0 0 0 0 0 0 0 0 0 0 0 0 0 0 0 0 0 0 0
 0 0 0 0 0 0 0 0 0 0 0 0 0 0 0 0 0 0 0 0 0 0 0 0 0 0 0 0 0 0 0 0 0 0 0 0
 0 0 0 0 0 0 0 0 0 0 0 0 0 0 0 0 0 0 0 0 0 0 0 0 0 0 0 0 0 0 0 0 0 0 0 0
 0 0 0 0 0 0 0 0 0 0 0 0 0 0 0 0 0 0 0 0 0 0 0 0 0 0 0 0 0 0 0 0 0 0 0 0
 0 0 0 0 0 0 0 0 0 0 0 0 0 0 0 0 0 0 0 0 0 0 0 0 0 0 0 0 0 0 0 0 0 0 0 0
 0 0 0 0 0 0 0 0 0 0 0 0 0 0 0 0 0 0 0 0 0 0 0 0 0 0 0 0 0 0 0 0 0 0 0 0
 0 0 0 0 0 0 0 0 1.78061e-05 0.00172719 0.00360574 0.0105946 0.0120993 0.0124554 0.0147524 0.0171206 0.0266825 0.0428682 0.0675386 0.121331 0.153587 0.119568 0.100827 0.0573624 0.0630603 0.0341343 0.0324427 0.0444173 0.0211091 0.0280891 0.0125444 0.00206551 0 0 0 0
 0 0 0 0 0 0 0 0 0 0 0 0 0 0 0 0 0 0 0 0 0 0 0 0 0 0 0 0 0 0 0 0 0 0 0 0
 0 0 0 0 0 0 0.0133647 0.0140871 0.0187388 0.0205184 0.03894 0.0496705 0.03968 0.0493445 0.0407372 0.0367815 0.0215668 0.0243155 0.0234873 0.0199281 0.019796 0.0243948 0.0301388 0.0376714 0.0412746 0.0863199 0.0771752 0.113111 0.0741005 0.0525337 0.0229764 0.00759418 0.00175318 0 0 0
 0 0 0 0 0 0 0 0 0 0 0.00219441 0.00772107 0.0458388 0.0604681 0.0671733 0.0775358 0.0609151 0.0617685 0.073594 0.0568108 0.0755445 0.0548602 0.0670107 0.0636378 0.0643287 0.046367 0.0373049 0.0286899 0.0247887 0.0153202 0.00654259 0.00121912 0.000365735 0 0 0
 0 0 0 0 0 0 0 0 0 0 0 0 0.000112435 0.00938835 0.0111873 0.0202946 0.0414886 0.0713402 0.111592 0.104902 0.108894 0.110636 0.117776 0.105296 0.107544 0.0401394 0.0192827 0.0124803 0.00416011 0.0028671 0.000618394 0 0 0 0 0
 0 0 0 0 0 0 0 0 0 0 0.00291406 0.0102884 0.027416 0.0768956 0.0749926 0.110853 0.0956884 0.0897413 0.0766577 0.0534642 0.0500743 0.0551293 0.0594112 0.0620874 0.0668451 0.0424026 0.0208742 0.0120726 0.0048766 0.00582813 0.00118941 0.000297354 0 0 0 0
 0 0.00264628 0.0354308 0.0461629 0.0458689 0.0383711 0.0214643 0.0164657 0.0346957 0.0420465 0.0363128 0.0245516 0.0311673 0.0291091 0.0169068 0.0133784 0.00837989 0.0085269 0.0148486 0.0160247 0.0276389 0.0546898 0.0760071 0.122758 0.109233 0.0665981 0.0333725 0.0166128 0.00676272 0.00308733 0.000882094 0 0 0 0 0
 0 0 0 0 0 0 0 0.000805153 0.000690131 0.00759144 0.0133425 0.0154129 0.00931677 0.000345066 0.00356568 0.00563607 0.00851162 0.0253048 0.0502646 0.0516448 0.0657925 0.0565908 0.0611916 0.0827007 0.0866115 0.110766 0.145733 0.0935128 0.0569358 0.0249597 0.0138026 0.00621118 0.00161031 0.00115022 0 0
 0 0 0 0 0 0 0 0 0 0 0 0 0 0 0 0 0 0 0 0 0 0 0 0 0 0 0 0 0 0 0 0 0 0 0 0
 0.00147267 0.00158595 0.00478618 0.00569244 0.00954404 0.0108468 0.00647125 0.017049 0.0510054 0.094081 0.124002 0.0959785 0.0687766 0.0820023 0.061753 0.0591476 0.0492212 0.0479892 0.0443925 0.0268479 0.0217502 0.0140895 0.0121071 0.0120363 0.00920419 0.00665534 0.0049561 0.00860946 0.00930331 0.0156896 0.0114698 0.00855282 0.00243557 0.00046729 0 2.83206e-05
 0 0 0 0 0.000772559 0.00158375 0.000888443 0.00281984 0.00712685 0.0440552 0.0773331 0.111326 0.0921469 0.0852325 0.0710754 0.0886704 0.0786465 0.0553345 0.0373146 0.0185414 0.00753245 0.00457741 0.012979 0.0271748 0.0457355 0.0583668 0.034881 0.0177882 0.00938659 0.00492506 0.0015258 0.00185414 0.000309023 5.79419e-05 3.86279e-05 0
 0 0.00173294 0.00326652 0 0.00397197 0.00683976 0.00946217 0.0152591 0.00757587 0.0136028 0.0228656 0.0392903 0.0559909 0.0764795 0.0681675 0.0726916 0.0566044 0.0477403 0.0527397 0.0444891 0.0609904 0.0582453 0.0661739 0.0445044 0.0529084 0.0360697 0.0280645 0.0235558 0.0158879 0.00826598 0.00280645 0.00217768 0.000904811 0.00058276 9.20147e-05 0
 0 0 0 0 0 0 0 0 0 0 0 0 0 0 0 0 0 0 0 0 0 0 0 0 0 0 0 0 0 0 0 0 0 0 0 0
 0 0 0 0 0 0 0 0 0 0 0 0 0 0 0 0 0 0 0 0 0 0 0 0 0 0 0 0 0 0 0 0 0 0 0 0
 0 0 0 0 0 0 0 0 0 0 0 0 0 0 0 0 0 0 0 0 0 0 0 0 0 0 0 0 0 0 0 0 0 0 0 0
ppred_pel_tallas
 1.01519e-16 3.08953e-05 0.000181325 0.000861923 0.00331843 0.0103482 0.0261388 0.0534838 0.0886566 0.119067 0.129579 0.114323 0.0818897 0.0479 0.0234503 0.0106785 0.00623419 0.00616333 0.00803521 0.0107605 0.0138521 0.0169691 0.0197747 0.0219498 0.0232508 0.0235608 0.0229109 0.0214614 0.0194531 0.0171469 0.0147706 0.0124886 0.0103959 0.00853125 0.00689824 0.00548488
 1.01373e-16 3.24977e-05 0.000190734 0.000906658 0.00349068 0.0108853 0.0274956 0.0562597 0.0932573 0.125244 0.136295 0.120233 0.0860909 0.050292 0.0244986 0.0109464 0.00609712 0.00577897 0.00742796 0.00990027 0.0126975 0.015487 0.0179506 0.0197926 0.0207947 0.0208635 0.0200493 0.0185248 0.0165368 0.0143446 0.0121674 0.0101548 0.00838163 0.0068629 0.00557778 0.00449186
 1.01892e-16 2.55498e-05 0.000149931 0.00071265 0.00274365 0.00855573 0.0216113 0.0442212 0.0733073 0.0984671 0.107198 0.0946659 0.0680042 0.0401705 0.0203976 0.0105223 0.0078419 0.00913342 0.0123873 0.0166349 0.0213273 0.0259673 0.0300259 0.0330031 0.0345319 0.0344613 0.032887 0.0301162 0.0265823 0.0227398 0.0189726 0.0155412 0.012574 0.010092 0.00805029 0.00637739
 1.01931e-16 3.11937e-05 0.000183078 0.000870264 0.00335055 0.0104484 0.0263918 0.0540013 0.0895139 0.120217 0.130826 0.115413 0.0826494 0.0483013 0.0235665 0.0105963 0.0060009 0.00578362 0.00749144 0.0100337 0.0129372 0.015884 0.018565 0.0206865 0.0220226 0.0224617 0.0220258 0.0208531 0.0191545 0.0171586 0.0150646 0.0130154 0.0110939 0.00933525 0.0077466 0.00632462
 1.01453e-16 3.25564e-05 0.000191078 0.000908297 0.00349699 0.010905 0.0275452 0.0563614 0.0934258 0.12547 0.13654 0.120448 0.0862429 0.0503761 0.0245307 0.0109457 0.00607546 0.00573989 0.00737019 0.00982102 0.0125946 0.0153602 0.0178023 0.0196279 0.0206213 0.020691 0.0198878 0.0183841 0.0164254 0.0142683 0.0121298 0.0101561 0.00841923 0.00693187 0.00567122 0.00460173
 1.02151e-16 2.42996e-05 0.00014259 0.000677744 0.00260925 0.00813661 0.0205527 0.0420552 0.0697177 0.0936487 0.10196 0.0900601 0.0647379 0.0383263 0.0196188 0.0103777 0.00804872 0.00957859 0.013059 0.0175579 0.0225255 0.0274467 0.0317665 0.0349589 0.0366361 0.0366357 0.0350539 0.0322078 0.0285477 0.0245463 0.0206035 0.0169917 0.0138466 0.011193 0.0089881 0.00716192
 1.01867e-16 3.32007e-05 0.000194865 0.000926308 0.00356635 0.0111213 0.0280916 0.0574789 0.0952769 0.127952 0.139231 0.122796 0.0878687 0.0512147 0.0247326 0.010688 0.00544842 0.00474292 0.00595893 0.00795736 0.0102834 0.0126717 0.0148797 0.0166776 0.017885 0.0184069 0.0182484 0.017503 0.01632 0.0148642 0.0132812 0.011678 0.0101207 0.00864383 0.00726414 0.00599242
 1.01503e-16 3.05842e-05 0.000179495 0.000853221 0.00328492 0.0102437 0.0258748 0.0529439 0.0877626 0.11787 0.128283 0.113197 0.081123 0.0475303 0.0234152 0.0109061 0.00669701 0.00687799 0.00903533 0.0120672 0.0154508 0.0187952 0.0217102 0.0238335 0.0249014 0.0248093 0.023633 0.0216019 0.0190361 0.0162682 0.0135762 0.0111451 0.0090614 0.00733188 0.00591574 0.00475449
 1.01203e-16 3.33783e-05 0.000195905 0.000931245 0.00358535 0.0111806 0.0282413 0.0577854 0.0957856 0.128637 0.139983 0.123474 0.0883849 0.0515782 0.0250246 0.0110109 0.00589324 0.00538025 0.00683782 0.0090997 0.011673 0.0142446 0.0165208 0.0182293 0.0191679 0.0192485 0.0185139 0.01712 0.0152909 0.0132637 0.0112409 0.00936209 0.00769982 0.00627219 0.00506392 0.00404624
 1.01027e-16 3.27492e-05 0.000192209 0.00091367 0.00351767 0.0109695 0.0277082 0.0566948 0.0939788 0.126213 0.137351 0.121168 0.0867683 0.0507029 0.0247266 0.0110946 0.00624253 0.00596617 0.00767858 0.0102202 0.013078 0.0159034 0.0183616 0.0201436 0.0210246 0.0209143 0.0198765 0.0181056 0.0158747 0.0134688 0.0111281 0.00901461 0.0072069 0.00571527 0.00450787 0.00353578
 1.01749e-16 2.55431e-05 0.000149891 0.000712461 0.00274292 0.00855347 0.0216056 0.0442095 0.0732879 0.0984413 0.10717 0.0946421 0.0679888 0.0401648 0.0204011 0.0105345 0.00786387 0.00916753 0.0124366 0.0167024 0.0214147 0.0260747 0.0301504 0.0331391 0.0346711 0.0345928 0.0329991 0.030197 0.0266218 0.0227304 0.0189107 0.0154274 0.0124132 0.00989318 0.00782508 0.00613896
 1.0256e-16 2.74299e-05 0.000160976 0.000765176 0.00294592 0.00918652 0.0232045 0.0474804 0.0787071 0.105711 0.115059 0.101549 0.0728201 0.0427574 0.0212365 0.0101858 0.0066627 0.00718223 0.00959603 0.0129217 0.0166812 0.0204981 0.0239815 0.0267546 0.0285258 0.0291488 0.0286474 0.0271939 0.025054 0.022517 0.0198358 0.0171931 0.0146966 0.0123948 0.0103014 0.0084171
 1.01458e-16 3.47622e-05 0.000204033 0.000969895 0.00373417 0.0116447 0.0294135 0.0601836 0.0997597 0.133971 0.145776 0.128559 0.0919714 0.053563 0.0257855 0.0110017 0.0053981 0.0044926 0.0055422 0.00735165 0.00944914 0.0115694 0.0134779 0.0149586 0.0158493 0.0160754 0.0156635 0.0147266 0.0134308 0.0119516 0.0104383 0.00899326 0.00766971 0.00648251 0.0054248 0.00448286
 1.00548e-16 3.70642e-05 0.000217549 0.00103416 0.0039816 0.0124163 0.0313625 0.0641712 0.106369 0.142844 0.155425 0.137054 0.0980161 0.0570179 0.0273251 0.011444 0.00529377 0.00408208 0.00487559 0.00639963 0.00816175 0.00990096 0.0113981 0.0124578 0.0129403 0.0127931 0.0120621 0.0108771 0.00941699 0.00786739 0.00638329 0.00506772 0.00396798 0.00308598 0.00239542 0.00185868
 1.00211e-16 3.90877e-05 0.000229432 0.00109065 0.00419914 0.0130947 0.033076 0.067677 0.112179 0.150642 0.1639 0.144504 0.103293 0.059984 0.0285523 0.0116225 0.00487218 0.0032336 0.00361101 0.00467501 0.00594135 0.00718796 0.00824714 0.00897392 0.00926633 0.00908803 0.00847672 0.00753294 0.0063941 0.00520224 0.00407607 0.00309436 0.00229287 0.00167181 0.0012088 0.000871777
 1.00227e-16 3.62926e-05 0.000213016 0.0010126 0.00389859 0.0121574 0.0307086 0.0628336 0.104153 0.13987 0.152197 0.134226 0.0960323 0.0559423 0.0269563 0.0115415 0.0057146 0.0047906 0.00589461 0.00776123 0.00987456 0.0119313 0.0136629 0.0148284 0.015259 0.0148967 0.013809 0.0121692 0.0102128 0.00818242 0.00628012 0.00463927 0.00331908 0.00231734 0.00159253 0.0010862
 1.00692e-16 3.05222e-05 0.000179129 0.000851474 0.00327818 0.0102227 0.0258218 0.0528355 0.0875837 0.117631 0.128029 0.112986 0.0809999 0.0475148 0.0235124 0.0111262 0.00706518 0.00743166 0.00981307 0.0130946 0.0167266 0.0202801 0.0233224 0.0254523 0.0263816 0.0260014 0.0244071 0.0218684 0.0187584 0.0154655 0.0123167 0.0095323 0.00721722 0.00538078 0.00397123 0.00291011
 1.0124e-16 3.14717e-05 0.000184708 0.000878009 0.00338036 0.0105413 0.0266266 0.054482 0.0903112 0.121289 0.131998 0.116456 0.0834175 0.0487927 0.0238849 0.0108708 0.00633548 0.00624779 0.00812695 0.0108572 0.0139354 0.0170077 0.0197266 0.0217666 0.0228847 0.0229737 0.0220828 0.0203964 0.0181814 0.0157217 0.0132614 0.0109711 0.00894184 0.00720011 0.00573166 0.00450467
 1.01415e-16 3.08979e-05 0.000181338 0.000861984 0.00331866 0.0103489 0.0261406 0.0534876 0.0886634 0.119078 0.129595 0.114346 0.0819275 0.047964 0.023559 0.0108568 0.00651171 0.00657081 0.00859782 0.011489 0.0147335 0.0179597 0.0207994 0.0229081 0.0240318 0.0240627 0.0230609 0.0212305 0.0188624 0.0162623 0.0136898 0.0113224 0.00924944 0.0074895 0.00601749 0.00479107
 1.01183e-16 3.35888e-05 0.000197141 0.000937124 0.00360798 0.0112512 0.0284196 0.0581502 0.0963902 0.129449 0.140865 0.124249 0.0889347 0.0518883 0.0251549 0.0110336 0.0058558 0.00530117 0.00671856 0.00893551 0.0114594 0.0139802 0.016209 0.0178783 0.0187901 0.0188587 0.0181276 0.0167509 0.0149501 0.0129589 0.0109761 0.00913831 0.00751581 0.00612497 0.0049494 0.00395971
 1.01198e-16 3.09443e-05 0.00018161 0.000863274 0.00332362 0.0103644 0.0261797 0.0535677 0.0887965 0.119258 0.129793 0.114526 0.0820677 0.0480692 0.0236534 0.0109713 0.00667514 0.00680697 0.00892413 0.0119135 0.0152505 0.0185459 0.0214126 0.0234906 0.0245178 0.024389 0.0231783 0.0211127 0.0185106 0.0157045 0.0129743 0.0105094 0.00840126 0.00666192 0.00525427 0.0041212
 1.01596e-16 2.97804e-05 0.000174776 0.000830786 0.00319853 0.0099743 0.0251944 0.0515517 0.0854551 0.114771 0.124913 0.110228 0.0790049 0.0463097 0.0228525 0.0107105 0.00667022 0.00693055 0.00914655 0.0122487 0.0157284 0.0192006 0.0222773 0.0245925 0.0258733 0.0259998 0.0250279 0.0231648 0.0207105 0.0179826 0.015253 0.0127101 0.010453 0.00850823 0.00685771 0.0054651
 1.01664e-16 3.11221e-05 0.000182656 0.000868252 0.0033428 0.0104242 0.0263307 0.0538765 0.0893076 0.119942 0.130531 0.115162 0.0824911 0.0482518 0.0236221 0.0107549 0.00627419 0.00619472 0.00806504 0.010784 0.0138571 0.016937 0.0196832 0.0217757 0.0229749 0.0231731 0.0224151 0.0208768 0.0188137 0.016497 0.0141583 0.011958 0.00998064 0.00824963 0.00675214 0.00546134
 1.01689e-16 2.99649e-05 0.00017586 0.000835936 0.00321837 0.0100361 0.0253506 0.0518713 0.0859848 0.115482 0.125686 0.110909 0.0794888 0.0465853 0.0229734 0.0107415 0.00665425 0.00688512 0.00907337 0.0121427 0.0155824 0.0190084 0.0220345 0.0242986 0.0255321 0.0256203 0.024624 0.0227546 0.0203146 0.017622 0.0149464 0.0124718 0.0102908 0.00842288 0.00684296 0.00550912
 1.03764e-16 1.48369e-05 8.70221e-05 0.000413541 0.00159195 0.00496417 0.0125395 0.0256608 0.0425481 0.0571785 0.0623206 0.0552068 0.0400329 0.0244014 0.0137841 0.00938419 0.00977262 0.0131828 0.0184711 0.0249741 0.0321253 0.0392547 0.0455954 0.0504073 0.0531356 0.0535331 0.0517078 0.0480734 0.0432295 0.0378111 0.0323602 0.0272512 0.0226799 0.0186985 0.0152728 0.0123353
pSPR Fmed_Fpbrs
0.471035   0.34886 0.34886
Fs Fmed_Fpbrs
0.598674   1.005 1.005
SSBpbr Bo_Bmed_Bpbrs
825261  347463  246637 246637
Ro
30946
SPR SPRFo_SPRFmed_SPRFpbrs
637783 300418 222497
log_Ro
10.16
likeval ReclasPelacesDesembMPH_pf_preclas_ppelaces_ptallas_desvR_qrecl_qpela
 65.5135 13.9309 0.0214806 0.000192785 287.527 187.819 72.9394 0 17.4617 1.36007e-06 7.90159e-05 0 0 0 0
q_reclas_q_pelaces
0.847675 3.54185
M
0.7
N
 33205 12634.6 4904.54 598.508 0.203297
 43309.1 15110.9 3464.66 1344.92 164.178
 17634.2 19621.3 4019.8 921.67 401.451
 25857.7 7368.32 3010.41 616.741 203.001
 52968.8 12262.9 2675.22 1092.99 297.625
 33372.1 26082.5 5749.79 1254.35 652.03
 70509.1 15322.1 7596.8 1674.69 555.254
 70090.1 33130.5 5223.46 2589.83 760.212
 93006 31559.7 8452.31 1332.62 854.67
 123729 41378.5 7420.3 1987.3 514.274
 63220.3 57011.5 12349.8 2214.65 746.617
 45723.6 27614.8 11829.5 2562.5 614.445
 49828.7 20067.5 5918.58 2535.38 680.905
 26500.7 20225.6 2527.71 745.504 405.123
 14437.5 9117.55 827.318 103.395 47.0659
 12938.6 4797.1 294.241 26.6991 4.85564
 9150.46 5428.71 756.98 46.431 4.97933
 10058.6 4011.32 1154.27 160.952 10.9311
 11266.3 4543.51 1045.69 300.901 44.8073
 17745.1 5165.56 1311.02 301.731 99.7532
 23455.8 8111.57 1460.23 370.606 113.494
 29745.7 11212.4 3108.46 559.579 185.513
 42524.8 14100 4057.69 1124.93 269.643
 50000.2 19951.8 4758.78 1369.48 470.672
 14350.5 23374.2 6569.58 1566.93 605.911
pred_Ctot
 2006.14 4208.73 1633.76 199.369 0.0677204
 2745.03 5228.01 1198.69 465.312 56.8019
 2031.04 10407.9 2132.27 488.892 212.946
 838.833 1450.59 592.656 121.417 39.9646
 320.282 493.698 107.703 44.0034 11.9822
 1818.54 7995.54 1762.59 384.52 199.879
 2736.21 3529.7 1750.05 385.792 127.912
 4727.54 12032.1 1897.02 940.558 276.088
 7005.68 12467.1 3338.93 526.427 337.622
 6443.87 12223.1 2191.93 587.042 151.915
 5514.2 25071.2 5430.89 973.907 328.329
 3847.94 11835.9 5070.23 1098.31 263.356
 6620.46 11613.6 3425.24 1467.29 394.058
 5978.71 15150.3 1893.41 558.431 303.464
 3515.68 7024.5 637.397 79.6591 36.2613
 1457.14 2508.47 153.862 13.9613 2.53908
 776.989 2341.84 326.547 20.0295 2.14799
 657.378 1421.54 409.052 57.0384 3.87377
 624.325 1411.95 324.96 93.5084 13.9244
 1019.19 1652.39 419.376 96.5195 31.9096
 631.918 1351.83 243.354 61.7633 18.9143
 974.775 2227.27 617.475 111.157 36.851
 1693.22 3321.17 955.766 264.97 63.5129
 2114.8 4949.61 1180.55 339.738 116.763
 583.473 5605.71 1575.55 375.79 145.313
F
 0.0872884 0.593827 0.593827 0.593827 0.593827
 0.0917505 0.624182 0.624182 0.624182 0.624182
 0.172649 1.17454 1.17454 1.17454 1.17454
 0.046032 0.313157 0.313157 0.313157 0.313157
 0.00843926 0.0574126 0.0574126 0.0574126 0.0574126
 0.0784262 0.533537 0.533537 0.533537 0.533537
 0.055289 0.376134 0.376134 0.376134 0.376134
 0.0978994 0.666014 0.666014 0.666014 0.666014
 0.109901 0.747662 0.747662 0.747662 0.747662
 0.0748376 0.509124 0.509124 0.509124 0.509124
 0.128274 0.872655 0.872655 0.872655 0.872655
 0.123511 0.840254 0.840254 0.840254 0.840254
 0.201644 1.37179 1.37179 1.37179 1.37179
 0.36697 2.49651 2.49651 2.49651 2.49651
 0.401814 2.73356 2.73356 2.73356 2.73356
 0.168517 1.14643 1.14643 1.14643 1.14643
 0.124684 0.848233 0.848233 0.848233 0.848233
 0.0947286 0.644443 0.644443 0.644443 0.644443
 0.0798018 0.542895 0.542895 0.542895 0.542895
 0.0828189 0.563421 0.563421 0.563421 0.563421
 0.0380954 0.259165 0.259165 0.259165 0.259165
 0.0465099 0.316409 0.316409 0.316409 0.316409
 0.056766 0.386181 0.386181 0.386181 0.386181
 0.0603952 0.410871 0.410871 0.410871 0.410871
 0.0579968 0.394555 0.394555 0.394555 0.394555
nmprior
 10 11 7 0
nm_flota  nm_reclas  nm_pelaces    nm_pelaL
inf 24.7408 13.8834 23.4961
cv_recla  cv_pelaces  cv_mph
0.732134 0.439192 0.450479
 ------------------------------------------------
Talla a la edad & desviación 
 7.2 14.2025 17.0495 18.207 18.6776
 1.08 2.13037 2.55742 2.73105 2.80164
