years
 1997 1998 1999 2000 2001 2002 2003 2004 2005 2006 2007 2008 2009 2010 2011 2012 2013 2014 2015 2016 2017 2018 2019 2020 2021
reclasobs
 0 0 0 370054 412103 1.49427e+06 250295 1.28982e+06 931140 785840 897777 1.04006e+06 184774 17550 25797 100020 73551 82996 120727 218422 84188 347160 605670 569463 516374
reclaspred
 460504 134097 449040 321413 431422 505585 1.07681e+06 681809 710076 605291 464022 308475 187375 85880.5 60847.4 63891.3 82700.2 115173 123896 178313 255749 236156 412739 544036 623357
pelacesobs
 0 0 0 0 0 0 0 0 0 2.06254e+06 1.5e+06 0 1.87456e+06 323000 250000 174000 83755 137374 0 501740 490994 745055 786931 1.00524e+06 0
pelacespred
 1.92216e+06 504704 1.00622e+06 1.11266e+06 1.26232e+06 1.2609e+06 2.91813e+06 2.3952e+06 2.15699e+06 1.8734e+06 1.29026e+06 882059 526520 198909 138337 156897 212753 301646 335688 467828 745616 675737 929969 1.43101e+06 1.72171e+06
mphobs
 0 0 0 0 0 112323 0 153150 637223 0 255016 313432 73983 77613 109348 50772 0 0 0 0 0 0 0 0 0
mphpred
 165628 112189 146584 196186 190887 275082 409422 465500 377663 355213 312195 214763 131434 68133.2 32556.6 28670.1 36217.2 51543 65203.6 76159 113606 133490 169902 244017 365519
desembarqueobs
 350755 77701 442110 56441 14545 235359 269955 359681 431902 328805 639364 411747 362871 311530 167758 66681 60226 58785 57116 71774 51957 67425 138520 160799 200461
desembarquepred
 350766 77705.1 442159 56443 14545.1 235398 269985 359715 431986 328873 639746 412085 363341 312099 167832 66698.3 60249.1 58789 57114.7 71778 51958.9 67422.5 138525 160806 200461
Reclutas
 69873.8 86441.2 55384.5 79977.3 131079 97018.4 145529 126133 140281 133095 66611.2 41226.7 41865.2 23752.7 18299.3 22684.7 18834.1 21407 24823.5 42817.3 53693.8 71756.5 113717 149323 72792.7
log_desv_Rt
 0.154447 0.36722 -0.0779454 0.289498 0.783554 0.482656 0.888127 0.74509 0.8514 0.798819 0.106628 -0.373158 -0.357789 -0.924547 -1.18538 -0.970552 -1.15658 -1.02853 -0.880455 -0.335302 -0.108946 0.181034 0.641464 0.913867 0.195372
SSB
 833185 564361 737382 986905 960247 1.38379e+06 2.05958e+06 2.34168e+06 1.89981e+06 1.78688e+06 1.57048e+06 1.08035e+06 661170 342741 163775 144224 182189 259285 328004 383114 571488 671515 854684 1.22752e+06 1.83872e+06
BT
 2.88228e+06 793071 1.58175e+06 1.52571e+06 1.68076e+06 1.83811e+06 4.05784e+06 3.56613e+06 3.24993e+06 2.79007e+06 2.28086e+06 1.54049e+06 1.05207e+06 562417 326571 262957 331080 445964 490838 677700 1.02999e+06 950639 1.3203e+06 2.02109e+06 2.41828e+06
Ftot
 0.358294 0.263242 0.359944 0.0667249 0.0143679 0.151016 0.0954695 0.195731 0.23131 0.199304 0.439144 0.415642 0.661205 1.18858 1.1239 0.435388 0.29987 0.199172 0.165906 0.166151 0.0808679 0.104254 0.122218 0.116961 0.0993708
BD_Bspro_t
 0.957329 0.802589 0.778641 0.685668 0.781123 0.871653 0.845685 0.847376 0.794925 0.750829 0.70551 0.551652 0.436162 0.31984 0.201863 0.21675 0.332762 0.500291 0.613789 0.69963 0.792361 0.853692 0.861007 0.865857 0.868242
BD_Bspro
 0.675203 0.457351 0.597565 0.799775 0.778172 1.1214 1.66905 1.89766 1.53959 1.44807 1.2727 0.875504 0.535804 0.277753 0.132721 0.116877 0.147644 0.210121 0.26581 0.310471 0.463126 0.544187 0.692625 0.994764 1.49008
BD_Bo
 0.584167 0.395688 0.516997 0.691944 0.673253 0.970208 1.44402 1.64181 1.33201 1.25283 1.1011 0.757462 0.463563 0.240304 0.114826 0.101119 0.127737 0.181791 0.229972 0.268611 0.400684 0.470816 0.59924 0.860643 1.28918
BD_Brms
 2.05964 1.39511 1.82281 2.43964 2.37374 3.42074 5.09129 5.78864 4.69636 4.41718 3.88224 2.67064 1.63442 0.847257 0.404852 0.356522 0.450373 0.640954 0.810828 0.947061 1.41272 1.65999 2.11278 3.03443 4.54534
S_f
 0.196409 1 1 1 1
 0.196409 1 1 1 1
 0.196409 1 1 1 1
 0.196409 1 1 1 1
 0.196409 1 1 1 1
 0.196409 1 1 1 1
 0.196409 1 1 1 1
 0.196409 1 1 1 1
 0.196409 1 1 1 1
 0.196409 1 1 1 1
 0.196409 1 1 1 1
 0.196409 1 1 1 1
 0.196409 1 1 1 1
 0.196409 1 1 1 1
 0.196409 1 1 1 1
 0.196409 1 1 1 1
 0.196409 1 1 1 1
 0.196409 1 1 1 1
 0.196409 1 1 1 1
 0.196409 1 1 1 1
 0.196409 1 1 1 1
 0.196409 1 1 1 1
 0.196409 1 1 1 1
 0.196409 1 1 1 1
 0.196409 1 1 1 1
Scru_reclas
 1 1 1 1 1
 1 1 1 1 1
 1 1 1 1 1
 1 1 1 1 1
 1 1 1 1 1
 1 1 1 1 1
 1 1 1 1 1
 1 1 1 1 1
 1 1 1 1 1
 1 1 1 1 1
 1 1 1 1 1
 1 1 1 1 1
 1 1 1 1 1
 1 1 1 1 1
 1 1 1 1 1
 1 1 1 1 1
 1 1 1 1 1
 1 1 1 1 1
 1 1 1 1 1
 1 1 1 1 1
 1 1 1 1 1
 1 1 1 1 1
 1 1 1 1 1
 1 1 1 1 1
 1 1 1 1 1
Scru_pelaces
 0.958883 1 1 1 1
 0.958883 1 1 1 1
 0.958883 1 1 1 1
 0.958883 1 1 1 1
 0.958883 1 1 1 1
 0.958883 1 1 1 1
 0.958883 1 1 1 1
 0.958883 1 1 1 1
 0.958883 1 1 1 1
 0.958883 1 1 1 1
 0.958883 1 1 1 1
 0.958883 1 1 1 1
 0.958883 1 1 1 1
 0.958883 1 1 1 1
 0.958883 1 1 1 1
 0.958883 1 1 1 1
 0.958883 1 1 1 1
 0.958883 1 1 1 1
 0.958883 1 1 1 1
 0.958883 1 1 1 1
 0.958883 1 1 1 1
 0.958883 1 1 1 1
 0.958883 1 1 1 1
 0.958883 1 1 1 1
 0.958883 1 1 1 1
pf_obs 
 0.256992 0.487395 0.22802 0.0275931 0
 0.321318 0.546541 0.124235 0.00734118 0.000564706
 0.182869 0.594174 0.210203 0.0122559 0.00049798
 0.330522 0.361315 0.267642 0.0388342 0.00168674
 0.649043 0.306663 0.0425973 0.00169635 0
 0.582887 0.30429 0.105238 0.00758474 0
 0.465427 0.430635 0.0974691 0.00646863 0
 0.296916 0.608066 0.0921331 0.00288517 0
 0.311714 0.524322 0.152257 0.0117073 0
 0.15457 0.633149 0.183074 0.0267441 0.00246327
 0.131901 0.49318 0.331252 0.0422183 0.00144891
 0.196976 0.569456 0.194076 0.0375587 0.00193317
 0.518974 0.381816 0.0799577 0.0180837 0.00116848
 0.0928022 0.601141 0.25162 0.0475244 0.00691264
 0.122501 0.610282 0.24278 0.0234846 0.000952079
 0.383417 0.481906 0.127806 0.00687128 0
 0.0376549 0.599619 0.316969 0.0457579 0
 0.0361596 0.667082 0.258105 0.0386534 0
 0.158088 0.579412 0.248529 0.0139706 0
 0.0477256 0.309471 0.559284 0.082774 0.000745712
 0.0406174 0.521527 0.379366 0.0568643 0.0016247
 0.151134 0.462217 0.34131 0.0453401 0
 0.294876 0.26143 0.354403 0.0886775 0.000613685
 0.281977 0.475581 0.204845 0.0348837 0.00271318
 0 0 0 0 0
pf_pred 
 0.383248 0.435811 0.161875 0.0190563 9.75779e-06
 0.311978 0.542673 0.102707 0.038149 0.00449328
 0.179012 0.593242 0.179633 0.0339977 0.0141153
 0.262554 0.41836 0.23057 0.0698165 0.0186996
 0.300686 0.455487 0.138325 0.0762351 0.0292667
 0.175507 0.567107 0.167644 0.0509112 0.0388304
 0.253458 0.401039 0.237646 0.0702509 0.0376061
 0.19393 0.518682 0.154384 0.0914837 0.0415205
 0.220902 0.446046 0.214309 0.0637882 0.0549547
 0.205898 0.489225 0.174547 0.0838634 0.0464665
 0.12371 0.517997 0.220735 0.078754 0.0588038
 0.12585 0.409602 0.274606 0.117018 0.0729236
 0.203256 0.374976 0.197629 0.132495 0.091645
 0.191266 0.517461 0.137084 0.072249 0.081941
 0.272256 0.497696 0.147194 0.038994 0.04386
 0.352316 0.497277 0.102861 0.0304213 0.0171238
 0.234436 0.591224 0.133854 0.0276876 0.0127979
 0.246889 0.48315 0.208484 0.0472011 0.0142764
 0.246219 0.48722 0.171009 0.0737921 0.0217597
 0.324098 0.43394 0.156397 0.0548936 0.030672
 0.276472 0.524372 0.127861 0.0460826 0.0252121
 0.271389 0.487178 0.174977 0.0426659 0.0237902
 0.307617 0.460662 0.154938 0.0556482 0.0211351
 0.280989 0.506966 0.14108 0.0474503 0.0235152
 0.121539 0.5949 0.199936 0.0556386 0.0279872
pobs_RECLAS
 0 0 0 0 0
 0 0 0 0 0
 0 0 0 0 0
 0 0 0 0 0
 0.835266 0.146461 0.0176864 0.000547809 3.91292e-05
 0.385257 0.428462 0.181853 0.0044286 0
 0.867414 0.0963971 0.0333333 0.00285562 0
 0.441836 0.489002 0.0689373 0.000224442 0
 0.779404 0.147425 0.0564933 0.0165055 0.000172143
 0.814271 0.122319 0.05973 0.00367925 0
 0.40263 0.566651 0.0304383 0.000280538 0
 0.475488 0.404961 0.113038 0.00651328 0
 0.955842 0.0263864 0.0167828 0.000988607 0
 0.975058 0.0227948 0.00214734 0 0
 0.738997 0.206755 0.0527124 0.00153531 0
 0.850938 0.134255 0.0134407 0.00136685 0
 0.542534 0.407297 0.0501686 0 0
 0.764087 0.199537 0.0359546 0.000420521 0
 0.470689 0.182191 0.310203 0.0369168 0
 0.84361 0.089868 0.0606195 0.00523954 0.000663233
 0.607945 0.314616 0.071237 0.00620181 0
 0.523733 0.453247 0.0230204 0 0
 0.530135 0.295979 0.169645 0.0042399 0
 0.562478 0.366248 0.0663022 0.0049721 0
 0.250443 0.683176 0.0655157 0.000865301 0
ppred_RECLAS
 0.76376 0.166932 0.0620045 0.0072993 3.73761e-06
 0.700903 0.235911 0.0446489 0.0165841 0.00195332
 0.531522 0.33852 0.102504 0.0194 0.00805455
 0.645221 0.201269 0.110925 0.0335881 0.00899624
 0.686585 0.204138 0.0619939 0.0341667 0.0131166
 0.522081 0.328725 0.0971751 0.0295108 0.0225081
 0.634622 0.196279 0.11631 0.0343827 0.0184054
 0.553168 0.287523 0.0855801 0.0507126 0.0230162
 0.593868 0.232517 0.111716 0.0332519 0.0286471
 0.571639 0.263902 0.0941554 0.0452383 0.0250653
 0.424989 0.339904 0.144844 0.0516775 0.0385864
 0.429327 0.267401 0.179272 0.0763933 0.0476069
 0.576641 0.199247 0.105012 0.0704025 0.0486966
 0.573009 0.273206 0.0723767 0.0381457 0.0432628
 0.67792 0.220267 0.0651441 0.0172577 0.0194113
 0.740055 0.19958 0.041283 0.0122095 0.00687258
 0.613384 0.298573 0.0675973 0.0139824 0.00646304
 0.627869 0.238736 0.103017 0.0233232 0.00705434
 0.626554 0.241383 0.084723 0.0365588 0.0107804
 0.711228 0.185396 0.0668189 0.0234527 0.0131043
 0.661401 0.245397 0.0598369 0.0215659 0.0117988
 0.655937 0.230054 0.0826272 0.0201476 0.0112342
 0.694775 0.203075 0.0683016 0.0245315 0.00931705
 0.666849 0.234901 0.0653686 0.0219859 0.0108957
 0.414504 0.396502 0.133258 0.0370832 0.0186535
pobs_PELACES
 0 0 0 0 0
 0 0 0 0 0
 0 0 0 0 0
 0 0 0 0 0
 0 0 0 0 0
 0 0 0 0 0
 0 0 0 0 0
 0 0 0 0 0
 0 0 0 0 0
 0 0 0 0 0
 0.450072 0.473896 0.0757376 0.000293798 0
 0 0 0 0 0
 0.463077 0.371075 0.160297 0.00555027 0
 0.529543 0.364841 0.0842815 0.0213345 0
 0.631943 0.363953 0.00410389 0 0
 0.735681 0.248677 0.0153453 0.000297389 0
 0.695825 0.281241 0.0229344 0 0
 0.275771 0.60734 0.115278 0.00161068 0
 0 0 0 0 0
 0.896147 0.0623911 0.0374545 0.00400742 0
 0.803859 0.145111 0.0509908 3.86294e-05 0
 0.739449 0.233085 0.0266225 0.000797448 4.60066e-05
 0.878498 0.100942 0.0204185 0.000141795 0
 0.694673 0.275183 0.0284847 0.00165964 0
 0 0 0 0 0
ppred_PELACES
 0.773194 0.160266 0.0595285 0.00700782 3.58836e-06
 0.706703 0.231336 0.0437831 0.0162625 0.00191544
 0.54481 0.328918 0.0995962 0.0188497 0.00782609
 0.639641 0.204435 0.11267 0.0341164 0.00913773
 0.678312 0.209526 0.0636303 0.0350685 0.0134628
 0.521597 0.329058 0.0972735 0.0295406 0.0225309
 0.630749 0.19836 0.117543 0.0347472 0.0186006
 0.555618 0.285946 0.0851108 0.0504345 0.02289
 0.598527 0.22985 0.110435 0.0328704 0.0283184
 0.574298 0.262264 0.0935709 0.0449575 0.0249098
 0.443281 0.329091 0.140236 0.0500335 0.0373589
 0.44612 0.259533 0.173997 0.0741453 0.046206
 0.608821 0.184103 0.0970302 0.0650513 0.0449952
 0.63815 0.231526 0.0613349 0.0323262 0.0366626
 0.731114 0.183888 0.0543849 0.0144074 0.0162053
 0.753938 0.188921 0.0390781 0.0115574 0.00650553
 0.622247 0.291729 0.0660478 0.0136619 0.00631489
 0.630397 0.237115 0.102317 0.0231648 0.00700643
 0.627025 0.241079 0.0846163 0.0365128 0.0107668
 0.711654 0.185123 0.0667203 0.0234181 0.013085
 0.656786 0.248742 0.0606525 0.0218599 0.0119596
 0.652694 0.232222 0.0834061 0.0203375 0.0113401
 0.69274 0.204428 0.0687569 0.024695 0.00937915
 0.664408 0.236622 0.0658477 0.022147 0.0109755
 0.410715 0.399068 0.13412 0.0373232 0.0187742
pobs_pel_tallas
 0 0 0 0 0 0 0 0 0 0 0 0 0 0 0 0 0 0 0 0 0 0 0 0 0 0 0 0 0 0 0 0 0 0 0 0
 0 0 0 0 0 0 0 0 0 0 0 0 0 0 0 0 0 0 0 0 0 0 0 0 0 0 0 0 0 0 0 0 0 0 0 0
 0 0 0 0 0 0 0 0 0 0 0 0 0 0 0 0 0 0 0 0 0 0 0 0 0 0 0 0 0 0 0 0 0 0 0 0
 0 0 0 0 0 0 0 0 0 0 0 0 0 0 0 0 0 0 0 0 0 0 0 0 0 0 0 0 0 0 0 0 0 0 0 0
 0 0 0 0 0 0 0 0 0 0 0 0 0 0 0 0 0 0 0 0 0 0 0 0 0 0 0 0 0 0 0 0 0 0 0 0
 0 0 0 0 0 0 0 0 0 0 0 0 0 0 0 0 0 0 0 0 0 0 0 0 0 0 0 0 0 0 0 0 0 0 0 0
 0 0 0 0 0 0 0 0 0 0 0 0 0 0 0 0 0 0 0 0 0 0 0 0 0 0 0 0 0 0 0 0 0 0 0 0
 0 0 0 0 0 0 0 0 0 0 0 0 0 0 0 0 0 0 0 0 0 0 0 0 0 0 0 0 0 0 0 0 0 0 0 0
 0 0 0 0 0 0 0 0 0 0 0 0 0 0 0 0 0 0 0 0 0 0 0 0 0 0 0 0 0 0 0 0 0 0 0 0
 0 0 0 0 0 0 0 0 0 0 0 0 0 0 0 0 0 0 0 0 0 0 0 0 0 0 0 0 0 0 0 0 0 0 0 0
 0 0 0 0 0 0 0 0 1.78061e-05 0.00172719 0.00360574 0.0105946 0.0120993 0.0124554 0.0147524 0.0171206 0.0266825 0.0428682 0.0675386 0.121331 0.153587 0.119568 0.100827 0.0573624 0.0630603 0.0341343 0.0324427 0.0444173 0.0211091 0.0280891 0.0125444 0.00206551 0 0 0 0
 0 0 0 0 0 0 0 0 0 0 0 0 0 0 0 0 0 0 0 0 0 0 0 0 0 0 0 0 0 0 0 0 0 0 0 0
 0 0 0 0 0 0 0.0133647 0.0140871 0.0187388 0.0205184 0.03894 0.0496705 0.03968 0.0493445 0.0407372 0.0367815 0.0215668 0.0243155 0.0234873 0.0199281 0.019796 0.0243948 0.0301388 0.0376714 0.0412746 0.0863199 0.0771752 0.113111 0.0741005 0.0525337 0.0229764 0.00759418 0.00175318 0 0 0
 0 0 0 0 0 0 0 0 0 0 0.00219441 0.00772107 0.0458388 0.0604681 0.0671733 0.0775358 0.0609151 0.0617685 0.073594 0.0568108 0.0755445 0.0548602 0.0670107 0.0636378 0.0643287 0.046367 0.0373049 0.0286899 0.0247887 0.0153202 0.00654259 0.00121912 0.000365735 0 0 0
 0 0 0 0 0 0 0 0 0 0 0 0 0.000112435 0.00938835 0.0111873 0.0202946 0.0414886 0.0713402 0.111592 0.104902 0.108894 0.110636 0.117776 0.105296 0.107544 0.0401394 0.0192827 0.0124803 0.00416011 0.0028671 0.000618394 0 0 0 0 0
 0 0 0 0 0 0 0 0 0 0 0.00291406 0.0102884 0.027416 0.0768956 0.0749926 0.110853 0.0956884 0.0897413 0.0766577 0.0534642 0.0500743 0.0551293 0.0594112 0.0620874 0.0668451 0.0424026 0.0208742 0.0120726 0.0048766 0.00582813 0.00118941 0.000297354 0 0 0 0
 0 0.00264628 0.0354308 0.0461629 0.0458689 0.0383711 0.0214643 0.0164657 0.0346957 0.0420465 0.0363128 0.0245516 0.0311673 0.0291091 0.0169068 0.0133784 0.00837989 0.0085269 0.0148486 0.0160247 0.0276389 0.0546898 0.0760071 0.122758 0.109233 0.0665981 0.0333725 0.0166128 0.00676272 0.00308733 0.000882094 0 0 0 0 0
 0 0 0 0 0 0 0 0.000805153 0.000690131 0.00759144 0.0133425 0.0154129 0.00931677 0.000345066 0.00356568 0.00563607 0.00851162 0.0253048 0.0502646 0.0516448 0.0657925 0.0565908 0.0611916 0.0827007 0.0866115 0.110766 0.145733 0.0935128 0.0569358 0.0249597 0.0138026 0.00621118 0.00161031 0.00115022 0 0
 0 0 0 0 0 0 0 0 0 0 0 0 0 0 0 0 0 0 0 0 0 0 0 0 0 0 0 0 0 0 0 0 0 0 0 0
 0.00147267 0.00158595 0.00478618 0.00569244 0.00954404 0.0108468 0.00647125 0.017049 0.0510054 0.094081 0.124002 0.0959785 0.0687766 0.0820023 0.061753 0.0591476 0.0492212 0.0479892 0.0443925 0.0268479 0.0217502 0.0140895 0.0121071 0.0120363 0.00920419 0.00665534 0.0049561 0.00860946 0.00930331 0.0156896 0.0114698 0.00855282 0.00243557 0.00046729 0 2.83206e-05
 0 0 0 0 0.000772559 0.00158375 0.000888443 0.00281984 0.00712685 0.0440552 0.0773331 0.111326 0.0921469 0.0852325 0.0710754 0.0886704 0.0786465 0.0553345 0.0373146 0.0185414 0.00753245 0.00457741 0.012979 0.0271748 0.0457355 0.0583668 0.034881 0.0177882 0.00938659 0.00492506 0.0015258 0.00185414 0.000309023 5.79419e-05 3.86279e-05 0
 0 0.00173294 0.00326652 0 0.00397197 0.00683976 0.00946217 0.0152591 0.00757587 0.0136028 0.0228656 0.0392903 0.0559909 0.0764795 0.0681675 0.0726916 0.0566044 0.0477403 0.0527397 0.0444891 0.0609904 0.0582453 0.0661739 0.0445044 0.0529084 0.0360697 0.0280645 0.0235558 0.0158879 0.00826598 0.00280645 0.00217768 0.000904811 0.00058276 9.20147e-05 0
 0 0 0 0 0 0 0 0 0 0 0 0 0 0 0 0 0 0 0 0 0 0 0 0 0 0 0 0 0 0 0 0 0 0 0 0
 0 0 0 0 0 0 0 0 0 0 0 0 0 0 0 0 0 0 0 0 0 0 0 0 0 0 0 0 0 0 0 0 0 0 0 0
 0 0 0 0 0 0 0 0 0 0 0 0 0 0 0 0 0 0 0 0 0 0 0 0 0 0 0 0 0 0 0 0 0 0 0 0
ppred_pel_tallas
 1.01139e-16 3.37341e-05 0.000197995 0.000941187 0.00362363 0.0113 0.0285428 0.0584022 0.0968077 0.130008 0.141471 0.124778 0.0892983 0.0520715 0.0251899 0.0109584 0.00568828 0.00503908 0.00635085 0.00845465 0.0108705 0.0133064 0.015493 0.0171783 0.0181714 0.0183819 0.0178367 0.0166647 0.0150585 0.013226 0.0113483 0.00955538 0.00792153 0.00647557 0.00521802 0.00413673
 1.01346e-16 3.08376e-05 0.000180984 0.000860299 0.00331217 0.0103287 0.0260895 0.053383 0.0884903 0.118846 0.129344 0.114129 0.0817812 0.0478966 0.0235597 0.0109134 0.0066212 0.00673883 0.00883318 0.0117973 0.0151122 0.0183945 0.0212632 0.0233635 0.0244358 0.0243743 0.0232484 0.0212774 0.0187701 0.016049 0.0133862 0.0109653 0.00887577 0.00713055 0.00569606 0.00452036
 1.02535e-16 2.37824e-05 0.000139554 0.000663317 0.0025537 0.0079634 0.0201151 0.0411599 0.0682334 0.0916546 0.0997886 0.08814 0.0633539 0.0374995 0.0191828 0.0101285 0.00783772 0.00932556 0.0127306 0.01715 0.0220585 0.0269652 0.0313387 0.0346702 0.0365772 0.0368868 0.0356687 0.0332018 0.0298927 0.0261742 0.0224174 0.0188809 0.0157028 0.0129241 0.010527 0.0084699
 1.03266e-16 2.79125e-05 0.000163813 0.00077867 0.00299789 0.00934859 0.0236139 0.0483176 0.0800938 0.10757 0.117073 0.103305 0.0740322 0.0433741 0.0213672 0.00995787 0.00613698 0.00634997 0.00841521 0.0113558 0.0147288 0.0182113 0.0214741 0.0241953 0.0261177 0.0270987 0.0271318 0.0263305 0.0248854 0.023009 0.0208906 0.018671 0.0164406 0.0142526 0.0121423 0.0101408
 1.02806e-16 2.95988e-05 0.000173713 0.000825735 0.0031791 0.0099137 0.0250413 0.0512382 0.0849347 0.11407 0.124145 0.109537 0.0784807 0.0459447 0.0225655 0.0103984 0.00624139 0.00631278 0.00828688 0.0111178 0.0143307 0.017585 0.0205421 0.0228807 0.0243574 0.0248571 0.0244134 0.0231872 0.0214156 0.0193492 0.0171995 0.0151094 0.0131516 0.0113461 0.00968492 0.00815447
 1.03556e-16 2.27702e-05 0.000133612 0.000635066 0.00244493 0.00762419 0.0192583 0.0394068 0.0653277 0.0877529 0.0955444 0.0844002 0.0606854 0.0359595 0.018468 0.00987007 0.00778154 0.00935178 0.0128027 0.0172691 0.0222402 0.0272328 0.0317205 0.0351986 0.0372859 0.0378084 0.0368302 0.03462 0.0315702 0.0280961 0.0245495 0.0211709 0.0180839 0.0153206 0.0128617 0.0106714
 1.03797e-16 2.75245e-05 0.000161536 0.000767845 0.00295621 0.00921862 0.0232856 0.0476458 0.0789802 0.106074 0.115445 0.101867 0.0729995 0.0427647 0.0210592 0.00980209 0.00602649 0.00622864 0.00826021 0.0111627 0.0145061 0.0179799 0.0212668 0.0240551 0.0260928 0.0272357 0.0274681 0.0268878 0.0256654 0.0239933 0.0220425 0.0199409 0.0177721 0.0155889 0.0134315 0.0113403
 1.04104e-16 2.42519e-05 0.000142315 0.00067645 0.00260428 0.00812114 0.0205135 0.0419747 0.0695827 0.0934627 0.101746 0.0898412 0.0645171 0.0380685 0.019254 0.00981212 0.00717513 0.00828719 0.0112539 0.0151816 0.0195872 0.0240461 0.0281046 0.0313266 0.0333809 0.0341109 0.0335617 0.0319511 0.0295996 0.026845 0.0239709 0.0211673 0.0185289 0.0160797 0.0138073 0.0116938
 1.04096e-16 2.61207e-05 0.000153291 0.000728645 0.00280527 0.00874791 0.0220966 0.0452134 0.0749493 0.100664 0.109567 0.0967042 0.0693513 0.0407314 0.0202512 0.00975021 0.0064311 0.00698152 0.00936342 0.0126501 0.0163959 0.0202507 0.0238486 0.0268331 0.0289227 0.0299668 0.0299689 0.0290668 0.0274817 0.025455 0.0231958 0.0208529 0.0185134 0.0162204 0.0139969 0.0118642
 1.04123e-16 2.50655e-05 0.000147093 0.000699172 0.00269178 0.00839399 0.0212027 0.0433846 0.071919 0.0965978 0.105151 0.0928294 0.0666226 0.0392296 0.0196915 0.00979066 0.00685967 0.00773094 0.0104473 0.0140999 0.0182213 0.0224182 0.0262742 0.0293873 0.0314481 0.0323035 0.0319824 0.0306694 0.028644 0.0262036 0.0235996 0.0210039 0.0185065 0.0161378 0.013899 0.0117875
 1.05563e-16 1.93553e-05 0.000113563 0.000539752 0.00207795 0.00647977 0.0163676 0.0334923 0.0555244 0.0745897 0.0812264 0.0717856 0.0516879 0.0307748 0.0160775 0.00903579 0.00765592 0.00954468 0.0132095 0.0179148 0.0232017 0.0286095 0.0336216 0.0377312 0.040542 0.0418489 0.0416708 0.0402204 0.0378296 0.0348564 0.0316076 0.0282971 0.0250447 0.0219014 0.018886 0.0160139
 1.07262e-16 1.94763e-05 0.00011428 0.000543174 0.00209114 0.00652094 0.0164715 0.0337044 0.0558741 0.0750536 0.0817161 0.0721815 0.051893 0.030737 0.0157669 0.00840549 0.00662392 0.0080036 0.0110559 0.0150866 0.0197162 0.0245926 0.0293182 0.03349 0.0367719 0.0389564 0.0399911 0.0399605 0.0390366 0.0374178 0.0352798 0.0327533 0.0299283 0.0268744 0.0236641 0.0203862
 1.05776e-16 2.65676e-05 0.000155919 0.000741149 0.00285343 0.00889811 0.022476 0.0459892 0.0762339 0.102385 0.111429 0.09832 0.0704504 0.041257 0.0202905 0.00940141 0.00572527 0.0058815 0.00780148 0.0105701 0.0137876 0.0171748 0.0204483 0.0233286 0.0255882 0.0270928 0.0278188 0.0278373 0.0272769 0.0262772 0.024954 0.0233833 0.0216073 0.0196517 0.0175469 0.0153406
 1.03771e-16 2.78484e-05 0.000163435 0.000776867 0.00299093 0.00932691 0.0235591 0.0482058 0.0799091 0.107324 0.116811 0.103086 0.0739029 0.0433534 0.0214581 0.0101669 0.00648358 0.0068625 0.00911863 0.0122569 0.0158029 0.0193941 0.0226612 0.0252541 0.0269086 0.0275033 0.0270797 0.025818 0.0239796 0.0218368 0.0196143 0.017458 0.0154345 0.0135519 0.0117905 0.0101286
 1.02085e-16 3.19002e-05 0.000187226 0.000889986 0.00342649 0.0106852 0.0269899 0.0552251 0.0915422 0.12294 0.133787 0.118019 0.0845029 0.0493582 0.0240327 0.0107209 0.00594984 0.00562656 0.00723833 0.00966909 0.0124388 0.0152316 0.0177454 0.0196971 0.0208741 0.021179 0.0206476 0.01943 0.0177445 0.0158224 0.0138589 0.0119871 0.0102747 0.00873856 0.00736694 0.00613974
 1.01318e-16 3.28956e-05 0.00019307 0.000917765 0.00353344 0.0110187 0.0278324 0.0569489 0.0943996 0.126777 0.137962 0.1217 0.0871338 0.0508857 0.0247585 0.0110125 0.00606263 0.00568327 0.00727755 0.00968838 0.0124148 0.0151264 0.0175096 0.0192742 0.0202072 0.0202203 0.0193669 0.0178223 0.0158338 0.0136605 0.0115205 0.00956101 0.00785383 0.00640995 0.00520383 0.00419619
 1.01798e-16 2.71575e-05 0.000159372 0.000757542 0.00291651 0.0090948 0.0229729 0.0470068 0.0779235 0.104663 0.11393 0.10058 0.0721843 0.0425029 0.0213295 0.0105921 0.00739403 0.00829235 0.0111501 0.0149604 0.0191898 0.0233839 0.0270676 0.0297922 0.0312268 0.0312322 0.0298893 0.0274671 0.0243482 0.0209348 0.0175677 0.0144796 0.0117874 0.00951386 0.00762383 0.0060591
 1.02654e-16 2.75107e-05 0.000161451 0.000767435 0.00295462 0.00921365 0.023273 0.0476205 0.0789393 0.106022 0.115397 0.101845 0.0730272 0.0428684 0.0212721 0.0101704 0.00661035 0.00709544 0.00947116 0.0127543 0.0164697 0.0202461 0.0236986 0.0264565 0.0282323 0.0288809 0.0284244 0.0270306 0.0249588 0.022491 0.019874 0.0172857 0.0148308 0.0125566 0.0104774 0.00859546
 1.03038e-16 2.73638e-05 0.000160588 0.000763332 0.00293882 0.00916439 0.0231486 0.047366 0.0785174 0.105456 0.114782 0.101304 0.0726446 0.042654 0.0211844 0.0101591 0.00664191 0.00715545 0.00955533 0.0128603 0.0165927 0.0203768 0.0238245 0.0265638 0.0283097 0.0289241 0.0284391 0.0270336 0.0249765 0.0225549 0.020014 0.0175242 0.0151778 0.013007 0.0110123 0.00918548
 1.02424e-16 3.10517e-05 0.000182245 0.000866302 0.0033353 0.0104008 0.0262716 0.0537554 0.0891063 0.11967 0.13023 0.114886 0.0822697 0.0480747 0.0234473 0.0105279 0.00594149 0.00570901 0.00738877 0.00989635 0.0127633 0.0156773 0.018336 0.0204532 0.0218098 0.0222992 0.0219452 0.0208844 0.0193221 0.0174778 0.0155389 0.0136355 0.0118379 0.0101709 0.00863475 0.00722347
 1.02253e-16 2.86617e-05 0.000168208 0.000799556 0.00307829 0.00959931 0.0242472 0.0496138 0.0822434 0.11046 0.120226 0.106104 0.0760764 0.0446479 0.0221344 0.0105451 0.00679735 0.00724058 0.00961989 0.0128993 0.0165723 0.0202429 0.0235067 0.0259824 0.0273865 0.0275955 0.0266694 0.0248253 0.0223742 0.0196431 0.0169075 0.0143538 0.0120747 0.0100883 0.00836944 0.0068786
 1.02489e-16 2.84827e-05 0.000167158 0.000794569 0.00305909 0.00953945 0.024096 0.0493043 0.0817299 0.109769 0.119471 0.105431 0.0755791 0.0443263 0.0219204 0.0103538 0.00656015 0.00691144 0.00917203 0.0123244 0.0158842 0.0194818 0.0227397 0.0252978 0.0268812 0.0273583 0.0267638 0.0252765 0.0231639 0.0207123 0.0181684 0.0157052 0.0134178 0.0113403 0.00947172 0.00779901
 1.0233e-16 3.02278e-05 0.000177406 0.000843293 0.0032467 0.0101245 0.0255738 0.0523277 0.0867405 0.116494 0.126781 0.111857 0.0801307 0.0468857 0.0229812 0.0105115 0.00620178 0.00618617 0.00808817 0.010842 0.0139693 0.0171328 0.0199991 0.0222519 0.023651 0.0240823 0.0235774 0.0222944 0.0204681 0.018349 0.0161509 0.0140225 0.0120433 0.0102397 0.00860836 0.00713662
 1.02286e-16 2.89936e-05 0.000170157 0.000808827 0.00311399 0.00971064 0.0245284 0.050189 0.0831965 0.111738 0.121614 0.107322 0.0769314 0.045114 0.0222993 0.0105137 0.00663321 0.00696136 0.0092182 0.0123634 0.0158996 0.0194474 0.0226218 0.0250588 0.0264854 0.0267792 0.0259902 0.0243171 0.0220482 0.0194878 0.0168941 0.0144437 0.0122269 0.0102662 0.00854499 0.00703331
 1.04194e-16 1.79382e-05 0.000105237 0.000500153 0.00192546 0.00600422 0.0151665 0.0310352 0.0514538 0.0691297 0.0753027 0.0666027 0.04807 0.0288491 0.0154892 0.00936397 0.0086644 0.0111973 0.0155757 0.0210723 0.0271684 0.0333021 0.0388385 0.043162 0.045804 0.0465437 0.0454472 0.042829 0.0391552 0.0349231 0.0305588 0.0263588 0.0224832 0.0189846 0.015854 0.0130617
pSPR Fmed_Fpbrs
0.718399   0.333626 0.333626
Fs Fmed_Fpbrs
0.20451   1.005 1.005
SSBpbr Bo_Bmed_Bpbrs
1.42628e+06  953323  404529 404529
Ro
59874.1
SPR SPRFo_SPRFmed_SPRFpbrs
1.23398e+06 886488 411687
log_Ro
10.82
likeval ReclasPelacesDesembMPH_pf_preclas_ppelaces_ptallas_desvR_qrecl_qpela
 60.9758 22.6092 0.0330396 0.000231865 289.257 200.053 70.8057 0 16.5216 8.48668e-05 5.05581e-06 0 0 0 0
q_reclas_q_pelaces
0.271058 1.37698
M
0.7
N
 69873.8 17636.8 6550.92 771.188 0.394888
 86441.2 32340.5 6120.81 2273.48 267.776
 55384.5 40762.5 12342.9 2336.03 969.879
 79977.3 25625.9 14123.2 4276.49 1145.41
 131079 39198.5 11904 6560.67 2518.65
 97018.4 64908.4 19187.7 5827.05 4444.34
 145529 46769.9 27714.6 8192.79 4385.69
 126133 70924.9 21110.5 12509.5 5677.54
 140281 60273.5 28959.3 8619.6 7425.94
 133095 66567.3 23750 11411 6322.54
 66611.2 63555.8 27083.1 9662.75 7214.95
 41226.7 30344.7 20343.8 8669.11 5402.43
 41865.2 18867.7 9944.1 6666.75 4611.31
 23752.7 18257.7 4836.77 2549.19 2891.15
 18299.3 9339.48 2762.16 731.739 823.051
 22684.7 7287.21 1507.35 445.8 250.937
 18834.1 10341.6 2341.36 484.309 223.86
 21407 8817.8 3804.97 861.451 260.554
 24823.5 10222.6 3588.02 1548.27 456.551
 42817.3 11931.8 4300.34 1509.37 843.368
 53693.8 20579.8 5018.11 1808.58 989.486
 71756.5 26243.4 9425.71 2298.34 1281.54
 113717 34911 11741.9 4217.27 1601.71
 149323 55130.6 15341.9 5160.03 2557.18
 72792.7 72467.6 24355.2 6777.61 3409.25
pred_Ctot
 3428.6 3898.84 1448.16 170.481 0.0872948
 3141.84 5465.1 1034.33 384.187 45.2505
 2729.76 9046.39 2739.24 518.433 215.244
 749.428 1194.16 658.134 199.283 53.3758
 265.687 402.47 122.225 67.3616 25.8602
 2042.61 6600.16 1951.09 592.519 451.919
 1946.29 3079.55 1824.86 539.452 288.774
 3428.63 9170.15 2729.46 1617.41 734.07
 4492.55 9071.36 4358.46 1297.28 1117.63
 3682.78 8750.49 3122.01 1500.02 831.119
 3978.43 16658.4 7098.67 2532.67 1891.09
 2335.22 7600.41 5095.49 2171.34 1353.14
 3694.35 6815.52 3592.08 2408.21 1665.73
 3604.63 9752.16 2583.5 1361.62 1544.27
 2640.09 4826.2 1427.35 378.128 425.314
 1343.71 1896.59 392.307 116.025 65.3094
 777.353 1960.41 443.839 91.8076 42.4358
 591.955 1158.43 499.873 113.172 34.23
 573.421 1134.69 398.264 171.855 50.6764
 990.521 1326.23 477.987 167.768 93.741
 609.037 1155.13 281.664 101.515 55.5394
 1047.18 1879.82 675.164 164.63 91.7966
 1942.44 2908.84 978.349 351.389 133.457
 2442.04 4405.98 1226.11 412.385 204.368
 1012.96 4958.2 1666.37 463.72 233.259
F
 0.070372 0.358294 0.358294 0.358294 0.358294
 0.051703 0.263242 0.263242 0.263242 0.263242
 0.0706962 0.359944 0.359944 0.359944 0.359944
 0.0131053 0.0667249 0.0667249 0.0667249 0.0667249
 0.00282197 0.0143679 0.0143679 0.0143679 0.0143679
 0.0296608 0.151016 0.151016 0.151016 0.151016
 0.018751 0.0954695 0.0954695 0.0954695 0.0954695
 0.0384433 0.195731 0.195731 0.195731 0.195731
 0.0454313 0.23131 0.23131 0.23131 0.23131
 0.039145 0.199304 0.199304 0.199304 0.199304
 0.0862517 0.439144 0.439144 0.439144 0.439144
 0.0816356 0.415642 0.415642 0.415642 0.415642
 0.129866 0.661205 0.661205 0.661205 0.661205
 0.233447 1.18858 1.18858 1.18858 1.18858
 0.220743 1.1239 1.1239 1.1239 1.1239
 0.0855139 0.435388 0.435388 0.435388 0.435388
 0.058897 0.29987 0.29987 0.29987 0.29987
 0.0391191 0.199172 0.199172 0.199172 0.199172
 0.0325853 0.165906 0.165906 0.165906 0.165906
 0.0326335 0.166151 0.166151 0.166151 0.166151
 0.0158832 0.0808679 0.0808679 0.0808679 0.0808679
 0.0204765 0.104254 0.104254 0.104254 0.104254
 0.0240046 0.122218 0.122218 0.122218 0.122218
 0.0229721 0.116961 0.116961 0.116961 0.116961
 0.0195173 0.0993708 0.0993708 0.0993708 0.0993708
nmprior
 10 11 7 0
nm_flota  nm_reclas  nm_pelaces    nm_pelaL
inf 13.064 19.3191 34.9289
cv_recla  cv_pelaces  cv_mph
0.706324 0.559509 0.494033
 ------------------------------------------------
Talla a la edad & desviación 
 7.2 14.2025 17.0495 18.207 18.6776
 1.08 2.13037 2.55742 2.73105 2.80164
