years
 1997 1998 1999 2000 2001 2002 2003 2004 2005 2006 2007 2008 2009 2010 2011 2012 2013 2014 2015 2016 2017 2018 2019 2020 2021
reclasobs
 0 0 0 370054 412103 1.49427e+06 250295 1.28982e+06 931140 785840 897777 1.04006e+06 184774 17550 25797 100020 73551 82996 120727 218422 84188 347160 605670 569463 516374
reclaspred
 3.55174e+06 432700 609490 174928 227172 294925 527114 447162 684130 1.14868e+06 1.2839e+06 825953 443013 199195 128424 118175 124553 155818 141649 194729 377607 374611 527431 425099 272738
pelacesobs
 0 0 0 0 0 0 0 0 0 2.06254e+06 1.5e+06 0 1.87456e+06 323000 250000 174000 83755 137374 0 501740 490994 745055 786931 1.00524e+06 0
pelacespred
 1.5223e+06 610409 190929 128883 131265 121410 277041 253088 375818 663408 660826 438616 238526 85045.5 53522.1 56141.1 61725.9 77388.3 73528.3 97711.7 208681 219848 235156 223999 134039
mphobs
 0 0 0 0 0 112323 0 153150 637223 0 255016 313432 73983 77613 109348 50772 0 0 0 0 0 0 0 0 0
mphpred
 2.53434e+06 1.09146e+06 470340 244251 125923 297979 313153 441112 485737 784634 1.28956e+06 902174 491927 263742 119776 101989 102875 124573 135535 129607 258134 360509 396421 413847 336920
desembarqueobs
 350755 77701 442110 56441 14545 235359 269955 359681 431902 328805 639364 411747 362871 311530 167758 66681 60226 58785 57116 71774 51957 67425 138520 160799 200461
desembarquepred
 350737 77681.9 441665 56419.8 14543.6 235138 269791 359179 431476 328580 638584 411299 362226 310937 167439 66635.5 60197.7 58744.6 57067.8 71713.3 51941.8 67386 138421 160683 200408
Reclutas
 5655.39 7612.74 1301.3 4219.38 51757.6 15245.9 56091.2 66690.1 116534 213186 58718 21570.3 51028.4 27834.9 19575.1 14250.2 11164.1 11072.7 8210.74 28398.8 37445.5 32570.7 38515.3 23372.3 410.953
log_desv_Rt
 -1.21964 -0.922422 -2.68888 -1.51256 0.994327 -0.227934 1.07473 1.24781 1.80594 2.40992 1.1205 0.119071 0.980138 0.374045 0.0220114 -0.295471 -0.539545 -0.547766 -0.846802 0.394102 0.670641 0.53117 0.698812 0.199308 -3.84152
SSB
 2.53434e+06 1.09146e+06 470340 244251 125923 297979 313153 441112 485737 784634 1.28956e+06 902174 491927 263742 119776 101989 102875 124573 135535 129607 258134 360509 396421 413847 336920
BT
 3.03297e+06 1.26716e+06 602329 308642 380739 414341 1.03843e+06 1.01041e+06 1.46333e+06 2.08189e+06 1.90581e+06 1.21873e+06 902588 482670 277219 180891 193394 223396 198907 310863 561683 499479 578650 587635 421986
Ftot
 0.0961932 0.173967 0.671071 0.309463 0.0625723 0.735393 0.488001 0.749898 0.597477 0.276484 0.47128 0.471278 0.757398 1.34841 1.16512 0.533093 0.459965 0.36126 0.384769 0.354079 0.133859 0.174459 0.253139 0.36154 0.679683
BD_Bspro_t
 0.984788 0.884604 0.695112 0.385035 0.402408 0.670528 0.490029 0.518409 0.492407 0.552709 0.632765 0.469746 0.335576 0.245035 0.145458 0.14907 0.197451 0.294971 0.366395 0.418087 0.608116 0.732137 0.719275 0.661489 0.525538
BD_Bspro
 6.42175 2.76564 1.19179 0.618906 0.319075 0.755046 0.793495 1.11773 1.23081 1.98818 3.2676 2.28601 1.24649 0.668293 0.303499 0.258428 0.260674 0.315653 0.343431 0.328411 0.654085 0.913492 1.00449 1.04864 0.853719
BD_Bo
 2.3936 1.03085 0.44422 0.230687 0.11893 0.281431 0.295762 0.416616 0.458762 0.74106 1.21794 0.852073 0.464609 0.249095 0.113124 0.0963248 0.0971618 0.117655 0.128008 0.12241 0.243799 0.340489 0.374406 0.390865 0.31821
BD_Brms
 11.694 5.0362 2.17024 1.12702 0.581032 1.37493 1.44495 2.03538 2.24129 3.62045 5.95026 4.16281 2.26985 1.21696 0.55267 0.470595 0.474685 0.574802 0.625385 0.598034 1.19108 1.66346 1.82916 1.90957 1.55461
S_f
 0.5 1 1 1 1
 0.5 1 1 1 1
 0.5 1 1 1 1
 0.5 1 1 1 1
 0.5 1 1 1 1
 0.5 1 1 1 1
 0.5 1 1 1 1
 0.5 1 1 1 1
 0.5 1 1 1 1
 0.5 1 1 1 1
 0.5 1 1 1 1
 0.5 1 1 1 1
 0.5 1 1 1 1
 0.5 1 1 1 1
 0.5 1 1 1 1
 0.5 1 1 1 1
 0.5 1 1 1 1
 0.5 1 1 1 1
 0.5 1 1 1 1
 0.5 1 1 1 1
 0.5 1 1 1 1
 0.5 1 1 1 1
 0.5 1 1 1 1
 0.5 1 1 1 1
 0.5 1 1 1 1
Scru_reclas
 0.5 1 1 1 1
 0.5 1 1 1 1
 0.5 1 1 1 1
 0.5 1 1 1 1
 0.5 1 1 1 1
 0.5 1 1 1 1
 0.5 1 1 1 1
 0.5 1 1 1 1
 0.5 1 1 1 1
 0.5 1 1 1 1
 0.5 1 1 1 1
 0.5 1 1 1 1
 0.5 1 1 1 1
 0.5 1 1 1 1
 0.5 1 1 1 1
 0.5 1 1 1 1
 0.5 1 1 1 1
 0.5 1 1 1 1
 0.5 1 1 1 1
 0.5 1 1 1 1
 0.5 1 1 1 1
 0.5 1 1 1 1
 0.5 1 1 1 1
 0.5 1 1 1 1
 0.5 1 1 1 1
Scru_pelaces
 0.5 1 1 1 1
 0.5 1 1 1 1
 0.5 1 1 1 1
 0.5 1 1 1 1
 0.5 1 1 1 1
 0.5 1 1 1 1
 0.5 1 1 1 1
 0.5 1 1 1 1
 0.5 1 1 1 1
 0.5 1 1 1 1
 0.5 1 1 1 1
 0.5 1 1 1 1
 0.5 1 1 1 1
 0.5 1 1 1 1
 0.5 1 1 1 1
 0.5 1 1 1 1
 0.5 1 1 1 1
 0.5 1 1 1 1
 0.5 1 1 1 1
 0.5 1 1 1 1
 0.5 1 1 1 1
 0.5 1 1 1 1
 0.5 1 1 1 1
 0.5 1 1 1 1
 0.5 1 1 1 1
pf_obs 
 0.256992 0.487395 0.22802 0.0275931 0
 0.321318 0.546541 0.124235 0.00734118 0.000564706
 0.182869 0.594174 0.210203 0.0122559 0.00049798
 0.330522 0.361315 0.267642 0.0388342 0.00168674
 0.649043 0.306663 0.0425973 0.00169635 0
 0.582887 0.30429 0.105238 0.00758474 0
 0.465427 0.430635 0.0974691 0.00646863 0
 0.296916 0.608066 0.0921331 0.00288517 0
 0.311714 0.524322 0.152257 0.0117073 0
 0.15457 0.633149 0.183074 0.0267441 0.00246327
 0.131901 0.49318 0.331252 0.0422183 0.00144891
 0.196976 0.569456 0.194076 0.0375587 0.00193317
 0.518974 0.381816 0.0799577 0.0180837 0.00116848
 0.0928022 0.601141 0.25162 0.0475244 0.00691264
 0.122501 0.610282 0.24278 0.0234846 0.000952079
 0.383417 0.481906 0.127806 0.00687128 0
 0.0376549 0.599619 0.316969 0.0457579 0
 0.0361596 0.667082 0.258105 0.0386534 0
 0.158088 0.579412 0.248529 0.0139706 0
 0.0477256 0.309471 0.559284 0.082774 0.000745712
 0.0406174 0.521527 0.379366 0.0568643 0.0016247
 0.151134 0.462217 0.34131 0.0453401 0
 0.294876 0.26143 0.354403 0.0886775 0.000613685
 0.281977 0.475581 0.204845 0.0348837 0.00271318
 0 0 0 0 0
pf_pred 
 0.0282671 0.623949 0.306677 0.0411049 1.23819e-06
 0.0768824 0.0520692 0.5593 0.274902 0.036847
 0.0310122 0.144327 0.0465157 0.499647 0.278498
 0.261305 0.053595 0.102043 0.0328878 0.550169
 0.864408 0.0591374 0.00554708 0.0105615 0.0603464
 0.247521 0.698639 0.023482 0.00220261 0.0281557
 0.727341 0.122909 0.139035 0.00467311 0.00604157
 0.604079 0.340602 0.0249369 0.0282086 0.00217388
 0.696159 0.240867 0.0541748 0.00396637 0.00483253
 0.690087 0.262024 0.0379634 0.00853857 0.00138681
 0.225258 0.641662 0.112516 0.0163019 0.00426208
 0.171243 0.331793 0.411599 0.0721745 0.013191
 0.529984 0.151245 0.12762 0.158316 0.0328347
 0.431113 0.420491 0.0477519 0.0402927 0.060351
 0.547226 0.316681 0.100593 0.0114236 0.0240767
 0.532133 0.363448 0.0730327 0.0231987 0.00818706
 0.451581 0.398659 0.116336 0.0233771 0.0100463
 0.469738 0.346414 0.133644 0.0389998 0.0112046
 0.391277 0.403578 0.134019 0.0517034 0.0194228
 0.728416 0.16017 0.0738665 0.0245293 0.0130182
 0.582725 0.357179 0.0354424 0.0163451 0.00830847
 0.419643 0.431579 0.12735 0.0126368 0.00879013
 0.45267 0.330107 0.161536 0.0476662 0.00801993
 0.32383 0.432818 0.146771 0.0718219 0.024759
 0.0123766 0.509043 0.30634 0.103882 0.0683581
pobs_RECLAS
 0 0 0 0 0
 0 0 0 0 0
 0 0 0 0 0
 0 0 0 0 0
 0.835266 0.146461 0.0176864 0.000547809 3.91292e-05
 0.385257 0.428462 0.181853 0.0044286 0
 0.867414 0.0963971 0.0333333 0.00285562 0
 0.441836 0.489002 0.0689373 0.000224442 0
 0.779404 0.147425 0.0564933 0.0165055 0.000172143
 0.814271 0.122319 0.05973 0.00367925 0
 0.40263 0.566651 0.0304383 0.000280538 0
 0.475488 0.404961 0.113038 0.00651328 0
 0.955842 0.0263864 0.0167828 0.000988607 0
 0.975058 0.0227948 0.00214734 0 0
 0.738997 0.206755 0.0527124 0.00153531 0
 0.850938 0.134255 0.0134407 0.00136685 0
 0.542534 0.407297 0.0501686 0 0
 0.764087 0.199537 0.0359546 0.000420521 0
 0.470689 0.182191 0.310203 0.0369168 0
 0.84361 0.089868 0.0606195 0.00523954 0.000663233
 0.607945 0.314616 0.071237 0.00620181 0
 0.523733 0.453247 0.0230204 0 0
 0.530135 0.295979 0.169645 0.0042399 0
 0.562478 0.366248 0.0663022 0.0049721 0
 0.250443 0.683176 0.0655157 0.000865301 0
ppred_RECLAS
 0.0283514 0.623895 0.306651 0.0411013 1.23808e-06
 0.0773058 0.0520453 0.559043 0.274775 0.0368301
 0.0320146 0.144178 0.0464675 0.49913 0.27821
 0.263598 0.0534286 0.101726 0.0327857 0.548461
 0.864634 0.0590388 0.00553784 0.0105439 0.0602458
 0.254546 0.692117 0.0232628 0.00218204 0.0278929
 0.731539 0.121017 0.136895 0.00460117 0.00594855
 0.613229 0.33273 0.0243606 0.0275567 0.00212364
 0.702042 0.236204 0.053126 0.00388958 0.00473897
 0.692288 0.260163 0.0376937 0.00847793 0.00137696
 0.228822 0.63871 0.111999 0.016227 0.00424247
 0.174145 0.330631 0.410158 0.0719218 0.0131448
 0.539678 0.148126 0.124988 0.155051 0.0321575
 0.453709 0.40379 0.0458553 0.0386923 0.0579539
 0.565325 0.304022 0.0965719 0.0109669 0.0231143
 0.53809 0.358821 0.0721029 0.0229034 0.00808283
 0.456457 0.395115 0.115302 0.0231692 0.00995697
 0.473323 0.344071 0.13274 0.0387361 0.0111289
 0.394997 0.401112 0.1332 0.0513874 0.0193041
 0.731182 0.158539 0.0731142 0.0242795 0.0128856
 0.583799 0.35626 0.0353512 0.0163031 0.0082871
 0.421098 0.430497 0.127031 0.0126051 0.0087681
 0.454966 0.328723 0.160859 0.0474662 0.00798628
 0.326992 0.430794 0.146085 0.071486 0.0246432
 0.0127921 0.508829 0.306211 0.103838 0.0683293
pobs_PELACES
 0 0 0 0 0
 0 0 0 0 0
 0 0 0 0 0
 0 0 0 0 0
 0 0 0 0 0
 0 0 0 0 0
 0 0 0 0 0
 0 0 0 0 0
 0 0 0 0 0
 0 0 0 0 0
 0.450072 0.473896 0.0757376 0.000293798 0
 0 0 0 0 0
 0.463077 0.371075 0.160297 0.00555027 0
 0.529543 0.364841 0.0842815 0.0213345 0
 0.631943 0.363953 0.00410389 0 0
 0.735681 0.248677 0.0153453 0.000297389 0
 0.695825 0.281241 0.0229344 0 0
 0.275771 0.60734 0.115278 0.00161068 0
 0 0 0 0 0
 0.896147 0.0623911 0.0374545 0.00400742 0
 0.803859 0.145111 0.0509908 3.86294e-05 0
 0.739449 0.233085 0.0266225 0.000797448 4.60066e-05
 0.878498 0.100942 0.0204185 0.000141795 0
 0.694673 0.275183 0.0284847 0.00165964 0
 0 0 0 0 0
ppred_PELACES
 0.0287919 0.623612 0.306512 0.0410827 1.23752e-06
 0.0793783 0.0519284 0.557788 0.274158 0.0367473
 0.0356296 0.143639 0.046294 0.497266 0.277171
 0.273629 0.0527009 0.100341 0.0323391 0.540991
 0.865838 0.0585138 0.00548859 0.0104501 0.05971
 0.278247 0.670111 0.0225231 0.00211267 0.027006
 0.747054 0.114023 0.128983 0.00433524 0.00560476
 0.642134 0.307864 0.02254 0.0254973 0.00196494
 0.722244 0.220188 0.0495239 0.00362585 0.00441765
 0.70192 0.252019 0.0365139 0.00821255 0.00133386
 0.242832 0.627106 0.109964 0.0159322 0.0041654
 0.185613 0.32604 0.404462 0.070923 0.0129622
 0.57053 0.138198 0.11661 0.144659 0.0300022
 0.509197 0.362776 0.0411976 0.0347622 0.0520674
 0.611839 0.271489 0.086238 0.00979338 0.0206409
 0.559865 0.341905 0.0687038 0.0218236 0.00770179
 0.47534 0.381388 0.111296 0.0223643 0.00961106
 0.488202 0.334351 0.12899 0.0376418 0.0108145
 0.410266 0.390989 0.129838 0.0500905 0.0188169
 0.742509 0.151859 0.0700334 0.0232564 0.0123426
 0.589155 0.351675 0.0348962 0.0160933 0.00818044
 0.428131 0.425267 0.125488 0.012452 0.00866158
 0.465341 0.322465 0.157797 0.0465627 0.00783426
 0.340252 0.422306 0.143207 0.0700775 0.0241577
 0.0142885 0.508058 0.305747 0.103681 0.0682258
pobs_pel_tallas
 0 0 0 0 0 0 0 0 0 0 0 0 0 0 0 0 0 0 0 0 0 0 0 0 0 0 0 0 0 0 0 0 0 0 0 0
 0 0 0 0 0 0 0 0 0 0 0 0 0 0 0 0 0 0 0 0 0 0 0 0 0 0 0 0 0 0 0 0 0 0 0 0
 0 0 0 0 0 0 0 0 0 0 0 0 0 0 0 0 0 0 0 0 0 0 0 0 0 0 0 0 0 0 0 0 0 0 0 0
 0 0 0 0 0 0 0 0 0 0 0 0 0 0 0 0 0 0 0 0 0 0 0 0 0 0 0 0 0 0 0 0 0 0 0 0
 0 0 0 0 0 0 0 0 0 0 0 0 0 0 0 0 0 0 0 0 0 0 0 0 0 0 0 0 0 0 0 0 0 0 0 0
 0 0 0 0 0 0 0 0 0 0 0 0 0 0 0 0 0 0 0 0 0 0 0 0 0 0 0 0 0 0 0 0 0 0 0 0
 0 0 0 0 0 0 0 0 0 0 0 0 0 0 0 0 0 0 0 0 0 0 0 0 0 0 0 0 0 0 0 0 0 0 0 0
 0 0 0 0 0 0 0 0 0 0 0 0 0 0 0 0 0 0 0 0 0 0 0 0 0 0 0 0 0 0 0 0 0 0 0 0
 0 0 0 0 0 0 0 0 0 0 0 0 0 0 0 0 0 0 0 0 0 0 0 0 0 0 0 0 0 0 0 0 0 0 0 0
 0 0 0 0 0 0 0 0 0 0 0 0 0 0 0 0 0 0 0 0 0 0 0 0 0 0 0 0 0 0 0 0 0 0 0 0
 0 0 0 0 0 0 0 0 1.78061e-05 0.00172719 0.00360574 0.0105946 0.0120993 0.0124554 0.0147524 0.0171206 0.0266825 0.0428682 0.0675386 0.121331 0.153587 0.119568 0.100827 0.0573624 0.0630603 0.0341343 0.0324427 0.0444173 0.0211091 0.0280891 0.0125444 0.00206551 0 0 0 0
 0 0 0 0 0 0 0 0 0 0 0 0 0 0 0 0 0 0 0 0 0 0 0 0 0 0 0 0 0 0 0 0 0 0 0 0
 0 0 0 0 0 0 0.0133647 0.0140871 0.0187388 0.0205184 0.03894 0.0496705 0.03968 0.0493445 0.0407372 0.0367815 0.0215668 0.0243155 0.0234873 0.0199281 0.019796 0.0243948 0.0301388 0.0376714 0.0412746 0.0863199 0.0771752 0.113111 0.0741005 0.0525337 0.0229764 0.00759418 0.00175318 0 0 0
 0 0 0 0 0 0 0 0 0 0 0.00219441 0.00772107 0.0458388 0.0604681 0.0671733 0.0775358 0.0609151 0.0617685 0.073594 0.0568108 0.0755445 0.0548602 0.0670107 0.0636378 0.0643287 0.046367 0.0373049 0.0286899 0.0247887 0.0153202 0.00654259 0.00121912 0.000365735 0 0 0
 0 0 0 0 0 0 0 0 0 0 0 0 0.000112435 0.00938835 0.0111873 0.0202946 0.0414886 0.0713402 0.111592 0.104902 0.108894 0.110636 0.117776 0.105296 0.107544 0.0401394 0.0192827 0.0124803 0.00416011 0.0028671 0.000618394 0 0 0 0 0
 0 0 0 0 0 0 0 0 0 0 0.00291406 0.0102884 0.027416 0.0768956 0.0749926 0.110853 0.0956884 0.0897413 0.0766577 0.0534642 0.0500743 0.0551293 0.0594112 0.0620874 0.0668451 0.0424026 0.0208742 0.0120726 0.0048766 0.00582813 0.00118941 0.000297354 0 0 0 0
 0 0.00264628 0.0354308 0.0461629 0.0458689 0.0383711 0.0214643 0.0164657 0.0346957 0.0420465 0.0363128 0.0245516 0.0311673 0.0291091 0.0169068 0.0133784 0.00837989 0.0085269 0.0148486 0.0160247 0.0276389 0.0546898 0.0760071 0.122758 0.109233 0.0665981 0.0333725 0.0166128 0.00676272 0.00308733 0.000882094 0 0 0 0 0
 0 0 0 0 0 0 0 0.000805153 0.000690131 0.00759144 0.0133425 0.0154129 0.00931677 0.000345066 0.00356568 0.00563607 0.00851162 0.0253048 0.0502646 0.0516448 0.0657925 0.0565908 0.0611916 0.0827007 0.0866115 0.110766 0.145733 0.0935128 0.0569358 0.0249597 0.0138026 0.00621118 0.00161031 0.00115022 0 0
 0 0 0 0 0 0 0 0 0 0 0 0 0 0 0 0 0 0 0 0 0 0 0 0 0 0 0 0 0 0 0 0 0 0 0 0
 0.00147267 0.00158595 0.00478618 0.00569244 0.00954404 0.0108468 0.00647125 0.017049 0.0510054 0.094081 0.124002 0.0959785 0.0687766 0.0820023 0.061753 0.0591476 0.0492212 0.0479892 0.0443925 0.0268479 0.0217502 0.0140895 0.0121071 0.0120363 0.00920419 0.00665534 0.0049561 0.00860946 0.00930331 0.0156896 0.0114698 0.00855282 0.00243557 0.00046729 0 2.83206e-05
 0 0 0 0 0.000772559 0.00158375 0.000888443 0.00281984 0.00712685 0.0440552 0.0773331 0.111326 0.0921469 0.0852325 0.0710754 0.0886704 0.0786465 0.0553345 0.0373146 0.0185414 0.00753245 0.00457741 0.012979 0.0271748 0.0457355 0.0583668 0.034881 0.0177882 0.00938659 0.00492506 0.0015258 0.00185414 0.000309023 5.79419e-05 3.86279e-05 0
 0 0.00173294 0.00326652 0 0.00397197 0.00683976 0.00946217 0.0152591 0.00757587 0.0136028 0.0228656 0.0392903 0.0559909 0.0764795 0.0681675 0.0726916 0.0566044 0.0477403 0.0527397 0.0444891 0.0609904 0.0582453 0.0661739 0.0445044 0.0529084 0.0360697 0.0280645 0.0235558 0.0158879 0.00826598 0.00280645 0.00217768 0.000904811 0.00058276 9.20147e-05 0
 0 0 0 0 0 0 0 0 0 0 0 0 0 0 0 0 0 0 0 0 0 0 0 0 0 0 0 0 0 0 0 0 0 0 0 0
 0 0 0 0 0 0 0 0 0 0 0 0 0 0 0 0 0 0 0 0 0 0 0 0 0 0 0 0 0 0 0 0 0 0 0 0
 0 0 0 0 0 0 0 0 0 0 0 0 0 0 0 0 0 0 0 0 0 0 0 0 0 0 0 0 0 0 0 0 0 0 0 0
ppred_pel_tallas
 1.05966e-16 1.29411e-06 7.49981e-06 3.54515e-05 0.000136157 0.000424288 0.00107241 0.0021994 0.00366521 0.00498121 0.00557599 0.00528833 0.00459326 0.00431275 0.00514953 0.00749077 0.0115047 0.0172636 0.0247336 0.0336756 0.0435634 0.0535881 0.0627629 0.0701059 0.0748463 0.0765847 0.075361 0.0716023 0.0659837 0.0592509 0.0520682 0.0449292 0.0381421 0.0318651 0.0261655 0.0210697
 1.19073e-16 3.47703e-06 2.03673e-05 9.67403e-05 0.000372328 0.00116092 0.0029324 0.00600091 0.00995067 0.0133743 0.0145827 0.0129319 0.0094095 0.00580625 0.00342675 0.00259795 0.00306193 0.00452322 0.0068804 0.0101905 0.0145615 0.0200692 0.0267038 0.0343366 0.0427001 0.0513858 0.0598637 0.0675259 0.0737528 0.0779938 0.0798483 0.0791306 0.0759039 0.0704715 0.0633313 0.0550981
 1.30742e-16 1.57096e-06 9.17398e-06 4.35187e-05 0.000167401 0.000521861 0.00131828 0.00269876 0.00447899 0.00603201 0.00660853 0.00593528 0.00448114 0.00308843 0.00239564 0.00261513 0.00370291 0.00559268 0.00828515 0.0118186 0.0162148 0.0214471 0.0274357 0.034057 0.0411563 0.0485512 0.0560228 0.0632974 0.0700319 0.0758169 0.0802083 0.0827862 0.0832296 0.0813835 0.077304 0.0712623
 1.27831e-16 1.19453e-05 7.00884e-05 0.000333131 0.00128251 0.00399931 0.0101019 0.0206699 0.0342636 0.0460177 0.0500835 0.0441944 0.031674 0.0185655 0.00917028 0.00433824 0.00281496 0.00313637 0.00445702 0.00648251 0.00918004 0.0125885 0.0167397 0.0216299 0.0272056 0.0333506 0.0398743 0.0465031 0.0528849 0.0586092 0.0632464 0.0664011 0.0677714 0.0671985 0.064696 0.0604539
 1.03247e-16 3.77694e-05 0.000221696 0.00105389 0.00405759 0.0126533 0.031961 0.0653953 0.108396 0.145559 0.158363 0.139606 0.0997568 0.0578596 0.0274089 0.0109301 0.00423759 0.00243213 0.00253162 0.00327724 0.00424493 0.00527923 0.00628392 0.00717857 0.00790375 0.00843143 0.00876764 0.00894439 0.00900446 0.00898455 0.00890324 0.00875759 0.00852836 0.00819077 0.00772628 0.00713152
 1.01873e-16 1.21727e-05 7.1364e-05 0.000339064 0.00130513 0.00406969 0.0102804 0.0210398 0.0348939 0.0469161 0.0511977 0.0455019 0.0333171 0.0209474 0.0129729 0.0104898 0.0124287 0.0174006 0.0244427 0.0328639 0.0419162 0.0506528 0.0579971 0.0629409 0.0647747 0.0632623 0.0586999 0.0518322 0.0436627 0.0352187 0.0273478 0.0205995 0.0152036 0.0111286 0.00817889 0.00609359
 1.0228e-16 3.25926e-05 0.000191298 0.000909353 0.00350108 0.0109178 0.0275774 0.0564267 0.0935321 0.125607 0.136673 0.120528 0.0862184 0.0501982 0.0241411 0.0102641 0.0049966 0.00414725 0.00516313 0.00695103 0.00910262 0.0114044 0.0136644 0.0156903 0.0173137 0.0184175 0.0189508 0.0189264 0.0184037 0.0174674 0.0162076 0.0147098 0.0130524 0.0113091 0.00955213 0.00785127
 1.01389e-16 2.80252e-05 0.000164465 0.000781753 0.00300972 0.00938547 0.0237071 0.0485092 0.0804141 0.108008 0.117572 0.103796 0.0744943 0.0438664 0.0220188 0.0109397 0.00763674 0.00855133 0.0114689 0.0153377 0.0195919 0.0237477 0.0273034 0.0297935 0.030886 0.0304611 0.0286384 0.0257396 0.0222038 0.0184823 0.0149489 0.0118471 0.00928279 0.00725013 0.00567524 0.00445875
 1.01106e-16 3.15149e-05 0.000184961 0.000879209 0.00338498 0.0105557 0.026663 0.0545564 0.0904349 0.121456 0.132181 0.116623 0.0835482 0.0488911 0.0239736 0.0109787 0.00648934 0.00646973 0.00843281 0.0112537 0.0144161 0.0175491 0.0202878 0.0222922 0.0233126 0.0232454 0.0221544 0.0202471 0.0178174 0.0151748 0.0125823 0.0102202 0.00817968 0.00647868 0.00508927 0.00396395
 1.00946e-16 3.06299e-05 0.000179763 0.000854489 0.00328979 0.0102589 0.0259132 0.0530226 0.0878934 0.118046 0.128479 0.113377 0.0812678 0.0476472 0.023532 0.0110591 0.00692208 0.00720731 0.00949485 0.012672 0.0161986 0.0196602 0.022641 0.0247549 0.0257236 0.0254404 0.0239935 0.0216376 0.0187259 0.0156259 0.0126464 0.00999484 0.00776933 0.00597851 0.00457471 0.00348666
 1.02508e-16 1.06269e-05 6.22925e-05 0.000295944 0.00113912 0.00355201 0.00897273 0.018364 0.0304576 0.0409561 0.0447064 0.0397626 0.0291798 0.0184751 0.011668 0.0097426 0.011796 0.0166448 0.0234677 0.031664 0.0405604 0.049285 0.0568317 0.0622413 0.0648142 0.0642741 0.0608271 0.0550918 0.0479336 0.0402566 0.0328247 0.0261555 0.0205009 0.015895 0.0122342 0.00935625
 1.08891e-16 8.12037e-06 4.76028e-05 0.000226165 0.000870554 0.00271455 0.00685705 0.014033 0.0232712 0.0312828 0.0341215 0.0302873 0.0220957 0.0137366 0.00825009 0.00635913 0.00736163 0.0103786 0.0148674 0.0205287 0.0270802 0.0341333 0.0411878 0.0476998 0.0531735 0.057242 0.0597105 0.0605512 0.0598634 0.0578192 0.0546188 0.0504685 0.0455813 0.0401844 0.0345255 0.0288629
 1.08073e-16 2.48961e-05 0.00014611 0.000694525 0.00267393 0.00833837 0.0210621 0.0430959 0.0714371 0.0959404 0.104409 0.0921109 0.0659694 0.0385692 0.018852 0.00854445 0.00495771 0.00492799 0.00653459 0.00895558 0.0118704 0.0150847 0.0184017 0.0216145 0.0245341 0.0270156 0.0289715 0.0303632 0.0311823 0.0314291 0.0311001 0.0301907 0.0287081 0.0266886 0.0242098 0.0213917
 1.04331e-16 2.22306e-05 0.000130442 0.000619988 0.00238687 0.00744312 0.018801 0.0384713 0.0637779 0.0856745 0.0932901 0.0824296 0.0593134 0.0352363 0.0182607 0.0100204 0.00820026 0.0100226 0.0137438 0.0184937 0.0237297 0.0289216 0.0334948 0.0369077 0.0387675 0.0389202 0.0374819 0.0347951 0.0313313 0.027572 0.0239079 0.0205843 0.0176976 0.0152296 0.0131009 0.0112198
 1.02614e-16 2.67028e-05 0.000156705 0.000744866 0.00286771 0.00894262 0.0225885 0.0462201 0.0766191 0.10291 0.112018 0.0988854 0.0709536 0.0417486 0.020897 0.0102904 0.00707803 0.00787526 0.0105873 0.014238 0.0183242 0.0224263 0.0261046 0.0289398 0.0306155 0.0309871 0.0301075 0.0282008 0.0255949 0.0226384 0.0196291 0.0167733 0.0141798 0.0118802 0.00986049 0.0080901
 1.02197e-16 2.44394e-05 0.00014341 0.000681646 0.00262427 0.00818346 0.020671 0.0422973 0.070119 0.0941874 0.102546 0.0905755 0.0651042 0.0385347 0.0197097 0.0104001 0.008035 0.00954189 0.0130006 0.017474 0.0224113 0.0272978 0.0315806 0.0347364 0.0363808 0.0363548 0.0347578 0.0319095 0.0282614 0.0242858 0.0203809 0.0168159 0.0137218 0.0111191 0.00896028 0.00717216
 1.02922e-16 2.07554e-05 0.000121778 0.000578795 0.00222826 0.00694849 0.0175516 0.0359152 0.0595418 0.0799883 0.0871101 0.0769966 0.0554642 0.0330709 0.0173623 0.00988726 0.00850922 0.0106556 0.0147077 0.0198431 0.0255211 0.0311885 0.0362322 0.0400636 0.0422407 0.0425656 0.041122 0.0382365 0.0343835 0.0300671 0.0257182 0.0216362 0.0179792 0.0147918 0.0120499 0.00970188
 1.03739e-16 2.13144e-05 0.000125064 0.000594427 0.00228846 0.00713623 0.0180258 0.036885 0.061148 0.0821413 0.0894418 0.079027 0.0568602 0.0337701 0.0174869 0.00957871 0.00783078 0.00958959 0.0131992 0.0178473 0.0230397 0.0282932 0.0330739 0.0368631 0.0392611 0.040072 0.0393368 0.0373026 0.0343439 0.0308644 0.0272134 0.0236382 0.0202789 0.0171911 0.0143832 0.0118472
 1.04571e-16 1.79182e-05 0.000105121 0.000499602 0.00192334 0.00599761 0.0151498 0.031001 0.0513968 0.0690526 0.0752169 0.0665227 0.0480034 0.0287913 0.0154259 0.0092765 0.00853323 0.011004 0.0153046 0.0207133 0.0267212 0.0327797 0.0382691 0.0425881 0.0452781 0.046121 0.0451779 0.0427503 0.0392861 0.0352625 0.0310865 0.0270396 0.0232719 0.0198319 0.0167121 0.0138886
 1.0242e-16 3.23958e-05 0.000190139 0.000903838 0.00347983 0.0108515 0.0274101 0.0560846 0.0929659 0.124849 0.135857 0.119827 0.085757 0.0500102 0.0242004 0.0105431 0.00549933 0.00490589 0.00621562 0.0083153 0.0107549 0.0132652 0.0155968 0.0175126 0.0188273 0.0194431 0.0193657 0.0186905 0.0175687 0.0161654 0.0146238 0.0130461 0.0114924 0.00999154 0.00855715 0.00720029
 1.01546e-16 2.57169e-05 0.00015091 0.000717297 0.00276153 0.0086115 0.0217522 0.0445096 0.0737861 0.0991121 0.107905 0.0953012 0.0684846 0.0405023 0.0206538 0.0107947 0.00821036 0.00965734 0.0131057 0.0175624 0.0224458 0.027218 0.0313079 0.0341821 0.0354588 0.0349976 0.0329312 0.0296241 0.0255756 0.0213014 0.01723 0.0136436 0.0106679 0.00830137 0.00646432 0.00504636
 1.02753e-16 1.86987e-05 0.000109699 0.000521362 0.00200711 0.00625883 0.0158097 0.0323514 0.053636 0.0720622 0.0784982 0.0694319 0.0501182 0.0300903 0.0161765 0.00980902 0.00910088 0.0117615 0.0163362 0.022052 0.0283486 0.0346167 0.0401721 0.0443566 0.0466771 0.0469144 0.0451659 0.0418024 0.0373622 0.0324178 0.0274608 0.0228346 0.0187228 0.0151786 0.0121738 0.00964601
 1.04312e-16 2.03171e-05 0.00011921 0.000566599 0.00218132 0.00680212 0.0171819 0.0351582 0.0582855 0.0782968 0.0852577 0.0753349 0.0542145 0.0322208 0.0167261 0.00923093 0.00763159 0.00940744 0.0129893 0.0176111 0.022808 0.0281216 0.0330394 0.0370565 0.0397746 0.0409827 0.0406905 0.0391018 0.0365433 0.0333749 0.0299141 0.0263934 0.0229561 0.0196772 0.0165947 0.0137352
 1.05708e-16 1.48666e-05 8.72019e-05 0.000414408 0.00159531 0.00497466 0.012566 0.0257145 0.0426354 0.0572908 0.0624299 0.0552726 0.0400134 0.024256 0.0134642 0.00882187 0.0088772 0.0118504 0.0166056 0.0225157 0.0290817 0.0357265 0.0417866 0.0466149 0.0497148 0.0508459 0.050065 0.0476842 0.0441712 0.0400234 0.0356636 0.0313822 0.0273331 0.023567 0.0200807 0.0168594
 1.11257e-16 6.56786e-07 3.76935e-06 1.77413e-05 6.80098e-05 0.000211807 0.000535561 0.0011001 0.00183989 0.00252047 0.00287351 0.00284584 0.00271697 0.00296052 0.00401507 0.00618282 0.00966452 0.014597 0.0210174 0.0287826 0.0375099 0.0465799 0.0552179 0.0626343 0.0681838 0.0714902 0.0724993 0.0714406 0.0687241 0.064812 0.0601128 0.054928 0.0494541 0.0438194 0.0381312 0.0325081
pSPR Fmed_Fpbrs
0.511523   0.254687 0.254687
Fs Fmed_Fpbrs
0.38552   1.005 1.005
SSBpbr Bo_Bmed_Bpbrs
1.0588e+06  488660  216722 216722
Ro
19148.9
SPR SPRFo_SPRFmed_SPRFpbrs
394650 201872 100512
log_Ro
9.68
likeval ReclasPelacesDesembMPH_pf_preclas_ppelaces_ptallas_desvR_qrecl_qpela
 102.219 114.884 0.115346 0.00057347 371.329 215.672 76.4492 0 61.9681 0 0 0 0 0 0
q_reclas_q_pelaces
1 1
M
0.7
N
 5655.39 63740.4 31329 4199.12 0.126489
 7612.74 2676.51 28749.6 14130.7 1894.04
 1301.3 3465.44 1116.89 11997 6687.03
 4219.38 462.009 879.649 283.505 4742.66
 51757.6 1794.91 168.363 320.557 1831.61
 15245.9 24910.4 837.264 78.5353 1003.91
 56091.2 5241.53 5929.22 199.287 257.646
 66690.1 21823.3 1597.78 1807.4 139.287
 116534 22762.4 5119.62 374.829 456.682
 213186 42924.6 6219.14 1398.78 227.186
 58718 92196.7 16166.8 2342.33 612.394
 21570.3 23037.1 28578.2 5011.23 915.877
 51028.4 8462.78 7140.82 8858.4 1837.23
 27834.9 17351.6 1970.48 1662.68 2490.39
 19575.1 7043.36 2237.31 254.074 535.496
 14250.2 5428.69 1090.86 346.51 122.287
 11164.1 5420.71 1581.87 317.866 136.603
 11072.7 4404.9 1699.38 495.91 142.475
 8210.74 4589.86 1524.18 588.018 220.894
 28398.8 3363.76 1551.28 515.143 273.396
 37445.5 11814.3 1172.31 540.642 274.816
 32570.7 17391.1 5131.76 509.218 354.21
 38515.3 14823.1 7253.6 2140.39 360.125
 23372.3 16852.3 5714.72 2796.47 964.022
 410.953 9686.98 5829.59 1976.85 1300.84
pred_Ctot
 191.518 4227.45 2077.84 278.498 0.00838912
 458.39 310.449 3334.67 1639.03 219.69
 271.949 1265.62 407.9 4381.44 2442.18
 438.9 90.0208 171.397 55.24 924.091
 1148.59 78.5792 7.37072 14.0336 80.1856
 3445.33 9724.6 326.854 30.6589 391.91
 8857.4 1496.76 1693.14 56.9082 73.5729
 15322.3 8639.27 632.518 715.504 55.14
 22017.7 7618 1713.41 125.446 152.84
 19953.4 7576.25 1097.69 246.887 40.0986
 8986.19 25597.7 4488.6 650.332 170.027
 3301.1 6396.06 7934.5 1391.33 254.286
 11822.9 3373.99 2846.95 3531.72 732.478
 10200.6 9949.29 1129.86 953.37 1427.97
 6425.51 3718.46 1181.16 134.135 282.708
 2434.93 1663.07 334.183 106.153 37.4623
 1671.53 1475.63 430.618 86.5301 37.1862
 1329.72 980.616 378.314 110.399 31.7176
 1044.93 1077.79 357.907 138.078 51.8701
 3347.76 736.135 339.487 112.735 59.8308
 1750.13 1072.74 106.446 49.0903 24.9533
 1966.54 2022.48 596.793 59.2189 41.1925
 3317.18 2419.04 1183.74 349.299 58.7702
 2808.8 3754.12 1273.05 622.96 214.752
 86.8286 3571.21 2149.14 728.788 479.569
F
 0.0480966 0.0961932 0.0961932 0.0961932 0.0961932
 0.0869833 0.173967 0.173967 0.173967 0.173967
 0.335536 0.671071 0.671071 0.671071 0.671071
 0.154732 0.309463 0.309463 0.309463 0.309463
 0.0312861 0.0625723 0.0625723 0.0625723 0.0625723
 0.367696 0.735393 0.735393 0.735393 0.735393
 0.244001 0.488001 0.488001 0.488001 0.488001
 0.374949 0.749898 0.749898 0.749898 0.749898
 0.298738 0.597477 0.597477 0.597477 0.597477
 0.138242 0.276484 0.276484 0.276484 0.276484
 0.23564 0.47128 0.47128 0.47128 0.47128
 0.235639 0.471278 0.471278 0.471278 0.471278
 0.378699 0.757398 0.757398 0.757398 0.757398
 0.674205 1.34841 1.34841 1.34841 1.34841
 0.582558 1.16512 1.16512 1.16512 1.16512
 0.266546 0.533093 0.533093 0.533093 0.533093
 0.229983 0.459965 0.459965 0.459965 0.459965
 0.18063 0.36126 0.36126 0.36126 0.36126
 0.192384 0.384769 0.384769 0.384769 0.384769
 0.17704 0.354079 0.354079 0.354079 0.354079
 0.0669293 0.133859 0.133859 0.133859 0.133859
 0.0872295 0.174459 0.174459 0.174459 0.174459
 0.126569 0.253139 0.253139 0.253139 0.253139
 0.18077 0.36154 0.36154 0.36154 0.36154
 0.339842 0.679683 0.679683 0.679683 0.679683
nmprior
 10 11 7 0
nm_flota  nm_reclas  nm_pelaces    nm_pelaL
inf 11.6574 9.42302 14.758
cv_recla  cv_pelaces  cv_mph
0.914516 1.26123 0.776951
 ------------------------------------------------
Talla a la edad & desviación 
 7.2 14.2025 17.0495 18.207 18.6776
 1.08 2.13037 2.55742 2.73105 2.80164
