years
 1997 1998 1999 2000 2001 2002 2003 2004 2005 2006 2007 2008 2009 2010 2011 2012 2013 2014 2015 2016 2017 2018 2019 2020 2021
reclasobs
 0 0 0 370054 412103 1.49427e+06 250295 1.28982e+06 931140 785840 897777 1.04006e+06 184774 17550 25797 100020 73551 82996 120727 218422 84188 347160 605670 569463 516374
reclaspred
 1.19299e+06 233936 565593 198032 238289 303051 674707 560668 686563 1.0719e+06 1.18826e+06 747322 421325 208519 132614 117504 120718 143020 124422 202874 431666 412432 539142 412349 237445
pelacesobs
 0 0 0 0 0 0 0 0 0 2.06254e+06 1.5e+06 0 1.87456e+06 323000 250000 174000 83755 137374 0 501740 490994 745055 786931 1.00524e+06 0
pelacespred
 605610 215031 160625 139801 141437 125414 355168 333128 372331 617656 605636 391002 224478 89675.6 55251 55941.4 59509.7 70511.9 63615.2 101219 236478 246968 246172 218920 115378
mphobs
 0 0 0 0 0 112323 0 153150 637223 0 255016 313432 73983 77613 109348 50772 0 0 0 0 0 0 0 0 0
mphpred
 942107 382096 383771 253849 158745 289445 377559 576777 552337 725040 1.20306e+06 823242 447029 267152 128070 101521 101819 116610 120847 119860 292893 408186 416516 415347 307685
desembarqueobs
 350755 77701 442110 56441 14545 235359 269955 359681 431902 328805 639364 411747 362871 311530 167758 66681 60226 58785 57116 71774 51957 67425 138520 160799 200461
desembarquepred
 350668 77587.9 440813 56416.3 14579.1 235625 269364 358113 431343 328930 637987 410900 362578 311495 167613 66658.9 60228.4 58809.5 57204.9 71686 51947.3 67323.1 138186 160505 200376
Reclutas
 19778.1 65162 5027.08 6799.13 42714.2 27570.4 68913.5 67951.7 94755.3 206284 57193.7 21910.6 58621.6 29652 17817.6 14386.7 10213 9970.28 7520.59 34790.1 40941.2 29255.8 37767.8 18472.2 773.235
log_desv_Rt
 -0.20767 0.984631 -1.5774 -1.27545 0.562286 0.124498 1.04061 1.02655 1.35905 2.13701 0.8542 -0.105274 0.878859 0.197284 -0.312058 -0.525939 -0.868582 -0.892636 -1.1746 0.357087 0.519891 0.183834 0.439212 -0.275976 -3.44942
SSB
 942107 382096 383771 253849 158745 289445 377559 576777 552337 725040 1.20306e+06 823242 447029 267152 128070 101521 101819 116610 120847 119860 292893 408186 416516 415347 307685
BT
 1.64098e+06 551429 545721 331450 376079 434614 1.2606e+06 1.17397e+06 1.38316e+06 1.97693e+06 1.8006e+06 1.133e+06 891109 492222 277092 180924 186466 207095 179457 334481 625469 544496 599342 569842 392888
Ftot
 0.28276 0.319288 0.718724 0.274175 0.0597904 0.720275 0.383234 0.602207 0.593647 0.296324 0.507169 0.518181 0.795885 1.29969 1.13034 0.536236 0.474119 0.393047 0.437247 0.340409 0.117209 0.15845 0.247308 0.371852 0.772443
BD_Bspro_t
 0.95737 0.746563 0.651528 0.370812 0.387266 0.5935 0.507934 0.567962 0.515266 0.53299 0.619359 0.449977 0.317328 0.247429 0.152006 0.145791 0.191834 0.278428 0.338591 0.399656 0.635196 0.751481 0.727375 0.662289 0.50465
BD_Bspro
 1.87784 0.761607 0.764944 0.50598 0.316415 0.576931 0.752562 1.14965 1.10094 1.44517 2.39798 1.64091 0.891031 0.532497 0.255273 0.202355 0.202949 0.232432 0.240876 0.238908 0.583804 0.813609 0.830213 0.827882 0.613288
BD_Bo
 1.05847 0.42929 0.431171 0.285202 0.178352 0.325195 0.424192 0.648016 0.620557 0.814591 1.35165 0.924923 0.502242 0.300149 0.143888 0.11406 0.114395 0.131013 0.135773 0.134664 0.329069 0.458602 0.467961 0.466647 0.345688
BD_Brms
 5.17116 2.0973 2.10649 1.39336 0.871338 1.58874 2.07239 3.16588 3.03174 3.97969 6.60352 4.51872 2.45371 1.46638 0.702967 0.557242 0.558877 0.640066 0.663321 0.657901 1.60767 2.2405 2.28623 2.27981 1.68886
S_f
 0.5 1 1 1 1
 0.5 1 1 1 1
 0.5 1 1 1 1
 0.5 1 1 1 1
 0.5 1 1 1 1
 0.5 1 1 1 1
 0.5 1 1 1 1
 0.5 1 1 1 1
 0.5 1 1 1 1
 0.5 1 1 1 1
 0.5 1 1 1 1
 0.5 1 1 1 1
 0.5 1 1 1 1
 0.5 1 1 1 1
 0.5 1 1 1 1
 0.5 1 1 1 1
 0.5 1 1 1 1
 0.5 1 1 1 1
 0.5 1 1 1 1
 0.5 1 1 1 1
 0.5 1 1 1 1
 0.5 1 1 1 1
 0.5 1 1 1 1
 0.5 1 1 1 1
 0.5 1 1 1 1
Scru_reclas
 0.5 1 1 1 1
 0.5 1 1 1 1
 0.5 1 1 1 1
 0.5 1 1 1 1
 0.5 1 1 1 1
 0.5 1 1 1 1
 0.5 1 1 1 1
 0.5 1 1 1 1
 0.5 1 1 1 1
 0.5 1 1 1 1
 0.5 1 1 1 1
 0.5 1 1 1 1
 0.5 1 1 1 1
 0.5 1 1 1 1
 0.5 1 1 1 1
 0.5 1 1 1 1
 0.5 1 1 1 1
 0.5 1 1 1 1
 0.5 1 1 1 1
 0.5 1 1 1 1
 0.5 1 1 1 1
 0.5 1 1 1 1
 0.5 1 1 1 1
 0.5 1 1 1 1
 0.5 1 1 1 1
Scru_pelaces
 0.5 1 1 1 1
 0.5 1 1 1 1
 0.5 1 1 1 1
 0.5 1 1 1 1
 0.5 1 1 1 1
 0.5 1 1 1 1
 0.5 1 1 1 1
 0.5 1 1 1 1
 0.5 1 1 1 1
 0.5 1 1 1 1
 0.5 1 1 1 1
 0.5 1 1 1 1
 0.5 1 1 1 1
 0.5 1 1 1 1
 0.5 1 1 1 1
 0.5 1 1 1 1
 0.5 1 1 1 1
 0.5 1 1 1 1
 0.5 1 1 1 1
 0.5 1 1 1 1
 0.5 1 1 1 1
 0.5 1 1 1 1
 0.5 1 1 1 1
 0.5 1 1 1 1
 0.5 1 1 1 1
pf_obs 
 0.256992 0.487395 0.22802 0.0275931 0
 0.321318 0.546541 0.124235 0.00734118 0.000564706
 0.182869 0.594174 0.210203 0.0122559 0.00049798
 0.330522 0.361315 0.267642 0.0388342 0.00168674
 0.649043 0.306663 0.0425973 0.00169635 0
 0.582887 0.30429 0.105238 0.00758474 0
 0.465427 0.430635 0.0974691 0.00646863 0
 0.296916 0.608066 0.0921331 0.00288517 0
 0.311714 0.524322 0.152257 0.0117073 0
 0.15457 0.633149 0.183074 0.0267441 0.00246327
 0.131901 0.49318 0.331252 0.0422183 0.00144891
 0.196976 0.569456 0.194076 0.0375587 0.00193317
 0.518974 0.381816 0.0799577 0.0180837 0.00116848
 0.0928022 0.601141 0.25162 0.0475244 0.00691264
 0.122501 0.610282 0.24278 0.0234846 0.000952079
 0.383417 0.481906 0.127806 0.00687128 0
 0.0376549 0.599619 0.316969 0.0457579 0
 0.0361596 0.667082 0.258105 0.0386534 0
 0.158088 0.579412 0.248529 0.0139706 0
 0.0477256 0.309471 0.559284 0.082774 0.000745712
 0.0406174 0.521527 0.379366 0.0568643 0.0016247
 0.151134 0.462217 0.34131 0.0453401 0
 0.294876 0.26143 0.354403 0.0886775 0.000613685
 0.281977 0.475581 0.204845 0.0348837 0.00271318
 0 0 0 0 0
pf_pred 
 0.267554 0.368724 0.183103 0.0909262 0.0896927
 0.643784 0.157484 0.100044 0.0496806 0.0490066
 0.0774852 0.736653 0.0821701 0.0522 0.0514918
 0.262918 0.127146 0.48705 0.0543281 0.0685575
 0.762023 0.103668 0.0231683 0.0887494 0.022392
 0.401289 0.519016 0.0347165 0.00775868 0.0372194
 0.709479 0.181479 0.0945277 0.00632287 0.00819179
 0.53457 0.393375 0.0450106 0.0234449 0.00359995
 0.610804 0.285324 0.087791 0.0100452 0.00603572
 0.712534 0.226862 0.04443 0.0136706 0.00250408
 0.232664 0.647417 0.0946371 0.0185343 0.00674739
 0.185956 0.336315 0.40307 0.0589193 0.0157399
 0.58656 0.143603 0.111481 0.133608 0.0247478
 0.429726 0.44657 0.0429669 0.0333557 0.0473812
 0.498864 0.348087 0.119849 0.0115314 0.021668
 0.541339 0.338992 0.0831214 0.0286194 0.00792784
 0.430868 0.417972 0.111721 0.0273942 0.0120448
 0.462074 0.341597 0.144185 0.0385397 0.013605
 0.399902 0.395005 0.130239 0.0549726 0.0198809
 0.789496 0.126783 0.0551079 0.0181699 0.010443
 0.562496 0.390344 0.0284035 0.012346 0.00641021
 0.364547 0.461735 0.154993 0.0112781 0.00744745
 0.447244 0.301518 0.182556 0.0612794 0.00740351
 0.276609 0.459092 0.14417 0.0872887 0.0328406
 0.0264902 0.447823 0.333621 0.104768 0.0872977
pobs_RECLAS
 0 0 0 0 0
 0 0 0 0 0
 0 0 0 0 0
 0 0 0 0 0
 0.835266 0.146461 0.0176864 0.000547809 3.91292e-05
 0.385257 0.428462 0.181853 0.0044286 0
 0.867414 0.0963971 0.0333333 0.00285562 0
 0.441836 0.489002 0.0689373 0.000224442 0
 0.779404 0.147425 0.0564933 0.0165055 0.000172143
 0.814271 0.122319 0.05973 0.00367925 0
 0.40263 0.566651 0.0304383 0.000280538 0
 0.475488 0.404961 0.113038 0.00651328 0
 0.955842 0.0263864 0.0167828 0.000988607 0
 0.975058 0.0227948 0.00214734 0 0
 0.738997 0.206755 0.0527124 0.00153531 0
 0.850938 0.134255 0.0134407 0.00136685 0
 0.542534 0.407297 0.0501686 0 0
 0.764087 0.199537 0.0359546 0.000420521 0
 0.470689 0.182191 0.310203 0.0369168 0
 0.84361 0.089868 0.0606195 0.00523954 0.000663233
 0.607945 0.314616 0.071237 0.00620181 0
 0.523733 0.453247 0.0230204 0 0
 0.530135 0.295979 0.169645 0.0042399 0
 0.562478 0.366248 0.0663022 0.0049721 0
 0.250443 0.683176 0.0655157 0.000865301 0
ppred_RECLAS
 0.269636 0.367676 0.182582 0.0906677 0.0894377
 0.646604 0.156237 0.0992526 0.0492874 0.0486187
 0.0801106 0.734556 0.0819362 0.0520514 0.0513453
 0.264901 0.126804 0.48574 0.0541819 0.0683731
 0.762356 0.103522 0.0231359 0.0886251 0.0223606
 0.410036 0.511433 0.0342093 0.00764532 0.0366756
 0.712667 0.179487 0.0934906 0.0062535 0.00810191
 0.541596 0.387437 0.0443312 0.023091 0.00354561
 0.617373 0.280509 0.0863094 0.00987567 0.00593385
 0.714828 0.225051 0.0440754 0.0135615 0.0024841
 0.236686 0.644024 0.0941411 0.0184371 0.00671202
 0.18947 0.334863 0.40133 0.058665 0.015672
 0.596665 0.140093 0.108756 0.130343 0.024143
 0.451063 0.429861 0.0413593 0.0321077 0.0456084
 0.516374 0.335925 0.115662 0.0111285 0.0209109
 0.547325 0.334568 0.0820365 0.0282459 0.00782437
 0.435895 0.41428 0.110734 0.0271522 0.0119384
 0.46606 0.339066 0.143117 0.0382541 0.0135042
 0.404327 0.392093 0.129279 0.0545674 0.0197344
 0.791706 0.125452 0.0545295 0.0179791 0.0103333
 0.563433 0.389508 0.0283427 0.0123195 0.00639648
 0.365787 0.460834 0.15469 0.0112561 0.00743293
 0.449471 0.300302 0.18182 0.0610324 0.00737367
 0.279606 0.45719 0.143573 0.0869271 0.0327045
 0.0275434 0.447339 0.33326 0.104655 0.0872033
pobs_PELACES
 0 0 0 0 0
 0 0 0 0 0
 0 0 0 0 0
 0 0 0 0 0
 0 0 0 0 0
 0 0 0 0 0
 0 0 0 0 0
 0 0 0 0 0
 0 0 0 0 0
 0 0 0 0 0
 0.450072 0.473896 0.0757376 0.000293798 0
 0 0 0 0 0
 0.463077 0.371075 0.160297 0.00555027 0
 0.529543 0.364841 0.0842815 0.0213345 0
 0.631943 0.363953 0.00410389 0 0
 0.735681 0.248677 0.0153453 0.000297389 0
 0.695825 0.281241 0.0229344 0 0
 0.275771 0.60734 0.115278 0.00161068 0
 0 0 0 0 0
 0.896147 0.0623911 0.0374545 0.00400742 0
 0.803859 0.145111 0.0509908 3.86294e-05 0
 0.739449 0.233085 0.0266225 0.000797448 4.60066e-05
 0.878498 0.100942 0.0204185 0.000141795 0
 0.694673 0.275183 0.0284847 0.00165964 0
 0 0 0 0 0
ppred_PELACES
 0.278922 0.363001 0.180261 0.089515 0.0883006
 0.658547 0.150957 0.0958982 0.0476217 0.0469756
 0.0892964 0.727221 0.081118 0.0515316 0.0508325
 0.273803 0.125268 0.479857 0.0535258 0.067545
 0.764139 0.102746 0.0229623 0.0879603 0.0221929
 0.439062 0.486271 0.0325263 0.00726918 0.0348712
 0.725439 0.171509 0.0893348 0.00597552 0.00774177
 0.566143 0.366689 0.0419573 0.0218545 0.00335574
 0.64023 0.263751 0.0811534 0.00928572 0.00557937
 0.724689 0.217269 0.0425512 0.0130925 0.0023982
 0.252136 0.630988 0.0922356 0.018064 0.00657617
 0.20295 0.329294 0.394656 0.0576893 0.0154113
 0.627828 0.129269 0.100353 0.120272 0.0222776
 0.504518 0.388002 0.0373318 0.0289811 0.0411671
 0.562675 0.303764 0.104589 0.0100631 0.018909
 0.569141 0.318444 0.0780829 0.0268846 0.00744728
 0.455218 0.400089 0.106941 0.0262221 0.0115295
 0.482228 0.328798 0.138783 0.0370957 0.0130953
 0.421816 0.380581 0.125483 0.0529652 0.0191549
 0.800817 0.119965 0.0521443 0.0171927 0.00988136
 0.568184 0.385269 0.0280342 0.0121855 0.00632687
 0.371873 0.456412 0.153206 0.0111481 0.0073616
 0.459588 0.294784 0.178479 0.0599108 0.00723817
 0.29213 0.449242 0.141077 0.0854159 0.032136
 0.0311708 0.44567 0.332017 0.104264 0.086878
pobs_pel_tallas
 0 0 0 0 0 0 0 0 0 0 0 0 0 0 0 0 0 0 0 0 0 0 0 0 0 0 0 0 0 0 0 0 0 0 0 0
 0 0 0 0 0 0 0 0 0 0 0 0 0 0 0 0 0 0 0 0 0 0 0 0 0 0 0 0 0 0 0 0 0 0 0 0
 0 0 0 0 0 0 0 0 0 0 0 0 0 0 0 0 0 0 0 0 0 0 0 0 0 0 0 0 0 0 0 0 0 0 0 0
 0 0 0 0 0 0 0 0 0 0 0 0 0 0 0 0 0 0 0 0 0 0 0 0 0 0 0 0 0 0 0 0 0 0 0 0
 0 0 0 0 0 0 0 0 0 0 0 0 0 0 0 0 0 0 0 0 0 0 0 0 0 0 0 0 0 0 0 0 0 0 0 0
 0 0 0 0 0 0 0 0 0 0 0 0 0 0 0 0 0 0 0 0 0 0 0 0 0 0 0 0 0 0 0 0 0 0 0 0
 0 0 0 0 0 0 0 0 0 0 0 0 0 0 0 0 0 0 0 0 0 0 0 0 0 0 0 0 0 0 0 0 0 0 0 0
 0 0 0 0 0 0 0 0 0 0 0 0 0 0 0 0 0 0 0 0 0 0 0 0 0 0 0 0 0 0 0 0 0 0 0 0
 0 0 0 0 0 0 0 0 0 0 0 0 0 0 0 0 0 0 0 0 0 0 0 0 0 0 0 0 0 0 0 0 0 0 0 0
 0 0 0 0 0 0 0 0 0 0 0 0 0 0 0 0 0 0 0 0 0 0 0 0 0 0 0 0 0 0 0 0 0 0 0 0
 0 0 0 0 0 0 0 0 1.78061e-05 0.00172719 0.00360574 0.0105946 0.0120993 0.0124554 0.0147524 0.0171206 0.0266825 0.0428682 0.0675386 0.121331 0.153587 0.119568 0.100827 0.0573624 0.0630603 0.0341343 0.0324427 0.0444173 0.0211091 0.0280891 0.0125444 0.00206551 0 0 0 0
 0 0 0 0 0 0 0 0 0 0 0 0 0 0 0 0 0 0 0 0 0 0 0 0 0 0 0 0 0 0 0 0 0 0 0 0
 0 0 0 0 0 0 0.0133647 0.0140871 0.0187388 0.0205184 0.03894 0.0496705 0.03968 0.0493445 0.0407372 0.0367815 0.0215668 0.0243155 0.0234873 0.0199281 0.019796 0.0243948 0.0301388 0.0376714 0.0412746 0.0863199 0.0771752 0.113111 0.0741005 0.0525337 0.0229764 0.00759418 0.00175318 0 0 0
 0 0 0 0 0 0 0 0 0 0 0.00219441 0.00772107 0.0458388 0.0604681 0.0671733 0.0775358 0.0609151 0.0617685 0.073594 0.0568108 0.0755445 0.0548602 0.0670107 0.0636378 0.0643287 0.046367 0.0373049 0.0286899 0.0247887 0.0153202 0.00654259 0.00121912 0.000365735 0 0 0
 0 0 0 0 0 0 0 0 0 0 0 0 0.000112435 0.00938835 0.0111873 0.0202946 0.0414886 0.0713402 0.111592 0.104902 0.108894 0.110636 0.117776 0.105296 0.107544 0.0401394 0.0192827 0.0124803 0.00416011 0.0028671 0.000618394 0 0 0 0 0
 0 0 0 0 0 0 0 0 0 0 0.00291406 0.0102884 0.027416 0.0768956 0.0749926 0.110853 0.0956884 0.0897413 0.0766577 0.0534642 0.0500743 0.0551293 0.0594112 0.0620874 0.0668451 0.0424026 0.0208742 0.0120726 0.0048766 0.00582813 0.00118941 0.000297354 0 0 0 0
 0 0.00264628 0.0354308 0.0461629 0.0458689 0.0383711 0.0214643 0.0164657 0.0346957 0.0420465 0.0363128 0.0245516 0.0311673 0.0291091 0.0169068 0.0133784 0.00837989 0.0085269 0.0148486 0.0160247 0.0276389 0.0546898 0.0760071 0.122758 0.109233 0.0665981 0.0333725 0.0166128 0.00676272 0.00308733 0.000882094 0 0 0 0 0
 0 0 0 0 0 0 0 0.000805153 0.000690131 0.00759144 0.0133425 0.0154129 0.00931677 0.000345066 0.00356568 0.00563607 0.00851162 0.0253048 0.0502646 0.0516448 0.0657925 0.0565908 0.0611916 0.0827007 0.0866115 0.110766 0.145733 0.0935128 0.0569358 0.0249597 0.0138026 0.00621118 0.00161031 0.00115022 0 0
 0 0 0 0 0 0 0 0 0 0 0 0 0 0 0 0 0 0 0 0 0 0 0 0 0 0 0 0 0 0 0 0 0 0 0 0
 0.00147267 0.00158595 0.00478618 0.00569244 0.00954404 0.0108468 0.00647125 0.017049 0.0510054 0.094081 0.124002 0.0959785 0.0687766 0.0820023 0.061753 0.0591476 0.0492212 0.0479892 0.0443925 0.0268479 0.0217502 0.0140895 0.0121071 0.0120363 0.00920419 0.00665534 0.0049561 0.00860946 0.00930331 0.0156896 0.0114698 0.00855282 0.00243557 0.00046729 0 2.83206e-05
 0 0 0 0 0.000772559 0.00158375 0.000888443 0.00281984 0.00712685 0.0440552 0.0773331 0.111326 0.0921469 0.0852325 0.0710754 0.0886704 0.0786465 0.0553345 0.0373146 0.0185414 0.00753245 0.00457741 0.012979 0.0271748 0.0457355 0.0583668 0.034881 0.0177882 0.00938659 0.00492506 0.0015258 0.00185414 0.000309023 5.79419e-05 3.86279e-05 0
 0 0.00173294 0.00326652 0 0.00397197 0.00683976 0.00946217 0.0152591 0.00757587 0.0136028 0.0228656 0.0392903 0.0559909 0.0764795 0.0681675 0.0726916 0.0566044 0.0477403 0.0527397 0.0444891 0.0609904 0.0582453 0.0661739 0.0445044 0.0529084 0.0360697 0.0280645 0.0235558 0.0158879 0.00826598 0.00280645 0.00217768 0.000904811 0.00058276 9.20147e-05 0
 0 0 0 0 0 0 0 0 0 0 0 0 0 0 0 0 0 0 0 0 0 0 0 0 0 0 0 0 0 0 0 0 0 0 0 0
 0 0 0 0 0 0 0 0 0 0 0 0 0 0 0 0 0 0 0 0 0 0 0 0 0 0 0 0 0 0 0 0 0 0 0 0
 0 0 0 0 0 0 0 0 0 0 0 0 0 0 0 0 0 0 0 0 0 0 0 0 0 0 0 0 0 0 0 0 0 0 0 0
ppred_pel_tallas
 1.09879e-16 1.21898e-05 7.14927e-05 0.000339737 0.00130783 0.00407817 0.0103015 0.0210807 0.0349533 0.0469709 0.0511914 0.0453396 0.03286 0.0199953 0.0112385 0.00757888 0.00785021 0.0106207 0.0149875 0.0204622 0.0266545 0.0330999 0.0392498 0.0445532 0.0485662 0.0510381 0.0519457 0.0514616 0.0498766 0.0475058 0.0446123 0.0413726 0.0378828 0.0341923 0.0303442 0.0264044
 1.05242e-16 2.87346e-05 0.000168645 0.000801652 0.00308639 0.00962461 0.024311 0.0497436 0.0824558 0.110737 0.120506 0.106301 0.0761065 0.0444433 0.0216222 0.00962209 0.00532069 0.00504341 0.00654756 0.00885804 0.011581 0.0144742 0.0173038 0.0198387 0.0218869 0.0233287 0.0241317 0.0243388 0.0240393 0.0233337 0.0223067 0.0210162 0.0194982 0.0177811 0.0159013 0.0139118
 1.05535e-16 3.93589e-06 2.30016e-05 0.000109131 0.000419814 0.00130884 0.00330683 0.00677186 0.0112465 0.0151685 0.0166771 0.0151165 0.0117069 0.00862016 0.00752505 0.00900779 0.0129573 0.0190945 0.0271327 0.036655 0.0469716 0.0571017 0.0658966 0.0722626 0.0754093 0.0750357 0.0713946 0.0652068 0.057464 0.0491863 0.0412149 0.0340947 0.0280596 0.0230963 0.0190469 0.0157068
 1.11848e-16 1.19579e-05 7.01505e-05 0.0003334 0.0012835 0.00400236 0.0101097 0.0206867 0.0342942 0.0460673 0.0501602 0.044316 0.0318795 0.0189264 0.00980026 0.00540073 0.00452571 0.0057564 0.0082703 0.0117556 0.0161055 0.0212201 0.026931 0.0329913 0.0390916 0.0448852 0.050015 0.0541404 0.056964 0.0582607 0.0579068 0.0559041 0.0523916 0.0476359 0.042002 0.0359044
 1.04419e-16 3.33367e-05 0.000195668 0.000930136 0.0035811 0.0111674 0.0282078 0.0577163 0.0956691 0.128475 0.139789 0.123264 0.0881494 0.0512693 0.0245553 0.0102633 0.00472801 0.00364958 0.00440773 0.00588282 0.00766712 0.00956606 0.0114214 0.0130861 0.0144438 0.0154293 0.0160355 0.0163017 0.0162906 0.0160624 0.0156556 0.015082 0.0143343 0.0134014 0.0122839 0.0110047
 1.025e-16 1.91775e-05 0.000112505 0.000534693 0.00205842 0.00641882 0.0162139 0.0331788 0.055009 0.0739103 0.0805206 0.0712428 0.0514729 0.0309979 0.0168327 0.0104591 0.00995017 0.0129548 0.0179613 0.0241345 0.0308344 0.0373562 0.042919 0.046791 0.0484522 0.0477195 0.0447892 0.0401776 0.0345858 0.0287321 0.0232085 0.0183975 0.0144591 0.0113741 0.00901343 0.00720799
 1.01892e-16 3.16523e-05 0.000185772 0.000883074 0.00339988 0.0106022 0.0267803 0.0547961 0.0908309 0.121984 0.132745 0.117096 0.0838325 0.0489485 0.0238001 0.0105628 0.00579003 0.00542217 0.00697176 0.00934188 0.0120711 0.0148632 0.0174338 0.0195107 0.0208804 0.0214305 0.0211682 0.0202063 0.0187253 0.0169255 0.0149854 0.0130383 0.011168 0.00941889 0.00781176 0.00635743
 1.01623e-16 2.47141e-05 0.000145021 0.000689298 0.00265372 0.0082753 0.020903 0.0427722 0.0709068 0.0952471 0.103704 0.091608 0.0658674 0.0390283 0.0200386 0.0106947 0.00840151 0.0100522 0.0136979 0.0183742 0.0234968 0.0285112 0.0328226 0.035874 0.0372646 0.036844 0.0347456 0.0313435 0.0271532 0.0227081 0.018453 0.0146826 0.0115309 0.00900118 0.00701658 0.00546835
 1.01818e-16 2.79405e-05 0.000163972 0.000779416 0.00300074 0.00935746 0.0236363 0.048364 0.0801724 0.10768 0.117206 0.103452 0.0742029 0.0436051 0.0217231 0.0105259 0.00701931 0.00765259 0.0102297 0.0137331 0.0176503 0.021565 0.0250462 0.0276843 0.029172 0.0293711 0.0283386 0.0263008 0.0235872 0.0205493 0.0174891 0.0146185 0.0120515 0.00982282 0.00791828 0.00630286
 1.01237e-16 3.16214e-05 0.000185586 0.000882182 0.00339643 0.0105914 0.0267532 0.0547409 0.0907407 0.121867 0.132627 0.117014 0.0838232 0.049042 0.0240289 0.0109722 0.00644177 0.00638643 0.00831046 0.0110865 0.0142001 0.0172846 0.0199808 0.021955 0.0229629 0.0229044 0.0218446 0.0199889 0.0176274 0.0150633 0.0125529 0.0102695 0.0082981 0.00665193 0.00530012 0.00419427
 1.02443e-16 1.10327e-05 6.46746e-05 0.000307269 0.00118272 0.00368797 0.00931617 0.0190667 0.0316225 0.0425204 0.0464086 0.0412639 0.0302541 0.0191011 0.0119695 0.00987027 0.0118548 0.0166848 0.0235035 0.0316918 0.0405652 0.0492438 0.0567155 0.0620185 0.0644561 0.0637609 0.0601535 0.0542709 0.0469964 0.0392493 0.0318019 0.0251725 0.0196062 0.0151242 0.011607 0.00887629
 1.08412e-16 8.87647e-06 5.20415e-05 0.000247267 0.0009518 0.00296791 0.00749702 0.0153424 0.0254417 0.0341974 0.0372925 0.0330827 0.0240931 0.0148949 0.0087979 0.00657476 0.00743797 0.0104076 0.0148773 0.0205166 0.0270279 0.0340123 0.0409621 0.0473285 0.0526167 0.0564668 0.0586978 0.0593009 0.0583971 0.0561792 0.0528641 0.0486682 0.0438063 0.0385002 0.0329855 0.0275046
 1.06641e-16 2.73942e-05 0.000160777 0.000764254 0.00294241 0.00917561 0.0231768 0.0474228 0.0786086 0.105569 0.11488 0.101333 0.0725377 0.0423357 0.0205542 0.00907753 0.00492919 0.00461028 0.0059937 0.00816912 0.0107886 0.0136543 0.0165765 0.01936 0.0218308 0.0238622 0.0253859 0.0263847 0.0268727 0.0268724 0.0264007 0.0254678 0.0240879 0.0222933 0.0201476 0.0177465
 1.03576e-16 2.20277e-05 0.000129248 0.000614307 0.00236499 0.00737487 0.0186286 0.0381189 0.0631944 0.0848931 0.0924457 0.0816987 0.0588207 0.0350102 0.0182653 0.010216 0.00857863 0.0106066 0.0145689 0.0195867 0.0250914 0.0305141 0.0352361 0.0386762 0.0404157 0.0402965 0.0384545 0.0352728 0.0312761 0.0270012 0.0228869 0.0192125 0.0160911 0.0135062 0.0113673 0.00956319
 1.02813e-16 2.45604e-05 0.000144124 0.000685048 0.00263738 0.00822435 0.0207742 0.0425083 0.0704676 0.0946525 0.103044 0.0909954 0.0653625 0.0386006 0.0195843 0.0100796 0.007491 0.00872583 0.0118626 0.0159856 0.0205868 0.0252096 0.0293635 0.0325777 0.0344951 0.0349489 0.0339936 0.0318748 0.0289555 0.025624 0.0222145 0.0189611 0.0159915 0.0133478 0.0110215 0.00898431
 1.02484e-16 2.48429e-05 0.000145781 0.000692924 0.0026677 0.0083189 0.0210131 0.0429971 0.0712782 0.095742 0.104232 0.0920491 0.0661294 0.0390733 0.01986 0.0102782 0.00770384 0.00900741 0.01224 0.0164648 0.0211523 0.0258219 0.0299595 0.033076 0.034808 0.0349976 0.0337237 0.0312677 0.028033 0.0244443 0.0208615 0.0175301 0.0145741 0.0120203 0.00983762 0.00797368
 1.03089e-16 1.98787e-05 0.000116629 0.000554315 0.00213399 0.00665453 0.0168091 0.0343961 0.0570245 0.0766098 0.0834391 0.0737716 0.0531843 0.0317981 0.0168525 0.00984612 0.00874824 0.0111057 0.0153689 0.020736 0.0266577 0.0325576 0.037794 0.0417514 0.0439702 0.044248 0.042679 0.0396125 0.0355517 0.0310288 0.0264965 0.0222663 0.0184987 0.0152333 0.0124369 0.0100482
 1.03964e-16 2.10536e-05 0.000123534 0.000587153 0.00226045 0.00704891 0.0178052 0.0364337 0.0603998 0.0811361 0.0883474 0.07806 0.0561646 0.0333574 0.0172743 0.00946487 0.00774273 0.00948876 0.0130702 0.0176885 0.0228598 0.0281114 0.0329189 0.0367707 0.0392697 0.0402156 0.0396388 0.0377703 0.0349669 0.0316153 0.0280523 0.0245187 0.0211545 0.0180212 0.0151368 0.0125045
 1.04621e-16 1.84214e-05 0.000108076 0.000513654 0.00197744 0.00616634 0.015576 0.0318729 0.0528417 0.0709918 0.077324 0.0683737 0.0493118 0.0295214 0.0157176 0.00929822 0.00839245 0.0107392 0.014914 0.0201827 0.026041 0.0319533 0.037317 0.0415476 0.0441988 0.0450582 0.0441842 0.0418682 0.0385436 0.0346714 0.0306441 0.0267324 0.0230796 0.0197317 0.0166812 0.0139061
 1.01832e-16 3.49369e-05 0.000205061 0.000974785 0.00375301 0.0117034 0.0295619 0.060487 0.100262 0.134643 0.146504 0.12919 0.0923999 0.0537662 0.025797 0.0108595 0.00511425 0.00405341 0.00492342 0.00653554 0.00843826 0.0103958 0.0122067 0.0136835 0.0146808 0.0151237 0.0150196 0.0144471 0.0135294 0.0123999 0.0111738 0.00993267 0.00872329 0.00756654 0.00647032 0.00543996
 1.01238e-16 2.48038e-05 0.000145546 0.000691791 0.00266332 0.00830521 0.0209786 0.042927 0.0711637 0.0955937 0.104085 0.0919529 0.0661337 0.0392227 0.0202051 0.0108895 0.008676 0.0104478 0.0142444 0.0190853 0.0243633 0.029494 0.0338513 0.0368517 0.0380806 0.0373916 0.0349409 0.0311409 0.0265531 0.0217556 0.0172286 0.0132871 0.0100693 0.00756902 0.00568953 0.00429769
 1.03051e-16 1.62469e-05 9.53021e-05 0.00045291 0.00174354 0.00543689 0.0137336 0.0281037 0.0465965 0.0626126 0.0682265 0.0603985 0.0437107 0.0264701 0.0146428 0.00951551 0.00949175 0.0126146 0.0176289 0.0238353 0.0306742 0.0375033 0.0435894 0.0482231 0.0508679 0.0512779 0.0495442 0.0460504 0.0413608 0.0360805 0.0307329 0.0256888 0.0211537 0.0171973 0.0138049 0.0109248
 1.05027e-16 2.00652e-05 0.000117733 0.000559584 0.00215432 0.00671793 0.0169692 0.0347228 0.0575631 0.0773245 0.0841943 0.0743841 0.0535059 0.0317511 0.0163943 0.0089101 0.00721549 0.00882026 0.0121822 0.0165635 0.0215355 0.0266847 0.0315464 0.0356554 0.0386345 0.0402666 0.040527 0.0395615 0.0376268 0.0350142 0.0319865 0.0287436 0.0254202 0.0221045 0.0188631 0.0157593
 1.06586e-16 1.27693e-05 7.48864e-05 0.000355854 0.00136985 0.00427157 0.0107901 0.0220811 0.0366138 0.0492075 0.053643 0.0475443 0.0345299 0.0211541 0.0121428 0.00855386 0.00918256 0.0125326 0.0176369 0.0239294 0.0309112 0.0379778 0.0444279 0.049577 0.0529017 0.0541507 0.0533876 0.050946 0.0473209 0.0430359 0.0385316 0.0341052 0.0299078 0.0259823 0.0223171 0.0188928
 1.12501e-16 1.39043e-06 8.08215e-06 3.82574e-05 0.000147023 0.000458223 0.00115791 0.00237302 0.00394804 0.00534608 0.00593363 0.00551013 0.00454803 0.00387598 0.00417441 0.00577084 0.0087629 0.013181 0.0190133 0.0261304 0.0342108 0.0427281 0.0510126 0.0583673 0.0642039 0.0681495 0.0700947 0.0701651 0.0686395 0.0658488 0.0620935 0.0576063 0.0525581 0.0470895 0.0413478 0.0355057
pSPR Fmed_Fpbrs
0.495431   0.254687 0.254687
Fs Fmed_Fpbrs
0.408248   1.005 1.005
SSBpbr Bo_Bmed_Bpbrs
890066  396463  182185 182185
Ro
24343
SPR SPRFo_SPRFmed_SPRFpbrs
501698 248556 127776
log_Ro
9.92
likeval ReclasPelacesDesembMPH_pf_preclas_ppelaces_ptallas_desvR_qrecl_qpela
 104.296 114.113 0.348312 0.000564127 332.918 212.522 77.8792 0 43.7026 0 0 0 0 0 0
q_reclas_q_pelaces
1 1
M
0.7
N
 19778.1 14472.4 7186.79 3568.85 3520.44
 65162 8526.63 5416.69 2689.85 2653.36
 5027.08 27583.9 3076.85 1954.62 1928.11
 6799.13 1742.77 6675.93 744.668 939.709
 42714.2 2943.82 657.904 2520.19 635.858
 27570.4 20586.5 1377.01 307.744 1476.29
 68913.5 9550.62 4974.68 332.752 431.107
 67951.7 28254 3232.87 1683.92 258.565
 94755.3 24970.5 7683.14 879.118 528.223
 206284 34969.4 6848.62 2107.24 385.99
 57193.7 88331.1 12911.9 2528.74 920.587
 21910.6 22040 26414.7 3861.21 1031.5
 58621.6 8397.05 6518.73 7812.63 1447.11
 29652 19553.6 1881.36 1460.52 2074.65
 17817.6 7688.16 2647.1 254.692 478.579
 14386.7 5027.97 1232.86 424.486 117.586
 10213 5464.04 1460.5 358.117 157.459
 9970.28 4001.24 1688.89 451.428 159.36
 7520.59 4067.73 1341.19 566.103 204.732
 34790.1 3001.22 1304.52 430.12 247.207
 40941.2 14572.4 1060.36 460.901 239.307
 29255.8 19173.5 6436.07 468.323 309.256
 37767.8 13421.4 8126.11 2727.73 329.552
 18472.2 16573.5 5204.62 3151.17 1185.56
 773.235 7616.7 5674.32 1781.92 1484.78
pred_Ctot
 1890.62 2605.52 1293.86 642.513 633.796
 6978.6 1707.12 1084.48 538.536 531.23
 1114.12 10592 1181.48 750.556 740.374
 631.374 305.33 1169.61 130.464 164.635
 906.309 123.297 27.5552 105.554 26.6319
 6121.47 7917.34 529.584 118.355 567.764
 8738.12 2235.14 1164.23 77.8741 100.892
 12927.5 9513.02 1088.5 566.971 87.058
 17802.4 8316.01 2558.74 292.776 175.916
 20604.7 6560.29 1284.81 395.321 72.412
 9348.35 26013 3802.48 744.7 271.107
 3650.58 6602.33 7912.83 1156.67 308.996
 14160 3466.67 2691.22 3225.4 597.429
 10573.9 10988.3 1057.25 820.753 1165.87
 5713.33 3986.52 1372.6 132.065 248.156
 2471.12 1547.44 379.434 130.643 36.1892
 1571.47 1524.44 407.472 99.9127 43.9302
 1293.88 956.522 403.739 107.917 38.096
 1075.56 1062.39 350.286 147.853 53.4711
 3954.41 635.026 276.023 91.0086 52.3064
 1681.61 1166.95 84.9137 36.9089 19.1636
 1609.9 2039.1 684.473 49.8059 32.8892
 3181.88 2145.12 1298.78 435.967 52.6716
 2278.21 3781.18 1187.42 718.929 270.482
 182.147 3079.24 2293.99 720.388 600.261
F
 0.14138 0.28276 0.28276 0.28276 0.28276
 0.159644 0.319288 0.319288 0.319288 0.319288
 0.359362 0.718724 0.718724 0.718724 0.718724
 0.137088 0.274175 0.274175 0.274175 0.274175
 0.0298952 0.0597904 0.0597904 0.0597904 0.0597904
 0.360137 0.720275 0.720275 0.720275 0.720275
 0.191617 0.383234 0.383234 0.383234 0.383234
 0.301104 0.602207 0.602207 0.602207 0.602207
 0.296823 0.593647 0.593647 0.593647 0.593647
 0.148162 0.296324 0.296324 0.296324 0.296324
 0.253585 0.507169 0.507169 0.507169 0.507169
 0.25909 0.518181 0.518181 0.518181 0.518181
 0.397943 0.795885 0.795885 0.795885 0.795885
 0.649847 1.29969 1.29969 1.29969 1.29969
 0.565172 1.13034 1.13034 1.13034 1.13034
 0.268118 0.536236 0.536236 0.536236 0.536236
 0.23706 0.474119 0.474119 0.474119 0.474119
 0.196524 0.393047 0.393047 0.393047 0.393047
 0.218624 0.437247 0.437247 0.437247 0.437247
 0.170205 0.340409 0.340409 0.340409 0.340409
 0.0586043 0.117209 0.117209 0.117209 0.117209
 0.0792248 0.15845 0.15845 0.15845 0.15845
 0.123654 0.247308 0.247308 0.247308 0.247308
 0.185926 0.371852 0.371852 0.371852 0.371852
 0.386222 0.772443 0.772443 0.772443 0.772443
nmprior
 10 11 7 0
nm_flota  nm_reclas  nm_pelaces    nm_pelaL
inf 12.2312 9.12548 14.2006
cv_recla  cv_pelaces  cv_mph
0.923758 1.25699 0.770596
 ------------------------------------------------
Talla a la edad & desviación 
 7.2 14.2025 17.0495 18.207 18.6776
 1.08 2.13037 2.55742 2.73105 2.80164
