years
 1997 1998 1999 2000 2001 2002 2003 2004 2005 2006 2007 2008 2009 2010 2011 2012 2013 2014 2015 2016 2017 2018 2019 2020 2021
reclasobs
 0 0 0 370054 412103 1.49427e+06 250295 1.28982e+06 931140 785840 897777 1.04006e+06 184774 17550 25797 100020 73551 82996 120727 218422 84188 347160 605670 569463 516374
reclaspred
 372119 98477.3 283672 214253 336954 400030 890057 608645 706619 674855 539091 362122 222441 102364 71459.1 73020.3 91137.1 122587 126618 187456 277612 252089 421560 509425 510988
pelacesobs
 0 0 0 0 0 0 0 0 0 2.06254e+06 1.5e+06 0 1.87456e+06 323000 250000 174000 83755 137374 0 501740 490994 745055 786931 1.00524e+06 0
pelacespred
 933938 219291 394493 449887 609461 604377 1.55295e+06 1.29787e+06 1.34754e+06 1.29452e+06 933603 648510 397193 151669 104219 114247 149056 203217 216540 310851 511464 455064 601527 854016 894416
mphobs
 0 0 0 0 0 112323 0 153150 637223 0 255016 313432 73983 77613 109348 50772 0 0 0 0 0 0 0 0 0
mphpred
 139723 80387.1 94499.5 109969 125502 207255 309581 369303 324926 343743 339032 240915 148082 78013.6 37190.6 32004.3 39017 53527.7 65268.7 73817.4 115110 138243 170805 231748 316056
desembarqueobs
 350755 77701 442110 56441 14545 235359 269955 359681 431902 328805 639364 411747 362871 311530 167758 66681 60226 58785 57116 71774 51957 67425 138520 160799 200461
desembarquepred
 350757 77697.8 442067 56441.4 14545.1 235390 269979 359662 431904 328802 639477 411933 363118 311882 167765 66688.2 60242.6 58784.3 57110.6 71770 51956.4 67417.7 138515 160799 200461
Reclutas
 43973.4 57440.9 32804 57965.4 100836 69114.5 115408 113702 145466 152007 68033.4 39352.4 42998.7 23287.6 17821.1 21636.4 17425.3 19054.4 21026.2 41425.5 51516.7 63558.5 95085.8 111057 29850.6
log_desv_Rt
 -0.128659 0.138511 -0.421695 0.147601 0.701251 0.32352 0.83623 0.821339 1.0677 1.11168 0.307754 -0.239687 -0.151076 -0.764324 -1.03186 -0.837867 -1.05432 -0.964945 -0.866477 -0.188347 0.0296608 0.239716 0.642534 0.7978 -0.51604
SSB
 632518 363907 427793 497824 568139 938231 1.40145e+06 1.67181e+06 1.47092e+06 1.5561e+06 1.53477e+06 1.09061e+06 670356 353162 168359 144881 176627 242316 295467 334166 521096 625818 773221 1.04911e+06 1.43077e+06
BT
 1.95334e+06 525205 949022 865483 1.10263e+06 1.26731e+06 2.96531e+06 2.7313e+06 2.80803e+06 2.6342e+06 2.24781e+06 1.54006e+06 1.06883e+06 572177 329286 259701 316243 410979 437126 615282 958064 878251 1.17284e+06 1.66266e+06 1.76907e+06
Ftot
 0.477433 0.43009 0.667155 0.132166 0.0237711 0.22406 0.142279 0.275161 0.300098 0.226666 0.443995 0.409106 0.654779 1.1567 1.10682 0.440264 0.315156 0.216355 0.187232 0.193245 0.0887077 0.112793 0.137431 0.140799 0.131562
BD_Bspro_t
 0.940706 0.724264 0.670646 0.528625 0.6821 0.821734 0.787442 0.796488 0.748445 0.721688 0.696552 0.548058 0.433588 0.322471 0.204965 0.217353 0.32625 0.485045 0.59074 0.67221 0.77823 0.845231 0.848796 0.846713 0.837613
BD_Bspro
 0.613675 0.353066 0.415049 0.482993 0.551214 0.910281 1.3597 1.622 1.4271 1.50974 1.48905 1.05812 0.650386 0.342642 0.163344 0.140565 0.171365 0.235097 0.286665 0.324211 0.505573 0.607174 0.750187 1.01785 1.38814
BD_Bo
 0.522137 0.300402 0.353139 0.410949 0.468993 0.774501 1.15689 1.38006 1.21423 1.28454 1.26694 0.900285 0.553373 0.291532 0.138979 0.119598 0.145804 0.20003 0.243905 0.275851 0.43016 0.516606 0.638287 0.866027 1.18108
BD_Brms
 1.81384 1.04356 1.22676 1.42758 1.62922 2.69051 4.01887 4.79415 4.21806 4.46234 4.40118 3.12747 1.92234 1.01274 0.482795 0.415468 0.506504 0.694876 0.847293 0.95827 1.49432 1.79462 2.21732 3.00846 4.10292
S_f
 0.182418 1 1 1 1
 0.182418 1 1 1 1
 0.182418 1 1 1 1
 0.182418 1 1 1 1
 0.182418 1 1 1 1
 0.182418 1 1 1 1
 0.182418 1 1 1 1
 0.182418 1 1 1 1
 0.182418 1 1 1 1
 0.182418 1 1 1 1
 0.182418 1 1 1 1
 0.182418 1 1 1 1
 0.182418 1 1 1 1
 0.182418 1 1 1 1
 0.182418 1 1 1 1
 0.182418 1 1 1 1
 0.182418 1 1 1 1
 0.182418 1 1 1 1
 0.182418 1 1 1 1
 0.182418 1 1 1 1
 0.182418 1 1 1 1
 0.182418 1 1 1 1
 0.182418 1 1 1 1
 0.182418 1 1 1 1
 0.182418 1 1 1 1
Scru_reclas
 1 1 1 1 1
 1 1 1 1 1
 1 1 1 1 1
 1 1 1 1 1
 1 1 1 1 1
 1 1 1 1 1
 1 1 1 1 1
 1 1 1 1 1
 1 1 1 1 1
 1 1 1 1 1
 1 1 1 1 1
 1 1 1 1 1
 1 1 1 1 1
 1 1 1 1 1
 1 1 1 1 1
 1 1 1 1 1
 1 1 1 1 1
 1 1 1 1 1
 1 1 1 1 1
 1 1 1 1 1
 1 1 1 1 1
 1 1 1 1 1
 1 1 1 1 1
 1 1 1 1 1
 1 1 1 1 1
Scru_pelaces
 1 1 1 1 1
 1 1 1 1 1
 1 1 1 1 1
 1 1 1 1 1
 1 1 1 1 1
 1 1 1 1 1
 1 1 1 1 1
 1 1 1 1 1
 1 1 1 1 1
 1 1 1 1 1
 1 1 1 1 1
 1 1 1 1 1
 1 1 1 1 1
 1 1 1 1 1
 1 1 1 1 1
 1 1 1 1 1
 1 1 1 1 1
 1 1 1 1 1
 1 1 1 1 1
 1 1 1 1 1
 1 1 1 1 1
 1 1 1 1 1
 1 1 1 1 1
 1 1 1 1 1
 1 1 1 1 1
pf_obs 
 0.256992 0.487395 0.22802 0.0275931 0
 0.321318 0.546541 0.124235 0.00734118 0.000564706
 0.182869 0.594174 0.210203 0.0122559 0.00049798
 0.330522 0.361315 0.267642 0.0388342 0.00168674
 0.649043 0.306663 0.0425973 0.00169635 0
 0.582887 0.30429 0.105238 0.00758474 0
 0.465427 0.430635 0.0974691 0.00646863 0
 0.296916 0.608066 0.0921331 0.00288517 0
 0.311714 0.524322 0.152257 0.0117073 0
 0.15457 0.633149 0.183074 0.0267441 0.00246327
 0.131901 0.49318 0.331252 0.0422183 0.00144891
 0.196976 0.569456 0.194076 0.0375587 0.00193317
 0.518974 0.381816 0.0799577 0.0180837 0.00116848
 0.0928022 0.601141 0.25162 0.0475244 0.00691264
 0.122501 0.610282 0.24278 0.0234846 0.000952079
 0.383417 0.481906 0.127806 0.00687128 0
 0.0376549 0.599619 0.316969 0.0457579 0
 0.0361596 0.667082 0.258105 0.0386534 0
 0.158088 0.579412 0.248529 0.0139706 0
 0.0477256 0.309471 0.559284 0.082774 0.000745712
 0.0406174 0.521527 0.379366 0.0568643 0.0016247
 0.151134 0.462217 0.34131 0.0453401 0
 0.294876 0.26143 0.354403 0.0886775 0.000613685
 0.281977 0.475581 0.204845 0.0348837 0.00271318
 0 0 0 0 0
pf_pred 
 0.313449 0.481796 0.182838 0.0219065 1.08968e-05
 0.315305 0.519284 0.11608 0.0440513 0.00528058
 0.176639 0.622233 0.152539 0.0340982 0.0144911
 0.322205 0.419287 0.195361 0.0478922 0.0152555
 0.32665 0.494731 0.110494 0.0514833 0.0166412
 0.166302 0.607665 0.166073 0.0370911 0.0228683
 0.269279 0.400607 0.240613 0.0657589 0.0237417
 0.218447 0.534015 0.135709 0.0815098 0.0303192
 0.258546 0.471071 0.184745 0.0469494 0.0386879
 0.231913 0.528035 0.152513 0.059813 0.0277259
 0.114518 0.573599 0.214409 0.0619282 0.0355453
 0.11019 0.41519 0.30745 0.114924 0.052246
 0.195755 0.36319 0.205799 0.152395 0.0828616
 0.173073 0.534591 0.132017 0.074806 0.0855138
 0.249294 0.504215 0.159351 0.0393515 0.0477881
 0.32543 0.51239 0.10893 0.0344258 0.0188254
 0.214958 0.600637 0.14007 0.0297776 0.0145571
 0.225775 0.491641 0.216205 0.0504195 0.0159587
 0.223469 0.495955 0.178169 0.0783517 0.0240551
 0.336493 0.419623 0.155764 0.0559572 0.0321628
 0.268791 0.550249 0.114445 0.042482 0.0240332
 0.245166 0.51126 0.183294 0.0381229 0.022157
 0.277582 0.471179 0.170168 0.0610076 0.0200635
 0.242411 0.524075 0.152304 0.055005 0.0262055
 0.0647212 0.609611 0.225286 0.0654716 0.0349103
pobs_RECLAS
 0 0 0 0 0
 0 0 0 0 0
 0 0 0 0 0
 0 0 0 0 0
 0.835266 0.146461 0.0176864 0.000547809 3.91292e-05
 0.385257 0.428462 0.181853 0.0044286 0
 0.867414 0.0963971 0.0333333 0.00285562 0
 0.441836 0.489002 0.0689373 0.000224442 0
 0.779404 0.147425 0.0564933 0.0165055 0.000172143
 0.814271 0.122319 0.05973 0.00367925 0
 0.40263 0.566651 0.0304383 0.000280538 0
 0.475488 0.404961 0.113038 0.00651328 0
 0.955842 0.0263864 0.0167828 0.000988607 0
 0.975058 0.0227948 0.00214734 0 0
 0.738997 0.206755 0.0527124 0.00153531 0
 0.850938 0.134255 0.0134407 0.00136685 0
 0.542534 0.407297 0.0501686 0 0
 0.764087 0.199537 0.0359546 0.000420521 0
 0.470689 0.182191 0.310203 0.0369168 0
 0.84361 0.089868 0.0606195 0.00523954 0.000663233
 0.607945 0.314616 0.071237 0.00620181 0
 0.523733 0.453247 0.0230204 0 0
 0.530135 0.295979 0.169645 0.0042399 0
 0.562478 0.366248 0.0663022 0.0049721 0
 0.250443 0.683176 0.0655157 0.000865301 0
ppred_RECLAS
 0.720882 0.195874 0.0743327 0.00890608 4.43011e-06
 0.72183 0.210969 0.0471596 0.0178967 0.00214533
 0.55253 0.338164 0.0828998 0.0185313 0.00787547
 0.724069 0.170692 0.0795318 0.019497 0.00621053
 0.726955 0.200615 0.0448057 0.0208766 0.00674807
 0.525466 0.345878 0.0945276 0.021112 0.0130165
 0.670555 0.180614 0.10848 0.0296474 0.0107039
 0.608899 0.267229 0.067911 0.0407887 0.0151722
 0.660523 0.215681 0.0845862 0.0214959 0.0177133
 0.626363 0.256863 0.0741904 0.0290961 0.0134873
 0.421826 0.374531 0.139998 0.0404359 0.0232092
 0.410601 0.275017 0.203651 0.0761241 0.0346071
 0.583201 0.188223 0.106655 0.0789784 0.0429429
 0.560411 0.284185 0.0701791 0.0397664 0.0454585
 0.667725 0.223174 0.0705312 0.0174176 0.0211518
 0.731232 0.20415 0.0434006 0.0137162 0.00750058
 0.604666 0.302471 0.0705369 0.0149955 0.0073307
 0.618031 0.242555 0.106666 0.0248748 0.00787333
 0.614466 0.246233 0.0884577 0.0389003 0.011943
 0.737516 0.166003 0.0616204 0.0221367 0.0127236
 0.669338 0.248829 0.0517534 0.0192109 0.0108681
 0.641694 0.242685 0.0870064 0.0180962 0.0105175
 0.67966 0.208934 0.075457 0.0270525 0.00889673
 0.638621 0.24999 0.0726508 0.026238 0.0125003
 0.276398 0.471641 0.174298 0.0506537 0.0270092
pobs_PELACES
 0 0 0 0 0
 0 0 0 0 0
 0 0 0 0 0
 0 0 0 0 0
 0 0 0 0 0
 0 0 0 0 0
 0 0 0 0 0
 0 0 0 0 0
 0 0 0 0 0
 0 0 0 0 0
 0.450072 0.473896 0.0757376 0.000293798 0
 0 0 0 0 0
 0.463077 0.371075 0.160297 0.00555027 0
 0.529543 0.364841 0.0842815 0.0213345 0
 0.631943 0.363953 0.00410389 0 0
 0.735681 0.248677 0.0153453 0.000297389 0
 0.695825 0.281241 0.0229344 0 0
 0.275771 0.60734 0.115278 0.00161068 0
 0 0 0 0 0
 0.896147 0.0623911 0.0374545 0.00400742 0
 0.803859 0.145111 0.0509908 3.86294e-05 0
 0.739449 0.233085 0.0266225 0.000797448 4.60066e-05
 0.878498 0.100942 0.0204185 0.000141795 0
 0.694673 0.275183 0.0284847 0.00165964 0
 0 0 0 0 0
ppred_PELACES
 0.74605 0.178213 0.0676302 0.00810303 4.03066e-06
 0.74452 0.19376 0.0433128 0.0164368 0.00197034
 0.596499 0.304935 0.074754 0.0167104 0.00710162
 0.731136 0.16632 0.0774948 0.0189976 0.00605147
 0.728226 0.199681 0.0445971 0.0207794 0.00671666
 0.540512 0.334911 0.0915305 0.0204426 0.0126038
 0.678979 0.175995 0.105706 0.0288893 0.0104302
 0.626429 0.255252 0.0648672 0.0389605 0.0144921
 0.678436 0.2043 0.0801229 0.0203617 0.0167787
 0.640561 0.247103 0.0713712 0.0279905 0.0129748
 0.451283 0.355449 0.132865 0.0383758 0.0220268
 0.437552 0.262441 0.194339 0.0726432 0.0330247
 0.625413 0.16916 0.0958531 0.0709798 0.0385938
 0.635274 0.235787 0.0582274 0.032994 0.0377168
 0.730377 0.181093 0.0572322 0.0141334 0.0171635
 0.753927 0.186912 0.0397358 0.012558 0.00686723
 0.6248 0.287066 0.0669444 0.0142318 0.00695734
 0.631713 0.233867 0.102846 0.0239838 0.00759131
 0.626362 0.238636 0.0857283 0.0377 0.0115745
 0.747484 0.159699 0.0592805 0.0212961 0.0122405
 0.674614 0.24486 0.0509277 0.0189044 0.0106947
 0.648661 0.237967 0.0853147 0.0177444 0.010313
 0.687678 0.203704 0.0735682 0.0263753 0.00867403
 0.647341 0.243957 0.0708978 0.0256049 0.0121987
 0.283553 0.466977 0.172575 0.0501529 0.0267421
pobs_pel_tallas
 0 0 0 0 0 0 0 0 0 0 0 0 0 0 0 0 0 0 0 0 0 0 0 0 0 0 0 0 0 0 0 0 0 0 0 0
 0 0 0 0 0 0 0 0 0 0 0 0 0 0 0 0 0 0 0 0 0 0 0 0 0 0 0 0 0 0 0 0 0 0 0 0
 0 0 0 0 0 0 0 0 0 0 0 0 0 0 0 0 0 0 0 0 0 0 0 0 0 0 0 0 0 0 0 0 0 0 0 0
 0 0 0 0 0 0 0 0 0 0 0 0 0 0 0 0 0 0 0 0 0 0 0 0 0 0 0 0 0 0 0 0 0 0 0 0
 0 0 0 0 0 0 0 0 0 0 0 0 0 0 0 0 0 0 0 0 0 0 0 0 0 0 0 0 0 0 0 0 0 0 0 0
 0 0 0 0 0 0 0 0 0 0 0 0 0 0 0 0 0 0 0 0 0 0 0 0 0 0 0 0 0 0 0 0 0 0 0 0
 0 0 0 0 0 0 0 0 0 0 0 0 0 0 0 0 0 0 0 0 0 0 0 0 0 0 0 0 0 0 0 0 0 0 0 0
 0 0 0 0 0 0 0 0 0 0 0 0 0 0 0 0 0 0 0 0 0 0 0 0 0 0 0 0 0 0 0 0 0 0 0 0
 0 0 0 0 0 0 0 0 0 0 0 0 0 0 0 0 0 0 0 0 0 0 0 0 0 0 0 0 0 0 0 0 0 0 0 0
 0 0 0 0 0 0 0 0 0 0 0 0 0 0 0 0 0 0 0 0 0 0 0 0 0 0 0 0 0 0 0 0 0 0 0 0
 0 0 0 0 0 0 0 0 1.78061e-05 0.00172719 0.00360574 0.0105946 0.0120993 0.0124554 0.0147524 0.0171206 0.0266825 0.0428682 0.0675386 0.121331 0.153587 0.119568 0.100827 0.0573624 0.0630603 0.0341343 0.0324427 0.0444173 0.0211091 0.0280891 0.0125444 0.00206551 0 0 0 0
 0 0 0 0 0 0 0 0 0 0 0 0 0 0 0 0 0 0 0 0 0 0 0 0 0 0 0 0 0 0 0 0 0 0 0 0
 0 0 0 0 0 0 0.0133647 0.0140871 0.0187388 0.0205184 0.03894 0.0496705 0.03968 0.0493445 0.0407372 0.0367815 0.0215668 0.0243155 0.0234873 0.0199281 0.019796 0.0243948 0.0301388 0.0376714 0.0412746 0.0863199 0.0771752 0.113111 0.0741005 0.0525337 0.0229764 0.00759418 0.00175318 0 0 0
 0 0 0 0 0 0 0 0 0 0 0.00219441 0.00772107 0.0458388 0.0604681 0.0671733 0.0775358 0.0609151 0.0617685 0.073594 0.0568108 0.0755445 0.0548602 0.0670107 0.0636378 0.0643287 0.046367 0.0373049 0.0286899 0.0247887 0.0153202 0.00654259 0.00121912 0.000365735 0 0 0
 0 0 0 0 0 0 0 0 0 0 0 0 0.000112435 0.00938835 0.0111873 0.0202946 0.0414886 0.0713402 0.111592 0.104902 0.108894 0.110636 0.117776 0.105296 0.107544 0.0401394 0.0192827 0.0124803 0.00416011 0.0028671 0.000618394 0 0 0 0 0
 0 0 0 0 0 0 0 0 0 0 0.00291406 0.0102884 0.027416 0.0768956 0.0749926 0.110853 0.0956884 0.0897413 0.0766577 0.0534642 0.0500743 0.0551293 0.0594112 0.0620874 0.0668451 0.0424026 0.0208742 0.0120726 0.0048766 0.00582813 0.00118941 0.000297354 0 0 0 0
 0 0.00264628 0.0354308 0.0461629 0.0458689 0.0383711 0.0214643 0.0164657 0.0346957 0.0420465 0.0363128 0.0245516 0.0311673 0.0291091 0.0169068 0.0133784 0.00837989 0.0085269 0.0148486 0.0160247 0.0276389 0.0546898 0.0760071 0.122758 0.109233 0.0665981 0.0333725 0.0166128 0.00676272 0.00308733 0.000882094 0 0 0 0 0
 0 0 0 0 0 0 0 0.000805153 0.000690131 0.00759144 0.0133425 0.0154129 0.00931677 0.000345066 0.00356568 0.00563607 0.00851162 0.0253048 0.0502646 0.0516448 0.0657925 0.0565908 0.0611916 0.0827007 0.0866115 0.110766 0.145733 0.0935128 0.0569358 0.0249597 0.0138026 0.00621118 0.00161031 0.00115022 0 0
 0 0 0 0 0 0 0 0 0 0 0 0 0 0 0 0 0 0 0 0 0 0 0 0 0 0 0 0 0 0 0 0 0 0 0 0
 0.00147267 0.00158595 0.00478618 0.00569244 0.00954404 0.0108468 0.00647125 0.017049 0.0510054 0.094081 0.124002 0.0959785 0.0687766 0.0820023 0.061753 0.0591476 0.0492212 0.0479892 0.0443925 0.0268479 0.0217502 0.0140895 0.0121071 0.0120363 0.00920419 0.00665534 0.0049561 0.00860946 0.00930331 0.0156896 0.0114698 0.00855282 0.00243557 0.00046729 0 2.83206e-05
 0 0 0 0 0.000772559 0.00158375 0.000888443 0.00281984 0.00712685 0.0440552 0.0773331 0.111326 0.0921469 0.0852325 0.0710754 0.0886704 0.0786465 0.0553345 0.0373146 0.0185414 0.00753245 0.00457741 0.012979 0.0271748 0.0457355 0.0583668 0.034881 0.0177882 0.00938659 0.00492506 0.0015258 0.00185414 0.000309023 5.79419e-05 3.86279e-05 0
 0 0.00173294 0.00326652 0 0.00397197 0.00683976 0.00946217 0.0152591 0.00757587 0.0136028 0.0228656 0.0392903 0.0559909 0.0764795 0.0681675 0.0726916 0.0566044 0.0477403 0.0527397 0.0444891 0.0609904 0.0582453 0.0661739 0.0445044 0.0529084 0.0360697 0.0280645 0.0235558 0.0158879 0.00826598 0.00280645 0.00217768 0.000904811 0.00058276 9.20147e-05 0
 0 0 0 0 0 0 0 0 0 0 0 0 0 0 0 0 0 0 0 0 0 0 0 0 0 0 0 0 0 0 0 0 0 0 0 0
 0 0 0 0 0 0 0 0 0 0 0 0 0 0 0 0 0 0 0 0 0 0 0 0 0 0 0 0 0 0 0 0 0 0 0 0
 0 0 0 0 0 0 0 0 0 0 0 0 0 0 0 0 0 0 0 0 0 0 0 0 0 0 0 0 0 0 0 0 0 0 0 0
ppred_pel_tallas
 1.01297e-16 3.25513e-05 0.000191049 0.000908161 0.00349647 0.0109034 0.0275411 0.0563529 0.0934114 0.12545 0.136516 0.120421 0.0862114 0.0503333 0.024465 0.0108416 0.00591554 0.00550722 0.00705226 0.00941489 0.0121122 0.0148318 0.0172763 0.0191657 0.0202871 0.0205393 0.0199507 0.0186634 0.0168899 0.0148602 0.012775 0.0107784 0.0089534 0.00733297 0.00591891 0.00469916
 1.01335e-16 3.24851e-05 0.00019066 0.000906305 0.00348932 0.0108811 0.0274848 0.0562378 0.0932211 0.125195 0.136242 0.120188 0.0860606 0.0502785 0.0244998 0.0109601 0.00612298 0.00581865 0.00748381 0.00997392 0.0127887 0.0155929 0.0180652 0.0199075 0.0208996 0.0209483 0.0201055 0.0185471 0.0165236 0.0142983 0.0120938 0.0100614 0.0082769 0.00675486 0.00547319 0.00439575
 1.02067e-16 2.60353e-05 0.000152783 0.000726212 0.00279588 0.00871861 0.0220227 0.0450627 0.0747016 0.100338 0.109228 0.096444 0.0692494 0.0408415 0.0206197 0.0104444 0.00755155 0.00865034 0.0116951 0.015713 0.0201721 0.0246049 0.0285163 0.031437 0.0330188 0.0331126 0.0317971 0.0293469 0.0261549 0.0226353 0.0191396 0.0159091 0.0130663 0.0106381 0.00859305 0.00687666
 1.0209e-16 3.19005e-05 0.00018723 0.000890004 0.00342656 0.0106854 0.0269905 0.0552261 0.0915435 0.122941 0.133784 0.118008 0.0844767 0.0493063 0.0239399 0.0105664 0.00570862 0.00527234 0.00674961 0.00903701 0.0116753 0.0143754 0.0168629 0.0188764 0.020212 0.0207641 0.0205421 0.0196567 0.018282 0.0166091 0.0148056 0.0129933 0.0112457 0.00959883 0.00806794 0.00666126
 1.01727e-16 3.17749e-05 0.000186489 0.000886478 0.00341297 0.010643 0.0268835 0.0550075 0.0911819 0.122458 0.133266 0.117568 0.0841983 0.0492179 0.0240341 0.010839 0.00617871 0.00597906 0.00773459 0.0103235 0.0132493 0.0161724 0.0187642 0.0207186 0.0218092 0.0219389 0.0211587 0.0196458 0.0176528 0.0154444 0.0132434 0.0111995 0.00938624 0.0078162 0.00646679 0.00530348
 1.027e-16 2.35952e-05 0.000138455 0.000658089 0.00253357 0.00790062 0.0199566 0.0408355 0.0676959 0.0909333 0.0990051 0.0874525 0.0628696 0.0372326 0.0190824 0.0101335 0.00790992 0.00945178 0.0129116 0.0173892 0.022355 0.0273103 0.0317153 0.0350545 0.0369422 0.0372082 0.0359296 0.0333965 0.0300278 0.0262666 0.0224899 0.0189571 0.0158021 0.0130582 0.0106987 0.00867412
 1.03038e-16 2.96266e-05 0.000173879 0.000826532 0.00318217 0.0099233 0.0250655 0.0512875 0.0850156 0.114176 0.124253 0.109616 0.078502 0.045886 0.0224052 0.0101063 0.00577538 0.00562434 0.00733388 0.00988078 0.0128292 0.0158896 0.0187766 0.021212 0.0229711 0.0239257 0.0240631 0.0234723 0.0223087 0.0207478 0.0189473 0.0170265 0.0150647 0.0131124 0.0112068 0.00938279
 1.0302e-16 2.73383e-05 0.000160437 0.000762613 0.00293605 0.00915574 0.0231268 0.0473214 0.0784439 0.105358 0.114678 0.10122 0.0725992 0.0426574 0.0212414 0.0102773 0.00683514 0.00744195 0.00995162 0.0133737 0.0172141 0.0210759 0.0245487 0.0272431 0.0288671 0.0292893 0.0285625 0.0268966 0.0245955 0.0219776 0.0193099 0.0167711 0.0144485 0.0123594 0.010483 0.00878932
 1.02688e-16 2.96041e-05 0.000173744 0.000825885 0.00317967 0.00991549 0.0250458 0.0512474 0.0849499 0.11409 0.124165 0.109553 0.0784874 0.0459389 0.0225448 0.0103595 0.00617969 0.00622301 0.00816533 0.0109647 0.0141524 0.0173952 0.0203612 0.0227336 0.0242684 0.0248449 0.0244858 0.0233381 0.0216254 0.0195881 0.017433 0.0153052 0.0132854 0.0114047 0.00966768 0.00807142
 1.02662e-16 2.79542e-05 0.000164054 0.00077981 0.00300226 0.00936222 0.0236483 0.0483884 0.0802123 0.107732 0.117259 0.10349 0.0742098 0.0435688 0.0216304 0.0103577 0.0067486 0.00724717 0.00965811 0.0129735 0.0166996 0.0204474 0.0238174 0.0264298 0.0279989 0.0283938 0.027663 0.0260079 0.023723 0.0211193 0.0184604 0.0159261 0.0136087 0.011532 0.00968147 0.00803096
 1.0435e-16 1.97053e-05 0.000115616 0.000549504 0.00211549 0.00659682 0.0166633 0.0340975 0.0565283 0.0759399 0.0827008 0.0730984 0.0526545 0.0313928 0.0164775 0.00938044 0.00807695 0.0101313 0.0140172 0.0189691 0.0244923 0.0300817 0.0351727 0.039216 0.0417895 0.0426871 0.0419539 0.0398529 0.0367808 0.0331634 0.0293664 0.025646 0.0221438 0.0189122 0.015955 0.0132612
 1.06884e-16 1.91029e-05 0.000112087 0.000532748 0.002051 0.00639576 0.0161554 0.0330574 0.0548019 0.0736143 0.0801514 0.0708051 0.050916 0.0301837 0.0155302 0.00835632 0.00667804 0.00812857 0.0112514 0.0153658 0.0200949 0.0250835 0.029927 0.0342126 0.0375925 0.0398469 0.0409122 0.0408646 0.0398721 0.0381346 0.0358351 0.0331173 0.0300879 0.0268349 0.0234479 0.0200295
 1.05659e-16 2.72905e-05 0.000160165 0.000761336 0.00293116 0.00914051 0.0230882 0.0472418 0.0783097 0.105171 0.114456 0.10098 0.0723309 0.0423074 0.0207122 0.00943744 0.00553119 0.0055143 0.00726083 0.00983823 0.0128534 0.0160457 0.0191552 0.0219248 0.0241422 0.0256784 0.0265025 0.0266689 0.0262834 0.0254626 0.0243037 0.0228708 0.021202 0.0193247 0.017275 0.0151073
 1.038e-16 2.77232e-05 0.000162699 0.000773369 0.00297747 0.00928491 0.023453 0.0479888 0.0795495 0.106841 0.116287 0.102627 0.0735797 0.0431762 0.0213936 0.0101748 0.00653912 0.00695815 0.00925622 0.0124401 0.0160321 0.0196641 0.0229604 0.0255649 0.0272105 0.0277758 0.0273065 0.0259896 0.0240948 0.0219019 0.0196412 0.0174609 0.0154272 0.0135457 0.0117925 0.0101418
 1.0216e-16 3.18679e-05 0.000187037 0.000889087 0.00342303 0.0106744 0.0269627 0.0551693 0.0914497 0.122816 0.133651 0.117898 0.0844134 0.0493006 0.0239946 0.0106871 0.00590812 0.00556852 0.00715897 0.00956652 0.0123149 0.0150927 0.0176028 0.0195657 0.0207709 0.0211202 0.0206457 0.0194912 0.0178683 0.016001 0.0140793 0.0122333 0.0105301 0.00898818 0.00759893 0.00634605
 1.01378e-16 3.2895e-05 0.000193067 0.000917751 0.00353339 0.0110185 0.027832 0.056948 0.094398 0.126775 0.137959 0.121697 0.0871291 0.0508784 0.0247466 0.010993 0.00603221 0.00563823 0.00721466 0.00960573 0.0123128 0.0150087 0.0173834 0.0191496 0.0200964 0.0201354 0.0193182 0.0178163 0.0158725 0.013741 0.0116362 0.00970241 0.00801035 0.00657124 0.00536089 0.00434201
 1.01858e-16 2.72686e-05 0.000160025 0.000760648 0.00292847 0.00913209 0.0230671 0.0471995 0.0782428 0.105091 0.114395 0.100987 0.0724695 0.0426568 0.0213808 0.0105749 0.00732844 0.00818289 0.0109929 0.0147505 0.018926 0.0230715 0.0267197 0.0294289 0.0308727 0.030913 0.0296271 0.0272774 0.0242376 0.0209009 0.0176008 0.0145651 0.0119085 0.00965435 0.00776981 0.00619982
 1.02715e-16 2.7568e-05 0.000161788 0.000769035 0.00296078 0.00923287 0.0233216 0.0477198 0.0791038 0.106243 0.115636 0.102054 0.0731727 0.0429449 0.0212935 0.0101533 0.00656347 0.00701961 0.00936298 0.0126102 0.0162893 0.0200335 0.0234636 0.0262137 0.0279995 0.0286767 0.0282649 0.0269268 0.0249154 0.0225061 0.01994 0.0173913 0.014963 0.0127025 0.0106256 0.00873715
 1.03131e-16 2.73348e-05 0.000160418 0.000762524 0.00293571 0.00915469 0.0231241 0.0473158 0.0784342 0.105344 0.114659 0.101195 0.0725641 0.042602 0.02115 0.0101284 0.00660374 0.00710206 0.00948189 0.0127646 0.016476 0.0202442 0.0236856 0.0264318 0.0282002 0.0288525 0.028418 0.0270711 0.0250741 0.0227082 0.0202133 0.0177564 0.015428 0.0132609 0.0112574 0.00941191
 1.02198e-16 3.2613e-05 0.000191413 0.000909896 0.00350315 0.0109243 0.0275938 0.0564605 0.0935893 0.125687 0.13677 0.120635 0.0863417 0.050364 0.0243953 0.0106674 0.00561881 0.0050579 0.00641747 0.00857058 0.0110547 0.0135871 0.0159049 0.0177608 0.0189652 0.0194247 0.019158 0.0182803 0.0169659 0.0154012 0.0137458 0.0121103 0.0105549 0.0091015 0.00775188 0.00650316
 1.01953e-16 2.9439e-05 0.000172771 0.000821252 0.00316182 0.00985981 0.0249052 0.0509601 0.0844747 0.113455 0.123483 0.108972 0.0781176 0.0458151 0.0226555 0.0106966 0.00676546 0.00710676 0.00940124 0.0125858 0.0161468 0.0196891 0.0228131 0.0251444 0.0264071 0.0264856 0.0254471 0.023515 0.0210058 0.0182501 0.0155255 0.0130187 0.0108195 0.00894092 0.00735067 0.00600037
 1.02381e-16 2.83071e-05 0.000166127 0.000789663 0.0030402 0.00948054 0.0239472 0.0489999 0.0812256 0.109092 0.118736 0.104787 0.075126 0.0440785 0.0218312 0.0103674 0.00664268 0.00705357 0.00937815 0.0126019 0.0162365 0.0199043 0.023218 0.0258081 0.0273928 0.0278382 0.0271813 0.0256079 0.0233951 0.02084 0.0181989 0.0156521 0.0132992 0.0111759 0.00928078 0.00759847
 1.02423e-16 3.0007e-05 0.00017611 0.000837132 0.00322298 0.0100505 0.0253869 0.0519454 0.0861068 0.115643 0.125855 0.111041 0.0795481 0.0465487 0.0228234 0.0104521 0.00618532 0.00618665 0.00809839 0.0108638 0.0140086 0.0171982 0.0201005 0.0224001 0.0238553 0.024349 0.0239084 0.0226857 0.0209097 0.0188254 0.0166432 0.0145103 0.0125073 0.0106639 0.0089811 0.00745179
 1.02536e-16 2.82498e-05 0.00016579 0.00078806 0.00303403 0.00946128 0.0238986 0.0489004 0.0810608 0.108871 0.118497 0.104579 0.0749834 0.0440078 0.02182 0.0104012 0.00671461 0.00716433 0.00953115 0.0127981 0.0164706 0.0201626 0.0234788 0.026044 0.0275756 0.0279449 0.0272 0.0255411 0.0232601 0.020666 0.0180209 0.0155042 0.0132083 0.0111575 0.00933764 0.00772208
 1.05575e-16 1.23961e-05 7.26939e-05 0.000345426 0.00132969 0.00414634 0.0104738 0.021434 0.0355418 0.0477698 0.0520835 0.0461805 0.0335796 0.0206519 0.0119972 0.0086571 0.00947733 0.0130163 0.0183373 0.0248785 0.0321265 0.039449 0.0461098 0.051388 0.0547297 0.0558655 0.054857 0.0520524 0.0479761 0.0431907 0.0381794 0.0332809 0.0286817 0.0244506 0.020591 0.0170862
pSPR Fmed_Fpbrs
0.675372   0.337864 0.337864
Fs Fmed_Fpbrs
0.25198   1.005 1.005
SSBpbr Bo_Bmed_Bpbrs
1.2114e+06  757576  348718 348718
Ro
50011.1
SPR SPRFo_SPRFmed_SPRFpbrs
1.0307e+06 696109 348238
log_Ro
10.64
likeval ReclasPelacesDesembMPH_pf_preclas_ppelaces_ptallas_desvR_qrecl_qpela
 66.0944 30.1217 0.0106348 0.00018058 286.373 196.645 70.5778 0 15.7088 6.63172e-05 0 0 0 0 0
q_reclas_q_pelaces
0.315381 1
M
0.7
N
 43973.4 14523.3 5511.47 660.35 0.328475
 57440.9 20015.2 4474.17 1697.91 203.534
 32804 26371.9 6465 1445.18 614.174
 57965.4 14423.4 6720.38 1647.48 524.786
 100836 28099.1 6275.69 2924.08 945.167
 69114.5 49857 13625.8 3043.21 1876.27
 115408 32946.7 19788.5 5408.14 1952.56
 113702 55841.7 14191.1 8523.44 3170.46
 145466 53698.7 21059.7 5351.9 4410.14
 152007 68388.2 19752.7 7746.66 3590.9
 68033.4 72427.1 27072.9 7819.54 4488.22
 39352.4 31156 23071.2 8623.92 3920.56
 42998.7 18136.6 10276.9 7610.12 4137.84
 23287.6 18948.5 4679.31 2651.49 3031.03
 17821.1 9364.42 2959.51 730.846 887.533
 21636.4 7231.75 1537.41 485.877 265.698
 17425.3 9915.17 2312.24 491.561 240.304
 19054.4 8169.7 3592.72 837.83 265.188
 21026.2 9095.98 3267.67 1437 441.179
 41425.5 10090.7 3745.67 1345.61 773.421
 51516.7 19858.8 4130.38 1533.2 867.372
 63558.5 25171.8 9024.46 1876.97 1090.89
 95085.8 30919.5 11166.6 4003.41 1316.6
 111057 46049.2 13382.6 4833.16 2302.61
 29850.6 53750.9 19864 5772.79 3078.13
pred_Ctot
 2650.99 4074.78 1546.35 185.274 0.0921598
 3131.26 5156.95 1152.78 437.468 52.4408
 2722.33 9589.72 2350.89 525.514 223.334
 994.405 1294.02 602.934 147.808 47.0823
 313.854 475.352 106.166 49.4666 15.9894
 1995.3 7290.82 1992.56 445.022 274.376
 2129.62 3168.24 1902.91 520.06 187.763
 4014.74 9814.43 2494.14 1498.03 557.223
 5590.63 10186.1 3994.81 1015.2 836.56
 4438.5 10105.9 2918.9 1144.74 530.636
 3824.36 19155.5 7160.24 2068.11 1187.04
 2043.95 7701.47 5702.98 2131.75 969.126
 3505.58 6504.03 3685.45 2729.1 1483.89
 3224.84 9960.96 2459.85 1393.85 1593.37
 2370.58 4794.67 1515.29 374.2 454.425
 1206.39 1899.46 403.808 127.618 69.7869
 702.457 1962.81 457.732 97.3097 47.5708
 531.503 1157.39 508.974 118.694 37.5688
 508.743 1129.07 405.613 178.373 54.7631
 1034.01 1289.45 478.646 171.95 98.8329
 595.253 1218.56 253.445 94.0789 53.223
 931.982 1943.52 696.782 144.922 84.2284
 1695.47 2877.97 1039.39 372.636 122.548
 2028.25 4384.92 1274.33 460.226 219.261
 509.776 4801.6 1774.46 515.687 274.971
F
 0.0870923 0.477433 0.477433 0.477433 0.477433
 0.0784561 0.43009 0.43009 0.43009 0.43009
 0.121701 0.667155 0.667155 0.667155 0.667155
 0.0241094 0.132166 0.132166 0.132166 0.132166
 0.00433628 0.0237711 0.0237711 0.0237711 0.0237711
 0.0408725 0.22406 0.22406 0.22406 0.22406
 0.0259543 0.142279 0.142279 0.142279 0.142279
 0.0501942 0.275161 0.275161 0.275161 0.275161
 0.0547431 0.300098 0.300098 0.300098 0.300098
 0.0413479 0.226666 0.226666 0.226666 0.226666
 0.0809926 0.443995 0.443995 0.443995 0.443995
 0.0746281 0.409106 0.409106 0.409106 0.409106
 0.119443 0.654779 0.654779 0.654779 0.654779
 0.211003 1.1567 1.1567 1.1567 1.1567
 0.201904 1.10682 1.10682 1.10682 1.10682
 0.080312 0.440264 0.440264 0.440264 0.440264
 0.0574901 0.315156 0.315156 0.315156 0.315156
 0.0394669 0.216355 0.216355 0.216355 0.216355
 0.0341545 0.187232 0.187232 0.187232 0.187232
 0.0352513 0.193245 0.193245 0.193245 0.193245
 0.0161819 0.0887077 0.0887077 0.0887077 0.0887077
 0.0205755 0.112793 0.112793 0.112793 0.112793
 0.0250698 0.137431 0.137431 0.137431 0.137431
 0.0256842 0.140799 0.140799 0.140799 0.140799
 0.0239992 0.131562 0.131562 0.131562 0.131562
nmprior
 10 11 7 0
nm_flota  nm_reclas  nm_pelaces    nm_pelaL
inf 15.0262 19.8915 36.1743
cv_recla  cv_pelaces  cv_mph
0.735373 0.64581 0.435987
 ------------------------------------------------
Talla a la edad & desviación 
 7.2 14.2025 17.0495 18.207 18.6776
 1.08 2.13037 2.55742 2.73105 2.80164
