years
 1997 1998 1999 2000 2001 2002 2003 2004 2005 2006 2007 2008 2009 2010 2011 2012 2013 2014 2015 2016 2017 2018 2019 2020 2021
reclasobs
 0 0 0 370054 412103 1.49427e+06 250295 1.28982e+06 931140 785840 897777 1.04006e+06 184774 17550 25797 100020 73551 82996 120727 218422 84188 347160 605670 569463 516374
reclaspred
 1.31485e+06 241496 513058 162081 218678 316990 547572 506690 908385 1.18733e+06 1.11132e+06 662817 394067 190114 135070 129428 135369 181659 175664 218440 413467 406852 521755 483891 339239
pelacesobs
 0 0 0 0 0 0 0 0 0 2.06254e+06 1.5e+06 0 1.87456e+06 323000 250000 174000 83755 137374 0 501740 490994 745055 786931 1.00524e+06 0
pelacespred
 694291 239705 142790 113312 127265 130045 251242 291779 514043 695940 567254 344920 206773 78739.1 57275.9 62252.8 68771.7 91272.8 93232.9 111327 234457 244379 241177 249677 173977
mphobs
 0 0 0 0 0 112323 0 153150 637223 0 255016 313432 73983 77613 109348 50772 0 0 0 0 0 0 0 0 0
mphpred
 1.02207e+06 435411 361889 216135 130189 287410 355848 418662 632124 976913 1.15517e+06 743011 401463 253482 116393 114503 109368 142624 162900 160474 272719 412332 393561 447871 399204
desembarqueobs
 350755 77701 442110 56441 14545 235359 269955 359681 431902 328805 639364 411747 362871 311530 167758 66681 60226 58785 57116 71774 51957 67425 138520 160799 200461
desembarquepred
 350724 77696.7 441536 56230.4 14456.2 235324 269536 360157 432379 328852 638207 412643 363970 311279 167359 66604.9 60213.9 58797.8 57030.6 71659.9 52017.6 67423.9 138371 160072 200342
Reclutas
 25965.5 54095.8 3843.39 4606.51 45790.7 33666.8 36358.5 94061.3 143856 153923 53180.3 25214.2 64076.5 26185.4 22894.7 12936.9 13225.9 12671.1 10563.7 25004.1 47248.3 21575.4 50353.7 25694.5 1811.02
log_desv_Rt
 0.00452509 0.738513 -1.90589 -1.72477 0.571836 0.264269 0.341185 1.2917 1.71657 1.78421 0.721443 -0.024839 0.907832 0.0129568 -0.12134 -0.692162 -0.670066 -0.712918 -0.894823 -0.0332064 0.603172 -0.180693 0.666827 -0.00596883 -2.65835
SSB
 1.02207e+06 435411 361889 216135 130189 287410 355848 418662 632124 976913 1.15517e+06 743011 401463 253482 116393 114503 109368 142624 162900 160474 272719 412332 393561 447871 399204
BT
 1.89833e+06 596144 508118 278501 358108 446150 856724 1.16248e+06 1.83081e+06 1.98138e+06 1.72598e+06 1.06483e+06 867602 464522 291178 189936 213350 254433 240053 327484 647653 529422 611452 633941 496021
Ftot
 0.257139 0.309634 0.787214 0.332305 0.0645997 0.69052 0.468218 0.670642 0.45509 0.267422 0.540775 0.583371 0.851493 1.40294 1.11693 0.487888 0.424699 0.311262 0.311857 0.315784 0.122531 0.160807 0.255872 0.317485 0.553769
BD_Bspro_t
 0.961471 0.766476 0.636161 0.336279 0.346766 0.601918 0.489338 0.49555 0.553265 0.599301 0.604742 0.425082 0.297427 0.240169 0.140613 0.159635 0.200487 0.31762 0.40507 0.46551 0.62116 0.759033 0.720982 0.681827 0.566799
BD_Bspro
 1.91858 0.817334 0.679322 0.405719 0.244385 0.539513 0.667982 0.785893 1.18659 1.83382 2.16843 1.39475 0.753609 0.475826 0.218488 0.214939 0.2053 0.267727 0.305788 0.301234 0.511936 0.774011 0.738775 0.840722 0.749368
BD_Bo
 1.14723 0.48873 0.406205 0.242602 0.146132 0.322605 0.399424 0.46993 0.709532 1.09654 1.29663 0.833998 0.450626 0.284523 0.130646 0.128524 0.122761 0.160089 0.182848 0.180125 0.306116 0.462825 0.441756 0.502716 0.44809
BD_Brms
 5.60479 2.3877 1.98452 1.18524 0.713927 1.57609 1.95139 2.29585 3.46642 5.35717 6.33469 4.0745 2.20153 1.39004 0.638273 0.627906 0.599749 0.782117 0.893307 0.880002 1.49553 2.26114 2.1582 2.45602 2.18914
S_f
 0.5 1 1 1 1
 0.5 1 1 1 1
 0.5 1 1 1 1
 0.5 1 1 1 1
 0.5 1 1 1 1
 0.5 1 1 1 1
 0.5 1 1 1 1
 0.5 1 1 1 1
 0.5 1 1 1 1
 0.5 1 1 1 1
 0.5 1 1 1 1
 0.5 1 1 1 1
 0.5 1 1 1 1
 0.5 1 1 1 1
 0.5 1 1 1 1
 0.5 1 1 1 1
 0.5 1 1 1 1
 0.5 1 1 1 1
 0.5 1 1 1 1
 0.5 1 1 1 1
 0.5 1 1 1 1
 0.5 1 1 1 1
 0.5 1 1 1 1
 0.5 1 1 1 1
 0.5 1 1 1 1
Scru_reclas
 0.5 1 1 1 1
 0.5 1 1 1 1
 0.5 1 1 1 1
 0.5 1 1 1 1
 0.5 1 1 1 1
 0.5 1 1 1 1
 0.5 1 1 1 1
 0.5 1 1 1 1
 0.5 1 1 1 1
 0.5 1 1 1 1
 0.5 1 1 1 1
 0.5 1 1 1 1
 0.5 1 1 1 1
 0.5 1 1 1 1
 0.5 1 1 1 1
 0.5 1 1 1 1
 0.5 1 1 1 1
 0.5 1 1 1 1
 0.5 1 1 1 1
 0.5 1 1 1 1
 0.5 1 1 1 1
 0.5 1 1 1 1
 0.5 1 1 1 1
 0.5 1 1 1 1
 0.5 1 1 1 1
Scru_pelaces
 0.5 1 1 1 1
 0.5 1 1 1 1
 0.5 1 1 1 1
 0.5 1 1 1 1
 0.5 1 1 1 1
 0.5 1 1 1 1
 0.5 1 1 1 1
 0.5 1 1 1 1
 0.5 1 1 1 1
 0.5 1 1 1 1
 0.5 1 1 1 1
 0.5 1 1 1 1
 0.5 1 1 1 1
 0.5 1 1 1 1
 0.5 1 1 1 1
 0.5 1 1 1 1
 0.5 1 1 1 1
 0.5 1 1 1 1
 0.5 1 1 1 1
 0.5 1 1 1 1
 0.5 1 1 1 1
 0.5 1 1 1 1
 0.5 1 1 1 1
 0.5 1 1 1 1
 0.5 1 1 1 1
pf_obs 
 0.256992 0.487395 0.22802 0.0275931 0
 0.321318 0.546541 0.124235 0.00734118 0.000564706
 0.182869 0.594174 0.210203 0.0122559 0.00049798
 0.330522 0.361315 0.267642 0.0388342 0.00168674
 0.649043 0.306663 0.0425973 0.00169635 0
 0.582887 0.30429 0.105238 0.00758474 0
 0.465427 0.430635 0.0974691 0.00646863 0
 0.296916 0.608066 0.0921331 0.00288517 0
 0.311714 0.524322 0.152257 0.0117073 0
 0.15457 0.633149 0.183074 0.0267441 0.00246327
 0.131901 0.49318 0.331252 0.0422183 0.00144891
 0.196976 0.569456 0.194076 0.0375587 0.00193317
 0.518974 0.381816 0.0799577 0.0180837 0.00116848
 0.0928022 0.601141 0.25162 0.0475244 0.00691264
 0.122501 0.610282 0.24278 0.0234846 0.000952079
 0.383417 0.481906 0.127806 0.00687128 0
 0.0376549 0.599619 0.316969 0.0457579 0
 0.0361596 0.667082 0.258105 0.0386534 0
 0.158088 0.579412 0.248529 0.0139706 0
 0.0477256 0.309471 0.559284 0.082774 0.000745712
 0.0406174 0.521527 0.379366 0.0568643 0.0016247
 0.151134 0.462217 0.34131 0.0453401 0
 0.294876 0.26143 0.354403 0.0886775 0.000613685
 0.281977 0.475581 0.204845 0.0348837 0.00271318
 0 0 0 0 0
pf_pred 
 0.31 0.347356 0.172492 0.085657 0.0844949
 0.556027 0.218297 0.113609 0.0564164 0.0556511
 0.06671 0.683657 0.122742 0.0638788 0.0630123
 0.227548 0.118588 0.47897 0.0859929 0.0888999
 0.825036 0.0688312 0.0162938 0.0658093 0.0240298
 0.442992 0.504478 0.0206654 0.00489193 0.0269727
 0.528226 0.312179 0.144544 0.00592109 0.0091299
 0.730569 0.193931 0.0499596 0.0231321 0.00240869
 0.672799 0.2843 0.0308792 0.00795497 0.00406682
 0.541411 0.378109 0.0699272 0.00759512 0.00295691
 0.241895 0.544529 0.176095 0.0325668 0.00491434
 0.231718 0.328909 0.315591 0.102059 0.0217228
 0.628265 0.155241 0.0926833 0.0889305 0.0348804
 0.397813 0.490243 0.0467492 0.0279106 0.0372843
 0.596289 0.272131 0.107119 0.0102148 0.0142453
 0.470257 0.427552 0.068885 0.0271153 0.00619163
 0.490967 0.342073 0.134752 0.0217106 0.0104974
 0.466344 0.366021 0.112652 0.0443766 0.0106068
 0.407542 0.388993 0.139551 0.0429503 0.0209633
 0.641471 0.215416 0.0939644 0.0337097 0.0154388
 0.645775 0.282223 0.0432614 0.0188706 0.00987037
 0.285774 0.564638 0.119182 0.0182691 0.0121372
 0.550746 0.204776 0.193274 0.0407956 0.010408
 0.311689 0.499133 0.0862296 0.0813865 0.0215615
 0.0443426 0.47604 0.347797 0.060085 0.0717345
pobs_RECLAS
 0 0 0 0 0
 0 0 0 0 0
 0 0 0 0 0
 0 0 0 0 0
 0.835266 0.146461 0.0176864 0.000547809 3.91292e-05
 0.385257 0.428462 0.181853 0.0044286 0
 0.867414 0.0963971 0.0333333 0.00285562 0
 0.441836 0.489002 0.0689373 0.000224442 0
 0.779404 0.147425 0.0564933 0.0165055 0.000172143
 0.814271 0.122319 0.05973 0.00367925 0
 0.40263 0.566651 0.0304383 0.000280538 0
 0.475488 0.404961 0.113038 0.00651328 0
 0.955842 0.0263864 0.0167828 0.000988607 0
 0.975058 0.0227948 0.00214734 0 0
 0.738997 0.206755 0.0527124 0.00153531 0
 0.850938 0.134255 0.0134407 0.00136685 0
 0.542534 0.407297 0.0501686 0 0
 0.764087 0.199537 0.0359546 0.000420521 0
 0.470689 0.182191 0.310203 0.0369168 0
 0.84361 0.089868 0.0606195 0.00523954 0.000663233
 0.607945 0.314616 0.071237 0.00620181 0
 0.523733 0.453247 0.0230204 0 0
 0.530135 0.295979 0.169645 0.0042399 0
 0.562478 0.366248 0.0663022 0.0049721 0
 0.250443 0.683176 0.0655157 0.000865301 0
ppred_RECLAS
 0.312023 0.346338 0.171986 0.0854058 0.0842472
 0.558952 0.216859 0.11286 0.0560448 0.0552845
 0.0693196 0.681746 0.122399 0.0637002 0.0628361
 0.229832 0.118238 0.477554 0.0857386 0.0886371
 0.825324 0.0687179 0.0162669 0.065701 0.0239903
 0.451443 0.496824 0.0203519 0.0048177 0.0265634
 0.533241 0.30886 0.143008 0.00585816 0.00903286
 0.736979 0.189316 0.0487709 0.0225818 0.00235138
 0.677054 0.280603 0.0304776 0.00785153 0.00401393
 0.543869 0.376083 0.0695525 0.00755443 0.00294107
 0.246399 0.541294 0.175048 0.0323733 0.00488514
 0.236571 0.326832 0.313598 0.101414 0.0215856
 0.638966 0.150772 0.0900151 0.0863704 0.0338763
 0.421356 0.471076 0.0449215 0.0268194 0.0358267
 0.61274 0.261042 0.102755 0.00979861 0.0136648
 0.475557 0.423274 0.0681958 0.026844 0.00612968
 0.495395 0.339097 0.13358 0.0215217 0.0104061
 0.469315 0.363983 0.112025 0.0441296 0.0105477
 0.410433 0.387095 0.13887 0.0427407 0.020861
 0.644261 0.21374 0.0932333 0.0334475 0.0153187
 0.64669 0.281494 0.0431496 0.0188219 0.00984488
 0.286885 0.563759 0.118996 0.0182407 0.0121183
 0.553067 0.203718 0.192276 0.0405849 0.0103543
 0.314319 0.497226 0.0859001 0.0810756 0.0214791
 0.0454232 0.475502 0.347404 0.0600171 0.0716534
pobs_PELACES
 0 0 0 0 0
 0 0 0 0 0
 0 0 0 0 0
 0 0 0 0 0
 0 0 0 0 0
 0 0 0 0 0
 0 0 0 0 0
 0 0 0 0 0
 0 0 0 0 0
 0 0 0 0 0
 0.450072 0.473896 0.0757376 0.000293798 0
 0 0 0 0 0
 0.463077 0.371075 0.160297 0.00555027 0
 0.529543 0.364841 0.0842815 0.0213345 0
 0.631943 0.363953 0.00410389 0 0
 0.735681 0.248677 0.0153453 0.000297389 0
 0.695825 0.281241 0.0229344 0 0
 0.275771 0.60734 0.115278 0.00161068 0
 0 0 0 0 0
 0.896147 0.0623911 0.0374545 0.00400742 0
 0.803859 0.145111 0.0509908 3.86294e-05 0
 0.739449 0.233085 0.0266225 0.000797448 4.60066e-05
 0.878498 0.100942 0.0204185 0.000141795 0
 0.694673 0.275183 0.0284847 0.00165964 0
 0 0 0 0 0
ppred_PELACES
 0.321203 0.341717 0.169691 0.0842663 0.0831231
 0.571506 0.210686 0.109648 0.0544495 0.0537108
 0.0781827 0.675253 0.121233 0.0630936 0.0622377
 0.239681 0.116726 0.471447 0.0846422 0.0875036
 0.826855 0.0681155 0.0161243 0.065125 0.02378
 0.479785 0.471155 0.0193004 0.00456879 0.025191
 0.552411 0.296176 0.137134 0.00561756 0.00866188
 0.75786 0.174287 0.0448991 0.020789 0.00216471
 0.693249 0.266531 0.0289492 0.00745778 0.00381263
 0.554792 0.367077 0.0678869 0.00737352 0.00287063
 0.26334 0.529126 0.171113 0.0316456 0.00477532
 0.254393 0.319202 0.306277 0.0990466 0.0210817
 0.670705 0.137517 0.0821017 0.0787774 0.0308982
 0.478582 0.424488 0.0404789 0.024167 0.0322835
 0.655462 0.232244 0.0914187 0.00871763 0.0121573
 0.495663 0.407046 0.0655813 0.0258149 0.00589468
 0.512911 0.327327 0.128943 0.0207747 0.0100449
 0.482123 0.355198 0.109321 0.0430645 0.0102931
 0.422939 0.378884 0.135925 0.041834 0.0204185
 0.656111 0.20662 0.0901277 0.0323333 0.0148084
 0.651295 0.277824 0.0425872 0.0185765 0.00971655
 0.292344 0.559444 0.118085 0.0181011 0.0120256
 0.563478 0.198972 0.187797 0.0396395 0.0101131
 0.325718 0.48896 0.0844722 0.0797278 0.0211221
 0.0495538 0.473445 0.345901 0.0597574 0.0713433
pobs_pel_tallas
 0 0 0 0 0 0 0 0 0 0 0 0 0 0 0 0 0 0 0 0 0 0 0 0 0 0 0 0 0 0 0 0 0 0 0 0
 0 0 0 0 0 0 0 0 0 0 0 0 0 0 0 0 0 0 0 0 0 0 0 0 0 0 0 0 0 0 0 0 0 0 0 0
 0 0 0 0 0 0 0 0 0 0 0 0 0 0 0 0 0 0 0 0 0 0 0 0 0 0 0 0 0 0 0 0 0 0 0 0
 0 0 0 0 0 0 0 0 0 0 0 0 0 0 0 0 0 0 0 0 0 0 0 0 0 0 0 0 0 0 0 0 0 0 0 0
 0 0 0 0 0 0 0 0 0 0 0 0 0 0 0 0 0 0 0 0 0 0 0 0 0 0 0 0 0 0 0 0 0 0 0 0
 0 0 0 0 0 0 0 0 0 0 0 0 0 0 0 0 0 0 0 0 0 0 0 0 0 0 0 0 0 0 0 0 0 0 0 0
 0 0 0 0 0 0 0 0 0 0 0 0 0 0 0 0 0 0 0 0 0 0 0 0 0 0 0 0 0 0 0 0 0 0 0 0
 0 0 0 0 0 0 0 0 0 0 0 0 0 0 0 0 0 0 0 0 0 0 0 0 0 0 0 0 0 0 0 0 0 0 0 0
 0 0 0 0 0 0 0 0 0 0 0 0 0 0 0 0 0 0 0 0 0 0 0 0 0 0 0 0 0 0 0 0 0 0 0 0
 0 0 0 0 0 0 0 0 0 0 0 0 0 0 0 0 0 0 0 0 0 0 0 0 0 0 0 0 0 0 0 0 0 0 0 0
 0 0 0 0 0 0 0 0 1.78061e-05 0.00172719 0.00360574 0.0105946 0.0120993 0.0124554 0.0147524 0.0171206 0.0266825 0.0428682 0.0675386 0.121331 0.153587 0.119568 0.100827 0.0573624 0.0630603 0.0341343 0.0324427 0.0444173 0.0211091 0.0280891 0.0125444 0.00206551 0 0 0 0
 0 0 0 0 0 0 0 0 0 0 0 0 0 0 0 0 0 0 0 0 0 0 0 0 0 0 0 0 0 0 0 0 0 0 0 0
 0 0 0 0 0 0 0.0133647 0.0140871 0.0187388 0.0205184 0.03894 0.0496705 0.03968 0.0493445 0.0407372 0.0367815 0.0215668 0.0243155 0.0234873 0.0199281 0.019796 0.0243948 0.0301388 0.0376714 0.0412746 0.0863199 0.0771752 0.113111 0.0741005 0.0525337 0.0229764 0.00759418 0.00175318 0 0 0
 0 0 0 0 0 0 0 0 0 0 0.00219441 0.00772107 0.0458388 0.0604681 0.0671733 0.0775358 0.0609151 0.0617685 0.073594 0.0568108 0.0755445 0.0548602 0.0670107 0.0636378 0.0643287 0.046367 0.0373049 0.0286899 0.0247887 0.0153202 0.00654259 0.00121912 0.000365735 0 0 0
 0 0 0 0 0 0 0 0 0 0 0 0 0.000112435 0.00938835 0.0111873 0.0202946 0.0414886 0.0713402 0.111592 0.104902 0.108894 0.110636 0.117776 0.105296 0.107544 0.0401394 0.0192827 0.0124803 0.00416011 0.0028671 0.000618394 0 0 0 0 0
 0 0 0 0 0 0 0 0 0 0 0.00291406 0.0102884 0.027416 0.0768956 0.0749926 0.110853 0.0956884 0.0897413 0.0766577 0.0534642 0.0500743 0.0551293 0.0594112 0.0620874 0.0668451 0.0424026 0.0208742 0.0120726 0.0048766 0.00582813 0.00118941 0.000297354 0 0 0 0
 0 0.00264628 0.0354308 0.0461629 0.0458689 0.0383711 0.0214643 0.0164657 0.0346957 0.0420465 0.0363128 0.0245516 0.0311673 0.0291091 0.0169068 0.0133784 0.00837989 0.0085269 0.0148486 0.0160247 0.0276389 0.0546898 0.0760071 0.122758 0.109233 0.0665981 0.0333725 0.0166128 0.00676272 0.00308733 0.000882094 0 0 0 0 0
 0 0 0 0 0 0 0 0.000805153 0.000690131 0.00759144 0.0133425 0.0154129 0.00931677 0.000345066 0.00356568 0.00563607 0.00851162 0.0253048 0.0502646 0.0516448 0.0657925 0.0565908 0.0611916 0.0827007 0.0866115 0.110766 0.145733 0.0935128 0.0569358 0.0249597 0.0138026 0.00621118 0.00161031 0.00115022 0 0
 0 0 0 0 0 0 0 0 0 0 0 0 0 0 0 0 0 0 0 0 0 0 0 0 0 0 0 0 0 0 0 0 0 0 0 0
 0.00147267 0.00158595 0.00478618 0.00569244 0.00954404 0.0108468 0.00647125 0.017049 0.0510054 0.094081 0.124002 0.0959785 0.0687766 0.0820023 0.061753 0.0591476 0.0492212 0.0479892 0.0443925 0.0268479 0.0217502 0.0140895 0.0121071 0.0120363 0.00920419 0.00665534 0.0049561 0.00860946 0.00930331 0.0156896 0.0114698 0.00855282 0.00243557 0.00046729 0 2.83206e-05
 0 0 0 0 0.000772559 0.00158375 0.000888443 0.00281984 0.00712685 0.0440552 0.0773331 0.111326 0.0921469 0.0852325 0.0710754 0.0886704 0.0786465 0.0553345 0.0373146 0.0185414 0.00753245 0.00457741 0.012979 0.0271748 0.0457355 0.0583668 0.034881 0.0177882 0.00938659 0.00492506 0.0015258 0.00185414 0.000309023 5.79419e-05 3.86279e-05 0
 0 0.00173294 0.00326652 0 0.00397197 0.00683976 0.00946217 0.0152591 0.00757587 0.0136028 0.0228656 0.0392903 0.0559909 0.0764795 0.0681675 0.0726916 0.0566044 0.0477403 0.0527397 0.0444891 0.0609904 0.0582453 0.0661739 0.0445044 0.0529084 0.0360697 0.0280645 0.0235558 0.0158879 0.00826598 0.00280645 0.00217768 0.000904811 0.00058276 9.20147e-05 0
 0 0 0 0 0 0 0 0 0 0 0 0 0 0 0 0 0 0 0 0 0 0 0 0 0 0 0 0 0 0 0 0 0 0 0 0
 0 0 0 0 0 0 0 0 0 0 0 0 0 0 0 0 0 0 0 0 0 0 0 0 0 0 0 0 0 0 0 0 0 0 0 0
 0 0 0 0 0 0 0 0 0 0 0 0 0 0 0 0 0 0 0 0 0 0 0 0 0 0 0 0 0 0 0 0 0 0 0 0
ppred_pel_tallas
 1.093e-16 1.40326e-05 8.23132e-05 0.000391183 0.00150592 0.00469591 0.0118618 0.0242731 0.0402441 0.0540732 0.0589122 0.0521311 0.0376806 0.0227257 0.0124083 0.00782863 0.00760332 0.0100511 0.0141194 0.0192641 0.0250918 0.0311592 0.0369484 0.0419408 0.0457185 0.0480455 0.0488999 0.0484441 0.0469521 0.0447203 0.0419965 0.0389467 0.0356616 0.0321874 0.028565 0.0248562
 1.06006e-16 2.49416e-05 0.000146371 0.000695749 0.00267862 0.00835296 0.021099 0.0431721 0.0715653 0.0961186 0.104618 0.0923333 0.0662103 0.0388739 0.019305 0.00925937 0.00606664 0.00656789 0.00882539 0.0119683 0.0155905 0.0193815 0.0230161 0.0261733 0.0285934 0.0301275 0.0307564 0.0305734 0.0297398 0.028431 0.026794 0.0249273 0.0228858 0.0207001 0.0183995 0.0160286
 1.07017e-16 3.44923e-06 2.01491e-05 9.55807e-05 0.000367657 0.00114621 0.00289597 0.00593083 0.00985115 0.0132907 0.0146235 0.013281 0.0103405 0.00771737 0.00689183 0.0084009 0.0121735 0.0179894 0.0256135 0.0346821 0.0445737 0.0543917 0.0630769 0.069611 0.0732434 0.0736631 0.0710591 0.0660449 0.0594817 0.0522616 0.0451235 0.0385498 0.032757 0.0277542 0.0234344 0.0196589
 1.13728e-16 1.04695e-05 6.14137e-05 0.000291867 0.00112359 0.0035037 0.00885011 0.0181094 0.030022 0.0403302 0.0439174 0.0388104 0.0279406 0.0166322 0.00869604 0.00493158 0.00430222 0.00558499 0.00808115 0.0115392 0.0158844 0.0210419 0.0268677 0.0331356 0.0395495 0.0457637 0.0514076 0.0561118 0.0595386 0.0614153 0.0615697 0.0599608 0.0566958 0.0520244 0.0463107 0.0399841
 1.03601e-16 3.60701e-05 0.000211718 0.00100645 0.00387494 0.0120837 0.0305223 0.0624516 0.103517 0.139009 0.151241 0.133336 0.0952954 0.0553108 0.0262752 0.0106084 0.0043225 0.00274731 0.00304151 0.00400497 0.00522885 0.00655423 0.00787324 0.00908957 0.0101263 0.0109378 0.0115139 0.0118723 0.0120435 0.0120545 0.0119178 0.0116297 0.0111773 0.0105489 0.00974625 0.00879017
 1.01762e-16 2.09526e-05 0.000122928 0.000584247 0.00224922 0.00701383 0.0177168 0.0362537 0.0601053 0.080752 0.0879594 0.0777889 0.0561254 0.0336453 0.0179904 0.0107512 0.00979333 0.0125261 0.0172927 0.0232006 0.0296007 0.0358001 0.0410384 0.0446066 0.046005 0.0450644 0.0419878 0.0372913 0.0316716 0.0258415 0.0203882 0.015691 0.0119075 0.00901486 0.00687837 0.00532038
 1.02641e-16 2.41127e-05 0.000141496 0.000672553 0.00258928 0.00807433 0.0203953 0.0417329 0.0691823 0.0929262 0.101165 0.0893369 0.0641731 0.0379021 0.0192381 0.00991672 0.00739276 0.00863443 0.0117611 0.0158805 0.0205007 0.0251786 0.0294342 0.0328008 0.0349161 0.0355978 0.0348747 0.0329614 0.0301905 0.0269271 0.023494 0.0201284 0.0169744 0.0141001 0.0115269 0.00925492
 1.0151e-16 3.3066e-05 0.000194072 0.000922532 0.0035518 0.011076 0.027977 0.0572447 0.0948894 0.127434 0.138673 0.122319 0.0875592 0.0510983 0.0247954 0.0109166 0.00585307 0.00535449 0.00681287 0.00907447 0.0116529 0.0142397 0.0165456 0.0183018 0.0193082 0.019476 0.0188449 0.0175642 0.0158497 0.0139288 0.0119943 0.010178 0.00854708 0.00711753 0.00587553 0.00479682
 1.00933e-16 3.02524e-05 0.000177545 0.000843942 0.00324918 0.0101322 0.0255933 0.0523682 0.0868092 0.116592 0.1269 0.111993 0.0802963 0.047119 0.0233479 0.0111005 0.00711765 0.00753775 0.00996915 0.0133035 0.0169895 0.0205926 0.0236738 0.025827 0.0267616 0.0263706 0.0247552 0.0221927 0.0190646 0.0157654 0.0126246 0.00986086 0.00757384 0.00576566 0.00437729 0.0033246
 1.01471e-16 2.42192e-05 0.000142115 0.000675484 0.00260054 0.00810944 0.0204841 0.041915 0.069486 0.0933396 0.101629 0.0897811 0.0645663 0.0382826 0.0197025 0.010592 0.00841363 0.0101284 0.0138302 0.018574 0.0237832 0.0289044 0.0333406 0.0365284 0.0380571 0.0377629 0.0357644 0.0324216 0.028239 0.0237447 0.0193857 0.0154656 0.0121339 0.00941275 0.00724397 0.00553498
 1.03912e-16 1.15173e-05 6.75286e-05 0.000320856 0.00123507 0.00385125 0.00972847 0.0199096 0.0330168 0.0443846 0.0484149 0.0429808 0.0313681 0.0195203 0.0117444 0.00904822 0.0103986 0.0144815 0.0204227 0.027654 0.0356033 0.0435453 0.0506361 0.056056 0.0591852 0.0597391 0.0578225 0.0538766 0.0485503 0.0425369 0.036434 0.0306626 0.0254526 0.0208801 0.0169265 0.0135339
 1.08841e-16 1.11189e-05 6.52084e-05 0.000309867 0.00119283 0.00371957 0.00939562 0.019227 0.0318799 0.042841 0.0466913 0.041356 0.0299779 0.0182529 0.010283 0.00697842 0.0072881 0.00992572 0.0140946 0.0193822 0.0254679 0.0319576 0.0383651 0.0441759 0.048939 0.0523439 0.054258 0.0547135 0.0538585 0.0518932 0.0490193 0.0454163 0.0412448 0.0366626 0.0318416 0.0269703
 1.05361e-16 2.92641e-05 0.000171755 0.000816442 0.00314334 0.00980221 0.0247596 0.0506613 0.0839765 0.112778 0.122723 0.108247 0.0774788 0.0452023 0.0219124 0.00961663 0.00512756 0.00469721 0.00604069 0.00817134 0.010703 0.013412 0.0160877 0.0185224 0.0205416 0.0220338 0.022963 0.0233577 0.0232854 0.0228216 0.0220269 0.0209403 0.0195849 0.0179833 0.0161723 0.0142098
 1.03052e-16 2.08983e-05 0.000122613 0.00058276 0.00224351 0.00699604 0.0176718 0.0361613 0.0599509 0.0805409 0.0877196 0.0775538 0.0559056 0.0334136 0.0176858 0.0102928 0.00909199 0.0114934 0.015854 0.0213141 0.0272797 0.0331319 0.0381912 0.0418188 0.0435561 0.0432326 0.0410028 0.0372959 0.0326994 0.0278163 0.0231429 0.0189996 0.0155213 0.0126957 0.0104236 0.0085769
 1.02242e-16 2.86035e-05 0.000167867 0.000797938 0.00307206 0.0095799 0.0241982 0.0495133 0.0820765 0.110234 0.119977 0.105878 0.0758982 0.0445116 0.0220087 0.0103901 0.00657602 0.00692305 0.00918601 0.0123432 0.0159087 0.0195112 0.0227716 0.0253271 0.0269001 0.0273563 0.0267281 0.0251935 0.023021 0.0205003 0.0178833 0.0153499 0.0130023 0.0108809 0.00898916 0.0073159
 1.02227e-16 2.16425e-05 0.000126984 0.000603541 0.00232352 0.00724557 0.0183021 0.0374508 0.0620877 0.0834088 0.0908359 0.0802915 0.0578411 0.0344947 0.0181203 0.0103316 0.00889744 0.0111282 0.0153243 0.0206113 0.026405 0.0321073 0.0370618 0.0406482 0.0424146 0.0421821 0.0400824 0.0365122 0.032025 0.0271969 0.0225112 0.0182913 0.0146904 0.0117234 0.00932082 0.00738012
 1.03121e-16 2.23915e-05 0.000131388 0.000624495 0.00240423 0.00749726 0.0189377 0.0387508 0.0642404 0.086293 0.0939564 0.0830012 0.0596877 0.0353852 0.0182048 0.00978191 0.00777701 0.00939198 0.0128829 0.0174016 0.0224456 0.0275354 0.0321444 0.0357622 0.0379971 0.0386584 0.0377904 0.035642 0.0325894 0.0290394 0.0253461 0.0217625 0.0184338 0.0154187 0.0127244 0.0103379
 1.03629e-16 2.10501e-05 0.000123511 0.000587038 0.00226 0.00704749 0.0178017 0.0364266 0.0603887 0.0811234 0.088339 0.0780655 0.0561967 0.0334326 0.0174153 0.00970288 0.00811641 0.0100397 0.0138337 0.0186818 0.0240692 0.0294826 0.034355 0.0381397 0.0404227 0.0410122 0.0399729 0.0375906 0.0342856 0.0305043 0.0266272 0.0229173 0.0195133 0.0164569 0.0137342 0.0113133
 1.04445e-16 1.84704e-05 0.000108363 0.000515021 0.00198271 0.00618275 0.0156175 0.0319577 0.0529823 0.0711805 0.0775289 0.0685538 0.0494391 0.0295924 0.0157462 0.00930113 0.00838087 0.0107182 0.0148856 0.0201488 0.0260046 0.0319192 0.0372913 0.0415362 0.0442057 0.0450837 0.0442231 0.0419102 0.0385737 0.0346731 0.0306021 0.0266359 0.0229248 0.0195224 0.0164283 0.0136255
 1.0315e-16 2.86307e-05 0.000168029 0.000798715 0.00307506 0.00958926 0.0242218 0.0495615 0.0821555 0.110338 0.120085 0.105959 0.0759265 0.0444684 0.0218766 0.0101438 0.00617865 0.00632956 0.00835337 0.0112437 0.0145437 0.0179234 0.0210495 0.0236013 0.0253281 0.0261005 0.0259301 0.0249519 0.0233769 0.0214341 0.0193215 0.0171793 0.0150885 0.0130858 0.0111857 0.00939874
 1.01788e-16 2.84235e-05 0.000166807 0.000792888 0.0030526 0.00951921 0.0240449 0.0492001 0.0815585 0.109542 0.119234 0.105245 0.0754956 0.0443774 0.0221303 0.0107581 0.00721414 0.00788291 0.0105232 0.0140885 0.018042 0.0219438 0.0253413 0.0278115 0.029047 0.0289267 0.0275405 0.0251582 0.0221552 0.0189213 0.015782 0.0129531 0.0105344 0.00853226 0.00689703 0.00555836
 1.03043e-16 1.27831e-05 7.49576e-05 0.000356169 0.00137103 0.00427521 0.0107994 0.0221009 0.0366497 0.049265 0.0537297 0.0476779 0.0347501 0.0215333 0.0127926 0.00962704 0.0108663 0.0150291 0.0211275 0.0285235 0.0365899 0.0445469 0.0514985 0.0565873 0.0591824 0.0590238 0.0562761 0.0514678 0.0453457 0.0386936 0.032175 0.026242 0.0211193 0.016846 0.0133464 0.0104971
 1.04566e-16 2.45914e-05 0.000144315 0.000685976 0.00264099 0.00823562 0.0208026 0.0425656 0.0705598 0.0947679 0.103148 0.0910343 0.0652765 0.0383216 0.0190246 0.00911839 0.00597357 0.00648215 0.0087437 0.0119129 0.015604 0.0195232 0.0233547 0.0267742 0.0295019 0.0313501 0.0322477 0.0322316 0.0314143 0.0299431 0.0279646 0.0256079 0.0229834 0.0201916 0.0173332 0.0145119
 1.05085e-16 1.42353e-05 8.34902e-05 0.00039675 0.0015273 0.00476255 0.0120303 0.0246189 0.0408213 0.0548602 0.0597999 0.0529883 0.0384557 0.0235026 0.0133877 0.00927605 0.00980671 0.0132909 0.0186297 0.0251742 0.0323567 0.0395015 0.0458378 0.0506277 0.0533266 0.0537066 0.0518997 0.0483439 0.0436553 0.0384724 0.0333238 0.028555 0.024322 0.0206343 0.0174207 0.0145892
 1.10452e-16 2.19327e-06 1.27926e-05 6.06453e-05 0.000233211 0.000726989 0.00183682 0.00376234 0.00625163 0.00844165 0.00930726 0.0084979 0.00671288 0.00519184 0.00491033 0.00625894 0.00925445 0.0138261 0.0198923 0.0272767 0.0356137 0.0443257 0.0526869 0.0599488 0.0654881 0.0689234 0.070168 0.069399 0.0669682 0.0632881 0.058738 0.0536149 0.048133 0.0424529 0.0367177 0.0310767
pSPR Fmed_Fpbrs
0.504448   0.254687 0.254687
Fs Fmed_Fpbrs
0.395366   1.005 1.005
SSBpbr Bo_Bmed_Bpbrs
890902  404869  182356 182356
Ro
25848.3
SPR SPRFo_SPRFmed_SPRFpbrs
532721 268730 135677
log_Ro
9.98
likeval ReclasPelacesDesembMPH_pf_preclas_ppelaces_ptallas_desvR_qrecl_qpela
 101.999 110.036 0.558072 0.000492388 327.845 217.61 77.4262 0 37.4593 0 0 0 0 0 0
q_reclas_q_pelaces
1 1
M
0.7
N
 25965.5 15367.3 7631.2 3789.54 3738.13
 54095.8 11338.5 5900.91 2930.3 2890.55
 3843.39 23010.3 4131.19 2150.01 2120.84
 4606.51 1287.56 5200.35 933.656 965.219
 45790.7 1937.34 458.609 1852.29 676.351
 33666.8 22016.3 901.873 213.492 1177.13
 36358.5 11837.3 5480.85 224.517 346.19
 94061.3 14286.6 3680.45 1704.11 177.445
 143856 33402.3 3627.99 934.627 477.809
 153923 56898.3 10522.7 1142.92 444.959
 53180.3 66869.5 21624.8 3999.28 603.492
 25214.2 20151.9 19336 6253.04 1330.94
 64076.5 9353.21 5584.13 5358.03 2101.53
 26185.4 20787.1 1982.24 1183.45 1580.91
 22894.7 6447.76 2538.04 242.026 337.522
 12936.9 6504.15 1047.92 412.493 94.1904
 13225.9 5033.62 1982.88 319.472 154.47
 12671.1 5311.26 1634.67 643.941 153.913
 10563.7 5385.42 1932.02 594.626 290.227
 25004.1 4488.39 1957.84 702.374 321.682
 47248.3 10603.1 1625.33 708.968 370.83
 21575.4 22068.5 4658.14 714.037 474.375
 50353.7 9886.29 9331.02 1969.56 502.485
 25694.5 22002 3801.05 3587.56 950.443
 1811.02 10886.6 7953.81 1374.09 1640.5
pred_Ctot
 2269.69 2543.19 1262.91 627.143 618.635
 5629.95 2210.32 1150.32 571.234 563.484
 919.885 9427.16 1692.52 880.845 868.896
 512.022 266.844 1077.76 193.498 200.04
 1048.63 87.4852 20.7095 83.6443 30.5422
 7210.53 8211.34 336.369 79.6254 439.031
 5531.74 3269.23 1513.71 62.0075 95.6111
 19646.3 5215.14 1343.5 622.065 64.774
 21332.3 9014.27 979.083 252.227 128.946
 13961.7 9750.54 1803.26 195.86 76.2516
 9202.98 20716.8 6699.6 1239.02 186.968
 4665.2 6621.96 6353.84 2054.76 437.348
 16371.6 4045.35 2415.19 2317.4 908.932
 9879.16 12174.5 1160.95 693.121 925.906
 7273.57 3319.47 1306.65 124.601 173.765
 2042.45 1856.97 299.186 117.769 26.8919
 1842.14 1283.48 505.599 81.4596 39.387
 1325.2 1040.12 320.12 126.104 30.1411
 1106.76 1056.39 378.98 116.64 56.9302
 2650.45 890.06 388.244 139.283 63.7905
 2026.43 885.611 135.754 59.2157 30.9731
 1204.3 2379.48 502.252 76.9892 51.1483
 4381.01 1628.92 1537.44 324.516 82.7925
 2737.3 4383.46 757.281 714.748 189.356
 320.057 3435.98 2510.34 433.683 517.767
F
 0.128569 0.257139 0.257139 0.257139 0.257139
 0.154817 0.309634 0.309634 0.309634 0.309634
 0.393607 0.787214 0.787214 0.787214 0.787214
 0.166153 0.332305 0.332305 0.332305 0.332305
 0.0322999 0.0645997 0.0645997 0.0645997 0.0645997
 0.34526 0.69052 0.69052 0.69052 0.69052
 0.234109 0.468218 0.468218 0.468218 0.468218
 0.335321 0.670642 0.670642 0.670642 0.670642
 0.227545 0.45509 0.45509 0.45509 0.45509
 0.133711 0.267422 0.267422 0.267422 0.267422
 0.270388 0.540775 0.540775 0.540775 0.540775
 0.291686 0.583371 0.583371 0.583371 0.583371
 0.425746 0.851493 0.851493 0.851493 0.851493
 0.701469 1.40294 1.40294 1.40294 1.40294
 0.558465 1.11693 1.11693 1.11693 1.11693
 0.243944 0.487888 0.487888 0.487888 0.487888
 0.21235 0.424699 0.424699 0.424699 0.424699
 0.155631 0.311262 0.311262 0.311262 0.311262
 0.155928 0.311857 0.311857 0.311857 0.311857
 0.157892 0.315784 0.315784 0.315784 0.315784
 0.0612655 0.122531 0.122531 0.122531 0.122531
 0.0804034 0.160807 0.160807 0.160807 0.160807
 0.127936 0.255872 0.255872 0.255872 0.255872
 0.158742 0.317485 0.317485 0.317485 0.317485
 0.276884 0.553769 0.553769 0.553769 0.553769
nmprior
 10 11 7 0
nm_flota  nm_reclas  nm_pelaces    nm_pelaL
inf 9.22586 8.11051 12.327
cv_recla  cv_pelaces  cv_mph
0.913531 1.23433 0.719933
 ------------------------------------------------
Talla a la edad & desviación 
 7.2 14.2025 17.0495 18.207 18.6776
 1.08 2.13037 2.55742 2.73105 2.80164
