years
 1997 1998 1999 2000 2001 2002 2003 2004 2005 2006 2007 2008 2009 2010 2011 2012 2013 2014 2015 2016 2017 2018 2019 2020 2021
reclasobs
 0 0 0 370054 412103 1.49427e+06 250295 1.28982e+06 931140 785840 897777 1.04006e+06 184774 17550 25797 100020 73551 82996 120727 218422 84188 347160 605670 569463 516374
reclaspred
 2.35054e+06 296583 376888 106848 237178 250962 538575 460714 577970 1.05352e+06 986682 626221 378001 165074 100150 95887.2 105819 125064 105815 173791 319934 293244 437336 385149 257548
pelacesobs
 0 0 0 0 0 0 0 0 0 2.06254e+06 1.5e+06 0 1.87456e+06 323000 250000 174000 83755 137374 0 501740 490994 745055 786931 1.00524e+06 0
pelacespred
 1.26111e+06 483352 132953 91092.1 199742 132898 477388 384528 484727 914480 672814 417199 290178 98043.2 63151.7 63168.2 71657.8 85686.1 69584.9 126626 255614 216360 252271 254792 154946
mphobs
 0 0 0 0 0 112323 0 153150 637223 0 255016 313432 73983 77613 109348 50772 0 0 0 0 0 0 0 0 0
mphpred
 870083 374649 155526 68966.7 44973 128665 134985 189565 202604 275899 504583 342877 179246 107242 45714.9 37177.4 40577.3 47860.8 49933.5 46260.6 101289 136004 152386 175166 157248
desembarqueobs
 350755 77701 442110 56441 14545 235359 269955 359681 431902 328805 639364 411747 362871 311530 167758 66681 60226 58785 57116 71774 51957 67425 138520 160799 200461
desembarquepred
 350745 77683.6 441608 56419.4 14543.6 235190 269849 359100 431429 328546 638645 411385 362255 311051 167421 66631.3 60204.1 58743.9 57068.2 71702 51943.5 67386.3 138434 160711 200426
Reclutas
 5026.38 7688.44 1108.46 6551.1 54153.6 14241.4 55971.7 70276.7 85465 211558 50395.4 20780.2 56640.8 22743.5 14944.6 14321.7 9599.08 9416.11 6939.3 27406.3 31403.8 30674 42337.6 25085.7 322.971
log_desv_Rt
 -1.27755 -0.852527 -2.78927 -1.01261 1.09958 -0.23609 1.1326 1.3602 1.55586 2.46226 1.02765 0.141758 1.14449 0.232035 -0.187897 -0.230471 -0.630577 -0.649822 -0.955044 0.418527 0.554686 0.53117 0.853431 0.330053 -4.02244
SSB
 2.05203e+06 883583 366798 162653 106066 303447 318352 447077 477827 650688 1.19002e+06 808650 422738 252922 107815 87680.2 95698.8 112876 117765 109102 238883 320755 359392 413118 370857
BT
 2.47679e+06 1.03591e+06 488405 230597 370300 421052 1.05585e+06 1.07126e+06 1.2584e+06 1.94117e+06 1.75783e+06 1.11491e+06 878288 468782 250532 167693 178027 201114 174876 286588 498787 452009 551622 597141 459104
Ftot
 0.149644 0.226949 0.935499 0.517433 0.161533 1.07084 0.916936 1.53002 1.42711 0.736372 0.772484 0.629782 1.27647 2.28909 2.49615 1.06352 0.829566 0.631518 0.637785 0.807886 0.262048 0.285197 0.383544 0.484036 0.698042
BD_Bspro_t
 0.981081 0.860587 0.635617 0.293166 0.361854 0.672644 0.491367 0.520548 0.488121 0.517372 0.627222 0.455919 0.310154 0.243426 0.138012 0.139429 0.198078 0.294412 0.356658 0.397064 0.616072 0.732837 0.719477 0.681633 0.571803
BD_Bspro
 5.52115 2.37735 0.986899 0.437631 0.285378 0.81645 0.856553 1.2029 1.28563 1.75073 3.20185 2.17574 1.13741 0.680508 0.290086 0.235911 0.257485 0.303703 0.316855 0.293549 0.642734 0.863017 0.966972 1.11153 0.997821
BD_Bo
 2.16368 0.931657 0.386755 0.171503 0.111837 0.319957 0.335673 0.471401 0.503824 0.686091 1.25477 0.852647 0.445739 0.266683 0.113681 0.0924507 0.100906 0.119018 0.124172 0.115038 0.25188 0.338207 0.378945 0.435595 0.391035
BD_Brms
 5.99846 2.58287 1.07222 0.475465 0.31005 0.887032 0.930602 1.30689 1.39678 1.90208 3.47866 2.36383 1.23574 0.739338 0.315164 0.256305 0.279745 0.329958 0.344247 0.318926 0.698299 0.937625 1.05057 1.20762 1.08408
S_f
 0.104543 0.689269 0.976823 0.998753 0.999934
 0.104543 0.689269 0.976823 0.998753 0.999934
 0.104543 0.689269 0.976823 0.998753 0.999934
 0.104543 0.689269 0.976823 0.998753 0.999934
 0.104543 0.689269 0.976823 0.998753 0.999934
 0.104543 0.689269 0.976823 0.998753 0.999934
 0.104543 0.689269 0.976823 0.998753 0.999934
 0.104543 0.689269 0.976823 0.998753 0.999934
 0.104543 0.689269 0.976823 0.998753 0.999934
 0.104543 0.689269 0.976823 0.998753 0.999934
 0.104543 0.689269 0.976823 0.998753 0.999934
 0.104543 0.689269 0.976823 0.998753 0.999934
 0.104543 0.689269 0.976823 0.998753 0.999934
 0.104543 0.689269 0.976823 0.998753 0.999934
 0.104543 0.689269 0.976823 0.998753 0.999934
 0.104543 0.689269 0.976823 0.998753 0.999934
 0.104543 0.689269 0.976823 0.998753 0.999934
 0.104543 0.689269 0.976823 0.998753 0.999934
 0.104543 0.689269 0.976823 0.998753 0.999934
 0.104543 0.689269 0.976823 0.998753 0.999934
 0.104543 0.689269 0.976823 0.998753 0.999934
 0.104543 0.689269 0.976823 0.998753 0.999934
 0.104543 0.689269 0.976823 0.998753 0.999934
 0.104543 0.689269 0.976823 0.998753 0.999934
 0.104543 0.689269 0.976823 0.998753 0.999934
Scru_reclas
 0.70637 0.923703 0.983852 0.996749 0.999352
 0.70637 0.923703 0.983852 0.996749 0.999352
 0.70637 0.923703 0.983852 0.996749 0.999352
 0.70637 0.923703 0.983852 0.996749 0.999352
 0.70637 0.923703 0.983852 0.996749 0.999352
 0.70637 0.923703 0.983852 0.996749 0.999352
 0.70637 0.923703 0.983852 0.996749 0.999352
 0.70637 0.923703 0.983852 0.996749 0.999352
 0.70637 0.923703 0.983852 0.996749 0.999352
 0.70637 0.923703 0.983852 0.996749 0.999352
 0.70637 0.923703 0.983852 0.996749 0.999352
 0.70637 0.923703 0.983852 0.996749 0.999352
 0.70637 0.923703 0.983852 0.996749 0.999352
 0.70637 0.923703 0.983852 0.996749 0.999352
 0.70637 0.923703 0.983852 0.996749 0.999352
 0.70637 0.923703 0.983852 0.996749 0.999352
 0.70637 0.923703 0.983852 0.996749 0.999352
 0.70637 0.923703 0.983852 0.996749 0.999352
 0.70637 0.923703 0.983852 0.996749 0.999352
 0.70637 0.923703 0.983852 0.996749 0.999352
 0.70637 0.923703 0.983852 0.996749 0.999352
 0.70637 0.923703 0.983852 0.996749 0.999352
 0.70637 0.923703 0.983852 0.996749 0.999352
 0.70637 0.923703 0.983852 0.996749 0.999352
 0.70637 0.923703 0.983852 0.996749 0.999352
Scru_pelaces
 1 1 1 1 1
 1 1 1 1 1
 1 1 1 1 1
 1 1 1 1 1
 1 1 1 1 1
 1 1 1 1 1
 1 1 1 1 1
 1 1 1 1 1
 1 1 1 1 1
 1 1 1 1 1
 1 1 1 1 1
 1 1 1 1 1
 1 1 1 1 1
 1 1 1 1 1
 1 1 1 1 1
 1 1 1 1 1
 1 1 1 1 1
 1 1 1 1 1
 1 1 1 1 1
 1 1 1 1 1
 1 1 1 1 1
 1 1 1 1 1
 1 1 1 1 1
 1 1 1 1 1
 1 1 1 1 1
pf_obs 
 0.256992 0.487395 0.22802 0.0275931 0
 0.321318 0.546541 0.124235 0.00734118 0.000564706
 0.182869 0.594174 0.210203 0.0122559 0.00049798
 0.330522 0.361315 0.267642 0.0388342 0.00168674
 0.649043 0.306663 0.0425973 0.00169635 0
 0.582887 0.30429 0.105238 0.00758474 0
 0.465427 0.430635 0.0974691 0.00646863 0
 0.296916 0.608066 0.0921331 0.00288517 0
 0.311714 0.524322 0.152257 0.0117073 0
 0.15457 0.633149 0.183074 0.0267441 0.00246327
 0.131901 0.49318 0.331252 0.0422183 0.00144891
 0.196976 0.569456 0.194076 0.0375587 0.00193317
 0.518974 0.381816 0.0799577 0.0180837 0.00116848
 0.0928022 0.601141 0.25162 0.0475244 0.00691264
 0.122501 0.610282 0.24278 0.0234846 0.000952079
 0.383417 0.481906 0.127806 0.00687128 0
 0.0376549 0.599619 0.316969 0.0457579 0
 0.0361596 0.667082 0.258105 0.0386534 0
 0.158088 0.579412 0.248529 0.0139706 0
 0.0477256 0.309471 0.559284 0.082774 0.000745712
 0.0406174 0.521527 0.379366 0.0568643 0.0016247
 0.151134 0.462217 0.34131 0.0453401 0
 0.294876 0.26143 0.354403 0.0886775 0.000613685
 0.281977 0.475581 0.204845 0.0348837 0.00271318
 0 0 0 0 0
pf_pred 
 0.00832377 0.655181 0.298336 0.0381571 1.77611e-06
 0.0220467 0.0438524 0.68689 0.219744 0.0274673
 0.00850899 0.150586 0.0539116 0.582436 0.204557
 0.157298 0.0694741 0.180363 0.0392616 0.553603
 0.628796 0.226396 0.0177062 0.0303201 0.0967824
 0.087947 0.833712 0.0545476 0.00297233 0.0208207
 0.417075 0.248935 0.316628 0.0122288 0.00513424
 0.343924 0.572601 0.0460685 0.0355255 0.0018815
 0.337139 0.555156 0.100049 0.00430848 0.00334713
 0.463245 0.440725 0.0868052 0.00859505 0.000629911
 0.0752589 0.793121 0.115766 0.0143746 0.00148037
 0.0541249 0.339356 0.549569 0.0502804 0.00666979
 0.282755 0.235566 0.224828 0.233383 0.0234673
 0.161289 0.699267 0.0655964 0.0352105 0.0386373
 0.243245 0.558896 0.182036 0.00767785 0.00814488
 0.289669 0.591308 0.103334 0.0145049 0.00118374
 0.176087 0.629073 0.174198 0.0180069 0.00263606
 0.188788 0.494403 0.265917 0.0456567 0.00523557
 0.149895 0.532654 0.225081 0.0779004 0.0144698
 0.469214 0.298901 0.16812 0.0456048 0.01816
 0.261564 0.642675 0.064695 0.0227241 0.00834198
 0.178637 0.542021 0.253521 0.0175847 0.00823681
 0.21306 0.445471 0.252454 0.0809731 0.00804141
 0.119569 0.562536 0.210131 0.0802154 0.0275487
 0.00234616 0.477858 0.379459 0.0936421 0.046695
pobs_RECLAS
 0 0 0 0 0
 0 0 0 0 0
 0 0 0 0 0
 0 0 0 0 0
 0.835266 0.146461 0.0176864 0.000547809 3.91292e-05
 0.385257 0.428462 0.181853 0.0044286 0
 0.867414 0.0963971 0.0333333 0.00285562 0
 0.441836 0.489002 0.0689373 0.000224442 0
 0.779404 0.147425 0.0564933 0.0165055 0.000172143
 0.814271 0.122319 0.05973 0.00367925 0
 0.40263 0.566651 0.0304383 0.000280538 0
 0.475488 0.404961 0.113038 0.00651328 0
 0.955842 0.0263864 0.0167828 0.000988607 0
 0.975058 0.0227948 0.00214734 0 0
 0.738997 0.206755 0.0527124 0.00153531 0
 0.850938 0.134255 0.0134407 0.00136685 0
 0.542534 0.407297 0.0501686 0 0
 0.764087 0.199537 0.0359546 0.000420521 0
 0.470689 0.182191 0.310203 0.0369168 0
 0.84361 0.089868 0.0606195 0.00523954 0.000663233
 0.607945 0.314616 0.071237 0.00620181 0
 0.523733 0.453247 0.0230204 0 0
 0.530135 0.295979 0.169645 0.0042399 0
 0.562478 0.366248 0.0663022 0.0049721 0
 0.250443 0.683176 0.0655157 0.000865301 0
ppred_RECLAS
 0.0444533 0.690192 0.235513 0.02984 1.39094e-06
 0.131453 0.0514128 0.60237 0.190872 0.023892
 0.0561769 0.187967 0.0489835 0.522967 0.183906
 0.559454 0.0479173 0.0922195 0.0198688 0.28054
 0.905178 0.0642558 0.00376489 0.0063865 0.0204147
 0.345373 0.613134 0.0289905 0.00156016 0.0109423
 0.817412 0.0923584 0.0855893 0.00326699 0.0013734
 0.751324 0.225724 0.0127511 0.00968746 0.000513639
 0.745768 0.22359 0.0284918 0.00120953 0.000940725
 0.825527 0.150415 0.0217698 0.00213188 0.000156448
 0.306875 0.617985 0.0661761 0.00812576 0.000837935
 0.263093 0.317912 0.380025 0.0344002 0.00456939
 0.72663 0.111599 0.0760474 0.0778835 0.00784074
 0.549691 0.398365 0.0246896 0.0129895 0.0142656
 0.684522 0.256676 0.0541916 0.00223668 0.00237451
 0.695383 0.265974 0.0336036 0.00465868 0.00038067
 0.545204 0.37085 0.0751406 0.00767929 0.00112565
 0.57374 0.289546 0.114945 0.0195262 0.00224214
 0.503863 0.344913 0.107548 0.0368266 0.00684967
 0.840148 0.102042 0.0420386 0.0112752 0.00449573
 0.65106 0.314072 0.023627 0.00821945 0.00302158
 0.548254 0.326271 0.113974 0.00782928 0.00367242
 0.609517 0.248815 0.105005 0.0333471 0.00331629
 0.435538 0.398059 0.11036 0.0417013 0.0143413
 0.0140227 0.548253 0.320445 0.0782219 0.0390577
pobs_PELACES
 0 0 0 0 0
 0 0 0 0 0
 0 0 0 0 0
 0 0 0 0 0
 0 0 0 0 0
 0 0 0 0 0
 0 0 0 0 0
 0 0 0 0 0
 0 0 0 0 0
 0 0 0 0 0
 0.450072 0.473896 0.0757376 0.000293798 0
 0 0 0 0 0
 0.463077 0.371075 0.160297 0.00555027 0
 0.529543 0.364841 0.0842815 0.0213345 0
 0.631943 0.363953 0.00410389 0 0
 0.735681 0.248677 0.0153453 0.000297389 0
 0.695825 0.281241 0.0229344 0 0
 0.275771 0.60734 0.115278 0.00161068 0
 0 0 0 0 0
 0.896147 0.0623911 0.0374545 0.00400742 0
 0.803859 0.145111 0.0509908 3.86294e-05 0
 0.739449 0.233085 0.0266225 0.000797448 4.60066e-05
 0.878498 0.100942 0.0204185 0.000141795 0
 0.694673 0.275183 0.0284847 0.00165964 0
 0 0 0 0 0
ppred_PELACES
 0.0601186 0.693481 0.219036 0.0273636 1.27211e-06
 0.183463 0.0525207 0.56542 0.176556 0.0220404
 0.0963829 0.205887 0.0460941 0.482474 0.169163
 0.672477 0.0398606 0.068573 0.0145284 0.204561
 0.929856 0.048928 0.00265059 0.00443292 0.0141322
 0.461449 0.50951 0.0204327 0.001077 0.00753083
 0.88246 0.0638836 0.0509504 0.00190694 0.000799281
 0.843893 0.144318 0.00661972 0.00490949 0.000259473
 0.837794 0.145845 0.0152387 0.000631982 0.000489978
 0.878907 0.106241 0.0134621 0.00129435 9.4711e-05
 0.405324 0.537755 0.0502429 0.00605555 0.000622639
 0.360937 0.29536 0.312252 0.0277727 0.00367855
 0.832507 0.07643 0.0433198 0.043389 0.00435454
 0.718985 0.256185 0.0119965 0.00612748 0.00670592
 0.828412 0.146745 0.0229532 0.000918361 0.000971467
 0.78894 0.187947 0.0201537 0.00273674 0.000222949
 0.653548 0.289667 0.0509318 0.00510708 0.000746418
 0.673904 0.230239 0.0808218 0.0134901 0.00154461
 0.609283 0.282013 0.0777103 0.0261444 0.00484893
 0.894121 0.0710589 0.0254563 0.00670005 0.00266368
 0.721402 0.253003 0.0174305 0.00597397 0.00219017
 0.632164 0.272287 0.0869164 0.00588121 0.00275116
 0.695064 0.201499 0.0769845 0.0240653 0.00238664
 0.533662 0.339723 0.0844585 0.0313909 0.0107654
 0.022041 0.575947 0.295795 0.0709113 0.0353055
pobs_pel_tallas
 0 0 0 0 0 0 0 0 0 0 0 0 0 0 0 0 0 0 0 0 0 0 0 0 0 0 0 0 0 0 0 0 0 0 0 0
 0 0 0 0 0 0 0 0 0 0 0 0 0 0 0 0 0 0 0 0 0 0 0 0 0 0 0 0 0 0 0 0 0 0 0 0
 0 0 0 0 0 0 0 0 0 0 0 0 0 0 0 0 0 0 0 0 0 0 0 0 0 0 0 0 0 0 0 0 0 0 0 0
 0 0 0 0 0 0 0 0 0 0 0 0 0 0 0 0 0 0 0 0 0 0 0 0 0 0 0 0 0 0 0 0 0 0 0 0
 0 0 0 0 0 0 0 0 0 0 0 0 0 0 0 0 0 0 0 0 0 0 0 0 0 0 0 0 0 0 0 0 0 0 0 0
 0 0 0 0 0 0 0 0 0 0 0 0 0 0 0 0 0 0 0 0 0 0 0 0 0 0 0 0 0 0 0 0 0 0 0 0
 0 0 0 0 0 0 0 0 0 0 0 0 0 0 0 0 0 0 0 0 0 0 0 0 0 0 0 0 0 0 0 0 0 0 0 0
 0 0 0 0 0 0 0 0 0 0 0 0 0 0 0 0 0 0 0 0 0 0 0 0 0 0 0 0 0 0 0 0 0 0 0 0
 0 0 0 0 0 0 0 0 0 0 0 0 0 0 0 0 0 0 0 0 0 0 0 0 0 0 0 0 0 0 0 0 0 0 0 0
 0 0 0 0 0 0 0 0 0 0 0 0 0 0 0 0 0 0 0 0 0 0 0 0 0 0 0 0 0 0 0 0 0 0 0 0
 0 0 0 0 0 0 0 0 1.78061e-05 0.00172719 0.00360574 0.0105946 0.0120993 0.0124554 0.0147524 0.0171206 0.0266825 0.0428682 0.0675386 0.121331 0.153587 0.119568 0.100827 0.0573624 0.0630603 0.0341343 0.0324427 0.0444173 0.0211091 0.0280891 0.0125444 0.00206551 0 0 0 0
 0 0 0 0 0 0 0 0 0 0 0 0 0 0 0 0 0 0 0 0 0 0 0 0 0 0 0 0 0 0 0 0 0 0 0 0
 0 0 0 0 0 0 0.0133647 0.0140871 0.0187388 0.0205184 0.03894 0.0496705 0.03968 0.0493445 0.0407372 0.0367815 0.0215668 0.0243155 0.0234873 0.0199281 0.019796 0.0243948 0.0301388 0.0376714 0.0412746 0.0863199 0.0771752 0.113111 0.0741005 0.0525337 0.0229764 0.00759418 0.00175318 0 0 0
 0 0 0 0 0 0 0 0 0 0 0.00219441 0.00772107 0.0458388 0.0604681 0.0671733 0.0775358 0.0609151 0.0617685 0.073594 0.0568108 0.0755445 0.0548602 0.0670107 0.0636378 0.0643287 0.046367 0.0373049 0.0286899 0.0247887 0.0153202 0.00654259 0.00121912 0.000365735 0 0 0
 0 0 0 0 0 0 0 0 0 0 0 0 0.000112435 0.00938835 0.0111873 0.0202946 0.0414886 0.0713402 0.111592 0.104902 0.108894 0.110636 0.117776 0.105296 0.107544 0.0401394 0.0192827 0.0124803 0.00416011 0.0028671 0.000618394 0 0 0 0 0
 0 0 0 0 0 0 0 0 0 0 0.00291406 0.0102884 0.027416 0.0768956 0.0749926 0.110853 0.0956884 0.0897413 0.0766577 0.0534642 0.0500743 0.0551293 0.0594112 0.0620874 0.0668451 0.0424026 0.0208742 0.0120726 0.0048766 0.00582813 0.00118941 0.000297354 0 0 0 0
 0 0.00264628 0.0354308 0.0461629 0.0458689 0.0383711 0.0214643 0.0164657 0.0346957 0.0420465 0.0363128 0.0245516 0.0311673 0.0291091 0.0169068 0.0133784 0.00837989 0.0085269 0.0148486 0.0160247 0.0276389 0.0546898 0.0760071 0.122758 0.109233 0.0665981 0.0333725 0.0166128 0.00676272 0.00308733 0.000882094 0 0 0 0 0
 0 0 0 0 0 0 0 0.000805153 0.000690131 0.00759144 0.0133425 0.0154129 0.00931677 0.000345066 0.00356568 0.00563607 0.00851162 0.0253048 0.0502646 0.0516448 0.0657925 0.0565908 0.0611916 0.0827007 0.0866115 0.110766 0.145733 0.0935128 0.0569358 0.0249597 0.0138026 0.00621118 0.00161031 0.00115022 0 0
 0 0 0 0 0 0 0 0 0 0 0 0 0 0 0 0 0 0 0 0 0 0 0 0 0 0 0 0 0 0 0 0 0 0 0 0
 0.00147267 0.00158595 0.00478618 0.00569244 0.00954404 0.0108468 0.00647125 0.017049 0.0510054 0.094081 0.124002 0.0959785 0.0687766 0.0820023 0.061753 0.0591476 0.0492212 0.0479892 0.0443925 0.0268479 0.0217502 0.0140895 0.0121071 0.0120363 0.00920419 0.00665534 0.0049561 0.00860946 0.00930331 0.0156896 0.0114698 0.00855282 0.00243557 0.00046729 0 2.83206e-05
 0 0 0 0 0.000772559 0.00158375 0.000888443 0.00281984 0.00712685 0.0440552 0.0773331 0.111326 0.0921469 0.0852325 0.0710754 0.0886704 0.0786465 0.0553345 0.0373146 0.0185414 0.00753245 0.00457741 0.012979 0.0271748 0.0457355 0.0583668 0.034881 0.0177882 0.00938659 0.00492506 0.0015258 0.00185414 0.000309023 5.79419e-05 3.86279e-05 0
 0 0.00173294 0.00326652 0 0.00397197 0.00683976 0.00946217 0.0152591 0.00757587 0.0136028 0.0228656 0.0392903 0.0559909 0.0764795 0.0681675 0.0726916 0.0566044 0.0477403 0.0527397 0.0444891 0.0609904 0.0582453 0.0661739 0.0445044 0.0529084 0.0360697 0.0280645 0.0235558 0.0158879 0.00826598 0.00280645 0.00217768 0.000904811 0.00058276 9.20147e-05 0
 0 0 0 0 0 0 0 0 0 0 0 0 0 0 0 0 0 0 0 0 0 0 0 0 0 0 0 0 0 0 0 0 0 0 0 0
 0 0 0 0 0 0 0 0 0 0 0 0 0 0 0 0 0 0 0 0 0 0 0 0 0 0 0 0 0 0 0 0 0 0 0 0
 0 0 0 0 0 0 0 0 0 0 0 0 0 0 0 0 0 0 0 0 0 0 0 0 0 0 0 0 0 0 0 0 0 0 0 0
ppred_pel_tallas
 1.04276e-16 2.66273e-06 1.55289e-05 7.36095e-05 0.000283052 0.000882362 0.00222954 0.00456746 0.00759205 0.0102594 0.0113317 0.0103937 0.00830953 0.00660497 0.00648944 0.00846085 0.0125503 0.0186531 0.0266044 0.0360645 0.0464044 0.0566985 0.0658417 0.0727591 0.0766397 0.0771172 0.0743395 0.0689003 0.0616685 0.0535722 0.0454132 0.0377572 0.0309141 0.0249844 0.0199374 0.0156847
 1.1514e-16 8.0158e-06 4.70134e-05 0.000223418 0.000860067 0.00268191 0.00677429 0.0138617 0.0229799 0.0308695 0.0336136 0.0297013 0.0213757 0.0127129 0.00663321 0.00375823 0.00331511 0.00440483 0.00655069 0.00964021 0.0137124 0.018808 0.0248933 0.031824 0.0393294 0.0470148 0.0543845 0.0608864 0.0659747 0.0691839 0.0702001 0.0689134 0.0654409 0.0601097 0.0534073 0.0459056
 1.25204e-16 4.22287e-06 2.47366e-05 0.000117491 0.000452189 0.00140995 0.00356158 0.00728917 0.0120893 0.0162562 0.0177441 0.0157807 0.0115788 0.00733092 0.00463988 0.00391405 0.00483061 0.00698238 0.0101421 0.0142114 0.0191009 0.0246649 0.0306968 0.0369601 0.0432269 0.0493035 0.0550315 0.0602631 0.0648274 0.0685058 0.0710341 0.0721382 0.0715938 0.0692874 0.0652646 0.0597411
 1.11044e-16 2.93371e-05 0.000172193 0.000818547 0.00315148 0.00982762 0.0248237 0.0507917 0.0841898 0.113056 0.123003 0.10844 0.0775012 0.0449813 0.021369 0.00863782 0.0035558 0.00234499 0.00272631 0.00376846 0.00519515 0.0069393 0.00897124 0.0112535 0.013733 0.0163404 0.0189878 0.0215662 0.0239457 0.0259795 0.0275173 0.028424 0.0286018 0.028009 0.0266704 0.0246778
 1.00867e-16 4.05607e-05 0.000238084 0.0011318 0.00435756 0.0135887 0.0343239 0.0702299 0.116409 0.156318 0.170064 0.149912 0.107099 0.0620745 0.0293226 0.0115464 0.00424043 0.00213273 0.00201242 0.00252319 0.00321059 0.00391404 0.0045408 0.00501703 0.0052911 0.00534361 0.00519101 0.00487923 0.00447028 0.00402607 0.00359498 0.00320491 0.00286351 0.00256368 0.00229145 0.00203312
 1.00845e-16 2.01547e-05 0.00011824 0.00056195 0.00216336 0.00674607 0.0170405 0.0348703 0.0578133 0.0776777 0.0846237 0.0748701 0.0540872 0.0325589 0.0176555 0.0109301 0.0103525 0.0134448 0.0186102 0.0249622 0.0318192 0.0384326 0.0439765 0.0476808 0.0490039 0.0477648 0.0441895 0.038847 0.0325055 0.0259539 0.0198462 0.0146104 0.0104306 0.00729047 0.00504524 0.00349669
 1.00848e-16 3.84947e-05 0.000225953 0.00107412 0.00413549 0.0128962 0.0325747 0.066651 0.110477 0.148355 0.161406 0.142292 0.101684 0.0589927 0.0279751 0.0112079 0.00442851 0.00264613 0.00282211 0.0036706 0.00475167 0.00589317 0.00697741 0.00789821 0.00856897 0.00893727 0.00899231 0.00876143 0.00829813 0.00766664 0.00692831 0.00613391 0.00532198 0.00452125 0.00375446 0.00304087
 1.00322e-16 3.68162e-05 0.000216091 0.00102722 0.0039549 0.012333 0.0311521 0.063741 0.105656 0.141888 0.154389 0.13615 0.0973901 0.0566949 0.027247 0.0115427 0.0055346 0.00446552 0.00541925 0.00711903 0.00905626 0.010945 0.0125382 0.0136156 0.0140232 0.0137084 0.0127333 0.0112564 0.0094925 0.00766205 0.00594789 0.00446955 0.00327873 0.0023714 0.00170836 0.00123602
 1.00309e-16 3.65503e-05 0.00021453 0.0010198 0.00392632 0.0122439 0.030927 0.0632804 0.104893 0.140863 0.153275 0.135169 0.0966928 0.0562974 0.0270721 0.0114966 0.00555499 0.00452623 0.00551646 0.00725833 0.00924558 0.0111913 0.0128454 0.0139839 0.0144478 0.0141796 0.0132368 0.0117743 0.0100049 0.0081488 0.00639052 0.00485327 0.00359385 0.00261412 0.00188083 0.00134544
 1.00275e-16 3.83415e-05 0.00022505 0.00106982 0.00411891 0.0128445 0.0324441 0.0663841 0.110036 0.147766 0.160774 0.141757 0.101347 0.0588908 0.028101 0.0115588 0.00503127 0.00355227 0.00408615 0.00532381 0.00677797 0.008212 0.0094388 0.0102941 0.0106609 0.010496 0.00983904 0.00880042 0.00753259 0.00619389 0.00491739 0.00379236 0.00286078 0.00212551 0.00156449 0.00114482
 1.01126e-16 1.77086e-05 0.000103877 0.000493659 0.00190041 0.00592606 0.0149693 0.0306326 0.0507902 0.06825 0.0743753 0.0658558 0.0476902 0.0289385 0.0161101 0.0106119 0.0107028 0.0142376 0.0198195 0.026637 0.0340131 0.0411703 0.0472387 0.0514007 0.0530731 0.0520471 0.048538 0.0431213 0.0365839 0.0297401 0.0232707 0.0176286 0.0130204 0.00944907 0.0067879 0.00485413
 1.05655e-16 1.57639e-05 9.24803e-05 0.000439525 0.00169206 0.00527638 0.013328 0.0272727 0.0452148 0.0607446 0.0661612 0.0584993 0.0421828 0.0252405 0.0134204 0.00792472 0.00716738 0.00924026 0.0129666 0.0177762 0.0233061 0.0291657 0.0348883 0.0399834 0.0440227 0.0467135 0.0479381 0.0477436 0.046298 0.0438297 0.040577 0.0367592 0.0325717 0.0281941 0.0237993 0.0195539
 1.02335e-16 3.6317e-05 0.000213167 0.00101333 0.00390144 0.0121663 0.030731 0.0628788 0.104225 0.139961 0.152278 0.134256 0.0959635 0.0557203 0.0265107 0.010775 0.00450176 0.00299168 0.00338381 0.00446527 0.00581435 0.00725536 0.00865966 0.00990864 0.0109051 0.0115894 0.0119464 0.0119996 0.0117964 0.0113901 0.0108261 0.010136 0.00934035 0.00845525 0.00750053 0.00650366
 1.00778e-16 3.13741e-05 0.000184132 0.000875258 0.00336976 0.0105082 0.0265431 0.0543114 0.0900298 0.120915 0.1316 0.116129 0.0832338 0.0487871 0.0240706 0.0112697 0.00699344 0.00722783 0.00948884 0.0126319 0.0161004 0.0194693 0.0223154 0.0242512 0.0250036 0.0244794 0.022788 0.0202095 0.0171231 0.0139174 0.010914 0.00832196 0.00623027 0.0046298 0.00345002 0.00259602
 1.00451e-16 3.61413e-05 0.000212129 0.00100838 0.00388236 0.0121068 0.0305808 0.0625719 0.103718 0.139287 0.15156 0.133659 0.0956168 0.0556799 0.0267921 0.0114075 0.00555725 0.0045755 0.00560265 0.00738647 0.00942589 0.0114351 0.0131633 0.0143838 0.014934 0.0147512 0.013887 0.0124903 0.0107679 0.00893557 0.00717544 0.00561057 0.00430022 0.00325094 0.00243561 0.00181249
 1.00452e-16 3.44218e-05 0.00020203 0.000960363 0.00369746 0.0115302 0.0291243 0.0595923 0.0987809 0.13266 0.144361 0.127337 0.0911534 0.0531997 0.0258213 0.0113761 0.00610416 0.00557539 0.00706544 0.00935991 0.0119358 0.0144541 0.0165987 0.0180815 0.0186976 0.0183723 0.0171785 0.0153147 0.0130533 0.0106765 0.00842079 0.0064439 0.00481864 0.00354766 0.00258893 0.0018812
 1.01028e-16 2.85223e-05 0.000167385 0.000795636 0.00306318 0.00955219 0.0241282 0.0493707 0.0818415 0.109923 0.119651 0.10562 0.0757769 0.0445687 0.0222736 0.0109068 0.0074149 0.008172 0.0109275 0.0146241 0.01871 0.0227252 0.0261937 0.0286705 0.0298323 0.0295517 0.027925 0.0252396 0.0218974 0.0183186 0.0148588 0.0117594 0.00913848 0.00701273 0.00533406 0.00402637
 1.01759e-16 2.94075e-05 0.000172588 0.000820382 0.00315848 0.00984939 0.0248789 0.0509061 0.0843848 0.113334 0.123348 0.108847 0.0780135 0.0457261 0.0225603 0.0105677 0.0065761 0.00683404 0.00902964 0.0121121 0.0155855 0.0190768 0.0222079 0.0246195 0.0260392 0.0263394 0.0255609 0.0238905 0.0216054 0.0190035 0.0163432 0.0138078 0.0115 0.00945717 0.00767661 0.00613859
 1.0232e-16 2.65918e-05 0.000156052 0.000741761 0.00285575 0.00890532 0.0224943 0.0460275 0.0763 0.102482 0.111556 0.098483 0.0706782 0.0416133 0.0208786 0.0103623 0.00722936 0.00811152 0.0109211 0.0146793 0.0188725 0.0230657 0.0268016 0.0296458 0.0312727 0.0315371 0.0305016 0.0284071 0.0256029 0.0224586 0.019289 0.0163111 0.0136376 0.0112981 0.00927289 0.00752399
 1.0074e-16 3.90034e-05 0.000228939 0.00108832 0.00419015 0.0130667 0.0330052 0.0675319 0.111937 0.150316 0.163541 0.144176 0.103034 0.0597844 0.0283654 0.0113885 0.00453426 0.00274348 0.00293237 0.00379013 0.00486048 0.00595755 0.00695243 0.00773286 0.0082145 0.00835705 0.0081712 0.00771178 0.0070608 0.0063062 0.00552369 0.00476653 0.00406413 0.00342713 0.00285534 0.00234478
 1.00638e-16 3.14794e-05 0.00018475 0.000878199 0.00338108 0.0105436 0.0266323 0.0544939 0.0903321 0.121321 0.132041 0.116516 0.0835067 0.0489382 0.0241287 0.0112697 0.00695734 0.00716375 0.00939714 0.0125113 0.0159521 0.0192982 0.0221309 0.0240657 0.0248305 0.0243302 0.0226694 0.0201217 0.0170594 0.0138659 0.01086 0.00825154 0.00613306 0.00450087 0.00329049 0.00241227
 1.01654e-16 2.75892e-05 0.000161909 0.000769603 0.00296295 0.00923964 0.0233387 0.0477552 0.0791634 0.106326 0.115735 0.102161 0.0732918 0.0431002 0.0215282 0.0105256 0.00714122 0.00787311 0.0105533 0.0141723 0.018213 0.0222478 0.025831 0.0285385 0.0300517 0.0302269 0.0291225 0.0269726 0.0241193 0.0209284 0.0177159 0.014705 0.0120181 0.00969469 0.00772235 0.00606541
 1.02097e-16 3.0329e-05 0.000178 0.000846121 0.00325759 0.0101585 0.0256595 0.0525032 0.0870312 0.116885 0.127204 0.112229 0.0803937 0.0470322 0.0230393 0.0105153 0.00617343 0.00613459 0.00801509 0.0107478 0.0138564 0.0170072 0.0198698 0.0221303 0.0235476 0.0240041 0.0235254 0.0222622 0.0204422 0.0183112 0.0160822 0.0139066 0.0118705 0.0100085 0.00832558 0.00681619
 1.02892e-16 2.32967e-05 0.000136702 0.000649755 0.00250148 0.00780055 0.0197038 0.0403184 0.0668388 0.0897829 0.0977547 0.086353 0.0620901 0.036793 0.0188977 0.0101007 0.0079612 0.00955956 0.0130716 0.0176052 0.0226293 0.0276404 0.0320923 0.0354644 0.0373685 0.0376349 0.0363452 0.0337957 0.0304122 0.0266428 0.0228665 0.0193412 0.0161966 0.0134606 0.0111013 0.00906556
 1.08473e-16 9.97668e-07 5.76417e-06 2.72105e-05 0.000104445 0.000325409 0.000822591 0.00168789 0.00281604 0.00383688 0.00432043 0.00415636 0.00372962 0.00370139 0.00465312 0.00693423 0.0107295 0.0161413 0.0231672 0.0316081 0.0409973 0.0506049 0.0595338 0.0668843 0.071942 0.0743221 0.074031 0.0714181 0.067051 0.061557 0.0554903 0.0492574 0.0431107 0.0371862 0.0315587 0.0262868
pSPR Fmed_Fpbrs
0.504526   0.410705 0.410705
Fs Fmed_Fpbrs
0.667827   1.005 1.005
SSBpbr Bo_Bmed_Bpbrs
948399  431072  342093 342093
Ro
18033.7
SPR SPRFo_SPRFmed_SPRFpbrs
371667 187516 152646
log_Ro
9.62
likeval ReclasPelacesDesembMPH_pf_preclas_ppelaces_ptallas_desvR_qrecl_qpela
 97.5523 91.1231 0.109637 0.000179802 344.453 200.098 71.9815 0 64.0111 1.32047e-06 0 0 0 0 0
q_reclas_q_pelaces
0.849731 1
M
0.7
N
 5026.38 62347.8 20408.6 2556.55 0.118869
 7688.44 2457.28 27926.7 8756.36 1093.35
 1108.46 3728.45 1043.55 11110.5 3899.1
 6551.1 499.162 971.592 207.798 2927.28
 54153.6 3081.88 173.518 291.05 928.018
 14241.4 26441.5 1369.16 73.5886 515.102
 55971.7 6323.08 6276.67 238.873 100.212
 70276.7 25254.1 1668.94 1272.72 67.366
 85465 29739.8 4368.37 185.933 144.356
 211558 36558.5 5522.47 538.138 39.4055
 50395.4 97272.7 10928.3 1335.79 137.451
 20780.2 23084 28362.5 2551.74 338.191
 56640.8 9661.64 7426.48 7613.2 765.021
 22743.5 24613.2 1990.39 1059.89 1162.56
 14944.6 8890.4 2523.1 105.642 112.025
 14321.7 5716.7 790.137 109.393 8.92102
 9599.08 6363.57 1363.89 138.841 20.3087
 9416.11 4370.78 1783.89 301.194 34.508
 6939.3 4377.17 1404.46 478.028 88.7139
 27406.3 3223.68 1400.45 374.057 148.829
 31403.8 12507.3 917.295 315.889 115.84
 30674 15173.3 5184.6 352.643 165.008
 42337.6 14784.8 6190.14 1948.59 193.321
 25085.7 20197.9 5636.33 2113.41 725.127
 322.971 11842.5 7184.65 1744.41 869.106
pred_Ctot
 56.1614 4420.58 2012.91 257.45 0.0119836
 129.821 258.222 4044.71 1293.95 161.74
 74.6925 1321.86 473.24 5112.67 1795.61
 248.86 109.914 285.351 62.1154 875.851
 652.792 235.035 18.3819 31.4771 100.476
 1091.76 10349.5 677.143 36.8979 258.464
 3699.86 2208.3 2808.8 108.482 45.5458
 7539.94 12553.3 1009.97 778.837 41.2487
 8592.35 14148.7 2549.85 109.806 85.305
 11323.3 10772.8 2121.82 210.092 15.3972
 2824.95 29770.9 4345.43 539.57 55.5677
 955.867 5993.16 9705.61 887.972 117.791
 5128.05 4272.23 4077.49 4232.63 425.602
 3529.36 15301.5 1435.39 770.485 845.47
 2505.9 5757.71 1875.33 79.0968 83.9081
 1090.77 2226.61 389.111 54.6191 4.45746
 576.346 2059.01 570.164 58.9381 8.62804
 434.29 1137.33 611.718 105.029 12.044
 323.138 1148.27 485.219 167.934 31.1935
 1604.1 1021.85 574.751 155.909 62.0834
 611.278 1501.94 151.193 53.1064 19.4953
 649.125 1969.58 921.236 63.8989 29.9306
 1199.48 2507.9 1421.26 455.86 45.2713
 892.803 4200.36 1569.02 598.955 205.702
 16.4153 3343.42 2654.95 655.183 326.71
F
 0.0156442 0.103145 0.146176 0.149457 0.149634
 0.023726 0.156429 0.221689 0.226666 0.226934
 0.0977999 0.644811 0.913817 0.934332 0.935438
 0.054094 0.356651 0.50544 0.516788 0.517399
 0.0168872 0.11134 0.15779 0.161332 0.161523
 0.111949 0.738097 1.04602 1.0695 1.07077
 0.0958593 0.632016 0.895684 0.915792 0.916876
 0.159953 1.0546 1.49456 1.52811 1.52992
 0.149194 0.983661 1.39403 1.42533 1.42701
 0.0769826 0.507559 0.719305 0.735454 0.736324
 0.0807579 0.53245 0.75458 0.771521 0.772434
 0.0658393 0.434089 0.615185 0.628996 0.62974
 0.133446 0.879831 1.24688 1.27488 1.27639
 0.239308 1.5778 2.23603 2.28623 2.28893
 0.260955 1.72052 2.4383 2.49304 2.49599
 0.111184 0.733054 1.03887 1.0622 1.06345
 0.0867254 0.571794 0.810339 0.828531 0.829512
 0.0660208 0.435286 0.616881 0.63073 0.631476
 0.066676 0.439605 0.623003 0.636989 0.637743
 0.0844589 0.556851 0.789161 0.806878 0.807833
 0.0273953 0.180621 0.255974 0.261721 0.26203
 0.0298153 0.196577 0.278587 0.284841 0.285178
 0.0400969 0.264365 0.374655 0.383066 0.383519
 0.0506026 0.333631 0.472818 0.483433 0.484005
 0.0729754 0.481138 0.681863 0.697171 0.697996
nmprior
 10 11 7 0
nm_flota  nm_reclas  nm_pelaces    nm_pelaL
inf 23.0534 19.8536 36.0917
cv_recla  cv_pelaces  cv_mph
0.893395 1.12326 0.435047
 ------------------------------------------------
Talla a la edad & desviación 
 7.2 14.2025 17.0495 18.207 18.6776
 1.08 2.13037 2.55742 2.73105 2.80164
