    unsorted:	 0.0006066304060 0.0008999958108 0.2999404901 3.411037391 3.931035857 8.108311807 43.89873171 44.49750332 73.22052912 80.32164214 205.1212739 135.0250823 169.2512758 522.5114340 527.4946764 549.9030065 462.8712557 419.6295397 386.2744552 332.8740961 600.3672814 728.2262603 745.2228865 779.4393555 794.6609446 816.7920676 844.4912187 865.2165135 869.6725166 880.9534459 925.9503825 961.0383131 1001.277709 1048.652080 1161.545263 1173.758378 1297.128069 1559.844920 5351.978183 194187.3414 208850.2951 298153.9742 346357.6876 420138.3713 487027.9054 550639.4264 666347.7636 713741.1752 729271.8961 840420.4649 927501.5707 1018703.669 1091024.967 1224944.807 1365659.349 1435184.651 1635406.119 1920741.122 2052974.940 2195530.525 2335103.734 2453533.322 2500172.259 2885810.690 3459791.445
      sorted:	 0.0006066304060 0.0008999958108 0.2999404901 3.411037391 3.931035857 8.108311807 43.89873171 44.49750332 73.22052912 80.32164214 135.0250823 169.2512758 205.1212739 332.8740961 386.2744552 419.6295397 462.8712557 522.5114340 527.4946764 549.9030065 600.3672814 728.2262603 745.2228865 779.4393555 794.6609446 816.7920676 844.4912187 865.2165135 869.6725166 880.9534459 925.9503825 961.0383131 1001.277709 1048.652080 1161.545263 1173.758378 1297.128069 1559.844920 5351.978183 194187.3414 208850.2951 298153.9742 346357.6876 420138.3713 487027.9054 550639.4264 666347.7636 713741.1752 729271.8961 840420.4649 927501.5707 1018703.669 1091024.967 1224944.807 1365659.349 1435184.651 1635406.119 1920741.122 2052974.940 2195530.525 2335103.734 2453533.322 2500172.259 2885810.690 3459791.445
