years
 1997 1998 1999 2000 2001 2002 2003 2004 2005 2006 2007 2008 2009 2010 2011 2012 2013 2014 2015 2016 2017 2018 2019 2020 2021
reclasobs
 0 0 0 370054 412103 1.49427e+06 250295 1.28982e+06 931140 785840 897777 1.04006e+06 184774 17550 25797 100020 73551 82996 120727 218422 84188 347160 605670 569463 516374
reclaspred
 480796 105496 197203 146689 280757 313155 697210 515824 691410 842179 702702 470511 295461 130526 84576.1 82331.6 97668.2 123546 119215 188250 294718 263072 416096 445967 377187
pelacesobs
 0 0 0 0 0 0 0 0 0 2.06254e+06 1.5e+06 0 1.87456e+06 323000 250000 174000 83755 137374 0 501740 490994 745055 786931 1.00524e+06 0
pelacespred
 690669 158887 158604 194818 333884 300004 833889 683435 869930 1.05322e+06 798507 556429 350720 125543 80236.4 84391.9 104971 135688 133990 205425 361962 316321 395732 499672 438268
mphobs
 0 0 0 0 0 112323 0 153150 637223 0 255016 313432 73983 77613 109348 50772 0 0 0 0 0 0 0 0 0
mphpred
 192918 89271.4 78502 58952.3 82199.5 158757 214856 261540 251832 320258 400096 290332 175477 93794.2 41558.5 33619.5 39509.6 51169.2 58798 63214.8 108629 135746 161779 203507 242003
desembarqueobs
 350755 77701 442110 56441 14545 235359 269955 359681 431902 328805 639364 411747 362871 311530 167758 66681 60226 58785 57116 71774 51957 67425 138520 160799 200461
desembarquepred
 350739 77679.1 441803 56434.7 14544.8 235360 269959 359516 431756 328701 639101 411696 362769 311509 167613 66667.2 60231.8 58771.8 57098.6 71751.8 51952 67406.7 138493 160780 200455
Reclutas
 26713.7 41145.4 13325.1 35132.2 66055.6 36945.1 72292 83967.6 126602 174643 65835.9 35861.7 45987.8 22434.9 15778.9 17617.3 12997.3 13425.3 13591 32769.9 39511.2 44891.1 62286.2 60657.1 6222.8
log_desv_Rt
 -0.267067 0.164866 -0.962598 0.00687415 0.638252 0.0571876 0.728469 0.878187 1.2888 1.6105 0.634921 0.0274239 0.276132 -0.441628 -0.793571 -0.683361 -0.987505 -0.955107 -0.942838 -0.0627355 0.12434 0.251995 0.579495 0.552992 -1.72402
SSB
 635645 294141 258657 194242 270840 523091 707930 861749 829762 1.05522e+06 1.31828e+06 956618 578179 309043 136931 110773 130180 168598 193734 208287 357923 447271 533048 670538 797378
BT
 1.48766e+06 425101 519442 408931 609624 721146 1.68051e+06 1.62418e+06 1.95089e+06 2.19588e+06 1.99218e+06 1.3694e+06 984528 523169 284523 206009 236952 290232 289447 426495 689862 630069 804941 1.0302e+06 955867
Ftot
 0.456227 0.588126 1.23498 0.353762 0.0495166 0.418034 0.297092 0.557481 0.55766 0.335043 0.515254 0.467681 0.780472 1.37069 1.43979 0.600375 0.442272 0.322789 0.294784 0.320727 0.129629 0.160426 0.204708 0.229738 0.247181
BD_Bspro_t
 0.938096 0.678102 0.547967 0.313823 0.519538 0.725486 0.654578 0.666912 0.625299 0.635091 0.656829 0.505999 0.387923 0.285603 0.16929 0.171644 0.257783 0.390677 0.482219 0.559107 0.706197 0.794751 0.793709 0.778537 0.742495
BD_Bspro
 0.883947 0.409041 0.359696 0.270119 0.376638 0.727426 0.984469 1.19837 1.15389 1.46742 1.83324 1.3303 0.804034 0.429765 0.190421 0.154044 0.181033 0.234457 0.269412 0.28965 0.497739 0.621989 0.741273 0.93247 1.10886
BD_Bo
 0.667448 0.308857 0.271598 0.203961 0.28439 0.549262 0.74335 0.904864 0.871278 1.10802 1.38424 1.00448 0.607107 0.324505 0.143782 0.116315 0.136694 0.177033 0.203427 0.218708 0.375831 0.469649 0.559718 0.704086 0.837273
BD_Brms
 2.25638 1.04413 0.918167 0.689511 0.961413 1.85684 2.51298 3.05899 2.94545 3.74577 4.67956 3.39576 2.05239 1.09703 0.486072 0.393217 0.462108 0.59848 0.687706 0.739366 1.27054 1.5877 1.89219 2.38024 2.83049
S_f
 0.156711 1 1 1 1
 0.156711 1 1 1 1
 0.156711 1 1 1 1
 0.156711 1 1 1 1
 0.156711 1 1 1 1
 0.156711 1 1 1 1
 0.156711 1 1 1 1
 0.156711 1 1 1 1
 0.156711 1 1 1 1
 0.156711 1 1 1 1
 0.156711 1 1 1 1
 0.156711 1 1 1 1
 0.156711 1 1 1 1
 0.156711 1 1 1 1
 0.156711 1 1 1 1
 0.156711 1 1 1 1
 0.156711 1 1 1 1
 0.156711 1 1 1 1
 0.156711 1 1 1 1
 0.156711 1 1 1 1
 0.156711 1 1 1 1
 0.156711 1 1 1 1
 0.156711 1 1 1 1
 0.156711 1 1 1 1
 0.156711 1 1 1 1
Scru_reclas
 1 1 1 1 1
 1 1 1 1 1
 1 1 1 1 1
 1 1 1 1 1
 1 1 1 1 1
 1 1 1 1 1
 1 1 1 1 1
 1 1 1 1 1
 1 1 1 1 1
 1 1 1 1 1
 1 1 1 1 1
 1 1 1 1 1
 1 1 1 1 1
 1 1 1 1 1
 1 1 1 1 1
 1 1 1 1 1
 1 1 1 1 1
 1 1 1 1 1
 1 1 1 1 1
 1 1 1 1 1
 1 1 1 1 1
 1 1 1 1 1
 1 1 1 1 1
 1 1 1 1 1
 1 1 1 1 1
Scru_pelaces
 1 1 1 1 1
 1 1 1 1 1
 1 1 1 1 1
 1 1 1 1 1
 1 1 1 1 1
 1 1 1 1 1
 1 1 1 1 1
 1 1 1 1 1
 1 1 1 1 1
 1 1 1 1 1
 1 1 1 1 1
 1 1 1 1 1
 1 1 1 1 1
 1 1 1 1 1
 1 1 1 1 1
 1 1 1 1 1
 1 1 1 1 1
 1 1 1 1 1
 1 1 1 1 1
 1 1 1 1 1
 1 1 1 1 1
 1 1 1 1 1
 1 1 1 1 1
 1 1 1 1 1
 1 1 1 1 1
pf_obs 
 0.256992 0.487395 0.22802 0.0275931 0
 0.321318 0.546541 0.124235 0.00734118 0.000564706
 0.182869 0.594174 0.210203 0.0122559 0.00049798
 0.330522 0.361315 0.267642 0.0388342 0.00168674
 0.649043 0.306663 0.0425973 0.00169635 0
 0.582887 0.30429 0.105238 0.00758474 0
 0.465427 0.430635 0.0974691 0.00646863 0
 0.296916 0.608066 0.0921331 0.00288517 0
 0.311714 0.524322 0.152257 0.0117073 0
 0.15457 0.633149 0.183074 0.0267441 0.00246327
 0.131901 0.49318 0.331252 0.0422183 0.00144891
 0.196976 0.569456 0.194076 0.0375587 0.00193317
 0.518974 0.381816 0.0799577 0.0180837 0.00116848
 0.0928022 0.601141 0.25162 0.0475244 0.00691264
 0.122501 0.610282 0.24278 0.0234846 0.000952079
 0.383417 0.481906 0.127806 0.00687128 0
 0.0376549 0.599619 0.316969 0.0457579 0
 0.0361596 0.667082 0.258105 0.0386534 0
 0.158088 0.579412 0.248529 0.0139706 0
 0.0477256 0.309471 0.559284 0.082774 0.000745712
 0.0406174 0.521527 0.379366 0.0568643 0.0016247
 0.151134 0.462217 0.34131 0.0453401 0
 0.294876 0.26143 0.354403 0.0886775 0.000613685
 0.281977 0.475581 0.204845 0.0348837 0.00271318
 0 0 0 0 0
pf_pred 
 0.175166 0.564666 0.230813 0.0293473 8.15765e-06
 0.287365 0.448041 0.181136 0.0740413 0.0094168
 0.114914 0.685717 0.125346 0.0506754 0.0233486
 0.411868 0.359266 0.177313 0.0324119 0.0191411
 0.349578 0.547244 0.0630271 0.0311065 0.0090441
 0.138444 0.670558 0.1607 0.0185081 0.0117903
 0.290155 0.395312 0.244804 0.0586674 0.0110612
 0.259571 0.555786 0.102828 0.063678 0.0181377
 0.320369 0.507282 0.12937 0.0239352 0.0190441
 0.29964 0.559104 0.105434 0.0268884 0.0089329
 0.102858 0.68406 0.170105 0.032078 0.0108985
 0.0964112 0.438305 0.354774 0.0882216 0.0222889
 0.20783 0.365288 0.207068 0.167605 0.0522084
 0.161338 0.597291 0.111302 0.0630926 0.0669762
 0.237385 0.545462 0.154655 0.028819 0.0336784
 0.305767 0.56146 0.0949662 0.0269258 0.0108809
 0.191412 0.639446 0.136793 0.0231375 0.00921119
 0.203758 0.519217 0.219076 0.0468658 0.0110827
 0.196973 0.526933 0.180037 0.0759638 0.0200934
 0.365282 0.408374 0.148523 0.0507458 0.0270751
 0.25389 0.605009 0.0907837 0.0330175 0.0173
 0.213098 0.54913 0.192806 0.0289312 0.0160353
 0.239529 0.495075 0.185203 0.0650271 0.0151657
 0.192084 0.556757 0.163508 0.0611668 0.0264851
 0.0225638 0.614591 0.250046 0.0734333 0.0393656
pobs_RECLAS
 0 0 0 0 0
 0 0 0 0 0
 0 0 0 0 0
 0 0 0 0 0
 0.835266 0.146461 0.0176864 0.000547809 3.91292e-05
 0.385257 0.428462 0.181853 0.0044286 0
 0.867414 0.0963971 0.0333333 0.00285562 0
 0.441836 0.489002 0.0689373 0.000224442 0
 0.779404 0.147425 0.0564933 0.0165055 0.000172143
 0.814271 0.122319 0.05973 0.00367925 0
 0.40263 0.566651 0.0304383 0.000280538 0
 0.475488 0.404961 0.113038 0.00651328 0
 0.955842 0.0263864 0.0167828 0.000988607 0
 0.975058 0.0227948 0.00214734 0 0
 0.738997 0.206755 0.0527124 0.00153531 0
 0.850938 0.134255 0.0134407 0.00136685 0
 0.542534 0.407297 0.0501686 0 0
 0.764087 0.199537 0.0359546 0.000420521 0
 0.470689 0.182191 0.310203 0.0369168 0
 0.84361 0.089868 0.0606195 0.00523954 0.000663233
 0.607945 0.314616 0.071237 0.00620181 0
 0.523733 0.453247 0.0230204 0 0
 0.530135 0.295979 0.169645 0.0042399 0
 0.562478 0.366248 0.0663022 0.0049721 0
 0.250443 0.683176 0.0655157 0.000865301 0
ppred_RECLAS
 0.58281 0.2856 0.116742 0.0148435 4.12603e-06
 0.728559 0.170658 0.0689944 0.0282021 0.00358683
 0.482558 0.400886 0.0732799 0.029626 0.0136501
 0.820433 0.10969 0.0541369 0.00989595 0.00584414
 0.774687 0.189571 0.0218332 0.0107756 0.00313297
 0.513079 0.378976 0.0908218 0.0104601 0.00666348
 0.726451 0.15234 0.0943389 0.0226084 0.00426259
 0.699409 0.225631 0.0417449 0.0258512 0.00736332
 0.757795 0.180784 0.0461044 0.00852994 0.0067869
 0.735965 0.210782 0.0397487 0.0101369 0.0033677
 0.431192 0.433709 0.10785 0.0203382 0.00690989
 0.412651 0.284906 0.230609 0.0573456 0.0144882
 0.640375 0.165832 0.0940037 0.0760887 0.0237013
 0.584941 0.295603 0.0550838 0.0312249 0.033147
 0.697373 0.216455 0.0613715 0.0114362 0.0133645
 0.745873 0.205525 0.0347629 0.00985633 0.00398303
 0.608672 0.309469 0.0662031 0.0111977 0.00445789
 0.62486 0.244623 0.103215 0.0220802 0.0052215
 0.614397 0.253026 0.0864513 0.0364768 0.00964861
 0.78927 0.135582 0.0493104 0.0168479 0.00898905
 0.686189 0.254464 0.0381832 0.013887 0.0072763
 0.63549 0.254369 0.0893118 0.0134015 0.00742789
 0.670341 0.214612 0.0802845 0.0281888 0.00657424
 0.605901 0.271584 0.0797585 0.029837 0.0129194
 0.130022 0.547024 0.222557 0.0653601 0.0350378
pobs_PELACES
 0 0 0 0 0
 0 0 0 0 0
 0 0 0 0 0
 0 0 0 0 0
 0 0 0 0 0
 0 0 0 0 0
 0 0 0 0 0
 0 0 0 0 0
 0 0 0 0 0
 0 0 0 0 0
 0.450072 0.473896 0.0757376 0.000293798 0
 0 0 0 0 0
 0.463077 0.371075 0.160297 0.00555027 0
 0.529543 0.364841 0.0842815 0.0213345 0
 0.631943 0.363953 0.00410389 0 0
 0.735681 0.248677 0.0153453 0.000297389 0
 0.695825 0.281241 0.0229344 0 0
 0.275771 0.60734 0.115278 0.00161068 0
 0 0 0 0 0
 0.896147 0.0623911 0.0374545 0.00400742 0
 0.803859 0.145111 0.0509908 3.86294e-05 0
 0.739449 0.233085 0.0266225 0.000797448 4.60066e-05
 0.878498 0.100942 0.0204185 0.000141795 0
 0.694673 0.275183 0.0284847 0.00165964 0
 0 0 0 0 0
ppred_PELACES
 0.613318 0.264715 0.108205 0.013758 3.8243e-06
 0.759692 0.151084 0.0610811 0.0249675 0.00317544
 0.568045 0.334655 0.0611733 0.0247315 0.0113949
 0.834482 0.101109 0.0499013 0.00912171 0.00538691
 0.777083 0.187555 0.0216011 0.010661 0.00309965
 0.542065 0.356415 0.0854152 0.00983741 0.0062668
 0.742569 0.143363 0.0887801 0.0212762 0.00401143
 0.730985 0.20193 0.0373598 0.0231357 0.00658984
 0.78513 0.160381 0.0409011 0.00756726 0.00602093
 0.75368 0.196639 0.0370818 0.00945678 0.00314174
 0.466649 0.406673 0.101128 0.0190704 0.00647916
 0.444513 0.269451 0.218099 0.0542348 0.0137023
 0.688729 0.143534 0.0813641 0.065858 0.0205145
 0.673604 0.232458 0.043317 0.0245548 0.0260662
 0.774778 0.16109 0.045674 0.00851107 0.00994618
 0.776224 0.180979 0.030611 0.00867916 0.00350732
 0.637565 0.28662 0.0613151 0.0103709 0.00412875
 0.645669 0.231054 0.0974897 0.0208555 0.00493186
 0.633641 0.240399 0.0821369 0.0346565 0.00916709
 0.803732 0.126277 0.0459264 0.0156916 0.00837215
 0.693905 0.248208 0.0372444 0.0135456 0.00709741
 0.645768 0.247197 0.0867936 0.0130237 0.00721846
 0.682805 0.206497 0.0772489 0.027123 0.00632566
 0.621059 0.261138 0.0766907 0.0286894 0.0124224
 0.138003 0.542006 0.220515 0.0647605 0.0347163
pobs_pel_tallas
 0 0 0 0 0 0 0 0 0 0 0 0 0 0 0 0 0 0 0 0 0 0 0 0 0 0 0 0 0 0 0 0 0 0 0 0
 0 0 0 0 0 0 0 0 0 0 0 0 0 0 0 0 0 0 0 0 0 0 0 0 0 0 0 0 0 0 0 0 0 0 0 0
 0 0 0 0 0 0 0 0 0 0 0 0 0 0 0 0 0 0 0 0 0 0 0 0 0 0 0 0 0 0 0 0 0 0 0 0
 0 0 0 0 0 0 0 0 0 0 0 0 0 0 0 0 0 0 0 0 0 0 0 0 0 0 0 0 0 0 0 0 0 0 0 0
 0 0 0 0 0 0 0 0 0 0 0 0 0 0 0 0 0 0 0 0 0 0 0 0 0 0 0 0 0 0 0 0 0 0 0 0
 0 0 0 0 0 0 0 0 0 0 0 0 0 0 0 0 0 0 0 0 0 0 0 0 0 0 0 0 0 0 0 0 0 0 0 0
 0 0 0 0 0 0 0 0 0 0 0 0 0 0 0 0 0 0 0 0 0 0 0 0 0 0 0 0 0 0 0 0 0 0 0 0
 0 0 0 0 0 0 0 0 0 0 0 0 0 0 0 0 0 0 0 0 0 0 0 0 0 0 0 0 0 0 0 0 0 0 0 0
 0 0 0 0 0 0 0 0 0 0 0 0 0 0 0 0 0 0 0 0 0 0 0 0 0 0 0 0 0 0 0 0 0 0 0 0
 0 0 0 0 0 0 0 0 0 0 0 0 0 0 0 0 0 0 0 0 0 0 0 0 0 0 0 0 0 0 0 0 0 0 0 0
 0 0 0 0 0 0 0 0 1.78061e-05 0.00172719 0.00360574 0.0105946 0.0120993 0.0124554 0.0147524 0.0171206 0.0266825 0.0428682 0.0675386 0.121331 0.153587 0.119568 0.100827 0.0573624 0.0630603 0.0341343 0.0324427 0.0444173 0.0211091 0.0280891 0.0125444 0.00206551 0 0 0 0
 0 0 0 0 0 0 0 0 0 0 0 0 0 0 0 0 0 0 0 0 0 0 0 0 0 0 0 0 0 0 0 0 0 0 0 0
 0 0 0 0 0 0 0.0133647 0.0140871 0.0187388 0.0205184 0.03894 0.0496705 0.03968 0.0493445 0.0407372 0.0367815 0.0215668 0.0243155 0.0234873 0.0199281 0.019796 0.0243948 0.0301388 0.0376714 0.0412746 0.0863199 0.0771752 0.113111 0.0741005 0.0525337 0.0229764 0.00759418 0.00175318 0 0 0
 0 0 0 0 0 0 0 0 0 0 0.00219441 0.00772107 0.0458388 0.0604681 0.0671733 0.0775358 0.0609151 0.0617685 0.073594 0.0568108 0.0755445 0.0548602 0.0670107 0.0636378 0.0643287 0.046367 0.0373049 0.0286899 0.0247887 0.0153202 0.00654259 0.00121912 0.000365735 0 0 0
 0 0 0 0 0 0 0 0 0 0 0 0 0.000112435 0.00938835 0.0111873 0.0202946 0.0414886 0.0713402 0.111592 0.104902 0.108894 0.110636 0.117776 0.105296 0.107544 0.0401394 0.0192827 0.0124803 0.00416011 0.0028671 0.000618394 0 0 0 0 0
 0 0 0 0 0 0 0 0 0 0 0.00291406 0.0102884 0.027416 0.0768956 0.0749926 0.110853 0.0956884 0.0897413 0.0766577 0.0534642 0.0500743 0.0551293 0.0594112 0.0620874 0.0668451 0.0424026 0.0208742 0.0120726 0.0048766 0.00582813 0.00118941 0.000297354 0 0 0 0
 0 0.00264628 0.0354308 0.0461629 0.0458689 0.0383711 0.0214643 0.0164657 0.0346957 0.0420465 0.0363128 0.0245516 0.0311673 0.0291091 0.0169068 0.0133784 0.00837989 0.0085269 0.0148486 0.0160247 0.0276389 0.0546898 0.0760071 0.122758 0.109233 0.0665981 0.0333725 0.0166128 0.00676272 0.00308733 0.000882094 0 0 0 0 0
 0 0 0 0 0 0 0 0.000805153 0.000690131 0.00759144 0.0133425 0.0154129 0.00931677 0.000345066 0.00356568 0.00563607 0.00851162 0.0253048 0.0502646 0.0516448 0.0657925 0.0565908 0.0611916 0.0827007 0.0866115 0.110766 0.145733 0.0935128 0.0569358 0.0249597 0.0138026 0.00621118 0.00161031 0.00115022 0 0
 0 0 0 0 0 0 0 0 0 0 0 0 0 0 0 0 0 0 0 0 0 0 0 0 0 0 0 0 0 0 0 0 0 0 0 0
 0.00147267 0.00158595 0.00478618 0.00569244 0.00954404 0.0108468 0.00647125 0.017049 0.0510054 0.094081 0.124002 0.0959785 0.0687766 0.0820023 0.061753 0.0591476 0.0492212 0.0479892 0.0443925 0.0268479 0.0217502 0.0140895 0.0121071 0.0120363 0.00920419 0.00665534 0.0049561 0.00860946 0.00930331 0.0156896 0.0114698 0.00855282 0.00243557 0.00046729 0 2.83206e-05
 0 0 0 0 0.000772559 0.00158375 0.000888443 0.00281984 0.00712685 0.0440552 0.0773331 0.111326 0.0921469 0.0852325 0.0710754 0.0886704 0.0786465 0.0553345 0.0373146 0.0185414 0.00753245 0.00457741 0.012979 0.0271748 0.0457355 0.0583668 0.034881 0.0177882 0.00938659 0.00492506 0.0015258 0.00185414 0.000309023 5.79419e-05 3.86279e-05 0
 0 0.00173294 0.00326652 0 0.00397197 0.00683976 0.00946217 0.0152591 0.00757587 0.0136028 0.0228656 0.0392903 0.0559909 0.0764795 0.0681675 0.0726916 0.0566044 0.0477403 0.0527397 0.0444891 0.0609904 0.0582453 0.0661739 0.0445044 0.0529084 0.0360697 0.0280645 0.0235558 0.0158879 0.00826598 0.00280645 0.00217768 0.000904811 0.00058276 9.20147e-05 0
 0 0 0 0 0 0 0 0 0 0 0 0 0 0 0 0 0 0 0 0 0 0 0 0 0 0 0 0 0 0 0 0 0 0 0 0
 0 0 0 0 0 0 0 0 0 0 0 0 0 0 0 0 0 0 0 0 0 0 0 0 0 0 0 0 0 0 0 0 0 0 0 0
 0 0 0 0 0 0 0 0 0 0 0 0 0 0 0 0 0 0 0 0 0 0 0 0 0 0 0 0 0 0 0 0 0 0 0 0
ppred_pel_tallas
 1.02096e-16 2.67672e-05 0.000157083 0.000746664 0.00287463 0.00896422 0.022643 0.0463317 0.0768038 0.103157 0.112287 0.099119 0.0711145 0.0418299 0.0209132 0.0102591 0.0070086 0.00776948 0.0104446 0.0140614 0.0181241 0.0222222 0.0259239 0.0288137 0.0305726 0.0310451 0.0302668 0.0284407 0.0258748 0.0229038 0.0198212 0.01684 0.0140851 0.0116102 0.00942493 0.00751901
 1.01923e-16 3.3145e-05 0.000194537 0.00092475 0.00356035 0.0111026 0.0280443 0.0573822 0.0951168 0.127737 0.138998 0.122594 0.0877299 0.0511456 0.0247211 0.0107199 0.00551723 0.00484956 0.00610736 0.00814961 0.0105159 0.0129333 0.0151513 0.0169343 0.0181002 0.0185573 0.0183194 0.0174918 0.0162367 0.0147293 0.0131214 0.0115208 0.00998939 0.00855371 0.0072215 0.00599513
 1.0236e-16 2.47957e-05 0.000145503 0.000691598 0.00266259 0.00830296 0.0209728 0.0429148 0.0711423 0.0955608 0.104038 0.0918863 0.0660305 0.039051 0.0199149 0.0104129 0.00793086 0.00934691 0.012712 0.01708 0.0219027 0.0266752 0.0308569 0.0339378 0.0355438 0.0355224 0.0339735 0.0312119 0.02768 0.0238387 0.0200744 0.0166456 0.0136749 0.0111761 0.00909802 0.00736593
 1.01307e-16 3.64041e-05 0.000213676 0.00101575 0.00391073 0.0121953 0.0308042 0.0630288 0.104475 0.140298 0.15265 0.134597 0.0962355 0.0559353 0.0267197 0.011044 0.00489565 0.00356816 0.00418959 0.00552836 0.00713274 0.00878648 0.0103152 0.0115586 0.0123916 0.0127486 0.0126337 0.0121123 0.0112887 0.0102778 0.00918079 0.00807204 0.00699711 0.00597931 0.00502958 0.00415464
 1.00879e-16 3.39047e-05 0.000198995 0.000945933 0.0036419 0.0113569 0.0286867 0.0586968 0.0972966 0.130667 0.142193 0.125427 0.0897899 0.0524123 0.025455 0.0112422 0.00607276 0.00558538 0.00709866 0.0094178 0.012028 0.0145948 0.0168048 0.0183718 0.0190908 0.0188848 0.0178217 0.0160925 0.0139603 0.0116972 0.00952999 0.00760862 0.00600101 0.00470855 0.00369171 0.00289506
 1.0196e-16 2.36639e-05 0.000138856 0.00065999 0.00254089 0.00792342 0.0200142 0.0409535 0.0678921 0.0911986 0.0992984 0.0877221 0.0630862 0.0374066 0.0192553 0.0103588 0.00824054 0.00993465 0.013584 0.018272 0.0234429 0.0285636 0.0330561 0.0363711 0.0381027 0.0380794 0.0363989 0.0333905 0.0295232 0.0252917 0.0211172 0.0172894 0.0139565 0.0111507 0.00883212 0.00693022
 1.02226e-16 3.23981e-05 0.000190153 0.000903908 0.0034801 0.0108524 0.0274122 0.0560889 0.0929729 0.124858 0.135865 0.11983 0.085751 0.0499902 0.0241605 0.0104749 0.00539284 0.00475077 0.00600426 0.00804656 0.0104378 0.0129212 0.0152595 0.017224 0.0186304 0.0193734 0.0194421 0.0189101 0.0179058 0.0165755 0.0150521 0.0134374 0.0118009 0.0101873 0.00862939 0.00715592
 1.017e-16 3.18952e-05 0.000187196 0.000889837 0.00342591 0.0106834 0.0269854 0.0552159 0.0915275 0.122922 0.133771 0.118014 0.0845187 0.0494068 0.0241293 0.0108864 0.00621096 0.00601268 0.0077752 0.0103704 0.0132974 0.0162124 0.0187834 0.0207022 0.0217429 0.0218116 0.0209651 0.0193885 0.0173425 0.0150986 0.0128834 0.0108478 0.00906235 0.00753489 0.00623644 0.00512613
 1.01175e-16 3.42546e-05 0.000201051 0.000955714 0.00367956 0.0114744 0.0289834 0.0593037 0.0983018 0.132015 0.143653 0.1267 0.0906682 0.052859 0.0255494 0.0110768 0.00569246 0.00498519 0.00625051 0.00829882 0.0106418 0.0129848 0.0150586 0.016615 0.0174704 0.0175454 0.0168801 0.0156172 0.0139617 0.0121294 0.0103038 0.00861083 0.00711445 0.00582913 0.00473916 0.00381717
 1.01063e-16 3.28847e-05 0.000193005 0.000917455 0.00353225 0.011015 0.027823 0.0569297 0.094368 0.126735 0.137918 0.121666 0.0871179 0.0508942 0.0247957 0.0110847 0.00618004 0.00585867 0.00752328 0.0100122 0.0128157 0.0155912 0.0180116 0.0197745 0.0206594 0.0205773 0.0195885 0.0178814 0.0157208 0.0133834 0.0111028 0.00903669 0.00726203 0.00578977 0.00459021 0.00361733
 1.02527e-16 2.03774e-05 0.000119557 0.000568231 0.00218757 0.00682161 0.0172312 0.0352597 0.058456 0.0785325 0.085532 0.075619 0.0545096 0.0325772 0.0172408 0.0100335 0.00886988 0.0112312 0.015525 0.0209264 0.026871 0.0327685 0.0379638 0.0418309 0.0439049 0.0439865 0.0421818 0.0388586 0.034544 0.0297939 0.0250818 0.0207335 0.0169163 0.0136686 0.0109494 0.00868521
 1.05688e-16 1.94069e-05 0.000113871 0.000541225 0.00208364 0.00649752 0.0164124 0.0335835 0.055674 0.0747861 0.081428 0.0719345 0.0517319 0.0306749 0.0157968 0.00852199 0.00683585 0.00833431 0.0115366 0.0157476 0.0205783 0.0256586 0.0305658 0.0348676 0.0381986 0.0403268 0.0411844 0.0408532 0.0395166 0.0373982 0.0347109 0.0316303 0.0282937 0.0248139 0.0212972 0.0178516
 1.04424e-16 3.00503e-05 0.00017637 0.000838381 0.00322781 0.0100656 0.0254249 0.0520227 0.0862332 0.115808 0.126021 0.111156 0.0795615 0.046418 0.0225025 0.00987553 0.00526263 0.00481219 0.00617337 0.0083264 0.0108664 0.0135542 0.0161648 0.018478 0.0203129 0.0215595 0.0221924 0.0222596 0.0218539 0.0210791 0.0200226 0.0187447 0.0172829 0.0156648 0.0139231 0.0121047
 1.02753e-16 2.93944e-05 0.000172511 0.000820016 0.00315707 0.009845 0.0248678 0.0508834 0.0843472 0.113283 0.123293 0.108798 0.0779781 0.0457042 0.0225468 0.0105556 0.0065579 0.00680148 0.00897201 0.0120153 0.0154325 0.018849 0.0218895 0.0242023 0.0255286 0.0257594 0.0249566 0.0233263 0.0211587 0.0187543 0.0163608 0.0141388 0.0121591 0.0104237 0.00889714 0.00753529
 1.01459e-16 3.38032e-05 0.000198401 0.000943115 0.00363106 0.0113231 0.0286013 0.0585219 0.097006 0.130275 0.141761 0.125033 0.08948 0.0521758 0.025237 0.0109725 0.00568514 0.00502425 0.00632285 0.00840795 0.0107973 0.0131979 0.015341 0.0169772 0.0179208 0.0180887 0.0175164 0.0163409 0.0147612 0.0129873 0.0111978 0.00951537 0.00800305 0.00667658 0.00552378 0.00452247
 1.00956e-16 3.3867e-05 0.000198774 0.000944884 0.00363786 0.0113443 0.0286549 0.0586317 0.0971886 0.130522 0.142033 0.125283 0.0896803 0.0523353 0.0253933 0.0111744 0.0059798 0.00545283 0.00691693 0.00918338 0.0117457 0.0142796 0.0164824 0.0180762 0.0188596 0.0187524 0.0178131 0.0162179 0.0142131 0.0120555 0.00996086 0.00807414 0.00646451 0.0051396 0.00406905 0.00320748
 1.01514e-16 2.78252e-05 0.000163293 0.000776183 0.00298828 0.00931863 0.0235383 0.0481635 0.0798406 0.107237 0.116728 0.103043 0.0739354 0.0435007 0.0217684 0.0107076 0.00734385 0.00814417 0.0109168 0.0146331 0.0187553 0.0228326 0.0263966 0.0290062 0.0303376 0.030257 0.0288481 0.0263811 0.0232385 0.0198218 0.0164714 0.0134198 0.010783 0.00858244 0.00678028 0.00531423
 1.02407e-16 2.81764e-05 0.00016536 0.00078602 0.00302617 0.0094368 0.0238367 0.0487737 0.0808506 0.108588 0.118187 0.1043 0.0747713 0.0438599 0.0217039 0.010276 0.00654519 0.00692521 0.00920708 0.0123863 0.0159848 0.0196363 0.0229644 0.0256076 0.0272864 0.0278613 0.0273566 0.0259396 0.0238671 0.0214185 0.0188379 0.0163012 0.0139117 0.0117151 0.00972339 0.00793555
 1.02864e-16 2.76522e-05 0.000162282 0.000771384 0.00296982 0.00926106 0.0233928 0.0478656 0.0793455 0.106568 0.115991 0.102369 0.0734036 0.04309 0.0213828 0.0102238 0.00664352 0.00712597 0.00950286 0.0127824 0.0164835 0.0202296 0.0236325 0.0263213 0.0280126 0.0285705 0.0280297 0.0265724 0.0244707 0.0220149 0.0194534 0.0169584 0.0146228 0.0124783 0.0105233 0.00874653
 1.01624e-16 3.50643e-05 0.000205808 0.000978336 0.00376668 0.0117461 0.0296696 0.0607074 0.100627 0.135135 0.147039 0.129666 0.0927457 0.0539794 0.0259215 0.0109495 0.00521135 0.00418279 0.00509828 0.00675998 0.00870706 0.0106931 0.0125056 0.0139481 0.014871 0.0152014 0.0149554 0.0142263 0.0131541 0.0118891 0.0105595 0.0092547 0.00802326 0.00688257 0.0058332 0.00487119
 1.01407e-16 3.02803e-05 0.00017771 0.000844731 0.00325222 0.0101417 0.0256173 0.0524171 0.0868897 0.116698 0.127012 0.112083 0.0803396 0.0471028 0.0232629 0.0109329 0.00684461 0.00713034 0.00939969 0.0125554 0.016067 0.0195286 0.0225328 0.024701 0.0257588 0.0255989 0.0243039 0.022118 0.0193804 0.0164435 0.0136021 0.0110523 0.00888521 0.00710718 0.00567266 0.00451636
 1.02098e-16 2.81813e-05 0.000165387 0.000786147 0.00302666 0.00943831 0.0238405 0.0487817 0.0808642 0.108608 0.118211 0.104329 0.0748103 0.043918 0.0217977 0.0104279 0.00678173 0.00727421 0.0096924 0.0130207 0.0167621 0.0205249 0.0239057 0.0265196 0.0280747 0.0284338 0.0276401 0.0258925 0.0234864 0.0207388 0.0179236 0.0152345 0.0127788 0.0105947 0.00867825 0.00700886
 1.02392e-16 2.97947e-05 0.000174863 0.000831203 0.00320015 0.00997934 0.0252071 0.0515775 0.085497 0.114825 0.124965 0.110259 0.0789934 0.0462358 0.0226918 0.0104289 0.00622282 0.00626624 0.00821889 0.0110304 0.0142266 0.0174696 0.020423 0.0227659 0.0242523 0.0247621 0.024321 0.0230817 0.021275 0.019149 0.0169177 0.0147317 0.0126751 0.0107805 0.00905161 0.00748326
 1.02741e-16 2.71044e-05 0.000159064 0.000756082 0.0029109 0.00907731 0.0229287 0.0469161 0.0777723 0.104457 0.1137 0.100361 0.0719939 0.0423237 0.0211161 0.0102848 0.00692911 0.00760904 0.0101977 0.0137102 0.0176495 0.02161 0.0251701 0.0279283 0.0295818 0.0299921 0.0292097 0.0274478 0.0250176 0.0222487 0.0194209 0.0167257 0.0142622 0.0120572 0.0100963 0.00835219
 1.07155e-16 6.05258e-06 3.54445e-05 0.000168322 0.000647773 0.00201977 0.00510234 0.0104443 0.0173286 0.0233205 0.0255056 0.0228029 0.0169893 0.0112612 0.00798595 0.00782442 0.0103711 0.0150445 0.0214239 0.0291392 0.0376858 0.0463555 0.0542997 0.0606807 0.0648481 0.0664755 0.0656149 0.0626474 0.0581572 0.0527753 0.0470465 0.0413558 0.0359215 0.0308339 0.0261147 0.0217665
pSPR Fmed_Fpbrs
0.577035   0.345805 0.345805
Fs Fmed_Fpbrs
0.388586   1.005 1.005
SSBpbr Bo_Bmed_Bpbrs
952351  501922  281710 281710
Ro
34891.6
SPR SPRFo_SPRFmed_SPRFpbrs
719098 414945 248668
log_Ro
10.28
likeval ReclasPelacesDesembMPH_pf_preclas_ppelaces_ptallas_desvR_qrecl_qpela
 77.8831 50.0194 0.0122464 0.000168216 286.7 192.106 70.1642 0 21.163 2.92075e-05 0 0 0 0 0
q_reclas_q_pelaces
0.46495 1
M
0.7
N
 26713.7 15867.5 6486 824.681 0.229236
 41145.4 12350.3 4993.05 2040.96 259.575
 13325.1 18633.2 3406.06 1377.02 634.458
 35132.2 5452.7 2691.14 491.927 290.512
 66055.6 16505.3 1900.94 938.195 272.777
 36945.1 32548.7 7800.31 898.376 572.299
 72292 17183 10640.9 2550.09 480.796
 83967.6 34266.1 6339.69 3925.96 1118.25
 126602 38208.9 9744.22 1802.81 1434.42
 174643 57607.6 10863.5 2770.46 920.406
 65835.9 82289.2 20462.9 3858.84 1311.04
 35861.7 30157.1 24409.8 6069.99 1533.56
 45987.8 16549.9 9381.49 7593.59 2365.37
 22434.9 20207.8 3765.59 2134.57 2265.96
 15778.9 8987.32 2548.18 474.837 554.903
 17617.3 6252.88 1057.62 299.868 121.179
 12997.3 7962.94 1703.47 288.128 114.706
 13425.3 6022.07 2540.92 543.566 128.541
 13591 6337.93 2165.48 913.691 241.683
 32769.9 6444.4 2343.79 800.801 427.261
 39511.2 15475.3 2322.13 844.544 442.511
 44891.1 19226.1 6750.52 1012.94 561.428
 62286.2 21738.8 8132.31 2855.35 665.928
 60657.1 29953.9 8796.83 3290.82 1424.92
 6222.8 29056.3 11821.5 3471.73 1861.1
pred_Ctot
 1331.09 4290.88 1753.94 223.009 0.0619898
 2619.22 4083.72 1650.99 674.858 85.8305
 1705.12 10174.9 1859.91 751.935 346.452
 1366.96 1192.37 588.486 107.572 63.5278
 367.367 575.091 66.2342 32.6894 9.50432
 1691.19 8191.34 1963.06 226.089 144.027
 2371.42 3230.86 2000.76 479.485 90.4022
 5077.27 10871.3 2011.34 1245.56 354.778
 7657.57 12125.2 3092.24 572.107 455.2
 6443.87 12023.7 2267.4 578.245 192.105
 3689.97 24540.2 6102.41 1150.78 390.977
 1830.33 8321.06 6735.26 1674.86 423.147
 3834.48 6739.58 3820.41 3092.33 963.247
 3157.59 11689.7 2178.31 1234.8 1310.81
 2322.06 5335.61 1512.81 281.903 329.436
 1143.88 2100.43 355.271 100.73 40.7059
 628.415 2099.33 449.099 75.9614 30.2408
 477.642 1217.13 513.549 109.861 25.9797
 442.436 1183.58 404.394 170.628 45.1334
 1158.6 1295.28 471.084 160.955 85.8764
 572.08 1363.24 204.56 74.3971 38.9814
 802.688 2068.44 726.252 108.977 60.401
 1416.82 2928.38 1095.48 384.636 89.7055
 1545.8 4480.5 1315.83 492.24 213.139
 170.419 4641.86 1888.54 554.624 297.319
F
 0.0714961 0.456227 0.456227 0.456227 0.456227
 0.0921661 0.588126 0.588126 0.588126 0.588126
 0.193536 1.23498 1.23498 1.23498 1.23498
 0.0554386 0.353762 0.353762 0.353762 0.353762
 0.00775982 0.0495166 0.0495166 0.0495166 0.0495166
 0.0655107 0.418034 0.418034 0.418034 0.418034
 0.0465577 0.297092 0.297092 0.297092 0.297092
 0.0873637 0.557481 0.557481 0.557481 0.557481
 0.0873917 0.55766 0.55766 0.55766 0.55766
 0.052505 0.335043 0.335043 0.335043 0.335043
 0.0807463 0.515254 0.515254 0.515254 0.515254
 0.073291 0.467681 0.467681 0.467681 0.467681
 0.122309 0.780472 0.780472 0.780472 0.780472
 0.214803 1.37069 1.37069 1.37069 1.37069
 0.225632 1.43979 1.43979 1.43979 1.43979
 0.0940857 0.600375 0.600375 0.600375 0.600375
 0.0693091 0.442272 0.442272 0.442272 0.442272
 0.0505848 0.322789 0.322789 0.322789 0.322789
 0.046196 0.294784 0.294784 0.294784 0.294784
 0.0502616 0.320727 0.320727 0.320727 0.320727
 0.0203143 0.129629 0.129629 0.129629 0.129629
 0.0251406 0.160426 0.160426 0.160426 0.160426
 0.0320801 0.204708 0.204708 0.204708 0.204708
 0.0360025 0.229738 0.229738 0.229738 0.229738
 0.0387362 0.247181 0.247181 0.247181 0.247181
nmprior
 10 11 7 0
nm_flota  nm_reclas  nm_pelaces    nm_pelaL
inf 21.6431 19.8809 36.1513
cv_recla  cv_pelaces  cv_mph
0.798264 0.832211 0.420797
 ------------------------------------------------
Talla a la edad & desviación 
 7.2 14.2025 17.0495 18.207 18.6776
 1.08 2.13037 2.55742 2.73105 2.80164
