years
 1997 1998 1999 2000 2001 2002 2003 2004 2005 2006 2007 2008 2009 2010 2011 2012 2013 2014 2015 2016 2017 2018 2019 2020 2021
reclasobs
 0 0 0 370054 412103 1.49427e+06 250295 1.28982e+06 931140 785840 897777 1.04006e+06 184774 17550 25797 100020 73551 82996 120727 218422 84188 347160 605670 569463 516374
reclaspred
 4.74723e+06 1.04904e+06 3.23236e+06 1.96247e+06 1.83907e+06 2.01477e+06 3.61688e+06 2.20819e+06 2.16617e+06 1.65032e+06 1.16237e+06 762807 484711 273661 225493 248550 307378 454863 531205 693563 960260 885613 1.52042e+06 2.20544e+06 3.65263e+06
pelacesobs
 0 0 0 0 0 0 0 0 0 2.06254e+06 1.5e+06 0 1.87456e+06 323000 250000 174000 83755 137374 0 501740 490994 745055 786931 1.00524e+06 0
pelacespred
 2.98169e+06 1.21901e+06 1.23062e+06 1.47424e+06 1.17806e+06 1.08764e+06 1.84829e+06 1.63485e+06 1.31123e+06 1.05025e+06 632601 420992 260223 125688 105733 129172 166136 242844 300198 377938 564762 553007 713356 1.17457e+06 2.00359e+06
mphobs
 0 0 0 0 0 112323 0 153150 637223 0 255016 313432 73983 77613 109348 50772 0 0 0 0 0 0 0 0 0
mphpred
 3.37265e+06 1.95848e+06 1.79163e+06 2.18233e+06 1.69088e+06 1.77405e+06 2.36603e+06 2.57052e+06 1.97477e+06 1.74212e+06 1.24992e+06 803276 518746 315230 197270 201358 241887 341139 451523 537290 744804 858277 1.00492e+06 1.61823e+06 2.75212e+06
desembarqueobs
 350755 77701 442110 56441 14545 235359 269955 359681 431902 328805 639364 411747 362871 311530 167758 66681 60226 58785 57116 71774 51957 67425 138520 160799 200461
desembarquepred
 350908 77766.8 441843 56387 14545.1 235377 269853 359306 431909 328712 639098 412003 363858 312551 167471 66560.7 60223.3 58832.5 57178.6 71837.2 52042.1 67497.2 138716 160492 200076
Reclutas
 152720 141844 69730.5 110987 114838 98609 159236 120722 134474 75170.3 66070 51775.7 53644.6 36476.6 24521.3 26390.2 23376.1 29651.8 34695.5 49630.4 68867 69409.7 171610 215130 323336
log_desv_Rt
 0.696362 0.62248 -0.0876068 0.377172 0.41128 0.258918 0.738142 0.461246 0.569129 -0.0124883 -0.141529 -0.385323 -0.349864 -0.735574 -1.1327 -1.05925 -1.18053 -0.942721 -0.785634 -0.427642 -0.100067 -0.0922182 0.812978 1.039 1.44645
SSB
 3.37265e+06 1.95848e+06 1.79163e+06 2.18233e+06 1.69088e+06 1.77405e+06 2.36603e+06 2.57052e+06 1.97477e+06 1.74212e+06 1.24992e+06 803276 518746 315230 197270 201358 241887 341139 451523 537290 744804 858277 1.00492e+06 1.61823e+06 2.75212e+06
BT
 7.98455e+06 2.43803e+06 2.94344e+06 3.02148e+06 2.42309e+06 2.27775e+06 4.55989e+06 3.77691e+06 3.28194e+06 2.42071e+06 1.91323e+06 1.2883e+06 945021 569107 392481 340014 424995 592820 673359 886757 1.33115e+06 1.15248e+06 1.66213e+06 2.72833e+06 4.56659e+06
Ftot
 0.0721494 0.0723541 0.132889 0.0281115 0.00774657 0.113709 0.0728217 0.157993 0.193195 0.192884 0.519094 0.510579 0.699107 1.0276 0.69332 0.258439 0.189951 0.125872 0.104858 0.100939 0.0529589 0.0743718 0.0889757 0.0710414 0.0535232
BD_Bspro_t
 0.989458 0.93451 0.898957 0.832604 0.868527 0.902129 0.866711 0.861464 0.801925 0.74255 0.652783 0.477819 0.378229 0.297564 0.22048 0.253477 0.363991 0.533449 0.659808 0.746497 0.819028 0.872366 0.87292 0.888047 0.901018
BD_Bspro
 2.14997 1.24848 1.14212 1.39118 1.07789 1.13091 1.50828 1.63864 1.25886 1.11056 0.79679 0.512067 0.330687 0.200951 0.125754 0.128361 0.154196 0.217467 0.287834 0.342508 0.474793 0.547128 0.64061 1.03158 1.7544
BD_Bo
 1.82802 1.06152 0.971088 1.18285 0.916481 0.961559 1.28242 1.39326 1.07035 0.944255 0.677474 0.435387 0.281168 0.170859 0.106923 0.109139 0.131106 0.184902 0.244732 0.291219 0.403694 0.465198 0.544681 0.877106 1.49169
BD_Brms
 8.93081 5.18608 4.74426 5.77884 4.47747 4.6977 6.26528 6.80677 5.22922 4.61316 3.3098 2.12709 1.37365 0.834734 0.522373 0.5332 0.64052 0.903341 1.19564 1.42275 1.97225 2.27273 2.66104 4.28511 7.28764
S_f
 0.5 1 1 1 1
 0.5 1 1 1 1
 0.5 1 1 1 1
 0.5 1 1 1 1
 0.5 1 1 1 1
 0.5 1 1 1 1
 0.5 1 1 1 1
 0.5 1 1 1 1
 0.5 1 1 1 1
 0.5 1 1 1 1
 0.5 1 1 1 1
 0.5 1 1 1 1
 0.5 1 1 1 1
 0.5 1 1 1 1
 0.5 1 1 1 1
 0.5 1 1 1 1
 0.5 1 1 1 1
 0.5 1 1 1 1
 0.5 1 1 1 1
 0.5 1 1 1 1
 0.5 1 1 1 1
 0.5 1 1 1 1
 0.5 1 1 1 1
 0.5 1 1 1 1
 0.5 1 1 1 1
Scru_reclas
 0.5 1 1 1 1
 0.5 1 1 1 1
 0.5 1 1 1 1
 0.5 1 1 1 1
 0.5 1 1 1 1
 0.5 1 1 1 1
 0.5 1 1 1 1
 0.5 1 1 1 1
 0.5 1 1 1 1
 0.5 1 1 1 1
 0.5 1 1 1 1
 0.5 1 1 1 1
 0.5 1 1 1 1
 0.5 1 1 1 1
 0.5 1 1 1 1
 0.5 1 1 1 1
 0.5 1 1 1 1
 0.5 1 1 1 1
 0.5 1 1 1 1
 0.5 1 1 1 1
 0.5 1 1 1 1
 0.5 1 1 1 1
 0.5 1 1 1 1
 0.5 1 1 1 1
 0.5 1 1 1 1
Scru_pelaces
 0.5 1 1 1 1
 0.5 1 1 1 1
 0.5 1 1 1 1
 0.5 1 1 1 1
 0.5 1 1 1 1
 0.5 1 1 1 1
 0.5 1 1 1 1
 0.5 1 1 1 1
 0.5 1 1 1 1
 0.5 1 1 1 1
 0.5 1 1 1 1
 0.5 1 1 1 1
 0.5 1 1 1 1
 0.5 1 1 1 1
 0.5 1 1 1 1
 0.5 1 1 1 1
 0.5 1 1 1 1
 0.5 1 1 1 1
 0.5 1 1 1 1
 0.5 1 1 1 1
 0.5 1 1 1 1
 0.5 1 1 1 1
 0.5 1 1 1 1
 0.5 1 1 1 1
 0.5 1 1 1 1
pf_obs 
 0.256992 0.487395 0.22802 0.0275931 0
 0.321318 0.546541 0.124235 0.00734118 0.000564706
 0.182869 0.594174 0.210203 0.0122559 0.00049798
 0.330522 0.361315 0.267642 0.0388342 0.00168674
 0.649043 0.306663 0.0425973 0.00169635 0
 0.582887 0.30429 0.105238 0.00758474 0
 0.465427 0.430635 0.0974691 0.00646863 0
 0.296916 0.608066 0.0921331 0.00288517 0
 0.311714 0.524322 0.152257 0.0117073 0
 0.15457 0.633149 0.183074 0.0267441 0.00246327
 0.131901 0.49318 0.331252 0.0422183 0.00144891
 0.196976 0.569456 0.194076 0.0375587 0.00193317
 0.518974 0.381816 0.0799577 0.0180837 0.00116848
 0.0928022 0.601141 0.25162 0.0475244 0.00691264
 0.122501 0.610282 0.24278 0.0234846 0.000952079
 0.383417 0.481906 0.127806 0.00687128 0
 0.0376549 0.599619 0.316969 0.0457579 0
 0.0361596 0.667082 0.258105 0.0386534 0
 0.158088 0.579412 0.248529 0.0139706 0
 0.0477256 0.309471 0.559284 0.082774 0.000745712
 0.0406174 0.521527 0.379366 0.0568643 0.0016247
 0.151134 0.462217 0.34131 0.0453401 0
 0.294876 0.26143 0.354403 0.0886775 0.000613685
 0.281977 0.475581 0.204845 0.0348837 0.00271318
 0 0 0 0 0
pf_pred 
 0.463233 0.270216 0.134186 0.0666346 0.0657306
 0.385859 0.391737 0.111961 0.0555984 0.0548441
 0.228869 0.433272 0.215508 0.0615937 0.0607581
 0.396551 0.230106 0.209768 0.104338 0.0592366
 0.376205 0.355457 0.102322 0.0932787 0.0727374
 0.327455 0.368059 0.173505 0.0499452 0.0810353
 0.467169 0.267153 0.145395 0.0685401 0.0517416
 0.344495 0.420541 0.117808 0.0641155 0.0530411
 0.39852 0.314961 0.183817 0.0514931 0.0512086
 0.27376 0.423651 0.158449 0.0924734 0.0516666
 0.324656 0.299418 0.219295 0.0820184 0.0746116
 0.375119 0.330163 0.130665 0.0956999 0.0683529
 0.474316 0.306214 0.115959 0.0458921 0.0576184
 0.449104 0.380091 0.0994951 0.0376776 0.0336327
 0.473371 0.364093 0.112142 0.029355 0.0210394
 0.527269 0.325589 0.101728 0.0313328 0.0140803
 0.427434 0.40428 0.115906 0.0362141 0.0161665
 0.46895 0.324898 0.145561 0.0417319 0.0188596
 0.45358 0.353347 0.118123 0.0529215 0.0220292
 0.494708 0.31884 0.120571 0.0403065 0.0255751
 0.49837 0.335232 0.104997 0.0397051 0.0216955
 0.414537 0.391392 0.129695 0.0406213 0.0237547
 0.608978 0.231162 0.106869 0.035413 0.0175778
 0.50513 0.376871 0.069758 0.03225 0.0159911
 0.517347 0.326082 0.119238 0.0220706 0.0152629
pobs_RECLAS
 0 0 0 0 0
 0 0 0 0 0
 0 0 0 0 0
 0 0 0 0 0
 0.835266 0.146461 0.0176864 0.000547809 3.91292e-05
 0.385257 0.428462 0.181853 0.0044286 0
 0.867414 0.0963971 0.0333333 0.00285562 0
 0.441836 0.489002 0.0689373 0.000224442 0
 0.779404 0.147425 0.0564933 0.0165055 0.000172143
 0.814271 0.122319 0.05973 0.00367925 0
 0.40263 0.566651 0.0304383 0.000280538 0
 0.475488 0.404961 0.113038 0.00651328 0
 0.955842 0.0263864 0.0167828 0.000988607 0
 0.975058 0.0227948 0.00214734 0 0
 0.738997 0.206755 0.0527124 0.00153531 0
 0.850938 0.134255 0.0134407 0.00136685 0
 0.542534 0.407297 0.0501686 0 0
 0.764087 0.199537 0.0359546 0.000420521 0
 0.470689 0.182191 0.310203 0.0369168 0
 0.84361 0.089868 0.0606195 0.00523954 0.000663233
 0.607945 0.314616 0.071237 0.00620181 0
 0.523733 0.453247 0.0230204 0 0
 0.530135 0.295979 0.169645 0.0042399 0
 0.562478 0.366248 0.0663022 0.0049721 0
 0.250443 0.683176 0.0655157 0.000865301 0
ppred_RECLAS
 0.463791 0.269935 0.134046 0.0665652 0.0656622
 0.386393 0.391396 0.111864 0.05555 0.0547964
 0.229643 0.432837 0.215291 0.0615318 0.0606971
 0.396752 0.230029 0.209699 0.104303 0.0592169
 0.376258 0.355427 0.102313 0.0932707 0.0727312
 0.328267 0.367615 0.173296 0.049885 0.0809376
 0.467734 0.26687 0.145241 0.0684675 0.0516868
 0.345699 0.419768 0.117591 0.0639977 0.0529436
 0.400133 0.314117 0.183324 0.0513551 0.0510714
 0.275096 0.422871 0.158158 0.0923033 0.0515716
 0.329742 0.297164 0.217644 0.0814008 0.0740498
 0.38043 0.327357 0.129555 0.0948865 0.067772
 0.482997 0.301157 0.114045 0.0451343 0.056667
 0.464176 0.369691 0.0967729 0.0366467 0.0327125
 0.481949 0.358162 0.110315 0.0288769 0.0206967
 0.529636 0.323959 0.101219 0.0311759 0.0140098
 0.429047 0.403141 0.115579 0.036112 0.0161209
 0.469977 0.32427 0.145279 0.0416512 0.0188231
 0.454415 0.352807 0.117943 0.0528407 0.0219956
 0.495515 0.31833 0.120378 0.0402421 0.0255342
 0.498775 0.334962 0.104912 0.0396731 0.021678
 0.4151 0.391015 0.12957 0.0405823 0.0237319
 0.609648 0.230766 0.106686 0.0353524 0.0175477
 0.505682 0.37645 0.0696802 0.032214 0.0159733
 0.517756 0.325806 0.119137 0.022052 0.01525
pobs_PELACES
 0 0 0 0 0
 0 0 0 0 0
 0 0 0 0 0
 0 0 0 0 0
 0 0 0 0 0
 0 0 0 0 0
 0 0 0 0 0
 0 0 0 0 0
 0 0 0 0 0
 0 0 0 0 0
 0.450072 0.473896 0.0757376 0.000293798 0
 0 0 0 0 0
 0.463077 0.371075 0.160297 0.00555027 0
 0.529543 0.364841 0.0842815 0.0213345 0
 0.631943 0.363953 0.00410389 0 0
 0.735681 0.248677 0.0153453 0.000297389 0
 0.695825 0.281241 0.0229344 0 0
 0.275771 0.60734 0.115278 0.00161068 0
 0 0 0 0 0
 0.896147 0.0623911 0.0374545 0.00400742 0
 0.803859 0.145111 0.0509908 3.86294e-05 0
 0.739449 0.233085 0.0266225 0.000797448 4.60066e-05
 0.878498 0.100942 0.0204185 0.000141795 0
 0.694673 0.275183 0.0284847 0.00165964 0
 0 0 0 0 0
ppred_PELACES
 0.466753 0.268444 0.133306 0.0661976 0.0652995
 0.389227 0.389589 0.111347 0.0552934 0.0545433
 0.233545 0.430644 0.214201 0.0612202 0.0603896
 0.397862 0.229606 0.209313 0.104111 0.0591079
 0.376558 0.355256 0.102264 0.0932259 0.0726962
 0.332417 0.365344 0.172225 0.0495767 0.0804375
 0.470727 0.26537 0.144425 0.0680826 0.0513962
 0.351619 0.41597 0.116527 0.0634187 0.0524646
 0.407808 0.310098 0.180978 0.050698 0.0504179
 0.281488 0.419143 0.156763 0.0914894 0.0511169
 0.34894 0.288652 0.21141 0.0790692 0.0719288
 0.400477 0.316765 0.125363 0.0918164 0.0655791
 0.511826 0.284364 0.107685 0.0426175 0.0535071
 0.506503 0.340488 0.0891284 0.0337519 0.0301284
 0.510539 0.338396 0.104227 0.0272832 0.0195545
 0.540244 0.316653 0.0989363 0.0304728 0.0136939
 0.436741 0.397708 0.114022 0.0356254 0.0159037
 0.475153 0.321103 0.143861 0.0412444 0.0186393
 0.458707 0.350031 0.117015 0.0524249 0.0218225
 0.499679 0.315703 0.119385 0.03991 0.0253235
 0.500959 0.333502 0.104455 0.0395002 0.0215835
 0.418083 0.389021 0.128909 0.0403753 0.0236109
 0.613136 0.228704 0.105733 0.0350365 0.0173909
 0.508612 0.374219 0.0692672 0.0320231 0.0158786
 0.51996 0.324316 0.118592 0.0219511 0.0151803
pobs_pel_tallas
 0 0 0 0 0 0 0 0 0 0 0 0 0 0 0 0 0 0 0 0 0 0 0 0 0 0 0 0 0 0 0 0 0 0 0 0
 0 0 0 0 0 0 0 0 0 0 0 0 0 0 0 0 0 0 0 0 0 0 0 0 0 0 0 0 0 0 0 0 0 0 0 0
 0 0 0 0 0 0 0 0 0 0 0 0 0 0 0 0 0 0 0 0 0 0 0 0 0 0 0 0 0 0 0 0 0 0 0 0
 0 0 0 0 0 0 0 0 0 0 0 0 0 0 0 0 0 0 0 0 0 0 0 0 0 0 0 0 0 0 0 0 0 0 0 0
 0 0 0 0 0 0 0 0 0 0 0 0 0 0 0 0 0 0 0 0 0 0 0 0 0 0 0 0 0 0 0 0 0 0 0 0
 0 0 0 0 0 0 0 0 0 0 0 0 0 0 0 0 0 0 0 0 0 0 0 0 0 0 0 0 0 0 0 0 0 0 0 0
 0 0 0 0 0 0 0 0 0 0 0 0 0 0 0 0 0 0 0 0 0 0 0 0 0 0 0 0 0 0 0 0 0 0 0 0
 0 0 0 0 0 0 0 0 0 0 0 0 0 0 0 0 0 0 0 0 0 0 0 0 0 0 0 0 0 0 0 0 0 0 0 0
 0 0 0 0 0 0 0 0 0 0 0 0 0 0 0 0 0 0 0 0 0 0 0 0 0 0 0 0 0 0 0 0 0 0 0 0
 0 0 0 0 0 0 0 0 0 0 0 0 0 0 0 0 0 0 0 0 0 0 0 0 0 0 0 0 0 0 0 0 0 0 0 0
 0 0 0 0 0 0 0 0 1.78061e-05 0.00172719 0.00360574 0.0105946 0.0120993 0.0124554 0.0147524 0.0171206 0.0266825 0.0428682 0.0675386 0.121331 0.153587 0.119568 0.100827 0.0573624 0.0630603 0.0341343 0.0324427 0.0444173 0.0211091 0.0280891 0.0125444 0.00206551 0 0 0 0
 0 0 0 0 0 0 0 0 0 0 0 0 0 0 0 0 0 0 0 0 0 0 0 0 0 0 0 0 0 0 0 0 0 0 0 0
 0 0 0 0 0 0 0.0133647 0.0140871 0.0187388 0.0205184 0.03894 0.0496705 0.03968 0.0493445 0.0407372 0.0367815 0.0215668 0.0243155 0.0234873 0.0199281 0.019796 0.0243948 0.0301388 0.0376714 0.0412746 0.0863199 0.0771752 0.113111 0.0741005 0.0525337 0.0229764 0.00759418 0.00175318 0 0 0
 0 0 0 0 0 0 0 0 0 0 0.00219441 0.00772107 0.0458388 0.0604681 0.0671733 0.0775358 0.0609151 0.0617685 0.073594 0.0568108 0.0755445 0.0548602 0.0670107 0.0636378 0.0643287 0.046367 0.0373049 0.0286899 0.0247887 0.0153202 0.00654259 0.00121912 0.000365735 0 0 0
 0 0 0 0 0 0 0 0 0 0 0 0 0.000112435 0.00938835 0.0111873 0.0202946 0.0414886 0.0713402 0.111592 0.104902 0.108894 0.110636 0.117776 0.105296 0.107544 0.0401394 0.0192827 0.0124803 0.00416011 0.0028671 0.000618394 0 0 0 0 0
 0 0 0 0 0 0 0 0 0 0 0.00291406 0.0102884 0.027416 0.0768956 0.0749926 0.110853 0.0956884 0.0897413 0.0766577 0.0534642 0.0500743 0.0551293 0.0594112 0.0620874 0.0668451 0.0424026 0.0208742 0.0120726 0.0048766 0.00582813 0.00118941 0.000297354 0 0 0 0
 0 0.00264628 0.0354308 0.0461629 0.0458689 0.0383711 0.0214643 0.0164657 0.0346957 0.0420465 0.0363128 0.0245516 0.0311673 0.0291091 0.0169068 0.0133784 0.00837989 0.0085269 0.0148486 0.0160247 0.0276389 0.0546898 0.0760071 0.122758 0.109233 0.0665981 0.0333725 0.0166128 0.00676272 0.00308733 0.000882094 0 0 0 0 0
 0 0 0 0 0 0 0 0.000805153 0.000690131 0.00759144 0.0133425 0.0154129 0.00931677 0.000345066 0.00356568 0.00563607 0.00851162 0.0253048 0.0502646 0.0516448 0.0657925 0.0565908 0.0611916 0.0827007 0.0866115 0.110766 0.145733 0.0935128 0.0569358 0.0249597 0.0138026 0.00621118 0.00161031 0.00115022 0 0
 0 0 0 0 0 0 0 0 0 0 0 0 0 0 0 0 0 0 0 0 0 0 0 0 0 0 0 0 0 0 0 0 0 0 0 0
 0.00147267 0.00158595 0.00478618 0.00569244 0.00954404 0.0108468 0.00647125 0.017049 0.0510054 0.094081 0.124002 0.0959785 0.0687766 0.0820023 0.061753 0.0591476 0.0492212 0.0479892 0.0443925 0.0268479 0.0217502 0.0140895 0.0121071 0.0120363 0.00920419 0.00665534 0.0049561 0.00860946 0.00930331 0.0156896 0.0114698 0.00855282 0.00243557 0.00046729 0 2.83206e-05
 0 0 0 0 0.000772559 0.00158375 0.000888443 0.00281984 0.00712685 0.0440552 0.0773331 0.111326 0.0921469 0.0852325 0.0710754 0.0886704 0.0786465 0.0553345 0.0373146 0.0185414 0.00753245 0.00457741 0.012979 0.0271748 0.0457355 0.0583668 0.034881 0.0177882 0.00938659 0.00492506 0.0015258 0.00185414 0.000309023 5.79419e-05 3.86279e-05 0
 0 0.00173294 0.00326652 0 0.00397197 0.00683976 0.00946217 0.0152591 0.00757587 0.0136028 0.0228656 0.0392903 0.0559909 0.0764795 0.0681675 0.0726916 0.0566044 0.0477403 0.0527397 0.0444891 0.0609904 0.0582453 0.0661739 0.0445044 0.0529084 0.0360697 0.0280645 0.0235558 0.0158879 0.00826598 0.00280645 0.00217768 0.000904811 0.00058276 9.20147e-05 0
 0 0 0 0 0 0 0 0 0 0 0 0 0 0 0 0 0 0 0 0 0 0 0 0 0 0 0 0 0 0 0 0 0 0 0 0
 0 0 0 0 0 0 0 0 0 0 0 0 0 0 0 0 0 0 0 0 0 0 0 0 0 0 0 0 0 0 0 0 0 0 0 0
 0 0 0 0 0 0 0 0 0 0 0 0 0 0 0 0 0 0 0 0 0 0 0 0 0 0 0 0 0 0 0 0 0 0 0 0
ppred_pel_tallas
 1.07306e-16 2.03763e-05 0.000119563 0.000568288 0.00218784 0.00682248 0.0172332 0.0352629 0.0584575 0.0785229 0.0854913 0.0755111 0.0542756 0.0321253 0.0164354 0.00868841 0.00675339 0.00809025 0.0111311 0.0151398 0.0197124 0.024478 0.0290258 0.0329477 0.0359154 0.0377434 0.0384146 0.0380565 0.0368844 0.0351312 0.0329914 0.0305956 0.0280149 0.0252857 0.02244 0.0195264
 1.06157e-16 1.70007e-05 9.97341e-05 0.000473995 0.00182475 0.00569016 0.0143732 0.029412 0.048763 0.0655158 0.071369 0.0631306 0.0455796 0.0273857 0.0147604 0.00901201 0.00843278 0.0109507 0.0152556 0.0206595 0.0266681 0.0327431 0.0382752 0.0426746 0.0454937 0.0465232 0.0458279 0.0437064 0.040595 0.0369509 0.033154 0.0294544 0.0259709 0.0227252 0.0196918 0.0168403
 1.08107e-16 1.02141e-05 5.98867e-05 0.000284546 0.0010953 0.00341541 0.00862746 0.0176561 0.029279 0.0393575 0.0429253 0.038093 0.0277701 0.0172214 0.0102596 0.00777298 0.00884489 0.0123207 0.0174525 0.023785 0.0308799 0.0381769 0.0450092 0.0507112 0.0547537 0.0568498 0.0569988 0.0554494 0.0526054 0.0489093 0.0447443 0.0403833 0.0359878 0.0316403 0.0273886 0.0232811
 1.09386e-16 1.73709e-05 0.000101922 0.000484428 0.00186497 0.00581563 0.01469 0.0300589 0.049831 0.0669369 0.0728808 0.0643818 0.0462961 0.0274438 0.0141203 0.00760255 0.00609267 0.00744975 0.0103668 0.014249 0.0187838 0.0236804 0.0285996 0.0331835 0.0371146 0.0401674 0.042233 0.0433072 0.0434558 0.0427715 0.0413426 0.0392434 0.0365437 0.0333284 0.0297129 0.0258475
 1.08168e-16 1.64467e-05 9.64853e-05 0.000458558 0.00176532 0.00550485 0.0139051 0.0284539 0.0471741 0.0633793 0.0690372 0.0610575 0.0440602 0.0264276 0.0141631 0.00852534 0.00785746 0.0101545 0.0141572 0.0192191 0.0248941 0.0307034 0.0361039 0.0405661 0.0436824 0.0452526 0.0453137 0.0441033 0.0419739 0.0392906 0.0363471 0.0333258 0.0303023 0.027282 0.0242478 0.0211976
 1.08026e-16 1.45226e-05 8.51878e-05 0.000404844 0.00155851 0.0048599 0.012276 0.0251209 0.0416499 0.0559629 0.060973 0.0539595 0.0390124 0.0235492 0.0128937 0.00818681 0.00799759 0.0105837 0.014848 0.0202132 0.0262512 0.0324768 0.0383272 0.0432435 0.0467821 0.0487045 0.0490116 0.0479119 0.0457406 0.0428598 0.039577 0.0361031 0.0325547 0.0289842 0.0254208 0.0219014
 1.06878e-16 2.05494e-05 0.00012058 0.000573123 0.00220646 0.00688054 0.0173799 0.0355629 0.0589547 0.0791904 0.0862168 0.0761493 0.0547284 0.0323817 0.0165451 0.00871211 0.00673184 0.00804167 0.0110609 0.0150499 0.0196058 0.0243607 0.0289066 0.0328361 0.0358189 0.0376642 0.038347 0.0379863 0.0367898 0.0349866 0.0327726 0.0302845 0.027604 0.0247802 0.0218572 0.018893
 1.06421e-16 1.53618e-05 9.01104e-05 0.000428238 0.00164856 0.00514072 0.0129854 0.0265726 0.0440576 0.0591997 0.0645045 0.0570962 0.0413048 0.0249813 0.0137628 0.00886121 0.00876445 0.0116234 0.0162596 0.0220298 0.0284339 0.034903 0.0407876 0.0454578 0.0484363 0.0495004 0.0487211 0.0464189 0.0430622 0.0391416 0.0350646 0.0311 0.0273755 0.0239146 0.0206895 0.0176667
 1.06768e-16 1.78078e-05 0.00010448 0.000496572 0.0019117 0.00596133 0.0150581 0.0308127 0.0510826 0.068624 0.0747335 0.0660557 0.0475807 0.0283671 0.0148905 0.00848506 0.00732868 0.00923367 0.0128414 0.0174881 0.0227607 0.0282378 0.0334382 0.0378797 0.0411713 0.0430885 0.0436056 0.042871 0.0411438 0.0387136 0.035835 0.0326936 0.0294075 0.0260495 0.0226771 0.0193533
 1.07894e-16 1.2304e-05 7.21577e-05 0.000342888 0.00131994 0.00411593 0.0103969 0.0212764 0.0352792 0.047413 0.0516845 0.0458031 0.0332539 0.0203501 0.0116427 0.00814866 0.00870677 0.0118784 0.0167408 0.0227651 0.0294942 0.0363743 0.0427582 0.0480084 0.051628 0.0533642 0.053247 0.0515494 0.0486908 0.0451171 0.0412031 0.0372011 0.0332423 0.0293724 0.0256019 0.0219448
 1.09173e-16 1.524e-05 8.94065e-05 0.000424916 0.00163581 0.005101 0.0128849 0.0263662 0.0437119 0.0587254 0.0639616 0.0565539 0.0407786 0.0243971 0.0129652 0.00764377 0.00689689 0.00887694 0.0124433 0.0170431 0.022327 0.0279251 0.0334026 0.0383116 0.0422732 0.0450451 0.0465515 0.0468638 0.0461479 0.0445998 0.0423939 0.0396615 0.0364971 0.0329819 0.0292085 0.0252942
 1.08102e-16 1.74882e-05 0.000102603 0.00048765 0.00187735 0.00585421 0.0147875 0.0302591 0.0501651 0.0673924 0.0733944 0.0648774 0.0467433 0.0278903 0.0146808 0.00842785 0.00734458 0.00928282 0.0129052 0.0175524 0.0228077 0.0282447 0.0333808 0.0377394 0.0409441 0.0427938 0.0432911 0.0426121 0.0410349 0.0388539 0.0363099 0.0335578 0.0306723 0.0276787 0.0245917 0.0214445
 1.05586e-16 2.23423e-05 0.000131104 0.000623152 0.00239908 0.00748121 0.0188971 0.0386674 0.0641009 0.0861019 0.0937386 0.0827857 0.0594824 0.0351626 0.0179053 0.00932522 0.00707217 0.00834524 0.0114095 0.015444 0.0199963 0.0246572 0.0289818 0.0325373 0.0349877 0.0361632 0.036086 0.0349435 0.0330216 0.0306239 0.0280044 0.0253326 0.0226944 0.0201168 0.0176023 0.0151561
 1.03944e-16 2.21125e-05 0.000129749 0.000616701 0.00237422 0.00740367 0.0187013 0.0382673 0.0634392 0.085218 0.0927894 0.0819784 0.0589698 0.0349946 0.0180677 0.00980919 0.00791307 0.00961743 0.0131961 0.0178003 0.0229162 0.0280471 0.0326511 0.0362089 0.0383314 0.0388441 0.0378199 0.0355424 0.0324214 0.0288866 0.0252988 0.0219001 0.0188087 0.0160475 0.0135864 0.0113813
 1.03441e-16 2.22884e-05 0.000130783 0.000621613 0.00239313 0.00746265 0.0188503 0.038572 0.0639443 0.0858962 0.0935269 0.0826277 0.0594319 0.0352591 0.0181864 0.00984553 0.00791071 0.00959753 0.0131668 0.0177657 0.0228801 0.0280148 0.0326281 0.036199 0.0383342 0.0388526 0.0378188 0.0355088 0.0323271 0.0287026 0.0250011 0.0214746 0.018255 0.01538 0.0128329 0.0105788
 1.03195e-16 2.35828e-05 0.000138384 0.000657754 0.00253229 0.00789663 0.0199465 0.0408147 0.0676609 0.0908848 0.0989484 0.0873932 0.0628069 0.0371553 0.0189693 0.0099561 0.00763538 0.00904649 0.0123465 0.0166478 0.0214422 0.02626 0.030593 0.0339533 0.0359717 0.0364774 0.0355288 0.0333821 0.0304137 0.0270235 0.023553 0.0202381 0.0172036 0.0144868 0.0120748 0.00993738
 1.03716e-16 1.90729e-05 0.000111899 0.000531827 0.00204741 0.00638452 0.0161271 0.0330007 0.0547115 0.0735038 0.0800601 0.0707932 0.0510569 0.0305662 0.0162731 0.00962348 0.00867771 0.01109 0.0153782 0.0207725 0.0267385 0.0327092 0.03805 0.0421496 0.0445484 0.0450386 0.0437031 0.0408747 0.0370377 0.0327046 0.0283113 0.0241575 0.0203983 0.0170751 0.0141624 0.0116118
 1.04435e-16 2.07448e-05 0.000121722 0.000578539 0.00222729 0.00694549 0.017544 0.0358991 0.0595135 0.0799455 0.0870506 0.0769135 0.055338 0.0328633 0.017013 0.00931396 0.00761252 0.00932968 0.0128598 0.0174209 0.0225428 0.0277671 0.0325839 0.0364939 0.0391064 0.0402194 0.0398529 0.0382198 0.0356541 0.0325194 0.0291326 0.0257208 0.0224177 0.0192857 0.0163494 0.0136232
 1.04597e-16 2.00288e-05 0.000117515 0.000558537 0.00215027 0.00670529 0.0169373 0.034658 0.0574571 0.0771866 0.0840556 0.0742887 0.0534964 0.0318636 0.0166673 0.00939769 0.00799057 0.00996512 0.0137682 0.0186247 0.0240412 0.02952 0.0345068 0.0384649 0.0409833 0.0418649 0.0411596 0.0391302 0.0361687 0.032692 0.029054 0.025498 0.0221521 0.0190574 0.0162087 0.0135897
 1.04353e-16 2.1814e-05 0.000127999 0.000608385 0.0023422 0.00730385 0.0184492 0.0377511 0.062583 0.0840665 0.0915317 0.0808582 0.0581445 0.0344659 0.0177243 0.00951254 0.00755208 0.00911887 0.0125178 0.016929 0.0218719 0.0268904 0.0314833 0.035164 0.0375574 0.0384779 0.0379613 0.0362341 0.0336397 0.0305465 0.0272695 0.0240281 0.0209421 0.018056 0.0153749 0.012894
 1.03958e-16 2.18705e-05 0.000128329 0.000609951 0.00234823 0.00732263 0.0184966 0.0378484 0.0627447 0.084285 0.0917731 0.0810798 0.0583219 0.0346074 0.017863 0.00969169 0.00781345 0.00949872 0.0130437 0.0176144 0.0227086 0.0278421 0.0324838 0.036122 0.0383681 0.0390403 0.0381956 0.0360964 0.0331291 0.0297037 0.0261678 0.0227598 0.0196034 0.0167343 0.0141395 0.0117926
 1.04448e-16 1.8259e-05 0.000107121 0.000509115 0.00195997 0.00611183 0.0154383 0.0315913 0.0523752 0.0703661 0.0766452 0.0677802 0.0488982 0.0293027 0.0156537 0.00934183 0.00851767 0.0109433 0.0152063 0.0205735 0.026533 0.0325368 0.0379674 0.0422264 0.044858 0.0456468 0.0446563 0.0421901 0.0386979 0.0346588 0.0304815 0.0264484 0.0227097 0.0193131 0.0162483 0.0134878
 1.03592e-16 2.67577e-05 0.000157031 0.000746424 0.00287372 0.00896139 0.0226358 0.0463167 0.076778 0.103119 0.112238 0.0990566 0.0710282 0.0416959 0.0206924 0.00989831 0.00644314 0.00692951 0.00926667 0.0125049 0.0161902 0.01997 0.0234779 0.0263582 0.0283316 0.029251 0.0291248 0.028097 0.0263959 0.0242708 0.0219383 0.019553 0.0172063 0.0149424 0.012782 0.010742
 1.02948e-16 2.22058e-05 0.000130294 0.000619284 0.00238415 0.00743464 0.0187796 0.0384276 0.0637059 0.0855789 0.0931892 0.0823478 0.0592708 0.0352438 0.018325 0.0101524 0.00841981 0.0103574 0.0142244 0.0191463 0.0245685 0.0299411 0.0346636 0.0381669 0.0400326 0.0400886 0.0384436 0.0354451 0.0315818 0.0273629 0.0232142 0.0194193 0.0161117 0.0133056 0.0109451 0.00894995
 1.03253e-16 2.26987e-05 0.000133192 0.000633073 0.00243726 0.00760026 0.0191979 0.0392831 0.0651225 0.0874772 0.0952437 0.0841335 0.0604913 0.0358401 0.018399 0.00982176 0.00773219 0.00928997 0.0127254 0.0171801 0.0221504 0.0271597 0.0316873 0.0352299 0.0374031 0.0380231 0.0371393 0.0350035 0.0319922 0.0285099 0.0249057 0.0214258 0.0182071 0.0152996 0.0127026 0.0103966
pSPR Fmed_Fpbrs
0.771084   0.254687 0.254687
Fs Fmed_Fpbrs
0.130955   1.005 1.005
SSBpbr Bo_Bmed_Bpbrs
1.84497e+06  1.33038e+06  377642 377642
Ro
76115
SPR SPRFo_SPRFmed_SPRFpbrs
1.56869e+06 1.20959e+06 399526
log_Ro
11.06
likeval ReclasPelacesDesembMPH_pf_preclas_ppelaces_ptallas_desvR_qrecl_qpela
 276.342 43.5353 0.220764 0.00141329 312.148 229.387 76.7262 0 17.3762 0 0 0 0 0 0
q_reclas_q_pelaces
1 1
M
0.7
N
 152720 45251.9 22471.4 11159 11007.6
 141844 73151.5 20907.2 10382.2 10241.4
 69730.5 67934.7 33790.4 9657.56 9526.55
 110987 32401.1 29537.4 14691.8 8341.08
 114838 54345.4 15643.9 14261.3 11120.7
 98609 56806.6 26778.9 7708.59 12507.1
 159236 46261.4 25177.3 11868.7 8959.8
 120722 76246.9 21359.3 11624.6 9616.69
 134474 55395.3 32329.6 9056.6 9006.56
 75170.3 60629.2 22675.8 13234 7394.08
 66070 33896.6 24826 9285.15 8446.65
 51775.7 25309.2 10016.4 7336.04 5239.71
 53644.6 19918.2 7542.77 2985.12 3747.88
 36476.6 18780.7 4916.15 1861.69 1661.82
 24521.3 10836 3337.52 873.651 626.165
 26390.2 8609.63 2690.03 828.539 372.329
 23376.1 11516.4 3301.72 1031.6 460.522
 29651.8 10556.5 4729.51 1355.94 612.779
 34695.5 13826.5 4622.17 2070.83 862.008
 49630.4 16349.2 6182.54 2066.81 1311.42
 68867 23432.7 7339.29 2775.39 1516.51
 69409.7 33304.7 11036.1 3456.59 2021.36
 171610 33209.7 15353.2 5087.58 2525.3
 215130 81510.8 15087.5 6975.13 3458.61
 323336 103102 37701.3 6978.43 4825.93
pred_Ctot
 3899.63 2274.76 1129.61 560.949 553.339
 3632.01 3687.34 1053.87 523.336 516.236
 3236.15 6126.37 3047.23 870.92 859.105
 1114.96 646.975 589.794 293.361 166.552
 319.338 301.727 86.8553 79.1788 61.7425
 3932.34 4419.94 2083.58 599.781 973.135
 4103.29 2346.49 1277.05 602.008 454.462
 6624.64 8087.01 2265.44 1232.94 1019.98
 8954.65 7077.09 4130.31 1157.04 1150.64
 4997.87 7734.32 2892.7 1688.23 943.245
 11025.4 10168.3 7447.29 2785.35 2533.82
 8513.55 7493.26 2965.53 2171.97 1551.31
 11611.4 7496.22 2838.73 1123.45 1410.52
 10853.6 9185.78 2404.53 910.567 812.812
 5270.03 4053.44 1248.48 326.809 234.231
 2317.82 1431.26 447.188 137.736 61.8956
 1531.55 1448.59 415.307 129.76 57.9268
 1305.46 904.451 405.213 116.173 52.5014
 1278.37 995.871 332.918 149.154 62.0871
 1761.81 1135.49 429.391 143.545 91.0811
 1296.21 871.906 273.087 103.269 56.4278
 1826.04 1724.08 571.307 178.937 104.64
 5383.99 2043.71 944.831 313.087 155.406
 5410.19 4036.48 747.143 345.414 171.273
 6149.9 3876.25 1417.42 262.362 181.436
F
 0.0360747 0.0721494 0.0721494 0.0721494 0.0721494
 0.036177 0.0723541 0.0723541 0.0723541 0.0723541
 0.0664445 0.132889 0.132889 0.132889 0.132889
 0.0140557 0.0281115 0.0281115 0.0281115 0.0281115
 0.00387329 0.00774657 0.00774657 0.00774657 0.00774657
 0.0568547 0.113709 0.113709 0.113709 0.113709
 0.0364109 0.0728217 0.0728217 0.0728217 0.0728217
 0.0789963 0.157993 0.157993 0.157993 0.157993
 0.0965973 0.193195 0.193195 0.193195 0.193195
 0.0964419 0.192884 0.192884 0.192884 0.192884
 0.259547 0.519094 0.519094 0.519094 0.519094
 0.25529 0.510579 0.510579 0.510579 0.510579
 0.349553 0.699107 0.699107 0.699107 0.699107
 0.5138 1.0276 1.0276 1.0276 1.0276
 0.34666 0.69332 0.69332 0.69332 0.69332
 0.12922 0.258439 0.258439 0.258439 0.258439
 0.0949753 0.189951 0.189951 0.189951 0.189951
 0.0629361 0.125872 0.125872 0.125872 0.125872
 0.0524292 0.104858 0.104858 0.104858 0.104858
 0.0504697 0.100939 0.100939 0.100939 0.100939
 0.0264794 0.0529589 0.0529589 0.0529589 0.0529589
 0.0371859 0.0743718 0.0743718 0.0743718 0.0743718
 0.0444879 0.0889757 0.0889757 0.0889757 0.0889757
 0.0355207 0.0710414 0.0710414 0.0710414 0.0710414
 0.0267616 0.0535232 0.0535232 0.0535232 0.0535232
nmprior
 10 11 7 0
nm_flota  nm_reclas  nm_pelaces    nm_pelaL
inf 8.94002 11.3756 18.4999
cv_recla  cv_pelaces  cv_mph
1.50365 0.7764 1.2197
 ------------------------------------------------
Talla a la edad & desviación 
 7.2 14.2025 17.0495 18.207 18.6776
 1.08 2.13037 2.55742 2.73105 2.80164
