years
 1997 1998 1999 2000 2001 2002 2003 2004 2005 2006 2007 2008 2009 2010 2011 2012 2013 2014 2015 2016 2017 2018 2019 2020 2021
reclasobs
 0 0 0 370054 412103 1.49427e+06 250295 1.28982e+06 931140 785840 897777 1.04006e+06 184774 17550 25797 100020 73551 82996 120727 218422 84188 347160 605670 569463 516374
reclaspred
 1.26916e+06 347757 1.14662e+06 713406 798710 1.00018e+06 2.00393e+06 1.3716e+06 1.49438e+06 1.37728e+06 1.16785e+06 790361 459605 212768 147660 155515 200692 298485 342482 460889 699604 696801 1.18842e+06 1.4758e+06 2.25601e+06
pelacesobs
 0 0 0 0 0 0 0 0 0 2.06254e+06 1.5e+06 0 1.87456e+06 323000 250000 174000 83755 137374 0 501740 490994 745055 786931 1.00524e+06 0
pelacespred
 888932 339012 432300 516895 492201 501500 1.01704e+06 954194 877596 843240 617609 429458 244540 91555 63772.9 76515.2 103520 155557 188800 245292 404642 421477 545328 801558 1.23225e+06
mphobs
 0 0 0 0 0 112323 0 153150 637223 0 255016 313432 73983 77613 109348 50772 0 0 0 0 0 0 0 0 0
mphpred
 849066 581438 643845 772771 658579 861368 1.2502e+06 1.51267e+06 1.29776e+06 1.3008e+06 1.20072e+06 833368 514741 271050 133784 125361 152885 224269 292915 345272 521369 648339 814049 1.1398e+06 1.7731e+06
desembarqueobs
 350755 77701 442110 56441 14545 235359 269955 359681 431902 328805 639364 411747 362871 311530 167758 66681 60226 58785 57116 71774 51957 67425 138520 160799 200461
desembarquepred
 350800 77719.6 442374 56449.4 14545.5 235483 270026 359793 432060 328904 640014 412263 363420 312208 167882 66716 60262.4 58800.4 57124.7 71784.8 51961.4 67428.5 138537 160820 200473
Reclutas
 74222 69744 43042.7 48443.6 77968.3 66927.5 111115 102726 124760 120145 71147.5 44118.4 45150.9 29265.3 21235.5 20156.7 18124.1 20800.1 23343.5 39600.2 56560.9 67432.8 104747 142824 176935
log_desv_Rt
 0.274815 0.212587 -0.270051 -0.151845 0.324057 0.171365 0.678319 0.599819 0.794149 0.756455 0.23251 -0.245367 -0.222235 -0.655841 -0.976569 -1.02871 -1.135 -0.997289 -0.881927 -0.35341 0.00307314 0.178887 0.619298 0.929369 1.14354
SSB
 849066 581438 643845 772771 658579 861368 1.2502e+06 1.51267e+06 1.29776e+06 1.3008e+06 1.20072e+06 833368 514741 271050 133784 125361 152885 224269 292915 345272 521369 648339 814049 1.1398e+06 1.7731e+06
BT
 3.01219e+06 782186 1.31569e+06 1.12353e+06 1.09817e+06 1.17336e+06 2.74065e+06 2.46579e+06 2.44807e+06 2.16639e+06 1.88338e+06 1.27578e+06 896533 494784 302295 229985 292240 401261 443656 615751 993118 912004 1.24573e+06 1.8924e+06 2.81055e+06
Ftot
 0.266929 0.216344 0.369068 0.0772046 0.0178286 0.227476 0.131105 0.253249 0.27873 0.230873 0.517603 0.49349 0.733148 1.27928 1.03024 0.409818 0.28937 0.190974 0.161925 0.15137 0.0725054 0.0943271 0.113503 0.106172 0.0866638
BD_Bspro_t
 0.964555 0.805324 0.748021 0.623104 0.701346 0.803411 0.763553 0.776265 0.719484 0.676697 0.634407 0.473205 0.362952 0.258129 0.159957 0.176097 0.268129 0.428797 0.554342 0.651819 0.757603 0.835457 0.844274 0.846897 0.855369
BD_Bspro
 0.73062 0.500327 0.554028 0.664969 0.566707 0.741206 1.0758 1.30165 1.11672 1.11933 1.03322 0.717112 0.442934 0.233238 0.115121 0.107873 0.131558 0.192984 0.252053 0.297106 0.448638 0.557895 0.700488 0.980797 1.52575
BD_Bo
 0.701959 0.480699 0.532294 0.638883 0.544476 0.71213 1.03359 1.25059 1.07291 1.07542 0.992689 0.688981 0.425558 0.224088 0.110605 0.103641 0.126397 0.185413 0.242166 0.285451 0.431038 0.53601 0.673009 0.942322 1.4659
BD_Brms
 3.42943 2.34846 2.60053 3.12127 2.66004 3.47911 5.04963 6.10977 5.24173 5.25399 4.84979 3.36602 2.07907 1.09478 0.54036 0.506339 0.617512 0.905837 1.1831 1.39457 2.10584 2.61868 3.28799 4.60372 7.16164
S_f
 0.5 1 1 1 1
 0.5 1 1 1 1
 0.5 1 1 1 1
 0.5 1 1 1 1
 0.5 1 1 1 1
 0.5 1 1 1 1
 0.5 1 1 1 1
 0.5 1 1 1 1
 0.5 1 1 1 1
 0.5 1 1 1 1
 0.5 1 1 1 1
 0.5 1 1 1 1
 0.5 1 1 1 1
 0.5 1 1 1 1
 0.5 1 1 1 1
 0.5 1 1 1 1
 0.5 1 1 1 1
 0.5 1 1 1 1
 0.5 1 1 1 1
 0.5 1 1 1 1
 0.5 1 1 1 1
 0.5 1 1 1 1
 0.5 1 1 1 1
 0.5 1 1 1 1
 0.5 1 1 1 1
Scru_reclas
 0.5 1 1 1 1
 0.5 1 1 1 1
 0.5 1 1 1 1
 0.5 1 1 1 1
 0.5 1 1 1 1
 0.5 1 1 1 1
 0.5 1 1 1 1
 0.5 1 1 1 1
 0.5 1 1 1 1
 0.5 1 1 1 1
 0.5 1 1 1 1
 0.5 1 1 1 1
 0.5 1 1 1 1
 0.5 1 1 1 1
 0.5 1 1 1 1
 0.5 1 1 1 1
 0.5 1 1 1 1
 0.5 1 1 1 1
 0.5 1 1 1 1
 0.5 1 1 1 1
 0.5 1 1 1 1
 0.5 1 1 1 1
 0.5 1 1 1 1
 0.5 1 1 1 1
 0.5 1 1 1 1
Scru_pelaces
 0.5 1 1 1 1
 0.5 1 1 1 1
 0.5 1 1 1 1
 0.5 1 1 1 1
 0.5 1 1 1 1
 0.5 1 1 1 1
 0.5 1 1 1 1
 0.5 1 1 1 1
 0.5 1 1 1 1
 0.5 1 1 1 1
 0.5 1 1 1 1
 0.5 1 1 1 1
 0.5 1 1 1 1
 0.5 1 1 1 1
 0.5 1 1 1 1
 0.5 1 1 1 1
 0.5 1 1 1 1
 0.5 1 1 1 1
 0.5 1 1 1 1
 0.5 1 1 1 1
 0.5 1 1 1 1
 0.5 1 1 1 1
 0.5 1 1 1 1
 0.5 1 1 1 1
 0.5 1 1 1 1
pf_obs 
 0.256992 0.487395 0.22802 0.0275931 0
 0.321318 0.546541 0.124235 0.00734118 0.000564706
 0.182869 0.594174 0.210203 0.0122559 0.00049798
 0.330522 0.361315 0.267642 0.0388342 0.00168674
 0.649043 0.306663 0.0425973 0.00169635 0
 0.582887 0.30429 0.105238 0.00758474 0
 0.465427 0.430635 0.0974691 0.00646863 0
 0.296916 0.608066 0.0921331 0.00288517 0
 0.311714 0.524322 0.152257 0.0117073 0
 0.15457 0.633149 0.183074 0.0267441 0.00246327
 0.131901 0.49318 0.331252 0.0422183 0.00144891
 0.196976 0.569456 0.194076 0.0375587 0.00193317
 0.518974 0.381816 0.0799577 0.0180837 0.00116848
 0.0928022 0.601141 0.25162 0.0475244 0.00691264
 0.122501 0.610282 0.24278 0.0234846 0.000952079
 0.383417 0.481906 0.127806 0.00687128 0
 0.0376549 0.599619 0.316969 0.0457579 0
 0.0361596 0.667082 0.258105 0.0386534 0
 0.158088 0.579412 0.248529 0.0139706 0
 0.0477256 0.309471 0.559284 0.082774 0.000745712
 0.0406174 0.521527 0.379366 0.0568643 0.0016247
 0.151134 0.462217 0.34131 0.0453401 0
 0.294876 0.26143 0.354403 0.0886775 0.000613685
 0.281977 0.475581 0.204845 0.0348837 0.00271318
 0 0 0 0 0
pf_pred 
 0.6121 0.278107 0.098583 0.0112048 5.77085e-06
 0.466837 0.412189 0.0867329 0.030745 0.00349623
 0.327424 0.437637 0.181632 0.038219 0.0150885
 0.418897 0.302217 0.181468 0.0753143 0.0221041
 0.501816 0.296766 0.104753 0.0628992 0.0337666
 0.379987 0.415026 0.12211 0.0431025 0.039775
 0.522023 0.270888 0.138621 0.0407855 0.0276816
 0.421289 0.401564 0.100396 0.0513756 0.0253752
 0.473311 0.321397 0.142451 0.0356146 0.0272266
 0.43622 0.372486 0.116732 0.0517385 0.022824
 0.316837 0.425665 0.170127 0.0533155 0.0340553
 0.317404 0.354468 0.20445 0.0817132 0.0419648
 0.441569 0.289316 0.13975 0.0806048 0.0487603
 0.441485 0.370564 0.0973755 0.0470356 0.0435406
 0.542437 0.321736 0.0901183 0.023681 0.0220275
 0.571472 0.327944 0.0707259 0.0198103 0.0100479
 0.469953 0.39771 0.101275 0.0218413 0.00922072
 0.478109 0.3436 0.133777 0.0340656 0.0104483
 0.459099 0.356583 0.12135 0.0472466 0.0157211
 0.55051 0.28765 0.106691 0.0363085 0.0188402
 0.531159 0.33703 0.0843527 0.0312868 0.0161722
 0.470068 0.369953 0.115002 0.0287831 0.0161941
 0.520386 0.30965 0.118654 0.0368845 0.0144255
 0.50695 0.340907 0.0982272 0.0376395 0.0162765
 0.476632 0.355564 0.116024 0.0334306 0.0183497
pobs_RECLAS
 0 0 0 0 0
 0 0 0 0 0
 0 0 0 0 0
 0 0 0 0 0
 0.835266 0.146461 0.0176864 0.000547809 3.91292e-05
 0.385257 0.428462 0.181853 0.0044286 0
 0.867414 0.0963971 0.0333333 0.00285562 0
 0.441836 0.489002 0.0689373 0.000224442 0
 0.779404 0.147425 0.0564933 0.0165055 0.000172143
 0.814271 0.122319 0.05973 0.00367925 0
 0.40263 0.566651 0.0304383 0.000280538 0
 0.475488 0.404961 0.113038 0.00651328 0
 0.955842 0.0263864 0.0167828 0.000988607 0
 0.975058 0.0227948 0.00214734 0 0
 0.738997 0.206755 0.0527124 0.00153531 0
 0.850938 0.134255 0.0134407 0.00136685 0
 0.542534 0.407297 0.0501686 0 0
 0.764087 0.199537 0.0359546 0.000420521 0
 0.470689 0.182191 0.310203 0.0369168 0
 0.84361 0.089868 0.0606195 0.00523954 0.000663233
 0.607945 0.314616 0.071237 0.00620181 0
 0.523733 0.453247 0.0230204 0 0
 0.530135 0.295979 0.169645 0.0042399 0
 0.562478 0.366248 0.0663022 0.0049721 0
 0.250443 0.683176 0.0655157 0.000865301 0
ppred_RECLAS
 0.614443 0.276427 0.0979876 0.0111371 5.73599e-06
 0.468748 0.410711 0.086422 0.0306348 0.00348369
 0.330689 0.435513 0.18075 0.0380335 0.0150152
 0.419485 0.301911 0.181284 0.0752381 0.0220818
 0.501947 0.296688 0.104725 0.0628827 0.0337577
 0.381908 0.41374 0.121732 0.0429689 0.0396517
 0.5231 0.270278 0.138309 0.0406937 0.0276193
 0.42355 0.399995 0.100004 0.0511749 0.025276
 0.475908 0.319812 0.141749 0.035439 0.0270924
 0.438261 0.371137 0.116309 0.0515512 0.0227414
 0.321839 0.422549 0.168882 0.0529251 0.0338059
 0.3221 0.352029 0.203044 0.0811511 0.0416761
 0.450762 0.284554 0.137449 0.079278 0.0479576
 0.462417 0.356675 0.093726 0.0452728 0.0419087
 0.55753 0.311124 0.0871458 0.0228999 0.0213009
 0.575609 0.324778 0.0700431 0.0196191 0.00995089
 0.47267 0.395672 0.100756 0.0217294 0.00917346
 0.479764 0.34251 0.133353 0.0339576 0.0104152
 0.460461 0.355685 0.121045 0.0471277 0.0156816
 0.551766 0.286847 0.106393 0.0362071 0.0187876
 0.531721 0.336625 0.0842515 0.0312493 0.0161528
 0.470815 0.369431 0.11484 0.0287425 0.0161713
 0.521303 0.309058 0.118427 0.036814 0.0143979
 0.507803 0.340317 0.0980571 0.0375743 0.0162484
 0.477314 0.3551 0.115873 0.033387 0.0183258
pobs_PELACES
 0 0 0 0 0
 0 0 0 0 0
 0 0 0 0 0
 0 0 0 0 0
 0 0 0 0 0
 0 0 0 0 0
 0 0 0 0 0
 0 0 0 0 0
 0 0 0 0 0
 0 0 0 0 0
 0.450072 0.473896 0.0757376 0.000293798 0
 0 0 0 0 0
 0.463077 0.371075 0.160297 0.00555027 0
 0.529543 0.364841 0.0842815 0.0213345 0
 0.631943 0.363953 0.00410389 0 0
 0.735681 0.248677 0.0153453 0.000297389 0
 0.695825 0.281241 0.0229344 0 0
 0.275771 0.60734 0.115278 0.00161068 0
 0 0 0 0 0
 0.896147 0.0623911 0.0374545 0.00400742 0
 0.803859 0.145111 0.0509908 3.86294e-05 0
 0.739449 0.233085 0.0266225 0.000797448 4.60066e-05
 0.878498 0.100942 0.0204185 0.000141795 0
 0.694673 0.275183 0.0284847 0.00165964 0
 0 0 0 0 0
ppred_PELACES
 0.624823 0.268985 0.0953496 0.0108373 5.58157e-06
 0.477647 0.403832 0.0849744 0.0301217 0.00342534
 0.344303 0.426654 0.177073 0.0372598 0.0147098
 0.42259 0.300296 0.180314 0.0748356 0.0219636
 0.502682 0.29625 0.10457 0.0627898 0.0337078
 0.390807 0.407783 0.119979 0.0423503 0.0390809
 0.528493 0.267221 0.136745 0.0402334 0.0273069
 0.433783 0.392894 0.0982285 0.0502664 0.0248273
 0.487389 0.312806 0.138643 0.0346626 0.0264988
 0.44766 0.364927 0.114363 0.0506886 0.0223609
 0.340755 0.410762 0.164171 0.0514489 0.032863
 0.340131 0.342666 0.197643 0.0789927 0.0405676
 0.480853 0.268964 0.129918 0.0749345 0.0453301
 0.515112 0.321714 0.0845388 0.0408351 0.0378008
 0.598959 0.281992 0.0789861 0.0207557 0.0193064
 0.592037 0.312206 0.0673317 0.0188596 0.00956569
 0.484584 0.386732 0.0984791 0.0212385 0.0089662
 0.487633 0.337329 0.131336 0.0334439 0.0102576
 0.467105 0.351305 0.119554 0.0465473 0.0154884
 0.557934 0.282899 0.104929 0.0357088 0.018529
 0.534699 0.334485 0.0837158 0.0310506 0.0160501
 0.474694 0.366723 0.113998 0.0285318 0.0160528
 0.525975 0.306042 0.117271 0.0364547 0.0142574
 0.512181 0.33729 0.097185 0.0372401 0.0161039
 0.480883 0.352676 0.115082 0.033159 0.0182007
pobs_pel_tallas
 0 0 0 0 0 0 0 0 0 0 0 0 0 0 0 0 0 0 0 0 0 0 0 0 0 0 0 0 0 0 0 0 0 0 0 0
 0 0 0 0 0 0 0 0 0 0 0 0 0 0 0 0 0 0 0 0 0 0 0 0 0 0 0 0 0 0 0 0 0 0 0 0
 0 0 0 0 0 0 0 0 0 0 0 0 0 0 0 0 0 0 0 0 0 0 0 0 0 0 0 0 0 0 0 0 0 0 0 0
 0 0 0 0 0 0 0 0 0 0 0 0 0 0 0 0 0 0 0 0 0 0 0 0 0 0 0 0 0 0 0 0 0 0 0 0
 0 0 0 0 0 0 0 0 0 0 0 0 0 0 0 0 0 0 0 0 0 0 0 0 0 0 0 0 0 0 0 0 0 0 0 0
 0 0 0 0 0 0 0 0 0 0 0 0 0 0 0 0 0 0 0 0 0 0 0 0 0 0 0 0 0 0 0 0 0 0 0 0
 0 0 0 0 0 0 0 0 0 0 0 0 0 0 0 0 0 0 0 0 0 0 0 0 0 0 0 0 0 0 0 0 0 0 0 0
 0 0 0 0 0 0 0 0 0 0 0 0 0 0 0 0 0 0 0 0 0 0 0 0 0 0 0 0 0 0 0 0 0 0 0 0
 0 0 0 0 0 0 0 0 0 0 0 0 0 0 0 0 0 0 0 0 0 0 0 0 0 0 0 0 0 0 0 0 0 0 0 0
 0 0 0 0 0 0 0 0 0 0 0 0 0 0 0 0 0 0 0 0 0 0 0 0 0 0 0 0 0 0 0 0 0 0 0 0
 0 0 0 0 0 0 0 0 1.78061e-05 0.00172719 0.00360574 0.0105946 0.0120993 0.0124554 0.0147524 0.0171206 0.0266825 0.0428682 0.0675386 0.121331 0.153587 0.119568 0.100827 0.0573624 0.0630603 0.0341343 0.0324427 0.0444173 0.0211091 0.0280891 0.0125444 0.00206551 0 0 0 0
 0 0 0 0 0 0 0 0 0 0 0 0 0 0 0 0 0 0 0 0 0 0 0 0 0 0 0 0 0 0 0 0 0 0 0 0
 0 0 0 0 0 0 0.0133647 0.0140871 0.0187388 0.0205184 0.03894 0.0496705 0.03968 0.0493445 0.0407372 0.0367815 0.0215668 0.0243155 0.0234873 0.0199281 0.019796 0.0243948 0.0301388 0.0376714 0.0412746 0.0863199 0.0771752 0.113111 0.0741005 0.0525337 0.0229764 0.00759418 0.00175318 0 0 0
 0 0 0 0 0 0 0 0 0 0 0.00219441 0.00772107 0.0458388 0.0604681 0.0671733 0.0775358 0.0609151 0.0617685 0.073594 0.0568108 0.0755445 0.0548602 0.0670107 0.0636378 0.0643287 0.046367 0.0373049 0.0286899 0.0247887 0.0153202 0.00654259 0.00121912 0.000365735 0 0 0
 0 0 0 0 0 0 0 0 0 0 0 0 0.000112435 0.00938835 0.0111873 0.0202946 0.0414886 0.0713402 0.111592 0.104902 0.108894 0.110636 0.117776 0.105296 0.107544 0.0401394 0.0192827 0.0124803 0.00416011 0.0028671 0.000618394 0 0 0 0 0
 0 0 0 0 0 0 0 0 0 0 0.00291406 0.0102884 0.027416 0.0768956 0.0749926 0.110853 0.0956884 0.0897413 0.0766577 0.0534642 0.0500743 0.0551293 0.0594112 0.0620874 0.0668451 0.0424026 0.0208742 0.0120726 0.0048766 0.00582813 0.00118941 0.000297354 0 0 0 0
 0 0.00264628 0.0354308 0.0461629 0.0458689 0.0383711 0.0214643 0.0164657 0.0346957 0.0420465 0.0363128 0.0245516 0.0311673 0.0291091 0.0169068 0.0133784 0.00837989 0.0085269 0.0148486 0.0160247 0.0276389 0.0546898 0.0760071 0.122758 0.109233 0.0665981 0.0333725 0.0166128 0.00676272 0.00308733 0.000882094 0 0 0 0 0
 0 0 0 0 0 0 0 0.000805153 0.000690131 0.00759144 0.0133425 0.0154129 0.00931677 0.000345066 0.00356568 0.00563607 0.00851162 0.0253048 0.0502646 0.0516448 0.0657925 0.0565908 0.0611916 0.0827007 0.0866115 0.110766 0.145733 0.0935128 0.0569358 0.0249597 0.0138026 0.00621118 0.00161031 0.00115022 0 0
 0 0 0 0 0 0 0 0 0 0 0 0 0 0 0 0 0 0 0 0 0 0 0 0 0 0 0 0 0 0 0 0 0 0 0 0
 0.00147267 0.00158595 0.00478618 0.00569244 0.00954404 0.0108468 0.00647125 0.017049 0.0510054 0.094081 0.124002 0.0959785 0.0687766 0.0820023 0.061753 0.0591476 0.0492212 0.0479892 0.0443925 0.0268479 0.0217502 0.0140895 0.0121071 0.0120363 0.00920419 0.00665534 0.0049561 0.00860946 0.00930331 0.0156896 0.0114698 0.00855282 0.00243557 0.00046729 0 2.83206e-05
 0 0 0 0 0.000772559 0.00158375 0.000888443 0.00281984 0.00712685 0.0440552 0.0773331 0.111326 0.0921469 0.0852325 0.0710754 0.0886704 0.0786465 0.0553345 0.0373146 0.0185414 0.00753245 0.00457741 0.012979 0.0271748 0.0457355 0.0583668 0.034881 0.0177882 0.00938659 0.00492506 0.0015258 0.00185414 0.000309023 5.79419e-05 3.86279e-05 0
 0 0.00173294 0.00326652 0 0.00397197 0.00683976 0.00946217 0.0152591 0.00757587 0.0136028 0.0228656 0.0392903 0.0559909 0.0764795 0.0681675 0.0726916 0.0566044 0.0477403 0.0527397 0.0444891 0.0609904 0.0582453 0.0661739 0.0445044 0.0529084 0.0360697 0.0280645 0.0235558 0.0158879 0.00826598 0.00280645 0.00217768 0.000904811 0.00058276 9.20147e-05 0
 0 0 0 0 0 0 0 0 0 0 0 0 0 0 0 0 0 0 0 0 0 0 0 0 0 0 0 0 0 0 0 0 0 0 0 0
 0 0 0 0 0 0 0 0 0 0 0 0 0 0 0 0 0 0 0 0 0 0 0 0 0 0 0 0 0 0 0 0 0 0 0 0
 0 0 0 0 0 0 0 0 0 0 0 0 0 0 0 0 0 0 0 0 0 0 0 0 0 0 0 0 0 0 0 0 0 0 0 0
ppred_pel_tallas
 1.01814e-16 2.7269e-05 0.000160029 0.000760667 0.00292855 0.00913235 0.0230677 0.0472007 0.0782442 0.105092 0.114392 0.100976 0.0724431 0.0426043 0.0212868 0.0104187 0.00708474 0.00782567 0.0105012 0.0141166 0.0181634 0.0222212 0.0258503 0.0286305 0.0302431 0.0305396 0.029569 0.0275522 0.0248172 0.0217166 0.018557 0.0155573 0.0128412 0.0104541 0.00839302 0.00663298
 1.02533e-16 2.08568e-05 0.000122372 0.000581613 0.0022391 0.00698229 0.017637 0.0360901 0.0598323 0.0803802 0.087541 0.0773872 0.0557668 0.0332935 0.0175557 0.0101157 0.00883174 0.0111197 0.015347 0.0206717 0.0265254 0.0323199 0.0374051 0.0411628 0.0431366 0.0431364 0.0412759 0.0379294 0.033627 0.0289247 0.0242923 0.0200491 0.016353 0.013232 0.0106349 0.00847959
 1.04621e-16 1.50435e-05 8.824e-05 0.000419342 0.0016143 0.00503388 0.0127156 0.0260206 0.043143 0.057973 0.0631734 0.0559312 0.0404909 0.024547 0.0136289 0.00893489 0.00899677 0.0120144 0.016839 0.022836 0.0294991 0.036241 0.042384 0.047264 0.0503668 0.0514365 0.0505195 0.0479257 0.0441295 0.0396455 0.0349222 0.0302811 0.0259092 0.0218866 0.0182321 0.0149419
 1.06256e-16 1.8452e-05 0.000108263 0.000514558 0.00198095 0.0061773 0.0156036 0.0319288 0.0529322 0.0711068 0.0774321 0.0684285 0.0492629 0.0293158 0.0152893 0.00855565 0.00721688 0.00899834 0.0124903 0.0170116 0.0221514 0.0274992 0.0325878 0.0369479 0.0401965 0.0421101 0.0426561 0.0419705 0.0402972 0.0379123 0.0350613 0.0319276 0.0286331 0.0252587 0.0218722 0.018546
 1.05314e-16 2.19441e-05 0.000128765 0.000612029 0.00235625 0.00734764 0.0185598 0.0379772 0.0629572 0.0845673 0.092072 0.0813235 0.0584529 0.0345963 0.017695 0.00934239 0.00723758 0.00863485 0.0118304 0.0160109 0.0207165 0.0255218 0.0299627 0.0335879 0.0360485 0.03717 0.0369799 0.0356787 0.033571 0.0309796 0.0281753 0.0253397 0.0225658 0.0198833 0.0172941 0.0148013
 1.05118e-16 1.70703e-05 0.000100141 0.000475927 0.00183218 0.00571333 0.0144318 0.0295319 0.0489623 0.065785 0.071666 0.0634023 0.0457952 0.027554 0.0149213 0.00921702 0.0087325 0.0113902 0.0158723 0.0214769 0.0276882 0.0339374 0.0395807 0.0439957 0.0467113 0.0475103 0.0464678 0.0439096 0.0403115 0.0361756 0.0319247 0.0278446 0.0240787 0.0206612 0.0175674 0.0147577
 1.04687e-16 2.30685e-05 0.000135369 0.00064343 0.00247715 0.00772469 0.0195121 0.0399256 0.066186 0.0889004 0.0967794 0.0854572 0.0613714 0.0362181 0.0183304 0.00936515 0.00688603 0.00799511 0.0109027 0.0147738 0.0191655 0.023689 0.0279216 0.0314472 0.033935 0.0352048 0.0352546 0.0342383 0.0324078 0.0300406 0.0273793 0.0245994 0.0218079 0.019062 0.0163965 0.0138435
 1.0441e-16 1.89437e-05 0.000111141 0.000528224 0.00203354 0.00634127 0.0160179 0.0327771 0.0543407 0.0730055 0.0795167 0.0703113 0.0507063 0.03035 0.0161466 0.00953086 0.00857521 0.010949 0.0151804 0.0205064 0.0264001 0.0323038 0.037595 0.0416752 0.0440962 0.0446582 0.0434468 0.0407913 0.0371661 0.0330685 0.0289158 0.0249875 0.02142 0.0182391 0.0154097 0.0128798
 1.045e-16 2.1278e-05 0.000124853 0.000593426 0.00228461 0.00712425 0.0179955 0.0368229 0.0610444 0.0820004 0.089284 0.0788768 0.0567288 0.0336454 0.0173372 0.00936216 0.00750281 0.00910727 0.0125266 0.0169638 0.0219501 0.0270365 0.0317269 0.0355356 0.0380832 0.0391745 0.0388302 0.0372588 0.0347857 0.0317649 0.0285029 0.0252186 0.0220386 0.0190202 0.0161843 0.0135426
 1.04529e-16 1.95477e-05 0.000114689 0.000545099 0.00209852 0.00654393 0.0165297 0.0338242 0.0560755 0.0753326 0.0820421 0.0725224 0.052253 0.0311802 0.0164146 0.00942054 0.00819327 0.0103183 0.0142798 0.0193107 0.0249078 0.0305529 0.035668 0.0396941 0.0422058 0.0430028 0.042145 0.0399155 0.0367327 0.0330397 0.0292124 0.0255074 0.0220578 0.0189021 0.0160278 0.0134093
 1.05768e-16 1.48881e-05 8.73291e-05 0.000415015 0.00159765 0.00498196 0.0125844 0.0257521 0.0426975 0.0573733 0.0625173 0.0553442 0.0400526 0.0242548 0.0134192 0.00872737 0.00872245 0.0116211 0.0162889 0.0221062 0.0285872 0.0351718 0.0412142 0.0460806 0.0492796 0.0505647 0.0499754 0.0477989 0.044475 0.0404771 0.0362122 0.0319656 0.0278964 0.0240685 0.0204955 0.0171791
 1.07528e-16 1.48581e-05 8.71595e-05 0.000414222 0.00159462 0.00497253 0.0125605 0.0257027 0.0426138 0.0572553 0.0623744 0.0551835 0.0398622 0.0239923 0.0130107 0.00807328 0.00770537 0.0101187 0.0141949 0.0193608 0.0252102 0.0312905 0.0370731 0.0420259 0.0457162 0.0478942 0.0485281 0.0477773 0.0459225 0.043278 0.04012 0.0366504 0.0329983 0.0292457 0.0254603 0.0217174
 1.06625e-16 2.09911e-05 0.000123173 0.000585449 0.00225392 0.00702853 0.0177537 0.0363278 0.0602225 0.0808931 0.0880695 0.0777832 0.0558974 0.0330624 0.0168723 0.00884968 0.00679416 0.00808393 0.0111002 0.015084 0.0196213 0.0243364 0.0288147 0.0326454 0.0354993 0.0371924 0.0377119 0.0371924 0.0358584 0.0339535 0.0316837 0.0291895 0.0265499 0.0238059 0.0209904 0.018149
 1.04475e-16 2.2487e-05 0.00013195 0.000627169 0.00241453 0.00752938 0.0190188 0.0389168 0.0645152 0.0866612 0.094355 0.0833478 0.0599249 0.0355012 0.0182189 0.00971485 0.00763398 0.0091609 0.0125411 0.0169235 0.02181 0.0267319 0.0311798 0.0346655 0.0368217 0.0374813 0.0367072 0.0347584 0.0320094 0.028852 0.0256126 0.0225067 0.0196364 0.0170187 0.014626 0.012423
 1.02829e-16 2.61416e-05 0.00015341 0.000729196 0.00280737 0.00875446 0.0221132 0.0452478 0.0750077 0.100747 0.109668 0.0968196 0.0694912 0.0409282 0.0205604 0.0102469 0.00720367 0.00812215 0.0109518 0.0147303 0.0189509 0.0231815 0.0269676 0.0298759 0.0315819 0.0319396 0.0310092 0.0290276 0.0263382 0.0233033 0.0202299 0.0173272 0.0147018 0.0123789 0.0103374 0.00854065
 1.02153e-16 2.5841e-05 0.000151642 0.000720786 0.00277498 0.00865344 0.0218581 0.044726 0.0741437 0.099589 0.108415 0.0957313 0.0687487 0.0405683 0.0205223 0.0104611 0.00764457 0.00880846 0.0119214 0.0160127 0.0205449 0.0250406 0.0289938 0.0319261 0.0334848 0.0335221 0.0321248 0.0295804 0.0262964 0.0227 0.0191517 0.0158958 0.0130526 0.0106426 0.00862599 0.00693994
 1.02673e-16 2.11587e-05 0.000124145 0.000590048 0.00227158 0.00708359 0.0178929 0.0366135 0.0606993 0.0815431 0.0888023 0.07849 0.0565349 0.033699 0.0176729 0.0100326 0.00859719 0.0107402 0.0148078 0.0199583 0.0256387 0.0312849 0.0362745 0.0400125 0.042056 0.0422136 0.0405821 0.0375067 0.0334825 0.029032 0.0245998 0.0204917 0.0168642 0.0137539 0.0111239 0.00890854
 1.03603e-16 2.12897e-05 0.000124919 0.000593736 0.0022858 0.00712793 0.0180048 0.0368422 0.0610771 0.0820463 0.0893392 0.0789382 0.0568004 0.0337429 0.017488 0.00960349 0.00787857 0.00966366 0.0133046 0.0179881 0.0232169 0.0285032 0.0333075 0.0371055 0.0394938 0.0402746 0.0394904 0.0373922 0.0343604 0.0308057 0.0270841 0.0234487 0.0200433 0.0169259 0.0141051 0.0115716
 1.04135e-16 2.03951e-05 0.000119665 0.000568758 0.00218962 0.00682801 0.0172473 0.0352923 0.0585085 0.0785984 0.0855916 0.075643 0.0544644 0.0324256 0.0169345 0.00950557 0.00803372 0.00998983 0.0137906 0.0186465 0.0240573 0.0295204 0.034477 0.0383862 0.0408346 0.0416243 0.0408076 0.0386526 0.0355589 0.0319532 0.0281999 0.0245519 0.0211452 0.0180256 0.0151893 0.0126178
 1.03675e-16 2.43528e-05 0.000142907 0.000679268 0.00261513 0.00815498 0.020599 0.0421496 0.0698725 0.0938516 0.102168 0.0902127 0.0647802 0.0382164 0.0193156 0.00982247 0.00715813 0.0082542 0.0112099 0.0151308 0.0195362 0.0240044 0.0280834 0.0313364 0.0334276 0.0341925 0.0336655 0.0320532 0.0296678 0.0268437 0.0238676 0.0209392 0.018168 0.0155942 0.0132209 0.0110413
 1.03115e-16 2.33417e-05 0.000136967 0.000651013 0.00250633 0.00781566 0.019742 0.0403964 0.0669681 0.089956 0.0979418 0.0865151 0.0621996 0.0368438 0.0188978 0.0100592 0.00788009 0.00943382 0.0128933 0.0173677 0.0223316 0.0272893 0.0317043 0.0350646 0.0369883 0.0373077 0.0361011 0.0336577 0.0303927 0.0267427 0.0230764 0.0196432 0.0165676 0.0138753 0.0115346 0.00949493
 1.03469e-16 2.07266e-05 0.000121611 0.000578002 0.00222521 0.00693898 0.0175276 0.0358659 0.0594597 0.079877 0.0869858 0.0768793 0.0553638 0.0329792 0.0172564 0.00973678 0.0082823 0.0103219 0.0142417 0.0192298 0.0247628 0.0303113 0.0352882 0.0391283 0.0414044 0.0419203 0.0407466 0.0381843 0.0346745 0.0306863 0.0266203 0.0227542 0.0192351 0.0161067 0.0133521 0.0109328
 1.03684e-16 2.29602e-05 0.000134729 0.000640383 0.00246541 0.00768806 0.0194196 0.0397367 0.0658738 0.0884845 0.0963353 0.0850857 0.0611497 0.0361775 0.0184755 0.00970749 0.00746141 0.00885904 0.012112 0.0163639 0.0211282 0.0259559 0.0303579 0.0338601 0.0360975 0.0368905 0.0362756 0.0344766 0.0318329 0.0287099 0.0254224 0.0221923 0.0191438 0.0163254 0.013744 0.0113933
 1.03522e-16 2.236e-05 0.000131203 0.000623611 0.00240082 0.00748664 0.0189109 0.038696 0.0641497 0.0861719 0.0938265 0.0828909 0.059618 0.0353629 0.0182278 0.00984829 0.00788973 0.0095576 0.0131066 0.0176815 0.0227685 0.0278741 0.0324592 0.0360061 0.0381249 0.0386375 0.0376108 0.0353214 0.0321729 0.0285921 0.0249409 0.0214666 0.0182965 0.0154637 0.0129483 0.0107135
 1.03739e-16 2.09959e-05 0.000123193 0.000585527 0.00225419 0.00702935 0.0177559 0.0363328 0.0602332 0.0809144 0.0881112 0.0778636 0.05605 0.0333427 0.0173639 0.00966722 0.00807935 0.00999109 0.0137687 0.0185991 0.0239713 0.0293762 0.0342506 0.0380511 0.0403649 0.0409988 0.0400136 0.0376894 0.0344401 0.0307063 0.0268643 0.0231752 0.0197779 0.0167163 0.0139793 0.0115381
pSPR Fmed_Fpbrs
0.669049   0.254687 0.254687
Fs Fmed_Fpbrs
0.211732   1.005 1.005
SSBpbr Bo_Bmed_Bpbrs
1.20957e+06  748781  247583 247583
Ro
56387.3
SPR SPRFo_SPRFmed_SPRFpbrs
1.16212e+06 777513 295976
log_Ro
10.76
likeval ReclasPelacesDesembMPH_pf_preclas_ppelaces_ptallas_desvR_qrecl_qpela
 161.855 61.0371 0.0603928 0.00097211 311.165 214.346 74.1007 0 14.9334 0 0 0 0 0 0
q_reclas_q_pelaces
1 1
M
0.7
N
 74222 17847.7 6326.64 719.076 0.370349
 69744 32252.5 6786.58 2405.7 273.569
 43042.7 31083 12900.3 2714.49 1071.65
 48443.6 17772.6 10671.7 4429.05 1299.89
 77968.3 23145.4 8169.89 4905.65 2633.53
 66927.5 38374.3 11290.6 3985.36 3677.69
 111115 29662.1 15179 4466 3031.12
 102726 51676.9 12919.9 6611.47 3265.5
 124760 44945 19920.7 4980.44 3807.44
 120145 53894.5 16889.8 7485.98 3302.38
 71147.5 53157.7 21245.7 6658.12 4252.87
 44118.4 27274.5 15731.4 6287.43 3228.99
 45150.9 17118 8268.59 4769.16 2885.01
 29265.3 15540.3 4083.63 1972.53 1825.96
 21235.5 7665.75 2147.18 564.228 524.83
 20156.7 6300.05 1358.7 380.571 193.027
 18124.1 8154.96 2076.61 447.852 189.069
 20800.1 7787.81 3032.1 772.108 236.814
 23343.5 9388.35 3194.99 1243.94 413.917
 39600.2 10690.5 3965.15 1349.4 700.193
 56560.9 18231.5 4563.02 1692.45 874.828
 67432.8 27087.3 8420.29 2107.45 1185.71
 104747 31943.5 12240.4 3805 1488.13
 142824 49145.8 14160.6 5426.18 2346.46
 176935 67257.5 21946.8 6323.63 3470.99
pred_Ctot
 6720.65 3053.52 1082.41 123.025 0.063362
 5174.7 4568.95 961.399 340.796 38.7543
 5271.92 7046.47 2924.48 615.37 242.942
 1322.18 953.9 572.774 237.718 69.7682
 497.879 294.438 103.931 62.4058 33.5017
 5208.67 5688.97 1673.82 590.827 545.216
 5089.54 2641.06 1351.51 397.644 269.886
 8851.02 8436.63 2109.26 1079.37 533.117
 11766.3 7989.77 3541.27 885.361 676.84
 9482.98 8097.46 2537.63 1124.74 496.171
 11842.3 15909.9 6358.77 1992.75 1272.87
 7036.96 7858.67 4532.73 1811.61 930.374
 10177 6667.95 3220.84 1857.72 1123.79
 10313.2 8656.46 2274.72 1098.76 1017.12
 6331.51 3755.41 1051.89 276.413 257.112
 2717.69 1559.57 336.344 94.21 47.7838
 1770.49 1498.33 381.541 82.2848 34.738
 1369.81 984.435 383.28 97.6 29.935
 1311.73 1018.82 346.72 134.992 44.9182
 2084.98 1089.44 404.077 137.514 71.3546
 1451.26 920.853 230.474 85.4837 44.1867
 2240.21 1763.09 548.069 137.172 77.1767
 4169.68 2481.12 950.736 295.543 115.586
 5326.77 3582.07 1032.12 395.496 171.026
 5409.57 4035.5 1316.82 379.423 208.262
F
 0.133464 0.266929 0.266929 0.266929 0.266929
 0.108172 0.216344 0.216344 0.216344 0.216344
 0.184534 0.369068 0.369068 0.369068 0.369068
 0.0386023 0.0772046 0.0772046 0.0772046 0.0772046
 0.00891432 0.0178286 0.0178286 0.0178286 0.0178286
 0.113738 0.227476 0.227476 0.227476 0.227476
 0.0655527 0.131105 0.131105 0.131105 0.131105
 0.126624 0.253249 0.253249 0.253249 0.253249
 0.139365 0.27873 0.27873 0.27873 0.27873
 0.115436 0.230873 0.230873 0.230873 0.230873
 0.258801 0.517603 0.517603 0.517603 0.517603
 0.246745 0.49349 0.49349 0.49349 0.49349
 0.366574 0.733148 0.733148 0.733148 0.733148
 0.639641 1.27928 1.27928 1.27928 1.27928
 0.515118 1.03024 1.03024 1.03024 1.03024
 0.204909 0.409818 0.409818 0.409818 0.409818
 0.144685 0.28937 0.28937 0.28937 0.28937
 0.0954868 0.190974 0.190974 0.190974 0.190974
 0.0809623 0.161925 0.161925 0.161925 0.161925
 0.0756849 0.15137 0.15137 0.15137 0.15137
 0.0362527 0.0725054 0.0725054 0.0725054 0.0725054
 0.0471636 0.0943271 0.0943271 0.0943271 0.0943271
 0.0567513 0.113503 0.113503 0.113503 0.113503
 0.0530858 0.106172 0.106172 0.106172 0.106172
 0.0433319 0.0866638 0.0866638 0.0866638 0.0866638
nmprior
 10 11 7 0
nm_flota  nm_reclas  nm_pelaces    nm_pelaL
inf 12.8535 13.4314 22.5812
cv_recla  cv_pelaces  cv_mph
1.15077 0.919309 1.01157
 ------------------------------------------------
Talla a la edad & desviación 
 7.2 14.2025 17.0495 18.207 18.6776
 1.08 2.13037 2.55742 2.73105 2.80164
