years
 1997 1998 1999 2000 2001 2002 2003 2004 2005 2006 2007 2008 2009 2010 2011 2012 2013 2014 2015 2016 2017 2018 2019 2020 2021
reclasobs
 0 0 0 370054 412103 1.49427e+06 250295 1.28982e+06 931140 785840 897777 1.04006e+06 184774 17550 25797 100020 73551 82996 120727 218422 84188 347160 605670 569463 516374
reclaspred
 836096 140308 195465 120620 264481 277001 607925 475640 656108 973344 828332 543170 344837 150071 93493.6 88926.3 102006 123553 111858 186167 306212 271443 414516 404738 304811
pelacesobs
 0 0 0 0 0 0 0 0 0 2.06254e+06 1.5e+06 0 1.87456e+06 323000 250000 174000 83755 137374 0 501740 490994 745055 786931 1.00524e+06 0
pelacespred
 767548 219539 103843 127971 255148 205767 605707 488171 666433 984368 753210 512359 331795 115455 71500.5 73316.9 87990 108980 99890.9 163604 303993 262544 316668 363905 276853
mphobs
 0 0 0 0 0 112323 0 153150 637223 0 255016 313432 73983 77613 109348 50772 0 0 0 0 0 0 0 0 0
mphpred
 349453 147045 90261.1 46783.4 65223.5 141159 171514 212273 216411 298855 447947 322421 188096 102854 44285.6 34809.3 39899.5 49505.1 54178.8 55189.7 104160 134024 155802 186192 197552
desembarqueobs
 350755 77701 442110 56441 14545 235359 269955 359681 431902 328805 639364 411747 362871 311530 167758 66681 60226 58785 57116 71774 51957 67425 138520 160799 200461
desembarquepred
 350737 77672.6 441605 56424.9 14544.5 235305 269918 359341 431617 328630 638872 411534 362527 311267 167508 66649.8 60219.7 58758.9 57086.1 71732.6 51948.1 67397 138469 160754 200444
Reclutas
 16688.2 32169.4 5554.17 25443 56568 24806.9 59132.7 74393 110129 195111 61369.8 30971.3 49261.2 22397.8 14982.3 16059.3 11211 11141.9 10197.8 29849.7 34929.3 37541.5 50043.1 41275.4 1753.05
log_desv_Rt
 -0.49754 0.158771 -1.5977 -0.0758032 0.723198 -0.101121 0.767539 0.997118 1.38941 1.96132 0.804673 0.120817 0.584892 -0.20328 -0.605376 -0.53596 -0.895351 -0.90153 -0.990075 0.0839306 0.241082 0.313203 0.60064 0.408023 -2.75089
SSB
 986145 414957 254714 132021 184059 398347 484007 599028 610705 843361 1.26409e+06 909861 530800 290250 124973 98230.9 112595 139702 152891 155744 293936 378210 439670 525428 557486
BT
 1.60474e+06 548736 419882 290472 468736 551764 1.27547e+06 1.26731e+06 1.5852e+06 2.06908e+06 1.90459e+06 1.28774e+06 951320 504151 267741 186062 206337 242485 228441 351586 585534 533773 663593 787949 669285
Ftot
 0.268306 0.450649 1.29394 0.556317 0.0730414 0.566095 0.458483 0.830041 0.7913 0.421695 0.53541 0.492249 0.86834 1.4875 1.61957 0.69248 0.520898 0.398525 0.382237 0.440564 0.157445 0.191237 0.251994 0.300679 0.36841
BD_Bspro_t
 0.960101 0.745579 0.545107 0.245329 0.446909 0.685334 0.573202 0.583774 0.550583 0.581006 0.643687 0.488295 0.363107 0.26954 0.155558 0.153969 0.228461 0.34433 0.421529 0.485834 0.663336 0.764697 0.759313 0.732534 0.668009
BD_Bspro
 1.74334 0.733577 0.450293 0.233393 0.325386 0.704212 0.855646 1.05899 1.07963 1.49092 2.23471 1.60849 0.938369 0.513115 0.220931 0.173656 0.19905 0.24697 0.270286 0.27533 0.519631 0.668615 0.777265 0.928872 0.985544
BD_Bo
 1.09675 0.461497 0.283282 0.146828 0.204702 0.443023 0.538291 0.666212 0.679199 0.937947 1.40587 1.01191 0.590332 0.322803 0.138989 0.109248 0.125223 0.15537 0.170038 0.173211 0.326902 0.420628 0.488981 0.584358 0.62001
BD_Brms
 3.66528 1.5423 0.946715 0.490694 0.684104 1.48056 1.79895 2.22645 2.26985 3.13458 4.69834 3.38175 1.97286 1.07879 0.464495 0.365102 0.418491 0.519241 0.568261 0.578864 1.09249 1.40572 1.63415 1.9529 2.07205
S_f
 0.145834 1 1 1 1
 0.145834 1 1 1 1
 0.145834 1 1 1 1
 0.145834 1 1 1 1
 0.145834 1 1 1 1
 0.145834 1 1 1 1
 0.145834 1 1 1 1
 0.145834 1 1 1 1
 0.145834 1 1 1 1
 0.145834 1 1 1 1
 0.145834 1 1 1 1
 0.145834 1 1 1 1
 0.145834 1 1 1 1
 0.145834 1 1 1 1
 0.145834 1 1 1 1
 0.145834 1 1 1 1
 0.145834 1 1 1 1
 0.145834 1 1 1 1
 0.145834 1 1 1 1
 0.145834 1 1 1 1
 0.145834 1 1 1 1
 0.145834 1 1 1 1
 0.145834 1 1 1 1
 0.145834 1 1 1 1
 0.145834 1 1 1 1
Scru_reclas
 0.964598 1 1 1 1
 0.964598 1 1 1 1
 0.964598 1 1 1 1
 0.964598 1 1 1 1
 0.964598 1 1 1 1
 0.964598 1 1 1 1
 0.964598 1 1 1 1
 0.964598 1 1 1 1
 0.964598 1 1 1 1
 0.964598 1 1 1 1
 0.964598 1 1 1 1
 0.964598 1 1 1 1
 0.964598 1 1 1 1
 0.964598 1 1 1 1
 0.964598 1 1 1 1
 0.964598 1 1 1 1
 0.964598 1 1 1 1
 0.964598 1 1 1 1
 0.964598 1 1 1 1
 0.964598 1 1 1 1
 0.964598 1 1 1 1
 0.964598 1 1 1 1
 0.964598 1 1 1 1
 0.964598 1 1 1 1
 0.964598 1 1 1 1
Scru_pelaces
 1 1 1 1 1
 1 1 1 1 1
 1 1 1 1 1
 1 1 1 1 1
 1 1 1 1 1
 1 1 1 1 1
 1 1 1 1 1
 1 1 1 1 1
 1 1 1 1 1
 1 1 1 1 1
 1 1 1 1 1
 1 1 1 1 1
 1 1 1 1 1
 1 1 1 1 1
 1 1 1 1 1
 1 1 1 1 1
 1 1 1 1 1
 1 1 1 1 1
 1 1 1 1 1
 1 1 1 1 1
 1 1 1 1 1
 1 1 1 1 1
 1 1 1 1 1
 1 1 1 1 1
 1 1 1 1 1
pf_obs 
 0.256992 0.487395 0.22802 0.0275931 0
 0.321318 0.546541 0.124235 0.00734118 0.000564706
 0.182869 0.594174 0.210203 0.0122559 0.00049798
 0.330522 0.361315 0.267642 0.0388342 0.00168674
 0.649043 0.306663 0.0425973 0.00169635 0
 0.582887 0.30429 0.105238 0.00758474 0
 0.465427 0.430635 0.0974691 0.00646863 0
 0.296916 0.608066 0.0921331 0.00288517 0
 0.311714 0.524322 0.152257 0.0117073 0
 0.15457 0.633149 0.183074 0.0267441 0.00246327
 0.131901 0.49318 0.331252 0.0422183 0.00144891
 0.196976 0.569456 0.194076 0.0375587 0.00193317
 0.518974 0.381816 0.0799577 0.0180837 0.00116848
 0.0928022 0.601141 0.25162 0.0475244 0.00691264
 0.122501 0.610282 0.24278 0.0234846 0.000952079
 0.383417 0.481906 0.127806 0.00687128 0
 0.0376549 0.599619 0.316969 0.0457579 0
 0.0361596 0.667082 0.258105 0.0386534 0
 0.158088 0.579412 0.248529 0.0139706 0
 0.0477256 0.309471 0.559284 0.082774 0.000745712
 0.0406174 0.521527 0.379366 0.0568643 0.0016247
 0.151134 0.462217 0.34131 0.0453401 0
 0.294876 0.26143 0.354403 0.0886775 0.000613685
 0.281977 0.475581 0.204845 0.0348837 0.00271318
 0 0 0 0 0
pf_pred 
 0.0659881 0.617585 0.278955 0.037467 4.4347e-06
 0.197613 0.285417 0.34183 0.1544 0.0207402
 0.0531947 0.642375 0.108289 0.129692 0.0664493
 0.461103 0.232839 0.20765 0.0350049 0.0634036
 0.391915 0.538522 0.0300556 0.0268042 0.0127029
 0.115543 0.725865 0.140449 0.00783863 0.0103036
 0.327414 0.365187 0.25228 0.048814 0.00630547
 0.298119 0.56658 0.073463 0.0507499 0.0110881
 0.345142 0.534542 0.0971227 0.012593 0.0106002
 0.364557 0.536141 0.0810574 0.0147276 0.00351699
 0.0897101 0.754505 0.13144 0.019872 0.00447283
 0.0822205 0.430127 0.404197 0.0704139 0.0130418
 0.229198 0.338767 0.202477 0.190271 0.0392858
 0.156764 0.641285 0.0887574 0.0530492 0.0601442
 0.23124 0.567295 0.153215 0.0212058 0.027044
 0.296978 0.584367 0.0875594 0.0236481 0.00744714
 0.180107 0.659291 0.133496 0.0200025 0.00710353
 0.19388 0.532984 0.219634 0.0444722 0.00902999
 0.179244 0.547773 0.180489 0.0743764 0.0181179
 0.406796 0.381878 0.141039 0.0464716 0.0238151
 0.249116 0.64119 0.0706164 0.0260807 0.0129973
 0.19763 0.570108 0.198332 0.0218429 0.0120875
 0.222889 0.504706 0.193552 0.0673337 0.0115194
 0.162112 0.577935 0.16883 0.0647453 0.0263772
 0.00894364 0.600346 0.269494 0.078726 0.0424908
pobs_RECLAS
 0 0 0 0 0
 0 0 0 0 0
 0 0 0 0 0
 0 0 0 0 0
 0.835266 0.146461 0.0176864 0.000547809 3.91292e-05
 0.385257 0.428462 0.181853 0.0044286 0
 0.867414 0.0963971 0.0333333 0.00285562 0
 0.441836 0.489002 0.0689373 0.000224442 0
 0.779404 0.147425 0.0564933 0.0165055 0.000172143
 0.814271 0.122319 0.05973 0.00367925 0
 0.40263 0.566651 0.0304383 0.000280538 0
 0.475488 0.404961 0.113038 0.00651328 0
 0.955842 0.0263864 0.0167828 0.000988607 0
 0.975058 0.0227948 0.00214734 0 0
 0.738997 0.206755 0.0527124 0.00153531 0
 0.850938 0.134255 0.0134407 0.00136685 0
 0.542534 0.407297 0.0501686 0 0
 0.764087 0.199537 0.0359546 0.000420521 0
 0.470689 0.182191 0.310203 0.0369168 0
 0.84361 0.089868 0.0606195 0.00523954 0.000663233
 0.607945 0.314616 0.071237 0.00620181 0
 0.523733 0.453247 0.0230204 0 0
 0.530135 0.295979 0.169645 0.0042399 0
 0.562478 0.366248 0.0663022 0.0049721 0
 0.250443 0.683176 0.0655157 0.000865301 0
ppred_RECLAS
 0.321985 0.448316 0.202498 0.0271979 3.21922e-06
 0.626732 0.132775 0.159018 0.0718265 0.0096483
 0.296902 0.477028 0.0804154 0.0963095 0.0493453
 0.854826 0.0627247 0.0559392 0.00943001 0.0170804
 0.810582 0.167749 0.00936229 0.00834949 0.00395694
 0.473637 0.431981 0.0835848 0.00466497 0.00613196
 0.768571 0.125656 0.0868063 0.0167963 0.00216963
 0.7504 0.201485 0.0261246 0.0180475 0.00394311
 0.787887 0.173142 0.0314587 0.00407895 0.00343349
 0.795994 0.172125 0.026023 0.00472822 0.00112911
 0.403661 0.494283 0.0861074 0.0130183 0.00293019
 0.380019 0.29056 0.273044 0.0475662 0.00881002
 0.678863 0.14114 0.0843574 0.0792721 0.0163675
 0.589992 0.311813 0.0431566 0.0257942 0.029244
 0.704033 0.218404 0.0589866 0.00816407 0.0104117
 0.746579 0.210649 0.0315629 0.00852451 0.0026845
 0.60109 0.320771 0.0649507 0.00973198 0.00345614
 0.620155 0.251143 0.103492 0.0209554 0.00425495
 0.596863 0.269054 0.088652 0.036532 0.0088991
 0.823672 0.113512 0.0419234 0.0138136 0.00707898
 0.688834 0.265709 0.0292634 0.0108078 0.00538609
 0.622217 0.268426 0.0933813 0.0102844 0.00569123
 0.658203 0.221985 0.08513 0.0296154 0.00506658
 0.565885 0.299432 0.0874718 0.033545 0.0136662
 0.0575935 0.570876 0.256265 0.0748615 0.040405
pobs_PELACES
 0 0 0 0 0
 0 0 0 0 0
 0 0 0 0 0
 0 0 0 0 0
 0 0 0 0 0
 0 0 0 0 0
 0 0 0 0 0
 0 0 0 0 0
 0 0 0 0 0
 0 0 0 0 0
 0.450072 0.473896 0.0757376 0.000293798 0
 0 0 0 0 0
 0.463077 0.371075 0.160297 0.00555027 0
 0.529543 0.364841 0.0842815 0.0213345 0
 0.631943 0.363953 0.00410389 0 0
 0.735681 0.248677 0.0153453 0.000297389 0
 0.695825 0.281241 0.0229344 0 0
 0.275771 0.60734 0.115278 0.00161068 0
 0 0 0 0 0
 0.896147 0.0623911 0.0374545 0.00400742 0
 0.803859 0.145111 0.0509908 3.86294e-05 0
 0.739449 0.233085 0.0266225 0.000797448 4.60066e-05
 0.878498 0.100942 0.0204185 0.000141795 0
 0.694673 0.275183 0.0284847 0.00165964 0
 0 0 0 0 0
ppred_PELACES
 0.346832 0.431886 0.195077 0.0262012 3.10125e-06
 0.664027 0.119509 0.14313 0.0646499 0.00868428
 0.386672 0.416122 0.0701482 0.0840129 0.043045
 0.877161 0.0530743 0.0473328 0.00797917 0.0144525
 0.819125 0.160184 0.00894005 0.00797293 0.00377849
 0.5225 0.39188 0.0758255 0.00423191 0.00556272
 0.796659 0.110406 0.0762711 0.0147578 0.00190632
 0.797503 0.163462 0.0211945 0.0146417 0.003199
 0.827973 0.140421 0.0255135 0.0033081 0.00278462
 0.820001 0.15187 0.0229608 0.00417182 0.000996243
 0.449357 0.456408 0.0795093 0.0120208 0.00270566
 0.421975 0.270897 0.254567 0.0443472 0.00821382
 0.736792 0.11568 0.0691405 0.0649725 0.0134151
 0.694081 0.232653 0.0322005 0.0192458 0.0218198
 0.795619 0.15082 0.0407334 0.00563772 0.00718985
 0.787795 0.176389 0.0264296 0.0071381 0.0022479
 0.644026 0.286245 0.0579599 0.0086845 0.00308415
 0.654433 0.228479 0.0941525 0.0190643 0.00387098
 0.630928 0.246319 0.081161 0.0334451 0.00814714
 0.845751 0.099299 0.036674 0.0120839 0.00619259
 0.705805 0.251217 0.0276674 0.0102184 0.00509233
 0.643116 0.253576 0.0882153 0.00971545 0.00537638
 0.681869 0.206615 0.0792358 0.0275649 0.00471579
 0.59529 0.27915 0.0815468 0.0312728 0.0127405
 0.065673 0.565981 0.254067 0.0742196 0.0400586
pobs_pel_tallas
 0 0 0 0 0 0 0 0 0 0 0 0 0 0 0 0 0 0 0 0 0 0 0 0 0 0 0 0 0 0 0 0 0 0 0 0
 0 0 0 0 0 0 0 0 0 0 0 0 0 0 0 0 0 0 0 0 0 0 0 0 0 0 0 0 0 0 0 0 0 0 0 0
 0 0 0 0 0 0 0 0 0 0 0 0 0 0 0 0 0 0 0 0 0 0 0 0 0 0 0 0 0 0 0 0 0 0 0 0
 0 0 0 0 0 0 0 0 0 0 0 0 0 0 0 0 0 0 0 0 0 0 0 0 0 0 0 0 0 0 0 0 0 0 0 0
 0 0 0 0 0 0 0 0 0 0 0 0 0 0 0 0 0 0 0 0 0 0 0 0 0 0 0 0 0 0 0 0 0 0 0 0
 0 0 0 0 0 0 0 0 0 0 0 0 0 0 0 0 0 0 0 0 0 0 0 0 0 0 0 0 0 0 0 0 0 0 0 0
 0 0 0 0 0 0 0 0 0 0 0 0 0 0 0 0 0 0 0 0 0 0 0 0 0 0 0 0 0 0 0 0 0 0 0 0
 0 0 0 0 0 0 0 0 0 0 0 0 0 0 0 0 0 0 0 0 0 0 0 0 0 0 0 0 0 0 0 0 0 0 0 0
 0 0 0 0 0 0 0 0 0 0 0 0 0 0 0 0 0 0 0 0 0 0 0 0 0 0 0 0 0 0 0 0 0 0 0 0
 0 0 0 0 0 0 0 0 0 0 0 0 0 0 0 0 0 0 0 0 0 0 0 0 0 0 0 0 0 0 0 0 0 0 0 0
 0 0 0 0 0 0 0 0 1.78061e-05 0.00172719 0.00360574 0.0105946 0.0120993 0.0124554 0.0147524 0.0171206 0.0266825 0.0428682 0.0675386 0.121331 0.153587 0.119568 0.100827 0.0573624 0.0630603 0.0341343 0.0324427 0.0444173 0.0211091 0.0280891 0.0125444 0.00206551 0 0 0 0
 0 0 0 0 0 0 0 0 0 0 0 0 0 0 0 0 0 0 0 0 0 0 0 0 0 0 0 0 0 0 0 0 0 0 0 0
 0 0 0 0 0 0 0.0133647 0.0140871 0.0187388 0.0205184 0.03894 0.0496705 0.03968 0.0493445 0.0407372 0.0367815 0.0215668 0.0243155 0.0234873 0.0199281 0.019796 0.0243948 0.0301388 0.0376714 0.0412746 0.0863199 0.0771752 0.113111 0.0741005 0.0525337 0.0229764 0.00759418 0.00175318 0 0 0
 0 0 0 0 0 0 0 0 0 0 0.00219441 0.00772107 0.0458388 0.0604681 0.0671733 0.0775358 0.0609151 0.0617685 0.073594 0.0568108 0.0755445 0.0548602 0.0670107 0.0636378 0.0643287 0.046367 0.0373049 0.0286899 0.0247887 0.0153202 0.00654259 0.00121912 0.000365735 0 0 0
 0 0 0 0 0 0 0 0 0 0 0 0 0.000112435 0.00938835 0.0111873 0.0202946 0.0414886 0.0713402 0.111592 0.104902 0.108894 0.110636 0.117776 0.105296 0.107544 0.0401394 0.0192827 0.0124803 0.00416011 0.0028671 0.000618394 0 0 0 0 0
 0 0 0 0 0 0 0 0 0 0 0.00291406 0.0102884 0.027416 0.0768956 0.0749926 0.110853 0.0956884 0.0897413 0.0766577 0.0534642 0.0500743 0.0551293 0.0594112 0.0620874 0.0668451 0.0424026 0.0208742 0.0120726 0.0048766 0.00582813 0.00118941 0.000297354 0 0 0 0
 0 0.00264628 0.0354308 0.0461629 0.0458689 0.0383711 0.0214643 0.0164657 0.0346957 0.0420465 0.0363128 0.0245516 0.0311673 0.0291091 0.0169068 0.0133784 0.00837989 0.0085269 0.0148486 0.0160247 0.0276389 0.0546898 0.0760071 0.122758 0.109233 0.0665981 0.0333725 0.0166128 0.00676272 0.00308733 0.000882094 0 0 0 0 0
 0 0 0 0 0 0 0 0.000805153 0.000690131 0.00759144 0.0133425 0.0154129 0.00931677 0.000345066 0.00356568 0.00563607 0.00851162 0.0253048 0.0502646 0.0516448 0.0657925 0.0565908 0.0611916 0.0827007 0.0866115 0.110766 0.145733 0.0935128 0.0569358 0.0249597 0.0138026 0.00621118 0.00161031 0.00115022 0 0
 0 0 0 0 0 0 0 0 0 0 0 0 0 0 0 0 0 0 0 0 0 0 0 0 0 0 0 0 0 0 0 0 0 0 0 0
 0.00147267 0.00158595 0.00478618 0.00569244 0.00954404 0.0108468 0.00647125 0.017049 0.0510054 0.094081 0.124002 0.0959785 0.0687766 0.0820023 0.061753 0.0591476 0.0492212 0.0479892 0.0443925 0.0268479 0.0217502 0.0140895 0.0121071 0.0120363 0.00920419 0.00665534 0.0049561 0.00860946 0.00930331 0.0156896 0.0114698 0.00855282 0.00243557 0.00046729 0 2.83206e-05
 0 0 0 0 0.000772559 0.00158375 0.000888443 0.00281984 0.00712685 0.0440552 0.0773331 0.111326 0.0921469 0.0852325 0.0710754 0.0886704 0.0786465 0.0553345 0.0373146 0.0185414 0.00753245 0.00457741 0.012979 0.0271748 0.0457355 0.0583668 0.034881 0.0177882 0.00938659 0.00492506 0.0015258 0.00185414 0.000309023 5.79419e-05 3.86279e-05 0
 0 0.00173294 0.00326652 0 0.00397197 0.00683976 0.00946217 0.0152591 0.00757587 0.0136028 0.0228656 0.0392903 0.0559909 0.0764795 0.0681675 0.0726916 0.0566044 0.0477403 0.0527397 0.0444891 0.0609904 0.0582453 0.0661739 0.0445044 0.0529084 0.0360697 0.0280645 0.0235558 0.0158879 0.00826598 0.00280645 0.00217768 0.000904811 0.00058276 9.20147e-05 0
 0 0 0 0 0 0 0 0 0 0 0 0 0 0 0 0 0 0 0 0 0 0 0 0 0 0 0 0 0 0 0 0 0 0 0 0
 0 0 0 0 0 0 0 0 0 0 0 0 0 0 0 0 0 0 0 0 0 0 0 0 0 0 0 0 0 0 0 0 0 0 0 0
 0 0 0 0 0 0 0 0 0 0 0 0 0 0 0 0 0 0 0 0 0 0 0 0 0 0 0 0 0 0 0 0 0 0 0 0
ppred_pel_tallas
 1.03811e-16 1.51541e-05 8.88885e-05 0.000422423 0.00162616 0.00507087 0.012809 0.0262119 0.0434602 0.0583994 0.0636387 0.0563446 0.0407934 0.0247369 0.0137461 0.00902941 0.00910906 0.0121725 0.0170626 0.0231385 0.0298865 0.0367088 0.0429151 0.0478266 0.0509161 0.0519178 0.0508738 0.0480966 0.04407 0.0393243 0.034328 0.0294254 0.0248248 0.0206254 0.0168587 0.0135266
 1.04698e-16 2.89724e-05 0.000170043 0.000808308 0.00311203 0.00970455 0.0245129 0.0501565 0.0831394 0.111652 0.121496 0.107158 0.0766863 0.0447136 0.0216275 0.00941295 0.00491357 0.00442183 0.00568477 0.00774172 0.0102328 0.0129618 0.0157417 0.0183771 0.0206878 0.0225353 0.0238365 0.0245624 0.0247233 0.0243517 0.0234896 0.0221841 0.0204925 0.0184881 0.0162643 0.0139302
 1.0603e-16 1.68902e-05 9.90835e-05 0.000470897 0.00181281 0.00565293 0.0142792 0.0292198 0.0484452 0.065091 0.0709123 0.0627409 0.0453291 0.0272966 0.014823 0.00921739 0.00879141 0.0114894 0.0160035 0.0216307 0.0278476 0.0340763 0.0396669 0.0439973 0.0466064 0.0472967 0.0461702 0.0435814 0.0400294 0.0360274 0.031993 0.0281904 0.024729 0.0216038 0.0187529 0.016109
 1.01639e-16 3.82632e-05 0.000224595 0.00106767 0.00411065 0.0128187 0.0323789 0.0662505 0.109813 0.147462 0.160433 0.141429 0.101055 0.0586037 0.0277458 0.0110384 0.00424136 0.00239231 0.00247308 0.00321296 0.00418783 0.00524479 0.00628752 0.00722956 0.00799799 0.0085442 0.00884969 0.00892328 0.00879225 0.00849115 0.00805289 0.00750464 0.00686866 0.00616568 0.00541844 0.00465322
 1.0063e-16 3.57368e-05 0.000209753 0.000997085 0.00383886 0.0119711 0.0302381 0.0618709 0.102557 0.137728 0.149867 0.132174 0.0945718 0.0551058 0.0265802 0.011427 0.00572701 0.00486953 0.00602513 0.00794732 0.0101253 0.0122557 0.0140676 0.0153176 0.0158344 0.015558 0.0145543 0.0129949 0.0111128 0.00914723 0.00729553 0.00568601 0.00437332 0.00335224 0.00258071 0.00200257
 1.0161e-16 2.28121e-05 0.000133852 0.000636196 0.00244926 0.00763767 0.0192925 0.0394771 0.0654459 0.0879168 0.0957363 0.0846018 0.0608999 0.0362258 0.0188596 0.0104854 0.00873464 0.0107602 0.0147687 0.0198524 0.025427 0.0309095 0.0356637 0.0390878 0.0407424 0.0404511 0.0383386 0.0347873 0.030334 0.0255414 0.0208861 0.0166927 0.0131218 0.0101987 0.00786308 0.00601799
 1.01715e-16 3.47553e-05 0.000203995 0.000969721 0.00373351 0.0116426 0.0294083 0.0601727 0.0997409 0.133943 0.14574 0.128513 0.0919078 0.0534642 0.0256232 0.0107381 0.00498832 0.00389036 0.00470922 0.00627045 0.00813677 0.0100876 0.0119356 0.0135023 0.0146427 0.0152712 0.0153742 0.0150025 0.0142503 0.013227 0.0120338 0.010751 0.00943606 0.00812928 0.00686222 0.00566317
 1.01007e-16 3.47941e-05 0.000204218 0.000970773 0.00373754 0.0116552 0.0294401 0.0602382 0.0998507 0.134095 0.145916 0.128695 0.0920937 0.0536857 0.0259401 0.0112298 0.00574468 0.00500079 0.00624717 0.00827111 0.0105724 0.0128487 0.0148256 0.0162537 0.0169533 0.0168549 0.0160137 0.0145908 0.0128091 0.0108997 0.00905451 0.00740028 0.00599437 0.00483861 0.00390147 0.00313938
 1.00652e-16 3.61219e-05 0.000212015 0.00100784 0.00388029 0.0121004 0.0305645 0.0625385 0.103663 0.139212 0.151477 0.133583 0.0955552 0.0556301 0.0267422 0.011342 0.00546099 0.00443497 0.00540715 0.00713017 0.0091106 0.0110728 0.0127769 0.0140061 0.0146034 0.0145062 0.0137596 0.0125008 0.0109218 0.00922339 0.00757485 0.00609085 0.00482705 0.00379094 0.00295981 0.00229838
 1.00566e-16 3.57747e-05 0.000209976 0.000998148 0.00384295 0.0119839 0.0302704 0.0619369 0.102666 0.137874 0.150024 0.132309 0.0946592 0.0551393 0.0265639 0.0113653 0.00561792 0.00470568 0.00579846 0.00765443 0.00977213 0.0118603 0.0136604 0.0149389 0.0155273 0.0153609 0.0144924 0.0130747 0.0113204 0.00945069 0.00765176 0.00604891 0.00470185 0.0036164 0.00276447 0.00210363
 1.01817e-16 1.96254e-05 0.000115137 0.000547209 0.00210661 0.00656913 0.0165935 0.0339553 0.0562954 0.0756354 0.0823913 0.0728772 0.0526088 0.0315924 0.0169946 0.0103174 0.00957624 0.0123593 0.0171266 0.0230487 0.0295143 0.0358604 0.0413495 0.0452827 0.0471511 0.0467536 0.0442407 0.0400631 0.0348507 0.0292619 0.0238528 0.0190001 0.014887 0.011538 0.00887739 0.00678677
 1.0561e-16 1.84243e-05 0.000108102 0.000513798 0.00197804 0.00616821 0.0155806 0.0318815 0.0528532 0.0709987 0.077309 0.0683072 0.0491483 0.0291935 0.015128 0.00831477 0.0068536 0.00847407 0.0117791 0.0161116 0.0210961 0.0263651 0.0314923 0.0360355 0.0396138 0.0419746 0.0430269 0.0428295 0.0415471 0.0393926 0.0365784 0.0332906 0.0296869 0.0259071 0.0220859 0.0183579
 1.03879e-16 3.2145e-05 0.00018867 0.000896862 0.00345298 0.0107678 0.0271986 0.0556516 0.0922472 0.123881 0.134796 0.118873 0.0850348 0.0495097 0.0238107 0.0101235 0.00492544 0.00408076 0.0050691 0.00680968 0.00889833 0.0111258 0.0133089 0.0152699 0.0168612 0.0179899 0.018629 0.0188086 0.0185937 0.018058 0.0172638 0.0162541 0.0150571 0.013697 0.0122058 0.0106293
 1.02214e-16 3.02872e-05 0.000177753 0.000844937 0.00325302 0.0101442 0.0256236 0.0524298 0.0869104 0.116725 0.127037 0.112096 0.0803309 0.0470605 0.0231731 0.0107758 0.00659415 0.00675614 0.00887284 0.0118561 0.0151931 0.0185033 0.0214082 0.0235564 0.0246927 0.0247162 0.0237004 0.0218666 0.0195213 0.0169802 0.0145033 0.0122586 0.0103183 0.00867957 0.00729708 0.00611332
 1.01158e-16 3.47116e-05 0.000203735 0.000968475 0.0037287 0.0116276 0.0293704 0.0600955 0.099614 0.133776 0.145566 0.128381 0.0918567 0.0535225 0.0258151 0.011098 0.00556723 0.00474916 0.00590301 0.00782819 0.0100406 0.0122574 0.0142246 0.0157082 0.016535 0.016629 0.0160263 0.0148595 0.0133192 0.011607 0.00989465 0.00830006 0.00688394 0.0056609 0.00461764 0.00373004
 1.00784e-16 3.43714e-05 0.000201735 0.000958964 0.00369207 0.0115134 0.0290819 0.0595054 0.0986366 0.132465 0.144147 0.127143 0.0910017 0.0530864 0.0257203 0.0112539 0.00592976 0.00532277 0.00671515 0.00890206 0.0113747 0.0138127 0.0159198 0.0174254 0.0181341 0.0179705 0.0169948 0.0153831 0.0133801 0.0112403 0.00917733 0.00733441 0.00577912 0.00451734 0.00351652 0.00272852
 1.01359e-16 2.81069e-05 0.000164947 0.000784046 0.00301856 0.00941303 0.0237767 0.0486515 0.0806493 0.108322 0.117909 0.104083 0.074677 0.0439272 0.0219635 0.0107729 0.00734864 0.00812 0.0108717 0.0145647 0.0186573 0.0226976 0.0262167 0.0287746 0.0300489 0.0299083 0.02844 0.0259182 0.0227293 0.0192788 0.0159101 0.0128574 0.0102369 0.00806846 0.00631143 0.00489962
 1.02247e-16 2.85584e-05 0.000167603 0.000796684 0.00306724 0.00956485 0.0241601 0.0494355 0.0819473 0.110061 0.119788 0.105709 0.0757736 0.0444318 0.0219567 0.010345 0.00652107 0.00684714 0.00908282 0.0122108 0.0157503 0.0193364 0.0225962 0.025172 0.0267883 0.027309 0.0267605 0.0253116 0.0232201 0.0207657 0.0181925 0.0156767 0.0133209 0.0111693 0.00923183 0.00750447
 1.02763e-16 2.75342e-05 0.000161588 0.000768085 0.00295712 0.00922145 0.0232928 0.0476609 0.0790064 0.106113 0.115498 0.101938 0.0731023 0.0429297 0.0213341 0.0102516 0.00672822 0.00726458 0.00970112 0.0130467 0.016815 0.020621 0.0240666 0.0267718 0.0284473 0.0289561 0.0283372 0.0267818 0.0245733 0.022014 0.0193621 0.0167966 0.0144132 0.0122434 0.0102827 0.00851558
 1.01258e-16 3.68954e-05 0.000216561 0.00102946 0.00396353 0.0123599 0.0312201 0.0638798 0.105885 0.142192 0.15471 0.13641 0.0975261 0.0566736 0.0270499 0.0111408 0.00487652 0.00348391 0.00404974 0.0053245 0.00685099 0.00841303 0.00983927 0.0109745 0.0117008 0.0119604 0.0117659 0.0111903 0.0103438 0.00934455 0.00829377 0.00726214 0.00628839 0.00538677 0.00455817 0.00379979
 1.01064e-16 3.07993e-05 0.000180757 0.000859216 0.00330799 0.0103156 0.0260566 0.0533159 0.0883796 0.118699 0.129189 0.114002 0.0817118 0.0479 0.0236427 0.0110871 0.00690661 0.00716425 0.00942554 0.0125714 0.0160599 0.0194772 0.0224094 0.0244741 0.0253973 0.0250774 0.0236076 0.0212469 0.018351 0.0152879 0.0123644 0.0097832 0.00763611 0.00592433 0.00459298 0.00356493
 1.0192e-16 2.8066e-05 0.00016471 0.000782924 0.00301425 0.0093996 0.0237428 0.0485817 0.0805329 0.108163 0.117729 0.103908 0.0745172 0.043764 0.0217546 0.0104627 0.0068768 0.00742832 0.00991301 0.0133156 0.0171334 0.0209654 0.0243968 0.0270324 0.0285729 0.028879 0.0279972 0.0261354 0.0236013 0.0207248 0.0177918 0.015005 0.0124771 0.010248 0.00831257 0.00664671
 1.0236e-16 2.97538e-05 0.000174623 0.000830063 0.00319576 0.00996566 0.0251725 0.0515067 0.0853798 0.114668 0.124794 0.110108 0.0788863 0.0461746 0.0226646 0.0104214 0.0062254 0.00627492 0.00823323 0.0110515 0.0142562 0.0175095 0.0204743 0.0228293 0.0243275 0.0248473 0.0244133 0.023177 0.0213682 0.0192349 0.016991 0.0147884 0.0127125 0.0107979 0.00905022 0.0074658
 1.02919e-16 2.59815e-05 0.00015247 0.000724729 0.00279017 0.00870083 0.0219778 0.0449706 0.0745481 0.100129 0.108996 0.0962261 0.0690648 0.0406762 0.0204325 0.0101814 0.00715645 0.00807021 0.0108862 0.0146503 0.0188613 0.0230931 0.0268962 0.0298415 0.0316056 0.0320406 0.0312007 0.029314 0.0267136 0.023752 0.0207283 0.0178474 0.0152151 0.0128598 0.010766 0.00890444
 1.08213e-16 2.8997e-06 1.6932e-05 8.03064e-05 0.000308882 0.000962942 0.00243293 0.00498266 0.00827674 0.0111682 0.0122924 0.0111741 0.00872212 0.00655207 0.00591784 0.00728642 0.0106205 0.0157648 0.0225577 0.0307334 0.0398074 0.0490542 0.0575921 0.0645443 0.0692226 0.0712702 0.0707194 0.0679414 0.0635189 0.0580861 0.0521942 0.0462371 0.0404454 0.0349262 0.029723 0.0248637
pSPR Fmed_Fpbrs
0.534064   0.349226 0.349226
Fs Fmed_Fpbrs
0.466008   1.005 1.005
SSBpbr Bo_Bmed_Bpbrs
899155  435249  269051 269051
Ro
27446.7
SPR SPRFo_SPRFmed_SPRFpbrs
565663 302100 197544
log_Ro
10.04
likeval ReclasPelacesDesembMPH_pf_preclas_ppelaces_ptallas_desvR_qrecl_qpela
 88.3485 66.0171 0.0468009 0.000177634 296.854 192.578 70.6007 0 32.3289 1.49434e-05 0 0 0 0 0
q_reclas_q_pelaces
0.578231 1
M
0.7
N
 16688.2 25134.5 11352.9 1524.84 0.180484
 32169.4 7969.14 9544.24 4311.01 579.088
 5554.17 14958.7 2521.69 3020.09 1547.38
 25443 2283.82 2036.76 343.349 621.9
 56568 11650.1 650.204 579.866 274.807
 24806.9 27793.2 5377.75 300.139 394.523
 59132.7 11342.6 7835.74 1516.15 195.846
 74393 27465.2 3561.15 2460.13 537.503
 110129 32730.7 5946.96 771.085 649.067
 195111 48728 7367.03 1338.54 319.647
 61369.8 91110.3 15872 2399.64 540.117
 30971.3 28186.3 26487.2 4614.25 854.633
 49261.2 14314.5 8555.62 8039.86 1660.01
 22397.8 21552.7 2983.02 1782.91 2021.37
 14982.3 8953.43 2418.14 334.684 426.827
 16059.3 5874.85 880.266 237.742 74.8688
 11211 7208.77 1459.66 218.71 77.6709
 11141.9 5159.96 2126.34 430.547 87.4219
 10197.8 5220.52 1720.14 708.84 172.671
 29849.7 4789.51 1768.9 582.846 298.689
 34929.3 13900.5 1530.91 565.41 281.773
 37541.5 16951.7 5897.22 649.481 359.413
 50043.1 18129.8 6952.69 2418.73 413.796
 41275.4 23954 6997.58 2683.54 1093.27
 1753.05 19617.4 8806.21 2572.52 1388.47
pred_Ctot
 461.573 4319.88 1951.23 262.074 0.0310198
 1477.15 2133.48 2555.17 1154.14 155.033
 694.401 8385.54 1413.6 1693 867.426
 1432.57 723.39 645.135 108.754 196.984
 431.304 592.645 33.0762 29.4981 13.9796
 1420.42 8923.35 1726.59 96.3633 126.667
 2761.07 3079.6 2127.46 411.646 53.1737
 6142.33 11673.6 1513.6 1045.63 228.455
 8689.71 13458.3 2445.28 317.056 266.884
 8398.95 12352 1867.46 339.305 81.0272
 3329.99 28006.8 4878.97 737.636 166.029
 1549.31 8105.02 7616.42 1326.83 245.751
 4244.71 6273.9 3749.83 3523.78 727.565
 3180.7 13011.5 1800.87 1076.36 1220.31
 2297.69 5636.84 1522.4 210.708 268.719
 1115.85 2195.68 328.992 88.8542 27.9816
 592.377 2168.43 439.071 65.7888 23.3637
 453.944 1247.91 514.242 104.125 21.1425
 398.911 1219.08 401.681 165.526 40.3217
 1340.82 1258.69 464.872 153.173 78.496
 570.962 1469.58 161.85 59.7758 29.7893
 743.754 2145.53 746.396 82.2031 45.4899
 1301.33 2946.72 1130.05 393.127 67.2559
 1276.72 4551.53 1329.62 509.902 207.734
 66.1527 4440.53 1993.34 582.306 314.288
F
 0.0391281 0.268306 0.268306 0.268306 0.268306
 0.06572 0.450649 0.450649 0.450649 0.450649
 0.1887 1.29394 1.29394 1.29394 1.29394
 0.08113 0.556317 0.556317 0.556317 0.556317
 0.0106519 0.0730414 0.0730414 0.0730414 0.0730414
 0.0825559 0.566095 0.566095 0.566095 0.566095
 0.0668623 0.458483 0.458483 0.458483 0.458483
 0.121048 0.830041 0.830041 0.830041 0.830041
 0.115398 0.7913 0.7913 0.7913 0.7913
 0.0614975 0.421695 0.421695 0.421695 0.421695
 0.078081 0.53541 0.53541 0.53541 0.53541
 0.0717866 0.492249 0.492249 0.492249 0.492249
 0.126633 0.86834 0.86834 0.86834 0.86834
 0.216928 1.4875 1.4875 1.4875 1.4875
 0.236188 1.61957 1.61957 1.61957 1.61957
 0.100987 0.69248 0.69248 0.69248 0.69248
 0.0759646 0.520898 0.520898 0.520898 0.520898
 0.0581185 0.398525 0.398525 0.398525 0.398525
 0.0557431 0.382237 0.382237 0.382237 0.382237
 0.0642492 0.440564 0.440564 0.440564 0.440564
 0.0229609 0.157445 0.157445 0.157445 0.157445
 0.0278889 0.191237 0.191237 0.191237 0.191237
 0.0367492 0.251994 0.251994 0.251994 0.251994
 0.0438491 0.300679 0.300679 0.300679 0.300679
 0.0537267 0.36841 0.36841 0.36841 0.36841
nmprior
 10 11 7 0
nm_flota  nm_reclas  nm_pelaces    nm_pelaL
inf 29.2051 23.5544 44.3084
cv_recla  cv_pelaces  cv_mph
0.850206 0.956077 0.432415
 ------------------------------------------------
Talla a la edad & desviación 
 7.2 14.2025 17.0495 18.207 18.6776
 1.08 2.13037 2.55742 2.73105 2.80164
