    unsorted:	 2.602471875e-06 1.225607526e-06 5.312072858e-06 7.196091253e-05 0.0008999965334 0.006708280709 44.45789519 58.89844015 102.1434972 172.2526000 200.9422308 256.7000504 458.7482559 608.8386699 639.5204391 800.4186653 827.9036877 1075.474463 1135.695718 1318.601974 1391.354575 1510.855876 1795.618889 2000.431891 2348.865454 2539.275398 2782.439338 3261.636878 3572.514348 3812.303025 4106.991723 4576.585051 4930.730205 5324.502027 5462.307589 6238.794974 6457.274184 6997.110090 17370.27134 196394.2974 345910.0492 320115.4788 361474.8989 391763.2764 412047.5580 452651.0151 460583.6725 477402.7897 487318.0706 518841.0748 542902.2378 558298.6478 626278.0478 645896.5820 783309.3107 860498.0520 998689.3156 1036228.601 1258556.069 1585146.335 1821824.170 2128423.066 2213067.929 2668270.297 8218460.213
      sorted:	 1.225607526e-06 2.602471875e-06 5.312072858e-06 7.196091253e-05 0.0008999965334 0.006708280709 44.45789519 58.89844015 102.1434972 172.2526000 200.9422308 256.7000504 458.7482559 608.8386699 639.5204391 800.4186653 827.9036877 1075.474463 1135.695718 1318.601974 1391.354575 1510.855876 1795.618889 2000.431891 2348.865454 2539.275398 2782.439338 3261.636878 3572.514348 3812.303025 4106.991723 4576.585051 4930.730205 5324.502027 5462.307589 6238.794974 6457.274184 6997.110090 17370.27134 196394.2974 320115.4788 345910.0492 361474.8989 391763.2764 412047.5580 452651.0151 460583.6725 477402.7897 487318.0706 518841.0748 542902.2378 558298.6478 626278.0478 645896.5820 783309.3107 860498.0520 998689.3156 1036228.601 1258556.069 1585146.335 1821824.170 2128423.066 2213067.929 2668270.297 8218460.213
