years
 1997 1998 1999 2000 2001 2002 2003 2004 2005 2006 2007 2008 2009 2010 2011 2012 2013 2014 2015 2016 2017 2018 2019 2020 2021
reclasobs
 0 0 0 370054 412103 1.49427e+06 250295 1.28982e+06 931140 785840 897777 1.04006e+06 184774 17550 25797 100020 73551 82996 120727 218422 84188 347160 605670 569463 516374
reclaspred
 2.79014e+06 459351 723902 204337 268108 362566 706474 650944 667475 847987 935794 722882 395452 147856 81482.4 77214.2 80030 110151 137043 134752 199533 220585 350338 357386 305295
pelacesobs
 0 0 0 0 0 0 0 0 0 2.06254e+06 1.5e+06 0 1.87456e+06 323000 250000 174000 83755 137374 0 501740 490994 745055 786931 1.00524e+06 0
pelacespred
 7.404e+06 3.20348e+06 1.04214e+06 757480 914091 759346 2.07381e+06 1.95919e+06 1.78849e+06 2.50159e+06 2.29287e+06 1.88993e+06 975256 281918 155974 163261 175007 264976 345792 311170 583820 645439 731952 851698 656456
mphobs
 0 0 0 0 0 112323 0 153150 637223 0 255016 313432 73983 77613 109348 50772 0 0 0 0 0 0 0 0 0
mphpred
 593284 242109 168272 68538.5 53772.2 142196 159937 290360 253984 275643 382801 279395 173166 96732.1 46000.3 32320.2 28603.8 35311 46761.1 43160.1 54966.5 75546 88742.4 109629 122186
desembarqueobs
 350755 77701 442110 56441 14545 235359 269955 359681 431902 328805 639364 411747 362871 311530 167758 66681 60226 58785 57116 71774 51957 67425 138520 160799 200461
desembarquepred
 350736 77668.2 441536 56417.6 14543.4 235208 269903 359123 431428 328528 638276 411077 362166 310963 167256 66609.8 60199.9 58704.1 57035.8 71692.5 51942.4 67357.1 138409 160697 200379
Reclutas
 14356 37446.9 3170.93 6779.79 38262 14469.6 63851.5 56855.7 64025.7 112422 70671.7 48438.2 54141.8 29434.9 12267.1 9191.35 7293.62 8981.27 7414.35 8964.1 15424.8 18165.2 26138.8 28621.6 1205.34
log_desv_Rt
 -0.288077 0.670679 -1.79822 -1.0383 0.692213 -0.280192 1.20432 1.08827 1.20704 1.77001 1.3058 0.928045 1.03936 0.429936 -0.445322 -0.733982 -0.965245 -0.757103 -0.948828 -0.759018 -0.216271 -0.0527359 0.311178 0.401918 -2.76548
SSB
 839095 342420 237992 96935.7 76051.3 201111 226202 410663 359215 389849 541405 395155 244912 136811 65059.3 45711.2 40455 49941.2 66135.3 61042.4 77740.5 106847 125510 155051 172810
BT
 1.37776e+06 477918 372294 159081 263575 313930 1.04509e+06 946447 982389 1.12036e+06 1.18106e+06 834608 678667 391843 197351 103604 103799 129093 119542 132992 205697 181458 242262 324175 244132
Ftot
 0.38531 0.615624 1.66656 0.946107 0.246008 1.69574 1.57491 1.75489 2.08638 1.42078 1.96794 1.69001 2.81092 4.95303 4.95303 2.44433 2.29805 1.74512 1.22322 1.63854 0.897813 0.949058 1.20963 1.39841 1.64448
BD_Bspro_t
 0.952272 0.705594 0.527669 0.191494 0.250712 0.514325 0.392499 0.487169 0.40568 0.385331 0.427942 0.293441 0.204613 0.137845 0.0796894 0.069801 0.0861232 0.14446 0.225023 0.254359 0.333912 0.470621 0.466966 0.442112 0.374822
BD_Bspro
 2.12618 0.867656 0.603046 0.245625 0.192706 0.509595 0.573172 1.04058 0.910213 0.987836 1.37186 1.00128 0.620582 0.346663 0.164853 0.115827 0.102509 0.126546 0.16758 0.154675 0.196986 0.270738 0.31803 0.392883 0.437883
BD_Bo
 1.0957 0.447136 0.310772 0.12658 0.0993087 0.262614 0.295377 0.536248 0.469068 0.509069 0.706973 0.515999 0.319809 0.178649 0.0849553 0.0596903 0.0528266 0.0652137 0.0863603 0.0797099 0.101514 0.139521 0.163893 0.202468 0.225658
BD_Brms
 3.02744 1.23545 0.85867 0.349742 0.274392 0.725606 0.816134 1.48166 1.29604 1.40657 1.95338 1.42571 0.883639 0.49361 0.234733 0.164925 0.145961 0.180187 0.238615 0.22024 0.280486 0.385501 0.45284 0.559422 0.623497
S_f
 0.0790088 0.735154 0.988989 0.999656 0.999989
 0.0790088 0.735154 0.988989 0.999656 0.999989
 0.0790088 0.735154 0.988989 0.999656 0.999989
 0.0790088 0.735154 0.988989 0.999656 0.999989
 0.0790088 0.735154 0.988989 0.999656 0.999989
 0.0790088 0.735154 0.988989 0.999656 0.999989
 0.0790088 0.735154 0.988989 0.999656 0.999989
 0.0790088 0.735154 0.988989 0.999656 0.999989
 0.0790088 0.735154 0.988989 0.999656 0.999989
 0.0790088 0.735154 0.988989 0.999656 0.999989
 0.0790088 0.735154 0.988989 0.999656 0.999989
 0.0790088 0.735154 0.988989 0.999656 0.999989
 0.0790088 0.735154 0.988989 0.999656 0.999989
 0.0790088 0.735154 0.988989 0.999656 0.999989
 0.0790088 0.735154 0.988989 0.999656 0.999989
 0.0790088 0.735154 0.988989 0.999656 0.999989
 0.0790088 0.735154 0.988989 0.999656 0.999989
 0.0790088 0.735154 0.988989 0.999656 0.999989
 0.0790088 0.735154 0.988989 0.999656 0.999989
 0.0790088 0.735154 0.988989 0.999656 0.999989
 0.0790088 0.735154 0.988989 0.999656 0.999989
 0.0790088 0.735154 0.988989 0.999656 0.999989
 0.0790088 0.735154 0.988989 0.999656 0.999989
 0.0790088 0.735154 0.988989 0.999656 0.999989
 0.0790088 0.735154 0.988989 0.999656 0.999989
Scru_reclas
 0.141943 0.454302 0.807312 0.954721 0.990664
 0.141943 0.454302 0.807312 0.954721 0.990664
 0.141943 0.454302 0.807312 0.954721 0.990664
 0.141943 0.454302 0.807312 0.954721 0.990664
 0.141943 0.454302 0.807312 0.954721 0.990664
 0.141943 0.454302 0.807312 0.954721 0.990664
 0.141943 0.454302 0.807312 0.954721 0.990664
 0.141943 0.454302 0.807312 0.954721 0.990664
 0.141943 0.454302 0.807312 0.954721 0.990664
 0.141943 0.454302 0.807312 0.954721 0.990664
 0.141943 0.454302 0.807312 0.954721 0.990664
 0.141943 0.454302 0.807312 0.954721 0.990664
 0.141943 0.454302 0.807312 0.954721 0.990664
 0.141943 0.454302 0.807312 0.954721 0.990664
 0.141943 0.454302 0.807312 0.954721 0.990664
 0.141943 0.454302 0.807312 0.954721 0.990664
 0.141943 0.454302 0.807312 0.954721 0.990664
 0.141943 0.454302 0.807312 0.954721 0.990664
 0.141943 0.454302 0.807312 0.954721 0.990664
 0.141943 0.454302 0.807312 0.954721 0.990664
 0.141943 0.454302 0.807312 0.954721 0.990664
 0.141943 0.454302 0.807312 0.954721 0.990664
 0.141943 0.454302 0.807312 0.954721 0.990664
 0.141943 0.454302 0.807312 0.954721 0.990664
 0.141943 0.454302 0.807312 0.954721 0.990664
Scru_pelaces
 0.118762 0.404135 0.773412 0.944988 0.988565
 0.118762 0.404135 0.773412 0.944988 0.988565
 0.118762 0.404135 0.773412 0.944988 0.988565
 0.118762 0.404135 0.773412 0.944988 0.988565
 0.118762 0.404135 0.773412 0.944988 0.988565
 0.118762 0.404135 0.773412 0.944988 0.988565
 0.118762 0.404135 0.773412 0.944988 0.988565
 0.118762 0.404135 0.773412 0.944988 0.988565
 0.118762 0.404135 0.773412 0.944988 0.988565
 0.118762 0.404135 0.773412 0.944988 0.988565
 0.118762 0.404135 0.773412 0.944988 0.988565
 0.118762 0.404135 0.773412 0.944988 0.988565
 0.118762 0.404135 0.773412 0.944988 0.988565
 0.118762 0.404135 0.773412 0.944988 0.988565
 0.118762 0.404135 0.773412 0.944988 0.988565
 0.118762 0.404135 0.773412 0.944988 0.988565
 0.118762 0.404135 0.773412 0.944988 0.988565
 0.118762 0.404135 0.773412 0.944988 0.988565
 0.118762 0.404135 0.773412 0.944988 0.988565
 0.118762 0.404135 0.773412 0.944988 0.988565
 0.118762 0.404135 0.773412 0.944988 0.988565
 0.118762 0.404135 0.773412 0.944988 0.988565
 0.118762 0.404135 0.773412 0.944988 0.988565
 0.118762 0.404135 0.773412 0.944988 0.988565
 0.118762 0.404135 0.773412 0.944988 0.988565
pf_obs 
 0.256992 0.487395 0.22802 0.0275931 0
 0.321318 0.546541 0.124235 0.00734118 0.000564706
 0.182869 0.594174 0.210203 0.0122559 0.00049798
 0.330522 0.361315 0.267642 0.0388342 0.00168674
 0.649043 0.306663 0.0425973 0.00169635 0
 0.582887 0.30429 0.105238 0.00758474 0
 0.465427 0.430635 0.0974691 0.00646863 0
 0.296916 0.608066 0.0921331 0.00288517 0
 0.311714 0.524322 0.152257 0.0117073 0
 0.15457 0.633149 0.183074 0.0267441 0.00246327
 0.131901 0.49318 0.331252 0.0422183 0.00144891
 0.196976 0.569456 0.194076 0.0375587 0.00193317
 0.518974 0.381816 0.0799577 0.0180837 0.00116848
 0.0928022 0.601141 0.25162 0.0475244 0.00691264
 0.122501 0.610282 0.24278 0.0234846 0.000952079
 0.383417 0.481906 0.127806 0.00687128 0
 0.0376549 0.599619 0.316969 0.0457579 0
 0.0361596 0.667082 0.258105 0.0386534 0
 0.158088 0.579412 0.248529 0.0139706 0
 0.0477256 0.309471 0.559284 0.082774 0.000745712
 0.0406174 0.521527 0.379366 0.0568643 0.0016247
 0.151134 0.462217 0.34131 0.0453401 0
 0.294876 0.26143 0.354403 0.0886775 0.000613685
 0.281977 0.475581 0.204845 0.0348837 0.00271318
 0 0 0 0 0
pf_pred 
 0.0448865 0.634134 0.283089 0.0378866 4.28514e-06
 0.174923 0.25346 0.421015 0.133026 0.0175771
 0.0211287 0.717612 0.103337 0.116761 0.0411614
 0.153245 0.224878 0.517009 0.0420516 0.0628166
 0.502272 0.35579 0.0510101 0.0758111 0.0151163
 0.104277 0.811258 0.0657168 0.00679041 0.0119579
 0.517556 0.316143 0.157173 0.00713843 0.00198949
 0.244391 0.717613 0.0291962 0.00832646 0.000473013
 0.283846 0.60545 0.107567 0.00242298 0.000713317
 0.365313 0.563255 0.0652459 0.0060156 0.000170815
 0.182144 0.732517 0.0794044 0.00542997 0.000504316
 0.176897 0.663593 0.15023 0.00865012 0.000630305
 0.297851 0.558704 0.126444 0.0160324 0.000967905
 0.268409 0.682408 0.0441712 0.00443473 0.000576842
 0.257367 0.720689 0.0215267 0.00037695 4.04991e-05
 0.294187 0.681714 0.0239015 0.000193536 3.5543e-06
 0.248137 0.681323 0.0693618 0.00116966 9.36402e-06
 0.303931 0.610809 0.0810936 0.00409858 6.77319e-05
 0.199246 0.703228 0.0905123 0.006679 0.000335239
 0.252428 0.575909 0.158236 0.0124777 0.000948672
 0.313569 0.580019 0.0910277 0.0142057 0.00117864
 0.228526 0.646489 0.111694 0.0113963 0.00189442
 0.264525 0.572258 0.145177 0.0161506 0.00188939
 0.23799 0.633908 0.109032 0.0169981 0.00207247
 0.0125913 0.812296 0.156418 0.0159599 0.0027348
pobs_RECLAS
 0 0 0 0 0
 0 0 0 0 0
 0 0 0 0 0
 0 0 0 0 0
 0.835266 0.146461 0.0176864 0.000547809 3.91292e-05
 0.385257 0.428462 0.181853 0.0044286 0
 0.867414 0.0963971 0.0333333 0.00285562 0
 0.441836 0.489002 0.0689373 0.000224442 0
 0.779404 0.147425 0.0564933 0.0165055 0.000172143
 0.814271 0.122319 0.05973 0.00367925 0
 0.40263 0.566651 0.0304383 0.000280538 0
 0.475488 0.404961 0.113038 0.00651328 0
 0.955842 0.0263864 0.0167828 0.000988607 0
 0.975058 0.0227948 0.00214734 0 0
 0.738997 0.206755 0.0527124 0.00153531 0
 0.850938 0.134255 0.0134407 0.00136685 0
 0.542534 0.407297 0.0501686 0 0
 0.764087 0.199537 0.0359546 0.000420521 0
 0.470689 0.182191 0.310203 0.0369168 0
 0.84361 0.089868 0.0606195 0.00523954 0.000663233
 0.607945 0.314616 0.071237 0.00620181 0
 0.523733 0.453247 0.0230204 0 0
 0.530135 0.295979 0.169645 0.0042399 0
 0.562478 0.366248 0.0663022 0.0049721 0
 0.250443 0.683176 0.0655157 0.000865301 0
ppred_RECLAS
 0.111081 0.530258 0.310115 0.0485404 5.69485e-06
 0.337334 0.162917 0.351925 0.130005 0.0178184
 0.0606569 0.627709 0.111316 0.146685 0.0536337
 0.30976 0.14799 0.436493 0.0414823 0.0642749
 0.723661 0.174459 0.0328856 0.0571701 0.0118245
 0.271848 0.642408 0.063961 0.00770688 0.0140766
 0.762462 0.143268 0.0882435 0.0046753 0.00135149
 0.513899 0.455431 0.0226829 0.00754216 0.000444392
 0.569561 0.35294 0.0749331 0.00196574 0.000600209
 0.641382 0.308903 0.0447576 0.00481601 0.000141842
 0.424934 0.50351 0.0658073 0.00524309 0.000505058
 0.403153 0.459656 0.12795 0.00859129 0.000649303
 0.609616 0.301611 0.0767618 0.0113039 0.000707729
 0.670505 0.309127 0.0180087 0.00207927 0.000280395
 0.657141 0.333688 0.00897063 0.000180645 2.01214e-05
 0.598922 0.385244 0.0156835 0.000147705 2.81327e-06
 0.534278 0.415077 0.049662 0.000974579 8.0919e-06
 0.584157 0.3547 0.0576862 0.00339935 5.82659e-05
 0.430614 0.483519 0.0787303 0.00678372 0.000353174
 0.510986 0.356261 0.12077 0.0111073 0.000875898
 0.571237 0.345291 0.0696729 0.0127057 0.00109346
 0.46438 0.427609 0.0947654 0.0112975 0.00194797
 0.514767 0.354713 0.113925 0.0147995 0.00179581
 0.487745 0.406685 0.0876119 0.0159416 0.00201601
 0.0384066 0.7567 0.179707 0.0213856 0.00380084
pobs_PELACES
 0 0 0 0 0
 0 0 0 0 0
 0 0 0 0 0
 0 0 0 0 0
 0 0 0 0 0
 0 0 0 0 0
 0 0 0 0 0
 0 0 0 0 0
 0 0 0 0 0
 0 0 0 0 0
 0.450072 0.473896 0.0757376 0.000293798 0
 0 0 0 0 0
 0.463077 0.371075 0.160297 0.00555027 0
 0.529543 0.364841 0.0842815 0.0213345 0
 0.631943 0.363953 0.00410389 0 0
 0.735681 0.248677 0.0153453 0.000297389 0
 0.695825 0.281241 0.0229344 0 0
 0.275771 0.60734 0.115278 0.00161068 0
 0 0 0 0 0
 0.896147 0.0623911 0.0374545 0.00400742 0
 0.803859 0.145111 0.0509908 3.86294e-05 0
 0.739449 0.233085 0.0266225 0.000797448 4.60066e-05
 0.878498 0.100942 0.0204185 0.000141795 0
 0.694673 0.275183 0.0284847 0.00165964 0
 0 0 0 0 0
ppred_PELACES
 0.111404 0.520156 0.317205 0.0512286 6.05902e-06
 0.348104 0.156439 0.345636 0.131634 0.0181876
 0.0812787 0.623384 0.103542 0.140144 0.0516509
 0.340974 0.141117 0.414089 0.0405241 0.0632959
 0.71625 0.174063 0.0346146 0.0621193 0.0129526
 0.33793 0.588124 0.0547106 0.00677054 0.012465
 0.812718 0.115449 0.0671147 0.00365357 0.00106457
 0.59347 0.382418 0.0177076 0.00604583 0.000359063
 0.66547 0.279069 0.0535762 0.0014415 0.000443629
 0.697082 0.262423 0.0363537 0.00402141 0.000119387
 0.518211 0.426337 0.050888 0.00416007 0.000403915
 0.481758 0.40503 0.105391 0.00726803 0.000553674
 0.736311 0.210737 0.0456424 0.00687597 0.000433878
 0.850633 0.142668 0.00591121 0.000692967 9.41597e-05
 0.84151 0.15545 0.00297219 6.077e-05 6.82046e-06
 0.705534 0.284213 0.0101536 9.79518e-05 1.88036e-06
 0.6424 0.322615 0.03429 0.000689648 5.77139e-06
 0.660719 0.292322 0.0442359 0.00267677 4.62461e-05
 0.48203 0.441561 0.0698888 0.00619504 0.000325114
 0.587477 0.305412 0.097198 0.00918293 0.000729924
 0.603301 0.319223 0.0643428 0.0120849 0.00104842
 0.500451 0.39894 0.0879372 0.0107953 0.00187637
 0.566101 0.319176 0.09976 0.0133326 0.00163079
 0.549885 0.360126 0.0743147 0.0139023 0.00177218
 0.0515115 0.755787 0.168425 0.0205886 0.00368838
pobs_pel_tallas
 0 0 0 0 0 0 0 0 0 0 0 0 0 0 0 0 0 0 0 0 0 0 0 0 0 0 0 0 0 0 0 0 0 0 0 0
 0 0 0 0 0 0 0 0 0 0 0 0 0 0 0 0 0 0 0 0 0 0 0 0 0 0 0 0 0 0 0 0 0 0 0 0
 0 0 0 0 0 0 0 0 0 0 0 0 0 0 0 0 0 0 0 0 0 0 0 0 0 0 0 0 0 0 0 0 0 0 0 0
 0 0 0 0 0 0 0 0 0 0 0 0 0 0 0 0 0 0 0 0 0 0 0 0 0 0 0 0 0 0 0 0 0 0 0 0
 0 0 0 0 0 0 0 0 0 0 0 0 0 0 0 0 0 0 0 0 0 0 0 0 0 0 0 0 0 0 0 0 0 0 0 0
 0 0 0 0 0 0 0 0 0 0 0 0 0 0 0 0 0 0 0 0 0 0 0 0 0 0 0 0 0 0 0 0 0 0 0 0
 0 0 0 0 0 0 0 0 0 0 0 0 0 0 0 0 0 0 0 0 0 0 0 0 0 0 0 0 0 0 0 0 0 0 0 0
 0 0 0 0 0 0 0 0 0 0 0 0 0 0 0 0 0 0 0 0 0 0 0 0 0 0 0 0 0 0 0 0 0 0 0 0
 0 0 0 0 0 0 0 0 0 0 0 0 0 0 0 0 0 0 0 0 0 0 0 0 0 0 0 0 0 0 0 0 0 0 0 0
 0 0 0 0 0 0 0 0 0 0 0 0 0 0 0 0 0 0 0 0 0 0 0 0 0 0 0 0 0 0 0 0 0 0 0 0
 0 0 0 0 0 0 0 0 1.78061e-05 0.00172719 0.00360574 0.0105946 0.0120993 0.0124554 0.0147524 0.0171206 0.0266825 0.0428682 0.0675386 0.121331 0.153587 0.119568 0.100827 0.0573624 0.0630603 0.0341343 0.0324427 0.0444173 0.0211091 0.0280891 0.0125444 0.00206551 0 0 0 0
 0 0 0 0 0 0 0 0 0 0 0 0 0 0 0 0 0 0 0 0 0 0 0 0 0 0 0 0 0 0 0 0 0 0 0 0
 0 0 0 0 0 0 0.0133647 0.0140871 0.0187388 0.0205184 0.03894 0.0496705 0.03968 0.0493445 0.0407372 0.0367815 0.0215668 0.0243155 0.0234873 0.0199281 0.019796 0.0243948 0.0301388 0.0376714 0.0412746 0.0863199 0.0771752 0.113111 0.0741005 0.0525337 0.0229764 0.00759418 0.00175318 0 0 0
 0 0 0 0 0 0 0 0 0 0 0.00219441 0.00772107 0.0458388 0.0604681 0.0671733 0.0775358 0.0609151 0.0617685 0.073594 0.0568108 0.0755445 0.0548602 0.0670107 0.0636378 0.0643287 0.046367 0.0373049 0.0286899 0.0247887 0.0153202 0.00654259 0.00121912 0.000365735 0 0 0
 0 0 0 0 0 0 0 0 0 0 0 0 0.000112435 0.00938835 0.0111873 0.0202946 0.0414886 0.0713402 0.111592 0.104902 0.108894 0.110636 0.117776 0.105296 0.107544 0.0401394 0.0192827 0.0124803 0.00416011 0.0028671 0.000618394 0 0 0 0 0
 0 0 0 0 0 0 0 0 0 0 0.00291406 0.0102884 0.027416 0.0768956 0.0749926 0.110853 0.0956884 0.0897413 0.0766577 0.0534642 0.0500743 0.0551293 0.0594112 0.0620874 0.0668451 0.0424026 0.0208742 0.0120726 0.0048766 0.00582813 0.00118941 0.000297354 0 0 0 0
 0 0.00264628 0.0354308 0.0461629 0.0458689 0.0383711 0.0214643 0.0164657 0.0346957 0.0420465 0.0363128 0.0245516 0.0311673 0.0291091 0.0169068 0.0133784 0.00837989 0.0085269 0.0148486 0.0160247 0.0276389 0.0546898 0.0760071 0.122758 0.109233 0.0665981 0.0333725 0.0166128 0.00676272 0.00308733 0.000882094 0 0 0 0 0
 0 0 0 0 0 0 0 0.000805153 0.000690131 0.00759144 0.0133425 0.0154129 0.00931677 0.000345066 0.00356568 0.00563607 0.00851162 0.0253048 0.0502646 0.0516448 0.0657925 0.0565908 0.0611916 0.0827007 0.0866115 0.110766 0.145733 0.0935128 0.0569358 0.0249597 0.0138026 0.00621118 0.00161031 0.00115022 0 0
 0 0 0 0 0 0 0 0 0 0 0 0 0 0 0 0 0 0 0 0 0 0 0 0 0 0 0 0 0 0 0 0 0 0 0 0
 0.00147267 0.00158595 0.00478618 0.00569244 0.00954404 0.0108468 0.00647125 0.017049 0.0510054 0.094081 0.124002 0.0959785 0.0687766 0.0820023 0.061753 0.0591476 0.0492212 0.0479892 0.0443925 0.0268479 0.0217502 0.0140895 0.0121071 0.0120363 0.00920419 0.00665534 0.0049561 0.00860946 0.00930331 0.0156896 0.0114698 0.00855282 0.00243557 0.00046729 0 2.83206e-05
 0 0 0 0 0.000772559 0.00158375 0.000888443 0.00281984 0.00712685 0.0440552 0.0773331 0.111326 0.0921469 0.0852325 0.0710754 0.0886704 0.0786465 0.0553345 0.0373146 0.0185414 0.00753245 0.00457741 0.012979 0.0271748 0.0457355 0.0583668 0.034881 0.0177882 0.00938659 0.00492506 0.0015258 0.00185414 0.000309023 5.79419e-05 3.86279e-05 0
 0 0.00173294 0.00326652 0 0.00397197 0.00683976 0.00946217 0.0152591 0.00757587 0.0136028 0.0228656 0.0392903 0.0559909 0.0764795 0.0681675 0.0726916 0.0566044 0.0477403 0.0527397 0.0444891 0.0609904 0.0582453 0.0661739 0.0445044 0.0529084 0.0360697 0.0280645 0.0235558 0.0158879 0.00826598 0.00280645 0.00217768 0.000904811 0.00058276 9.20147e-05 0
 0 0 0 0 0 0 0 0 0 0 0 0 0 0 0 0 0 0 0 0 0 0 0 0 0 0 0 0 0 0 0 0 0 0 0 0
 0 0 0 0 0 0 0 0 0 0 0 0 0 0 0 0 0 0 0 0 0 0 0 0 0 0 0 0 0 0 0 0 0 0 0 0
 0 0 0 0 0 0 0 0 0 0 0 0 0 0 0 0 0 0 0 0 0 0 0 0 0 0 0 0 0 0 0 0 0 0 0 0
ppred_pel_tallas
 1.06433e-16 4.8922e-06 2.86332e-05 0.000135943 0.00052311 0.00163101 0.00412036 0.00843496 0.0139978 0.0188466 0.0206356 0.0185038 0.0139046 0.009447 0.00708171 0.00739091 0.0100998 0.0147852 0.0211335 0.0288377 0.0374377 0.046263 0.0544939 0.0613035 0.0660251 0.0682851 0.0680616 0.0656463 0.0615369 0.0562996 0.0504503 0.0443872 0.0383806 0.0325995 0.0271549 0.0221318
 1.10331e-16 1.51986e-05 8.91747e-05 0.000423839 0.00163171 0.00508823 0.0128525 0.0262989 0.043597 0.0585607 0.0637553 0.0563074 0.0404619 0.023931 0.0122179 0.00643836 0.00502525 0.0061251 0.00863351 0.0120916 0.0163068 0.0211133 0.0262915 0.0315686 0.0366488 0.0412452 0.0451045 0.0480177 0.0498244 0.050415 0.0497383 0.047814 0.0447453 0.0407205 0.0360022 0.030899
 1.08902e-16 3.58201e-06 2.09337e-05 9.9322e-05 0.000382082 0.0011912 0.00300956 0.00616286 0.0102342 0.0138007 0.0151666 0.0137317 0.0106015 0.00774564 0.00667456 0.00791397 0.0113594 0.0167634 0.0238878 0.0323963 0.0417258 0.0510628 0.0594433 0.0659364 0.0698507 0.0708896 0.0692049 0.065326 0.0599994 0.0539928 0.0479316 0.0422119 0.0369993 0.0322882 0.0279888 0.0240032
 1.10275e-16 1.48873e-05 8.73479e-05 0.000415156 0.00159828 0.00498398 0.0125892 0.02576 0.0427035 0.05736 0.0624466 0.0551481 0.0396215 0.0234196 0.0119319 0.0062505 0.00484206 0.0058958 0.00833944 0.0117381 0.0159218 0.0207473 0.0260143 0.03146 0.036783 0.041674 0.0458419 0.049032 0.0510401 0.0517252 0.0510246 0.0489676 0.0456854 0.0414054 0.03643 0.0311014
 1.03288e-16 3.12515e-05 0.000183419 0.000871889 0.00335681 0.0104679 0.0264411 0.0541021 0.0896806 0.12044 0.131065 0.115615 0.0827745 0.0483354 0.0235103 0.010447 0.00574201 0.00538585 0.00691988 0.00925766 0.0119402 0.0146735 0.0171791 0.0191965 0.0205299 0.0210888 0.0209029 0.0201023 0.0188748 0.0174134 0.0158735 0.0143515 0.0128865 0.011478 0.0101104 0.00877198
 1.01784e-16 1.47719e-05 8.66312e-05 0.000411662 0.00158468 0.00494147 0.0124823 0.0255446 0.0423582 0.0569321 0.0620752 0.0550444 0.0400343 0.0246384 0.0143372 0.0103662 0.011335 0.0154977 0.0216925 0.0291855 0.0372853 0.0451552 0.0518483 0.0564727 0.0583915 0.0573758 0.0536587 0.0478645 0.0408471 0.0334882 0.026523 0.0204377 0.0154506 0.0115603 0.00862657 0.00645177
 1.01166e-16 3.54558e-05 0.000208107 0.000989268 0.00380877 0.0118773 0.0300011 0.0613857 0.101752 0.136643 0.148678 0.131105 0.0937617 0.054544 0.0261429 0.0109582 0.00509119 0.00396517 0.00478566 0.00634834 0.00819938 0.0101055 0.0118684 0.0133021 0.0142598 0.0146619 0.0145089 0.0138723 0.0128704 0.0116367 0.010292 0.00892929 0.00761002 0.00637026 0.00523026 0.00420254
 1.00601e-16 2.59062e-05 0.000152019 0.000722563 0.0027818 0.00867469 0.0219119 0.0448365 0.0743287 0.0998432 0.108707 0.0960233 0.069034 0.040888 0.0209617 0.0111337 0.00867719 0.0103276 0.0140331 0.0187732 0.0239275 0.0289084 0.0330915 0.0358972 0.0369176 0.0360149 0.0333559 0.0293648 0.0246157 0.0196986 0.0151036 0.0111524 0.00798513 0.00559231 0.00386898 0.00266988
 1.00922e-16 2.90417e-05 0.000170436 0.000810141 0.00311903 0.00972636 0.0245682 0.0502707 0.083333 0.111925 0.121827 0.107531 0.0771286 0.0453244 0.0225785 0.0109359 0.00728059 0.00791615 0.0105508 0.0141149 0.018061 0.0219421 0.0252984 0.0276999 0.0288334 0.0285743 0.0270129 0.0244242 0.0211944 0.017728 0.0143689 0.0113519 0.00879403 0.00671476 0.00507092 0.00379155
 1.00746e-16 3.04194e-05 0.000178526 0.000848606 0.00326714 0.0101882 0.0257348 0.0526575 0.0872887 0.117235 0.127599 0.112607 0.0807304 0.0473612 0.0234448 0.0111082 0.0070725 0.00745375 0.00984776 0.013143 0.0167905 0.0203607 0.02342 0.0255661 0.0265099 0.0261421 0.0245579 0.0220271 0.018923 0.0156339 0.0124867 0.00970141 0.00738238 0.00553867 0.00411851 0.00304379
 1.01024e-16 2.26265e-05 0.000132759 0.000630992 0.00242921 0.00757515 0.0191346 0.0391543 0.0649118 0.0872024 0.0949665 0.0839408 0.060466 0.0360516 0.0189216 0.0107602 0.00922982 0.0115122 0.0158221 0.0212353 0.0271301 0.0328711 0.037765 0.0411612 0.0425932 0.0418887 0.0392101 0.035004 0.0298854 0.0244928 0.0193621 0.0148524 0.0111315 0.00820904 0.00599367 0.00435009
 1.01904e-16 2.10362e-05 0.000123425 0.000586619 0.00225837 0.00704239 0.0177888 0.0364007 0.0603472 0.0810718 0.0882938 0.0780519 0.0562439 0.0335748 0.0176976 0.0101878 0.00888471 0.0111821 0.0154337 0.0207913 0.0266825 0.0325147 0.0376316 0.0414069 0.0433755 0.0433385 0.0414036 0.0379423 0.0334873 0.028603 0.023773 0.019334 0.0154629 0.0122047 0.00952117 0.00733634
 1.00974e-16 3.21279e-05 0.000188561 0.000896324 0.00345088 0.0107612 0.0271821 0.0556185 0.092195 0.123819 0.134749 0.118881 0.0851478 0.0497916 0.0243489 0.0110385 0.00637071 0.00622608 0.00806827 0.0107554 0.0137729 0.0167608 0.0193687 0.021271 0.0222292 0.0221448 0.0210798 0.019234 0.0168901 0.0143454 0.0118528 0.00958549 0.00763114 0.00600687 0.00468554 0.00362094
 1.00159e-16 3.711e-05 0.000217817 0.00103542 0.00398648 0.0124315 0.0314009 0.06425 0.1065 0.143021 0.155621 0.137234 0.0981618 0.0571362 0.0274441 0.0116003 0.0055232 0.00441637 0.00533941 0.0070056 0.00890382 0.0107487 0.0122946 0.0133237 0.0136839 0.0133243 0.0123085 0.0107961 0.00900311 0.00715142 0.00542541 0.00394615 0.00276642 0.00188245 0.00125422 0.000826143
 1.00096e-16 3.67127e-05 0.000215483 0.00102433 0.00394374 0.0122982 0.0310643 0.0635614 0.105359 0.14149 0.153958 0.135776 0.0971357 0.0565733 0.0272381 0.0116234 0.00569727 0.00471788 0.00577544 0.00758976 0.00964082 0.0116258 0.0132787 0.0143627 0.0147133 0.0142776 0.0131275 0.0114409 0.00945639 0.00741885 0.0055312 0.00392601 0.00266 0.00172696 0.00108026 0.000655901
 1.00241e-16 3.07887e-05 0.000180692 0.000858901 0.00330677 0.0103118 0.026047 0.0532965 0.0883483 0.11866 0.129153 0.113987 0.0817379 0.0479889 0.0238226 0.011397 0.00739698 0.0078912 0.0104394 0.0139009 0.0176956 0.0213577 0.024417 0.0264421 0.0271309 0.0263835 0.024328 0.0212851 0.0176873 0.0139789 0.010529 0.00757996 0.00523698 0.00349175 0.00226296 0.00143782
 1.00616e-16 2.80374e-05 0.000164536 0.000782084 0.00301099 0.00938943 0.0237171 0.0485298 0.0804487 0.108056 0.117627 0.103853 0.0745527 0.0439361 0.0221189 0.0110964 0.00788026 0.0089136 0.0119792 0.016016 0.0204411 0.0247461 0.028401 0.0309131 0.0319308 0.031327 0.0292287 0.0259791 0.0220494 0.0179277 0.0140235 0.0106105 0.00781546 0.00564352 0.00402151 0.00284207
 1.00818e-16 2.8835e-05 0.000169221 0.000804365 0.00309679 0.00965699 0.024393 0.0499123 0.0827394 0.111129 0.120964 0.106777 0.0766052 0.0450517 0.0225071 0.0110073 0.00746404 0.00820976 0.010967 0.0146648 0.0187434 0.0227367 0.0261634 0.0285753 0.0296487 0.02926 0.027513 0.0247059 0.0212528 0.017585 0.0140668 0.0109443 0.0083359 0.00625427 0.00464457 0.00342229
 1.01365e-16 2.10495e-05 0.000123499 0.000586967 0.0022597 0.00704652 0.0177993 0.0364224 0.0603841 0.0811243 0.0883585 0.0781269 0.0563367 0.0337074 0.0179073 0.0105249 0.00940803 0.0119523 0.0165018 0.0221826 0.0283793 0.0344426 0.0396564 0.0433445 0.0450172 0.0444853 0.0419026 0.0377153 0.0325444 0.0270378 0.0217422 0.0170278 0.0130733 0.00989959 0.00742663 0.00553062
 1.01829e-16 2.5642e-05 0.000150474 0.000715234 0.00275361 0.00858679 0.0216897 0.0443815 0.0735725 0.0988217 0.107579 0.0949924 0.068216 0.0402501 0.0203549 0.0103667 0.00756766 0.00872107 0.0118155 0.0158937 0.0204295 0.0249562 0.028976 0.0320137 0.0337116 0.0339085 0.0326698 0.0302578 0.027056 0.0234744 0.0198677 0.0164861 0.0134673 0.010856 0.00863879 0.00677607
 1.01482e-16 2.63325e-05 0.000154526 0.000734498 0.00282777 0.00881807 0.022274 0.0455769 0.0755542 0.101484 0.110478 0.0975523 0.0700559 0.0413385 0.0209094 0.0106535 0.0077769 0.00895118 0.012103 0.0162388 0.0208056 0.0253114 0.0292355 0.0320873 0.0335072 0.0333487 0.0317089 0.0288935 0.0253335 0.0214809 0.017719 0.0143092 0.0113814 0.00895822 0.00699481 0.00541777
 1.01837e-16 2.1851e-05 0.000128209 0.000609365 0.00234595 0.00731551 0.0184787 0.0378122 0.0626865 0.0842123 0.0917084 0.0810568 0.0583796 0.0347901 0.0182289 0.0103212 0.00881058 0.0109801 0.0151158 0.020342 0.0260809 0.0317444 0.0366865 0.0402929 0.0421118 0.0419562 0.039943 0.0364497 0.0320111 0.0271903 0.022466 0.0181669 0.0144596 0.0113774 0.00886969 0.00684955
 1.02055e-16 2.47105e-05 0.000145004 0.000689225 0.00265346 0.00827448 0.0209009 0.0427676 0.0708978 0.0952314 0.103677 0.0915613 0.0657839 0.0388792 0.0197802 0.0102683 0.00773608 0.00907343 0.0123439 0.0166163 0.0213627 0.026101 0.0303128 0.0335022 0.0352965 0.0355272 0.0342628 0.0317763 0.0284669 0.0247609 0.0210257 0.0175201 0.0143849 0.011665 0.00934542 0.0073851
 1.01733e-16 2.4005e-05 0.000140858 0.000669509 0.00257753 0.0080377 0.0203029 0.0415442 0.0688712 0.0925136 0.100729 0.0889847 0.0639906 0.0379354 0.0195134 0.0104743 0.00830321 0.00998889 0.0136446 0.0183382 0.0235045 0.0286023 0.0330472 0.0362858 0.037912 0.0377593 0.0359357 0.032784 0.0287885 0.0244573 0.0202214 0.0163748 0.0130645 0.0103166 0.00808203 0.00627972
 1.03517e-16 2.28981e-06 1.33341e-05 6.31634e-05 0.000242812 0.00075686 0.00191261 0.00391944 0.00651961 0.00882434 0.00978375 0.00906082 0.00742617 0.00623157 0.00657207 0.00894226 0.0134335 0.0199976 0.0284863 0.0385315 0.0494367 0.0601821 0.0695609 0.0764119 0.0798785 0.0796055 0.0758127 0.0692135 0.0608196 0.0516959 0.0427485 0.0346 0.0275664 0.0217119 0.0169421 0.0130941
pSPR Fmed_Fpbrs
0.335405   0.411923 0.411923
Fs Fmed_Fpbrs
1.46355   1.005 1.005
SSBpbr Bo_Bmed_Bpbrs
765807  218565  277163 277163
Ro
19148.9
SPR SPRFo_SPRFmed_SPRFpbrs
394650 132367 162565
log_Ro
9.68
likeval ReclasPelacesDesembMPH_pf_preclas_ppelaces_ptallas_desvR_qrecl_qpela
 71.8256 12.0866 0.186337 0.00016073 314.591 195.303 73.8041 0 39.0727 0.000108547 0.000565959 0 0 0 0
q_reclas_q_pelaces
4.37696 29.5058
M
0.7
N
 14356 24296.9 8397.07 1113.69 0.125928
 37446.9 6915.22 9089.18 2848.56 376.295
 3170.93 17712.7 2183.97 2455.28 865.414
 6779.79 1380.37 2583.4 208.657 311.624
 38262 3124.25 341.919 503.293 100.324
 14469.6 18634.6 1294.78 133.123 234.394
 63851.5 6284.43 2660.18 120.185 33.4902
 56855.7 27997.9 980.464 278.266 15.8055
 64025.7 24578.3 3826.74 85.838 25.2672
 112422 26962.4 2632.81 241.377 6.85277
 70671.7 49899.2 4711.24 320.754 29.7864
 48438.2 30040.9 5831.45 334.099 24.3409
 54141.8 21047.1 4306.57 544.365 32.8612
 29434.9 21531.5 1323.53 132.678 17.2571
 12267.1 9883.31 280.348 4.90161 0.526599
 9191.35 4118.91 128.684 1.03825 0.0190654
 7293.62 3762.71 339.129 5.69701 0.0456034
 8981.27 3020.54 344.976 17.3508 0.286692
 7414.35 3885.54 415.821 30.4951 1.53035
 8964.1 3342.68 785.063 61.5904 4.68196
 15424.8 3910.9 497.676 77.1127 6.39656
 18165.2 7135.19 1003.74 101.699 16.902
 26138.8 8368.92 1763.56 194.978 22.8053
 28621.6 11797.1 1707.9 264.75 32.2735
 1205.34 12726.4 2095.53 212.727 36.446
pred_Ctot
 310.111 4381.09 1955.8 261.751 0.0296051
 1282.14 1857.8 3085.94 975.047 128.836
 283.486 9628.26 1386.47 1566.59 552.265
 352.7 517.565 1189.92 96.7833 144.575
 530.267 375.621 53.8533 80.0365 15.9588
 1314.95 10230.1 828.701 85.6282 150.791
 5411.41 3305.49 1643.36 74.6372 20.8015
 5336.32 15669.2 637.504 181.81 10.3283
 7064.42 15068.6 2677.16 60.3035 17.7532
 8640.68 13322.6 1543.25 142.286 4.04025
 7384.65 29698.3 3219.28 220.146 20.4464
 4387.89 16460.3 3726.43 214.565 15.6346
 7854.27 14732.9 3334.31 422.771 25.5234
 7010.85 17824.6 1153.75 115.836 15.0672
 2921.8 8181.75 244.386 4.27939 0.459773
 1173.86 2720.16 95.3709 0.772241 0.0141823
 880.077 2416.48 246.009 4.1485 0.0332118
 838.545 1685.22 223.737 11.308 0.186872
 493.954 1743.38 224.391 16.558 0.831097
 788.684 1799.36 494.39 38.985 2.96402
 762.738 1410.86 221.42 34.5545 2.86696
 947.845 2681.4 463.268 47.2678 7.85739
 1722.86 3727.13 945.542 105.189 12.3057
 2166.86 5771.62 992.715 154.765 18.8695
 106.412 6864.95 1321.94 134.882 23.1126
F
 0.0304429 0.283262 0.381067 0.385178 0.385306
 0.0486397 0.452579 0.608845 0.615412 0.615617
 0.131673 1.22518 1.64821 1.66598 1.66654
 0.0747508 0.695535 0.935689 0.945782 0.946097
 0.0194368 0.180854 0.243299 0.245923 0.246005
 0.133978 1.24663 1.67707 1.69515 1.69572
 0.124432 1.1578 1.55757 1.57437 1.5749
 0.138652 1.29011 1.73556 1.75428 1.75487
 0.164843 1.53381 2.06341 2.08567 2.08636
 0.112254 1.04449 1.40513 1.42029 1.42076
 0.155484 1.44674 1.94627 1.96726 1.96792
 0.133526 1.24242 1.6714 1.68943 1.68999
 0.222088 2.06646 2.77997 2.80996 2.81089
 0.391333 3.64124 4.89849 4.95133 4.95298
 0.391333 3.64124 4.89849 4.95133 4.95298
 0.193124 1.79696 2.41742 2.44349 2.44431
 0.181566 1.68942 2.27274 2.29726 2.29802
 0.13788 1.28294 1.72591 1.74452 1.7451
 0.0966449 0.899253 1.20975 1.2228 1.2232
 0.129459 1.20458 1.6205 1.63797 1.63852
 0.0709351 0.660031 0.887927 0.897504 0.897804
 0.0749839 0.697704 0.938607 0.948731 0.949048
 0.095571 0.889261 1.19631 1.20921 1.20961
 0.110486 1.02805 1.38301 1.39793 1.39839
 0.129929 1.20895 1.62638 1.64392 1.64447
nmprior
 10 11 7 0
nm_flota  nm_reclas  nm_pelaces    nm_pelaL
inf 21.827 9.54539 14.9883
cv_recla  cv_pelaces  cv_mph
0.766592 0.409087 0.411327
 ------------------------------------------------
Talla a la edad & desviación 
 7.2 14.2025 17.0495 18.207 18.6776
 1.08 2.13037 2.55742 2.73105 2.80164
