years
 1997 1998 1999 2000 2001 2002 2003 2004 2005 2006 2007 2008 2009 2010 2011 2012 2013 2014 2015 2016 2017 2018 2019 2020 2021
reclasobs
 0 0 0 370054 412103 1.49427e+06 250295 1.28982e+06 931140 785840 897777 1.04006e+06 184774 17550 25797 100020 73551 82996 120727 218422 84188 347160 605670 569463 516374
reclaspred
 1.77518e+06 278954 582747 300955 295003 297430 583118 560188 1.08762e+06 1.4033e+06 1.45349e+06 1.03283e+06 543668 201665 111873 107704 129582 171175 179674 245246 436020 437874 648926 727655 694140
pelacesobs
 0 0 0 0 0 0 0 0 0 2.06254e+06 1.5e+06 0 1.87456e+06 323000 250000 174000 83755 137374 0 501740 490994 745055 786931 1.00524e+06 0
pelacespred
 987064 331656 210450 211587 181553 124795 275246 327368 628036 835134 776815 570481 299720 87895.5 45755.4 50230.1 63315.6 85597.6 94231.9 123741 248040 261367 296578 379400 376823
mphobs
 0 0 0 0 0 112323 0 153150 637223 0 255016 313432 73983 77613 109348 50772 0 0 0 0 0 0 0 0 0
mphpred
 1.34001e+06 617382 379227 335720 259166 276549 360291 467964 722094 1.19889e+06 1.38076e+06 1.11674e+06 634027 288752 107329 88581.9 101550 134632 156749 178357 296133 429681 458032 610421 707728
desembarqueobs
 350755 77701 442110 56441 14545 235359 269955 359681 431902 328805 639364 411747 362871 311530 167758 66681 60226 58785 57116 71774 51957 67425 138520 160799 200461
desembarquepred
 350048 77460.5 440730 56377.6 14527.8 235064 270133 359868 431332 327951 638213 411736 362776 311927 167670 66793.1 60363.4 58794.5 57018.8 71905 52010.5 67387.9 138319 160344 200101
Reclutas
 40663.4 25567.2 25348.8 22161.9 22712.6 38385.6 43807.1 98044.8 175609 156494 98894.6 22458.1 35372.5 21110.1 19396 16095.6 12414.6 12225.5 14309.1 25848.8 46770.2 30602.5 69106.3 51901.1 9201.75
log_desv_Rt
 0.213083 -0.250934 -0.259515 -0.393869 -0.369324 0.155438 0.287552 1.09318 1.67602 1.56077 1.10181 -0.380593 0.0736895 -0.442493 -0.527178 -0.713698 -0.973371 -0.988719 -0.831349 -0.239981 0.353002 -0.0711624 0.743401 0.457096 -1.27285
SSB
 1.34001e+06 617382 379227 335720 259166 276549 360291 467964 722094 1.19889e+06 1.38076e+06 1.11674e+06 634027 288752 107329 88581.9 101550 134632 156749 178357 296133 429681 458032 610421 707728
BT
 2.65361e+06 760654 798210 500087 396789 447102 948054 1.24577e+06 2.16628e+06 2.24579e+06 2.24198e+06 1.46358e+06 979052 488151 262777 172750 199294 242439 249835 352162 670638 571965 739419 922637 868993
Ftot
 0.191009 0.267491 0.702627 0.181622 0.0481314 0.733113 0.441898 0.608337 0.381074 0.226134 0.418428 0.380258 0.623828 1.3317 1.32001 0.584674 0.444059 0.329893 0.305186 0.282753 0.116205 0.149473 0.206378 0.213188 0.277216
BD_Bspro_t
 0.971508 0.816708 0.656374 0.446221 0.516727 0.595784 0.491251 0.523344 0.587471 0.645886 0.649404 0.526848 0.396006 0.263858 0.135088 0.138981 0.206885 0.321452 0.407204 0.496964 0.641211 0.766845 0.750897 0.744467 0.696865
BD_Bspro
 1.97868 0.91164 0.559975 0.495731 0.382691 0.408358 0.532014 0.691005 1.06626 1.77031 2.03886 1.649 0.936218 0.426378 0.158485 0.130802 0.149951 0.1988 0.231459 0.263367 0.437277 0.634477 0.67634 0.901361 1.04505
BD_Bo
 1.32335 0.60971 0.374514 0.331548 0.255946 0.273112 0.355814 0.462148 0.71312 1.184 1.3636 1.10286 0.626148 0.285164 0.105995 0.0874811 0.100288 0.132959 0.154801 0.176141 0.292453 0.424341 0.45234 0.602835 0.698933
BD_Brms
 6.46525 2.97874 1.82969 1.61978 1.25042 1.33429 1.73833 2.25783 3.48395 5.78442 6.66188 5.38803 3.05905 1.39317 0.517842 0.42739 0.489959 0.64957 0.756283 0.860538 1.42878 2.07312 2.20991 2.94516 3.41464
S_f
 0.5 1 1 1 1
 0.5 1 1 1 1
 0.5 1 1 1 1
 0.5 1 1 1 1
 0.5 1 1 1 1
 0.5 1 1 1 1
 0.5 1 1 1 1
 0.5 1 1 1 1
 0.5 1 1 1 1
 0.5 1 1 1 1
 0.5 1 1 1 1
 0.5 1 1 1 1
 0.5 1 1 1 1
 0.5 1 1 1 1
 0.5 1 1 1 1
 0.5 1 1 1 1
 0.5 1 1 1 1
 0.5 1 1 1 1
 0.5 1 1 1 1
 0.5 1 1 1 1
 0.5 1 1 1 1
 0.5 1 1 1 1
 0.5 1 1 1 1
 0.5 1 1 1 1
 0.5 1 1 1 1
Scru_reclas
 0.5 1 1 1 1
 0.5 1 1 1 1
 0.5 1 1 1 1
 0.5 1 1 1 1
 0.5 1 1 1 1
 0.5 1 1 1 1
 0.5 1 1 1 1
 0.5 1 1 1 1
 0.5 1 1 1 1
 0.5 1 1 1 1
 0.5 1 1 1 1
 0.5 1 1 1 1
 0.5 1 1 1 1
 0.5 1 1 1 1
 0.5 1 1 1 1
 0.5 1 1 1 1
 0.5 1 1 1 1
 0.5 1 1 1 1
 0.5 1 1 1 1
 0.5 1 1 1 1
 0.5 1 1 1 1
 0.5 1 1 1 1
 0.5 1 1 1 1
 0.5 1 1 1 1
 0.5 1 1 1 1
Scru_pelaces
 0.5 1 1 1 1
 0.5 1 1 1 1
 0.5 1 1 1 1
 0.5 1 1 1 1
 0.5 1 1 1 1
 0.5 1 1 1 1
 0.5 1 1 1 1
 0.5 1 1 1 1
 0.5 1 1 1 1
 0.5 1 1 1 1
 0.5 1 1 1 1
 0.5 1 1 1 1
 0.5 1 1 1 1
 0.5 1 1 1 1
 0.5 1 1 1 1
 0.5 1 1 1 1
 0.5 1 1 1 1
 0.5 1 1 1 1
 0.5 1 1 1 1
 0.5 1 1 1 1
 0.5 1 1 1 1
 0.5 1 1 1 1
 0.5 1 1 1 1
 0.5 1 1 1 1
 0.5 1 1 1 1
pf_obs 
 0.256992 0.487395 0.22802 0.0275931 0
 0.321318 0.546541 0.124235 0.00734118 0.000564706
 0.182869 0.594174 0.210203 0.0122559 0.00049798
 0.330522 0.361315 0.267642 0.0388342 0.00168674
 0.649043 0.306663 0.0425973 0.00169635 0
 0.582887 0.30429 0.105238 0.00758474 0
 0.465427 0.430635 0.0974691 0.00646863 0
 0.296916 0.608066 0.0921331 0.00288517 0
 0.311714 0.524322 0.152257 0.0117073 0
 0.15457 0.633149 0.183074 0.0267441 0.00246327
 0.131901 0.49318 0.331252 0.0422183 0.00144891
 0.196976 0.569456 0.194076 0.0375587 0.00193317
 0.518974 0.381816 0.0799577 0.0180837 0.00116848
 0.0928022 0.601141 0.25162 0.0475244 0.00691264
 0.122501 0.610282 0.24278 0.0234846 0.000952079
 0.383417 0.481906 0.127806 0.00687128 0
 0.0376549 0.599619 0.316969 0.0457579 0
 0.0361596 0.667082 0.258105 0.0386534 0
 0.158088 0.579412 0.248529 0.0139706 0
 0.0477256 0.309471 0.559284 0.082774 0.000745712
 0.0406174 0.521527 0.379366 0.0568643 0.0016247
 0.151134 0.462217 0.34131 0.0453401 0
 0.294876 0.26143 0.354403 0.0886775 0.000613685
 0.281977 0.475581 0.204845 0.0348837 0.00271318
 0 0 0 0 0
pf_pred 
 0.353135 0.325641 0.161709 0.0803021 0.0792128
 0.283079 0.383913 0.167642 0.0832483 0.082119
 0.376757 0.28685 0.180139 0.0786605 0.0775933
 0.43786 0.336614 0.103799 0.0651848 0.0565418
 0.415031 0.363426 0.132662 0.040908 0.0479733
 0.543368 0.269355 0.11635 0.0424717 0.0284553
 0.576123 0.317025 0.0630291 0.0272261 0.0165969
 0.706141 0.222064 0.0536964 0.0106756 0.00742257
 0.692874 0.26168 0.0343423 0.00830418 0.00279889
 0.487399 0.427733 0.0723096 0.00948974 0.00306809
 0.342413 0.440463 0.181176 0.0306284 0.00531916
 0.141633 0.463993 0.264159 0.108657 0.0215588
 0.369487 0.169792 0.249044 0.141785 0.069892
 0.379874 0.362929 0.069261 0.10159 0.0863468
 0.598916 0.261327 0.0817929 0.0156093 0.042355
 0.598752 0.328811 0.0471962 0.014772 0.0104685
 0.470914 0.412783 0.0953066 0.0136799 0.00731599
 0.470567 0.354519 0.136465 0.0315081 0.00694117
 0.495195 0.333996 0.114377 0.0440272 0.0124047
 0.605354 0.269053 0.0830963 0.0284564 0.0140399
 0.623336 0.289627 0.0593384 0.0183265 0.00937235
 0.358167 0.496629 0.111651 0.022875 0.0106779
 0.579456 0.226242 0.150345 0.0338002 0.0101575
 0.395375 0.450494 0.0829184 0.0551018 0.0161107
 0.109139 0.518097 0.277739 0.051121 0.043904
pobs_RECLAS
 0 0 0 0 0
 0 0 0 0 0
 0 0 0 0 0
 0 0 0 0 0
 0.835266 0.146461 0.0176864 0.000547809 3.91292e-05
 0.385257 0.428462 0.181853 0.0044286 0
 0.867414 0.0963971 0.0333333 0.00285562 0
 0.441836 0.489002 0.0689373 0.000224442 0
 0.779404 0.147425 0.0564933 0.0165055 0.000172143
 0.814271 0.122319 0.05973 0.00367925 0
 0.40263 0.566651 0.0304383 0.000280538 0
 0.475488 0.404961 0.113038 0.00651328 0
 0.955842 0.0263864 0.0167828 0.000988607 0
 0.975058 0.0227948 0.00214734 0 0
 0.738997 0.206755 0.0527124 0.00153531 0
 0.850938 0.134255 0.0134407 0.00136685 0
 0.542534 0.407297 0.0501686 0 0
 0.764087 0.199537 0.0359546 0.000420521 0
 0.470689 0.182191 0.310203 0.0369168 0
 0.84361 0.089868 0.0606195 0.00523954 0.000663233
 0.607945 0.314616 0.071237 0.00620181 0
 0.523733 0.453247 0.0230204 0 0
 0.530135 0.295979 0.169645 0.0042399 0
 0.562478 0.366248 0.0663022 0.0049721 0
 0.250443 0.683176 0.0655157 0.000865301 0
ppred_RECLAS
 0.354652 0.324878 0.16133 0.0801139 0.079027
 0.285093 0.382834 0.167171 0.0830144 0.0818883
 0.385018 0.283048 0.177751 0.0776178 0.0765648
 0.4394 0.335692 0.103515 0.0650062 0.0563869
 0.415386 0.363205 0.132581 0.0408832 0.0479442
 0.552582 0.263919 0.114003 0.0416146 0.0278811
 0.580673 0.313622 0.0623525 0.0269338 0.0164188
 0.712054 0.217596 0.052616 0.0104608 0.00727322
 0.696142 0.258896 0.0339769 0.00821582 0.00276911
 0.489421 0.426046 0.0720244 0.00945231 0.00305599
 0.346336 0.437835 0.180095 0.0304457 0.00528742
 0.143511 0.462978 0.263581 0.108419 0.0215116
 0.376427 0.167923 0.246303 0.140224 0.0691227
 0.401263 0.350411 0.0668721 0.0980857 0.0833685
 0.620017 0.247578 0.0774897 0.0147881 0.0401267
 0.605256 0.323482 0.0464312 0.0145325 0.0102988
 0.475595 0.409131 0.0944633 0.0135589 0.00725126
 0.473765 0.352377 0.135641 0.0313178 0.00689925
 0.498105 0.33207 0.113718 0.0437733 0.0123332
 0.607883 0.267329 0.0825638 0.028274 0.01395
 0.624221 0.288946 0.0591989 0.0182834 0.00935033
 0.359318 0.495738 0.111451 0.0228339 0.0106588
 0.581224 0.22529 0.149712 0.0336581 0.0101148
 0.39718 0.449149 0.0826709 0.0549373 0.0160626
 0.110149 0.517509 0.277425 0.0510631 0.0438543
pobs_PELACES
 0 0 0 0 0
 0 0 0 0 0
 0 0 0 0 0
 0 0 0 0 0
 0 0 0 0 0
 0 0 0 0 0
 0 0 0 0 0
 0 0 0 0 0
 0 0 0 0 0
 0 0 0 0 0
 0.450072 0.473896 0.0757376 0.000293798 0
 0 0 0 0 0
 0.463077 0.371075 0.160297 0.00555027 0
 0.529543 0.364841 0.0842815 0.0213345 0
 0.631943 0.363953 0.00410389 0 0
 0.735681 0.248677 0.0153453 0.000297389 0
 0.695825 0.281241 0.0229344 0 0
 0.275771 0.60734 0.115278 0.00161068 0
 0 0 0 0 0
 0.896147 0.0623911 0.0374545 0.00400742 0
 0.803859 0.145111 0.0509908 3.86294e-05 0
 0.739449 0.233085 0.0266225 0.000797448 4.60066e-05
 0.878498 0.100942 0.0204185 0.000141795 0
 0.694673 0.275183 0.0284847 0.00165964 0
 0 0 0 0 0
ppred_PELACES
 0.361898 0.32123 0.159518 0.0792144 0.0781397
 0.294173 0.377971 0.165047 0.08196 0.0808482
 0.412808 0.270258 0.169719 0.0741104 0.073105
 0.446795 0.331264 0.102149 0.0641487 0.0556431
 0.417316 0.362006 0.132144 0.0407482 0.0477859
 0.582264 0.246411 0.10644 0.0388539 0.0260315
 0.598315 0.300427 0.0597292 0.0258007 0.015728
 0.732189 0.20238 0.0489368 0.00972933 0.00676463
 0.709276 0.247705 0.0325083 0.0078607 0.00264942
 0.498748 0.418264 0.0707087 0.00927965 0.00300016
 0.362127 0.427258 0.175745 0.0297102 0.00515969
 0.151396 0.458715 0.261154 0.107421 0.0213136
 0.400878 0.161338 0.236646 0.134726 0.0664124
 0.455003 0.31896 0.0608699 0.0892819 0.0758857
 0.669832 0.215122 0.0673311 0.0128494 0.0348662
 0.628056 0.304798 0.0437494 0.0136932 0.00970395
 0.493894 0.394855 0.0911672 0.0130857 0.00699823
 0.487352 0.34328 0.132139 0.0305092 0.00672112
 0.510693 0.323742 0.110866 0.0426755 0.0120239
 0.618946 0.259787 0.0802344 0.0274763 0.0135564
 0.628708 0.285496 0.0584921 0.0180651 0.00923868
 0.365015 0.49133 0.11046 0.0226309 0.010564
 0.589489 0.220844 0.146758 0.0329938 0.00991514
 0.405632 0.442852 0.0815118 0.0541671 0.0158374
 0.114713 0.514855 0.276002 0.0508012 0.0436293
pobs_pel_tallas
 0 0 0 0 0 0 0 0 0 0 0 0 0 0 0 0 0 0 0 0 0 0 0 0 0 0 0 0 0 0 0 0 0 0 0 0
 0 0 0 0 0 0 0 0 0 0 0 0 0 0 0 0 0 0 0 0 0 0 0 0 0 0 0 0 0 0 0 0 0 0 0 0
 0 0 0 0 0 0 0 0 0 0 0 0 0 0 0 0 0 0 0 0 0 0 0 0 0 0 0 0 0 0 0 0 0 0 0 0
 0 0 0 0 0 0 0 0 0 0 0 0 0 0 0 0 0 0 0 0 0 0 0 0 0 0 0 0 0 0 0 0 0 0 0 0
 0 0 0 0 0 0 0 0 0 0 0 0 0 0 0 0 0 0 0 0 0 0 0 0 0 0 0 0 0 0 0 0 0 0 0 0
 0 0 0 0 0 0 0 0 0 0 0 0 0 0 0 0 0 0 0 0 0 0 0 0 0 0 0 0 0 0 0 0 0 0 0 0
 0 0 0 0 0 0 0 0 0 0 0 0 0 0 0 0 0 0 0 0 0 0 0 0 0 0 0 0 0 0 0 0 0 0 0 0
 0 0 0 0 0 0 0 0 0 0 0 0 0 0 0 0 0 0 0 0 0 0 0 0 0 0 0 0 0 0 0 0 0 0 0 0
 0 0 0 0 0 0 0 0 0 0 0 0 0 0 0 0 0 0 0 0 0 0 0 0 0 0 0 0 0 0 0 0 0 0 0 0
 0 0 0 0 0 0 0 0 0 0 0 0 0 0 0 0 0 0 0 0 0 0 0 0 0 0 0 0 0 0 0 0 0 0 0 0
 0 0 0 0 0 0 0 0 1.78061e-05 0.00172719 0.00360574 0.0105946 0.0120993 0.0124554 0.0147524 0.0171206 0.0266825 0.0428682 0.0675386 0.121331 0.153587 0.119568 0.100827 0.0573624 0.0630603 0.0341343 0.0324427 0.0444173 0.0211091 0.0280891 0.0125444 0.00206551 0 0 0 0
 0 0 0 0 0 0 0 0 0 0 0 0 0 0 0 0 0 0 0 0 0 0 0 0 0 0 0 0 0 0 0 0 0 0 0 0
 0 0 0 0 0 0 0.0133647 0.0140871 0.0187388 0.0205184 0.03894 0.0496705 0.03968 0.0493445 0.0407372 0.0367815 0.0215668 0.0243155 0.0234873 0.0199281 0.019796 0.0243948 0.0301388 0.0376714 0.0412746 0.0863199 0.0771752 0.113111 0.0741005 0.0525337 0.0229764 0.00759418 0.00175318 0 0 0
 0 0 0 0 0 0 0 0 0 0 0.00219441 0.00772107 0.0458388 0.0604681 0.0671733 0.0775358 0.0609151 0.0617685 0.073594 0.0568108 0.0755445 0.0548602 0.0670107 0.0636378 0.0643287 0.046367 0.0373049 0.0286899 0.0247887 0.0153202 0.00654259 0.00121912 0.000365735 0 0 0
 0 0 0 0 0 0 0 0 0 0 0 0 0.000112435 0.00938835 0.0111873 0.0202946 0.0414886 0.0713402 0.111592 0.104902 0.108894 0.110636 0.117776 0.105296 0.107544 0.0401394 0.0192827 0.0124803 0.00416011 0.0028671 0.000618394 0 0 0 0 0
 0 0 0 0 0 0 0 0 0 0 0.00291406 0.0102884 0.027416 0.0768956 0.0749926 0.110853 0.0956884 0.0897413 0.0766577 0.0534642 0.0500743 0.0551293 0.0594112 0.0620874 0.0668451 0.0424026 0.0208742 0.0120726 0.0048766 0.00582813 0.00118941 0.000297354 0 0 0 0
 0 0.00264628 0.0354308 0.0461629 0.0458689 0.0383711 0.0214643 0.0164657 0.0346957 0.0420465 0.0363128 0.0245516 0.0311673 0.0291091 0.0169068 0.0133784 0.00837989 0.0085269 0.0148486 0.0160247 0.0276389 0.0546898 0.0760071 0.122758 0.109233 0.0665981 0.0333725 0.0166128 0.00676272 0.00308733 0.000882094 0 0 0 0 0
 0 0 0 0 0 0 0 0.000805153 0.000690131 0.00759144 0.0133425 0.0154129 0.00931677 0.000345066 0.00356568 0.00563607 0.00851162 0.0253048 0.0502646 0.0516448 0.0657925 0.0565908 0.0611916 0.0827007 0.0866115 0.110766 0.145733 0.0935128 0.0569358 0.0249597 0.0138026 0.00621118 0.00161031 0.00115022 0 0
 0 0 0 0 0 0 0 0 0 0 0 0 0 0 0 0 0 0 0 0 0 0 0 0 0 0 0 0 0 0 0 0 0 0 0 0
 0.00147267 0.00158595 0.00478618 0.00569244 0.00954404 0.0108468 0.00647125 0.017049 0.0510054 0.094081 0.124002 0.0959785 0.0687766 0.0820023 0.061753 0.0591476 0.0492212 0.0479892 0.0443925 0.0268479 0.0217502 0.0140895 0.0121071 0.0120363 0.00920419 0.00665534 0.0049561 0.00860946 0.00930331 0.0156896 0.0114698 0.00855282 0.00243557 0.00046729 0 2.83206e-05
 0 0 0 0 0.000772559 0.00158375 0.000888443 0.00281984 0.00712685 0.0440552 0.0773331 0.111326 0.0921469 0.0852325 0.0710754 0.0886704 0.0786465 0.0553345 0.0373146 0.0185414 0.00753245 0.00457741 0.012979 0.0271748 0.0457355 0.0583668 0.034881 0.0177882 0.00938659 0.00492506 0.0015258 0.00185414 0.000309023 5.79419e-05 3.86279e-05 0
 0 0.00173294 0.00326652 0 0.00397197 0.00683976 0.00946217 0.0152591 0.00757587 0.0136028 0.0228656 0.0392903 0.0559909 0.0764795 0.0681675 0.0726916 0.0566044 0.0477403 0.0527397 0.0444891 0.0609904 0.0582453 0.0661739 0.0445044 0.0529084 0.0360697 0.0280645 0.0235558 0.0158879 0.00826598 0.00280645 0.00217768 0.000904811 0.00058276 9.20147e-05 0
 0 0 0 0 0 0 0 0 0 0 0 0 0 0 0 0 0 0 0 0 0 0 0 0 0 0 0 0 0 0 0 0 0 0 0 0
 0 0 0 0 0 0 0 0 0 0 0 0 0 0 0 0 0 0 0 0 0 0 0 0 0 0 0 0 0 0 0 0 0 0 0 0
 0 0 0 0 0 0 0 0 0 0 0 0 0 0 0 0 0 0 0 0 0 0 0 0 0 0 0 0 0 0 0 0 0 0 0 0
ppred_pel_tallas
 1.08743e-16 1.58062e-05 9.2728e-05 0.000440701 0.00169658 0.00529049 0.0133636 0.0273458 0.0453364 0.0609092 0.0663436 0.058668 0.0423204 0.0253538 0.0135343 0.00806902 0.00736568 0.00950288 0.0132839 0.018111 0.0235878 0.0292911 0.0347333 0.0394264 0.0429776 0.0451651 0.0459682 0.0455398 0.0441372 0.0420392 0.0394787 0.0366118 0.0335236 0.0302577 0.0268525 0.023366
 1.0906e-16 1.28554e-05 7.53989e-05 0.000358305 0.00137931 0.0043011 0.0108646 0.022233 0.0368636 0.049537 0.0539859 0.0478094 0.0346383 0.0210538 0.0117901 0.00788452 0.00809948 0.0109161 0.015373 0.0209465 0.027219 0.0336979 0.0398068 0.0449725 0.0487406 0.0508667 0.0513513 0.0504054 0.0483661 0.0455942 0.0423907 0.038956 0.0353946 0.0317491 0.0280447 0.0243222
 1.0846e-16 1.80241e-05 0.000105754 0.000502637 0.00193507 0.00603421 0.0152421 0.0311889 0.0517051 0.0694565 0.0756299 0.0668241 0.0480821 0.0285617 0.0148024 0.0081366 0.00670343 0.0082786 0.0114911 0.0156934 0.0205151 0.0255977 0.0305328 0.0349061 0.038374 0.0407265 0.0419135 0.0420247 0.0412363 0.0397466 0.0377258 0.0352933 0.0325247 0.0294753 0.0262079 0.022808
 1.06363e-16 1.95085e-05 0.000114463 0.000544029 0.00209441 0.00653112 0.0164973 0.0337577 0.0559643 0.0751803 0.0818688 0.0723513 0.052091 0.0310058 0.0161813 0.00906581 0.0076465 0.00950715 0.0131392 0.0177974 0.0230176 0.0283367 0.0332398 0.0372273 0.0399163 0.0411204 0.0408803 0.0394296 0.0371149 0.0342992 0.0312815 0.0282559 0.0253124 0.0224686 0.0197111 0.0170308
 1.05627e-16 1.82244e-05 0.000106921 0.000508168 0.00195633 0.0061005 0.0154097 0.0315324 0.0522769 0.0702319 0.0764932 0.0676319 0.0487613 0.0291609 0.0154697 0.00906605 0.00809508 0.0103189 0.0143322 0.01942 0.025102 0.0308737 0.0361661 0.0404251 0.0432237 0.044352 0.0438522 0.0419834 0.0391358 0.0357253 0.032104 0.0285125 0.025077 0.0218388 0.0187964 0.0159418
 1.04143e-16 2.54122e-05 0.00014913 0.00070886 0.00272908 0.00851033 0.0214965 0.0439857 0.0729149 0.0979338 0.106601 0.0940991 0.0675113 0.0397076 0.0198478 0.00973147 0.00664716 0.00737936 0.00994569 0.0134352 0.0173937 0.0214499 0.0252123 0.0283002 0.0304162 0.0314055 0.0312813 0.0302014 0.0284133 0.0261843 0.0237441 0.0212535 0.018803 0.0164326 0.0141578 0.0119918
 1.02568e-16 2.61142e-05 0.000153247 0.00072842 0.00280438 0.00874512 0.0220897 0.0451997 0.0749285 0.100642 0.109558 0.0967315 0.0694481 0.0409432 0.020642 0.010408 0.00746537 0.00851097 0.0114921 0.015435 0.0198114 0.0241613 0.0279999 0.0308695 0.0324329 0.0325493 0.0313017 0.0289643 0.0259241 0.0225846 0.0192836 0.0162463 0.0135794 0.0112956 0.00935316 0.00769207
 1.01412e-16 3.19478e-05 0.000187504 0.000891302 0.00343155 0.010701 0.0270298 0.0553069 0.0916783 0.123124 0.133992 0.118209 0.0846592 0.0494907 0.0241736 0.0109123 0.00623446 0.00604365 0.00781986 0.0104333 0.0133819 0.01632 0.0189129 0.0208484 0.0218957 0.0219564 0.0210833 0.0194592 0.0173452 0.0150162 0.0127053 0.0105718 0.00869617 0.00709524 0.00574706 0.00461461
 1.00937e-16 3.09505e-05 0.000181645 0.000863439 0.00332425 0.0103663 0.0261847 0.0535779 0.0888138 0.119282 0.129822 0.114558 0.0821051 0.0481196 0.0237308 0.0110946 0.00686646 0.00708896 0.00931608 0.0124256 0.0158776 0.0192624 0.0221708 0.0242244 0.0251508 0.0248471 0.0234026 0.0210701 0.0181991 0.0151522 0.0122335 0.00964596 0.0074843 0.0057543 0.00440605 0.00336666
 1.016e-16 2.17775e-05 0.000127775 0.000607301 0.002338 0.0072907 0.0184161 0.0376842 0.0624748 0.0839296 0.0914049 0.080799 0.0582165 0.0347381 0.0182836 0.01048 0.00908482 0.0113927 0.0156913 0.0210945 0.0270029 0.0327992 0.0378054 0.0413811 0.0430608 0.0426619 0.0403245 0.0364641 0.0316611 0.0265212 0.0215559 0.0171111 0.0133546 0.0103074 0.00789788 0.00601496
 1.03896e-16 1.58208e-05 9.28031e-05 0.000441035 0.00169783 0.00529435 0.0133735 0.0273668 0.0453743 0.060969 0.0664326 0.0588033 0.0425408 0.0257312 0.0141805 0.0091378 0.0090467 0.0120038 0.0167958 0.0227591 0.0293749 0.0360491 0.0420995 0.0468587 0.0498119 0.0507056 0.0495927 0.0467932 0.0427948 0.0381271 0.0332535 0.0285086 0.0240881 0.0200762 0.0164901 0.0133189
 1.08544e-16 6.63331e-06 3.88614e-05 0.000184583 0.00071041 0.00221512 0.00559568 0.0114531 0.0189985 0.0255559 0.0279193 0.0248874 0.0183843 0.01188 0.00792339 0.00718384 0.00916441 0.0131958 0.0188263 0.0257197 0.0334602 0.0414662 0.0490293 0.0554334 0.0600981 0.0626929 0.0631847 0.061803 0.058945 0.0550566 0.0505342 0.0456723 0.0406627 0.0356261 0.0306539 0.0258383
 1.11145e-16 1.74996e-05 0.000102684 0.000488065 0.001879 0.00585938 0.0148004 0.0302844 0.0502028 0.0674305 0.073403 0.0648069 0.0465231 0.0274208 0.0138203 0.00698257 0.00507375 0.0059263 0.00823583 0.0114477 0.0153269 0.0196895 0.0243141 0.0289458 0.0333283 0.0372363 0.0404929 0.0429701 0.0445775 0.0452504 0.0449468 0.0436555 0.0414134 0.0383193 0.0345382 0.03029
 1.07582e-16 1.98657e-05 0.000116561 0.00055401 0.00213285 0.00665099 0.0168001 0.034377 0.0569904 0.076557 0.0833629 0.0736598 0.0530071 0.0314989 0.0163424 0.00900256 0.00741909 0.00912295 0.0125748 0.0170214 0.0220068 0.0270873 0.0317755 0.0356028 0.0382157 0.0394516 0.0393637 0.0381854 0.0362494 0.0338924 0.0313776 0.028858 0.0263823 0.0239304 0.0214611 0.0189493
 1.03097e-16 2.92292e-05 0.000171543 0.000815417 0.00313937 0.0097898 0.0247283 0.0505979 0.0838736 0.112646 0.122597 0.108176 0.0775158 0.0454008 0.0223374 0.0103591 0.00630767 0.00645127 0.00849372 0.0113992 0.0146915 0.0180237 0.0210487 0.0234374 0.0249409 0.025443 0.0249804 0.0237208 0.0219101 0.0198075 0.0176306 0.0155252 0.0135635 0.0117617 0.0101068 0.00857978
 1.01645e-16 2.74112e-05 0.000160861 0.000764618 0.00294375 0.00917974 0.0231875 0.0474459 0.0786516 0.105641 0.114997 0.101526 0.0728728 0.0429268 0.0215759 0.0107683 0.00758142 0.00853927 0.01148 0.0153776 0.0196793 0.0239094 0.0275715 0.0302013 0.0314629 0.0312263 0.0295953 0.0268727 0.0234785 0.0198484 0.0163467 0.0132154 0.0105665 0.00840637 0.00667686 0.00529479
 1.022e-16 2.15649e-05 0.00012653 0.000601382 0.00231522 0.00721967 0.0182366 0.0373168 0.0618653 0.0831094 0.0905078 0.0799968 0.0576188 0.0343421 0.0180041 0.0102102 0.00873529 0.0108998 0.0150144 0.0202168 0.0259381 0.0315989 0.0365611 0.0402176 0.0421197 0.0420792 0.0402064 0.0368677 0.0325842 0.0279044 0.0232947 0.0190745 0.015406 0.0123224 0.00977693 0.00768935
 1.0335e-16 2.12776e-05 0.000124848 0.000593396 0.00228448 0.00712384 0.0179945 0.0368211 0.0610423 0.0820001 0.0892903 0.0788983 0.0567789 0.0337445 0.0175151 0.00966006 0.00797197 0.00980398 0.013502 0.0182496 0.0235428 0.0288843 0.0337237 0.0375268 0.0398834 0.0405941 0.0397054 0.0374777 0.0343042 0.0306094 0.026762 0.0230248 0.0195475 0.0163901 0.0135598 0.0110434
 1.03708e-16 2.22946e-05 0.00013082 0.000621793 0.00239383 0.00746483 0.0188558 0.0385832 0.0639623 0.0859192 0.0935488 0.0826396 0.0594242 0.035222 0.018108 0.00970904 0.00769436 0.0092769 0.0127201 0.0171807 0.0221618 0.0271912 0.0317522 0.0353455 0.0375895 0.0383018 0.0375307 0.0355235 0.0326495 0.0293033 0.0258223 0.0224414 0.0192878 0.016405 0.0137903 0.0114266
 1.02802e-16 2.70123e-05 0.000158523 0.00075351 0.00290099 0.00904642 0.0228507 0.0467565 0.0775077 0.104102 0.113313 0.100019 0.071749 0.0421798 0.0210446 0.0102505 0.00690745 0.00758746 0.0101718 0.01368 0.017618 0.021583 0.0251556 0.0279357 0.0296209 0.0300711 0.0293335 0.0276167 0.0252271 0.0224898 0.0196814 0.0169922 0.0145216 0.0122986 0.0103117 0.0085372
 1.01976e-16 2.74389e-05 0.000161025 0.000765402 0.00294677 0.00918918 0.0232113 0.0474945 0.0787317 0.105747 0.115108 0.101614 0.0729148 0.0429087 0.021488 0.0105962 0.00730202 0.00812361 0.0109011 0.0146206 0.0187515 0.0228479 0.0264456 0.0291076 0.0305123 0.0305265 0.0292316 0.0268923 0.0238833 0.0205961 0.0173607 0.0143998 0.0118215 0.00964238 0.00782352 0.00630523
 1.03e-16 1.59491e-05 9.35511e-05 0.000444579 0.00171145 0.00533682 0.0134809 0.0275869 0.0457408 0.0614662 0.0669866 0.059323 0.0429802 0.0261227 0.0146207 0.00975248 0.00996466 0.0133426 0.0186472 0.0251652 0.0323008 0.0393602 0.045556 0.0501345 0.052539 0.0525357 0.0502614 0.0461703 0.0409076 0.0351517 0.0294771 0.0242764 0.019746 0.0159239 0.0127505 0.0101265
 1.03753e-16 2.57264e-05 0.000150977 0.000717642 0.00276291 0.00861581 0.0217629 0.0445306 0.0738174 0.0991438 0.107912 0.0952423 0.0683009 0.0401107 0.0199366 0.0095909 0.00632045 0.00686682 0.00922902 0.0125032 0.0162606 0.0201663 0.0238665 0.0270096 0.0293082 0.0305938 0.0308409 0.0301521 0.0287143 0.0267431 0.0244358 0.0219462 0.0193818 0.0168169 0.0143094 0.0119139
 1.03903e-16 1.77181e-05 0.000103941 0.000493986 0.0019017 0.00593012 0.0149794 0.0306527 0.0508209 0.0682833 0.0743909 0.0658206 0.0475584 0.0286472 0.0155705 0.00970167 0.00926829 0.0121102 0.0168476 0.0227308 0.0291931 0.0356071 0.0412686 0.0455057 0.0478233 0.0480153 0.046205 0.0427962 0.0383576 0.033481 0.0286602 0.0242222 0.0203198 0.0169685 0.0141051 0.0116415
 1.0787e-16 5.03606e-06 2.94788e-05 0.000139965 0.000538601 0.00167932 0.00424238 0.00868456 0.0144112 0.0194011 0.0212369 0.0190291 0.0142696 0.00963751 0.0071315 0.00733883 0.00996345 0.0145586 0.0207958 0.028363 0.0368032 0.0454556 0.0535168 0.0601813 0.064807 0.0670446 0.0668924 0.0646547 0.0608306 0.0559744 0.0505769 0.0450003 0.0394718 0.0341172 0.0290094 0.0242076
pSPR Fmed_Fpbrs
0.549584   0.254687 0.254687
Fs Fmed_Fpbrs
0.336145   1.005 1.005
SSBpbr Bo_Bmed_Bpbrs
1.01258e+06  505871  207263 207263
Ro
32859.6
SPR SPRFo_SPRFmed_SPRFpbrs
677221 372190 172480
log_Ro
10.22
likeval ReclasPelacesDesembMPH_pf_preclas_ppelaces_ptallas_desvR_qrecl_qpela
 99.8589 91.4423 0.355613 0.000659685 326.372 219.267 75.179 0 20.2037 0 0 0 0 0 0
q_reclas_q_pelaces
1 1
M
0.7
N
 40663.4 19535.7 9701.15 4817.45 4752.1
 25567.2 18353.5 8014.37 3979.82 3925.83
 25348.8 11106.9 6975 3045.74 3004.42
 22161.9 8858.84 2731.74 1715.5 1488.04
 22712.6 10049.9 3668.54 1131.24 1326.62
 38385.6 11010.6 4756.13 1736.14 1163.18
 43807.1 13212 2626.73 1134.65 691.677
 98044.8 17441.4 4217.44 838.487 582.985
 175609 35918.6 4713.88 1139.84 384.18
 156494 72076.3 12184.7 1599.09 516.996
 98894.6 69404.3 28548.1 4826.15 838.145
 22458.1 39838.8 22680.8 9329.33 1851.05
 35372.5 9221.36 13525.6 7700.32 3795.83
 21110.1 12858.7 2453.94 3599.36 3059.29
 19396 5386.53 1685.94 321.742 873.032
 16095.6 4978.16 714.543 223.645 158.491
 12414.6 5966.79 1377.66 197.743 105.753
 12225.5 4937.42 1900.56 438.817 96.6706
 14309.1 5147.85 1762.88 678.587 191.193
 25848.8 6100.08 1883.99 645.174 318.319
 46770.2 11143.8 2283.14 705.14 360.616
 30602.5 21914.4 4926.76 1009.39 471.177
 69106.3 14102.4 9371.48 2106.88 633.149
 51901.1 30952.6 5697.16 3785.94 1106.93
 9201.75 23167.4 12419.5 2285.95 1963.23
pred_Ctot
 2678.4 2469.87 1226.5 609.063 600.8
 2319.66 3145.93 1373.72 682.17 672.915
 5510.37 4195.42 2634.67 1150.47 1134.87
 1390.85 1069.25 329.716 207.058 179.604
 388.94 340.579 124.322 38.3363 44.9574
 8651.72 4288.77 1852.58 676.251 453.077
 6325.51 3480.76 692.025 298.928 182.225
 18818.4 5917.92 1430.99 284.501 197.808
 22151.7 8366.1 1097.95 265.49 89.4824
 12110.8 10628.3 1796.74 235.8 76.2355
 13589 17480.3 7190.17 1215.52 211.096
 2827.33 9262.41 5273.23 2169.05 430.365
 6939.69 3189.02 4677.54 2663 1312.71
 7665.22 7323.31 1397.57 2049.91 1742.33
 6996.93 3053 955.56 182.358 494.82
 2983.89 1638.64 235.203 73.6164 52.1698
 1800.54 1578.28 364.405 52.3052 27.9727
 1349.72 1016.86 391.42 90.3741 19.9093
 1469.21 990.946 339.35 130.626 36.8041
 2470.87 1098.19 339.174 116.15 57.3067
 1905.01 885.143 181.347 56.0085 28.6433
 1591.71 2207.04 496.184 101.657 47.4532
 4901.75 1913.83 1271.8 285.924 85.9245
 3797.26 4326.63 796.364 529.208 154.73
 863.394 4098.65 2197.19 404.417 347.324
F
 0.0955043 0.191009 0.191009 0.191009 0.191009
 0.133746 0.267491 0.267491 0.267491 0.267491
 0.351314 0.702627 0.702627 0.702627 0.702627
 0.0908108 0.181622 0.181622 0.181622 0.181622
 0.0240657 0.0481314 0.0481314 0.0481314 0.0481314
 0.366557 0.733113 0.733113 0.733113 0.733113
 0.220949 0.441898 0.441898 0.441898 0.441898
 0.304169 0.608337 0.608337 0.608337 0.608337
 0.190537 0.381074 0.381074 0.381074 0.381074
 0.113067 0.226134 0.226134 0.226134 0.226134
 0.209214 0.418428 0.418428 0.418428 0.418428
 0.190129 0.380258 0.380258 0.380258 0.380258
 0.311914 0.623828 0.623828 0.623828 0.623828
 0.66585 1.3317 1.3317 1.3317 1.3317
 0.660007 1.32001 1.32001 1.32001 1.32001
 0.292337 0.584674 0.584674 0.584674 0.584674
 0.22203 0.444059 0.444059 0.444059 0.444059
 0.164946 0.329893 0.329893 0.329893 0.329893
 0.152593 0.305186 0.305186 0.305186 0.305186
 0.141376 0.282753 0.282753 0.282753 0.282753
 0.0581027 0.116205 0.116205 0.116205 0.116205
 0.0747363 0.149473 0.149473 0.149473 0.149473
 0.103189 0.206378 0.206378 0.206378 0.206378
 0.106594 0.213188 0.213188 0.213188 0.213188
 0.138608 0.277216 0.277216 0.277216 0.277216
nmprior
 10 11 7 0
nm_flota  nm_reclas  nm_pelaces    nm_pelaL
inf 10.002 10.1757 16.1837
cv_recla  cv_pelaces  cv_mph
0.903895 1.12522 0.83331
 ------------------------------------------------
Talla a la edad & desviación 
 7.2 14.2025 17.0495 18.207 18.6776
 1.08 2.13037 2.55742 2.73105 2.80164
