years
 1997 1998 1999 2000 2001 2002 2003 2004 2005 2006 2007 2008 2009 2010 2011 2012 2013 2014 2015 2016 2017 2018 2019 2020 2021
reclasobs
 0 0 0 370054 412103 1.49427e+06 250295 1.28982e+06 931140 785840 897777 1.04006e+06 184774 17550 25797 100020 73551 82996 120727 218422 84188 347160 605670 569463 516374
reclaspred
 1.1108e+06 216741 432762 174457 292724 367310 770196 631949 691167 868274 886586 662003 378660 147498 84824.5 76376.6 81930.6 109980 125851 136891 211206 216484 344650 368404 336041
pelacesobs
 0 0 0 0 0 0 0 0 0 2.06254e+06 1.5e+06 0 1.87456e+06 323000 250000 174000 83755 137374 0 501740 490994 745055 786931 1.00524e+06 0
pelacespred
 3.13883e+06 987324 633047 609115 927167 796331 2.15351e+06 1.87759e+06 1.87816e+06 2.5156e+06 2.18594e+06 1.74338e+06 937805 279615 160012 162649 180167 263317 311918 319093 605437 622466 719390 883816 787637
mphobs
 0 0 0 0 0 112323 0 153150 637223 0 255016 313432 73983 77613 109348 50772 0 0 0 0 0 0 0 0 0
mphpred
 328136 143127 136334 73932 71994 151302 181085 288001 260001 294630 382086 280965 174739 92581.2 44841.3 31657 29538.1 36336 46802.9 45927.7 62876 82574.3 97694.3 122399 144848
desembarqueobs
 350755 77701 442110 56441 14545 235359 269955 359681 431902 328805 639364 411747 362871 311530 167758 66681 60226 58785 57116 71774 51957 67425 138520 160799 200461
desembarquepred
 350734 77670.4 441679 56429.8 14544.5 235310 269962 359277 431587 328610 638513 411255 362347 311106 167289 66630.1 60215 58726.6 57053.3 71719.1 51949.5 67378.4 138452 160748 200424
Reclutas
 22487.3 43004.3 7876.84 12690.8 39276.1 19141.6 63012.4 59906.1 73477.4 114494 71269.3 47442.1 50011.1 29368.2 12682 9965.5 7687.98 9328.03 8138.79 11030.9 16988.9 20363.6 29184.1 32367.9 3341.45
log_desv_Rt
 -0.0192924 0.629055 -1.06832 -0.591371 0.538371 -0.180383 1.01109 0.960533 1.16473 1.60828 1.13422 0.727265 0.779999 0.247669 -0.592059 -0.833116 -1.09259 -0.899221 -1.0356 -0.731548 -0.299682 -0.118497 0.241379 0.344922 -1.92584
SSB
 531458 231813 220810 119742 116603 245053 293290 466454 421106 477192 618838 455059 283012 149947 72626.2 51272.6 47840.8 58850.8 75803.3 74385.8 101836 133740 158228 198241 234599
BT
 1.25884e+06 361870 413077 213350 313750 372559 1.11034e+06 1.02731e+06 1.11509e+06 1.22732e+06 1.2653e+06 891744 694294 399856 204469 111899 113907 140974 133493 158666 243654 216979 287738 387574 319817
Ftot
 0.778186 1.02223 2.1557 0.819133 0.170652 1.48713 1.16808 1.70371 1.89403 1.24884 1.869 1.54768 2.525 4.9421 4.95303 2.4144 2.12369 1.59114 1.18638 1.43433 0.739492 0.821642 1.03538 1.18406 1.27822
BD_Bspro_t
 0.922279 0.621123 0.505466 0.221456 0.321749 0.548615 0.446877 0.519034 0.449492 0.436321 0.464182 0.325423 0.231425 0.151995 0.0900309 0.0791787 0.102215 0.16782 0.25134 0.295638 0.396807 0.527703 0.52643 0.504996 0.452197
BD_Bspro
 1.12482 0.490628 0.467341 0.253433 0.24679 0.518652 0.620744 0.987243 0.891264 1.00997 1.30976 0.963127 0.59899 0.317361 0.153712 0.108518 0.101254 0.124557 0.160437 0.157437 0.215534 0.283058 0.334888 0.419573 0.496526
BD_Bo
 0.721899 0.31488 0.299935 0.162651 0.158387 0.332865 0.398387 0.633602 0.572004 0.648188 0.840592 0.618125 0.384426 0.203679 0.098651 0.0696455 0.064984 0.0799394 0.102967 0.101041 0.138327 0.181664 0.214928 0.269278 0.318665
BD_Brms
 1.87498 0.817833 0.779015 0.42245 0.411376 0.864545 1.03472 1.64564 1.48566 1.68353 2.18325 1.60545 0.998462 0.529012 0.256225 0.180889 0.168782 0.207625 0.267433 0.262432 0.359275 0.471833 0.558229 0.699391 0.827664
S_f
 0.0776026 0.615162 0.968124 0.99827 0.999909
 0.0776026 0.615162 0.968124 0.99827 0.999909
 0.0776026 0.615162 0.968124 0.99827 0.999909
 0.0776026 0.615162 0.968124 0.99827 0.999909
 0.0776026 0.615162 0.968124 0.99827 0.999909
 0.0776026 0.615162 0.968124 0.99827 0.999909
 0.0776026 0.615162 0.968124 0.99827 0.999909
 0.0776026 0.615162 0.968124 0.99827 0.999909
 0.0776026 0.615162 0.968124 0.99827 0.999909
 0.0776026 0.615162 0.968124 0.99827 0.999909
 0.0776026 0.615162 0.968124 0.99827 0.999909
 0.0776026 0.615162 0.968124 0.99827 0.999909
 0.0776026 0.615162 0.968124 0.99827 0.999909
 0.0776026 0.615162 0.968124 0.99827 0.999909
 0.0776026 0.615162 0.968124 0.99827 0.999909
 0.0776026 0.615162 0.968124 0.99827 0.999909
 0.0776026 0.615162 0.968124 0.99827 0.999909
 0.0776026 0.615162 0.968124 0.99827 0.999909
 0.0776026 0.615162 0.968124 0.99827 0.999909
 0.0776026 0.615162 0.968124 0.99827 0.999909
 0.0776026 0.615162 0.968124 0.99827 0.999909
 0.0776026 0.615162 0.968124 0.99827 0.999909
 0.0776026 0.615162 0.968124 0.99827 0.999909
 0.0776026 0.615162 0.968124 0.99827 0.999909
 0.0776026 0.615162 0.968124 0.99827 0.999909
Scru_reclas
 0.282245 0.664316 0.908755 0.980439 0.996051
 0.282245 0.664316 0.908755 0.980439 0.996051
 0.282245 0.664316 0.908755 0.980439 0.996051
 0.282245 0.664316 0.908755 0.980439 0.996051
 0.282245 0.664316 0.908755 0.980439 0.996051
 0.282245 0.664316 0.908755 0.980439 0.996051
 0.282245 0.664316 0.908755 0.980439 0.996051
 0.282245 0.664316 0.908755 0.980439 0.996051
 0.282245 0.664316 0.908755 0.980439 0.996051
 0.282245 0.664316 0.908755 0.980439 0.996051
 0.282245 0.664316 0.908755 0.980439 0.996051
 0.282245 0.664316 0.908755 0.980439 0.996051
 0.282245 0.664316 0.908755 0.980439 0.996051
 0.282245 0.664316 0.908755 0.980439 0.996051
 0.282245 0.664316 0.908755 0.980439 0.996051
 0.282245 0.664316 0.908755 0.980439 0.996051
 0.282245 0.664316 0.908755 0.980439 0.996051
 0.282245 0.664316 0.908755 0.980439 0.996051
 0.282245 0.664316 0.908755 0.980439 0.996051
 0.282245 0.664316 0.908755 0.980439 0.996051
 0.282245 0.664316 0.908755 0.980439 0.996051
 0.282245 0.664316 0.908755 0.980439 0.996051
 0.282245 0.664316 0.908755 0.980439 0.996051
 0.282245 0.664316 0.908755 0.980439 0.996051
 0.282245 0.664316 0.908755 0.980439 0.996051
Scru_pelaces
 0.23397 0.605854 0.885529 0.974957 0.994922
 0.23397 0.605854 0.885529 0.974957 0.994922
 0.23397 0.605854 0.885529 0.974957 0.994922
 0.23397 0.605854 0.885529 0.974957 0.994922
 0.23397 0.605854 0.885529 0.974957 0.994922
 0.23397 0.605854 0.885529 0.974957 0.994922
 0.23397 0.605854 0.885529 0.974957 0.994922
 0.23397 0.605854 0.885529 0.974957 0.994922
 0.23397 0.605854 0.885529 0.974957 0.994922
 0.23397 0.605854 0.885529 0.974957 0.994922
 0.23397 0.605854 0.885529 0.974957 0.994922
 0.23397 0.605854 0.885529 0.974957 0.994922
 0.23397 0.605854 0.885529 0.974957 0.994922
 0.23397 0.605854 0.885529 0.974957 0.994922
 0.23397 0.605854 0.885529 0.974957 0.994922
 0.23397 0.605854 0.885529 0.974957 0.994922
 0.23397 0.605854 0.885529 0.974957 0.994922
 0.23397 0.605854 0.885529 0.974957 0.994922
 0.23397 0.605854 0.885529 0.974957 0.994922
 0.23397 0.605854 0.885529 0.974957 0.994922
 0.23397 0.605854 0.885529 0.974957 0.994922
 0.23397 0.605854 0.885529 0.974957 0.994922
 0.23397 0.605854 0.885529 0.974957 0.994922
 0.23397 0.605854 0.885529 0.974957 0.994922
 0.23397 0.605854 0.885529 0.974957 0.994922
pf_obs 
 0.256992 0.487395 0.22802 0.0275931 0
 0.321318 0.546541 0.124235 0.00734118 0.000564706
 0.182869 0.594174 0.210203 0.0122559 0.00049798
 0.330522 0.361315 0.267642 0.0388342 0.00168674
 0.649043 0.306663 0.0425973 0.00169635 0
 0.582887 0.30429 0.105238 0.00758474 0
 0.465427 0.430635 0.0974691 0.00646863 0
 0.296916 0.608066 0.0921331 0.00288517 0
 0.311714 0.524322 0.152257 0.0117073 0
 0.15457 0.633149 0.183074 0.0267441 0.00246327
 0.131901 0.49318 0.331252 0.0422183 0.00144891
 0.196976 0.569456 0.194076 0.0375587 0.00193317
 0.518974 0.381816 0.0799577 0.0180837 0.00116848
 0.0928022 0.601141 0.25162 0.0475244 0.00691264
 0.122501 0.610282 0.24278 0.0234846 0.000952079
 0.383417 0.481906 0.127806 0.00687128 0
 0.0376549 0.599619 0.316969 0.0457579 0
 0.0361596 0.667082 0.258105 0.0386534 0
 0.158088 0.579412 0.248529 0.0139706 0
 0.0477256 0.309471 0.559284 0.082774 0.000745712
 0.0406174 0.521527 0.379366 0.0568643 0.0016247
 0.151134 0.462217 0.34131 0.0453401 0
 0.294876 0.26143 0.354403 0.0886775 0.000613685
 0.281977 0.475581 0.204845 0.0348837 0.00271318
 0 0 0 0 0
pf_pred 
 0.129734 0.584868 0.252884 0.0325055 8.34984e-06
 0.267299 0.412611 0.252774 0.0599426 0.00737424
 0.0594611 0.756456 0.132004 0.0415523 0.010527
 0.208704 0.358633 0.396223 0.0266864 0.00975388
 0.379317 0.434949 0.111962 0.0678111 0.00596129
 0.123526 0.714347 0.128373 0.0206125 0.0131419
 0.420405 0.346278 0.211483 0.0175034 0.00433044
 0.252841 0.665519 0.0612278 0.0185916 0.00181995
 0.296919 0.560879 0.135137 0.00538333 0.00168122
 0.336343 0.557892 0.0957656 0.0095352 0.000464669
 0.177756 0.688571 0.12243 0.0102316 0.00101159
 0.165727 0.607853 0.209621 0.0154731 0.00132599
 0.264683 0.527078 0.178475 0.0276788 0.0020854
 0.272489 0.641884 0.0755491 0.00874028 0.00133716
 0.263388 0.698528 0.0372998 0.00070389 8.04668e-05
 0.309624 0.647035 0.0429653 0.000368759 6.64738e-06
 0.24194 0.659677 0.0960974 0.00226762 1.82396e-05
 0.292971 0.573189 0.126548 0.00713416 0.000157413
 0.210701 0.647117 0.128751 0.0127409 0.000689894
 0.270705 0.525646 0.183731 0.0181262 0.00179305
 0.291143 0.563039 0.123515 0.0202335 0.002069
 0.22838 0.588468 0.160288 0.0194935 0.00337011
 0.258287 0.528783 0.182298 0.0269575 0.0036746
 0.233169 0.588469 0.147882 0.0262791 0.00420081
 0.0276829 0.728038 0.212561 0.0265332 0.00518521
pobs_RECLAS
 0 0 0 0 0
 0 0 0 0 0
 0 0 0 0 0
 0 0 0 0 0
 0.835266 0.146461 0.0176864 0.000547809 3.91292e-05
 0.385257 0.428462 0.181853 0.0044286 0
 0.867414 0.0963971 0.0333333 0.00285562 0
 0.441836 0.489002 0.0689373 0.000224442 0
 0.779404 0.147425 0.0564933 0.0165055 0.000172143
 0.814271 0.122319 0.05973 0.00367925 0
 0.40263 0.566651 0.0304383 0.000280538 0
 0.475488 0.404961 0.113038 0.00651328 0
 0.955842 0.0263864 0.0167828 0.000988607 0
 0.975058 0.0227948 0.00214734 0 0
 0.738997 0.206755 0.0527124 0.00153531 0
 0.850938 0.134255 0.0134407 0.00136685 0
 0.542534 0.407297 0.0501686 0 0
 0.764087 0.199537 0.0359546 0.000420521 0
 0.470689 0.182191 0.310203 0.0369168 0
 0.84361 0.089868 0.0606195 0.00523954 0.000663233
 0.607945 0.314616 0.071237 0.00620181 0
 0.523733 0.453247 0.0230204 0 0
 0.530135 0.295979 0.169645 0.0042399 0
 0.562478 0.366248 0.0663022 0.0049721 0
 0.250443 0.683176 0.0655157 0.000865301 0
ppred_RECLAS
 0.353263 0.457397 0.166944 0.0223904 5.83265e-06
 0.580761 0.253872 0.129404 0.0319737 0.00398864
 0.203419 0.671752 0.0886346 0.028799 0.00739453
 0.501314 0.246859 0.229706 0.0161392 0.00598201
 0.682135 0.230912 0.051453 0.0325939 0.00290614
 0.347313 0.551152 0.0796653 0.0132838 0.00858654
 0.735323 0.169943 0.085518 0.00736767 0.00184827
 0.561866 0.399108 0.028994 0.00912609 0.000905633
 0.624713 0.313496 0.0586101 0.00241609 0.000764842
 0.651427 0.301557 0.042407 0.00439276 0.000217052
 0.457154 0.471444 0.0651976 0.00563964 0.0005652
 0.434505 0.435338 0.120152 0.00920562 0.000799785
 0.608794 0.303674 0.0747095 0.0119132 0.000909504
 0.683222 0.296146 0.018207 0.00210005 0.000325004
 0.666201 0.324572 0.00903785 0.000170017 1.96608e-05
 0.642943 0.340286 0.016621 0.000146854 2.6826e-06
 0.558593 0.396513 0.0438179 0.00106761 8.70348e-06
 0.612725 0.32638 0.057459 0.00336101 7.51824e-05
 0.495797 0.426743 0.0698689 0.00719617 0.000395101
 0.587211 0.314105 0.0886829 0.0090895 0.000911602
 0.59547 0.331425 0.0615008 0.0105141 0.00109031
 0.517363 0.38196 0.0876134 0.0111151 0.0019487
 0.563559 0.326467 0.0935661 0.0144152 0.0019925
 0.53046 0.375247 0.0776119 0.014355 0.00232674
 0.0966623 0.708055 0.168994 0.0219414 0.00434759
pobs_PELACES
 0 0 0 0 0
 0 0 0 0 0
 0 0 0 0 0
 0 0 0 0 0
 0 0 0 0 0
 0 0 0 0 0
 0 0 0 0 0
 0 0 0 0 0
 0 0 0 0 0
 0 0 0 0 0
 0.450072 0.473896 0.0757376 0.000293798 0
 0 0 0 0 0
 0.463077 0.371075 0.160297 0.00555027 0
 0.529543 0.364841 0.0842815 0.0213345 0
 0.631943 0.363953 0.00410389 0 0
 0.735681 0.248677 0.0153453 0.000297389 0
 0.695825 0.281241 0.0229344 0 0
 0.275771 0.60734 0.115278 0.00161068 0
 0 0 0 0 0
 0.896147 0.0623911 0.0374545 0.00400742 0
 0.803859 0.145111 0.0509908 3.86294e-05 0
 0.739449 0.233085 0.0266225 0.000797448 4.60066e-05
 0.878498 0.100942 0.0204185 0.000141795 0
 0.694673 0.275183 0.0284847 0.00165964 0
 0 0 0 0 0
ppred_PELACES
 0.364592 0.452385 0.161133 0.0218838 5.72382e-06
 0.606209 0.243189 0.117579 0.0293473 0.00367537
 0.258978 0.641889 0.0703995 0.0228475 0.00588585
 0.517282 0.242335 0.219011 0.0155757 0.00579645
 0.664478 0.240086 0.0560353 0.0361626 0.00323848
 0.390115 0.523156 0.0679461 0.011392 0.0073908
 0.76091 0.157262 0.0737997 0.00641342 0.00161508
 0.614561 0.354997 0.0225955 0.00713587 0.000710651
 0.684375 0.270013 0.0432591 0.00178585 0.000567284
 0.681705 0.278193 0.0361414 0.00377327 0.000187152
 0.520719 0.424071 0.0504033 0.0043673 0.000439205
 0.485162 0.406389 0.100073 0.00770483 0.000671834
 0.698781 0.245023 0.0479965 0.00761664 0.000583294
 0.828685 0.164454 0.00607494 0.000680753 0.000105543
 0.815381 0.181524 0.0030332 5.5429e-05 6.42135e-06
 0.717102 0.272084 0.0107188 9.43518e-05 1.729e-06
 0.63035 0.337745 0.03114 0.000758081 6.20066e-06
 0.660014 0.291666 0.0455821 0.00267818 6.01251e-05
 0.52717 0.404455 0.0616221 0.00640085 0.000352784
 0.630529 0.2877 0.0734364 0.00757224 0.000762246
 0.604808 0.324809 0.0590853 0.0102326 0.00106544
 0.531337 0.373035 0.0830811 0.0106685 0.00187795
 0.588284 0.312016 0.0846923 0.013179 0.00182877
 0.562241 0.354669 0.0682811 0.012737 0.00207242
 0.110415 0.709283 0.155857 0.0203895 0.0040554
pobs_pel_tallas
 0 0 0 0 0 0 0 0 0 0 0 0 0 0 0 0 0 0 0 0 0 0 0 0 0 0 0 0 0 0 0 0 0 0 0 0
 0 0 0 0 0 0 0 0 0 0 0 0 0 0 0 0 0 0 0 0 0 0 0 0 0 0 0 0 0 0 0 0 0 0 0 0
 0 0 0 0 0 0 0 0 0 0 0 0 0 0 0 0 0 0 0 0 0 0 0 0 0 0 0 0 0 0 0 0 0 0 0 0
 0 0 0 0 0 0 0 0 0 0 0 0 0 0 0 0 0 0 0 0 0 0 0 0 0 0 0 0 0 0 0 0 0 0 0 0
 0 0 0 0 0 0 0 0 0 0 0 0 0 0 0 0 0 0 0 0 0 0 0 0 0 0 0 0 0 0 0 0 0 0 0 0
 0 0 0 0 0 0 0 0 0 0 0 0 0 0 0 0 0 0 0 0 0 0 0 0 0 0 0 0 0 0 0 0 0 0 0 0
 0 0 0 0 0 0 0 0 0 0 0 0 0 0 0 0 0 0 0 0 0 0 0 0 0 0 0 0 0 0 0 0 0 0 0 0
 0 0 0 0 0 0 0 0 0 0 0 0 0 0 0 0 0 0 0 0 0 0 0 0 0 0 0 0 0 0 0 0 0 0 0 0
 0 0 0 0 0 0 0 0 0 0 0 0 0 0 0 0 0 0 0 0 0 0 0 0 0 0 0 0 0 0 0 0 0 0 0 0
 0 0 0 0 0 0 0 0 0 0 0 0 0 0 0 0 0 0 0 0 0 0 0 0 0 0 0 0 0 0 0 0 0 0 0 0
 0 0 0 0 0 0 0 0 1.78061e-05 0.00172719 0.00360574 0.0105946 0.0120993 0.0124554 0.0147524 0.0171206 0.0266825 0.0428682 0.0675386 0.121331 0.153587 0.119568 0.100827 0.0573624 0.0630603 0.0341343 0.0324427 0.0444173 0.0211091 0.0280891 0.0125444 0.00206551 0 0 0 0
 0 0 0 0 0 0 0 0 0 0 0 0 0 0 0 0 0 0 0 0 0 0 0 0 0 0 0 0 0 0 0 0 0 0 0 0
 0 0 0 0 0 0 0.0133647 0.0140871 0.0187388 0.0205184 0.03894 0.0496705 0.03968 0.0493445 0.0407372 0.0367815 0.0215668 0.0243155 0.0234873 0.0199281 0.019796 0.0243948 0.0301388 0.0376714 0.0412746 0.0863199 0.0771752 0.113111 0.0741005 0.0525337 0.0229764 0.00759418 0.00175318 0 0 0
 0 0 0 0 0 0 0 0 0 0 0.00219441 0.00772107 0.0458388 0.0604681 0.0671733 0.0775358 0.0609151 0.0617685 0.073594 0.0568108 0.0755445 0.0548602 0.0670107 0.0636378 0.0643287 0.046367 0.0373049 0.0286899 0.0247887 0.0153202 0.00654259 0.00121912 0.000365735 0 0 0
 0 0 0 0 0 0 0 0 0 0 0 0 0.000112435 0.00938835 0.0111873 0.0202946 0.0414886 0.0713402 0.111592 0.104902 0.108894 0.110636 0.117776 0.105296 0.107544 0.0401394 0.0192827 0.0124803 0.00416011 0.0028671 0.000618394 0 0 0 0 0
 0 0 0 0 0 0 0 0 0 0 0.00291406 0.0102884 0.027416 0.0768956 0.0749926 0.110853 0.0956884 0.0897413 0.0766577 0.0534642 0.0500743 0.0551293 0.0594112 0.0620874 0.0668451 0.0424026 0.0208742 0.0120726 0.0048766 0.00582813 0.00118941 0.000297354 0 0 0 0
 0 0.00264628 0.0354308 0.0461629 0.0458689 0.0383711 0.0214643 0.0164657 0.0346957 0.0420465 0.0363128 0.0245516 0.0311673 0.0291091 0.0169068 0.0133784 0.00837989 0.0085269 0.0148486 0.0160247 0.0276389 0.0546898 0.0760071 0.122758 0.109233 0.0665981 0.0333725 0.0166128 0.00676272 0.00308733 0.000882094 0 0 0 0 0
 0 0 0 0 0 0 0 0.000805153 0.000690131 0.00759144 0.0133425 0.0154129 0.00931677 0.000345066 0.00356568 0.00563607 0.00851162 0.0253048 0.0502646 0.0516448 0.0657925 0.0565908 0.0611916 0.0827007 0.0866115 0.110766 0.145733 0.0935128 0.0569358 0.0249597 0.0138026 0.00621118 0.00161031 0.00115022 0 0
 0 0 0 0 0 0 0 0 0 0 0 0 0 0 0 0 0 0 0 0 0 0 0 0 0 0 0 0 0 0 0 0 0 0 0 0
 0.00147267 0.00158595 0.00478618 0.00569244 0.00954404 0.0108468 0.00647125 0.017049 0.0510054 0.094081 0.124002 0.0959785 0.0687766 0.0820023 0.061753 0.0591476 0.0492212 0.0479892 0.0443925 0.0268479 0.0217502 0.0140895 0.0121071 0.0120363 0.00920419 0.00665534 0.0049561 0.00860946 0.00930331 0.0156896 0.0114698 0.00855282 0.00243557 0.00046729 0 2.83206e-05
 0 0 0 0 0.000772559 0.00158375 0.000888443 0.00281984 0.00712685 0.0440552 0.0773331 0.111326 0.0921469 0.0852325 0.0710754 0.0886704 0.0786465 0.0553345 0.0373146 0.0185414 0.00753245 0.00457741 0.012979 0.0271748 0.0457355 0.0583668 0.034881 0.0177882 0.00938659 0.00492506 0.0015258 0.00185414 0.000309023 5.79419e-05 3.86279e-05 0
 0 0.00173294 0.00326652 0 0.00397197 0.00683976 0.00946217 0.0152591 0.00757587 0.0136028 0.0228656 0.0392903 0.0559909 0.0764795 0.0681675 0.0726916 0.0566044 0.0477403 0.0527397 0.0444891 0.0609904 0.0582453 0.0661739 0.0445044 0.0529084 0.0360697 0.0280645 0.0235558 0.0158879 0.00826598 0.00280645 0.00217768 0.000904811 0.00058276 9.20147e-05 0
 0 0 0 0 0 0 0 0 0 0 0 0 0 0 0 0 0 0 0 0 0 0 0 0 0 0 0 0 0 0 0 0 0 0 0 0
 0 0 0 0 0 0 0 0 0 0 0 0 0 0 0 0 0 0 0 0 0 0 0 0 0 0 0 0 0 0 0 0 0 0 0 0
 0 0 0 0 0 0 0 0 0 0 0 0 0 0 0 0 0 0 0 0 0 0 0 0 0 0 0 0 0 0 0 0 0 0 0 0
ppred_pel_tallas
 1.03187e-16 1.59293e-05 9.34377e-05 0.000444047 0.00170942 0.00533048 0.0134648 0.0275538 0.0456849 0.0613881 0.0668938 0.0592225 0.0428677 0.0259759 0.0143992 0.00940253 0.00942487 0.0125515 0.0175552 0.0237513 0.0305901 0.0374375 0.0435678 0.0482764 0.0510271 0.0515692 0.049983 0.0466375 0.0420807 0.0369023 0.0316148 0.0265839 0.0220161 0.0179881 0.014496 0.0115002
 1.02929e-16 2.64563e-05 0.00015526 0.000738001 0.00284129 0.00886023 0.0223804 0.0457941 0.0759122 0.101958 0.110978 0.0979547 0.0702597 0.0412882 0.0205711 0.00997512 0.00666998 0.00730184 0.0098036 0.0132284 0.0171103 0.021075 0.0247295 0.0276915 0.0296611 0.030481 0.0301625 0.0288648 0.0268409 0.0243697 0.0216972 0.0190047 0.0164035 0.0139509 0.0116736 0.00958716
 1.02269e-16 1.13315e-05 6.64276e-05 0.000315601 0.0012148 0.003788 0.00956885 0.0195838 0.0324798 0.0436724 0.0476639 0.042375 0.0310577 0.0195866 0.0122354 0.0100374 0.0120126 0.0168831 0.0237642 0.0320172 0.0409406 0.049636 0.0570737 0.0622792 0.0645526 0.0636354 0.0597693 0.0536205 0.0461054 0.038172 0.0306126 0.023953 0.0184333 0.0140599 0.0106922 0.0081302
 1.03994e-16 2.25789e-05 0.000132496 0.000629775 0.00242459 0.00756077 0.019098 0.0390782 0.0647808 0.087012 0.094721 0.0836332 0.0600479 0.0354103 0.017874 0.00905887 0.00658087 0.00760927 0.0104053 0.0141728 0.0185065 0.023056 0.0274322 0.0312376 0.034135 0.0359081 0.0364919 0.0359612 0.0344891 0.0322927 0.0295858 0.0265522 0.0233415 0.0200768 0.0168672 0.0138134
 1.02268e-16 2.89968e-05 0.000170176 0.000808914 0.00311432 0.00971168 0.024531 0.0501944 0.0832055 0.111751 0.121628 0.107336 0.0769448 0.0451284 0.0223186 0.0105428 0.00667733 0.00702534 0.00930555 0.0124749 0.0160321 0.0195927 0.0227668 0.025187 0.0265797 0.026825 0.0259792 0.0242487 0.0219302 0.0193348 0.0167242 0.014275 0.0120744 0.0101396 0.00844814 0.00696496
 1.01872e-16 1.70448e-05 9.99811e-05 0.000475142 0.00182912 0.00570375 0.0144077 0.0294835 0.0488852 0.0656909 0.0715886 0.0633932 0.0459177 0.0278846 0.0155631 0.0103123 0.0104626 0.0139559 0.0194538 0.02618 0.0334843 0.0406167 0.0467339 0.0510392 0.0529584 0.0522755 0.0491812 0.0442122 0.0381099 0.0316436 0.0254584 0.0199852 0.0154248 0.011789 0.00897054 0.00681277
 1.01395e-16 3.31984e-05 0.00019485 0.000926235 0.00356607 0.0111205 0.0280894 0.0574744 0.0952698 0.127943 0.139224 0.122797 0.0878824 0.0512499 0.0248003 0.0108034 0.00563125 0.00501513 0.00634094 0.00846238 0.0109112 0.0134034 0.0156751 0.0174772 0.0186163 0.0189945 0.0186259 0.0176226 0.01616 0.0144305 0.0126048 0.0108088 0.00911986 0.00757548 0.00618877 0.00496171
 1.00715e-16 2.68248e-05 0.000157414 0.000748219 0.00288059 0.00898277 0.02269 0.0464284 0.0769666 0.103383 0.112551 0.0993965 0.0714096 0.0421959 0.0214499 0.0110997 0.00830539 0.00967574 0.0130878 0.0175045 0.0223234 0.0269941 0.0309359 0.0336101 0.0346356 0.0338804 0.0314939 0.0278633 0.0235149 0.0189906 0.0147416 0.0110647 0.00809139 0.00581635 0.00414755 0.00295648
 1.0079e-16 2.98656e-05 0.000175274 0.000833144 0.0032076 0.0100026 0.0252658 0.0516981 0.0856986 0.115101 0.125279 0.110568 0.0792841 0.0465454 0.0231018 0.0110477 0.00716995 0.0076601 0.010159 0.0135714 0.0173479 0.0210504 0.0242332 0.0264815 0.0274956 0.0271598 0.0255685 0.0229949 0.0198196 0.0164397 0.0131908 0.0103001 0.00787771 0.00593685 0.00442866 0.00327698
 1.00743e-16 2.97495e-05 0.000174592 0.000829899 0.0031951 0.00996359 0.0251674 0.0514968 0.0853651 0.114654 0.124794 0.110145 0.0789912 0.0463943 0.0230653 0.0110937 0.00728216 0.00783836 0.010411 0.0139034 0.0177585 0.0215263 0.0247481 0.0269981 0.0279706 0.0275514 0.0258434 0.023135 0.0198243 0.016325 0.012985 0.0100377 0.00759328 0.00565977 0.00418018 0.00306936
 1.01025e-16 2.27357e-05 0.000133401 0.000634043 0.00244096 0.00761179 0.0192271 0.0393436 0.0652255 0.0876235 0.0954241 0.0843427 0.0607502 0.0362102 0.0189851 0.0107652 0.00919972 0.0114555 0.0157385 0.0211219 0.026985 0.0326952 0.0375629 0.0409409 0.0423653 0.0416649 0.0390012 0.0348185 0.0297285 0.0243663 0.0192647 0.0147809 0.0110816 0.00817607 0.00597337 0.00433883
 1.0185e-16 2.11847e-05 0.000124296 0.000590761 0.00227432 0.00709213 0.0179145 0.0366578 0.0607733 0.0816441 0.0889166 0.0786012 0.056637 0.0338039 0.0178081 0.0102348 0.00890686 0.0111979 0.0154489 0.0208048 0.0266895 0.0325073 0.0375997 0.0413391 0.0432611 0.0431696 0.0411768 0.0376602 0.033159 0.0282427 0.0233987 0.0189644 0.0151153 0.0118929 0.00925388 0.0071174
 1.01051e-16 3.04928e-05 0.000178958 0.000850664 0.00327507 0.010213 0.0257972 0.0527852 0.0874999 0.117517 0.127902 0.112866 0.0808957 0.0474181 0.0233989 0.010964 0.00682086 0.0070738 0.00931624 0.0124457 0.0159323 0.0193732 0.0223639 0.024527 0.025587 0.0254327 0.0241403 0.0219468 0.0191854 0.0162058 0.0133039 0.0106818 0.00843969 0.00659426 0.00510963 0.00392738
 1.00169e-16 3.61539e-05 0.000212201 0.00100872 0.00388366 0.0121109 0.030591 0.0625931 0.103754 0.139336 0.151617 0.133718 0.0956781 0.0557536 0.0268983 0.0115729 0.00581186 0.00494966 0.00612147 0.00806238 0.0102504 0.0123722 0.0141478 0.0153265 0.0157331 0.0153097 0.01413 0.012379 0.0103061 0.00816791 0.00617721 0.00447373 0.00311811 0.00210554 0.00138924 0.000904446
 1.00105e-16 3.55744e-05 0.000208798 0.000992539 0.00382134 0.0119165 0.0301002 0.0615889 0.10209 0.137103 0.149192 0.13159 0.0941791 0.0549279 0.0265891 0.011592 0.0060429 0.00535569 0.00671053 0.00885314 0.0112504 0.0135661 0.0154927 0.0167544 0.0171592 0.0166456 0.0152981 0.0133246 0.0110042 0.00862314 0.0064186 0.00454539 0.00306962 0.00198376 0.00123298 0.00074215
 1.00245e-16 3.12927e-05 0.000183652 0.000872974 0.00336096 0.0104808 0.0264738 0.0541697 0.0897953 0.120602 0.131263 0.11584 0.0830459 0.0487155 0.0241067 0.0114055 0.00723561 0.00759651 0.0100083 0.0133193 0.0169559 0.020468 0.0234045 0.0253524 0.0260219 0.0253169 0.0233592 0.0204548 0.0170171 0.0134705 0.0101682 0.00734205 0.00509309 0.00341401 0.00222782 0.00142744
 1.00579e-16 2.75126e-05 0.000161453 0.000767427 0.00295455 0.00921342 0.0232726 0.0476203 0.0789416 0.106033 0.11543 0.101925 0.0731945 0.043187 0.0218367 0.0111102 0.0080839 0.00927294 0.0125008 0.0167164 0.0213268 0.0258037 0.0295928 0.0321792 0.0331967 0.032515 0.0302708 0.0268279 0.0226833 0.0183514 0.0142627 0.010704 0.00780644 0.00557224 0.00392086 0.00273567
 1.00837e-16 2.88043e-05 0.000169041 0.000803506 0.00309348 0.00964669 0.0243669 0.0498591 0.0826511 0.111011 0.120834 0.106663 0.0765231 0.045003 0.0224821 0.010994 0.00745393 0.00819833 0.0109525 0.0146472 0.0187238 0.0227173 0.0261479 0.0285677 0.0296536 0.0292811 0.0275528 0.0247648 0.0213291 0.017675 0.0141654 0.0110457 0.00843453 0.00634552 0.00472513 0.00349032
 1.01243e-16 2.30162e-05 0.000135049 0.000641885 0.00247116 0.00770597 0.019465 0.0398302 0.0660314 0.0887041 0.0965953 0.0853648 0.0614577 0.0365747 0.0190721 0.0106513 0.00892396 0.011017 0.0151173 0.0203007 0.025965 0.0315066 0.0362677 0.0396293 0.0411437 0.0406389 0.0382574 0.0344097 0.0296659 0.0246206 0.0197749 0.0154675 0.0118609 0.00897245 0.00672717 0.0050098
 1.01433e-16 2.75185e-05 0.000161492 0.000767621 0.00295531 0.00921581 0.0232786 0.0476322 0.07896 0.106054 0.115443 0.101911 0.07313 0.0430405 0.0215637 0.0106499 0.00736047 0.00820444 0.0110162 0.0147785 0.0189572 0.0231013 0.0267399 0.0294276 0.0308347 0.0308202 0.0294607 0.0270198 0.0238753 0.0204267 0.0170161 0.0138806 0.0111442 0.00883764 0.00693276 0.00537565
 1.01346e-16 2.63984e-05 0.000154913 0.000736334 0.00283484 0.00884011 0.0223296 0.0456909 0.0757433 0.101738 0.110755 0.0977998 0.0702385 0.0414559 0.0209866 0.0107213 0.00786036 0.00906711 0.0122614 0.0164435 0.0210527 0.0255879 0.029519 0.0323475 0.03371 0.0334618 0.0317075 0.0287648 0.0250794 0.0211174 0.0172728 0.0138132 0.0108696 0.00846116 0.00653653 0.00501433
 1.01756e-16 2.31967e-05 0.000136112 0.000646942 0.00249064 0.00776672 0.0196184 0.0401439 0.0665506 0.0893986 0.0973441 0.0860088 0.0618827 0.0367505 0.0190232 0.0104032 0.00847236 0.0103299 0.0141543 0.019036 0.0244069 0.0297108 0.0343424 0.0377273 0.0394426 0.0393128 0.0374462 0.0341947 0.0300573 0.0255592 0.0211471 0.0171281 0.0136577 0.0107676 0.00841119 0.0065083
 1.01843e-16 2.56774e-05 0.000150681 0.000716218 0.00275739 0.0085986 0.0217196 0.0444426 0.0736739 0.0989584 0.107729 0.0951276 0.0683191 0.0403229 0.0204135 0.0104315 0.00765631 0.00884686 0.0119867 0.0161125 0.0206896 0.0252412 0.0292596 0.032262 0.0338889 0.0339833 0.0326223 0.030084 0.0267696 0.023104 0.0194516 0.0160653 0.0130784 0.0105265 0.00838415 0.00659986
 1.0162e-16 2.45435e-05 0.00014402 0.000684543 0.00263542 0.00821823 0.0207588 0.0424772 0.0704174 0.0945892 0.102986 0.0909699 0.0654003 0.0387351 0.0198584 0.0105524 0.00823883 0.00983342 0.0134053 0.0180055 0.0230667 0.0280531 0.0323884 0.0355281 0.0370743 0.0368662 0.0350142 0.0318609 0.0278877 0.0235991 0.0194219 0.0156464 0.0124157 0.00975258 0.00760425 0.00588616
 1.03334e-16 4.85636e-06 2.84064e-05 0.000134828 0.000518756 0.00161739 0.00408617 0.00836636 0.013889 0.0187157 0.0205328 0.0185073 0.0141119 0.00997921 0.00810252 0.00912476 0.0128293 0.0188176 0.0267357 0.0361488 0.0463754 0.0564521 0.0652453 0.0716657 0.0749102 0.0746466 0.0710824 0.0648882 0.0570142 0.04846 0.0400756 0.0324441 0.0258605 0.0203832 0.0159221 0.0123228
pSPR Fmed_Fpbrs
0.367188   0.435018 0.435018
Fs Fmed_Fpbrs
1.39294   1.005 1.005
SSBpbr Bo_Bmed_Bpbrs
736193  233512  283447 283447
Ro
22925.4
SPR SPRFo_SPRFmed_SPRFpbrs
472481 173490 205538
log_Ro
9.86
likeval ReclasPelacesDesembMPH_pf_preclas_ppelaces_ptallas_desvR_qrecl_qpela
 74.0829 12.2286 0.11303 0.000162707 291.635 190.218 72.1976 0 26.7045 3.27426e-05 0.000346348 0 0 0 0
q_reclas_q_pelaces
2.24981 14.1216
M
0.7
N
 22487.3 15248.3 4667.37 587.061 0.150627
 43004.3 10512.5 4691.53 1091.13 134.095
 7876.84 19726.7 2783.55 865.986 219.255
 12690.8 3308.98 2600.92 171.485 62.6069
 39276.1 5913.91 992.766 584.409 51.2974
 19141.6 19247.3 2644.09 417.917 266.229
 63012.4 8469.37 3828.79 311.177 76.9126
 59906.1 28579.4 2050.12 613.67 60.0271
 73477.4 26064.3 4976.01 195.635 61.0546
 114494 31500.3 4036.71 394.938 19.2282
 71269.3 51604.7 7255.5 598.34 59.1157
 47442.1 30613.1 8116.3 589.983 50.5184
 50011.1 20892.8 5867.07 900.804 67.8332
 29368.2 20415.6 2194.87 252.8 38.6664
 12682 9938.28 484.861 9.10947 1.04113
 9965.5 4287.99 234.447 1.99115 0.0358734
 7687.98 4103.19 482.185 11.2436 0.0903812
 9328.03 3237.67 551.758 30.6409 0.675544
 8138.79 4094.1 604.135 58.7144 3.17623
 11030.9 3686.12 979.934 95.129 9.40216
 16988.9 4900.75 757.469 121.374 12.3966
 20363.6 7965.95 1544.16 183.839 31.747
 29184.1 9487.6 2386.27 346.12 47.1316
 32367.9 13373.5 2491.93 434.898 69.4535
 3341.45 14662.3 3205.55 393.269 76.7837
pred_Ctot
 951.029 4287.44 1853.8 238.285 0.0612094
 2369.43 3657.51 2240.67 531.351 65.3677
 881.078 11209 1956 615.712 155.986
 564.171 969.464 1071.08 72.1393 26.3669
 371.88 426.422 109.767 66.4817 5.84442
 1510.44 8734.86 1569.71 252.045 160.696
 3947.68 3251.62 1985.86 164.36 40.6636
 5376.4 14151.5 1301.94 395.331 38.6992
 7284.53 13760.4 3315.41 132.073 41.2465
 7648.03 12685.8 2177.6 216.819 10.566
 6978.08 27031 4806.18 401.657 39.7114
 3888.12 14260.9 4917.93 363.015 31.109
 6472.63 12889.3 4364.47 676.864 50.9968
 6877.37 16200.6 1906.79 220.596 33.7486
 2975.38 7890.96 421.359 7.95153 0.908998
 1237.8 2586.69 171.765 1.47421 0.0265746
 848.085 2312.41 336.856 7.94881 0.0639364
 784.806 1535.45 338.997 19.1109 0.421676
 517.558 1589.55 316.26 31.2962 1.69463
 841.024 1633.07 570.813 56.3143 5.57063
 683.664 1322.13 290.04 47.5124 4.85843
 907.965 2339.56 637.255 77.4998 13.3985
 1627.93 3332.81 1148.99 169.908 23.1603
 2054.46 5185.03 1302.99 231.547 37.0135
 228.23 6002.24 1752.44 218.751 42.749
F
 0.0603892 0.47871 0.75338 0.77684 0.778115
 0.0793277 0.628837 0.989645 1.02046 1.02214
 0.167288 1.3261 2.08698 2.15197 2.1555
 0.0635668 0.503899 0.793022 0.817716 0.819058
 0.013243 0.104979 0.165212 0.170357 0.170636
 0.115405 0.914824 1.43972 1.48455 1.48699
 0.0906461 0.718559 1.13085 1.16606 1.16797
 0.132212 1.04806 1.6494 1.70076 1.70355
 0.146982 1.16513 1.83365 1.89075 1.89386
 0.0969129 0.768237 1.20903 1.24668 1.24872
 0.145039 1.14974 1.80942 1.86577 1.86883
 0.120104 0.952072 1.49834 1.545 1.54754
 0.195947 1.55328 2.44451 2.52063 2.52477
 0.38352 3.04019 4.78456 4.93355 4.94165
 0.384368 3.04692 4.79515 4.94446 4.95258
 0.187363 1.48524 2.33743 2.41022 2.41417
 0.164804 1.30641 2.05599 2.12001 2.12349
 0.123477 0.978812 1.54042 1.58839 1.591
 0.0920663 0.729817 1.14856 1.18433 1.18627
 0.111308 0.882348 1.38861 1.43185 1.4342
 0.0573865 0.454908 0.71592 0.738213 0.739425
 0.0637615 0.505443 0.795451 0.82022 0.821567
 0.0803482 0.636927 1.00238 1.03359 1.03529
 0.0918864 0.728391 1.14632 1.18201 1.18396
 0.0991933 0.786313 1.23748 1.27601 1.2781
nmprior
 10 11 7 0
nm_flota  nm_reclas  nm_pelaces    nm_pelaL
inf 26.2769 11.3181 18.3877
cv_recla  cv_pelaces  cv_mph
0.778545 0.411484 0.413848
 ------------------------------------------------
Talla a la edad & desviación 
 7.2 14.2025 17.0495 18.207 18.6776
 1.08 2.13037 2.55742 2.73105 2.80164
