years
 1997 1998 1999 2000 2001 2002 2003 2004 2005 2006 2007 2008 2009 2010 2011 2012 2013 2014 2015 2016 2017 2018 2019 2020 2021
reclasobs
 0 0 0 370054 412103 1.49427e+06 250295 1.28982e+06 931140 785840 897777 1.04006e+06 184774 17550 25797 100020 73551 82996 120727 218422 84188 347160 605670 569463 516374
reclaspred
 464136 132227 425974 304721 422144 494817 1.06316e+06 682956 725151 638955 495008 329976 201692 89554.5 60967.8 63047 81236.4 112176 120578 174497 251647 232543 405121 531867 599109
pelacesobs
 0 0 0 0 0 0 0 0 0 2.06254e+06 1.5e+06 0 1.87456e+06 323000 250000 174000 83755 137374 0 501740 490994 745055 786931 1.00524e+06 0
pelacespred
 1.93426e+06 488575 954284 1.05163e+06 1.23585e+06 1.22809e+06 2.90267e+06 2.37632e+06 2.19712e+06 1.96403e+06 1.36231e+06 936453 559473 200390 134622 151991 206368 292606 324113 455158 734802 664018 911346 1.39721e+06 1.65688e+06
mphobs
 0 0 0 0 0 112323 0 153150 637223 0 255016 313432 73983 77613 109348 50772 0 0 0 0 0 0 0 0 0
mphpred
 168198 109620 139992 180086 180375 266927 395893 454222 372682 358638 325668 224162 137207 70658.2 32112.7 27586.3 34916.2 49402.9 62325.3 72944 109764 129731 164912 235869 350970
desembarqueobs
 350755 77701 442110 56441 14545 235359 269955 359681 431902 328805 639364 411747 362871 311530 167758 66681 60226 58785 57116 71774 51957 67425 138520 160799 200461
desembarquepred
 350766 77705 442158 56443.3 14545.2 235403 269989 359711 431982 328864 639674 412036 363275 312011 167789 66695.5 60250.4 58787.8 57113.1 71777.4 51958.9 67421.3 138525 160806 200461
Reclutas
 59904 73768.8 46137.4 67753.8 112101 82730.2 126093 113154 130370 129826 65910.3 41854.1 42574.4 23450.5 17136.4 20164.7 16229.5 18355.4 21294 36564.9 45642.6 61136 96177.5 125402 58434.9
log_desv_Rt
 0.120499 0.328691 -0.140621 0.243636 0.747153 0.44334 0.864776 0.756502 0.898134 0.893951 0.21605 -0.238055 -0.220991 -0.817354 -1.13104 -0.968313 -1.18541 -1.06232 -0.913819 -0.373157 -0.151403 0.140857 0.593951 0.859281 0.0956691
SSB
 722779 471056 601571 773864 775106 1.14704e+06 1.70123e+06 1.95188e+06 1.60149e+06 1.54113e+06 1.39946e+06 963266 589603 303631 137994 118544 150041 212293 267824 313454 471676 557478 708657 1.01357e+06 1.50818e+06
BT
 2.48751e+06 669411 1.31204e+06 1.22469e+06 1.38616e+06 1.53632e+06 3.42714e+06 3.04147e+06 2.84252e+06 2.49721e+06 2.08625e+06 1.41391e+06 977077 520094 292180 224353 278906 372540 407316 565035 860936 795448 1.10368e+06 1.68209e+06 1.98385e+06
Ftot
 0.421382 0.320706 0.452135 0.0854247 0.0177955 0.183382 0.116376 0.236498 0.276926 0.2317 0.495743 0.469127 0.750796 1.37288 1.37459 0.538725 0.367519 0.246301 0.204438 0.204451 0.0984145 0.12633 0.148263 0.142689 0.121797
BD_Bspro_t
 0.949925 0.772456 0.741247 0.632013 0.742746 0.848924 0.818818 0.821763 0.765164 0.721479 0.67934 0.52105 0.405482 0.290373 0.173204 0.182402 0.286693 0.445208 0.560386 0.652907 0.757503 0.827895 0.836533 0.841808 0.843815
BD_Bspro
 0.66041 0.430408 0.549661 0.707087 0.708221 1.04806 1.55443 1.78345 1.46329 1.40815 1.2787 0.880145 0.538725 0.277431 0.126087 0.108314 0.137094 0.193974 0.244713 0.286406 0.430974 0.509373 0.647507 0.926111 1.37804
BD_Bo
 0.568349 0.37041 0.473038 0.608519 0.609496 0.901958 1.33774 1.53484 1.25931 1.21185 1.10045 0.757454 0.463627 0.238757 0.10851 0.0932155 0.117983 0.166935 0.2106 0.246481 0.370897 0.438366 0.557245 0.797012 1.18594
BD_Brms
 1.98506 1.29372 1.65217 2.12536 2.12877 3.15025 4.67229 5.36069 4.39836 4.23261 3.84351 2.64554 1.6193 0.833902 0.378991 0.325572 0.412078 0.583048 0.735558 0.86088 1.29542 1.53107 1.94628 2.78371 4.14212
S_f
 0.187514 1 1 1 1
 0.187514 1 1 1 1
 0.187514 1 1 1 1
 0.187514 1 1 1 1
 0.187514 1 1 1 1
 0.187514 1 1 1 1
 0.187514 1 1 1 1
 0.187514 1 1 1 1
 0.187514 1 1 1 1
 0.187514 1 1 1 1
 0.187514 1 1 1 1
 0.187514 1 1 1 1
 0.187514 1 1 1 1
 0.187514 1 1 1 1
 0.187514 1 1 1 1
 0.187514 1 1 1 1
 0.187514 1 1 1 1
 0.187514 1 1 1 1
 0.187514 1 1 1 1
 0.187514 1 1 1 1
 0.187514 1 1 1 1
 0.187514 1 1 1 1
 0.187514 1 1 1 1
 0.187514 1 1 1 1
 0.187514 1 1 1 1
Scru_reclas
 0.999775 1 1 1 1
 0.999775 1 1 1 1
 0.999775 1 1 1 1
 0.999775 1 1 1 1
 0.999775 1 1 1 1
 0.999775 1 1 1 1
 0.999775 1 1 1 1
 0.999775 1 1 1 1
 0.999775 1 1 1 1
 0.999775 1 1 1 1
 0.999775 1 1 1 1
 0.999775 1 1 1 1
 0.999775 1 1 1 1
 0.999775 1 1 1 1
 0.999775 1 1 1 1
 0.999775 1 1 1 1
 0.999775 1 1 1 1
 0.999775 1 1 1 1
 0.999775 1 1 1 1
 0.999775 1 1 1 1
 0.999775 1 1 1 1
 0.999775 1 1 1 1
 0.999775 1 1 1 1
 0.999775 1 1 1 1
 0.999775 1 1 1 1
Scru_pelaces
 0.951631 1 1 1 1
 0.951631 1 1 1 1
 0.951631 1 1 1 1
 0.951631 1 1 1 1
 0.951631 1 1 1 1
 0.951631 1 1 1 1
 0.951631 1 1 1 1
 0.951631 1 1 1 1
 0.951631 1 1 1 1
 0.951631 1 1 1 1
 0.951631 1 1 1 1
 0.951631 1 1 1 1
 0.951631 1 1 1 1
 0.951631 1 1 1 1
 0.951631 1 1 1 1
 0.951631 1 1 1 1
 0.951631 1 1 1 1
 0.951631 1 1 1 1
 0.951631 1 1 1 1
 0.951631 1 1 1 1
 0.951631 1 1 1 1
 0.951631 1 1 1 1
 0.951631 1 1 1 1
 0.951631 1 1 1 1
 0.951631 1 1 1 1
pf_obs 
 0.256992 0.487395 0.22802 0.0275931 0
 0.321318 0.546541 0.124235 0.00734118 0.000564706
 0.182869 0.594174 0.210203 0.0122559 0.00049798
 0.330522 0.361315 0.267642 0.0388342 0.00168674
 0.649043 0.306663 0.0425973 0.00169635 0
 0.582887 0.30429 0.105238 0.00758474 0
 0.465427 0.430635 0.0974691 0.00646863 0
 0.296916 0.608066 0.0921331 0.00288517 0
 0.311714 0.524322 0.152257 0.0117073 0
 0.15457 0.633149 0.183074 0.0267441 0.00246327
 0.131901 0.49318 0.331252 0.0422183 0.00144891
 0.196976 0.569456 0.194076 0.0375587 0.00193317
 0.518974 0.381816 0.0799577 0.0180837 0.00116848
 0.0928022 0.601141 0.25162 0.0475244 0.00691264
 0.122501 0.610282 0.24278 0.0234846 0.000952079
 0.383417 0.481906 0.127806 0.00687128 0
 0.0376549 0.599619 0.316969 0.0457579 0
 0.0361596 0.667082 0.258105 0.0386534 0
 0.158088 0.579412 0.248529 0.0139706 0
 0.0477256 0.309471 0.559284 0.082774 0.000745712
 0.0406174 0.521527 0.379366 0.0568643 0.0016247
 0.151134 0.462217 0.34131 0.0453401 0
 0.294876 0.26143 0.354403 0.0886775 0.000613685
 0.281977 0.475581 0.204845 0.0348837 0.00271318
 0 0 0 0 0
pf_pred 
 0.371103 0.444362 0.16508 0.0194453 9.97027e-06
 0.308493 0.548501 0.101045 0.037538 0.00442399
 0.176893 0.604334 0.17353 0.0319676 0.0132756
 0.267338 0.429653 0.222472 0.0638812 0.0166553
 0.299516 0.46879 0.135872 0.0703535 0.0254685
 0.172075 0.576946 0.167965 0.048682 0.0343324
 0.253381 0.408176 0.235846 0.0686614 0.033935
 0.198002 0.526292 0.150728 0.0870916 0.037886
 0.229574 0.458362 0.204785 0.0586497 0.0486299
 0.216623 0.504302 0.166035 0.0741803 0.0388605
 0.12836 0.54165 0.212432 0.0699405 0.0476173
 0.13332 0.431731 0.270284 0.106004 0.0586614
 0.213755 0.397672 0.193565 0.121181 0.0738271
 0.197958 0.54182 0.131616 0.0640638 0.0645413
 0.283092 0.519507 0.133355 0.0323939 0.0316527
 0.358006 0.518876 0.0892177 0.0229017 0.0109991
 0.232421 0.608963 0.128198 0.0220428 0.0083758
 0.24685 0.495004 0.204802 0.0431144 0.0102302
 0.246043 0.499154 0.167468 0.0692878 0.0180473
 0.322194 0.445077 0.154077 0.0516936 0.0269584
 0.271788 0.535853 0.126311 0.0437267 0.0223212
 0.266846 0.49527 0.175046 0.0412619 0.0215758
 0.301334 0.470097 0.154406 0.0545726 0.0195903
 0.274647 0.51584 0.140971 0.0463026 0.0222397
 0.114189 0.605126 0.199611 0.0545506 0.0265234
pobs_RECLAS
 0 0 0 0 0
 0 0 0 0 0
 0 0 0 0 0
 0 0 0 0 0
 0.835266 0.146461 0.0176864 0.000547809 3.91292e-05
 0.385257 0.428462 0.181853 0.0044286 0
 0.867414 0.0963971 0.0333333 0.00285562 0
 0.441836 0.489002 0.0689373 0.000224442 0
 0.779404 0.147425 0.0564933 0.0165055 0.000172143
 0.814271 0.122319 0.05973 0.00367925 0
 0.40263 0.566651 0.0304383 0.000280538 0
 0.475488 0.404961 0.113038 0.00651328 0
 0.955842 0.0263864 0.0167828 0.000988607 0
 0.975058 0.0227948 0.00214734 0 0
 0.738997 0.206755 0.0527124 0.00153531 0
 0.850938 0.134255 0.0134407 0.00136685 0
 0.542534 0.407297 0.0501686 0 0
 0.764087 0.199537 0.0359546 0.000420521 0
 0.470689 0.182191 0.310203 0.0369168 0
 0.84361 0.089868 0.0606195 0.00523954 0.000663233
 0.607945 0.314616 0.071237 0.00620181 0
 0.523733 0.453247 0.0230204 0 0
 0.530135 0.295979 0.169645 0.0042399 0
 0.562478 0.366248 0.0663022 0.0049721 0
 0.250443 0.683176 0.0655157 0.000865301 0
ppred_RECLAS
 0.763667 0.166987 0.0620354 0.00730735 3.74673e-06
 0.707977 0.231631 0.042671 0.0158522 0.00186824
 0.541235 0.33683 0.0967183 0.0178174 0.00739924
 0.661461 0.198529 0.102797 0.0295174 0.00769586
 0.69528 0.20393 0.0591059 0.0306047 0.0110791
 0.528126 0.328829 0.0957312 0.0277462 0.0195677
 0.645432 0.193842 0.112003 0.0326072 0.0161157
 0.571543 0.281165 0.0805247 0.0465276 0.0202401
 0.617504 0.227564 0.10167 0.029118 0.0241434
 0.598978 0.258159 0.0849956 0.037974 0.0198932
 0.447929 0.343065 0.134548 0.0442983 0.0301594
 0.458183 0.269902 0.168972 0.0662697 0.036673
 0.605437 0.199565 0.0971373 0.0608125 0.0370488
 0.601014 0.269535 0.0654742 0.0318693 0.0321069
 0.706796 0.21247 0.0545399 0.0132486 0.0129455
 0.755136 0.197905 0.0340287 0.008735 0.00419518
 0.622815 0.299242 0.0629958 0.0108318 0.00411584
 0.639257 0.237096 0.0980958 0.0206509 0.00490003
 0.63763 0.239905 0.0804891 0.0333014 0.00867399
 0.719345 0.18429 0.0637979 0.0214044 0.0111625
 0.666659 0.245288 0.0578192 0.020016 0.0102176
 0.661404 0.228733 0.0808425 0.0190562 0.00996443
 0.698582 0.202809 0.0666136 0.0235437 0.00845164
 0.670404 0.234395 0.0640563 0.0210396 0.0101056
 0.408863 0.403825 0.133209 0.0364038 0.0177001
pobs_PELACES
 0 0 0 0 0
 0 0 0 0 0
 0 0 0 0 0
 0 0 0 0 0
 0 0 0 0 0
 0 0 0 0 0
 0 0 0 0 0
 0 0 0 0 0
 0 0 0 0 0
 0 0 0 0 0
 0.450072 0.473896 0.0757376 0.000293798 0
 0 0 0 0 0
 0.463077 0.371075 0.160297 0.00555027 0
 0.529543 0.364841 0.0842815 0.0213345 0
 0.631943 0.363953 0.00410389 0 0
 0.735681 0.248677 0.0153453 0.000297389 0
 0.695825 0.281241 0.0229344 0 0
 0.275771 0.60734 0.115278 0.00161068 0
 0 0 0 0 0
 0.896147 0.0623911 0.0374545 0.00400742 0
 0.803859 0.145111 0.0509908 3.86294e-05 0
 0.739449 0.233085 0.0266225 0.000797448 4.60066e-05
 0.878498 0.100942 0.0204185 0.000141795 0
 0.694673 0.275183 0.0284847 0.00165964 0
 0 0 0 0 0
ppred_PELACES
 0.774957 0.159009 0.0590717 0.00695825 3.56773e-06
 0.715493 0.225669 0.0415727 0.0154442 0.00182016
 0.559021 0.323771 0.0929686 0.0171266 0.00711238
 0.655513 0.202017 0.104603 0.030036 0.00783106
 0.685754 0.210305 0.0609538 0.0315615 0.0114255
 0.52808 0.328861 0.0957405 0.0277489 0.0195696
 0.641267 0.196119 0.113319 0.0329902 0.016305
 0.574982 0.278908 0.0798784 0.0461541 0.0200777
 0.623367 0.224076 0.100112 0.0286717 0.0237733
 0.602041 0.256187 0.0843463 0.0376838 0.0197413
 0.468672 0.330175 0.129493 0.0426338 0.0290262
 0.477209 0.260425 0.163038 0.0639427 0.0353852
 0.641095 0.181529 0.0883585 0.0553166 0.0337005
 0.674462 0.219917 0.0534213 0.0260026 0.0261964
 0.768361 0.167857 0.0430881 0.0104668 0.0102273
 0.772289 0.184041 0.0316449 0.00812308 0.00390129
 0.634298 0.290132 0.0610779 0.010502 0.00399053
 0.643096 0.234573 0.0970519 0.0204311 0.00484789
 0.638891 0.23907 0.080209 0.0331855 0.00864381
 0.720447 0.183567 0.0635474 0.0213204 0.0111187
 0.661536 0.249058 0.0587078 0.0203236 0.0103746
 0.657928 0.231081 0.0816724 0.0192518 0.0100667
 0.696557 0.204172 0.0670612 0.0237019 0.00850844
 0.667947 0.236142 0.0645337 0.0211964 0.0101809
 0.404834 0.406577 0.134117 0.0366519 0.0178207
pobs_pel_tallas
 0 0 0 0 0 0 0 0 0 0 0 0 0 0 0 0 0 0 0 0 0 0 0 0 0 0 0 0 0 0 0 0 0 0 0 0
 0 0 0 0 0 0 0 0 0 0 0 0 0 0 0 0 0 0 0 0 0 0 0 0 0 0 0 0 0 0 0 0 0 0 0 0
 0 0 0 0 0 0 0 0 0 0 0 0 0 0 0 0 0 0 0 0 0 0 0 0 0 0 0 0 0 0 0 0 0 0 0 0
 0 0 0 0 0 0 0 0 0 0 0 0 0 0 0 0 0 0 0 0 0 0 0 0 0 0 0 0 0 0 0 0 0 0 0 0
 0 0 0 0 0 0 0 0 0 0 0 0 0 0 0 0 0 0 0 0 0 0 0 0 0 0 0 0 0 0 0 0 0 0 0 0
 0 0 0 0 0 0 0 0 0 0 0 0 0 0 0 0 0 0 0 0 0 0 0 0 0 0 0 0 0 0 0 0 0 0 0 0
 0 0 0 0 0 0 0 0 0 0 0 0 0 0 0 0 0 0 0 0 0 0 0 0 0 0 0 0 0 0 0 0 0 0 0 0
 0 0 0 0 0 0 0 0 0 0 0 0 0 0 0 0 0 0 0 0 0 0 0 0 0 0 0 0 0 0 0 0 0 0 0 0
 0 0 0 0 0 0 0 0 0 0 0 0 0 0 0 0 0 0 0 0 0 0 0 0 0 0 0 0 0 0 0 0 0 0 0 0
 0 0 0 0 0 0 0 0 0 0 0 0 0 0 0 0 0 0 0 0 0 0 0 0 0 0 0 0 0 0 0 0 0 0 0 0
 0 0 0 0 0 0 0 0 1.78061e-05 0.00172719 0.00360574 0.0105946 0.0120993 0.0124554 0.0147524 0.0171206 0.0266825 0.0428682 0.0675386 0.121331 0.153587 0.119568 0.100827 0.0573624 0.0630603 0.0341343 0.0324427 0.0444173 0.0211091 0.0280891 0.0125444 0.00206551 0 0 0 0
 0 0 0 0 0 0 0 0 0 0 0 0 0 0 0 0 0 0 0 0 0 0 0 0 0 0 0 0 0 0 0 0 0 0 0 0
 0 0 0 0 0 0 0.0133647 0.0140871 0.0187388 0.0205184 0.03894 0.0496705 0.03968 0.0493445 0.0407372 0.0367815 0.0215668 0.0243155 0.0234873 0.0199281 0.019796 0.0243948 0.0301388 0.0376714 0.0412746 0.0863199 0.0771752 0.113111 0.0741005 0.0525337 0.0229764 0.00759418 0.00175318 0 0 0
 0 0 0 0 0 0 0 0 0 0 0.00219441 0.00772107 0.0458388 0.0604681 0.0671733 0.0775358 0.0609151 0.0617685 0.073594 0.0568108 0.0755445 0.0548602 0.0670107 0.0636378 0.0643287 0.046367 0.0373049 0.0286899 0.0247887 0.0153202 0.00654259 0.00121912 0.000365735 0 0 0
 0 0 0 0 0 0 0 0 0 0 0 0 0.000112435 0.00938835 0.0111873 0.0202946 0.0414886 0.0713402 0.111592 0.104902 0.108894 0.110636 0.117776 0.105296 0.107544 0.0401394 0.0192827 0.0124803 0.00416011 0.0028671 0.000618394 0 0 0 0 0
 0 0 0 0 0 0 0 0 0 0 0.00291406 0.0102884 0.027416 0.0768956 0.0749926 0.110853 0.0956884 0.0897413 0.0766577 0.0534642 0.0500743 0.0551293 0.0594112 0.0620874 0.0668451 0.0424026 0.0208742 0.0120726 0.0048766 0.00582813 0.00118941 0.000297354 0 0 0 0
 0 0.00264628 0.0354308 0.0461629 0.0458689 0.0383711 0.0214643 0.0164657 0.0346957 0.0420465 0.0363128 0.0245516 0.0311673 0.0291091 0.0169068 0.0133784 0.00837989 0.0085269 0.0148486 0.0160247 0.0276389 0.0546898 0.0760071 0.122758 0.109233 0.0665981 0.0333725 0.0166128 0.00676272 0.00308733 0.000882094 0 0 0 0 0
 0 0 0 0 0 0 0 0.000805153 0.000690131 0.00759144 0.0133425 0.0154129 0.00931677 0.000345066 0.00356568 0.00563607 0.00851162 0.0253048 0.0502646 0.0516448 0.0657925 0.0565908 0.0611916 0.0827007 0.0866115 0.110766 0.145733 0.0935128 0.0569358 0.0249597 0.0138026 0.00621118 0.00161031 0.00115022 0 0
 0 0 0 0 0 0 0 0 0 0 0 0 0 0 0 0 0 0 0 0 0 0 0 0 0 0 0 0 0 0 0 0 0 0 0 0
 0.00147267 0.00158595 0.00478618 0.00569244 0.00954404 0.0108468 0.00647125 0.017049 0.0510054 0.094081 0.124002 0.0959785 0.0687766 0.0820023 0.061753 0.0591476 0.0492212 0.0479892 0.0443925 0.0268479 0.0217502 0.0140895 0.0121071 0.0120363 0.00920419 0.00665534 0.0049561 0.00860946 0.00930331 0.0156896 0.0114698 0.00855282 0.00243557 0.00046729 0 2.83206e-05
 0 0 0 0 0.000772559 0.00158375 0.000888443 0.00281984 0.00712685 0.0440552 0.0773331 0.111326 0.0921469 0.0852325 0.0710754 0.0886704 0.0786465 0.0553345 0.0373146 0.0185414 0.00753245 0.00457741 0.012979 0.0271748 0.0457355 0.0583668 0.034881 0.0177882 0.00938659 0.00492506 0.0015258 0.00185414 0.000309023 5.79419e-05 3.86279e-05 0
 0 0.00173294 0.00326652 0 0.00397197 0.00683976 0.00946217 0.0152591 0.00757587 0.0136028 0.0228656 0.0392903 0.0559909 0.0764795 0.0681675 0.0726916 0.0566044 0.0477403 0.0527397 0.0444891 0.0609904 0.0582453 0.0661739 0.0445044 0.0529084 0.0360697 0.0280645 0.0235558 0.0158879 0.00826598 0.00280645 0.00217768 0.000904811 0.00058276 9.20147e-05 0
 0 0 0 0 0 0 0 0 0 0 0 0 0 0 0 0 0 0 0 0 0 0 0 0 0 0 0 0 0 0 0 0 0 0 0 0
 0 0 0 0 0 0 0 0 0 0 0 0 0 0 0 0 0 0 0 0 0 0 0 0 0 0 0 0 0 0 0 0 0 0 0 0
 0 0 0 0 0 0 0 0 0 0 0 0 0 0 0 0 0 0 0 0 0 0 0 0 0 0 0 0 0 0 0 0 0 0 0 0
ppred_pel_tallas
 1.0113e-16 3.3811e-05 0.000198447 0.000943333 0.00363189 0.0113257 0.0286079 0.0585354 0.0970283 0.130305 0.141793 0.125061 0.0894987 0.0521841 0.0252365 0.0109651 0.00567218 0.0050067 0.00630256 0.0083887 0.0107854 0.0132023 0.0153719 0.0170441 0.0180295 0.0182385 0.0176978 0.0165351 0.0149417 0.0131236 0.0112607 0.00948183 0.00786073 0.00642603 0.00517821 0.00410526
 1.0128e-16 3.12207e-05 0.000183234 0.000870995 0.00335335 0.0104571 0.0264139 0.0540467 0.0895903 0.120323 0.130949 0.11554 0.0827812 0.0484601 0.0237955 0.010953 0.00655036 0.0065914 0.008612 0.0114945 0.0147204 0.017913 0.0206999 0.0227351 0.0237657 0.0236892 0.0225745 0.0206368 0.0181786 0.0155157 0.0129143 0.0105539 0.00852155 0.00682932 0.00544336 0.00431179
 1.02347e-16 2.44019e-05 0.000143192 0.000680611 0.00262029 0.00817105 0.0206396 0.042233 0.0700119 0.0940422 0.102385 0.0904244 0.0649774 0.0384233 0.0195865 0.0102298 0.00778182 0.00917379 0.0124934 0.0168178 0.021618 0.0264073 0.0306617 0.0338807 0.0356898 0.0359222 0.0346511 0.0321566 0.0288448 0.0251467 0.0214313 0.0179548 0.0148523 0.0121614 0.00986001 0.00790207
 1.02949e-16 2.86045e-05 0.000167876 0.000797986 0.00307226 0.00958052 0.0241997 0.0495162 0.0820804 0.110237 0.119974 0.105859 0.0758514 0.0444169 0.0218375 0.0101034 0.00612542 0.00625594 0.00825587 0.0111236 0.0144085 0.0177869 0.0209318 0.0235256 0.0253167 0.0261689 0.0260828 0.0251793 0.0236557 0.0217306 0.0195977 0.0173995 0.0152256 0.0131253 0.0111271 0.00925374
 1.02553e-16 2.99233e-05 0.000175618 0.000834793 0.00321397 0.0100224 0.025316 0.0518002 0.0858663 0.115321 0.125505 0.110736 0.0793372 0.0464403 0.0227978 0.0104864 0.00626729 0.00631544 0.00827806 0.0110966 0.0142902 0.017515 0.0204298 0.0227118 0.0241175 0.0245343 0.0239999 0.0226812 0.0208227 0.0186826 0.0164786 0.0143583 0.0123968 0.0106133 0.00899707 0.00752975
 1.03335e-16 2.30529e-05 0.000135271 0.000642956 0.00247531 0.00771893 0.0194976 0.0398964 0.0661392 0.0888425 0.0967296 0.0854444 0.0614301 0.0363885 0.0186657 0.00993895 0.00779185 0.00933608 0.0127701 0.0172182 0.0221658 0.0271277 0.0315769 0.0350085 0.0370419 0.0375046 0.036463 0.0341894 0.0310804 0.0275553 0.0239703 0.0205693 0.0174777 0.0147284 0.0123004 0.0101557
 1.03568e-16 2.79831e-05 0.000164228 0.000780645 0.00300549 0.00937232 0.0236738 0.0484401 0.0802967 0.107842 0.117367 0.103559 0.0742041 0.0434539 0.0213677 0.00989329 0.00601069 0.00615448 0.00813846 0.0109883 0.0142695 0.0176722 0.0208815 0.023589 0.0255467 0.026614 0.0267788 0.0261419 0.024877 0.0231785 0.0212197 0.0191296 0.0169917 0.0148575 0.0127642 0.0107481
 1.03749e-16 2.50959e-05 0.000147271 0.000700012 0.00269501 0.00840406 0.0212281 0.0434368 0.0720059 0.0967159 0.105283 0.092954 0.0667297 0.039328 0.0198057 0.00995295 0.00710364 0.00808802 0.0109427 0.0147466 0.0190122 0.0233202 0.0272262 0.0303047 0.0322336 0.0328628 0.0322404 0.0305843 0.0282134 0.0254635 0.0226165 0.0198617 0.0172932 0.0149335 0.0127678 0.0107739
 1.03591e-16 2.72036e-05 0.000159649 0.000758873 0.00292166 0.00911087 0.0230134 0.0470892 0.0780582 0.104838 0.114106 0.1007 0.0721951 0.0423573 0.0209767 0.00996047 0.00638569 0.00679426 0.00905875 0.0122153 0.0158084 0.0194899 0.0229006 0.0256931 0.0275956 0.0284666 0.0283178 0.0272936 0.025621 0.0235462 0.0212816 0.0189777 0.016721 0.0145505 0.012482 0.0105274
 1.03499e-16 2.6275e-05 0.000154195 0.000732934 0.00282177 0.00879938 0.0222267 0.0454797 0.0753913 0.10126 0.11022 0.097293 0.0697998 0.0410473 0.0205049 0.0100308 0.00681749 0.00753483 0.0101259 0.0136403 0.0175991 0.0216106 0.0252647 0.0281684 0.0300218 0.0306812 0.0301835 0.0287212 0.0265805 0.024065 0.0214319 0.0188569 0.0164313 0.0141828 0.012106 0.0101883
 1.04767e-16 2.04625e-05 0.000120063 0.000570655 0.00219693 0.00685081 0.0173049 0.0354099 0.0587028 0.0788576 0.0858691 0.0758766 0.0546074 0.0324602 0.0168606 0.00931988 0.0077184 0.0095151 0.013125 0.0177699 0.022973 0.0282643 0.0331215 0.0370358 0.039613 0.0406563 0.0401981 0.0384699 0.0358247 0.0326417 0.029246 0.0258642 0.0226212 0.0195655 0.0167059 0.0140428
 1.0625e-16 2.0832e-05 0.000122239 0.000581011 0.00223683 0.00697524 0.0176191 0.0360523 0.0597658 0.0802792 0.0874004 0.0771903 0.0554671 0.0327998 0.0167241 0.00875072 0.0066965 0.00796193 0.0109454 0.014901 0.0194279 0.024163 0.0287025 0.0326404 0.0356433 0.0375126 0.0382114 0.0378453 0.036611 0.0347319 0.0324063 0.0297808 0.0269535 0.0239925 0.0209601 0.017928
 1.04789e-16 2.79748e-05 0.000164181 0.000780427 0.00300466 0.00936973 0.0236672 0.0484266 0.0802738 0.107809 0.117328 0.103517 0.0741549 0.0433874 0.0212646 0.00972732 0.00574972 0.00576308 0.00758228 0.010241 0.0133213 0.0165382 0.0196073 0.0222516 0.0242486 0.0254726 0.025912 0.025653 0.0248412 0.0236346 0.0221655 0.0205234 0.0187577 0.0168948 0.0149578 0.012981
 1.02948e-16 2.94313e-05 0.000172729 0.000821055 0.00316107 0.00985748 0.0248993 0.0509478 0.0844536 0.113425 0.123445 0.108925 0.0780553 0.0457213 0.0225032 0.0104488 0.00637785 0.00653161 0.00859557 0.0115227 0.0148283 0.018157 0.0211541 0.0234856 0.0249018 0.0252916 0.0247021 0.0233151 0.0213916 0.0192038 0.0169775 0.0148615 0.0129245 0.0111756 0.00959175 0.00814415
 1.01504e-16 3.35236e-05 0.000196759 0.000935308 0.00360099 0.0112294 0.0283645 0.0580374 0.0962032 0.129197 0.14059 0.124005 0.0887542 0.0517723 0.0250787 0.0109665 0.00577244 0.00518406 0.00655619 0.00872183 0.011195 0.0136743 0.0158802 0.0175541 0.018504 0.0186459 0.0180197 0.0167715 0.0151112 0.0132596 0.0114036 0.00967015 0.00812282 0.00677499 0.00561052 0.00460297
 1.00971e-16 3.36956e-05 0.000197767 0.000940097 0.00361943 0.0112869 0.0285097 0.0583347 0.0966963 0.129861 0.141315 0.124652 0.0892337 0.0520848 0.0252909 0.0111618 0.0060196 0.00553084 0.00703275 0.00934109 0.0119484 0.0145268 0.0167687 0.0183914 0.0191899 0.0190826 0.0181286 0.016507 0.014468 0.0122729 0.010141 0.00822009 0.00658064 0.00523073 0.00413977 0.00326177
 1.01509e-16 2.76829e-05 0.000162457 0.000772208 0.00297298 0.00927089 0.0234177 0.0479169 0.0794319 0.106688 0.116132 0.102519 0.0735661 0.0432957 0.0216886 0.010706 0.00739071 0.0082293 0.0110412 0.0148008 0.0189685 0.0230889 0.0266878 0.0293192 0.0306555 0.0305618 0.0291238 0.0266159 0.0234263 0.0199622 0.0165687 0.0134813 0.0108173 0.00859778 0.00678366 0.00531094
 1.02383e-16 2.80643e-05 0.000164702 0.000782889 0.00301412 0.00939921 0.0237417 0.0485795 0.0805287 0.108156 0.117718 0.103888 0.0744817 0.0437009 0.0216454 0.0102819 0.00659345 0.00700908 0.00932853 0.0125492 0.0161907 0.0198819 0.0232407 0.0259002 0.0275776 0.0281325 0.0275913 0.0261262 0.0240001 0.0214988 0.0188714 0.0162973 0.0138813 0.0116685 0.00966941 0.0078809
 1.02761e-16 2.78811e-05 0.000163626 0.000777774 0.00299442 0.00933778 0.0235866 0.0482621 0.0800027 0.10745 0.11695 0.103214 0.0740045 0.0434333 0.0215356 0.0102673 0.00663243 0.00708419 0.00943543 0.0126866 0.0163546 0.0200633 0.0234265 0.0260749 0.0277275 0.0282501 0.0276791 0.026198 0.0240796 0.0216153 0.019054 0.0165681 0.0142504 0.012132 0.0102097 0.00847023
 1.02215e-16 3.1435e-05 0.000184496 0.000877003 0.0033765 0.0105293 0.0265962 0.0544195 0.0902069 0.121147 0.131837 0.116301 0.0832773 0.048652 0.0237072 0.0106075 0.00593364 0.00565502 0.00729831 0.00976562 0.0125845 0.0154425 0.0180387 0.0200892 0.0213775 0.0218 0.0213836 0.0202679 0.0186611 0.0167856 0.0148313 0.0129301 0.0111526 0.00952283 0.00803867 0.00669061
 1.02098e-16 2.88689e-05 0.000169424 0.000805338 0.00310055 0.00966874 0.0244226 0.0499726 0.0828381 0.111258 0.121095 0.10687 0.0766229 0.0449637 0.0222816 0.0105994 0.00681087 0.00723776 0.00960789 0.0128772 0.0165359 0.0201858 0.0234214 0.0258606 0.0272204 0.0273787 0.0263982 0.0244994 0.0219979 0.0192246 0.0164588 0.0138897 0.0116107 0.00963967 0.00794973 0.00649829
 1.02367e-16 2.87109e-05 0.000168498 0.000800939 0.00308362 0.00961594 0.0242892 0.0496995 0.082385 0.110648 0.120428 0.106274 0.0761785 0.0446692 0.0220739 0.0103992 0.00655236 0.00687471 0.0091118 0.0122382 0.0157676 0.0193304 0.0225505 0.0250694 0.0266138 0.027054 0.0264262 0.0249106 0.0227758 0.0203095 0.0177593 0.0152991 0.0130242 0.0109684 0.00912954 0.00749268
 1.02231e-16 3.03942e-05 0.000178383 0.000847938 0.00326458 0.0101803 0.0257146 0.0526159 0.0872181 0.117136 0.127478 0.112471 0.0805687 0.0471376 0.0230963 0.0105499 0.00620447 0.00617175 0.00806144 0.0108017 0.0139118 0.0170538 0.0198943 0.0221174 0.0234837 0.0238803 0.0233409 0.0220256 0.0201715 0.0180312 0.0158205 0.0136892 0.0117171 0.00993004 0.00832316 0.00688185
 1.02198e-16 2.9148e-05 0.000171063 0.000813134 0.00313057 0.00976236 0.024659 0.0504563 0.0836395 0.112333 0.122261 0.107891 0.0773373 0.0453468 0.0224047 0.0105471 0.00663227 0.00694291 0.00918638 0.0123168 0.0158351 0.0193615 0.0225114 0.0249213 0.0263196 0.0265845 0.0257678 0.0240695 0.0217793 0.0192033 0.0166009 0.0141494 0.0119396 0.00999363 0.00829363 0.00680823
 1.04129e-16 1.7682e-05 0.000103732 0.000492999 0.00189791 0.0059183 0.0149495 0.0305913 0.0507182 0.0681427 0.0742306 0.065662 0.0474075 0.0284843 0.0153528 0.00937319 0.00876782 0.011379 0.0158396 0.0214272 0.0276184 0.0338408 0.0394475 0.0438114 0.0464558 0.0471576 0.0459872 0.0432684 0.03948 0.0351326 0.0306634 0.0263765 0.0224356 0.0188933 0.0157382 0.0129371
pSPR Fmed_Fpbrs
0.679159   0.336313 0.336313
Fs Fmed_Fpbrs
0.246855   1.005 1.005
SSBpbr Bo_Bmed_Bpbrs
1.27172e+06  800112  364109 364109
Ro
53103.6
SPR SPRFo_SPRFmed_SPRFpbrs
1.09444e+06 743299 368075
log_Ro
10.7
likeval ReclasPelacesDesembMPH_pf_preclas_ppelaces_ptallas_desvR_qrecl_qpela
 60.2746 21.1286 0.0237255 0.000232742 287.487 197.193 70.4644 0 16.0703 6.4643e-05 1.22002e-05 0 0 0 0
q_reclas_q_pelaces
0.320039 1.64367
M
0.7
N
 59904 15541 5773.48 680.077 0.348699
 73768.8 27487.4 5063.73 1881.17 221.703
 46137.4 34494.5 9904.84 1824.67 757.75
 67753.8 21048.8 10898.9 3129.55 815.944
 112101 33110.9 9596.68 4969.1 1798.85
 82730.2 55482.1 16152.4 4681.51 3301.59
 126093 39693.9 22935.3 6677.11 3300.08
 113154 61264.4 17545.9 10138.1 4410.22
 130370 53753 24015.5 6877.97 5702.92
 129826 61464 20236.2 9041.04 4736.29
 65910.3 61728.7 24209.6 7970.71 5426.66
 41854.1 29824.7 18671.6 7322.91 4052.42
 42574.4 19033.9 9264.68 5800.13 3533.61
 23450.5 18365.4 4461.24 2171.49 2187.68
 17136.4 9002.1 2310.79 561.327 548.484
 20164.7 6576.17 1130.73 290.254 139.401
 16229.5 9051.34 1905.47 327.634 124.494
 18355.4 7522.63 3112.4 655.215 155.469
 21294 8703.6 2920.09 1208.15 314.687
 36564.9 10176.6 3522.95 1181.96 616.399
 45642.6 17474.6 4119.12 1425.96 727.912
 61136 22251 7864.32 1853.78 969.335
 96177.5 29648.5 9738.21 3441.84 1235.54
 125402 46450.8 12694.3 4169.5 2002.66
 58434.9 60628.8 19999.5 5465.53 2657.43
pred_Ctot
 3287.99 3937.06 1462.62 172.286 0.088337
 3107.11 5524.45 1017.71 378.079 44.558
 2710.38 9259.66 2658.85 489.812 203.41
 775.009 1245.56 644.941 185.19 48.2833
 268.62 420.433 121.856 63.0962 22.8413
 2015.11 6756.39 1966.97 570.097 402.054
 1959.91 3157.25 1824.27 531.097 262.488
 3538.96 9406.61 2694.03 1556.62 677.151
 4758.61 9500.9 4244.77 1215.69 1008
 3979.6 9264.6 3050.25 1362.78 713.911
 4230.32 17851 7001.07 2305.01 1569.31
 2547.62 8249.95 5164.86 2025.63 1120.96
 4053.66 7541.45 3670.77 2298.08 1400.06
 3884.86 10633.1 2582.93 1257.23 1266.6
 2842.02 5215.44 1338.78 325.209 317.769
 1401.53 2031.3 349.27 89.656 43.0593
 780.364 2044.63 430.43 74.0099 28.1222
 597.392 1197.94 495.633 104.339 24.7576
 577.224 1171.03 392.884 162.551 42.3395
 991.239 1369.29 474.024 159.037 82.9383
 600.832 1184.59 279.232 96.6649 49.3446
 1030.68 1912.96 676.111 159.373 83.3356
 1899.51 2963.34 973.323 344.008 123.491
 2384.68 4478.9 1224.01 402.032 193.101
 950.155 5035.21 1660.95 453.912 220.699
F
 0.0790149 0.421382 0.421382 0.421382 0.421382
 0.0601367 0.320706 0.320706 0.320706 0.320706
 0.0847816 0.452135 0.452135 0.452135 0.452135
 0.0160183 0.0854247 0.0854247 0.0854247 0.0854247
 0.00333689 0.0177955 0.0177955 0.0177955 0.0177955
 0.0343865 0.183382 0.183382 0.183382 0.183382
 0.0218222 0.116376 0.116376 0.116376 0.116376
 0.0443466 0.236498 0.236498 0.236498 0.236498
 0.0519275 0.276926 0.276926 0.276926 0.276926
 0.0434469 0.2317 0.2317 0.2317 0.2317
 0.0929586 0.495743 0.495743 0.495743 0.495743
 0.0879677 0.469127 0.469127 0.469127 0.469127
 0.140785 0.750796 0.750796 0.750796 0.750796
 0.257433 1.37288 1.37288 1.37288 1.37288
 0.257755 1.37459 1.37459 1.37459 1.37459
 0.101018 0.538725 0.538725 0.538725 0.538725
 0.0689149 0.367519 0.367519 0.367519 0.367519
 0.0461848 0.246301 0.246301 0.246301 0.246301
 0.0383349 0.204438 0.204438 0.204438 0.204438
 0.0383374 0.204451 0.204451 0.204451 0.204451
 0.0184541 0.0984145 0.0984145 0.0984145 0.0984145
 0.0236886 0.12633 0.12633 0.12633 0.12633
 0.0278013 0.148263 0.148263 0.148263 0.148263
 0.0267561 0.142689 0.142689 0.142689 0.142689
 0.0228386 0.121797 0.121797 0.121797 0.121797
nmprior
 10 11 7 0
nm_flota  nm_reclas  nm_pelaces    nm_pelaL
inf 14.3265 18.1845 32.4819
cv_recla  cv_pelaces  cv_mph
0.70225 0.540879 0.494966
 ------------------------------------------------
Talla a la edad & desviación 
 7.2 14.2025 17.0495 18.207 18.6776
 1.08 2.13037 2.55742 2.73105 2.80164
