years
 1997 1998 1999 2000 2001 2002 2003 2004 2005 2006 2007 2008 2009 2010 2011 2012 2013 2014 2015 2016 2017 2018 2019 2020 2021
reclasobs
 0 0 0 370054 412103 1.49427e+06 250295 1.28982e+06 931140 785840 897777 1.04006e+06 184774 17550 25797 100020 73551 82996 120727 218422 84188 347160 605670 569463 516374
reclaspred
 2.66577e+06 334203 424774 110270 233870 248356 521819 461467 553621 1.07149e+06 1.02676e+06 643062 380815 168208 101186 97054.3 106570 125337 104026 170205 322117 296922 440178 380909 244512
pelacesobs
 0 0 0 0 0 0 0 0 0 2.06254e+06 1.5e+06 0 1.87456e+06 323000 250000 174000 83755 137374 0 501740 490994 745055 786931 1.00524e+06 0
pelacespred
 1.32842e+06 520858 140574 88338.7 194617 124090 460040 376091 447368 917240 664481 399423 285286 96280.2 62100.6 61716.3 69429 82397.8 64736.3 121423 248774 209289 242546 238010 136014
mphobs
 0 0 0 0 0 112323 0 153150 637223 0 255016 313432 73983 77613 109348 50772 0 0 0 0 0 0 0 0 0
mphpred
 957049 412079 167503 74011.4 42035.8 127846 128365 185727 200749 267105 520639 346340 174425 108154 46019.9 37431.4 40567.3 47408.5 48944.7 44058.7 100493 135840 150498 172143 148183
desembarqueobs
 350755 77701 442110 56441 14545 235359 269955 359681 431902 328805 639364 411747 362871 311530 167758 66681 60226 58785 57116 71774 51957 67425 138520 160799 200461
desembarquepred
 350746 77684.5 441619 56419.2 14543.4 235162 269825 359045 431384 328525 638596 411341 362180 311005 167399 66626.4 60199.5 58738.8 57062.8 71693 51942.5 67383.3 138424 160697 200416
Reclutas
 3294.67 5011.05 707.659 4028.38 54473 11981.2 55721.5 70975.3 78598 219897 46289.4 17623.4 59338.3 22892.4 14905.9 14090.5 9368.58 9172.23 6281.2 27284.7 30872.3 29353.8 41463.8 22348.3 207.963
log_desv_Rt
 -1.57994 -1.1606 -3.11804 -1.37888 1.22546 -0.288908 1.24812 1.49009 1.5921 2.62092 1.06267 0.0969808 1.31101 0.358561 -0.0704881 -0.126746 -0.534883 -0.556064 -0.934683 0.534081 0.657615 0.607178 0.952577 0.334507 -4.34264
SSB
 2.20149e+06 947901 385306 170248 96694.4 294083 295277 427226 461781 614419 1.19762e+06 796681 401229 248785 105859 86103.1 93316.6 109053 112587 101348 231163 312470 346189 395979 340865
BT
 2.59656e+06 1.10364e+06 503536 226334 361270 405086 1.02764e+06 1.05339e+06 1.19099e+06 1.94517e+06 1.74154e+06 1.08263e+06 870607 465094 248319 165061 173968 195221 166154 277277 486318 439327 534289 566689 426123
Ftot
 0.138172 0.210621 0.876735 0.492887 0.175218 1.11451 1.00973 1.60618 1.49195 0.776242 0.767076 0.63415 1.35699 2.35241 2.54835 1.08386 0.850444 0.654998 0.669568 0.875333 0.270194 0.292367 0.398139 0.50524 0.768695
BD_Bspro_t
 0.982383 0.868798 0.647492 0.303185 0.345006 0.670235 0.474634 0.510481 0.478459 0.503055 0.628149 0.451183 0.298302 0.240338 0.135891 0.136885 0.192939 0.286078 0.345355 0.378943 0.607785 0.726847 0.711262 0.671863 0.550134
BD_Bspro
 6.67849 2.87557 1.16887 0.516467 0.293334 0.892136 0.895759 1.29604 1.40087 1.86391 3.63313 2.41683 1.21718 0.75472 0.321136 0.261204 0.283087 0.330826 0.341546 0.30745 0.701261 0.947917 1.05021 1.20125 1.03405
BD_Bo
 2.28752 0.984943 0.400362 0.176901 0.100473 0.305575 0.306816 0.443921 0.479827 0.638429 1.24442 0.827813 0.416908 0.258507 0.109996 0.0894678 0.0969632 0.113315 0.116986 0.105308 0.240196 0.324681 0.359717 0.411453 0.354185
BD_Brms
 6.35266 2.73528 1.11184 0.49127 0.279023 0.84861 0.852057 1.23281 1.33252 1.77298 3.45587 2.29892 1.15779 0.717899 0.305469 0.248461 0.269276 0.314686 0.324883 0.29245 0.667048 0.90167 0.99897 1.14264 0.983605
S_f
 0.103736 0.694273 0.978049 0.998857 0.999942
 0.103736 0.694273 0.978049 0.998857 0.999942
 0.103736 0.694273 0.978049 0.998857 0.999942
 0.103736 0.694273 0.978049 0.998857 0.999942
 0.103736 0.694273 0.978049 0.998857 0.999942
 0.103736 0.694273 0.978049 0.998857 0.999942
 0.103736 0.694273 0.978049 0.998857 0.999942
 0.103736 0.694273 0.978049 0.998857 0.999942
 0.103736 0.694273 0.978049 0.998857 0.999942
 0.103736 0.694273 0.978049 0.998857 0.999942
 0.103736 0.694273 0.978049 0.998857 0.999942
 0.103736 0.694273 0.978049 0.998857 0.999942
 0.103736 0.694273 0.978049 0.998857 0.999942
 0.103736 0.694273 0.978049 0.998857 0.999942
 0.103736 0.694273 0.978049 0.998857 0.999942
 0.103736 0.694273 0.978049 0.998857 0.999942
 0.103736 0.694273 0.978049 0.998857 0.999942
 0.103736 0.694273 0.978049 0.998857 0.999942
 0.103736 0.694273 0.978049 0.998857 0.999942
 0.103736 0.694273 0.978049 0.998857 0.999942
 0.103736 0.694273 0.978049 0.998857 0.999942
 0.103736 0.694273 0.978049 0.998857 0.999942
 0.103736 0.694273 0.978049 0.998857 0.999942
 0.103736 0.694273 0.978049 0.998857 0.999942
 0.103736 0.694273 0.978049 0.998857 0.999942
Scru_reclas
 0.662841 0.908206 0.980312 0.996025 0.999208
 0.662841 0.908206 0.980312 0.996025 0.999208
 0.662841 0.908206 0.980312 0.996025 0.999208
 0.662841 0.908206 0.980312 0.996025 0.999208
 0.662841 0.908206 0.980312 0.996025 0.999208
 0.662841 0.908206 0.980312 0.996025 0.999208
 0.662841 0.908206 0.980312 0.996025 0.999208
 0.662841 0.908206 0.980312 0.996025 0.999208
 0.662841 0.908206 0.980312 0.996025 0.999208
 0.662841 0.908206 0.980312 0.996025 0.999208
 0.662841 0.908206 0.980312 0.996025 0.999208
 0.662841 0.908206 0.980312 0.996025 0.999208
 0.662841 0.908206 0.980312 0.996025 0.999208
 0.662841 0.908206 0.980312 0.996025 0.999208
 0.662841 0.908206 0.980312 0.996025 0.999208
 0.662841 0.908206 0.980312 0.996025 0.999208
 0.662841 0.908206 0.980312 0.996025 0.999208
 0.662841 0.908206 0.980312 0.996025 0.999208
 0.662841 0.908206 0.980312 0.996025 0.999208
 0.662841 0.908206 0.980312 0.996025 0.999208
 0.662841 0.908206 0.980312 0.996025 0.999208
 0.662841 0.908206 0.980312 0.996025 0.999208
 0.662841 0.908206 0.980312 0.996025 0.999208
 0.662841 0.908206 0.980312 0.996025 0.999208
 0.662841 0.908206 0.980312 0.996025 0.999208
Scru_pelaces
 1 1 1 1 1
 1 1 1 1 1
 1 1 1 1 1
 1 1 1 1 1
 1 1 1 1 1
 1 1 1 1 1
 1 1 1 1 1
 1 1 1 1 1
 1 1 1 1 1
 1 1 1 1 1
 1 1 1 1 1
 1 1 1 1 1
 1 1 1 1 1
 1 1 1 1 1
 1 1 1 1 1
 1 1 1 1 1
 1 1 1 1 1
 1 1 1 1 1
 1 1 1 1 1
 1 1 1 1 1
 1 1 1 1 1
 1 1 1 1 1
 1 1 1 1 1
 1 1 1 1 1
 1 1 1 1 1
pf_obs 
 0.256992 0.487395 0.22802 0.0275931 0
 0.321318 0.546541 0.124235 0.00734118 0.000564706
 0.182869 0.594174 0.210203 0.0122559 0.00049798
 0.330522 0.361315 0.267642 0.0388342 0.00168674
 0.649043 0.306663 0.0425973 0.00169635 0
 0.582887 0.30429 0.105238 0.00758474 0
 0.465427 0.430635 0.0974691 0.00646863 0
 0.296916 0.608066 0.0921331 0.00288517 0
 0.311714 0.524322 0.152257 0.0117073 0
 0.15457 0.633149 0.183074 0.0267441 0.00246327
 0.131901 0.49318 0.331252 0.0422183 0.00144891
 0.196976 0.569456 0.194076 0.0375587 0.00193317
 0.518974 0.381816 0.0799577 0.0180837 0.00116848
 0.0928022 0.601141 0.25162 0.0475244 0.00691264
 0.122501 0.610282 0.24278 0.0234846 0.000952079
 0.383417 0.481906 0.127806 0.00687128 0
 0.0376549 0.599619 0.316969 0.0457579 0
 0.0361596 0.667082 0.258105 0.0386534 0
 0.158088 0.579412 0.248529 0.0139706 0
 0.0477256 0.309471 0.559284 0.082774 0.000745712
 0.0406174 0.521527 0.379366 0.0568643 0.0016247
 0.151134 0.462217 0.34131 0.0453401 0
 0.294876 0.26143 0.354403 0.0886775 0.000613685
 0.281977 0.475581 0.204845 0.0348837 0.00271318
 0 0 0 0 0
pf_pred 
 0.00501242 0.657116 0.299644 0.0382256 1.46665e-06
 0.013424 0.0273917 0.703734 0.2271 0.0283503
 0.00526097 0.0977572 0.0355687 0.635848 0.225565
 0.101695 0.0478852 0.130597 0.0294349 0.690389
 0.688023 0.153578 0.012608 0.0229152 0.122876
 0.0762403 0.865553 0.0341303 0.00195825 0.0221183
 0.444323 0.221502 0.321618 0.00747481 0.00508153
 0.355202 0.575554 0.0363736 0.0316759 0.00119461
 0.321687 0.576926 0.0954103 0.00320344 0.00277259
 0.493186 0.414478 0.0842621 0.00761574 0.000457373
 0.0677259 0.816509 0.101549 0.0130075 0.00120897
 0.0465458 0.320412 0.581178 0.0456621 0.00620218
 0.310382 0.2083 0.211992 0.247834 0.0214918
 0.161338 0.72205 0.0515722 0.0292798 0.0357594
 0.244083 0.563917 0.179422 0.00574198 0.00683618
 0.287657 0.598074 0.0997067 0.0136605 0.000901125
 0.174579 0.633132 0.17278 0.0170979 0.00241148
 0.18872 0.498371 0.263334 0.0446856 0.00488928
 0.141663 0.543921 0.2241 0.0763495 0.0139668
 0.490991 0.282904 0.165263 0.0437249 0.0171172
 0.261303 0.654065 0.0567274 0.0205696 0.00733462
 0.173905 0.548522 0.254927 0.0152972 0.00734853
 0.214557 0.442716 0.254281 0.0813881 0.00705777
 0.110531 0.575945 0.206296 0.0800704 0.0271582
 0.00165489 0.464026 0.393732 0.093353 0.0472339
pobs_RECLAS
 0 0 0 0 0
 0 0 0 0 0
 0 0 0 0 0
 0 0 0 0 0
 0.835266 0.146461 0.0176864 0.000547809 3.91292e-05
 0.385257 0.428462 0.181853 0.0044286 0
 0.867414 0.0963971 0.0333333 0.00285562 0
 0.441836 0.489002 0.0689373 0.000224442 0
 0.779404 0.147425 0.0564933 0.0165055 0.000172143
 0.814271 0.122319 0.05973 0.00367925 0
 0.40263 0.566651 0.0304383 0.000280538 0
 0.475488 0.404961 0.113038 0.00651328 0
 0.955842 0.0263864 0.0167828 0.000988607 0
 0.975058 0.0227948 0.00214734 0 0
 0.738997 0.206755 0.0527124 0.00153531 0
 0.850938 0.134255 0.0134407 0.00136685 0
 0.542534 0.407297 0.0501686 0 0
 0.764087 0.199537 0.0359546 0.000420521 0
 0.470689 0.182191 0.310203 0.0369168 0
 0.84361 0.089868 0.0606195 0.00523954 0.000663233
 0.607945 0.314616 0.071237 0.00620181 0
 0.523733 0.453247 0.0230204 0 0
 0.530135 0.295979 0.169645 0.0042399 0
 0.562478 0.366248 0.0663022 0.0049721 0
 0.250443 0.683176 0.0655157 0.000865301 0
ppred_RECLAS
 0.0261855 0.699232 0.243663 0.0309183 1.18877e-06
 0.0801939 0.0332322 0.651369 0.209053 0.0261519
 0.0340925 0.124056 0.0336052 0.596293 0.211953
 0.424159 0.0400209 0.0825755 0.0184975 0.434747
 0.925042 0.0419958 0.00263249 0.00475876 0.0255709
 0.303607 0.663667 0.0192421 0.00109473 0.0123888
 0.83014 0.080298 0.0862203 0.00198792 0.00135407
 0.754766 0.225964 0.0101752 0.00876387 0.000331111
 0.726199 0.243131 0.0288783 0.00095959 0.000832053
 0.838052 0.138828 0.0211113 0.00189465 0.000114014
 0.275494 0.655063 0.0609656 0.00775446 0.000722182
 0.227145 0.310877 0.424348 0.033122 0.00450802
 0.747466 0.0947397 0.0698687 0.0808973 0.00702841
 0.541392 0.414125 0.0198384 0.011085 0.013559
 0.679255 0.262041 0.0549167 0.00172716 0.0020593
 0.686037 0.275266 0.0338004 0.00459253 0.000303537
 0.534077 0.379961 0.0772958 0.00759309 0.00107306
 0.564425 0.295983 0.117595 0.0198229 0.00217333
 0.477992 0.364126 0.112737 0.0381528 0.00699352
 0.84755 0.0956413 0.0415989 0.0109246 0.00428522
 0.642292 0.325662 0.0215157 0.00775815 0.00277213
 0.530766 0.338775 0.119864 0.00715208 0.0034429
 0.602699 0.250402 0.109151 0.0347308 0.003018
 0.404506 0.422078 0.114327 0.0441007 0.0149887
 0.00962829 0.532405 0.338032 0.0795852 0.0403487
pobs_PELACES
 0 0 0 0 0
 0 0 0 0 0
 0 0 0 0 0
 0 0 0 0 0
 0 0 0 0 0
 0 0 0 0 0
 0 0 0 0 0
 0 0 0 0 0
 0 0 0 0 0
 0 0 0 0 0
 0.450072 0.473896 0.0757376 0.000293798 0
 0 0 0 0 0
 0.463077 0.371075 0.160297 0.00555027 0
 0.529543 0.364841 0.0842815 0.0213345 0
 0.631943 0.363953 0.00410389 0 0
 0.735681 0.248677 0.0153453 0.000297389 0
 0.695825 0.281241 0.0229344 0 0
 0.275771 0.60734 0.115278 0.00161068 0
 0 0 0 0 0
 0.896147 0.0623911 0.0374545 0.00400742 0
 0.803859 0.145111 0.0509908 3.86294e-05 0
 0.739449 0.233085 0.0266225 0.000797448 4.60066e-05
 0.878498 0.100942 0.0204185 0.000141795 0
 0.694673 0.275183 0.0284847 0.00165964 0
 0 0 0 0 0
ppred_PELACES
 0.0373534 0.708633 0.225835 0.0281772 1.07988e-06
 0.120599 0.0350076 0.623282 0.196598 0.0245137
 0.062805 0.140597 0.0325034 0.564237 0.199858
 0.558806 0.0349567 0.063807 0.0140202 0.32841
 0.948305 0.030366 0.00173478 0.00308277 0.0165113
 0.428049 0.54958 0.0132992 0.000739012 0.00833328
 0.898917 0.0521244 0.0471738 0.0010631 0.000721563
 0.854335 0.136503 0.00489941 0.00410772 0.000154612
 0.832474 0.152094 0.0145541 0.000471133 0.000406997
 0.893806 0.0928916 0.0121693 0.0010692 6.41185e-05
 0.380131 0.568079 0.0455862 0.00567684 0.000526862
 0.330459 0.291713 0.347632 0.0265899 0.00360663
 0.857522 0.0608924 0.0366391 0.041366 0.00358072
 0.724304 0.255665 0.00910322 0.00492608 0.00600125
 0.83382 0.142875 0.0218509 0.00066465 0.00078922
 0.790579 0.187432 0.0192642 0.00255707 0.000168403
 0.655784 0.288499 0.0502104 0.00482631 0.000679678
 0.678039 0.228405 0.0790696 0.0130596 0.00142692
 0.598454 0.292024 0.0786722 0.0260844 0.00476497
 0.905441 0.0628756 0.023342 0.00599718 0.00234419
 0.723544 0.254014 0.0151592 0.00536992 0.00191248
 0.627922 0.276309 0.0881255 0.00516497 0.00247816
 0.70087 0.196655 0.0765105 0.0238955 0.00206953
 0.515736 0.355926 0.0851895 0.0322308 0.0109176
 0.016298 0.566234 0.309934 0.0714404 0.0360941
pobs_pel_tallas
 0 0 0 0 0 0 0 0 0 0 0 0 0 0 0 0 0 0 0 0 0 0 0 0 0 0 0 0 0 0 0 0 0 0 0 0
 0 0 0 0 0 0 0 0 0 0 0 0 0 0 0 0 0 0 0 0 0 0 0 0 0 0 0 0 0 0 0 0 0 0 0 0
 0 0 0 0 0 0 0 0 0 0 0 0 0 0 0 0 0 0 0 0 0 0 0 0 0 0 0 0 0 0 0 0 0 0 0 0
 0 0 0 0 0 0 0 0 0 0 0 0 0 0 0 0 0 0 0 0 0 0 0 0 0 0 0 0 0 0 0 0 0 0 0 0
 0 0 0 0 0 0 0 0 0 0 0 0 0 0 0 0 0 0 0 0 0 0 0 0 0 0 0 0 0 0 0 0 0 0 0 0
 0 0 0 0 0 0 0 0 0 0 0 0 0 0 0 0 0 0 0 0 0 0 0 0 0 0 0 0 0 0 0 0 0 0 0 0
 0 0 0 0 0 0 0 0 0 0 0 0 0 0 0 0 0 0 0 0 0 0 0 0 0 0 0 0 0 0 0 0 0 0 0 0
 0 0 0 0 0 0 0 0 0 0 0 0 0 0 0 0 0 0 0 0 0 0 0 0 0 0 0 0 0 0 0 0 0 0 0 0
 0 0 0 0 0 0 0 0 0 0 0 0 0 0 0 0 0 0 0 0 0 0 0 0 0 0 0 0 0 0 0 0 0 0 0 0
 0 0 0 0 0 0 0 0 0 0 0 0 0 0 0 0 0 0 0 0 0 0 0 0 0 0 0 0 0 0 0 0 0 0 0 0
 0 0 0 0 0 0 0 0 1.78061e-05 0.00172719 0.00360574 0.0105946 0.0120993 0.0124554 0.0147524 0.0171206 0.0266825 0.0428682 0.0675386 0.121331 0.153587 0.119568 0.100827 0.0573624 0.0630603 0.0341343 0.0324427 0.0444173 0.0211091 0.0280891 0.0125444 0.00206551 0 0 0 0
 0 0 0 0 0 0 0 0 0 0 0 0 0 0 0 0 0 0 0 0 0 0 0 0 0 0 0 0 0 0 0 0 0 0 0 0
 0 0 0 0 0 0 0.0133647 0.0140871 0.0187388 0.0205184 0.03894 0.0496705 0.03968 0.0493445 0.0407372 0.0367815 0.0215668 0.0243155 0.0234873 0.0199281 0.019796 0.0243948 0.0301388 0.0376714 0.0412746 0.0863199 0.0771752 0.113111 0.0741005 0.0525337 0.0229764 0.00759418 0.00175318 0 0 0
 0 0 0 0 0 0 0 0 0 0 0.00219441 0.00772107 0.0458388 0.0604681 0.0671733 0.0775358 0.0609151 0.0617685 0.073594 0.0568108 0.0755445 0.0548602 0.0670107 0.0636378 0.0643287 0.046367 0.0373049 0.0286899 0.0247887 0.0153202 0.00654259 0.00121912 0.000365735 0 0 0
 0 0 0 0 0 0 0 0 0 0 0 0 0.000112435 0.00938835 0.0111873 0.0202946 0.0414886 0.0713402 0.111592 0.104902 0.108894 0.110636 0.117776 0.105296 0.107544 0.0401394 0.0192827 0.0124803 0.00416011 0.0028671 0.000618394 0 0 0 0 0
 0 0 0 0 0 0 0 0 0 0 0.00291406 0.0102884 0.027416 0.0768956 0.0749926 0.110853 0.0956884 0.0897413 0.0766577 0.0534642 0.0500743 0.0551293 0.0594112 0.0620874 0.0668451 0.0424026 0.0208742 0.0120726 0.0048766 0.00582813 0.00118941 0.000297354 0 0 0 0
 0 0.00264628 0.0354308 0.0461629 0.0458689 0.0383711 0.0214643 0.0164657 0.0346957 0.0420465 0.0363128 0.0245516 0.0311673 0.0291091 0.0169068 0.0133784 0.00837989 0.0085269 0.0148486 0.0160247 0.0276389 0.0546898 0.0760071 0.122758 0.109233 0.0665981 0.0333725 0.0166128 0.00676272 0.00308733 0.000882094 0 0 0 0 0
 0 0 0 0 0 0 0 0.000805153 0.000690131 0.00759144 0.0133425 0.0154129 0.00931677 0.000345066 0.00356568 0.00563607 0.00851162 0.0253048 0.0502646 0.0516448 0.0657925 0.0565908 0.0611916 0.0827007 0.0866115 0.110766 0.145733 0.0935128 0.0569358 0.0249597 0.0138026 0.00621118 0.00161031 0.00115022 0 0
 0 0 0 0 0 0 0 0 0 0 0 0 0 0 0 0 0 0 0 0 0 0 0 0 0 0 0 0 0 0 0 0 0 0 0 0
 0.00147267 0.00158595 0.00478618 0.00569244 0.00954404 0.0108468 0.00647125 0.017049 0.0510054 0.094081 0.124002 0.0959785 0.0687766 0.0820023 0.061753 0.0591476 0.0492212 0.0479892 0.0443925 0.0268479 0.0217502 0.0140895 0.0121071 0.0120363 0.00920419 0.00665534 0.0049561 0.00860946 0.00930331 0.0156896 0.0114698 0.00855282 0.00243557 0.00046729 0 2.83206e-05
 0 0 0 0 0.000772559 0.00158375 0.000888443 0.00281984 0.00712685 0.0440552 0.0773331 0.111326 0.0921469 0.0852325 0.0710754 0.0886704 0.0786465 0.0553345 0.0373146 0.0185414 0.00753245 0.00457741 0.012979 0.0271748 0.0457355 0.0583668 0.034881 0.0177882 0.00938659 0.00492506 0.0015258 0.00185414 0.000309023 5.79419e-05 3.86279e-05 0
 0 0.00173294 0.00326652 0 0.00397197 0.00683976 0.00946217 0.0152591 0.00757587 0.0136028 0.0228656 0.0392903 0.0559909 0.0764795 0.0681675 0.0726916 0.0566044 0.0477403 0.0527397 0.0444891 0.0609904 0.0582453 0.0661739 0.0445044 0.0529084 0.0360697 0.0280645 0.0235558 0.0158879 0.00826598 0.00280645 0.00217768 0.000904811 0.00058276 9.20147e-05 0
 0 0 0 0 0 0 0 0 0 0 0 0 0 0 0 0 0 0 0 0 0 0 0 0 0 0 0 0 0 0 0 0 0 0 0 0
 0 0 0 0 0 0 0 0 0 0 0 0 0 0 0 0 0 0 0 0 0 0 0 0 0 0 0 0 0 0 0 0 0 0 0 0
 0 0 0 0 0 0 0 0 0 0 0 0 0 0 0 0 0 0 0 0 0 0 0 0 0 0 0 0 0 0 0 0 0 0 0 0
ppred_pel_tallas
 1.04405e-16 1.67069e-06 9.70331e-06 4.59109e-05 0.0001764 0.000549768 0.00138946 0.0028487 0.00474366 0.00643603 0.00717618 0.00674034 0.00572078 0.00514754 0.00588207 0.00836394 0.0127424 0.0190481 0.0271959 0.0368741 0.0474512 0.057984 0.067344 0.0744325 0.0784203 0.0789314 0.0761155 0.0705773 0.0632028 0.0549389 0.0466038 0.0387754 0.031771 0.0256946 0.0205164 0.0161482
 1.1676e-16 5.27406e-06 3.09183e-05 0.000146903 0.000565469 0.00176323 0.00445375 0.0091136 0.0151096 0.0203004 0.0221138 0.0195611 0.014125 0.00849805 0.0046211 0.0029342 0.00297355 0.0042063 0.00638976 0.00952814 0.0137229 0.0190595 0.0255397 0.0330394 0.041284 0.0498458 0.0581666 0.0656099 0.071537 0.0753968 0.0768113 0.0756383 0.0719978 0.0662513 0.0589436 0.0507161
 1.29234e-16 2.75586e-06 1.61305e-05 7.65913e-05 0.000294739 0.000918961 0.00232132 0.00475102 0.00788052 0.0105992 0.0115759 0.0103107 0.00759973 0.00488112 0.00321426 0.00288732 0.00372098 0.00549123 0.00810183 0.0115496 0.0158429 0.0209523 0.026798 0.0332579 0.0401791 0.0473807 0.0546461 0.0617044 0.0682176 0.0737838 0.0779697 0.0803684 0.080673 0.0787419 0.0746416 0.0686488
 1.16745e-16 2.43801e-05 0.000143092 0.000680199 0.00261881 0.00816652 0.0206279 0.0422067 0.0699601 0.093948 0.102217 0.0901215 0.0644229 0.0374198 0.0178337 0.00731386 0.00318778 0.00233416 0.00288243 0.00408701 0.00575043 0.00785034 0.0103927 0.0133687 0.0167416 0.0204391 0.0243468 0.0283025 0.0320989 0.0354938 0.0382336 0.0400845 0.0408677 0.0404891 0.0389575 0.0363869
 1.00913e-16 4.13644e-05 0.000242804 0.00115424 0.00444398 0.0138582 0.0350046 0.0716225 0.118717 0.159415 0.173429 0.152867 0.109186 0.0632354 0.0297794 0.011566 0.00399234 0.00167612 0.00134297 0.00161827 0.00205697 0.00252234 0.00295137 0.00329847 0.00353202 0.00363941 0.00362886 0.00352538 0.00336249 0.00317256 0.00297914 0.00279338 0.00261503 0.00243663 0.00224878 0.00204475
 1.00783e-16 1.86999e-05 0.000109695 0.00052132 0.00200691 0.00625818 0.0158082 0.0323491 0.0536356 0.0720715 0.0785342 0.0695253 0.0503191 0.0304766 0.0168627 0.0109511 0.0108897 0.0144006 0.0200002 0.0268303 0.0341846 0.0412617 0.0471716 0.0510852 0.0524217 0.0509913 0.0470447 0.0412036 0.0343045 0.0272043 0.0206124 0.0149905 0.0105348 0.00722158 0.00488756 0.00331087
 1.00758e-16 3.92119e-05 0.000230164 0.00109414 0.00421259 0.0131367 0.033182 0.0678935 0.112536 0.151119 0.16441 0.144933 0.103554 0.0600439 0.0284099 0.0112709 0.00427851 0.00234435 0.00237204 0.00305626 0.00395985 0.00492444 0.00585065 0.00665043 0.00725095 0.00760611 0.00770282 0.00755865 0.00721276 0.00671401 0.00611058 0.00544394 0.00474757 0.00404854 0.00336999 0.00273244
 1.00263e-16 3.72712e-05 0.000218763 0.00103993 0.00400381 0.0124856 0.0315374 0.0645293 0.106962 0.143642 0.156295 0.137825 0.0985761 0.0573607 0.0275211 0.0115797 0.00543478 0.00426726 0.00512438 0.00671729 0.00853958 0.0103146 0.0118073 0.0128095 0.013176 0.012858 0.0119154 0.0104998 0.00881597 0.00707382 0.00544736 0.00405011 0.0029308 0.00208487 0.001474 0.00104602
 1.00292e-16 3.63186e-05 0.000213169 0.00101333 0.0039014 0.0121662 0.0307308 0.0628789 0.104227 0.13997 0.152305 0.134318 0.0960924 0.0559654 0.0269452 0.011499 0.0056391 0.00467637 0.00573506 0.00755244 0.00961848 0.011638 0.013351 0.014524 0.0149918 0.0146953 0.0136956 0.0121556 0.0102986 0.00835525 0.00651889 0.0049182 0.00361212 0.00260181 0.00185143 0.00130906
 1.00243e-16 3.89905e-05 0.000228862 0.00108794 0.0041887 0.0130621 0.0329938 0.0675088 0.1119 0.150267 0.163492 0.144144 0.103036 0.0598338 0.0284795 0.0115907 0.00485617 0.00322104 0.00359805 0.00466229 0.0059322 0.0071878 0.00826309 0.00901399 0.00933815 0.00919737 0.00862609 0.00772056 0.00661378 0.00544397 0.00432738 0.00334211 0.00252503 0.00187893 0.00138482 0.00101428
 1.01052e-16 1.66113e-05 9.74316e-05 0.000463012 0.0017824 0.00555805 0.0140397 0.028731 0.0476391 0.0640214 0.0697822 0.0618245 0.0448483 0.0273684 0.0155131 0.0106294 0.0111107 0.0149626 0.0208738 0.0280543 0.0358082 0.043318 0.0496651 0.0539871 0.0556707 0.0545 0.0507089 0.0449122 0.0379485 0.0306836 0.0238406 0.0178986 0.0130737 0.00936473 0.00663114 0.00467289
 1.06112e-16 1.44349e-05 8.46778e-05 0.000402432 0.00154924 0.004831 0.012203 0.0249709 0.0413996 0.0556215 0.0605881 0.0535879 0.038677 0.023215 0.0124765 0.00757828 0.0070859 0.00927011 0.0130673 0.0179612 0.0236134 0.029647 0.0356025 0.0409894 0.0453696 0.0484306 0.0500251 0.0501653 0.0489839 0.0466802 0.0434745 0.0395825 0.0352107 0.0305616 0.0258386 0.0212412
 1.02129e-16 3.74071e-05 0.000219568 0.00104377 0.00401863 0.0125318 0.0316541 0.0647675 0.107355 0.144163 0.156845 0.138271 0.0988102 0.0573257 0.0271851 0.0108931 0.00430897 0.00258514 0.00277254 0.00362714 0.00472876 0.00591895 0.00709283 0.00815579 0.00902947 0.00966374 0.0100423 0.0101781 0.010102 0.00984957 0.00945054 0.00892551 0.00828849 0.0075528 0.00673726 0.00586891
 1.00663e-16 3.16061e-05 0.000185493 0.000881732 0.00339468 0.010586 0.0267394 0.0547131 0.0906955 0.121809 0.132572 0.116985 0.083844 0.0491375 0.0242299 0.0113213 0.0069939 0.00720274 0.00944441 0.0125658 0.0160076 0.0193437 0.0221516 0.0240444 0.0247508 0.0241797 0.0224433 0.0198245 0.0167056 0.0134778 0.0104646 0.00787614 0.00580127 0.00422942 0.00308766 0.00227801
 1.00417e-16 3.63769e-05 0.000213513 0.00101496 0.00390769 0.0121858 0.0307803 0.0629802 0.104395 0.140195 0.152547 0.134527 0.0962314 0.0560253 0.026935 0.0114283 0.00550808 0.00447654 0.0054551 0.00718514 0.00916651 0.011118 0.0127946 0.0139758 0.0145032 0.0143164 0.013466 0.0120975 0.0104132 0.00862362 0.00690665 0.00538239 0.00410858 0.00309137 0.00230391 0.00170497
 1.00431e-16 3.44932e-05 0.000202449 0.000962357 0.00370513 0.0115541 0.0291848 0.059716 0.0989859 0.132935 0.14466 0.127601 0.0913407 0.0533065 0.0258683 0.0113884 0.00609878 0.00555945 0.00704024 0.00932436 0.0118883 0.0143935 0.0165244 0.017994 0.018598 0.0182627 0.0170614 0.015193 0.01293 0.0105545 0.00830295 0.00633282 0.00471654 0.00345626 0.00250934 0.00181387
 1.01005e-16 2.86197e-05 0.000167957 0.000798357 0.00307366 0.00958487 0.0242108 0.0495395 0.0821214 0.110299 0.12006 0.105979 0.0760318 0.0447129 0.0223352 0.0109195 0.00740094 0.0081405 0.0108796 0.014558 0.0186238 0.0226181 0.0260669 0.0285267 0.0296759 0.0293879 0.0277592 0.0250766 0.0217411 0.0181718 0.0147233 0.0116363 0.00902846 0.006916 0.0052506 0.00395589
 1.01713e-16 2.95878e-05 0.000173646 0.000825413 0.00317785 0.0099098 0.0250314 0.0512183 0.0849022 0.114028 0.124103 0.109511 0.0784853 0.0459938 0.0226758 0.010594 0.00655481 0.00678245 0.00895027 0.0120018 0.0154406 0.0188952 0.0219903 0.0243696 0.0257632 0.0260454 0.0252574 0.023586 0.0213073 0.0187181 0.0160753 0.0135612 0.0112775 0.00926072 0.00750709 0.00599593
 1.02331e-16 2.612e-05 0.000153282 0.000728586 0.00280502 0.00874713 0.0220947 0.04521 0.0749453 0.100664 0.10958 0.0967475 0.0694515 0.0409289 0.0206053 0.0103422 0.00736145 0.00835944 0.0112859 0.0151734 0.0195038 0.0238293 0.027677 0.0305971 0.0322532 0.0324963 0.0313929 0.0291949 0.0262662 0.022992 0.0196999 0.0166155 0.0138553 0.0114493 0.00937538 0.007592
 1.00668e-16 3.94967e-05 0.000231836 0.00110209 0.00424318 0.013232 0.0334229 0.0683865 0.113354 0.152217 0.165607 0.145992 0.10432 0.0605072 0.0286641 0.0114313 0.00443027 0.00253479 0.00262139 0.00336596 0.00431428 0.00529006 0.00617707 0.00687554 0.00731049 0.00744575 0.00729011 0.00689132 0.0063212 0.00565695 0.0049652 0.00429301 0.00366664 0.00309604 0.00258173 0.00212095
 1.00572e-16 3.15729e-05 0.000185298 0.000880806 0.00339112 0.0105749 0.0267114 0.0546557 0.0906003 0.121681 0.132433 0.116862 0.0837545 0.0490831 0.0241996 0.0113016 0.00697508 0.00717955 0.00941519 0.0125316 0.0159719 0.0193128 0.0221336 0.0240484 0.024785 0.0242494 0.0225489 0.0199607 0.0168611 0.0136376 0.0106118 0.00799501 0.00587998 0.00426165 0.00307322 0.00222223
 1.01635e-16 2.74044e-05 0.000160823 0.000764443 0.00294308 0.00917767 0.0231822 0.0474349 0.0786328 0.105614 0.114961 0.101481 0.0728116 0.0428326 0.0214221 0.0105193 0.00719559 0.00797426 0.0107021 0.014374 0.0184711 0.0225606 0.0261901 0.0289294 0.030455 0.0306213 0.0294881 0.0272936 0.0243858 0.0211368 0.0178682 0.0148072 0.0120786 0.00972268 0.00772659 0.00605365
 1.02069e-16 3.0582e-05 0.000179486 0.000853184 0.00328479 0.0102433 0.0258737 0.0529414 0.0877575 0.117859 0.128264 0.11316 0.0810522 0.0474009 0.0231889 0.0105313 0.00611085 0.00601393 0.0078367 0.0105057 0.0135463 0.0166308 0.0194365 0.0216565 0.0230551 0.0235166 0.023065 0.0218456 0.0200797 0.0180059 0.0158315 0.0137041 0.0117081 0.00987827 0.00822078 0.00673153
 1.02943e-16 2.25157e-05 0.000132115 0.000627946 0.00241751 0.00753867 0.0190423 0.0389651 0.0645962 0.086773 0.0944843 0.0834799 0.0600588 0.0356587 0.0184427 0.0100631 0.00817303 0.00995968 0.0136609 0.0184033 0.023649 0.0288741 0.0335071 0.0370028 0.0389559 0.0391908 0.0377958 0.0350849 0.0315077 0.0275367 0.0235711 0.019882 0.0166047 0.0137666 0.0113312 0.00923978
 1.08726e-16 7.46888e-07 4.29268e-06 2.02167e-05 7.75195e-05 0.000241446 0.000610498 0.00125387 0.0020964 0.00286984 0.00326655 0.00322311 0.00305366 0.00329108 0.00442491 0.00678535 0.0105832 0.0159537 0.0229175 0.0312922 0.0406261 0.0502059 0.0591508 0.066574 0.0717656 0.0743357 0.0742741 0.0719059 0.0677704 0.0624689 0.056536 0.0503686 0.0442194 0.0382337 0.0325012 0.0270976
pSPR Fmed_Fpbrs
0.497787   0.410088 0.410088
Fs Fmed_Fpbrs
0.685302   1.005 1.005
SSBpbr Bo_Bmed_Bpbrs
962392  430947  346546 346546
Ro
15994.5
SPR SPRFo_SPRFmed_SPRFpbrs
329639 164090 135181
log_Ro
9.5
likeval ReclasPelacesDesembMPH_pf_preclas_ppelaces_ptallas_desvR_qrecl_qpela
 98.6571 95.4867 0.130931 0.000179757 363.18 204.304 73.0644 0 77.3253 4.40617e-07 0 0 0 0 0
q_reclas_q_pelaces
0.910226 1
M
0.7
N
 3294.67 66882.9 22020.1 2753.99 0.105558
 5011.05 1612.8 30175 9552.61 1191.34
 707.659 2434.63 691.94 12194.9 4322.94
 4028.38 320.863 657.772 145.767 3415.96
 54473 1900.72 113.161 201.702 1080.48
 11981.2 26563.2 835.76 47.3442 534.4
 55721.5 5300.08 6084.54 139.532 94.7915
 70975.3 24918.8 1305.64 1125.46 42.4228
 78598 29836 4057.2 134.765 116.575
 219897 33434.1 5258.75 468.273 28.1012
 46289.4 100749 9685.73 1222.25 113.514
 17623.4 21228.4 29373 2271.44 308.273
 59338.3 8194.32 6787.39 7844.77 679.888
 22892.4 25597.3 1586.16 893.921 1091.34
 14905.9 8906.45 2482.51 78.9095 93.9141
 14090.5 5682.55 753.913 101.963 6.72161
 9368.58 6253.01 1329.63 129.697 18.279
 9172.23 4259.45 1720.51 287.402 31.4207
 6281.2 4255.59 1342.31 450.23 82.2955
 27284.7 2909.86 1327.6 346.291 135.465
 30872.3 12373.1 786.929 280.061 99.767
 29353.8 14907 5093.34 300.028 143.992
 41463.8 14141.2 6042.68 1900.25 164.635
 22348.3 19757.2 5326.41 2032.87 688.91
 207.963 10531.2 6908.45 1613.7 815.858
pred_Ctot
 33.7475 4424.22 2017.44 257.365 0.00987466
 77.9831 159.125 4088.16 1319.28 164.694
 44.4766 826.446 300.7 5375.5 1906.94
 144.832 68.1972 185.993 41.9206 983.239
 706.369 157.673 12.9442 23.5262 126.153
 947.06 10751.9 423.968 24.3254 274.754
 4009.26 1998.68 2902.06 67.4474 45.8521
 7909.58 12816.3 809.962 705.353 26.6014
 8177.59 14666 2425.42 81.4344 70.4819
 12292.1 10330.4 2100.14 189.814 11.3995
 2558.05 30840.1 3835.56 491.3 45.6636
 809.995 5575.85 10113.7 794.618 107.931
 5649.22 3791.25 3858.44 4510.81 391.17
 3615.34 16180 1155.65 656.113 801.312
 2528.37 5841.4 1858.57 59.479 70.8134
 1084.65 2255.13 375.958 51.5089 3.39782
 571.839 2073.84 565.946 56.0047 7.89889
 435.017 1148.79 607.009 103.004 11.2702
 304.328 1168.48 481.422 164.018 30.0041
 1712.22 986.561 576.316 152.481 59.6924
 614.658 1538.54 133.439 48.3855 17.2531
 631.746 1992.62 926.074 55.57 26.695
 1209.37 2495.42 1433.28 458.753 39.7819
 823.161 4289.24 1536.35 596.31 202.256
 11.5159 3229.02 2739.87 649.616 328.687
F
 0.0143335 0.0959294 0.135139 0.138015 0.138164
 0.021849 0.146228 0.205997 0.21038 0.210609
 0.0909489 0.608693 0.857489 0.875733 0.876684
 0.0511301 0.342198 0.482068 0.492324 0.492858
 0.0181764 0.121649 0.171371 0.175018 0.175208
 0.115615 0.773777 1.09005 1.11324 1.11445
 0.104745 0.701026 0.987561 1.00857 1.00967
 0.166619 1.11513 1.57092 1.60434 1.60609
 0.154769 1.03582 1.4592 1.49024 1.49186
 0.0805242 0.538924 0.759203 0.775355 0.776197
 0.0795734 0.532561 0.750238 0.7662 0.767032
 0.0657841 0.440273 0.620229 0.633425 0.634113
 0.140769 0.942123 1.3272 1.35544 1.35691
 0.24403 1.63322 2.30077 2.34972 2.35227
 0.264356 1.76925 2.49242 2.54544 2.54821
 0.112436 0.752498 1.06007 1.08263 1.0838
 0.0882216 0.59044 0.831776 0.849472 0.850394
 0.0679468 0.454747 0.640619 0.654249 0.654959
 0.0694583 0.464863 0.65487 0.668803 0.669529
 0.0908035 0.60772 0.856118 0.874333 0.875282
 0.0280288 0.187588 0.264263 0.269885 0.270178
 0.0303289 0.202982 0.285949 0.292033 0.29235
 0.0413013 0.276417 0.3894 0.397684 0.398116
 0.0524115 0.350774 0.494149 0.504663 0.50521
 0.0797413 0.533684 0.751821 0.767817 0.76865
nmprior
 10 11 7 0
nm_flota  nm_reclas  nm_pelaces    nm_pelaL
inf 20.2358 17.1815 30.344
cv_recla  cv_pelaces  cv_mph
0.89844 1.14984 0.434992
 ------------------------------------------------
Talla a la edad & desviación 
 7.2 14.2025 17.0495 18.207 18.6776
 1.08 2.13037 2.55742 2.73105 2.80164
