years
 1997 1998 1999 2000 2001 2002 2003 2004 2005 2006 2007 2008 2009 2010 2011 2012 2013 2014 2015 2016 2017 2018 2019 2020 2021
reclasobs
 0 0 0 370054 412103 1.49427e+06 250295 1.28982e+06 931140 785840 897777 1.04006e+06 184774 17550 25797 100020 73551 82996 120727 218422 84188 347160 605670 569463 516374
reclaspred
 403798 116499 388614 284527 394662 467589 1.01105e+06 652092 693368 595778 460246 307903 187955 89898.3 65989.3 69149.4 87956.5 121381 128501 185378 267314 244929 421976 539981 594428
pelacesobs
 0 0 0 0 0 0 0 0 0 2.06254e+06 1.5e+06 0 1.87456e+06 323000 250000 174000 83755 137374 0 501740 490994 745055 786931 1.00524e+06 0
pelacespred
 1.40091e+06 362454 730370 813384 957240 960515 2.29866e+06 1.90205e+06 1.76125e+06 1.53888e+06 1.07296e+06 737976 448841 182087 131031 145569 192512 267258 292840 409496 651793 585460 796334 1.19365e+06 1.36959e+06
mphobs
 0 0 0 0 0 112323 0 153150 637223 0 255016 313432 73983 77613 109348 50772 0 0 0 0 0 0 0 0 0
mphpred
 146641 97017.6 125981 168554 168990 251040 378430 436713 362034 347378 308237 215247 132790 70321.1 35694.2 31822.3 39127.5 54791.4 68360 78647.3 117935 138791 174788 246489 358268
desembarqueobs
 350755 77701 442110 56441 14545 235359 269955 359681 431902 328805 639364 411747 362871 311530 167758 66681 60226 58785 57116 71774 51957 67425 138520 160799 200461
desembarquepred
 350764 77703.4 442137 56442.4 14545.1 235391 269980 359701 431958 328851 639691 412059 363303 312079 167841 66696.3 60245 58788.1 57114.5 71775.7 51958 67421.8 138522 160803 200461
Reclutas
 66749.1 84877.4 54423.1 83194.7 139213 101129 156131 137458 155146 144666 68794 40683.7 42277.4 24404.2 19662.9 25434.1 21519.7 24211.9 27550.4 49971.2 62750.4 81149.3 126581 160091 65017.9
log_desv_Rt
 0.0486965 0.288963 -0.155457 0.268939 0.783758 0.464147 0.898448 0.771076 0.892123 0.822182 0.0788713 -0.446418 -0.407991 -0.957492 -1.17351 -0.916152 -1.08328 -0.965401 -0.836227 -0.240797 -0.0130799 0.244046 0.688636 0.923501 0.0224177
SSB
 838219 554565 720124 963478 965967 1.43498e+06 2.16316e+06 2.49631e+06 2.06943e+06 1.98566e+06 1.76192e+06 1.23038e+06 759043 401964 204033 181900 223658 313195 390755 449558 674134 793347 999110 1.40896e+06 2.04791e+06
BT
 2.80272e+06 779685 1.55011e+06 1.51592e+06 1.72463e+06 1.90585e+06 4.29896e+06 3.81616e+06 3.55005e+06 3.07539e+06 2.50656e+06 1.70422e+06 1.16264e+06 628560 378631 316034 394298 525508 573614 791823 1.20938e+06 1.1114e+06 1.52105e+06 2.26917e+06 2.61741e+06
Ftot
 0.351493 0.267947 0.368712 0.0679415 0.0141409 0.144733 0.0905612 0.18218 0.210515 0.178161 0.387328 0.361772 0.568839 0.98821 0.879451 0.342771 0.244336 0.164014 0.139382 0.14139 0.0682533 0.0880222 0.104645 0.10228 0.0898487
BD_Bspro_t
 0.957404 0.799995 0.774871 0.6809 0.782503 0.875746 0.851682 0.855143 0.808231 0.769606 0.72869 0.583292 0.470834 0.357953 0.241967 0.262361 0.3852 0.553816 0.65964 0.735701 0.820064 0.874295 0.879119 0.881279 0.880337
BD_Bspro
 0.639724 0.423241 0.549594 0.735321 0.73722 1.09517 1.65091 1.90517 1.57938 1.51544 1.34469 0.939019 0.579297 0.306777 0.155716 0.138825 0.170694 0.239028 0.298222 0.3431 0.514495 0.605478 0.762515 1.07531 1.56295
BD_Bo
 0.55641 0.36812 0.478018 0.639557 0.641209 0.95254 1.4359 1.65705 1.37369 1.31808 1.16956 0.816727 0.503853 0.266824 0.135437 0.120745 0.148464 0.207899 0.259383 0.298417 0.44749 0.526624 0.66321 0.93527 1.3594
BD_Brms
 1.97107 1.30406 1.69337 2.26562 2.27147 3.37435 5.08666 5.87007 4.86628 4.66927 4.14315 2.89324 1.78489 0.945219 0.479782 0.427738 0.525931 0.736477 0.918859 1.05714 1.58523 1.86556 2.34941 3.31318 4.81565
S_f
 0.200865 1 1 1 1
 0.200865 1 1 1 1
 0.200865 1 1 1 1
 0.200865 1 1 1 1
 0.200865 1 1 1 1
 0.200865 1 1 1 1
 0.200865 1 1 1 1
 0.200865 1 1 1 1
 0.200865 1 1 1 1
 0.200865 1 1 1 1
 0.200865 1 1 1 1
 0.200865 1 1 1 1
 0.200865 1 1 1 1
 0.200865 1 1 1 1
 0.200865 1 1 1 1
 0.200865 1 1 1 1
 0.200865 1 1 1 1
 0.200865 1 1 1 1
 0.200865 1 1 1 1
 0.200865 1 1 1 1
 0.200865 1 1 1 1
 0.200865 1 1 1 1
 0.200865 1 1 1 1
 0.200865 1 1 1 1
 0.200865 1 1 1 1
Scru_reclas
 1 1 1 1 1
 1 1 1 1 1
 1 1 1 1 1
 1 1 1 1 1
 1 1 1 1 1
 1 1 1 1 1
 1 1 1 1 1
 1 1 1 1 1
 1 1 1 1 1
 1 1 1 1 1
 1 1 1 1 1
 1 1 1 1 1
 1 1 1 1 1
 1 1 1 1 1
 1 1 1 1 1
 1 1 1 1 1
 1 1 1 1 1
 1 1 1 1 1
 1 1 1 1 1
 1 1 1 1 1
 1 1 1 1 1
 1 1 1 1 1
 1 1 1 1 1
 1 1 1 1 1
 1 1 1 1 1
Scru_pelaces
 1 1 1 1 1
 1 1 1 1 1
 1 1 1 1 1
 1 1 1 1 1
 1 1 1 1 1
 1 1 1 1 1
 1 1 1 1 1
 1 1 1 1 1
 1 1 1 1 1
 1 1 1 1 1
 1 1 1 1 1
 1 1 1 1 1
 1 1 1 1 1
 1 1 1 1 1
 1 1 1 1 1
 1 1 1 1 1
 1 1 1 1 1
 1 1 1 1 1
 1 1 1 1 1
 1 1 1 1 1
 1 1 1 1 1
 1 1 1 1 1
 1 1 1 1 1
 1 1 1 1 1
 1 1 1 1 1
pf_obs 
 0.256992 0.487395 0.22802 0.0275931 0
 0.321318 0.546541 0.124235 0.00734118 0.000564706
 0.182869 0.594174 0.210203 0.0122559 0.00049798
 0.330522 0.361315 0.267642 0.0388342 0.00168674
 0.649043 0.306663 0.0425973 0.00169635 0
 0.582887 0.30429 0.105238 0.00758474 0
 0.465427 0.430635 0.0974691 0.00646863 0
 0.296916 0.608066 0.0921331 0.00288517 0
 0.311714 0.524322 0.152257 0.0117073 0
 0.15457 0.633149 0.183074 0.0267441 0.00246327
 0.131901 0.49318 0.331252 0.0422183 0.00144891
 0.196976 0.569456 0.194076 0.0375587 0.00193317
 0.518974 0.381816 0.0799577 0.0180837 0.00116848
 0.0928022 0.601141 0.25162 0.0475244 0.00691264
 0.122501 0.610282 0.24278 0.0234846 0.000952079
 0.383417 0.481906 0.127806 0.00687128 0
 0.0376549 0.599619 0.316969 0.0457579 0
 0.0361596 0.667082 0.258105 0.0386534 0
 0.158088 0.579412 0.248529 0.0139706 0
 0.0477256 0.309471 0.559284 0.082774 0.000745712
 0.0406174 0.521527 0.379366 0.0568643 0.0016247
 0.151134 0.462217 0.34131 0.0453401 0
 0.294876 0.26143 0.354403 0.0886775 0.000613685
 0.281977 0.475581 0.204845 0.0348837 0.00271318
 0 0 0 0 0
pf_pred 
 0.371018 0.443746 0.165644 0.0195817 1.02544e-05
 0.319339 0.527747 0.10788 0.0402701 0.00476305
 0.183627 0.592057 0.173922 0.0355525 0.0148409
 0.279981 0.410576 0.224417 0.0659247 0.0191015
 0.314786 0.456487 0.130426 0.0712901 0.02701
 0.177647 0.573275 0.165935 0.0474107 0.0357326
 0.261815 0.394535 0.239563 0.069342 0.0347444
 0.200136 0.518129 0.150578 0.0914314 0.0397255
 0.226488 0.444751 0.212961 0.0618906 0.0539082
 0.204951 0.48972 0.175557 0.0840624 0.0457093
 0.116786 0.51385 0.227514 0.0815603 0.0602894
 0.114055 0.390149 0.288452 0.127716 0.0796278
 0.190381 0.348799 0.202934 0.150036 0.107849
 0.177737 0.496931 0.140159 0.0815456 0.103627
 0.250402 0.475497 0.165652 0.046722 0.0617271
 0.334681 0.477097 0.119396 0.0415947 0.0272313
 0.229185 0.574735 0.140608 0.0351879 0.0202841
 0.239752 0.473839 0.213553 0.0522453 0.0206115
 0.238825 0.478302 0.176306 0.0794585 0.0271085
 0.331092 0.417763 0.157813 0.058171 0.0351611
 0.279352 0.521935 0.124105 0.0468815 0.0277262
 0.266852 0.487935 0.177598 0.0422289 0.0253866
 0.303249 0.455256 0.160723 0.0584997 0.0222722
 0.273219 0.504608 0.145167 0.0512497 0.0257557
 0.102797 0.594061 0.210474 0.0605498 0.0321192
pobs_RECLAS
 0 0 0 0 0
 0 0 0 0 0
 0 0 0 0 0
 0 0 0 0 0
 0.835266 0.146461 0.0176864 0.000547809 3.91292e-05
 0.385257 0.428462 0.181853 0.0044286 0
 0.867414 0.0963971 0.0333333 0.00285562 0
 0.441836 0.489002 0.0689373 0.000224442 0
 0.779404 0.147425 0.0564933 0.0165055 0.000172143
 0.814271 0.122319 0.05973 0.00367925 0
 0.40263 0.566651 0.0304383 0.000280538 0
 0.475488 0.404961 0.113038 0.00651328 0
 0.955842 0.0263864 0.0167828 0.000988607 0
 0.975058 0.0227948 0.00214734 0 0
 0.738997 0.206755 0.0527124 0.00153531 0
 0.850938 0.134255 0.0134407 0.00136685 0
 0.542534 0.407297 0.0501686 0 0
 0.764087 0.199537 0.0359546 0.000420521 0
 0.470689 0.182191 0.310203 0.0369168 0
 0.84361 0.089868 0.0606195 0.00523954 0.000663233
 0.607945 0.314616 0.071237 0.00620181 0
 0.523733 0.453247 0.0230204 0 0
 0.530135 0.295979 0.169645 0.0042399 0
 0.562478 0.366248 0.0663022 0.0049721 0
 0.250443 0.683176 0.0655157 0.000865301 0
ppred_RECLAS
 0.749942 0.176416 0.0658534 0.00778491 4.07673e-06
 0.703388 0.229977 0.0470109 0.0175485 0.0020756
 0.533813 0.338092 0.0993177 0.0203022 0.00847486
 0.660133 0.193802 0.105931 0.0311181 0.00901638
 0.69592 0.202577 0.0578798 0.0316366 0.0119863
 0.520053 0.334578 0.0968442 0.0276701 0.0208545
 0.639472 0.19269 0.117002 0.0338665 0.0169691
 0.557098 0.286899 0.0833782 0.0506275 0.0219969
 0.595881 0.232359 0.111261 0.0323346 0.0281642
 0.564381 0.268325 0.0961903 0.046059 0.0250448
 0.402659 0.34753 0.153874 0.0551614 0.0407753
 0.395785 0.266082 0.196724 0.0871024 0.0543063
 0.548922 0.194333 0.113064 0.0835925 0.0600877
 0.538923 0.27865 0.078593 0.045726 0.0581078
 0.640768 0.227874 0.0793858 0.0223907 0.0295817
 0.718782 0.20166 0.0504665 0.0175813 0.0115102
 0.600084 0.298185 0.0729505 0.0182562 0.0105238
 0.612946 0.241239 0.108723 0.0265989 0.0104937
 0.611398 0.244188 0.0900093 0.0405659 0.0138397
 0.712834 0.179348 0.06775 0.0249731 0.0150949
 0.659436 0.246656 0.0586495 0.0221553 0.0131029
 0.645391 0.236004 0.0859004 0.0204253 0.012279
 0.68536 0.205585 0.0725796 0.0264174 0.0100577
 0.652922 0.240978 0.0693253 0.0244745 0.0122997
 0.364256 0.420942 0.149138 0.0429046 0.0227592
pobs_PELACES
 0 0 0 0 0
 0 0 0 0 0
 0 0 0 0 0
 0 0 0 0 0
 0 0 0 0 0
 0 0 0 0 0
 0 0 0 0 0
 0 0 0 0 0
 0 0 0 0 0
 0 0 0 0 0
 0.450072 0.473896 0.0757376 0.000293798 0
 0 0 0 0 0
 0.463077 0.371075 0.160297 0.00555027 0
 0.529543 0.364841 0.0842815 0.0213345 0
 0.631943 0.363953 0.00410389 0 0
 0.735681 0.248677 0.0153453 0.000297389 0
 0.695825 0.281241 0.0229344 0 0
 0.275771 0.60734 0.115278 0.00161068 0
 0 0 0 0 0
 0.896147 0.0623911 0.0374545 0.00400742 0
 0.803859 0.145111 0.0509908 3.86294e-05 0
 0.739449 0.233085 0.0266225 0.000797448 4.60066e-05
 0.878498 0.100942 0.0204185 0.000141795 0
 0.694673 0.275183 0.0284847 0.00165964 0
 0 0 0 0 0
ppred_PELACES
 0.766919 0.164438 0.0613824 0.00725637 3.79995e-06
 0.717916 0.218713 0.0447084 0.016689 0.00197394
 0.557912 0.320615 0.0941836 0.0192526 0.00803676
 0.664141 0.191516 0.104681 0.0307511 0.00891004
 0.696709 0.202051 0.0577297 0.0315546 0.0119552
 0.529571 0.327943 0.0949236 0.0271213 0.0204409
 0.644959 0.189757 0.115221 0.033351 0.0167108
 0.568918 0.279243 0.0811531 0.0492765 0.0214098
 0.609175 0.224715 0.107601 0.0312709 0.0272377
 0.575895 0.261232 0.0936478 0.0448416 0.0243828
 0.427452 0.333106 0.147487 0.0528718 0.0390829
 0.418811 0.255942 0.189227 0.0837829 0.0522367
 0.585727 0.178477 0.103839 0.076772 0.055185
 0.602673 0.240123 0.0677266 0.0394038 0.0500737
 0.692242 0.195222 0.0680106 0.0191823 0.0253429
 0.736687 0.188821 0.0472533 0.0164619 0.0107773
 0.615443 0.286733 0.0701488 0.0175551 0.0101197
 0.623156 0.234875 0.105855 0.0258973 0.0102169
 0.620094 0.238723 0.0879949 0.0396581 0.01353
 0.720406 0.174619 0.0659636 0.0243147 0.0146969
 0.663467 0.243737 0.0579554 0.0218931 0.0129478
 0.650686 0.232481 0.0846179 0.0201203 0.0120957
 0.69128 0.201717 0.0712139 0.0259203 0.00986846
 0.659009 0.236752 0.0681095 0.0240453 0.012084
 0.36976 0.417297 0.147847 0.0425331 0.0225621
pobs_pel_tallas
 0 0 0 0 0 0 0 0 0 0 0 0 0 0 0 0 0 0 0 0 0 0 0 0 0 0 0 0 0 0 0 0 0 0 0 0
 0 0 0 0 0 0 0 0 0 0 0 0 0 0 0 0 0 0 0 0 0 0 0 0 0 0 0 0 0 0 0 0 0 0 0 0
 0 0 0 0 0 0 0 0 0 0 0 0 0 0 0 0 0 0 0 0 0 0 0 0 0 0 0 0 0 0 0 0 0 0 0 0
 0 0 0 0 0 0 0 0 0 0 0 0 0 0 0 0 0 0 0 0 0 0 0 0 0 0 0 0 0 0 0 0 0 0 0 0
 0 0 0 0 0 0 0 0 0 0 0 0 0 0 0 0 0 0 0 0 0 0 0 0 0 0 0 0 0 0 0 0 0 0 0 0
 0 0 0 0 0 0 0 0 0 0 0 0 0 0 0 0 0 0 0 0 0 0 0 0 0 0 0 0 0 0 0 0 0 0 0 0
 0 0 0 0 0 0 0 0 0 0 0 0 0 0 0 0 0 0 0 0 0 0 0 0 0 0 0 0 0 0 0 0 0 0 0 0
 0 0 0 0 0 0 0 0 0 0 0 0 0 0 0 0 0 0 0 0 0 0 0 0 0 0 0 0 0 0 0 0 0 0 0 0
 0 0 0 0 0 0 0 0 0 0 0 0 0 0 0 0 0 0 0 0 0 0 0 0 0 0 0 0 0 0 0 0 0 0 0 0
 0 0 0 0 0 0 0 0 0 0 0 0 0 0 0 0 0 0 0 0 0 0 0 0 0 0 0 0 0 0 0 0 0 0 0 0
 0 0 0 0 0 0 0 0 1.78061e-05 0.00172719 0.00360574 0.0105946 0.0120993 0.0124554 0.0147524 0.0171206 0.0266825 0.0428682 0.0675386 0.121331 0.153587 0.119568 0.100827 0.0573624 0.0630603 0.0341343 0.0324427 0.0444173 0.0211091 0.0280891 0.0125444 0.00206551 0 0 0 0
 0 0 0 0 0 0 0 0 0 0 0 0 0 0 0 0 0 0 0 0 0 0 0 0 0 0 0 0 0 0 0 0 0 0 0 0
 0 0 0 0 0 0 0.0133647 0.0140871 0.0187388 0.0205184 0.03894 0.0496705 0.03968 0.0493445 0.0407372 0.0367815 0.0215668 0.0243155 0.0234873 0.0199281 0.019796 0.0243948 0.0301388 0.0376714 0.0412746 0.0863199 0.0771752 0.113111 0.0741005 0.0525337 0.0229764 0.00759418 0.00175318 0 0 0
 0 0 0 0 0 0 0 0 0 0 0.00219441 0.00772107 0.0458388 0.0604681 0.0671733 0.0775358 0.0609151 0.0617685 0.073594 0.0568108 0.0755445 0.0548602 0.0670107 0.0636378 0.0643287 0.046367 0.0373049 0.0286899 0.0247887 0.0153202 0.00654259 0.00121912 0.000365735 0 0 0
 0 0 0 0 0 0 0 0 0 0 0 0 0.000112435 0.00938835 0.0111873 0.0202946 0.0414886 0.0713402 0.111592 0.104902 0.108894 0.110636 0.117776 0.105296 0.107544 0.0401394 0.0192827 0.0124803 0.00416011 0.0028671 0.000618394 0 0 0 0 0
 0 0 0 0 0 0 0 0 0 0 0.00291406 0.0102884 0.027416 0.0768956 0.0749926 0.110853 0.0956884 0.0897413 0.0766577 0.0534642 0.0500743 0.0551293 0.0594112 0.0620874 0.0668451 0.0424026 0.0208742 0.0120726 0.0048766 0.00582813 0.00118941 0.000297354 0 0 0 0
 0 0.00264628 0.0354308 0.0461629 0.0458689 0.0383711 0.0214643 0.0164657 0.0346957 0.0420465 0.0363128 0.0245516 0.0311673 0.0291091 0.0169068 0.0133784 0.00837989 0.0085269 0.0148486 0.0160247 0.0276389 0.0546898 0.0760071 0.122758 0.109233 0.0665981 0.0333725 0.0166128 0.00676272 0.00308733 0.000882094 0 0 0 0 0
 0 0 0 0 0 0 0 0.000805153 0.000690131 0.00759144 0.0133425 0.0154129 0.00931677 0.000345066 0.00356568 0.00563607 0.00851162 0.0253048 0.0502646 0.0516448 0.0657925 0.0565908 0.0611916 0.0827007 0.0866115 0.110766 0.145733 0.0935128 0.0569358 0.0249597 0.0138026 0.00621118 0.00161031 0.00115022 0 0
 0 0 0 0 0 0 0 0 0 0 0 0 0 0 0 0 0 0 0 0 0 0 0 0 0 0 0 0 0 0 0 0 0 0 0 0
 0.00147267 0.00158595 0.00478618 0.00569244 0.00954404 0.0108468 0.00647125 0.017049 0.0510054 0.094081 0.124002 0.0959785 0.0687766 0.0820023 0.061753 0.0591476 0.0492212 0.0479892 0.0443925 0.0268479 0.0217502 0.0140895 0.0121071 0.0120363 0.00920419 0.00665534 0.0049561 0.00860946 0.00930331 0.0156896 0.0114698 0.00855282 0.00243557 0.00046729 0 2.83206e-05
 0 0 0 0 0.000772559 0.00158375 0.000888443 0.00281984 0.00712685 0.0440552 0.0773331 0.111326 0.0921469 0.0852325 0.0710754 0.0886704 0.0786465 0.0553345 0.0373146 0.0185414 0.00753245 0.00457741 0.012979 0.0271748 0.0457355 0.0583668 0.034881 0.0177882 0.00938659 0.00492506 0.0015258 0.00185414 0.000309023 5.79419e-05 3.86279e-05 0
 0 0.00173294 0.00326652 0 0.00397197 0.00683976 0.00946217 0.0152591 0.00757587 0.0136028 0.0228656 0.0392903 0.0559909 0.0764795 0.0681675 0.0726916 0.0566044 0.0477403 0.0527397 0.0444891 0.0609904 0.0582453 0.0661739 0.0445044 0.0529084 0.0360697 0.0280645 0.0235558 0.0158879 0.00826598 0.00280645 0.00217768 0.000904811 0.00058276 9.20147e-05 0
 0 0 0 0 0 0 0 0 0 0 0 0 0 0 0 0 0 0 0 0 0 0 0 0 0 0 0 0 0 0 0 0 0 0 0 0
 0 0 0 0 0 0 0 0 0 0 0 0 0 0 0 0 0 0 0 0 0 0 0 0 0 0 0 0 0 0 0 0 0 0 0 0
 0 0 0 0 0 0 0 0 0 0 0 0 0 0 0 0 0 0 0 0 0 0 0 0 0 0 0 0 0 0 0 0 0 0 0 0
ppred_pel_tallas
 1.01175e-16 3.34607e-05 0.00019639 0.000933553 0.00359424 0.0112083 0.0283113 0.0579285 0.0960226 0.128955 0.140326 0.123771 0.0885847 0.0516698 0.0250225 0.0109316 0.00574115 0.0051478 0.00651369 0.00867753 0.0111586 0.0136603 0.0159066 0.017639 0.0186616 0.0188814 0.0183257 0.0171266 0.0154813 0.0136028 0.0116768 0.00983659 0.00815848 0.00667222 0.0053786 0.00426548
 1.01372e-16 3.13261e-05 0.000183853 0.000873939 0.00336469 0.0104925 0.0265032 0.0542295 0.0898929 0.120729 0.131389 0.115924 0.0830475 0.0485981 0.0238301 0.0109134 0.00645181 0.00643398 0.00838856 0.0111985 0.014352 0.0174822 0.0202286 0.0222549 0.0233147 0.0233055 0.0222899 0.0204714 0.0181379 0.0155911 0.0130856 0.010794 0.00880108 0.00712115 0.00572541 0.00456839
 1.02479e-16 2.43534e-05 0.000142907 0.000679259 0.00261509 0.00815483 0.0205987 0.0421492 0.0698728 0.0938552 0.10218 0.090243 0.0648444 0.0383394 0.0195342 0.0101872 0.00773172 0.00910483 0.0123989 0.0166949 0.0214683 0.0262378 0.0304849 0.0337144 0.0355544 0.0358381 0.0346351 0.0322192 0.0289885 0.0253658 0.0217129 0.0182812 0.0152037 0.0125181 0.0102048 0.00822126
 1.03022e-16 2.89803e-05 0.000170083 0.000808481 0.00311267 0.00970655 0.024518 0.0501675 0.0831595 0.111685 0.121547 0.10724 0.0768243 0.0449538 0.0220406 0.0100951 0.00598185 0.00600159 0.00788579 0.0106255 0.0137765 0.0170294 0.0200741 0.022609 0.0243936 0.025295 0.0253081 0.0245407 0.0231726 0.0214043 0.019414 0.0173344 0.01525 0.0132103 0.0112471 0.00938847
 1.02529e-16 3.04007e-05 0.000178421 0.000848122 0.00326529 0.0101825 0.0257202 0.0526273 0.087237 0.117161 0.127505 0.112493 0.0805813 0.0471384 0.0230844 0.0105236 0.00615984 0.00610312 0.0079622 0.0106657 0.0137354 0.016837 0.0196424 0.0218419 0.023202 0.0236145 0.0231158 0.0218658 0.0200987 0.0180612 0.0159613 0.0139392 0.0120655 0.0103578 0.008805 0.0073896
 1.03342e-16 2.31179e-05 0.000135653 0.00064477 0.0024823 0.00774071 0.0195527 0.040009 0.0663258 0.089093 0.0970018 0.0856837 0.0615997 0.0364841 0.0187057 0.00994562 0.00777973 0.00931079 0.012732 0.0171658 0.0220974 0.027043 0.0314769 0.0348958 0.0369205 0.0373792 0.0363388 0.034071 0.0309717 0.0274593 0.0238888 0.0205031 0.0174267 0.0146917 0.0122768 0.0101431
 1.03625e-16 2.81438e-05 0.000165172 0.000785135 0.00302278 0.00942624 0.02381 0.0487188 0.0807583 0.108461 0.118039 0.104149 0.0746173 0.0436779 0.0214443 0.00987268 0.0059226 0.00600636 0.00792562 0.0107042 0.0139127 0.0172499 0.0204114 0.0230983 0.0250683 0.026182 0.0264222 0.0258804 0.0247181 0.0231181 0.0212436 0.0192176 0.0171216 0.0150085 0.0129191 0.0108943
 1.03937e-16 2.48315e-05 0.000145718 0.000692632 0.00266659 0.00831545 0.0210043 0.0429789 0.0712469 0.0956967 0.104174 0.0919775 0.0660334 0.0389272 0.0196217 0.00989013 0.00709653 0.00810652 0.0109786 0.0148014 0.019091 0.0234295 0.0273729 0.0304957 0.0324748 0.0331587 0.0325932 0.0309931 0.0286736 0.0259667 0.0231507 0.0204121 0.0178433 0.0154667 0.0132688 0.0112301
 1.03948e-16 2.65848e-05 0.000156016 0.000741601 0.00285515 0.00890348 0.0224896 0.0460174 0.0762818 0.102453 0.111512 0.0984148 0.0705657 0.0414197 0.020547 0.00981517 0.00637215 0.00684283 0.0091514 0.012357 0.0160128 0.0197738 0.0232815 0.026187 0.0282154 0.0292199 0.0292046 0.0283051 0.026739 0.0247435 0.0225243 0.0202278 0.0179396 0.0157021 0.013537 0.0114647
 1.04095e-16 2.51351e-05 0.000147502 0.000701116 0.00269926 0.00841733 0.0212617 0.0435053 0.0721189 0.0968662 0.105442 0.0930859 0.0668044 0.0393322 0.0197346 0.00979826 0.00684748 0.00770526 0.0104088 0.0140475 0.0181538 0.0223357 0.0261783 0.029281 0.0313354 0.0321888 0.0318696 0.0305616 0.0285429 0.0261096 0.0235125 0.0209229 0.0184309 0.0160672 0.0138334 0.0117274
 1.05846e-16 1.86653e-05 0.000109512 0.000520491 0.00200378 0.00624849 0.0157835 0.032297 0.0535434 0.0719301 0.0783344 0.0692396 0.0498765 0.0297401 0.0156176 0.00890579 0.00769119 0.00967356 0.0134174 0.0182104 0.0235998 0.029123 0.0342583 0.0384926 0.0414224 0.0428366 0.0427485 0.0413669 0.0390204 0.0360649 0.032806 0.0294575 0.0261407 0.0229102 0.0197896 0.0168011
 1.0809e-16 1.82854e-05 0.000107289 0.000509936 0.00196317 0.00612187 0.0154635 0.0316419 0.0524554 0.0704629 0.0767219 0.0677795 0.0487491 0.0289171 0.0149121 0.00807919 0.00652444 0.00798818 0.011082 0.0151591 0.0198624 0.0248532 0.029744 0.0341366 0.0376936 0.040197 0.0415757 0.0418884 0.041278 0.0399143 0.0379497 0.0355004 0.0326523 0.0294811 0.0260744 0.022542
 1.06749e-16 2.55604e-05 0.000150007 0.00071304 0.0027452 0.00856062 0.0216235 0.044245 0.0733427 0.0985024 0.107204 0.0945947 0.0677864 0.0397078 0.0195494 0.00909486 0.00559236 0.00579485 0.00771834 0.0104891 0.0137292 0.0171754 0.0205583 0.0236089 0.0261035 0.0279029 0.0289685 0.0293482 0.0291409 0.028456 0.0273816 0.0259732 0.0242616 0.0222718 0.0200425 0.0176376
 1.04734e-16 2.63017e-05 0.000154354 0.000733693 0.0028247 0.00880852 0.0222497 0.0455268 0.0754689 0.101362 0.110328 0.0973787 0.0698408 0.0410303 0.02042 0.00986301 0.00654192 0.00711866 0.00953504 0.0128484 0.0165975 0.0204172 0.0239293 0.0267729 0.0286732 0.0295 0.0292881 0.0282123 0.0265288 0.0245035 0.0223535 0.0202169 0.0181539 0.01617 0.0142481 0.0123743
 1.02873e-16 3.02056e-05 0.000177277 0.000842682 0.00324435 0.0101172 0.0255553 0.0522898 0.0866773 0.116409 0.126685 0.111768 0.0800564 0.0468209 0.0229098 0.0104123 0.00605288 0.00596661 0.00778004 0.0104337 0.0134601 0.0165368 0.0193476 0.0215922 0.0230415 0.023585 0.023249 0.0221778 0.0205872 0.0187061 0.0167282 0.0147856 0.0129468 0.0112324 0.00963849 0.00815639
 1.01802e-16 3.21434e-05 0.000188654 0.00089677 0.00345261 0.0107666 0.0271957 0.0556461 0.0922402 0.123878 0.134808 0.118921 0.0851516 0.049743 0.0242307 0.0108266 0.00603147 0.00572032 0.00735911 0.00981925 0.0126113 0.0154101 0.0179046 0.0198048 0.0208949 0.0210805 0.0204058 0.0190338 0.0171988 0.0151469 0.0130855 0.0111549 0.00942474 0.00790896 0.00658932 0.00543708
 1.02166e-16 2.68606e-05 0.00015763 0.00074926 0.00288462 0.00899536 0.0227217 0.0464928 0.0770715 0.103518 0.112684 0.0994791 0.0713937 0.0420357 0.0210923 0.0104703 0.00730551 0.00819381 0.0110239 0.0148033 0.0190089 0.0231963 0.0269001 0.0296795 0.0312076 0.0313435 0.03016 0.0279128 0.0249683 0.0217117 0.0184698 0.0154652 0.0128104 0.0105288 0.00859088 0.00694665
 1.02947e-16 2.71949e-05 0.000159597 0.000758622 0.00292068 0.00910783 0.0230058 0.0470736 0.0780327 0.104805 0.114072 0.100676 0.0721912 0.0423813 0.0210375 0.0100706 0.00656299 0.00706006 0.00943399 0.0127149 0.0164351 0.0202289 0.0237167 0.0265311 0.028386 0.0291342 0.0287922 0.027519 0.0255635 0.0231973 0.020658 0.0181171 0.0156767 0.0133846 0.0112591 0.00930844
 1.03322e-16 2.70615e-05 0.000158814 0.000754897 0.00290634 0.0090631 0.0228928 0.0468425 0.0776497 0.104291 0.113514 0.100186 0.071844 0.0421871 0.0209586 0.0100615 0.00659337 0.00711681 0.0095131 0.0128139 0.0165488 0.0203481 0.0238286 0.0266222 0.0284454 0.029158 0.0287865 0.0275011 0.0255601 0.02324 0.020777 0.018335 0.0160035 0.0138156 0.0117755 0.00988111
 1.02516e-16 3.14329e-05 0.000184484 0.000876948 0.00337629 0.0105286 0.0265945 0.0544161 0.090201 0.121139 0.131826 0.116287 0.0832567 0.0486196 0.0236537 0.0105202 0.005797 0.00545253 0.00701523 0.00939307 0.012124 0.0149098 0.0174653 0.0195205 0.0208678 0.0214042 0.0211485 0.0202245 0.0188201 0.0171368 0.0153467 0.0135689 0.0118684 0.0102693 0.00877439 0.00738243
 1.0226e-16 2.89529e-05 0.000169917 0.000807685 0.00310959 0.00969692 0.0244937 0.0501182 0.0830793 0.111582 0.121445 0.107176 0.0768351 0.0450736 0.022309 0.0105674 0.0067312 0.00711002 0.0094255 0.0126338 0.0162299 0.0198236 0.0230187 0.025442 0.0268163 0.0270214 0.0261168 0.0243156 0.021923 0.0192589 0.0165926 0.0141056 0.0118872 0.00995354 0.0082789 0.00682356
 1.02534e-16 2.83952e-05 0.000166644 0.000792125 0.00304968 0.0095101 0.0240219 0.0491526 0.0814785 0.109431 0.119104 0.105108 0.0753488 0.0441942 0.0218606 0.010335 0.00656094 0.00692235 0.00919081 0.0123519 0.0159225 0.0195329 0.0228055 0.0253797 0.0269799 0.0274737 0.026895 0.0254214 0.0233195 0.020875 0.0183338 0.0158687 0.013575 0.0114872 0.00960513 0.00791678
 1.02429e-16 3.0164e-05 0.000177032 0.000841515 0.00323986 0.0101032 0.0255198 0.0522174 0.0865574 0.116248 0.126512 0.111619 0.0799582 0.0467803 0.0229212 0.0104704 0.0061594 0.00613056 0.00801331 0.0107461 0.0138547 0.0170065 0.0198728 0.0221415 0.0235741 0.0240556 0.0236139 0.0224009 0.0206439 0.0185858 0.0164348 0.0143358 0.0123674 0.0105575 0.00890554 0.00740312
 1.02435e-16 2.87582e-05 0.000168775 0.000802257 0.00308869 0.00963175 0.0243291 0.0497813 0.0825207 0.110831 0.120627 0.106452 0.0763113 0.0447568 0.0221349 0.0104569 0.00662566 0.00697619 0.00924819 0.0124101 0.0159681 0.019544 0.0227535 0.0252324 0.0267069 0.0270525 0.0263167 0.0246947 0.022471 0.0199463 0.0173756 0.0149334 0.0127095 0.0107269 0.00897106 0.00741527
 1.04751e-16 1.61531e-05 9.47553e-05 0.000450319 0.00173358 0.00540583 0.0136551 0.0279428 0.0463287 0.0622497 0.067823 0.0600221 0.0433967 0.0261971 0.0143434 0.00910124 0.00887113 0.0117015 0.0163511 0.0221483 0.0285803 0.0350683 0.0409511 0.0455849 0.048477 0.0493908 0.0483877 0.0457865 0.0420637 0.0377292 0.0332202 0.0288422 0.0247615 0.0210364 0.0176643 0.0146232
pSPR Fmed_Fpbrs
0.741195   0.332288 0.332288
Fs Fmed_Fpbrs
0.182141   1.005 1.005
SSBpbr Bo_Bmed_Bpbrs
1.50648e+06  1.04127e+06  425261 425261
Ro
63576.6
SPR SPRFo_SPRFmed_SPRFpbrs
1.31028e+06 971176 435391
log_Ro
10.88
likeval ReclasPelacesDesembMPH_pf_preclas_ppelaces_ptallas_desvR_qrecl_qpela
 63.5074 24.2441 0.0291434 0.000203256 289.966 201.748 71.2916 0 16.168 0.000101153 0 0 0 0 0
q_reclas_q_pelaces
0.240463 1
M
0.7
N
 66749.1 18069.7 6745.14 797.382 0.417566
 84877.4 30887.1 6313.82 2356.86 278.764
 54423.1 39940.3 11732.8 2398.38 1001.17
 83194.7 25096.5 13717.5 4029.65 1167.58
 139213 40753.3 11643.9 6364.48 2411.34
 101129 68934.9 19953.3 5701.01 4296.75
 156131 48780 29619.4 8573.39 4295.76
 137458 76134.6 22126.1 13435.1 5837.32
 155146 65807.1 31510.6 9157.56 7976.45
 144666 73853.4 26475.3 12677.2 6893.3
 68794 69313.5 30689.5 11001.7 8132.47
 40683.7 31605 23366.7 10345.9 6450.44
 42277.4 18786.9 10930.3 8081.2 5808.9
 24404.2 18727.5 5282.08 3073.15 3905.31
 19662.9 9936.91 3461.78 976.393 1289.97
 25434.1 8183.18 2047.88 713.432 467.071
 21519.7 11789.9 2884.38 721.83 416.1
 24211.9 10174.6 4585.53 1121.84 442.584
 27550.4 11633.6 4288.24 1932.65 659.354
 49971.2 13303.4 5025.46 1852.42 1119.69
 62750.4 24120.1 5735.25 2166.53 1281.31
 81149.3 30736.6 11187.5 2660.14 1599.19
 126581 39591.3 13977.3 5087.42 1936.9
 160091 61550.7 17707.1 6251.29 3141.61
 65017.9 77882.5 27593.5 7938.2 4210.89
pred_Ctot
 3285.68 3929.74 1466.91 173.412 0.0908109
 3208.4 5302.28 1083.87 404.594 47.8544
 2805.94 9047.02 2657.65 543.266 226.779
 811.606 1190.17 650.54 191.102 55.3713
 284.016 411.867 117.678 64.3217 24.3699
 2087.4 6736.14 1949.79 557.089 419.868
 2026.17 3053.28 1853.96 536.633 268.884
 3559.59 9215.34 2678.15 1626.18 706.55
 4630.92 9093.66 4354.34 1265.45 1102.24
 3664.9 8757.1 3139.28 1503.19 817.367
 3719.87 16367.2 7246.79 2597.86 1920.34
 2059.33 7044.37 5208.16 2305.98 1437.72
 3304.61 6054.4 3522.5 2604.31 1872.02
 3196.12 8935.95 2520.38 1466.37 1863.44
 2313.23 4392.68 1530.3 431.621 570.239
 1221.85 1741.78 435.889 151.853 99.4153
 743.317 1864.04 456.036 114.125 65.7876
 565.374 1117.39 503.592 123.203 48.6054
 547.903 1097.3 404.474 182.291 62.1914
 1007.93 1271.78 480.425 177.088 107.04
 614.954 1148.97 273.199 103.203 61.0353
 1023.81 1872.02 681.375 162.016 97.3988
 1895.79 2846.07 1004.77 365.715 139.236
 2343.97 4329.08 1245.4 439.675 220.96
 837.176 4838.04 1714.1 493.118 261.579
F
 0.0706025 0.351493 0.351493 0.351493 0.351493
 0.0538211 0.267947 0.267947 0.267947 0.267947
 0.0740613 0.368712 0.368712 0.368712 0.368712
 0.0136471 0.0679415 0.0679415 0.0679415 0.0679415
 0.00284042 0.0141409 0.0141409 0.0141409 0.0141409
 0.0290717 0.144733 0.144733 0.144733 0.144733
 0.0181906 0.0905612 0.0905612 0.0905612 0.0905612
 0.0365935 0.18218 0.18218 0.18218 0.18218
 0.042285 0.210515 0.210515 0.210515 0.210515
 0.0357864 0.178161 0.178161 0.178161 0.178161
 0.0778005 0.387328 0.387328 0.387328 0.387328
 0.0726673 0.361772 0.361772 0.361772 0.361772
 0.11426 0.568839 0.568839 0.568839 0.568839
 0.198497 0.98821 0.98821 0.98821 0.98821
 0.176651 0.879451 0.879451 0.879451 0.879451
 0.0688507 0.342771 0.342771 0.342771 0.342771
 0.0490786 0.244336 0.244336 0.244336 0.244336
 0.0329447 0.164014 0.164014 0.164014 0.164014
 0.0279969 0.139382 0.139382 0.139382 0.139382
 0.0284003 0.14139 0.14139 0.14139 0.14139
 0.0137097 0.0682533 0.0682533 0.0682533 0.0682533
 0.0176806 0.0880222 0.0880222 0.0880222 0.0880222
 0.0210195 0.104645 0.104645 0.104645 0.104645
 0.0205444 0.10228 0.10228 0.10228 0.10228
 0.0180474 0.0898487 0.0898487 0.0898487 0.0898487
nmprior
 10 11 7 0
nm_flota  nm_reclas  nm_pelaces    nm_pelaL
inf 12.7289 20.2882 37.0418
cv_recla  cv_pelaces  cv_mph
0.720837 0.579385 0.462552
 ------------------------------------------------
Talla a la edad & desviación 
 7.2 14.2025 17.0495 18.207 18.6776
 1.08 2.13037 2.55742 2.73105 2.80164
