    unsorted:	 5.223184694e-06 9.299613246e-06 1.458956543e-05 0.0008999971182 0.004780801687 865.3365382 827.7167942 898.7358016 742.0036963 693.4332761 650.5395027 943.2837610 604.7861779 433.1561465 450.2898445 1095.081154 1159.439571 1322.954123 1270.914262 1343.337206 278.8119386 92.29426632 112.1040967 64.40470806 34.10298315 151.3869795 1574.000306 1677.762029 1998.253594 1971.516857 2294.429388 2350.683586 2761.865940 3046.013318 3307.939311 3513.649047 32363.71752 41384.88642 92540.94729 196394.3631 252830.2158 369670.1070 444904.6529 496449.2321 539865.9868 573968.3749 591174.2396 616783.8041 632604.5621 692068.4945 779722.3864 796607.3824 873193.6748 1015979.527 1083022.646 1215375.285 1374202.069 1484011.608 1648236.688 1773131.969 1978936.016 2162970.098 2387351.772 2519996.192 5863011.804
      sorted:	 5.223184694e-06 9.299613246e-06 1.458956543e-05 0.0008999971182 0.004780801687 34.10298315 64.40470806 92.29426632 112.1040967 151.3869795 278.8119386 433.1561465 450.2898445 604.7861779 650.5395027 693.4332761 742.0036963 827.7167942 865.3365382 898.7358016 943.2837610 1095.081154 1159.439571 1270.914262 1322.954123 1343.337206 1574.000306 1677.762029 1971.516857 1998.253594 2294.429388 2350.683586 2761.865940 3046.013318 3307.939311 3513.649047 32363.71752 41384.88642 92540.94729 196394.3631 252830.2158 369670.1070 444904.6529 496449.2321 539865.9868 573968.3749 591174.2396 616783.8041 632604.5621 692068.4945 779722.3864 796607.3824 873193.6748 1015979.527 1083022.646 1215375.285 1374202.069 1484011.608 1648236.688 1773131.969 1978936.016 2162970.098 2387351.772 2519996.192 5863011.804
