    unsorted:	 2.299784053e-06 2.321330732e-06 -1.077838107e-05 5.306977317e-05 0.0008999976864 0.007001698511 47.68529997 60.05971490 103.5170358 179.7778246 189.9064823 386.6668881 526.2235806 568.5298127 749.0704610 789.3862486 941.6351785 1043.264831 1187.982558 1250.641376 1340.729282 1523.473133 1707.754047 1995.742476 1977.655633 2181.917176 2433.199306 2630.323656 3213.203225 3365.163315 3586.074960 3863.073650 4155.359463 4584.675894 5012.980577 5263.124291 5722.267885 5839.799368 22056.47906 196460.0714 374707.1988 387757.9263 410342.2025 314314.7176 449271.0790 477969.3455 487168.4104 506555.4143 522352.7179 529246.6787 586872.5414 613999.5434 675155.7432 755117.5835 848807.2460 916182.3300 1092532.676 1132477.921 1386037.977 1649743.856 1882496.959 2106366.459 2314862.286 2635879.724 5941835.658
      sorted:	 -1.077838107e-05 2.299784053e-06 2.321330732e-06 5.306977317e-05 0.0008999976864 0.007001698511 47.68529997 60.05971490 103.5170358 179.7778246 189.9064823 386.6668881 526.2235806 568.5298127 749.0704610 789.3862486 941.6351785 1043.264831 1187.982558 1250.641376 1340.729282 1523.473133 1707.754047 1977.655633 1995.742476 2181.917176 2433.199306 2630.323656 3213.203225 3365.163315 3586.074960 3863.073650 4155.359463 4584.675894 5012.980577 5263.124291 5722.267885 5839.799368 22056.47906 196460.0714 314314.7176 374707.1988 387757.9263 410342.2025 449271.0790 477969.3455 487168.4104 506555.4143 522352.7179 529246.6787 586872.5414 613999.5434 675155.7432 755117.5835 848807.2460 916182.3300 1092532.676 1132477.921 1386037.977 1649743.856 1882496.959 2106366.459 2314862.286 2635879.724 5941835.658
