years
 1997 1998 1999 2000 2001 2002 2003 2004 2005 2006 2007 2008 2009 2010 2011 2012 2013 2014 2015 2016 2017 2018 2019 2020 2021
reclasobs
 0 0 0 370054 412103 1.49427e+06 250295 1.28982e+06 931140 785840 897777 1.04006e+06 184774 17550 25797 100020 73551 82996 120727 218422 84188 347160 605670 569463 516374
reclaspred
 1.95457e+06 248511 333125 113611 244680 258541 558886 459512 608422 1.03178e+06 936029 596658 366437 159761 97965.6 93064.7 104788 124655 109022 178528 315289 284574 423541 386124 273498
pelacesobs
 0 0 0 0 0 0 0 0 0 2.06254e+06 1.5e+06 0 1.87456e+06 323000 250000 174000 83755 137374 0 501740 490994 745055 786931 1.00524e+06 0
pelacespred
 1.26824e+06 462117 145075 113962 219608 156866 519909 416649 555673 954050 718496 467565 310254 105740 66893.3 67387.4 78865.9 95275.5 82329.9 141154 276117 236003 276709 295008 198185
mphobs
 0 0 0 0 0 112323 0 153150 637223 0 255016 313432 73983 77613 109348 50772 0 0 0 0 0 0 0 0 0
mphpred
 1.96673e+06 839979 373404 180143 133724 333267 374041 496797 522062 728318 1.23801e+06 866467 479267 268258 115472 92021 102881 124202 132009 128412 259631 344885 392689 451263 435957
desembarqueobs
 350755 77701 442110 56441 14545 235359 269955 359681 431902 328805 639364 411747 362871 311530 167758 66681 60226 58785 57116 71774 51957 67425 138520 160799 200461
desembarquepred
 350744 77681.5 441623 56422.1 14543.9 235239 269870 359202 431514 328583 638738 411426 362355 311134 167450 66639 60210.5 58748.7 57075.8 71716 51945.5 67390.1 138449 160729 200431
Reclutas
 9060.58 13475.3 2146.13 10632.6 55098 18363.5 56959.5 71231.6 96413.6 208661 55329.4 25443.2 52603.2 23245.8 15063.4 15064.4 10306.1 10075.2 8386.18 28105.9 33280.8 33536.7 43793.4 31547.7 669.911
log_desv_Rt
 -0.868312 -0.47139 -2.30858 -0.708317 0.936869 -0.161882 0.970096 1.19369 1.4964 2.26847 0.94106 0.164205 0.890531 0.0738791 -0.359975 -0.359914 -0.73951 -0.762171 -0.945659 0.263733 0.432737 0.440395 0.707238 0.379255 -3.47285
SSB
 1.96673e+06 839979 373404 180143 133724 333267 374041 496797 522062 728318 1.23801e+06 866467 479267 268258 115472 92021 102881 124202 132009 128412 259631 344885 392689 451263 435957
BT
 2.49166e+06 995768 507220 270194 405587 463740 1.12707e+06 1.13173e+06 1.38601e+06 2.01257e+06 1.83925e+06 1.20623e+06 913872 485243 258110 175275 189951 217961 196949 311339 535312 486087 592261 665064 530320
Ftot
 0.126491 0.230132 0.870954 0.438028 0.103575 0.693745 0.620805 1.00851 0.947995 0.487228 0.545227 0.518487 0.982018 1.63655 1.76793 0.744866 0.576076 0.453537 0.448777 0.542178 0.177317 0.209961 0.284746 0.355708 0.489159
BD_Bspro_t
 0.980247 0.854748 0.64193 0.31506 0.407066 0.683946 0.527759 0.544372 0.510641 0.544366 0.636591 0.473062 0.337419 0.252823 0.14507 0.1445 0.210141 0.314764 0.383125 0.43605 0.633751 0.7459 0.736578 0.70025 0.610205
BD_Bspro
 4.41995 1.88774 0.839173 0.404847 0.300527 0.748973 0.840604 1.11648 1.17326 1.63679 2.78226 1.94726 1.07709 0.602872 0.259507 0.206804 0.231212 0.279127 0.296673 0.288588 0.583485 0.775081 0.882515 1.01415 0.979753
BD_Bo
 2.04274 0.872444 0.387836 0.187106 0.138893 0.346148 0.388497 0.515998 0.54224 0.756467 1.28586 0.899955 0.49779 0.278626 0.119935 0.0955775 0.106858 0.129002 0.137112 0.133375 0.269666 0.358215 0.407866 0.468704 0.452807
BD_Brms
 6.81867 2.91222 1.2946 0.624558 0.463624 1.15544 1.2968 1.7224 1.81 2.52509 4.2922 3.00405 1.66162 0.930052 0.400343 0.319038 0.356691 0.43061 0.457678 0.445205 0.900144 1.19572 1.36146 1.56453 1.51147
S_f
 0.144713 1 1 1 1
 0.144713 1 1 1 1
 0.144713 1 1 1 1
 0.144713 1 1 1 1
 0.144713 1 1 1 1
 0.144713 1 1 1 1
 0.144713 1 1 1 1
 0.144713 1 1 1 1
 0.144713 1 1 1 1
 0.144713 1 1 1 1
 0.144713 1 1 1 1
 0.144713 1 1 1 1
 0.144713 1 1 1 1
 0.144713 1 1 1 1
 0.144713 1 1 1 1
 0.144713 1 1 1 1
 0.144713 1 1 1 1
 0.144713 1 1 1 1
 0.144713 1 1 1 1
 0.144713 1 1 1 1
 0.144713 1 1 1 1
 0.144713 1 1 1 1
 0.144713 1 1 1 1
 0.144713 1 1 1 1
 0.144713 1 1 1 1
Scru_reclas
 0.821145 1 1 1 1
 0.821145 1 1 1 1
 0.821145 1 1 1 1
 0.821145 1 1 1 1
 0.821145 1 1 1 1
 0.821145 1 1 1 1
 0.821145 1 1 1 1
 0.821145 1 1 1 1
 0.821145 1 1 1 1
 0.821145 1 1 1 1
 0.821145 1 1 1 1
 0.821145 1 1 1 1
 0.821145 1 1 1 1
 0.821145 1 1 1 1
 0.821145 1 1 1 1
 0.821145 1 1 1 1
 0.821145 1 1 1 1
 0.821145 1 1 1 1
 0.821145 1 1 1 1
 0.821145 1 1 1 1
 0.821145 1 1 1 1
 0.821145 1 1 1 1
 0.821145 1 1 1 1
 0.821145 1 1 1 1
 0.821145 1 1 1 1
Scru_pelaces
 1 1 1 1 1
 1 1 1 1 1
 1 1 1 1 1
 1 1 1 1 1
 1 1 1 1 1
 1 1 1 1 1
 1 1 1 1 1
 1 1 1 1 1
 1 1 1 1 1
 1 1 1 1 1
 1 1 1 1 1
 1 1 1 1 1
 1 1 1 1 1
 1 1 1 1 1
 1 1 1 1 1
 1 1 1 1 1
 1 1 1 1 1
 1 1 1 1 1
 1 1 1 1 1
 1 1 1 1 1
 1 1 1 1 1
 1 1 1 1 1
 1 1 1 1 1
 1 1 1 1 1
 1 1 1 1 1
pf_obs 
 0.256992 0.487395 0.22802 0.0275931 0
 0.321318 0.546541 0.124235 0.00734118 0.000564706
 0.182869 0.594174 0.210203 0.0122559 0.00049798
 0.330522 0.361315 0.267642 0.0388342 0.00168674
 0.649043 0.306663 0.0425973 0.00169635 0
 0.582887 0.30429 0.105238 0.00758474 0
 0.465427 0.430635 0.0974691 0.00646863 0
 0.296916 0.608066 0.0921331 0.00288517 0
 0.311714 0.524322 0.152257 0.0117073 0
 0.15457 0.633149 0.183074 0.0267441 0.00246327
 0.131901 0.49318 0.331252 0.0422183 0.00144891
 0.196976 0.569456 0.194076 0.0375587 0.00193317
 0.518974 0.381816 0.0799577 0.0180837 0.00116848
 0.0928022 0.601141 0.25162 0.0475244 0.00691264
 0.122501 0.610282 0.24278 0.0234846 0.000952079
 0.383417 0.481906 0.127806 0.00687128 0
 0.0376549 0.599619 0.316969 0.0457579 0
 0.0361596 0.667082 0.258105 0.0386534 0
 0.158088 0.579412 0.248529 0.0139706 0
 0.0477256 0.309471 0.559284 0.082774 0.000745712
 0.0406174 0.521527 0.379366 0.0568643 0.0016247
 0.151134 0.462217 0.34131 0.0453401 0
 0.294876 0.26143 0.354403 0.0886775 0.000613685
 0.281977 0.475581 0.204845 0.0348837 0.00271318
 0 0 0 0 0
pf_pred 
 0.0175421 0.635614 0.306362 0.0404802 1.81643e-06
 0.0527731 0.109821 0.541771 0.26113 0.0345052
 0.019121 0.295225 0.079494 0.392163 0.213997
 0.249912 0.130285 0.186548 0.0502311 0.383024
 0.55339 0.330878 0.0201018 0.0287829 0.0668476
 0.101692 0.808477 0.0665525 0.00404327 0.019235
 0.395718 0.317872 0.257768 0.0212191 0.00742187
 0.32575 0.580314 0.0494138 0.0400706 0.00445229
 0.348774 0.552823 0.0846934 0.00721167 0.00649785
 0.424964 0.493161 0.0695032 0.010648 0.00172362
 0.0802907 0.797142 0.105116 0.0148144 0.00263697
 0.0716118 0.410222 0.449112 0.0592224 0.00983213
 0.270233 0.297919 0.190818 0.208908 0.0321213
 0.167852 0.673444 0.0647893 0.0414977 0.0524172
 0.242619 0.583888 0.140405 0.0135078 0.0195801
 0.293896 0.602004 0.080254 0.0192983 0.00454785
 0.18037 0.661805 0.134558 0.0179381 0.00533
 0.196275 0.53829 0.214324 0.0435763 0.00753532
 0.171268 0.56245 0.17834 0.0710077 0.0169338
 0.447601 0.35392 0.134706 0.0427122 0.0210618
 0.259703 0.651495 0.0568954 0.021655 0.0102522
 0.191068 0.586788 0.195497 0.0170728 0.00957452
 0.218968 0.502819 0.201812 0.0672364 0.00916473
 0.146635 0.58887 0.170279 0.0683433 0.0258731
 0.00452816 0.58311 0.284553 0.082282 0.0455272
pobs_RECLAS
 0 0 0 0 0
 0 0 0 0 0
 0 0 0 0 0
 0 0 0 0 0
 0.835266 0.146461 0.0176864 0.000547809 3.91292e-05
 0.385257 0.428462 0.181853 0.0044286 0
 0.867414 0.0963971 0.0333333 0.00285562 0
 0.441836 0.489002 0.0689373 0.000224442 0
 0.779404 0.147425 0.0564933 0.0165055 0.000172143
 0.814271 0.122319 0.05973 0.00367925 0
 0.40263 0.566651 0.0304383 0.000280538 0
 0.475488 0.404961 0.113038 0.00651328 0
 0.955842 0.0263864 0.0167828 0.000988607 0
 0.975058 0.0227948 0.00214734 0 0
 0.738997 0.206755 0.0527124 0.00153531 0
 0.850938 0.134255 0.0134407 0.00136685 0
 0.542534 0.407297 0.0501686 0 0
 0.764087 0.199537 0.0359546 0.000420521 0
 0.470689 0.182191 0.310203 0.0369168 0
 0.84361 0.089868 0.0606195 0.00523954 0.000663233
 0.607945 0.314616 0.071237 0.00620181 0
 0.523733 0.453247 0.0230204 0 0
 0.530135 0.295979 0.169645 0.0042399 0
 0.562478 0.366248 0.0663022 0.0049721 0
 0.250443 0.683176 0.0655157 0.000865301 0
ppred_RECLAS
 0.0925734 0.587072 0.282964 0.0373887 1.67771e-06
 0.242668 0.0878042 0.43316 0.20878 0.0275878
 0.106292 0.268988 0.0724294 0.357312 0.194979
 0.660628 0.0589464 0.0844025 0.0227267 0.173296
 0.876086 0.0918037 0.00557735 0.00798594 0.0185472
 0.403837 0.536547 0.0441677 0.00268332 0.0127654
 0.795501 0.107573 0.0872331 0.00718089 0.00251168
 0.749816 0.215329 0.0183353 0.0148684 0.00165205
 0.76731 0.19753 0.0302618 0.0025768 0.00232175
 0.812595 0.160722 0.0226512 0.0034702 0.00056173
 0.339883 0.572145 0.0754463 0.010633 0.00189267
 0.312162 0.303932 0.332745 0.0438776 0.00728458
 0.696007 0.124102 0.0794876 0.0870232 0.0133805
 0.57851 0.341105 0.0328163 0.021019 0.0265498
 0.690362 0.23871 0.0574014 0.00552235 0.0080049
 0.714611 0.243314 0.0324365 0.00779986 0.00183812
 0.565524 0.350814 0.0713273 0.00950874 0.00282536
 0.588251 0.275766 0.109798 0.0223241 0.00386035
 0.547212 0.307302 0.0974386 0.0387959 0.00925197
 0.826918 0.110893 0.0422071 0.0133829 0.00659925
 0.667845 0.292311 0.0255277 0.00971613 0.00459993
 0.575664 0.307807 0.10255 0.00895578 0.00502244
 0.618115 0.245853 0.0986757 0.0328752 0.00448109
 0.499325 0.345494 0.0999037 0.0400975 0.0151799
 0.0259992 0.570533 0.278416 0.0805073 0.0445452
pobs_PELACES
 0 0 0 0 0
 0 0 0 0 0
 0 0 0 0 0
 0 0 0 0 0
 0 0 0 0 0
 0 0 0 0 0
 0 0 0 0 0
 0 0 0 0 0
 0 0 0 0 0
 0 0 0 0 0
 0.450072 0.473896 0.0757376 0.000293798 0
 0 0 0 0 0
 0.463077 0.371075 0.160297 0.00555027 0
 0.529543 0.364841 0.0842815 0.0213345 0
 0.631943 0.363953 0.00410389 0 0
 0.735681 0.248677 0.0153453 0.000297389 0
 0.695825 0.281241 0.0229344 0 0
 0.275771 0.60734 0.115278 0.00161068 0
 0 0 0 0 0
 0.896147 0.0623911 0.0374545 0.00400742 0
 0.803859 0.145111 0.0509908 3.86294e-05 0
 0.739449 0.233085 0.0266225 0.000797448 4.60066e-05
 0.878498 0.100942 0.0204185 0.000141795 0
 0.694673 0.275183 0.0284847 0.00165964 0
 0 0 0 0 0
ppred_PELACES
 0.114067 0.573166 0.276262 0.0365031 1.63797e-06
 0.293987 0.0818544 0.403808 0.194632 0.0257183
 0.156261 0.253949 0.0683797 0.337334 0.184077
 0.728452 0.0471659 0.0675346 0.0181848 0.138663
 0.898636 0.0750967 0.00456235 0.00653262 0.0151719
 0.50084 0.449244 0.0369811 0.00224671 0.0106883
 0.8495 0.0791681 0.0641988 0.00528474 0.00184846
 0.82911 0.147082 0.012524 0.010156 0.00112844
 0.839943 0.135871 0.0208157 0.00177246 0.00159703
 0.858335 0.121494 0.0171227 0.00262322 0.000424627
 0.422414 0.500613 0.0660136 0.00930358 0.00165604
 0.390161 0.269466 0.295012 0.038902 0.00645853
 0.786269 0.0872535 0.0558861 0.0611842 0.00940756
 0.726239 0.221551 0.0213145 0.013652 0.0172443
 0.817254 0.140884 0.0338777 0.00325924 0.00472441
 0.790042 0.179004 0.0238633 0.0057383 0.00135229
 0.65096 0.28183 0.0573014 0.00763893 0.00226978
 0.664141 0.224939 0.0895613 0.0182095 0.00314884
 0.62554 0.254141 0.0805825 0.0320846 0.00765146
 0.87147 0.0823485 0.0313427 0.00993808 0.00490056
 0.720221 0.246218 0.0215024 0.00818405 0.00387459
 0.636757 0.263492 0.0877859 0.0076664 0.00429935
 0.681132 0.205283 0.0823927 0.0274503 0.00374164
 0.573159 0.294544 0.085171 0.0341843 0.0129414
 0.0359773 0.564688 0.275563 0.0796826 0.0440889
pobs_pel_tallas
 0 0 0 0 0 0 0 0 0 0 0 0 0 0 0 0 0 0 0 0 0 0 0 0 0 0 0 0 0 0 0 0 0 0 0 0
 0 0 0 0 0 0 0 0 0 0 0 0 0 0 0 0 0 0 0 0 0 0 0 0 0 0 0 0 0 0 0 0 0 0 0 0
 0 0 0 0 0 0 0 0 0 0 0 0 0 0 0 0 0 0 0 0 0 0 0 0 0 0 0 0 0 0 0 0 0 0 0 0
 0 0 0 0 0 0 0 0 0 0 0 0 0 0 0 0 0 0 0 0 0 0 0 0 0 0 0 0 0 0 0 0 0 0 0 0
 0 0 0 0 0 0 0 0 0 0 0 0 0 0 0 0 0 0 0 0 0 0 0 0 0 0 0 0 0 0 0 0 0 0 0 0
 0 0 0 0 0 0 0 0 0 0 0 0 0 0 0 0 0 0 0 0 0 0 0 0 0 0 0 0 0 0 0 0 0 0 0 0
 0 0 0 0 0 0 0 0 0 0 0 0 0 0 0 0 0 0 0 0 0 0 0 0 0 0 0 0 0 0 0 0 0 0 0 0
 0 0 0 0 0 0 0 0 0 0 0 0 0 0 0 0 0 0 0 0 0 0 0 0 0 0 0 0 0 0 0 0 0 0 0 0
 0 0 0 0 0 0 0 0 0 0 0 0 0 0 0 0 0 0 0 0 0 0 0 0 0 0 0 0 0 0 0 0 0 0 0 0
 0 0 0 0 0 0 0 0 0 0 0 0 0 0 0 0 0 0 0 0 0 0 0 0 0 0 0 0 0 0 0 0 0 0 0 0
 0 0 0 0 0 0 0 0 1.78061e-05 0.00172719 0.00360574 0.0105946 0.0120993 0.0124554 0.0147524 0.0171206 0.0266825 0.0428682 0.0675386 0.121331 0.153587 0.119568 0.100827 0.0573624 0.0630603 0.0341343 0.0324427 0.0444173 0.0211091 0.0280891 0.0125444 0.00206551 0 0 0 0
 0 0 0 0 0 0 0 0 0 0 0 0 0 0 0 0 0 0 0 0 0 0 0 0 0 0 0 0 0 0 0 0 0 0 0 0
 0 0 0 0 0 0 0.0133647 0.0140871 0.0187388 0.0205184 0.03894 0.0496705 0.03968 0.0493445 0.0407372 0.0367815 0.0215668 0.0243155 0.0234873 0.0199281 0.019796 0.0243948 0.0301388 0.0376714 0.0412746 0.0863199 0.0771752 0.113111 0.0741005 0.0525337 0.0229764 0.00759418 0.00175318 0 0 0
 0 0 0 0 0 0 0 0 0 0 0.00219441 0.00772107 0.0458388 0.0604681 0.0671733 0.0775358 0.0609151 0.0617685 0.073594 0.0568108 0.0755445 0.0548602 0.0670107 0.0636378 0.0643287 0.046367 0.0373049 0.0286899 0.0247887 0.0153202 0.00654259 0.00121912 0.000365735 0 0 0
 0 0 0 0 0 0 0 0 0 0 0 0 0.000112435 0.00938835 0.0111873 0.0202946 0.0414886 0.0713402 0.111592 0.104902 0.108894 0.110636 0.117776 0.105296 0.107544 0.0401394 0.0192827 0.0124803 0.00416011 0.0028671 0.000618394 0 0 0 0 0
 0 0 0 0 0 0 0 0 0 0 0.00291406 0.0102884 0.027416 0.0768956 0.0749926 0.110853 0.0956884 0.0897413 0.0766577 0.0534642 0.0500743 0.0551293 0.0594112 0.0620874 0.0668451 0.0424026 0.0208742 0.0120726 0.0048766 0.00582813 0.00118941 0.000297354 0 0 0 0
 0 0.00264628 0.0354308 0.0461629 0.0458689 0.0383711 0.0214643 0.0164657 0.0346957 0.0420465 0.0363128 0.0245516 0.0311673 0.0291091 0.0169068 0.0133784 0.00837989 0.0085269 0.0148486 0.0160247 0.0276389 0.0546898 0.0760071 0.122758 0.109233 0.0665981 0.0333725 0.0166128 0.00676272 0.00308733 0.000882094 0 0 0 0 0
 0 0 0 0 0 0 0 0.000805153 0.000690131 0.00759144 0.0133425 0.0154129 0.00931677 0.000345066 0.00356568 0.00563607 0.00851162 0.0253048 0.0502646 0.0516448 0.0657925 0.0565908 0.0611916 0.0827007 0.0866115 0.110766 0.145733 0.0935128 0.0569358 0.0249597 0.0138026 0.00621118 0.00161031 0.00115022 0 0
 0 0 0 0 0 0 0 0 0 0 0 0 0 0 0 0 0 0 0 0 0 0 0 0 0 0 0 0 0 0 0 0 0 0 0 0
 0.00147267 0.00158595 0.00478618 0.00569244 0.00954404 0.0108468 0.00647125 0.017049 0.0510054 0.094081 0.124002 0.0959785 0.0687766 0.0820023 0.061753 0.0591476 0.0492212 0.0479892 0.0443925 0.0268479 0.0217502 0.0140895 0.0121071 0.0120363 0.00920419 0.00665534 0.0049561 0.00860946 0.00930331 0.0156896 0.0114698 0.00855282 0.00243557 0.00046729 0 2.83206e-05
 0 0 0 0 0.000772559 0.00158375 0.000888443 0.00281984 0.00712685 0.0440552 0.0773331 0.111326 0.0921469 0.0852325 0.0710754 0.0886704 0.0786465 0.0553345 0.0373146 0.0185414 0.00753245 0.00457741 0.012979 0.0271748 0.0457355 0.0583668 0.034881 0.0177882 0.00938659 0.00492506 0.0015258 0.00185414 0.000309023 5.79419e-05 3.86279e-05 0
 0 0.00173294 0.00326652 0 0.00397197 0.00683976 0.00946217 0.0152591 0.00757587 0.0136028 0.0228656 0.0392903 0.0559909 0.0764795 0.0681675 0.0726916 0.0566044 0.0477403 0.0527397 0.0444891 0.0609904 0.0582453 0.0661739 0.0445044 0.0529084 0.0360697 0.0280645 0.0235558 0.0158879 0.00826598 0.00280645 0.00217768 0.000904811 0.00058276 9.20147e-05 0
 0 0 0 0 0 0 0 0 0 0 0 0 0 0 0 0 0 0 0 0 0 0 0 0 0 0 0 0 0 0 0 0 0 0 0 0
 0 0 0 0 0 0 0 0 0 0 0 0 0 0 0 0 0 0 0 0 0 0 0 0 0 0 0 0 0 0 0 0 0 0 0 0
 0 0 0 0 0 0 0 0 0 0 0 0 0 0 0 0 0 0 0 0 0 0 0 0 0 0 0 0 0 0 0 0 0 0 0 0
ppred_pel_tallas
 1.05363e-16 5.0104e-06 2.93225e-05 0.00013921 0.00053567 0.00167017 0.00421932 0.00863783 0.0143354 0.0193043 0.0211446 0.0189787 0.0143012 0.00979216 0.00746002 0.00791251 0.0108768 0.0159199 0.0227066 0.0308894 0.0399444 0.0491178 0.0575005 0.0641906 0.0684815 0.0700099 0.0688172 0.0653014 0.0600887 0.0538693 0.0472568 0.0407061 0.034499 0.0287776 0.023599 0.018982
 1.13649e-16 1.28359e-05 7.53102e-05 0.00035794 0.00137801 0.00429709 0.0108541 0.0222094 0.0368167 0.0494506 0.0538298 0.0475244 0.034114 0.0201049 0.0101373 0.00514876 0.00381891 0.00460053 0.00660144 0.00950172 0.0132317 0.0177592 0.0230005 0.0287944 0.034901 0.0410105 0.0467622 0.05177 0.0556573 0.0580995 0.0588685 0.0578709 0.0551705 0.0509854 0.0456616 0.039623
 1.21246e-16 6.83598e-06 4.0073e-05 0.000190391 0.000732853 0.00228517 0.00577238 0.011813 0.0195889 0.0263304 0.0287134 0.0254719 0.0185499 0.0114668 0.00677134 0.00505985 0.00572973 0.0080349 0.0115247 0.015973 0.0211951 0.0269475 0.0329219 0.0387922 0.044275 0.0491728 0.0533835 0.0568718 0.0596185 0.061572 0.0626247 0.0626273 0.0614328 0.0589532 0.0552085 0.0503478
 1.08079e-16 3.17783e-05 0.000186524 0.000886675 0.00341379 0.0106456 0.0268898 0.0550193 0.0911973 0.122466 0.133241 0.117465 0.0839498 0.0487207 0.0231378 0.00933627 0.00381 0.00245837 0.00280017 0.00380944 0.00516543 0.00677139 0.00857174 0.0105076 0.0125138 0.0145222 0.0164631 0.0182626 0.0198395 0.0211053 0.0219695 0.0223514 0.0221954 0.0214844 0.0202483 0.0185633
 1.01023e-16 3.92004e-05 0.000230095 0.00109381 0.00421131 0.0131326 0.0331719 0.067873 0.112503 0.151076 0.164368 0.144906 0.103558 0.0600921 0.0285184 0.0114611 0.00457818 0.00278335 0.00297405 0.00382822 0.0048815 0.00594136 0.00687423 0.00756706 0.00794011 0.00796378 0.00766448 0.00711519 0.00641476 0.00566288 0.00493904 0.00429124 0.00373559 0.00326417 0.0028566 0.00249088
 1.01248e-16 2.18699e-05 0.000128315 0.000609861 0.00234785 0.00732141 0.0184937 0.0378431 0.0627391 0.0842869 0.0917999 0.0811621 0.0585085 0.0349728 0.0185165 0.0107825 0.00952622 0.0120325 0.0165738 0.0222387 0.0283899 0.0343617 0.0394258 0.0429007 0.0443019 0.043458 0.0405515 0.0360648 0.0306558 0.0250028 0.0196707 0.0150321 0.0112526 0.00832794 0.00614641 0.00455155
 1.01206e-16 3.70582e-05 0.000217518 0.00103402 0.00398107 0.0124147 0.0313583 0.0641623 0.106353 0.142818 0.155387 0.136997 0.0979241 0.056861 0.0270577 0.0110044 0.00460758 0.0030712 0.00347391 0.00457448 0.00593703 0.00737475 0.00874728 0.00992397 0.0107972 0.0113008 0.0114193 0.0111836 0.0106563 0.00991351 0.00902772 0.00805923 0.00705437 0.00604868 0.00507169 0.00414979
 1.00628e-16 3.61717e-05 0.000212307 0.00100923 0.00388563 0.012117 0.0306065 0.0626246 0.103806 0.139404 0.151687 0.133771 0.0956964 0.055725 0.0268113 0.0114111 0.00555144 0.00456189 0.00557954 0.00735025 0.009372 0.0113589 0.0130608 0.0142535 0.0147777 0.0145753 0.0137027 0.0123133 0.0106165 0.00882838 0.00712814 0.00563334 0.00439583 0.00341416 0.00265411 0.00206884
 1.00476e-16 3.66436e-05 0.000215079 0.00102241 0.00393637 0.0122753 0.0310062 0.0634424 0.105161 0.141223 0.153663 0.135507 0.0969225 0.0564077 0.0270814 0.011426 0.00541181 0.00430419 0.00520358 0.00684577 0.00873473 0.0105985 0.0122037 0.0133406 0.0138587 0.0137002 0.0129126 0.0116332 0.010053 0.00837078 0.00675398 0.00531545 0.00410908 0.00314025 0.0023836 0.00180063
 1.00393e-16 3.7445e-05 0.000219785 0.00104479 0.00402254 0.0125439 0.0316849 0.0648309 0.107462 0.144311 0.15702 0.138456 0.0990104 0.0575784 0.0275603 0.0114848 0.00522599 0.00394006 0.00466321 0.00611029 0.00778988 0.00944732 0.0108718 0.0118757 0.0123249 0.0121684 0.0114497 0.0102929 0.00886978 0.007359 0.00591091 0.00462654 0.00355379 0.00269675 0.00203182 0.00152353
 1.01498e-16 1.84523e-05 0.000108246 0.000514439 0.00198043 0.00617562 0.0155996 0.031922 0.0529264 0.0711153 0.0774841 0.068576 0.0495897 0.0299508 0.0164223 0.0104459 0.0101846 0.0133891 0.0186082 0.0250273 0.0320014 0.0388062 0.0446324 0.0487162 0.0505076 0.0497997 0.046776 0.0419526 0.0360422 0.0297859 0.0238059 0.0185199 0.0141244 0.0106336 0.00794619 0.0059112
 1.05915e-16 1.70371e-05 9.99576e-05 0.000475079 0.00182896 0.00570331 0.0144063 0.0294788 0.0488708 0.0656514 0.0714926 0.0631828 0.0454934 0.0270879 0.0141583 0.00797927 0.00681 0.00856742 0.0119725 0.0164229 0.0215664 0.0270454 0.0324367 0.0372928 0.0412192 0.04394 0.045334 0.0454261 0.0443491 0.0422914 0.0394529 0.036022 0.0321728 0.0280723 0.023889 0.0197912
 1.03364e-16 3.43012e-05 0.000201331 0.000957063 0.00368478 0.0114907 0.0290245 0.0593872 0.0984382 0.132192 0.143829 0.126817 0.0906694 0.0526928 0.0251583 0.0103802 0.00458043 0.00333068 0.00393591 0.00525227 0.00687598 0.00862819 0.0103685 0.0119629 0.0132983 0.0143002 0.0149408 0.0152329 0.0152138 0.0149274 0.01441 0.0136865 0.0127746 0.0116936 0.0104731 0.00915674
 1.0165e-16 3.1689e-05 0.000185983 0.000884069 0.00340369 0.0106141 0.0268104 0.0548581 0.0909349 0.122128 0.132911 0.117266 0.0840062 0.0491537 0.0240918 0.0110139 0.00648183 0.00643454 0.00836816 0.0111487 0.0142552 0.0173149 0.0199645 0.0218693 0.0227898 0.0226365 0.0214896 0.0195722 0.0171896 0.0146554 0.0122274 0.0100718 0.00825835 0.00678055 0.00558683 0.00461114
 1.0086e-16 3.56545e-05 0.000209272 0.0009948 0.00383006 0.0119437 0.0301689 0.0617291 0.102321 0.13741 0.149518 0.131857 0.0943249 0.0549226 0.0264187 0.0112341 0.0054539 0.00447677 0.0054851 0.00724909 0.00928193 0.0113101 0.013094 0.014415 0.0151127 0.0151191 0.0144726 0.0133024 0.0117932 0.0101391 0.00850536 0.00700516 0.00569594 0.00458975 0.0036705 0.00291057
 1.00658e-16 3.44695e-05 0.000202311 0.0009617 0.00370261 0.0115462 0.0291649 0.0596752 0.0989181 0.132844 0.144558 0.127507 0.0912644 0.0532436 0.0258038 0.0113027 0.00597237 0.00537497 0.00678399 0.00898912 0.0114771 0.0139226 0.0160248 0.0175091 0.0181785 0.0179583 0.016913 0.0152251 0.013147 0.0109411 0.00882721 0.00695249 0.00538578 0.00413173 0.00315466 0.00240215
 1.01274e-16 2.84091e-05 0.000166722 0.000792483 0.00305104 0.00951434 0.0240326 0.049175 0.0815169 0.109487 0.119175 0.105196 0.0754661 0.0443721 0.0221503 0.0108055 0.00729512 0.0080074 0.0107028 0.0143337 0.018359 0.0223318 0.0257897 0.0282991 0.0295425 0.0293908 0.02793 0.0254307 0.0222745 0.0188615 0.0155313 0.0125154 0.00992935 0.00779324 0.00606713 0.0046855
 1.02118e-16 2.89816e-05 0.000170088 0.000808497 0.00311272 0.0097067 0.0245184 0.0501686 0.0831623 0.111692 0.121561 0.107269 0.0768827 0.0450627 0.0222324 0.010414 0.00648249 0.00674289 0.00892002 0.0119828 0.0154481 0.0189538 0.0221321 0.0246312 0.0261808 0.0266491 0.0260649 0.0245978 0.0225051 0.0200651 0.0175207 0.015046 0.0127418 0.01065 0.00877756 0.00711744
 1.02687e-16 2.72996e-05 0.00016021 0.000761533 0.00293188 0.00914276 0.023094 0.0472543 0.0783327 0.105209 0.114516 0.101077 0.072497 0.0425986 0.0212145 0.0102688 0.00683677 0.00745137 0.0099712 0.0134089 0.0172725 0.0211663 0.0246794 0.0274198 0.0290902 0.0295517 0.0288482 0.0271813 0.0248484 0.0221662 0.0194047 0.016751 0.0143042 0.0120956 0.0101173 0.00834937
 1.01043e-16 3.80162e-05 0.000223142 0.00106075 0.00408402 0.0127357 0.0321693 0.0658216 0.109103 0.146511 0.159405 0.140538 0.100451 0.0583213 0.0277381 0.0112538 0.00466519 0.00304672 0.00339484 0.00442873 0.00569393 0.00699344 0.00818185 0.0091298 0.00973898 0.00996109 0.00980583 0.00933308 0.00863364 0.00780505 0.00693118 0.00607082 0.00525661 0.00450103 0.00380562 0.00316882
 1.00848e-16 3.14276e-05 0.000184447 0.000876757 0.00337553 0.0105263 0.0265886 0.0544044 0.0901836 0.121121 0.131822 0.116319 0.0833591 0.0488379 0.0240538 0.0111925 0.00685415 0.00701672 0.00919416 0.0122468 0.015629 0.0189306 0.0217447 0.0236969 0.0245207 0.0241203 0.0225926 0.0201977 0.0172913 0.0142402 0.0113495 0.00882037 0.00674229 0.00511356 0.00387546 0.00294629
 1.01797e-16 2.77891e-05 0.000163083 0.000775189 0.00298446 0.00930671 0.0235081 0.0481017 0.0797376 0.107096 0.116571 0.102893 0.073804 0.0433754 0.0216176 0.01049 0.00701591 0.0076652 0.0102549 0.0137737 0.0177117 0.0216539 0.0251692 0.0278471 0.0293781 0.0296202 0.0286261 0.0266172 0.0239189 0.02088 0.0178017 0.0148976 0.0122852 0.0100044 0.00804625 0.0063809
 1.02355e-16 2.97217e-05 0.000174434 0.000829166 0.00319231 0.00995489 0.0251453 0.0514511 0.0852875 0.114544 0.124659 0.109988 0.0787996 0.0461221 0.0226355 0.0104026 0.00620722 0.00625197 0.00820325 0.0110145 0.0142142 0.0174666 0.0204369 0.022805 0.024324 0.0248709 0.0244676 0.0232614 0.0214782 0.0193624 0.017126 0.0149201 0.0128317 0.0108976 0.00912672 0.00751853
 1.03085e-16 2.50172e-05 0.000146807 0.000697802 0.00268649 0.00837751 0.0211611 0.0432997 0.0717792 0.0964128 0.104957 0.092675 0.066549 0.039261 0.0198448 0.0100916 0.0073499 0.00846353 0.0114735 0.0154521 0.0198949 0.0243579 0.028368 0.0314729 0.0333316 0.0337883 0.0329007 0.0309097 0.0281669 0.0250444 0.0218574 0.018822 0.0160492 0.0135684 0.011363 0.00940151
 1.08894e-16 1.60482e-06 9.3299e-06 4.41652e-05 0.000169729 0.000529 0.00133683 0.00273996 0.00455948 0.00617684 0.00686298 0.00639002 0.00530878 0.004583 0.00500595 0.0069612 0.0105594 0.0158188 0.0226867 0.0309476 0.0401383 0.0495436 0.0582869 0.0654914 0.0704624 0.0728291 0.0726032 0.0701304 0.0659666 0.0607217 0.0549291 0.0489741 0.0430889 0.0373924 0.0319469 0.0268035
pSPR Fmed_Fpbrs
0.522789   0.349581 0.349581
Fs Fmed_Fpbrs
0.487943   1.005 1.005
SSBpbr Bo_Bmed_Bpbrs
962789  455196  288433 288433
Ro
21590.3
SPR SPRFo_SPRFmed_SPRFpbrs
444966 232623 155552
log_Ro
9.8
likeval ReclasPelacesDesembMPH_pf_preclas_ppelaces_ptallas_desvR_qrecl_qpela
 94.2246 79.171 0.0809035 0.00057616 324.051 196.097 71.6982 0 48.0698 6.19031e-06 0 0 0 0 0
q_reclas_q_pelaces
0.702883 1
M
0.7
N
 9060.58 49805 24005.7 3171.92 0.142331
 13475.3 4417.74 21793.8 10504.4 1388.04
 2146.13 6472.43 1742.8 8597.68 4691.6
 10632.6 939.534 1345.27 362.236 2762.14
 55098 4955.71 301.074 431.094 1001.21
 18363.5 26953.8 2218.8 134.798 641.277
 56959.5 8247.98 6688.44 550.581 192.579
 71231.6 25854.9 2201.55 1785.28 198.364
 96413.6 30569.2 4683.25 398.78 359.308
 208661 41740 5882.59 901.223 145.883
 55329.4 96563.8 12733.4 1794.58 319.436
 25443.2 25391.2 27798.3 3665.64 608.572
 52603.2 11721.4 7507.6 8219.33 1263.79
 23245.8 22661.5 2180.17 1396.4 1763.84
 15063.4 9109.28 2190.46 210.736 305.471
 15064.4 5791.71 772.1 185.663 43.7535
 10306.1 6716.31 1365.56 182.044 54.0914
 10075.2 4708.5 1874.73 381.168 65.9126
 8386.18 4685.35 1485.62 591.512 141.062
 28105.9 3902.6 1485.37 470.978 232.244
 33280.8 12903.7 1126.89 428.908 203.059
 33536.7 16108.1 5366.64 468.672 262.833
 43793.4 16155.4 6484.15 2160.29 294.46
 31547.7 20869.2 6034.6 2422.05 916.931
 669.911 14880.1 7261.37 2099.72 1161.79
pred_Ctot
 118.315 4286.99 2066.3 273.025 0.0122512
 318.035 661.829 3264.97 1573.69 207.944
 184.105 2842.55 765.402 3775.91 2060.45
 471.387 245.744 351.869 94.7463 722.462
 590.002 352.769 21.4318 30.6871 71.2702
 1268.79 10087.2 830.364 50.4471 239.992
 3537.92 2841.94 2304.58 189.709 66.3553
 7015.19 12497.4 1064.15 862.941 95.8823
 8959.18 14200.7 2175.58 185.251 166.915
 10257.9 11904 1677.69 257.024 41.6051
 3032.69 30109.2 3970.37 559.56 99.6021
 1328.43 7609.78 8331.2 1098.6 182.39
 5052.82 5570.5 3567.92 3906.17 600.604
 3573.7 14338.2 1379.41 883.519 1116
 2481.69 5972.44 1436.16 138.167 200.28
 1113.96 2281.8 304.189 73.1469 17.2378
 595.696 2185.7 444.395 59.243 17.6031
 462.033 1267.14 504.522 102.579 17.7382
 380.657 1250.09 396.377 157.82 37.6367
 1532.2 1211.52 461.118 146.21 72.0977
 607.245 1523.34 133.035 50.6344 23.972
 723.062 2220.59 739.821 64.609 36.233
 1274.44 2926.5 1174.58 391.329 53.3405
 1141.72 4585 1325.81 532.128 201.451
 33.0597 4257.23 2077.5 600.734 332.39
F
 0.0183049 0.126491 0.126491 0.126491 0.126491
 0.0333031 0.230132 0.230132 0.230132 0.230132
 0.126038 0.870954 0.870954 0.870954 0.870954
 0.0633884 0.438028 0.438028 0.438028 0.438028
 0.0149887 0.103575 0.103575 0.103575 0.103575
 0.100394 0.693745 0.693745 0.693745 0.693745
 0.0898386 0.620805 0.620805 0.620805 0.620805
 0.145945 1.00851 1.00851 1.00851 1.00851
 0.137187 0.947995 0.947995 0.947995 0.947995
 0.0705083 0.487228 0.487228 0.487228 0.487228
 0.0789015 0.545227 0.545227 0.545227 0.545227
 0.0750318 0.518487 0.518487 0.518487 0.518487
 0.142111 0.982018 0.982018 0.982018 0.982018
 0.23683 1.63655 1.63655 1.63655 1.63655
 0.255843 1.76793 1.76793 1.76793 1.76793
 0.107792 0.744866 0.744866 0.744866 0.744866
 0.0833658 0.576076 0.576076 0.576076 0.576076
 0.0656327 0.453537 0.453537 0.453537 0.453537
 0.0649438 0.448777 0.448777 0.448777 0.448777
 0.0784602 0.542178 0.542178 0.542178 0.542178
 0.02566 0.177317 0.177317 0.177317 0.177317
 0.0303841 0.209961 0.209961 0.209961 0.209961
 0.0412064 0.284746 0.284746 0.284746 0.284746
 0.0514755 0.355708 0.355708 0.355708 0.355708
 0.0707877 0.489159 0.489159 0.489159 0.489159
nmprior
 10 11 7 0
nm_flota  nm_reclas  nm_pelaces    nm_pelaL
inf 26.9228 20.9952 38.5962
cv_recla  cv_pelaces  cv_mph
0.878025 1.047 0.778771
 ------------------------------------------------
Talla a la edad & desviación 
 7.2 14.2025 17.0495 18.207 18.6776
 1.08 2.13037 2.55742 2.73105 2.80164
