years
 1997 1998 1999 2000 2001 2002 2003 2004 2005 2006 2007 2008 2009 2010 2011 2012 2013 2014 2015 2016 2017 2018 2019 2020 2021
reclasobs
 0 0 0 370054 412103 1.49427e+06 250295 1.28982e+06 931140 785840 897777 1.04006e+06 184774 17550 25797 100020 73551 82996 120727 218422 84188 347160 605670 569463 516374
reclaspred
 403799 116500 388616 284528 394662 467588 1.01105e+06 652090 693365 595776 460244 307902 187954 89897.9 65989.1 69149.4 87956.6 121381 128502 185379 267315 244930 421977 539983 594432
pelacesobs
 0 0 0 0 0 0 0 0 0 2.06254e+06 1.5e+06 0 1.87456e+06 323000 250000 174000 83755 137374 0 501740 490994 745055 786931 1.00524e+06 0
pelacespred
 1.40092e+06 362455 730372 813385 957237 960511 2.29865e+06 1.90204e+06 1.76124e+06 1.53887e+06 1.07295e+06 737971 448838 182085 131030 145568 192511 267258 292840 409496 651794 585461 796335 1.19365e+06 1.3696e+06
mphobs
 0 0 0 0 0 112323 0 153150 637223 0 255016 313432 73983 77613 109348 50772 0 0 0 0 0 0 0 0 0
mphpred
 838220 554567 720126 963481 965967 1.43497e+06 2.16315e+06 2.49629e+06 2.06942e+06 1.98564e+06 1.76191e+06 1.23037e+06 759038 401961 204031 181899 223657 313195 390755 449559 674135 793348 999112 1.40897e+06 2.04791e+06
desembarqueobs
 350755 77701 442110 56441 14545 235359 269955 359681 431902 328805 639364 411747 362871 311530 167758 66681 60226 58785 57116 71774 51957 67425 138520 160799 200461
desembarquepred
 350764 77703.4 442137 56442.4 14545.1 235391 269980 359701 431958 328851 639691 412059 363303 312079 167841 66696.3 60245 58788.1 57114.5 71775.7 51958 67421.8 138522 160803 200461
Reclutas
 66749.4 84877.6 54423.2 83194.4 139212 101128 156130 137458 155146 144665 68793.9 40683.7 42277.5 24404.1 19662.9 25434.2 21519.7 24211.9 27550.5 49971.3 62750.5 81149.5 126581 160092 65018.6
log_desv_Rt
 0.0487008 0.288965 -0.155455 0.268936 0.783751 0.464143 0.898442 0.771071 0.892119 0.822178 0.0788697 -0.446418 -0.40799 -0.957492 -1.17351 -0.916151 -1.08328 -0.965399 -0.836225 -0.240796 -0.0130789 0.244048 0.688638 0.923504 0.0224285
SSB
 838220 554567 720126 963481 965967 1.43497e+06 2.16315e+06 2.49629e+06 2.06942e+06 1.98564e+06 1.76191e+06 1.23037e+06 759038 401961 204031 181899 223657 313195 390755 449559 674135 793348 999112 1.40897e+06 2.04791e+06
BT
 2.80273e+06 779687 1.55012e+06 1.51593e+06 1.72462e+06 1.90585e+06 4.29893e+06 3.81614e+06 3.55003e+06 3.07537e+06 2.50655e+06 1.70421e+06 1.16264e+06 628557 378630 316033 394297 525509 573615 791824 1.20938e+06 1.1114e+06 1.52105e+06 2.26918e+06 2.61742e+06
Ftot
 0.351492 0.267946 0.368711 0.0679413 0.014141 0.144733 0.0905617 0.182181 0.210516 0.178163 0.38733 0.361775 0.568843 0.988218 0.879459 0.342773 0.244337 0.164014 0.139382 0.14139 0.0682532 0.0880221 0.104645 0.10228 0.0898484
BD_Bspro_t
 0.957404 0.799996 0.774871 0.6809 0.782503 0.875745 0.851681 0.855143 0.80823 0.769605 0.728689 0.583291 0.470832 0.357952 0.241965 0.262359 0.385199 0.553816 0.65964 0.735701 0.820064 0.874295 0.879119 0.881279 0.880337
BD_Bspro
 0.639725 0.423242 0.549596 0.735323 0.73722 1.09516 1.6509 1.90516 1.57937 1.51543 1.34468 0.939013 0.579294 0.306775 0.155715 0.138824 0.170694 0.239028 0.298222 0.343101 0.514496 0.605479 0.762516 1.07531 1.56295
BD_Bo
 0.556412 0.368122 0.478021 0.63956 0.64121 0.952538 1.4359 1.65704 1.37369 1.31807 1.16956 0.816723 0.503851 0.266823 0.135436 0.120745 0.148464 0.207899 0.259384 0.298418 0.447492 0.526626 0.663212 0.935273 1.35941
BD_Brms
 1.97108 1.30407 1.69338 2.26563 2.27147 3.37435 5.08665 5.87004 4.86625 4.66925 4.14314 2.89323 1.78488 0.945214 0.479779 0.427737 0.525931 0.736478 0.918862 1.05714 1.58523 1.86556 2.34941 3.31319 4.81567
S_f
 0.200865 1 1 1 1
 0.200865 1 1 1 1
 0.200865 1 1 1 1
 0.200865 1 1 1 1
 0.200865 1 1 1 1
 0.200865 1 1 1 1
 0.200865 1 1 1 1
 0.200865 1 1 1 1
 0.200865 1 1 1 1
 0.200865 1 1 1 1
 0.200865 1 1 1 1
 0.200865 1 1 1 1
 0.200865 1 1 1 1
 0.200865 1 1 1 1
 0.200865 1 1 1 1
 0.200865 1 1 1 1
 0.200865 1 1 1 1
 0.200865 1 1 1 1
 0.200865 1 1 1 1
 0.200865 1 1 1 1
 0.200865 1 1 1 1
 0.200865 1 1 1 1
 0.200865 1 1 1 1
 0.200865 1 1 1 1
 0.200865 1 1 1 1
Scru_reclas
 1 1 1 1 1
 1 1 1 1 1
 1 1 1 1 1
 1 1 1 1 1
 1 1 1 1 1
 1 1 1 1 1
 1 1 1 1 1
 1 1 1 1 1
 1 1 1 1 1
 1 1 1 1 1
 1 1 1 1 1
 1 1 1 1 1
 1 1 1 1 1
 1 1 1 1 1
 1 1 1 1 1
 1 1 1 1 1
 1 1 1 1 1
 1 1 1 1 1
 1 1 1 1 1
 1 1 1 1 1
 1 1 1 1 1
 1 1 1 1 1
 1 1 1 1 1
 1 1 1 1 1
 1 1 1 1 1
Scru_pelaces
 1 1 1 1 1
 1 1 1 1 1
 1 1 1 1 1
 1 1 1 1 1
 1 1 1 1 1
 1 1 1 1 1
 1 1 1 1 1
 1 1 1 1 1
 1 1 1 1 1
 1 1 1 1 1
 1 1 1 1 1
 1 1 1 1 1
 1 1 1 1 1
 1 1 1 1 1
 1 1 1 1 1
 1 1 1 1 1
 1 1 1 1 1
 1 1 1 1 1
 1 1 1 1 1
 1 1 1 1 1
 1 1 1 1 1
 1 1 1 1 1
 1 1 1 1 1
 1 1 1 1 1
 1 1 1 1 1
pf_obs 
 0.256992 0.487395 0.22802 0.0275931 0
 0.321318 0.546541 0.124235 0.00734118 0.000564706
 0.182869 0.594174 0.210203 0.0122559 0.00049798
 0.330522 0.361315 0.267642 0.0388342 0.00168674
 0.649043 0.306663 0.0425973 0.00169635 0
 0.582887 0.30429 0.105238 0.00758474 0
 0.465427 0.430635 0.0974691 0.00646863 0
 0.296916 0.608066 0.0921331 0.00288517 0
 0.311714 0.524322 0.152257 0.0117073 0
 0.15457 0.633149 0.183074 0.0267441 0.00246327
 0.131901 0.49318 0.331252 0.0422183 0.00144891
 0.196976 0.569456 0.194076 0.0375587 0.00193317
 0.518974 0.381816 0.0799577 0.0180837 0.00116848
 0.0928022 0.601141 0.25162 0.0475244 0.00691264
 0.122501 0.610282 0.24278 0.0234846 0.000952079
 0.383417 0.481906 0.127806 0.00687128 0
 0.0376549 0.599619 0.316969 0.0457579 0
 0.0361596 0.667082 0.258105 0.0386534 0
 0.158088 0.579412 0.248529 0.0139706 0
 0.0477256 0.309471 0.559284 0.082774 0.000745712
 0.0406174 0.521527 0.379366 0.0568643 0.0016247
 0.151134 0.462217 0.34131 0.0453401 0
 0.294876 0.26143 0.354403 0.0886775 0.000613685
 0.281977 0.475581 0.204845 0.0348837 0.00271318
 0 0 0 0 0
pf_pred 
 0.371019 0.443745 0.165644 0.0195817 1.02544e-05
 0.319339 0.527748 0.10788 0.04027 0.00476304
 0.183626 0.592057 0.173923 0.0355525 0.0148409
 0.279979 0.410576 0.224418 0.0659251 0.0191015
 0.314785 0.456487 0.130427 0.0712906 0.0270103
 0.177647 0.573274 0.165936 0.047411 0.0357329
 0.261814 0.394536 0.239563 0.0693422 0.0347447
 0.200137 0.518128 0.150578 0.0914313 0.0397256
 0.226489 0.444752 0.212961 0.0618905 0.0539081
 0.204951 0.489721 0.175557 0.0840621 0.0457092
 0.116786 0.51385 0.227514 0.08156 0.060289
 0.114056 0.39015 0.288451 0.127715 0.0796273
 0.190382 0.348801 0.202934 0.150036 0.107848
 0.177738 0.496933 0.140159 0.0815451 0.103626
 0.250403 0.475498 0.165651 0.0467216 0.0617261
 0.334682 0.477098 0.119395 0.0415942 0.0272307
 0.229185 0.574736 0.140608 0.0351875 0.0202837
 0.239752 0.473839 0.213553 0.0522451 0.0206112
 0.238825 0.478303 0.176306 0.0794585 0.0271083
 0.331092 0.417763 0.157813 0.058171 0.0351611
 0.279352 0.521935 0.124105 0.0468816 0.0277262
 0.266852 0.487935 0.177598 0.0422289 0.0253866
 0.303249 0.455256 0.160723 0.0584996 0.0222722
 0.273219 0.504608 0.145167 0.0512496 0.0257557
 0.102797 0.59406 0.210474 0.0605497 0.0321191
pobs_RECLAS
 0 0 0 0 0
 0 0 0 0 0
 0 0 0 0 0
 0 0 0 0 0
 0.835266 0.146461 0.0176864 0.000547809 3.91292e-05
 0.385257 0.428462 0.181853 0.0044286 0
 0.867414 0.0963971 0.0333333 0.00285562 0
 0.441836 0.489002 0.0689373 0.000224442 0
 0.779404 0.147425 0.0564933 0.0165055 0.000172143
 0.814271 0.122319 0.05973 0.00367925 0
 0.40263 0.566651 0.0304383 0.000280538 0
 0.475488 0.404961 0.113038 0.00651328 0
 0.955842 0.0263864 0.0167828 0.000988607 0
 0.975058 0.0227948 0.00214734 0 0
 0.738997 0.206755 0.0527124 0.00153531 0
 0.850938 0.134255 0.0134407 0.00136685 0
 0.542534 0.407297 0.0501686 0 0
 0.764087 0.199537 0.0359546 0.000420521 0
 0.470689 0.182191 0.310203 0.0369168 0
 0.84361 0.089868 0.0606195 0.00523954 0.000663233
 0.607945 0.314616 0.071237 0.00620181 0
 0.523733 0.453247 0.0230204 0 0
 0.530135 0.295979 0.169645 0.0042399 0
 0.562478 0.366248 0.0663022 0.0049721 0
 0.250443 0.683176 0.0655157 0.000865301 0
ppred_RECLAS
 0.749943 0.176415 0.0658532 0.00778489 4.07672e-06
 0.703388 0.229977 0.0470109 0.0175485 0.00207559
 0.533813 0.338092 0.099318 0.0203021 0.00847486
 0.660131 0.193803 0.105931 0.0311184 0.00901641
 0.695919 0.202577 0.0578802 0.0316369 0.0119865
 0.520053 0.334577 0.0968444 0.0276703 0.0208547
 0.639471 0.192691 0.117002 0.0338666 0.0169692
 0.557099 0.286899 0.0833783 0.0506274 0.0219969
 0.595881 0.232359 0.111261 0.0323345 0.0281641
 0.564382 0.268325 0.09619 0.0460588 0.0250447
 0.40266 0.34753 0.153874 0.0551611 0.040775
 0.395786 0.266083 0.196724 0.087102 0.0543058
 0.548924 0.194333 0.113064 0.0835919 0.0600871
 0.538925 0.27865 0.0785927 0.0457256 0.058107
 0.64077 0.227873 0.0793852 0.0223904 0.0295811
 0.718783 0.20166 0.0504661 0.0175811 0.0115099
 0.600085 0.298185 0.0729503 0.018256 0.0105236
 0.612946 0.241239 0.108723 0.0265988 0.0104935
 0.611398 0.244187 0.0900092 0.0405659 0.0138396
 0.712834 0.179348 0.06775 0.0249731 0.0150948
 0.659436 0.246656 0.0586496 0.0221553 0.0131028
 0.645391 0.236004 0.0859004 0.0204253 0.012279
 0.68536 0.205585 0.0725795 0.0264174 0.0100577
 0.652922 0.240978 0.0693253 0.0244745 0.0122997
 0.364258 0.420941 0.149138 0.0429045 0.0227591
pobs_PELACES
 0 0 0 0 0
 0 0 0 0 0
 0 0 0 0 0
 0 0 0 0 0
 0 0 0 0 0
 0 0 0 0 0
 0 0 0 0 0
 0 0 0 0 0
 0 0 0 0 0
 0 0 0 0 0
 0.450072 0.473896 0.0757376 0.000293798 0
 0 0 0 0 0
 0.463077 0.371075 0.160297 0.00555027 0
 0.529543 0.364841 0.0842815 0.0213345 0
 0.631943 0.363953 0.00410389 0 0
 0.735681 0.248677 0.0153453 0.000297389 0
 0.695825 0.281241 0.0229344 0 0
 0.275771 0.60734 0.115278 0.00161068 0
 0 0 0 0 0
 0.896147 0.0623911 0.0374545 0.00400742 0
 0.803859 0.145111 0.0509908 3.86294e-05 0
 0.739449 0.233085 0.0266225 0.000797448 4.60066e-05
 0.878498 0.100942 0.0204185 0.000141795 0
 0.694673 0.275183 0.0284847 0.00165964 0
 0 0 0 0 0
ppred_PELACES
 0.76692 0.164438 0.0613822 0.00725635 3.79994e-06
 0.717916 0.218713 0.0447084 0.016689 0.00197393
 0.557912 0.320615 0.0941839 0.0192526 0.00803675
 0.66414 0.191517 0.104682 0.0307514 0.00891008
 0.696708 0.202052 0.0577301 0.0315549 0.0119554
 0.529572 0.327942 0.0949237 0.0271215 0.0204411
 0.644959 0.189758 0.115221 0.0333511 0.0167109
 0.568918 0.279242 0.0811532 0.0492763 0.0214099
 0.609176 0.224715 0.107601 0.0312708 0.0272376
 0.575896 0.261232 0.0936475 0.0448414 0.0243827
 0.427454 0.333105 0.147487 0.0528716 0.0390826
 0.418813 0.255942 0.189226 0.0837825 0.0522362
 0.585729 0.178477 0.103839 0.0767713 0.0551843
 0.602675 0.240123 0.0677262 0.0394034 0.0500729
 0.692244 0.195221 0.06801 0.0191821 0.0253424
 0.736688 0.18882 0.0472528 0.0164616 0.010777
 0.615444 0.286733 0.0701486 0.0175549 0.0101194
 0.623156 0.234875 0.105855 0.0258971 0.0102167
 0.620094 0.238723 0.0879949 0.0396581 0.0135299
 0.720406 0.174619 0.0659636 0.0243147 0.0146968
 0.663467 0.243737 0.0579555 0.0218931 0.0129478
 0.650686 0.232481 0.0846179 0.0201203 0.0120957
 0.69128 0.201717 0.0712139 0.0259203 0.00986846
 0.659009 0.236752 0.0681095 0.0240453 0.012084
 0.369762 0.417296 0.147847 0.042533 0.022562
pobs_pel_tallas
 0 0 0 0 0 0 0 0 0 0 0 0 0 0 0 0 0 0 0 0 0 0 0 0 0 0 0 0 0 0 0 0 0 0 0 0
 0 0 0 0 0 0 0 0 0 0 0 0 0 0 0 0 0 0 0 0 0 0 0 0 0 0 0 0 0 0 0 0 0 0 0 0
 0 0 0 0 0 0 0 0 0 0 0 0 0 0 0 0 0 0 0 0 0 0 0 0 0 0 0 0 0 0 0 0 0 0 0 0
 0 0 0 0 0 0 0 0 0 0 0 0 0 0 0 0 0 0 0 0 0 0 0 0 0 0 0 0 0 0 0 0 0 0 0 0
 0 0 0 0 0 0 0 0 0 0 0 0 0 0 0 0 0 0 0 0 0 0 0 0 0 0 0 0 0 0 0 0 0 0 0 0
 0 0 0 0 0 0 0 0 0 0 0 0 0 0 0 0 0 0 0 0 0 0 0 0 0 0 0 0 0 0 0 0 0 0 0 0
 0 0 0 0 0 0 0 0 0 0 0 0 0 0 0 0 0 0 0 0 0 0 0 0 0 0 0 0 0 0 0 0 0 0 0 0
 0 0 0 0 0 0 0 0 0 0 0 0 0 0 0 0 0 0 0 0 0 0 0 0 0 0 0 0 0 0 0 0 0 0 0 0
 0 0 0 0 0 0 0 0 0 0 0 0 0 0 0 0 0 0 0 0 0 0 0 0 0 0 0 0 0 0 0 0 0 0 0 0
 0 0 0 0 0 0 0 0 0 0 0 0 0 0 0 0 0 0 0 0 0 0 0 0 0 0 0 0 0 0 0 0 0 0 0 0
 0 0 0 0 0 0 0 0 1.78061e-05 0.00172719 0.00360574 0.0105946 0.0120993 0.0124554 0.0147524 0.0171206 0.0266825 0.0428682 0.0675386 0.121331 0.153587 0.119568 0.100827 0.0573624 0.0630603 0.0341343 0.0324427 0.0444173 0.0211091 0.0280891 0.0125444 0.00206551 0 0 0 0
 0 0 0 0 0 0 0 0 0 0 0 0 0 0 0 0 0 0 0 0 0 0 0 0 0 0 0 0 0 0 0 0 0 0 0 0
 0 0 0 0 0 0 0.0133647 0.0140871 0.0187388 0.0205184 0.03894 0.0496705 0.03968 0.0493445 0.0407372 0.0367815 0.0215668 0.0243155 0.0234873 0.0199281 0.019796 0.0243948 0.0301388 0.0376714 0.0412746 0.0863199 0.0771752 0.113111 0.0741005 0.0525337 0.0229764 0.00759418 0.00175318 0 0 0
 0 0 0 0 0 0 0 0 0 0 0.00219441 0.00772107 0.0458388 0.0604681 0.0671733 0.0775358 0.0609151 0.0617685 0.073594 0.0568108 0.0755445 0.0548602 0.0670107 0.0636378 0.0643287 0.046367 0.0373049 0.0286899 0.0247887 0.0153202 0.00654259 0.00121912 0.000365735 0 0 0
 0 0 0 0 0 0 0 0 0 0 0 0 0.000112435 0.00938835 0.0111873 0.0202946 0.0414886 0.0713402 0.111592 0.104902 0.108894 0.110636 0.117776 0.105296 0.107544 0.0401394 0.0192827 0.0124803 0.00416011 0.0028671 0.000618394 0 0 0 0 0
 0 0 0 0 0 0 0 0 0 0 0.00291406 0.0102884 0.027416 0.0768956 0.0749926 0.110853 0.0956884 0.0897413 0.0766577 0.0534642 0.0500743 0.0551293 0.0594112 0.0620874 0.0668451 0.0424026 0.0208742 0.0120726 0.0048766 0.00582813 0.00118941 0.000297354 0 0 0 0
 0 0.00264628 0.0354308 0.0461629 0.0458689 0.0383711 0.0214643 0.0164657 0.0346957 0.0420465 0.0363128 0.0245516 0.0311673 0.0291091 0.0169068 0.0133784 0.00837989 0.0085269 0.0148486 0.0160247 0.0276389 0.0546898 0.0760071 0.122758 0.109233 0.0665981 0.0333725 0.0166128 0.00676272 0.00308733 0.000882094 0 0 0 0 0
 0 0 0 0 0 0 0 0.000805153 0.000690131 0.00759144 0.0133425 0.0154129 0.00931677 0.000345066 0.00356568 0.00563607 0.00851162 0.0253048 0.0502646 0.0516448 0.0657925 0.0565908 0.0611916 0.0827007 0.0866115 0.110766 0.145733 0.0935128 0.0569358 0.0249597 0.0138026 0.00621118 0.00161031 0.00115022 0 0
 0 0 0 0 0 0 0 0 0 0 0 0 0 0 0 0 0 0 0 0 0 0 0 0 0 0 0 0 0 0 0 0 0 0 0 0
 0.00147267 0.00158595 0.00478618 0.00569244 0.00954404 0.0108468 0.00647125 0.017049 0.0510054 0.094081 0.124002 0.0959785 0.0687766 0.0820023 0.061753 0.0591476 0.0492212 0.0479892 0.0443925 0.0268479 0.0217502 0.0140895 0.0121071 0.0120363 0.00920419 0.00665534 0.0049561 0.00860946 0.00930331 0.0156896 0.0114698 0.00855282 0.00243557 0.00046729 0 2.83206e-05
 0 0 0 0 0.000772559 0.00158375 0.000888443 0.00281984 0.00712685 0.0440552 0.0773331 0.111326 0.0921469 0.0852325 0.0710754 0.0886704 0.0786465 0.0553345 0.0373146 0.0185414 0.00753245 0.00457741 0.012979 0.0271748 0.0457355 0.0583668 0.034881 0.0177882 0.00938659 0.00492506 0.0015258 0.00185414 0.000309023 5.79419e-05 3.86279e-05 0
 0 0.00173294 0.00326652 0 0.00397197 0.00683976 0.00946217 0.0152591 0.00757587 0.0136028 0.0228656 0.0392903 0.0559909 0.0764795 0.0681675 0.0726916 0.0566044 0.0477403 0.0527397 0.0444891 0.0609904 0.0582453 0.0661739 0.0445044 0.0529084 0.0360697 0.0280645 0.0235558 0.0158879 0.00826598 0.00280645 0.00217768 0.000904811 0.00058276 9.20147e-05 0
 0 0 0 0 0 0 0 0 0 0 0 0 0 0 0 0 0 0 0 0 0 0 0 0 0 0 0 0 0 0 0 0 0 0 0 0
 0 0 0 0 0 0 0 0 0 0 0 0 0 0 0 0 0 0 0 0 0 0 0 0 0 0 0 0 0 0 0 0 0 0 0 0
 0 0 0 0 0 0 0 0 0 0 0 0 0 0 0 0 0 0 0 0 0 0 0 0 0 0 0 0 0 0 0 0 0 0 0 0
ppred_pel_tallas
 1.01175e-16 3.34607e-05 0.00019639 0.000933553 0.00359424 0.0112083 0.0283113 0.0579286 0.0960227 0.128955 0.140326 0.123771 0.0885848 0.0516698 0.0250225 0.0109316 0.00574115 0.00514778 0.00651367 0.00867751 0.0111586 0.0136603 0.0159065 0.017639 0.0186615 0.0188813 0.0183257 0.0171266 0.0154813 0.0136028 0.0116768 0.00983657 0.00815845 0.0066722 0.00537858 0.00426547
 1.01372e-16 3.13261e-05 0.000183853 0.000873939 0.00336469 0.0104925 0.0265032 0.0542294 0.0898929 0.120728 0.131389 0.115924 0.0830475 0.0485981 0.0238301 0.0109134 0.00645181 0.00643399 0.00838858 0.0111985 0.014352 0.0174822 0.0202286 0.022255 0.0233148 0.0233056 0.0222899 0.0204714 0.0181379 0.0155911 0.0130856 0.010794 0.00880108 0.00712115 0.00572541 0.00456838
 1.02479e-16 2.43534e-05 0.000142907 0.000679259 0.00261509 0.00815482 0.0205986 0.0421491 0.0698728 0.0938552 0.10218 0.0902429 0.0648444 0.0383394 0.0195342 0.0101872 0.00773172 0.00910483 0.0123989 0.0166949 0.0214684 0.0262378 0.030485 0.0337145 0.0355545 0.0358381 0.0346351 0.0322192 0.0289885 0.0253658 0.021713 0.0182812 0.0152037 0.0125181 0.0102048 0.00822128
 1.03022e-16 2.89802e-05 0.000170083 0.000808479 0.00311266 0.00970652 0.024518 0.0501674 0.0831594 0.111685 0.121547 0.10724 0.0768241 0.0449538 0.0220406 0.0100951 0.00598186 0.0060016 0.00788582 0.0106255 0.0137766 0.0170295 0.0200742 0.0226091 0.0243937 0.0252951 0.0253082 0.0245409 0.0231727 0.0214044 0.0194141 0.0173345 0.0152501 0.0132103 0.0112472 0.00938852
 1.02529e-16 3.04006e-05 0.000178421 0.00084812 0.00326529 0.0101825 0.0257202 0.0526272 0.0872368 0.117161 0.127505 0.112493 0.0805811 0.0471383 0.0230844 0.0105236 0.00615984 0.00610313 0.00796222 0.0106658 0.0137354 0.016837 0.0196425 0.021842 0.0232021 0.0236146 0.0231159 0.0218659 0.0200988 0.0180613 0.0159614 0.0139392 0.0120656 0.0103578 0.00880507 0.00738966
 1.03342e-16 2.31179e-05 0.000135653 0.000644771 0.0024823 0.00774072 0.0195527 0.040009 0.0663258 0.0890931 0.0970019 0.0856838 0.0615998 0.0364841 0.0187058 0.00994562 0.00777971 0.00931078 0.012732 0.0171657 0.0220974 0.0270429 0.0314769 0.0348957 0.0369204 0.0373791 0.0363387 0.034071 0.0309717 0.0274594 0.0238888 0.0205031 0.0174268 0.0146918 0.0122768 0.0101431
 1.03625e-16 2.81438e-05 0.000165172 0.000785135 0.00302278 0.00942623 0.02381 0.0487187 0.0807583 0.108461 0.118039 0.104148 0.0746172 0.0436778 0.0214443 0.00987268 0.00592261 0.00600636 0.00792563 0.0107042 0.0139127 0.0172499 0.0204114 0.0230983 0.0250684 0.026182 0.0264222 0.0258804 0.0247182 0.0231181 0.0212436 0.0192176 0.0171217 0.0150085 0.0129191 0.0108943
 1.03937e-16 2.48316e-05 0.000145719 0.000692633 0.0026666 0.00831546 0.0210044 0.0429789 0.071247 0.0956968 0.104174 0.0919776 0.0660334 0.0389272 0.0196217 0.00989013 0.00709653 0.00810651 0.0109786 0.0148014 0.019091 0.0234295 0.0273729 0.0304956 0.0324747 0.0331586 0.0325932 0.0309931 0.0286736 0.0259667 0.0231507 0.0204121 0.0178433 0.0154667 0.0132687 0.0112301
 1.03948e-16 2.65848e-05 0.000156017 0.000741602 0.00285516 0.00890349 0.0224896 0.0460175 0.0762819 0.102453 0.111512 0.098415 0.0705658 0.0414198 0.020547 0.00981518 0.00637215 0.00684283 0.00915139 0.012357 0.0160128 0.0197738 0.0232814 0.026187 0.0282154 0.0292198 0.0292045 0.0283051 0.0267389 0.0247434 0.0225243 0.0202277 0.0179396 0.015702 0.013537 0.0114646
 1.04095e-16 2.51351e-05 0.000147502 0.000701116 0.00269927 0.00841734 0.0212617 0.0435053 0.072119 0.0968662 0.105443 0.0930859 0.0668045 0.0393322 0.0197346 0.00979826 0.00684749 0.00770526 0.0104088 0.0140475 0.0181538 0.0223357 0.0261783 0.029281 0.0313354 0.0321888 0.0318696 0.0305616 0.0285429 0.0261096 0.0235125 0.0209228 0.0184308 0.0160672 0.0138333 0.0117273
 1.05846e-16 1.86653e-05 0.000109512 0.000520492 0.00200379 0.00624851 0.0157835 0.0322971 0.0535436 0.0719303 0.0783346 0.0692398 0.0498767 0.0297401 0.0156176 0.0089058 0.00769118 0.00967355 0.0134173 0.0182104 0.0235998 0.0291229 0.0342583 0.0384925 0.0414224 0.0428365 0.0427484 0.0413668 0.0390203 0.0360648 0.0328059 0.0294574 0.0261407 0.0229101 0.0197895 0.016801
 1.0809e-16 1.82855e-05 0.000107289 0.000509938 0.00196318 0.00612189 0.0154636 0.031642 0.0524556 0.0704632 0.0767222 0.0677798 0.0487493 0.0289172 0.0149121 0.00807921 0.00652445 0.00798818 0.011082 0.0151591 0.0198623 0.0248531 0.0297439 0.0341366 0.0376935 0.0401969 0.0415756 0.0418883 0.0412779 0.0399141 0.0379496 0.0355003 0.0326521 0.029481 0.0260743 0.0225419
 1.06749e-16 2.55604e-05 0.000150007 0.000713042 0.00274521 0.00856065 0.0216236 0.0442451 0.0733429 0.0985027 0.107204 0.094595 0.0677866 0.0397079 0.0195494 0.00909488 0.00559236 0.00579485 0.00771833 0.0104891 0.0137292 0.0171754 0.0205583 0.0236089 0.0261034 0.0279028 0.0289684 0.029348 0.0291408 0.0284559 0.0273815 0.025973 0.0242614 0.0222716 0.0200423 0.0176375
 1.04734e-16 2.63018e-05 0.000154354 0.000733696 0.00282471 0.00880855 0.0222498 0.0455269 0.0754691 0.101363 0.110329 0.0973791 0.0698411 0.0410304 0.0204201 0.00986303 0.00654192 0.00711865 0.00953501 0.0128484 0.0165975 0.0204171 0.0239293 0.0267728 0.0286731 0.0294998 0.0292879 0.0282122 0.0265287 0.0245034 0.0223534 0.0202167 0.0181537 0.0161699 0.0142479 0.0123742
 1.02873e-16 3.02057e-05 0.000177277 0.000842685 0.00324436 0.0101172 0.0255553 0.0522899 0.0866776 0.116409 0.126686 0.111768 0.0800567 0.0468211 0.0229098 0.0104123 0.00605287 0.00596659 0.00778 0.0104337 0.01346 0.0165368 0.0193475 0.0215921 0.0230414 0.0235848 0.0232488 0.0221777 0.0205871 0.0187059 0.016728 0.0147854 0.0129466 0.0112322 0.00963837 0.00815628
 1.01802e-16 3.21434e-05 0.000188654 0.000896772 0.00345261 0.0107666 0.0271957 0.0556462 0.0922403 0.123878 0.134808 0.118922 0.0851517 0.0497431 0.0242308 0.0108266 0.00603146 0.00572031 0.00735909 0.00981922 0.0126112 0.0154101 0.0179046 0.0198047 0.0208948 0.0210804 0.0204057 0.0190337 0.0171987 0.0151468 0.0130854 0.0111548 0.00942464 0.00790887 0.00658923 0.00543701
 1.02166e-16 2.68606e-05 0.00015763 0.00074926 0.00288462 0.00899537 0.0227217 0.0464929 0.0770715 0.103518 0.112684 0.0994792 0.0713937 0.0420357 0.0210923 0.0104704 0.00730551 0.00819382 0.0110239 0.0148033 0.0190089 0.0231963 0.0269001 0.0296795 0.0312076 0.0313435 0.03016 0.0279128 0.0249683 0.0217117 0.0184697 0.0154652 0.0128103 0.0105288 0.00859083 0.0069466
 1.02947e-16 2.71949e-05 0.000159597 0.000758622 0.00292068 0.00910783 0.0230058 0.0470736 0.0780328 0.104805 0.114072 0.100677 0.0721912 0.0423813 0.0210375 0.0100706 0.006563 0.00706006 0.00943399 0.0127149 0.0164351 0.0202289 0.0237167 0.0265311 0.028386 0.0291342 0.0287921 0.027519 0.0255635 0.0231973 0.020658 0.0181171 0.0156766 0.0133846 0.0112591 0.00930842
 1.03322e-16 2.70615e-05 0.000158814 0.000754897 0.00290634 0.00906311 0.0228928 0.0468425 0.0776497 0.104291 0.113514 0.100186 0.0718441 0.0421871 0.0209586 0.0100615 0.00659337 0.00711681 0.0095131 0.0128139 0.0165488 0.0203481 0.0238286 0.0266222 0.0284454 0.029158 0.0287864 0.0275011 0.0255601 0.02324 0.0207769 0.018335 0.0160035 0.0138156 0.0117755 0.0098811
 1.02516e-16 3.14329e-05 0.000184484 0.000876948 0.00337629 0.0105286 0.0265945 0.054416 0.090201 0.121139 0.131826 0.116287 0.0832567 0.0486196 0.0236537 0.0105202 0.005797 0.00545253 0.00701524 0.00939308 0.012124 0.0149098 0.0174653 0.0195205 0.0208678 0.0214042 0.0211485 0.0202245 0.0188201 0.0171368 0.0153467 0.0135689 0.0118684 0.0102693 0.00877439 0.00738243
 1.0226e-16 2.89529e-05 0.000169917 0.000807685 0.00310959 0.00969692 0.0244937 0.0501182 0.0830793 0.111582 0.121445 0.107176 0.0768351 0.0450736 0.022309 0.0105674 0.0067312 0.00711002 0.0094255 0.0126338 0.0162299 0.0198236 0.0230187 0.025442 0.0268163 0.0270214 0.0261168 0.0243156 0.021923 0.0192589 0.0165926 0.0141056 0.0118872 0.00995354 0.00827891 0.00682356
 1.02534e-16 2.83952e-05 0.000166644 0.000792125 0.00304968 0.00951011 0.0240219 0.0491526 0.0814785 0.109431 0.119104 0.105108 0.0753488 0.0441942 0.0218606 0.010335 0.00656094 0.00692235 0.00919081 0.0123519 0.0159225 0.0195329 0.0228055 0.0253797 0.0269799 0.0274737 0.026895 0.0254214 0.0233195 0.020875 0.0183338 0.0158687 0.013575 0.0114872 0.00960513 0.00791678
 1.02429e-16 3.0164e-05 0.000177032 0.000841515 0.00323986 0.0101032 0.0255198 0.0522174 0.0865575 0.116248 0.126512 0.111619 0.0799583 0.0467803 0.0229213 0.0104704 0.0061594 0.00613056 0.00801331 0.0107461 0.0138547 0.0170065 0.0198728 0.0221415 0.0235741 0.0240555 0.0236139 0.0224009 0.0206438 0.0185858 0.0164348 0.0143358 0.0123674 0.0105575 0.00890553 0.00740312
 1.02435e-16 2.87582e-05 0.000168775 0.000802257 0.00308869 0.00963175 0.0243291 0.0497814 0.0825208 0.110831 0.120627 0.106452 0.0763114 0.0447569 0.022135 0.0104569 0.00662566 0.00697619 0.00924819 0.0124101 0.0159681 0.019544 0.0227535 0.0252324 0.0267069 0.0270525 0.0263167 0.0246947 0.022471 0.0199463 0.0173756 0.0149334 0.0127094 0.0107269 0.00897105 0.00741526
 1.04751e-16 1.61532e-05 9.47558e-05 0.000450321 0.00173358 0.00540586 0.0136551 0.027943 0.046329 0.06225 0.0678233 0.0600224 0.0433969 0.0261972 0.0143435 0.00910125 0.00887112 0.0117015 0.0163511 0.0221482 0.0285802 0.0350682 0.040951 0.0455848 0.0484768 0.0493907 0.0483876 0.0457864 0.0420636 0.0377291 0.0332201 0.0288421 0.0247614 0.0210363 0.0176642 0.0146232
pSPR Fmed_Fpbrs
0.741195   0.332288 0.332288
Fs Fmed_Fpbrs
0.182141   1.005 1.005
SSBpbr Bo_Bmed_Bpbrs
1.50647e+06  1.04127e+06  425260 425260
Ro
63576.6
SPR SPRFo_SPRFmed_SPRFpbrs
1.31028e+06 971175 435391
log_Ro
10.88
likeval ReclasPelacesDesembMPH_pf_preclas_ppelaces_ptallas_desvR_qrecl_qpela
 63.5074 24.2444 0.0291435 0.00157083 289.966 201.748 71.2916 0 16.168 0.000101153 0 0 0 0 0
q_reclas_q_pelaces
0.240464 1
M
0.7
N
 66749.4 18069.7 6745.14 797.382 0.417566
 84877.6 30887.2 6313.83 2356.86 278.764
 54423.2 39940.4 11732.9 2398.39 1001.17
 83194.4 25096.5 13717.6 4029.68 1167.58
 139212 40753.2 11644 6364.51 2411.36
 101128 68934.4 19953.3 5701.03 4296.77
 156130 48779.8 29619.2 8573.35 4295.77
 137458 76134.1 22126 13435 5837.31
 155146 65806.7 31510.3 9157.5 7976.39
 144665 73853.2 26475.1 12677.1 6893.25
 68793.9 69313.3 30689.4 11001.6 8132.39
 40683.7 31604.9 23366.6 10345.9 6450.37
 42277.5 18786.9 10930.3 8081.13 5808.83
 24404.1 18727.5 5282.06 3073.13 3905.26
 19662.9 9936.9 3461.76 976.382 1289.94
 25434.2 8183.17 2047.86 713.422 467.06
 21519.7 11789.9 2884.37 721.822 416.091
 24211.9 10174.6 4585.53 1121.84 442.577
 27550.5 11633.6 4288.24 1932.65 659.349
 49971.3 13303.4 5025.47 1852.42 1119.69
 62750.5 24120.2 5735.26 2166.53 1281.31
 81149.5 30736.7 11187.5 2660.14 1599.19
 126581 39591.4 13977.3 5087.43 1936.9
 160092 61550.8 17707.1 6251.3 3141.61
 65018.6 77882.7 27593.6 7938.21 4210.9
pred_Ctot
 3285.68 3929.73 1466.91 173.412 0.0908109
 3208.4 5302.29 1083.87 404.593 47.8543
 2805.93 9047.02 2657.65 543.265 226.779
 811.601 1190.17 650.541 191.103 55.3713
 284.015 411.866 117.678 64.322 24.3701
 2087.4 6736.12 1949.79 557.093 419.872
 2026.16 3053.29 1853.96 536.634 268.886
 3559.59 9215.33 2678.15 1626.18 706.553
 4630.93 9093.66 4354.33 1265.45 1102.24
 3664.91 8757.12 3139.28 1503.19 817.365
 3719.89 16367.2 7246.79 2597.85 1920.33
 2059.35 7044.39 5208.15 2305.98 1437.72
 3304.63 6054.44 3522.5 2604.3 1872.01
 3196.14 8935.99 2520.38 1466.37 1863.43
 2313.25 4392.7 1530.3 431.618 570.232
 1221.85 1741.78 435.887 151.852 99.4135
 743.319 1864.05 456.035 114.124 65.7863
 565.374 1117.39 503.592 123.203 48.6047
 547.904 1097.3 404.474 182.291 62.1909
 1007.93 1271.78 480.425 177.088 107.04
 614.954 1148.97 273.2 103.203 61.0353
 1023.81 1872.02 681.375 162.016 97.3988
 1895.78 2846.07 1004.77 365.715 139.236
 2343.97 4329.08 1245.4 439.675 220.96
 837.182 4838.04 1714.1 493.118 261.579
F
 0.0706024 0.351492 0.351492 0.351492 0.351492
 0.0538209 0.267946 0.267946 0.267946 0.267946
 0.074061 0.368711 0.368711 0.368711 0.368711
 0.013647 0.0679413 0.0679413 0.0679413 0.0679413
 0.00284042 0.014141 0.014141 0.014141 0.014141
 0.0290719 0.144733 0.144733 0.144733 0.144733
 0.0181907 0.0905617 0.0905617 0.0905617 0.0905617
 0.0365937 0.182181 0.182181 0.182181 0.182181
 0.0422852 0.210516 0.210516 0.210516 0.210516
 0.0357866 0.178163 0.178163 0.178163 0.178163
 0.077801 0.38733 0.38733 0.38733 0.38733
 0.0726678 0.361775 0.361775 0.361775 0.361775
 0.114261 0.568843 0.568843 0.568843 0.568843
 0.198498 0.988218 0.988218 0.988218 0.988218
 0.176652 0.879459 0.879459 0.879459 0.879459
 0.0688511 0.342773 0.342773 0.342773 0.342773
 0.0490786 0.244337 0.244337 0.244337 0.244337
 0.0329447 0.164014 0.164014 0.164014 0.164014
 0.0279969 0.139382 0.139382 0.139382 0.139382
 0.0284003 0.14139 0.14139 0.14139 0.14139
 0.0137097 0.0682532 0.0682532 0.0682532 0.0682532
 0.0176805 0.0880221 0.0880221 0.0880221 0.0880221
 0.0210194 0.104645 0.104645 0.104645 0.104645
 0.0205444 0.10228 0.10228 0.10228 0.10228
 0.0180474 0.0898484 0.0898484 0.0898484 0.0898484
nmprior
 10 11 7 0
nm_flota  nm_reclas  nm_pelaces    nm_pelaL
inf 12.7289 20.2881 37.0417
cv_recla  cv_pelaces  cv_mph
0.720837 0.579388 1.28589
 ------------------------------------------------
Talla a la edad & desviación 
 7.2 14.2025 17.0495 18.207 18.6776
 1.08 2.13037 2.55742 2.73105 2.80164
