years
 1997 1998 1999 2000 2001 2002 2003 2004 2005 2006 2007 2008 2009 2010 2011 2012 2013 2014 2015 2016 2017 2018 2019 2020 2021
reclasobs
 0 0 0 370054 412103 1.49427e+06 250295 1.28982e+06 931140 785840 897777 1.04006e+06 184774 17550 25797 100020 73551 82996 120727 218422 84188 347160 605670 569463 516374
reclaspred
 456379 134927 464105 332499 435939 510558 1.07953e+06 675518 692688 575032 437991 291617 177099 84354.4 62003.3 65460.4 84610.4 118599 127074 181301 258917 238551 417691 553601 641081
pelacesobs
 0 0 0 0 0 0 0 0 0 2.06254e+06 1.5e+06 0 1.87456e+06 323000 250000 174000 83755 137374 0 501740 490994 745055 786931 1.00524e+06 0
pelacespred
 1.88554e+06 521580 1.03789e+06 1.16182e+06 1.28e+06 1.29359e+06 2.91204e+06 2.41103e+06 2.11985e+06 1.80527e+06 1.24377e+06 850626 509245 204851 145967 164516 221149 313215 349905 480289 756650 690995 949594 1.46521e+06 1.7905e+06
mphobs
 0 0 0 0 0 112323 0 153150 637223 0 255016 313432 73983 77613 109348 50772 0 0 0 0 0 0 0 0 0
mphpred
 164072 114387 151592 208663 198724 280787 418816 472665 380076 351117 300770 207675 127726 67119 33959.3 30429.3 37875.9 53934.9 68366.2 79276.2 117084 136931 174164 250965 378598
desembarqueobs
 350755 77701 442110 56441 14545 235359 269955 359681 431902 328805 639364 411747 362871 311530 167758 66681 60226 58785 57116 71774 51957 67425 138520 160799 200461
desembarquepred
 350766 77704.8 442156 56442.8 14545.1 235393 269981 359716 431984 328876 639787 412112 363380 312155 167863 66699.8 60247.4 58789.7 57115.7 71778.1 51958.8 67423.3 138525 160805 200462
Reclutas
 80948.8 100673 65485.1 93673.2 152570 112839 167246 140636 151578 137719 68339 41204.7 41696.9 24508.4 19697 25566.1 22026.2 25205.8 28770.2 50013.3 63186.7 83806.2 133942 177859 87803.8
log_desv_Rt
 0.181572 0.399635 -0.0304214 0.327567 0.81538 0.51372 0.907219 0.73393 0.808854 0.712971 0.0122359 -0.493693 -0.481817 -1.01323 -1.23178 -0.970979 -1.12001 -0.985172 -0.852903 -0.299955 -0.0661511 0.216262 0.685159 0.968748 0.26286
SSB
 963927 672026 890603 1.2259e+06 1.16751e+06 1.64963e+06 2.46055e+06 2.77692e+06 2.23295e+06 2.06281e+06 1.76703e+06 1.22009e+06 750390 394325 199511 178773 222521 316868 401653 465749 687870 804470 1.02322e+06 1.47442e+06 2.22427e+06
BT
 3.33018e+06 935355 1.88227e+06 1.86331e+06 2.01168e+06 2.1765e+06 4.76321e+06 4.15218e+06 3.70671e+06 3.1241e+06 2.51019e+06 1.69609e+06 1.14977e+06 620601 373719 313008 396125 536389 591369 810158 1.22787e+06 1.13073e+06 1.5703e+06 2.41624e+06 2.91724e+06
Ftot
 0.303562 0.218101 0.292352 0.0535331 0.0118055 0.125978 0.079443 0.164065 0.19532 0.172249 0.388079 0.365787 0.575194 1.00809 0.89744 0.347242 0.24402 0.161275 0.134845 0.136042 0.0669112 0.0865753 0.101588 0.0966829 0.0817587
BD_Bspro_t
 0.963662 0.828743 0.809651 0.729866 0.812516 0.890241 0.867653 0.868466 0.820332 0.77717 0.730682 0.583264 0.470001 0.35482 0.238318 0.258988 0.383729 0.555905 0.664928 0.741714 0.822507 0.875618 0.881552 0.885894 0.888533
BD_Bspro
 0.692822 0.483018 0.64012 0.881114 0.839144 1.18567 1.76852 1.99591 1.60493 1.48265 1.27005 0.87694 0.539342 0.283421 0.143399 0.128493 0.159937 0.227749 0.288687 0.334757 0.494406 0.578212 0.735436 1.05974 1.59869
BD_Bo
 0.600787 0.418853 0.555086 0.764066 0.727672 1.02816 1.53359 1.73077 1.39173 1.28569 1.10133 0.760446 0.467695 0.245771 0.124349 0.111424 0.138691 0.197494 0.250338 0.290287 0.428729 0.501402 0.63774 0.918963 1.38632
BD_Brms
 1.09234 0.761552 1.00925 1.38921 1.32304 1.86939 2.78834 3.14685 2.53042 2.33762 2.00243 1.38263 0.850355 0.446856 0.22609 0.202588 0.252165 0.359081 0.45516 0.527795 0.779507 0.91164 1.15953 1.67084 2.52058
S_f
 0.205342 1 1 1 1
 0.205342 1 1 1 1
 0.205342 1 1 1 1
 0.205342 1 1 1 1
 0.205342 1 1 1 1
 0.205342 1 1 1 1
 0.205342 1 1 1 1
 0.205342 1 1 1 1
 0.205342 1 1 1 1
 0.205342 1 1 1 1
 0.205342 1 1 1 1
 0.205342 1 1 1 1
 0.205342 1 1 1 1
 0.205342 1 1 1 1
 0.205342 1 1 1 1
 0.205342 1 1 1 1
 0.205342 1 1 1 1
 0.205342 1 1 1 1
 0.205342 1 1 1 1
 0.205342 1 1 1 1
 0.205342 1 1 1 1
 0.205342 1 1 1 1
 0.205342 1 1 1 1
 0.205342 1 1 1 1
 0.205342 1 1 1 1
Scru_reclas
 1 1 1 1 1
 1 1 1 1 1
 1 1 1 1 1
 1 1 1 1 1
 1 1 1 1 1
 1 1 1 1 1
 1 1 1 1 1
 1 1 1 1 1
 1 1 1 1 1
 1 1 1 1 1
 1 1 1 1 1
 1 1 1 1 1
 1 1 1 1 1
 1 1 1 1 1
 1 1 1 1 1
 1 1 1 1 1
 1 1 1 1 1
 1 1 1 1 1
 1 1 1 1 1
 1 1 1 1 1
 1 1 1 1 1
 1 1 1 1 1
 1 1 1 1 1
 1 1 1 1 1
 1 1 1 1 1
Scru_pelaces
 0.932451 1 1 1 1
 0.932451 1 1 1 1
 0.932451 1 1 1 1
 0.932451 1 1 1 1
 0.932451 1 1 1 1
 0.932451 1 1 1 1
 0.932451 1 1 1 1
 0.932451 1 1 1 1
 0.932451 1 1 1 1
 0.932451 1 1 1 1
 0.932451 1 1 1 1
 0.932451 1 1 1 1
 0.932451 1 1 1 1
 0.932451 1 1 1 1
 0.932451 1 1 1 1
 0.932451 1 1 1 1
 0.932451 1 1 1 1
 0.932451 1 1 1 1
 0.932451 1 1 1 1
 0.932451 1 1 1 1
 0.932451 1 1 1 1
 0.932451 1 1 1 1
 0.932451 1 1 1 1
 0.932451 1 1 1 1
 0.932451 1 1 1 1
pf_obs 
 0.256992 0.487395 0.22802 0.0275931 0
 0.321318 0.546541 0.124235 0.00734118 0.000564706
 0.182869 0.594174 0.210203 0.0122559 0.00049798
 0.330522 0.361315 0.267642 0.0388342 0.00168674
 0.649043 0.306663 0.0425973 0.00169635 0
 0.582887 0.30429 0.105238 0.00758474 0
 0.465427 0.430635 0.0974691 0.00646863 0
 0.296916 0.608066 0.0921331 0.00288517 0
 0.311714 0.524322 0.152257 0.0117073 0
 0.15457 0.633149 0.183074 0.0267441 0.00246327
 0.131901 0.49318 0.331252 0.0422183 0.00144891
 0.196976 0.569456 0.194076 0.0375587 0.00193317
 0.518974 0.381816 0.0799577 0.0180837 0.00116848
 0.0928022 0.601141 0.25162 0.0475244 0.00691264
 0.122501 0.610282 0.24278 0.0234846 0.000952079
 0.383417 0.481906 0.127806 0.00687128 0
 0.0376549 0.599619 0.316969 0.0457579 0
 0.0361596 0.667082 0.258105 0.0386534 0
 0.158088 0.579412 0.248529 0.0139706 0
 0.0477256 0.309471 0.559284 0.082774 0.000745712
 0.0406174 0.521527 0.379366 0.0568643 0.0016247
 0.151134 0.462217 0.34131 0.0453401 0
 0.294876 0.26143 0.354403 0.0886775 0.000613685
 0.281977 0.475581 0.204845 0.0348837 0.00271318
 0 0 0 0 0
pf_pred 
 0.391953 0.429527 0.159692 0.0188185 9.43107e-06
 0.315882 0.535533 0.104962 0.0390231 0.00460089
 0.181303 0.583537 0.184085 0.0360796 0.0149953
 0.261014 0.407864 0.236012 0.0744533 0.0206573
 0.303704 0.44416 0.13916 0.0805255 0.032451
 0.179051 0.559106 0.167027 0.0523311 0.0424849
 0.254925 0.39426 0.238922 0.0713753 0.0405176
 0.191483 0.511963 0.156923 0.0950955 0.0445354
 0.214487 0.435097 0.221887 0.0680112 0.0605167
 0.197277 0.475371 0.181321 0.0924687 0.0535623
 0.120183 0.496168 0.227196 0.0866595 0.0697932
 0.119142 0.390051 0.276788 0.126741 0.0872773
 0.192676 0.353429 0.200988 0.142625 0.110281
 0.18447 0.491773 0.141734 0.0806011 0.101422
 0.258508 0.475682 0.160286 0.0461959 0.0593276
 0.344013 0.474056 0.116712 0.0393274 0.025891
 0.23764 0.571425 0.137981 0.0339708 0.0189827
 0.248597 0.472628 0.208956 0.0504561 0.0193638
 0.244769 0.478826 0.173857 0.0768648 0.0256833
 0.326709 0.421758 0.159475 0.0579039 0.0341542
 0.282289 0.513339 0.128021 0.0484074 0.0279434
 0.275531 0.480823 0.174267 0.0434601 0.0259193
 0.314438 0.451195 0.155547 0.0563757 0.0224444
 0.288811 0.498096 0.140245 0.0483487 0.0244997
 0.126136 0.588754 0.199682 0.056223 0.0292043
pobs_RECLAS
 0 0 0 0 0
 0 0 0 0 0
 0 0 0 0 0
 0 0 0 0 0
 0.835266 0.146461 0.0176864 0.000547809 3.91292e-05
 0.385257 0.428462 0.181853 0.0044286 0
 0.867414 0.0963971 0.0333333 0.00285562 0
 0.441836 0.489002 0.0689373 0.000224442 0
 0.779404 0.147425 0.0564933 0.0165055 0.000172143
 0.814271 0.122319 0.05973 0.00367925 0
 0.40263 0.566651 0.0304383 0.000280538 0
 0.475488 0.404961 0.113038 0.00651328 0
 0.955842 0.0263864 0.0167828 0.000988607 0
 0.975058 0.0227948 0.00214734 0 0
 0.738997 0.206755 0.0527124 0.00153531 0
 0.850938 0.134255 0.0134407 0.00136685 0
 0.542534 0.407297 0.0501686 0 0
 0.764087 0.199537 0.0359546 0.000420521 0
 0.470689 0.182191 0.310203 0.0369168 0
 0.84361 0.089868 0.0606195 0.00523954 0.000663233
 0.607945 0.314616 0.071237 0.00620181 0
 0.523733 0.453247 0.0230204 0 0
 0.530135 0.295979 0.169645 0.0042399 0
 0.562478 0.366248 0.0663022 0.0049721 0
 0.250443 0.683176 0.0655157 0.000865301 0
ppred_RECLAS
 0.761603 0.168405 0.0626103 0.00737817 3.69764e-06
 0.6947 0.238991 0.0468409 0.0174147 0.00205323
 0.523054 0.339949 0.107242 0.0210188 0.00873579
 0.632962 0.202577 0.117222 0.0369793 0.01026
 0.680029 0.204106 0.0639485 0.0370041 0.0149123
 0.516668 0.329172 0.0983365 0.0308098 0.0250129
 0.625851 0.197983 0.119978 0.035842 0.0203464
 0.537744 0.292706 0.0897181 0.0543692 0.0254624
 0.57333 0.236333 0.120523 0.0369419 0.0328711
 0.547048 0.268237 0.102314 0.0521773 0.0302236
 0.40517 0.335451 0.153603 0.0585891 0.047186
 0.402389 0.264627 0.187785 0.0859867 0.0592126
 0.54723 0.198213 0.11272 0.0799883 0.0618487
 0.545232 0.27423 0.0790356 0.044946 0.0565562
 0.645913 0.227154 0.076542 0.0220601 0.0283309
 0.722768 0.200345 0.0493247 0.0166205 0.010942
 0.606099 0.295248 0.0712928 0.0175522 0.00980813
 0.61902 0.239634 0.105946 0.0255825 0.00981791
 0.613791 0.244861 0.0889066 0.039307 0.0131339
 0.704109 0.18535 0.0700845 0.025447 0.0150097
 0.65773 0.244807 0.061052 0.023085 0.013326
 0.650358 0.232054 0.0841045 0.0209747 0.0125092
 0.691832 0.202817 0.0699202 0.0253415 0.010089
 0.665237 0.234458 0.0660146 0.0227582 0.0115322
 0.413754 0.394975 0.13396 0.0377181 0.0195922
pobs_PELACES
 0 0 0 0 0
 0 0 0 0 0
 0 0 0 0 0
 0 0 0 0 0
 0 0 0 0 0
 0 0 0 0 0
 0 0 0 0 0
 0 0 0 0 0
 0 0 0 0 0
 0 0 0 0 0
 0.450072 0.473896 0.0757376 0.000293798 0
 0 0 0 0 0
 0.463077 0.371075 0.160297 0.00555027 0
 0.529543 0.364841 0.0842815 0.0213345 0
 0.631943 0.363953 0.00410389 0 0
 0.735681 0.248677 0.0153453 0.000297389 0
 0.695825 0.281241 0.0229344 0 0
 0.275771 0.60734 0.115278 0.00161068 0
 0 0 0 0 0
 0.896147 0.0623911 0.0374545 0.00400742 0
 0.803859 0.145111 0.0509908 3.86294e-05 0
 0.739449 0.233085 0.0266225 0.000797448 4.60066e-05
 0.878498 0.100942 0.0204185 0.000141795 0
 0.694673 0.275183 0.0284847 0.00165964 0
 0 0 0 0 0
ppred_PELACES
 0.763354 0.167168 0.0621505 0.00732399 3.67049e-06
 0.69199 0.241112 0.0472567 0.0175693 0.00207145
 0.524732 0.338753 0.106864 0.0209448 0.00870506
 0.619881 0.209796 0.1214 0.0382972 0.0106257
 0.665313 0.213493 0.0668896 0.038706 0.0155981
 0.507448 0.335452 0.100212 0.0313976 0.02549
 0.614283 0.204104 0.123687 0.0369501 0.0209755
 0.531047 0.296947 0.0910179 0.0551569 0.0258313
 0.568745 0.238873 0.121819 0.0373389 0.0332243
 0.540903 0.271876 0.103702 0.0528851 0.0306336
 0.412864 0.331112 0.151617 0.0578313 0.0465757
 0.408653 0.261853 0.185816 0.0850854 0.0585919
 0.567187 0.189476 0.107751 0.0764626 0.0591226
 0.592871 0.245503 0.0707563 0.0402378 0.0506317
 0.682769 0.203511 0.068575 0.0197639 0.025382
 0.72698 0.197301 0.0485753 0.0163679 0.0107757
 0.604678 0.296313 0.07155 0.0176156 0.00984351
 0.612479 0.243748 0.107765 0.0260217 0.00998647
 0.605563 0.250078 0.0908007 0.0401444 0.0134137
 0.696921 0.189852 0.0717871 0.0260651 0.0153743
 0.64584 0.253311 0.0631729 0.023887 0.0137889
 0.639542 0.239232 0.0867062 0.0216235 0.0128961
 0.682525 0.208943 0.0720319 0.0261069 0.0103937
 0.655236 0.241463 0.0679868 0.0234381 0.0118767
 0.402042 0.402866 0.136637 0.0384717 0.0199836
pobs_pel_tallas
 0 0 0 0 0 0 0 0 0 0 0 0 0 0 0 0 0 0 0 0 0 0 0 0 0 0 0 0 0 0 0 0 0 0 0 0
 0 0 0 0 0 0 0 0 0 0 0 0 0 0 0 0 0 0 0 0 0 0 0 0 0 0 0 0 0 0 0 0 0 0 0 0
 0 0 0 0 0 0 0 0 0 0 0 0 0 0 0 0 0 0 0 0 0 0 0 0 0 0 0 0 0 0 0 0 0 0 0 0
 0 0 0 0 0 0 0 0 0 0 0 0 0 0 0 0 0 0 0 0 0 0 0 0 0 0 0 0 0 0 0 0 0 0 0 0
 0 0 0 0 0 0 0 0 0 0 0 0 0 0 0 0 0 0 0 0 0 0 0 0 0 0 0 0 0 0 0 0 0 0 0 0
 0 0 0 0 0 0 0 0 0 0 0 0 0 0 0 0 0 0 0 0 0 0 0 0 0 0 0 0 0 0 0 0 0 0 0 0
 0 0 0 0 0 0 0 0 0 0 0 0 0 0 0 0 0 0 0 0 0 0 0 0 0 0 0 0 0 0 0 0 0 0 0 0
 0 0 0 0 0 0 0 0 0 0 0 0 0 0 0 0 0 0 0 0 0 0 0 0 0 0 0 0 0 0 0 0 0 0 0 0
 0 0 0 0 0 0 0 0 0 0 0 0 0 0 0 0 0 0 0 0 0 0 0 0 0 0 0 0 0 0 0 0 0 0 0 0
 0 0 0 0 0 0 0 0 0 0 0 0 0 0 0 0 0 0 0 0 0 0 0 0 0 0 0 0 0 0 0 0 0 0 0 0
 0 0 0 0 0 0 0 0 1.78061e-05 0.00172719 0.00360574 0.0105946 0.0120993 0.0124554 0.0147524 0.0171206 0.0266825 0.0428682 0.0675386 0.121331 0.153587 0.119568 0.100827 0.0573624 0.0630603 0.0341343 0.0324427 0.0444173 0.0211091 0.0280891 0.0125444 0.00206551 0 0 0 0
 0 0 0 0 0 0 0 0 0 0 0 0 0 0 0 0 0 0 0 0 0 0 0 0 0 0 0 0 0 0 0 0 0 0 0 0
 0 0 0 0 0 0 0.0133647 0.0140871 0.0187388 0.0205184 0.03894 0.0496705 0.03968 0.0493445 0.0407372 0.0367815 0.0215668 0.0243155 0.0234873 0.0199281 0.019796 0.0243948 0.0301388 0.0376714 0.0412746 0.0863199 0.0771752 0.113111 0.0741005 0.0525337 0.0229764 0.00759418 0.00175318 0 0 0
 0 0 0 0 0 0 0 0 0 0 0.00219441 0.00772107 0.0458388 0.0604681 0.0671733 0.0775358 0.0609151 0.0617685 0.073594 0.0568108 0.0755445 0.0548602 0.0670107 0.0636378 0.0643287 0.046367 0.0373049 0.0286899 0.0247887 0.0153202 0.00654259 0.00121912 0.000365735 0 0 0
 0 0 0 0 0 0 0 0 0 0 0 0 0.000112435 0.00938835 0.0111873 0.0202946 0.0414886 0.0713402 0.111592 0.104902 0.108894 0.110636 0.117776 0.105296 0.107544 0.0401394 0.0192827 0.0124803 0.00416011 0.0028671 0.000618394 0 0 0 0 0
 0 0 0 0 0 0 0 0 0 0 0.00291406 0.0102884 0.027416 0.0768956 0.0749926 0.110853 0.0956884 0.0897413 0.0766577 0.0534642 0.0500743 0.0551293 0.0594112 0.0620874 0.0668451 0.0424026 0.0208742 0.0120726 0.0048766 0.00582813 0.00118941 0.000297354 0 0 0 0
 0 0.00264628 0.0354308 0.0461629 0.0458689 0.0383711 0.0214643 0.0164657 0.0346957 0.0420465 0.0363128 0.0245516 0.0311673 0.0291091 0.0169068 0.0133784 0.00837989 0.0085269 0.0148486 0.0160247 0.0276389 0.0546898 0.0760071 0.122758 0.109233 0.0665981 0.0333725 0.0166128 0.00676272 0.00308733 0.000882094 0 0 0 0 0
 0 0 0 0 0 0 0 0.000805153 0.000690131 0.00759144 0.0133425 0.0154129 0.00931677 0.000345066 0.00356568 0.00563607 0.00851162 0.0253048 0.0502646 0.0516448 0.0657925 0.0565908 0.0611916 0.0827007 0.0866115 0.110766 0.145733 0.0935128 0.0569358 0.0249597 0.0138026 0.00621118 0.00161031 0.00115022 0 0
 0 0 0 0 0 0 0 0 0 0 0 0 0 0 0 0 0 0 0 0 0 0 0 0 0 0 0 0 0 0 0 0 0 0 0 0
 0.00147267 0.00158595 0.00478618 0.00569244 0.00954404 0.0108468 0.00647125 0.017049 0.0510054 0.094081 0.124002 0.0959785 0.0687766 0.0820023 0.061753 0.0591476 0.0492212 0.0479892 0.0443925 0.0268479 0.0217502 0.0140895 0.0121071 0.0120363 0.00920419 0.00665534 0.0049561 0.00860946 0.00930331 0.0156896 0.0114698 0.00855282 0.00243557 0.00046729 0 2.83206e-05
 0 0 0 0 0.000772559 0.00158375 0.000888443 0.00281984 0.00712685 0.0440552 0.0773331 0.111326 0.0921469 0.0852325 0.0710754 0.0886704 0.0786465 0.0553345 0.0373146 0.0185414 0.00753245 0.00457741 0.012979 0.0271748 0.0457355 0.0583668 0.034881 0.0177882 0.00938659 0.00492506 0.0015258 0.00185414 0.000309023 5.79419e-05 3.86279e-05 0
 0 0.00173294 0.00326652 0 0.00397197 0.00683976 0.00946217 0.0152591 0.00757587 0.0136028 0.0228656 0.0392903 0.0559909 0.0764795 0.0681675 0.0726916 0.0566044 0.0477403 0.0527397 0.0444891 0.0609904 0.0582453 0.0661739 0.0445044 0.0529084 0.0360697 0.0280645 0.0235558 0.0158879 0.00826598 0.00280645 0.00217768 0.000904811 0.00058276 9.20147e-05 0
 0 0 0 0 0 0 0 0 0 0 0 0 0 0 0 0 0 0 0 0 0 0 0 0 0 0 0 0 0 0 0 0 0 0 0 0
 0 0 0 0 0 0 0 0 0 0 0 0 0 0 0 0 0 0 0 0 0 0 0 0 0 0 0 0 0 0 0 0 0 0 0 0
 0 0 0 0 0 0 0 0 0 0 0 0 0 0 0 0 0 0 0 0 0 0 0 0 0 0 0 0 0 0 0 0 0 0 0 0
ppred_pel_tallas
 1.01189e-16 3.33054e-05 0.000195477 0.000929214 0.00357753 0.0111562 0.0281797 0.0576593 0.0955765 0.128356 0.139675 0.123199 0.0881799 0.0514426 0.0249293 0.0109197 0.00577641 0.00521728 0.00661693 0.00881816 0.0113395 0.0138809 0.0161622 0.0179208 0.0189573 0.0191776 0.0186096 0.0173879 0.015713 0.013802 0.0118435 0.00997328 0.00826873 0.00675999 0.00544763 0.00431906
 1.0145e-16 3.01965e-05 0.000177219 0.000842398 0.00324324 0.0101137 0.0255465 0.0522723 0.0866495 0.116375 0.126659 0.111768 0.080108 0.0469545 0.0231667 0.0108499 0.00674399 0.00699184 0.00921206 0.0123156 0.0157818 0.0192162 0.0222228 0.0244315 0.0255715 0.025531 0.0243812 0.0223486 0.0197531 0.0169294 0.0141598 0.0116351 0.00944864 0.00761505 0.00610071 0.00485325
 1.02754e-16 2.29074e-05 0.000134416 0.000638887 0.00245964 0.00767006 0.0193742 0.039644 0.065721 0.088282 0.0961222 0.0849148 0.0610646 0.0362026 0.0186268 0.010009 0.00795389 0.00959488 0.0131419 0.0177191 0.0228028 0.0278925 0.0324421 0.0359275 0.0379529 0.0383375 0.0371489 0.0346693 0.0313123 0.0275191 0.0236683 0.0200247 0.0167307 0.0138311 0.011311 0.00913256
 1.03605e-16 2.70511e-05 0.000158755 0.000754624 0.0029053 0.00905987 0.0228846 0.0468255 0.0776208 0.10425 0.113463 0.100127 0.0717715 0.0420836 0.020795 0.00979889 0.00618621 0.00651859 0.00868539 0.0117389 0.0152431 0.0188725 0.0222906 0.025167 0.0272358 0.0283463 0.0284858 0.0277633 0.026366 0.0245047 0.0223678 0.0200962 0.0177826 0.0154843 0.0132428 0.011097
 1.03078e-16 2.90321e-05 0.000170386 0.000809917 0.00311819 0.00972376 0.0245615 0.0502566 0.0833079 0.111886 0.12177 0.107446 0.076994 0.0450966 0.0221905 0.0102962 0.00627728 0.00642846 0.00847048 0.0113763 0.0146749 0.0180235 0.0210784 0.0235128 0.0250778 0.0256545 0.0252738 0.0240953 0.0223555 0.0203048 0.0181537 0.0160445 0.0140496 0.0121893 0.0104577 0.00884455
 1.03802e-16 2.21535e-05 0.000129991 0.000617849 0.00237864 0.00741747 0.0187362 0.0383385 0.0635571 0.085376 0.0929603 0.0821267 0.0590707 0.0350431 0.0180719 0.0097787 0.00785183 0.00952393 0.0130671 0.0176351 0.0227192 0.0278301 0.0324327 0.0360128 0.0381816 0.0387607 0.0378135 0.0356113 0.0325507 0.0290515 0.0254688 0.0220451 0.0189045 0.0160794 0.0135506 0.011284
 1.04073e-16 2.68068e-05 0.000157321 0.000747808 0.00287906 0.00897804 0.0226779 0.0464025 0.0769196 0.103308 0.112437 0.09922 0.0711179 0.0416933 0.0205894 0.00968118 0.00608558 0.00639575 0.0085222 0.0115299 0.014993 0.0185967 0.0220159 0.02493 0.0270788 0.0283119 0.02861 0.0280701 0.0268632 0.0251831 0.0232024 0.0210501 0.0188116 0.0165423 0.0142856 0.0120865
 1.04492e-16 2.31809e-05 0.000136026 0.000646551 0.00248916 0.00776213 0.0196067 0.0401194 0.0665079 0.0893349 0.097258 0.085893 0.0617131 0.036477 0.018566 0.00965336 0.00729716 0.00858633 0.0117137 0.0158188 0.020422 0.0250887 0.0293495 0.0327521 0.0349515 0.0357829 0.0352897 0.033693 0.0313202 0.0285167 0.0255718 0.0226795 0.0199367 0.0173684 0.0149644 0.0127104
 1.04643e-16 2.48225e-05 0.000145669 0.000692403 0.00266573 0.00831275 0.0209975 0.0429646 0.0712221 0.0956602 0.104126 0.0919151 0.0659454 0.0387889 0.0193934 0.00951817 0.00651702 0.00725265 0.00979372 0.0132568 0.0172054 0.0212839 0.0251147 0.0283271 0.0306263 0.0318508 0.0319964 0.0311967 0.0296709 0.0276597 0.025372 0.0229572 0.0205045 0.0180611 0.015657 0.0133231
 1.0481e-16 2.36097e-05 0.000138546 0.000658534 0.00253531 0.00790605 0.0199702 0.040863 0.0677396 0.0909868 0.0990495 0.0874588 0.0628024 0.0370493 0.0187256 0.0095236 0.00694495 0.00801811 0.0109054 0.0147469 0.0190857 0.0235234 0.0276318 0.0309948 0.0332892 0.034351 0.0342011 0.0330197 0.031083 0.0286862 0.0260785 0.0234298 0.0208302 0.0183125 0.0158843 0.0135528
 1.06424e-16 1.80291e-05 0.000105777 0.000502735 0.00193542 0.0060353 0.015245 0.0311952 0.0517171 0.0694777 0.0756663 0.0668877 0.0481964 0.0287665 0.0151585 0.00872719 0.00763088 0.00965387 0.0134138 0.0182236 0.0236422 0.0292148 0.0344258 0.0387661 0.0418334 0.0434132 0.0435113 0.0423242 0.040166 0.037377 0.0342485 0.0309836 0.0276974 0.0244434 0.0212496 0.0181465
 1.08385e-16 1.78427e-05 0.000104689 0.000497576 0.00191558 0.00597346 0.0150887 0.0308749 0.0511843 0.0687567 0.0748671 0.0661482 0.0475916 0.0282622 0.0146329 0.00802197 0.00658753 0.00812947 0.0112947 0.0154488 0.0202346 0.0253072 0.0302713 0.0347216 0.0383161 0.0408366 0.0422153 0.0425177 0.0418937 0.0405193 0.03855 0.0361012 0.0332554 0.0300831 0.0266667 0.0231121
 1.06982e-16 2.47524e-05 0.000145262 0.000690482 0.00265834 0.00828975 0.0209393 0.0428452 0.0710228 0.0953884 0.103819 0.0916181 0.0656754 0.0385158 0.0190458 0.00900095 0.00572507 0.00608074 0.00814923 0.0110801 0.0144949 0.0181183 0.0216647 0.0248485 0.0274332 0.0292735 0.0303322 0.0306649 0.0303823 0.0296057 0.0284332 0.0269267 0.0251201 0.0230385 0.0207202 0.0182285
 1.04833e-16 2.58745e-05 0.000151845 0.000721767 0.00277878 0.00866531 0.021888 0.0447867 0.0742424 0.099716 0.108538 0.0958047 0.0687241 0.0403989 0.0201517 0.00981002 0.00660693 0.00726238 0.00975282 0.0131483 0.0169879 0.0209006 0.0245003 0.0274175 0.029371 0.0302266 0.0300188 0.0289254 0.0272071 0.0251355 0.0229323 0.020739 0.0186182 0.0165767 0.0145982 0.0126699
 1.02905e-16 2.97929e-05 0.000174853 0.000831156 0.00319997 0.00997879 0.0252057 0.0515746 0.0854921 0.114818 0.124957 0.110249 0.0789824 0.0462206 0.0226678 0.0103899 0.00616081 0.00617212 0.00808318 0.0108447 0.0139857 0.0171737 0.0200792 0.0223896 0.023867 0.0243974 0.0240106 0.0228598 0.0211725 0.0191899 0.017116 0.0150894 0.0131816 0.011413 0.00977771 0.00826416
 1.0182e-16 3.17205e-05 0.00018617 0.000884961 0.00340714 0.0106248 0.0268375 0.0549133 0.0910258 0.122248 0.133037 0.117365 0.0840513 0.049128 0.023983 0.010804 0.00614276 0.00593207 0.00767157 0.0102432 0.0131539 0.0160682 0.0186615 0.0206307 0.0217509 0.0219239 0.0211971 0.0197421 0.0178054 0.0156456 0.0134809 0.0114588 0.00965253 0.00807636 0.0067105 0.00552371
 1.02178e-16 2.63916e-05 0.000154876 0.000736163 0.00283419 0.00883809 0.0223245 0.0456801 0.0757247 0.101711 0.11072 0.0977536 0.0701736 0.0413542 0.0208186 0.010447 0.00743165 0.00843267 0.0113761 0.0152809 0.0196199 0.0239369 0.0277511 0.0306072 0.0321676 0.0322875 0.031043 0.0287001 0.0256387 0.0222586 0.0188985 0.0157897 0.0130484 0.0106988 0.00870925 0.00702712
 1.0297e-16 2.67297e-05 0.000156865 0.000745632 0.00287067 0.00895185 0.0226118 0.0462676 0.076697 0.103012 0.112124 0.0989646 0.0709801 0.0417034 0.0207626 0.0100417 0.00667898 0.0072835 0.00976458 0.0131641 0.0170113 0.0209293 0.0245247 0.0274164 0.0293082 0.0300489 0.0296576 0.028302 0.0262433 0.0237657 0.021118 0.0184792 0.0159552 0.0135949 0.0114152 0.00942239
 1.03377e-16 2.64283e-05 0.000155095 0.000737217 0.00283827 0.00885082 0.0223566 0.0457455 0.0758317 0.101851 0.110862 0.0978552 0.0701945 0.0412621 0.0205802 0.0100151 0.00674028 0.00740467 0.00994032 0.0133954 0.0172961 0.0212587 0.0248824 0.0277817 0.0296599 0.0303714 0.0299458 0.0285637 0.0264983 0.0240419 0.0214442 0.0188786 0.0164392 0.0141605 0.0120456 0.01009
 1.02695e-16 3.04095e-05 0.000178474 0.000848374 0.00326627 0.0101855 0.0257279 0.052643 0.0872626 0.117194 0.127539 0.112517 0.0805853 0.0471145 0.0230243 0.0104154 0.00598746 0.0058482 0.00760858 0.0102054 0.0131744 0.0162002 0.0189742 0.021203 0.0226607 0.0232355 0.0229481 0.0219333 0.0203962 0.0185566 0.016602 0.014663 0.0128106 0.0110714 0.00944853 0.00794035
 1.02445e-16 2.81847e-05 0.000165407 0.000786237 0.003027 0.00943939 0.0238433 0.0487873 0.0808736 0.108621 0.118227 0.104345 0.0748267 0.0439378 0.0218259 0.0104709 0.00684631 0.00736577 0.00981333 0.013168 0.0169253 0.0206851 0.0240368 0.0265924 0.0280626 0.0283206 0.0274254 0.025595 0.0231431 0.020399 0.0176401 0.0150541 0.0127338 0.010698 0.00892224 0.00736864
 1.02655e-16 2.79095e-05 0.000163792 0.000778566 0.00299747 0.00934729 0.0236106 0.0483112 0.0800842 0.10756 0.11707 0.103319 0.0740802 0.0434782 0.0215588 0.01028 0.006643 0.00709762 0.00945467 0.0127137 0.0163909 0.0201094 0.0234816 0.0261364 0.0277905 0.0283078 0.0277228 0.0262182 0.0240675 0.0215638 0.0189594 0.0164311 0.0140762 0.0119296 0.00999101 0.00824822
 1.02474e-16 2.97825e-05 0.000174791 0.000830863 0.00319884 0.00997526 0.0251968 0.0515564 0.0854621 0.114778 0.124915 0.110215 0.0789649 0.0462241 0.0226951 0.0104455 0.00625264 0.00631086 0.00828002 0.0111083 0.0143187 0.01757 0.0205221 0.0228519 0.0243133 0.0247883 0.0243074 0.0230297 0.0211926 0.0190495 0.0168172 0.0146461 0.0126174 0.0107586 0.00906793 0.00753455
 1.02405e-16 2.85939e-05 0.00016781 0.000797667 0.00307101 0.00957663 0.0241899 0.0494965 0.0820488 0.110198 0.119939 0.105848 0.0758861 0.0445224 0.0220468 0.0104616 0.0066901 0.00708986 0.0094134 0.0126323 0.0162497 0.0198812 0.0231348 0.025639 0.0271152 0.0274375 0.0266562 0.0249723 0.0226784 0.0200834 0.0174492 0.0149548 0.012692 0.0106839 0.008914 0.00735326
 1.04327e-16 1.75601e-05 0.000103017 0.000489599 0.00188482 0.00587749 0.0148464 0.0303803 0.0503684 0.0676727 0.0737186 0.065209 0.0470801 0.0282871 0.015246 0.00930737 0.00870664 0.0113017 0.0157365 0.0212954 0.0274611 0.0336682 0.0392765 0.0436646 0.046359 0.0471357 0.0460603 0.043448 0.0397671 0.0355174 0.0311272 0.0268944 0.0229801 0.0194375 0.0162587 0.0134156
pSPR Fmed_Fpbrs
0.753895   0.6 0.325
Fs Fmed_Fpbrs
0.170059   0.34051 1.03229
SSBpbr Bo_Bmed_Bpbrs
1.60444e+06  1.12936e+06  882443 441221
Ro
67507.9
SPR SPRFo_SPRFmed_SPRFpbrs
1.39131e+06 1.0489e+06 452174
log_Ro
10.94
likeval ReclasPelacesDesembMPH_pf_preclas_ppelaces_ptallas_desvR_qrecl_qpela
 62.3778 23.5838 0.0397541 0.000226099 291.282 203.039 71.421 0 17.0656 0.000107748 1.31602e-06 7.46755e-16 0 0 0
q_reclas_q_pelaces
0.229716 1.17728
M
0.7
N
 80948.8 20193.8 7507.75 884.734 0.443393
 100673 37768.8 7402.48 2752.13 324.48
 65485.1 47803.3 15080.2 2955.64 1228.42
 93673.2 30624.2 17720.9 5590.28 1551.04
 152570 46008.2 14414.8 8341.22 3361.43
 112839 75580.6 22578.9 7074.19 5743.16
 167246 54603.4 33089.7 9885.17 5611.52
 140636 81707.9 25044.5 15177 7107.73
 151578 67524.1 34435.4 10554.9 9391.78
 137719 72312.1 27582.1 14066.1 8147.75
 68339 66012.6 30227.2 11529.6 9285.62
 41204.7 31336.8 22237.2 10182.4 7011.87
 41696.9 18981 10794.2 7659.75 5922.69
 24508.4 18399.4 5302.86 3015.64 3794.62
 19697 9894.81 3334.16 960.935 1234.09
 25566.1 8135.07 2002.85 674.881 444.304
 22026.2 11822 2854.63 702.808 392.727
 25205.8 10403.3 4599.47 1110.62 426.229
 28770.2 12109.1 4396.68 1943.84 649.509
 50013.3 13896.7 5254.64 1907.9 1125.36
 63186.7 24151.7 6023.15 2277.48 1314.69
 83806.2 30949.4 11217.1 2797.43 1668.37
 133942 40883.6 14094.4 5108.3 2033.73
 177859 65140.3 18341 6322.98 3204.03
 87803.8 86586.2 29366.7 8268.54 4294.98
pred_Ctot
 3530.72 3869.19 1438.5 169.517 0.0849552
 3179.16 5389.83 1056.38 392.744 46.3053
 2753.54 8862.43 2795.78 547.957 227.741
 736.944 1151.56 666.356 210.211 58.3238
 265.701 388.582 121.747 70.4493 28.3904
 2075.42 6480.72 1936.04 606.581 492.451
 1948 3012.73 1825.71 545.411 309.614
 3357.14 8975.91 2751.23 1667.25 780.81
 4295.5 8713.61 4443.7 1362.05 1211.96
 3448.94 8310.77 3169.99 1616.6 936.415
 3781.86 15613.1 7149.26 2726.95 2196.21
 2153.56 7050.39 5003.1 2290.92 1577.59
 3363.49 6169.73 3508.61 2489.78 1925.15
 3335.23 8891.28 2562.55 1457.27 1833.71
 2409.48 4433.7 1493.98 430.579 552.975
 1270.57 1750.88 431.065 145.252 95.6257
 776.416 1866.95 450.809 110.989 62.0202
 591.605 1124.75 497.27 120.075 46.0815
 565.954 1107.14 401.991 177.726 59.3849
 992.46 1281.19 484.447 175.898 103.752
 620.576 1128.51 281.437 106.417 61.4299
 1063.08 1855.16 672.376 167.683 100.005
 1990.98 2856.9 984.902 356.963 142.115
 2517.25 4341.37 1222.37 421.404 213.537
 1052.29 4911.67 1665.85 469.039 243.636
F
 0.0623341 0.303562 0.303562 0.303562 0.303562
 0.0447853 0.218101 0.218101 0.218101 0.218101
 0.0600321 0.292352 0.292352 0.292352 0.292352
 0.0109926 0.0535331 0.0535331 0.0535331 0.0535331
 0.00242416 0.0118055 0.0118055 0.0118055 0.0118055
 0.0258686 0.125978 0.125978 0.125978 0.125978
 0.016313 0.079443 0.079443 0.079443 0.079443
 0.0336895 0.164065 0.164065 0.164065 0.164065
 0.0401073 0.19532 0.19532 0.19532 0.19532
 0.0353699 0.172249 0.172249 0.172249 0.172249
 0.079689 0.388079 0.388079 0.388079 0.388079
 0.0751115 0.365787 0.365787 0.365787 0.365787
 0.118111 0.575194 0.575194 0.575194 0.575194
 0.207004 1.00809 1.00809 1.00809 1.00809
 0.184282 0.89744 0.89744 0.89744 0.89744
 0.0713035 0.347242 0.347242 0.347242 0.347242
 0.0501077 0.24402 0.24402 0.24402 0.24402
 0.0331165 0.161275 0.161275 0.161275 0.161275
 0.0276894 0.134845 0.134845 0.134845 0.134845
 0.0279351 0.136042 0.136042 0.136042 0.136042
 0.0137397 0.0669112 0.0669112 0.0669112 0.0669112
 0.0177775 0.0865753 0.0865753 0.0865753 0.0865753
 0.0208603 0.101588 0.101588 0.101588 0.101588
 0.0198531 0.0966829 0.0966829 0.0966829 0.0966829
 0.0167885 0.0817587 0.0817587 0.0817587 0.0817587
nmprior
 10 11 7 0
nm_flota  nm_reclas  nm_pelaces    nm_pelaL
inf 12.1447 19.9536 36.31
cv_recla  cv_pelaces  cv_mph
0.714398 0.571441 0.487852
 ------------------------------------------------
Talla a la edad & desviación 
 7.2 14.2025 17.0495 18.207 18.6776
 1.08 2.13037 2.55742 2.73105 2.80164
