years
 1997 1998 1999 2000 2001 2002 2003 2004 2005 2006 2007 2008 2009 2010 2011 2012 2013 2014 2015 2016 2017 2018 2019 2020 2021
reclasobs
 0 0 0 370054 412103 1.49427e+06 250295 1.28982e+06 931140 785840 897777 1.04006e+06 184774 17550 25797 100020 73551 82996 120727 218422 84188 347160 605670 569463 516374
reclaspred
 448013 133702 468485 336434 434512 508961 1.07122e+06 664910 674538 549468 416803 279032 170801 85043.4 64847.4 68462.1 87190.5 121582 129601 183988 261568 240497 420768 555144 644049
pelacesobs
 0 0 0 0 0 0 0 0 0 2.06254e+06 1.5e+06 0 1.87456e+06 323000 250000 174000 83755 137374 0 501740 490994 745055 786931 1.00524e+06 0
pelacespred
 1.82949e+06 513125 1.03253e+06 1.15397e+06 1.25282e+06 1.26447e+06 2.83401e+06 2.34189e+06 2.03369e+06 1.70271e+06 1.17281e+06 805168 490566 211870 156299 172938 227341 316994 352378 481638 751502 683840 940367 1.44656e+06 1.7604e+06
mphobs
 0 0 0 0 0 112323 0 153150 637223 0 255016 313432 73983 77613 109348 50772 0 0 0 0 0 0 0 0 0
mphpred
 159984 113718 151905 213326 200350 279617 418081 469604 375559 342719 288345 200284 124358 66862.7 36022.6 32739.5 39786.1 55869.3 70312.6 81104.3 119007 138475 175967 253204 380776
desembarqueobs
 350755 77701 442110 56441 14545 235359 269955 359681 431902 328805 639364 411747 362871 311530 167758 66681 60226 58785 57116 71774 51957 67425 138520 160799 200461
desembarquepred
 350764 77704.4 442150 56442.5 14545.1 235389 269978 359713 431979 328874 639801 412121 363392 312173 167880 66699.6 60244.8 58789.5 57116.1 71777.6 51958.5 67423.6 138524 160804 200462
Reclutas
 92509.8 115824 76100 108725 176686 130215 191660 157274 165215 144914 70663.1 41938.2 42699.7 25874.6 21598.3 29220.4 25675.1 29362.8 33543.4 58702.1 74233.3 98067.6 156742 206997 102044
log_desv_Rt
 0.19507 0.419826 -0.000196342 0.356574 0.842128 0.536941 0.923481 0.725744 0.775005 0.643893 -0.0743216 -0.596048 -0.578054 -1.07898 -1.25963 -0.957379 -1.08672 -0.952515 -0.819404 -0.259768 -0.0250317 0.253413 0.722358 1.00046 0.293161
SSB
 1.11073e+06 789510 1.05463e+06 1.48106e+06 1.39098e+06 1.9413e+06 2.90262e+06 3.26033e+06 2.6074e+06 2.3794e+06 2.0019e+06 1.39051e+06 863379 464208 250095 227301 276224 387884 488160 563084 826230 961389 1.22169e+06 1.75793e+06 2.64362e+06
BT
 3.80951e+06 1.09015e+06 2.20174e+06 2.22595e+06 2.37283e+06 2.54786e+06 5.54645e+06 4.80679e+06 4.22721e+06 3.5176e+06 2.78594e+06 1.89059e+06 1.28051e+06 701866 440671 381843 479032 644337 710109 967360 1.46141e+06 1.34341e+06 1.86164e+06 2.85492e+06 3.45063e+06
Ftot
 0.258329 0.183608 0.243179 0.0441508 0.00988216 0.106496 0.0669754 0.138946 0.166127 0.148935 0.340511 0.318991 0.493392 0.834432 0.698132 0.271075 0.195998 0.130761 0.110624 0.111943 0.0554615 0.0720972 0.0847069 0.0806948 0.0686509
BD_Bspro_t
 0.968833 0.850381 0.834484 0.765148 0.837679 0.905308 0.885578 0.885918 0.84224 0.801199 0.755477 0.616017 0.507188 0.396558 0.284487 0.311369 0.441116 0.610615 0.711116 0.778981 0.848904 0.89439 0.899125 0.902569 0.904519
BD_Bspro
 0.708058 0.503291 0.6723 0.944137 0.88671 1.23753 1.85034 2.07837 1.66215 1.5168 1.27616 0.886413 0.550381 0.29592 0.159429 0.144898 0.176085 0.247266 0.311189 0.358951 0.526699 0.61286 0.778793 1.12063 1.68523
BD_Bo
 0.614578 0.436845 0.583541 0.819489 0.769643 1.07414 1.60605 1.80398 1.4427 1.31655 1.10767 0.769386 0.477718 0.256852 0.13838 0.125768 0.152838 0.214621 0.270105 0.311561 0.457163 0.531948 0.675974 0.972681 1.46274
BD_Brms
 2.20903 1.57019 2.09747 2.94555 2.76639 3.86088 5.77276 6.48418 5.18563 4.73218 3.9814 2.76547 1.7171 0.923223 0.497392 0.452059 0.549357 0.77143 0.97086 1.11987 1.64322 1.91202 2.42971 3.49619 5.25766
S_f
 0.214566 1 1 1 1
 0.214566 1 1 1 1
 0.214566 1 1 1 1
 0.214566 1 1 1 1
 0.214566 1 1 1 1
 0.214566 1 1 1 1
 0.214566 1 1 1 1
 0.214566 1 1 1 1
 0.214566 1 1 1 1
 0.214566 1 1 1 1
 0.214566 1 1 1 1
 0.214566 1 1 1 1
 0.214566 1 1 1 1
 0.214566 1 1 1 1
 0.214566 1 1 1 1
 0.214566 1 1 1 1
 0.214566 1 1 1 1
 0.214566 1 1 1 1
 0.214566 1 1 1 1
 0.214566 1 1 1 1
 0.214566 1 1 1 1
 0.214566 1 1 1 1
 0.214566 1 1 1 1
 0.214566 1 1 1 1
 0.214566 1 1 1 1
Scru_reclas
 1 1 1 1 1
 1 1 1 1 1
 1 1 1 1 1
 1 1 1 1 1
 1 1 1 1 1
 1 1 1 1 1
 1 1 1 1 1
 1 1 1 1 1
 1 1 1 1 1
 1 1 1 1 1
 1 1 1 1 1
 1 1 1 1 1
 1 1 1 1 1
 1 1 1 1 1
 1 1 1 1 1
 1 1 1 1 1
 1 1 1 1 1
 1 1 1 1 1
 1 1 1 1 1
 1 1 1 1 1
 1 1 1 1 1
 1 1 1 1 1
 1 1 1 1 1
 1 1 1 1 1
 1 1 1 1 1
Scru_pelaces
 0.958269 1 1 1 1
 0.958269 1 1 1 1
 0.958269 1 1 1 1
 0.958269 1 1 1 1
 0.958269 1 1 1 1
 0.958269 1 1 1 1
 0.958269 1 1 1 1
 0.958269 1 1 1 1
 0.958269 1 1 1 1
 0.958269 1 1 1 1
 0.958269 1 1 1 1
 0.958269 1 1 1 1
 0.958269 1 1 1 1
 0.958269 1 1 1 1
 0.958269 1 1 1 1
 0.958269 1 1 1 1
 0.958269 1 1 1 1
 0.958269 1 1 1 1
 0.958269 1 1 1 1
 0.958269 1 1 1 1
 0.958269 1 1 1 1
 0.958269 1 1 1 1
 0.958269 1 1 1 1
 0.958269 1 1 1 1
 0.958269 1 1 1 1
pf_obs 
 0.256992 0.487395 0.22802 0.0275931 0
 0.321318 0.546541 0.124235 0.00734118 0.000564706
 0.182869 0.594174 0.210203 0.0122559 0.00049798
 0.330522 0.361315 0.267642 0.0388342 0.00168674
 0.649043 0.306663 0.0425973 0.00169635 0
 0.582887 0.30429 0.105238 0.00758474 0
 0.465427 0.430635 0.0974691 0.00646863 0
 0.296916 0.608066 0.0921331 0.00288517 0
 0.311714 0.524322 0.152257 0.0117073 0
 0.15457 0.633149 0.183074 0.0267441 0.00246327
 0.131901 0.49318 0.331252 0.0422183 0.00144891
 0.196976 0.569456 0.194076 0.0375587 0.00193317
 0.518974 0.381816 0.0799577 0.0180837 0.00116848
 0.0928022 0.601141 0.25162 0.0475244 0.00691264
 0.122501 0.610282 0.24278 0.0234846 0.000952079
 0.383417 0.481906 0.127806 0.00687128 0
 0.0376549 0.599619 0.316969 0.0457579 0
 0.0361596 0.667082 0.258105 0.0386534 0
 0.158088 0.579412 0.248529 0.0139706 0
 0.0477256 0.309471 0.559284 0.082774 0.000745712
 0.0406174 0.521527 0.379366 0.0568643 0.0016247
 0.151134 0.462217 0.34131 0.0453401 0
 0.294876 0.26143 0.354403 0.0886775 0.000613685
 0.281977 0.475581 0.204845 0.0348837 0.00271318
 0 0 0 0 0
pf_pred 
 0.397719 0.425222 0.158359 0.0186909 9.18106e-06
 0.320674 0.526852 0.10765 0.0400904 0.00473415
 0.184305 0.574894 0.186754 0.0381587 0.015889
 0.262883 0.398076 0.238953 0.0776236 0.0224647
 0.309072 0.434528 0.138467 0.0831178 0.0348149
 0.183012 0.552921 0.166073 0.052921 0.0450729
 0.258124 0.38765 0.239733 0.0720051 0.0424877
 0.190893 0.506088 0.158336 0.0979187 0.0467645
 0.21059 0.425537 0.227599 0.0712069 0.0650672
 0.191287 0.462902 0.186412 0.0997026 0.0596966
 0.116469 0.477818 0.232228 0.0935187 0.079967
 0.11358 0.369981 0.279293 0.135741 0.101405
 0.184382 0.332847 0.201503 0.152111 0.129157
 0.177312 0.468096 0.144706 0.0876039 0.122282
 0.243925 0.452003 0.173012 0.0534846 0.0775756
 0.334394 0.449487 0.129202 0.0494543 0.0374627
 0.23785 0.553009 0.141234 0.0405967 0.0273103
 0.248482 0.461047 0.210763 0.0538271 0.0258807
 0.246428 0.46736 0.175587 0.0802679 0.0303563
 0.331201 0.411621 0.1595 0.0599243 0.0377538
 0.287719 0.504328 0.127987 0.0495943 0.0303715
 0.280578 0.473813 0.173903 0.0441326 0.0275738
 0.320217 0.443449 0.15565 0.057128 0.023556
 0.293408 0.491105 0.140571 0.0493401 0.0255763
 0.128978 0.581206 0.201432 0.0576565 0.0307277
pobs_RECLAS
 0 0 0 0 0
 0 0 0 0 0
 0 0 0 0 0
 0 0 0 0 0
 0.835266 0.146461 0.0176864 0.000547809 3.91292e-05
 0.385257 0.428462 0.181853 0.0044286 0
 0.867414 0.0963971 0.0333333 0.00285562 0
 0.441836 0.489002 0.0689373 0.000224442 0
 0.779404 0.147425 0.0564933 0.0165055 0.000172143
 0.814271 0.122319 0.05973 0.00367925 0
 0.40263 0.566651 0.0304383 0.000280538 0
 0.475488 0.404961 0.113038 0.00651328 0
 0.955842 0.0263864 0.0167828 0.000988607 0
 0.975058 0.0227948 0.00214734 0 0
 0.738997 0.206755 0.0527124 0.00153531 0
 0.850938 0.134255 0.0134407 0.00136685 0
 0.542534 0.407297 0.0501686 0 0
 0.764087 0.199537 0.0359546 0.000420521 0
 0.470689 0.182191 0.310203 0.0369168 0
 0.84361 0.089868 0.0606195 0.00523954 0.000663233
 0.607945 0.314616 0.071237 0.00620181 0
 0.523733 0.453247 0.0230204 0 0
 0.530135 0.295979 0.169645 0.0042399 0
 0.562478 0.366248 0.0663022 0.0049721 0
 0.250443 0.683176 0.0655157 0.000865301 0
ppred_RECLAS
 0.757399 0.171281 0.0637875 0.00752877 3.69816e-06
 0.68957 0.240754 0.0491925 0.01832 0.00216335
 0.516249 0.340943 0.110755 0.0226301 0.00942301
 0.624849 0.202598 0.121614 0.039506 0.0114333
 0.675931 0.203809 0.064946 0.0389852 0.0163294
 0.512084 0.330212 0.0991808 0.0316051 0.0269181
 0.619309 0.198922 0.123018 0.0369492 0.0218024
 0.525473 0.296812 0.092861 0.0574276 0.0274265
 0.556355 0.23915 0.12791 0.040018 0.0365675
 0.526249 0.271172 0.109202 0.0584066 0.0349708
 0.385272 0.332448 0.161575 0.0650668 0.0556381
 0.378215 0.259525 0.195912 0.0952164 0.0711315
 0.520973 0.195487 0.118346 0.0893377 0.0758563
 0.517175 0.274719 0.0849262 0.0514135 0.0717658
 0.612566 0.231619 0.0886562 0.027407 0.0397519
 0.703894 0.199962 0.0574776 0.0220006 0.0166659
 0.595084 0.293803 0.0750348 0.0215682 0.0145094
 0.608025 0.240472 0.109929 0.028075 0.0134988
 0.60513 0.244896 0.0920072 0.0420602 0.0159066
 0.698876 0.18533 0.0718144 0.0269806 0.0169985
 0.653688 0.245205 0.0622276 0.0241128 0.0147667
 0.64589 0.233217 0.0855973 0.0217227 0.0135722
 0.687937 0.203571 0.0714532 0.0262253 0.0108137
 0.660197 0.236175 0.0676011 0.0237279 0.0122998
 0.409125 0.394273 0.136645 0.0391124 0.0208448
pobs_PELACES
 0 0 0 0 0
 0 0 0 0 0
 0 0 0 0 0
 0 0 0 0 0
 0 0 0 0 0
 0 0 0 0 0
 0 0 0 0 0
 0 0 0 0 0
 0 0 0 0 0
 0 0 0 0 0
 0.450072 0.473896 0.0757376 0.000293798 0
 0 0 0 0 0
 0.463077 0.371075 0.160297 0.00555027 0
 0.529543 0.364841 0.0842815 0.0213345 0
 0.631943 0.363953 0.00410389 0 0
 0.735681 0.248677 0.0153453 0.000297389 0
 0.695825 0.281241 0.0229344 0 0
 0.275771 0.60734 0.115278 0.00161068 0
 0 0 0 0 0
 0.896147 0.0623911 0.0374545 0.00400742 0
 0.803859 0.145111 0.0509908 3.86294e-05 0
 0.739449 0.233085 0.0266225 0.000797448 4.60066e-05
 0.878498 0.100942 0.0204185 0.000141795 0
 0.694673 0.275183 0.0284847 0.00165964 0
 0 0 0 0 0
ppred_PELACES
 0.761842 0.168144 0.0626194 0.0073909 3.63044e-06
 0.690631 0.239931 0.0490243 0.0182574 0.00215596
 0.521343 0.337353 0.109589 0.0223918 0.00932378
 0.617512 0.206561 0.123992 0.0402787 0.0116569
 0.667093 0.209367 0.0667171 0.0400483 0.0167747
 0.50833 0.332752 0.0999439 0.0318483 0.0271252
 0.613334 0.202044 0.124949 0.0375291 0.0221446
 0.523824 0.297843 0.0931837 0.0576272 0.0275219
 0.556462 0.239092 0.127879 0.0400083 0.0365587
 0.525246 0.271746 0.109433 0.0585303 0.0350448
 0.396134 0.326574 0.15872 0.0639171 0.0546549
 0.387679 0.255575 0.19293 0.0937671 0.0700488
 0.542199 0.186825 0.113102 0.085379 0.072495
 0.5603 0.250182 0.0773408 0.0468214 0.0653558
 0.64484 0.212324 0.0812709 0.0251239 0.0364405
 0.709621 0.196094 0.0563659 0.021575 0.0163435
 0.597053 0.292375 0.0746701 0.0214634 0.0144389
 0.605941 0.24175 0.110514 0.0282243 0.0135706
 0.601791 0.246966 0.0927852 0.0424159 0.0160411
 0.696004 0.187098 0.0724994 0.027238 0.0171606
 0.647265 0.249753 0.0633817 0.02456 0.0150405
 0.640396 0.236836 0.0869254 0.0220598 0.0137828
 0.683482 0.206477 0.0724733 0.0265997 0.010968
 0.655309 0.239572 0.0685734 0.0240692 0.0124767
 0.403135 0.398269 0.13803 0.0395089 0.0210561
pobs_pel_tallas
 0 0 0 0 0 0 0 0 0 0 0 0 0 0 0 0 0 0 0 0 0 0 0 0 0 0 0 0 0 0 0 0 0 0 0 0
 0 0 0 0 0 0 0 0 0 0 0 0 0 0 0 0 0 0 0 0 0 0 0 0 0 0 0 0 0 0 0 0 0 0 0 0
 0 0 0 0 0 0 0 0 0 0 0 0 0 0 0 0 0 0 0 0 0 0 0 0 0 0 0 0 0 0 0 0 0 0 0 0
 0 0 0 0 0 0 0 0 0 0 0 0 0 0 0 0 0 0 0 0 0 0 0 0 0 0 0 0 0 0 0 0 0 0 0 0
 0 0 0 0 0 0 0 0 0 0 0 0 0 0 0 0 0 0 0 0 0 0 0 0 0 0 0 0 0 0 0 0 0 0 0 0
 0 0 0 0 0 0 0 0 0 0 0 0 0 0 0 0 0 0 0 0 0 0 0 0 0 0 0 0 0 0 0 0 0 0 0 0
 0 0 0 0 0 0 0 0 0 0 0 0 0 0 0 0 0 0 0 0 0 0 0 0 0 0 0 0 0 0 0 0 0 0 0 0
 0 0 0 0 0 0 0 0 0 0 0 0 0 0 0 0 0 0 0 0 0 0 0 0 0 0 0 0 0 0 0 0 0 0 0 0
 0 0 0 0 0 0 0 0 0 0 0 0 0 0 0 0 0 0 0 0 0 0 0 0 0 0 0 0 0 0 0 0 0 0 0 0
 0 0 0 0 0 0 0 0 0 0 0 0 0 0 0 0 0 0 0 0 0 0 0 0 0 0 0 0 0 0 0 0 0 0 0 0
 0 0 0 0 0 0 0 0 1.78061e-05 0.00172719 0.00360574 0.0105946 0.0120993 0.0124554 0.0147524 0.0171206 0.0266825 0.0428682 0.0675386 0.121331 0.153587 0.119568 0.100827 0.0573624 0.0630603 0.0341343 0.0324427 0.0444173 0.0211091 0.0280891 0.0125444 0.00206551 0 0 0 0
 0 0 0 0 0 0 0 0 0 0 0 0 0 0 0 0 0 0 0 0 0 0 0 0 0 0 0 0 0 0 0 0 0 0 0 0
 0 0 0 0 0 0 0.0133647 0.0140871 0.0187388 0.0205184 0.03894 0.0496705 0.03968 0.0493445 0.0407372 0.0367815 0.0215668 0.0243155 0.0234873 0.0199281 0.019796 0.0243948 0.0301388 0.0376714 0.0412746 0.0863199 0.0771752 0.113111 0.0741005 0.0525337 0.0229764 0.00759418 0.00175318 0 0 0
 0 0 0 0 0 0 0 0 0 0 0.00219441 0.00772107 0.0458388 0.0604681 0.0671733 0.0775358 0.0609151 0.0617685 0.073594 0.0568108 0.0755445 0.0548602 0.0670107 0.0636378 0.0643287 0.046367 0.0373049 0.0286899 0.0247887 0.0153202 0.00654259 0.00121912 0.000365735 0 0 0
 0 0 0 0 0 0 0 0 0 0 0 0 0.000112435 0.00938835 0.0111873 0.0202946 0.0414886 0.0713402 0.111592 0.104902 0.108894 0.110636 0.117776 0.105296 0.107544 0.0401394 0.0192827 0.0124803 0.00416011 0.0028671 0.000618394 0 0 0 0 0
 0 0 0 0 0 0 0 0 0 0 0.00291406 0.0102884 0.027416 0.0768956 0.0749926 0.110853 0.0956884 0.0897413 0.0766577 0.0534642 0.0500743 0.0551293 0.0594112 0.0620874 0.0668451 0.0424026 0.0208742 0.0120726 0.0048766 0.00582813 0.00118941 0.000297354 0 0 0 0
 0 0.00264628 0.0354308 0.0461629 0.0458689 0.0383711 0.0214643 0.0164657 0.0346957 0.0420465 0.0363128 0.0245516 0.0311673 0.0291091 0.0169068 0.0133784 0.00837989 0.0085269 0.0148486 0.0160247 0.0276389 0.0546898 0.0760071 0.122758 0.109233 0.0665981 0.0333725 0.0166128 0.00676272 0.00308733 0.000882094 0 0 0 0 0
 0 0 0 0 0 0 0 0.000805153 0.000690131 0.00759144 0.0133425 0.0154129 0.00931677 0.000345066 0.00356568 0.00563607 0.00851162 0.0253048 0.0502646 0.0516448 0.0657925 0.0565908 0.0611916 0.0827007 0.0866115 0.110766 0.145733 0.0935128 0.0569358 0.0249597 0.0138026 0.00621118 0.00161031 0.00115022 0 0
 0 0 0 0 0 0 0 0 0 0 0 0 0 0 0 0 0 0 0 0 0 0 0 0 0 0 0 0 0 0 0 0 0 0 0 0
 0.00147267 0.00158595 0.00478618 0.00569244 0.00954404 0.0108468 0.00647125 0.017049 0.0510054 0.094081 0.124002 0.0959785 0.0687766 0.0820023 0.061753 0.0591476 0.0492212 0.0479892 0.0443925 0.0268479 0.0217502 0.0140895 0.0121071 0.0120363 0.00920419 0.00665534 0.0049561 0.00860946 0.00930331 0.0156896 0.0114698 0.00855282 0.00243557 0.00046729 0 2.83206e-05
 0 0 0 0 0.000772559 0.00158375 0.000888443 0.00281984 0.00712685 0.0440552 0.0773331 0.111326 0.0921469 0.0852325 0.0710754 0.0886704 0.0786465 0.0553345 0.0373146 0.0185414 0.00753245 0.00457741 0.012979 0.0271748 0.0457355 0.0583668 0.034881 0.0177882 0.00938659 0.00492506 0.0015258 0.00185414 0.000309023 5.79419e-05 3.86279e-05 0
 0 0.00173294 0.00326652 0 0.00397197 0.00683976 0.00946217 0.0152591 0.00757587 0.0136028 0.0228656 0.0392903 0.0559909 0.0764795 0.0681675 0.0726916 0.0566044 0.0477403 0.0527397 0.0444891 0.0609904 0.0582453 0.0661739 0.0445044 0.0529084 0.0360697 0.0280645 0.0235558 0.0158879 0.00826598 0.00280645 0.00217768 0.000904811 0.00058276 9.20147e-05 0
 0 0 0 0 0 0 0 0 0 0 0 0 0 0 0 0 0 0 0 0 0 0 0 0 0 0 0 0 0 0 0 0 0 0 0 0
 0 0 0 0 0 0 0 0 0 0 0 0 0 0 0 0 0 0 0 0 0 0 0 0 0 0 0 0 0 0 0 0 0 0 0 0
 0 0 0 0 0 0 0 0 0 0 0 0 0 0 0 0 0 0 0 0 0 0 0 0 0 0 0 0 0 0 0 0 0 0 0 0
ppred_pel_tallas
 1.01198e-16 3.32395e-05 0.00019509 0.000927375 0.00357045 0.0111341 0.0281239 0.0575452 0.0953874 0.128102 0.139399 0.122956 0.0880079 0.0513458 0.0248888 0.010913 0.00578873 0.00524284 0.00665528 0.00887072 0.0114075 0.0139646 0.0162602 0.0180301 0.019074 0.0192969 0.018727 0.0174992 0.0158156 0.0138939 0.0119243 0.0100429 0.00832781 0.00680933 0.00548815 0.0043517
 1.01503e-16 3.01372e-05 0.000176871 0.000840743 0.00323687 0.0100939 0.0254964 0.0521696 0.0864793 0.116147 0.12641 0.111548 0.0799499 0.0468608 0.0231187 0.0108246 0.0067248 0.00697009 0.00918429 0.0122814 0.0157431 0.019177 0.0221893 0.0244116 0.0255735 0.0255626 0.0244476 0.0224518 0.0198912 0.0170967 0.0143477 0.0118335 0.00964725 0.00780461 0.00627395 0.00500533
 1.02871e-16 2.27595e-05 0.000133548 0.000634761 0.00244375 0.00762052 0.0192491 0.0393879 0.0652966 0.087712 0.0955019 0.0843677 0.0606727 0.0359737 0.0185154 0.00995977 0.00792781 0.0095727 0.013117 0.0176914 0.0227761 0.0278738 0.0324413 0.0359562 0.0380234 0.0384604 0.0373315 0.0349135 0.0316143 0.0278693 0.0240525 0.020426 0.0171316 0.0142154 0.0116655 0.00944797
 1.03757e-16 2.69476e-05 0.000158148 0.000751739 0.00289419 0.00902523 0.0227971 0.0466464 0.0773239 0.103851 0.113028 0.0997425 0.0714936 0.0419161 0.020704 0.00974264 0.00613371 0.00645229 0.00859701 0.0116263 0.0151092 0.0187263 0.0221469 0.0250455 0.0271586 0.0283347 0.0285563 0.0279249 0.0266184 0.0248383 0.0227653 0.0205354 0.0182393 0.0159358 0.0136696 0.0114845
 1.03176e-16 2.91096e-05 0.000170841 0.000812082 0.00312653 0.00974976 0.0246272 0.0503909 0.0835304 0.112184 0.122093 0.107729 0.0771911 0.0452007 0.0222207 0.0102749 0.00621683 0.00633014 0.0083298 0.0111885 0.0144388 0.017744 0.0207675 0.0231891 0.0247642 0.0253752 0.0250504 0.0239434 0.022283 0.0203108 0.0182303 0.0161784 0.0142246 0.0123887 0.010666 0.0090488
 1.03889e-16 2.21919e-05 0.000130216 0.000618921 0.00238277 0.00743034 0.0187687 0.038405 0.0636673 0.0855237 0.0931204 0.0822663 0.0591672 0.0350924 0.0180828 0.00976141 0.00781124 0.00945934 0.012975 0.0175123 0.022565 0.0276479 0.0322306 0.0358032 0.0379802 0.0385839 0.037676 0.0355242 0.0325198 0.0290767 0.0255451 0.0221636 0.019054 0.0162479 0.0137268 0.0114579
 1.04164e-16 2.67653e-05 0.000157078 0.000746652 0.00287461 0.00896415 0.0226428 0.0463308 0.0768006 0.103148 0.112263 0.0990652 0.0710051 0.0416236 0.0205484 0.00965116 0.00605279 0.00635172 0.00846233 0.0114525 0.0148994 0.0184917 0.0219082 0.0248313 0.0270025 0.0282713 0.0286159 0.0281289 0.026976 0.0253453 0.023405 0.0212811 0.0190574 0.0167898 0.0145236 0.0123061
 1.04686e-16 2.2866e-05 0.000134177 0.00063776 0.00245532 0.00765659 0.0193401 0.0395739 0.0656038 0.088121 0.0959378 0.0847303 0.0608847 0.0360015 0.0183501 0.00958387 0.00729715 0.00862101 0.0117744 0.0159079 0.0205459 0.0252544 0.0295637 0.0330202 0.0352772 0.036168 0.0357332 0.0341909 0.0318654 0.0290986 0.0261768 0.0232919 0.0205396 0.0179452 0.0155006 0.0131941
 1.04977e-16 2.42869e-05 0.000142524 0.000677454 0.00260817 0.00813326 0.0205441 0.0420369 0.0696845 0.0935957 0.10188 0.0899367 0.0645345 0.0379762 0.0190193 0.00938878 0.00649953 0.00728605 0.00986166 0.0133631 0.0173617 0.021505 0.0254168 0.028726 0.0311355 0.0324791 0.0327465 0.0320629 0.0306389 0.0287067 0.0264684 0.0240689 0.0215962 0.0190999 0.0166149 0.0141794
 1.05291e-16 2.2927e-05 0.000134538 0.000639479 0.00246194 0.00767725 0.0193923 0.0396805 0.0657797 0.0883551 0.0961868 0.0849365 0.061003 0.0360116 0.0182456 0.00935319 0.00691389 0.00804733 0.0109727 0.0148559 0.0192506 0.0237633 0.0279683 0.0314502 0.0338841 0.0351014 0.035115 0.0340949 0.0323055 0.0300299 0.0275069 0.024899 0.0222928 0.0197226 0.017201 0.0147444
 1.0711e-16 1.72994e-05 0.000101493 0.000482372 0.00185702 0.00579081 0.0146274 0.0299316 0.0496225 0.0666649 0.0726056 0.0641887 0.0462658 0.027643 0.0146197 0.00850199 0.00752984 0.00958435 0.0133446 0.0181541 0.023588 0.0292035 0.034496 0.038964 0.0422077 0.0440084 0.0443597 0.0434399 0.0415405 0.0389788 0.0360262 0.0328713 0.0296224 0.0263335 0.0230405 0.0197864
 1.09317e-16 1.69279e-05 9.93187e-05 0.000472047 0.00181729 0.00566694 0.0143144 0.0292907 0.0485584 0.0652301 0.0710297 0.0627638 0.0451701 0.0268514 0.0139531 0.00773236 0.00644924 0.00802472 0.0111827 0.0153275 0.0201224 0.0252394 0.0302977 0.0349033 0.0387187 0.0415213 0.0432288 0.0438831 0.0436053 0.0425409 0.0408185 0.0385333 0.0357567 0.0325587 0.0290298 0.0252915
 1.07988e-16 2.36626e-05 0.000138865 0.000660068 0.00254125 0.00792458 0.0200169 0.0409579 0.0678946 0.0911878 0.0992493 0.0875901 0.0627986 0.0368504 0.0182632 0.00870123 0.00563136 0.00606096 0.0081621 0.0111268 0.014596 0.0183065 0.0219819 0.025343 0.028155 0.0302677 0.0316321 0.0322852 0.0323144 0.0318162 0.0308654 0.0295051 0.0277579 0.0256459 0.0232129 0.020535
 1.05843e-16 2.44545e-05 0.000143508 0.000682129 0.00262616 0.00818938 0.0206859 0.042327 0.0701657 0.0942424 0.102586 0.090562 0.0649891 0.0382554 0.0191798 0.00949951 0.00661094 0.00742398 0.0100321 0.0135555 0.0175491 0.0216445 0.0254533 0.0286011 0.0308003 0.0319089 0.0319529 0.0310995 0.0295976 0.0277052 0.0256308 0.023504 0.021379 0.0192601 0.0171343 0.014999
 1.03789e-16 2.81394e-05 0.000165145 0.000785 0.00302226 0.00942459 0.0238058 0.0487105 0.0807451 0.108445 0.118026 0.104148 0.0746397 0.0437371 0.0215584 0.010066 0.00622529 0.00645019 0.00853616 0.0114906 0.0148571 0.0183007 0.021482 0.0240758 0.0258307 0.0266206 0.0264649 0.0255079 0.0239694 0.0220835 0.0200475 0.0179951 0.0159958 0.0140726 0.0122272 0.0104605
 1.0237e-16 3.09635e-05 0.000181726 0.000863833 0.00332579 0.0103712 0.0261967 0.0536023 0.0888528 0.11933 0.129863 0.114568 0.0820545 0.0479742 0.0234451 0.0106055 0.00609342 0.00594253 0.00771585 0.0103246 0.0132888 0.0162799 0.0189778 0.0210818 0.0223655 0.0227251 0.0221979 0.0209422 0.0191884 0.0171797 0.015121 0.0131509 0.0113389 0.00970145 0.008226 0.00689241
 1.02568e-16 2.60589e-05 0.000152923 0.00072688 0.00279845 0.00872664 0.022043 0.0451041 0.0747699 0.100428 0.109324 0.0965217 0.0692903 0.0408358 0.0205618 0.0103258 0.00735627 0.00835739 0.0112834 0.0151684 0.0194948 0.0238148 0.027656 0.0305698 0.0322217 0.0324653 0.03137 0.0291902 0.0262915 0.0230588 0.0198177 0.0167899 0.0140867 0.0117321 0.0096987 0.0079409
 1.03252e-16 2.64445e-05 0.000155191 0.000737674 0.00284003 0.00885631 0.0223705 0.0457738 0.0758785 0.101913 0.110928 0.0979097 0.0702253 0.0412636 0.0205506 0.00995139 0.00663588 0.00725093 0.00972996 0.0131269 0.0169775 0.0209101 0.0245358 0.0274771 0.0294389 0.0302685 0.0299801 0.028734 0.0267821 0.0243992 0.0218256 0.0192344 0.0167286 0.014357 0.0121397 0.0100879
 1.03605e-16 2.62637e-05 0.000154129 0.000732625 0.00282059 0.00879568 0.0222173 0.0454605 0.0753593 0.101216 0.110171 0.0972448 0.0697555 0.0410019 0.0204465 0.00994396 0.00668542 0.00734139 0.00985811 0.013292 0.0171752 0.0211303 0.0247624 0.0276911 0.0296225 0.0304102 0.0300791 0.0288023 0.0268431 0.0244837 0.021965 0.0194543 0.0170425 0.0147642 0.0126252 0.0106259
 1.02828e-16 3.03694e-05 0.000178239 0.000847256 0.00326197 0.0101721 0.025694 0.0525736 0.0871475 0.11704 0.12737 0.112367 0.0804749 0.0470446 0.02298 0.0103784 0.00594317 0.00578684 0.00752419 0.0100953 0.0130396 0.0160466 0.0188125 0.0210485 0.0225315 0.0231497 0.0229211 0.0219754 0.0205107 0.0187397 0.0168438 0.0149489 0.0131237 0.0113945 0.00976593 0.00823911
 1.02528e-16 2.82466e-05 0.000165771 0.00078797 0.00303368 0.0094602 0.0238958 0.0488948 0.0810517 0.10886 0.118486 0.104572 0.0749842 0.0440204 0.0218486 0.0104516 0.0067943 0.00728173 0.00969332 0.013008 0.0167246 0.020448 0.0237739 0.0263197 0.0278002 0.028089 0.0272428 0.0254747 0.0230911 0.0204141 0.0177149 0.0151767 0.0128902 0.0108735 0.00910389 0.00754551
 1.02714e-16 2.79467e-05 0.000164011 0.000779604 0.00300147 0.00935976 0.0236421 0.0483757 0.0801909 0.107703 0.117225 0.103455 0.0741741 0.0435268 0.0215709 0.0102658 0.00660783 0.00704132 0.00937444 0.0126069 0.0162571 0.0199518 0.0233072 0.0259564 0.0276183 0.0281574 0.0276066 0.0261448 0.0240409 0.0215831 0.0190193 0.0165232 0.0141906 0.0120564 0.0101211 0.00837417
 1.02523e-16 2.98241e-05 0.000175036 0.000832026 0.00320332 0.00998923 0.0252321 0.0516286 0.0855817 0.114939 0.125089 0.110367 0.0790705 0.0462794 0.0227101 0.010432 0.00621698 0.00625339 0.00819809 0.0109993 0.0141822 0.0174092 0.0203445 0.0226687 0.0241381 0.0246351 0.0241885 0.0229535 0.0211627 0.0190643 0.0168709 0.0147301 0.0127217 0.0108735 0.00918453 0.00764605
 1.02462e-16 2.8597e-05 0.000167829 0.000797755 0.00307136 0.0095777 0.0241926 0.049502 0.0820578 0.11021 0.119952 0.105859 0.0758912 0.044521 0.022038 0.0104442 0.00666154 0.00704716 0.00935361 0.0125536 0.0161524 0.0197685 0.0230133 0.0255182 0.0270064 0.0273522 0.0266039 0.0249595 0.0227071 0.0201513 0.0175503 0.0150808 0.0128331 0.0108306 0.00905804 0.00748805
 1.04431e-16 1.76076e-05 0.000103296 0.000490928 0.00188994 0.00589345 0.0148867 0.0304627 0.0505049 0.0678556 0.0739166 0.0653811 0.0471977 0.0283445 0.0152529 0.00927503 0.0086393 0.0111967 0.015588 0.0210988 0.0272165 0.0333826 0.0389646 0.0433482 0.0460643 0.0468894 0.0458848 0.0433584 0.0397687 0.0356056 0.031289 0.0271116 0.0232319 0.0197038 0.0165221 0.0136626
pSPR Fmed_Fpbrs
0.785718   0.328212 0.328212
Fs Fmed_Fpbrs
0.141824   1.005 1.005
SSBpbr Bo_Bmed_Bpbrs
1.8073e+06  1.32966e+06  502812 502812
Ro
76115
SPR SPRFo_SPRFmed_SPRFpbrs
1.56869e+06 1.23255e+06 514864
log_Ro
11.06
likeval ReclasPelacesDesembMPH_pf_preclas_ppelaces_ptallas_desvR_qrecl_qpela
 64.3209 24.1309 0.0421681 0.000214993 293.491 206.119 72.189 0 17.4955 0.000133418 6.17814e-08 0 0 0 0
q_reclas_q_pelaces
0.194606 0.965256
M
0.7
N
 92509.8 23154.3 8622.99 1017.76 0.499929
 115824 43462 8880.42 3307.2 390.537
 76100 55294.6 17962.4 3670.18 1528.23
 108725 35868.9 21531 6994.32 2024.2
 176686 53482 17042.7 10230.2 4285.04
 130215 87553.7 26297.2 8379.91 7137.18
 191660 63201.9 39085.7 11739.6 6927.13
 157274 93817.8 29352 18152 8669.12
 165215 75805.9 40544.8 12684.9 11591.2
 144914 79170.6 31882.2 17052.2 10210
 70663.1 69698.7 33874.7 13641.5 11664.7
 41938.2 32617.9 24622.7 11967.1 8940.01
 42699.7 19448.1 11773.7 8887.8 7546.6
 25874.6 19074 5896.5 3569.69 4982.76
 21598.3 10742.6 4111.93 1271.16 1843.72
 29220.4 9233.33 2654.06 1015.89 769.555
 25675.1 13690.5 3496.44 1005.03 676.103
 29362.8 12224.8 5588.46 1427.25 686.237
 33543.4 14177.7 5326.57 2434.99 920.882
 58702.1 16266.4 6303.15 2368.09 1491.96
 74233.3 28458.8 7222.21 2798.56 1713.84
 98067.6 36427.1 13369.8 3392.95 2119.9
 156742 47951.4 16830.9 6177.41 2547.17
 206997 76434 21878 7679.15 3980.62
 102044 101027 35013.5 10022 5341.2
pred_Ctot
 3598.82 3847.68 1432.94 169.128 0.0830763
 3225.08 5298.65 1082.65 403.196 47.6122
 2790.8 8705.22 2827.88 577.81 240.596
 737.627 1116.97 670.483 217.805 63.0342
 269.175 378.435 120.593 72.3883 30.3207
 2118.37 6400.08 1922.3 612.562 521.719
 1968.25 2955.92 1828.01 549.054 323.978
 3327.99 8823.07 2760.4 1707.1 815.285
 4169.24 8424.75 4505.99 1409.75 1288.2
 3283.8 7946.6 3200.12 1711.59 1024.81
 3595.64 14751.3 7169.36 2887.12 2468.75
 2003.16 6525.18 4925.76 2394 1788.44
 3103.66 5602.75 3391.85 2560.46 2174.07
 3082.04 8136.45 2515.29 1522.73 2125.51
 2179.6 4038.89 1545.96 477.914 693.18
 1191.39 1601.45 460.325 176.197 133.473
 762.271 1772.31 452.633 130.106 87.5253
 585.182 1085.78 496.353 126.764 60.9499
 566.628 1074.63 403.738 184.565 69.8001
 1003.31 1246.93 483.177 181.53 114.368
 631.969 1107.75 281.122 108.933 66.7105
 1083.59 1829.86 671.611 170.44 106.49
 2032.4 2814.55 987.904 362.589 149.509
 2557.87 4281.34 1225.46 430.137 222.969
 1073.98 4839.64 1677.3 480.099 255.867
F
 0.0554286 0.258329 0.258329 0.258329 0.258329
 0.039396 0.183608 0.183608 0.183608 0.183608
 0.0521779 0.243179 0.243179 0.243179 0.243179
 0.00947324 0.0441508 0.0441508 0.0441508 0.0441508
 0.00212037 0.00988216 0.00988216 0.00988216 0.00988216
 0.0228503 0.106496 0.106496 0.106496 0.106496
 0.0143706 0.0669754 0.0669754 0.0669754 0.0669754
 0.0298131 0.138946 0.138946 0.138946 0.138946
 0.0356452 0.166127 0.166127 0.166127 0.166127
 0.0319564 0.148935 0.148935 0.148935 0.148935
 0.073062 0.340511 0.340511 0.340511 0.340511
 0.0684445 0.318991 0.318991 0.318991 0.318991
 0.105865 0.493392 0.493392 0.493392 0.493392
 0.179041 0.834432 0.834432 0.834432 0.834432
 0.149795 0.698132 0.698132 0.698132 0.698132
 0.0581633 0.271075 0.271075 0.271075 0.271075
 0.0420545 0.195998 0.195998 0.195998 0.195998
 0.0280568 0.130761 0.130761 0.130761 0.130761
 0.0237362 0.110624 0.110624 0.110624 0.110624
 0.024019 0.111943 0.111943 0.111943 0.111943
 0.0119001 0.0554615 0.0554615 0.0554615 0.0554615
 0.0154696 0.0720972 0.0720972 0.0720972 0.0720972
 0.0181752 0.0847069 0.0847069 0.0847069 0.0847069
 0.0173143 0.0806948 0.0806948 0.0806948 0.0806948
 0.0147301 0.0686509 0.0686509 0.0686509 0.0686509
nmprior
 10 11 7 0
nm_flota  nm_reclas  nm_pelaces    nm_pelaL
inf 11.5092 19.7565 35.88
cv_recla  cv_pelaces  cv_mph
0.725439 0.578032 0.475719
 ------------------------------------------------
Talla a la edad & desviación 
 7.2 14.2025 17.0495 18.207 18.6776
 1.08 2.13037 2.55742 2.73105 2.80164
