years
 1997 1998 1999 2000 2001 2002 2003 2004 2005 2006 2007 2008 2009 2010 2011 2012 2013 2014 2015 2016 2017 2018 2019 2020 2021
reclasobs
 0 0 0 370054 412103 1.49427e+06 250295 1.28982e+06 931140 785840 897777 1.04006e+06 184774 17550 25797 100020 73551 82996 120727 218422 84188 347160 605670 569463 516374
reclaspred
 2.24722e+06 374598 865873 435161 485716 605397 1.27877e+06 1.02406e+06 1.08199e+06 1.1261e+06 1.12417e+06 795584 463524 216207 145777 142787 165398 234363 260708 349276 542654 528943 833412 855206 985011
pelacesobs
 0 0 0 0 0 0 0 0 0 2.06254e+06 1.5e+06 0 1.87456e+06 323000 250000 174000 83755 137374 0 501740 490994 745055 786931 1.00524e+06 0
pelacespred
 1.22731e+06 443953 305895 316550 296346 286834 668015 672585 609950 668304 581951 426639 246632 93671.4 62723.8 69745.1 84505.3 120511 141198 182951 309590 317096 378707 466718 536014
mphobs
 0 0 0 0 0 112323 0 153150 637223 0 255016 313432 73983 77613 109348 50772 0 0 0 0 0 0 0 0 0
mphpred
 1.68648e+06 784037 543272 497956 379037 540243 758932 1.05422e+06 984683 932731 1.11533e+06 830271 517493 275644 134739 119516 131650 177178 226573 257712 402217 498108 597239 724078 897897
desembarqueobs
 350755 77701 442110 56441 14545 235359 269955 359681 431902 328805 639364 411747 362871 311530 167758 66681 60226 58785 57116 71774 51957 67425 138520 160799 200461
desembarquepred
 350935 77754.2 442632 56469.8 14548.7 235351 270140 359573 431786 328948 639861 412250 363388 312182 167829 66710.6 60204.8 58728.8 57051.9 71789.9 51977.3 67460.6 138547 160754 200475
Reclutas
 44156.8 43437.3 22792.7 25757.4 58695.5 42107.4 96040 99309.3 83976.8 154752 78598.4 42285.9 45310.1 29100.2 20297.3 17165.2 14433.4 17289.6 17688 33570.7 44368.7 50705.3 62824.6 69975.3 43131.1
log_desv_Rt
 0.0555027 0.0390735 -0.605806 -0.483523 0.340119 0.00797837 0.832521 0.865994 0.698296 1.30958 0.632106 0.0122091 0.0812849 -0.361501 -0.721755 -0.889363 -1.0627 -0.882138 -0.859359 -0.218592 0.0602901 0.193785 0.408102 0.515897 0.0320006
SSB
 1.68648e+06 784037 543272 497956 379037 540243 758932 1.05422e+06 984683 932731 1.11533e+06 830271 517493 275644 134739 119516 131650 177178 226573 257712 402217 498108 597239 724078 897897
BT
 3.13676e+06 973467 948314 700346 696500 750686 2.01069e+06 1.92431e+06 1.79616e+06 1.9367e+06 1.82816e+06 1.26044e+06 900281 499342 298290 211866 245743 324490 343509 484063 772830 700456 876420 1.12543e+06 1.23114e+06
Ftot
 0.151644 0.200951 0.483838 0.126233 0.0293082 0.371558 0.204764 0.33732 0.381779 0.281849 0.53697 0.490298 0.727286 1.26133 1.04117 0.444925 0.349277 0.242162 0.211753 0.19922 0.0933984 0.124099 0.161359 0.182262 0.197021
BD_Bspro_t
 0.977141 0.851181 0.732421 0.542519 0.611405 0.744781 0.675566 0.71148 0.655945 0.598199 0.612779 0.464947 0.356625 0.254297 0.157854 0.16769 0.238739 0.372709 0.491503 0.584442 0.707155 0.794914 0.797827 0.778041 0.750886
BD_Bspro
 1.95894 0.910699 0.631039 0.578402 0.440271 0.62752 0.881539 1.22453 1.14376 1.08342 1.29552 0.964403 0.601095 0.320175 0.156507 0.138824 0.152918 0.205802 0.263176 0.299346 0.467196 0.578578 0.693724 0.841054 1.04295
BD_Bo
 1.57425 0.731859 0.507118 0.464817 0.353812 0.50429 0.708426 0.98406 0.919153 0.870658 1.04111 0.775017 0.483054 0.2573 0.125773 0.111562 0.122889 0.165387 0.211495 0.240562 0.37545 0.464959 0.557493 0.675891 0.838143
BD_Brms
 7.69101 3.5755 2.47753 2.27087 1.72855 2.46371 3.46102 4.80763 4.49053 4.25361 5.08633 3.78635 2.35996 1.25704 0.614463 0.545037 0.600374 0.808 1.03326 1.17526 1.83426 2.27156 2.72364 3.30207 4.09475
S_f
 0.5 1 1 1 1
 0.5 1 1 1 1
 0.5 1 1 1 1
 0.5 1 1 1 1
 0.5 1 1 1 1
 0.5 1 1 1 1
 0.5 1 1 1 1
 0.5 1 1 1 1
 0.5 1 1 1 1
 0.5 1 1 1 1
 0.5 1 1 1 1
 0.5 1 1 1 1
 0.5 1 1 1 1
 0.5 1 1 1 1
 0.5 1 1 1 1
 0.5 1 1 1 1
 0.5 1 1 1 1
 0.5 1 1 1 1
 0.5 1 1 1 1
 0.5 1 1 1 1
 0.5 1 1 1 1
 0.5 1 1 1 1
 0.5 1 1 1 1
 0.5 1 1 1 1
 0.5 1 1 1 1
Scru_reclas
 0.5 1 1 1 1
 0.5 1 1 1 1
 0.5 1 1 1 1
 0.5 1 1 1 1
 0.5 1 1 1 1
 0.5 1 1 1 1
 0.5 1 1 1 1
 0.5 1 1 1 1
 0.5 1 1 1 1
 0.5 1 1 1 1
 0.5 1 1 1 1
 0.5 1 1 1 1
 0.5 1 1 1 1
 0.5 1 1 1 1
 0.5 1 1 1 1
 0.5 1 1 1 1
 0.5 1 1 1 1
 0.5 1 1 1 1
 0.5 1 1 1 1
 0.5 1 1 1 1
 0.5 1 1 1 1
 0.5 1 1 1 1
 0.5 1 1 1 1
 0.5 1 1 1 1
 0.5 1 1 1 1
Scru_pelaces
 0.5 1 1 1 1
 0.5 1 1 1 1
 0.5 1 1 1 1
 0.5 1 1 1 1
 0.5 1 1 1 1
 0.5 1 1 1 1
 0.5 1 1 1 1
 0.5 1 1 1 1
 0.5 1 1 1 1
 0.5 1 1 1 1
 0.5 1 1 1 1
 0.5 1 1 1 1
 0.5 1 1 1 1
 0.5 1 1 1 1
 0.5 1 1 1 1
 0.5 1 1 1 1
 0.5 1 1 1 1
 0.5 1 1 1 1
 0.5 1 1 1 1
 0.5 1 1 1 1
 0.5 1 1 1 1
 0.5 1 1 1 1
 0.5 1 1 1 1
 0.5 1 1 1 1
 0.5 1 1 1 1
pf_obs 
 0.256992 0.487395 0.22802 0.0275931 0
 0.321318 0.546541 0.124235 0.00734118 0.000564706
 0.182869 0.594174 0.210203 0.0122559 0.00049798
 0.330522 0.361315 0.267642 0.0388342 0.00168674
 0.649043 0.306663 0.0425973 0.00169635 0
 0.582887 0.30429 0.105238 0.00758474 0
 0.465427 0.430635 0.0974691 0.00646863 0
 0.296916 0.608066 0.0921331 0.00288517 0
 0.311714 0.524322 0.152257 0.0117073 0
 0.15457 0.633149 0.183074 0.0267441 0.00246327
 0.131901 0.49318 0.331252 0.0422183 0.00144891
 0.196976 0.569456 0.194076 0.0375587 0.00193317
 0.518974 0.381816 0.0799577 0.0180837 0.00116848
 0.0928022 0.601141 0.25162 0.0475244 0.00691264
 0.122501 0.610282 0.24278 0.0234846 0.000952079
 0.383417 0.481906 0.127806 0.00687128 0
 0.0376549 0.599619 0.316969 0.0457579 0
 0.0361596 0.667082 0.258105 0.0386534 0
 0.158088 0.579412 0.248529 0.0139706 0
 0.0477256 0.309471 0.559284 0.082774 0.000745712
 0.0406174 0.521527 0.379366 0.0568643 0.0016247
 0.151134 0.462217 0.34131 0.0453401 0
 0.294876 0.26143 0.354403 0.0886775 0.000613685
 0.281977 0.475581 0.204845 0.0348837 0.00271318
 0 0 0 0 0
pf_pred 
 0.316228 0.344221 0.170935 0.0848838 0.0837322
 0.354032 0.31733 0.165441 0.0821557 0.0810412
 0.257498 0.398869 0.168809 0.0880091 0.0868152
 0.398226 0.267346 0.179653 0.0760325 0.078742
 0.587218 0.23873 0.0773248 0.0519613 0.0447656
 0.370115 0.467066 0.0941658 0.0305004 0.0381534
 0.620955 0.214882 0.121729 0.0245419 0.0178929
 0.490209 0.395831 0.0646045 0.0365979 0.0127581
 0.425907 0.390099 0.142863 0.023317 0.0178135
 0.597945 0.250778 0.102793 0.0376451 0.0108381
 0.334104 0.508305 0.0982963 0.0402913 0.0190037
 0.297577 0.379578 0.246441 0.0476568 0.0287479
 0.440789 0.276566 0.152736 0.099164 0.0307441
 0.437421 0.372625 0.0939446 0.0518818 0.0441274
 0.529119 0.328851 0.094074 0.0237175 0.0242388
 0.543091 0.345518 0.0777927 0.022254 0.0113445
 0.453923 0.398784 0.111384 0.0250778 0.0108311
 0.494914 0.3272 0.129906 0.0362838 0.0116975
 0.45184 0.371357 0.114535 0.045473 0.0167957
 0.58531 0.263962 0.102112 0.0314937 0.017122
 0.529222 0.352722 0.0751456 0.0290696 0.0138401
 0.463585 0.37427 0.121484 0.0258816 0.0147789
 0.468619 0.340934 0.13288 0.0431315 0.014436
 0.450612 0.356379 0.123835 0.0482649 0.0209098
 0.309982 0.437051 0.164095 0.0570198 0.0318515
pobs_RECLAS
 0 0 0 0 0
 0 0 0 0 0
 0 0 0 0 0
 0 0 0 0 0
 0.835266 0.146461 0.0176864 0.000547809 3.91292e-05
 0.385257 0.428462 0.181853 0.0044286 0
 0.867414 0.0963971 0.0333333 0.00285562 0
 0.441836 0.489002 0.0689373 0.000224442 0
 0.779404 0.147425 0.0564933 0.0165055 0.000172143
 0.814271 0.122319 0.05973 0.00367925 0
 0.40263 0.566651 0.0304383 0.000280538 0
 0.475488 0.404961 0.113038 0.00651328 0
 0.955842 0.0263864 0.0167828 0.000988607 0
 0.975058 0.0227948 0.00214734 0 0
 0.738997 0.206755 0.0527124 0.00153531 0
 0.850938 0.134255 0.0134407 0.00136685 0
 0.542534 0.407297 0.0501686 0 0
 0.764087 0.199537 0.0359546 0.000420521 0
 0.470689 0.182191 0.310203 0.0369168 0
 0.84361 0.089868 0.0606195 0.00523954 0.000663233
 0.607945 0.314616 0.071237 0.00620181 0
 0.523733 0.453247 0.0230204 0 0
 0.530135 0.295979 0.169645 0.0042399 0
 0.562478 0.366248 0.0663022 0.0049721 0
 0.250443 0.683176 0.0655157 0.000865301 0
ppred_RECLAS
 0.317329 0.343667 0.17066 0.0847472 0.0835975
 0.355643 0.316538 0.165029 0.0819508 0.0808391
 0.261539 0.396698 0.16789 0.0875301 0.0863427
 0.399218 0.266905 0.179357 0.0759072 0.0786122
 0.58743 0.238607 0.0772851 0.0519346 0.0447426
 0.373598 0.464483 0.0936451 0.0303317 0.0379425
 0.622647 0.213923 0.121185 0.0244324 0.017813
 0.493506 0.39327 0.0641866 0.0363612 0.0126755
 0.429687 0.387531 0.141922 0.0231635 0.0176963
 0.600481 0.249197 0.102145 0.0374077 0.0107698
 0.339504 0.504182 0.0974991 0.0399645 0.0188496
 0.30207 0.37715 0.244864 0.047352 0.028564
 0.449875 0.272073 0.150255 0.0975529 0.0302446
 0.457871 0.35908 0.0905296 0.0499958 0.0425234
 0.544521 0.318095 0.0909969 0.0229417 0.0234459
 0.547759 0.341988 0.076998 0.0220267 0.0112286
 0.457343 0.396287 0.110686 0.0249208 0.0107633
 0.497109 0.325777 0.129341 0.036126 0.0116467
 0.453694 0.3701 0.114147 0.0453191 0.0167388
 0.587 0.262887 0.101696 0.0313654 0.0170523
 0.529962 0.352168 0.0750276 0.0290239 0.0138183
 0.464595 0.373566 0.121256 0.0258329 0.0147511
 0.469978 0.340062 0.13254 0.0430212 0.0143991
 0.452167 0.35537 0.123484 0.0481283 0.0208506
 0.311455 0.436118 0.163745 0.0568981 0.0317835
pobs_PELACES
 0 0 0 0 0
 0 0 0 0 0
 0 0 0 0 0
 0 0 0 0 0
 0 0 0 0 0
 0 0 0 0 0
 0 0 0 0 0
 0 0 0 0 0
 0 0 0 0 0
 0 0 0 0 0
 0.450072 0.473896 0.0757376 0.000293798 0
 0 0 0 0 0
 0.463077 0.371075 0.160297 0.00555027 0
 0.529543 0.364841 0.0842815 0.0213345 0
 0.631943 0.363953 0.00410389 0 0
 0.735681 0.248677 0.0153453 0.000297389 0
 0.695825 0.281241 0.0229344 0 0
 0.275771 0.60734 0.115278 0.00161068 0
 0 0 0 0 0
 0.896147 0.0623911 0.0374545 0.00400742 0
 0.803859 0.145111 0.0509908 3.86294e-05 0
 0.739449 0.233085 0.0266225 0.000797448 4.60066e-05
 0.878498 0.100942 0.0204185 0.000141795 0
 0.694673 0.275183 0.0284847 0.00165964 0
 0 0 0 0 0
ppred_PELACES
 0.322774 0.340926 0.169299 0.0840712 0.0829307
 0.363277 0.312788 0.163073 0.0809799 0.0798813
 0.277249 0.388259 0.164318 0.0856681 0.0845059
 0.404224 0.264681 0.177863 0.0752747 0.0779572
 0.588602 0.23793 0.0770656 0.0517872 0.0446156
 0.388053 0.453764 0.0914842 0.0296318 0.0370669
 0.630551 0.209441 0.118647 0.0239206 0.0174399
 0.50742 0.382467 0.0624234 0.0353623 0.0123273
 0.445187 0.376999 0.138065 0.0225339 0.0172153
 0.611583 0.242272 0.0993063 0.0363681 0.0104705
 0.359645 0.488808 0.0945259 0.0387458 0.0182748
 0.319393 0.367789 0.238787 0.0461767 0.027855
 0.479718 0.257314 0.142104 0.0922609 0.0286039
 0.5098 0.324685 0.0818581 0.0452069 0.0384502
 0.586702 0.288636 0.0825698 0.0208171 0.0212746
 0.565873 0.32829 0.0739139 0.0211444 0.0107788
 0.471677 0.385819 0.107763 0.0242625 0.0104789
 0.507098 0.319307 0.126772 0.0354085 0.0114153
 0.462368 0.364224 0.112335 0.0445996 0.0164731
 0.594945 0.257829 0.0997394 0.030762 0.0167242
 0.533799 0.349294 0.0744152 0.028787 0.0137055
 0.469692 0.370009 0.120101 0.025587 0.0146107
 0.476615 0.335803 0.13088 0.0424824 0.0142188
 0.459627 0.350531 0.121803 0.0474729 0.0205667
 0.318469 0.431676 0.162077 0.0563185 0.0314598
pobs_pel_tallas
 0 0 0 0 0 0 0 0 0 0 0 0 0 0 0 0 0 0 0 0 0 0 0 0 0 0 0 0 0 0 0 0 0 0 0 0
 0 0 0 0 0 0 0 0 0 0 0 0 0 0 0 0 0 0 0 0 0 0 0 0 0 0 0 0 0 0 0 0 0 0 0 0
 0 0 0 0 0 0 0 0 0 0 0 0 0 0 0 0 0 0 0 0 0 0 0 0 0 0 0 0 0 0 0 0 0 0 0 0
 0 0 0 0 0 0 0 0 0 0 0 0 0 0 0 0 0 0 0 0 0 0 0 0 0 0 0 0 0 0 0 0 0 0 0 0
 0 0 0 0 0 0 0 0 0 0 0 0 0 0 0 0 0 0 0 0 0 0 0 0 0 0 0 0 0 0 0 0 0 0 0 0
 0 0 0 0 0 0 0 0 0 0 0 0 0 0 0 0 0 0 0 0 0 0 0 0 0 0 0 0 0 0 0 0 0 0 0 0
 0 0 0 0 0 0 0 0 0 0 0 0 0 0 0 0 0 0 0 0 0 0 0 0 0 0 0 0 0 0 0 0 0 0 0 0
 0 0 0 0 0 0 0 0 0 0 0 0 0 0 0 0 0 0 0 0 0 0 0 0 0 0 0 0 0 0 0 0 0 0 0 0
 0 0 0 0 0 0 0 0 0 0 0 0 0 0 0 0 0 0 0 0 0 0 0 0 0 0 0 0 0 0 0 0 0 0 0 0
 0 0 0 0 0 0 0 0 0 0 0 0 0 0 0 0 0 0 0 0 0 0 0 0 0 0 0 0 0 0 0 0 0 0 0 0
 0 0 0 0 0 0 0 0 1.78061e-05 0.00172719 0.00360574 0.0105946 0.0120993 0.0124554 0.0147524 0.0171206 0.0266825 0.0428682 0.0675386 0.121331 0.153587 0.119568 0.100827 0.0573624 0.0630603 0.0341343 0.0324427 0.0444173 0.0211091 0.0280891 0.0125444 0.00206551 0 0 0 0
 0 0 0 0 0 0 0 0 0 0 0 0 0 0 0 0 0 0 0 0 0 0 0 0 0 0 0 0 0 0 0 0 0 0 0 0
 0 0 0 0 0 0 0.0133647 0.0140871 0.0187388 0.0205184 0.03894 0.0496705 0.03968 0.0493445 0.0407372 0.0367815 0.0215668 0.0243155 0.0234873 0.0199281 0.019796 0.0243948 0.0301388 0.0376714 0.0412746 0.0863199 0.0771752 0.113111 0.0741005 0.0525337 0.0229764 0.00759418 0.00175318 0 0 0
 0 0 0 0 0 0 0 0 0 0 0.00219441 0.00772107 0.0458388 0.0604681 0.0671733 0.0775358 0.0609151 0.0617685 0.073594 0.0568108 0.0755445 0.0548602 0.0670107 0.0636378 0.0643287 0.046367 0.0373049 0.0286899 0.0247887 0.0153202 0.00654259 0.00121912 0.000365735 0 0 0
 0 0 0 0 0 0 0 0 0 0 0 0 0.000112435 0.00938835 0.0111873 0.0202946 0.0414886 0.0713402 0.111592 0.104902 0.108894 0.110636 0.117776 0.105296 0.107544 0.0401394 0.0192827 0.0124803 0.00416011 0.0028671 0.000618394 0 0 0 0 0
 0 0 0 0 0 0 0 0 0 0 0.00291406 0.0102884 0.027416 0.0768956 0.0749926 0.110853 0.0956884 0.0897413 0.0766577 0.0534642 0.0500743 0.0551293 0.0594112 0.0620874 0.0668451 0.0424026 0.0208742 0.0120726 0.0048766 0.00582813 0.00118941 0.000297354 0 0 0 0
 0 0.00264628 0.0354308 0.0461629 0.0458689 0.0383711 0.0214643 0.0164657 0.0346957 0.0420465 0.0363128 0.0245516 0.0311673 0.0291091 0.0169068 0.0133784 0.00837989 0.0085269 0.0148486 0.0160247 0.0276389 0.0546898 0.0760071 0.122758 0.109233 0.0665981 0.0333725 0.0166128 0.00676272 0.00308733 0.000882094 0 0 0 0 0
 0 0 0 0 0 0 0 0.000805153 0.000690131 0.00759144 0.0133425 0.0154129 0.00931677 0.000345066 0.00356568 0.00563607 0.00851162 0.0253048 0.0502646 0.0516448 0.0657925 0.0565908 0.0611916 0.0827007 0.0866115 0.110766 0.145733 0.0935128 0.0569358 0.0249597 0.0138026 0.00621118 0.00161031 0.00115022 0 0
 0 0 0 0 0 0 0 0 0 0 0 0 0 0 0 0 0 0 0 0 0 0 0 0 0 0 0 0 0 0 0 0 0 0 0 0
 0.00147267 0.00158595 0.00478618 0.00569244 0.00954404 0.0108468 0.00647125 0.017049 0.0510054 0.094081 0.124002 0.0959785 0.0687766 0.0820023 0.061753 0.0591476 0.0492212 0.0479892 0.0443925 0.0268479 0.0217502 0.0140895 0.0121071 0.0120363 0.00920419 0.00665534 0.0049561 0.00860946 0.00930331 0.0156896 0.0114698 0.00855282 0.00243557 0.00046729 0 2.83206e-05
 0 0 0 0 0.000772559 0.00158375 0.000888443 0.00281984 0.00712685 0.0440552 0.0773331 0.111326 0.0921469 0.0852325 0.0710754 0.0886704 0.0786465 0.0553345 0.0373146 0.0185414 0.00753245 0.00457741 0.012979 0.0271748 0.0457355 0.0583668 0.034881 0.0177882 0.00938659 0.00492506 0.0015258 0.00185414 0.000309023 5.79419e-05 3.86279e-05 0
 0 0.00173294 0.00326652 0 0.00397197 0.00683976 0.00946217 0.0152591 0.00757587 0.0136028 0.0228656 0.0392903 0.0559909 0.0764795 0.0681675 0.0726916 0.0566044 0.0477403 0.0527397 0.0444891 0.0609904 0.0582453 0.0661739 0.0445044 0.0529084 0.0360697 0.0280645 0.0235558 0.0158879 0.00826598 0.00280645 0.00217768 0.000904811 0.00058276 9.20147e-05 0
 0 0 0 0 0 0 0 0 0 0 0 0 0 0 0 0 0 0 0 0 0 0 0 0 0 0 0 0 0 0 0 0 0 0 0 0
 0 0 0 0 0 0 0 0 0 0 0 0 0 0 0 0 0 0 0 0 0 0 0 0 0 0 0 0 0 0 0 0 0 0 0 0
 0 0 0 0 0 0 0 0 0 0 0 0 0 0 0 0 0 0 0 0 0 0 0 0 0 0 0 0 0 0 0 0 0 0 0 0
ppred_pel_tallas
 1.09279e-16 1.41011e-05 8.27153e-05 0.000393095 0.00151328 0.00471887 0.0119198 0.0243917 0.0404407 0.0543371 0.0591991 0.0523835 0.0378597 0.0228272 0.0124518 0.00783792 0.00759414 0.01003 0.0140872 0.0192196 0.0250338 0.031087 0.0368629 0.0418437 0.0456127 0.0479343 0.0487867 0.048332 0.0468434 0.0446167 0.0418993 0.0388566 0.035579 0.0321129 0.0284989 0.0247986
 1.08932e-16 1.5866e-05 9.30799e-05 0.000442376 0.00170303 0.00531061 0.0134144 0.0274497 0.0455084 0.0611394 0.0665922 0.0588828 0.0424642 0.0254177 0.0135281 0.00800343 0.00724189 0.00931296 0.0130166 0.0177584 0.0231509 0.0287838 0.0341837 0.0388754 0.0424736 0.0447568 0.0456963 0.0454303 0.0441977 0.0422585 0.0398306 0.03706 0.0340282 0.0307807 0.0273615 0.0238367
 1.09352e-16 1.21178e-05 7.10678e-05 0.000337712 0.00130002 0.00405383 0.01024 0.0209551 0.0347459 0.0466943 0.050896 0.0450921 0.0327112 0.0199656 0.0113301 0.00779815 0.00821926 0.0111744 0.0157613 0.0214774 0.027904 0.0345377 0.0407872 0.0460649 0.0499063 0.0520631 0.052539 0.051554 0.0494569 0.0466197 0.0433514 0.0398558 0.0362369 0.0325346 0.0287705 0.0249826
 1.08841e-16 1.76496e-05 0.000103555 0.000492187 0.00189483 0.00590874 0.0149252 0.0305405 0.0506301 0.0680126 0.0740582 0.0654365 0.0470862 0.0279753 0.0145085 0.00799219 0.00660654 0.00817672 0.0113641 0.0155391 0.0203435 0.02543 0.0304007 0.0348495 0.0384358 0.0409461 0.0423196 0.0426295 0.0420325 0.0407082 0.0388112 0.0364513 0.0337013 0.0306202 0.0272786 0.0237735
 1.05036e-16 2.56881e-05 0.000150751 0.000716568 0.00275877 0.0086029 0.0217303 0.044464 0.0737074 0.098997 0.107755 0.0951105 0.0682207 0.0400921 0.0199789 0.00969396 0.00648952 0.00710963 0.00954807 0.0128871 0.0166776 0.0205618 0.0241668 0.027134 0.0291869 0.0301883 0.0301611 0.0292647 0.0277379 0.0258308 0.0237485 0.0216228 0.0195144 0.0174356 0.0153805 0.0133493
 1.04197e-16 1.69521e-05 9.94429e-05 0.000472597 0.00181934 0.00567329 0.0143307 0.0293254 0.0486213 0.0653308 0.0711818 0.0629988 0.045558 0.0275192 0.0150968 0.00961899 0.00940426 0.0123965 0.0172779 0.0233203 0.0299558 0.0365445 0.0423652 0.0467289 0.0491271 0.0493473 0.0475145 0.0440413 0.0395098 0.0345266 0.0295979 0.0250596 0.0210691 0.0176425 0.0147143 0.0121933
 1.0339e-16 2.75164e-05 0.000161487 0.00076761 0.0029553 0.00921579 0.0232784 0.0476313 0.0789564 0.106043 0.115414 0.101845 0.0729969 0.042789 0.0211191 0.00990988 0.00619917 0.00648623 0.00862162 0.0116402 0.015099 0.01867 0.0220158 0.0248063 0.0267778 0.0277835 0.0278168 0.0269938 0.02551 0.0235842 0.021411 0.0191357 0.0168517 0.0146138 0.0124577 0.0104147
 1.02802e-16 2.21541e-05 0.00012999 0.000617837 0.00237858 0.00741726 0.0187357 0.0383379 0.0635573 0.0853801 0.0929747 0.082163 0.0591479 0.035191 0.0183346 0.0102161 0.00853757 0.010537 0.0144762 0.019477 0.0249759 0.0304106 0.0351672 0.0386647 0.0404787 0.040438 0.0386602 0.0355081 0.0314888 0.0271292 0.0228689 0.0189994 0.0156556 0.0128479 0.010513 0.00856198
 1.03662e-16 1.94404e-05 0.000114058 0.000542097 0.00208696 0.00650785 0.0164386 0.0336379 0.0557671 0.0749196 0.0815959 0.0721364 0.0519933 0.0310621 0.0164199 0.00952972 0.00840448 0.0106477 0.014752 0.0199481 0.0257206 0.0315313 0.0367773 0.0408738 0.0433736 0.0440637 0.0430026 0.0404845 0.0369495 0.0328704 0.0286554 0.0245933 0.0208446 0.0174683 0.014463 0.0118049
 1.03228e-16 2.66905e-05 0.000156636 0.000744541 0.00286647 0.00893876 0.0225787 0.0461999 0.0765847 0.102861 0.111959 0.0988185 0.0708735 0.0416372 0.0207229 0.0100112 0.00664386 0.00723426 0.00969466 0.0130689 0.0168884 0.0207796 0.024353 0.0272325 0.0291264 0.0298873 0.0295363 0.0282408 0.0262591 0.0238704 0.0213162 0.0187675 0.016322 0.0140218 0.0118789 0.00989784
 1.03687e-16 1.57148e-05 9.21759e-05 0.000438042 0.00168628 0.00525834 0.0132826 0.0271812 0.0450683 0.060563 0.0660033 0.0584546 0.0423564 0.0257543 0.0144337 0.00965593 0.00989244 0.0132582 0.0185324 0.0250115 0.0321058 0.0391283 0.0452997 0.0498758 0.0523089 0.0523722 0.0502063 0.0462641 0.0411845 0.0356339 0.0301713 0.0251709 0.0208114 0.0171153 0.0140126 0.0114002
 1.06398e-16 1.39551e-05 8.18549e-05 0.000388998 0.00149749 0.00466962 0.0117954 0.0241375 0.0400202 0.0537752 0.0585949 0.0518679 0.0375286 0.0227109 0.0125395 0.00812326 0.00810111 0.0108122 0.015212 0.0207471 0.0269965 0.0334716 0.0395962 0.0447883 0.0485729 0.0506736 0.0510532 0.0498876 0.0474925 0.0442296 0.0404278 0.0363401 0.0321405 0.0279457 0.0238448 0.0199213
 1.06608e-16 2.09412e-05 0.00012288 0.000584062 0.00224858 0.00701189 0.0177116 0.0362416 0.0600795 0.0807001 0.0878572 0.0775906 0.0557477 0.0329515 0.016775 0.00873396 0.00663065 0.0078492 0.0107782 0.0146687 0.0191218 0.0237797 0.0282469 0.0321273 0.0350979 0.036969 0.0377097 0.0374274 0.0363155 0.0345891 0.0324338 0.029981 0.0273126 0.0244826 0.0215427 0.0185593
 1.04618e-16 2.22555e-05 0.000130591 0.000620705 0.00238964 0.00745177 0.0188228 0.0385157 0.0638505 0.0857689 0.093385 0.0824946 0.0593193 0.0351583 0.018072 0.00968355 0.00766478 0.00923151 0.0126477 0.0170689 0.021997 0.0269603 0.0314458 0.0349618 0.0371388 0.0378096 0.0370388 0.0350884 0.0323364 0.0291772 0.025938 0.0228337 0.0199644 0.0173441 0.014943 0.0127242
 1.02976e-16 2.56074e-05 0.000150273 0.000714282 0.00274995 0.00857538 0.0216609 0.0443223 0.0734739 0.0986879 0.10743 0.0948512 0.0680946 0.0401383 0.0202243 0.0101795 0.00728306 0.00829895 0.0112199 0.0150995 0.0194313 0.0237764 0.0276701 0.0306693 0.032441 0.0328349 0.031911 0.0299099 0.0271808 0.0240928 0.0209585 0.0179912 0.0152996 0.0129102 0.0108026 0.00894078
 1.02387e-16 2.47008e-05 0.000144946 0.000688951 0.0026524 0.00827118 0.0208926 0.0427506 0.0708699 0.0951945 0.103639 0.0915312 0.0657708 0.0388884 0.0198158 0.0103356 0.00784302 0.00922886 0.0125539 0.01688 0.0216684 0.0264239 0.0306161 0.0337418 0.035429 0.0355202 0.0341035 0.0314773 0.0280661 0.0243154 0.0206014 0.0171795 0.0141761 0.0116143 0.00945508 0.0076359
 1.02979e-16 2.05958e-05 0.000120841 0.00057434 0.0022111 0.00689498 0.0174165 0.0356387 0.0590836 0.0793735 0.0864423 0.0764103 0.0550507 0.032842 0.0172744 0.00988783 0.00856517 0.0107556 0.0148525 0.0200365 0.025764 0.0314762 0.0365534 0.0404012 0.0425743 0.0428751 0.0413913 0.0384563 0.0345527 0.0301917 0.0258094 0.0217071 0.018042 0.0148556 0.0121196 0.00977863
 1.03654e-16 2.21377e-05 0.000129899 0.000617416 0.00237698 0.00741228 0.018723 0.0383115 0.063512 0.0853143 0.09289 0.0820572 0.0590048 0.0349723 0.0179778 0.00963722 0.00763703 0.00921143 0.0126387 0.0170851 0.0220615 0.027103 0.0316991 0.0353537 0.0376841 0.0385008 0.0378403 0.035935 0.0331393 0.0298361 0.0263567 0.022937 0.0197114 0.016735 0.0140185 0.0115574
 1.04016e-16 2.0189e-05 0.000118454 0.000562999 0.00216744 0.00675884 0.0170726 0.0349349 0.0579165 0.0778045 0.0847309 0.0748911 0.0539422 0.032153 0.0168622 0.00957516 0.0082142 0.0102792 0.0142013 0.01919 0.0247331 0.0303091 0.0353384 0.0392615 0.0416544 0.0423196 0.0413219 0.0389514 0.0356349 0.0318254 0.0279079 0.0241471 0.0206815 0.0175515 0.0147427 0.0122237
 1.03339e-16 2.59657e-05 0.000152379 0.000724299 0.00278853 0.0086957 0.0219648 0.0449439 0.0745033 0.100068 0.108924 0.0961522 0.0689889 0.0405858 0.020303 0.00998022 0.0068465 0.00761428 0.0102531 0.013824 0.0178509 0.0219409 0.0256799 0.0286689 0.0306002 0.0313217 0.0308622 0.0294075 0.0272398 0.0246629 0.0219376 0.0192473 0.016694 0.0143172 0.0121229 0.0101077
 1.028e-16 2.3303e-05 0.000136738 0.000649925 0.00250214 0.00780258 0.019709 0.040329 0.0668566 0.0898075 0.0977835 0.0863831 0.0621218 0.0368318 0.0189541 0.0101887 0.00809673 0.00975845 0.0133469 0.0179628 0.0230639 0.0281318 0.0326049 0.0359498 0.0377724 0.0379063 0.0364458 0.0337077 0.0301414 0.0262168 0.0223295 0.0187453 0.0155932 0.0128934 0.0106018 0.00865141
 1.03388e-16 2.05086e-05 0.00012033 0.000571916 0.00220177 0.0068659 0.017343 0.0354882 0.0588338 0.0790368 0.0860727 0.0760768 0.0547954 0.0326599 0.0171247 0.00971857 0.0083298 0.0104173 0.0143852 0.0194278 0.0250216 0.0306328 0.0356687 0.0395576 0.0418664 0.0423948 0.0412116 0.0386183 0.0350591 0.0310073 0.026869 0.0229274 0.0193352 0.0161406 0.0133305 0.0108687
 1.04092e-16 2.08091e-05 0.000122098 0.000580325 0.00223416 0.00696692 0.0175981 0.03601 0.0596977 0.080194 0.087324 0.0771617 0.0555311 0.0330069 0.0171399 0.00946614 0.00782888 0.00964216 0.0132917 0.0179832 0.0232283 0.0285452 0.0333995 0.0372711 0.0397584 0.0406627 0.0400216 0.0380779 0.0352014 0.0317902 0.0281883 0.0246384 0.0212774 0.0181602 0.0152967 0.012683
 1.04436e-16 2.00689e-05 0.000117751 0.000559657 0.00215458 0.00671873 0.0169713 0.0347275 0.0575723 0.0773413 0.084224 0.0744376 0.0536036 0.0319273 0.0167005 0.00941635 0.00800645 0.00998512 0.0137962 0.0186629 0.024091 0.0295809 0.0345769 0.0385398 0.0410564 0.0419274 0.0412012 0.0391405 0.0361381 0.0326133 0.0289239 0.0253173 0.0219267 0.0187971 0.0159264 0.0132999
 1.05847e-16 1.39172e-05 8.1627e-05 0.000387902 0.00149325 0.00465639 0.0117621 0.0240697 0.0399095 0.0536315 0.0584517 0.0517728 0.0375283 0.0228466 0.0128571 0.0086863 0.00899454 0.0121311 0.0170384 0.0231196 0.0298792 0.036731 0.0429965 0.0480111 0.0512621 0.0524966 0.0517643 0.0493764 0.0458041 0.0415527 0.0370547 0.0326112 0.0283871 0.0244436 0.020787 0.0174102
pSPR Fmed_Fpbrs
0.612581   0.254687 0.254687
Fs Fmed_Fpbrs
0.265613   1.005 1.005
SSBpbr Bo_Bmed_Bpbrs
1.07129e+06  602690  219280 219280
Ro
41772.8
SPR SPRFo_SPRFmed_SPRFpbrs
860917 527381 219264
log_Ro
10.46
likeval ReclasPelacesDesembMPH_pf_preclas_ppelaces_ptallas_desvR_qrecl_qpela
 116.759 75.896 0.0752676 0.000783531 315.036 208.993 74.7759 0 13.0339 0 0 0 0 0 0
q_reclas_q_pelaces
1 1
M
0.7
N
 44156.8 24834.8 12332.6 6124.18 6041.1
 43437.3 20326.5 10597.3 5262.47 5191.08
 22792.7 19508.4 8256.28 4304.45 4246.06
 25757.4 8886.38 5971.54 2527.26 2617.32
 58695.5 12008.4 3889.52 2613.71 2251.76
 42107.4 28723.3 5790.95 1875.69 2346.34
 96040 17364.8 9837 1983.25 1445.94
 99309.3 43050.9 7026.44 3980.42 1387.58
 83976.8 41661.6 15257.4 2490.19 1902.44
 154752 34454.9 14122.9 5172.13 1489.07
 78598.4 66746.2 12907.4 5290.7 2495.4
 42285.9 29840.5 19373.9 3746.54 2260.01
 45310.1 16433.2 9075.4 5892.2 1826.77
 29100.2 15640.9 3943.3 2177.73 1852.24
 20297.3 7691.2 2200.21 554.708 566.898
 17165.2 5988.89 1348.39 385.731 196.635
 14433.4 6823.82 1905.95 429.122 185.337
 17289.6 6018.9 2389.64 667.447 215.178
 17688 7606.67 2346.07 931.445 344.033
 33570.7 7901.15 3056.51 942.698 512.512
 44368.7 15090.2 3214.88 1243.65 592.106
 50705.3 21027.6 6825.35 1454.1 830.323
 62824.6 23664.6 9223.34 2993.81 1002.02
 69975.3 28779.6 10000.4 3897.67 1688.59
 43131.1 31722 11910.3 4138.61 2311.85
pred_Ctot
 2328.97 2535.13 1258.91 625.156 616.675
 3003.55 2692.17 1403.58 696.996 687.54
 3571.64 5532.54 2341.47 1220.74 1204.18
 1137.17 763.426 513.013 217.116 224.854
 614.585 249.856 80.9284 54.3829 46.8518
 5189.39 6548.74 1320.3 427.647 534.951
 6761.28 2339.75 1325.45 267.225 194.827
 11193 9038.02 1475.12 835.642 291.306
 10611 9718.87 3559.26 580.916 443.803
 14748.2 6185.42 2535.38 928.511 267.32
 13516.7 20564.4 3976.75 1630.05 768.828
 6705.57 8553.39 5553.28 1073.9 647.803
 10143.4 6364.34 3514.77 2281.96 707.483
 10146.7 8643.68 2179.21 1203.49 1023.61
 6102.61 3792.82 1085.01 273.547 279.559
 2493.93 1586.65 357.232 102.193 52.0951
 1680.11 1476.02 412.266 92.8209 40.0892
 1427.9 944.019 374.797 104.684 33.749
 1285.8 1056.77 325.932 129.402 47.7953
 2302.17 1038.23 401.633 123.873 67.3454
 1459.77 972.928 207.277 80.1837 38.1756
 2201.77 1777.57 576.981 122.923 70.1914
 3518.39 2559.74 997.663 323.832 108.386
 4406.43 3484.95 1210.95 471.971 204.472
 2926.56 4126.22 1549.23 538.327 300.712
F
 0.0758222 0.151644 0.151644 0.151644 0.151644
 0.100475 0.200951 0.200951 0.200951 0.200951
 0.241919 0.483838 0.483838 0.483838 0.483838
 0.0631165 0.126233 0.126233 0.126233 0.126233
 0.0146541 0.0293082 0.0293082 0.0293082 0.0293082
 0.185779 0.371558 0.371558 0.371558 0.371558
 0.102382 0.204764 0.204764 0.204764 0.204764
 0.16866 0.33732 0.33732 0.33732 0.33732
 0.190889 0.381779 0.381779 0.381779 0.381779
 0.140925 0.281849 0.281849 0.281849 0.281849
 0.268485 0.53697 0.53697 0.53697 0.53697
 0.245149 0.490298 0.490298 0.490298 0.490298
 0.363643 0.727286 0.727286 0.727286 0.727286
 0.630666 1.26133 1.26133 1.26133 1.26133
 0.520584 1.04117 1.04117 1.04117 1.04117
 0.222462 0.444925 0.444925 0.444925 0.444925
 0.174638 0.349277 0.349277 0.349277 0.349277
 0.121081 0.242162 0.242162 0.242162 0.242162
 0.105877 0.211753 0.211753 0.211753 0.211753
 0.0996099 0.19922 0.19922 0.19922 0.19922
 0.0466992 0.0933984 0.0933984 0.0933984 0.0933984
 0.0620493 0.124099 0.124099 0.124099 0.124099
 0.0806796 0.161359 0.161359 0.161359 0.161359
 0.0911311 0.182262 0.182262 0.182262 0.182262
 0.0985106 0.197021 0.197021 0.197021 0.197021
nmprior
 10 11 7 0
nm_flota  nm_reclas  nm_pelaces    nm_pelaL
inf 13.1438 12.8695 21.4523
cv_recla  cv_pelaces  cv_mph
0.977394 1.02512 0.908168
 ------------------------------------------------
Talla a la edad & desviación 
 7.2 14.2025 17.0495 18.207 18.6776
 1.08 2.13037 2.55742 2.73105 2.80164
