years
 1997 1998 1999 2000 2001 2002 2003 2004 2005 2006 2007 2008 2009 2010 2011 2012 2013 2014 2015 2016 2017 2018 2019 2020 2021
reclasobs
 0 0 0 370054 412103 1.49427e+06 250295 1.28982e+06 931140 785840 897777 1.04006e+06 184774 17550 25797 100020 73551 82996 120727 218422 84188 347160 605670 569463 516374
reclaspred
 4.27942e+06 838730 2.23014e+06 1.41297e+06 1.45866e+06 1.74047e+06 3.13491e+06 1.55353e+06 2.06173e+06 2.02457e+06 1.46054e+06 918629 549533 294808 223065 226964 278270 423020 484855 576663 828902 873737 1.53072e+06 2.07318e+06 3.84188e+06
pelacesobs
 0 0 0 0 0 0 0 0 0 2.06254e+06 1.5e+06 0 1.87456e+06 323000 250000 174000 83755 137374 0 501740 490994 745055 786931 1.00524e+06 0
pelacespred
 2.73465e+06 1.06165e+06 888023 1.0502e+06 915239 911772 1.53299e+06 1.16896e+06 1.27732e+06 1.2768e+06 807795 520497 305200 140204 104695 117717 149631 224848 273576 317281 490420 525973 703021 1.13321e+06 2.05855e+06
mphobs
 0 0 0 0 0 112323 0 153150 637223 0 255016 313432 73983 77613 109348 50772 0 0 0 0 0 0 0 0 0
mphpred
 3.0321e+06 1.77076e+06 1.26536e+06 1.53137e+06 1.27565e+06 1.48175e+06 2.08889e+06 2.03975e+06 1.42062e+06 2.14043e+06 1.53329e+06 1.00901e+06 594139 348038 204619 188048 217007 312715 422746 463763 616567 791184 1.05302e+06 1.47565e+06 2.80752e+06
desembarqueobs
 350755 77701 442110 56441 14545 235359 269955 359681 431902 328805 639364 411747 362871 311530 167758 66681 60226 58785 57116 71774 51957 67425 138520 160799 200461
desembarquepred
 351975 77931.9 443470 56364.4 14539.1 235430 268854 357834 432910 329101 638300 410540 363891 311662 167896 67023.4 60244.7 58841.1 56893.5 71115.3 52145.7 68195 139774 161493 200700
Reclutas
 147692 52511 66518.4 96813.6 111880 105469 108326 45544.3 299949 57911.5 65179.9 35917.7 54960.8 34176.6 21530.3 23464.1 22638.2 29406.4 26967.3 38791.7 72165.6 91637 116789 263491 340750
log_desv_Rt
 0.782886 -0.251221 -0.0147656 0.360543 0.505183 0.44617 0.472901 -0.39356 1.49137 -0.15333 -0.0350931 -0.631014 -0.205624 -0.680703 -1.14278 -1.05677 -1.09261 -0.831033 -0.917621 -0.554038 0.0667185 0.30559 0.548126 1.36177 1.6189
SSB
 3.0321e+06 1.77076e+06 1.26536e+06 1.53137e+06 1.27565e+06 1.48175e+06 2.08889e+06 2.03975e+06 1.42062e+06 2.14043e+06 1.53329e+06 1.00901e+06 594139 348038 204619 188048 217007 312715 422746 463763 616567 791184 1.05302e+06 1.47565e+06 2.80752e+06
BT
 7.46605e+06 2.09167e+06 2.31412e+06 2.22029e+06 1.94488e+06 1.96744e+06 3.64836e+06 2.67638e+06 3.88035e+06 2.7721e+06 2.22236e+06 1.42561e+06 1.03764e+06 597674 384177 313709 392452 559212 605744 744465 1.2109e+06 1.13475e+06 1.54996e+06 2.77007e+06 4.70661e+06
Ftot
 0.0802463 0.0905649 0.192606 0.039006 0.00976182 0.131524 0.0836449 0.222547 0.203737 0.157744 0.416064 0.424985 0.620797 0.957194 0.701253 0.284456 0.209663 0.135302 0.114233 0.120041 0.0614517 0.0761639 0.0890294 0.0760387 0.0510522
BD_Bspro_t
 0.98836 0.926182 0.86295 0.779879 0.836284 0.889116 0.849725 0.825702 0.75278 0.779903 0.692565 0.525001 0.403134 0.324065 0.23388 0.249654 0.348654 0.521222 0.651028 0.721481 0.793024 0.86547 0.876129 0.878611 0.903421
BD_Bspro
 2.17932 1.27273 0.909478 1.10067 0.91687 1.06501 1.50139 1.46607 1.02107 1.53843 1.10205 0.725224 0.427037 0.250152 0.14707 0.135159 0.155973 0.224764 0.303848 0.333329 0.443157 0.568663 0.75686 1.06062 2.0179
BD_Bo
 1.78105 1.04014 0.743269 0.899521 0.749311 0.870375 1.22701 1.19814 0.83447 1.25728 0.900652 0.592688 0.348995 0.204436 0.120193 0.110459 0.127469 0.183688 0.24832 0.272413 0.362169 0.464739 0.618543 0.866792 1.64913
BD_Brms
 8.70132 5.0816 3.63125 4.39461 3.66076 4.25222 5.99455 5.85354 4.07681 6.14245 4.40014 2.89558 1.70502 0.998775 0.587202 0.539646 0.62275 0.897408 1.21317 1.33087 1.76938 2.27048 3.02189 4.23472 8.05683
S_f
 0.5 1 1 1 1
 0.5 1 1 1 1
 0.5 1 1 1 1
 0.5 1 1 1 1
 0.5 1 1 1 1
 0.5 1 1 1 1
 0.5 1 1 1 1
 0.5 1 1 1 1
 0.5 1 1 1 1
 0.5 1 1 1 1
 0.5 1 1 1 1
 0.5 1 1 1 1
 0.5 1 1 1 1
 0.5 1 1 1 1
 0.5 1 1 1 1
 0.5 1 1 1 1
 0.5 1 1 1 1
 0.5 1 1 1 1
 0.5 1 1 1 1
 0.5 1 1 1 1
 0.5 1 1 1 1
 0.5 1 1 1 1
 0.5 1 1 1 1
 0.5 1 1 1 1
 0.5 1 1 1 1
Scru_reclas
 0.5 1 1 1 1
 0.5 1 1 1 1
 0.5 1 1 1 1
 0.5 1 1 1 1
 0.5 1 1 1 1
 0.5 1 1 1 1
 0.5 1 1 1 1
 0.5 1 1 1 1
 0.5 1 1 1 1
 0.5 1 1 1 1
 0.5 1 1 1 1
 0.5 1 1 1 1
 0.5 1 1 1 1
 0.5 1 1 1 1
 0.5 1 1 1 1
 0.5 1 1 1 1
 0.5 1 1 1 1
 0.5 1 1 1 1
 0.5 1 1 1 1
 0.5 1 1 1 1
 0.5 1 1 1 1
 0.5 1 1 1 1
 0.5 1 1 1 1
 0.5 1 1 1 1
 0.5 1 1 1 1
Scru_pelaces
 0.5 1 1 1 1
 0.5 1 1 1 1
 0.5 1 1 1 1
 0.5 1 1 1 1
 0.5 1 1 1 1
 0.5 1 1 1 1
 0.5 1 1 1 1
 0.5 1 1 1 1
 0.5 1 1 1 1
 0.5 1 1 1 1
 0.5 1 1 1 1
 0.5 1 1 1 1
 0.5 1 1 1 1
 0.5 1 1 1 1
 0.5 1 1 1 1
 0.5 1 1 1 1
 0.5 1 1 1 1
 0.5 1 1 1 1
 0.5 1 1 1 1
 0.5 1 1 1 1
 0.5 1 1 1 1
 0.5 1 1 1 1
 0.5 1 1 1 1
 0.5 1 1 1 1
 0.5 1 1 1 1
pf_obs 
 0.256992 0.487395 0.22802 0.0275931 0
 0.321318 0.546541 0.124235 0.00734118 0.000564706
 0.182869 0.594174 0.210203 0.0122559 0.00049798
 0.330522 0.361315 0.267642 0.0388342 0.00168674
 0.649043 0.306663 0.0425973 0.00169635 0
 0.582887 0.30429 0.105238 0.00758474 0
 0.465427 0.430635 0.0974691 0.00646863 0
 0.296916 0.608066 0.0921331 0.00288517 0
 0.311714 0.524322 0.152257 0.0117073 0
 0.15457 0.633149 0.183074 0.0267441 0.00246327
 0.131901 0.49318 0.331252 0.0422183 0.00144891
 0.196976 0.569456 0.194076 0.0375587 0.00193317
 0.518974 0.381816 0.0799577 0.0180837 0.00116848
 0.0928022 0.601141 0.25162 0.0475244 0.00691264
 0.122501 0.610282 0.24278 0.0234846 0.000952079
 0.383417 0.481906 0.127806 0.00687128 0
 0.0376549 0.599619 0.316969 0.0457579 0
 0.0361596 0.667082 0.258105 0.0386534 0
 0.158088 0.579412 0.248529 0.0139706 0
 0.0477256 0.309471 0.559284 0.082774 0.000745712
 0.0406174 0.521527 0.379366 0.0568643 0.0016247
 0.151134 0.462217 0.34131 0.0453401 0
 0.294876 0.26143 0.354403 0.0886775 0.000613685
 0.281977 0.475581 0.204845 0.0348837 0.00271318
 0 0 0 0 0
pf_pred 
 0.48524 0.259138 0.128684 0.0639026 0.0630357
 0.200186 0.526687 0.137496 0.0682786 0.0673524
 0.320633 0.2305 0.295584 0.0771649 0.076118
 0.4483 0.275454 0.0937265 0.120191 0.0623282
 0.425011 0.357439 0.108619 0.0369589 0.0719724
 0.369514 0.3765 0.157889 0.0479797 0.0481176
 0.381711 0.339352 0.166569 0.0698525 0.0425149
 0.205399 0.443652 0.192621 0.0945468 0.0637812
 0.733377 0.0947103 0.0959846 0.0416738 0.0342544
 0.15974 0.717239 0.0436996 0.0442875 0.0350335
 0.275618 0.206085 0.442414 0.0269552 0.0489275
 0.256451 0.343594 0.113786 0.244271 0.0418973
 0.486502 0.225154 0.133244 0.0441256 0.110974
 0.416538 0.405533 0.0780166 0.0461694 0.0537427
 0.436283 0.370386 0.134374 0.025851 0.0331061
 0.52071 0.314589 0.108215 0.03926 0.0172254
 0.451338 0.385274 0.107242 0.0368902 0.0192557
 0.487485 0.325918 0.13103 0.0364724 0.0190949
 0.402122 0.397018 0.127731 0.0513519 0.0217774
 0.477875 0.303596 0.145114 0.0466867 0.0267294
 0.568832 0.282163 0.0866403 0.0414126 0.0209516
 0.494118 0.368582 0.0898516 0.0275896 0.0198592
 0.475206 0.349617 0.127633 0.0311139 0.0164306
 0.610839 0.252948 0.0907448 0.0331278 0.0123404
 0.510449 0.373188 0.0756336 0.0271335 0.0135954
pobs_RECLAS
 0 0 0 0 0
 0 0 0 0 0
 0 0 0 0 0
 0 0 0 0 0
 0.835266 0.146461 0.0176864 0.000547809 3.91292e-05
 0.385257 0.428462 0.181853 0.0044286 0
 0.867414 0.0963971 0.0333333 0.00285562 0
 0.441836 0.489002 0.0689373 0.000224442 0
 0.779404 0.147425 0.0564933 0.0165055 0.000172143
 0.814271 0.122319 0.05973 0.00367925 0
 0.40263 0.566651 0.0304383 0.000280538 0
 0.475488 0.404961 0.113038 0.00651328 0
 0.955842 0.0263864 0.0167828 0.000988607 0
 0.975058 0.0227948 0.00214734 0 0
 0.738997 0.206755 0.0527124 0.00153531 0
 0.850938 0.134255 0.0134407 0.00136685 0
 0.542534 0.407297 0.0501686 0 0
 0.764087 0.199537 0.0359546 0.000420521 0
 0.470689 0.182191 0.310203 0.0369168 0
 0.84361 0.089868 0.0606195 0.00523954 0.000663233
 0.607945 0.314616 0.071237 0.00620181 0
 0.523733 0.453247 0.0230204 0 0
 0.530135 0.295979 0.169645 0.0042399 0
 0.562478 0.366248 0.0663022 0.0049721 0
 0.250443 0.683176 0.0655157 0.000865301 0
ppred_RECLAS
 0.485869 0.258821 0.128527 0.0638245 0.0629587
 0.200646 0.526384 0.137417 0.0682394 0.0673136
 0.322093 0.230005 0.294949 0.076999 0.0759544
 0.448591 0.275309 0.0936771 0.120128 0.0622954
 0.425081 0.357395 0.108606 0.0369545 0.0719637
 0.370523 0.375897 0.157636 0.0479029 0.0480405
 0.382333 0.339011 0.166402 0.0697823 0.0424721
 0.206697 0.442927 0.192306 0.0943923 0.063677
 0.734773 0.0942143 0.0954819 0.0414555 0.0340751
 0.160455 0.716629 0.0436624 0.0442498 0.0350036
 0.279075 0.205101 0.440303 0.0268265 0.048694
 0.259847 0.342025 0.113266 0.243155 0.0417059
 0.493869 0.221924 0.131332 0.0434926 0.109382
 0.429889 0.396254 0.0762314 0.045113 0.052513
 0.444894 0.364728 0.132322 0.0254561 0.0326004
 0.523374 0.31284 0.107614 0.0390418 0.0171297
 0.453171 0.383987 0.106884 0.036767 0.0191913
 0.488602 0.325208 0.130744 0.036393 0.0190533
 0.403012 0.396427 0.127541 0.0512754 0.021745
 0.47885 0.303028 0.144842 0.0465995 0.0266795
 0.569296 0.281859 0.0865471 0.0413681 0.020929
 0.494713 0.368148 0.089746 0.0275572 0.0198358
 0.475909 0.349149 0.127462 0.0310723 0.0164086
 0.611404 0.252581 0.0906132 0.0330797 0.0123225
 0.510838 0.372892 0.0755735 0.0271119 0.0135846
pobs_PELACES
 0 0 0 0 0
 0 0 0 0 0
 0 0 0 0 0
 0 0 0 0 0
 0 0 0 0 0
 0 0 0 0 0
 0 0 0 0 0
 0 0 0 0 0
 0 0 0 0 0
 0 0 0 0 0
 0.450072 0.473896 0.0757376 0.000293798 0
 0 0 0 0 0
 0.463077 0.371075 0.160297 0.00555027 0
 0.529543 0.364841 0.0842815 0.0213345 0
 0.631943 0.363953 0.00410389 0 0
 0.735681 0.248677 0.0153453 0.000297389 0
 0.695825 0.281241 0.0229344 0 0
 0.275771 0.60734 0.115278 0.00161068 0
 0 0 0 0 0
 0.896147 0.0623911 0.0374545 0.00400742 0
 0.803859 0.145111 0.0509908 3.86294e-05 0
 0.739449 0.233085 0.0266225 0.000797448 4.60066e-05
 0.878498 0.100942 0.0204185 0.000141795 0
 0.694673 0.275183 0.0284847 0.00165964 0
 0 0 0 0 0
ppred_PELACES
 0.489177 0.257156 0.1277 0.0634139 0.0625536
 0.203053 0.524799 0.137003 0.0680339 0.0671109
 0.329072 0.227637 0.291913 0.0762064 0.0751725
 0.450183 0.274514 0.0934065 0.119781 0.0621155
 0.425474 0.35715 0.108532 0.0369292 0.0719144
 0.375599 0.372866 0.156365 0.0475167 0.0476532
 0.385597 0.33722 0.165522 0.0694134 0.0422477
 0.212783 0.439529 0.190831 0.0936682 0.0631885
 0.741273 0.0919056 0.0931422 0.0404397 0.03324
 0.163993 0.713609 0.0434784 0.0440634 0.0348562
 0.293094 0.201113 0.431741 0.0263049 0.0477471
 0.273559 0.335689 0.111168 0.238651 0.0409333
 0.519466 0.2107 0.12469 0.0412929 0.10385
 0.468948 0.369106 0.0710087 0.0420222 0.0489152
 0.47362 0.345854 0.125474 0.0241387 0.0309133
 0.535068 0.305165 0.104974 0.038084 0.0167094
 0.461757 0.377958 0.105206 0.0361897 0.01889
 0.494182 0.32166 0.129317 0.0359959 0.0188454
 0.407555 0.39341 0.12657 0.0508852 0.0215795
 0.483795 0.300153 0.143468 0.0461573 0.0264263
 0.571781 0.280234 0.0860478 0.0411294 0.0208083
 0.497854 0.365859 0.089188 0.0273858 0.0197125
 0.479574 0.346707 0.126571 0.030855 0.0162939
 0.61438 0.250646 0.0899191 0.0328263 0.0122281
 0.512943 0.371287 0.0752484 0.0269953 0.0135261
pobs_pel_tallas
 0 0 0 0 0 0 0 0 0 0 0 0 0 0 0 0 0 0 0 0 0 0 0 0 0 0 0 0 0 0 0 0 0 0 0 0
 0 0 0 0 0 0 0 0 0 0 0 0 0 0 0 0 0 0 0 0 0 0 0 0 0 0 0 0 0 0 0 0 0 0 0 0
 0 0 0 0 0 0 0 0 0 0 0 0 0 0 0 0 0 0 0 0 0 0 0 0 0 0 0 0 0 0 0 0 0 0 0 0
 0 0 0 0 0 0 0 0 0 0 0 0 0 0 0 0 0 0 0 0 0 0 0 0 0 0 0 0 0 0 0 0 0 0 0 0
 0 0 0 0 0 0 0 0 0 0 0 0 0 0 0 0 0 0 0 0 0 0 0 0 0 0 0 0 0 0 0 0 0 0 0 0
 0 0 0 0 0 0 0 0 0 0 0 0 0 0 0 0 0 0 0 0 0 0 0 0 0 0 0 0 0 0 0 0 0 0 0 0
 0 0 0 0 0 0 0 0 0 0 0 0 0 0 0 0 0 0 0 0 0 0 0 0 0 0 0 0 0 0 0 0 0 0 0 0
 0 0 0 0 0 0 0 0 0 0 0 0 0 0 0 0 0 0 0 0 0 0 0 0 0 0 0 0 0 0 0 0 0 0 0 0
 0 0 0 0 0 0 0 0 0 0 0 0 0 0 0 0 0 0 0 0 0 0 0 0 0 0 0 0 0 0 0 0 0 0 0 0
 0 0 0 0 0 0 0 0 0 0 0 0 0 0 0 0 0 0 0 0 0 0 0 0 0 0 0 0 0 0 0 0 0 0 0 0
 0 0 0 0 0 0 0 0 1.78061e-05 0.00172719 0.00360574 0.0105946 0.0120993 0.0124554 0.0147524 0.0171206 0.0266825 0.0428682 0.0675386 0.121331 0.153587 0.119568 0.100827 0.0573624 0.0630603 0.0341343 0.0324427 0.0444173 0.0211091 0.0280891 0.0125444 0.00206551 0 0 0 0
 0 0 0 0 0 0 0 0 0 0 0 0 0 0 0 0 0 0 0 0 0 0 0 0 0 0 0 0 0 0 0 0 0 0 0 0
 0 0 0 0 0 0 0.0133647 0.0140871 0.0187388 0.0205184 0.03894 0.0496705 0.03968 0.0493445 0.0407372 0.0367815 0.0215668 0.0243155 0.0234873 0.0199281 0.019796 0.0243948 0.0301388 0.0376714 0.0412746 0.0863199 0.0771752 0.113111 0.0741005 0.0525337 0.0229764 0.00759418 0.00175318 0 0 0
 0 0 0 0 0 0 0 0 0 0 0.00219441 0.00772107 0.0458388 0.0604681 0.0671733 0.0775358 0.0609151 0.0617685 0.073594 0.0568108 0.0755445 0.0548602 0.0670107 0.0636378 0.0643287 0.046367 0.0373049 0.0286899 0.0247887 0.0153202 0.00654259 0.00121912 0.000365735 0 0 0
 0 0 0 0 0 0 0 0 0 0 0 0 0.000112435 0.00938835 0.0111873 0.0202946 0.0414886 0.0713402 0.111592 0.104902 0.108894 0.110636 0.117776 0.105296 0.107544 0.0401394 0.0192827 0.0124803 0.00416011 0.0028671 0.000618394 0 0 0 0 0
 0 0 0 0 0 0 0 0 0 0 0.00291406 0.0102884 0.027416 0.0768956 0.0749926 0.110853 0.0956884 0.0897413 0.0766577 0.0534642 0.0500743 0.0551293 0.0594112 0.0620874 0.0668451 0.0424026 0.0208742 0.0120726 0.0048766 0.00582813 0.00118941 0.000297354 0 0 0 0
 0 0.00264628 0.0354308 0.0461629 0.0458689 0.0383711 0.0214643 0.0164657 0.0346957 0.0420465 0.0363128 0.0245516 0.0311673 0.0291091 0.0169068 0.0133784 0.00837989 0.0085269 0.0148486 0.0160247 0.0276389 0.0546898 0.0760071 0.122758 0.109233 0.0665981 0.0333725 0.0166128 0.00676272 0.00308733 0.000882094 0 0 0 0 0
 0 0 0 0 0 0 0 0.000805153 0.000690131 0.00759144 0.0133425 0.0154129 0.00931677 0.000345066 0.00356568 0.00563607 0.00851162 0.0253048 0.0502646 0.0516448 0.0657925 0.0565908 0.0611916 0.0827007 0.0866115 0.110766 0.145733 0.0935128 0.0569358 0.0249597 0.0138026 0.00621118 0.00161031 0.00115022 0 0
 0 0 0 0 0 0 0 0 0 0 0 0 0 0 0 0 0 0 0 0 0 0 0 0 0 0 0 0 0 0 0 0 0 0 0 0
 0.00147267 0.00158595 0.00478618 0.00569244 0.00954404 0.0108468 0.00647125 0.017049 0.0510054 0.094081 0.124002 0.0959785 0.0687766 0.0820023 0.061753 0.0591476 0.0492212 0.0479892 0.0443925 0.0268479 0.0217502 0.0140895 0.0121071 0.0120363 0.00920419 0.00665534 0.0049561 0.00860946 0.00930331 0.0156896 0.0114698 0.00855282 0.00243557 0.00046729 0 2.83206e-05
 0 0 0 0 0.000772559 0.00158375 0.000888443 0.00281984 0.00712685 0.0440552 0.0773331 0.111326 0.0921469 0.0852325 0.0710754 0.0886704 0.0786465 0.0553345 0.0373146 0.0185414 0.00753245 0.00457741 0.012979 0.0271748 0.0457355 0.0583668 0.034881 0.0177882 0.00938659 0.00492506 0.0015258 0.00185414 0.000309023 5.79419e-05 3.86279e-05 0
 0 0.00173294 0.00326652 0 0.00397197 0.00683976 0.00946217 0.0152591 0.00757587 0.0136028 0.0228656 0.0392903 0.0559909 0.0764795 0.0681675 0.0726916 0.0566044 0.0477403 0.0527397 0.0444891 0.0609904 0.0582453 0.0661739 0.0445044 0.0529084 0.0360697 0.0280645 0.0235558 0.0158879 0.00826598 0.00280645 0.00217768 0.000904811 0.00058276 9.20147e-05 0
 0 0 0 0 0 0 0 0 0 0 0 0 0 0 0 0 0 0 0 0 0 0 0 0 0 0 0 0 0 0 0 0 0 0 0 0
 0 0 0 0 0 0 0 0 0 0 0 0 0 0 0 0 0 0 0 0 0 0 0 0 0 0 0 0 0 0 0 0 0 0 0 0
 0 0 0 0 0 0 0 0 0 0 0 0 0 0 0 0 0 0 0 0 0 0 0 0 0 0 0 0 0 0 0 0 0 0 0 0
ppred_pel_tallas
 1.06999e-16 2.13536e-05 0.000125302 0.000595573 0.0022929 0.00715011 0.0180608 0.036956 0.0612634 0.0822897 0.0895861 0.0791131 0.0568322 0.0335734 0.0170559 0.00882086 0.00662245 0.00778816 0.0106707 0.0145044 0.0188836 0.0234487 0.0278052 0.0315622 0.0344051 0.0361562 0.0367992 0.0364562 0.0353334 0.0336539 0.0316041 0.029309 0.0268368 0.0242224 0.0214964 0.0187053
 1.0759e-16 8.8881e-06 5.20938e-05 0.00024748 0.000952559 0.00297024 0.00750312 0.0153563 0.0254696 0.0342499 0.0373892 0.0332618 0.0244252 0.0154975 0.00984674 0.00830713 0.0101397 0.0143763 0.0203577 0.0276137 0.0356156 0.0436668 0.05095 0.0566719 0.0602341 0.0613641 0.0601635 0.0570523 0.052638 0.0475553 0.0423313 0.0373125 0.0326613 0.0284023 0.0244896 0.0208663
 1.10349e-16 1.43714e-05 8.43121e-05 0.000400708 0.00154263 0.00481041 0.0121509 0.0248638 0.0412201 0.0553748 0.0603046 0.0533021 0.0383944 0.0228927 0.0120266 0.00688151 0.00600446 0.00765894 0.0107921 0.0149266 0.019798 0.0251359 0.0306063 0.035841 0.0404948 0.0442971 0.0470789 0.0487695 0.0493711 0.048927 0.0474991 0.0451628 0.0420168 0.0381961 0.033879 0.0292804
 1.08434e-16 1.96538e-05 0.000115321 0.000548123 0.0021102 0.00658036 0.0166217 0.0340116 0.0563836 0.0757385 0.0824633 0.072845 0.0523774 0.0310383 0.0159463 0.0085377 0.00676354 0.00817819 0.0112699 0.0153238 0.0199393 0.0247436 0.0293247 0.0332768 0.0362794 0.0381599 0.038916 0.038689 0.0377008 0.0361805 0.034307 0.0321846 0.0298523 0.0273147 0.024579 0.0216802
 1.06287e-16 1.85799e-05 0.000109008 0.000518093 0.00199455 0.00621968 0.0157107 0.0321483 0.0532976 0.0716018 0.0779819 0.0689402 0.049687 0.0296793 0.0156801 0.00908745 0.00800297 0.0101384 0.0140578 0.0190342 0.024587 0.0302182 0.0353702 0.0395032 0.0422062 0.0432846 0.0427929 0.0409975 0.0382899 0.0350797 0.0317059 0.0283896 0.0252341 0.0222567 0.0194342 0.0167424
 1.06201e-16 1.64059e-05 9.62433e-05 0.000457402 0.00176086 0.00549095 0.01387 0.0283823 0.0470559 0.0632223 0.0688712 0.0609225 0.0439884 0.0264361 0.0142617 0.00873054 0.00819978 0.010677 0.0149075 0.0202386 0.0262051 0.0322969 0.0379307 0.0425328 0.0456555 0.0470696 0.0468007 0.045095 0.042334 0.0389288 0.0352307 0.0314844 0.0278253 0.0243086 0.0209512 0.017765
 1.06819e-16 1.68404e-05 9.87977e-05 0.000469553 0.00180766 0.00563689 0.0142386 0.0291362 0.0483045 0.064896 0.070684 0.0625014 0.0450748 0.026982 0.0143626 0.00849747 0.00768284 0.00986339 0.0137552 0.0187127 0.0243058 0.0300778 0.0355056 0.0400694 0.0433547 0.0451347 0.0454035 0.0443479 0.0422734 0.0395144 0.036359 0.0330106 0.0295889 0.0261562 0.0227528 0.0194237
 1.09024e-16 9.30904e-06 5.45727e-05 0.000259282 0.000998027 0.00311205 0.00786122 0.0160884 0.0266807 0.0358693 0.0391326 0.034755 0.0253969 0.0158692 0.00966438 0.00761457 0.00890749 0.0125088 0.0177425 0.0241802 0.0313866 0.0387952 0.0457314 0.051524 0.0556429 0.0578066 0.0580241 0.0565558 0.0538142 0.0502437 0.0462207 0.0420031 0.037732 0.033469 0.0292455 0.0251008
 1.04295e-16 3.23394e-05 0.000189814 0.000902304 0.00347395 0.0108332 0.0273637 0.0559892 0.0928062 0.12463 0.135605 0.119574 0.0855094 0.0497315 0.0238159 0.00995288 0.0045908 0.00356537 0.00434536 0.00585874 0.00772601 0.0097731 0.0118552 0.0138273 0.0155594 0.0169551 0.0179616 0.0185657 0.0187808 0.0186315 0.0181426 0.0173371 0.0162404 0.0148889 0.0133354 0.0116496
 1.03993e-16 7.19239e-06 4.21215e-05 0.000200033 0.000769812 0.0024003 0.00606374 0.0124126 0.0205955 0.0277206 0.0303274 0.0271359 0.0202645 0.0135205 0.00972639 0.00967261 0.0128715 0.0186058 0.0263191 0.0354797 0.0453645 0.0549925 0.0632295 0.0690047 0.0715551 0.0706093 0.0664502 0.0598269 0.0517576 0.0432844 0.0352644 0.0282496 0.0224696 0.0178952 0.0143416 0.0115695
 1.09329e-16 1.28021e-05 7.50998e-05 0.000356915 0.00137401 0.0042846 0.0108227 0.0221461 0.0367151 0.0493243 0.0537191 0.0474903 0.0342281 0.0204501 0.0108233 0.00632822 0.00568984 0.00738642 0.0105098 0.014666 0.0196471 0.0252282 0.0311081 0.0369267 0.0423123 0.0469287 0.0505082 0.0528646 0.0538915 0.0535539 0.0518843 0.0489841 0.0450278 0.0402589 0.0349749 0.029498
 1.11801e-16 1.19546e-05 7.01148e-05 0.000333193 0.00128265 0.00399965 0.0101031 0.0206746 0.0342793 0.0460633 0.0501973 0.0444474 0.0321878 0.0195354 0.0108888 0.00720969 0.00734583 0.00988858 0.0139554 0.0190816 0.0249125 0.0310331 0.0369546 0.0421867 0.0463346 0.0491742 0.0506788 0.0509859 0.0503237 0.048926 0.0469681 0.0445436 0.0416818 0.038388 0.0346895 0.0306633
 1.08111e-16 2.26724e-05 0.000133049 0.000632414 0.00243476 0.00759251 0.0191782 0.0392419 0.065051 0.0873716 0.0951035 0.0839499 0.0602291 0.0354238 0.0177074 0.00868878 0.00595563 0.00665128 0.00902593 0.0122933 0.0160812 0.0200947 0.0240181 0.0275349 0.0303838 0.032406 0.0335639 0.033924 0.0336139 0.0327726 0.031511 0.0298974 0.0279659 0.0257384 0.0232488 0.0205588
 1.04858e-16 2.04759e-05 0.000120139 0.000571008 0.00219828 0.00685501 0.0173155 0.0354319 0.0587404 0.078911 0.0859348 0.0759529 0.0547018 0.0325951 0.0170736 0.009661 0.00824567 0.0102867 0.0141869 0.0191393 0.0246208 0.0301023 0.0350013 0.0387625 0.0409747 0.0414627 0.0403198 0.0378667 0.0345555 0.0308537 0.0271453 0.0236775 0.0205576 0.0177865 0.0153096 0.0130619
 1.04168e-16 2.06789e-05 0.000121333 0.000576685 0.00222014 0.00692319 0.0174877 0.0357841 0.0593236 0.0796924 0.0867805 0.0766878 0.0552038 0.0328399 0.0171035 0.00952544 0.00796664 0.0098594 0.0135979 0.0183854 0.0237238 0.0291163 0.0340125 0.0378784 0.0403057 0.0410979 0.0403048 0.0381893 0.0351444 0.0315907 0.0278885 0.0242886 0.020927 0.0178506 0.0150562 0.0125253
 1.03679e-16 2.33566e-05 0.000137057 0.000651449 0.00250802 0.00782093 0.0197552 0.0404234 0.0670119 0.0900125 0.0979971 0.0865491 0.0621918 0.0367747 0.0187446 0.00978989 0.00745255 0.0088005 0.0120118 0.016215 0.0209186 0.0256726 0.0299898 0.0333997 0.0355432 0.036248 0.0355586 0.0337069 0.031039 0.027924 0.0246774 0.0215178 0.0185628 0.0158519 0.0133818 0.0111371
 1.03743e-16 2.01629e-05 0.0001183 0.000562262 0.0021646 0.00674997 0.0170502 0.0348892 0.0578411 0.0777045 0.0846249 0.0748047 0.0538958 0.0321568 0.0169214 0.00969804 0.00841613 0.0105808 0.0146223 0.0197421 0.0254123 0.0310899 0.036172 0.040079 0.0423755 0.0428653 0.0416279 0.0389796 0.0353792 0.0313115 0.027187 0.0232862 0.0197521 0.0166202 0.0138636 0.0114355
 1.04058e-16 2.15746e-05 0.000126593 0.000601698 0.00231646 0.00722355 0.0182463 0.0373362 0.0618954 0.0831438 0.0905295 0.0799787 0.0575246 0.0341238 0.0175951 0.00951868 0.0076458 0.00928609 0.0127641 0.0172657 0.0223073 0.0274244 0.0321045 0.0358491 0.0382724 0.0391823 0.0386122 0.0367918 0.0340718 0.0308312 0.0273972 0.0240013 0.0207745 0.0177707 0.0150012 0.0124645
 1.04682e-16 1.78001e-05 0.000104427 0.000496304 0.00191064 0.00595801 0.0150498 0.0307963 0.0510577 0.0685974 0.0747222 0.066088 0.0476957 0.0286188 0.0153553 0.00926768 0.00856 0.011056 0.0153807 0.0208148 0.0268485 0.0329302 0.0384372 0.0427655 0.0454553 0.0462896 0.0453321 0.0428885 0.0394111 0.0353804 0.0312052 0.0271664 0.0234119 0.0199868 0.0168798 0.014064
 1.04956e-16 2.11208e-05 0.000123931 0.000589046 0.00226775 0.00707167 0.0178627 0.036551 0.0605935 0.0813939 0.0886215 0.0782865 0.0562935 0.0333658 0.017154 0.00920156 0.00730486 0.00883122 0.0121472 0.01647 0.021348 0.0263536 0.0310129 0.0348601 0.0375271 0.0388176 0.0387383 0.0374721 0.0353124 0.0325804 0.0295553 0.0264372 0.0233451 0.0203386 0.0174485 0.0147018
 1.03699e-16 2.49564e-05 0.000146452 0.000696117 0.00268001 0.0083573 0.02111 0.0431952 0.0716054 0.0961782 0.104698 0.0924399 0.0663648 0.0391215 0.0197176 0.00993499 0.00712426 0.00813484 0.0110151 0.0148485 0.0191484 0.0234938 0.0274378 0.0305513 0.0325088 0.0331567 0.0325409 0.0308775 0.0284856 0.0257023 0.0228121 0.020008 0.0173884 0.0149799 0.0127715 0.0107437
 1.03248e-16 2.17364e-05 0.000127539 0.000606188 0.00233373 0.00727741 0.0183824 0.0376149 0.0623587 0.0837693 0.0912192 0.0806082 0.0580214 0.0345066 0.0179527 0.00996519 0.00828947 0.0102181 0.0140518 0.0189403 0.0243455 0.0297333 0.0345176 0.0381386 0.0401798 0.0404601 0.0390694 0.0363286 0.0326976 0.0286594 0.0246213 0.0208592 0.0175099 0.0145999 0.0120912 0.00992357
 1.03732e-16 2.09386e-05 0.000122857 0.000583931 0.00224804 0.0070102 0.0177075 0.0362338 0.0600689 0.0806933 0.0878695 0.0776479 0.0558902 0.0332385 0.0172932 0.00960257 0.00799842 0.00987903 0.0136173 0.0184067 0.0237442 0.0291299 0.0340099 0.0378474 0.0402314 0.0409641 0.0400957 0.0378913 0.0347484 0.0310934 0.0272937 0.0236076 0.0201782 0.0170578 0.0142467 0.0117275
 1.03058e-16 2.68128e-05 0.000157353 0.000747949 0.00287958 0.00897966 0.022682 0.0464114 0.0769355 0.103333 0.112474 0.0992761 0.0712089 0.0418486 0.0208543 0.0101174 0.00676789 0.00740355 0.00992443 0.013364 0.0172418 0.0211706 0.0247468 0.027583 0.0293826 0.0300016 0.0294734 0.0279849 0.025817 0.0232702 0.020602 0.0179921 0.0155385 0.0132763 0.0112066 0.00932027
 1.02749e-16 2.23945e-05 0.000131402 0.000624554 0.00240444 0.00749792 0.0189394 0.0387546 0.0642478 0.0863064 0.09398 0.0830433 0.0597641 0.0355226 0.0184434 0.0101759 0.00839188 0.0102963 0.0141337 0.019025 0.0244159 0.0297594 0.0344588 0.0379471 0.0398069 0.0398645 0.0382246 0.0352299 0.0313647 0.027135 0.0229662 0.0191443 0.0158074 0.0129754 0.0105975 0.0085973
pSPR Fmed_Fpbrs
0.75685   0.254687 0.254687
Fs Fmed_Fpbrs
0.14116   1.005 1.005
SSBpbr Bo_Bmed_Bpbrs
1.70243e+06  1.20336e+06  348465 348465
Ro
67507.9
SPR SPRFo_SPRFmed_SPRFpbrs
1.39131e+06 1.05301e+06 354348
log_Ro
10.94
likeval ReclasPelacesDesembMPH_pf_preclas_ppelaces_ptallas_desvR_qrecl_qpela
 255.722 35.8471 2.36307 0.00136422 324.082 238.088 79.0047 0 21.002 0 0 0 0 0 0
q_reclas_q_pelaces
1 1
M
0.7
N
 147692 40134.8 19930.4 9897.13 9762.86
 52511 70457.4 18393.5 9133.95 9010.04
 66518.4 24921.7 31958.6 8343.09 8229.91
 96813.6 29999.4 10207.6 13089.8 6788.08
 111880 47147.7 14327.3 4875.04 9493.47
 105469 55287.5 23185.4 7045.64 7065.88
 108326 49040.8 24071.4 10094.6 6143.94
 45544.3 51589.8 22398.8 10994.3 7416.75
 299949 20235 20507.2 8903.64 7318.5
 57911.5 134524 8196.23 8306.51 6570.83
 65179.9 26576.9 57054.2 3476.16 6309.74
 35917.7 26288.2 8705.71 18689 3205.54
 54960.8 14421.8 8534.65 2826.37 7108.23
 34176.6 20009.8 3849.49 2278.09 2651.77
 21530.3 10516.5 3815.34 733.995 939.993
 23464.1 7529.56 2590.09 939.672 412.283
 22638.2 10107.2 2813.36 967.767 505.148
 29406.4 10122.9 4069.75 1132.83 593.084
 26967.3 13647.6 4390.77 1765.23 748.603
 38791.7 12648.1 6045.58 1945.02 1113.57
 72165.6 18141.2 5570.4 2662.56 1347.05
 91637 34752 8471.73 2601.31 1872.44
 116789 43805.2 15991.8 3898.42 2058.67
 263491 55470.7 19900.1 7264.82 2706.22
 340750 125964 25529.1 9158.52 4588.93
pred_Ctot
 4187.02 2236.04 1110.38 551.4 543.92
 1676.29 4410.3 1151.35 571.743 563.987
 4416.53 3175.01 4071.5 1062.9 1048.48
 1346.26 827.196 281.463 360.937 187.173
 391.872 329.569 100.15 34.0772 66.3607
 4845.92 4937.54 2070.61 629.222 631.029
 3198.68 2843.72 1395.82 585.352 356.268
 3471.4 7498.07 3255.45 1597.92 1077.95
 21015.5 2713.99 2750.51 1194.19 981.586
 3173.08 14247.2 868.049 879.728 695.905
 8910.17 6662.31 14302.3 871.406 1581.73
 5005.77 6706.75 2221.03 4768.02 817.809
 10737.1 4969.15 2940.69 973.852 2449.21
 9607.75 9353.91 1799.51 1064.93 1239.61
 4672.49 3966.75 1439.12 276.858 354.559
 2255.61 1362.73 468.766 170.066 74.617
 1630.14 1391.53 387.337 133.24 69.5475
 1388.78 928.495 373.285 103.905 54.3987
 1080.23 1066.52 343.127 137.948 58.5014
 1630.82 1036.06 495.222 159.325 91.2181
 1573.18 780.36 239.616 114.532 57.9443
 2467.92 1840.92 448.773 137.799 99.1885
 3666.24 2697.31 984.695 240.046 126.763
 7084.72 2933.78 1052.49 384.228 143.129
 6185.26 4522.03 916.474 328.784 164.739
F
 0.0401231 0.0802463 0.0802463 0.0802463 0.0802463
 0.0452825 0.0905649 0.0905649 0.0905649 0.0905649
 0.096303 0.192606 0.192606 0.192606 0.192606
 0.019503 0.039006 0.039006 0.039006 0.039006
 0.00488091 0.00976182 0.00976182 0.00976182 0.00976182
 0.0657622 0.131524 0.131524 0.131524 0.131524
 0.0418224 0.0836449 0.0836449 0.0836449 0.0836449
 0.111273 0.222547 0.222547 0.222547 0.222547
 0.101869 0.203737 0.203737 0.203737 0.203737
 0.0788722 0.157744 0.157744 0.157744 0.157744
 0.208032 0.416064 0.416064 0.416064 0.416064
 0.212493 0.424985 0.424985 0.424985 0.424985
 0.310399 0.620797 0.620797 0.620797 0.620797
 0.478597 0.957194 0.957194 0.957194 0.957194
 0.350626 0.701253 0.701253 0.701253 0.701253
 0.142228 0.284456 0.284456 0.284456 0.284456
 0.104832 0.209663 0.209663 0.209663 0.209663
 0.0676508 0.135302 0.135302 0.135302 0.135302
 0.0571165 0.114233 0.114233 0.114233 0.114233
 0.0600205 0.120041 0.120041 0.120041 0.120041
 0.0307259 0.0614517 0.0614517 0.0614517 0.0614517
 0.038082 0.0761639 0.0761639 0.0761639 0.0761639
 0.0445147 0.0890294 0.0890294 0.0890294 0.0890294
 0.0380193 0.0760387 0.0760387 0.0760387 0.0760387
 0.0255261 0.0510522 0.0510522 0.0510522 0.0510522
nmprior
 10 11 7 0
nm_flota  nm_reclas  nm_pelaces    nm_pelaL
inf 8.82519 9.64536 15.1769
cv_recla  cv_pelaces  cv_mph
1.44647 0.704517 1.19834
 ------------------------------------------------
Talla a la edad & desviación 
 7.2 14.2025 17.0495 18.207 18.6776
 1.08 2.13037 2.55742 2.73105 2.80164
