years
 1997 1998 1999 2000 2001 2002 2003 2004 2005 2006 2007 2008 2009 2010 2011 2012 2013 2014 2015 2016 2017 2018 2019 2020 2021
reclasobs
 0 0 0 370054 412103 1.49427e+06 250295 1.28982e+06 931140 785840 897777 1.04006e+06 184774 17550 25797 100020 73551 82996 120727 218422 84188 347160 605670 569463 516374
reclaspred
 513687 126555 305325 209247 343482 406002 881057 607605 702309 743718 615754 423714 271072 114039 66229 63625.9 77203 99723.2 104582 150466 223193 207041 350582 432668 433076
pelacesobs
 0 0 0 0 0 0 0 0 0 2.06254e+06 1.5e+06 0 1.87456e+06 323000 250000 174000 83755 137374 0 501740 490994 745055 786931 1.00524e+06 0
pelacespred
 2.18977e+06 456707 683430 727308 1.05657e+06 960162 2.61613e+06 2.05896e+06 2.21452e+06 2.33014e+06 1.66927e+06 1.20311e+06 770344 252052 151695 155397 197839 265896 275671 399442 680440 587607 789591 1.15265e+06 1.15268e+06
mphobs
 0 0 0 0 0 112323 0 153150 637223 0 255016 313432 73983 77613 109348 50772 0 0 0 0 0 0 0 0 0
mphpred
 203785 108531 114084 107363 125351 214377 301886 360541 314550 341880 371004 258071 162820 86981.5 35713.7 27410.9 32708.2 42626.2 51350.3 58908.3 91530.3 110353 138141 189412 261250
desembarqueobs
 350755 77701 442110 56441 14545 235359 269955 359681 431902 328805 639364 411747 362871 311530 167758 66681 60226 58785 57116 71774 51957 67425 138520 160799 200461
desembarquepred
 350755 77695.2 442036 56442.1 14545.1 235402 269992 359617 431876 328771 639164 411719 362878 311526 167547 66666.3 60241.2 58768.8 57095.9 71764 51955.8 67409.2 138511 160798 200454
Reclutas
 36004 45231 21385.5 36071.5 64249.2 44356.6 74861 78823.3 102462 126736 64974.9 46423.7 48034.4 24235.5 14274.3 14501.5 10289.6 11287.8 12816.2 21714.9 26319 35429 52792.2 63545.5 18343.3
log_desv_Rt
 0.0313854 0.259537 -0.489533 0.0332595 0.610525 0.240016 0.763388 0.814964 1.07725 1.28986 0.621756 0.285565 0.319673 -0.364425 -0.893784 -0.877992 -1.22111 -1.12852 -1.00154 -0.474246 -0.281954 0.0152848 0.414119 0.599511 -0.642981
SSB
 526884 280608 294964 277586 324094 554271 780525 932177 813268 883929 959228 667241 420970 224890 92337.5 70870.7 84566.9 110210 132766 152307 236651 285316 357163 489724 675460
BT
 1.61978e+06 414750 659450 507167 660965 775271 1.79173e+06 1.6685e+06 1.75504e+06 1.74467e+06 1.59242e+06 1.11315e+06 822775 443828 229696 149578 169133 210445 217619 302522 460297 424362 579072 839017 872944
Ftot
 0.598717 0.587369 1.05127 0.245938 0.0422985 0.395395 0.264612 0.517112 0.577401 0.411377 0.743881 0.698751 1.10282 1.97877 2.27378 0.98302 0.689249 0.506835 0.428897 0.437531 0.19997 0.254132 0.302765 0.306834 0.282475
BD_Bspro_t
 0.926293 0.668651 0.580047 0.388388 0.553661 0.73124 0.674439 0.683861 0.6198 0.593824 0.583201 0.420406 0.317295 0.221011 0.116124 0.110896 0.174455 0.281798 0.376124 0.468971 0.605277 0.706136 0.71761 0.718116 0.706451
BD_Bspro
 0.732701 0.390221 0.410186 0.386019 0.450695 0.770787 1.08542 1.29631 1.13096 1.22922 1.33393 0.927886 0.585413 0.312739 0.128407 0.098555 0.117601 0.153261 0.184628 0.211803 0.329094 0.39677 0.496682 0.681025 0.939315
BD_Bo
 0.587083 0.312668 0.328665 0.309302 0.361124 0.6176 0.869704 1.03868 0.906188 0.984922 1.06882 0.743477 0.469067 0.250585 0.102887 0.0789681 0.094229 0.122802 0.147935 0.169709 0.26369 0.317915 0.397971 0.545678 0.752634
BD_Brms
 1.9864 1.05791 1.11204 1.04652 1.22186 2.08965 2.94265 3.51439 3.06609 3.33249 3.61637 2.51556 1.58709 0.847855 0.34812 0.267189 0.318824 0.4155 0.500539 0.574211 0.892195 1.07567 1.34653 1.8463 2.54654
S_f
 0.15752 1 1 1 1
 0.15752 1 1 1 1
 0.15752 1 1 1 1
 0.15752 1 1 1 1
 0.15752 1 1 1 1
 0.15752 1 1 1 1
 0.15752 1 1 1 1
 0.15752 1 1 1 1
 0.15752 1 1 1 1
 0.15752 1 1 1 1
 0.15752 1 1 1 1
 0.15752 1 1 1 1
 0.15752 1 1 1 1
 0.15752 1 1 1 1
 0.15752 1 1 1 1
 0.15752 1 1 1 1
 0.15752 1 1 1 1
 0.15752 1 1 1 1
 0.15752 1 1 1 1
 0.15752 1 1 1 1
 0.15752 1 1 1 1
 0.15752 1 1 1 1
 0.15752 1 1 1 1
 0.15752 1 1 1 1
 0.15752 1 1 1 1
Scru_reclas
 0.880473 1 1 1 1
 0.880473 1 1 1 1
 0.880473 1 1 1 1
 0.880473 1 1 1 1
 0.880473 1 1 1 1
 0.880473 1 1 1 1
 0.880473 1 1 1 1
 0.880473 1 1 1 1
 0.880473 1 1 1 1
 0.880473 1 1 1 1
 0.880473 1 1 1 1
 0.880473 1 1 1 1
 0.880473 1 1 1 1
 0.880473 1 1 1 1
 0.880473 1 1 1 1
 0.880473 1 1 1 1
 0.880473 1 1 1 1
 0.880473 1 1 1 1
 0.880473 1 1 1 1
 0.880473 1 1 1 1
 0.880473 1 1 1 1
 0.880473 1 1 1 1
 0.880473 1 1 1 1
 0.880473 1 1 1 1
 0.880473 1 1 1 1
Scru_pelaces
 1 1 1 1 1
 1 1 1 1 1
 1 1 1 1 1
 1 1 1 1 1
 1 1 1 1 1
 1 1 1 1 1
 1 1 1 1 1
 1 1 1 1 1
 1 1 1 1 1
 1 1 1 1 1
 1 1 1 1 1
 1 1 1 1 1
 1 1 1 1 1
 1 1 1 1 1
 1 1 1 1 1
 1 1 1 1 1
 1 1 1 1 1
 1 1 1 1 1
 1 1 1 1 1
 1 1 1 1 1
 1 1 1 1 1
 1 1 1 1 1
 1 1 1 1 1
 1 1 1 1 1
 1 1 1 1 1
pf_obs 
 0.256992 0.487395 0.22802 0.0275931 0
 0.321318 0.546541 0.124235 0.00734118 0.000564706
 0.182869 0.594174 0.210203 0.0122559 0.00049798
 0.330522 0.361315 0.267642 0.0388342 0.00168674
 0.649043 0.306663 0.0425973 0.00169635 0
 0.582887 0.30429 0.105238 0.00758474 0
 0.465427 0.430635 0.0974691 0.00646863 0
 0.296916 0.608066 0.0921331 0.00288517 0
 0.311714 0.524322 0.152257 0.0117073 0
 0.15457 0.633149 0.183074 0.0267441 0.00246327
 0.131901 0.49318 0.331252 0.0422183 0.00144891
 0.196976 0.569456 0.194076 0.0375587 0.00193317
 0.518974 0.381816 0.0799577 0.0180837 0.00116848
 0.0928022 0.601141 0.25162 0.0475244 0.00691264
 0.122501 0.610282 0.24278 0.0234846 0.000952079
 0.383417 0.481906 0.127806 0.00687128 0
 0.0376549 0.599619 0.316969 0.0457579 0
 0.0361596 0.667082 0.258105 0.0386534 0
 0.158088 0.579412 0.248529 0.0139706 0
 0.0477256 0.309471 0.559284 0.082774 0.000745712
 0.0406174 0.521527 0.379366 0.0568643 0.0016247
 0.151134 0.462217 0.34131 0.0453401 0
 0.294876 0.26143 0.354403 0.0886775 0.000613685
 0.281977 0.475581 0.204845 0.0348837 0.00271318
 0 0 0 0 0
pf_pred 
 0.283492 0.5018 0.191618 0.023078 1.22621e-05
 0.293193 0.545247 0.113147 0.0432065 0.00520645
 0.153714 0.658956 0.14451 0.029988 0.0128312
 0.314144 0.455064 0.179705 0.0394095 0.0116773
 0.31363 0.525697 0.106606 0.0420987 0.0119679
 0.159492 0.628221 0.162593 0.0329722 0.0167223
 0.271193 0.432494 0.221473 0.0573206 0.0175193
 0.233326 0.558479 0.123548 0.0632671 0.0213791
 0.280885 0.513033 0.150119 0.0332097 0.0227529
 0.276266 0.555241 0.120207 0.0351738 0.0131124
 0.143446 0.640242 0.165953 0.0359279 0.014432
 0.164368 0.506752 0.245825 0.0637187 0.019336
 0.251957 0.477736 0.163922 0.0795185 0.0268662
 0.21393 0.62099 0.105429 0.0361749 0.0234774
 0.291763 0.591326 0.0923586 0.0156802 0.00887197
 0.366191 0.571578 0.0519587 0.00811537 0.00215735
 0.222465 0.667126 0.0995685 0.00905117 0.0017895
 0.250066 0.539164 0.180841 0.0269905 0.00293863
 0.249257 0.54857 0.145352 0.0487524 0.00806851
 0.3266 0.486196 0.136791 0.0362447 0.0141688
 0.259777 0.586343 0.111101 0.0312582 0.01152
 0.255503 0.528785 0.170869 0.0323766 0.0124662
 0.280676 0.511509 0.147603 0.0476958 0.0125173
 0.249026 0.556734 0.138123 0.0398574 0.0162594
 0.070197 0.659569 0.200337 0.0497029 0.0201933
pobs_RECLAS
 0 0 0 0 0
 0 0 0 0 0
 0 0 0 0 0
 0 0 0 0 0
 0.835266 0.146461 0.0176864 0.000547809 3.91292e-05
 0.385257 0.428462 0.181853 0.0044286 0
 0.867414 0.0963971 0.0333333 0.00285562 0
 0.441836 0.489002 0.0689373 0.000224442 0
 0.779404 0.147425 0.0564933 0.0165055 0.000172143
 0.814271 0.122319 0.05973 0.00367925 0
 0.40263 0.566651 0.0304383 0.000280538 0
 0.475488 0.404961 0.113038 0.00651328 0
 0.955842 0.0263864 0.0167828 0.000988607 0
 0.975058 0.0227948 0.00214734 0 0
 0.738997 0.206755 0.0527124 0.00153531 0
 0.850938 0.134255 0.0134407 0.00136685 0
 0.542534 0.407297 0.0501686 0 0
 0.764087 0.199537 0.0359546 0.000420521 0
 0.470689 0.182191 0.310203 0.0369168 0
 0.84361 0.089868 0.0606195 0.00523954 0.000663233
 0.607945 0.314616 0.071237 0.00620181 0
 0.523733 0.453247 0.0230204 0 0
 0.530135 0.295979 0.169645 0.0042399 0
 0.562478 0.366248 0.0663022 0.0049721 0
 0.250443 0.683176 0.0655157 0.000865301 0
ppred_RECLAS
 0.697804 0.21164 0.0808171 0.00973343 5.17167e-06
 0.707458 0.225674 0.0468306 0.0178828 0.00215491
 0.527171 0.368166 0.0807393 0.0167546 0.00716891
 0.722012 0.184445 0.0728373 0.0159733 0.00473299
 0.719067 0.21517 0.0436342 0.0172311 0.0048985
 0.521062 0.357972 0.0926486 0.0187882 0.00952867
 0.678739 0.190645 0.0976262 0.0252671 0.00772258
 0.638058 0.263655 0.0583264 0.029868 0.010093
 0.694658 0.217838 0.0637417 0.0141011 0.00966105
 0.686657 0.240393 0.052044 0.0152286 0.00567705
 0.49792 0.375286 0.0972753 0.0210596 0.00845948
 0.536899 0.280838 0.136235 0.0353125 0.0107159
 0.67547 0.207261 0.0711157 0.0344982 0.0116556
 0.659289 0.269159 0.0456966 0.0156795 0.0101759
 0.756288 0.203481 0.0317815 0.00539572 0.00305294
 0.778579 0.199681 0.0181518 0.00283511 0.000753671
 0.627526 0.319583 0.0476978 0.00433592 0.000857252
 0.658676 0.245394 0.0823078 0.0122844 0.00133749
 0.656209 0.251209 0.0665614 0.0223254 0.00369484
 0.736166 0.190489 0.0535938 0.0142005 0.00555125
 0.664877 0.265457 0.0502991 0.0141516 0.0052155
 0.660689 0.240998 0.0778752 0.0147559 0.0056816
 0.68958 0.220738 0.063697 0.0205828 0.00540174
 0.653793 0.25666 0.0636764 0.0183747 0.00749577
 0.300304 0.49634 0.150758 0.0374025 0.0151959
pobs_PELACES
 0 0 0 0 0
 0 0 0 0 0
 0 0 0 0 0
 0 0 0 0 0
 0 0 0 0 0
 0 0 0 0 0
 0 0 0 0 0
 0 0 0 0 0
 0 0 0 0 0
 0 0 0 0 0
 0.450072 0.473896 0.0757376 0.000293798 0
 0 0 0 0 0
 0.463077 0.371075 0.160297 0.00555027 0
 0.529543 0.364841 0.0842815 0.0213345 0
 0.631943 0.363953 0.00410389 0 0
 0.735681 0.248677 0.0153453 0.000297389 0
 0.695825 0.281241 0.0229344 0 0
 0.275771 0.60734 0.115278 0.00161068 0
 0 0 0 0 0
 0.896147 0.0623911 0.0374545 0.00400742 0
 0.803859 0.145111 0.0509908 3.86294e-05 0
 0.739449 0.233085 0.0266225 0.000797448 4.60066e-05
 0.878498 0.100942 0.0204185 0.000141795 0
 0.694673 0.275183 0.0284847 0.00165964 0
 0 0 0 0 0
ppred_PELACES
 0.755952 0.170917 0.0652665 0.00786055 4.17655e-06
 0.763807 0.182205 0.0378102 0.0144383 0.00173984
 0.6291 0.288799 0.0633341 0.0131428 0.00562348
 0.759535 0.159548 0.0630055 0.0138172 0.00409412
 0.746284 0.194323 0.0394068 0.0155617 0.00442392
 0.579695 0.314148 0.0813063 0.0164881 0.00836215
 0.720883 0.165636 0.0848193 0.0219525 0.00670951
 0.698046 0.219957 0.0486595 0.0249178 0.00842018
 0.752094 0.176862 0.0517516 0.0114486 0.00784377
 0.736179 0.202401 0.0438187 0.0128218 0.00477982
 0.580734 0.313385 0.0812304 0.017586 0.00706415
 0.615248 0.233325 0.113186 0.0293382 0.00890295
 0.76259 0.151622 0.0520247 0.0252372 0.00852666
 0.792088 0.164249 0.0278854 0.00956811 0.00620967
 0.86897 0.1094 0.0170871 0.00290096 0.00164139
 0.839969 0.144318 0.0131191 0.00204906 0.000544712
 0.698578 0.25862 0.0385991 0.00350881 0.000693724
 0.716183 0.20405 0.0684404 0.0102147 0.00111214
 0.709506 0.212265 0.0562427 0.0188644 0.00312205
 0.78161 0.157678 0.0443626 0.0117545 0.00459508
 0.704329 0.234206 0.0443778 0.0124857 0.00460152
 0.703561 0.210548 0.0680356 0.0128915 0.00496372
 0.732947 0.1899 0.0547983 0.0177073 0.00464709
 0.700222 0.22224 0.0551369 0.0159105 0.00649053
 0.345242 0.464462 0.141076 0.0350003 0.0142199
pobs_pel_tallas
 0 0 0 0 0 0 0 0 0 0 0 0 0 0 0 0 0 0 0 0 0 0 0 0 0 0 0 0 0 0 0 0 0 0 0 0
 0 0 0 0 0 0 0 0 0 0 0 0 0 0 0 0 0 0 0 0 0 0 0 0 0 0 0 0 0 0 0 0 0 0 0 0
 0 0 0 0 0 0 0 0 0 0 0 0 0 0 0 0 0 0 0 0 0 0 0 0 0 0 0 0 0 0 0 0 0 0 0 0
 0 0 0 0 0 0 0 0 0 0 0 0 0 0 0 0 0 0 0 0 0 0 0 0 0 0 0 0 0 0 0 0 0 0 0 0
 0 0 0 0 0 0 0 0 0 0 0 0 0 0 0 0 0 0 0 0 0 0 0 0 0 0 0 0 0 0 0 0 0 0 0 0
 0 0 0 0 0 0 0 0 0 0 0 0 0 0 0 0 0 0 0 0 0 0 0 0 0 0 0 0 0 0 0 0 0 0 0 0
 0 0 0 0 0 0 0 0 0 0 0 0 0 0 0 0 0 0 0 0 0 0 0 0 0 0 0 0 0 0 0 0 0 0 0 0
 0 0 0 0 0 0 0 0 0 0 0 0 0 0 0 0 0 0 0 0 0 0 0 0 0 0 0 0 0 0 0 0 0 0 0 0
 0 0 0 0 0 0 0 0 0 0 0 0 0 0 0 0 0 0 0 0 0 0 0 0 0 0 0 0 0 0 0 0 0 0 0 0
 0 0 0 0 0 0 0 0 0 0 0 0 0 0 0 0 0 0 0 0 0 0 0 0 0 0 0 0 0 0 0 0 0 0 0 0
 0 0 0 0 0 0 0 0 1.78061e-05 0.00172719 0.00360574 0.0105946 0.0120993 0.0124554 0.0147524 0.0171206 0.0266825 0.0428682 0.0675386 0.121331 0.153587 0.119568 0.100827 0.0573624 0.0630603 0.0341343 0.0324427 0.0444173 0.0211091 0.0280891 0.0125444 0.00206551 0 0 0 0
 0 0 0 0 0 0 0 0 0 0 0 0 0 0 0 0 0 0 0 0 0 0 0 0 0 0 0 0 0 0 0 0 0 0 0 0
 0 0 0 0 0 0 0.0133647 0.0140871 0.0187388 0.0205184 0.03894 0.0496705 0.03968 0.0493445 0.0407372 0.0367815 0.0215668 0.0243155 0.0234873 0.0199281 0.019796 0.0243948 0.0301388 0.0376714 0.0412746 0.0863199 0.0771752 0.113111 0.0741005 0.0525337 0.0229764 0.00759418 0.00175318 0 0 0
 0 0 0 0 0 0 0 0 0 0 0.00219441 0.00772107 0.0458388 0.0604681 0.0671733 0.0775358 0.0609151 0.0617685 0.073594 0.0568108 0.0755445 0.0548602 0.0670107 0.0636378 0.0643287 0.046367 0.0373049 0.0286899 0.0247887 0.0153202 0.00654259 0.00121912 0.000365735 0 0 0
 0 0 0 0 0 0 0 0 0 0 0 0 0.000112435 0.00938835 0.0111873 0.0202946 0.0414886 0.0713402 0.111592 0.104902 0.108894 0.110636 0.117776 0.105296 0.107544 0.0401394 0.0192827 0.0124803 0.00416011 0.0028671 0.000618394 0 0 0 0 0
 0 0 0 0 0 0 0 0 0 0 0.00291406 0.0102884 0.027416 0.0768956 0.0749926 0.110853 0.0956884 0.0897413 0.0766577 0.0534642 0.0500743 0.0551293 0.0594112 0.0620874 0.0668451 0.0424026 0.0208742 0.0120726 0.0048766 0.00582813 0.00118941 0.000297354 0 0 0 0
 0 0.00264628 0.0354308 0.0461629 0.0458689 0.0383711 0.0214643 0.0164657 0.0346957 0.0420465 0.0363128 0.0245516 0.0311673 0.0291091 0.0169068 0.0133784 0.00837989 0.0085269 0.0148486 0.0160247 0.0276389 0.0546898 0.0760071 0.122758 0.109233 0.0665981 0.0333725 0.0166128 0.00676272 0.00308733 0.000882094 0 0 0 0 0
 0 0 0 0 0 0 0 0.000805153 0.000690131 0.00759144 0.0133425 0.0154129 0.00931677 0.000345066 0.00356568 0.00563607 0.00851162 0.0253048 0.0502646 0.0516448 0.0657925 0.0565908 0.0611916 0.0827007 0.0866115 0.110766 0.145733 0.0935128 0.0569358 0.0249597 0.0138026 0.00621118 0.00161031 0.00115022 0 0
 0 0 0 0 0 0 0 0 0 0 0 0 0 0 0 0 0 0 0 0 0 0 0 0 0 0 0 0 0 0 0 0 0 0 0 0
 0.00147267 0.00158595 0.00478618 0.00569244 0.00954404 0.0108468 0.00647125 0.017049 0.0510054 0.094081 0.124002 0.0959785 0.0687766 0.0820023 0.061753 0.0591476 0.0492212 0.0479892 0.0443925 0.0268479 0.0217502 0.0140895 0.0121071 0.0120363 0.00920419 0.00665534 0.0049561 0.00860946 0.00930331 0.0156896 0.0114698 0.00855282 0.00243557 0.00046729 0 2.83206e-05
 0 0 0 0 0.000772559 0.00158375 0.000888443 0.00281984 0.00712685 0.0440552 0.0773331 0.111326 0.0921469 0.0852325 0.0710754 0.0886704 0.0786465 0.0553345 0.0373146 0.0185414 0.00753245 0.00457741 0.012979 0.0271748 0.0457355 0.0583668 0.034881 0.0177882 0.00938659 0.00492506 0.0015258 0.00185414 0.000309023 5.79419e-05 3.86279e-05 0
 0 0.00173294 0.00326652 0 0.00397197 0.00683976 0.00946217 0.0152591 0.00757587 0.0136028 0.0228656 0.0392903 0.0559909 0.0764795 0.0681675 0.0726916 0.0566044 0.0477403 0.0527397 0.0444891 0.0609904 0.0582453 0.0661739 0.0445044 0.0529084 0.0360697 0.0280645 0.0235558 0.0158879 0.00826598 0.00280645 0.00217768 0.000904811 0.00058276 9.20147e-05 0
 0 0 0 0 0 0 0 0 0 0 0 0 0 0 0 0 0 0 0 0 0 0 0 0 0 0 0 0 0 0 0 0 0 0 0 0
 0 0 0 0 0 0 0 0 0 0 0 0 0 0 0 0 0 0 0 0 0 0 0 0 0 0 0 0 0 0 0 0 0 0 0 0
 0 0 0 0 0 0 0 0 0 0 0 0 0 0 0 0 0 0 0 0 0 0 0 0 0 0 0 0 0 0 0 0 0 0 0 0
ppred_pel_tallas
 1.01253e-16 3.29828e-05 0.000193583 0.000920209 0.00354286 0.0110481 0.0279065 0.0571005 0.0946503 0.127113 0.138323 0.12201 0.0873362 0.050965 0.0247253 0.0108773 0.00582175 0.00532038 0.00677405 0.00903543 0.0116235 0.0142346 0.0165827 0.0183991 0.0194795 0.0197264 0.019167 0.0179368 0.0162395 0.0142953 0.0122961 0.0103805 0.0086279 0.00707026 0.00570965 0.00453493
 1.01174e-16 3.33257e-05 0.000195595 0.000929773 0.00357968 0.0111629 0.0281966 0.057694 0.0956344 0.128435 0.139764 0.123284 0.0882562 0.0515176 0.0250221 0.011055 0.00598038 0.0055141 0.00702484 0.00934376 0.0119712 0.0145846 0.0168803 0.018578 0.0194719 0.0194762 0.0186424 0.0171392 0.0152056 0.0130918 0.0110095 0.00910172 0.00743923 0.00603411 0.00486293 0.00388859
 1.01708e-16 2.74562e-05 0.000161126 0.000765882 0.00294862 0.00919494 0.0232258 0.0475243 0.0787812 0.105814 0.115181 0.101681 0.0729665 0.042947 0.0215218 0.010637 0.00736082 0.00820998 0.011023 0.0147837 0.0189574 0.0230924 0.0267178 0.0293896 0.0307809 0.0307553 0.0293948 0.026968 0.0238561 0.0204593 0.0171167 0.0140596 0.0114035 0.00916985 0.00732223 0.00580084
 1.01613e-16 3.31385e-05 0.000194499 0.000924563 0.00355963 0.0111004 0.0280386 0.0573707 0.0950979 0.127713 0.138973 0.122577 0.0877273 0.0511639 0.024767 0.0108027 0.00564992 0.0050476 0.00638538 0.00851714 0.0109727 0.0134655 0.0157298 0.0175155 0.0186313 0.0189837 0.0185928 0.0175781 0.0161206 0.0144161 0.0126349 0.0108984 0.00927646 0.00779755 0.00646615 0.00527761
 1.01365e-16 3.25621e-05 0.000191111 0.000908453 0.00349759 0.0109069 0.02755 0.0563711 0.093442 0.125492 0.136565 0.120472 0.0862639 0.0503964 0.0245556 0.0109819 0.00613024 0.00582029 0.00748197 0.00996726 0.012774 0.0155656 0.0180202 0.0198396 0.0208048 0.0208248 0.0199545 0.0183735 0.0163358 0.014107 0.0119108 0.00989789 0.00814171 0.00665348 0.00540721 0.0043631
 1.02214e-16 2.5303e-05 0.000148483 0.000705767 0.00271715 0.00847311 0.0214026 0.043794 0.072599 0.0975152 0.10616 0.0937456 0.0673352 0.0397594 0.0201602 0.0103544 0.00766438 0.00889897 0.012072 0.0162324 0.0208487 0.0254436 0.0295079 0.0325578 0.034233 0.0343771 0.0330681 0.030585 0.0273287 0.0237227 0.0201274 0.0167906 0.0138398 0.011305 0.00915728 0.00734412
 1.02326e-16 3.14534e-05 0.000184605 0.000877525 0.00337852 0.0105356 0.0266121 0.0544518 0.0902601 0.121217 0.13191 0.116356 0.0832978 0.0486257 0.0236237 0.0104518 0.00568391 0.00528564 0.00678672 0.00910123 0.0117776 0.0145306 0.0170882 0.0191892 0.0206278 0.0212933 0.0211881 0.0204133 0.0191333 0.01753 0.0157644 0.0139551 0.012176 0.0104673 0.00885087 0.00734348
 1.02013e-16 3.04597e-05 0.000178766 0.000849757 0.00327158 0.0102021 0.0257698 0.0527289 0.0874057 0.117389 0.127757 0.112725 0.0807661 0.0472852 0.0232279 0.0107085 0.00642996 0.00649661 0.00850877 0.0113811 0.0146133 0.0178429 0.0207106 0.0228797 0.0241014 0.0242683 0.0234361 0.0217988 0.019633 0.0172282 0.0148274 0.0125938 0.0106063 0.00887806 0.00738399 0.00608682
 1.01553e-16 3.28147e-05 0.000192596 0.000915515 0.00352478 0.0109917 0.0277642 0.0568093 0.0941678 0.126465 0.13762 0.121393 0.0869016 0.0507257 0.0246357 0.0108824 0.00588679 0.00543288 0.00693335 0.00924248 0.0118747 0.0145187 0.016881 0.0186877 0.019734 0.0199275 0.0193057 0.0180179 0.0162813 0.0143261 0.0123485 0.010484 0.00880351 0.00732619 0.00604077 0.00492472
 1.01352e-16 3.21218e-05 0.000188526 0.000896159 0.00345025 0.0107593 0.0271771 0.0556082 0.0921777 0.123795 0.134721 0.118852 0.0851173 0.0497543 0.0242945 0.0109531 0.00623802 0.0060292 0.00779194 0.0103898 0.0133178 0.0162295 0.0187899 0.0206877 0.0216939 0.0217127 0.0208001 0.0191428 0.0170051 0.0146645 0.0123554 0.0102366 0.00838703 0.00682045 0.00551149 0.00441958
 1.0219e-16 2.53482e-05 0.000148749 0.000707031 0.00272202 0.00848828 0.0214409 0.0438725 0.072729 0.0976896 0.10635 0.0939123 0.0674532 0.0398258 0.0201877 0.0103585 0.00765515 0.00888035 0.0120443 0.0161949 0.0208007 0.0253854 0.0294409 0.0324845 0.0341566 0.034301 0.0329952 0.0305174 0.0272673 0.0236673 0.0200771 0.016744 0.0137956 0.0112623 0.00911566 0.00730369
 1.03107e-16 2.685e-05 0.000157573 0.000748997 0.00288363 0.00899227 0.0227139 0.0464764 0.0770427 0.103475 0.112626 0.0994015 0.0712803 0.0418534 0.0207884 0.0099737 0.00653065 0.00705093 0.00943608 0.0127305 0.0164737 0.0203044 0.0238463 0.0267335 0.0286785 0.0295296 0.0292957 0.0281262 0.0262595 0.0239578 0.0214522 0.0189113 0.0164384 0.0140862 0.0118803 0.00983762
 1.02054e-16 3.32713e-05 0.000195279 0.000928277 0.00357393 0.011145 0.0281513 0.0576011 0.0954795 0.128224 0.139528 0.123061 0.0880628 0.0513373 0.0248092 0.0107498 0.00551961 0.00483762 0.00608301 0.00810911 0.0104528 0.0128399 0.0150199 0.0167586 0.0178773 0.0182892 0.0180142 0.017164 0.0159058 0.0144179 0.012852 0.0113124 0.00985442 0.00849686 0.0072391 0.00607636
 1.01069e-16 3.45581e-05 0.000202832 0.000964182 0.00371217 0.0115761 0.0292402 0.0598292 0.0991729 0.133185 0.144926 0.127823 0.0914734 0.0533305 0.0257807 0.0111822 0.00575206 0.00503848 0.00631027 0.00836336 0.0107002 0.0130185 0.0150425 0.0165208 0.0172704 0.0172182 0.0164158 0.0150208 0.0132535 0.0113435 0.00948262 0.00779909 0.00635306 0.00515007 0.00416268 0.00335115
 1.00455e-16 3.79083e-05 0.000222506 0.00105773 0.00407235 0.0126993 0.0320773 0.0656337 0.108792 0.146096 0.158959 0.140159 0.100211 0.0582431 0.0278156 0.0114827 0.00506204 0.00364584 0.00423404 0.00553186 0.00705492 0.00856453 0.0098694 0.0108004 0.011236 0.0111293 0.0105176 0.0095103 0.00825941 0.00692341 0.00563554 0.0044854 0.00351564 0.00273045 0.00210993 0.00162414
 1.0033e-16 3.66451e-05 0.000215087 0.00102245 0.00393651 0.0122757 0.0310073 0.0634446 0.105165 0.141229 0.153672 0.135518 0.0969397 0.056436 0.027129 0.0115041 0.00553363 0.0044838 0.00545296 0.00717106 0.00913218 0.0110512 0.0126809 0.0137998 0.0142514 0.0139798 0.0130428 0.0115946 0.00984647 0.00801637 0.00628658 0.00477806 0.00354573 0.00258997 0.00187647 0.00135616
 1.00786e-16 3.04845e-05 0.000178908 0.000850424 0.00327414 0.0102101 0.0257899 0.0527704 0.0874756 0.117486 0.127871 0.112845 0.0808957 0.0474481 0.0234692 0.0110888 0.0070195 0.00736826 0.00972623 0.012982 0.0165901 0.0201263 0.0231633 0.0253042 0.0262631 0.0259305 0.0243983 0.0219298 0.0188904 0.015661 0.0125625 0.00981129 0.00751117 0.0056726 0.00424673 0.00315899
 1.01442e-16 3.125e-05 0.000183407 0.000871824 0.00335655 0.0104671 0.026439 0.0540981 0.0896749 0.120435 0.131067 0.115633 0.0828247 0.0484393 0.0237 0.0107671 0.00624981 0.00614606 0.00799492 0.0106928 0.0137463 0.0168114 0.0195503 0.0216445 0.0228537 0.0230671 0.0223242 0.0207942 0.0187273 0.0163912 0.0140175 0.0117705 0.0097408 0.00795995 0.00642251 0.00510731
 1.01662e-16 3.09591e-05 0.000181699 0.000863701 0.00332527 0.0103695 0.0261927 0.0535941 0.0888397 0.119314 0.129849 0.114564 0.0820706 0.0480213 0.0235382 0.0107654 0.00634693 0.00632009 0.00824574 0.0110252 0.01416 0.0172955 0.0200826 0.0221936 0.0233844 0.0235472 0.0227312 0.0211204 0.0189807 0.0165928 0.0141957 0.0119537 0.00995143 0.00821021 0.00671319 0.00542926
 1.013e-16 3.4101e-05 0.000200149 0.000951428 0.00366306 0.0114229 0.0288534 0.0590377 0.0978609 0.131422 0.143008 0.12613 0.0902591 0.0526174 0.0254267 0.0110141 0.00564739 0.00493566 0.00618789 0.00822219 0.0105558 0.0128992 0.0149882 0.0165785 0.0174878 0.0176348 0.0170542 0.0158809 0.0143103 0.0125494 0.0107746 0.00910746 0.00761151 0.00630348 0.00517238 0.00419678
 1.01351e-16 3.07342e-05 0.000180377 0.000857411 0.00330105 0.010294 0.0260019 0.0532038 0.0881934 0.118448 0.128912 0.11375 0.0815135 0.0477488 0.0235037 0.0109155 0.00666031 0.00680821 0.00893409 0.0119331 0.0152842 0.0186003 0.0214958 0.0236114 0.0246846 0.0246086 0.0234547 0.0214461 0.0188965 0.0161337 0.0134341 0.0109843 0.00887468 0.00711806 0.00567937 0.00450472
 1.0171e-16 3.06999e-05 0.000180177 0.000856466 0.00329742 0.0102827 0.0259733 0.0531451 0.0880955 0.118314 0.128762 0.113606 0.0813855 0.0476239 0.02335 0.0106911 0.00632083 0.00631144 0.00824635 0.0110383 0.0141946 0.0173648 0.0202022 0.0223797 0.0236504 0.0239012 0.0231727 0.0216392 0.019557 0.0171993 0.0148014 0.0125281 0.010469 0.00865301 0.00707234 0.00570473
 1.01666e-16 3.19804e-05 0.000187697 0.00089222 0.00343509 0.010712 0.0270576 0.0553637 0.0917722 0.12325 0.134125 0.11832 0.0847247 0.0495005 0.0241258 0.0108024 0.00605064 0.00576809 0.00743461 0.00992757 0.0127589 0.0156025 0.0181447 0.020092 0.0212241 0.0214417 0.0207845 0.0194121 0.0175564 0.0154637 0.0133438 0.0113415 0.00953256 0.00793802 0.00654653 0.00533503
 1.01706e-16 3.05547e-05 0.000179324 0.000852407 0.00328179 0.0102339 0.0258501 0.0528933 0.0876784 0.117755 0.128156 0.113078 0.0810211 0.0474387 0.023311 0.0107599 0.00647844 0.00655931 0.00859504 0.0114956 0.0147568 0.0180114 0.0208943 0.0230633 0.0242644 0.0243878 0.0234885 0.0217634 0.0194949 0.0169804 0.0144718 0.0121414 0.0100763 0.00829559 0.0067774 0.00548462
 1.04021e-16 1.50859e-05 8.84855e-05 0.000420502 0.00161876 0.00504776 0.0127507 0.0260927 0.0432635 0.0581378 0.0633605 0.0561147 0.0406625 0.024728 0.0138665 0.00929157 0.00954082 0.0128122 0.0179444 0.0242756 0.0312543 0.0382343 0.0444758 0.0492628 0.0520552 0.0526071 0.0510125 0.0476585 0.0431114 0.0379728 0.0327573 0.0278221 0.0233568 0.0194172 0.0159796 0.0129905
pSPR Fmed_Fpbrs
0.523692   0.345552 0.345552
Fs Fmed_Fpbrs
0.480379   1.005 1.005
SSBpbr Bo_Bmed_Bpbrs
897461  425120  265246 265246
Ro
34891.6
SPR SPRFo_SPRFmed_SPRFpbrs
719098 376586 248486
log_Ro
10.28
likeval ReclasPelacesDesembMPH_pf_preclas_ppelaces_ptallas_desvR_qrecl_qpela
 65.5512 14.1642 0.0110396 0.000204744 285.067 189.525 71.5953 0 16.8058 1.55382e-05 5.65476e-05 0 0 0 0
q_reclas_q_pelaces
0.572023 2.91492
M
0.7
N
 36004 12372.6 4724.62 569.023 0.302339
 45231 16270 3376.26 1289.26 155.358
 21385.5 20476.1 4490.44 931.834 398.71
 36071.5 8999.03 3553.72 779.335 230.922
 64249.2 17231.9 3494.46 1379.96 392.298
 44356.6 31693.3 8202.72 1663.43 843.628
 74861 20696.8 10598.5 2743.05 838.378
 78823.3 35657.2 7888.19 4039.41 1364.99
 102462 36080.5 10557.5 2335.57 1600.16
 126736 46457.6 10057.8 2943.03 1097.13
 64974.9 58986.3 15289.4 3310.09 1329.64
 46423.7 28697.9 13921.4 3608.46 1095.02
 48034.4 20650.6 7085.66 3437.26 1161.31
 24235.5 20049.4 3403.9 1167.95 757.997
 14274.3 8812.09 1376.35 233.67 132.212
 14501.5 4954.49 450.383 70.3448 18.7001
 10289.6 6168.2 920.603 83.6865 16.5456
 11287.8 4583.94 1537.5 229.472 24.9841
 12816.2 5175.23 1371.25 459.932 76.1186
 21714.9 5948.54 1673.62 443.449 173.353
 26319 10065.1 1907.16 536.578 197.753
 35429 12664.4 4092.31 775.417 298.566
 52792.2 16903.1 4877.63 1576.14 413.641
 63545.5 24994.9 6201.14 1789.43 729.977
 18343.3 30066.8 9132.49 2265.74 920.524
pred_Ctot
 2343.06 4147.38 1583.72 190.74 0.101346
 2889.99 5374.47 1115.28 425.883 51.3197
 2369.63 10158.3 2227.74 462.289 197.802
 987.968 1431.16 565.164 123.941 36.7245
 306.958 514.513 104.338 41.2031 11.7133
 1933.14 7614.42 1970.73 399.643 202.684
 2203.21 3513.65 1799.28 465.682 142.33
 4455.33 10664.1 2359.13 1208.07 408.231
 6440 11762.6 3441.85 761.415 521.666
 5740.31 11536.9 2497.68 730.847 272.451
 5201.82 23217.3 6017.99 1302.86 523.35
 3501.91 10796.5 5237.37 1357.54 411.959
 5564.11 10550.1 3619.98 1756.05 593.301
 4751.85 13793.5 2341.8 803.524 521.484
 3154.55 6393.44 998.584 169.535 95.924
 1509.48 2356.11 214.18 33.4526 8.89287
 766.121 2297.43 342.892 31.1702 6.16264
 625.78 1349.23 452.547 67.5426 7.3538
 604.481 1330.35 352.496 118.231 19.5672
 1044.19 1554.44 437.341 115.88 45.2998
 587.986 1327.14 251.469 70.7505 26.0747
 1002.13 2073.98 670.179 126.987 48.8947
 1773.06 3231.25 932.423 301.299 79.0728
 2162.28 4834.1 1199.32 346.081 141.18
 575.59 5408.23 1642.69 407.546 165.578
F
 0.09431 0.598717 0.598717 0.598717 0.598717
 0.0925225 0.587369 0.587369 0.587369 0.587369
 0.165596 1.05127 1.05127 1.05127 1.05127
 0.0387403 0.245938 0.245938 0.245938 0.245938
 0.00666287 0.0422985 0.0422985 0.0422985 0.0422985
 0.0622827 0.395395 0.395395 0.395395 0.395395
 0.0416817 0.264612 0.264612 0.264612 0.264612
 0.0814557 0.517112 0.517112 0.517112 0.517112
 0.0909523 0.577401 0.577401 0.577401 0.577401
 0.0648002 0.411377 0.411377 0.411377 0.411377
 0.117176 0.743881 0.743881 0.743881 0.743881
 0.110067 0.698751 0.698751 0.698751 0.698751
 0.173717 1.10282 1.10282 1.10282 1.10282
 0.311696 1.97877 1.97877 1.97877 1.97877
 0.358167 2.27378 2.27378 2.27378 2.27378
 0.154845 0.98302 0.98302 0.98302 0.98302
 0.108571 0.689249 0.689249 0.689249 0.689249
 0.0798367 0.506835 0.506835 0.506835 0.506835
 0.06756 0.428897 0.428897 0.428897 0.428897
 0.0689199 0.437531 0.437531 0.437531 0.437531
 0.0314993 0.19997 0.19997 0.19997 0.19997
 0.0400309 0.254132 0.254132 0.254132 0.254132
 0.0476916 0.302765 0.302765 0.302765 0.302765
 0.0483326 0.306834 0.306834 0.306834 0.306834
 0.0444956 0.282475 0.282475 0.282475 0.282475
nmprior
 10 11 7 0
nm_flota  nm_reclas  nm_pelaces    nm_pelaL
inf 18.1473 15.1359 26.062
cv_recla  cv_pelaces  cv_mph
0.732344 0.442855 0.464241
 ------------------------------------------------
Talla a la edad & desviación 
 7.2 14.2025 17.0495 18.207 18.6776
 1.08 2.13037 2.55742 2.73105 2.80164
