years
 1997 1998 1999 2000 2001 2002 2003 2004 2005 2006 2007 2008 2009 2010 2011 2012 2013 2014 2015 2016 2017 2018 2019 2020 2021
reclasobs
 0 0 0 370054 412103 1.49427e+06 250295 1.28982e+06 931140 785840 897777 1.04006e+06 184774 17550 25797 100020 73551 82996 120727 218422 84188 347160 605670 569463 516374
reclaspred
 437710 120217 354571 256400 388507 468752 1.01623e+06 672625 737938 701265 568549 386547 236906 100369 63322.5 62573.5 78193.7 106945 115400 163763 242629 226864 393666 514752 584537
pelacesobs
 0 0 0 0 0 0 0 0 0 2.06254e+06 1.5e+06 0 1.87456e+06 323000 250000 174000 83755 137374 0 501740 490994 745055 786931 1.00524e+06 0
pelacespred
 1.83791e+06 432527 794998 895006 1.17122e+06 1.17805e+06 2.85204e+06 2.34023e+06 2.25862e+06 2.17566e+06 1.5549e+06 1.09869e+06 651065 214787 135391 148921 196687 281589 311304 429868 725471 666659 900428 1.37649e+06 1.65032e+06
mphobs
 0 0 0 0 0 112323 0 153150 637223 0 255016 313432 73983 77613 109348 50772 0 0 0 0 0 0 0 0 0
mphpred
 160348 95737.7 117080 134986 150314 240323 351583 415754 347776 351790 342553 238699 147764 75773.1 32519.4 26999.6 32324.5 44471.5 56224.8 65292.7 99278.4 120162 151896 216717 322346
desembarqueobs
 350755 77701 442110 56441 14545 235359 269955 359681 431902 328805 639364 411747 362871 311530 167758 66681 60226 58785 57116 71774 51957 67425 138520 160799 200461
desembarquepred
 350768 77704.9 442155 56444.2 14545.2 235424 270007 359714 431988 328853 639543 411928 363122 311826 167692 66690.4 60256.3 58786.9 57109.7 71777.3 51960.2 67420.3 138527 160811 200462
Reclutas
 43309.5 52577.2 31782.5 47741.9 80269.6 58081.1 94939.1 89076.8 110280 120242 66095.9 43708.2 43663 23751.4 15459.2 15616.2 12197.5 13941.8 15558.8 26049.7 33364.3 43958.4 69308.8 90520.2 40177.4
log_desv_Rt
 0.0361274 0.230037 -0.27333 0.133564 0.653146 0.329596 0.820991 0.757254 0.970782 1.05727 0.458862 0.045292 0.0442564 -0.564604 -0.994039 -0.983933 -1.23101 -1.09735 -0.987619 -0.472239 -0.224757 0.0509996 0.506328 0.773328 -0.0389409
SSB
 503649 300710 367746 423986 472132 754849 1.10431e+06 1.30587e+06 1.09236e+06 1.10496e+06 1.07595e+06 749748 464124 238002 102143 84804.9 101531 139684 176601 205083 311831 377426 477103 680703 1.01248e+06
BT
 1.79313e+06 447798 870930 730813 900515 1.035e+06 2.39228e+06 2.15759e+06 2.12615e+06 1.95823e+06 1.73103e+06 1.18916e+06 847664 456021 246250 169235 200085 261475 279287 385969 594833 549742 763903 1.1656e+06 1.34822e+06
Ftot
 0.799897 0.657868 0.997368 0.187879 0.0349238 0.342888 0.212202 0.432466 0.496013 0.39339 0.785372 0.703596 1.12789 2.2168 2.49006 1.02225 0.71691 0.472217 0.383772 0.385846 0.185819 0.226816 0.268826 0.262415 0.219869
BD_Bspro_t
 0.923497 0.683956 0.633862 0.488359 0.639671 0.78661 0.745843 0.754568 0.690011 0.650995 0.618068 0.457527 0.346982 0.23851 0.1318 0.134842 0.209249 0.33965 0.451612 0.548148 0.672834 0.764828 0.775243 0.782204 0.78538
BD_Bspro
 0.585015 0.34929 0.427156 0.492482 0.548406 0.876796 1.28272 1.51684 1.26883 1.28347 1.24977 0.870871 0.539104 0.276451 0.118644 0.0985054 0.117933 0.16225 0.205131 0.238214 0.362208 0.4384 0.55418 0.790672 1.17605
BD_Bo
 0.49252 0.294065 0.35962 0.414617 0.461699 0.738169 1.07991 1.27702 1.06822 1.08055 1.05218 0.733181 0.453868 0.232742 0.0998855 0.082931 0.099287 0.136597 0.172698 0.200551 0.30494 0.369086 0.46656 0.665661 0.990109
BD_Brms
 1.43195 0.854962 1.04556 1.20546 1.34234 2.14615 3.13972 3.71279 3.10573 3.14158 3.05909 2.13164 1.31957 0.676674 0.290406 0.241113 0.288666 0.397142 0.502102 0.58308 0.886582 1.07308 1.35647 1.93534 2.87864
S_f
 0.128089 0.736232 0.981493 0.999009 0.999948
 0.128089 0.736232 0.981493 0.999009 0.999948
 0.128089 0.736232 0.981493 0.999009 0.999948
 0.128089 0.736232 0.981493 0.999009 0.999948
 0.128089 0.736232 0.981493 0.999009 0.999948
 0.128089 0.736232 0.981493 0.999009 0.999948
 0.128089 0.736232 0.981493 0.999009 0.999948
 0.128089 0.736232 0.981493 0.999009 0.999948
 0.128089 0.736232 0.981493 0.999009 0.999948
 0.128089 0.736232 0.981493 0.999009 0.999948
 0.128089 0.736232 0.981493 0.999009 0.999948
 0.128089 0.736232 0.981493 0.999009 0.999948
 0.128089 0.736232 0.981493 0.999009 0.999948
 0.128089 0.736232 0.981493 0.999009 0.999948
 0.128089 0.736232 0.981493 0.999009 0.999948
 0.128089 0.736232 0.981493 0.999009 0.999948
 0.128089 0.736232 0.981493 0.999009 0.999948
 0.128089 0.736232 0.981493 0.999009 0.999948
 0.128089 0.736232 0.981493 0.999009 0.999948
 0.128089 0.736232 0.981493 0.999009 0.999948
 0.128089 0.736232 0.981493 0.999009 0.999948
 0.128089 0.736232 0.981493 0.999009 0.999948
 0.128089 0.736232 0.981493 0.999009 0.999948
 0.128089 0.736232 0.981493 0.999009 0.999948
 0.128089 0.736232 0.981493 0.999009 0.999948
Scru_reclas
 0.875585 1 1 1 1
 0.875585 1 1 1 1
 0.875585 1 1 1 1
 0.875585 1 1 1 1
 0.875585 1 1 1 1
 0.875585 1 1 1 1
 0.875585 1 1 1 1
 0.875585 1 1 1 1
 0.875585 1 1 1 1
 0.875585 1 1 1 1
 0.875585 1 1 1 1
 0.875585 1 1 1 1
 0.875585 1 1 1 1
 0.875585 1 1 1 1
 0.875585 1 1 1 1
 0.875585 1 1 1 1
 0.875585 1 1 1 1
 0.875585 1 1 1 1
 0.875585 1 1 1 1
 0.875585 1 1 1 1
 0.875585 1 1 1 1
 0.875585 1 1 1 1
 0.875585 1 1 1 1
 0.875585 1 1 1 1
 0.875585 1 1 1 1
Scru_pelaces
 0.817512 1 1 1 1
 0.817512 1 1 1 1
 0.817512 1 1 1 1
 0.817512 1 1 1 1
 0.817512 1 1 1 1
 0.817512 1 1 1 1
 0.817512 1 1 1 1
 0.817512 1 1 1 1
 0.817512 1 1 1 1
 0.817512 1 1 1 1
 0.817512 1 1 1 1
 0.817512 1 1 1 1
 0.817512 1 1 1 1
 0.817512 1 1 1 1
 0.817512 1 1 1 1
 0.817512 1 1 1 1
 0.817512 1 1 1 1
 0.817512 1 1 1 1
 0.817512 1 1 1 1
 0.817512 1 1 1 1
 0.817512 1 1 1 1
 0.817512 1 1 1 1
 0.817512 1 1 1 1
 0.817512 1 1 1 1
 0.817512 1 1 1 1
pf_obs 
 0.256992 0.487395 0.22802 0.0275931 0
 0.321318 0.546541 0.124235 0.00734118 0.000564706
 0.182869 0.594174 0.210203 0.0122559 0.00049798
 0.330522 0.361315 0.267642 0.0388342 0.00168674
 0.649043 0.306663 0.0425973 0.00169635 0
 0.582887 0.30429 0.105238 0.00758474 0
 0.465427 0.430635 0.0974691 0.00646863 0
 0.296916 0.608066 0.0921331 0.00288517 0
 0.311714 0.524322 0.152257 0.0117073 0
 0.15457 0.633149 0.183074 0.0267441 0.00246327
 0.131901 0.49318 0.331252 0.0422183 0.00144891
 0.196976 0.569456 0.194076 0.0375587 0.00193317
 0.518974 0.381816 0.0799577 0.0180837 0.00116848
 0.0928022 0.601141 0.25162 0.0475244 0.00691264
 0.122501 0.610282 0.24278 0.0234846 0.000952079
 0.383417 0.481906 0.127806 0.00687128 0
 0.0376549 0.599619 0.316969 0.0457579 0
 0.0361596 0.667082 0.258105 0.0386534 0
 0.158088 0.579412 0.248529 0.0139706 0
 0.0477256 0.309471 0.559284 0.082774 0.000745712
 0.0406174 0.521527 0.379366 0.0568643 0.0016247
 0.151134 0.462217 0.34131 0.0453401 0
 0.294876 0.26143 0.354403 0.0886775 0.000613685
 0.281977 0.475581 0.204845 0.0348837 0.00271318
 0 0 0 0 0
pf_pred 
 0.351852 0.446048 0.180754 0.0213333 1.31064e-05
 0.304876 0.547083 0.113476 0.0309971 0.00356785
 0.178633 0.605402 0.182214 0.0260158 0.00773457
 0.274254 0.43636 0.234811 0.0462474 0.00832744
 0.28688 0.471008 0.162347 0.0649511 0.0148147
 0.156257 0.560988 0.203803 0.0532438 0.0257089
 0.241654 0.381808 0.276097 0.0728119 0.0276288
 0.194767 0.515359 0.168055 0.089783 0.0320363
 0.234369 0.449725 0.225896 0.0526587 0.0373506
 0.226829 0.50296 0.180807 0.0643404 0.025064
 0.135493 0.548701 0.228358 0.0589275 0.0285209
 0.137617 0.449222 0.298092 0.0838009 0.0312683
 0.213049 0.421791 0.224886 0.101908 0.0383657
 0.205577 0.567985 0.146814 0.0496092 0.0300144
 0.290685 0.556072 0.127404 0.0170219 0.00881676
 0.348159 0.555245 0.085151 0.00959406 0.0018513
 0.228185 0.60983 0.145592 0.0144994 0.00189386
 0.243439 0.49076 0.225021 0.036744 0.00403596
 0.231076 0.50335 0.19191 0.0625702 0.0110934
 0.300526 0.441082 0.187509 0.051519 0.0193638
 0.259313 0.523599 0.152858 0.0468787 0.017351
 0.243358 0.484882 0.208056 0.0451075 0.0185974
 0.277794 0.455127 0.189178 0.0599108 0.0179908
 0.255176 0.502828 0.169462 0.0516738 0.0208609
 0.0989875 0.580786 0.236955 0.0586566 0.0246144
pobs_RECLAS
 0 0 0 0 0
 0 0 0 0 0
 0 0 0 0 0
 0 0 0 0 0
 0.835266 0.146461 0.0176864 0.000547809 3.91292e-05
 0.385257 0.428462 0.181853 0.0044286 0
 0.867414 0.0963971 0.0333333 0.00285562 0
 0.441836 0.489002 0.0689373 0.000224442 0
 0.779404 0.147425 0.0564933 0.0165055 0.000172143
 0.814271 0.122319 0.05973 0.00367925 0
 0.40263 0.566651 0.0304383 0.000280538 0
 0.475488 0.404961 0.113038 0.00651328 0
 0.955842 0.0263864 0.0167828 0.000988607 0
 0.975058 0.0227948 0.00214734 0 0
 0.738997 0.206755 0.0527124 0.00153531 0
 0.850938 0.134255 0.0134407 0.00136685 0
 0.542534 0.407297 0.0501686 0 0
 0.764087 0.199537 0.0359546 0.000420521 0
 0.470689 0.182191 0.310203 0.0369168 0
 0.84361 0.089868 0.0606195 0.00523954 0.000663233
 0.607945 0.314616 0.071237 0.00620181 0
 0.523733 0.453247 0.0230204 0 0
 0.530135 0.295979 0.169645 0.0042399 0
 0.562478 0.366248 0.0663022 0.0049721 0
 0.250443 0.683176 0.0655157 0.000865301 0
ppred_RECLAS
 0.75654 0.182804 0.0543594 0.00629264 3.86199e-06
 0.707288 0.244177 0.0373671 0.0100156 0.00115166
 0.555076 0.35347 0.0774045 0.0108323 0.00321704
 0.680777 0.213647 0.0859566 0.0166288 0.00299138
 0.689344 0.224604 0.0580411 0.0228129 0.00519848
 0.508726 0.357661 0.0968005 0.0248332 0.0119792
 0.649508 0.202196 0.109264 0.0283019 0.010729
 0.578133 0.298188 0.072264 0.0379036 0.0135115
 0.638605 0.238031 0.0886887 0.0202946 0.0143807
 0.622989 0.26982 0.0721643 0.0252141 0.00981268
 0.47678 0.368383 0.112568 0.0284922 0.013776
 0.488253 0.305737 0.149432 0.041215 0.0153628
 0.626246 0.230571 0.088884 0.0394599 0.0148393
 0.631961 0.29062 0.0506613 0.0166799 0.0100777
 0.733494 0.225657 0.0341211 0.00443447 0.00229352
 0.74805 0.223731 0.0249347 0.00275344 0.000530745
 0.620271 0.317719 0.055842 0.00545595 0.000711912
 0.645448 0.253087 0.0861408 0.0138086 0.00151524
 0.628148 0.267394 0.0758684 0.0242879 0.00430195
 0.708626 0.203228 0.0642899 0.0173439 0.00651249
 0.657411 0.261848 0.0571565 0.0172174 0.00636653
 0.642717 0.252154 0.0808276 0.0172114 0.00708931
 0.683875 0.220195 0.0683099 0.0212459 0.00637386
 0.655403 0.253886 0.0638694 0.0191273 0.00771436
 0.380301 0.439496 0.133974 0.0325733 0.0136559
pobs_PELACES
 0 0 0 0 0
 0 0 0 0 0
 0 0 0 0 0
 0 0 0 0 0
 0 0 0 0 0
 0 0 0 0 0
 0 0 0 0 0
 0 0 0 0 0
 0 0 0 0 0
 0 0 0 0 0
 0.450072 0.473896 0.0757376 0.000293798 0
 0 0 0 0 0
 0.463077 0.371075 0.160297 0.00555027 0
 0.529543 0.364841 0.0842815 0.0213345 0
 0.631943 0.363953 0.00410389 0 0
 0.735681 0.248677 0.0153453 0.000297389 0
 0.695825 0.281241 0.0229344 0 0
 0.275771 0.60734 0.115278 0.00161068 0
 0 0 0 0 0
 0.896147 0.0623911 0.0374545 0.00400742 0
 0.803859 0.145111 0.0509908 3.86294e-05 0
 0.739449 0.233085 0.0266225 0.000797448 4.60066e-05
 0.878498 0.100942 0.0204185 0.000141795 0
 0.694673 0.275183 0.0284847 0.00165964 0
 0 0 0 0 0
ppred_PELACES
 0.775836 0.171006 0.0476631 0.00549203 3.3698e-06
 0.722004 0.233945 0.0339449 0.00906375 0.001042
 0.591212 0.33008 0.0666768 0.00927737 0.0027544
 0.675133 0.218529 0.0865941 0.016734 0.00301012
 0.676173 0.234314 0.0603795 0.0237272 0.00540677
 0.510677 0.358966 0.0944944 0.0241936 0.0116694
 0.645246 0.206169 0.109514 0.0283317 0.0107397
 0.585093 0.296345 0.0693472 0.0362829 0.012932
 0.648859 0.234491 0.0839313 0.019151 0.0135683
 0.627553 0.269006 0.0696919 0.0242949 0.00945381
 0.503698 0.356045 0.102097 0.0257248 0.012435
 0.512137 0.298243 0.1377 0.037825 0.0140961
 0.670129 0.210726 0.0741467 0.0327034 0.0122942
 0.721693 0.227814 0.0331903 0.0107886 0.00651375
 0.813392 0.162603 0.0200991 0.00257481 0.00133067
 0.774478 0.202075 0.0207328 0.00227596 0.000438567
 0.639976 0.30405 0.0504271 0.00490651 0.000640077
 0.653879 0.249778 0.0818264 0.0130812 0.00143522
 0.632154 0.26685 0.0733986 0.0234452 0.00415218
 0.712397 0.202518 0.0620955 0.0167145 0.00627543
 0.651137 0.267605 0.0575411 0.0173147 0.00640212
 0.638654 0.256417 0.0806989 0.0171615 0.00706826
 0.682146 0.222886 0.0676563 0.0210099 0.00630255
 0.653073 0.257055 0.0633075 0.0189303 0.00763429
 0.375772 0.445032 0.133269 0.0323608 0.0135659
pobs_pel_tallas
 0 0 0 0 0 0 0 0 0 0 0 0 0 0 0 0 0 0 0 0 0 0 0 0 0 0 0 0 0 0 0 0 0 0 0 0
 0 0 0 0 0 0 0 0 0 0 0 0 0 0 0 0 0 0 0 0 0 0 0 0 0 0 0 0 0 0 0 0 0 0 0 0
 0 0 0 0 0 0 0 0 0 0 0 0 0 0 0 0 0 0 0 0 0 0 0 0 0 0 0 0 0 0 0 0 0 0 0 0
 0 0 0 0 0 0 0 0 0 0 0 0 0 0 0 0 0 0 0 0 0 0 0 0 0 0 0 0 0 0 0 0 0 0 0 0
 0 0 0 0 0 0 0 0 0 0 0 0 0 0 0 0 0 0 0 0 0 0 0 0 0 0 0 0 0 0 0 0 0 0 0 0
 0 0 0 0 0 0 0 0 0 0 0 0 0 0 0 0 0 0 0 0 0 0 0 0 0 0 0 0 0 0 0 0 0 0 0 0
 0 0 0 0 0 0 0 0 0 0 0 0 0 0 0 0 0 0 0 0 0 0 0 0 0 0 0 0 0 0 0 0 0 0 0 0
 0 0 0 0 0 0 0 0 0 0 0 0 0 0 0 0 0 0 0 0 0 0 0 0 0 0 0 0 0 0 0 0 0 0 0 0
 0 0 0 0 0 0 0 0 0 0 0 0 0 0 0 0 0 0 0 0 0 0 0 0 0 0 0 0 0 0 0 0 0 0 0 0
 0 0 0 0 0 0 0 0 0 0 0 0 0 0 0 0 0 0 0 0 0 0 0 0 0 0 0 0 0 0 0 0 0 0 0 0
 0 0 0 0 0 0 0 0 1.78061e-05 0.00172719 0.00360574 0.0105946 0.0120993 0.0124554 0.0147524 0.0171206 0.0266825 0.0428682 0.0675386 0.121331 0.153587 0.119568 0.100827 0.0573624 0.0630603 0.0341343 0.0324427 0.0444173 0.0211091 0.0280891 0.0125444 0.00206551 0 0 0 0
 0 0 0 0 0 0 0 0 0 0 0 0 0 0 0 0 0 0 0 0 0 0 0 0 0 0 0 0 0 0 0 0 0 0 0 0
 0 0 0 0 0 0 0.0133647 0.0140871 0.0187388 0.0205184 0.03894 0.0496705 0.03968 0.0493445 0.0407372 0.0367815 0.0215668 0.0243155 0.0234873 0.0199281 0.019796 0.0243948 0.0301388 0.0376714 0.0412746 0.0863199 0.0771752 0.113111 0.0741005 0.0525337 0.0229764 0.00759418 0.00175318 0 0 0
 0 0 0 0 0 0 0 0 0 0 0.00219441 0.00772107 0.0458388 0.0604681 0.0671733 0.0775358 0.0609151 0.0617685 0.073594 0.0568108 0.0755445 0.0548602 0.0670107 0.0636378 0.0643287 0.046367 0.0373049 0.0286899 0.0247887 0.0153202 0.00654259 0.00121912 0.000365735 0 0 0
 0 0 0 0 0 0 0 0 0 0 0 0 0.000112435 0.00938835 0.0111873 0.0202946 0.0414886 0.0713402 0.111592 0.104902 0.108894 0.110636 0.117776 0.105296 0.107544 0.0401394 0.0192827 0.0124803 0.00416011 0.0028671 0.000618394 0 0 0 0 0
 0 0 0 0 0 0 0 0 0 0 0.00291406 0.0102884 0.027416 0.0768956 0.0749926 0.110853 0.0956884 0.0897413 0.0766577 0.0534642 0.0500743 0.0551293 0.0594112 0.0620874 0.0668451 0.0424026 0.0208742 0.0120726 0.0048766 0.00582813 0.00118941 0.000297354 0 0 0 0
 0 0.00264628 0.0354308 0.0461629 0.0458689 0.0383711 0.0214643 0.0164657 0.0346957 0.0420465 0.0363128 0.0245516 0.0311673 0.0291091 0.0169068 0.0133784 0.00837989 0.0085269 0.0148486 0.0160247 0.0276389 0.0546898 0.0760071 0.122758 0.109233 0.0665981 0.0333725 0.0166128 0.00676272 0.00308733 0.000882094 0 0 0 0 0
 0 0 0 0 0 0 0 0.000805153 0.000690131 0.00759144 0.0133425 0.0154129 0.00931677 0.000345066 0.00356568 0.00563607 0.00851162 0.0253048 0.0502646 0.0516448 0.0657925 0.0565908 0.0611916 0.0827007 0.0866115 0.110766 0.145733 0.0935128 0.0569358 0.0249597 0.0138026 0.00621118 0.00161031 0.00115022 0 0
 0 0 0 0 0 0 0 0 0 0 0 0 0 0 0 0 0 0 0 0 0 0 0 0 0 0 0 0 0 0 0 0 0 0 0 0
 0.00147267 0.00158595 0.00478618 0.00569244 0.00954404 0.0108468 0.00647125 0.017049 0.0510054 0.094081 0.124002 0.0959785 0.0687766 0.0820023 0.061753 0.0591476 0.0492212 0.0479892 0.0443925 0.0268479 0.0217502 0.0140895 0.0121071 0.0120363 0.00920419 0.00665534 0.0049561 0.00860946 0.00930331 0.0156896 0.0114698 0.00855282 0.00243557 0.00046729 0 2.83206e-05
 0 0 0 0 0.000772559 0.00158375 0.000888443 0.00281984 0.00712685 0.0440552 0.0773331 0.111326 0.0921469 0.0852325 0.0710754 0.0886704 0.0786465 0.0553345 0.0373146 0.0185414 0.00753245 0.00457741 0.012979 0.0271748 0.0457355 0.0583668 0.034881 0.0177882 0.00938659 0.00492506 0.0015258 0.00185414 0.000309023 5.79419e-05 3.86279e-05 0
 0 0.00173294 0.00326652 0 0.00397197 0.00683976 0.00946217 0.0152591 0.00757587 0.0136028 0.0228656 0.0392903 0.0559909 0.0764795 0.0681675 0.0726916 0.0566044 0.0477403 0.0527397 0.0444891 0.0609904 0.0582453 0.0661739 0.0445044 0.0529084 0.0360697 0.0280645 0.0235558 0.0158879 0.00826598 0.00280645 0.00217768 0.000904811 0.00058276 9.20147e-05 0
 0 0 0 0 0 0 0 0 0 0 0 0 0 0 0 0 0 0 0 0 0 0 0 0 0 0 0 0 0 0 0 0 0 0 0 0
 0 0 0 0 0 0 0 0 0 0 0 0 0 0 0 0 0 0 0 0 0 0 0 0 0 0 0 0 0 0 0 0 0 0 0 0
 0 0 0 0 0 0 0 0 0 0 0 0 0 0 0 0 0 0 0 0 0 0 0 0 0 0 0 0 0 0 0 0 0 0 0 0
ppred_pel_tallas
 1.00922e-16 3.38498e-05 0.000198673 0.000944407 0.00363603 0.0113386 0.0286405 0.0586021 0.0971392 0.130455 0.141958 0.125212 0.0896199 0.0522801 0.0253297 0.0110847 0.00584607 0.00525893 0.00665112 0.00884189 0.0113369 0.0138268 0.0160243 0.0176629 0.0185448 0.0185838 0.0178218 0.0164117 0.0145741 0.0125431 0.0105201 0.00864564 0.00699452 0.00558764 0.00441189 0.00343919
 1.00919e-16 3.15049e-05 0.000184901 0.000878922 0.00338387 0.0105523 0.0266543 0.0545387 0.0904059 0.121419 0.132143 0.116596 0.0835436 0.0489179 0.0240415 0.0111008 0.00668392 0.00675751 0.00883207 0.0117735 0.0150496 0.0182685 0.0210429 0.0230145 0.0239249 0.0236746 0.0223452 0.0201721 0.0174824 0.014616 0.0118587 0.0094021 0.00733698 0.00567122 0.00436087 0.00334048
 1.01502e-16 2.58058e-05 0.000151433 0.00071979 0.00277114 0.00864146 0.0218279 0.0446643 0.0740419 0.0994539 0.108272 0.0956147 0.068686 0.0405736 0.0206028 0.0106285 0.00792043 0.00922223 0.0125025 0.0167805 0.0214986 0.026151 0.0301999 0.0331379 0.0345933 0.0344151 0.0327043 0.029778 0.0260831 0.0220883 0.018191 0.0146623 0.0116369 0.00913824 0.00711905 0.00550245
 1.02017e-16 2.94606e-05 0.000172901 0.000821871 0.00316422 0.00986729 0.024924 0.0509984 0.0845376 0.113538 0.123568 0.109034 0.0781343 0.0457695 0.0225311 0.0104699 0.00640414 0.00657369 0.00866461 0.0116319 0.0149925 0.0183913 0.0214702 0.0238872 0.0253801 0.0258209 0.0252386 0.0237989 0.0217525 0.0193713 0.0168919 0.0144844 0.0122468 0.0102199 0.00840973 0.00680874
 1.02002e-16 2.95065e-05 0.000173169 0.000823144 0.00316911 0.00988255 0.0249626 0.0510775 0.084669 0.113715 0.123764 0.109215 0.0782791 0.0458855 0.0226455 0.0106176 0.00661856 0.0068829 0.00908835 0.0121767 0.0156455 0.0191157 0.0222047 0.0245519 0.0258887 0.0260965 0.0252294 0.0234896 0.0211688 0.0185742 0.0159664 0.0135235 0.0113359 0.0094248 0.00777053 0.00633899
 1.02835e-16 2.22953e-05 0.000130821 0.00062179 0.00239381 0.00746475 0.0188556 0.0385831 0.0639632 0.0859233 0.0935608 0.0826681 0.0594837 0.0353353 0.0183089 0.0100437 0.00821983 0.0100547 0.0138047 0.018603 0.0239118 0.0292033 0.0339001 0.0374504 0.0394422 0.0396947 0.0382931 0.0355509 0.0319199 0.0278768 0.023827 0.0200483 0.0166834 0.013766 0.0112652 0.00912535
 1.03098e-16 2.8157e-05 0.000165248 0.000785493 0.00302415 0.0094305 0.0238208 0.048741 0.0807956 0.108512 0.118099 0.104209 0.0746792 0.0437509 0.0215483 0.0100342 0.006172 0.00637469 0.00843981 0.01138 0.0147465 0.0182122 0.0214439 0.0241172 0.0259747 0.026876 0.0268198 0.025927 0.0243967 0.0224501 0.0202831 0.0180407 0.0158144 0.0136555 0.0115947 0.00965719
 1.02932e-16 2.55375e-05 0.000149862 0.000712326 0.00274241 0.00855189 0.0216016 0.044201 0.0732731 0.0984187 0.107139 0.0945983 0.0679222 0.0400549 0.0202157 0.0102295 0.00738522 0.00845662 0.0114402 0.0153868 0.019782 0.0241758 0.0280921 0.0310784 0.0327978 0.0331033 0.0320651 0.029939 0.0270918 0.0239073 0.0207081 0.0177108 0.015021 0.0126577 0.0105906 0.00877456
 1.0256e-16 2.83156e-05 0.000166177 0.000789903 0.00304112 0.00948342 0.0239545 0.0490147 0.08125 0.109125 0.118771 0.104816 0.0751423 0.0440795 0.0218159 0.0103339 0.00658676 0.00696923 0.00925907 0.0124435 0.0160382 0.0196709 0.022961 0.025545 0.0271455 0.0276301 0.0270342 0.0255383 0.0234125 0.0209458 0.0183866 0.0159091 0.0136084 0.0115182 0.00963658 0.00795
 1.02354e-16 2.73879e-05 0.000160728 0.000763989 0.00294134 0.00917224 0.0231685 0.0474068 0.0785859 0.10555 0.11489 0.101414 0.0727538 0.0427793 0.0213596 0.0104292 0.00705768 0.00776802 0.0104081 0.0139773 0.0179647 0.0219509 0.0254996 0.0281974 0.0297362 0.0299797 0.0289904 0.0270003 0.024344 0.0213742 0.0183895 0.0155937 0.0130902 0.0109024 0.00900728 0.00736522
 1.03031e-16 2.19909e-05 0.000129034 0.000613296 0.0023611 0.00736276 0.018598 0.038056 0.0630894 0.0847498 0.0922837 0.0815415 0.0586772 0.0348644 0.0180802 0.00994339 0.00816807 0.0100123 0.0137585 0.0185538 0.0238682 0.0291804 0.0339186 0.0375345 0.0396163 0.0399792 0.0387001 0.0360815 0.0325621 0.0286073 0.0246135 0.0208543 0.0174727 0.0145071 0.0119337 0.00970606
 1.04011e-16 2.23566e-05 0.000131186 0.000623538 0.00240056 0.00748582 0.0189088 0.0386914 0.0641411 0.0861572 0.0938024 0.0828505 0.0595474 0.0352382 0.0180124 0.00949289 0.00733462 0.00873995 0.0119733 0.0162067 0.0209722 0.0258365 0.0303242 0.0339698 0.0364088 0.0374515 0.0371138 0.0355917 0.033194 0.0302586 0.027081 0.0238749 0.0207678 0.0178219 0.0150637 0.0125092
 1.0282e-16 2.92421e-05 0.000171618 0.000815778 0.00314076 0.00979413 0.0247393 0.0506203 0.0839106 0.112695 0.122649 0.10822 0.0775435 0.0454084 0.0223254 0.0103277 0.00625477 0.00637337 0.00838791 0.0112657 0.0145359 0.0178582 0.0208916 0.0233112 0.024868 0.0254409 0.0250568 0.0238704 0.022114 0.0200359 0.0178473 0.0156945 0.013656 0.0117589 0.0100035 0.00838378
 1.01221e-16 3.14911e-05 0.000184821 0.000878541 0.00338241 0.0105477 0.0266427 0.054515 0.0903665 0.121365 0.132083 0.116541 0.0834966 0.0488764 0.0239949 0.0110356 0.00658593 0.00661312 0.00862973 0.011506 0.0147169 0.0178805 0.0206209 0.0225902 0.0235371 0.023364 0.0221481 0.0201153 0.0175791 0.0148648 0.0122448 0.00990009 0.00791482 0.00629429 0.00499559 0.00395712
 1.0049e-16 3.5487e-05 0.000208286 0.000990111 0.003812 0.0118874 0.0300266 0.0614381 0.10184 0.136765 0.148821 0.131254 0.0939185 0.0547363 0.026423 0.011396 0.00576582 0.00495635 0.00615924 0.00813642 0.0103783 0.0125785 0.0144615 0.0157774 0.016348 0.0161068 0.0151147 0.0135403 0.011616 0.0095834 0.00764477 0.00593551 0.00451868 0.00339783 0.0025387 0.00189103
 1.00459e-16 3.37917e-05 0.00019833 0.000942769 0.00362971 0.0113189 0.0285907 0.0585006 0.0969718 0.130232 0.141723 0.12502 0.0895165 0.0522881 0.0254606 0.0113561 0.00629136 0.0059224 0.00757472 0.0100485 0.0128137 0.0155136 0.0178093 0.0193915 0.0200404 0.0196761 0.0183782 0.0163612 0.013919 0.0113561 0.00892761 0.00680336 0.00506149 0.00370428 0.00268558 0.00193845
 1.01014e-16 2.7931e-05 0.000163913 0.000779125 0.00299961 0.00935393 0.0236275 0.0483462 0.0801438 0.107645 0.117176 0.103446 0.0742427 0.0437167 0.0219413 0.0108984 0.00760682 0.00852161 0.0114387 0.0153137 0.019587 0.0237799 0.0273936 0.0299615 0.0311452 0.0308132 0.0290689 0.0262173 0.022683 0.0189099 0.0152727 0.0120253 0.00929125 0.00708593 0.00535635 0.00401968
 1.0176e-16 2.85352e-05 0.000167464 0.000796021 0.00306467 0.00955686 0.02414 0.0493944 0.0818798 0.109972 0.119696 0.105638 0.0757469 0.0444638 0.0220607 0.01054 0.00683529 0.00731456 0.00973494 0.0130658 0.0168019 0.0205449 0.0238859 0.0264359 0.0279017 0.0281488 0.0272266 0.0253439 0.0228079 0.0199473 0.0170458 0.0143041 0.0118324 0.00966773 0.00780196 0.00620772
 1.02129e-16 2.75885e-05 0.000161905 0.000769587 0.00296289 0.00923946 0.0233383 0.0477542 0.0791616 0.106323 0.11573 0.102153 0.0732793 0.0430783 0.0214902 0.0104622 0.00704044 0.00772131 0.0103368 0.0138804 0.0178409 0.0218004 0.0253251 0.0280033 0.0295271 0.0297595 0.0287602 0.0267583 0.0240856 0.0210934 0.0180809 0.0152546 0.012722 0.0105113 0.00860368 0.00696224
 1.01816e-16 3.10848e-05 0.000182438 0.000867215 0.00333881 0.0104117 0.0262993 0.0538121 0.0892008 0.119798 0.130373 0.115022 0.0823859 0.0481815 0.0235715 0.010705 0.00620865 0.00610176 0.00793678 0.0106168 0.0136527 0.0167044 0.0194386 0.0215419 0.0227782 0.0230397 0.0223664 0.0209256 0.0189627 0.0167384 0.0144756 0.012329 0.0103808 0.00865547 0.00714347 0.00582269
 1.01799e-16 2.84162e-05 0.000166765 0.000792691 0.00305185 0.00951686 0.024039 0.0491879 0.0815379 0.109514 0.119201 0.105211 0.0754608 0.0443361 0.0220715 0.0106671 0.00707453 0.00767885 0.0102422 0.0137257 0.0176047 0.0214549 0.0248397 0.0273483 0.0286784 0.0287033 0.0274975 0.0253076 0.0224834 0.0193916 0.0163417 0.0135438 0.0111016 0.00903299 0.00730424 0.00586154
 1.0215e-16 2.78715e-05 0.000163568 0.000777494 0.00299334 0.0093344 0.0235781 0.0482448 0.0799745 0.107414 0.116915 0.103191 0.0740085 0.0434759 0.0216311 0.0104359 0.00690136 0.00748482 0.00999705 0.0134278 0.017274 0.0211318 0.0245837 0.0272323 0.0287782 0.0290844 0.0282015 0.0263423 0.023819 0.0209642 0.018063 0.0153148 0.0128265 0.0106313 0.00871809 0.00705879
 1.0205e-16 2.97665e-05 0.000174696 0.000830408 0.00319708 0.00996978 0.0251829 0.0515282 0.0854157 0.114717 0.124851 0.110167 0.0789459 0.0462449 0.0227644 0.010576 0.00646344 0.00662519 0.00871988 0.0116872 0.0150342 0.0183977 0.0214133 0.0237363 0.0251074 0.0254078 0.0246812 0.0231113 0.0209669 0.0185339 0.0160564 0.0137033 0.0115642 0.00966536 0.00799635 0.00653331
 1.0199e-16 2.85002e-05 0.000167259 0.000795042 0.00306091 0.00954511 0.0241103 0.0493337 0.0817794 0.109837 0.119551 0.105514 0.0756651 0.0444304 0.0220709 0.0105885 0.00692214 0.00744419 0.00991205 0.0132907 0.0170665 0.0208312 0.0241656 0.0266746 0.0280646 0.0282087 0.0271706 0.0251784 0.0225585 0.0196545 0.0167577 0.0140669 0.0116824 0.00962574 0.00787143 0.00637638
 1.03783e-16 1.64164e-05 9.62983e-05 0.000457649 0.00176179 0.00549381 0.0138773 0.0283978 0.0470835 0.0632654 0.0689338 0.0610151 0.044136 0.0266858 0.0146869 0.00943135 0.00929864 0.0123058 0.0171842 0.0232341 0.0299065 0.036577 0.0425356 0.0470962 0.0497421 0.050239 0.0486789 0.0454354 0.0410532 0.0361112 0.0311043 0.0263756 0.0221066 0.0183499 0.0150808 0.0122459
pSPR Fmed_Fpbrs
0.583066   0.393951 0.393951
Fs Fmed_Fpbrs
0.452349   1.005 1.005
SSBpbr Bo_Bmed_Bpbrs
1.0226e+06  545112  351723 351723
Ro
41772.8
SPR SPRFo_SPRFmed_SPRFpbrs
860917 501972 339159
log_Ro
10.46
likeval ReclasPelacesDesembMPH_pf_preclas_ppelaces_ptallas_desvR_qrecl_qpela
 60.6632 17.994 0.0115806 0.000222623 282.97 192.185 69.3997 0 15.7032 2.71371e-05 4.45721e-05 0 0 0 0
q_reclas_q_pelaces
0.477982 2.58526
M
0.7
N
 43309.5 11686 3833.15 446.845 0.274346
 52577.2 19412.4 3220.33 868.137 99.8552
 31782.5 23999.1 5939.18 838.443 249.122
 47741.9 13889.9 5718.59 1108.12 199.358
 80269.6 23144.2 6006.49 2361.56 538.148
 58081.1 39682.8 11201.3 2882.23 1390.57
 94939.1 27602.9 15309.5 3972.87 1506.24
 89076.8 45881.2 11724.6 6173.08 2200.97
 110280 41850.5 16571.1 3808.48 2699.3
 120242 51392.6 14424.4 5057.27 1968.52
 66095.9 56776.4 19103.4 4868.64 2354.87
 43708.2 29681.1 15814.2 4388.69 1636.41
 43663 19834.3 8780.21 3936.65 1481.21
 23751.4 18765.7 4293.17 1441.21 871.656
 15459.2 8879.04 1822.03 242.017 125.318
 15616.2 5580.38 704.993 78.5498 15.1483
 12197.5 6803.07 1305.58 128.363 16.7549
 13941.8 5525.67 1992.84 320.782 35.2078
 15558.8 6516.94 1938.17 622.559 110.289
 26049.7 7355.65 2439.66 660.389 248.016
 33364.3 12312.1 2749.44 829.571 306.779
 43958.4 16178.5 5332.27 1137.71 468.668
 69308.8 21204 6798.47 2119.45 635.927
 90520.2 33252.8 8638.89 2593.08 1045.96
 40177.4 43465.2 13611.8 3315.85 1390.27
pred_Ctot
 3051.17 3868.02 1567.45 184.997 0.113656
 3070.57 5509.96 1142.88 312.188 35.9337
 2761.46 9358.8 2816.81 402.173 119.567
 817.532 1300.76 699.956 137.86 24.8235
 257.723 423.136 145.847 58.3497 13.309
 1799.4 6460.14 2346.92 613.136 296.054
 1833.69 2897.19 2095.05 552.502 209.65
 3463.16 9163.62 2988.19 1596.43 569.638
 4900.06 9402.6 4722.91 1100.96 780.906
 4261.76 9449.81 3397.07 1208.85 470.912
 4575.62 18529.8 7711.7 1990 963.158
 2723.1 8888.97 5898.49 1658.21 618.721
 4259.37 8432.63 4496.03 2037.4 767.024
 4291.85 11857.8 3065.05 1035.69 626.612
 3092.25 5915.36 1355.3 181.075 93.7907
 1388.77 2214.81 339.658 38.2697 7.38465
 773.733 2067.82 493.677 49.1648 6.42173
 590.539 1190.5 545.86 89.1344 9.79051
 538.259 1172.48 447.027 145.748 25.8405
 905.958 1329.68 565.26 155.308 58.3736
 565.133 1141.1 333.13 102.165 37.8137
 906.757 1806.68 775.219 168.072 69.2943
 1690.47 2769.6 1151.21 364.577 109.48
 2155.95 4248.32 1431.76 436.585 176.251
 803.693 4715.48 1923.87 476.241 199.848
F
 0.102458 0.58891 0.785093 0.799104 0.799856
 0.0842654 0.484343 0.645693 0.657216 0.657834
 0.127752 0.734294 0.97891 0.99638 0.997316
 0.0240651 0.138322 0.184402 0.187692 0.187869
 0.00447334 0.025712 0.0342775 0.0348892 0.034922
 0.0439201 0.252445 0.336542 0.342548 0.342871
 0.0271806 0.15623 0.208274 0.211991 0.212191
 0.0553939 0.318395 0.424462 0.432037 0.432443
 0.0635336 0.36518 0.486833 0.495521 0.495987
 0.0503888 0.289626 0.386109 0.393 0.393369
 0.100597 0.578216 0.770837 0.784593 0.785331
 0.0901226 0.518009 0.690574 0.702898 0.703559
 0.14447 0.830389 1.10702 1.12677 1.12783
 0.283947 1.63208 2.17577 2.2146 2.21668
 0.318948 1.83326 2.44398 2.48759 2.48993
 0.130938 0.75261 1.00333 1.02123 1.02219
 0.0918281 0.527812 0.703642 0.7162 0.716873
 0.0604857 0.347661 0.463478 0.471749 0.472193
 0.0491568 0.282545 0.37667 0.383392 0.383752
 0.0494225 0.284072 0.378705 0.385464 0.385826
 0.0238013 0.136806 0.18238 0.185635 0.185809
 0.0290526 0.166989 0.222618 0.226591 0.226804
 0.0344335 0.197918 0.263851 0.268559 0.268812
 0.0336123 0.193198 0.257558 0.262155 0.262401
 0.0281627 0.161875 0.2158 0.219651 0.219858
nmprior
 10 11 7 0
nm_flota  nm_reclas  nm_pelaces    nm_pelaL
inf 16.5692 17.1115 30.1958
cv_recla  cv_pelaces  cv_mph
0.70451 0.499146 0.484087
 ------------------------------------------------
Talla a la edad & desviación 
 7.2 14.2025 17.0495 18.207 18.6776
 1.08 2.13037 2.55742 2.73105 2.80164
