years
 1997 1998 1999 2000 2001 2002 2003 2004 2005 2006 2007 2008 2009 2010 2011 2012 2013 2014 2015 2016 2017 2018 2019 2020 2021
reclasobs
 0 0 0 370054 412103 1.49427e+06 250295 1.28982e+06 931140 785840 897777 1.04006e+06 184774 17550 25797 100020 73551 82996 120727 218422 84188 347160 605670 569463 516374
reclaspred
 3.43659e+06 422973 605057 177842 230334 298926 542778 458241 704981 1.14636e+06 1.26655e+06 820886 443644 199634 128663 118618 125725 158186 146013 199387 380205 377551 533756 434503 287013
pelacesobs
 0 0 0 0 0 0 0 0 0 2.06254e+06 1.5e+06 0 1.87456e+06 323000 250000 174000 83755 137374 0 501740 490994 745055 786931 1.00524e+06 0
pelacespred
 1.47991e+06 591597 189025 130519 133344 123376 284588 260853 388832 662991 651829 436196 238441 85202 53650 56384.8 62356.4 78680.8 75966.9 100195 210601 221626 238063 229324 142106
mphobs
 0 0 0 0 0 112323 0 153150 637223 0 255016 313432 73983 77613 109348 50772 0 0 0 0 0 0 0 0 0
mphpred
 2.45167e+06 1.05936e+06 464624 244816 130463 299590 321877 453388 498912 801268 1.26986e+06 893859 492687 263824 120093 102205 103594 126163 138446 134430 260803 362897 400556 420218 349496
desembarqueobs
 350755 77701 442110 56441 14545 235359 269955 359681 431902 328805 639364 411747 362871 311530 167758 66681 60226 58785 57116 71774 51957 67425 138520 160799 200461
desembarquepred
 350737 77681.9 441672 56420.7 14543.7 235154 269804 359205 431499 328585 638613 411327 362264 310978 167453 66638.5 60200.6 58747.3 57070.9 71716.4 51942.4 67387.6 138427 160693 200416
Reclutas
 7118.07 9377.64 1687.91 5055.81 51103.5 16547.8 56781.7 67184.4 119327 205774 60797.8 23315.4 50535.8 27855.4 19555.2 14356.6 11279.5 11254.2 8724.9 28108.2 37620.5 33010.4 38937.7 24605 541.522
log_desv_Rt
 -1.04961 -0.773917 -2.48876 -1.39171 0.921608 -0.20599 1.02697 1.1952 1.76962 2.31454 1.09531 0.136869 0.910437 0.314781 -0.0390051 -0.348035 -0.589254 -0.591502 -0.846064 0.323817 0.615305 0.484577 0.649719 0.190706 -3.62562
SSB
 2.45167e+06 1.05936e+06 464624 244816 130463 299590 321877 453388 498912 801268 1.26986e+06 893859 492687 263824 120093 102205 103594 126163 138446 134430 260803 362897 400556 420218 349496
BT
 2.9804e+06 1.23378e+06 600577 313360 382837 419204 1.05637e+06 1.02779e+06 1.49882e+06 2.06091e+06 1.89599e+06 1.21976e+06 900733 482735 277482 181542 194901 226403 204441 314769 565939 503283 584534 599716 436063
Ftot
 0.0993962 0.177925 0.675721 0.304557 0.0617138 0.726489 0.474317 0.732717 0.58051 0.276988 0.477555 0.474154 0.75639 1.34602 1.16321 0.531226 0.45585 0.35601 0.373652 0.345929 0.132952 0.173121 0.250202 0.353972 0.648166
BD_Bspro_t
 0.984304 0.881632 0.69239 0.384565 0.407211 0.668554 0.495015 0.524044 0.498853 0.557442 0.629525 0.468077 0.336208 0.245018 0.145476 0.14908 0.19844 0.297501 0.371279 0.426532 0.610524 0.733801 0.721615 0.665262 0.534955
BD_Bspro
 5.8505 2.52799 1.10875 0.584213 0.311329 0.714921 0.768105 1.08193 1.19057 1.91209 3.03032 2.13304 1.17571 0.629572 0.286581 0.243896 0.247209 0.301067 0.330377 0.320796 0.622363 0.865993 0.95586 1.00278 0.834012
BD_Bo
 2.33763 1.01009 0.443012 0.233429 0.124395 0.285655 0.306905 0.432298 0.475705 0.763997 1.2108 0.852282 0.46977 0.251553 0.114507 0.0974514 0.098775 0.120295 0.132006 0.128177 0.248672 0.346017 0.381924 0.400671 0.333239
BD_Brms
 11.4205 4.93479 2.16434 1.14042 0.607732 1.39557 1.49938 2.112 2.32406 3.73251 5.91536 4.16383 2.29506 1.22896 0.559424 0.476099 0.482566 0.587701 0.644916 0.626212 1.21489 1.69047 1.86589 1.95748 1.62804
S_f
 0.5 1 1 1 1
 0.5 1 1 1 1
 0.5 1 1 1 1
 0.5 1 1 1 1
 0.5 1 1 1 1
 0.5 1 1 1 1
 0.5 1 1 1 1
 0.5 1 1 1 1
 0.5 1 1 1 1
 0.5 1 1 1 1
 0.5 1 1 1 1
 0.5 1 1 1 1
 0.5 1 1 1 1
 0.5 1 1 1 1
 0.5 1 1 1 1
 0.5 1 1 1 1
 0.5 1 1 1 1
 0.5 1 1 1 1
 0.5 1 1 1 1
 0.5 1 1 1 1
 0.5 1 1 1 1
 0.5 1 1 1 1
 0.5 1 1 1 1
 0.5 1 1 1 1
 0.5 1 1 1 1
Scru_reclas
 0.5 1 1 1 1
 0.5 1 1 1 1
 0.5 1 1 1 1
 0.5 1 1 1 1
 0.5 1 1 1 1
 0.5 1 1 1 1
 0.5 1 1 1 1
 0.5 1 1 1 1
 0.5 1 1 1 1
 0.5 1 1 1 1
 0.5 1 1 1 1
 0.5 1 1 1 1
 0.5 1 1 1 1
 0.5 1 1 1 1
 0.5 1 1 1 1
 0.5 1 1 1 1
 0.5 1 1 1 1
 0.5 1 1 1 1
 0.5 1 1 1 1
 0.5 1 1 1 1
 0.5 1 1 1 1
 0.5 1 1 1 1
 0.5 1 1 1 1
 0.5 1 1 1 1
 0.5 1 1 1 1
Scru_pelaces
 0.5 1 1 1 1
 0.5 1 1 1 1
 0.5 1 1 1 1
 0.5 1 1 1 1
 0.5 1 1 1 1
 0.5 1 1 1 1
 0.5 1 1 1 1
 0.5 1 1 1 1
 0.5 1 1 1 1
 0.5 1 1 1 1
 0.5 1 1 1 1
 0.5 1 1 1 1
 0.5 1 1 1 1
 0.5 1 1 1 1
 0.5 1 1 1 1
 0.5 1 1 1 1
 0.5 1 1 1 1
 0.5 1 1 1 1
 0.5 1 1 1 1
 0.5 1 1 1 1
 0.5 1 1 1 1
 0.5 1 1 1 1
 0.5 1 1 1 1
 0.5 1 1 1 1
 0.5 1 1 1 1
pf_obs 
 0.256992 0.487395 0.22802 0.0275931 0
 0.321318 0.546541 0.124235 0.00734118 0.000564706
 0.182869 0.594174 0.210203 0.0122559 0.00049798
 0.330522 0.361315 0.267642 0.0388342 0.00168674
 0.649043 0.306663 0.0425973 0.00169635 0
 0.582887 0.30429 0.105238 0.00758474 0
 0.465427 0.430635 0.0974691 0.00646863 0
 0.296916 0.608066 0.0921331 0.00288517 0
 0.311714 0.524322 0.152257 0.0117073 0
 0.15457 0.633149 0.183074 0.0267441 0.00246327
 0.131901 0.49318 0.331252 0.0422183 0.00144891
 0.196976 0.569456 0.194076 0.0375587 0.00193317
 0.518974 0.381816 0.0799577 0.0180837 0.00116848
 0.0928022 0.601141 0.25162 0.0475244 0.00691264
 0.122501 0.610282 0.24278 0.0234846 0.000952079
 0.383417 0.481906 0.127806 0.00687128 0
 0.0376549 0.599619 0.316969 0.0457579 0
 0.0361596 0.667082 0.258105 0.0386534 0
 0.158088 0.579412 0.248529 0.0139706 0
 0.0477256 0.309471 0.559284 0.082774 0.000745712
 0.0406174 0.521527 0.379366 0.0568643 0.0016247
 0.151134 0.462217 0.34131 0.0453401 0
 0.294876 0.26143 0.354403 0.0886775 0.000613685
 0.281977 0.475581 0.204845 0.0348837 0.00271318
 0 0 0 0 0
pf_pred 
 0.036511 0.620787 0.302263 0.0404386 1.34753e-06
 0.0948148 0.0654515 0.54105 0.263438 0.0352456
 0.0393586 0.173465 0.0569186 0.470513 0.259745
 0.29133 0.0645971 0.116301 0.0381617 0.48961
 0.85035 0.070787 0.00718854 0.0129423 0.0587318
 0.263485 0.677891 0.0277306 0.00281609 0.0280781
 0.720731 0.131514 0.135994 0.00556312 0.00619779
 0.599276 0.342913 0.0272244 0.0281518 0.0024346
 0.695989 0.239714 0.0550205 0.00436816 0.00490759
 0.675272 0.27429 0.0397712 0.00912848 0.00153895
 0.235828 0.62532 0.117285 0.0170059 0.00456133
 0.183363 0.339072 0.39079 0.0732963 0.0134783
 0.522494 0.162537 0.130777 0.150724 0.0334681
 0.431499 0.416853 0.0516192 0.0415326 0.0584963
 0.546477 0.317274 0.0999046 0.0123712 0.0239733
 0.533708 0.361928 0.0730112 0.0229901 0.00836362
 0.452248 0.398799 0.115615 0.0233229 0.0100157
 0.470575 0.346038 0.133517 0.0387078 0.0111617
 0.400903 0.397435 0.131808 0.0508576 0.0189957
 0.715726 0.170183 0.0756869 0.0251014 0.0133028
 0.582956 0.353524 0.0380264 0.0169118 0.00858118
 0.421638 0.430172 0.125619 0.0135121 0.00905853
 0.4525 0.331231 0.160856 0.0469733 0.00843991
 0.331973 0.427367 0.145596 0.070706 0.0243575
 0.0155526 0.515928 0.299733 0.102114 0.0666727
pobs_RECLAS
 0 0 0 0 0
 0 0 0 0 0
 0 0 0 0 0
 0 0 0 0 0
 0.835266 0.146461 0.0176864 0.000547809 3.91292e-05
 0.385257 0.428462 0.181853 0.0044286 0
 0.867414 0.0963971 0.0333333 0.00285562 0
 0.441836 0.489002 0.0689373 0.000224442 0
 0.779404 0.147425 0.0564933 0.0165055 0.000172143
 0.814271 0.122319 0.05973 0.00367925 0
 0.40263 0.566651 0.0304383 0.000280538 0
 0.475488 0.404961 0.113038 0.00651328 0
 0.955842 0.0263864 0.0167828 0.000988607 0
 0.975058 0.0227948 0.00214734 0 0
 0.738997 0.206755 0.0527124 0.00153531 0
 0.850938 0.134255 0.0134407 0.00136685 0
 0.542534 0.407297 0.0501686 0 0
 0.764087 0.199537 0.0359546 0.000420521 0
 0.470689 0.182191 0.310203 0.0369168 0
 0.84361 0.089868 0.0606195 0.00523954 0.000663233
 0.607945 0.314616 0.071237 0.00620181 0
 0.523733 0.453247 0.0230204 0 0
 0.530135 0.295979 0.169645 0.0042399 0
 0.562478 0.366248 0.0663022 0.0049721 0
 0.250443 0.683176 0.0655157 0.000865301 0
ppred_RECLAS
 0.0366229 0.620714 0.302227 0.0404339 1.34737e-06
 0.0953403 0.0654135 0.540736 0.263285 0.0352252
 0.040632 0.173235 0.0568432 0.46989 0.2594
 0.293733 0.064378 0.115907 0.0380323 0.487949
 0.850592 0.0706726 0.00717692 0.0129214 0.0586369
 0.270673 0.671274 0.0274599 0.0027886 0.0278041
 0.724835 0.129581 0.133995 0.00548137 0.00610671
 0.608169 0.335303 0.0266203 0.0275271 0.00238057
 0.701647 0.235253 0.0539965 0.00428687 0.00481626
 0.677534 0.272379 0.0394941 0.00906489 0.00152823
 0.239573 0.622255 0.11671 0.0169226 0.00453898
 0.186449 0.337791 0.389313 0.0730193 0.0134274
 0.532187 0.159238 0.128122 0.147664 0.0327887
 0.454037 0.400327 0.0495727 0.039886 0.0561772
 0.564538 0.304639 0.0959259 0.0118786 0.0230186
 0.539633 0.357328 0.0720833 0.0226979 0.00825733
 0.457067 0.39529 0.114598 0.0231177 0.0099276
 0.474096 0.343737 0.132629 0.0384504 0.0110875
 0.404516 0.395038 0.131014 0.0505509 0.0188811
 0.718489 0.168529 0.0749513 0.0248574 0.0131735
 0.584022 0.352621 0.0379293 0.0168686 0.00855926
 0.423082 0.429098 0.125306 0.0134784 0.00903592
 0.454764 0.329861 0.160191 0.0467791 0.00840501
 0.33509 0.425373 0.144917 0.0703761 0.0242439
 0.0160391 0.515673 0.299585 0.102063 0.0666397
pobs_PELACES
 0 0 0 0 0
 0 0 0 0 0
 0 0 0 0 0
 0 0 0 0 0
 0 0 0 0 0
 0 0 0 0 0
 0 0 0 0 0
 0 0 0 0 0
 0 0 0 0 0
 0 0 0 0 0
 0.450072 0.473896 0.0757376 0.000293798 0
 0 0 0 0 0
 0.463077 0.371075 0.160297 0.00555027 0
 0.529543 0.364841 0.0842815 0.0213345 0
 0.631943 0.363953 0.00410389 0 0
 0.735681 0.248677 0.0153453 0.000297389 0
 0.695825 0.281241 0.0229344 0 0
 0.275771 0.60734 0.115278 0.00161068 0
 0 0 0 0 0
 0.896147 0.0623911 0.0374545 0.00400742 0
 0.803859 0.145111 0.0509908 3.86294e-05 0
 0.739449 0.233085 0.0266225 0.000797448 4.60066e-05
 0.878498 0.100942 0.0204185 0.000141795 0
 0.694673 0.275183 0.0284847 0.00165964 0
 0 0 0 0 0
ppred_PELACES
 0.0372059 0.620339 0.302045 0.0404094 1.34656e-06
 0.0979027 0.0652282 0.539204 0.26254 0.0351254
 0.0452077 0.172409 0.056572 0.467648 0.258163
 0.304265 0.063418 0.114179 0.0374652 0.480673
 0.851882 0.0700627 0.00711498 0.0128099 0.0581309
 0.294976 0.648906 0.0265449 0.00269568 0.0268776
 0.740167 0.122361 0.126529 0.00517595 0.00576645
 0.636573 0.310997 0.0246906 0.0255316 0.002208
 0.721304 0.219754 0.050439 0.00400444 0.00449895
 0.687437 0.264014 0.0382812 0.0087865 0.00148129
 0.254221 0.610269 0.114462 0.0165966 0.00445154
 0.198608 0.332743 0.383495 0.071928 0.0132267
 0.563095 0.148717 0.119657 0.137908 0.0306224
 0.509429 0.359711 0.0445432 0.0358393 0.0504776
 0.611003 0.272133 0.0856904 0.0106111 0.0205624
 0.561319 0.340496 0.0686878 0.0216287 0.00786836
 0.475783 0.381663 0.110647 0.0223208 0.00958536
 0.48876 0.334153 0.128931 0.0373783 0.0107783
 0.41945 0.385131 0.127728 0.0492832 0.0184076
 0.729888 0.161705 0.0719162 0.0238509 0.01264
 0.589341 0.348112 0.0374442 0.0166529 0.00844981
 0.430069 0.423901 0.123788 0.0133151 0.00892648
 0.465018 0.323658 0.157178 0.0458993 0.00824694
 0.348226 0.416969 0.142054 0.0689858 0.0237649
 0.0178173 0.514741 0.299044 0.101879 0.0665193
pobs_pel_tallas
 0 0 0 0 0 0 0 0 0 0 0 0 0 0 0 0 0 0 0 0 0 0 0 0 0 0 0 0 0 0 0 0 0 0 0 0
 0 0 0 0 0 0 0 0 0 0 0 0 0 0 0 0 0 0 0 0 0 0 0 0 0 0 0 0 0 0 0 0 0 0 0 0
 0 0 0 0 0 0 0 0 0 0 0 0 0 0 0 0 0 0 0 0 0 0 0 0 0 0 0 0 0 0 0 0 0 0 0 0
 0 0 0 0 0 0 0 0 0 0 0 0 0 0 0 0 0 0 0 0 0 0 0 0 0 0 0 0 0 0 0 0 0 0 0 0
 0 0 0 0 0 0 0 0 0 0 0 0 0 0 0 0 0 0 0 0 0 0 0 0 0 0 0 0 0 0 0 0 0 0 0 0
 0 0 0 0 0 0 0 0 0 0 0 0 0 0 0 0 0 0 0 0 0 0 0 0 0 0 0 0 0 0 0 0 0 0 0 0
 0 0 0 0 0 0 0 0 0 0 0 0 0 0 0 0 0 0 0 0 0 0 0 0 0 0 0 0 0 0 0 0 0 0 0 0
 0 0 0 0 0 0 0 0 0 0 0 0 0 0 0 0 0 0 0 0 0 0 0 0 0 0 0 0 0 0 0 0 0 0 0 0
 0 0 0 0 0 0 0 0 0 0 0 0 0 0 0 0 0 0 0 0 0 0 0 0 0 0 0 0 0 0 0 0 0 0 0 0
 0 0 0 0 0 0 0 0 0 0 0 0 0 0 0 0 0 0 0 0 0 0 0 0 0 0 0 0 0 0 0 0 0 0 0 0
 0 0 0 0 0 0 0 0 1.78061e-05 0.00172719 0.00360574 0.0105946 0.0120993 0.0124554 0.0147524 0.0171206 0.0266825 0.0428682 0.0675386 0.121331 0.153587 0.119568 0.100827 0.0573624 0.0630603 0.0341343 0.0324427 0.0444173 0.0211091 0.0280891 0.0125444 0.00206551 0 0 0 0
 0 0 0 0 0 0 0 0 0 0 0 0 0 0 0 0 0 0 0 0 0 0 0 0 0 0 0 0 0 0 0 0 0 0 0 0
 0 0 0 0 0 0 0.0133647 0.0140871 0.0187388 0.0205184 0.03894 0.0496705 0.03968 0.0493445 0.0407372 0.0367815 0.0215668 0.0243155 0.0234873 0.0199281 0.019796 0.0243948 0.0301388 0.0376714 0.0412746 0.0863199 0.0771752 0.113111 0.0741005 0.0525337 0.0229764 0.00759418 0.00175318 0 0 0
 0 0 0 0 0 0 0 0 0 0 0.00219441 0.00772107 0.0458388 0.0604681 0.0671733 0.0775358 0.0609151 0.0617685 0.073594 0.0568108 0.0755445 0.0548602 0.0670107 0.0636378 0.0643287 0.046367 0.0373049 0.0286899 0.0247887 0.0153202 0.00654259 0.00121912 0.000365735 0 0 0
 0 0 0 0 0 0 0 0 0 0 0 0 0.000112435 0.00938835 0.0111873 0.0202946 0.0414886 0.0713402 0.111592 0.104902 0.108894 0.110636 0.117776 0.105296 0.107544 0.0401394 0.0192827 0.0124803 0.00416011 0.0028671 0.000618394 0 0 0 0 0
 0 0 0 0 0 0 0 0 0 0 0.00291406 0.0102884 0.027416 0.0768956 0.0749926 0.110853 0.0956884 0.0897413 0.0766577 0.0534642 0.0500743 0.0551293 0.0594112 0.0620874 0.0668451 0.0424026 0.0208742 0.0120726 0.0048766 0.00582813 0.00118941 0.000297354 0 0 0 0
 0 0.00264628 0.0354308 0.0461629 0.0458689 0.0383711 0.0214643 0.0164657 0.0346957 0.0420465 0.0363128 0.0245516 0.0311673 0.0291091 0.0169068 0.0133784 0.00837989 0.0085269 0.0148486 0.0160247 0.0276389 0.0546898 0.0760071 0.122758 0.109233 0.0665981 0.0333725 0.0166128 0.00676272 0.00308733 0.000882094 0 0 0 0 0
 0 0 0 0 0 0 0 0.000805153 0.000690131 0.00759144 0.0133425 0.0154129 0.00931677 0.000345066 0.00356568 0.00563607 0.00851162 0.0253048 0.0502646 0.0516448 0.0657925 0.0565908 0.0611916 0.0827007 0.0866115 0.110766 0.145733 0.0935128 0.0569358 0.0249597 0.0138026 0.00621118 0.00161031 0.00115022 0 0
 0 0 0 0 0 0 0 0 0 0 0 0 0 0 0 0 0 0 0 0 0 0 0 0 0 0 0 0 0 0 0 0 0 0 0 0
 0.00147267 0.00158595 0.00478618 0.00569244 0.00954404 0.0108468 0.00647125 0.017049 0.0510054 0.094081 0.124002 0.0959785 0.0687766 0.0820023 0.061753 0.0591476 0.0492212 0.0479892 0.0443925 0.0268479 0.0217502 0.0140895 0.0121071 0.0120363 0.00920419 0.00665534 0.0049561 0.00860946 0.00930331 0.0156896 0.0114698 0.00855282 0.00243557 0.00046729 0 2.83206e-05
 0 0 0 0 0.000772559 0.00158375 0.000888443 0.00281984 0.00712685 0.0440552 0.0773331 0.111326 0.0921469 0.0852325 0.0710754 0.0886704 0.0786465 0.0553345 0.0373146 0.0185414 0.00753245 0.00457741 0.012979 0.0271748 0.0457355 0.0583668 0.034881 0.0177882 0.00938659 0.00492506 0.0015258 0.00185414 0.000309023 5.79419e-05 3.86279e-05 0
 0 0.00173294 0.00326652 0 0.00397197 0.00683976 0.00946217 0.0152591 0.00757587 0.0136028 0.0228656 0.0392903 0.0559909 0.0764795 0.0681675 0.0726916 0.0566044 0.0477403 0.0527397 0.0444891 0.0609904 0.0582453 0.0661739 0.0445044 0.0529084 0.0360697 0.0280645 0.0235558 0.0158879 0.00826598 0.00280645 0.00217768 0.000904811 0.00058276 9.20147e-05 0
 0 0 0 0 0 0 0 0 0 0 0 0 0 0 0 0 0 0 0 0 0 0 0 0 0 0 0 0 0 0 0 0 0 0 0 0
 0 0 0 0 0 0 0 0 0 0 0 0 0 0 0 0 0 0 0 0 0 0 0 0 0 0 0 0 0 0 0 0 0 0 0 0
 0 0 0 0 0 0 0 0 0 0 0 0 0 0 0 0 0 0 0 0 0 0 0 0 0 0 0 0 0 0 0 0 0 0 0 0
ppred_pel_tallas
 1.05879e-16 1.66086e-06 9.65328e-06 4.569e-05 0.000175579 0.000547226 0.00138293 0.00283473 0.00471817 0.00639477 0.00711283 0.00664062 0.00555402 0.00485878 0.00538697 0.00754809 0.0114673 0.0171673 0.024584 0.0334664 0.0432867 0.0532385 0.0623401 0.0696151 0.0742977 0.0759926 0.0747418 0.070973 0.0653605 0.0586485 0.0514993 0.0444043 0.0376693 0.03145 0.0258107 0.020775
 1.18338e-16 4.28528e-06 2.51114e-05 0.000119291 0.000459152 0.00143167 0.00361631 0.00740033 0.0122705 0.0164903 0.0179749 0.0159272 0.0115606 0.00707522 0.00406718 0.00291987 0.00328694 0.00476619 0.00718576 0.010563 0.0149781 0.0204805 0.0270359 0.0344966 0.0425884 0.0509118 0.0589627 0.0661727 0.071968 0.0758426 0.0774313 0.0765692 0.0733242 0.0679892 0.0610405 0.0530644
 1.28991e-16 1.98988e-06 1.16305e-05 5.51908e-05 0.00021233 0.000661964 0.00167221 0.00342313 0.00568046 0.00764777 0.00837266 0.0075053 0.00563537 0.0038231 0.00286571 0.00301401 0.00418696 0.00626827 0.00922016 0.0130478 0.0177334 0.0232007 0.0293142 0.0358989 0.0427651 0.0497213 0.0565697 0.0630855 0.0689944 0.0739635 0.0776209 0.0796051 0.0796335 0.0775677 0.0734599 0.0675601
 1.25389e-16 1.32818e-05 7.79335e-05 0.000370424 0.00142609 0.00444706 0.0112329 0.0229841 0.0380997 0.0511697 0.0556904 0.0491413 0.0352178 0.020639 0.0101861 0.00480079 0.0030821 0.00339185 0.00477429 0.00688016 0.009645 0.0130799 0.0171875 0.0219364 0.0272522 0.0330093 0.0390231 0.0450424 0.0507525 0.0557906 0.0597799 0.0623765 0.0633227 0.0624915 0.0599122 0.0557732
 1.03281e-16 3.71614e-05 0.000218125 0.00103691 0.00399221 0.0124494 0.031446 0.0643417 0.10665 0.143216 0.155817 0.137369 0.0981736 0.0569732 0.027049 0.0108913 0.00438775 0.00272197 0.00296048 0.00385993 0.00499207 0.00618733 0.00733134 0.00832608 0.00909924 0.00961767 0.00989111 0.00996283 0.0098914 0.00972999 0.00951111 0.00924126 0.00890586 0.00848091 0.00794618 0.00729562
 1.01937e-16 1.29013e-05 7.56435e-05 0.000359413 0.00138349 0.00431405 0.0108976 0.0223025 0.0369862 0.0497238 0.0542472 0.0481778 0.0352024 0.0219866 0.0133634 0.0104684 0.0121425 0.0168965 0.0237111 0.0318818 0.0406742 0.0491697 0.056326 0.0611659 0.0630009 0.0615989 0.0572428 0.0506487 0.0427835 0.0346374 0.0270287 0.0204878 0.0152383 0.0112524 0.0083446 0.00626701
 1.02284e-16 3.22927e-05 0.000189536 0.000900975 0.00346882 0.0108172 0.0273233 0.0559068 0.0926706 0.124451 0.135418 0.119426 0.0854415 0.0497688 0.0239777 0.0102685 0.00510737 0.00434418 0.00544924 0.00733511 0.00958825 0.0119842 0.0143178 0.0163847 0.0180087 0.0190713 0.0195272 0.0194003 0.0187647 0.017719 0.0163647 0.0147935 0.0130855 0.0113126 0.00954222 0.0078388
 1.01433e-16 2.77828e-05 0.000163042 0.000774986 0.00298367 0.00930422 0.0235019 0.0480893 0.0797182 0.107074 0.116556 0.102903 0.073861 0.0435086 0.0218672 0.0109107 0.00767542 0.00863559 0.0115964 0.0155133 0.0198204 0.0240307 0.0276375 0.0301703 0.0312933 0.0308841 0.0290621 0.0261506 0.0225914 0.0188393 0.015271 0.0121325 0.00953128 0.0074626 0.0058534 0.00460495
 1.01136e-16 3.14739e-05 0.00018472 0.000878063 0.00338057 0.010542 0.0266283 0.0544854 0.0903171 0.121298 0.132009 0.116471 0.0834394 0.0488274 0.0239425 0.0109647 0.00648161 0.00646288 0.00842498 0.0112449 0.0144074 0.0175427 0.0202865 0.0222995 0.0233321 0.0232803 0.0222066 0.020317 0.0179038 0.0152746 0.0126911 0.010333 0.00829133 0.00658461 0.00518586 0.00404877
 1.01001e-16 2.99989e-05 0.000176057 0.000836868 0.00322194 0.0100473 0.0253788 0.0519292 0.0860815 0.115614 0.125836 0.111055 0.0796248 0.0467273 0.0231584 0.0110187 0.00707767 0.00750766 0.00993917 0.0132755 0.0169721 0.0206 0.0237242 0.0259408 0.0269582 0.0266643 0.0251517 0.0226868 0.0196396 0.0163947 0.0132755 0.0104991 0.00816805 0.00629151 0.00481951 0.00367755
 1.02602e-16 1.11229e-05 6.52056e-05 0.000309797 0.00119246 0.00371835 0.00939288 0.0192235 0.0318819 0.0428671 0.0467815 0.0415823 0.0304591 0.0191749 0.0119204 0.00970561 0.0115661 0.0162497 0.0228974 0.0309009 0.039599 0.0481428 0.0555535 0.0608964 0.0634882 0.0630549 0.0597909 0.0542908 0.0473891 0.0399595 0.0327411 0.0262363 0.0206922 0.0161462 0.012504 0.00961497
 1.08642e-16 8.68724e-06 5.09304e-05 0.000241984 0.000931458 0.00290448 0.00733679 0.0150146 0.0248984 0.0334681 0.0364998 0.0323858 0.023599 0.0146162 0.00868054 0.00655326 0.00746891 0.0104726 0.0149723 0.020642 0.0271828 0.0341923 0.0411592 0.0475327 0.0528179 0.0566584 0.0588786 0.0594766 0.0585793 0.0563829 0.0531037 0.0489536 0.0441405 0.0388778 0.0333933 0.0279245
 1.07917e-16 2.45723e-05 0.000144209 0.000685481 0.0026391 0.00822976 0.0207877 0.0425347 0.0705072 0.0946927 0.103054 0.0909227 0.0651339 0.0381119 0.0186868 0.00856807 0.00510749 0.00518631 0.00690905 0.00945931 0.0125093 0.0158497 0.0192663 0.0225352 0.0254552 0.0278774 0.0297193 0.0309553 0.0315953 0.0316591 0.0311609 0.0301086 0.0285169 0.0264241 0.0239057 0.0210768
 1.0434e-16 2.22407e-05 0.000130501 0.00062027 0.00238795 0.00744651 0.0188096 0.0384888 0.0638068 0.085713 0.0933314 0.0824645 0.059335 0.0352423 0.0182513 0.00999547 0.0081578 0.009959 0.0136555 0.0183788 0.0235898 0.028763 0.0333287 0.0367491 0.0386333 0.0388263 0.0374398 0.03481 0.0314009 0.027687 0.0240543 0.0207457 0.0178581 0.0153762 0.0132247 0.0113164
 1.02631e-16 2.66664e-05 0.000156491 0.000743849 0.00286379 0.00893041 0.0225577 0.046157 0.0765145 0.102769 0.111866 0.0987513 0.0708586 0.0416953 0.0208749 0.0102872 0.0070855 0.00789026 0.0106095 0.014268 0.0183624 0.0224724 0.0261573 0.028997 0.0306748 0.0310459 0.0301638 0.0282532 0.0256431 0.0226827 0.0196705 0.0168128 0.0142182 0.0119178 0.00989701 0.00812497
 1.02197e-16 2.45027e-05 0.000143782 0.000683415 0.00263108 0.0082047 0.0207247 0.0424071 0.0703009 0.0944315 0.102811 0.0908085 0.0652688 0.0386264 0.0197461 0.0104022 0.00801634 0.00950724 0.0129497 0.0174052 0.0223236 0.0271919 0.0314595 0.0346053 0.0362462 0.0362239 0.0346371 0.0318039 0.0281737 0.0242167 0.0203291 0.0167789 0.0136967 0.0111029 0.00895047 0.00716668
 1.0291e-16 2.07747e-05 0.000121892 0.000579335 0.00223034 0.00695497 0.017568 0.0359487 0.0595973 0.080063 0.0871914 0.0770683 0.0555156 0.0331011 0.0173773 0.00989439 0.00851368 0.01066 0.014713 0.0198493 0.0255275 0.0311939 0.036235 0.0400619 0.0422324 0.042549 0.0410961 0.0382011 0.0343397 0.0300166 0.0256636 0.0215803 0.0179248 0.0147413 0.0120049 0.00966352
 1.03728e-16 2.13387e-05 0.000125207 0.000595105 0.00229107 0.00714438 0.0180464 0.0369271 0.0612178 0.0822349 0.0895437 0.0791166 0.0569239 0.0338064 0.0175029 0.00958286 0.00782888 0.0095841 0.0131906 0.0178353 0.0230238 0.0282732 0.0330498 0.0368349 0.0392294 0.0400374 0.0393 0.0372642 0.0343045 0.0308247 0.0271738 0.0235994 0.0202415 0.0171559 0.0143507 0.011818
 1.04493e-16 1.83185e-05 0.000107471 0.000510777 0.00196637 0.0061318 0.0154888 0.0316944 0.0525461 0.0705952 0.0768936 0.067997 0.0490484 0.0293803 0.0156728 0.00931863 0.00846052 0.0108519 0.0150763 0.0204007 0.0263169 0.0322828 0.0376877 0.0419393 0.0445859 0.0454127 0.0444801 0.0420854 0.03867 0.0347043 0.0305892 0.0266023 0.0228914 0.0195043 0.0164334 0.013655
 1.02484e-16 3.18459e-05 0.000186909 0.000888483 0.00342071 0.0106672 0.0269444 0.0551318 0.091387 0.12273 0.133554 0.117803 0.0843242 0.0492066 0.0238715 0.0105022 0.00562589 0.00515427 0.0065842 0.00881681 0.0113989 0.0140496 0.0165039 0.01851 0.0198713 0.0204858 0.0203619 0.0196042 0.0183772 0.0168596 0.015206 0.0135264 0.0118844 0.0103095 0.00881392 0.00740643
 1.01613e-16 2.57248e-05 0.000150957 0.000717521 0.0027624 0.0086142 0.021759 0.0445235 0.073809 0.0991426 0.107937 0.095328 0.0684998 0.0405032 0.0206395 0.0107635 0.00815863 0.00958002 0.0129978 0.0174212 0.0222723 0.027019 0.031096 0.033975 0.035277 0.0348611 0.0328561 0.0296195 0.0256424 0.0214323 0.0174116 0.0138586 0.0108981 0.00853044 0.00667908 0.00523781
 1.0277e-16 1.87831e-05 0.000110195 0.00052372 0.00201619 0.00628715 0.0158812 0.0324977 0.0538785 0.0723877 0.0788519 0.0697428 0.0503383 0.0302139 0.0162273 0.00981568 0.00908191 0.0117238 0.0162798 0.0219746 0.028248 0.0344926 0.0400264 0.0441938 0.0465035 0.0467379 0.0449945 0.0416435 0.0372219 0.0323 0.0273677 0.0227664 0.0186781 0.0151546 0.0121671 0.00965274
 1.043e-16 2.0303e-05 0.000119128 0.000566206 0.0021798 0.0067974 0.0171699 0.0351338 0.0582451 0.0782426 0.085199 0.0752839 0.0541794 0.0322032 0.0167229 0.0092386 0.00764847 0.00943394 0.0130267 0.0176605 0.0228691 0.0281926 0.0331163 0.0371337 0.0398457 0.041041 0.0407308 0.039121 0.0365408 0.0333527 0.0298763 0.0263452 0.0229029 0.0196239 0.0165452 0.013692
 1.05634e-16 1.5214e-05 8.92423e-05 0.00042411 0.00163266 0.00509115 0.0128602 0.0263165 0.0436331 0.05863 0.0638854 0.0565522 0.0409202 0.0247666 0.0136773 0.00885647 0.00881102 0.011714 0.0164014 0.0222368 0.0287218 0.0352855 0.0412727 0.046044 0.049109 0.0502299 0.0494624 0.0471143 0.0436467 0.0395509 0.0352442 0.0310134 0.0270109 0.0232871 0.0198396 0.0166542
 1.11022e-16 8.10916e-07 4.67364e-06 2.20391e-05 8.45553e-05 0.000263401 0.000665892 0.00136682 0.00228214 0.00311484 0.00352144 0.00342005 0.00313386 0.00321553 0.00416042 0.00628294 0.00976819 0.0147332 0.0212006 0.0290172 0.0377898 0.0468879 0.055525 0.0629019 0.0683687 0.0715516 0.072406 0.0711769 0.0682927 0.0642335 0.0594222 0.0541686 0.0486714 0.043055 0.0374188 0.0318715
pSPR Fmed_Fpbrs
0.51397   0.254687 0.254687
Fs Fmed_Fpbrs
0.382167   1.005 1.005
SSBpbr Bo_Bmed_Bpbrs
1.04878e+06  486604  214673 214673
Ro
20333
SPR SPRFo_SPRFmed_SPRFpbrs
419053 215381 106727
log_Ro
9.74
likeval ReclasPelacesDesembMPH_pf_preclas_ppelaces_ptallas_desvR_qrecl_qpela
 101.566 113.565 0.102984 0.000573295 362.726 213.915 76.1136 0 55.1373 0 0 0 0 0 0
q_reclas_q_pelaces
1 1
M
0.7
N
 7118.07 61839.1 30109.6 4028.26 0.134233
 9377.64 3363.35 27802.9 13537.3 1811.17
 1687.91 4260.41 1397.96 11556.1 6379.5
 5055.81 597.876 1076.42 353.205 4531.57
 51103.5 2156.01 218.946 394.194 1788.84
 16547.8 24606.1 1006.57 102.219 1019.18
 56781.7 5714.52 5909.18 241.728 269.305
 67184.4 22243.6 1765.96 1826.11 157.924
 119327 23128.9 5308.66 421.463 473.51
 205774 44327.9 6427.42 1475.25 248.709
 60797.8 88968.9 16686.9 2419.56 648.974
 23315.4 23778.3 27405.2 5140.1 945.203
 50535.8 9134.3 7349.42 8470.4 1880.85
 27855.4 17192.7 2128.99 1712.97 2412.63
 19555.2 7056.96 2222.13 275.167 533.225
 14356.6 5428.34 1095.05 344.815 125.441
 11279.5 5466.27 1584.72 319.684 137.284
 11254.2 4459.63 1720.73 498.854 143.849
 8724.9 4677.38 1551.24 598.539 223.558
 28108.2 3594.32 1598.53 530.149 280.958
 37620.5 11741.1 1262.92 561.668 284.995
 33010.4 17480.3 5104.62 549.072 368.099
 38937.7 15033.2 7300.57 2131.92 383.053
 24605 17062.2 5812.78 2822.86 972.448
 541.522 10236.5 5947.02 2026.05 1322.86
pred_Ctot
 248.903 4232.03 2060.59 275.678 0.0091864
 577.012 398.316 3292.65 1603.2 214.493
 354.844 1563.9 513.158 4241.98 2341.77
 518.113 114.882 206.835 67.8684 870.743
 1118.72 93.1275 9.45726 17.027 77.2677
 3701.07 9522.07 389.521 39.5565 394.403
 8740.25 1594.86 1649.19 67.4635 75.16
 15135.7 8660.85 687.599 711.021 61.4899
 21983.1 7571.49 1737.85 137.97 155.008
 19292.8 7836.55 1136.28 260.804 43.9682
 9415.87 24967 4682.8 678.993 182.119
 3587.76 6634.43 7646.35 1434.14 263.722
 11695.6 3638.28 2927.34 3373.84 749.158
 10194.8 9848.76 1219.58 981.268 1382.06
 6410.9 3722.05 1172.01 145.131 281.239
 2445.48 1658.37 334.541 105.342 38.3225
 1675.17 1477.19 428.25 86.3903 37.0992
 1333.38 980.498 378.321 109.678 31.6267
 1080.85 1071.5 355.36 137.114 51.213
 3242.89 771.084 342.931 113.732 60.2736
 1746.75 1059.29 113.941 50.6739 25.7123
 1978.38 2018.42 589.421 63.4004 42.5037
 3316.75 2427.87 1179.05 344.307 61.8632
 2899.73 3732.97 1271.76 617.604 212.759
 109.827 3643.3 2116.61 721.093 470.819
F
 0.0496981 0.0993962 0.0993962 0.0993962 0.0993962
 0.0889623 0.177925 0.177925 0.177925 0.177925
 0.33786 0.675721 0.675721 0.675721 0.675721
 0.152278 0.304557 0.304557 0.304557 0.304557
 0.0308569 0.0617138 0.0617138 0.0617138 0.0617138
 0.363245 0.726489 0.726489 0.726489 0.726489
 0.237158 0.474317 0.474317 0.474317 0.474317
 0.366358 0.732717 0.732717 0.732717 0.732717
 0.290255 0.58051 0.58051 0.58051 0.58051
 0.138494 0.276988 0.276988 0.276988 0.276988
 0.238778 0.477555 0.477555 0.477555 0.477555
 0.237077 0.474154 0.474154 0.474154 0.474154
 0.378195 0.75639 0.75639 0.75639 0.75639
 0.673012 1.34602 1.34602 1.34602 1.34602
 0.581606 1.16321 1.16321 1.16321 1.16321
 0.265613 0.531226 0.531226 0.531226 0.531226
 0.227925 0.45585 0.45585 0.45585 0.45585
 0.178005 0.35601 0.35601 0.35601 0.35601
 0.186826 0.373652 0.373652 0.373652 0.373652
 0.172965 0.345929 0.345929 0.345929 0.345929
 0.0664759 0.132952 0.132952 0.132952 0.132952
 0.0865606 0.173121 0.173121 0.173121 0.173121
 0.125101 0.250202 0.250202 0.250202 0.250202
 0.176986 0.353972 0.353972 0.353972 0.353972
 0.324083 0.648166 0.648166 0.648166 0.648166
nmprior
 10 11 7 0
nm_flota  nm_reclas  nm_pelaces    nm_pelaL
inf 12.1057 9.69337 15.2676
cv_recla  cv_pelaces  cv_mph
0.911588 1.25397 0.776833
 ------------------------------------------------
Talla a la edad & desviación 
 7.2 14.2025 17.0495 18.207 18.6776
 1.08 2.13037 2.55742 2.73105 2.80164
