    unsorted:	 0.0009268441152 0.0008999967305 17.34129628 9.873053737 1.635116457 6.016155112 44.78353529 38.41689820 70.78913888 171.6708975 121.8682649 160.3541106 197.4904570 298.4959855 380.4877358 392.6483592 440.7868819 510.5514055 584.6032550 601.8724243 644.5526488 705.0957953 730.8339101 760.9552644 796.2041727 820.0957341 861.6113697 896.2037036 882.4282278 916.5670722 945.4047552 974.1934901 1035.697464 1110.193406 1221.944194 1274.104600 1443.196131 1796.547157 5443.975694 194861.0449 221120.3389 284672.6232 348302.7971 417681.1304 477731.2127 520462.0775 645002.5941 625335.5153 745190.6372 838106.0783 892262.8488 990900.1698 1010950.838 1148046.138 1299578.227 1372217.102 1568319.505 1859282.556 1996963.468 2094047.287 2299200.220 2427422.579 2475917.735 2667993.628 2926725.830
      sorted:	 0.0008999967305 0.0009268441152 1.635116457 6.016155112 9.873053737 17.34129628 38.41689820 44.78353529 70.78913888 121.8682649 160.3541106 171.6708975 197.4904570 298.4959855 380.4877358 392.6483592 440.7868819 510.5514055 584.6032550 601.8724243 644.5526488 705.0957953 730.8339101 760.9552644 796.2041727 820.0957341 861.6113697 882.4282278 896.2037036 916.5670722 945.4047552 974.1934901 1035.697464 1110.193406 1221.944194 1274.104600 1443.196131 1796.547157 5443.975694 194861.0449 221120.3389 284672.6232 348302.7971 417681.1304 477731.2127 520462.0775 625335.5153 645002.5941 745190.6372 838106.0783 892262.8488 990900.1698 1010950.838 1148046.138 1299578.227 1372217.102 1568319.505 1859282.556 1996963.468 2094047.287 2299200.220 2427422.579 2475917.735 2667993.628 2926725.830
