years
 1997 1998 1999 2000 2001 2002 2003 2004 2005 2006 2007 2008 2009 2010 2011 2012 2013 2014 2015 2016 2017 2018 2019 2020 2021
reclasobs
 0 0 0 370054 412103 1.49427e+06 250295 1.28982e+06 931140 785840 897777 1.04006e+06 184774 17550 25797 100020 73551 82996 120727 218422 84188 347160 605670 569463 516374
reclaspred
 1.18271e+06 311853 995033 610210 701661 887628 1.80055e+06 1.26166e+06 1.41144e+06 1.3399e+06 1.15633e+06 785110 456680 211007 145105 150896 191990 282448 321102 431155 658107 653633 1.09884e+06 1.32844e+06 1.93233e+06
pelacesobs
 0 0 0 0 0 0 0 0 0 2.06254e+06 1.5e+06 0 1.87456e+06 323000 250000 174000 83755 137374 0 501740 490994 745055 786931 1.00524e+06 0
pelacespred
 808062 302256 370833 439209 429771 439012 915546 866555 824872 815804 608824 425455 242674 90558.4 62396.4 73985.5 98705.3 146751 176425 228640 379740 394607 503383 721327 1.0562e+06
mphobs
 0 0 0 0 0 112323 0 153150 637223 0 255016 313432 73983 77613 109348 50772 0 0 0 0 0 0 0 0 0
mphpred
 799948 526652 567858 658073 568928 766055 1.1141e+06 1.37652e+06 1.20871e+06 1.24913e+06 1.18391e+06 827301 510911 269436 132027 122282 147034 212974 275554 322459 489070 609997 757932 1.03963e+06 1.56066e+06
desembarqueobs
 350755 77701 442110 56441 14545 235359 269955 359681 431902 328805 639364 411747 362871 311530 167758 66681 60226 58785 57116 71774 51957 67425 138520 160799 200461
desembarquepred
 350796 77718.1 442356 56449 14545.5 235479 270021 359769 432025 328876 639894 412194 363339 312124 167855 66712.2 60260.2 58798.6 57123 71782.4 51960.6 67427 138535 160819 200474
Reclutas
 66295.3 63168.2 38428.9 43453.4 72130.5 61337.5 105209 99916.2 125523 122933 71549.7 43751.9 45367.1 29140.3 20983.1 19522 17351 19730.4 21951 37745.5 53764.7 62798.2 95424.2 125458 137688
log_desv_Rt
 0.221874 0.173557 -0.323434 -0.200555 0.306233 0.144147 0.6837 0.632087 0.860248 0.839391 0.298148 -0.193709 -0.157457 -0.600122 -0.928526 -1.0007 -1.1186 -0.990084 -0.883431 -0.341377 0.0123715 0.167681 0.586088 0.859727 0.952743
SSB
 799948 526652 567858 658073 568928 766055 1.1141e+06 1.37652e+06 1.20871e+06 1.24913e+06 1.18391e+06 827301 510911 269436 132027 122282 147034 212974 275554 322459 489070 609997 757932 1.03963e+06 1.56066e+06
BT
 2.74144e+06 710846 1.17195e+06 969568 970936 1.05224e+06 2.51819e+06 2.29334e+06 2.35308e+06 2.12308e+06 1.86645e+06 1.2667e+06 893336 492556 298909 224052 280896 381304 417846 579886 937020 857056 1.1547e+06 1.70815e+06 2.39622e+06
Ftot
 0.28604 0.240872 0.42346 0.0901945 0.0202921 0.255809 0.145796 0.274934 0.29482 0.237219 0.522466 0.496567 0.73743 1.28817 1.04646 0.421943 0.302213 0.201676 0.172584 0.161708 0.0770577 0.100517 0.122684 0.117866 0.10109
BD_Bspro_t
 0.961697 0.789752 0.724011 0.585819 0.670856 0.784435 0.741888 0.7588 0.704238 0.666656 0.629464 0.469556 0.359648 0.255914 0.157714 0.172172 0.260134 0.415898 0.539047 0.636153 0.745619 0.826692 0.834462 0.834508 0.838864
BD_Bspro
 0.73092 0.481207 0.518857 0.601288 0.519835 0.699951 1.01796 1.25774 1.10441 1.14134 1.08175 0.755912 0.466824 0.246186 0.120635 0.11173 0.134346 0.194596 0.251776 0.294633 0.446868 0.55736 0.692529 0.94992 1.42599
BD_Bo
 0.696173 0.458331 0.494191 0.572703 0.495122 0.666676 0.969568 1.19795 1.05191 1.08708 1.03033 0.719977 0.444632 0.234483 0.1149 0.106418 0.127959 0.185345 0.239807 0.280627 0.425624 0.530863 0.659607 0.904762 1.3582
BD_Brms
 3.40116 2.23918 2.41437 2.79794 2.41892 3.25705 4.73683 5.85258 5.13911 5.31095 5.03367 3.51745 2.17225 1.14557 0.561343 0.519908 0.625147 0.905506 1.17158 1.371 2.07939 2.59353 3.22251 4.42022 6.63547
S_f
 0.5 1 1 1 1
 0.5 1 1 1 1
 0.5 1 1 1 1
 0.5 1 1 1 1
 0.5 1 1 1 1
 0.5 1 1 1 1
 0.5 1 1 1 1
 0.5 1 1 1 1
 0.5 1 1 1 1
 0.5 1 1 1 1
 0.5 1 1 1 1
 0.5 1 1 1 1
 0.5 1 1 1 1
 0.5 1 1 1 1
 0.5 1 1 1 1
 0.5 1 1 1 1
 0.5 1 1 1 1
 0.5 1 1 1 1
 0.5 1 1 1 1
 0.5 1 1 1 1
 0.5 1 1 1 1
 0.5 1 1 1 1
 0.5 1 1 1 1
 0.5 1 1 1 1
 0.5 1 1 1 1
Scru_reclas
 0.5 1 1 1 1
 0.5 1 1 1 1
 0.5 1 1 1 1
 0.5 1 1 1 1
 0.5 1 1 1 1
 0.5 1 1 1 1
 0.5 1 1 1 1
 0.5 1 1 1 1
 0.5 1 1 1 1
 0.5 1 1 1 1
 0.5 1 1 1 1
 0.5 1 1 1 1
 0.5 1 1 1 1
 0.5 1 1 1 1
 0.5 1 1 1 1
 0.5 1 1 1 1
 0.5 1 1 1 1
 0.5 1 1 1 1
 0.5 1 1 1 1
 0.5 1 1 1 1
 0.5 1 1 1 1
 0.5 1 1 1 1
 0.5 1 1 1 1
 0.5 1 1 1 1
 0.5 1 1 1 1
Scru_pelaces
 0.5 1 1 1 1
 0.5 1 1 1 1
 0.5 1 1 1 1
 0.5 1 1 1 1
 0.5 1 1 1 1
 0.5 1 1 1 1
 0.5 1 1 1 1
 0.5 1 1 1 1
 0.5 1 1 1 1
 0.5 1 1 1 1
 0.5 1 1 1 1
 0.5 1 1 1 1
 0.5 1 1 1 1
 0.5 1 1 1 1
 0.5 1 1 1 1
 0.5 1 1 1 1
 0.5 1 1 1 1
 0.5 1 1 1 1
 0.5 1 1 1 1
 0.5 1 1 1 1
 0.5 1 1 1 1
 0.5 1 1 1 1
 0.5 1 1 1 1
 0.5 1 1 1 1
 0.5 1 1 1 1
pf_obs 
 0.256992 0.487395 0.22802 0.0275931 0
 0.321318 0.546541 0.124235 0.00734118 0.000564706
 0.182869 0.594174 0.210203 0.0122559 0.00049798
 0.330522 0.361315 0.267642 0.0388342 0.00168674
 0.649043 0.306663 0.0425973 0.00169635 0
 0.582887 0.30429 0.105238 0.00758474 0
 0.465427 0.430635 0.0974691 0.00646863 0
 0.296916 0.608066 0.0921331 0.00288517 0
 0.311714 0.524322 0.152257 0.0117073 0
 0.15457 0.633149 0.183074 0.0267441 0.00246327
 0.131901 0.49318 0.331252 0.0422183 0.00144891
 0.196976 0.569456 0.194076 0.0375587 0.00193317
 0.518974 0.381816 0.0799577 0.0180837 0.00116848
 0.0928022 0.601141 0.25162 0.0475244 0.00691264
 0.122501 0.610282 0.24278 0.0234846 0.000952079
 0.383417 0.481906 0.127806 0.00687128 0
 0.0376549 0.599619 0.316969 0.0457579 0
 0.0361596 0.667082 0.258105 0.0386534 0
 0.158088 0.579412 0.248529 0.0139706 0
 0.0477256 0.309471 0.559284 0.082774 0.000745712
 0.0406174 0.521527 0.379366 0.0568643 0.0016247
 0.151134 0.462217 0.34131 0.0453401 0
 0.294876 0.26143 0.354403 0.0886775 0.000613685
 0.281977 0.475581 0.204845 0.0348837 0.00271318
 0 0 0 0 0
pf_pred 
 0.59391 0.29087 0.103427 0.0117861 5.88083e-06
 0.469862 0.403183 0.0909339 0.0323342 0.00368648
 0.330815 0.438362 0.175547 0.0395928 0.0156835
 0.43107 0.300401 0.175905 0.070443 0.0221811
 0.516613 0.294148 0.0999206 0.0585102 0.030809
 0.384023 0.420405 0.119008 0.0404264 0.0361372
 0.537174 0.265185 0.13489 0.0381846 0.024566
 0.435526 0.399384 0.0945916 0.0481155 0.0223832
 0.49144 0.318083 0.134769 0.0319191 0.0237891
 0.448995 0.373482 0.111033 0.0470438 0.0194461
 0.318285 0.433293 0.168385 0.0500596 0.0299771
 0.315883 0.356656 0.208132 0.0808834 0.0384455
 0.44465 0.286877 0.139965 0.0816788 0.0468292
 0.441251 0.372445 0.0962394 0.0469545 0.0431109
 0.542445 0.321938 0.0903983 0.0233588 0.0218603
 0.56945 0.329918 0.0708052 0.0198817 0.00994524
 0.468939 0.398016 0.101948 0.0218796 0.00921685
 0.477953 0.343672 0.133687 0.0342428 0.0104448
 0.459034 0.356927 0.121155 0.0471291 0.0157538
 0.555964 0.284448 0.105295 0.0357414 0.0185508
 0.533748 0.337516 0.0824683 0.0305276 0.0157406
 0.466736 0.373589 0.115587 0.0282424 0.0158452
 0.515123 0.311757 0.121283 0.0375245 0.0143127
 0.498184 0.344985 0.100836 0.0392282 0.0167664
 0.446203 0.372388 0.124714 0.0364527 0.0202424
pobs_RECLAS
 0 0 0 0 0
 0 0 0 0 0
 0 0 0 0 0
 0 0 0 0 0
 0.835266 0.146461 0.0176864 0.000547809 3.91292e-05
 0.385257 0.428462 0.181853 0.0044286 0
 0.867414 0.0963971 0.0333333 0.00285562 0
 0.441836 0.489002 0.0689373 0.000224442 0
 0.779404 0.147425 0.0564933 0.0165055 0.000172143
 0.814271 0.122319 0.05973 0.00367925 0
 0.40263 0.566651 0.0304383 0.000280538 0
 0.475488 0.404961 0.113038 0.00651328 0
 0.955842 0.0263864 0.0167828 0.000988607 0
 0.975058 0.0227948 0.00214734 0 0
 0.738997 0.206755 0.0527124 0.00153531 0
 0.850938 0.134255 0.0134407 0.00136685 0
 0.542534 0.407297 0.0501686 0 0
 0.764087 0.199537 0.0359546 0.000420521 0
 0.470689 0.182191 0.310203 0.0369168 0
 0.84361 0.089868 0.0606195 0.00523954 0.000663233
 0.607945 0.314616 0.071237 0.00620181 0
 0.523733 0.453247 0.0230204 0 0
 0.530135 0.295979 0.169645 0.0042399 0
 0.562478 0.366248 0.0663022 0.0049721 0
 0.250443 0.683176 0.0655157 0.000865301 0
ppred_RECLAS
 0.5965 0.289015 0.102768 0.0117109 5.84332e-06
 0.472036 0.40153 0.090561 0.0322016 0.00367137
 0.334733 0.435795 0.174519 0.039361 0.0155916
 0.431771 0.300031 0.175688 0.0703563 0.0221538
 0.516762 0.294056 0.0998896 0.0584921 0.0307995
 0.386245 0.418889 0.118578 0.0402806 0.0360069
 0.538383 0.264492 0.134538 0.0380848 0.0245019
 0.438045 0.397602 0.0941694 0.0479007 0.0222833
 0.494229 0.316339 0.13403 0.0317441 0.0236587
 0.451116 0.372044 0.110606 0.0468628 0.0193713
 0.323363 0.430066 0.167131 0.0496868 0.0297538
 0.320607 0.354193 0.206695 0.080325 0.0381801
 0.453931 0.282083 0.137626 0.0803137 0.0460465
 0.462404 0.358344 0.0925959 0.0451768 0.0414788
 0.557891 0.311069 0.0873465 0.0225703 0.0211223
 0.573752 0.326622 0.0700978 0.019683 0.00984587
 0.471805 0.395868 0.101398 0.0217615 0.00916711
 0.479717 0.342511 0.133236 0.0341271 0.0104095
 0.460499 0.355961 0.120827 0.0470015 0.0157112
 0.557315 0.283583 0.104975 0.0356327 0.0184943
 0.534347 0.337082 0.0823622 0.0304883 0.0157203
 0.467536 0.373029 0.115414 0.0282001 0.0158214
 0.516124 0.311113 0.121033 0.0374471 0.0142832
 0.499142 0.344327 0.100643 0.0391534 0.0167344
 0.447003 0.37185 0.124534 0.0364 0.0202131
pobs_PELACES
 0 0 0 0 0
 0 0 0 0 0
 0 0 0 0 0
 0 0 0 0 0
 0 0 0 0 0
 0 0 0 0 0
 0 0 0 0 0
 0 0 0 0 0
 0 0 0 0 0
 0 0 0 0 0
 0.450072 0.473896 0.0757376 0.000293798 0
 0 0 0 0 0
 0.463077 0.371075 0.160297 0.00555027 0
 0.529543 0.364841 0.0842815 0.0213345 0
 0.631943 0.363953 0.00410389 0 0
 0.735681 0.248677 0.0153453 0.000297389 0
 0.695825 0.281241 0.0229344 0 0
 0.275771 0.60734 0.115278 0.00161068 0
 0 0 0 0 0
 0.896147 0.0623911 0.0374545 0.00400742 0
 0.803859 0.145111 0.0509908 3.86294e-05 0
 0.739449 0.233085 0.0266225 0.000797448 4.60066e-05
 0.878498 0.100942 0.0204185 0.000141795 0
 0.694673 0.275183 0.0284847 0.00165964 0
 0 0 0 0 0
ppred_PELACES
 0.607807 0.280917 0.0998882 0.0113828 5.67959e-06
 0.481951 0.39399 0.0888604 0.0315969 0.00360242
 0.350468 0.425488 0.170391 0.03843 0.0152229
 0.435426 0.298101 0.174558 0.0699037 0.0220113
 0.517598 0.293548 0.0997168 0.0583909 0.0307462
 0.396298 0.412028 0.116636 0.0396208 0.0354171
 0.544356 0.26107 0.132797 0.037592 0.0241848
 0.449242 0.38968 0.0922931 0.0469463 0.0218393
 0.50639 0.308733 0.130807 0.0309808 0.0230899
 0.460825 0.365463 0.10865 0.0460338 0.0190286
 0.342504 0.4179 0.162403 0.0482812 0.0289121
 0.338709 0.344756 0.201188 0.0781848 0.0371628
 0.484224 0.266434 0.129991 0.0758583 0.0434921
 0.515465 0.322976 0.0834566 0.0407179 0.0373848
 0.599955 0.281474 0.0790362 0.0204229 0.0191127
 0.590684 0.313647 0.0673131 0.0189011 0.00945475
 0.484246 0.386544 0.0990097 0.0212489 0.00895118
 0.488027 0.33704 0.131108 0.033582 0.0102432
 0.467581 0.351288 0.119241 0.0463845 0.0155049
 0.563887 0.279373 0.103416 0.0351037 0.0182198
 0.53751 0.334793 0.0818029 0.0302813 0.0156136
 0.471667 0.370135 0.114518 0.0279813 0.0156987
 0.521177 0.307864 0.119769 0.037056 0.014134
 0.504004 0.340984 0.0996664 0.0387733 0.016572
 0.45113 0.369075 0.123604 0.0361284 0.0200623
pobs_pel_tallas
 0 0 0 0 0 0 0 0 0 0 0 0 0 0 0 0 0 0 0 0 0 0 0 0 0 0 0 0 0 0 0 0 0 0 0 0
 0 0 0 0 0 0 0 0 0 0 0 0 0 0 0 0 0 0 0 0 0 0 0 0 0 0 0 0 0 0 0 0 0 0 0 0
 0 0 0 0 0 0 0 0 0 0 0 0 0 0 0 0 0 0 0 0 0 0 0 0 0 0 0 0 0 0 0 0 0 0 0 0
 0 0 0 0 0 0 0 0 0 0 0 0 0 0 0 0 0 0 0 0 0 0 0 0 0 0 0 0 0 0 0 0 0 0 0 0
 0 0 0 0 0 0 0 0 0 0 0 0 0 0 0 0 0 0 0 0 0 0 0 0 0 0 0 0 0 0 0 0 0 0 0 0
 0 0 0 0 0 0 0 0 0 0 0 0 0 0 0 0 0 0 0 0 0 0 0 0 0 0 0 0 0 0 0 0 0 0 0 0
 0 0 0 0 0 0 0 0 0 0 0 0 0 0 0 0 0 0 0 0 0 0 0 0 0 0 0 0 0 0 0 0 0 0 0 0
 0 0 0 0 0 0 0 0 0 0 0 0 0 0 0 0 0 0 0 0 0 0 0 0 0 0 0 0 0 0 0 0 0 0 0 0
 0 0 0 0 0 0 0 0 0 0 0 0 0 0 0 0 0 0 0 0 0 0 0 0 0 0 0 0 0 0 0 0 0 0 0 0
 0 0 0 0 0 0 0 0 0 0 0 0 0 0 0 0 0 0 0 0 0 0 0 0 0 0 0 0 0 0 0 0 0 0 0 0
 0 0 0 0 0 0 0 0 1.78061e-05 0.00172719 0.00360574 0.0105946 0.0120993 0.0124554 0.0147524 0.0171206 0.0266825 0.0428682 0.0675386 0.121331 0.153587 0.119568 0.100827 0.0573624 0.0630603 0.0341343 0.0324427 0.0444173 0.0211091 0.0280891 0.0125444 0.00206551 0 0 0 0
 0 0 0 0 0 0 0 0 0 0 0 0 0 0 0 0 0 0 0 0 0 0 0 0 0 0 0 0 0 0 0 0 0 0 0 0
 0 0 0 0 0 0 0.0133647 0.0140871 0.0187388 0.0205184 0.03894 0.0496705 0.03968 0.0493445 0.0407372 0.0367815 0.0215668 0.0243155 0.0234873 0.0199281 0.019796 0.0243948 0.0301388 0.0376714 0.0412746 0.0863199 0.0771752 0.113111 0.0741005 0.0525337 0.0229764 0.00759418 0.00175318 0 0 0
 0 0 0 0 0 0 0 0 0 0 0.00219441 0.00772107 0.0458388 0.0604681 0.0671733 0.0775358 0.0609151 0.0617685 0.073594 0.0568108 0.0755445 0.0548602 0.0670107 0.0636378 0.0643287 0.046367 0.0373049 0.0286899 0.0247887 0.0153202 0.00654259 0.00121912 0.000365735 0 0 0
 0 0 0 0 0 0 0 0 0 0 0 0 0.000112435 0.00938835 0.0111873 0.0202946 0.0414886 0.0713402 0.111592 0.104902 0.108894 0.110636 0.117776 0.105296 0.107544 0.0401394 0.0192827 0.0124803 0.00416011 0.0028671 0.000618394 0 0 0 0 0
 0 0 0 0 0 0 0 0 0 0 0.00291406 0.0102884 0.027416 0.0768956 0.0749926 0.110853 0.0956884 0.0897413 0.0766577 0.0534642 0.0500743 0.0551293 0.0594112 0.0620874 0.0668451 0.0424026 0.0208742 0.0120726 0.0048766 0.00582813 0.00118941 0.000297354 0 0 0 0
 0 0.00264628 0.0354308 0.0461629 0.0458689 0.0383711 0.0214643 0.0164657 0.0346957 0.0420465 0.0363128 0.0245516 0.0311673 0.0291091 0.0169068 0.0133784 0.00837989 0.0085269 0.0148486 0.0160247 0.0276389 0.0546898 0.0760071 0.122758 0.109233 0.0665981 0.0333725 0.0166128 0.00676272 0.00308733 0.000882094 0 0 0 0 0
 0 0 0 0 0 0 0 0.000805153 0.000690131 0.00759144 0.0133425 0.0154129 0.00931677 0.000345066 0.00356568 0.00563607 0.00851162 0.0253048 0.0502646 0.0516448 0.0657925 0.0565908 0.0611916 0.0827007 0.0866115 0.110766 0.145733 0.0935128 0.0569358 0.0249597 0.0138026 0.00621118 0.00161031 0.00115022 0 0
 0 0 0 0 0 0 0 0 0 0 0 0 0 0 0 0 0 0 0 0 0 0 0 0 0 0 0 0 0 0 0 0 0 0 0 0
 0.00147267 0.00158595 0.00478618 0.00569244 0.00954404 0.0108468 0.00647125 0.017049 0.0510054 0.094081 0.124002 0.0959785 0.0687766 0.0820023 0.061753 0.0591476 0.0492212 0.0479892 0.0443925 0.0268479 0.0217502 0.0140895 0.0121071 0.0120363 0.00920419 0.00665534 0.0049561 0.00860946 0.00930331 0.0156896 0.0114698 0.00855282 0.00243557 0.00046729 0 2.83206e-05
 0 0 0 0 0.000772559 0.00158375 0.000888443 0.00281984 0.00712685 0.0440552 0.0773331 0.111326 0.0921469 0.0852325 0.0710754 0.0886704 0.0786465 0.0553345 0.0373146 0.0185414 0.00753245 0.00457741 0.012979 0.0271748 0.0457355 0.0583668 0.034881 0.0177882 0.00938659 0.00492506 0.0015258 0.00185414 0.000309023 5.79419e-05 3.86279e-05 0
 0 0.00173294 0.00326652 0 0.00397197 0.00683976 0.00946217 0.0152591 0.00757587 0.0136028 0.0228656 0.0392903 0.0559909 0.0764795 0.0681675 0.0726916 0.0566044 0.0477403 0.0527397 0.0444891 0.0609904 0.0582453 0.0661739 0.0445044 0.0529084 0.0360697 0.0280645 0.0235558 0.0158879 0.00826598 0.00280645 0.00217768 0.000904811 0.00058276 9.20147e-05 0
 0 0 0 0 0 0 0 0 0 0 0 0 0 0 0 0 0 0 0 0 0 0 0 0 0 0 0 0 0 0 0 0 0 0 0 0
 0 0 0 0 0 0 0 0 0 0 0 0 0 0 0 0 0 0 0 0 0 0 0 0 0 0 0 0 0 0 0 0 0 0 0 0
 0 0 0 0 0 0 0 0 0 0 0 0 0 0 0 0 0 0 0 0 0 0 0 0 0 0 0 0 0 0 0 0 0 0 0 0
ppred_pel_tallas
 1.01901e-16 2.65275e-05 0.000155675 0.000739964 0.00284883 0.00888375 0.0224398 0.045916 0.0761152 0.102234 0.111286 0.0982454 0.0705091 0.0415168 0.0208361 0.0103518 0.00723711 0.00813376 0.0109612 0.0147451 0.0189742 0.0232145 0.0270074 0.0299142 0.031602 0.0319155 0.0309056 0.0288028 0.0259491 0.0227127 0.0194135 0.0162801 0.0134417 0.0109461 0.00879021 0.00694837
 1.02644e-16 2.10441e-05 0.000123472 0.000586847 0.00225925 0.00704514 0.0177958 0.0364148 0.0603703 0.0811018 0.0883238 0.0780719 0.0562443 0.0335468 0.0176314 0.010069 0.00869359 0.0108946 0.015026 0.0202453 0.0259927 0.0316941 0.0367159 0.0404538 0.0424606 0.0425467 0.0408174 0.0376311 0.0334983 0.0289552 0.0244559 0.02031 0.0166724 0.013574 0.01097 0.00878673
 1.0459e-16 1.53123e-05 8.9818e-05 0.000426844 0.00164319 0.00512396 0.0129431 0.0264862 0.0439146 0.0590089 0.0642999 0.0569229 0.0411966 0.0249504 0.0138087 0.0089865 0.00898423 0.0119653 0.0167584 0.0227194 0.0293391 0.0360304 0.0421177 0.0469398 0.0499862 0.0510053 0.0500476 0.0474268 0.0436201 0.0391435 0.0344452 0.029845 0.0255262 0.0215645 0.0179736 0.0147449
 1.06006e-16 1.90116e-05 0.000111548 0.000530178 0.0020411 0.00636486 0.0160773 0.0328981 0.0545387 0.0732638 0.0797778 0.0704941 0.0507337 0.0301584 0.0156684 0.00867136 0.00720444 0.00891777 0.0123552 0.0168159 0.0218828 0.0271453 0.0321384 0.0363964 0.0395408 0.0413533 0.0418067 0.0410423 0.039309 0.0368874 0.0340264 0.0309109 0.027662 0.0243578 0.0210611 0.0178377
 1.04955e-16 2.25944e-05 0.000132583 0.000630181 0.00242614 0.00756559 0.0191103 0.0391036 0.0648241 0.0870738 0.0947978 0.0837237 0.060162 0.0355755 0.0181357 0.00947716 0.00722383 0.00854269 0.0116763 0.0157885 0.0204126 0.0251233 0.0294588 0.0329717 0.0353176 0.0363267 0.0360314 0.0346373 0.0324538 0.0298086 0.0269766 0.0241426 0.0214007 0.0187793 0.0162767 0.0138901
 1.04807e-16 1.73099e-05 0.000101548 0.000482612 0.00185792 0.00579359 0.0146345 0.0299467 0.04965 0.0667087 0.0726717 0.0642906 0.0464337 0.0279318 0.0151141 0.00931747 0.00880737 0.0114749 0.0159813 0.0216132 0.0278461 0.0341029 0.0397314 0.0441024 0.0467416 0.0474329 0.046258 0.0435538 0.0398097 0.0355417 0.0311847 0.0270327 0.023233 0.0198196 0.0167632 0.0140174
 1.04392e-16 2.37599e-05 0.000139428 0.000662732 0.00255148 0.00795646 0.0200975 0.0411234 0.0681711 0.0915654 0.0996769 0.0880069 0.0631833 0.0372487 0.0187802 0.00947709 0.00682213 0.00782412 0.0106369 0.0144034 0.0186776 0.0230755 0.0271826 0.0305921 0.0329808 0.0341736 0.0341705 0.0331245 0.031285 0.0289271 0.0262914 0.0235526 0.0208169 0.0181413 0.0155588 0.0130988
 1.04071e-16 1.96176e-05 0.000115098 0.000547036 0.00210597 0.00656714 0.0165884 0.0339444 0.0562754 0.075603 0.0823415 0.0727984 0.0524767 0.0313632 0.0166005 0.0096658 0.00855344 0.0108422 0.0150046 0.0202542 0.0260576 0.0318578 0.0370356 0.0409975 0.0433005 0.0437505 0.0424381 0.0396974 0.0360069 0.0318679 0.0277008 0.0237872 0.0202636 0.0171539 0.0144185 0.0119995
 1.04101e-16 2.21064e-05 0.000129716 0.000616549 0.00237364 0.00740188 0.0186968 0.0382577 0.0634225 0.0851932 0.092756 0.0819337 0.0589046 0.0348902 0.0178942 0.00952639 0.00747343 0.00897199 0.0123048 0.0166459 0.0215189 0.0264758 0.0310248 0.0346866 0.037089 0.0380436 0.0375775 0.0359051 0.0333571 0.0302914 0.0270185 0.0237587 0.0206386 0.0177124 0.0149953 0.0124914
 1.04133e-16 2.01217e-05 0.00011806 0.000561121 0.00216021 0.0067363 0.0170157 0.0348184 0.0577234 0.0775454 0.0844492 0.0746435 0.0537666 0.0320539 0.0168203 0.00956731 0.00822481 0.0103017 0.0142339 0.0192327 0.0247853 0.0303689 0.0354026 0.0393263 0.0417162 0.0423762 0.0413735 0.039001 0.0356882 0.0318894 0.0279895 0.0242516 0.0208112 0.017705 0.014915 0.0124073
 1.05452e-16 1.49647e-05 8.77779e-05 0.000417147 0.00160586 0.00500755 0.012649 0.0258844 0.042917 0.0576687 0.0628402 0.0556324 0.0402663 0.0243945 0.0135147 0.00881623 0.00883575 0.0117809 0.0165097 0.022395 0.0289416 0.0355776 0.041644 0.0464957 0.0496342 0.0508126 0.0500772 0.0477286 0.0442239 0.0400544 0.0356429 0.031286 0.0271487 0.0232952 0.0197353 0.0164639
 1.07392e-16 1.47963e-05 8.67959e-05 0.000412493 0.00158796 0.00495176 0.012508 0.0255954 0.042436 0.0570168 0.0621155 0.0549566 0.039703 0.023906 0.0129811 0.00808125 0.00773976 0.0101773 0.0142805 0.0194774 0.0253605 0.0314741 0.0372854 0.042258 0.0459554 0.0481255 0.0487355 0.0479461 0.0460409 0.043338 0.0401184 0.0365889 0.0328829 0.0290862 0.0252687 0.0215072
 1.06571e-16 2.1138e-05 0.000124035 0.000589551 0.00226971 0.00707778 0.0178781 0.0365823 0.0606443 0.0814592 0.0886848 0.078324 0.0562804 0.0332775 0.0169611 0.00886229 0.00676309 0.00802182 0.011008 0.0149587 0.0194609 0.0241417 0.0285902 0.0323994 0.0352424 0.0369361 0.0374663 0.036965 0.0356531 0.0337707 0.0315212 0.0290438 0.0264173 0.0236836 0.0208768 0.0180435
 1.04436e-16 2.25025e-05 0.000132041 0.000627599 0.00241618 0.00753455 0.0190319 0.0389435 0.0645595 0.0867208 0.0944201 0.0834058 0.0599676 0.0355287 0.0182368 0.00973046 0.00765311 0.00918747 0.0125774 0.0169706 0.021867 0.026796 0.0312459 0.0347269 0.0368704 0.03751 0.03671 0.0347319 0.0319537 0.0287703 0.0255105 0.0223913 0.0195154 0.0168991 0.0145135 0.0123217
 1.02809e-16 2.6185e-05 0.000153664 0.000730407 0.00281203 0.008769 0.02215 0.0453229 0.0751322 0.100914 0.10985 0.0969795 0.0696047 0.0409925 0.020588 0.0102529 0.00719796 0.00810895 0.0109317 0.0147028 0.0189151 0.0231374 0.0269156 0.0298174 0.0315185 0.0318733 0.0309419 0.0289607 0.0262726 0.0232396 0.0201683 0.017268 0.0146451 0.0123253 0.0102874 0.00849494
 1.02149e-16 2.57821e-05 0.000151296 0.00071914 0.00276864 0.00863368 0.0218082 0.0446239 0.0739745 0.099362 0.108169 0.0955147 0.0685958 0.0404834 0.0204892 0.0104604 0.00766387 0.00884357 0.0119728 0.016082 0.020633 0.0251466 0.0291145 0.032056 0.033617 0.0336491 0.03224 0.0296788 0.0263753 0.022759 0.0191924 0.0159212 0.0130661 0.0106477 0.00862555 0.00693632
 1.0268e-16 2.11439e-05 0.000124059 0.000589637 0.00227 0.00707866 0.0178804 0.036588 0.0606571 0.0814863 0.0887405 0.0784355 0.0564958 0.0336761 0.0176616 0.0100275 0.00859417 0.0107374 0.0148046 0.0199547 0.0256352 0.0312824 0.0362742 0.0400157 0.0420643 0.0422279 0.0406032 0.0375344 0.033516 0.0290698 0.0246401 0.0205322 0.016903 0.0137893 0.0111549 0.00893442
 1.03604e-16 2.13068e-05 0.00012502 0.000594215 0.00228764 0.00713368 0.0180194 0.0368719 0.0611263 0.0821124 0.089411 0.0790013 0.0568451 0.033768 0.0174983 0.00960483 0.0078747 0.009656 0.0132932 0.0179725 0.0231967 0.0284785 0.0332786 0.0370734 0.0394598 0.0402404 0.0394574 0.0373617 0.0343334 0.0307828 0.0270655 0.0234342 0.0200327 0.0169186 0.0141005 0.0115691
 1.04126e-16 2.04158e-05 0.000119787 0.000569338 0.00219185 0.00683497 0.0172649 0.0353282 0.0585681 0.0786784 0.0856787 0.0757197 0.0545191 0.032457 0.0169489 0.00951043 0.00803414 0.00998813 0.0137873 0.0186415 0.0240501 0.0295103 0.0344635 0.0383687 0.0408126 0.0415976 0.0407764 0.0386172 0.0355203 0.0319123 0.0281581 0.0245106 0.0211057 0.0179892 0.0151568 0.0125898
 1.03617e-16 2.46123e-05 0.000144431 0.000686511 0.00264302 0.00824195 0.0208187 0.042599 0.0706173 0.0948515 0.103255 0.0911684 0.065458 0.0385991 0.0194771 0.00985234 0.00711502 0.0081616 0.0110703 0.0149391 0.0192875 0.0236977 0.027723 0.030932 0.0329931 0.033744 0.033219 0.0316225 0.0292629 0.026471 0.0235301 0.0206375 0.0179015 0.0153617 0.0130209 0.0108723
 1.03041e-16 2.34643e-05 0.000137686 0.000654435 0.0025195 0.00785674 0.0198457 0.0406087 0.06732 0.0904285 0.0984559 0.0869682 0.0625231 0.0370308 0.0189853 0.0100919 0.0078889 0.00943323 0.0128874 0.0173559 0.0223108 0.0272554 0.0316522 0.0349889 0.0368839 0.0371709 0.0359302 0.0334535 0.0301592 0.0264866 0.0228063 0.0193691 0.0162996 0.0136224 0.011304 0.0092917
 1.03442e-16 2.05948e-05 0.000120836 0.00057432 0.00221103 0.00689476 0.0174159 0.0356374 0.0590811 0.0793688 0.0864338 0.0763948 0.055022 0.03279 0.0171838 0.00973742 0.00832911 0.0104059 0.0143644 0.0193954 0.0249736 0.030565 0.0355769 0.039439 0.04172 0.0422225 0.0410186 0.0384134 0.0348533 0.0308132 0.0266987 0.022791 0.0192391 0.0160871 0.0133173 0.01089
 1.03735e-16 2.27511e-05 0.000133502 0.000634546 0.00244293 0.00761797 0.0192426 0.0393745 0.0652735 0.0876785 0.0954591 0.0843147 0.0606018 0.035866 0.0183398 0.00967436 0.00748201 0.00891289 0.0121959 0.0164812 0.0212836 0.0261524 0.0305958 0.0341368 0.0364075 0.0372259 0.0366273 0.0348351 0.032189 0.0290552 0.0257496 0.0224951 0.0194173 0.0165662 0.0139501 0.0115648
 1.03633e-16 2.20036e-05 0.00012911 0.00061366 0.00236251 0.00736716 0.0186091 0.0380786 0.0631264 0.0847982 0.092333 0.081577 0.058685 0.0348335 0.0179993 0.00979623 0.00793163 0.00965916 0.0132626 0.0178978 0.0230521 0.0282286 0.0328827 0.0364912 0.0386593 0.039206 0.0381971 0.0359104 0.0327516 0.0291502 0.0254702 0.0219607 0.0187501 0.0158727 0.0133096 0.0110255
 1.04054e-16 1.96992e-05 0.000115578 0.000549324 0.00211479 0.00659465 0.0166578 0.0340864 0.0565102 0.0759167 0.0826785 0.0730857 0.0526604 0.0314263 0.0165497 0.0095065 0.00827689 0.0104275 0.0144298 0.0195092 0.0251553 0.0308416 0.0359805 0.0400033 0.0424767 0.0431964 0.0422228 0.0398449 0.0364914 0.0326193 0.0286193 0.0247627 0.0211949 0.0179629 0.0150582 0.0124542
pSPR Fmed_Fpbrs
0.652129   0.254687 0.254687
Fs Fmed_Fpbrs
0.22708   1.005 1.005
SSBpbr Bo_Bmed_Bpbrs
1.14907e+06  691886  235199 235199
Ro
53103.6
SPR SPRFo_SPRFmed_SPRFpbrs
1.09444e+06 713716 278740
log_Ro
10.7
likeval ReclasPelacesDesembMPH_pf_preclas_ppelaces_ptallas_desvR_qrecl_qpela
 148.541 64.2033 0.0452565 0.000915397 310.74 212.77 74.0768 0 14.1283 0 0 0 0 0 0
q_reclas_q_pelaces
1 1
M
0.7
N
 66295.3 17251.2 6134.16 699.018 0.348785
 63168.2 28534.1 6435.57 2288.35 260.9
 38428.9 27809.2 11136.5 2511.72 994.942
 43453.4 15441.8 9042.23 3621.06 1140.2
 72130.5 20626.8 7006.83 4102.97 2160.45
 61337.5 35457.4 10037.2 3409.6 3047.85
 105209 26802.3 13633.4 3859.32 2482.89
 99916.2 48572 11504 5851.67 2722.18
 125523 43244.3 18322.2 4339.49 3234.2
 122933 53789.7 15991.3 6775.36 2800.68
 71549.7 54218.7 21070.3 6264.04 3751.09
 43751.9 27362.1 15967.6 6205.26 2949.49
 45367.1 16949.7 8269.65 4825.88 2766.84
 29140.3 15581.3 4026.2 1964.35 1803.55
 20983.1 7599.17 2133.8 551.373 516.001
 19522 6174.86 1325.21 372.113 186.139
 17351 7850.44 2010.82 431.551 181.792
 19730.4 7407.86 2881.63 738.104 225.138
 21951 8858.02 3006.77 1169.62 390.969
 37745.5 9999.37 3701.5 1256.44 652.125
 53764.7 17288 4224.13 1563.66 806.253
 62798.2 25689.6 7948.28 1942.07 1089.58
 95424.2 29656.1 11537.1 3569.54 1361.51
 125458 44566.9 13026.5 5067.69 2165.97
 137688 58735.2 19670.6 5749.53 3192.74
pred_Ctot
 6406.26 3137.49 1115.63 127.131 0.063434
 5190.54 4453.95 1004.54 357.194 40.7244
 5338.26 7073.72 2832.75 638.898 253.08
 1381.59 962.789 563.777 225.771 71.0909
 523.96 298.331 101.342 59.3424 31.2472
 5335.41 5840.88 1653.43 561.661 502.07
 5341.84 2637.09 1341.39 379.72 244.293
 9302.47 8530.51 2020.4 1027.71 478.086
 12478.3 8076.56 3421.96 810.47 604.039
 9956.04 8281.6 2462.06 1043.15 431.199
 12008.8 16348.1 6353.12 1888.74 1131.03
 7017.47 7923.24 4623.73 1796.86 854.082
 10276.3 6630.03 3234.74 1887.68 1082.27
 10322.5 8712.87 2251.4 1098.44 1008.52
 6334.17 3759.3 1055.59 272.763 255.265
 2703.01 1566.02 336.091 94.3725 47.2071
 1765.31 1498.32 383.782 82.3652 34.6966
 1369 984.382 382.922 98.0819 29.9171
 1311.64 1019.88 346.189 134.666 45.0149
 2118.29 1083.78 401.188 136.179 70.6807
 1464.67 926.183 226.303 83.7712 43.194
 2220.14 1777.07 549.818 134.342 75.3715
 4097.62 2479.92 964.763 298.494 113.853
 5181.19 3587.9 1048.71 407.98 174.374
 4894.84 4085.09 1368.11 399.885 222.058
F
 0.14302 0.28604 0.28604 0.28604 0.28604
 0.120436 0.240872 0.240872 0.240872 0.240872
 0.21173 0.42346 0.42346 0.42346 0.42346
 0.0450972 0.0901945 0.0901945 0.0901945 0.0901945
 0.0101461 0.0202921 0.0202921 0.0202921 0.0202921
 0.127904 0.255809 0.255809 0.255809 0.255809
 0.0728981 0.145796 0.145796 0.145796 0.145796
 0.137467 0.274934 0.274934 0.274934 0.274934
 0.14741 0.29482 0.29482 0.29482 0.29482
 0.118609 0.237219 0.237219 0.237219 0.237219
 0.261233 0.522466 0.522466 0.522466 0.522466
 0.248284 0.496567 0.496567 0.496567 0.496567
 0.368715 0.73743 0.73743 0.73743 0.73743
 0.644083 1.28817 1.28817 1.28817 1.28817
 0.523232 1.04646 1.04646 1.04646 1.04646
 0.210972 0.421943 0.421943 0.421943 0.421943
 0.151106 0.302213 0.302213 0.302213 0.302213
 0.100838 0.201676 0.201676 0.201676 0.201676
 0.0862921 0.172584 0.172584 0.172584 0.172584
 0.0808542 0.161708 0.161708 0.161708 0.161708
 0.0385288 0.0770577 0.0770577 0.0770577 0.0770577
 0.0502587 0.100517 0.100517 0.100517 0.100517
 0.061342 0.122684 0.122684 0.122684 0.122684
 0.0589329 0.117866 0.117866 0.117866 0.117866
 0.0505448 0.10109 0.10109 0.10109 0.10109
nmprior
 10 11 7 0
nm_flota  nm_reclas  nm_pelaces    nm_pelaL
inf 13.1419 13.3844 22.4864
cv_recla  cv_pelaces  cv_mph
1.10242 0.942851 0.981619
 ------------------------------------------------
Talla a la edad & desviación 
 7.2 14.2025 17.0495 18.207 18.6776
 1.08 2.13037 2.55742 2.73105 2.80164
