years
 1997 1998 1999 2000 2001 2002 2003 2004 2005 2006 2007 2008 2009 2010 2011 2012 2013 2014 2015 2016 2017 2018 2019 2020 2021
reclasobs
 0 0 0 370054 412103 1.49427e+06 250295 1.28982e+06 931140 785840 897777 1.04006e+06 184774 17550 25797 100020 73551 82996 120727 218422 84188 347160 605670 569463 516374
reclaspred
 1.0857e+06 261568 769518 452467 547888 702606 1.44965e+06 1.06232e+06 1.25839e+06 1.27439e+06 1.14057e+06 778262 452252 208176 140697 142676 176231 253324 282150 377344 584259 577431 941499 1.07314e+06 1.39991e+06
pelacesobs
 0 0 0 0 0 0 0 0 0 2.06254e+06 1.5e+06 0 1.87456e+06 323000 250000 174000 83755 137374 0 501740 490994 745055 786931 1.00524e+06 0
pelacespred
 699573 252639 278582 321189 331574 337468 739996 710004 728495 767589 595857 419738 239927 88989.7 60032.4 69493.7 90003.9 130768 153900 198534 335388 347109 429633 581920 764809
mphobs
 0 0 0 0 0 112323 0 153150 637223 0 255016 313432 73983 77613 109348 50772 0 0 0 0 0 0 0 0 0
mphpred
 749983 454094 456539 485302 428898 611921 883649 1.13443e+06 1.04447e+06 1.15447e+06 1.15846e+06 819790 504973 267046 129061 116884 136494 192483 243991 280938 431206 542164 659113 864764 1.19992e+06
desembarqueobs
 350755 77701 442110 56441 14545 235359 269955 359681 431902 328805 639364 411747 362871 311530 167758 66681 60226 58785 57116 71774 51957 67425 138520 160799 200461
desembarquepred
 350783 77712.8 442288 56447.5 14545.4 235463 270007 359712 431948 328819 639655 412055 363173 311951 167797 66703.3 60254.7 58794.1 57118.8 71776.4 51958.7 67423.2 138528 160815 200475
Reclutas
 53906.1 53106.2 30877.8 35073.8 62361.4 51246.2 93883.7 94120.4 127189 129383 72163.7 42707.4 45807.6 28890 20529.9 18356.6 15941.3 17784 19392.1 34493.2 48894.4 54652.1 79194.4 95924.3 78439.5
log_desv_Rt
 0.134999 0.120049 -0.422207 -0.29479 0.280701 0.0843961 0.689813 0.69233 0.99343 1.01054 0.426693 -0.0978724 -0.0277945 -0.488749 -0.830362 -0.942256 -1.08333 -0.973944 -0.887379 -0.311481 0.0374184 0.148744 0.519661 0.711315 0.510083
SSB
 749983 454094 456539 485302 428898 611921 883649 1.13443e+06 1.04447e+06 1.15447e+06 1.15846e+06 819790 504973 267046 129061 116884 136494 192483 243991 280938 431206 542164 659113 864764 1.19992e+06
BT
 2.34872e+06 614593 951853 733236 769185 853814 2.12579e+06 1.98104e+06 2.17942e+06 2.05084e+06 1.84065e+06 1.25191e+06 888935 489042 293051 213457 260371 345068 370811 515279 837501 759997 995021 1.38993e+06 1.72661e+06
Ftot
 0.310922 0.286292 0.541989 0.121417 0.0259804 0.321598 0.180734 0.325449 0.329986 0.249235 0.529212 0.500563 0.743945 1.30253 1.07559 0.445367 0.328608 0.224517 0.196097 0.184513 0.0867499 0.113685 0.142995 0.145652 0.139188
BD_Bspro_t
 0.957488 0.76496 0.679377 0.513538 0.60908 0.745225 0.695244 0.720676 0.671868 0.646845 0.621065 0.463609 0.353858 0.252225 0.153917 0.16531 0.245465 0.391171 0.508561 0.603844 0.720956 0.808651 0.813784 0.807241 0.800071
BD_Bspro
 0.772635 0.467809 0.470328 0.49996 0.441852 0.630404 0.910339 1.1687 1.07602 1.18934 1.19345 0.844551 0.520226 0.275112 0.132959 0.120414 0.140617 0.198297 0.251361 0.289423 0.444231 0.55854 0.679021 0.890884 1.23616
BD_Bo
 0.713248 0.431852 0.434177 0.461532 0.40789 0.581949 0.840367 1.07887 0.993314 1.09792 1.10172 0.779636 0.480239 0.253966 0.122739 0.111159 0.129809 0.183055 0.23204 0.267177 0.410086 0.515609 0.62683 0.822408 1.14114
BD_Brms
 3.48458 2.10981 2.12118 2.25482 1.99275 2.84311 4.10562 5.27081 4.85284 5.36392 5.38247 3.80892 2.34621 1.24075 0.599643 0.543068 0.634181 0.894316 1.13363 1.3053 2.00348 2.51901 3.06238 4.01788 5.57506
S_f
 0.5 1 1 1 1
 0.5 1 1 1 1
 0.5 1 1 1 1
 0.5 1 1 1 1
 0.5 1 1 1 1
 0.5 1 1 1 1
 0.5 1 1 1 1
 0.5 1 1 1 1
 0.5 1 1 1 1
 0.5 1 1 1 1
 0.5 1 1 1 1
 0.5 1 1 1 1
 0.5 1 1 1 1
 0.5 1 1 1 1
 0.5 1 1 1 1
 0.5 1 1 1 1
 0.5 1 1 1 1
 0.5 1 1 1 1
 0.5 1 1 1 1
 0.5 1 1 1 1
 0.5 1 1 1 1
 0.5 1 1 1 1
 0.5 1 1 1 1
 0.5 1 1 1 1
 0.5 1 1 1 1
Scru_reclas
 0.5 1 1 1 1
 0.5 1 1 1 1
 0.5 1 1 1 1
 0.5 1 1 1 1
 0.5 1 1 1 1
 0.5 1 1 1 1
 0.5 1 1 1 1
 0.5 1 1 1 1
 0.5 1 1 1 1
 0.5 1 1 1 1
 0.5 1 1 1 1
 0.5 1 1 1 1
 0.5 1 1 1 1
 0.5 1 1 1 1
 0.5 1 1 1 1
 0.5 1 1 1 1
 0.5 1 1 1 1
 0.5 1 1 1 1
 0.5 1 1 1 1
 0.5 1 1 1 1
 0.5 1 1 1 1
 0.5 1 1 1 1
 0.5 1 1 1 1
 0.5 1 1 1 1
 0.5 1 1 1 1
Scru_pelaces
 0.5 1 1 1 1
 0.5 1 1 1 1
 0.5 1 1 1 1
 0.5 1 1 1 1
 0.5 1 1 1 1
 0.5 1 1 1 1
 0.5 1 1 1 1
 0.5 1 1 1 1
 0.5 1 1 1 1
 0.5 1 1 1 1
 0.5 1 1 1 1
 0.5 1 1 1 1
 0.5 1 1 1 1
 0.5 1 1 1 1
 0.5 1 1 1 1
 0.5 1 1 1 1
 0.5 1 1 1 1
 0.5 1 1 1 1
 0.5 1 1 1 1
 0.5 1 1 1 1
 0.5 1 1 1 1
 0.5 1 1 1 1
 0.5 1 1 1 1
 0.5 1 1 1 1
 0.5 1 1 1 1
pf_obs 
 0.256992 0.487395 0.22802 0.0275931 0
 0.321318 0.546541 0.124235 0.00734118 0.000564706
 0.182869 0.594174 0.210203 0.0122559 0.00049798
 0.330522 0.361315 0.267642 0.0388342 0.00168674
 0.649043 0.306663 0.0425973 0.00169635 0
 0.582887 0.30429 0.105238 0.00758474 0
 0.465427 0.430635 0.0974691 0.00646863 0
 0.296916 0.608066 0.0921331 0.00288517 0
 0.311714 0.524322 0.152257 0.0117073 0
 0.15457 0.633149 0.183074 0.0267441 0.00246327
 0.131901 0.49318 0.331252 0.0422183 0.00144891
 0.196976 0.569456 0.194076 0.0375587 0.00193317
 0.518974 0.381816 0.0799577 0.0180837 0.00116848
 0.0928022 0.601141 0.25162 0.0475244 0.00691264
 0.122501 0.610282 0.24278 0.0234846 0.000952079
 0.383417 0.481906 0.127806 0.00687128 0
 0.0376549 0.599619 0.316969 0.0457579 0
 0.0361596 0.667082 0.258105 0.0386534 0
 0.158088 0.579412 0.248529 0.0139706 0
 0.0477256 0.309471 0.559284 0.082774 0.000745712
 0.0406174 0.521527 0.379366 0.0568643 0.0016247
 0.151134 0.462217 0.34131 0.0453401 0
 0.294876 0.26143 0.354403 0.0886775 0.000613685
 0.281977 0.475581 0.204845 0.0348837 0.00271318
 0 0 0 0 0
pf_pred 
 0.546396 0.323479 0.11667 0.0134492 5.87195e-06
 0.471645 0.383006 0.103653 0.0373846 0.00431143
 0.332429 0.440394 0.164682 0.0445677 0.0179281
 0.453492 0.294512 0.16624 0.0621642 0.023591
 0.547343 0.286088 0.0897636 0.050668 0.0261371
 0.38878 0.433333 0.112428 0.0352757 0.0301832
 0.567537 0.251961 0.127969 0.0332017 0.019331
 0.464957 0.392863 0.0828372 0.0420725 0.0172712
 0.529754 0.308609 0.118684 0.0250252 0.0179278
 0.475823 0.373485 0.0988951 0.0380329 0.0137645
 0.319129 0.450057 0.164459 0.043547 0.0228082
 0.310353 0.360568 0.217522 0.0794862 0.0320708
 0.45085 0.280316 0.140555 0.0847932 0.0434865
 0.440283 0.376454 0.0935471 0.0469059 0.0428095
 0.54219 0.322224 0.0911919 0.0226607 0.0217326
 0.564904 0.334091 0.0710915 0.0201194 0.00979437
 0.466699 0.398553 0.103467 0.0220169 0.00926425
 0.477563 0.343795 0.133504 0.0346588 0.0104783
 0.458538 0.357875 0.120812 0.0469142 0.0158614
 0.568794 0.276708 0.102114 0.0344718 0.0179121
 0.539845 0.338432 0.0781102 0.0288252 0.0147871
 0.459718 0.38158 0.116721 0.0269393 0.0150414
 0.503782 0.316252 0.127103 0.0388794 0.0139836
 0.478587 0.353994 0.1067 0.0428832 0.0178354
 0.374756 0.410611 0.145717 0.0439218 0.0249941
pobs_RECLAS
 0 0 0 0 0
 0 0 0 0 0
 0 0 0 0 0
 0 0 0 0 0
 0.835266 0.146461 0.0176864 0.000547809 3.91292e-05
 0.385257 0.428462 0.181853 0.0044286 0
 0.867414 0.0963971 0.0333333 0.00285562 0
 0.441836 0.489002 0.0689373 0.000224442 0
 0.779404 0.147425 0.0564933 0.0165055 0.000172143
 0.814271 0.122319 0.05973 0.00367925 0
 0.40263 0.566651 0.0304383 0.000280538 0
 0.475488 0.404961 0.113038 0.00651328 0
 0.955842 0.0263864 0.0167828 0.000988607 0
 0.975058 0.0227948 0.00214734 0 0
 0.738997 0.206755 0.0527124 0.00153531 0
 0.850938 0.134255 0.0134407 0.00136685 0
 0.542534 0.407297 0.0501686 0 0
 0.764087 0.199537 0.0359546 0.000420521 0
 0.470689 0.182191 0.310203 0.0369168 0
 0.84361 0.089868 0.0606195 0.00523954 0.000663233
 0.607945 0.314616 0.071237 0.00620181 0
 0.523733 0.453247 0.0230204 0 0
 0.530135 0.295979 0.169645 0.0042399 0
 0.562478 0.366248 0.0663022 0.0049721 0
 0.250443 0.683176 0.0655157 0.000865301 0
ppred_RECLAS
 0.549348 0.321374 0.11591 0.0133617 5.83374e-06
 0.474327 0.381062 0.103127 0.0371948 0.00428954
 0.337884 0.436795 0.163336 0.0442035 0.0177815
 0.454474 0.293983 0.165942 0.0620525 0.0235486
 0.547534 0.285967 0.0897257 0.0506466 0.026126
 0.391738 0.431236 0.111884 0.035105 0.0300372
 0.569063 0.251072 0.127518 0.0330845 0.0192628
 0.468096 0.390557 0.0823511 0.0418256 0.0171698
 0.53295 0.306511 0.117877 0.0248551 0.0178059
 0.478091 0.371869 0.0984672 0.0378683 0.0137049
 0.324303 0.446637 0.163209 0.0432161 0.0226349
 0.315082 0.358095 0.21603 0.0789411 0.0318509
 0.46027 0.275507 0.138143 0.0833386 0.0427405
 0.461792 0.361988 0.0899523 0.0451034 0.0411644
 0.558283 0.310898 0.0879864 0.0218642 0.0209686
 0.569532 0.330537 0.0703354 0.0199054 0.0096902
 0.469878 0.396177 0.102851 0.0218857 0.00920902
 0.479565 0.342478 0.132993 0.0345259 0.0104382
 0.460237 0.356752 0.120433 0.046767 0.0158117
 0.570356 0.275705 0.101744 0.0343469 0.0178472
 0.540525 0.337932 0.0779948 0.0287826 0.0147653
 0.460633 0.380934 0.116524 0.0268937 0.0150159
 0.504971 0.315494 0.126798 0.0387863 0.0139501
 0.4798 0.353171 0.106452 0.0427834 0.017794
 0.375838 0.4099 0.145465 0.0438458 0.0249508
pobs_PELACES
 0 0 0 0 0
 0 0 0 0 0
 0 0 0 0 0
 0 0 0 0 0
 0 0 0 0 0
 0 0 0 0 0
 0 0 0 0 0
 0 0 0 0 0
 0 0 0 0 0
 0 0 0 0 0
 0.450072 0.473896 0.0757376 0.000293798 0
 0 0 0 0 0
 0.463077 0.371075 0.160297 0.00555027 0
 0.529543 0.364841 0.0842815 0.0213345 0
 0.631943 0.363953 0.00410389 0 0
 0.735681 0.248677 0.0153453 0.000297389 0
 0.695825 0.281241 0.0229344 0 0
 0.275771 0.60734 0.115278 0.00161068 0
 0 0 0 0 0
 0.896147 0.0623911 0.0374545 0.00400742 0
 0.803859 0.145111 0.0509908 3.86294e-05 0
 0.739449 0.233085 0.0266225 0.000797448 4.60066e-05
 0.878498 0.100942 0.0204185 0.000141795 0
 0.694673 0.275183 0.0284847 0.00165964 0
 0 0 0 0 0
ppred_PELACES
 0.562014 0.312342 0.112653 0.0129861 5.66978e-06
 0.486118 0.372515 0.100814 0.0363605 0.00419333
 0.358172 0.423411 0.158331 0.042849 0.0172367
 0.459445 0.291304 0.16443 0.061487 0.023334
 0.548596 0.285296 0.0895151 0.0505278 0.0260647
 0.404452 0.422222 0.109546 0.0343713 0.0294093
 0.576361 0.24682 0.125358 0.0325243 0.0189366
 0.481486 0.380726 0.0802781 0.0407727 0.0167376
 0.546476 0.297635 0.114464 0.0241353 0.0172903
 0.48836 0.364552 0.0965297 0.0371232 0.0134353
 0.343723 0.433801 0.158518 0.041974 0.0219843
 0.333172 0.348637 0.210324 0.0768561 0.0310097
 0.490875 0.259885 0.13031 0.0786129 0.040317
 0.515442 0.325904 0.0809857 0.0406074 0.0370611
 0.601488 0.280489 0.0793804 0.0197256 0.0189177
 0.587448 0.31678 0.0674079 0.019077 0.00928689
 0.483403 0.386069 0.100227 0.0213273 0.00897408
 0.488817 0.33639 0.130629 0.0339122 0.0102526
 0.468284 0.351433 0.118637 0.0460698 0.0155759
 0.5778 0.270929 0.0999814 0.0337518 0.017538
 0.544078 0.335319 0.0773917 0.02856 0.0146511
 0.465296 0.37764 0.115516 0.0266611 0.0148861
 0.510868 0.311736 0.125288 0.0383242 0.0137839
 0.485801 0.349097 0.105224 0.0422899 0.0175887
 0.38124 0.406352 0.144206 0.0434663 0.0247349
pobs_pel_tallas
 0 0 0 0 0 0 0 0 0 0 0 0 0 0 0 0 0 0 0 0 0 0 0 0 0 0 0 0 0 0 0 0 0 0 0 0
 0 0 0 0 0 0 0 0 0 0 0 0 0 0 0 0 0 0 0 0 0 0 0 0 0 0 0 0 0 0 0 0 0 0 0 0
 0 0 0 0 0 0 0 0 0 0 0 0 0 0 0 0 0 0 0 0 0 0 0 0 0 0 0 0 0 0 0 0 0 0 0 0
 0 0 0 0 0 0 0 0 0 0 0 0 0 0 0 0 0 0 0 0 0 0 0 0 0 0 0 0 0 0 0 0 0 0 0 0
 0 0 0 0 0 0 0 0 0 0 0 0 0 0 0 0 0 0 0 0 0 0 0 0 0 0 0 0 0 0 0 0 0 0 0 0
 0 0 0 0 0 0 0 0 0 0 0 0 0 0 0 0 0 0 0 0 0 0 0 0 0 0 0 0 0 0 0 0 0 0 0 0
 0 0 0 0 0 0 0 0 0 0 0 0 0 0 0 0 0 0 0 0 0 0 0 0 0 0 0 0 0 0 0 0 0 0 0 0
 0 0 0 0 0 0 0 0 0 0 0 0 0 0 0 0 0 0 0 0 0 0 0 0 0 0 0 0 0 0 0 0 0 0 0 0
 0 0 0 0 0 0 0 0 0 0 0 0 0 0 0 0 0 0 0 0 0 0 0 0 0 0 0 0 0 0 0 0 0 0 0 0
 0 0 0 0 0 0 0 0 0 0 0 0 0 0 0 0 0 0 0 0 0 0 0 0 0 0 0 0 0 0 0 0 0 0 0 0
 0 0 0 0 0 0 0 0 1.78061e-05 0.00172719 0.00360574 0.0105946 0.0120993 0.0124554 0.0147524 0.0171206 0.0266825 0.0428682 0.0675386 0.121331 0.153587 0.119568 0.100827 0.0573624 0.0630603 0.0341343 0.0324427 0.0444173 0.0211091 0.0280891 0.0125444 0.00206551 0 0 0 0
 0 0 0 0 0 0 0 0 0 0 0 0 0 0 0 0 0 0 0 0 0 0 0 0 0 0 0 0 0 0 0 0 0 0 0 0
 0 0 0 0 0 0 0.0133647 0.0140871 0.0187388 0.0205184 0.03894 0.0496705 0.03968 0.0493445 0.0407372 0.0367815 0.0215668 0.0243155 0.0234873 0.0199281 0.019796 0.0243948 0.0301388 0.0376714 0.0412746 0.0863199 0.0771752 0.113111 0.0741005 0.0525337 0.0229764 0.00759418 0.00175318 0 0 0
 0 0 0 0 0 0 0 0 0 0 0.00219441 0.00772107 0.0458388 0.0604681 0.0671733 0.0775358 0.0609151 0.0617685 0.073594 0.0568108 0.0755445 0.0548602 0.0670107 0.0636378 0.0643287 0.046367 0.0373049 0.0286899 0.0247887 0.0153202 0.00654259 0.00121912 0.000365735 0 0 0
 0 0 0 0 0 0 0 0 0 0 0 0 0.000112435 0.00938835 0.0111873 0.0202946 0.0414886 0.0713402 0.111592 0.104902 0.108894 0.110636 0.117776 0.105296 0.107544 0.0401394 0.0192827 0.0124803 0.00416011 0.0028671 0.000618394 0 0 0 0 0
 0 0 0 0 0 0 0 0 0 0 0.00291406 0.0102884 0.027416 0.0768956 0.0749926 0.110853 0.0956884 0.0897413 0.0766577 0.0534642 0.0500743 0.0551293 0.0594112 0.0620874 0.0668451 0.0424026 0.0208742 0.0120726 0.0048766 0.00582813 0.00118941 0.000297354 0 0 0 0
 0 0.00264628 0.0354308 0.0461629 0.0458689 0.0383711 0.0214643 0.0164657 0.0346957 0.0420465 0.0363128 0.0245516 0.0311673 0.0291091 0.0169068 0.0133784 0.00837989 0.0085269 0.0148486 0.0160247 0.0276389 0.0546898 0.0760071 0.122758 0.109233 0.0665981 0.0333725 0.0166128 0.00676272 0.00308733 0.000882094 0 0 0 0 0
 0 0 0 0 0 0 0 0.000805153 0.000690131 0.00759144 0.0133425 0.0154129 0.00931677 0.000345066 0.00356568 0.00563607 0.00851162 0.0253048 0.0502646 0.0516448 0.0657925 0.0565908 0.0611916 0.0827007 0.0866115 0.110766 0.145733 0.0935128 0.0569358 0.0249597 0.0138026 0.00621118 0.00161031 0.00115022 0 0
 0 0 0 0 0 0 0 0 0 0 0 0 0 0 0 0 0 0 0 0 0 0 0 0 0 0 0 0 0 0 0 0 0 0 0 0
 0.00147267 0.00158595 0.00478618 0.00569244 0.00954404 0.0108468 0.00647125 0.017049 0.0510054 0.094081 0.124002 0.0959785 0.0687766 0.0820023 0.061753 0.0591476 0.0492212 0.0479892 0.0443925 0.0268479 0.0217502 0.0140895 0.0121071 0.0120363 0.00920419 0.00665534 0.0049561 0.00860946 0.00930331 0.0156896 0.0114698 0.00855282 0.00243557 0.00046729 0 2.83206e-05
 0 0 0 0 0.000772559 0.00158375 0.000888443 0.00281984 0.00712685 0.0440552 0.0773331 0.111326 0.0921469 0.0852325 0.0710754 0.0886704 0.0786465 0.0553345 0.0373146 0.0185414 0.00753245 0.00457741 0.012979 0.0271748 0.0457355 0.0583668 0.034881 0.0177882 0.00938659 0.00492506 0.0015258 0.00185414 0.000309023 5.79419e-05 3.86279e-05 0
 0 0.00173294 0.00326652 0 0.00397197 0.00683976 0.00946217 0.0152591 0.00757587 0.0136028 0.0228656 0.0392903 0.0559909 0.0764795 0.0681675 0.0726916 0.0566044 0.0477403 0.0527397 0.0444891 0.0609904 0.0582453 0.0661739 0.0445044 0.0529084 0.0360697 0.0280645 0.0235558 0.0158879 0.00826598 0.00280645 0.00217768 0.000904811 0.00058276 9.20147e-05 0
 0 0 0 0 0 0 0 0 0 0 0 0 0 0 0 0 0 0 0 0 0 0 0 0 0 0 0 0 0 0 0 0 0 0 0 0
 0 0 0 0 0 0 0 0 0 0 0 0 0 0 0 0 0 0 0 0 0 0 0 0 0 0 0 0 0 0 0 0 0 0 0 0
 0 0 0 0 0 0 0 0 0 0 0 0 0 0 0 0 0 0 0 0 0 0 0 0 0 0 0 0 0 0 0 0 0 0 0 0
ppred_pel_tallas
 1.02148e-16 2.4532e-05 0.000143956 0.000684248 0.0026343 0.00821473 0.02075 0.0424587 0.0703857 0.0945433 0.102927 0.0908974 0.0653033 0.0385881 0.0196196 0.0101655 0.0076372 0.00894819 0.0121788 0.0164098 0.0211238 0.0258503 0.0300819 0.0333308 0.0352264 0.0355948 0.0344914 0.0321708 0.0290116 0.0254219 0.0217565 0.0182694 0.0151044 0.0123157 0.00990133 0.00783431
 1.02998e-16 2.1225e-05 0.000124536 0.000591908 0.00227875 0.00710594 0.0179493 0.0367288 0.0608902 0.0817981 0.0890767 0.0787244 0.0566861 0.0337539 0.0176374 0.00991214 0.00838471 0.010418 0.0143551 0.0193615 0.0248995 0.0304274 0.0353474 0.0390864 0.0412151 0.0415427 0.0401528 0.0373655 0.0336436 0.0294768 0.0252821 0.0213464 0.0178187 0.0147377 0.0120763 0.00978306
 1.04664e-16 1.56481e-05 9.17897e-05 0.000436218 0.00167928 0.00523652 0.0132274 0.0270679 0.0448787 0.0603032 0.0657072 0.0581614 0.042077 0.0254516 0.0140281 0.00904204 0.00895413 0.0118819 0.0166257 0.0225295 0.0290813 0.0356955 0.0417007 0.0464413 0.0494139 0.0503738 0.0493781 0.0467453 0.0429554 0.0385245 0.0338976 0.0293889 0.0251737 0.0213186 0.0178286 0.0146876
 1.05633e-16 2.00587e-05 0.000117696 0.000559408 0.00215364 0.00671582 0.0169638 0.0347118 0.0575448 0.0772996 0.0841662 0.0743569 0.0534812 0.0317262 0.0163622 0.00886169 0.00713998 0.00870589 0.012017 0.016337 0.0212409 0.0263218 0.0311236 0.0351915 0.0381584 0.0398156 0.0401438 0.0392895 0.0375053 0.0350735 0.0322438 0.0292002 0.026061 0.0228985 0.0197675 0.0167241
 1.04318e-16 2.39457e-05 0.000140517 0.000667903 0.00257138 0.00801852 0.0202543 0.0414444 0.0687036 0.0922823 0.100461 0.0887095 0.0637092 0.0376015 0.0190359 0.00973099 0.00715391 0.0082897 0.0112697 0.0152122 0.0196396 0.0241303 0.0282325 0.0315111 0.033634 0.0344421 0.0339758 0.0324469 0.030169 0.0274736 0.0246389 0.0218518 0.0192063 0.0167276 0.0144073 0.0122321
 1.04248e-16 1.76659e-05 0.000103637 0.000492541 0.00189614 0.00591279 0.0149356 0.0305629 0.0506715 0.0680812 0.0741669 0.0656132 0.0473886 0.0285054 0.0154225 0.0095035 0.00897634 0.0116861 0.0162624 0.0219719 0.0282727 0.0345693 0.0401905 0.0444912 0.0469887 0.0474693 0.0460286 0.0430269 0.0389831 0.034443 0.0298665 0.0255648 0.0216926 0.0182817 0.0152934 0.012667
 1.03863e-16 2.51549e-05 0.000147619 0.000701676 0.00270142 0.00842407 0.0212787 0.04354 0.0721761 0.0969419 0.105522 0.0931496 0.0668358 0.039322 0.019677 0.00968507 0.0066651 0.00743743 0.0100424 0.0135795 0.0175982 0.0217275 0.0255731 0.028749 0.0309496 0.0320103 0.0319331 0.0308664 0.0290507 0.0267513 0.0242015 0.0215712 0.0189649 0.0164381 0.0140216 0.0117412
 1.03447e-16 2.10232e-05 0.000123351 0.000586274 0.00225705 0.00703829 0.0177785 0.0363793 0.0603109 0.0810209 0.0882327 0.0779843 0.0561657 0.0334691 0.0175341 0.00992523 0.00847335 0.0105679 0.0145657 0.0196331 0.0252256 0.030791 0.0357213 0.0394367 0.0415079 0.0417525 0.0402697 0.0373997 0.0336249 0.0294495 0.0252959 0.0214463 0.0180361 0.0150846 0.0125445 0.0103471
 1.0336e-16 2.38538e-05 0.000139976 0.000665329 0.00256146 0.0079876 0.0201762 0.0412847 0.0684394 0.0919286 0.10008 0.0883806 0.0634907 0.037508 0.0190544 0.00984816 0.00737255 0.00862879 0.0117556 0.0158683 0.0204768 0.0251387 0.0293766 0.0327285 0.0348396 0.0355369 0.034859 0.0330283 0.0303806 0.0272775 0.0240313 0.0208626 0.017895 0.0151762 0.0127105 0.0104876
 1.03393e-16 2.13224e-05 0.000125108 0.000594632 0.00228924 0.00713867 0.018032 0.0368979 0.0611701 0.0821733 0.0894829 0.079078 0.0569288 0.0338745 0.0176567 0.00985397 0.00825874 0.0102191 0.0140712 0.0189811 0.0244192 0.0298558 0.0347078 0.0384165 0.0405631 0.0409614 0.0396923 0.0370659 0.0335305 0.0295585 0.0255502 0.0217783 0.0183814 0.015392 0.012781 0.010499
 1.04861e-16 1.50185e-05 8.80923e-05 0.000418638 0.00161159 0.00502543 0.0126942 0.025977 0.0430709 0.0578766 0.0630699 0.0558431 0.0404347 0.0245281 0.0136451 0.00898441 0.00908177 0.0121401 0.0170102 0.0230526 0.029753 0.0365136 0.0426473 0.0474839 0.050509 0.0514745 0.0504414 0.0477388 0.0438604 0.0393357 0.0346203 0.0300343 0.0257539 0.0218438 0.0183051 0.0151177
 1.07189e-16 1.4555e-05 8.53791e-05 0.000405757 0.00156202 0.00487087 0.0123037 0.0251774 0.0417433 0.0560871 0.0611051 0.0540687 0.0390748 0.0235541 0.0128381 0.00806593 0.00780024 0.0102952 0.0144575 0.0197225 0.0256818 0.0318747 0.0377612 0.0427964 0.0465358 0.0487211 0.049316 0.0484809 0.0465022 0.0437036 0.0403734 0.0367269 0.0329065 0.0290063 0.025103 0.021278
 1.0652e-16 2.14278e-05 0.000125737 0.000597642 0.00230086 0.00717493 0.0181235 0.0370843 0.0614762 0.0825757 0.0898979 0.0793895 0.0570331 0.0336969 0.0171272 0.00887188 0.00667776 0.00786359 0.0107761 0.0146458 0.019063 0.023663 0.0280453 0.0318123 0.0346438 0.0363582 0.0369377 0.0365061 0.0352737 0.0334703 0.0312908 0.0288693 0.0262834 0.0235764 0.0207854 0.0179611
 1.04383e-16 2.25016e-05 0.000132035 0.000627572 0.00241608 0.00753422 0.0190311 0.0389418 0.0645568 0.0867174 0.094417 0.0834046 0.0599699 0.0355364 0.0182524 0.0097573 0.0076955 0.00925016 0.0126646 0.0170844 0.0220063 0.0269549 0.031414 0.0348893 0.0370104 0.0376112 0.0367596 0.034723 0.0318861 0.0286507 0.0253507 0.022206 0.0193199 0.0167068 0.0143352 0.0121645
 1.0278e-16 2.62518e-05 0.000154057 0.000732272 0.00281922 0.0087914 0.0222065 0.0454387 0.0753241 0.101171 0.11013 0.0972256 0.0697792 0.0410909 0.0206294 0.0102603 0.00718658 0.0080848 0.0108956 0.0146535 0.0188518 0.0230601 0.0268259 0.029718 0.0314132 0.031766 0.0308362 0.0288591 0.0261765 0.0231493 0.0200833 0.0171876 0.0145688 0.012253 0.0102194 0.00843215
 1.0215e-16 2.56411e-05 0.000150468 0.000715203 0.00275348 0.00858641 0.0216888 0.0443796 0.0735696 0.0988186 0.107578 0.0949962 0.0682294 0.0402793 0.0204083 0.0104557 0.00770535 0.00892061 0.0120859 0.016235 0.0208282 0.0253822 0.0293838 0.0323477 0.0339162 0.0339401 0.0325083 0.0299134 0.02657 0.0229126 0.0193077 0.0160036 0.0131223 0.0106842 0.00864821 0.00694962
 1.02701e-16 2.11071e-05 0.000123843 0.00058861 0.00226604 0.00706633 0.0178493 0.0365242 0.0605514 0.0813444 0.0885861 0.0782992 0.0563981 0.0336188 0.0176333 0.0100144 0.00858641 0.0107301 0.014796 0.019945 0.0256255 0.0312749 0.0362718 0.040022 0.0420827 0.0422615 0.0406537 0.0376019 0.0335986 0.029164 0.0247412 0.0206351 0.0170026 0.0138814 0.0112365 0.00900375
 1.03609e-16 2.13413e-05 0.000125222 0.000595176 0.00229134 0.00714523 0.0180485 0.0369315 0.0612252 0.082245 0.0895552 0.079128 0.0569347 0.0338181 0.0175186 0.00960679 0.00786581 0.00963895 0.0132679 0.017938 0.0231523 0.0284242 0.0332156 0.037004 0.0393871 0.0401678 0.0393885 0.0372995 0.03428 0.0307394 0.0270323 0.0234107 0.0200177 0.0169108 0.0140984 0.0115711
 1.0411e-16 2.04465e-05 0.000119967 0.000570193 0.00219515 0.00684524 0.0172908 0.0353813 0.0586561 0.0787966 0.0858072 0.075833 0.0546001 0.032504 0.0169711 0.00951916 0.00803719 0.00998922 0.0137875 0.0186407 0.0240474 0.0295045 0.0344531 0.0383519 0.0407879 0.0415638 0.0407327 0.0385641 0.0354589 0.0318447 0.028087 0.0244389 0.0210363 0.0179247 0.0150991 0.01254
 1.03487e-16 2.52186e-05 0.000147991 0.000703439 0.00270821 0.00844522 0.0213321 0.0436495 0.0723582 0.0971883 0.105795 0.093402 0.0670417 0.0394927 0.0198535 0.00992023 0.00701126 0.00794068 0.0107377 0.0144829 0.0186963 0.0229694 0.0268683 0.0299746 0.0319668 0.0326877 0.0321711 0.0306155 0.0283208 0.0256081 0.0227526 0.0199462 0.0172938 0.0148337 0.0125685 0.0104909
 1.02874e-16 2.37507e-05 0.000139368 0.000662429 0.00255028 0.00795273 0.0200882 0.0411048 0.0681422 0.0915326 0.099657 0.0880266 0.0632786 0.0374673 0.0191886 0.0101665 0.00790658 0.00942751 0.0128677 0.0173203 0.0222525 0.0271648 0.0315182 0.0347999 0.0366293 0.0368429 0.0355258 0.0329756 0.0296171 0.0258955 0.0221861 0.0187422 0.0156884 0.013047 0.0107806 0.00883116
 1.03375e-16 2.03173e-05 0.000119206 0.00056657 0.00218119 0.0068017 0.0171809 0.0351565 0.0582843 0.0782995 0.0852723 0.0753753 0.0543034 0.032393 0.0170328 0.0097419 0.00843256 0.0105901 0.0146329 0.0197574 0.0254338 0.031118 0.0362052 0.0401131 0.0424023 0.0428725 0.0415994 0.0388968 0.0352236 0.0310674 0.026845 0.0228456 0.0192221 0.0160195 0.0132184 0.0107758
 1.03841e-16 2.23018e-05 0.000130863 0.000622001 0.00239463 0.00746734 0.0188621 0.038596 0.0639834 0.0859466 0.0935761 0.0826577 0.0594245 0.0351965 0.0180482 0.00960286 0.00752579 0.00902793 0.0123751 0.0167321 0.0216162 0.0265733 0.0311061 0.0347309 0.0370735 0.0379472 0.0373844 0.0356075 0.0329567 0.0297998 0.0264547 0.0231471 0.0200054 0.0170828 0.0143915 0.0119308
 1.03883e-16 2.12102e-05 0.000124451 0.00059151 0.00227722 0.0071012 0.0179373 0.0367041 0.0608485 0.0817402 0.0890085 0.0786521 0.0566077 0.0336547 0.01749 0.00967928 0.0080232 0.00988274 0.0136064 0.0183748 0.0236779 0.0290111 0.0338185 0.0375642 0.0398429 0.0404669 0.0394997 0.0372214 0.0340422 0.030397 0.0266548 0.0230683 0.0197685 0.0167919 0.0141222 0.0117275
 1.04829e-16 1.66532e-05 9.76925e-05 0.000464285 0.00178735 0.00557354 0.0140787 0.0288095 0.0477649 0.0641771 0.0699171 0.0618614 0.0446962 0.0269208 0.0146299 0.00911712 0.00872224 0.011425 0.0159443 0.0215965 0.027874 0.0342121 0.0399673 0.0445134 0.0473706 0.048308 0.0473837 0.0449056 0.0413343 0.0371625 0.0328121 0.028577 0.0246167 0.0209867 0.0176847 0.0146911
pSPR Fmed_Fpbrs
0.618749   0.254687 0.254687
Fs Fmed_Fpbrs
0.25934   1.005 1.005
SSBpbr Bo_Bmed_Bpbrs
1.0515e+06  598042  215229 215229
Ro
47098.7
SPR SPRFo_SPRFmed_SPRFpbrs
970681 600608 247220
log_Ro
10.58
likeval ReclasPelacesDesembMPH_pf_preclas_ppelaces_ptallas_desvR_qrecl_qpela
 126.85 71.422 0.0209055 0.000814084 310.288 209.942 74.0775 0 13.0861 0 0 0 0 0 0
q_reclas_q_pelaces
1 1
M
0.7
N
 53906.1 17042.3 6146.68 708.565 0.309361
 53106.2 22914.8 6201.42 2236.67 257.947
 30877.8 22854.5 8546.23 2312.86 930.386
 35073.8 11693.6 6600.58 2468.23 936.68
 62361.4 16391.2 5142.94 2902.99 1497.51
 51246.2 30568.1 7930.89 2488.41 2129.18
 93883.7 21668.1 11005.1 2855.27 1662.42
 94120.4 42593 8980.97 4561.37 1872.49
 127189 39719.8 15275.4 3220.89 2307.41
 129383 53553.5 14180.4 5453.49 1973.67
 72163.7 56722 20727.2 5488.36 2874.59
 42707.4 27504 16592.5 6063.18 2446.35
 45807.6 16512.1 8279.39 4994.75 2561.58
 28890 15681.4 3896.76 1953.89 1783.26
 20529.9 7479.99 2116.89 526.038 504.491
 18356.6 5954.15 1266.99 358.568 174.555
 15941.3 7295.85 1894.06 403.039 169.59
 17784 6716.79 2608.3 677.134 204.717
 19392.1 7893.52 2664.7 1034.77 349.851
 34493.2 8730.45 3221.81 1087.62 565.146
 48894.4 15619.3 3604.93 1330.34 682.454
 54652.1 23249.6 7111.81 1641.41 916.468
 79194.4 25639.8 10304.7 3152.11 1133.71
 95924.3 36613.2 11035.9 4435.35 1844.7
 78439.5 44288.9 15717.2 4737.45 2695.88
pred_Ctot
 5631.98 3334.26 1202.57 138.628 0.0605252
 5136.02 4170.78 1128.74 407.103 46.9497
 5354.11 7093.01 2652.37 717.809 288.75
 1490.97 968.284 546.558 204.381 77.5613
 579.252 302.767 94.9966 53.6219 27.6608
 5525.24 6158.4 1597.8 501.329 428.956
 5864.35 2603.51 1322.3 343.072 199.746
 10260.9 8669.86 1828.09 928.473 381.147
 14045.6 8182.28 3146.73 663.505 475.327
 10980.7 8619.01 2282.23 877.695 317.647
 12250.8 17277 6313.29 1671.7 875.569
 6899.22 8015.51 4835.56 1767 712.942
 10453.7 6499.62 3259 1966.08 1008.31
 10318.9 8822.95 2192.46 1099.33 1003.32
 6332.84 3763.61 1065.13 264.68 253.838
 2669.44 1578.74 335.941 95.0737 46.283
 1753.58 1497.53 388.77 82.7266 34.8096
 1366.92 984.04 382.128 99.2033 29.992
 1309.9 1022.33 345.12 134.019 45.311
 2197.83 1069.2 394.57 133.199 69.2125
 1496.34 938.066 216.506 79.8975 40.9869
 2178.97 1808.61 553.236 127.687 71.2931
 3946.16 2477.23 995.607 304.546 109.535
 4865.78 3599.04 1084.82 435.991 181.332
 3807.66 4171.96 1480.54 446.262 253.949
F
 0.155461 0.310922 0.310922 0.310922 0.310922
 0.143146 0.286292 0.286292 0.286292 0.286292
 0.270995 0.541989 0.541989 0.541989 0.541989
 0.0607087 0.121417 0.121417 0.121417 0.121417
 0.0129902 0.0259804 0.0259804 0.0259804 0.0259804
 0.160799 0.321598 0.321598 0.321598 0.321598
 0.0903669 0.180734 0.180734 0.180734 0.180734
 0.162724 0.325449 0.325449 0.325449 0.325449
 0.164993 0.329986 0.329986 0.329986 0.329986
 0.124617 0.249235 0.249235 0.249235 0.249235
 0.264606 0.529212 0.529212 0.529212 0.529212
 0.250281 0.500563 0.500563 0.500563 0.500563
 0.371973 0.743945 0.743945 0.743945 0.743945
 0.651264 1.30253 1.30253 1.30253 1.30253
 0.537794 1.07559 1.07559 1.07559 1.07559
 0.222683 0.445367 0.445367 0.445367 0.445367
 0.164304 0.328608 0.328608 0.328608 0.328608
 0.112259 0.224517 0.224517 0.224517 0.224517
 0.0980487 0.196097 0.196097 0.196097 0.196097
 0.0922565 0.184513 0.184513 0.184513 0.184513
 0.043375 0.0867499 0.0867499 0.0867499 0.0867499
 0.0568427 0.113685 0.113685 0.113685 0.113685
 0.0714976 0.142995 0.142995 0.142995 0.142995
 0.0728259 0.145652 0.145652 0.145652 0.145652
 0.0695942 0.139188 0.139188 0.139188 0.139188
nmprior
 10 11 7 0
nm_flota  nm_reclas  nm_pelaces    nm_pelaL
inf 13.5866 13.2244 22.1642
cv_recla  cv_pelaces  cv_mph
1.01876 0.994445 0.925705
 ------------------------------------------------
Talla a la edad & desviación 
 7.2 14.2025 17.0495 18.207 18.6776
 1.08 2.13037 2.55742 2.73105 2.80164
