years
 1997 1998 1999 2000 2001 2002 2003 2004 2005 2006 2007 2008 2009 2010 2011 2012 2013 2014 2015 2016 2017 2018 2019 2020 2021
reclasobs
 0 0 0 370054 412103 1.49427e+06 250295 1.28982e+06 931140 785840 897777 1.04006e+06 184774 17550 25797 100020 73551 82996 120727 218422 84188 347160 605670 569463 516374
reclaspred
 494088 125197 321574 223592 355752 421501 914606 622786 710448 727653 596359 408246 258952 109248 64866.6 62969 77237.9 101072 106718 153996 227415 210954 359190 449503 462717
pelacesobs
 0 0 0 0 0 0 0 0 0 2.06254e+06 1.5e+06 0 1.87456e+06 323000 250000 174000 83755 137374 0 501740 490994 745055 786931 1.00524e+06 0
pelacespred
 2.13717e+06 453301 731607 781220 1.09228e+06 1.01197e+06 2.69492e+06 2.13367e+06 2.23751e+06 2.28095e+06 1.62613e+06 1.16208e+06 734584 241700 148064 154127 198810 270288 283913 410469 693545 603278 814846 1.20479e+06 1.25105e+06
mphobs
 0 0 0 0 0 112323 0 153150 637223 0 255016 313432 73983 77613 109348 50772 0 0 0 0 0 0 0 0 0
mphpred
 190963 105138 115150 115967 132079 220189 314409 373007 321532 342123 359544 249936 156730 82914.6 34324.7 26811.2 32355 42854.2 52149.8 60209.8 93149.4 112046 140676 194646 273369
desembarqueobs
 350755 77701 442110 56441 14545 235359 269955 359681 431902 328805 639364 411747 362871 311530 167758 66681 60226 58785 57116 71774 51957 67425 138520 160799 200461
desembarquepred
 350762 77698 442072 56442.9 14545.2 235406 269992 359644 431907 328794 639270 411776 362948 311608 167590 66673.3 60244.6 58773.8 57099.7 71767.6 51956.8 67411.9 138516 160802 200455
Reclutas
 38486.5 47783 24258.2 39630.4 69390.5 48805.4 80564.6 82571.8 105975 126432 65223.6 45697.3 47111.6 24039 14618.7 15056.1 10887.6 12007.7 13715.8 23280.4 28384.7 38137.6 57437.9 70461.7 22856.9
log_desv_Rt
 0.0380641 0.254425 -0.42349 0.0673511 0.627505 0.275597 0.776814 0.801424 1.05096 1.22746 0.565577 0.209795 0.240274 -0.432568 -0.929945 -0.90046 -1.22462 -1.1267 -0.993694 -0.464633 -0.266395 0.0289569 0.43846 0.642824 -0.482989
SSB
 535410 294780 322849 325142 370315 617352 881520 1.04581e+06 901491 959223 1.00807e+06 700753 439430 232471 96237.3 75171.4 90714.9 120152 146214 168812 261166 314148 394418 545734 766454
BT
 1.69662e+06 434064 725797 578559 736386 856981 1.97204e+06 1.82062e+06 1.87933e+06 1.8273e+06 1.64778e+06 1.14574e+06 837670 450346 235265 156397 179633 226389 236715 329611 502435 463601 634766 930310 994716
Ftot
 0.590316 0.550833 0.940007 0.208242 0.0370449 0.351971 0.232163 0.456856 0.514795 0.377519 0.70432 0.661481 1.04835 1.89839 2.1524 0.913736 0.636359 0.459474 0.386448 0.391676 0.180567 0.229588 0.27277 0.273387 0.246891
BD_Bspro_t
 0.928123 0.679664 0.602761 0.42501 0.584669 0.751508 0.700325 0.708724 0.644335 0.614011 0.596729 0.4339 0.328202 0.228376 0.121391 0.117757 0.186129 0.301071 0.40026 0.495596 0.629101 0.72636 0.737704 0.739835 0.732204
BD_Bspro
 0.701198 0.386057 0.422818 0.425821 0.484982 0.808513 1.15448 1.36965 1.18063 1.25624 1.32021 0.917739 0.575498 0.304454 0.126037 0.0984479 0.118804 0.157356 0.191489 0.221084 0.342036 0.411423 0.516548 0.714719 1.00378
BD_Bo
 0.572017 0.314934 0.344923 0.347373 0.395635 0.659562 0.941791 1.11732 0.963128 1.02481 1.07699 0.748666 0.469475 0.248365 0.102817 0.080311 0.0969173 0.128367 0.156211 0.180354 0.279023 0.335627 0.421385 0.583048 0.818858
BD_Brms
 1.94428 1.07046 1.17239 1.18072 1.34476 2.24185 3.20115 3.79776 3.27367 3.48331 3.66068 2.54471 1.59574 0.844192 0.349476 0.272977 0.329421 0.436318 0.530962 0.613024 0.948398 1.1408 1.43229 1.98178 2.7833
S_f
 0.161839 1 1 1 1
 0.161839 1 1 1 1
 0.161839 1 1 1 1
 0.161839 1 1 1 1
 0.161839 1 1 1 1
 0.161839 1 1 1 1
 0.161839 1 1 1 1
 0.161839 1 1 1 1
 0.161839 1 1 1 1
 0.161839 1 1 1 1
 0.161839 1 1 1 1
 0.161839 1 1 1 1
 0.161839 1 1 1 1
 0.161839 1 1 1 1
 0.161839 1 1 1 1
 0.161839 1 1 1 1
 0.161839 1 1 1 1
 0.161839 1 1 1 1
 0.161839 1 1 1 1
 0.161839 1 1 1 1
 0.161839 1 1 1 1
 0.161839 1 1 1 1
 0.161839 1 1 1 1
 0.161839 1 1 1 1
 0.161839 1 1 1 1
Scru_reclas
 0.89901 1 1 1 1
 0.89901 1 1 1 1
 0.89901 1 1 1 1
 0.89901 1 1 1 1
 0.89901 1 1 1 1
 0.89901 1 1 1 1
 0.89901 1 1 1 1
 0.89901 1 1 1 1
 0.89901 1 1 1 1
 0.89901 1 1 1 1
 0.89901 1 1 1 1
 0.89901 1 1 1 1
 0.89901 1 1 1 1
 0.89901 1 1 1 1
 0.89901 1 1 1 1
 0.89901 1 1 1 1
 0.89901 1 1 1 1
 0.89901 1 1 1 1
 0.89901 1 1 1 1
 0.89901 1 1 1 1
 0.89901 1 1 1 1
 0.89901 1 1 1 1
 0.89901 1 1 1 1
 0.89901 1 1 1 1
 0.89901 1 1 1 1
Scru_pelaces
 1 1 1 1 1
 1 1 1 1 1
 1 1 1 1 1
 1 1 1 1 1
 1 1 1 1 1
 1 1 1 1 1
 1 1 1 1 1
 1 1 1 1 1
 1 1 1 1 1
 1 1 1 1 1
 1 1 1 1 1
 1 1 1 1 1
 1 1 1 1 1
 1 1 1 1 1
 1 1 1 1 1
 1 1 1 1 1
 1 1 1 1 1
 1 1 1 1 1
 1 1 1 1 1
 1 1 1 1 1
 1 1 1 1 1
 1 1 1 1 1
 1 1 1 1 1
 1 1 1 1 1
 1 1 1 1 1
pf_obs 
 0.256992 0.487395 0.22802 0.0275931 0
 0.321318 0.546541 0.124235 0.00734118 0.000564706
 0.182869 0.594174 0.210203 0.0122559 0.00049798
 0.330522 0.361315 0.267642 0.0388342 0.00168674
 0.649043 0.306663 0.0425973 0.00169635 0
 0.582887 0.30429 0.105238 0.00758474 0
 0.465427 0.430635 0.0974691 0.00646863 0
 0.296916 0.608066 0.0921331 0.00288517 0
 0.311714 0.524322 0.152257 0.0117073 0
 0.15457 0.633149 0.183074 0.0267441 0.00246327
 0.131901 0.49318 0.331252 0.0422183 0.00144891
 0.196976 0.569456 0.194076 0.0375587 0.00193317
 0.518974 0.381816 0.0799577 0.0180837 0.00116848
 0.0928022 0.601141 0.25162 0.0475244 0.00691264
 0.122501 0.610282 0.24278 0.0234846 0.000952079
 0.383417 0.481906 0.127806 0.00687128 0
 0.0376549 0.599619 0.316969 0.0457579 0
 0.0361596 0.667082 0.258105 0.0386534 0
 0.158088 0.579412 0.248529 0.0139706 0
 0.0477256 0.309471 0.559284 0.082774 0.000745712
 0.0406174 0.521527 0.379366 0.0568643 0.0016247
 0.151134 0.462217 0.34131 0.0453401 0
 0.294876 0.26143 0.354403 0.0886775 0.000613685
 0.281977 0.475581 0.204845 0.0348837 0.00271318
 0 0 0 0 0
pf_pred 
 0.302308 0.490009 0.185387 0.0222865 9.64906e-06
 0.296608 0.549699 0.107943 0.0408384 0.00491155
 0.16075 0.648992 0.148686 0.029197 0.0123747
 0.304593 0.455638 0.185414 0.0424788 0.0118768
 0.309537 0.517341 0.113431 0.0461586 0.0135318
 0.161768 0.61872 0.164473 0.0360619 0.0189768
 0.266134 0.429689 0.22452 0.0596838 0.0199724
 0.22549 0.553414 0.129455 0.0676428 0.0239986
 0.271785 0.503845 0.160319 0.0375021 0.0265477
 0.265473 0.549239 0.128199 0.0407918 0.0162969
 0.142174 0.624675 0.174337 0.0406923 0.0181209
 0.159895 0.49737 0.249582 0.0696545 0.0234982
 0.246812 0.46678 0.169563 0.0850875 0.0317576
 0.212738 0.610265 0.109692 0.0398469 0.0274583
 0.293611 0.580998 0.0972001 0.0174712 0.0107201
 0.365775 0.566165 0.0559787 0.00936516 0.00271621
 0.224342 0.65887 0.104255 0.0103081 0.0022247
 0.249525 0.532609 0.185063 0.0292831 0.00352019
 0.248745 0.540698 0.149432 0.0519222 0.00920346
 0.325002 0.48022 0.140187 0.0387432 0.0158481
 0.261276 0.577942 0.114387 0.0333919 0.0130034
 0.256503 0.523592 0.172043 0.0340507 0.013811
 0.283466 0.50443 0.149369 0.04908 0.0136539
 0.253306 0.549423 0.138876 0.0411234 0.0172715
 0.078472 0.649609 0.20008 0.0505738 0.0212653
pobs_RECLAS
 0 0 0 0 0
 0 0 0 0 0
 0 0 0 0 0
 0 0 0 0 0
 0.835266 0.146461 0.0176864 0.000547809 3.91292e-05
 0.385257 0.428462 0.181853 0.0044286 0
 0.867414 0.0963971 0.0333333 0.00285562 0
 0.441836 0.489002 0.0689373 0.000224442 0
 0.779404 0.147425 0.0564933 0.0165055 0.000172143
 0.814271 0.122319 0.05973 0.00367925 0
 0.40263 0.566651 0.0304383 0.000280538 0
 0.475488 0.404961 0.113038 0.00651328 0
 0.955842 0.0263864 0.0167828 0.000988607 0
 0.975058 0.0227948 0.00214734 0 0
 0.738997 0.206755 0.0527124 0.00153531 0
 0.850938 0.134255 0.0134407 0.00136685 0
 0.542534 0.407297 0.0501686 0 0
 0.764087 0.199537 0.0359546 0.000420521 0
 0.470689 0.182191 0.310203 0.0369168 0
 0.84361 0.089868 0.0606195 0.00523954 0.000663233
 0.607945 0.314616 0.071237 0.00620181 0
 0.523733 0.453247 0.0230204 0 0
 0.530135 0.295979 0.169645 0.0042399 0
 0.562478 0.366248 0.0663022 0.0049721 0
 0.250443 0.683176 0.0655157 0.000865301 0
ppred_RECLAS
 0.715157 0.200053 0.0756868 0.00909877 3.93937e-06
 0.708836 0.227544 0.0446822 0.0169048 0.0020331
 0.535346 0.359317 0.0823205 0.016165 0.0068513
 0.711151 0.189257 0.0770147 0.0176443 0.00493324
 0.713871 0.214387 0.0470059 0.0191282 0.0056076
 0.522856 0.352192 0.0936225 0.0205274 0.0108021
 0.671229 0.1925 0.100585 0.0267383 0.0089476
 0.625054 0.267911 0.0626703 0.0327464 0.0116179
 0.682313 0.219805 0.06994 0.0163605 0.0115816
 0.6728 0.244662 0.0571071 0.018171 0.00725957
 0.492688 0.369429 0.103102 0.0240652 0.0107165
 0.526167 0.280525 0.140768 0.0392863 0.0132533
 0.666402 0.206744 0.0751021 0.0376865 0.0140659
 0.652777 0.269158 0.0483798 0.0175745 0.0121105
 0.75213 0.203871 0.0341073 0.00613061 0.00376164
 0.775699 0.200231 0.0197975 0.0033121 0.000960619
 0.627326 0.316562 0.0500906 0.00495264 0.00106888
 0.655676 0.244365 0.0849082 0.0134353 0.00161509
 0.653389 0.249465 0.0689442 0.0239556 0.00424625
 0.732789 0.190104 0.0554956 0.0153372 0.00627375
 0.66494 0.262135 0.0518818 0.0151454 0.00589791
 0.660086 0.239377 0.0786549 0.0155674 0.00631416
 0.690726 0.217725 0.0644716 0.0211842 0.00589338
 0.656973 0.252402 0.0637991 0.0188919 0.00793443
 0.324268 0.476341 0.146714 0.0370844 0.0155933
pobs_PELACES
 0 0 0 0 0
 0 0 0 0 0
 0 0 0 0 0
 0 0 0 0 0
 0 0 0 0 0
 0 0 0 0 0
 0 0 0 0 0
 0 0 0 0 0
 0 0 0 0 0
 0 0 0 0 0
 0.450072 0.473896 0.0757376 0.000293798 0
 0 0 0 0 0
 0.463077 0.371075 0.160297 0.00555027 0
 0.529543 0.364841 0.0842815 0.0213345 0
 0.631943 0.363953 0.00410389 0 0
 0.735681 0.248677 0.0153453 0.000297389 0
 0.695825 0.281241 0.0229344 0 0
 0.275771 0.60734 0.115278 0.00161068 0
 0 0 0 0 0
 0.896147 0.0623911 0.0374545 0.00400742 0
 0.803859 0.145111 0.0509908 3.86294e-05 0
 0.739449 0.233085 0.0266225 0.000797448 4.60066e-05
 0.878498 0.100942 0.0204185 0.000141795 0
 0.694673 0.275183 0.0284847 0.00165964 0
 0 0 0 0 0
ppred_PELACES
 0.766795 0.163786 0.0619658 0.00744929 3.22522e-06
 0.759247 0.188148 0.0369461 0.0139779 0.0016811
 0.624357 0.290485 0.0665509 0.0130684 0.00553885
 0.743652 0.167962 0.0683489 0.0156589 0.00437815
 0.737104 0.19698 0.0431892 0.0175751 0.00515229
 0.573294 0.314963 0.0837259 0.0183575 0.00966023
 0.707738 0.171123 0.0894151 0.0237691 0.00795399
 0.677844 0.230191 0.0538467 0.0281359 0.00998216
 0.73366 0.184278 0.0586357 0.0137162 0.00970966
 0.717431 0.211289 0.0493174 0.0156924 0.00626933
 0.567589 0.314885 0.0878796 0.0205121 0.00913432
 0.59729 0.238418 0.119639 0.0333894 0.011264
 0.748077 0.156126 0.0567148 0.0284597 0.0106221
 0.77951 0.170918 0.0307217 0.01116 0.00769031
 0.85958 0.115494 0.019322 0.00347303 0.002131
 0.832014 0.149959 0.014827 0.00248053 0.000719437
 0.690666 0.262759 0.0415772 0.00411088 0.000887214
 0.706331 0.208415 0.0724169 0.0114588 0.00137749
 0.700005 0.215914 0.0596719 0.0207339 0.00367518
 0.772699 0.161711 0.0472069 0.0130465 0.00533672
 0.698842 0.235611 0.0466322 0.013613 0.00530114
 0.697124 0.213294 0.0700844 0.0138711 0.00562615
 0.728183 0.191356 0.0566633 0.0186185 0.00517962
 0.696759 0.223127 0.0563993 0.0167007 0.00701416
 0.363669 0.448566 0.138159 0.0349221 0.0146841
pobs_pel_tallas
 0 0 0 0 0 0 0 0 0 0 0 0 0 0 0 0 0 0 0 0 0 0 0 0 0 0 0 0 0 0 0 0 0 0 0 0
 0 0 0 0 0 0 0 0 0 0 0 0 0 0 0 0 0 0 0 0 0 0 0 0 0 0 0 0 0 0 0 0 0 0 0 0
 0 0 0 0 0 0 0 0 0 0 0 0 0 0 0 0 0 0 0 0 0 0 0 0 0 0 0 0 0 0 0 0 0 0 0 0
 0 0 0 0 0 0 0 0 0 0 0 0 0 0 0 0 0 0 0 0 0 0 0 0 0 0 0 0 0 0 0 0 0 0 0 0
 0 0 0 0 0 0 0 0 0 0 0 0 0 0 0 0 0 0 0 0 0 0 0 0 0 0 0 0 0 0 0 0 0 0 0 0
 0 0 0 0 0 0 0 0 0 0 0 0 0 0 0 0 0 0 0 0 0 0 0 0 0 0 0 0 0 0 0 0 0 0 0 0
 0 0 0 0 0 0 0 0 0 0 0 0 0 0 0 0 0 0 0 0 0 0 0 0 0 0 0 0 0 0 0 0 0 0 0 0
 0 0 0 0 0 0 0 0 0 0 0 0 0 0 0 0 0 0 0 0 0 0 0 0 0 0 0 0 0 0 0 0 0 0 0 0
 0 0 0 0 0 0 0 0 0 0 0 0 0 0 0 0 0 0 0 0 0 0 0 0 0 0 0 0 0 0 0 0 0 0 0 0
 0 0 0 0 0 0 0 0 0 0 0 0 0 0 0 0 0 0 0 0 0 0 0 0 0 0 0 0 0 0 0 0 0 0 0 0
 0 0 0 0 0 0 0 0 1.78061e-05 0.00172719 0.00360574 0.0105946 0.0120993 0.0124554 0.0147524 0.0171206 0.0266825 0.0428682 0.0675386 0.121331 0.153587 0.119568 0.100827 0.0573624 0.0630603 0.0341343 0.0324427 0.0444173 0.0211091 0.0280891 0.0125444 0.00206551 0 0 0 0
 0 0 0 0 0 0 0 0 0 0 0 0 0 0 0 0 0 0 0 0 0 0 0 0 0 0 0 0 0 0 0 0 0 0 0 0
 0 0 0 0 0 0 0.0133647 0.0140871 0.0187388 0.0205184 0.03894 0.0496705 0.03968 0.0493445 0.0407372 0.0367815 0.0215668 0.0243155 0.0234873 0.0199281 0.019796 0.0243948 0.0301388 0.0376714 0.0412746 0.0863199 0.0771752 0.113111 0.0741005 0.0525337 0.0229764 0.00759418 0.00175318 0 0 0
 0 0 0 0 0 0 0 0 0 0 0.00219441 0.00772107 0.0458388 0.0604681 0.0671733 0.0775358 0.0609151 0.0617685 0.073594 0.0568108 0.0755445 0.0548602 0.0670107 0.0636378 0.0643287 0.046367 0.0373049 0.0286899 0.0247887 0.0153202 0.00654259 0.00121912 0.000365735 0 0 0
 0 0 0 0 0 0 0 0 0 0 0 0 0.000112435 0.00938835 0.0111873 0.0202946 0.0414886 0.0713402 0.111592 0.104902 0.108894 0.110636 0.117776 0.105296 0.107544 0.0401394 0.0192827 0.0124803 0.00416011 0.0028671 0.000618394 0 0 0 0 0
 0 0 0 0 0 0 0 0 0 0 0.00291406 0.0102884 0.027416 0.0768956 0.0749926 0.110853 0.0956884 0.0897413 0.0766577 0.0534642 0.0500743 0.0551293 0.0594112 0.0620874 0.0668451 0.0424026 0.0208742 0.0120726 0.0048766 0.00582813 0.00118941 0.000297354 0 0 0 0
 0 0.00264628 0.0354308 0.0461629 0.0458689 0.0383711 0.0214643 0.0164657 0.0346957 0.0420465 0.0363128 0.0245516 0.0311673 0.0291091 0.0169068 0.0133784 0.00837989 0.0085269 0.0148486 0.0160247 0.0276389 0.0546898 0.0760071 0.122758 0.109233 0.0665981 0.0333725 0.0166128 0.00676272 0.00308733 0.000882094 0 0 0 0 0
 0 0 0 0 0 0 0 0.000805153 0.000690131 0.00759144 0.0133425 0.0154129 0.00931677 0.000345066 0.00356568 0.00563607 0.00851162 0.0253048 0.0502646 0.0516448 0.0657925 0.0565908 0.0611916 0.0827007 0.0866115 0.110766 0.145733 0.0935128 0.0569358 0.0249597 0.0138026 0.00621118 0.00161031 0.00115022 0 0
 0 0 0 0 0 0 0 0 0 0 0 0 0 0 0 0 0 0 0 0 0 0 0 0 0 0 0 0 0 0 0 0 0 0 0 0
 0.00147267 0.00158595 0.00478618 0.00569244 0.00954404 0.0108468 0.00647125 0.017049 0.0510054 0.094081 0.124002 0.0959785 0.0687766 0.0820023 0.061753 0.0591476 0.0492212 0.0479892 0.0443925 0.0268479 0.0217502 0.0140895 0.0121071 0.0120363 0.00920419 0.00665534 0.0049561 0.00860946 0.00930331 0.0156896 0.0114698 0.00855282 0.00243557 0.00046729 0 2.83206e-05
 0 0 0 0 0.000772559 0.00158375 0.000888443 0.00281984 0.00712685 0.0440552 0.0773331 0.111326 0.0921469 0.0852325 0.0710754 0.0886704 0.0786465 0.0553345 0.0373146 0.0185414 0.00753245 0.00457741 0.012979 0.0271748 0.0457355 0.0583668 0.034881 0.0177882 0.00938659 0.00492506 0.0015258 0.00185414 0.000309023 5.79419e-05 3.86279e-05 0
 0 0.00173294 0.00326652 0 0.00397197 0.00683976 0.00946217 0.0152591 0.00757587 0.0136028 0.0228656 0.0392903 0.0559909 0.0764795 0.0681675 0.0726916 0.0566044 0.0477403 0.0527397 0.0444891 0.0609904 0.0582453 0.0661739 0.0445044 0.0529084 0.0360697 0.0280645 0.0235558 0.0158879 0.00826598 0.00280645 0.00217768 0.000904811 0.00058276 9.20147e-05 0
 0 0 0 0 0 0 0 0 0 0 0 0 0 0 0 0 0 0 0 0 0 0 0 0 0 0 0 0 0 0 0 0 0 0 0 0
 0 0 0 0 0 0 0 0 0 0 0 0 0 0 0 0 0 0 0 0 0 0 0 0 0 0 0 0 0 0 0 0 0 0 0 0
 0 0 0 0 0 0 0 0 0 0 0 0 0 0 0 0 0 0 0 0 0 0 0 0 0 0 0 0 0 0 0 0 0 0 0 0
ppred_pel_tallas
 1.0119e-16 3.34553e-05 0.000196358 0.000933401 0.00359365 0.0112065 0.0283067 0.0579191 0.096007 0.128934 0.140303 0.12375 0.0885694 0.0516595 0.0250151 0.0109243 0.00573149 0.00513413 0.00649492 0.0086532 0.0111291 0.0136271 0.0158722 0.0176069 0.0186357 0.0188654 0.0183226 0.0171378 0.0155067 0.0136407 0.0117242 0.00988979 0.00821367 0.00672599 0.00542826 0.00430922
 1.01145e-16 3.3127e-05 0.000194429 0.000924226 0.00355832 0.0110963 0.0280283 0.0573498 0.0950641 0.127669 0.138932 0.122555 0.0877426 0.0512349 0.0249167 0.0110626 0.00606122 0.00565575 0.00723027 0.00961953 0.01232 0.015001 0.0173494 0.0190759 0.0199689 0.0199413 0.0190482 0.0174663 0.015445 0.0132449 0.0110862 0.00911753 0.00741161 0.00597978 0.00479593 0.0038194
 1.01748e-16 2.72494e-05 0.000159912 0.00076011 0.00292639 0.00912563 0.0230508 0.0471661 0.0781875 0.105017 0.114315 0.100918 0.0724247 0.0426388 0.0213873 0.0106036 0.00738028 0.00826199 0.0111044 0.014898 0.0191095 0.0232858 0.0269533 0.0296651 0.0310912 0.0310928 0.0297501 0.027331 0.0242166 0.0208076 0.0174444 0.0143594 0.01167 0.00939972 0.00751426 0.00595592
 1.01768e-16 3.24463e-05 0.000190434 0.000905238 0.00348522 0.0108683 0.0274525 0.0561715 0.0931104 0.125045 0.136073 0.120026 0.0859174 0.05014 0.0243307 0.0107142 0.00575124 0.0052746 0.00673023 0.00899281 0.0115929 0.0142352 0.0166413 0.018548 0.0197531 0.0201566 0.0197779 0.01874 0.0172312 0.0154551 0.0135892 0.0117605 0.0100428 0.00846698 0.00703979 0.00575865
 1.01522e-16 3.21619e-05 0.000188761 0.000897281 0.00345457 0.0107727 0.0272111 0.0556778 0.092293 0.123949 0.134888 0.118996 0.0852138 0.0497973 0.0242906 0.0109095 0.00615533 0.00590188 0.00761198 0.010151 0.0130199 0.0158805 0.0184074 0.0202983 0.0213299 0.0214078 0.020584 0.0190366 0.0170184 0.0147945 0.0125884 0.0105511 0.00875677 0.00721851 0.0059129 0.00480348
 1.02374e-16 2.50239e-05 0.000146844 0.000697976 0.00268716 0.00837956 0.0211663 0.0433106 0.0717977 0.0964394 0.10499 0.0927152 0.0666011 0.0393381 0.0199692 0.0102934 0.00766534 0.00893123 0.012128 0.0163147 0.020963 0.0255963 0.0297049 0.0328038 0.034531 0.034728 0.0334702 0.0310338 0.0278168 0.0242398 0.0206608 0.017326 0.0143623 0.0118005 0.00961371 0.00775229
 1.02514e-16 3.08805e-05 0.000181241 0.000861531 0.00331693 0.0103435 0.0261269 0.0534593 0.0886152 0.119009 0.129509 0.114244 0.0817972 0.0477734 0.0232539 0.0103641 0.00574486 0.00543948 0.00702445 0.00943198 0.0122128 0.0150769 0.0177443 0.0199453 0.0214668 0.022193 0.0221242 0.0213624 0.0200744 0.0184454 0.0166391 0.0147767 0.0129339 0.0111527 0.0094576 0.00786803
 1.02273e-16 2.95792e-05 0.000173596 0.000825176 0.00317694 0.00990695 0.0250242 0.0512035 0.0848778 0.113995 0.124068 0.10948 0.0784629 0.0459809 0.0226694 0.0105901 0.00654935 0.00677093 0.00892668 0.0119578 0.0153657 0.0187773 0.0218186 0.0241373 0.0254718 0.0257078 0.0249 0.0232472 0.0210342 0.0185594 0.0160735 0.0137447 0.0116551 0.00981954 0.00821447 0.0068047
 1.01818e-16 3.20112e-05 0.000187878 0.000893084 0.00343842 0.0107224 0.0270839 0.0554174 0.091861 0.123368 0.134253 0.11843 0.0847969 0.0495296 0.0241156 0.0107568 0.00596843 0.00564299 0.00725896 0.00969625 0.0124728 0.0152711 0.0177869 0.0197349 0.0208998 0.0211822 0.0206164 0.0193521 0.0176092 0.0156218 0.0135899 0.011652 0.00988191 0.00830173 0.00690384 0.00567014
 1.01602e-16 3.13047e-05 0.000183728 0.000873346 0.00336241 0.0104854 0.0264852 0.0541926 0.0898317 0.120646 0.131297 0.11584 0.082979 0.048542 0.0237729 0.0108377 0.0063402 0.0062711 0.00816221 0.0109022 0.0139881 0.0170651 0.0197852 0.0218234 0.0229394 0.0230305 0.0221513 0.0204915 0.0183216 0.0159259 0.0135448 0.0113418 0.00939821 0.00773014 0.00631432 0.00511295
 1.02482e-16 2.47751e-05 0.000145384 0.000691033 0.00266042 0.0082962 0.0209558 0.0428798 0.0710836 0.0954805 0.103947 0.0917963 0.0659457 0.0389605 0.0197951 0.0102328 0.00765663 0.00894616 0.0121593 0.0163646 0.0210378 0.0257038 0.0298537 0.033002 0.0347853 0.0350423 0.033844 0.0314622 0.0282898 0.024743 0.0211768 0.0178362 0.0148489 0.0122483 0.0100113 0.00809301
 1.0345e-16 2.60672e-05 0.000152976 0.000727144 0.00279948 0.00872988 0.0220511 0.0451203 0.0747953 0.100458 0.109345 0.0965135 0.069226 0.0406809 0.020269 0.00983017 0.00657674 0.00720588 0.00968353 0.0130804 0.0169419 0.020904 0.0245841 0.0276084 0.0296817 0.030646 0.0305053 0.0294059 0.0275841 0.025301 0.0227865 0.0202089 0.0176721 0.0152314 0.0129166 0.0107507
 1.02331e-16 3.26387e-05 0.000191565 0.000910616 0.00350593 0.0109329 0.0276157 0.0565052 0.0936632 0.125786 0.136877 0.120727 0.0864032 0.0503909 0.0243915 0.0106373 0.0055622 0.00497068 0.0062938 0.00840585 0.010848 0.0133434 0.0156357 0.0174838 0.0187027 0.0192006 0.0189941 0.0181931 0.0169644 0.0154861 0.0139094 0.0123387 0.01083 0.00940333 0.00806106 0.0068026
 1.01235e-16 3.40099e-05 0.000199613 0.000948878 0.00365324 0.0113923 0.028776 0.0588795 0.097599 0.131072 0.142629 0.125803 0.0900399 0.0525193 0.0254346 0.011111 0.00583037 0.00521511 0.00657849 0.00873278 0.011181 0.0136139 0.0157463 0.0173163 0.0181333 0.0181198 0.0173273 0.015917 0.0141155 0.0121581 0.0102423 0.00849938 0.00699139 0.00572451 0.00467166 0.00379386
 1.00531e-16 3.74991e-05 0.000220103 0.0010463 0.00402836 0.0125621 0.0317308 0.0649247 0.107617 0.144519 0.157245 0.138651 0.0991428 0.0576413 0.0275638 0.0114407 0.00513807 0.00380384 0.00447095 0.00585615 0.00747417 0.00907943 0.0104713 0.0114713 0.0119508 0.0118592 0.0112348 0.0101914 0.00888788 0.00749011 0.00613755 0.00492417 0.00389499 0.00305505 0.00238444 0.00185299
 1.00379e-16 3.62985e-05 0.000213051 0.00101277 0.00389924 0.0121594 0.0307138 0.0628441 0.10417 0.139893 0.15222 0.134242 0.0960357 0.0559278 0.0269185 0.0114731 0.00560528 0.00462838 0.00566865 0.00746549 0.00951167 0.0115155 0.013221 0.0143981 0.0148836 0.0146187 0.0136623 0.0121735 0.0103702 0.00847775 0.00668468 0.00511629 0.00382978 0.00282621 0.00207099 0.00151438
 1.00859e-16 3.01397e-05 0.000176883 0.000840797 0.00323707 0.0100945 0.0254979 0.052173 0.0864855 0.116157 0.126426 0.111574 0.079994 0.046938 0.0232516 0.0110444 0.00706953 0.00748072 0.00989724 0.0132181 0.0168981 0.020509 0.0236171 0.025819 0.0268232 0.026517 0.0249916 0.0225121 0.0194472 0.0161816 0.0130398 0.0102413 0.00789174 0.00600324 0.00452821 0.00339326
 1.01555e-16 3.08206e-05 0.000180886 0.000859836 0.0033104 0.0103231 0.0260755 0.0533543 0.0884421 0.11878 0.129267 0.11405 0.0817007 0.0478016 0.0234246 0.0107043 0.00630023 0.0062685 0.00818328 0.0109545 0.0140901 0.0172421 0.0200662 0.022237 0.0235081 0.0237646 0.0230443 0.0215173 0.0194359 0.0170708 0.0146568 0.0123604 0.0102748 0.0084332 0.00683252 0.00545386
 1.01802e-16 3.0545e-05 0.000179267 0.00085214 0.00328076 0.0102307 0.025842 0.0528767 0.0876507 0.117718 0.128114 0.113037 0.0809854 0.0474042 0.0232691 0.010699 0.0063863 0.00642436 0.00840794 0.0112517 0.0144591 0.0176726 0.020538 0.022722 0.0239751 0.024186 0.0234021 0.0218074 0.0196686 0.0172681 0.0148463 0.0125688 0.0105216 0.00872757 0.00717183 0.00582579
 1.01421e-16 3.37126e-05 0.000197869 0.000940585 0.00362132 0.0112927 0.0285246 0.0583649 0.0967458 0.129926 0.141381 0.124698 0.0892425 0.0520406 0.0251778 0.0109575 0.00569325 0.00504664 0.00635835 0.00845856 0.0108657 0.0132865 0.015451 0.0171085 0.0180716 0.0182555 0.0176942 0.0165234 0.0149411 0.0131571 0.0113503 0.00964429 0.00810389 0.006747 0.00556389 0.0045347
 1.01455e-16 3.04951e-05 0.000178972 0.000850735 0.00327534 0.0102138 0.0257994 0.0527896 0.0875068 0.117526 0.127909 0.112867 0.0808856 0.0473902 0.0233443 0.0108703 0.0066724 0.00685264 0.0090057 0.0120348 0.0154211 0.0187767 0.0217144 0.0238725 0.0249863 0.0249471 0.0238243 0.0218398 0.0193063 0.0165509 0.0138496 0.0113886 0.00925876 0.00747381 0.00600025 0.00478629
 1.01804e-16 3.04193e-05 0.00017853 0.000848633 0.00326726 0.0101886 0.0257357 0.0526591 0.08729 0.117233 0.127586 0.112571 0.0806508 0.0472066 0.0231691 0.0106485 0.00635133 0.00638771 0.00836401 0.0112018 0.0144094 0.0176341 0.0205251 0.022751 0.0240616 0.0243411 0.0236295 0.0221016 0.0200148 0.0176444 0.0152269 0.0129285 0.0108393 0.00898903 0.00737101 0.00596416
 1.01749e-16 3.17727e-05 0.000186477 0.000886422 0.00341276 0.0106424 0.0268818 0.0550039 0.0911759 0.122449 0.133255 0.117554 0.0841799 0.0491898 0.0239887 0.0107654 0.0060647 0.00581194 0.00750416 0.0100256 0.0128897 0.0157694 0.0183493 0.0203333 0.0214991 0.0217456 0.0211112 0.0197547 0.0179079 0.0158168 0.0136912 0.0116762 0.00984799 0.00822829 0.006807 0.00556265
 1.01775e-16 3.04037e-05 0.000178437 0.000848193 0.00326556 0.0101833 0.0257223 0.0526318 0.0872449 0.117173 0.127523 0.112521 0.0806248 0.0472122 0.0232103 0.0107313 0.00648586 0.00658701 0.00863971 0.0115591 0.0148421 0.0181212 0.0210303 0.0232257 0.0244523 0.0245986 0.0237189 0.0220095 0.0197519 0.017243 0.0147346 0.0123985 0.0103221 0.0085248 0.00698562 0.00566869
 1.03994e-16 1.58888e-05 9.32004e-05 0.00044292 0.00170508 0.00531696 0.0134306 0.0274838 0.0455688 0.0612318 0.0667226 0.0590687 0.0427517 0.0258961 0.0143377 0.00933607 0.00933205 0.0124138 0.0173562 0.0234771 0.0302315 0.0369929 0.0430467 0.0477012 0.0504343 0.0510068 0.0495076 0.0463077 0.041951 0.0370156 0.031996 0.0272357 0.0229175 0.0190957 0.0157494 0.0128292
pSPR Fmed_Fpbrs
0.546316   0.344205 0.344205
Fs Fmed_Fpbrs
0.437432   1.005 1.005
SSBpbr Bo_Bmed_Bpbrs
936003  464554  275376 275376
Ro
37049.1
SPR SPRFo_SPRFmed_SPRFpbrs
763565 417148 262823
log_Ro
10.34
likeval ReclasPelacesDesembMPH_pf_preclas_ppelaces_ptallas_desvR_qrecl_qpela
 63.8028 15.0607 0.00749063 0.000210038 284.905 190.413 71.2727 0 16.3112 2.04392e-05 4.87221e-05 0 0 0 0
q_reclas_q_pelaces
0.526954 2.69949
M
0.7
N
 38486.5 12395.3 4689.57 563.761 0.244084
 47783 17370.5 3410.99 1290.49 155.205
 24258.2 21704.6 4972.58 976.451 413.854
 39630.4 10346.3 4210.23 964.575 269.69
 69390.5 19027.7 4171.95 1697.7 497.696
 48805.4 34252.3 9105.23 1996.39 1050.55
 80564.6 22894.1 11962.6 3179.99 1064.14
 82571.8 38531.9 9013.44 4709.68 1670.92
 105975 38081.6 12117.2 2834.48 2006.53
 126432 48418.8 11301.5 3596.04 1436.67
 65223.6 59063.3 16483.6 3847.47 1713.33
 45697.3 28899.8 14502 4047.3 1365.37
 47111.6 20388.8 7406.48 3716.6 1387.16
 24039 19744.1 3548.91 1289.18 888.368
 14618.7 8779.72 1468.83 264.016 161.996
 15056.1 5124.12 506.64 84.7601 24.5833
 10887.6 6448.88 1020.43 100.893 21.7749
 12007.7 4877.54 1694.77 268.169 32.2373
 13715.8 5535.53 1529.85 531.567 94.2228
 23280.4 6398.15 1867.76 516.189 211.149
 28384.7 10850.6 2147.56 626.92 244.134
 38137.6 13689.5 4498.11 890.266 361.093
 57437.9 18247.8 5403.46 1775.47 493.932
 70461.7 27291.1 6898.3 2042.69 857.914
 22856.9 33475.8 10310.6 2606.19 1095.85
pred_Ctot
 2535.83 4110.31 1555.07 186.944 0.0809386
 2945.96 5459.7 1072.11 405.614 48.7824
 2483.68 10027.3 2297.28 451.11 191.196
 946.357 1415.65 576.072 131.98 36.9008
 298.393 498.716 109.347 44.4968 13.0446
 1949.87 7457.75 1982.48 434.673 228.737
 2141.2 3457.1 1806.4 480.191 160.689
 4250.32 10431.4 2440.14 1275.02 452.356
 6121.71 11348.6 3611.04 844.7 597.963
 5408.06 11188.8 2611.59 830.987 331.991
 5086.59 22349.1 6237.3 1455.86 648.314
 3357.1 10442.6 5240.15 1462.44 493.36
 5339.14 10097.6 3668.06 1840.65 686.994
 4654.48 13352 2399.95 871.809 600.759
 3154.84 6242.8 1044.41 187.728 115.187
 1501.19 2323.61 229.743 38.4357 11.1477
 770.83 2263.86 358.217 35.4182 7.64398
 621.513 1326.62 460.952 72.9379 8.76805
 600.183 1304.62 360.556 125.28 22.2066
 1032.11 1525.04 445.193 123.037 50.3289
 588.894 1302.63 257.818 75.2627 29.3086
 1002.55 2046.47 672.431 133.088 53.9806
 1788.4 3182.47 942.377 309.648 86.1431
 2198.77 4769.16 1205.49 356.964 149.922
 645.343 5342.29 1645.43 415.912 174.883
F
 0.0955361 0.590316 0.590316 0.590316 0.590316
 0.0891463 0.550833 0.550833 0.550833 0.550833
 0.15213 0.940007 0.940007 0.940007 0.940007
 0.0337016 0.208242 0.208242 0.208242 0.208242
 0.00599531 0.0370449 0.0370449 0.0370449 0.0370449
 0.0569625 0.351971 0.351971 0.351971 0.351971
 0.037573 0.232163 0.232163 0.232163 0.232163
 0.0739371 0.456856 0.456856 0.456856 0.456856
 0.0833139 0.514795 0.514795 0.514795 0.514795
 0.0610973 0.377519 0.377519 0.377519 0.377519
 0.113986 0.70432 0.70432 0.70432 0.70432
 0.107053 0.661481 0.661481 0.661481 0.661481
 0.169663 1.04835 1.04835 1.04835 1.04835
 0.307233 1.89839 1.89839 1.89839 1.89839
 0.348342 2.1524 2.1524 2.1524 2.1524
 0.147878 0.913736 0.913736 0.913736 0.913736
 0.102988 0.636359 0.636359 0.636359 0.636359
 0.0743607 0.459474 0.459474 0.459474 0.459474
 0.0625424 0.386448 0.386448 0.386448 0.386448
 0.0633883 0.391676 0.391676 0.391676 0.391676
 0.0292228 0.180567 0.180567 0.180567 0.180567
 0.0371563 0.229588 0.229588 0.229588 0.229588
 0.0441448 0.27277 0.27277 0.27277 0.27277
 0.0442446 0.273387 0.273387 0.273387 0.273387
 0.0399566 0.246891 0.246891 0.246891 0.246891
nmprior
 10 11 7 0
nm_flota  nm_reclas  nm_pelaces    nm_pelaL
inf 17.768 15.7753 27.3888
cv_recla  cv_pelaces  cv_mph
0.722511 0.456655 0.470205
 ------------------------------------------------
Talla a la edad & desviación 
 7.2 14.2025 17.0495 18.207 18.6776
 1.08 2.13037 2.55742 2.73105 2.80164
