years
 1997 1998 1999 2000 2001 2002 2003 2004 2005 2006 2007 2008 2009 2010 2011 2012 2013 2014 2015 2016 2017 2018 2019 2020 2021
reclasobs
 0 0 0 370054 412103 1.49427e+06 250295 1.28982e+06 931140 785840 897777 1.04006e+06 184774 17550 25797 100020 73551 82996 120727 218422 84188 347160 605670 569463 516374
reclaspred
 463831 122453 330702 232491 368403 449874 975922 660216 737544 740270 619882 426983 262001 109317 66414.8 64128.3 78089.8 105329 113536 157501 237041 222923 381901 490671 552875
pelacesobs
 0 0 0 0 0 0 0 0 0 2.06254e+06 1.5e+06 0 1.87456e+06 323000 250000 174000 83755 137374 0 501740 490994 745055 786931 1.00524e+06 0
pelacespred
 1.89046e+06 437533 713479 802296 1.11028e+06 1.10735e+06 2.73147e+06 2.23572e+06 2.22125e+06 2.26222e+06 1.65773e+06 1.19281e+06 706962 227753 139313 149506 191933 272904 299861 405759 703158 650137 860454 1.29471e+06 1.53285e+06
mphobs
 0 0 0 0 0 112323 0 153150 637223 0 255016 313432 73983 77613 109348 50772 0 0 0 0 0 0 0 0 0
mphpred
 170687 96511 111203 115949 133634 222107 318381 385676 327487 343125 351642 247314 154518 79495.5 33898.6 27495.2 31529.1 42202.1 52997.8 60732.5 92316.2 113198 141712 199178 292081
desembarqueobs
 350755 77701 442110 56441 14545 235359 269955 359681 431902 328805 639364 411747 362871 311530 167758 66681 60226 58785 57116 71774 51957 67425 138520 160799 200461
desembarquepred
 350764 77701.9 442119 56444.1 14545.3 235431 270014 359691 431963 328829 639398 411832 363001 311693 167623 66682.8 60255.1 58782.2 57104.7 71774.2 51960.1 67417.7 138525 160812 200462
Reclutas
 38430.7 46502.1 25786.6 38840.8 67509.5 47435.8 83048.5 79683.5 102309 118468 66756.3 45115 44844.8 24483.4 14820 13988.7 10729.5 12277.5 13365.5 21897 28550.2 36937.9 57367.5 74394.4 30308.3
log_desv_Rt
 0.0366114 0.227253 -0.362388 0.0472254 0.600024 0.247132 0.80718 0.765818 1.01575 1.1624 0.588803 0.196971 0.190964 -0.414247 -0.91627 -0.973994 -1.23925 -1.10448 -1.01957 -0.525896 -0.260581 -0.00300772 0.437233 0.697135 -0.200823
SSB
 462526 261524 301335 314196 362119 601862 862743 1.0451e+06 887420 929794 952873 670168 418710 215416 91858 74506.1 85437 114358 143613 164572 250157 306741 384008 539730 791475
BT
 1.61569e+06 395732 723089 562511 718621 837121 1.98184e+06 1.80323e+06 1.83914e+06 1.753e+06 1.59972e+06 1.11011e+06 805718 437656 232903 151717 173249 222000 232487 317842 491588 452575 623818 941184 1.05702e+06
Ftot
 0.914401 0.804796 1.32234 0.266776 0.0472693 0.451574 0.284183 0.569809 0.649236 0.492808 0.93534 0.825143 1.32031 2.61979 3.00135 1.25817 0.909199 0.613786 0.496469 0.506062 0.242252 0.290756 0.347895 0.345998 0.292271
BD_Bspro_t
 0.91429 0.652668 0.584631 0.416836 0.578768 0.746143 0.69653 0.710055 0.642714 0.609628 0.586104 0.427164 0.320922 0.217366 0.118146 0.118411 0.179272 0.29302 0.398297 0.491074 0.621599 0.724425 0.734515 0.739853 0.741038
BD_Bspro
 0.605745 0.342504 0.394642 0.411486 0.474248 0.788227 1.12989 1.36871 1.16221 1.2177 1.24793 0.877683 0.548362 0.282118 0.120301 0.0975767 0.111892 0.149769 0.188082 0.215531 0.327617 0.401723 0.502915 0.706856 1.03655
BD_Bo
 0.498221 0.281707 0.32459 0.338444 0.390066 0.64831 0.929324 1.12575 0.955906 1.00155 1.02641 0.721887 0.451024 0.23204 0.098947 0.0802561 0.0920305 0.123184 0.154696 0.177273 0.269462 0.330414 0.413644 0.581383 0.852556
BD_Brms
 0.905856 0.512194 0.590164 0.615353 0.70921 1.17875 1.68968 2.04682 1.73801 1.821 1.8662 1.31252 0.820043 0.421891 0.179904 0.14592 0.167328 0.223971 0.281265 0.322314 0.489932 0.600752 0.75208 1.05706 1.5501
S_f
 0.113256 0.708175 0.978772 0.99886 0.99994
 0.113256 0.708175 0.978772 0.99886 0.99994
 0.113256 0.708175 0.978772 0.99886 0.99994
 0.113256 0.708175 0.978772 0.99886 0.99994
 0.113256 0.708175 0.978772 0.99886 0.99994
 0.113256 0.708175 0.978772 0.99886 0.99994
 0.113256 0.708175 0.978772 0.99886 0.99994
 0.113256 0.708175 0.978772 0.99886 0.99994
 0.113256 0.708175 0.978772 0.99886 0.99994
 0.113256 0.708175 0.978772 0.99886 0.99994
 0.113256 0.708175 0.978772 0.99886 0.99994
 0.113256 0.708175 0.978772 0.99886 0.99994
 0.113256 0.708175 0.978772 0.99886 0.99994
 0.113256 0.708175 0.978772 0.99886 0.99994
 0.113256 0.708175 0.978772 0.99886 0.99994
 0.113256 0.708175 0.978772 0.99886 0.99994
 0.113256 0.708175 0.978772 0.99886 0.99994
 0.113256 0.708175 0.978772 0.99886 0.99994
 0.113256 0.708175 0.978772 0.99886 0.99994
 0.113256 0.708175 0.978772 0.99886 0.99994
 0.113256 0.708175 0.978772 0.99886 0.99994
 0.113256 0.708175 0.978772 0.99886 0.99994
 0.113256 0.708175 0.978772 0.99886 0.99994
 0.113256 0.708175 0.978772 0.99886 0.99994
 0.113256 0.708175 0.978772 0.99886 0.99994
Scru_reclas
 0.79095 1 1 1 1
 0.79095 1 1 1 1
 0.79095 1 1 1 1
 0.79095 1 1 1 1
 0.79095 1 1 1 1
 0.79095 1 1 1 1
 0.79095 1 1 1 1
 0.79095 1 1 1 1
 0.79095 1 1 1 1
 0.79095 1 1 1 1
 0.79095 1 1 1 1
 0.79095 1 1 1 1
 0.79095 1 1 1 1
 0.79095 1 1 1 1
 0.79095 1 1 1 1
 0.79095 1 1 1 1
 0.79095 1 1 1 1
 0.79095 1 1 1 1
 0.79095 1 1 1 1
 0.79095 1 1 1 1
 0.79095 1 1 1 1
 0.79095 1 1 1 1
 0.79095 1 1 1 1
 0.79095 1 1 1 1
 0.79095 1 1 1 1
Scru_pelaces
 0.745395 1 1 1 1
 0.745395 1 1 1 1
 0.745395 1 1 1 1
 0.745395 1 1 1 1
 0.745395 1 1 1 1
 0.745395 1 1 1 1
 0.745395 1 1 1 1
 0.745395 1 1 1 1
 0.745395 1 1 1 1
 0.745395 1 1 1 1
 0.745395 1 1 1 1
 0.745395 1 1 1 1
 0.745395 1 1 1 1
 0.745395 1 1 1 1
 0.745395 1 1 1 1
 0.745395 1 1 1 1
 0.745395 1 1 1 1
 0.745395 1 1 1 1
 0.745395 1 1 1 1
 0.745395 1 1 1 1
 0.745395 1 1 1 1
 0.745395 1 1 1 1
 0.745395 1 1 1 1
 0.745395 1 1 1 1
 0.745395 1 1 1 1
pf_obs 
 0.256992 0.487395 0.22802 0.0275931 0
 0.321318 0.546541 0.124235 0.00734118 0.000564706
 0.182869 0.594174 0.210203 0.0122559 0.00049798
 0.330522 0.361315 0.267642 0.0388342 0.00168674
 0.649043 0.306663 0.0425973 0.00169635 0
 0.582887 0.30429 0.105238 0.00758474 0
 0.465427 0.430635 0.0974691 0.00646863 0
 0.296916 0.608066 0.0921331 0.00288517 0
 0.311714 0.524322 0.152257 0.0117073 0
 0.15457 0.633149 0.183074 0.0267441 0.00246327
 0.131901 0.49318 0.331252 0.0422183 0.00144891
 0.196976 0.569456 0.194076 0.0375587 0.00193317
 0.518974 0.381816 0.0799577 0.0180837 0.00116848
 0.0928022 0.601141 0.25162 0.0475244 0.00691264
 0.122501 0.610282 0.24278 0.0234846 0.000952079
 0.383417 0.481906 0.127806 0.00687128 0
 0.0376549 0.599619 0.316969 0.0457579 0
 0.0361596 0.667082 0.258105 0.0386534 0
 0.158088 0.579412 0.248529 0.0139706 0
 0.0477256 0.309471 0.559284 0.082774 0.000745712
 0.0406174 0.521527 0.379366 0.0568643 0.0016247
 0.151134 0.462217 0.34131 0.0453401 0
 0.294876 0.26143 0.354403 0.0886775 0.000613685
 0.281977 0.475581 0.204845 0.0348837 0.00271318
 0 0 0 0 0
pf_pred 
 0.32293 0.464026 0.190395 0.0226358 1.30325e-05
 0.292923 0.55542 0.117729 0.0304202 0.00350787
 0.167891 0.6269 0.174835 0.0237351 0.00663855
 0.274647 0.45504 0.227055 0.0370563 0.00620229
 0.284045 0.486273 0.161851 0.0571794 0.0106511
 0.147424 0.57774 0.204649 0.0497519 0.0204349
 0.246479 0.386052 0.277536 0.0673932 0.0225393
 0.197975 0.537461 0.158847 0.080294 0.025424
 0.2437 0.469661 0.216106 0.0427999 0.0277328
 0.238511 0.52449 0.169152 0.0515022 0.0163455
 0.139643 0.578793 0.215926 0.0471924 0.0184461
 0.142231 0.479458 0.29036 0.0679454 0.0200062
 0.216716 0.450587 0.221796 0.085715 0.0251861
 0.211773 0.591415 0.138411 0.0394218 0.0189791
 0.288229 0.588525 0.107784 0.0110647 0.00439793
 0.336798 0.584057 0.0730159 0.00540418 0.00072566
 0.222974 0.626301 0.139597 0.0102942 0.000833388
 0.242718 0.509356 0.215298 0.0302878 0.00234039
 0.224723 0.527285 0.187458 0.052753 0.00778149
 0.291045 0.458768 0.189899 0.0458548 0.0144335
 0.25405 0.536668 0.152952 0.0430195 0.0133103
 0.231656 0.501937 0.208951 0.0422435 0.0152121
 0.264369 0.467824 0.195256 0.0571857 0.0153651
 0.244494 0.515058 0.172181 0.0500917 0.0181755
 0.087707 0.596228 0.238815 0.0556889 0.0215609
pobs_RECLAS
 0 0 0 0 0
 0 0 0 0 0
 0 0 0 0 0
 0 0 0 0 0
 0.835266 0.146461 0.0176864 0.000547809 3.91292e-05
 0.385257 0.428462 0.181853 0.0044286 0
 0.867414 0.0963971 0.0333333 0.00285562 0
 0.441836 0.489002 0.0689373 0.000224442 0
 0.779404 0.147425 0.0564933 0.0165055 0.000172143
 0.814271 0.122319 0.05973 0.00367925 0
 0.40263 0.566651 0.0304383 0.000280538 0
 0.475488 0.404961 0.113038 0.00651328 0
 0.955842 0.0263864 0.0167828 0.000988607 0
 0.975058 0.0227948 0.00214734 0 0
 0.738997 0.206755 0.0527124 0.00153531 0
 0.850938 0.134255 0.0134407 0.00136685 0
 0.542534 0.407297 0.0501686 0 0
 0.764087 0.199537 0.0359546 0.000420521 0
 0.470689 0.182191 0.310203 0.0369168 0
 0.84361 0.089868 0.0606195 0.00523954 0.000663233
 0.607945 0.314616 0.071237 0.00620181 0
 0.523733 0.453247 0.0230204 0 0
 0.530135 0.295979 0.169645 0.0042399 0
 0.562478 0.366248 0.0663022 0.0049721 0
 0.250443 0.683176 0.0655157 0.000865301 0
ppred_RECLAS
 0.731998 0.20275 0.0584539 0.00679372 3.90675e-06
 0.69499 0.255909 0.0383063 0.00968013 0.00111493
 0.539435 0.376226 0.072117 0.00955354 0.00266858
 0.679028 0.225079 0.080815 0.0129186 0.00215987
 0.683588 0.236229 0.0568445 0.0196772 0.00366139
 0.490153 0.380867 0.0965654 0.0229842 0.0094298
 0.655145 0.205132 0.106069 0.0252268 0.00842765
 0.58109 0.310787 0.0654808 0.0323956 0.0102459
 0.64894 0.245249 0.0802077 0.0155436 0.0100601
 0.635027 0.27628 0.0636902 0.0189838 0.00601816
 0.483383 0.385634 0.100985 0.0215747 0.00842266
 0.496078 0.324312 0.138573 0.0317105 0.00932594
 0.63133 0.245222 0.0829746 0.0312909 0.00918238
 0.646266 0.293573 0.0427235 0.0117773 0.00566009
 0.737914 0.232964 0.0255828 0.00253437 0.00100543
 0.737441 0.240148 0.0207135 0.00149647 0.000200683
 0.612336 0.33166 0.0519556 0.00374551 0.00030286
 0.643152 0.265226 0.07979 0.0109847 0.000847829
 0.617536 0.286618 0.0728268 0.0200628 0.00295608
 0.69811 0.217558 0.0643417 0.015209 0.00478184
 0.648835 0.274516 0.0563323 0.0155197 0.00479655
 0.625959 0.271051 0.0811434 0.0160672 0.00577947
 0.668071 0.235629 0.0706122 0.0202526 0.00543556
 0.641093 0.269204 0.0646196 0.0184104 0.00667268
 0.347988 0.472728 0.13616 0.0310976 0.0120266
pobs_PELACES
 0 0 0 0 0
 0 0 0 0 0
 0 0 0 0 0
 0 0 0 0 0
 0 0 0 0 0
 0 0 0 0 0
 0 0 0 0 0
 0 0 0 0 0
 0 0 0 0 0
 0 0 0 0 0
 0.450072 0.473896 0.0757376 0.000293798 0
 0 0 0 0 0
 0.463077 0.371075 0.160297 0.00555027 0
 0.529543 0.364841 0.0842815 0.0213345 0
 0.631943 0.363953 0.00410389 0 0
 0.735681 0.248677 0.0153453 0.000297389 0
 0.695825 0.281241 0.0229344 0 0
 0.275771 0.60734 0.115278 0.00161068 0
 0 0 0 0 0
 0.896147 0.0623911 0.0374545 0.00400742 0
 0.803859 0.145111 0.0509908 3.86294e-05 0
 0.739449 0.233085 0.0266225 0.000797448 4.60066e-05
 0.878498 0.100942 0.0204185 0.000141795 0
 0.694673 0.275183 0.0284847 0.00165964 0
 0 0 0 0 0
ppred_PELACES
 0.758487 0.186294 0.0494981 0.00571808 3.28713e-06
 0.717813 0.239476 0.0333607 0.00838551 0.000965543
 0.593673 0.338903 0.0577272 0.00758056 0.00211647
 0.67907 0.226662 0.0794675 0.0126808 0.0021199
 0.672906 0.24447 0.0585798 0.0202716 0.00377192
 0.500044 0.377321 0.0918853 0.0218049 0.00894452
 0.656693 0.206343 0.104022 0.0246934 0.00824861
 0.597019 0.302961 0.0606652 0.0299 0.00945469
 0.668177 0.235885 0.0728001 0.0140475 0.00908967
 0.646116 0.270778 0.0597343 0.0177466 0.00562496
 0.519661 0.366115 0.0881916 0.0187249 0.00730769
 0.528235 0.311637 0.123699 0.0281523 0.00827705
 0.68496 0.21785 0.065515 0.0244913 0.00718364
 0.749228 0.21593 0.0248694 0.00673752 0.00323499
 0.830862 0.154409 0.0129699 0.00125956 0.000499155
 0.773742 0.20885 0.0160996 0.00115347 0.000154617
 0.642839 0.309064 0.0446403 0.00319881 0.00025857
 0.660196 0.256098 0.0729347 0.0100001 0.000771671
 0.629103 0.281058 0.0683171 0.0187586 0.00276343
 0.709092 0.212309 0.0600151 0.0141388 0.00444455
 0.647242 0.277081 0.055642 0.0153049 0.00472976
 0.627118 0.272162 0.0793877 0.0156893 0.00564294
 0.672065 0.234919 0.068246 0.0195288 0.00524066
 0.644857 0.268464 0.0624814 0.0177605 0.00643631
 0.34919 0.475283 0.13337 0.0304013 0.0117561
pobs_pel_tallas
 0 0 0 0 0 0 0 0 0 0 0 0 0 0 0 0 0 0 0 0 0 0 0 0 0 0 0 0 0 0 0 0 0 0 0 0
 0 0 0 0 0 0 0 0 0 0 0 0 0 0 0 0 0 0 0 0 0 0 0 0 0 0 0 0 0 0 0 0 0 0 0 0
 0 0 0 0 0 0 0 0 0 0 0 0 0 0 0 0 0 0 0 0 0 0 0 0 0 0 0 0 0 0 0 0 0 0 0 0
 0 0 0 0 0 0 0 0 0 0 0 0 0 0 0 0 0 0 0 0 0 0 0 0 0 0 0 0 0 0 0 0 0 0 0 0
 0 0 0 0 0 0 0 0 0 0 0 0 0 0 0 0 0 0 0 0 0 0 0 0 0 0 0 0 0 0 0 0 0 0 0 0
 0 0 0 0 0 0 0 0 0 0 0 0 0 0 0 0 0 0 0 0 0 0 0 0 0 0 0 0 0 0 0 0 0 0 0 0
 0 0 0 0 0 0 0 0 0 0 0 0 0 0 0 0 0 0 0 0 0 0 0 0 0 0 0 0 0 0 0 0 0 0 0 0
 0 0 0 0 0 0 0 0 0 0 0 0 0 0 0 0 0 0 0 0 0 0 0 0 0 0 0 0 0 0 0 0 0 0 0 0
 0 0 0 0 0 0 0 0 0 0 0 0 0 0 0 0 0 0 0 0 0 0 0 0 0 0 0 0 0 0 0 0 0 0 0 0
 0 0 0 0 0 0 0 0 0 0 0 0 0 0 0 0 0 0 0 0 0 0 0 0 0 0 0 0 0 0 0 0 0 0 0 0
 0 0 0 0 0 0 0 0 1.78061e-05 0.00172719 0.00360574 0.0105946 0.0120993 0.0124554 0.0147524 0.0171206 0.0266825 0.0428682 0.0675386 0.121331 0.153587 0.119568 0.100827 0.0573624 0.0630603 0.0341343 0.0324427 0.0444173 0.0211091 0.0280891 0.0125444 0.00206551 0 0 0 0
 0 0 0 0 0 0 0 0 0 0 0 0 0 0 0 0 0 0 0 0 0 0 0 0 0 0 0 0 0 0 0 0 0 0 0 0
 0 0 0 0 0 0 0.0133647 0.0140871 0.0187388 0.0205184 0.03894 0.0496705 0.03968 0.0493445 0.0407372 0.0367815 0.0215668 0.0243155 0.0234873 0.0199281 0.019796 0.0243948 0.0301388 0.0376714 0.0412746 0.0863199 0.0771752 0.113111 0.0741005 0.0525337 0.0229764 0.00759418 0.00175318 0 0 0
 0 0 0 0 0 0 0 0 0 0 0.00219441 0.00772107 0.0458388 0.0604681 0.0671733 0.0775358 0.0609151 0.0617685 0.073594 0.0568108 0.0755445 0.0548602 0.0670107 0.0636378 0.0643287 0.046367 0.0373049 0.0286899 0.0247887 0.0153202 0.00654259 0.00121912 0.000365735 0 0 0
 0 0 0 0 0 0 0 0 0 0 0 0 0.000112435 0.00938835 0.0111873 0.0202946 0.0414886 0.0713402 0.111592 0.104902 0.108894 0.110636 0.117776 0.105296 0.107544 0.0401394 0.0192827 0.0124803 0.00416011 0.0028671 0.000618394 0 0 0 0 0
 0 0 0 0 0 0 0 0 0 0 0.00291406 0.0102884 0.027416 0.0768956 0.0749926 0.110853 0.0956884 0.0897413 0.0766577 0.0534642 0.0500743 0.0551293 0.0594112 0.0620874 0.0668451 0.0424026 0.0208742 0.0120726 0.0048766 0.00582813 0.00118941 0.000297354 0 0 0 0
 0 0.00264628 0.0354308 0.0461629 0.0458689 0.0383711 0.0214643 0.0164657 0.0346957 0.0420465 0.0363128 0.0245516 0.0311673 0.0291091 0.0169068 0.0133784 0.00837989 0.0085269 0.0148486 0.0160247 0.0276389 0.0546898 0.0760071 0.122758 0.109233 0.0665981 0.0333725 0.0166128 0.00676272 0.00308733 0.000882094 0 0 0 0 0
 0 0 0 0 0 0 0 0.000805153 0.000690131 0.00759144 0.0133425 0.0154129 0.00931677 0.000345066 0.00356568 0.00563607 0.00851162 0.0253048 0.0502646 0.0516448 0.0657925 0.0565908 0.0611916 0.0827007 0.0866115 0.110766 0.145733 0.0935128 0.0569358 0.0249597 0.0138026 0.00621118 0.00161031 0.00115022 0 0
 0 0 0 0 0 0 0 0 0 0 0 0 0 0 0 0 0 0 0 0 0 0 0 0 0 0 0 0 0 0 0 0 0 0 0 0
 0.00147267 0.00158595 0.00478618 0.00569244 0.00954404 0.0108468 0.00647125 0.017049 0.0510054 0.094081 0.124002 0.0959785 0.0687766 0.0820023 0.061753 0.0591476 0.0492212 0.0479892 0.0443925 0.0268479 0.0217502 0.0140895 0.0121071 0.0120363 0.00920419 0.00665534 0.0049561 0.00860946 0.00930331 0.0156896 0.0114698 0.00855282 0.00243557 0.00046729 0 2.83206e-05
 0 0 0 0 0.000772559 0.00158375 0.000888443 0.00281984 0.00712685 0.0440552 0.0773331 0.111326 0.0921469 0.0852325 0.0710754 0.0886704 0.0786465 0.0553345 0.0373146 0.0185414 0.00753245 0.00457741 0.012979 0.0271748 0.0457355 0.0583668 0.034881 0.0177882 0.00938659 0.00492506 0.0015258 0.00185414 0.000309023 5.79419e-05 3.86279e-05 0
 0 0.00173294 0.00326652 0 0.00397197 0.00683976 0.00946217 0.0152591 0.00757587 0.0136028 0.0228656 0.0392903 0.0559909 0.0764795 0.0681675 0.0726916 0.0566044 0.0477403 0.0527397 0.0444891 0.0609904 0.0582453 0.0661739 0.0445044 0.0529084 0.0360697 0.0280645 0.0235558 0.0158879 0.00826598 0.00280645 0.00217768 0.000904811 0.00058276 9.20147e-05 0
 0 0 0 0 0 0 0 0 0 0 0 0 0 0 0 0 0 0 0 0 0 0 0 0 0 0 0 0 0 0 0 0 0 0 0 0
 0 0 0 0 0 0 0 0 0 0 0 0 0 0 0 0 0 0 0 0 0 0 0 0 0 0 0 0 0 0 0 0 0 0 0 0
 0 0 0 0 0 0 0 0 0 0 0 0 0 0 0 0 0 0 0 0 0 0 0 0 0 0 0 0 0 0 0 0 0 0 0 0
ppred_pel_tallas
 1.00961e-16 3.30939e-05 0.000194234 0.0009233 0.00355476 0.0110852 0.0280003 0.0572924 0.0949688 0.127541 0.138793 0.122431 0.0876533 0.0511812 0.0248876 0.0110452 0.00604638 0.00563938 0.00721224 0.00960279 0.0123103 0.0150066 0.01738 0.0191409 0.0200749 0.0200893 0.0192321 0.0176719 0.0156514 0.0134276 0.0112211 0.00918509 0.00740053 0.0058886 0.00463296 0.00360071
 1.00885e-16 3.13224e-05 0.000183829 0.000873824 0.00336424 0.010491 0.0264996 0.0542223 0.0898817 0.120715 0.131379 0.115926 0.0830717 0.0486584 0.0239451 0.0111086 0.00675952 0.00688968 0.00902371 0.0120308 0.0153751 0.0186571 0.0214807 0.0234793 0.0243889 0.0241086 0.0227233 0.020476 0.0177032 0.0147548 0.0119245 0.00940934 0.00730206 0.00561006 0.00428704 0.00326432
 1.0129e-16 2.59134e-05 0.000152065 0.00072279 0.00278269 0.00867747 0.0219188 0.0448505 0.0743507 0.0998692 0.108726 0.0960188 0.0689838 0.0407644 0.020727 0.0107361 0.00805185 0.00940426 0.012751 0.0171011 0.021885 0.0265827 0.0306412 0.0335409 0.0349044 0.0345835 0.0326913 0.0295644 0.0256727 0.0215068 0.0174813 0.0138766 0.010829 0.00835582 0.00639956 0.00487052
 1.01737e-16 2.96326e-05 0.00017391 0.000826667 0.00318268 0.00992486 0.0250695 0.0512961 0.0850312 0.114201 0.124291 0.109676 0.0786007 0.0460563 0.0226973 0.0105884 0.00653041 0.00674133 0.00889109 0.0119227 0.015341 0.018777 0.0218582 0.0242309 0.0256271 0.0259214 0.0251538 0.0235086 0.0212588 0.018698 0.0160802 0.013586 0.0113165 0.00930808 0.00755786 0.00604618
 1.01785e-16 2.93645e-05 0.000172334 0.000819174 0.00315382 0.00983486 0.0248422 0.0508311 0.084261 0.113168 0.123171 0.108698 0.0779217 0.0457026 0.0226045 0.0106805 0.00676677 0.00711835 0.00942291 0.012621 0.0162006 0.0197673 0.0229214 0.0252866 0.0265843 0.0266943 0.0256787 0.0237558 0.0212379 0.0184539 0.0156823 0.0131133 0.0108432 0.00889242 0.00723617 0.0058324
 1.02595e-16 2.18324e-05 0.000128102 0.000608859 0.00234401 0.00730947 0.0184634 0.0377807 0.0626338 0.0841398 0.0916247 0.0809718 0.0582943 0.0346913 0.0180897 0.0101057 0.00847791 0.0104884 0.0144284 0.019437 0.0249617 0.0304491 0.0352912 0.0389084 0.0408703 0.0409923 0.0393718 0.0363486 0.0324084 0.0280631 0.023747 0.0197575 0.0162458 0.0132443 0.0107139 0.00858723
 1.02778e-16 2.86561e-05 0.000168178 0.000799424 0.00307779 0.00959777 0.0242433 0.0496055 0.0822284 0.110436 0.120192 0.106053 0.0759947 0.0445095 0.0218991 0.0101585 0.00619417 0.0063523 0.00838871 0.011297 0.0146208 0.0180292 0.0211871 0.0237701 0.0255223 0.0263075 0.0261308 0.0251213 0.0234872 0.0214584 0.0192384 0.0169767 0.0147662 0.0126561 0.010672 0.00883194
 1.0243e-16 2.60578e-05 0.000152916 0.000726844 0.00279831 0.0087262 0.0220419 0.0451019 0.0747665 0.100425 0.109322 0.0965252 0.069304 0.0408662 0.0206181 0.0104204 0.00750458 0.00857579 0.0115857 0.0155612 0.0199721 0.0243547 0.0282196 0.0311046 0.0326688 0.0327698 0.0314909 0.0291088 0.0260142 0.0226156 0.0192553 0.0161627 0.0134481 0.0111266 0.00915779 0.0074822
 1.02018e-16 2.9158e-05 0.000171122 0.000813414 0.00313165 0.00976572 0.0246675 0.0504737 0.0836683 0.112372 0.122303 0.107929 0.0773642 0.0453631 0.0224137 0.0105532 0.00663905 0.00695323 0.00920286 0.0123423 0.0158727 0.0194142 0.0225812 0.0250085 0.0264214 0.0266947 0.0258764 0.0241634 0.0218437 0.0192238 0.0165661 0.0140529 0.0117813 0.00978015 0.00803749 0.00652578
 1.01809e-16 2.81974e-05 0.00016548 0.000786582 0.00302833 0.00944351 0.0238537 0.0488088 0.0809097 0.108671 0.118285 0.104406 0.0748897 0.0440143 0.0219369 0.0106446 0.00711535 0.00776377 0.0103699 0.013901 0.0178323 0.0217357 0.0251695 0.027718 0.0290746 0.02911 0.0278987 0.0256891 0.022834 0.0197039 0.0166121 0.0137715 0.0112878 0.0091807 0.00741725 0.00594433
 1.02357e-16 2.26873e-05 0.000133122 0.000632728 0.00243592 0.00759607 0.0191873 0.0392618 0.0650884 0.0874347 0.0952063 0.0841216 0.0605286 0.0359539 0.018625 0.0102092 0.00834401 0.0101955 0.0139859 0.0188292 0.0241731 0.0294759 0.0341464 0.0376217 0.0394845 0.0395566 0.0379348 0.0349515 0.0310813 0.0268246 0.0226063 0.0187176 0.0153067 0.0124054 0.00997468 0.00794671
 1.03212e-16 2.3059e-05 0.000135309 0.000643137 0.00247601 0.00772112 0.0195031 0.0399076 0.0661573 0.0888655 0.0967512 0.0854554 0.0614204 0.0363478 0.0185811 0.00979296 0.00756239 0.00899948 0.0123073 0.0166226 0.0214511 0.0263336 0.0307694 0.0342732 0.0364711 0.0371799 0.0364379 0.034477 0.0316495 0.0283362 0.0248681 0.0214817 0.0183126 0.0154168 0.0128036 0.0104652
 1.02179e-16 2.9889e-05 0.000175416 0.00083383 0.00321026 0.0100109 0.0252867 0.0517405 0.0857676 0.115189 0.125364 0.110616 0.0792601 0.0464141 0.0228202 0.0105558 0.00638895 0.00650078 0.00854047 0.0114462 0.0147291 0.0180332 0.0210028 0.0233019 0.0246771 0.0250119 0.0243477 0.0228621 0.0208149 0.0184818 0.0160978 0.0138246 0.0117473 0.00989014 0.00824308 0.00678434
 1.00807e-16 3.26913e-05 0.000191868 0.000912046 0.00351141 0.01095 0.0276589 0.0565941 0.0938122 0.125991 0.137112 0.120965 0.0866394 0.0506609 0.0247678 0.0112167 0.00645398 0.00628477 0.00812364 0.0108032 0.013794 0.0167249 0.0192368 0.021 0.0217785 0.0214847 0.020199 0.0181445 0.0156284 0.0129686 0.0104309 0.00819176 0.00633202 0.00485417 0.00371166 0.00283799
 1.00302e-16 3.62484e-05 0.000212757 0.00101137 0.00389385 0.0121426 0.0306713 0.0627572 0.104026 0.1397 0.152011 0.13406 0.0959111 0.0558659 0.0269087 0.0115029 0.00566942 0.00472884 0.00581067 0.00765325 0.00974489 0.0117873 0.013517 0.0146973 0.0151611 0.0148495 0.0138255 0.0122558 0.0103679 0.00839648 0.00653794 0.00492238 0.00360865 0.00259663 0.00184856 0.00131051
 1.00344e-16 3.37599e-05 0.000198142 0.000941877 0.00362627 0.0113082 0.0285636 0.0584452 0.0968802 0.13011 0.141591 0.124908 0.0894435 0.052261 0.0254761 0.0114114 0.0063891 0.00607032 0.00778175 0.0103202 0.0131482 0.0158986 0.0182212 0.0197973 0.0204014 0.0199547 0.018544 0.0163966 0.013822 0.0111398 0.0086167 0.00642969 0.00465839 0.00330203 0.00230826 0.00160248
 1.00857e-16 2.8056e-05 0.000164646 0.000782612 0.00301303 0.00939578 0.0237332 0.0485625 0.0805025 0.108127 0.117702 0.103912 0.07458 0.0439221 0.0220566 0.0109752 0.0076839 0.00862153 0.0115724 0.015484 0.0197889 0.0239998 0.0276092 0.0301435 0.0312615 0.0308337 0.0289713 0.0259913 0.0223326 0.0184527 0.0147369 0.0114451 0.00870143 0.00651788 0.00483469 0.00356083
 1.01499e-16 2.88108e-05 0.000169082 0.000803711 0.00309428 0.00964919 0.0243732 0.0498716 0.082671 0.111034 0.120853 0.106661 0.0764833 0.0449019 0.0222886 0.0106655 0.0069366 0.00743351 0.00988891 0.0132574 0.017022 0.0207729 0.0240899 0.0265753 0.0279328 0.0280317 0.0269328 0.0248623 0.0221474 0.019136 0.0161266 0.0133281 0.0108518 0.00872947 0.00694292 0.00545254
 1.01836e-16 2.7456e-05 0.000161126 0.000765882 0.00294862 0.00919494 0.0232258 0.0475243 0.0787809 0.105813 0.115179 0.101675 0.0729536 0.0429225 0.0214784 0.0105649 0.00724781 0.00804305 0.0107909 0.0144804 0.018586 0.0226682 0.026269 0.0289555 0.0304067 0.030485 0.029263 0.0269941 0.0240408 0.0207852 0.017552 0.0145642 0.0119356 0.00969154 0.00780374 0.00622221
 1.01615e-16 3.09411e-05 0.000181593 0.000863198 0.00332334 0.0103635 0.0261774 0.0535629 0.088788 0.119244 0.129774 0.114498 0.0820235 0.0479948 0.0235271 0.0107637 0.00635085 0.00632843 0.00825903 0.0110448 0.0141875 0.0173323 0.0201296 0.0222508 0.0234503 0.0236188 0.0228042 0.0211893 0.0190392 0.0166352 0.0142173 0.0119518 0.00992603 0.00816362 0.00664991 0.00535513
 1.01628e-16 2.82468e-05 0.000165769 0.000787955 0.00303361 0.00945998 0.0238953 0.048894 0.0810511 0.108861 0.118493 0.104592 0.0750299 0.0441092 0.0220071 0.0107163 0.00721072 0.00789943 0.0105569 0.0141446 0.0181292 0.0220727 0.0255226 0.0280536 0.029354 0.0292958 0.0279605 0.0256094 0.022611 0.0193511 0.0161555 0.0132451 0.0107282 0.00862193 0.00688779 0.0054649
 1.02019e-16 2.73691e-05 0.000160617 0.000763462 0.00293931 0.0091659 0.0231525 0.0473741 0.0785318 0.105478 0.114812 0.101347 0.0727107 0.0427634 0.0213691 0.0104629 0.00711825 0.00786173 0.0105431 0.0141608 0.018201 0.0222385 0.0258299 0.0285542 0.0300958 0.0303136 0.0292677 0.0271919 0.0244258 0.02133 0.0182133 0.0152906 0.0126755 0.0104004 0.00844795 0.00678113
 1.01962e-16 2.93275e-05 0.000172118 0.000818146 0.00314987 0.00982253 0.024811 0.0507673 0.084155 0.113025 0.123014 0.108554 0.077809 0.0456169 0.022526 0.0105839 0.00662831 0.0069182 0.00914661 0.012262 0.0157641 0.0192736 0.0224066 0.0247998 0.026181 0.0264273 0.0255887 0.0238635 0.0215405 0.0189261 0.0162821 0.0137895 0.0115436 0.00957113 0.00785814 0.00637522
 1.01886e-16 2.81424e-05 0.000165157 0.000785049 0.00302242 0.0094251 0.0238072 0.0487136 0.0807519 0.108459 0.118054 0.104201 0.0747411 0.0439236 0.0218855 0.0106098 0.00707983 0.00771744 0.0103077 0.0138217 0.017738 0.0216326 0.0250678 0.0276311 0.0290171 0.0290959 0.0279382 0.0257871 0.022989 0.0199082 0.016853 0.0140337 0.0115558 0.00944017 0.00765705 0.00615689
 1.03642e-16 1.52585e-05 8.94978e-05 0.000425312 0.00163727 0.00510551 0.0128965 0.0263913 0.0437586 0.0588034 0.0640869 0.0567602 0.041135 0.0250245 0.0140488 0.00943642 0.00970844 0.0130411 0.0182568 0.0246795 0.0317428 0.0387823 0.045039 0.0497811 0.0524598 0.0528312 0.0510031 0.0473857 0.0425734 0.0371959 0.0317906 0.0267292 0.0222062 0.0182735 0.0148969 0.0120088
pSPR Fmed_Fpbrs
0.533963   0.6 0.325
Fs Fmed_Fpbrs
0.575567   0.435396 1.46513
SSBpbr Bo_Bmed_Bpbrs
928355  449290  510595 255298
Ro
37049.1
SPR SPRFo_SPRFmed_SPRFpbrs
763565 407715 248159
log_Ro
10.34
likeval ReclasPelacesDesembMPH_pf_preclas_ppelaces_ptallas_desvR_qrecl_qpela
 62.1977 15.9997 0.00785367 0.000210553 281.738 190.168 69.5495 0 15.927 1.33243e-05 6.78748e-05 4.47831e-15 0 0 0
q_reclas_q_pelaces
0.596155 3.22879
M
0.7
N
 38430.7 11051.1 3605.68 422.932 0.243328
 46502.1 17206.6 2871.9 731.63 84.3038
 25786.6 21080.5 4832.47 648.731 181.338
 38840.8 11024.2 4103.74 657.761 109.987
 67509.5 18713.7 4532.03 1569.55 292.057
 47435.8 33345.2 8987.02 2148.79 881.804
 83048.5 22381.5 12026.6 2868.51 958.445
 79683.5 39934.5 9088.25 4522.07 1430.66
 102309 37096.7 13246.3 2583.82 1672.87
 118468 47203.3 11632 3484.28 1104.86
 66756.3 55636.2 16534.9 3565.88 1392.8
 45115 29818.1 14245.6 3287.04 967.135
 44844.8 20404.7 8254.59 3154.48 926.348
 24483.4 19176.3 3977.89 1125.79 541.814
 14820 9036.66 1489.45 152.068 60.4261
 13988.7 5238.6 535.696 39.1941 5.25967
 10729.5 6024.02 1067.21 77.6415 6.28113
 12277.5 4806.76 1571.27 217.654 16.8047
 13365.5 5687.38 1545.51 427.897 63.0636
 21897 6274.23 1987.07 472.095 148.471
 28550.2 10268 2177.27 601.303 185.864
 36937.9 13793.9 4295.11 852.962 306.863
 57367.5 17748.6 5575.16 1604.63 430.745
 74394.4 27387.2 6889.07 1969.56 713.982
 30308.3 35523.5 10644.6 2438.26 943.118
pred_Ctot
 2735.32 3930.44 1612.7 191.732 0.110389
 2928.82 5553.41 1177.12 304.159 35.0737
 2601.75 9714.87 2709.37 367.815 102.876
 832.796 1379.79 688.484 112.364 18.8068
 259.302 443.914 147.753 52.1986 9.72326
 1705.89 6685.23 2368.07 575.697 236.459
 1895.22 2968.41 2134.02 518.196 173.308
 3594.75 9759.03 2884.28 1457.95 461.641
 5238.19 10095.1 4645.08 919.959 596.101
 4639.89 10203.2 3290.61 1001.9 317.979
 4855.21 20123.9 7507.45 1640.82 641.345
 2910.38 9810.85 5941.46 1390.32 409.376
 4518.14 9393.95 4624.06 1787.01 525.086
 4598.32 12841.6 3005.38 855.982 412.101
 3131.88 6394.89 1171.18 120.228 47.7878
 1347.11 2336.09 292.047 21.6155 2.90247
 759.525 2133.39 475.514 35.0654 2.83879
 595.323 1249.32 528.068 74.2879 5.74037
 527.263 1237.16 439.828 123.773 18.2576
 880.098 1387.28 574.24 138.661 43.6458
 556.56 1175.7 335.078 94.2448 29.1596
 862.157 1868.06 777.656 157.218 56.6149
 1597.59 2827.08 1179.94 345.576 92.8519
 2060.66 4341.04 1451.19 422.186 153.188
 711.052 4833.69 1936.1 451.476 174.797
F
 0.103562 0.647556 0.89499 0.913358 0.914346
 0.0911482 0.569936 0.787712 0.803878 0.804748
 0.149764 0.93645 1.29427 1.32083 1.32226
 0.030214 0.188924 0.261113 0.266472 0.26676
 0.00535354 0.0334749 0.0462659 0.0472154 0.0472665
 0.0511436 0.319793 0.441988 0.451059 0.451547
 0.0321855 0.201252 0.278151 0.283859 0.284166
 0.0645344 0.403524 0.557713 0.569159 0.569774
 0.07353 0.459773 0.635454 0.648496 0.649197
 0.0558135 0.348994 0.482346 0.492246 0.492778
 0.105933 0.662384 0.915484 0.934273 0.935284
 0.0934526 0.584345 0.807627 0.824202 0.825093
 0.149534 0.935012 1.29228 1.31881 1.32023
 0.296708 1.85527 2.56418 2.6168 2.61963
 0.339921 2.12548 2.93763 2.99793 3.00117
 0.142496 0.891006 1.23146 1.25674 1.2581
 0.102972 0.643871 0.889898 0.908162 0.909144
 0.0695151 0.434668 0.600756 0.613086 0.613749
 0.0562282 0.351587 0.48593 0.495903 0.496439
 0.0573147 0.358381 0.49532 0.505485 0.506032
 0.0274366 0.171557 0.23711 0.241976 0.242238
 0.0329299 0.205906 0.284584 0.290425 0.290739
 0.0394013 0.24637 0.34051 0.347498 0.347874
 0.0391864 0.245027 0.338653 0.345603 0.345977
 0.0331016 0.206979 0.286067 0.291938 0.292254
nmprior
 10 11 7 0
nm_flota  nm_reclas  nm_pelaces    nm_pelaL
inf 17.8195 15.8761 27.5989
cv_recla  cv_pelaces  cv_mph
0.713365 0.470674 0.470781
 ------------------------------------------------
Talla a la edad & desviación 
 7.2 14.2025 17.0495 18.207 18.6776
 1.08 2.13037 2.55742 2.73105 2.80164
