years
 1997 1998 1999 2000 2001 2002 2003 2004 2005 2006 2007 2008 2009 2010 2011 2012 2013 2014 2015 2016 2017 2018 2019 2020 2021
reclasobs
 0 0 0 370054 412103 1.49427e+06 250295 1.28982e+06 931140 785840 897777 1.04006e+06 184774 17550 25797 100020 73551 82996 120727 218422 84188 347160 605670 569463 516374
reclaspred
 454637 135874 476638 341530 439055 513534 1.07829e+06 667455 675113 548581 415708 278035 169943 84359.6 64189.8 67809.7 86707.1 121336 129444 183432 260681 239778 420295 557640 650462
pelacesobs
 0 0 0 0 0 0 0 0 0 2.06254e+06 1.5e+06 0 1.87456e+06 323000 250000 174000 83755 137374 0 501740 490994 745055 786931 1.00524e+06 0
pelacespred
 1.86417e+06 534708 1.06266e+06 1.19742e+06 1.28912e+06 1.31012e+06 2.89216e+06 2.40406e+06 2.07376e+06 1.73733e+06 1.19761e+06 821955 498100 214054 156657 173973 229521 321825 359571 488332 761164 697639 958250 1.47849e+06 1.82202e+06
mphobs
 0 0 0 0 0 112323 0 153150 637223 0 255016 313432 73983 77613 109348 50772 0 0 0 0 0 0 0 0 0
mphpred
 162402 115863 154909 217746 203709 283091 422597 473602 377678 343611 288353 200044 124079 66538.5 35707.9 32437 39525.7 55742.7 70390.2 81178 118907 138353 175949 253904 383973
desembarqueobs
 350755 77701 442110 56441 14545 235359 269955 359681 431902 328805 639364 411747 362871 311530 167758 66681 60226 58785 57116 71774 51957 67425 138520 160799 200461
desembarquepred
 350765 77704.5 442152 56442.5 14545.1 235389 269978 359715 431981 328876 639810 412126 363400 312180 167882 66700.1 60245.3 58789.7 57116.2 71777.9 51958.6 67423.8 138524 160805 200462
Reclutas
 93793.3 117104 76939.2 109247 177011 130634 191519 156625 164023 143706 70564.6 41901.5 42487.2 25789.6 21470 28993.3 25592.9 29361.4 33357.3 58199.3 73757.1 97543.1 156537 208501 104367
log_desv_Rt
 0.208849 0.430815 0.0107713 0.361364 0.843965 0.540151 0.922744 0.721613 0.76776 0.635523 -0.0757154 -0.596923 -0.583041 -1.08227 -1.26559 -0.965181 -1.08993 -0.952563 -0.824969 -0.268371 -0.031467 0.24805 0.721045 1.0077 0.31567
SSB
 1.12027e+06 799237 1.06858e+06 1.50203e+06 1.40521e+06 1.95279e+06 2.91512e+06 3.26696e+06 2.60526e+06 2.37027e+06 1.98909e+06 1.37993e+06 855913 458990 246317 223754 272652 384519 485560 559975 820231 954377 1.21371e+06 1.75145e+06 2.64868e+06
BT
 3.85519e+06 1.10302e+06 2.22811e+06 2.2521e+06 2.39025e+06 2.56183e+06 5.55879e+06 4.80983e+06 4.21597e+06 3.50082e+06 2.77114e+06 1.87858e+06 1.27105e+06 695830 435726 376966 474512 640557 706338 961090 1.45131e+06 1.3342e+06 1.85208e+06 2.85392e+06 3.46675e+06
Ftot
 0.256233 0.18129 0.239825 0.0435577 0.00979315 0.105919 0.0667052 0.138756 0.166366 0.14961 0.342984 0.321629 0.498056 0.845254 0.709693 0.275369 0.198435 0.131854 0.111166 0.112614 0.0558871 0.07263 0.08524 0.0808976 0.0684212
BD_Bspro_t
 0.969135 0.85191 0.836267 0.767614 0.839029 0.905818 0.886051 0.886173 0.842183 0.800662 0.754385 0.614344 0.505112 0.393808 0.281322 0.30785 0.437673 0.608213 0.709725 0.777809 0.847861 0.893659 0.898518 0.902245 0.904662
BD_Bspro
 0.714141 0.509492 0.681191 0.957506 0.895781 1.24485 1.85831 2.0826 1.66079 1.51098 1.26799 0.879666 0.545622 0.292594 0.157021 0.142637 0.173809 0.245121 0.309531 0.356969 0.522876 0.60839 0.773709 1.11651 1.68847
BD_Bo
 0.61935 0.441866 0.590774 0.830412 0.776881 1.07962 1.61165 1.80617 1.44034 1.31042 1.09969 0.762905 0.473199 0.253757 0.136179 0.123704 0.150738 0.212585 0.268446 0.309587 0.453472 0.527636 0.671012 0.968308 1.46435
BD_Brms
 2.22583 1.58798 2.12313 2.98435 2.79197 3.87995 5.79197 6.49104 5.17633 4.70942 3.95208 2.74174 1.70059 0.911955 0.489401 0.444571 0.541726 0.763991 0.964746 1.1126 1.6297 1.89623 2.41149 3.47992 5.2626
S_f
 0.214418 1 1 1 1
 0.214418 1 1 1 1
 0.214418 1 1 1 1
 0.214418 1 1 1 1
 0.214418 1 1 1 1
 0.214418 1 1 1 1
 0.214418 1 1 1 1
 0.214418 1 1 1 1
 0.214418 1 1 1 1
 0.214418 1 1 1 1
 0.214418 1 1 1 1
 0.214418 1 1 1 1
 0.214418 1 1 1 1
 0.214418 1 1 1 1
 0.214418 1 1 1 1
 0.214418 1 1 1 1
 0.214418 1 1 1 1
 0.214418 1 1 1 1
 0.214418 1 1 1 1
 0.214418 1 1 1 1
 0.214418 1 1 1 1
 0.214418 1 1 1 1
 0.214418 1 1 1 1
 0.214418 1 1 1 1
 0.214418 1 1 1 1
Scru_reclas
 1 1 1 1 1
 1 1 1 1 1
 1 1 1 1 1
 1 1 1 1 1
 1 1 1 1 1
 1 1 1 1 1
 1 1 1 1 1
 1 1 1 1 1
 1 1 1 1 1
 1 1 1 1 1
 1 1 1 1 1
 1 1 1 1 1
 1 1 1 1 1
 1 1 1 1 1
 1 1 1 1 1
 1 1 1 1 1
 1 1 1 1 1
 1 1 1 1 1
 1 1 1 1 1
 1 1 1 1 1
 1 1 1 1 1
 1 1 1 1 1
 1 1 1 1 1
 1 1 1 1 1
 1 1 1 1 1
Scru_pelaces
 0.922972 1 1 1 1
 0.922972 1 1 1 1
 0.922972 1 1 1 1
 0.922972 1 1 1 1
 0.922972 1 1 1 1
 0.922972 1 1 1 1
 0.922972 1 1 1 1
 0.922972 1 1 1 1
 0.922972 1 1 1 1
 0.922972 1 1 1 1
 0.922972 1 1 1 1
 0.922972 1 1 1 1
 0.922972 1 1 1 1
 0.922972 1 1 1 1
 0.922972 1 1 1 1
 0.922972 1 1 1 1
 0.922972 1 1 1 1
 0.922972 1 1 1 1
 0.922972 1 1 1 1
 0.922972 1 1 1 1
 0.922972 1 1 1 1
 0.922972 1 1 1 1
 0.922972 1 1 1 1
 0.922972 1 1 1 1
 0.922972 1 1 1 1
pf_obs 
 0.256992 0.487395 0.22802 0.0275931 0
 0.321318 0.546541 0.124235 0.00734118 0.000564706
 0.182869 0.594174 0.210203 0.0122559 0.00049798
 0.330522 0.361315 0.267642 0.0388342 0.00168674
 0.649043 0.306663 0.0425973 0.00169635 0
 0.582887 0.30429 0.105238 0.00758474 0
 0.465427 0.430635 0.0974691 0.00646863 0
 0.296916 0.608066 0.0921331 0.00288517 0
 0.311714 0.524322 0.152257 0.0117073 0
 0.15457 0.633149 0.183074 0.0267441 0.00246327
 0.131901 0.49318 0.331252 0.0422183 0.00144891
 0.196976 0.569456 0.194076 0.0375587 0.00193317
 0.518974 0.381816 0.0799577 0.0180837 0.00116848
 0.0928022 0.601141 0.25162 0.0475244 0.00691264
 0.122501 0.610282 0.24278 0.0234846 0.000952079
 0.383417 0.481906 0.127806 0.00687128 0
 0.0376549 0.599619 0.316969 0.0457579 0
 0.0361596 0.667082 0.258105 0.0386534 0
 0.158088 0.579412 0.248529 0.0139706 0
 0.0477256 0.309471 0.559284 0.082774 0.000745712
 0.0406174 0.521527 0.379366 0.0568643 0.0016247
 0.151134 0.462217 0.34131 0.0453401 0
 0.294876 0.26143 0.354403 0.0886775 0.000613685
 0.281977 0.475581 0.204845 0.0348837 0.00271318
 0 0 0 0 0
pf_pred 
 0.399265 0.424174 0.157918 0.0186342 9.10298e-06
 0.319947 0.528148 0.107259 0.039932 0.00471425
 0.183792 0.574629 0.187616 0.038102 0.0158599
 0.260994 0.398319 0.239852 0.0783117 0.0225239
 0.307519 0.433993 0.139323 0.0838949 0.03527
 0.182762 0.551903 0.166291 0.0533837 0.0456599
 0.257081 0.387967 0.239709 0.0722254 0.0430177
 0.189962 0.505744 0.158908 0.0981828 0.0472027
 0.209548 0.425034 0.228147 0.0716854 0.0655852
 0.190685 0.462163 0.186667 0.100198 0.0602866
 0.117077 0.476856 0.231887 0.0936585 0.0805219
 0.114155 0.371414 0.277837 0.135108 0.101485
 0.184638 0.334247 0.20172 0.150897 0.128497
 0.178346 0.468445 0.144794 0.0873838 0.121032
 0.245329 0.453565 0.171668 0.0530616 0.0763766
 0.335685 0.450653 0.128413 0.0486026 0.0366465
 0.23929 0.553246 0.140738 0.0401032 0.0266231
 0.249809 0.461963 0.209621 0.0533247 0.0252822
 0.245935 0.469136 0.175458 0.079616 0.0298556
 0.330303 0.4119 0.160386 0.0599846 0.0374256
 0.287896 0.503752 0.128148 0.0498984 0.0303057
 0.280831 0.473928 0.173487 0.0441327 0.0276214
 0.321177 0.443158 0.155302 0.0568499 0.0235131
 0.295417 0.490506 0.139757 0.0489769 0.0253438
 0.131014 0.581861 0.199886 0.0569525 0.0302864
pobs_RECLAS
 0 0 0 0 0
 0 0 0 0 0
 0 0 0 0 0
 0 0 0 0 0
 0.835266 0.146461 0.0176864 0.000547809 3.91292e-05
 0.385257 0.428462 0.181853 0.0044286 0
 0.867414 0.0963971 0.0333333 0.00285562 0
 0.441836 0.489002 0.0689373 0.000224442 0
 0.779404 0.147425 0.0564933 0.0165055 0.000172143
 0.814271 0.122319 0.05973 0.00367925 0
 0.40263 0.566651 0.0304383 0.000280538 0
 0.475488 0.404961 0.113038 0.00651328 0
 0.955842 0.0263864 0.0167828 0.000988607 0
 0.975058 0.0227948 0.00214734 0 0
 0.738997 0.206755 0.0527124 0.00153531 0
 0.850938 0.134255 0.0134407 0.00136685 0
 0.542534 0.407297 0.0501686 0 0
 0.764087 0.199537 0.0359546 0.000420521 0
 0.470689 0.182191 0.310203 0.0369168 0
 0.84361 0.089868 0.0606195 0.00523954 0.000663233
 0.607945 0.314616 0.071237 0.00620181 0
 0.523733 0.453247 0.0230204 0 0
 0.530135 0.295979 0.169645 0.0042399 0
 0.562478 0.366248 0.0663022 0.0049721 0
 0.250443 0.683176 0.0655157 0.000865301 0
ppred_RECLAS
 0.758683 0.170391 0.0634361 0.0074854 3.65668e-06
 0.688973 0.241552 0.0490555 0.0182632 0.00215609
 0.515516 0.341088 0.111365 0.0226166 0.0094141
 0.622711 0.203356 0.122453 0.0399809 0.0114992
 0.674484 0.204008 0.0654919 0.0394367 0.0165795
 0.511831 0.329674 0.0993323 0.0318882 0.0272745
 0.618182 0.199393 0.123197 0.0371198 0.0221087
 0.524137 0.297103 0.0933517 0.0576782 0.0277296
 0.554979 0.239292 0.128446 0.0403585 0.0369242
 0.525461 0.270988 0.109452 0.0587509 0.0353489
 0.386876 0.331141 0.161028 0.0650388 0.0559164
 0.379763 0.260051 0.194532 0.0945975 0.0710564
 0.521668 0.196086 0.118339 0.0885239 0.0753826
 0.519407 0.273998 0.0846912 0.0511116 0.0707925
 0.614801 0.231508 0.0876226 0.0270837 0.0389841
 0.705303 0.199914 0.0569654 0.0215606 0.0162568
 0.597195 0.292951 0.0745225 0.0212351 0.0140973
 0.609893 0.240225 0.109005 0.0277294 0.013147
 0.604666 0.245954 0.0919871 0.0417403 0.0156524
 0.698175 0.185639 0.0722843 0.0270344 0.0168673
 0.654044 0.244734 0.062257 0.0242417 0.0147232
 0.64634 0.23306 0.0853143 0.0217028 0.0135832
 0.689036 0.203008 0.0711426 0.0260426 0.0107712
 0.662518 0.234943 0.0669409 0.023459 0.0121392
 0.413648 0.392613 0.134874 0.0384289 0.0204359
pobs_PELACES
 0 0 0 0 0
 0 0 0 0 0
 0 0 0 0 0
 0 0 0 0 0
 0 0 0 0 0
 0 0 0 0 0
 0 0 0 0 0
 0 0 0 0 0
 0 0 0 0 0
 0 0 0 0 0
 0.450072 0.473896 0.0757376 0.000293798 0
 0 0 0 0 0
 0.463077 0.371075 0.160297 0.00555027 0
 0.529543 0.364841 0.0842815 0.0213345 0
 0.631943 0.363953 0.00410389 0 0
 0.735681 0.248677 0.0153453 0.000297389 0
 0.695825 0.281241 0.0229344 0 0
 0.275771 0.60734 0.115278 0.00161068 0
 0 0 0 0 0
 0.896147 0.0623911 0.0374545 0.00400742 0
 0.803859 0.145111 0.0509908 3.86294e-05 0
 0.739449 0.233085 0.0266225 0.000797448 4.60066e-05
 0.878498 0.100942 0.0204185 0.000141795 0
 0.694673 0.275183 0.0284847 0.00165964 0
 0 0 0 0 0
ppred_PELACES
 0.756161 0.172173 0.0640993 0.00756365 3.69491e-06
 0.681823 0.247105 0.0501832 0.018683 0.00220566
 0.511023 0.344251 0.112398 0.0228263 0.0095014
 0.6064 0.212147 0.127747 0.0417093 0.0119964
 0.657217 0.21483 0.0689659 0.0415286 0.0174589
 0.498659 0.33857 0.102013 0.0327487 0.0280104
 0.603237 0.207197 0.128019 0.0385726 0.022974
 0.513107 0.30399 0.0955156 0.0590152 0.0283723
 0.545817 0.244219 0.131091 0.0411895 0.0376844
 0.515135 0.276885 0.111833 0.0600292 0.0361181
 0.388956 0.330017 0.160482 0.0648182 0.0557268
 0.380522 0.259733 0.194294 0.0944817 0.0709694
 0.53387 0.191084 0.11532 0.0862658 0.0734597
 0.553948 0.254305 0.0786043 0.0474381 0.0657045
 0.639078 0.216918 0.0821003 0.0253767 0.0365272
 0.703477 0.201153 0.0573183 0.0216942 0.0163575
 0.590268 0.297988 0.0758039 0.0216003 0.0143397
 0.598901 0.246994 0.112077 0.0285107 0.0135174
 0.59233 0.253629 0.0948574 0.0430427 0.0161408
 0.687329 0.19231 0.0748819 0.0280059 0.0174735
 0.639039 0.255349 0.0649573 0.0252932 0.0153618
 0.632198 0.242379 0.0887256 0.0225706 0.0141263
 0.676461 0.211217 0.0740194 0.0270956 0.0112068
 0.649161 0.244242 0.0695904 0.0243875 0.0126196
 0.398595 0.402693 0.138337 0.0394155 0.0209606
pobs_pel_tallas
 0 0 0 0 0 0 0 0 0 0 0 0 0 0 0 0 0 0 0 0 0 0 0 0 0 0 0 0 0 0 0 0 0 0 0 0
 0 0 0 0 0 0 0 0 0 0 0 0 0 0 0 0 0 0 0 0 0 0 0 0 0 0 0 0 0 0 0 0 0 0 0 0
 0 0 0 0 0 0 0 0 0 0 0 0 0 0 0 0 0 0 0 0 0 0 0 0 0 0 0 0 0 0 0 0 0 0 0 0
 0 0 0 0 0 0 0 0 0 0 0 0 0 0 0 0 0 0 0 0 0 0 0 0 0 0 0 0 0 0 0 0 0 0 0 0
 0 0 0 0 0 0 0 0 0 0 0 0 0 0 0 0 0 0 0 0 0 0 0 0 0 0 0 0 0 0 0 0 0 0 0 0
 0 0 0 0 0 0 0 0 0 0 0 0 0 0 0 0 0 0 0 0 0 0 0 0 0 0 0 0 0 0 0 0 0 0 0 0
 0 0 0 0 0 0 0 0 0 0 0 0 0 0 0 0 0 0 0 0 0 0 0 0 0 0 0 0 0 0 0 0 0 0 0 0
 0 0 0 0 0 0 0 0 0 0 0 0 0 0 0 0 0 0 0 0 0 0 0 0 0 0 0 0 0 0 0 0 0 0 0 0
 0 0 0 0 0 0 0 0 0 0 0 0 0 0 0 0 0 0 0 0 0 0 0 0 0 0 0 0 0 0 0 0 0 0 0 0
 0 0 0 0 0 0 0 0 0 0 0 0 0 0 0 0 0 0 0 0 0 0 0 0 0 0 0 0 0 0 0 0 0 0 0 0
 0 0 0 0 0 0 0 0 1.78061e-05 0.00172719 0.00360574 0.0105946 0.0120993 0.0124554 0.0147524 0.0171206 0.0266825 0.0428682 0.0675386 0.121331 0.153587 0.119568 0.100827 0.0573624 0.0630603 0.0341343 0.0324427 0.0444173 0.0211091 0.0280891 0.0125444 0.00206551 0 0 0 0
 0 0 0 0 0 0 0 0 0 0 0 0 0 0 0 0 0 0 0 0 0 0 0 0 0 0 0 0 0 0 0 0 0 0 0 0
 0 0 0 0 0 0 0.0133647 0.0140871 0.0187388 0.0205184 0.03894 0.0496705 0.03968 0.0493445 0.0407372 0.0367815 0.0215668 0.0243155 0.0234873 0.0199281 0.019796 0.0243948 0.0301388 0.0376714 0.0412746 0.0863199 0.0771752 0.113111 0.0741005 0.0525337 0.0229764 0.00759418 0.00175318 0 0 0
 0 0 0 0 0 0 0 0 0 0 0.00219441 0.00772107 0.0458388 0.0604681 0.0671733 0.0775358 0.0609151 0.0617685 0.073594 0.0568108 0.0755445 0.0548602 0.0670107 0.0636378 0.0643287 0.046367 0.0373049 0.0286899 0.0247887 0.0153202 0.00654259 0.00121912 0.000365735 0 0 0
 0 0 0 0 0 0 0 0 0 0 0 0 0.000112435 0.00938835 0.0111873 0.0202946 0.0414886 0.0713402 0.111592 0.104902 0.108894 0.110636 0.117776 0.105296 0.107544 0.0401394 0.0192827 0.0124803 0.00416011 0.0028671 0.000618394 0 0 0 0 0
 0 0 0 0 0 0 0 0 0 0 0.00291406 0.0102884 0.027416 0.0768956 0.0749926 0.110853 0.0956884 0.0897413 0.0766577 0.0534642 0.0500743 0.0551293 0.0594112 0.0620874 0.0668451 0.0424026 0.0208742 0.0120726 0.0048766 0.00582813 0.00118941 0.000297354 0 0 0 0
 0 0.00264628 0.0354308 0.0461629 0.0458689 0.0383711 0.0214643 0.0164657 0.0346957 0.0420465 0.0363128 0.0245516 0.0311673 0.0291091 0.0169068 0.0133784 0.00837989 0.0085269 0.0148486 0.0160247 0.0276389 0.0546898 0.0760071 0.122758 0.109233 0.0665981 0.0333725 0.0166128 0.00676272 0.00308733 0.000882094 0 0 0 0 0
 0 0 0 0 0 0 0 0.000805153 0.000690131 0.00759144 0.0133425 0.0154129 0.00931677 0.000345066 0.00356568 0.00563607 0.00851162 0.0253048 0.0502646 0.0516448 0.0657925 0.0565908 0.0611916 0.0827007 0.0866115 0.110766 0.145733 0.0935128 0.0569358 0.0249597 0.0138026 0.00621118 0.00161031 0.00115022 0 0
 0 0 0 0 0 0 0 0 0 0 0 0 0 0 0 0 0 0 0 0 0 0 0 0 0 0 0 0 0 0 0 0 0 0 0 0
 0.00147267 0.00158595 0.00478618 0.00569244 0.00954404 0.0108468 0.00647125 0.017049 0.0510054 0.094081 0.124002 0.0959785 0.0687766 0.0820023 0.061753 0.0591476 0.0492212 0.0479892 0.0443925 0.0268479 0.0217502 0.0140895 0.0121071 0.0120363 0.00920419 0.00665534 0.0049561 0.00860946 0.00930331 0.0156896 0.0114698 0.00855282 0.00243557 0.00046729 0 2.83206e-05
 0 0 0 0 0.000772559 0.00158375 0.000888443 0.00281984 0.00712685 0.0440552 0.0773331 0.111326 0.0921469 0.0852325 0.0710754 0.0886704 0.0786465 0.0553345 0.0373146 0.0185414 0.00753245 0.00457741 0.012979 0.0271748 0.0457355 0.0583668 0.034881 0.0177882 0.00938659 0.00492506 0.0015258 0.00185414 0.000309023 5.79419e-05 3.86279e-05 0
 0 0.00173294 0.00326652 0 0.00397197 0.00683976 0.00946217 0.0152591 0.00757587 0.0136028 0.0228656 0.0392903 0.0559909 0.0764795 0.0681675 0.0726916 0.0566044 0.0477403 0.0527397 0.0444891 0.0609904 0.0582453 0.0661739 0.0445044 0.0529084 0.0360697 0.0280645 0.0235558 0.0158879 0.00826598 0.00280645 0.00217768 0.000904811 0.00058276 9.20147e-05 0
 0 0 0 0 0 0 0 0 0 0 0 0 0 0 0 0 0 0 0 0 0 0 0 0 0 0 0 0 0 0 0 0 0 0 0 0
 0 0 0 0 0 0 0 0 0 0 0 0 0 0 0 0 0 0 0 0 0 0 0 0 0 0 0 0 0 0 0 0 0 0 0 0
 0 0 0 0 0 0 0 0 0 0 0 0 0 0 0 0 0 0 0 0 0 0 0 0 0 0 0 0 0 0 0 0 0 0 0 0
ppred_pel_tallas
 1.01227e-16 3.29919e-05 0.000193637 0.000920463 0.00354384 0.0110511 0.0279143 0.0571163 0.0946765 0.127148 0.138362 0.122045 0.0873623 0.0509828 0.0247386 0.0108911 0.00584025 0.00534667 0.0068102 0.0090823 0.0116803 0.0142986 0.0166491 0.0184612 0.0195298 0.0197578 0.019174 0.0179166 0.0161924 0.0142247 0.0122078 0.0102814 0.00852528 0.0069706 0.00561798 0.00445455
 1.01538e-16 2.97534e-05 0.000174617 0.000830027 0.00319561 0.00996518 0.0251713 0.0515046 0.0853774 0.114668 0.124803 0.110136 0.0789505 0.046301 0.0228908 0.0107989 0.00681766 0.00715015 0.00945089 0.0126437 0.0162077 0.0197419 0.0228411 0.0251262 0.0263185 0.0263028 0.02515 0.0230904 0.0204498 0.0175693 0.014737 0.0121479 0.00989794 0.00800298 0.0064302 0.00512786
 1.02936e-16 2.23098e-05 0.000130908 0.000622206 0.00239541 0.00746976 0.0188683 0.0386088 0.0640055 0.0859789 0.0936182 0.0827116 0.0594993 0.0353131 0.0182401 0.0099159 0.008015 0.00975181 0.0133852 0.0180583 0.0232502 0.0284557 0.0331208 0.0367126 0.0388275 0.0392791 0.0381324 0.0356695 0.0323062 0.0284863 0.0245914 0.0208888 0.0175236 0.014543 0.0119356 0.00966694
 1.03877e-16 2.64634e-05 0.000155305 0.000738219 0.00284213 0.00886288 0.022387 0.0458075 0.0759335 0.101984 0.110999 0.0979577 0.0702269 0.0411988 0.020397 0.00967779 0.00619994 0.00660418 0.00882859 0.0119462 0.0155272 0.0192463 0.0227646 0.0257479 0.0279253 0.0291408 0.0293763 0.0287353 0.0273999 0.0255765 0.0234502 0.0211605 0.0188005 0.0164307 0.0140975 0.0118464
 1.03292e-16 2.86792e-05 0.000168313 0.000800064 0.00308026 0.00960546 0.0242627 0.0496452 0.0822945 0.110526 0.12029 0.106143 0.076066 0.0445645 0.0219503 0.0102213 0.00628199 0.00647429 0.0085481 0.0114888 0.0148291 0.0182266 0.0213366 0.0238306 0.0254577 0.0260964 0.0257753 0.0246513 0.0229581 0.020943 0.0188138 0.0167105 0.0147043 0.0128157 0.0110404 0.00937112
 1.03993e-16 2.17704e-05 0.000127741 0.000607154 0.00233746 0.00728904 0.0184118 0.0376748 0.0624571 0.0838993 0.0913547 0.0807136 0.0580662 0.0344709 0.0178207 0.00971341 0.00788205 0.00961089 0.0132033 0.0178254 0.0229706 0.0281474 0.0328166 0.0364596 0.038684 0.0393087 0.0383961 0.0362177 0.0331711 0.0296765 0.0260895 0.0226524 0.0194887 0.0166307 0.0140598 0.0117432
 1.04284e-16 2.63252e-05 0.000154494 0.000734367 0.00282731 0.00881664 0.0222702 0.0455684 0.0755372 0.101452 0.110419 0.0974436 0.0698542 0.040972 0.0202697 0.00959268 0.00611361 0.00649062 0.00867383 0.0117445 0.0152803 0.018965 0.0224694 0.0254682 0.0276964 0.0289996 0.0293555 0.0288589 0.0276796 0.0260106 0.0240238 0.0218483 0.0195699 0.0172456 0.0149217 0.0126468
 1.04809e-16 2.23989e-05 0.000131435 0.00062472 0.00240511 0.0075 0.0189446 0.0387647 0.0642627 0.0863208 0.093981 0.0830094 0.0596641 0.0353118 0.0180579 0.00952778 0.00737108 0.0087822 0.0120179 0.0162425 0.0209801 0.0257903 0.0301942 0.0337289 0.0360406 0.0369586 0.0365239 0.0349586 0.032593 0.0297754 0.0267975 0.0238547 0.0210446 0.0183933 0.0158926 0.0135313
 1.05117e-16 2.38229e-05 0.0001398 0.000664501 0.00255829 0.00797773 0.0201512 0.0412331 0.0683525 0.0918075 0.0999365 0.0882266 0.0633204 0.0372881 0.0187237 0.00932404 0.00655881 0.00742527 0.0100745 0.0136575 0.0177466 0.0219845 0.0259873 0.0293762 0.0318474 0.0332311 0.0335158 0.032829 0.0313847 0.0294194 0.0271387 0.0246902 0.0221636 0.0196096 0.0170644 0.0145676
 1.05429e-16 2.24863e-05 0.00013195 0.000627176 0.00241457 0.00752952 0.0190191 0.038917 0.0645144 0.0866566 0.0943405 0.0833124 0.0598502 0.0353587 0.0179661 0.00929388 0.00697357 0.00818449 0.0111816 0.0151441 0.0196263 0.0242297 0.0285209 0.0320771 0.0345669 0.0358181 0.0358438 0.034816 0.0330036 0.0306941 0.0281301 0.0254766 0.0228215 0.0201996 0.0176243 0.0151127
 1.07217e-16 1.69865e-05 9.96563e-05 0.000473637 0.00182339 0.00568593 0.0143625 0.0293896 0.0487243 0.065459 0.0712947 0.0630355 0.0454471 0.0271789 0.0144201 0.00845786 0.00756904 0.009677 0.0134863 0.01835 0.0238439 0.029522 0.0348746 0.0393952 0.0426798 0.0445071 0.0448705 0.0439497 0.0420387 0.0394577 0.0364802 0.0332964 0.0300151 0.026691 0.0233602 0.0200666
 1.09406e-16 1.66159e-05 9.74871e-05 0.000463338 0.00178376 0.00556237 0.0140503 0.0287503 0.0476628 0.064028 0.069723 0.0616146 0.044355 0.0263909 0.0137582 0.00769523 0.0064991 0.00813304 0.0113462 0.0155519 0.0204134 0.0255981 0.0307191 0.0353763 0.0392273 0.042047 0.0437536 0.0443919 0.0440871 0.0429893 0.0412304 0.0389081 0.036095 0.0328611 0.0292967 0.0255234
 1.08096e-16 2.32996e-05 0.000136733 0.000649933 0.00250222 0.00780289 0.0197095 0.040329 0.0668523 0.0897886 0.0977284 0.0862523 0.0618491 0.0363127 0.0180332 0.00865278 0.00568121 0.00617498 0.0083357 0.0113663 0.0149083 0.0186942 0.0224412 0.0258639 0.0287221 0.0308627 0.0322363 0.032882 0.0328909 0.032363 0.0313764 0.0299766 0.0281872 0.0260313 0.0235531 0.0208295
 1.05899e-16 2.41777e-05 0.000141882 0.0006744 0.00259641 0.00809658 0.0204515 0.0418475 0.0693709 0.0931755 0.101426 0.0895425 0.0642665 0.0378483 0.0190094 0.00947093 0.00666208 0.00753038 0.0101916 0.0137738 0.0178311 0.0219908 0.0258578 0.0290518 0.0312801 0.0323988 0.0324342 0.0315569 0.0300204 0.0280876 0.0259712 0.0238035 0.0216402 0.0194858 0.0173275 0.015162
 1.03815e-16 2.78883e-05 0.00016367 0.00077799 0.00299526 0.00934041 0.0235932 0.0482754 0.0800242 0.107477 0.116975 0.103224 0.0739857 0.0433706 0.0214088 0.0100483 0.00628457 0.00656581 0.00870754 0.0117236 0.0151562 0.0186646 0.0219024 0.0245374 0.0263129 0.027101 0.0269223 0.0259256 0.0243369 0.0223967 0.0203078 0.0182074 0.016167 0.0142097 0.0123365 0.010547
 1.0239e-16 3.06958e-05 0.000180154 0.000856358 0.00329701 0.0102814 0.02597 0.0531385 0.0880841 0.118298 0.128742 0.113583 0.0813575 0.0475839 0.0232865 0.0105883 0.00615921 0.00606967 0.00790402 0.0105803 0.0136168 0.0166785 0.0194377 0.0215857 0.0228906 0.0232463 0.0226917 0.0213899 0.0195784 0.0175078 0.015389 0.0133647 0.0115065 0.00983138 0.00832585 0.00696853
 1.02586e-16 2.57633e-05 0.000151187 0.000718626 0.00276667 0.00862753 0.0217926 0.044592 0.0739211 0.0992891 0.108086 0.0954339 0.0685207 0.040405 0.020387 0.010307 0.00742948 0.00849861 0.0114924 0.0154524 0.019859 0.0242576 0.0281668 0.0311295 0.0328048 0.0330439 0.0319178 0.0296864 0.026723 0.0234206 0.0201117 0.0170228 0.0142675 0.0118703 0.00980292 0.00801855
 1.03283e-16 2.61378e-05 0.00015339 0.000729108 0.00280705 0.00875345 0.0221106 0.0452423 0.0749976 0.10073 0.109643 0.0967803 0.0694256 0.0408147 0.0203659 0.00992653 0.00670332 0.00738488 0.00992928 0.0133986 0.0173272 0.0213373 0.0250316 0.0280246 0.0300151 0.0308475 0.0305375 0.0292498 0.0272427 0.0247985 0.0221632 0.0195144 0.0169572 0.0145414 0.0122865 0.0102032
 1.03663e-16 2.58514e-05 0.000151708 0.000721114 0.00277626 0.00865746 0.0218682 0.0447462 0.0741756 0.0996271 0.108444 0.0957268 0.0686802 0.0403973 0.020196 0.00990672 0.00677 0.00751241 0.0101134 0.0136405 0.0176246 0.0216802 0.0254025 0.0284005 0.0303727 0.0311691 0.0308159 0.0294916 0.0274676 0.0250347 0.0224412 0.0198593 0.0173829 0.0150473 0.0128581 0.0108151
 1.02905e-16 2.99913e-05 0.000176019 0.000836701 0.00322132 0.0100454 0.0253739 0.0519186 0.086062 0.115582 0.125786 0.110974 0.0794874 0.0464872 0.0227451 0.0103357 0.00600736 0.00592387 0.00773066 0.0103787 0.0134072 0.0164997 0.0193449 0.0216455 0.0231723 0.0238101 0.0235772 0.0226065 0.0211017 0.0192809 0.0173309 0.0153809 0.0135021 0.0117214 0.0100442 0.00847188
 1.02593e-16 2.78882e-05 0.000163666 0.000777961 0.00299514 0.00934001 0.0235922 0.0482737 0.0800224 0.107478 0.116984 0.103252 0.0740488 0.0434939 0.0216295 0.0104171 0.00686447 0.00742537 0.00990809 0.0133015 0.0171032 0.0209118 0.0243144 0.0269199 0.0284365 0.0287351 0.0278733 0.0260687 0.0236344 0.0208995 0.018141 0.0155462 0.0132077 0.0111442 0.00933249 0.00773626
 1.02775e-16 2.75894e-05 0.000161913 0.00076963 0.00296307 0.00924 0.0233396 0.0477568 0.0791652 0.106326 0.115728 0.102139 0.073242 0.0430022 0.0213524 0.0102312 0.0066775 0.00718412 0.00958805 0.0128989 0.016634 0.0204138 0.023846 0.0265551 0.0282537 0.0288031 0.0282372 0.0267393 0.0245848 0.0220688 0.019445 0.0168914 0.0145057 0.0123235 0.0103452 0.00855978
 1.02575e-16 2.95182e-05 0.000173239 0.000823484 0.00317043 0.00988666 0.024973 0.0510985 0.0847033 0.11376 0.123807 0.109241 0.0782722 0.04583 0.022523 0.0104024 0.00627655 0.00637555 0.00838083 0.0112491 0.0145047 0.0178046 0.0208056 0.0231813 0.0246821 0.025188 0.0247287 0.0234629 0.0216288 0.0194807 0.017236 0.0150458 0.0129918 0.0111023 0.00937635 0.00780472
 1.02496e-16 2.83291e-05 0.000166255 0.000790275 0.00304255 0.00948788 0.0239657 0.0490378 0.0812886 0.109177 0.11883 0.104872 0.0751929 0.0441291 0.0218771 0.0104231 0.00672136 0.00716545 0.00952939 0.012793 0.0164601 0.0201438 0.0234479 0.0259971 0.027509 0.0278558 0.0270871 0.0254051 0.023104 0.0204948 0.017841 0.0153228 0.0130326 0.0109939 0.00919096 0.00759537
 1.04429e-16 1.74098e-05 0.000102135 0.000485404 0.00186867 0.00582712 0.0147192 0.03012 0.0499369 0.0670933 0.0730883 0.0646536 0.0466838 0.0280583 0.0151396 0.00926874 0.00869808 0.0113057 0.015748 0.0213152 0.0274925 0.0337158 0.0393456 0.0437609 0.0464877 0.0473009 0.0462638 0.0436893 0.0400425 0.0358203 0.0314485 0.0272237 0.023306 0.0197496 0.0165481 0.0136753
pSPR Fmed_Fpbrs
0.785322   0.328256 0.328256
Fs Fmed_Fpbrs
0.142163   1.005 1.005
SSBpbr Bo_Bmed_Bpbrs
1.80878e+06  1.33004e+06  503303 503303
Ro
76115
SPR SPRFo_SPRFmed_SPRFpbrs
1.56869e+06 1.23193e+06 514933
log_Ro
11.06
likeval ReclasPelacesDesembMPH_pf_preclas_ppelaces_ptallas_desvR_qrecl_qpela
 64.1473 24.1679 0.0433299 0.000218186 293.515 206.082 72.2566 0 17.6132 0.000132794 0 0 0 0 0
q_reclas_q_pelaces
0.195353 1
M
0.7
N
 93793.3 23295.3 8672.76 1023.38 0.499929
 117104 44086.4 8953.28 3333.27 393.515
 76939.2 55934.9 18262.7 3708.88 1543.82
 109247 36291.9 21853.6 7135.18 2052.21
 177011 53746 17253.9 10389.6 4367.87
 130634 87716.5 26429.4 8484.51 7256.93
 191519 63414 39181 11805.4 7031.35
 156625 93755 29458.4 18201.2 8750.45
 164023 75498 40525.4 12733.3 11649.8
 143706 78597 31745.2 17040 10252.5
 70564.6 69109.3 33606.6 13573.6 11669.8
 41901.5 32556.8 24354.2 11843 8895.83
 42487.2 19421.1 11720.7 8767.72 7466.16
 25789.6 18961.5 5860.9 3537.09 4899.07
 21470 10683.9 4043.69 1249.88 1799.07
 28993.3 9156.69 2609.19 987.543 744.611
 25592.9 13572.1 3452.56 983.805 653.114
 29361.4 12179.7 5526.67 1405.91 666.565
 33357.3 14174 5301.1 2405.44 902.025
 58199.3 16174.6 6298.08 2355.49 1469.64
 73757.1 28211.4 7176.6 2794.44 1697.2
 97543.1 36190.4 13247.9 3370.09 2109.24
 156537 47690 16712.6 6117.85 2530.34
 208501 76325.9 21747.1 7621.13 3943.66
 104367 101758 34956.9 9960.07 5296.61
pred_Ctot
 3617.42 3843.1 1430.77 168.83 0.0824749
 3218.08 5312.19 1078.82 401.642 47.4166
 2781.65 8696.88 2839.53 576.665 240.036
 730.753 1115.25 671.56 219.264 63.0644
 267.059 376.893 120.992 72.8569 30.6296
 2112.34 6378.82 1921.97 617.001 527.73
 1957.58 2954.22 1825.29 549.969 327.564
 3307.54 8805.79 2766.83 1709.51 821.871
 4142.19 8401.74 4509.84 1417.02 1296.44
 3268.76 7922.47 3199.87 1717.61 1033.44
 3613.46 14717.6 7156.93 2890.67 2485.22
 2016.12 6559.61 4906.93 2386.16 1792.35
 3114.01 5637.24 3402.1 2544.95 2167.16
 3106.69 8160.05 2522.23 1522.18 2108.3
 2198.77 4065.09 1538.58 475.567 684.528
 1199.57 1610.41 458.884 173.681 130.956
 768.578 1776.98 452.039 128.808 85.5112
 589.583 1090.29 494.734 125.853 59.6693
 565.828 1079.35 403.68 183.174 68.6894
 999.937 1246.96 485.542 181.593 113.3
 632.276 1106.34 281.438 109.587 66.5572
 1084.96 1830.98 670.252 170.503 106.713
 2041.01 2816.17 986.908 361.269 149.421
 2581.12 4285.65 1221.09 427.922 221.434
 1094.03 4858.84 1669.15 475.582 252.907
F
 0.0549409 0.256233 0.256233 0.256233 0.256233
 0.0388718 0.18129 0.18129 0.18129 0.18129
 0.0514227 0.239825 0.239825 0.239825 0.239825
 0.00933956 0.0435577 0.0435577 0.0435577 0.0435577
 0.00209983 0.00979315 0.00979315 0.00979315 0.00979315
 0.0227108 0.105919 0.105919 0.105919 0.105919
 0.0143028 0.0667052 0.0667052 0.0667052 0.0667052
 0.0297517 0.138756 0.138756 0.138756 0.138756
 0.0356719 0.166366 0.166366 0.166366 0.166366
 0.0320791 0.14961 0.14961 0.14961 0.14961
 0.0735419 0.342984 0.342984 0.342984 0.342984
 0.068963 0.321629 0.321629 0.321629 0.321629
 0.106792 0.498056 0.498056 0.498056 0.498056
 0.181238 0.845254 0.845254 0.845254 0.845254
 0.152171 0.709693 0.709693 0.709693 0.709693
 0.059044 0.275369 0.275369 0.275369 0.275369
 0.0425479 0.198435 0.198435 0.198435 0.198435
 0.0282719 0.131854 0.131854 0.131854 0.131854
 0.023836 0.111166 0.111166 0.111166 0.111166
 0.0241464 0.112614 0.112614 0.112614 0.112614
 0.0119832 0.0558871 0.0558871 0.0558871 0.0558871
 0.0155732 0.07263 0.07263 0.07263 0.07263
 0.018277 0.08524 0.08524 0.08524 0.08524
 0.0173459 0.0808976 0.0808976 0.0808976 0.0808976
 0.0146707 0.0684212 0.0684212 0.0684212 0.0684212
nmprior
 10 11 7 0
nm_flota  nm_reclas  nm_pelaces    nm_pelaL
inf 11.4759 19.3734 35.0466
cv_recla  cv_pelaces  cv_mph
0.724459 0.578475 0.479238
 ------------------------------------------------
Talla a la edad & desviación 
 7.2 14.2025 17.0495 18.207 18.6776
 1.08 2.13037 2.55742 2.73105 2.80164
