years
 1997 1998 1999 2000 2001 2002 2003 2004 2005 2006 2007 2008 2009 2010 2011 2012 2013 2014 2015 2016 2017 2018 2019 2020 2021
reclasobs
 0 0 0 370054 412103 1.49427e+06 250295 1.28982e+06 931140 785840 897777 1.04006e+06 184774 17550 25797 100020 73551 82996 120727 218422 84188 347160 605670 569463 516374
reclaspred
 1.86696e+06 296385 567089 237736 288574 370383 827588 791365 1.10547e+06 1.16155e+06 1.19553e+06 878902 479152 189461 119355 120303 147139 212191 221403 327786 550189 528479 886516 760634 710485
pelacesobs
 0 0 0 0 0 0 0 0 0 2.06254e+06 1.5e+06 0 1.87456e+06 323000 250000 174000 83755 137374 0 501740 490994 745055 786931 1.00524e+06 0
pelacespred
 1.02329e+06 350511 184079 167949 171656 159450 427901 490263 629164 689732 630727 475421 254622 79704.1 49392 56991 73428.5 108021 119167 171557 303454 313283 394861 430955 389920
mphobs
 0 0 0 0 0 112323 0 153150 637223 0 255016 313432 73983 77613 109348 50772 0 0 0 0 0 0 0 0 0
mphpred
 1.41098e+06 643801 389883 282138 205442 336728 474516 724515 876164 1.04762e+06 1.09868e+06 952851 544929 262669 108384 99043.5 113769 159953 201923 215187 419266 476163 638593 703993 723800
desembarqueobs
 350755 77701 442110 56441 14545 235359 269955 359681 431902 328805 639364 411747 362871 311530 167758 66681 60226 58785 57116 71774 51957 67425 138520 160799 200461
desembarquepred
 350945 77752.8 441975 56424.6 14526.3 235168 269685 359510 432200 328627 638849 412244 363398 312043 167800 66743.4 60325.3 58768.4 56957.3 71599.6 51939.3 67342.7 138297 160622 199878
Reclutas
 39342.7 30546.6 13735.5 14551.6 43756.7 35113.4 73254.2 105874 127814 119854 115592 26122.5 39502.7 24587.3 21042.8 16579.8 14160.3 16157 11986.9 44062.5 34428.3 65426.5 48983.4 50208.9 12313.4
log_desv_Rt
 0.120065 -0.132991 -0.932264 -0.874541 0.226399 0.00633789 0.741691 1.11001 1.29833 1.23403 1.19782 -0.289448 0.124125 -0.350013 -0.505685 -0.744063 -0.901801 -0.76989 -1.06843 0.233364 -0.0133659 0.628683 0.339237 0.363948 -1.04155
SSB
 1.41098e+06 643801 389883 282138 205442 336728 474516 724515 876164 1.04762e+06 1.09868e+06 952851 544929 262669 108384 99043.5 113769 159953 201923 215187 419266 476163 638593 703993 723800
BT
 2.69728e+06 797540 664658 401855 433249 505274 1.42154e+06 1.59252e+06 1.99254e+06 1.87883e+06 2.0222e+06 1.30266e+06 900262 470995 272397 186422 223774 297413 290110 493698 721252 713777 880681 1.02276e+06 900939
Ftot
 0.182178 0.253016 0.720426 0.229318 0.0492113 0.595663 0.313934 0.434306 0.374942 0.272869 0.506345 0.445044 0.704308 1.40821 1.2497 0.525335 0.392358 0.267224 0.248222 0.211757 0.0920402 0.12402 0.151481 0.204399 0.270704
BD_Bspro_t
 0.972684 0.823338 0.658373 0.404742 0.465098 0.649539 0.566028 0.627111 0.627501 0.6161 0.603427 0.493714 0.363607 0.243309 0.13236 0.146906 0.217953 0.35166 0.462132 0.541802 0.7137 0.785238 0.806026 0.770275 0.709641
BD_Bspro
 1.96215 0.89529 0.542183 0.392349 0.285694 0.468265 0.659876 1.00753 1.21842 1.45686 1.52786 1.32506 0.757795 0.365276 0.150722 0.137733 0.15821 0.222435 0.2808 0.299246 0.583044 0.662167 0.888047 0.978994 1.00654
BD_Bo
 1.39692 0.637387 0.385998 0.279327 0.203395 0.333373 0.469788 0.717296 0.867434 1.03719 1.08773 0.943358 0.5395 0.260052 0.107304 0.0980567 0.112635 0.158359 0.199911 0.213043 0.415089 0.471419 0.632231 0.696979 0.716589
BD_Brms
 6.82465 3.11396 1.8858 1.36465 0.993689 1.6287 2.29515 3.50436 4.23786 5.06718 5.31413 4.60878 2.63573 1.27049 0.524234 0.479057 0.55028 0.773665 0.976668 1.04082 2.02792 2.30312 3.08877 3.4051 3.5009
S_f
 0.5 1 1 1 1
 0.5 1 1 1 1
 0.5 1 1 1 1
 0.5 1 1 1 1
 0.5 1 1 1 1
 0.5 1 1 1 1
 0.5 1 1 1 1
 0.5 1 1 1 1
 0.5 1 1 1 1
 0.5 1 1 1 1
 0.5 1 1 1 1
 0.5 1 1 1 1
 0.5 1 1 1 1
 0.5 1 1 1 1
 0.5 1 1 1 1
 0.5 1 1 1 1
 0.5 1 1 1 1
 0.5 1 1 1 1
 0.5 1 1 1 1
 0.5 1 1 1 1
 0.5 1 1 1 1
 0.5 1 1 1 1
 0.5 1 1 1 1
 0.5 1 1 1 1
 0.5 1 1 1 1
Scru_reclas
 0.5 1 1 1 1
 0.5 1 1 1 1
 0.5 1 1 1 1
 0.5 1 1 1 1
 0.5 1 1 1 1
 0.5 1 1 1 1
 0.5 1 1 1 1
 0.5 1 1 1 1
 0.5 1 1 1 1
 0.5 1 1 1 1
 0.5 1 1 1 1
 0.5 1 1 1 1
 0.5 1 1 1 1
 0.5 1 1 1 1
 0.5 1 1 1 1
 0.5 1 1 1 1
 0.5 1 1 1 1
 0.5 1 1 1 1
 0.5 1 1 1 1
 0.5 1 1 1 1
 0.5 1 1 1 1
 0.5 1 1 1 1
 0.5 1 1 1 1
 0.5 1 1 1 1
 0.5 1 1 1 1
Scru_pelaces
 0.5 1 1 1 1
 0.5 1 1 1 1
 0.5 1 1 1 1
 0.5 1 1 1 1
 0.5 1 1 1 1
 0.5 1 1 1 1
 0.5 1 1 1 1
 0.5 1 1 1 1
 0.5 1 1 1 1
 0.5 1 1 1 1
 0.5 1 1 1 1
 0.5 1 1 1 1
 0.5 1 1 1 1
 0.5 1 1 1 1
 0.5 1 1 1 1
 0.5 1 1 1 1
 0.5 1 1 1 1
 0.5 1 1 1 1
 0.5 1 1 1 1
 0.5 1 1 1 1
 0.5 1 1 1 1
 0.5 1 1 1 1
 0.5 1 1 1 1
 0.5 1 1 1 1
 0.5 1 1 1 1
pf_obs 
 0.256992 0.487395 0.22802 0.0275931 0
 0.321318 0.546541 0.124235 0.00734118 0.000564706
 0.182869 0.594174 0.210203 0.0122559 0.00049798
 0.330522 0.361315 0.267642 0.0388342 0.00168674
 0.649043 0.306663 0.0425973 0.00169635 0
 0.582887 0.30429 0.105238 0.00758474 0
 0.465427 0.430635 0.0974691 0.00646863 0
 0.296916 0.608066 0.0921331 0.00288517 0
 0.311714 0.524322 0.152257 0.0117073 0
 0.15457 0.633149 0.183074 0.0267441 0.00246327
 0.131901 0.49318 0.331252 0.0422183 0.00144891
 0.196976 0.569456 0.194076 0.0375587 0.00193317
 0.518974 0.381816 0.0799577 0.0180837 0.00116848
 0.0928022 0.601141 0.25162 0.0475244 0.00691264
 0.122501 0.610282 0.24278 0.0234846 0.000952079
 0.383417 0.481906 0.127806 0.00687128 0
 0.0376549 0.599619 0.316969 0.0457579 0
 0.0361596 0.667082 0.258105 0.0386534 0
 0.158088 0.579412 0.248529 0.0139706 0
 0.0477256 0.309471 0.559284 0.082774 0.000745712
 0.0406174 0.521527 0.379366 0.0568643 0.0016247
 0.151134 0.462217 0.34131 0.0453401 0
 0.294876 0.26143 0.354403 0.0886775 0.000613685
 0.281977 0.475581 0.204845 0.0348837 0.00271318
 0 0 0 0 0
pf_pred 
 0.331778 0.336393 0.167048 0.0829535 0.0818281
 0.316023 0.34965 0.168305 0.0835779 0.082444
 0.228205 0.384653 0.197908 0.0952635 0.0939711
 0.404776 0.252004 0.171057 0.0880103 0.0841534
 0.67026 0.195275 0.0569295 0.038643 0.038893
 0.42929 0.459284 0.0659874 0.0192376 0.026201
 0.660089 0.218309 0.09786 0.01406 0.00968165
 0.601388 0.322714 0.0487456 0.0218509 0.0053012
 0.55844 0.341782 0.0807804 0.0122018 0.00679658
 0.471182 0.39039 0.107147 0.0253243 0.00595592
 0.448523 0.363085 0.139077 0.0381714 0.0111436
 0.173662 0.540194 0.188393 0.0721626 0.0255879
 0.41485 0.189435 0.258687 0.0902174 0.0468106
 0.422454 0.367638 0.0679552 0.092798 0.0491556
 0.604533 0.275422 0.0764152 0.0141248 0.0295057
 0.574897 0.348281 0.0535024 0.0148441 0.0084755
 0.4797 0.395156 0.102529 0.0157503 0.00686494
 0.499304 0.33743 0.123996 0.0321725 0.00709645
 0.38072 0.422897 0.132347 0.0486338 0.0154021
 0.713885 0.162799 0.0842111 0.0263541 0.0127514
 0.428807 0.480542 0.0515801 0.0266809 0.01239
 0.555203 0.269741 0.147274 0.015808 0.0119742
 0.374076 0.451354 0.105866 0.0578009 0.0109037
 0.392367 0.337301 0.194936 0.0457226 0.029673
 0.143414 0.495 0.200719 0.116001 0.044866
pobs_RECLAS
 0 0 0 0 0
 0 0 0 0 0
 0 0 0 0 0
 0 0 0 0 0
 0.835266 0.146461 0.0176864 0.000547809 3.91292e-05
 0.385257 0.428462 0.181853 0.0044286 0
 0.867414 0.0963971 0.0333333 0.00285562 0
 0.441836 0.489002 0.0689373 0.000224442 0
 0.779404 0.147425 0.0564933 0.0165055 0.000172143
 0.814271 0.122319 0.05973 0.00367925 0
 0.40263 0.566651 0.0304383 0.000280538 0
 0.475488 0.404961 0.113038 0.00651328 0
 0.955842 0.0263864 0.0167828 0.000988607 0
 0.975058 0.0227948 0.00214734 0 0
 0.738997 0.206755 0.0527124 0.00153531 0
 0.850938 0.134255 0.0134407 0.00136685 0
 0.542534 0.407297 0.0501686 0 0
 0.764087 0.199537 0.0359546 0.000420521 0
 0.470689 0.182191 0.310203 0.0369168 0
 0.84361 0.089868 0.0606195 0.00523954 0.000663233
 0.607945 0.314616 0.071237 0.00620181 0
 0.523733 0.453247 0.0230204 0 0
 0.530135 0.295979 0.169645 0.0042399 0
 0.562478 0.366248 0.0663022 0.0049721 0
 0.250443 0.683176 0.0655157 0.000865301 0
ppred_RECLAS
 0.333171 0.335692 0.1667 0.0827805 0.0816575
 0.318028 0.348625 0.167812 0.0833329 0.0822024
 0.23466 0.381436 0.196252 0.0944667 0.0931851
 0.40676 0.251164 0.170487 0.0877169 0.0838729
 0.670591 0.195079 0.0568723 0.0386042 0.038854
 0.436126 0.453783 0.065197 0.0190072 0.0258872
 0.66279 0.216575 0.0970825 0.0139483 0.00960473
 0.605753 0.319181 0.0482119 0.0216116 0.00524315
 0.562156 0.338905 0.0801005 0.0120991 0.00673937
 0.473711 0.388523 0.106635 0.0252032 0.00592743
 0.454055 0.359442 0.137682 0.0377884 0.0110318
 0.176381 0.538417 0.187773 0.0719251 0.0255037
 0.423408 0.186664 0.254904 0.0888979 0.046126
 0.446513 0.352322 0.0651243 0.0889322 0.0471078
 0.623856 0.261964 0.0726814 0.0134346 0.028064
 0.580624 0.343589 0.0527816 0.0146441 0.00836132
 0.483693 0.392124 0.101742 0.0156295 0.00681227
 0.501777 0.335764 0.123384 0.0320136 0.0070614
 0.382856 0.421439 0.131891 0.0484661 0.015349
 0.715411 0.16193 0.0837618 0.0262135 0.0126834
 0.429522 0.47994 0.0515155 0.0266475 0.0123744
 0.556204 0.269134 0.146942 0.0157724 0.0119473
 0.375266 0.450495 0.105665 0.057691 0.010883
 0.394081 0.33635 0.194386 0.0455937 0.0295893
 0.144653 0.494284 0.200429 0.115834 0.0448011
pobs_PELACES
 0 0 0 0 0
 0 0 0 0 0
 0 0 0 0 0
 0 0 0 0 0
 0 0 0 0 0
 0 0 0 0 0
 0 0 0 0 0
 0 0 0 0 0
 0 0 0 0 0
 0 0 0 0 0
 0.450072 0.473896 0.0757376 0.000293798 0
 0 0 0 0 0
 0.463077 0.371075 0.160297 0.00555027 0
 0.529543 0.364841 0.0842815 0.0213345 0
 0.631943 0.363953 0.00410389 0 0
 0.735681 0.248677 0.0153453 0.000297389 0
 0.695825 0.281241 0.0229344 0 0
 0.275771 0.60734 0.115278 0.00161068 0
 0 0 0 0 0
 0.896147 0.0623911 0.0374545 0.00400742 0
 0.803859 0.145111 0.0509908 3.86294e-05 0
 0.739449 0.233085 0.0266225 0.000797448 4.60066e-05
 0.878498 0.100942 0.0204185 0.000141795 0
 0.694673 0.275183 0.0284847 0.00165964 0
 0 0 0 0 0
ppred_PELACES
 0.339882 0.332313 0.165022 0.0819474 0.0808357
 0.32715 0.343962 0.165567 0.0822182 0.0811028
 0.256677 0.370463 0.190607 0.0917491 0.0905044
 0.415922 0.247285 0.167854 0.0863623 0.0825776
 0.672382 0.194018 0.0565631 0.0383943 0.0386427
 0.460429 0.434224 0.062387 0.018188 0.0247714
 0.674267 0.209203 0.093778 0.0134735 0.00927781
 0.62273 0.305436 0.0461357 0.0206809 0.00501736
 0.577321 0.327167 0.0773263 0.01168 0.00650596
 0.484947 0.380228 0.104358 0.0246651 0.00580088
 0.474834 0.345763 0.132442 0.0363502 0.010612
 0.187304 0.531277 0.185283 0.0709713 0.0251655
 0.452001 0.177407 0.242263 0.0844895 0.0438386
 0.504396 0.315477 0.0583137 0.0796317 0.0421813
 0.670875 0.229218 0.0635959 0.0117553 0.0245559
 0.601571 0.326427 0.0501453 0.0139127 0.00794368
 0.499871 0.379836 0.0985538 0.0151397 0.0065988
 0.512798 0.328337 0.120655 0.0313055 0.00690521
 0.392578 0.414799 0.129813 0.0477026 0.0151072
 0.722471 0.157913 0.0816839 0.0255632 0.0123687
 0.433247 0.476806 0.0511791 0.0264735 0.0122936
 0.561249 0.266074 0.145272 0.0155931 0.0118114
 0.381144 0.446257 0.10467 0.0571482 0.0107806
 0.402162 0.331864 0.191794 0.0449856 0.0291947
 0.150267 0.491039 0.199113 0.115073 0.044507
pobs_pel_tallas
 0 0 0 0 0 0 0 0 0 0 0 0 0 0 0 0 0 0 0 0 0 0 0 0 0 0 0 0 0 0 0 0 0 0 0 0
 0 0 0 0 0 0 0 0 0 0 0 0 0 0 0 0 0 0 0 0 0 0 0 0 0 0 0 0 0 0 0 0 0 0 0 0
 0 0 0 0 0 0 0 0 0 0 0 0 0 0 0 0 0 0 0 0 0 0 0 0 0 0 0 0 0 0 0 0 0 0 0 0
 0 0 0 0 0 0 0 0 0 0 0 0 0 0 0 0 0 0 0 0 0 0 0 0 0 0 0 0 0 0 0 0 0 0 0 0
 0 0 0 0 0 0 0 0 0 0 0 0 0 0 0 0 0 0 0 0 0 0 0 0 0 0 0 0 0 0 0 0 0 0 0 0
 0 0 0 0 0 0 0 0 0 0 0 0 0 0 0 0 0 0 0 0 0 0 0 0 0 0 0 0 0 0 0 0 0 0 0 0
 0 0 0 0 0 0 0 0 0 0 0 0 0 0 0 0 0 0 0 0 0 0 0 0 0 0 0 0 0 0 0 0 0 0 0 0
 0 0 0 0 0 0 0 0 0 0 0 0 0 0 0 0 0 0 0 0 0 0 0 0 0 0 0 0 0 0 0 0 0 0 0 0
 0 0 0 0 0 0 0 0 0 0 0 0 0 0 0 0 0 0 0 0 0 0 0 0 0 0 0 0 0 0 0 0 0 0 0 0
 0 0 0 0 0 0 0 0 0 0 0 0 0 0 0 0 0 0 0 0 0 0 0 0 0 0 0 0 0 0 0 0 0 0 0 0
 0 0 0 0 0 0 0 0 1.78061e-05 0.00172719 0.00360574 0.0105946 0.0120993 0.0124554 0.0147524 0.0171206 0.0266825 0.0428682 0.0675386 0.121331 0.153587 0.119568 0.100827 0.0573624 0.0630603 0.0341343 0.0324427 0.0444173 0.0211091 0.0280891 0.0125444 0.00206551 0 0 0 0
 0 0 0 0 0 0 0 0 0 0 0 0 0 0 0 0 0 0 0 0 0 0 0 0 0 0 0 0 0 0 0 0 0 0 0 0
 0 0 0 0 0 0 0.0133647 0.0140871 0.0187388 0.0205184 0.03894 0.0496705 0.03968 0.0493445 0.0407372 0.0367815 0.0215668 0.0243155 0.0234873 0.0199281 0.019796 0.0243948 0.0301388 0.0376714 0.0412746 0.0863199 0.0771752 0.113111 0.0741005 0.0525337 0.0229764 0.00759418 0.00175318 0 0 0
 0 0 0 0 0 0 0 0 0 0 0.00219441 0.00772107 0.0458388 0.0604681 0.0671733 0.0775358 0.0609151 0.0617685 0.073594 0.0568108 0.0755445 0.0548602 0.0670107 0.0636378 0.0643287 0.046367 0.0373049 0.0286899 0.0247887 0.0153202 0.00654259 0.00121912 0.000365735 0 0 0
 0 0 0 0 0 0 0 0 0 0 0 0 0.000112435 0.00938835 0.0111873 0.0202946 0.0414886 0.0713402 0.111592 0.104902 0.108894 0.110636 0.117776 0.105296 0.107544 0.0401394 0.0192827 0.0124803 0.00416011 0.0028671 0.000618394 0 0 0 0 0
 0 0 0 0 0 0 0 0 0 0 0.00291406 0.0102884 0.027416 0.0768956 0.0749926 0.110853 0.0956884 0.0897413 0.0766577 0.0534642 0.0500743 0.0551293 0.0594112 0.0620874 0.0668451 0.0424026 0.0208742 0.0120726 0.0048766 0.00582813 0.00118941 0.000297354 0 0 0 0
 0 0.00264628 0.0354308 0.0461629 0.0458689 0.0383711 0.0214643 0.0164657 0.0346957 0.0420465 0.0363128 0.0245516 0.0311673 0.0291091 0.0169068 0.0133784 0.00837989 0.0085269 0.0148486 0.0160247 0.0276389 0.0546898 0.0760071 0.122758 0.109233 0.0665981 0.0333725 0.0166128 0.00676272 0.00308733 0.000882094 0 0 0 0 0
 0 0 0 0 0 0 0 0.000805153 0.000690131 0.00759144 0.0133425 0.0154129 0.00931677 0.000345066 0.00356568 0.00563607 0.00851162 0.0253048 0.0502646 0.0516448 0.0657925 0.0565908 0.0611916 0.0827007 0.0866115 0.110766 0.145733 0.0935128 0.0569358 0.0249597 0.0138026 0.00621118 0.00161031 0.00115022 0 0
 0 0 0 0 0 0 0 0 0 0 0 0 0 0 0 0 0 0 0 0 0 0 0 0 0 0 0 0 0 0 0 0 0 0 0 0
 0.00147267 0.00158595 0.00478618 0.00569244 0.00954404 0.0108468 0.00647125 0.017049 0.0510054 0.094081 0.124002 0.0959785 0.0687766 0.0820023 0.061753 0.0591476 0.0492212 0.0479892 0.0443925 0.0268479 0.0217502 0.0140895 0.0121071 0.0120363 0.00920419 0.00665534 0.0049561 0.00860946 0.00930331 0.0156896 0.0114698 0.00855282 0.00243557 0.00046729 0 2.83206e-05
 0 0 0 0 0.000772559 0.00158375 0.000888443 0.00281984 0.00712685 0.0440552 0.0773331 0.111326 0.0921469 0.0852325 0.0710754 0.0886704 0.0786465 0.0553345 0.0373146 0.0185414 0.00753245 0.00457741 0.012979 0.0271748 0.0457355 0.0583668 0.034881 0.0177882 0.00938659 0.00492506 0.0015258 0.00185414 0.000309023 5.79419e-05 3.86279e-05 0
 0 0.00173294 0.00326652 0 0.00397197 0.00683976 0.00946217 0.0152591 0.00757587 0.0136028 0.0228656 0.0392903 0.0559909 0.0764795 0.0681675 0.0726916 0.0566044 0.0477403 0.0527397 0.0444891 0.0609904 0.0582453 0.0661739 0.0445044 0.0529084 0.0360697 0.0280645 0.0235558 0.0158879 0.00826598 0.00280645 0.00217768 0.000904811 0.00058276 9.20147e-05 0
 0 0 0 0 0 0 0 0 0 0 0 0 0 0 0 0 0 0 0 0 0 0 0 0 0 0 0 0 0 0 0 0 0 0 0 0
 0 0 0 0 0 0 0 0 0 0 0 0 0 0 0 0 0 0 0 0 0 0 0 0 0 0 0 0 0 0 0 0 0 0 0 0
 0 0 0 0 0 0 0 0 0 0 0 0 0 0 0 0 0 0 0 0 0 0 0 0 0 0 0 0 0 0 0 0 0 0 0 0
ppred_pel_tallas
 1.09044e-16 1.48467e-05 8.70937e-05 0.000413913 0.00159343 0.00496883 0.0125511 0.0256835 0.0425815 0.057211 0.0623233 0.0551316 0.0398103 0.0239321 0.0129251 0.00793897 0.00749424 0.00979948 0.0137359 0.0187348 0.0244015 0.0303017 0.0359317 0.0407867 0.0444604 0.0467233 0.0475542 0.047111 0.0456601 0.0434896 0.0408408 0.037875 0.0346802 0.0313017 0.0277789 0.0241722
 1.09077e-16 1.4292e-05 8.3836e-05 0.000398423 0.00153379 0.00478283 0.0120813 0.0247223 0.0409887 0.0550732 0.0600005 0.0530911 0.0383678 0.0231269 0.0126028 0.00791363 0.00764685 0.0100869 0.0141589 0.0193076 0.025133 0.0311864 0.0369456 0.0418883 0.0455959 0.0478346 0.0485881 0.0480271 0.0464353 0.0441187 0.0413329 0.0382489 0.0349588 0.0315075 0.0279312 0.0242859
 1.10208e-16 1.12201e-05 6.5799e-05 0.000312667 0.0012036 0.00375314 0.00948047 0.0194009 0.0321694 0.0432333 0.0471276 0.0417631 0.0303175 0.0185472 0.0106029 0.00741421 0.00792818 0.0108441 0.0153387 0.0209557 0.0273109 0.0339343 0.0402669 0.0457455 0.0499147 0.0525145 0.0535156 0.0530879 0.0515221 0.0491343 0.04619 0.0428684 0.0392693 0.0354473 0.0314519 0.0273565
 1.0929e-16 1.81589e-05 0.000106547 0.000506414 0.00194962 0.0060796 0.0153567 0.0314233 0.0520928 0.0699752 0.0761891 0.0673046 0.0483983 0.0286904 0.0147608 0.00794208 0.00634996 0.00773817 0.0107281 0.0146815 0.0192526 0.0241188 0.0289128 0.033258 0.0368361 0.0394432 0.0410127 0.0415984 0.0413279 0.0403474 0.0387806 0.0367117 0.0341963 0.0312845 0.0280459 0.0245819
 1.03992e-16 2.93395e-05 0.000172192 0.00081851 0.00315128 0.00982696 0.0248222 0.0507898 0.084191 0.11307 0.123053 0.108567 0.0777698 0.0454967 0.0222865 0.0101714 0.00597277 0.00593995 0.00777033 0.0104368 0.0134859 0.0166045 0.0194844 0.0218335 0.0234289 0.0241631 0.0240607 0.0232585 0.0219581 0.0203691 0.0186625 0.016947 0.01527 0.0136371 0.0120374 0.010464
 1.0281e-16 2.01072e-05 0.000117968 0.000560673 0.00215846 0.00673082 0.0170019 0.0347908 0.0576795 0.0774919 0.0844055 0.0746395 0.0538391 0.0322476 0.017195 0.0102054 0.00923081 0.0117899 0.016305 0.0219413 0.0281057 0.0341681 0.0394317 0.043238 0.0451093 0.0448599 0.0426359 0.0388646 0.0341386 0.0290717 0.024175 0.019786 0.0160577 0.0129952 0.010514 0.00849749
 1.02296e-16 2.94225e-05 0.000172678 0.000820814 0.00316015 0.0098546 0.024892 0.0509328 0.0844286 0.113391 0.123406 0.108887 0.0780187 0.0456822 0.0224518 0.0103728 0.0062648 0.00637174 0.00838474 0.0112664 0.0145451 0.0178805 0.0209304 0.0233664 0.0249338 0.0255038 0.0250947 0.0238543 0.0220114 0.019816 0.0174871 0.015184 0.0130011 0.0109823 0.00914128 0.00748061
 1.017e-16 2.71791e-05 0.000159498 0.000758137 0.00291879 0.00910192 0.0229909 0.0470438 0.0779851 0.104747 0.114024 0.100669 0.0722622 0.0425766 0.0214174 0.0107183 0.00758365 0.00856855 0.0115306 0.0154523 0.0197838 0.0240498 0.0277535 0.0304293 0.0317392 0.0315505 0.029964 0.0272791 0.0239123 0.0202966 0.0167944 0.0136472 0.0109679 0.00876544 0.00698513 0.00554811
 1.0191e-16 2.51999e-05 0.000147877 0.000702883 0.00270604 0.00843846 0.0213151 0.0436151 0.0723028 0.0971185 0.105731 0.0933747 0.0670852 0.0396448 0.0201627 0.0104538 0.00785632 0.00919475 0.012489 0.0167834 0.0215328 0.0262401 0.0303738 0.0334302 0.0350369 0.0350367 0.033519 0.0307851 0.0272641 0.0234083 0.0196019 0.0161086 0.0130625 0.0104918 0.00835942 0.00660099
 1.02724e-16 2.11742e-05 0.000124237 0.000590487 0.00227327 0.00708887 0.0179062 0.0366407 0.0607443 0.0816029 0.0888661 0.078543 0.0565657 0.0337028 0.0176483 0.00997738 0.00850529 0.0106031 0.0146171 0.0197097 0.0253351 0.0309395 0.0359109 0.0396629 0.0417572 0.0420003 0.0404808 0.0375304 0.0336284 0.0292827 0.0249267 0.0208604 0.0172408 0.0141093 0.011437 0.00916702
 1.03738e-16 2.07319e-05 0.000121643 0.000578162 0.00222583 0.00694093 0.0175325 0.0358758 0.0594755 0.0798965 0.0870026 0.0768838 0.0553444 0.0329226 0.0171449 0.00954616 0.00798192 0.00987831 0.013626 0.0184272 0.0237834 0.0291973 0.0341166 0.0380046 0.0404487 0.0412472 0.0404443 0.0382982 0.035199 0.0315677 0.027768 0.0240581 0.0205838 0.0174029 0.0145225 0.0119323
 1.06418e-16 8.20181e-06 4.80636e-05 0.000228317 0.000878775 0.00274014 0.00692192 0.0141672 0.0234989 0.0316046 0.034514 0.0307337 0.0226331 0.0144873 0.00942429 0.00823849 0.0102747 0.0146612 0.0207989 0.0282424 0.0364671 0.0447679 0.052311 0.058279 0.0620455 0.0633083 0.0621423 0.0589478 0.054324 0.0489113 0.0432569 0.0377416 0.0325712 0.0278171 0.023477 0.0195278
 1.08449e-16 1.97296e-05 0.000115774 0.000550293 0.00211858 0.00660653 0.0166876 0.0341459 0.0566038 0.0760268 0.0827575 0.0730582 0.0524295 0.0308671 0.0154905 0.00771148 0.00544878 0.00624136 0.00859823 0.0118718 0.0157751 0.0200814 0.0245289 0.028828 0.0327027 0.0359291 0.038358 0.0399129 0.0405736 0.0403541 0.0392889 0.0374309 0.0348605 0.0316947 0.0280914 0.0242403
 1.05638e-16 2.20194e-05 0.000129206 0.000614123 0.0023643 0.00737276 0.0186232 0.0381072 0.0631732 0.0848586 0.0923924 0.0816143 0.0586789 0.0347638 0.0178418 0.0095161 0.00748099 0.0089805 0.012298 0.0166024 0.0214098 0.0262663 0.0306803 0.034182 0.0364202 0.0372387 0.0367026 0.035063 0.0326766 0.0299088 0.0270543 0.0242951 0.0217032 0.0192719 0.0169607 0.0147326
 1.02529e-16 2.92753e-05 0.000171812 0.000816694 0.00314428 0.00980511 0.024767 0.0506772 0.0840055 0.112824 0.122793 0.108356 0.0776609 0.0455169 0.0224522 0.0105083 0.00652649 0.0067711 0.00893967 0.0119856 0.0154158 0.0188607 0.0219479 0.0243259 0.0257317 0.0260475 0.0253225 0.0237491 0.0216052 0.0191835 0.0167307 0.0144134 0.0123146 0.0104516 0.00880476 0.00734314
 1.01668e-16 2.62573e-05 0.000154084 0.000732396 0.00281968 0.00879282 0.0222102 0.0454465 0.0753382 0.101194 0.110164 0.0972793 0.0698682 0.0412444 0.0208924 0.0106941 0.00786558 0.00908857 0.0122936 0.0164845 0.0211007 0.0256402 0.0295719 0.032398 0.0337573 0.0335088 0.031762 0.0288396 0.0251907 0.0212819 0.0175047 0.0141205 0.0112523 0.00891004 0.00703428 0.00553807
 1.02352e-16 2.1825e-05 0.000128058 0.00060865 0.00234321 0.00730695 0.0184571 0.0377678 0.0626124 0.0841113 0.0915944 0.0809466 0.0582798 0.0346898 0.0181022 0.0101337 0.00852512 0.0105604 0.0145317 0.0195768 0.0251408 0.0306656 0.035538 0.0391722 0.0411326 0.0412311 0.0395641 0.036473 0.0324482 0.0280077 0.0235939 0.0195123 0.0159212 0.0128594 0.0102913 0.00815092
 1.03219e-16 2.23866e-05 0.000131359 0.000624357 0.0024037 0.00749561 0.0189335 0.0387423 0.0642262 0.086274 0.0939359 0.0829834 0.0596756 0.0353794 0.0182042 0.00978521 0.00778331 0.00940072 0.0128932 0.0174119 0.0224531 0.0275362 0.032134 0.0357368 0.0379542 0.0385987 0.0377184 0.035566 0.0325208 0.0289907 0.0253284 0.0217839 0.0184972 0.0155216 0.0128594 0.010494
 1.04323e-16 1.71479e-05 0.000100596 0.000478087 0.00184049 0.00573925 0.0144973 0.029666 0.0491847 0.0660843 0.0719934 0.0636949 0.0460131 0.0276983 0.0150233 0.00931642 0.00886347 0.0115789 0.0161383 0.0218336 0.02814 0.0344763 0.0401837 0.0446244 0.0473143 0.0480284 0.0468408 0.0440836 0.0402457 0.0358468 0.03133 0.0270016 0.0230235 0.0194448 0.0162505 0.0134043
 1.02668e-16 3.15223e-05 0.00018501 0.000879454 0.00338595 0.0105588 0.0266706 0.0545715 0.0904582 0.121483 0.132196 0.116605 0.083466 0.0487042 0.0236251 0.0103902 0.00556259 0.00509717 0.00651892 0.00874402 0.0113287 0.0139998 0.0164994 0.0185799 0.0200449 0.0207873 0.0208056 0.0201903 0.0190906 0.0176712 0.0160766 0.0144124 0.0127436 0.0111058 0.00952108 0.00800936
 1.02366e-16 1.89236e-05 0.000111016 0.000527612 0.00203116 0.00633381 0.0159991 0.0327394 0.0542804 0.0729314 0.079454 0.0702988 0.0507902 0.0305858 0.0166077 0.0103189 0.00981949 0.0127924 0.0177503 0.023875 0.030542 0.0370623 0.0426697 0.0466423 0.0484611 0.0479323 0.045231 0.0408445 0.0354427 0.029717 0.0242427 0.0193979 0.0153517 0.0121035 0.00954911 0.00754475
 1.03237e-16 2.44968e-05 0.000143754 0.000683295 0.00263065 0.00820335 0.0207212 0.0423994 0.0702862 0.094406 0.102768 0.0907338 0.0651358 0.0383891 0.019335 0.0097233 0.00695545 0.00794406 0.0107822 0.014583 0.0188836 0.0232858 0.0273607 0.0306873 0.0329317 0.0339146 0.0336395 0.0322717 0.0300811 0.027369 0.0244048 0.021391 0.0184571 0.0156756 0.0130855 0.0107127
 1.04099e-16 1.66506e-05 9.76733e-05 0.000464186 0.00178696 0.0055723 0.0140756 0.0288034 0.0477559 0.0641683 0.0699158 0.0618801 0.0447525 0.0270401 0.0148479 0.00948268 0.00929591 0.0122718 0.0171202 0.0231303 0.029748 0.036347 0.0422183 0.0466807 0.0492265 0.049634 0.0480098 0.0447415 0.040384 0.0355199 0.0306399 0.0260749 0.0219886 0.0184128 0.0153036 0.0125925
 1.05741e-16 1.75626e-05 0.000103038 0.000489712 0.00188528 0.00587893 0.01485 0.0303871 0.0503777 0.0676795 0.0737111 0.0651668 0.0469726 0.028069 0.0148518 0.00864809 0.00767187 0.00977284 0.0136102 0.0185165 0.0240573 0.0297776 0.0351561 0.0396722 0.0429062 0.0446225 0.044804 0.0436271 0.041392 0.0384358 0.0350587 0.0314848 0.0278593 0.0242699 0.0207778 0.0174392
 1.09021e-16 6.58517e-06 3.85763e-05 0.000183222 0.000705162 0.00219875 0.00555437 0.0113688 0.0188595 0.0253717 0.0277252 0.0247311 0.0183049 0.0118987 0.00805241 0.00744142 0.00958113 0.0138093 0.0196678 0.026798 0.0347462 0.0428832 0.050453 0.056705 0.0610503 0.0631825 0.0631252 0.0611864 0.0578476 0.0536256 0.0489592 0.0441503 0.0393636 0.034668 0.0300917 0.0256659
pSPR Fmed_Fpbrs
0.569215   0.254687 0.254687
Fs Fmed_Fpbrs
0.312805   1.005 1.005
SSBpbr Bo_Bmed_Bpbrs
1.01006e+06  524440  206747 206747
Ro
34891.6
SPR SPRFo_SPRFmed_SPRFpbrs
719098 409321 183145
log_Ro
10.28
likeval ReclasPelacesDesembMPH_pf_preclas_ppelaces_ptallas_desvR_qrecl_qpela
 106.135 84.2858 0.217234 0.000650582 320.491 212.524 76.5643 0 18.7551 0 0 0 0 0 0
q_reclas_q_pelaces
1 1
M
0.7
N
 39342.7 20743.7 10301 5115.34 5045.95
 30546.6 17836 8585.43 4263.4 4205.56
 13735.5 13366.4 6877.15 3310.34 3265.43
 14551.6 4757.72 3229.48 1661.59 1588.78
 43756.7 6443.33 1878.46 1275.07 1283.32
 35113.4 21200.8 3046.01 888.02 1209.45
 73254.2 12945.5 5803 833.744 574.113
 105874 31092.6 4696.5 2105.27 510.755
 127814 42313.3 10000.8 1510.61 841.43
 119854 52620.3 14442.3 3413.44 802.791
 115592 51927.2 19890.3 5459.13 1593.72
 26122.5 44562.6 15541.2 5952.96 2110.84
 39502.7 10384.1 14180.3 4945.38 2565.98
 24587.3 13793.8 2549.68 3481.78 1844.31
 21042.8 6038.31 1675.32 309.67 646.879
 16579.8 5594.1 859.357 238.427 136.134
 14160.3 6331.36 1642.76 252.358 109.993
 16157 5779.2 2123.69 551.022 121.542
 11986.9 7019.86 2196.89 807.294 255.666
 44062.5 5257.77 2719.7 851.138 411.822
 34428.3 19682.5 2112.66 1092.82 507.479
 65426.5 16327.6 8914.6 956.868 724.808
 48983.4 30536.3 7162.36 3910.52 737.692
 50208.9 22550.1 13032.4 3056.77 1983.78
 12313.4 22510.8 9127.97 5275.31 2040.34
pred_Ctot
 2476.36 2510.81 1246.83 619.157 610.758
 2629.66 2909.47 1400.49 695.46 686.026
 3050.24 5141.36 2645.28 1273.31 1256.04
 1141.2 710.484 482.267 248.131 237.257
 765.937 223.15 65.0559 44.1591 44.4449
 6616.63 7078.91 1017.06 296.509 403.835
 7722.57 2554.07 1144.89 164.492 113.268
 15049.3 8075.69 1219.82 546.801 132.659
 15884 9721.46 2297.68 347.061 193.318
 11079.9 9180.06 2519.58 595.504 140.054
 18866.2 15272.4 5849.99 1605.6 468.734
 3796.27 11808.7 4118.29 1577.48 559.355
 8604.75 3929.22 5365.66 1871.28 970.938
 9301.64 8094.7 1496.25 2043.24 1082.31
 7286.2 3319.55 921.002 170.241 355.621
 2796.31 1694.05 260.237 72.2022 41.225
 1834.68 1511.33 392.135 60.2392 26.2559
 1464.51 989.719 363.694 94.3654 20.8146
 1013.41 1125.68 352.286 129.455 40.9978
 3203.11 730.456 377.844 118.248 57.2139
 1116.58 1251.3 134.311 69.4753 32.2626
 2839.25 1379.43 753.142 80.8402 61.2348
 2580.85 3114.01 730.396 398.783 75.2276
 3528.72 3033.48 1753.14 411.201 266.861
 1129.8 3899.58 1581.25 913.852 353.451
F
 0.0910891 0.182178 0.182178 0.182178 0.182178
 0.126508 0.253016 0.253016 0.253016 0.253016
 0.360213 0.720426 0.720426 0.720426 0.720426
 0.114659 0.229318 0.229318 0.229318 0.229318
 0.0246057 0.0492113 0.0492113 0.0492113 0.0492113
 0.297831 0.595663 0.595663 0.595663 0.595663
 0.156967 0.313934 0.313934 0.313934 0.313934
 0.217153 0.434306 0.434306 0.434306 0.434306
 0.187471 0.374942 0.374942 0.374942 0.374942
 0.136435 0.272869 0.272869 0.272869 0.272869
 0.253172 0.506345 0.506345 0.506345 0.506345
 0.222522 0.445044 0.445044 0.445044 0.445044
 0.352154 0.704308 0.704308 0.704308 0.704308
 0.704107 1.40821 1.40821 1.40821 1.40821
 0.624848 1.2497 1.2497 1.2497 1.2497
 0.262667 0.525335 0.525335 0.525335 0.525335
 0.196179 0.392358 0.392358 0.392358 0.392358
 0.133612 0.267224 0.267224 0.267224 0.267224
 0.124111 0.248222 0.248222 0.248222 0.248222
 0.105879 0.211757 0.211757 0.211757 0.211757
 0.0460201 0.0920402 0.0920402 0.0920402 0.0920402
 0.0620099 0.12402 0.12402 0.12402 0.12402
 0.0757404 0.151481 0.151481 0.151481 0.151481
 0.102199 0.204399 0.204399 0.204399 0.204399
 0.135352 0.270704 0.270704 0.270704 0.270704
nmprior
 10 11 7 0
nm_flota  nm_reclas  nm_pelaces    nm_pelaL
inf 9.40259 10.518 16.8391
cv_recla  cv_pelaces  cv_mph
0.931868 1.08029 0.82754
 ------------------------------------------------
Talla a la edad & desviación 
 7.2 14.2025 17.0495 18.207 18.6776
 1.08 2.13037 2.55742 2.73105 2.80164
