years
 1997 1998 1999 2000 2001 2002 2003 2004 2005 2006 2007 2008 2009 2010 2011 2012 2013 2014 2015 2016 2017 2018 2019 2020 2021
reclasobs
 0 0 0 370054 412103 1.49427e+06 250295 1.28982e+06 931140 785840 897777 1.04006e+06 184774 17550 25797 100020 73551 82996 120727 218422 84188 347160 605670 569463 516374
reclaspred
 1.9234e+06 309372 682306 336636 378857 442918 860660 785339 1.00437e+06 1.19198e+06 1.21156e+06 808628 435539 189217 129171 128859 152375 204924 210616 295489 494303 484605 767557 790246 792491
pelacesobs
 0 0 0 0 0 0 0 0 0 2.06254e+06 1.5e+06 0 1.87456e+06 323000 250000 174000 83755 137374 0 501740 490994 745055 786931 1.00524e+06 0
pelacespred
 1.01286e+06 356291 231352 239204 229809 200428 430866 488216 562472 702798 628789 433005 230864 78967.8 53981.9 61752.1 76819.2 104122 113158 152205 278892 289153 347444 425107 434721
mphobs
 0 0 0 0 0 112323 0 153150 637223 0 255016 313432 73983 77613 109348 50772 0 0 0 0 0 0 0 0 0
mphpred
 1.46514e+06 642801 444005 374081 301418 405462 527623 705941 852243 944759 1.21577e+06 868024 497527 247944 116623 107238 119615 161478 186672 209206 357220 459325 542034 683611 775079
desembarqueobs
 350755 77701 442110 56441 14545 235359 269955 359681 431902 328805 639364 411747 362871 311530 167758 66681 60226 58785 57116 71774 51957 67425 138520 160799 200461
desembarquepred
 350769 77697.3 442027 56489.3 14549.6 235578 270181 359892 432182 328364 638819 411902 363440 311954 167697 66721.8 60336.2 58802.6 57084.6 71718.4 51952.5 67411.5 138476 160818 200783
Reclutas
 32237.9 41740.2 18256.7 25260.9 42336.2 36370.9 62846.8 111254 100544 173191 68819.1 31894.9 43465.2 29518.2 20888.6 16487.1 14155 13429.9 14937.9 32732.4 42675.4 44762.1 66728.2 53770.8 23056.7
log_desv_Rt
 -0.139103 0.11922 -0.707713 -0.382988 0.133397 -0.0184749 0.528455 1.09957 0.998354 1.54215 0.619237 -0.149798 0.159716 -0.227236 -0.573043 -0.809665 -0.962177 -1.01476 -0.908341 -0.123879 0.141379 0.189116 0.588382 0.372487 -0.474287
SSB
 1.46514e+06 642801 444005 374081 301418 405462 527623 705941 852243 944759 1.21577e+06 868024 497527 247944 116623 107238 119615 161478 186672 209206 357220 459325 542034 683611 775079
BT
 2.56459e+06 812600 780533 558873 534296 585864 1.36029e+06 1.60752e+06 1.76659e+06 2.0489e+06 1.88342e+06 1.24183e+06 869249 471358 280679 195345 230420 280782 286374 424696 710230 641640 826245 1.01314e+06 1.0055e+06
Ftot
 0.176776 0.242503 0.606177 0.162892 0.0375604 0.502938 0.302386 0.438194 0.411248 0.266122 0.498714 0.481967 0.770824 1.41472 1.16255 0.491424 0.379241 0.27657 0.261395 0.234822 0.102439 0.135257 0.174984 0.197083 0.244352
BD_Bspro_t
 0.973194 0.825282 0.690823 0.472926 0.556246 0.683675 0.589394 0.62603 0.623325 0.597115 0.625342 0.469334 0.344601 0.236039 0.141916 0.154749 0.22242 0.349357 0.441194 0.53257 0.680702 0.779273 0.780784 0.765501 0.719218
BD_Bspro
 1.91881 0.841842 0.581489 0.489914 0.394751 0.531012 0.691 0.924533 1.11614 1.2373 1.59223 1.1368 0.651584 0.324718 0.152735 0.140444 0.156654 0.211479 0.244474 0.273985 0.467832 0.601554 0.709873 0.895289 1.01508
BD_Bo
 1.45792 0.639637 0.441819 0.372239 0.299934 0.403466 0.525026 0.702465 0.848047 0.940108 1.20978 0.863751 0.495077 0.246723 0.116049 0.10671 0.119026 0.160683 0.185753 0.208176 0.355461 0.457064 0.539366 0.680245 0.771263
BD_Brms
 7.1227 3.12495 2.15851 1.81858 1.46533 1.97114 2.56502 3.4319 4.14314 4.5929 5.91041 4.21986 2.4187 1.20537 0.566957 0.521334 0.581504 0.785016 0.907496 1.01704 1.73661 2.23299 2.63507 3.32334 3.76801
S_f
 0.5 1 1 1 1
 0.5 1 1 1 1
 0.5 1 1 1 1
 0.5 1 1 1 1
 0.5 1 1 1 1
 0.5 1 1 1 1
 0.5 1 1 1 1
 0.5 1 1 1 1
 0.5 1 1 1 1
 0.5 1 1 1 1
 0.5 1 1 1 1
 0.5 1 1 1 1
 0.5 1 1 1 1
 0.5 1 1 1 1
 0.5 1 1 1 1
 0.5 1 1 1 1
 0.5 1 1 1 1
 0.5 1 1 1 1
 0.5 1 1 1 1
 0.5 1 1 1 1
 0.5 1 1 1 1
 0.5 1 1 1 1
 0.5 1 1 1 1
 0.5 1 1 1 1
 0.5 1 1 1 1
Scru_reclas
 0.5 1 1 1 1
 0.5 1 1 1 1
 0.5 1 1 1 1
 0.5 1 1 1 1
 0.5 1 1 1 1
 0.5 1 1 1 1
 0.5 1 1 1 1
 0.5 1 1 1 1
 0.5 1 1 1 1
 0.5 1 1 1 1
 0.5 1 1 1 1
 0.5 1 1 1 1
 0.5 1 1 1 1
 0.5 1 1 1 1
 0.5 1 1 1 1
 0.5 1 1 1 1
 0.5 1 1 1 1
 0.5 1 1 1 1
 0.5 1 1 1 1
 0.5 1 1 1 1
 0.5 1 1 1 1
 0.5 1 1 1 1
 0.5 1 1 1 1
 0.5 1 1 1 1
 0.5 1 1 1 1
Scru_pelaces
 0.5 1 1 1 1
 0.5 1 1 1 1
 0.5 1 1 1 1
 0.5 1 1 1 1
 0.5 1 1 1 1
 0.5 1 1 1 1
 0.5 1 1 1 1
 0.5 1 1 1 1
 0.5 1 1 1 1
 0.5 1 1 1 1
 0.5 1 1 1 1
 0.5 1 1 1 1
 0.5 1 1 1 1
 0.5 1 1 1 1
 0.5 1 1 1 1
 0.5 1 1 1 1
 0.5 1 1 1 1
 0.5 1 1 1 1
 0.5 1 1 1 1
 0.5 1 1 1 1
 0.5 1 1 1 1
 0.5 1 1 1 1
 0.5 1 1 1 1
 0.5 1 1 1 1
 0.5 1 1 1 1
pf_obs 
 0.256992 0.487395 0.22802 0.0275931 0
 0.321318 0.546541 0.124235 0.00734118 0.000564706
 0.182869 0.594174 0.210203 0.0122559 0.00049798
 0.330522 0.361315 0.267642 0.0388342 0.00168674
 0.649043 0.306663 0.0425973 0.00169635 0
 0.582887 0.30429 0.105238 0.00758474 0
 0.465427 0.430635 0.0974691 0.00646863 0
 0.296916 0.608066 0.0921331 0.00288517 0
 0.311714 0.524322 0.152257 0.0117073 0
 0.15457 0.633149 0.183074 0.0267441 0.00246327
 0.131901 0.49318 0.331252 0.0422183 0.00144891
 0.196976 0.569456 0.194076 0.0375587 0.00193317
 0.518974 0.381816 0.0799577 0.0180837 0.00116848
 0.0928022 0.601141 0.25162 0.0475244 0.00691264
 0.122501 0.610282 0.24278 0.0234846 0.000952079
 0.383417 0.481906 0.127806 0.00687128 0
 0.0376549 0.599619 0.316969 0.0457579 0
 0.0361596 0.667082 0.258105 0.0386534 0
 0.158088 0.579412 0.248529 0.0139706 0
 0.0477256 0.309471 0.559284 0.082774 0.000745712
 0.0406174 0.521527 0.379366 0.0568643 0.0016247
 0.151134 0.462217 0.34131 0.0453401 0
 0.294876 0.26143 0.354403 0.0886775 0.000613685
 0.281977 0.475581 0.204845 0.0348837 0.00271318
 0 0 0 0 0
pf_pred 
 0.276786 0.364077 0.180795 0.0897802 0.0885622
 0.400793 0.267215 0.167129 0.082994 0.0818681
 0.248823 0.442548 0.137632 0.0860822 0.0849143
 0.463611 0.237264 0.176226 0.0548063 0.0680921
 0.543186 0.294273 0.0718979 0.0534016 0.0372417
 0.408408 0.417763 0.111978 0.0273589 0.034492
 0.59484 0.249375 0.110011 0.0294875 0.0162874
 0.633808 0.279077 0.0536187 0.0236537 0.00984219
 0.496019 0.401843 0.07784 0.0149553 0.00934264
 0.608482 0.269888 0.09698 0.0187857 0.005864
 0.280681 0.554149 0.113858 0.0409131 0.010399
 0.238964 0.361249 0.307988 0.0632807 0.0285186
 0.460583 0.226419 0.148574 0.126669 0.0377551
 0.469827 0.362133 0.0705345 0.046284 0.0512216
 0.569364 0.316894 0.0776915 0.0151324 0.0209187
 0.554659 0.352645 0.0682127 0.0167234 0.00776015
 0.470361 0.393053 0.108156 0.0209209 0.00750913
 0.448777 0.36643 0.137138 0.0377362 0.00991935
 0.464551 0.341653 0.128827 0.0482141 0.0167545
 0.632727 0.239316 0.0816453 0.030786 0.0155256
 0.542832 0.359585 0.0635852 0.0216928 0.0123048
 0.448237 0.391571 0.125999 0.0222804 0.0119128
 0.511568 0.306733 0.128946 0.0414922 0.01126
 0.388498 0.420501 0.119948 0.0504244 0.0206288
 0.223503 0.44523 0.227797 0.0649792 0.0384914
pobs_RECLAS
 0 0 0 0 0
 0 0 0 0 0
 0 0 0 0 0
 0 0 0 0 0
 0.835266 0.146461 0.0176864 0.000547809 3.91292e-05
 0.385257 0.428462 0.181853 0.0044286 0
 0.867414 0.0963971 0.0333333 0.00285562 0
 0.441836 0.489002 0.0689373 0.000224442 0
 0.779404 0.147425 0.0564933 0.0165055 0.000172143
 0.814271 0.122319 0.05973 0.00367925 0
 0.40263 0.566651 0.0304383 0.000280538 0
 0.475488 0.404961 0.113038 0.00651328 0
 0.955842 0.0263864 0.0167828 0.000988607 0
 0.975058 0.0227948 0.00214734 0 0
 0.738997 0.206755 0.0527124 0.00153531 0
 0.850938 0.134255 0.0134407 0.00136685 0
 0.542534 0.407297 0.0501686 0 0
 0.764087 0.199537 0.0359546 0.000420521 0
 0.470689 0.182191 0.310203 0.0369168 0
 0.84361 0.089868 0.0606195 0.00523954 0.000663233
 0.607945 0.314616 0.071237 0.00620181 0
 0.523733 0.453247 0.0230204 0 0
 0.530135 0.295979 0.169645 0.0042399 0
 0.562478 0.366248 0.0663022 0.0049721 0
 0.250443 0.683176 0.0655157 0.000865301 0
ppred_RECLAS
 0.278001 0.363465 0.180491 0.0896293 0.0884134
 0.402908 0.266272 0.16654 0.0827012 0.0815792
 0.254192 0.439385 0.136649 0.0854668 0.0843074
 0.464984 0.236657 0.175775 0.054666 0.0679178
 0.543466 0.294092 0.0718538 0.0533688 0.0372189
 0.413769 0.413977 0.110963 0.027111 0.0341795
 0.597611 0.247669 0.109258 0.0292858 0.016176
 0.638081 0.275821 0.0529931 0.0233777 0.00972735
 0.500267 0.398456 0.0771839 0.0148292 0.00926389
 0.610824 0.268273 0.0963998 0.0186734 0.00582892
 0.285123 0.550727 0.113155 0.0406605 0.0103348
 0.242789 0.359433 0.30644 0.0629626 0.0283752
 0.470523 0.222247 0.145836 0.124335 0.0370593
 0.49445 0.345314 0.0672586 0.0441344 0.0488427
 0.587187 0.303778 0.074476 0.0145061 0.0200529
 0.559956 0.34845 0.0674014 0.0165245 0.00766785
 0.474176 0.390222 0.107377 0.0207702 0.00745504
 0.45133 0.364733 0.136503 0.0375614 0.00987341
 0.466947 0.340124 0.128251 0.0479983 0.0166795
 0.634692 0.238036 0.0812086 0.0306213 0.0154426
 0.543647 0.358944 0.0634719 0.0216541 0.0122829
 0.449342 0.390786 0.125747 0.0222358 0.011889
 0.513065 0.305793 0.128551 0.041365 0.0112255
 0.390133 0.419376 0.119627 0.0502895 0.0205736
 0.225047 0.444345 0.227344 0.0648499 0.0384148
pobs_PELACES
 0 0 0 0 0
 0 0 0 0 0
 0 0 0 0 0
 0 0 0 0 0
 0 0 0 0 0
 0 0 0 0 0
 0 0 0 0 0
 0 0 0 0 0
 0 0 0 0 0
 0 0 0 0 0
 0.450072 0.473896 0.0757376 0.000293798 0
 0 0 0 0 0
 0.463077 0.371075 0.160297 0.00555027 0
 0.529543 0.364841 0.0842815 0.0213345 0
 0.631943 0.363953 0.00410389 0 0
 0.735681 0.248677 0.0153453 0.000297389 0
 0.695825 0.281241 0.0229344 0 0
 0.275771 0.60734 0.115278 0.00161068 0
 0 0 0 0 0
 0.896147 0.0623911 0.0374545 0.00400742 0
 0.803859 0.145111 0.0509908 3.86294e-05 0
 0.739449 0.233085 0.0266225 0.000797448 4.60066e-05
 0.878498 0.100942 0.0204185 0.000141795 0
 0.694673 0.275183 0.0284847 0.00165964 0
 0 0 0 0 0
ppred_PELACES
 0.283894 0.360498 0.179018 0.0888978 0.0876918
 0.41257 0.261963 0.163845 0.0813629 0.0802591
 0.273615 0.427942 0.13309 0.083241 0.0821118
 0.471676 0.233697 0.173576 0.0539822 0.0670683
 0.545003 0.293102 0.0716119 0.0531891 0.0370936
 0.434031 0.399669 0.107128 0.026174 0.0329981
 0.609549 0.240321 0.106017 0.028417 0.0156961
 0.654605 0.263228 0.0505735 0.0223103 0.00928321
 0.517224 0.384936 0.0745649 0.014326 0.00894955
 0.62121 0.261114 0.0938272 0.018175 0.00567336
 0.302187 0.537581 0.110454 0.0396899 0.0100881
 0.257707 0.352352 0.300403 0.0617222 0.0278162
 0.502285 0.208915 0.137088 0.116876 0.0348362
 0.552612 0.305587 0.0595207 0.0390569 0.0432235
 0.632782 0.270226 0.0662502 0.0129039 0.0178381
 0.579828 0.332714 0.0643576 0.0157783 0.00732157
 0.489798 0.378628 0.104187 0.0201531 0.00723355
 0.462654 0.357205 0.133685 0.0367862 0.00966964
 0.477696 0.333266 0.125665 0.0470305 0.0163431
 0.643627 0.232213 0.0792222 0.0298723 0.0150648
 0.547837 0.355649 0.0628891 0.0214553 0.0121701
 0.45487 0.386863 0.124485 0.0220125 0.0117696
 0.520275 0.301266 0.126647 0.0407525 0.0110593
 0.397898 0.414037 0.118104 0.0496493 0.0203117
 0.232156 0.440268 0.225258 0.064255 0.0380624
pobs_pel_tallas
 0 0 0 0 0 0 0 0 0 0 0 0 0 0 0 0 0 0 0 0 0 0 0 0 0 0 0 0 0 0 0 0 0 0 0 0
 0 0 0 0 0 0 0 0 0 0 0 0 0 0 0 0 0 0 0 0 0 0 0 0 0 0 0 0 0 0 0 0 0 0 0 0
 0 0 0 0 0 0 0 0 0 0 0 0 0 0 0 0 0 0 0 0 0 0 0 0 0 0 0 0 0 0 0 0 0 0 0 0
 0 0 0 0 0 0 0 0 0 0 0 0 0 0 0 0 0 0 0 0 0 0 0 0 0 0 0 0 0 0 0 0 0 0 0 0
 0 0 0 0 0 0 0 0 0 0 0 0 0 0 0 0 0 0 0 0 0 0 0 0 0 0 0 0 0 0 0 0 0 0 0 0
 0 0 0 0 0 0 0 0 0 0 0 0 0 0 0 0 0 0 0 0 0 0 0 0 0 0 0 0 0 0 0 0 0 0 0 0
 0 0 0 0 0 0 0 0 0 0 0 0 0 0 0 0 0 0 0 0 0 0 0 0 0 0 0 0 0 0 0 0 0 0 0 0
 0 0 0 0 0 0 0 0 0 0 0 0 0 0 0 0 0 0 0 0 0 0 0 0 0 0 0 0 0 0 0 0 0 0 0 0
 0 0 0 0 0 0 0 0 0 0 0 0 0 0 0 0 0 0 0 0 0 0 0 0 0 0 0 0 0 0 0 0 0 0 0 0
 0 0 0 0 0 0 0 0 0 0 0 0 0 0 0 0 0 0 0 0 0 0 0 0 0 0 0 0 0 0 0 0 0 0 0 0
 0 0 0 0 0 0 0 0 1.78061e-05 0.00172719 0.00360574 0.0105946 0.0120993 0.0124554 0.0147524 0.0171206 0.0266825 0.0428682 0.0675386 0.121331 0.153587 0.119568 0.100827 0.0573624 0.0630603 0.0341343 0.0324427 0.0444173 0.0211091 0.0280891 0.0125444 0.00206551 0 0 0 0
 0 0 0 0 0 0 0 0 0 0 0 0 0 0 0 0 0 0 0 0 0 0 0 0 0 0 0 0 0 0 0 0 0 0 0 0
 0 0 0 0 0 0 0.0133647 0.0140871 0.0187388 0.0205184 0.03894 0.0496705 0.03968 0.0493445 0.0407372 0.0367815 0.0215668 0.0243155 0.0234873 0.0199281 0.019796 0.0243948 0.0301388 0.0376714 0.0412746 0.0863199 0.0771752 0.113111 0.0741005 0.0525337 0.0229764 0.00759418 0.00175318 0 0 0
 0 0 0 0 0 0 0 0 0 0 0.00219441 0.00772107 0.0458388 0.0604681 0.0671733 0.0775358 0.0609151 0.0617685 0.073594 0.0568108 0.0755445 0.0548602 0.0670107 0.0636378 0.0643287 0.046367 0.0373049 0.0286899 0.0247887 0.0153202 0.00654259 0.00121912 0.000365735 0 0 0
 0 0 0 0 0 0 0 0 0 0 0 0 0.000112435 0.00938835 0.0111873 0.0202946 0.0414886 0.0713402 0.111592 0.104902 0.108894 0.110636 0.117776 0.105296 0.107544 0.0401394 0.0192827 0.0124803 0.00416011 0.0028671 0.000618394 0 0 0 0 0
 0 0 0 0 0 0 0 0 0 0 0.00291406 0.0102884 0.027416 0.0768956 0.0749926 0.110853 0.0956884 0.0897413 0.0766577 0.0534642 0.0500743 0.0551293 0.0594112 0.0620874 0.0668451 0.0424026 0.0208742 0.0120726 0.0048766 0.00582813 0.00118941 0.000297354 0 0 0 0
 0 0.00264628 0.0354308 0.0461629 0.0458689 0.0383711 0.0214643 0.0164657 0.0346957 0.0420465 0.0363128 0.0245516 0.0311673 0.0291091 0.0169068 0.0133784 0.00837989 0.0085269 0.0148486 0.0160247 0.0276389 0.0546898 0.0760071 0.122758 0.109233 0.0665981 0.0333725 0.0166128 0.00676272 0.00308733 0.000882094 0 0 0 0 0
 0 0 0 0 0 0 0 0.000805153 0.000690131 0.00759144 0.0133425 0.0154129 0.00931677 0.000345066 0.00356568 0.00563607 0.00851162 0.0253048 0.0502646 0.0516448 0.0657925 0.0565908 0.0611916 0.0827007 0.0866115 0.110766 0.145733 0.0935128 0.0569358 0.0249597 0.0138026 0.00621118 0.00161031 0.00115022 0 0
 0 0 0 0 0 0 0 0 0 0 0 0 0 0 0 0 0 0 0 0 0 0 0 0 0 0 0 0 0 0 0 0 0 0 0 0
 0.00147267 0.00158595 0.00478618 0.00569244 0.00954404 0.0108468 0.00647125 0.017049 0.0510054 0.094081 0.124002 0.0959785 0.0687766 0.0820023 0.061753 0.0591476 0.0492212 0.0479892 0.0443925 0.0268479 0.0217502 0.0140895 0.0121071 0.0120363 0.00920419 0.00665534 0.0049561 0.00860946 0.00930331 0.0156896 0.0114698 0.00855282 0.00243557 0.00046729 0 2.83206e-05
 0 0 0 0 0.000772559 0.00158375 0.000888443 0.00281984 0.00712685 0.0440552 0.0773331 0.111326 0.0921469 0.0852325 0.0710754 0.0886704 0.0786465 0.0553345 0.0373146 0.0185414 0.00753245 0.00457741 0.012979 0.0271748 0.0457355 0.0583668 0.034881 0.0177882 0.00938659 0.00492506 0.0015258 0.00185414 0.000309023 5.79419e-05 3.86279e-05 0
 0 0.00173294 0.00326652 0 0.00397197 0.00683976 0.00946217 0.0152591 0.00757587 0.0136028 0.0228656 0.0392903 0.0559909 0.0764795 0.0681675 0.0726916 0.0566044 0.0477403 0.0527397 0.0444891 0.0609904 0.0582453 0.0661739 0.0445044 0.0529084 0.0360697 0.0280645 0.0235558 0.0158879 0.00826598 0.00280645 0.00217768 0.000904811 0.00058276 9.20147e-05 0
 0 0 0 0 0 0 0 0 0 0 0 0 0 0 0 0 0 0 0 0 0 0 0 0 0 0 0 0 0 0 0 0 0 0 0 0
 0 0 0 0 0 0 0 0 0 0 0 0 0 0 0 0 0 0 0 0 0 0 0 0 0 0 0 0 0 0 0 0 0 0 0 0
 0 0 0 0 0 0 0 0 0 0 0 0 0 0 0 0 0 0 0 0 0 0 0 0 0 0 0 0 0 0 0 0 0 0 0 0
ppred_pel_tallas
 1.09811e-16 1.24065e-05 7.27649e-05 0.000345786 0.00133112 0.00415081 0.0104849 0.0214561 0.0355754 0.0478059 0.0520992 0.0461381 0.0334268 0.0203163 0.011376 0.00760825 0.00782118 0.0105538 0.0148855 0.0203213 0.0264708 0.0328718 0.0389792 0.044246 0.0482314 0.0506862 0.0515876 0.0511068 0.0495328 0.0471782 0.0443047 0.0410874 0.0376217 0.0339566 0.030135 0.0262223
 1.08958e-16 1.80134e-05 0.000105691 0.000502343 0.00193394 0.00603069 0.0152332 0.0311707 0.0516745 0.0694148 0.0755826 0.0667778 0.048039 0.0285165 0.0147431 0.00804706 0.0065655 0.00807368 0.0112023 0.0153091 0.0200334 0.0250303 0.0299075 0.034266 0.0377736 0.0402249 0.0415661 0.0418753 0.0413113 0.0400524 0.0382486 0.0360021 0.0333761 0.0304188 0.027191 0.0237817
 1.08726e-16 1.19609e-05 7.01432e-05 0.000333309 0.00128306 0.00400091 0.0101064 0.020682 0.0342942 0.0460911 0.0502481 0.0445411 0.0323613 0.0198508 0.0114403 0.0081266 0.00878843 0.0120321 0.0169596 0.0230471 0.0298321 0.0367505 0.0431454 0.0483736 0.0519408 0.0536052 0.0534157 0.0516686 0.0488044 0.0452834 0.0414828 0.0376452 0.0338809 0.030209 0.0266121 0.0230818
 1.07529e-16 2.05896e-05 0.000120819 0.000574264 0.00221086 0.00689427 0.0174145 0.0356336 0.059071 0.079344 0.0863773 0.0762749 0.0547836 0.0323442 0.0163976 0.00842924 0.00627449 0.00736189 0.0101145 0.0138124 0.0180892 0.0226258 0.0270664 0.0310478 0.0342633 0.0365164 0.0377455 0.0380084 0.0374392 0.0361966 0.0344217 0.0322204 0.0296689 0.0268322 0.0237845 0.0206199
 1.04673e-16 2.37893e-05 0.000139598 0.000663534 0.00255455 0.00796605 0.0201218 0.0411732 0.0682545 0.0916797 0.0998075 0.0881367 0.0633079 0.0373849 0.0189634 0.00975366 0.00724216 0.00843458 0.0114725 0.0154737 0.0199537 0.0244806 0.0285924 0.0318471 0.033912 0.034635 0.0340714 0.0324513 0.0301077 0.0273864 0.0245721 0.0218488 0.0192992 0.0169321 0.0147206 0.0126358
 1.04093e-16 1.89548e-05 0.000111206 0.000528529 0.00203471 0.00634493 0.0160271 0.032796 0.0543723 0.0730486 0.0795652 0.0703578 0.0507477 0.0303907 0.016197 0.00960523 0.00868901 0.0111178 0.0154183 0.0208228 0.0267964 0.03277 0.0381075 0.0421978 0.0445829 0.0450594 0.0437162 0.0408929 0.0370792 0.0327906 0.0284621 0.0243883 0.0207162 0.017477 0.0146352 0.0121343
 1.03294e-16 2.66018e-05 0.000156114 0.000742064 0.00285693 0.00890902 0.0225036 0.0460462 0.0763299 0.102519 0.111587 0.0984893 0.0706368 0.041497 0.020651 0.00997353 0.00661578 0.00720308 0.00965573 0.0130224 0.016838 0.0207325 0.0243193 0.0272242 0.0291554 0.0299634 0.0296646 0.0284207 0.0264838 0.0241278 0.0215912 0.0190441 0.0165862 0.0142626 0.0120898 0.0100761
 1.02005e-16 2.85672e-05 0.000167652 0.00079691 0.00306809 0.00956752 0.0241669 0.0494496 0.0819716 0.110096 0.119833 0.105766 0.0758507 0.0445498 0.0221491 0.0106568 0.00700531 0.00755831 0.0100657 0.0134852 0.017295 0.0210771 0.024403 0.0268709 0.0281856 0.0282252 0.027065 0.0249487 0.0222199 0.019237 0.0163004 0.0136111 0.011265 0.00927394 0.00760035 0.006189
 1.02095e-16 2.25818e-05 0.0001325 0.000629771 0.00242452 0.00756054 0.0190976 0.0390784 0.0647849 0.0870286 0.0947686 0.0837454 0.0602807 0.0358522 0.0186556 0.0103575 0.00861303 0.0106044 0.0145584 0.0195802 0.0250971 0.0305387 0.0352829 0.0387403 0.040479 0.0403239 0.0383928 0.0350539 0.030825 0.026248 0.0217802 0.0177311 0.0142518 0.0113645 0.00901164 0.00710351
 1.02307e-16 2.71111e-05 0.000159103 0.000756267 0.00291161 0.00907952 0.0229343 0.0469276 0.0777914 0.104483 0.113728 0.100386 0.0720134 0.0423378 0.0211282 0.0102995 0.00695153 0.00764459 0.0102526 0.0137915 0.0177642 0.0217644 0.0253676 0.0281672 0.0298538 0.0302807 0.0294903 0.0276892 0.0251857 0.022311 0.0193515 0.0165103 0.013901 0.0115653 0.00950206 0.007693
 1.03579e-16 1.32114e-05 7.74741e-05 0.000368138 0.00141712 0.00441894 0.0111624 0.0228436 0.03788 0.0509151 0.0555197 0.0492434 0.0358415 0.0221112 0.0129631 0.00951532 0.0105412 0.0144983 0.0203664 0.0275052 0.0353064 0.0430225 0.0497958 0.0548052 0.057445 0.0574632 0.0550125 0.0505911 0.0449043 0.03869 0.0325709 0.0269678 0.022087 0.0179618 0.0145211 0.0116541
 1.078e-16 1.12648e-05 6.60615e-05 0.000313917 0.00120841 0.00376814 0.00951835 0.0194784 0.0322974 0.0434044 0.0473114 0.0419196 0.0304174 0.018582 0.0105776 0.00733571 0.00779951 0.0106681 0.0151266 0.0207354 0.0271327 0.0338708 0.0404043 0.0461668 0.0506757 0.0536196 0.0548989 0.054608 0.0529744 0.0502803 0.0467973 0.0427529 0.0383293 0.0336813 0.0289575 0.0243105
 1.07658e-16 2.19232e-05 0.00012865 0.000611504 0.00235425 0.00734144 0.018544 0.0379443 0.0629003 0.0844837 0.0919622 0.0811819 0.0582542 0.0342846 0.0171802 0.00850196 0.00592398 0.00669118 0.00911848 0.0124509 0.0163307 0.0204708 0.0245587 0.0282757 0.0313515 0.0336106 0.0349921 0.0355352 0.0353409 0.0345264 0.0331912 0.0314046 0.0292152 0.0266702 0.0238366 0.0208099
 1.04307e-16 2.41215e-05 0.000141548 0.000672799 0.00259022 0.00807729 0.0204028 0.0417483 0.0692079 0.0929609 0.101204 0.089373 0.0642034 0.0379283 0.0192654 0.00995068 0.007436 0.00868398 0.0118055 0.0158975 0.0204553 0.0250256 0.0291243 0.0322919 0.0341879 0.0346657 0.0337999 0.0318517 0.0291901 0.0261962 0.0231819 0.0203471 0.0177773 0.0154721 0.0133873 0.0114723
 1.02306e-16 2.76159e-05 0.000162066 0.000770353 0.00296584 0.00924864 0.0233615 0.0478017 0.0792404 0.106429 0.115846 0.102257 0.0733564 0.043129 0.0215253 0.010495 0.00708168 0.00777784 0.0104118 0.0139732 0.0179464 0.0219082 0.0254198 0.0280669 0.0295419 0.029712 0.0286451 0.026581 0.0238621 0.0208485 0.0178442 0.015055 0.0125833 0.0104486 0.00862134 0.0070546
 1.01907e-16 2.53095e-05 0.000148519 0.000705937 0.0027178 0.00847513 0.0214077 0.0438047 0.0726171 0.097541 0.106192 0.093783 0.0673819 0.0398268 0.0202672 0.0105266 0.00793191 0.00929298 0.0126188 0.0169454 0.0217194 0.0264347 0.0305514 0.0335601 0.0350874 0.0349815 0.033343 0.0304885 0.0268634 0.0229337 0.0190924 0.0156051 0.0126011 0.0100993 0.00805061 0.00637883
 1.02633e-16 2.13857e-05 0.000125479 0.00059639 0.002296 0.00715975 0.0180852 0.037007 0.0613513 0.0824179 0.0897522 0.0793229 0.0571203 0.034019 0.0177877 0.0100147 0.00849068 0.0105582 0.0145462 0.0196103 0.0252034 0.0307724 0.0357075 0.0394244 0.0414867 0.0417022 0.0401603 0.037193 0.0332797 0.0289283 0.0245728 0.0205135 0.016908 0.0137974 0.0111525 0.008915
 1.0373e-16 2.02013e-05 0.000118527 0.000563344 0.00216877 0.006763 0.0170831 0.0349563 0.0579518 0.0778515 0.0847807 0.0749321 0.0539651 0.0321535 0.0168387 0.00952556 0.00813375 0.0101621 0.0140433 0.0189924 0.0245053 0.0300705 0.0351174 0.0390918 0.0415684 0.0423411 0.0414588 0.0391916 0.035947 0.0321633 0.0282193 0.0243835 0.0208063 0.0175462 0.014608 0.0119775
 1.04273e-16 2.08562e-05 0.000122374 0.000581639 0.00223922 0.0069827 0.017638 0.0360915 0.0598328 0.0803751 0.0875204 0.0773332 0.0556501 0.0330688 0.0171558 0.00944903 0.00778516 0.00957116 0.0131889 0.0178437 0.0230492 0.0283277 0.0331502 0.0370017 0.0394857 0.0404062 0.0398018 0.0379135 0.0351069 0.0317746 0.028254 0.0247812 0.0214871 0.0184221 0.015593 0.0129949
 1.02931e-16 2.80873e-05 0.000164837 0.000783534 0.00301661 0.00940696 0.0237613 0.0486195 0.080595 0.108245 0.117813 0.103971 0.0745363 0.0437239 0.0216397 0.0102502 0.00653385 0.00691479 0.00918981 0.0123559 0.0159346 0.0195595 0.0228557 0.0254654 0.0271155 0.0276749 0.0271774 0.0257983 0.0237995 0.0214601 0.0190175 0.0166359 0.0144027 0.0123464 0.0104639 0.00874367
 1.02315e-16 2.39154e-05 0.000140333 0.000667013 0.00256793 0.00800775 0.0202272 0.0413894 0.0686144 0.0921682 0.100353 0.0886498 0.0637455 0.0377815 0.0194185 0.0103979 0.00821277 0.00986211 0.0134663 0.0180987 0.0232002 0.0282385 0.0326393 0.0358604 0.0375054 0.0374143 0.0356966 0.0326917 0.0288748 0.0247412 0.0207062 0.0170475 0.0138969 0.0112682 0.00910455 0.00732214
 1.032e-16 1.98631e-05 0.000116539 0.000553886 0.00213235 0.00664939 0.0167962 0.0343695 0.05698 0.076549 0.0833703 0.0737046 0.0531226 0.0317346 0.0167707 0.00972464 0.0085638 0.0108362 0.0149971 0.0202543 0.0260746 0.0319017 0.037115 0.0411159 0.0434518 0.043915 0.0425808 0.0397699 0.0359528 0.0316317 0.0272381 0.0230742 0.0193032 0.0159771 0.0130806 0.0105721
 1.03814e-16 2.27115e-05 0.00013327 0.000633445 0.0024387 0.00760476 0.0192092 0.0393061 0.06516 0.0875257 0.0952915 0.0841638 0.0604872 0.0357857 0.0182762 0.00960491 0.00738701 0.00877735 0.0120097 0.0162404 0.0209927 0.0258263 0.0302603 0.0338264 0.0361607 0.0370789 0.0366067 0.0349532 0.032441 0.0294203 0.026195 0.0229823 0.0199079 0.0170274 0.0143579 0.0119053
 1.04467e-16 1.73798e-05 0.000101958 0.00048456 0.00186542 0.00581698 0.0146936 0.0300677 0.0498505 0.0669781 0.0729653 0.0645504 0.0466217 0.0280456 0.015177 0.00935835 0.00884796 0.0115284 0.0160553 0.0217118 0.0279701 0.0342494 0.039893 0.044267 0.0468931 0.047553 0.0463277 0.0435556 0.03973 0.035372 0.0309227 0.0266829 0.0228062 0.019332 0.0162354 0.013472
 1.07328e-16 1.0154e-05 5.95328e-05 0.000282861 0.00108881 0.00339516 0.00857634 0.0175516 0.0291061 0.0391262 0.042676 0.0378789 0.0276296 0.0171651 0.0102802 0.00786383 0.00901022 0.0125755 0.0178165 0.0242749 0.0315026 0.0389236 0.0458521 0.0516029 0.0556306 0.0576394 0.0576283 0.0558549 0.0527398 0.0487471 0.0442836 0.0396453 0.0350134 0.0304855 0.0261189 0.0219645
pSPR Fmed_Fpbrs
0.575832   0.254687 0.254687
Fs Fmed_Fpbrs
0.305231   1.005 1.005
SSBpbr Bo_Bmed_Bpbrs
1.00495e+06  528433  205700 205700
Ro
37049.1
SPR SPRFo_SPRFmed_SPRFpbrs
763565 439685 194470
log_Ro
10.34
likeval ReclasPelacesDesembMPH_pf_preclas_ppelaces_ptallas_desvR_qrecl_qpela
 99.9285 87.9998 0.0887372 0.000654432 319.277 208.666 74.163 0 14.7098 0 0 0 0 0 0
q_reclas_q_pelaces
1 1
M
0.7
N
 32237.9 22026.5 10938 5431.66 5357.97
 41740.2 14654.6 9165.7 4551.55 4489.81
 18256.7 18360.7 5710.18 3571.43 3522.98
 25260.9 6695.55 4973.06 1546.62 1921.54
 42336.2 11563 2825.12 2098.33 1463.36
 36370.9 20632.4 5530.35 1351.2 1703.48
 62846.8 14045.5 6196.12 1660.82 917.352
 111254 26829.6 5154.73 2273.99 946.197
 100544 44376.9 8596.14 1651.56 1031.74
 173191 40649 14606.6 2829.4 883.203
 68819.1 75288.9 15469.2 5558.62 1412.85
 31894.9 26632.3 22705.8 4665.24 2102.47
 43465.2 12446.8 8167.46 6963.29 2075.49
 29518.2 14680.9 2859.48 1876.36 2076.53
 20888.6 7225.73 1771.5 345.044 476.983
 16487.1 5800.39 1121.98 275.071 127.641
 14155 6403.65 1762.09 340.845 122.339
 13429.9 5815.04 2176.3 598.853 157.415
 14937.9 5807.8 2189.95 819.596 284.811
 32732.4 6509.13 2220.66 837.345 422.28
 42675.4 14453.8 2555.85 871.956 494.599
 44762.1 20133.9 6478.67 1145.62 612.537
 66728.2 20774.6 8733.33 2810.21 762.623
 53770.8 30360.3 8660.29 3640.65 1489.4
 23056.7 24196.1 12379.6 3531.3 2091.82
pred_Ctot
 1971.3 2592.99 1287.64 639.425 630.75
 3451.8 2301.37 1439.39 714.78 705.083
 3493.26 6213.01 1932.24 1208.52 1192.13
 1427.66 730.639 542.676 168.772 209.685
 567.075 307.215 75.0599 55.7501 38.8796
 5900.52 6035.68 1617.82 395.271 498.327
 6397.54 2682.04 1183.17 317.14 175.172
 15942.4 7019.72 1348.69 594.969 247.564
 13599.4 11017.3 2134.14 410.028 256.147
 15637.4 6935.88 2492.3 482.776 150.7
 11080.7 21876.7 4494.9 1615.17 410.533
 4980.62 7529.36 6419.26 1318.93 594.4
 10220.8 5024.49 3297.01 2810.92 837.826
 11204.6 8636.24 1682.12 1103.79 1221.55
 6845.05 3809.79 934.029 181.926 251.491
 2619.86 1665.67 322.193 78.9907 36.654
 1777.64 1485.47 408.758 79.0667 28.3794
 1257.36 1026.65 384.227 105.728 27.7916
 1326.14 975.312 367.761 137.636 47.8287
 2625.5 993.043 338.788 127.747 64.4236
 1536.93 1018.1 180.03 61.4192 34.8388
 2113.31 1846.14 594.051 105.046 56.1656
 4040.55 2422.69 1018.46 327.72 88.9354
 3649.59 3950.23 1126.81 473.692 193.789
 1920.5 3825.75 1957.4 558.35 330.747
F
 0.0883881 0.176776 0.176776 0.176776 0.176776
 0.121252 0.242503 0.242503 0.242503 0.242503
 0.303089 0.606177 0.606177 0.606177 0.606177
 0.0814461 0.162892 0.162892 0.162892 0.162892
 0.0187802 0.0375604 0.0375604 0.0375604 0.0375604
 0.251469 0.502938 0.502938 0.502938 0.502938
 0.151193 0.302386 0.302386 0.302386 0.302386
 0.219097 0.438194 0.438194 0.438194 0.438194
 0.205624 0.411248 0.411248 0.411248 0.411248
 0.133061 0.266122 0.266122 0.266122 0.266122
 0.249357 0.498714 0.498714 0.498714 0.498714
 0.240984 0.481967 0.481967 0.481967 0.481967
 0.385412 0.770824 0.770824 0.770824 0.770824
 0.707361 1.41472 1.41472 1.41472 1.41472
 0.581276 1.16255 1.16255 1.16255 1.16255
 0.245712 0.491424 0.491424 0.491424 0.491424
 0.18962 0.379241 0.379241 0.379241 0.379241
 0.138285 0.27657 0.27657 0.27657 0.27657
 0.130698 0.261395 0.261395 0.261395 0.261395
 0.117411 0.234822 0.234822 0.234822 0.234822
 0.0512197 0.102439 0.102439 0.102439 0.102439
 0.0676285 0.135257 0.135257 0.135257 0.135257
 0.087492 0.174984 0.174984 0.174984 0.174984
 0.0985416 0.197083 0.197083 0.197083 0.197083
 0.122176 0.244352 0.244352 0.244352 0.244352
nmprior
 10 11 7 0
nm_flota  nm_reclas  nm_pelaces    nm_pelaL
inf 12.0755 11.1316 18.0248
cv_recla  cv_pelaces  cv_mph
0.90421 1.10384 0.829985
 ------------------------------------------------
Talla a la edad & desviación 
 7.2 14.2025 17.0495 18.207 18.6776
 1.08 2.13037 2.55742 2.73105 2.80164
