years
 1997 1998 1999 2000 2001 2002 2003 2004 2005 2006 2007 2008 2009 2010 2011 2012 2013 2014 2015 2016 2017 2018 2019 2020 2021
reclasobs
 0 0 0 370054 412103 1.49427e+06 250295 1.28982e+06 931140 785840 897777 1.04006e+06 184774 17550 25797 100020 73551 82996 120727 218422 84188 347160 605670 569463 516374
reclaspred
 3.25338e+06 508549 688570 178535 254798 342467 689538 608671 664048 917400 989189 669703 361029 144406 81051.3 81607.5 92212.7 112037 120736 138441 223962 238103 384442 379922 287928
pelacesobs
 0 0 0 0 0 0 0 0 0 2.06254e+06 1.5e+06 0 1.87456e+06 323000 250000 174000 83755 137374 0 501740 490994 745055 786931 1.00524e+06 0
pelacespred
 4.40149e+06 1.4459e+06 469564 303610 689406 433089 2.11754e+06 1.54072e+06 1.69512e+06 2.48e+06 1.78246e+06 1.25408e+06 868223 288987 173698 156468 174544 220855 208450 255663 519011 427240 529291 621224 307851
mphobs
 0 0 0 0 0 112323 0 153150 637223 0 255016 313432 73983 77613 109348 50772 0 0 0 0 0 0 0 0 0
mphpred
 792457 337009 173318 71023.2 54025.2 143718 160321 276959 251749 295119 427083 269689 163177 93846 43506.6 32712.9 33142.2 37513.2 43493.3 44577.7 65118.6 86194.2 103530 126276 126671
desembarqueobs
 350755 77701 442110 56441 14545 235359 269955 359681 431902 328805 639364 411747 362871 311530 167758 66681 60226 58785 57116 71774 51957 67425 138520 160799 200461
desembarquepred
 350740 77675.8 441538 56417.1 14543.5 235202 269888 359123 431424 328521 638156 411054 362140 310940 167190 66594.4 60179.6 58694.5 57028.6 71691.9 51938.4 67356.8 138409 160692 200383
Reclutas
 13132.5 24727.6 2804.49 7020.77 40958 14742.7 63315.3 58622.8 70883.7 129073 56268.2 46455.5 54780.6 29127.7 13193 10908.3 7219.89 8164.55 8288.9 11453.9 16863.3 20760.9 28890.6 26643.2 953.174
log_desv_Rt
 -0.377154 0.255675 -1.92102 -1.00337 0.760303 -0.261497 1.19588 1.11888 1.3088 1.90813 1.07789 0.886249 1.05109 0.419444 -0.372557 -0.562721 -0.975405 -0.852443 -0.837327 -0.513919 -0.127103 0.0808264 0.411273 0.330288 -3.0002
SSB
 1.21856e+06 518216 266510 109212 83074.2 220994 246524 425879 387113 453802 656723 414699 250916 144306 66899.8 50302.4 50962.5 57683.9 66879.4 68546.9 100133 132540 159198 194174 194781
BT
 1.7672e+06 654288 400932 173787 283817 334910 1.06105e+06 972233 1.05815e+06 1.27806e+06 1.21549e+06 842926 685723 392821 201758 114282 114096 131911 124424 154022 240648 216498 287498 359397 268098
Ftot
 0.266376 0.401377 1.45954 0.831198 0.223999 1.59985 1.38697 1.74309 1.94449 1.20898 1.61158 1.57258 2.77677 4.82881 4.95303 2.24553 1.7935 1.48806 1.26344 1.46297 0.694983 0.769631 0.956397 1.12942 1.51077
BD_Bspro_t
 0.967713 0.783601 0.554912 0.214158 0.282925 0.56082 0.419759 0.500348 0.427392 0.423186 0.476954 0.302162 0.209884 0.147186 0.0832602 0.0769776 0.106416 0.162459 0.225872 0.277713 0.391171 0.522704 0.526115 0.497555 0.403374
BD_Bspro
 3.08769 1.3131 0.675308 0.276731 0.210501 0.559976 0.624667 1.07913 0.980902 1.14989 1.66407 1.0508 0.635793 0.365657 0.169517 0.127461 0.129134 0.146165 0.169465 0.17369 0.253725 0.335843 0.40339 0.492016 0.493555
BD_Bo
 1.4864 0.632124 0.325091 0.133217 0.101334 0.26957 0.300712 0.51949 0.472203 0.553551 0.801075 0.505853 0.306068 0.176026 0.0816048 0.0613592 0.0621644 0.0703632 0.0815799 0.0836139 0.122142 0.161674 0.19419 0.236854 0.237596
BD_Brms
 4.02648 1.71234 0.880629 0.360869 0.274502 0.730231 0.81459 1.40723 1.27914 1.4995 2.17001 1.37029 0.8291 0.476832 0.221057 0.166214 0.168395 0.190605 0.22099 0.226499 0.330868 0.437953 0.526037 0.641608 0.643616
S_f
 0.0869048 0.678748 0.979124 0.99904 0.999957
 0.0869048 0.678748 0.979124 0.99904 0.999957
 0.0869048 0.678748 0.979124 0.99904 0.999957
 0.0869048 0.678748 0.979124 0.99904 0.999957
 0.0869048 0.678748 0.979124 0.99904 0.999957
 0.0869048 0.678748 0.979124 0.99904 0.999957
 0.0869048 0.678748 0.979124 0.99904 0.999957
 0.0869048 0.678748 0.979124 0.99904 0.999957
 0.0869048 0.678748 0.979124 0.99904 0.999957
 0.0869048 0.678748 0.979124 0.99904 0.999957
 0.0869048 0.678748 0.979124 0.99904 0.999957
 0.0869048 0.678748 0.979124 0.99904 0.999957
 0.0869048 0.678748 0.979124 0.99904 0.999957
 0.0869048 0.678748 0.979124 0.99904 0.999957
 0.0869048 0.678748 0.979124 0.99904 0.999957
 0.0869048 0.678748 0.979124 0.99904 0.999957
 0.0869048 0.678748 0.979124 0.99904 0.999957
 0.0869048 0.678748 0.979124 0.99904 0.999957
 0.0869048 0.678748 0.979124 0.99904 0.999957
 0.0869048 0.678748 0.979124 0.99904 0.999957
 0.0869048 0.678748 0.979124 0.99904 0.999957
 0.0869048 0.678748 0.979124 0.99904 0.999957
 0.0869048 0.678748 0.979124 0.99904 0.999957
 0.0869048 0.678748 0.979124 0.99904 0.999957
 0.0869048 0.678748 0.979124 0.99904 0.999957
Scru_reclas
 0.218585 0.584679 0.876311 0.972719 0.994458
 0.218585 0.584679 0.876311 0.972719 0.994458
 0.218585 0.584679 0.876311 0.972719 0.994458
 0.218585 0.584679 0.876311 0.972719 0.994458
 0.218585 0.584679 0.876311 0.972719 0.994458
 0.218585 0.584679 0.876311 0.972719 0.994458
 0.218585 0.584679 0.876311 0.972719 0.994458
 0.218585 0.584679 0.876311 0.972719 0.994458
 0.218585 0.584679 0.876311 0.972719 0.994458
 0.218585 0.584679 0.876311 0.972719 0.994458
 0.218585 0.584679 0.876311 0.972719 0.994458
 0.218585 0.584679 0.876311 0.972719 0.994458
 0.218585 0.584679 0.876311 0.972719 0.994458
 0.218585 0.584679 0.876311 0.972719 0.994458
 0.218585 0.584679 0.876311 0.972719 0.994458
 0.218585 0.584679 0.876311 0.972719 0.994458
 0.218585 0.584679 0.876311 0.972719 0.994458
 0.218585 0.584679 0.876311 0.972719 0.994458
 0.218585 0.584679 0.876311 0.972719 0.994458
 0.218585 0.584679 0.876311 0.972719 0.994458
 0.218585 0.584679 0.876311 0.972719 0.994458
 0.218585 0.584679 0.876311 0.972719 0.994458
 0.218585 0.584679 0.876311 0.972719 0.994458
 0.218585 0.584679 0.876311 0.972719 0.994458
 0.218585 0.584679 0.876311 0.972719 0.994458
Scru_pelaces
 0.803708 1 1 1 1
 0.803708 1 1 1 1
 0.803708 1 1 1 1
 0.803708 1 1 1 1
 0.803708 1 1 1 1
 0.803708 1 1 1 1
 0.803708 1 1 1 1
 0.803708 1 1 1 1
 0.803708 1 1 1 1
 0.803708 1 1 1 1
 0.803708 1 1 1 1
 0.803708 1 1 1 1
 0.803708 1 1 1 1
 0.803708 1 1 1 1
 0.803708 1 1 1 1
 0.803708 1 1 1 1
 0.803708 1 1 1 1
 0.803708 1 1 1 1
 0.803708 1 1 1 1
 0.803708 1 1 1 1
 0.803708 1 1 1 1
 0.803708 1 1 1 1
 0.803708 1 1 1 1
 0.803708 1 1 1 1
 0.803708 1 1 1 1
pf_obs 
 0.256992 0.487395 0.22802 0.0275931 0
 0.321318 0.546541 0.124235 0.00734118 0.000564706
 0.182869 0.594174 0.210203 0.0122559 0.00049798
 0.330522 0.361315 0.267642 0.0388342 0.00168674
 0.649043 0.306663 0.0425973 0.00169635 0
 0.582887 0.30429 0.105238 0.00758474 0
 0.465427 0.430635 0.0974691 0.00646863 0
 0.296916 0.608066 0.0921331 0.00288517 0
 0.311714 0.524322 0.152257 0.0117073 0
 0.15457 0.633149 0.183074 0.0267441 0.00246327
 0.131901 0.49318 0.331252 0.0422183 0.00144891
 0.196976 0.569456 0.194076 0.0375587 0.00193317
 0.518974 0.381816 0.0799577 0.0180837 0.00116848
 0.0928022 0.601141 0.25162 0.0475244 0.00691264
 0.122501 0.610282 0.24278 0.0234846 0.000952079
 0.383417 0.481906 0.127806 0.00687128 0
 0.0376549 0.599619 0.316969 0.0457579 0
 0.0361596 0.667082 0.258105 0.0386534 0
 0.158088 0.579412 0.248529 0.0139706 0
 0.0477256 0.309471 0.559284 0.082774 0.000745712
 0.0406174 0.521527 0.379366 0.0568643 0.0016247
 0.151134 0.462217 0.34131 0.0453401 0
 0.294876 0.26143 0.354403 0.0886775 0.000613685
 0.281977 0.475581 0.204845 0.0348837 0.00271318
 0 0 0 0 0
pf_pred 
 0.0315967 0.641585 0.28901 0.0378046 3.24722e-06
 0.0928086 0.168665 0.550286 0.166892 0.021348
 0.0212629 0.497884 0.125194 0.266651 0.0890068
 0.166845 0.185497 0.432945 0.0575441 0.15717
 0.53927 0.314835 0.0471477 0.0666766 0.0320701
 0.110076 0.801016 0.068003 0.00685949 0.0140456
 0.511178 0.289238 0.188976 0.0081937 0.00241416
 0.272795 0.677494 0.0363347 0.0126901 0.000685508
 0.318153 0.563655 0.11411 0.00301832 0.00106368
 0.391457 0.52685 0.0743423 0.00710733 0.000242534
 0.136519 0.751151 0.103444 0.00811239 0.00077415
 0.18859 0.533338 0.258464 0.018115 0.00149286
 0.327277 0.518381 0.121927 0.0302152 0.00219989
 0.281783 0.662128 0.0504281 0.00452814 0.00113229
 0.29605 0.673065 0.0303277 0.000506397 5.14363e-05
 0.34069 0.630617 0.0284163 0.000272258 4.52387e-06
 0.217476 0.694176 0.0866216 0.0017108 1.58236e-05
 0.274155 0.567059 0.149501 0.00911205 0.000173767
 0.247566 0.614456 0.120359 0.0166261 0.000992729
 0.304368 0.542339 0.136518 0.0146999 0.00207537
 0.298121 0.581673 0.104637 0.0139242 0.00164537
 0.239931 0.58806 0.152537 0.0170111 0.00246105
 0.261752 0.540116 0.168206 0.026625 0.00330108
 0.207904 0.612668 0.147752 0.0270193 0.00465674
 0.0105192 0.725153 0.226966 0.0309502 0.00641101
pobs_RECLAS
 0 0 0 0 0
 0 0 0 0 0
 0 0 0 0 0
 0 0 0 0 0
 0.835266 0.146461 0.0176864 0.000547809 3.91292e-05
 0.385257 0.428462 0.181853 0.0044286 0
 0.867414 0.0963971 0.0333333 0.00285562 0
 0.441836 0.489002 0.0689373 0.000224442 0
 0.779404 0.147425 0.0564933 0.0165055 0.000172143
 0.814271 0.122319 0.05973 0.00367925 0
 0.40263 0.566651 0.0304383 0.000280538 0
 0.475488 0.404961 0.113038 0.00651328 0
 0.955842 0.0263864 0.0167828 0.000988607 0
 0.975058 0.0227948 0.00214734 0 0
 0.738997 0.206755 0.0527124 0.00153531 0
 0.850938 0.134255 0.0134407 0.00136685 0
 0.542534 0.407297 0.0501686 0 0
 0.764087 0.199537 0.0359546 0.000420521 0
 0.470689 0.182191 0.310203 0.0369168 0
 0.84361 0.089868 0.0606195 0.00523954 0.000663233
 0.607945 0.314616 0.071237 0.00620181 0
 0.523733 0.453247 0.0230204 0 0
 0.530135 0.295979 0.169645 0.0042399 0
 0.562478 0.366248 0.0663022 0.0049721 0
 0.250443 0.683176 0.0655157 0.000865301 0
ppred_RECLAS
 0.0866625 0.596415 0.277453 0.0394659 3.46243e-06
 0.225655 0.138122 0.463458 0.152802 0.0199635
 0.0637204 0.467921 0.114459 0.263934 0.0899658
 0.370577 0.135434 0.319355 0.0460836 0.128551
 0.769632 0.152567 0.0236222 0.0363304 0.0178481
 0.285664 0.64394 0.0526414 0.00574441 0.0120111
 0.769496 0.137383 0.0877594 0.00412111 0.00123997
 0.551436 0.418662 0.0213841 0.00807297 0.000445301
 0.611374 0.324661 0.0615736 0.00175835 0.0006327
 0.667854 0.287686 0.040154 0.00416123 0.000145016
 0.339074 0.577315 0.0764896 0.00648894 0.000632321
 0.430554 0.378108 0.176803 0.0134075 0.00112829
 0.647207 0.279594 0.0569299 0.0151433 0.00112545
 0.667893 0.314001 0.0161821 0.00153262 0.000390889
 0.685541 0.30513 0.00915171 0.000160994 1.66781e-05
 0.641113 0.344575 0.0141633 0.000146215 2.48045e-06
 0.478804 0.464974 0.0550365 0.00117461 1.10934e-05
 0.548294 0.354789 0.090809 0.0059913 0.000116674
 0.508126 0.401939 0.0776086 0.011618 0.000708431
 0.583551 0.325996 0.0798083 0.00930358 0.00134132
 0.560457 0.3625 0.0663036 0.00958367 0.00115664
 0.487579 0.39436 0.103654 0.0125529 0.0018548
 0.519837 0.349692 0.109316 0.0187771 0.00237764
 0.448554 0.425627 0.102026 0.0202317 0.00356103
 0.0330897 0.712214 0.216062 0.0318894 0.0067454
pobs_PELACES
 0 0 0 0 0
 0 0 0 0 0
 0 0 0 0 0
 0 0 0 0 0
 0 0 0 0 0
 0 0 0 0 0
 0 0 0 0 0
 0 0 0 0 0
 0 0 0 0 0
 0 0 0 0 0
 0.450072 0.473896 0.0757376 0.000293798 0
 0 0 0 0 0
 0.463077 0.371075 0.160297 0.00555027 0
 0.529543 0.364841 0.0842815 0.0213345 0
 0.631943 0.363953 0.00410389 0 0
 0.735681 0.248677 0.0153453 0.000297389 0
 0.695825 0.281241 0.0229344 0 0
 0.275771 0.60734 0.115278 0.00161068 0
 0 0 0 0 0
 0.896147 0.0623911 0.0374545 0.00400742 0
 0.803859 0.145111 0.0509908 3.86294e-05 0
 0.739449 0.233085 0.0266225 0.000797448 4.60066e-05
 0.878498 0.100942 0.0204185 0.000141795 0
 0.694673 0.275183 0.0284847 0.00165964 0
 0 0 0 0 0
ppred_PELACES
 0.197037 0.598792 0.181013 0.0231554 1.98691e-06
 0.49533 0.130399 0.280544 0.0831083 0.0106194
 0.202985 0.52139 0.0736325 0.151502 0.0504905
 0.687355 0.0993418 0.143931 0.0186092 0.0507629
 0.896501 0.0791285 0.00799483 0.0110609 0.00531475
 0.551433 0.423045 0.0196905 0.00191549 0.00391567
 0.918994 0.0582103 0.0216228 0.00090645 0.000266661
 0.793012 0.199251 0.0057128 0.00192083 0.000103581
 0.842317 0.142321 0.014852 0.000377239 0.000132695
 0.852838 0.134946 0.0111477 0.00103252 3.51832e-05
 0.615271 0.355707 0.0268018 0.00202678 0.00019309
 0.721212 0.216705 0.0578498 0.00391151 0.000321818
 0.883449 0.103215 0.0106482 0.00250554 0.000181988
 0.919825 0.0783336 0.00166892 0.00013795 3.43644e-05
 0.926207 0.0728856 0.000892678 1.36942e-05 1.38555e-06
 0.858504 0.138429 0.00303877 2.78477e-05 4.61777e-07
 0.746448 0.237546 0.0157044 0.000298413 2.7552e-06
 0.793501 0.178603 0.0263176 0.00154904 2.94932e-05
 0.75483 0.217008 0.0246658 0.00329901 0.00019669
 0.815567 0.15926 0.0225021 0.00234056 0.000329923
 0.771049 0.202536 0.0230714 0.00299058 0.000352964
 0.723141 0.234096 0.0380376 0.00412902 0.000596622
 0.759096 0.197059 0.0373838 0.00574869 0.000711806
 0.706635 0.250159 0.0357714 0.00634313 0.00109169
 0.100411 0.748446 0.130422 0.0171703 0.00355093
pobs_pel_tallas
 0 0 0 0 0 0 0 0 0 0 0 0 0 0 0 0 0 0 0 0 0 0 0 0 0 0 0 0 0 0 0 0 0 0 0 0
 0 0 0 0 0 0 0 0 0 0 0 0 0 0 0 0 0 0 0 0 0 0 0 0 0 0 0 0 0 0 0 0 0 0 0 0
 0 0 0 0 0 0 0 0 0 0 0 0 0 0 0 0 0 0 0 0 0 0 0 0 0 0 0 0 0 0 0 0 0 0 0 0
 0 0 0 0 0 0 0 0 0 0 0 0 0 0 0 0 0 0 0 0 0 0 0 0 0 0 0 0 0 0 0 0 0 0 0 0
 0 0 0 0 0 0 0 0 0 0 0 0 0 0 0 0 0 0 0 0 0 0 0 0 0 0 0 0 0 0 0 0 0 0 0 0
 0 0 0 0 0 0 0 0 0 0 0 0 0 0 0 0 0 0 0 0 0 0 0 0 0 0 0 0 0 0 0 0 0 0 0 0
 0 0 0 0 0 0 0 0 0 0 0 0 0 0 0 0 0 0 0 0 0 0 0 0 0 0 0 0 0 0 0 0 0 0 0 0
 0 0 0 0 0 0 0 0 0 0 0 0 0 0 0 0 0 0 0 0 0 0 0 0 0 0 0 0 0 0 0 0 0 0 0 0
 0 0 0 0 0 0 0 0 0 0 0 0 0 0 0 0 0 0 0 0 0 0 0 0 0 0 0 0 0 0 0 0 0 0 0 0
 0 0 0 0 0 0 0 0 0 0 0 0 0 0 0 0 0 0 0 0 0 0 0 0 0 0 0 0 0 0 0 0 0 0 0 0
 0 0 0 0 0 0 0 0 1.78061e-05 0.00172719 0.00360574 0.0105946 0.0120993 0.0124554 0.0147524 0.0171206 0.0266825 0.0428682 0.0675386 0.121331 0.153587 0.119568 0.100827 0.0573624 0.0630603 0.0341343 0.0324427 0.0444173 0.0211091 0.0280891 0.0125444 0.00206551 0 0 0 0
 0 0 0 0 0 0 0 0 0 0 0 0 0 0 0 0 0 0 0 0 0 0 0 0 0 0 0 0 0 0 0 0 0 0 0 0
 0 0 0 0 0 0 0.0133647 0.0140871 0.0187388 0.0205184 0.03894 0.0496705 0.03968 0.0493445 0.0407372 0.0367815 0.0215668 0.0243155 0.0234873 0.0199281 0.019796 0.0243948 0.0301388 0.0376714 0.0412746 0.0863199 0.0771752 0.113111 0.0741005 0.0525337 0.0229764 0.00759418 0.00175318 0 0 0
 0 0 0 0 0 0 0 0 0 0 0.00219441 0.00772107 0.0458388 0.0604681 0.0671733 0.0775358 0.0609151 0.0617685 0.073594 0.0568108 0.0755445 0.0548602 0.0670107 0.0636378 0.0643287 0.046367 0.0373049 0.0286899 0.0247887 0.0153202 0.00654259 0.00121912 0.000365735 0 0 0
 0 0 0 0 0 0 0 0 0 0 0 0 0.000112435 0.00938835 0.0111873 0.0202946 0.0414886 0.0713402 0.111592 0.104902 0.108894 0.110636 0.117776 0.105296 0.107544 0.0401394 0.0192827 0.0124803 0.00416011 0.0028671 0.000618394 0 0 0 0 0
 0 0 0 0 0 0 0 0 0 0 0.00291406 0.0102884 0.027416 0.0768956 0.0749926 0.110853 0.0956884 0.0897413 0.0766577 0.0534642 0.0500743 0.0551293 0.0594112 0.0620874 0.0668451 0.0424026 0.0208742 0.0120726 0.0048766 0.00582813 0.00118941 0.000297354 0 0 0 0
 0 0.00264628 0.0354308 0.0461629 0.0458689 0.0383711 0.0214643 0.0164657 0.0346957 0.0420465 0.0363128 0.0245516 0.0311673 0.0291091 0.0169068 0.0133784 0.00837989 0.0085269 0.0148486 0.0160247 0.0276389 0.0546898 0.0760071 0.122758 0.109233 0.0665981 0.0333725 0.0166128 0.00676272 0.00308733 0.000882094 0 0 0 0 0
 0 0 0 0 0 0 0 0.000805153 0.000690131 0.00759144 0.0133425 0.0154129 0.00931677 0.000345066 0.00356568 0.00563607 0.00851162 0.0253048 0.0502646 0.0516448 0.0657925 0.0565908 0.0611916 0.0827007 0.0866115 0.110766 0.145733 0.0935128 0.0569358 0.0249597 0.0138026 0.00621118 0.00161031 0.00115022 0 0
 0 0 0 0 0 0 0 0 0 0 0 0 0 0 0 0 0 0 0 0 0 0 0 0 0 0 0 0 0 0 0 0 0 0 0 0
 0.00147267 0.00158595 0.00478618 0.00569244 0.00954404 0.0108468 0.00647125 0.017049 0.0510054 0.094081 0.124002 0.0959785 0.0687766 0.0820023 0.061753 0.0591476 0.0492212 0.0479892 0.0443925 0.0268479 0.0217502 0.0140895 0.0121071 0.0120363 0.00920419 0.00665534 0.0049561 0.00860946 0.00930331 0.0156896 0.0114698 0.00855282 0.00243557 0.00046729 0 2.83206e-05
 0 0 0 0 0.000772559 0.00158375 0.000888443 0.00281984 0.00712685 0.0440552 0.0773331 0.111326 0.0921469 0.0852325 0.0710754 0.0886704 0.0786465 0.0553345 0.0373146 0.0185414 0.00753245 0.00457741 0.012979 0.0271748 0.0457355 0.0583668 0.034881 0.0177882 0.00938659 0.00492506 0.0015258 0.00185414 0.000309023 5.79419e-05 3.86279e-05 0
 0 0.00173294 0.00326652 0 0.00397197 0.00683976 0.00946217 0.0152591 0.00757587 0.0136028 0.0228656 0.0392903 0.0559909 0.0764795 0.0681675 0.0726916 0.0566044 0.0477403 0.0527397 0.0444891 0.0609904 0.0582453 0.0661739 0.0445044 0.0529084 0.0360697 0.0280645 0.0235558 0.0158879 0.00826598 0.00280645 0.00217768 0.000904811 0.00058276 9.20147e-05 0
 0 0 0 0 0 0 0 0 0 0 0 0 0 0 0 0 0 0 0 0 0 0 0 0 0 0 0 0 0 0 0 0 0 0 0 0
 0 0 0 0 0 0 0 0 0 0 0 0 0 0 0 0 0 0 0 0 0 0 0 0 0 0 0 0 0 0 0 0 0 0 0 0
 0 0 0 0 0 0 0 0 0 0 0 0 0 0 0 0 0 0 0 0 0 0 0 0 0 0 0 0 0 0 0 0 0 0 0 0
ppred_pel_tallas
 1.03561e-16 8.6291e-06 5.05656e-05 0.000240198 0.000924494 0.0028827 0.00728209 0.0149046 0.0247231 0.0332541 0.0363231 0.0323633 0.0238733 0.0153592 0.0101226 0.00901084 0.0113429 0.0162015 0.0229409 0.0310568 0.0399399 0.0487741 0.0566025 0.0624974 0.0657619 0.0660845 0.0635995 0.0588272 0.0525251 0.0455006 0.0384495 0.031861 0.0260002 0.0209487 0.0166732 0.0130898
 1.07377e-16 2.16172e-05 0.00012686 0.000603005 0.00232155 0.00723949 0.0182864 0.0374167 0.0620239 0.083301 0.0906604 0.0799984 0.0573307 0.0335931 0.0165629 0.00775907 0.00487261 0.0051867 0.00706527 0.00982286 0.0131995 0.0170276 0.0211139 0.0252281 0.0291264 0.0325795 0.0353931 0.037417 0.0385458 0.0387183 0.0379195 0.0361871 0.0336188 0.0303722 0.0266555 0.0227054
 1.08781e-16 8.88476e-06 5.20751e-05 0.000247393 0.000952229 0.00296921 0.00750052 0.0153509 0.0254605 0.0342371 0.0373737 0.0332444 0.0244045 0.0154685 0.00980049 0.00823047 0.0100153 0.0141827 0.0200702 0.0272072 0.0350686 0.042967 0.0501009 0.0556983 0.0591861 0.0603172 0.0592143 0.0563093 0.0522085 0.0475297 0.0427683 0.0382282 0.0340239 0.030135 0.0264813 0.0229871
 1.05087e-16 2.99888e-05 0.000176012 0.000836689 0.00322131 0.0100453 0.0253737 0.0519176 0.0860578 0.115569 0.125752 0.110898 0.0793305 0.0461911 0.0222218 0.00946533 0.00464248 0.00390634 0.00492228 0.00670368 0.00889816 0.0113341 0.0138568 0.0163029 0.0185168 0.0203718 0.0217827 0.0227045 0.0231238 0.0230467 0.0224909 0.0214843 0.0200707 0.0183142 0.016302 0.014139
 1.00768e-16 3.91075e-05 0.000229549 0.00109122 0.00420131 0.0131015 0.0330931 0.0677118 0.112236 0.150718 0.163979 0.144566 0.10332 0.0599653 0.0284789 0.0114812 0.00464269 0.0028903 0.00312902 0.00403803 0.00514989 0.00626609 0.00724552 0.00796741 0.0083457 0.00834711 0.00799783 0.00737399 0.00658042 0.00572442 0.00489374 0.00414428 0.00349898 0.00295524 0.00249623 0.00210147
 1.00667e-16 2.40749e-05 0.000141263 0.000671423 0.00258488 0.0080606 0.0203608 0.0416632 0.0690701 0.0927855 0.101038 0.0892882 0.0642752 0.0382367 0.0199102 0.011071 0.00921408 0.0113254 0.0154981 0.0207542 0.0264536 0.0319573 0.0365761 0.0396693 0.0407861 0.0397745 0.03682 0.032393 0.0271298 0.0216844 0.0165998 0.0122322 0.00873673 0.00610205 0.00421087 0.00290102
 1.0037e-16 4.00875e-05 0.000235305 0.00111858 0.00430668 0.0134301 0.0339231 0.0694099 0.11505 0.154494 0.168083 0.148171 0.10587 0.06139 0.0290525 0.0115338 0.00438663 0.0024052 0.00241785 0.0030813 0.00393783 0.00481436 0.00560047 0.00620275 0.00655167 0.00661471 0.00640216 0.00596167 0.00536423 0.00468644 0.00399519 0.00333856 0.00274407 0.0022223 0.0017731 0.00139133
 1.00217e-16 3.45997e-05 0.000203074 0.000965324 0.00371655 0.0115897 0.0292748 0.0599001 0.0992914 0.133347 0.14511 0.128003 0.09164 0.0535044 0.0260074 0.0115219 0.00627081 0.00580118 0.00737102 0.00975129 0.012403 0.0149686 0.0171131 0.0185335 0.0190185 0.0184986 0.0170641 0.0149397 0.0124287 0.00984186 0.00743701 0.00538273 0.0037515 0.0025363 0.00167929 0.00110102
 1.00277e-16 3.67474e-05 0.000215688 0.0010253 0.00394751 0.01231 0.0310939 0.0636219 0.105459 0.141623 0.1541 0.135895 0.0972063 0.0565855 0.0271901 0.0115116 0.00551012 0.00443799 0.00538556 0.00708034 0.00901719 0.0109134 0.0125244 0.0136314 0.0140792 0.0138118 0.0128855 0.0114518 0.00971866 0.00790144 0.00618073 0.00467715 0.00344644 0.0024906 0.00177712 0.00125847
 1.0024e-16 3.72059e-05 0.00021838 0.0010381 0.0039968 0.0124637 0.0314822 0.0644162 0.106775 0.14339 0.15602 0.137583 0.098402 0.0572577 0.0274684 0.0115523 0.00541491 0.00424587 0.0050986 0.006688 0.00851054 0.0102921 0.0117999 0.0128267 0.0132265 0.0129479 0.0120463 0.0106676 0.00901119 0.00728273 0.00565418 0.00423966 0.00309081 0.00220757 0.00155683 0.00109116
 1.00576e-16 2.68558e-05 0.000157596 0.000749084 0.00288392 0.00899315 0.0227162 0.0464821 0.0770555 0.103502 0.112681 0.0995118 0.071493 0.0422463 0.0214776 0.0111176 0.00832316 0.00969941 0.013121 0.0175495 0.0223813 0.0270642 0.0310155 0.0336941 0.0347167 0.0339493 0.0315405 0.0278776 0.0234885 0.0189177 0.0146201 0.0108969 0.00788359 0.00557843 0.00389181 0.00269613
 1.01042e-16 3.14698e-05 0.000184696 0.000877951 0.00338014 0.0105406 0.0266248 0.0544784 0.0903055 0.121282 0.131991 0.116454 0.0834244 0.048813 0.023925 0.0109396 0.00644428 0.00640923 0.00835243 0.0111534 0.0143008 0.017429 0.0201783 0.022212 0.0232805 0.0232765 0.0222565 0.0204178 0.0180443 0.0154368 0.0128535 0.0104744 0.00839454 0.00663913 0.00518876 0.00400418
 1.0028e-16 3.85394e-05 0.000226212 0.00107534 0.00414019 0.0129109 0.0326117 0.066727 0.110604 0.148529 0.161603 0.142485 0.101864 0.0591812 0.0282215 0.0115771 0.0049911 0.00347052 0.0039636 0.00515559 0.00655974 0.00794296 0.00912309 0.00994095 0.0102839 0.0101111 0.00946251 0.00844683 0.00721329 0.00591633 0.00468513 0.00360563 0.00271721 0.00202089 0.00149341 0.00110127
 1.00056e-16 4.01245e-05 0.00023552 0.0011196 0.0043106 0.0134423 0.033954 0.0694733 0.115156 0.154638 0.168243 0.148322 0.105999 0.0615082 0.0291889 0.0117267 0.00467597 0.00282777 0.00300262 0.00384198 0.00486395 0.00586414 0.00669896 0.00724769 0.00742725 0.00721078 0.00663444 0.00578751 0.00479007 0.00376526 0.00281515 0.00200646 0.00136776 0.00089599 0.000567824 0.00035122
 1.00038e-16 4.04025e-05 0.000237153 0.00112737 0.0043405 0.0135355 0.0341895 0.0699551 0.115954 0.155709 0.169407 0.149345 0.106723 0.061913 0.0293525 0.0117429 0.00460489 0.00269167 0.00280159 0.00356912 0.00451451 0.00544009 0.00621085 0.00671435 0.00687352 0.00666379 0.00611938 0.00532402 0.00439011 0.00343281 0.00254746 0.00179626 0.00120564 0.000772371 0.000474167 0.000280566
 1.0009e-16 3.7453e-05 0.000219831 0.001045 0.00402335 0.0125465 0.0316913 0.0648442 0.107484 0.144343 0.157058 0.138498 0.0990585 0.0576432 0.0276598 0.0116432 0.00547163 0.00430182 0.00516557 0.00676589 0.00859137 0.010361 0.0118358 0.0128045 0.0131204 0.0127362 0.0117157 0.0102168 0.00845177 0.00663845 0.00495738 0.00352661 0.00239682 0.00156272 0.000983113 0.000601341
 1.00311e-16 3.25709e-05 0.00019116 0.000908673 0.00349842 0.0109095 0.0275566 0.0563849 0.093466 0.125528 0.136613 0.120537 0.0863577 0.0505471 0.0248066 0.0113927 0.00677221 0.00676927 0.00880421 0.0116999 0.0149035 0.0180107 0.0206256 0.0223861 0.0230368 0.02249 0.0208468 0.0183688 0.015411 0.0123396 0.00946017 0.00697471 0.00497354 0.00345427 0.00235505 0.00158816
 1.00487e-16 3.46203e-05 0.000203196 0.00096591 0.00371881 0.0115968 0.0292926 0.0599364 0.099351 0.133425 0.145191 0.128064 0.0916616 0.0534723 0.0259088 0.0113388 0.00597715 0.00536601 0.00676668 0.00896362 0.0114417 0.0138753 0.0159628 0.0174292 0.0180771 0.0178313 0.016756 0.0150338 0.0129185 0.0106742 0.0085238 0.00661776 0.0050282 0.00376244 0.00278636 0.00204765
 1.00544e-16 3.29356e-05 0.000193302 0.000918865 0.00353767 0.0110319 0.0278657 0.0570172 0.0945136 0.126933 0.138137 0.121869 0.0872853 0.0510361 0.0249465 0.0112894 0.00648369 0.00630228 0.00813934 0.0108177 0.013803 0.0167206 0.0192083 0.0209338 0.0216601 0.0212999 0.0199364 0.0177974 0.0151961 0.0124575 0.00985388 0.00756732 0.00568232 0.00420284 0.00308154 0.00224903
 1.00468e-16 3.55817e-05 0.000208842 0.000992756 0.00382219 0.0119192 0.0301068 0.0616023 0.102112 0.13713 0.149217 0.131601 0.0941628 0.05487 0.0264712 0.0113889 0.00572208 0.00488144 0.00605162 0.00799327 0.0101992 0.0123679 0.0142285 0.0155359 0.0161142 0.015897 0.0149416 0.0134113 0.0115322 0.00953949 0.00763134 0.00594105 0.00453203 0.00340993 0.00254368 0.00188626
 1.00513e-16 3.36422e-05 0.000197452 0.000938596 0.00361364 0.0112688 0.0284642 0.0582416 0.0965426 0.129656 0.141096 0.124468 0.0891234 0.0520628 0.0253588 0.0113245 0.00629374 0.00594264 0.00760924 0.0100991 0.012884 0.0156074 0.0179298 0.0195412 0.0202201 0.0198851 0.0186139 0.0166189 0.0141924 0.0116376 0.00920859 0.00707518 0.0053162 0.00393533 0.00288839 0.00211066
 1.00787e-16 3.15545e-05 0.000185193 0.000880306 0.0033892 0.0105689 0.0266962 0.0546246 0.0905483 0.12161 0.132351 0.11678 0.083675 0.0489948 0.024079 0.0111178 0.00669381 0.00676744 0.00884532 0.0117917 0.0150734 0.0182976 0.0210761 0.023049 0.0239561 0.0236966 0.0223505 0.020153 0.0174316 0.0145281 0.0117309 0.00923536 0.00713596 0.00544405 0.0041182 0.00309411
 1.00826e-16 3.31209e-05 0.000194392 0.000924047 0.00355763 0.0110941 0.0280229 0.0573388 0.095046 0.127646 0.138909 0.122539 0.0877413 0.0512549 0.0249649 0.0111491 0.00619958 0.00586203 0.00751956 0.0100015 0.012794 0.0155522 0.0179468 0.0196742 0.020513 0.0203747 0.0193216 0.0175455 0.0153156 0.0129139 0.0105792 0.00847409 0.0066787 0.00520567 0.00402501 0.00308852
 1.00859e-16 3.08354e-05 0.000180969 0.000860225 0.00331188 0.0103278 0.0260872 0.0533786 0.0884834 0.118838 0.12934 0.114135 0.0818063 0.0479535 0.0236656 0.0110922 0.00690292 0.00715627 0.00941563 0.0125617 0.0160535 0.019478 0.0224218 0.0245016 0.0254414 0.0251356 0.0236732 0.0213085 0.0183938 0.0152959 0.0123231 0.0096828 0.0074731 0.00570261 0.0043233 0.00326309
 1.02851e-16 4.42169e-06 2.5851e-05 0.000122672 0.000471939 0.00147139 0.00371742 0.00761215 0.01264 0.0170417 0.0187202 0.0169299 0.0130294 0.00944143 0.00801611 0.00938174 0.0133827 0.0196831 0.0279567 0.0377583 0.0483675 0.0587627 0.0677462 0.074173 0.077209 0.0765249 0.0723686 0.0654808 0.0568971 0.0476997 0.0388032 0.0308276 0.0240752 0.0185868 0.0142378 0.0108329
pSPR Fmed_Fpbrs
0.369034   0.419157 0.419157
Fs Fmed_Fpbrs
1.27449   1.005 1.005
SSBpbr Bo_Bmed_Bpbrs
819802  261545  302636 302636
Ro
19148.9
SPR SPRFo_SPRFmed_SPRFpbrs
394650 145639 165420
log_Ro
9.68
likeval ReclasPelacesDesembMPH_pf_preclas_ppelaces_ptallas_desvR_qrecl_qpela
 73.7102 15.1826 0.215764 0.000163353 314.307 193.901 78.9848 0 40.5778 5.41963e-05 0.000140028 0 0 0 0
q_reclas_q_pelaces
2.83828 5.38451
M
0.7
N
 13132.5 36559.7 11810.7 1517.52 0.13024
 24727.6 6372.18 15152.2 4518.56 577.55
 2804.49 11858.4 2409.71 5079.15 1694.59
 7020.77 1226.76 2186.66 286.629 782.375
 40958 3243.45 346.527 481.201 231.256
 14742.7 19947 1383.48 138.191 282.837
 63315.3 6370.72 3344.06 143.438 42.2413
 58622.8 27871.2 1234.06 427.06 23.0598
 70883.7 25019.1 4239.61 111.203 39.174
 129073 29727 3319.53 313.668 10.6981
 56268.2 57703.2 6497.78 504.635 48.1352
 46455.5 24290.3 9597.04 665.993 54.8598
 54780.6 20122.3 4148.26 1021.94 74.3849
 29127.7 21370.7 1517.56 135.862 33.9688
 13193 9507.13 400.305 6.66486 0.676882
 10908.3 4259.9 163.683 1.55674 0.0258584
 7219.89 4456.55 460.748 9.01851 0.0833803
 8164.55 3067.85 655.106 39.5194 0.753286
 8288.9 3562.57 554.857 75.7772 4.52227
 11453.9 3688.13 750.455 79.9695 11.285
 16863.3 5008.75 678.499 88.9653 10.5057
 20760.9 7883.29 1551.88 170.615 24.6674
 28890.6 9642.56 2321.84 362.73 44.9461
 26643.2 13202.4 2501.86 452 77.8589
 953.174 11993.7 3045.94 411.144 85.125
pred_Ctot
 216.411 4394.33 1979.48 258.93 0.0222407
 610.843 1110.11 3621.85 1098.44 140.507
 242.03 5667.27 1425.05 3035.21 1013.14
 353.331 392.831 916.858 121.862 332.842
 568.493 331.896 49.7026 70.2898 33.808
 1387.3 10095.3 857.048 86.4507 177.018
 5206.65 2946.06 1924.83 83.4576 24.5896
 5978.25 14847.1 796.268 278.101 15.0228
 8003.44 14179.3 2870.54 75.9287 26.7578
 9314.21 12535.7 1768.88 169.11 5.77078
 5331.37 29334.1 4039.71 316.807 30.2323
 4301.38 12164.5 5895.08 413.171 34.0493
 8564.93 13566.2 3190.86 790.74 57.5717
 7353.84 17279.9 1316.05 118.173 29.55
 3401.49 7733.24 348.453 5.8183 0.590982
 1406.52 2603.46 117.315 1.124 0.0186765
 756.139 2413.58 301.174 5.94828 0.0550169
 717.609 1484.29 391.322 23.8511 0.454841
 623.81 1548.29 303.277 41.8938 2.50145
 990.675 1765.24 444.346 47.8462 6.75503
 713.274 1391.69 250.35 33.3145 3.93666
 969.697 2376.68 616.486 68.7514 9.94648
 1665.06 3435.79 1070 169.367 20.9989
 1801.51 5308.84 1280.29 234.126 40.3512
 84.9834 5858.45 1833.64 250.044 51.794
F
 0.0231494 0.180803 0.260816 0.266121 0.266365
 0.0348816 0.272434 0.392998 0.400992 0.40136
 0.126841 0.990662 1.42907 1.45814 1.45948
 0.0722351 0.564174 0.813846 0.8304 0.831162
 0.0194666 0.152039 0.219323 0.223784 0.223989
 0.139035 1.0859 1.56645 1.59831 1.59978
 0.120534 0.941404 1.35802 1.38564 1.38691
 0.151483 1.18312 1.7067 1.74142 1.74302
 0.168985 1.31982 1.90389 1.94262 1.9444
 0.105066 0.820594 1.18374 1.20782 1.20893
 0.140054 1.09386 1.57794 1.61003 1.61151
 0.136665 1.06739 1.53975 1.57107 1.57251
 0.241314 1.88473 2.7188 2.7741 2.77665
 0.419647 3.27755 4.72801 4.82418 4.8286
 0.430442 3.36186 4.84963 4.94828 4.95282
 0.195147 1.52415 2.19865 2.24338 2.24543
 0.155864 1.21733 1.75606 1.79178 1.79342
 0.12932 1.01002 1.457 1.48664 1.488
 0.109799 0.857558 1.23706 1.26223 1.26339
 0.127139 0.992991 1.43243 1.46157 1.46291
 0.0603973 0.471718 0.680474 0.694316 0.694952
 0.0668846 0.522386 0.753564 0.768892 0.769597
 0.0831155 0.649153 0.936431 0.955479 0.956355
 0.0981522 0.766594 1.10585 1.12834 1.12937
 0.131293 1.02543 1.47923 1.50932 1.5107
nmprior
 10 11 7 0
nm_flota  nm_reclas  nm_pelaces    nm_pelaL
inf 18.5212 13.1826 22.0801
cv_recla  cv_pelaces  cv_mph
0.776585 0.458498 0.41467
 ------------------------------------------------
Talla a la edad & desviación 
 7.2 14.2025 17.0495 18.207 18.6776
 1.08 2.13037 2.55742 2.73105 2.80164
