years
 1997 1998 1999 2000 2001 2002 2003 2004 2005 2006 2007 2008 2009 2010 2011 2012 2013 2014 2015 2016 2017 2018 2019 2020 2021
reclasobs
 0 0 0 370054 412103 1.49427e+06 250295 1.28982e+06 931140 785840 897777 1.04006e+06 184774 17550 25797 100020 73551 82996 120727 218422 84188 347160 605670 569463 516374
reclaspred
 6.50733e+06 1.14886e+06 1.37687e+06 247934 249001 359863 685531 661423 660585 830503 942533 737126 395657 143657 77837.8 76712.3 78557.6 109364 141736 134981 193808 222856 354991 355868 301515
pelacesobs
 0 0 0 0 0 0 0 0 0 2.06254e+06 1.5e+06 0 1.87456e+06 323000 250000 174000 83755 137374 0 501740 490994 745055 786931 1.00524e+06 0
pelacespred
 1.78916e+07 1.01507e+07 2.2344e+06 932366 872467 742943 2.07731e+06 2.02594e+06 1.76607e+06 2.48988e+06 2.31105e+06 1.91916e+06 983152 280408 153716 163097 173216 265547 362175 310460 575246 658092 744085 850884 626753
mphobs
 0 0 0 0 0 112323 0 153150 637223 0 255016 313432 73983 77613 109348 50772 0 0 0 0 0 0 0 0 0
mphpred
 1.09433e+06 460459 195886 64103.3 45068.3 140075 155033 295937 252770 268589 382795 274863 172353 97475.4 46131.1 32689.8 28329.3 35089.7 46726.9 42018.5 51981.7 73017.3 85359.4 105378 116401
desembarqueobs
 350755 77701 442110 56441 14545 235359 269955 359681 431902 328805 639364 411747 362871 311530 167758 66681 60226 58785 57116 71774 51957 67425 138520 160799 200461
desembarquepred
 350743 77677.7 441532 56409.6 14542.4 235171 269877 359070 431363 328493 638194 411010 362107 310943 167244 66601.7 60194.5 58695 57029.1 71681.6 51939.3 67348 138391 160675 200358
Reclutas
 10439.7 14930.4 1927.95 4991.5 38342.4 13053 64330.6 55479.2 60367.6 111406 69059.5 49823.5 55551.7 29377.6 12073.8 8901.12 7152.91 8767.01 7167.34 8241.31 14842.2 17341.7 25128.2 27861.4 776.01
log_desv_Rt
 -0.486632 -0.128845 -2.17579 -1.22451 0.814313 -0.263228 1.33179 1.18376 1.26821 1.88093 1.40272 1.07624 1.18507 0.547989 -0.341208 -0.646068 -0.864725 -0.661249 -0.86271 -0.723086 -0.134768 0.0208702 0.391746 0.494999 -3.08583
SSB
 1.45577e+06 612539 260583 85275.2 59953.4 186339 206237 393678 336255 357298 509224 365644 229277 129669 61367.2 43486.6 37685.8 46679.1 62159.8 55896.3 69150.1 97133.3 113552 140182 154845
BT
 1.95857e+06 744655 386118 138333 245783 294978 1.02839e+06 920096 933624 1.08006e+06 1.13983e+06 812839 671935 388126 194384 100533 100215 124308 114119 123638 192061 168663 226114 304717 223399
Ftot
 0.196704 0.329494 1.41977 1.11102 0.308656 1.73856 1.75421 1.72619 2.14836 1.4937 1.99569 1.77249 2.93333 4.95303 4.94762 2.4285 2.35272 1.78985 1.22723 1.72649 0.970808 0.994871 1.28132 1.47701 1.75885
BD_Bspro_t
 0.973057 0.810361 0.547436 0.178141 0.232509 0.529124 0.382569 0.479067 0.38852 0.364685 0.411869 0.277236 0.193547 0.130581 0.0749171 0.0661818 0.0802045 0.135899 0.214174 0.23766 0.308694 0.446884 0.441689 0.417031 0.348495
BD_Bspro
 4.15906 1.75 0.744476 0.243628 0.171284 0.532363 0.589211 1.12472 0.960666 1.02078 1.45483 1.04463 0.655035 0.37046 0.175324 0.124239 0.107667 0.13336 0.177588 0.159693 0.197559 0.277506 0.324413 0.400495 0.442386
BD_Bo
 1.66186 0.699256 0.297474 0.0973476 0.068441 0.212719 0.235434 0.449411 0.383859 0.40788 0.581315 0.417409 0.261736 0.148027 0.070055 0.049643 0.043021 0.0532874 0.0709597 0.0638095 0.0789397 0.110884 0.129627 0.160028 0.176766
BD_Brms
 4.74642 1.99714 0.849614 0.278034 0.195474 0.607546 0.672422 1.28356 1.09634 1.16494 1.66029 1.19216 0.747542 0.422778 0.200084 0.141785 0.122872 0.152194 0.202668 0.182246 0.225459 0.316696 0.370228 0.457055 0.504861
S_f
 0.0790582 0.80497 0.994986 0.999895 0.999998
 0.0790582 0.80497 0.994986 0.999895 0.999998
 0.0790582 0.80497 0.994986 0.999895 0.999998
 0.0790582 0.80497 0.994986 0.999895 0.999998
 0.0790582 0.80497 0.994986 0.999895 0.999998
 0.0790582 0.80497 0.994986 0.999895 0.999998
 0.0790582 0.80497 0.994986 0.999895 0.999998
 0.0790582 0.80497 0.994986 0.999895 0.999998
 0.0790582 0.80497 0.994986 0.999895 0.999998
 0.0790582 0.80497 0.994986 0.999895 0.999998
 0.0790582 0.80497 0.994986 0.999895 0.999998
 0.0790582 0.80497 0.994986 0.999895 0.999998
 0.0790582 0.80497 0.994986 0.999895 0.999998
 0.0790582 0.80497 0.994986 0.999895 0.999998
 0.0790582 0.80497 0.994986 0.999895 0.999998
 0.0790582 0.80497 0.994986 0.999895 0.999998
 0.0790582 0.80497 0.994986 0.999895 0.999998
 0.0790582 0.80497 0.994986 0.999895 0.999998
 0.0790582 0.80497 0.994986 0.999895 0.999998
 0.0790582 0.80497 0.994986 0.999895 0.999998
 0.0790582 0.80497 0.994986 0.999895 0.999998
 0.0790582 0.80497 0.994986 0.999895 0.999998
 0.0790582 0.80497 0.994986 0.999895 0.999998
 0.0790582 0.80497 0.994986 0.999895 0.999998
 0.0790582 0.80497 0.994986 0.999895 0.999998
Scru_reclas
 0.092837 0.339946 0.721599 0.928797 0.984996
 0.092837 0.339946 0.721599 0.928797 0.984996
 0.092837 0.339946 0.721599 0.928797 0.984996
 0.092837 0.339946 0.721599 0.928797 0.984996
 0.092837 0.339946 0.721599 0.928797 0.984996
 0.092837 0.339946 0.721599 0.928797 0.984996
 0.092837 0.339946 0.721599 0.928797 0.984996
 0.092837 0.339946 0.721599 0.928797 0.984996
 0.092837 0.339946 0.721599 0.928797 0.984996
 0.092837 0.339946 0.721599 0.928797 0.984996
 0.092837 0.339946 0.721599 0.928797 0.984996
 0.092837 0.339946 0.721599 0.928797 0.984996
 0.092837 0.339946 0.721599 0.928797 0.984996
 0.092837 0.339946 0.721599 0.928797 0.984996
 0.092837 0.339946 0.721599 0.928797 0.984996
 0.092837 0.339946 0.721599 0.928797 0.984996
 0.092837 0.339946 0.721599 0.928797 0.984996
 0.092837 0.339946 0.721599 0.928797 0.984996
 0.092837 0.339946 0.721599 0.928797 0.984996
 0.092837 0.339946 0.721599 0.928797 0.984996
 0.092837 0.339946 0.721599 0.928797 0.984996
 0.092837 0.339946 0.721599 0.928797 0.984996
 0.092837 0.339946 0.721599 0.928797 0.984996
 0.092837 0.339946 0.721599 0.928797 0.984996
 0.092837 0.339946 0.721599 0.928797 0.984996
Scru_pelaces
 0.0813726 0.308338 0.691692 0.918638 0.982706
 0.0813726 0.308338 0.691692 0.918638 0.982706
 0.0813726 0.308338 0.691692 0.918638 0.982706
 0.0813726 0.308338 0.691692 0.918638 0.982706
 0.0813726 0.308338 0.691692 0.918638 0.982706
 0.0813726 0.308338 0.691692 0.918638 0.982706
 0.0813726 0.308338 0.691692 0.918638 0.982706
 0.0813726 0.308338 0.691692 0.918638 0.982706
 0.0813726 0.308338 0.691692 0.918638 0.982706
 0.0813726 0.308338 0.691692 0.918638 0.982706
 0.0813726 0.308338 0.691692 0.918638 0.982706
 0.0813726 0.308338 0.691692 0.918638 0.982706
 0.0813726 0.308338 0.691692 0.918638 0.982706
 0.0813726 0.308338 0.691692 0.918638 0.982706
 0.0813726 0.308338 0.691692 0.918638 0.982706
 0.0813726 0.308338 0.691692 0.918638 0.982706
 0.0813726 0.308338 0.691692 0.918638 0.982706
 0.0813726 0.308338 0.691692 0.918638 0.982706
 0.0813726 0.308338 0.691692 0.918638 0.982706
 0.0813726 0.308338 0.691692 0.918638 0.982706
 0.0813726 0.308338 0.691692 0.918638 0.982706
 0.0813726 0.308338 0.691692 0.918638 0.982706
 0.0813726 0.308338 0.691692 0.918638 0.982706
 0.0813726 0.308338 0.691692 0.918638 0.982706
 0.0813726 0.308338 0.691692 0.918638 0.982706
pf_obs 
 0.256992 0.487395 0.22802 0.0275931 0
 0.321318 0.546541 0.124235 0.00734118 0.000564706
 0.182869 0.594174 0.210203 0.0122559 0.00049798
 0.330522 0.361315 0.267642 0.0388342 0.00168674
 0.649043 0.306663 0.0425973 0.00169635 0
 0.582887 0.30429 0.105238 0.00758474 0
 0.465427 0.430635 0.0974691 0.00646863 0
 0.296916 0.608066 0.0921331 0.00288517 0
 0.311714 0.524322 0.152257 0.0117073 0
 0.15457 0.633149 0.183074 0.0267441 0.00246327
 0.131901 0.49318 0.331252 0.0422183 0.00144891
 0.196976 0.569456 0.194076 0.0375587 0.00193317
 0.518974 0.381816 0.0799577 0.0180837 0.00116848
 0.0928022 0.601141 0.25162 0.0475244 0.00691264
 0.122501 0.610282 0.24278 0.0234846 0.000952079
 0.383417 0.481906 0.127806 0.00687128 0
 0.0376549 0.599619 0.316969 0.0457579 0
 0.0361596 0.667082 0.258105 0.0386534 0
 0.158088 0.579412 0.248529 0.0139706 0
 0.0477256 0.309471 0.559284 0.082774 0.000745712
 0.0406174 0.521527 0.379366 0.0568643 0.0016247
 0.151134 0.462217 0.34131 0.0453401 0
 0.294876 0.26143 0.354403 0.0886775 0.000613685
 0.281977 0.475581 0.204845 0.0348837 0.00271318
 0 0 0 0 0
pf_pred 
 0.0171721 0.639245 0.303466 0.0401152 2.15208e-06
 0.0447592 0.140561 0.570831 0.215512 0.028337
 0.01448 0.368462 0.111681 0.354725 0.150651
 0.156989 0.197957 0.30285 0.0624216 0.279783
 0.583315 0.319289 0.02947 0.0320347 0.0358917
 0.0950011 0.849736 0.0446356 0.00322874 0.00739881
 0.553758 0.304435 0.136076 0.00463838 0.00109243
 0.234139 0.739588 0.0201877 0.00584211 0.000243389
 0.274504 0.625419 0.0978241 0.00173528 0.000517529
 0.37454 0.567 0.0532616 0.00508236 0.000115598
 0.178747 0.753314 0.0635385 0.00401237 0.000387763
 0.185826 0.680892 0.126182 0.0066449 0.000454787
 0.307204 0.579645 0.100472 0.0120113 0.000668504
 0.265092 0.698155 0.0332726 0.00309593 0.00038461
 0.252963 0.731257 0.0154733 0.000278138 2.83751e-05
 0.284478 0.698369 0.0170145 0.000136055 2.62859e-06
 0.247969 0.692474 0.0587161 0.000834477 6.71023e-06
 0.30185 0.630336 0.0645357 0.00323225 4.56985e-05
 0.193005 0.725998 0.0757481 0.00499745 0.000251078
 0.243351 0.601015 0.144395 0.0105156 0.000722225
 0.321088 0.589916 0.0761717 0.0119079 0.000916912
 0.22521 0.672624 0.0921283 0.0086014 0.00143682
 0.265638 0.591986 0.128342 0.0126654 0.00136903
 0.240772 0.65241 0.0915696 0.0137573 0.0014909
 0.00853815 0.847005 0.130117 0.0123092 0.00202986
pobs_RECLAS
 0 0 0 0 0
 0 0 0 0 0
 0 0 0 0 0
 0 0 0 0 0
 0.835266 0.146461 0.0176864 0.000547809 3.91292e-05
 0.385257 0.428462 0.181853 0.0044286 0
 0.867414 0.0963971 0.0333333 0.00285562 0
 0.441836 0.489002 0.0689373 0.000224442 0
 0.779404 0.147425 0.0564933 0.0165055 0.000172143
 0.814271 0.122319 0.05973 0.00367925 0
 0.40263 0.566651 0.0304383 0.000280538 0
 0.475488 0.404961 0.113038 0.00651328 0
 0.955842 0.0263864 0.0167828 0.000988607 0
 0.975058 0.0227948 0.00214734 0 0
 0.738997 0.206755 0.0527124 0.00153531 0
 0.850938 0.134255 0.0134407 0.00136685 0
 0.542534 0.407297 0.0501686 0 0
 0.764087 0.199537 0.0359546 0.000420521 0
 0.470689 0.182191 0.310203 0.0369168 0
 0.84361 0.089868 0.0606195 0.00523954 0.000663233
 0.607945 0.314616 0.071237 0.00620181 0
 0.523733 0.453247 0.0230204 0 0
 0.530135 0.295979 0.169645 0.0042399 0
 0.562478 0.366248 0.0663022 0.0049721 0
 0.250443 0.683176 0.0655157 0.000865301 0
ppred_RECLAS
 0.0372103 0.493558 0.40129 0.0679382 3.86484e-06
 0.071107 0.0789802 0.54801 0.264959 0.0369429
 0.0267407 0.219139 0.109397 0.444533 0.200191
 0.242977 0.101914 0.26022 0.068643 0.326246
 0.758977 0.147117 0.0232094 0.03231 0.0383865
 0.244829 0.679 0.0578245 0.00534889 0.0129971
 0.769222 0.130864 0.0947529 0.00413017 0.00103145
 0.489917 0.480579 0.0212809 0.00787554 0.00034791
 0.543748 0.363492 0.0900724 0.00204192 0.000645734
 0.638031 0.308466 0.047558 0.00580527 0.000140012
 0.408369 0.515887 0.0695538 0.00561458 0.000575352
 0.4008 0.453401 0.135977 0.00915665 0.000664523
 0.610891 0.298638 0.0778872 0.011883 0.000701253
 0.674299 0.304618 0.0185945 0.00219852 0.000289573
 0.662126 0.328734 0.00891363 0.0002036 2.20218e-05
 0.582289 0.402292 0.0152597 0.000155869 3.1931e-06
 0.525633 0.417914 0.0554377 0.00100656 8.58237e-06
 0.569253 0.366189 0.0606171 0.00388211 5.81994e-05
 0.404837 0.500675 0.0867724 0.0073257 0.000390275
 0.477162 0.365956 0.142632 0.0132832 0.000967382
 0.561022 0.347419 0.0752679 0.0150613 0.00122976
 0.441005 0.442976 0.101712 0.0121548 0.00215301
 0.49329 0.359405 0.12913 0.0163058 0.00186895
 0.473993 0.410959 0.0947457 0.0182095 0.00209253
 0.0247537 0.759451 0.188942 0.0228565 0.00399669
pobs_PELACES
 0 0 0 0 0
 0 0 0 0 0
 0 0 0 0 0
 0 0 0 0 0
 0 0 0 0 0
 0 0 0 0 0
 0 0 0 0 0
 0 0 0 0 0
 0 0 0 0 0
 0 0 0 0 0
 0.450072 0.473896 0.0757376 0.000293798 0
 0 0 0 0 0
 0.463077 0.371075 0.160297 0.00555027 0
 0.529543 0.364841 0.0842815 0.0213345 0
 0.631943 0.363953 0.00410389 0 0
 0.735681 0.248677 0.0153453 0.000297389 0
 0.695825 0.281241 0.0229344 0 0
 0.275771 0.60734 0.115278 0.00161068 0
 0 0 0 0 0
 0.896147 0.0623911 0.0374545 0.00400742 0
 0.803859 0.145111 0.0509908 3.86294e-05 0
 0.739449 0.233085 0.0266225 0.000797448 4.60066e-05
 0.878498 0.100942 0.0204185 0.000141795 0
 0.694673 0.275183 0.0284847 0.00165964 0
 0 0 0 0 0
ppred_PELACES
 0.0368353 0.482321 0.409353 0.0714863 4.10207e-06
 0.0712732 0.075703 0.543763 0.271129 0.0381318
 0.0361425 0.218132 0.105278 0.4404 0.200047
 0.286734 0.0953725 0.240034 0.0652158 0.312644
 0.761672 0.14189 0.0232032 0.0333127 0.039922
 0.323081 0.611373 0.0493404 0.0046961 0.0115096
 0.833771 0.0964216 0.0660961 0.00296431 0.000746697
 0.584553 0.392412 0.01648 0.00627539 0.000279619
 0.661805 0.273641 0.0626286 0.00145987 0.000465655
 0.710033 0.248374 0.0368506 0.0046302 0.000112638
 0.520371 0.421748 0.0530238 0.0044022 0.000455011
 0.500276 0.383021 0.108627 0.00752604 0.000550908
 0.758998 0.190157 0.0436064 0.00683208 0.000406653
 0.869271 0.124059 0.0058664 0.000709969 9.43102e-05
 0.861746 0.135337 0.00284372 6.6487e-05 7.25279e-06
 0.707468 0.282696 0.00973173 0.000102165 2.11097e-06
 0.655317 0.306866 0.0371189 0.000692755 5.95771e-06
 0.664058 0.287911 0.0450199 0.00296636 4.48554e-05
 0.469399 0.447716 0.075929 0.00660114 0.000354722
 0.575123 0.301833 0.111567 0.0106909 0.000785329
 0.609136 0.309349 0.0666449 0.0137387 0.00113149
 0.491924 0.402896 0.0918526 0.0113077 0.00202033
 0.562677 0.312103 0.109357 0.014219 0.00164388
 0.555372 0.349791 0.0776866 0.0153692 0.00178143
 0.0364221 0.758756 0.178662 0.0222374 0.00392205
pobs_pel_tallas
 0 0 0 0 0 0 0 0 0 0 0 0 0 0 0 0 0 0 0 0 0 0 0 0 0 0 0 0 0 0 0 0 0 0 0 0
 0 0 0 0 0 0 0 0 0 0 0 0 0 0 0 0 0 0 0 0 0 0 0 0 0 0 0 0 0 0 0 0 0 0 0 0
 0 0 0 0 0 0 0 0 0 0 0 0 0 0 0 0 0 0 0 0 0 0 0 0 0 0 0 0 0 0 0 0 0 0 0 0
 0 0 0 0 0 0 0 0 0 0 0 0 0 0 0 0 0 0 0 0 0 0 0 0 0 0 0 0 0 0 0 0 0 0 0 0
 0 0 0 0 0 0 0 0 0 0 0 0 0 0 0 0 0 0 0 0 0 0 0 0 0 0 0 0 0 0 0 0 0 0 0 0
 0 0 0 0 0 0 0 0 0 0 0 0 0 0 0 0 0 0 0 0 0 0 0 0 0 0 0 0 0 0 0 0 0 0 0 0
 0 0 0 0 0 0 0 0 0 0 0 0 0 0 0 0 0 0 0 0 0 0 0 0 0 0 0 0 0 0 0 0 0 0 0 0
 0 0 0 0 0 0 0 0 0 0 0 0 0 0 0 0 0 0 0 0 0 0 0 0 0 0 0 0 0 0 0 0 0 0 0 0
 0 0 0 0 0 0 0 0 0 0 0 0 0 0 0 0 0 0 0 0 0 0 0 0 0 0 0 0 0 0 0 0 0 0 0 0
 0 0 0 0 0 0 0 0 0 0 0 0 0 0 0 0 0 0 0 0 0 0 0 0 0 0 0 0 0 0 0 0 0 0 0 0
 0 0 0 0 0 0 0 0 1.78061e-05 0.00172719 0.00360574 0.0105946 0.0120993 0.0124554 0.0147524 0.0171206 0.0266825 0.0428682 0.0675386 0.121331 0.153587 0.119568 0.100827 0.0573624 0.0630603 0.0341343 0.0324427 0.0444173 0.0211091 0.0280891 0.0125444 0.00206551 0 0 0 0
 0 0 0 0 0 0 0 0 0 0 0 0 0 0 0 0 0 0 0 0 0 0 0 0 0 0 0 0 0 0 0 0 0 0 0 0
 0 0 0 0 0 0 0.0133647 0.0140871 0.0187388 0.0205184 0.03894 0.0496705 0.03968 0.0493445 0.0407372 0.0367815 0.0215668 0.0243155 0.0234873 0.0199281 0.019796 0.0243948 0.0301388 0.0376714 0.0412746 0.0863199 0.0771752 0.113111 0.0741005 0.0525337 0.0229764 0.00759418 0.00175318 0 0 0
 0 0 0 0 0 0 0 0 0 0 0.00219441 0.00772107 0.0458388 0.0604681 0.0671733 0.0775358 0.0609151 0.0617685 0.073594 0.0568108 0.0755445 0.0548602 0.0670107 0.0636378 0.0643287 0.046367 0.0373049 0.0286899 0.0247887 0.0153202 0.00654259 0.00121912 0.000365735 0 0 0
 0 0 0 0 0 0 0 0 0 0 0 0 0.000112435 0.00938835 0.0111873 0.0202946 0.0414886 0.0713402 0.111592 0.104902 0.108894 0.110636 0.117776 0.105296 0.107544 0.0401394 0.0192827 0.0124803 0.00416011 0.0028671 0.000618394 0 0 0 0 0
 0 0 0 0 0 0 0 0 0 0 0.00291406 0.0102884 0.027416 0.0768956 0.0749926 0.110853 0.0956884 0.0897413 0.0766577 0.0534642 0.0500743 0.0551293 0.0594112 0.0620874 0.0668451 0.0424026 0.0208742 0.0120726 0.0048766 0.00582813 0.00118941 0.000297354 0 0 0 0
 0 0.00264628 0.0354308 0.0461629 0.0458689 0.0383711 0.0214643 0.0164657 0.0346957 0.0420465 0.0363128 0.0245516 0.0311673 0.0291091 0.0169068 0.0133784 0.00837989 0.0085269 0.0148486 0.0160247 0.0276389 0.0546898 0.0760071 0.122758 0.109233 0.0665981 0.0333725 0.0166128 0.00676272 0.00308733 0.000882094 0 0 0 0 0
 0 0 0 0 0 0 0 0.000805153 0.000690131 0.00759144 0.0133425 0.0154129 0.00931677 0.000345066 0.00356568 0.00563607 0.00851162 0.0253048 0.0502646 0.0516448 0.0657925 0.0565908 0.0611916 0.0827007 0.0866115 0.110766 0.145733 0.0935128 0.0569358 0.0249597 0.0138026 0.00621118 0.00161031 0.00115022 0 0
 0 0 0 0 0 0 0 0 0 0 0 0 0 0 0 0 0 0 0 0 0 0 0 0 0 0 0 0 0 0 0 0 0 0 0 0
 0.00147267 0.00158595 0.00478618 0.00569244 0.00954404 0.0108468 0.00647125 0.017049 0.0510054 0.094081 0.124002 0.0959785 0.0687766 0.0820023 0.061753 0.0591476 0.0492212 0.0479892 0.0443925 0.0268479 0.0217502 0.0140895 0.0121071 0.0120363 0.00920419 0.00665534 0.0049561 0.00860946 0.00930331 0.0156896 0.0114698 0.00855282 0.00243557 0.00046729 0 2.83206e-05
 0 0 0 0 0.000772559 0.00158375 0.000888443 0.00281984 0.00712685 0.0440552 0.0773331 0.111326 0.0921469 0.0852325 0.0710754 0.0886704 0.0786465 0.0553345 0.0373146 0.0185414 0.00753245 0.00457741 0.012979 0.0271748 0.0457355 0.0583668 0.034881 0.0177882 0.00938659 0.00492506 0.0015258 0.00185414 0.000309023 5.79419e-05 3.86279e-05 0
 0 0.00173294 0.00326652 0 0.00397197 0.00683976 0.00946217 0.0152591 0.00757587 0.0136028 0.0228656 0.0392903 0.0559909 0.0764795 0.0681675 0.0726916 0.0566044 0.0477403 0.0527397 0.0444891 0.0609904 0.0582453 0.0661739 0.0445044 0.0529084 0.0360697 0.0280645 0.0235558 0.0158879 0.00826598 0.00280645 0.00217768 0.000904811 0.00058276 9.20147e-05 0
 0 0 0 0 0 0 0 0 0 0 0 0 0 0 0 0 0 0 0 0 0 0 0 0 0 0 0 0 0 0 0 0 0 0 0 0
 0 0 0 0 0 0 0 0 0 0 0 0 0 0 0 0 0 0 0 0 0 0 0 0 0 0 0 0 0 0 0 0 0 0 0 0
 0 0 0 0 0 0 0 0 0 0 0 0 0 0 0 0 0 0 0 0 0 0 0 0 0 0 0 0 0 0 0 0 0 0 0 0
ppred_pel_tallas
 1.08425e-16 1.63935e-06 9.53908e-06 4.51739e-05 0.000173637 0.000541203 0.00136756 0.00280229 0.00466073 0.00630661 0.00698788 0.0064615 0.00527593 0.00439554 0.00460398 0.00626285 0.00945965 0.0142046 0.0204663 0.0280882 0.0367045 0.0457238 0.0543952 0.0619369 0.0676866 0.0712235 0.0724266 0.0714502 0.0686394 0.0644203 0.0592062 0.0533464 0.0471193 0.0407525 0.0344495 0.0284041
 1.18842e-16 3.12453e-06 1.82958e-05 8.68872e-05 0.000334384 0.00104259 0.00263353 0.00538956 0.00893801 0.0120165 0.0131107 0.0116469 0.0085189 0.00534523 0.00331226 0.00273229 0.00339463 0.00505364 0.00763209 0.0111842 0.0157956 0.0215072 0.0282707 0.0359235 0.0441788 0.052629 0.0607678 0.0680283 0.0738414 0.0777052 0.0792573 0.0783337 0.075002 0.0695549 0.0624707 0.05434
 1.26046e-16 1.59674e-06 9.31746e-06 4.41835e-05 0.000169931 0.000529728 0.00133825 0.00274019 0.00454987 0.00613382 0.00673678 0.00608994 0.00468246 0.00338857 0.00288203 0.00340795 0.00494907 0.00745339 0.0109126 0.0153209 0.0206148 0.0266446 0.0331857 0.0399744 0.0467506 0.0532863 0.0593906 0.0648884 0.069589 0.0732633 0.075648 0.0764815 0.075562 0.0728067 0.0682955 0.0622781
 1.20288e-16 1.25193e-05 7.34522e-05 0.000349109 0.00134401 0.00419107 0.0105863 0.0216615 0.0359086 0.0482312 0.0525033 0.0463552 0.0332786 0.0196192 0.00990207 0.00503875 0.00373558 0.00447298 0.00636525 0.00908121 0.0125345 0.016683 0.0214525 0.0267195 0.0323151 0.0380319 0.0436283 0.0488331 0.0533534 0.0568919 0.0591761 0.0599953 0.0592389 0.0569223 0.0531937 0.0483204
 1.03386e-16 3.32308e-05 0.000195042 0.000927154 0.00356961 0.0111315 0.0281173 0.0575314 0.0953637 0.128068 0.139355 0.122902 0.0879358 0.051236 0.0247091 0.0106184 0.00532364 0.00454507 0.00566422 0.00754 0.00972047 0.0119491 0.0139983 0.0156588 0.0167754 0.0172788 0.0171969 0.0166377 0.0157538 0.0146981 0.0135895 0.0124956 0.0114356 0.0103966 0.00935496 0.00829444
 1.01599e-16 1.41254e-05 8.28332e-05 0.000393601 0.00151513 0.00472458 0.0119345 0.0244239 0.0405014 0.0544407 0.0593702 0.052673 0.0383686 0.0237304 0.0140161 0.0104276 0.0116556 0.0160439 0.0224797 0.0302383 0.038611 0.0467289 0.0536073 0.0583198 0.060207 0.0590363 0.055057 0.0489267 0.0415422 0.0338282 0.026555 0.0202309 0.0150824 0.0111038 0.00814303 0.00598635
 1.01107e-16 3.6373e-05 0.000213494 0.00101488 0.0039074 0.0121849 0.030778 0.062975 0.104385 0.140178 0.152519 0.134479 0.0961474 0.0558762 0.0266771 0.0110023 0.00484229 0.00349505 0.00409329 0.00541051 0.00700112 0.00865565 0.0102057 0.0114939 0.0123938 0.0128329 0.0128036 0.0123569 0.011583 0.0105866 0.00946501 0.00829544 0.00713276 0.00601359 0.00496325 0.00400112
 1.00591e-16 2.55178e-05 0.000149737 0.000711716 0.00274003 0.00854444 0.0215829 0.0441634 0.0732133 0.0983463 0.107081 0.0945958 0.0680268 0.0403299 0.0207462 0.0111329 0.00881062 0.0105681 0.0143838 0.0192454 0.0245267 0.0296272 0.0339062 0.0367697 0.0377995 0.0368554 0.0341097 0.0299994 0.0251149 0.0200629 0.0153469 0.0112972 0.00805699 0.00561549 0.0038636 0.00265079
 1.01051e-16 2.88817e-05 0.000169497 0.000805678 0.00310185 0.00967278 0.0244328 0.0499937 0.0828738 0.111308 0.121154 0.106936 0.0766986 0.0450651 0.0224375 0.0108485 0.00719935 0.0078144 0.0104168 0.0139467 0.0178656 0.0217357 0.0251065 0.0275546 0.0287692 0.0286217 0.0271929 0.0247434 0.0216429 0.0182813 0.0149914 0.0120033 0.009435 0.00731195 0.00560032 0.0042396
 1.00769e-16 3.09835e-05 0.000181839 0.00086436 0.0033278 0.0103774 0.0262126 0.0536351 0.0889086 0.119409 0.12996 0.114681 0.0821938 0.0481731 0.02376 0.011113 0.0068844 0.00711279 0.00934966 0.0124714 0.0159369 0.0193349 0.0222541 0.0243136 0.0252386 0.0249241 0.0234579 0.0210928 0.0181794 0.0150828 0.0121108 0.00947093 0.00726254 0.00549559 0.00412329 0.00307431
 1.01063e-16 2.27205e-05 0.000133311 0.000633619 0.00243933 0.0076067 0.0192142 0.0393173 0.0651818 0.0875646 0.0953595 0.0842847 0.0607063 0.0361799 0.0189618 0.0107403 0.00916614 0.0114077 0.0156729 0.021037 0.0268824 0.03258 0.0374442 0.0408309 0.0422776 0.0416121 0.0389929 0.0348592 0.0298168 0.0244951 0.0194231 0.0149556 0.0112593 0.00834547 0.00612597 0.00446951
 1.01952e-16 2.18428e-05 0.000128162 0.000609144 0.00234511 0.00731288 0.0184721 0.0377985 0.0626633 0.08418 0.09167 0.0810153 0.0583333 0.0347298 0.018138 0.0101776 0.00858907 0.0106553 0.0146672 0.0197607 0.0253767 0.0309518 0.0358649 0.0395221 0.0414804 0.0415461 0.0398136 0.0366258 0.0324783 0.0278981 0.0233385 0.019117 0.0154036 0.0122465 0.00961718 0.00745213
 1.00935e-16 3.31163e-05 0.000194366 0.000923925 0.00355716 0.0110927 0.0280192 0.0573311 0.0950331 0.127628 0.138888 0.122517 0.0877184 0.0512267 0.0249237 0.0110846 0.00610011 0.00571578 0.0073167 0.00973709 0.0124713 0.0151852 0.017561 0.0193043 0.0201989 0.0201544 0.0192245 0.017587 0.0154944 0.0132129 0.0109691 0.00891896 0.00714189 0.00565488 0.00443557 0.00344477
 1.00153e-16 3.79219e-05 0.000222585 0.0010581 0.00407378 0.0127038 0.0320886 0.0656569 0.108831 0.14615 0.15902 0.14022 0.100271 0.0583097 0.027907 0.0116225 0.00527649 0.00396116 0.00467206 0.00610397 0.00775516 0.00936402 0.0107146 0.011617 0.0119386 0.0116347 0.0107599 0.00945242 0.0078993 0.00629289 0.00479314 0.00350523 0.00247524 0.00170033 0.00114633 0.00076561
 1.00088e-16 3.75943e-05 0.00022066 0.00104895 0.00403854 0.0125938 0.031811 0.065089 0.10789 0.144887 0.157649 0.139018 0.0994256 0.0578479 0.0277411 0.0116484 0.00543073 0.00422559 0.00505357 0.00661434 0.00839797 0.0101274 0.0115685 0.0125146 0.0128226 0.0124461 0.0114476 0.00998155 0.00825565 0.00648281 0.00483959 0.0034414 0.00233769 0.00152322 0.000957603 0.000585361
 1.00234e-16 3.0873e-05 0.000181187 0.000861255 0.00331583 0.0103401 0.0261184 0.0534425 0.0885903 0.118985 0.129506 0.114298 0.0819576 0.048112 0.0238729 0.0114031 0.00737729 0.00785267 0.0103822 0.013823 0.0175955 0.0212358 0.0242759 0.0262868 0.0269682 0.026221 0.0241729 0.0211431 0.0175621 0.0138722 0.0104407 0.00750849 0.00518022 0.00344736 0.00222873 0.00141181
 1.00652e-16 2.86e-05 0.00016784 0.000797797 0.00307149 0.00957811 0.0241937 0.0495048 0.0820643 0.110224 0.119982 0.105919 0.0760095 0.0447406 0.022424 0.0110858 0.00766858 0.00853814 0.0114335 0.0152828 0.0195129 0.0236365 0.0271485 0.0295796 0.0305937 0.0300669 0.0281167 0.0250654 0.0213573 0.0174534 0.0137416 0.0104818 0.00779637 0.00569283 0.00410545 0.00293615
 1.00837e-16 2.89805e-05 0.000170075 0.000808426 0.00311243 0.00970576 0.0245161 0.0501643 0.083157 0.11169 0.121572 0.107311 0.0769812 0.0452585 0.0225839 0.0110013 0.00740412 0.008105 0.0108152 0.0144611 0.018486 0.0224296 0.0258179 0.028209 0.0292837 0.0289192 0.0272167 0.0244682 0.02108 0.0174759 0.0140136 0.0109354 0.00835803 0.00629508 0.00469373 0.0034722
 1.01468e-16 2.0499e-05 0.000120267 0.000571597 0.00220052 0.00686197 0.0173332 0.0354687 0.0588035 0.0790025 0.0860519 0.076098 0.0548966 0.0328917 0.017558 0.0104505 0.00948253 0.0121241 0.0167643 0.0225463 0.0288558 0.0350374 0.0403656 0.0441541 0.0459044 0.0454216 0.0428574 0.0386596 0.0334532 0.0278914 0.0225262 0.0177325 0.0136931 0.0104323 0.00787334 0.0058953
 1.02087e-16 2.51032e-05 0.000147311 0.000700197 0.00269571 0.00840625 0.0212337 0.0434484 0.0720258 0.0967446 0.10532 0.0929997 0.0667912 0.039422 0.0199599 0.0102057 0.00750213 0.00868492 0.0117887 0.0158796 0.0204437 0.0250233 0.0291272 0.0322835 0.0341331 0.0345066 0.033456 0.0312255 0.0281796 0.0247117 0.0211646 0.0177839 0.0147101 0.0119971 0.00964487 0.00762903
 1.01572e-16 2.65865e-05 0.000156019 0.000741594 0.0028551 0.00890329 0.0224892 0.0460172 0.0762838 0.102463 0.11154 0.0984835 0.0707091 0.0416928 0.0210314 0.0106223 0.00763979 0.00872011 0.0117707 0.015795 0.0202476 0.0246503 0.0284986 0.0313165 0.0327541 0.0326662 0.0311428 0.0284751 0.0250755 0.0213775 0.017749 0.0144416 0.0115819 0.00919422 0.00723894 0.00564982
 1.01919e-16 2.14794e-05 0.000126027 0.000598989 0.002306 0.00719092 0.018164 0.0371683 0.0616194 0.0827799 0.0901512 0.0796869 0.057407 0.0342388 0.0179918 0.0102689 0.00885755 0.0110911 0.015286 0.0205782 0.0263908 0.0321322 0.03715 0.0408238 0.042696 0.0425759 0.0405789 0.0370832 0.0326261 0.0277735 0.0230074 0.0186593 0.0148981 0.0117594 0.00919451 0.00711876
 1.0222e-16 2.45609e-05 0.000144126 0.000685054 0.0026374 0.00822441 0.0207744 0.0425087 0.0704686 0.0946546 0.103048 0.0910037 0.0653787 0.0386305 0.0196371 0.0101679 0.00763057 0.00893459 0.0121576 0.0163793 0.0210821 0.0257958 0.0300138 0.0332497 0.0351344 0.0354958 0.034391 0.0320757 0.0289295 0.0253597 0.0217201 0.0182624 0.0151279 0.0123676 0.00997707 0.00792734
 1.01829e-16 2.42438e-05 0.000142261 0.000676182 0.00260323 0.00811784 0.0205053 0.0419583 0.0695572 0.0934338 0.101728 0.0898594 0.0646031 0.0382654 0.0196224 0.0104355 0.00815949 0.00974984 0.013302 0.0178817 0.0229321 0.0279268 0.0322981 0.0355078 0.0371594 0.0370875 0.0353918 0.0323994 0.0285744 0.0244052 0.0203066 0.0165627 0.0133172 0.0105988 0.00836472 0.00654209
 1.03731e-16 1.63199e-06 9.47178e-06 4.48006e-05 0.000172109 0.000536376 0.00135569 0.00277996 0.00463104 0.00628876 0.00702642 0.00663315 0.00569821 0.0052431 0.00613 0.00881248 0.0134582 0.0201079 0.0286678 0.0387931 0.049794 0.0606502 0.0701509 0.0771291 0.0807215 0.0805651 0.0768724 0.07035 0.0620042 0.0528961 0.04393 0.0357294 0.0286139 0.0226538 0.0177627 0.0137863
pSPR Fmed_Fpbrs
0.327168   0.400129 0.400129
Fs Fmed_Fpbrs
1.44213   1.005 1.005
SSBpbr Bo_Bmed_Bpbrs
875987  242795  306708 306708
Ro
16983.5
SPR SPRFo_SPRFmed_SPRFpbrs
350023 114516 140054
log_Ro
9.56
likeval ReclasPelacesDesembMPH_pf_preclas_ppelaces_ptallas_desvR_qrecl_qpela
 69.2182 12.0208 0.216818 0.000161285 338.303 197.76 74.7452 0 46.2452 0.000176225 0.00071283 0 0 0 0
q_reclas_q_pelaces
6.56083 44.6318
M
0.7
N
 10439.7 40614.3 15850 2085.79 0.111887
 14930.4 5104.19 17215 6471.78 850.881
 1927.95 7223.58 1944.16 6159.15 2615.64
 4991.5 855.742 1143.94 235.082 1053.61
 38342.4 2270.28 173.752 188.065 210.689
 13053 18581.3 879.363 63.467 145.431
 64330.6 5649.51 2276.56 77.4285 18.235
 55479.2 27808.8 683.51 197.357 8.22173
 60367.6 24035.7 3441.21 60.9291 18.1708
 111406 25295 2117.37 201.541 4.58381
 69059.5 49160.5 3774.35 237.87 22.9873
 49823.5 29288.4 4897 257.315 17.6102
 55551.7 21506.5 3491.72 416.871 23.2007
 29377.6 21876.4 1007.14 93.6462 11.6336
 12073.8 9861.68 201.567 3.62071 0.369373
 8901.12 4054.74 91.2613 0.728557 0.0140753
 7152.91 3648.02 285.08 4.04467 0.032523
 8767.01 2949.15 272.617 13.6241 0.192613
 7167.34 3779.13 346.712 22.8097 1.14592
 8241.31 3230.1 698.803 50.7759 3.48721
 14842.2 3570.36 399.612 62.2735 4.79476
 17341.7 6825.91 811.553 75.5319 12.6164
 25128.2 7960.26 1521.79 149.765 16.1875
 27861.4 11276.2 1409.23 211.188 22.8856
 776.01 12310.8 1705.3 160.965 26.5429
pred_Ctot
 115.956 4316.56 2049.18 270.882 0.0145321
 276.506 868.333 3526.39 1331.35 175.056
 148.169 3770.33 1142.79 3629.77 1541.56
 303.388 382.56 585.271 120.632 540.693
 665.663 364.364 33.6304 36.5571 40.9587
 1215.11 10868.5 570.909 41.297 94.6341
 6039.23 3320.14 1484.03 50.5858 11.9139
 5129.98 16204.3 442.312 128 5.33265
 6848.24 15602.7 2440.48 43.2911 12.9111
 8984.94 13601.9 1277.71 121.922 2.77311
 7315.32 30829.8 2600.35 164.209 15.8694
 4723.14 17306.2 3207.16 168.893 11.5593
 8380.08 15811.9 2740.73 327.652 18.2358
 7000.9 18437.8 878.706 81.7613 10.1573
 2874.63 8309.87 175.836 3.16071 0.32245
 1130.68 2775.73 67.6257 0.540763 0.0104476
 882.513 2464.49 208.969 2.96988 0.0238815
 838.737 1751.48 179.322 8.98129 0.12698
 479.284 1802.85 188.103 12.41 0.623495
 762.173 1882.37 452.244 32.9346 2.262
 792.089 1455.26 187.907 29.3755 2.26192
 947.633 2830.26 387.656 36.1928 6.04582
 1751.15 3902.5 846.057 83.4932 9.02496
 2223.22 6024.14 845.524 127.03 13.7665
 73.0315 7244.91 1112.97 105.287 17.3625
F
 0.0155511 0.158341 0.195718 0.196684 0.196704
 0.0260492 0.265233 0.327842 0.32946 0.329493
 0.112244 1.14287 1.41265 1.41962 1.41976
 0.0878355 0.89434 1.10545 1.11091 1.11102
 0.0244018 0.248459 0.307109 0.308624 0.308656
 0.137447 1.39949 1.72984 1.73838 1.73856
 0.138684 1.41208 1.74541 1.75402 1.7542
 0.136469 1.38953 1.71753 1.72601 1.72618
 0.169845 1.72936 2.13758 2.14813 2.14835
 0.118089 1.20238 1.48621 1.49354 1.49369
 0.157776 1.60647 1.98568 1.99548 1.99568
 0.14013 1.4268 1.7636 1.7723 1.77248
 0.231904 2.36124 2.91862 2.93302 2.93333
 0.391578 3.98704 4.9282 4.95251 4.95302
 0.39115 3.98268 4.92281 4.9471 4.94761
 0.191993 1.95487 2.41633 2.42825 2.4285
 0.186002 1.89387 2.34093 2.35248 2.35272
 0.141503 1.44078 1.78088 1.78967 1.78985
 0.0970223 0.98788 1.22107 1.2271 1.22722
 0.136493 1.38977 1.71783 1.72631 1.72649
 0.0767504 0.781471 0.96594 0.970706 0.970806
 0.0786527 0.800841 0.989883 0.994767 0.994869
 0.101299 1.03142 1.27489 1.28118 1.28131
 0.11677 1.18895 1.46961 1.47686 1.47701
 0.139051 1.41582 1.75003 1.75866 1.75884
nmprior
 10 11 7 0
nm_flota  nm_reclas  nm_pelaces    nm_pelaL
inf 20.2648 9.50401 14.9104
cv_recla  cv_pelaces  cv_mph
0.75255 0.407973 0.412036
 ------------------------------------------------
Talla a la edad & desviación 
 7.2 14.2025 17.0495 18.207 18.6776
 1.08 2.13037 2.55742 2.73105 2.80164
