years
 1997 1998 1999 2000 2001 2002 2003 2004 2005 2006 2007 2008 2009 2010 2011 2012 2013 2014 2015 2016 2017 2018 2019 2020 2021
reclasobs
 0 0 0 370054 412103 1.49427e+06 250295 1.28982e+06 931140 785840 897777 1.04006e+06 184774 17550 25797 100020 73551 82996 120727 218422 84188 347160 605670 569463 516374
reclaspred
 1.52025e+06 444231 1.54151e+06 977698 1.04006e+06 1.27096e+06 2.47166e+06 1.61301e+06 1.67363e+06 1.46124e+06 1.19789e+06 804622 467125 217165 153623 165938 219974 333905 389589 526736 792571 794105 1.39147e+06 1.8148e+06 3.03867e+06
pelacesobs
 0 0 0 0 0 0 0 0 0 2.06254e+06 1.5e+06 0 1.87456e+06 323000 250000 174000 83755 137374 0 501740 490994 745055 786931 1.00524e+06 0
pelacespred
 1.11059e+06 439509 591634 716758 648433 653433 1.25004e+06 1.14933e+06 992592 904810 639676 439855 249408 94078.4 66997.7 82237.6 114209 175017 216088 282194 460405 481973 640296 985586 1.65563e+06
mphobs
 0 0 0 0 0 112323 0 153150 637223 0 255016 313432 73983 77613 109348 50772 0 0 0 0 0 0 0 0 0
mphpred
 995908 732278 843439 1.06953e+06 884479 1.09398e+06 1.56878e+06 1.81689e+06 1.49025e+06 1.41318e+06 1.24209e+06 850090 524377 275291 137980 132413 165925 249242 331225 395591 593398 734594 940878 1.36837e+06 2.27169e+06
desembarqueobs
 350755 77701 442110 56441 14545 235359 269955 359681 431902 328805 639364 411747 362871 311530 167758 66681 60226 58785 57116 71774 51957 67425 138520 160799 200461
desembarquepred
 350803 77720.7 442386 56449.4 14545.5 235486 270032 359834 432126 328959 640254 412399 363580 312370 167933 66722.6 60265.7 58803.2 57127.3 71788.5 51962.5 67430.8 138541 160820 200471
Reclutas
 94545.6 86609.7 54393.9 60337.6 91663 79243.6 123297 108193 123443 115295 70230.2 44615.6 44719.8 29518.3 21794.6 21543.3 19824.3 23157.6 26396.3 43795.5 62917.8 77931.6 126085 183540 278921
log_desv_Rt
 0.396838 0.309167 -0.155993 -0.0522899 0.365874 0.220282 0.662351 0.531673 0.663535 0.595253 0.0995332 -0.354162 -0.351828 -0.767236 -1.07058 -1.08218 -1.16533 -1.00992 -0.879022 -0.372714 -0.010416 0.203587 0.684711 1.06019 1.47868
SSB
 995908 732278 843439 1.06953e+06 884479 1.09398e+06 1.56878e+06 1.81689e+06 1.49025e+06 1.41318e+06 1.24209e+06 850090 524377 275291 137980 132413 165925 249242 331225 395591 593398 734594 940878 1.36837e+06 2.27169e+06
BT
 3.73032e+06 976978 1.68409e+06 1.51663e+06 1.41406e+06 1.46568e+06 3.24183e+06 2.8453e+06 2.65552e+06 2.26698e+06 1.92528e+06 1.2977e+06 905164 500384 310156 243326 317393 445345 500529 695426 1.11907e+06 1.03581e+06 1.45233e+06 2.31753e+06 3.82811e+06
Ftot
 0.223486 0.169843 0.276415 0.0564 0.0136941 0.179591 0.106439 0.21586 0.249329 0.217791 0.505298 0.485248 0.722298 1.25743 0.994158 0.38484 0.264455 0.170935 0.142524 0.132595 0.0640306 0.0828279 0.0970384 0.0864385 0.0644275
BD_Bspro_t
 0.970728 0.838317 0.794897 0.69436 0.758092 0.83841 0.802718 0.807807 0.747971 0.696793 0.645504 0.481764 0.370445 0.263396 0.165248 0.185054 0.285536 0.455626 0.584935 0.682146 0.780702 0.852268 0.862669 0.869214 0.883369
BD_Bspro
 0.760071 0.55887 0.643708 0.816259 0.675029 0.834916 1.19728 1.38664 1.13735 1.07853 0.947958 0.648784 0.400201 0.210101 0.105306 0.101057 0.126633 0.19022 0.252789 0.301913 0.452878 0.560638 0.718073 1.04433 1.73374
BD_Bo
 0.734206 0.539852 0.621803 0.788482 0.652058 0.806504 1.15654 1.33945 1.09864 1.04183 0.915699 0.626706 0.386583 0.202951 0.101722 0.097618 0.122324 0.183747 0.244187 0.291639 0.437467 0.54156 0.693637 1.0088 1.67475
BD_Brms
 3.58697 2.63745 3.03782 3.85213 3.18563 3.94018 5.65029 6.54391 5.36743 5.08985 4.47365 3.06178 1.88865 0.991519 0.496964 0.476913 0.597613 0.897696 1.19298 1.4248 2.13725 2.64579 3.38877 4.92848 8.18198
S_f
 0.5 1 1 1 1
 0.5 1 1 1 1
 0.5 1 1 1 1
 0.5 1 1 1 1
 0.5 1 1 1 1
 0.5 1 1 1 1
 0.5 1 1 1 1
 0.5 1 1 1 1
 0.5 1 1 1 1
 0.5 1 1 1 1
 0.5 1 1 1 1
 0.5 1 1 1 1
 0.5 1 1 1 1
 0.5 1 1 1 1
 0.5 1 1 1 1
 0.5 1 1 1 1
 0.5 1 1 1 1
 0.5 1 1 1 1
 0.5 1 1 1 1
 0.5 1 1 1 1
 0.5 1 1 1 1
 0.5 1 1 1 1
 0.5 1 1 1 1
 0.5 1 1 1 1
 0.5 1 1 1 1
Scru_reclas
 0.5 1 1 1 1
 0.5 1 1 1 1
 0.5 1 1 1 1
 0.5 1 1 1 1
 0.5 1 1 1 1
 0.5 1 1 1 1
 0.5 1 1 1 1
 0.5 1 1 1 1
 0.5 1 1 1 1
 0.5 1 1 1 1
 0.5 1 1 1 1
 0.5 1 1 1 1
 0.5 1 1 1 1
 0.5 1 1 1 1
 0.5 1 1 1 1
 0.5 1 1 1 1
 0.5 1 1 1 1
 0.5 1 1 1 1
 0.5 1 1 1 1
 0.5 1 1 1 1
 0.5 1 1 1 1
 0.5 1 1 1 1
 0.5 1 1 1 1
 0.5 1 1 1 1
 0.5 1 1 1 1
Scru_pelaces
 0.5 1 1 1 1
 0.5 1 1 1 1
 0.5 1 1 1 1
 0.5 1 1 1 1
 0.5 1 1 1 1
 0.5 1 1 1 1
 0.5 1 1 1 1
 0.5 1 1 1 1
 0.5 1 1 1 1
 0.5 1 1 1 1
 0.5 1 1 1 1
 0.5 1 1 1 1
 0.5 1 1 1 1
 0.5 1 1 1 1
 0.5 1 1 1 1
 0.5 1 1 1 1
 0.5 1 1 1 1
 0.5 1 1 1 1
 0.5 1 1 1 1
 0.5 1 1 1 1
 0.5 1 1 1 1
 0.5 1 1 1 1
 0.5 1 1 1 1
 0.5 1 1 1 1
 0.5 1 1 1 1
pf_obs 
 0.256992 0.487395 0.22802 0.0275931 0
 0.321318 0.546541 0.124235 0.00734118 0.000564706
 0.182869 0.594174 0.210203 0.0122559 0.00049798
 0.330522 0.361315 0.267642 0.0388342 0.00168674
 0.649043 0.306663 0.0425973 0.00169635 0
 0.582887 0.30429 0.105238 0.00758474 0
 0.465427 0.430635 0.0974691 0.00646863 0
 0.296916 0.608066 0.0921331 0.00288517 0
 0.311714 0.524322 0.152257 0.0117073 0
 0.15457 0.633149 0.183074 0.0267441 0.00246327
 0.131901 0.49318 0.331252 0.0422183 0.00144891
 0.196976 0.569456 0.194076 0.0375587 0.00193317
 0.518974 0.381816 0.0799577 0.0180837 0.00116848
 0.0928022 0.601141 0.25162 0.0475244 0.00691264
 0.122501 0.610282 0.24278 0.0234846 0.000952079
 0.383417 0.481906 0.127806 0.00687128 0
 0.0376549 0.599619 0.316969 0.0457579 0
 0.0361596 0.667082 0.258105 0.0386534 0
 0.158088 0.579412 0.248529 0.0139706 0
 0.0477256 0.309471 0.559284 0.082774 0.000745712
 0.0406174 0.521527 0.379366 0.0568643 0.0016247
 0.151134 0.462217 0.34131 0.0453401 0
 0.294876 0.26143 0.354403 0.0886775 0.000613685
 0.281977 0.475581 0.204845 0.0348837 0.00271318
 0 0 0 0 0
pf_pred 
 0.640646 0.257689 0.0912911 0.0103682 5.39426e-06
 0.458599 0.428624 0.0808714 0.0286502 0.00325557
 0.31846 0.436193 0.19424 0.0366485 0.0144587
 0.395039 0.30425 0.192458 0.0857029 0.0225497
 0.473656 0.300138 0.113765 0.0719638 0.0404776
 0.36966 0.405756 0.128065 0.048542 0.0479774
 0.492125 0.280572 0.146317 0.0461809 0.0348054
 0.394066 0.403758 0.111691 0.0582464 0.0322392
 0.439273 0.32546 0.156768 0.0433664 0.035133
 0.411818 0.36894 0.127253 0.0612956 0.0306929
 0.312298 0.411533 0.173228 0.0597491 0.0431913
 0.318363 0.349739 0.198614 0.0836033 0.049681
 0.435181 0.292892 0.139522 0.0792336 0.0531715
 0.441362 0.366956 0.0993984 0.0473496 0.0449342
 0.541978 0.321278 0.0898237 0.0243308 0.0225893
 0.574963 0.324199 0.0707327 0.0197756 0.0103299
 0.471753 0.397022 0.100092 0.0218377 0.00929468
 0.478355 0.343422 0.13395 0.0337697 0.0105037
 0.459041 0.356034 0.121744 0.0474857 0.015695
 0.54109 0.293062 0.109153 0.0373244 0.01937
 0.526723 0.336028 0.087648 0.0326452 0.016956
 0.476382 0.363306 0.113822 0.0296888 0.0168013
 0.530158 0.305705 0.113885 0.0356795 0.0145731
 0.522796 0.333439 0.0935413 0.0348471 0.0153766
 0.528539 0.326175 0.101516 0.0284788 0.0152907
pobs_RECLAS
 0 0 0 0 0
 0 0 0 0 0
 0 0 0 0 0
 0 0 0 0 0
 0.835266 0.146461 0.0176864 0.000547809 3.91292e-05
 0.385257 0.428462 0.181853 0.0044286 0
 0.867414 0.0963971 0.0333333 0.00285562 0
 0.441836 0.489002 0.0689373 0.000224442 0
 0.779404 0.147425 0.0564933 0.0165055 0.000172143
 0.814271 0.122319 0.05973 0.00367925 0
 0.40263 0.566651 0.0304383 0.000280538 0
 0.475488 0.404961 0.113038 0.00651328 0
 0.955842 0.0263864 0.0167828 0.000988607 0
 0.975058 0.0227948 0.00214734 0 0
 0.738997 0.206755 0.0527124 0.00153531 0
 0.850938 0.134255 0.0134407 0.00136685 0
 0.542534 0.407297 0.0501686 0 0
 0.764087 0.199537 0.0359546 0.000420521 0
 0.470689 0.182191 0.310203 0.0369168 0
 0.84361 0.089868 0.0606195 0.00523954 0.000663233
 0.607945 0.314616 0.071237 0.00620181 0
 0.523733 0.453247 0.0230204 0 0
 0.530135 0.295979 0.169645 0.0042399 0
 0.562478 0.366248 0.0663022 0.0049721 0
 0.250443 0.683176 0.0655157 0.000865301 0
ppred_RECLAS
 0.642481 0.256373 0.090825 0.0103152 5.36672e-06
 0.460037 0.427486 0.0806566 0.0285741 0.00324692
 0.320701 0.434759 0.193601 0.036528 0.0144112
 0.395452 0.304042 0.192327 0.0856444 0.0225343
 0.473756 0.300081 0.113743 0.0719501 0.0404699
 0.371099 0.404829 0.127773 0.0484311 0.0478678
 0.492981 0.280099 0.146071 0.0461031 0.0347467
 0.395896 0.402539 0.111353 0.0580705 0.0321418
 0.441514 0.324159 0.156141 0.043193 0.0349926
 0.413693 0.367764 0.126847 0.0611002 0.030595
 0.317104 0.408657 0.172018 0.0593316 0.0428895
 0.322962 0.347379 0.197274 0.0830392 0.0493458
 0.444155 0.288238 0.137306 0.0779748 0.0523268
 0.461748 0.353565 0.095771 0.0456217 0.0432944
 0.556298 0.311233 0.0870153 0.0235701 0.021883
 0.57877 0.321295 0.0700991 0.0195985 0.0102374
 0.474188 0.395193 0.0996306 0.0217371 0.00925184
 0.47981 0.342463 0.133576 0.0336755 0.0104744
 0.460218 0.35526 0.121479 0.0473824 0.0156609
 0.542175 0.292369 0.108895 0.0372362 0.0193242
 0.527215 0.335678 0.0875567 0.0326112 0.0169383
 0.477032 0.362855 0.113681 0.0296519 0.0167804
 0.530929 0.305203 0.113698 0.035621 0.0145492
 0.523477 0.332963 0.0934079 0.0347974 0.0153547
 0.529035 0.325832 0.101409 0.0284489 0.0152746
pobs_PELACES
 0 0 0 0 0
 0 0 0 0 0
 0 0 0 0 0
 0 0 0 0 0
 0 0 0 0 0
 0 0 0 0 0
 0 0 0 0 0
 0 0 0 0 0
 0 0 0 0 0
 0 0 0 0 0
 0.450072 0.473896 0.0757376 0.000293798 0
 0 0 0 0 0
 0.463077 0.371075 0.160297 0.00555027 0
 0.529543 0.364841 0.0842815 0.0213345 0
 0.631943 0.363953 0.00410389 0 0
 0.735681 0.248677 0.0153453 0.000297389 0
 0.695825 0.281241 0.0229344 0 0
 0.275771 0.60734 0.115278 0.00161068 0
 0 0 0 0 0
 0.896147 0.0623911 0.0374545 0.00400742 0
 0.803859 0.145111 0.0509908 3.86294e-05 0
 0.739449 0.233085 0.0266225 0.000797448 4.60066e-05
 0.878498 0.100942 0.0204185 0.000141795 0
 0.694673 0.275183 0.0284847 0.00165964 0
 0 0 0 0 0
ppred_PELACES
 0.650906 0.250332 0.0886847 0.0100722 5.24025e-06
 0.467005 0.421969 0.0796157 0.0282053 0.00320502
 0.330717 0.428348 0.190746 0.0359894 0.0141987
 0.397679 0.302922 0.191619 0.0853289 0.0224513
 0.474319 0.29976 0.113621 0.0718731 0.0404266
 0.378041 0.40036 0.126362 0.0478966 0.0473394
 0.497371 0.277674 0.144806 0.0457039 0.0344458
 0.404445 0.396842 0.109777 0.0572487 0.031687
 0.451681 0.318258 0.153299 0.0424067 0.0343556
 0.422436 0.36228 0.124956 0.0601891 0.0301388
 0.335427 0.397692 0.167402 0.0577396 0.0417387
 0.340711 0.338272 0.192102 0.0808623 0.0480522
 0.47374 0.272897 0.129998 0.0738245 0.0495417
 0.513539 0.319545 0.0865559 0.0412319 0.0391286
 0.596328 0.283155 0.079165 0.0214436 0.0199088
 0.594169 0.309549 0.0675366 0.018882 0.00986317
 0.485078 0.387008 0.0975671 0.0212869 0.00906022
 0.486853 0.337827 0.131768 0.0332195 0.0103325
 0.466065 0.351411 0.120163 0.0468691 0.0154912
 0.5476 0.288905 0.107605 0.0367949 0.0190952
 0.529848 0.333809 0.0870692 0.0324296 0.016844
 0.480442 0.360489 0.112939 0.0294586 0.016671
 0.534914 0.30261 0.112732 0.0353183 0.0144256
 0.527033 0.330478 0.0927107 0.0345377 0.0152401
 0.531683 0.324 0.100839 0.0282889 0.0151887
pobs_pel_tallas
 0 0 0 0 0 0 0 0 0 0 0 0 0 0 0 0 0 0 0 0 0 0 0 0 0 0 0 0 0 0 0 0 0 0 0 0
 0 0 0 0 0 0 0 0 0 0 0 0 0 0 0 0 0 0 0 0 0 0 0 0 0 0 0 0 0 0 0 0 0 0 0 0
 0 0 0 0 0 0 0 0 0 0 0 0 0 0 0 0 0 0 0 0 0 0 0 0 0 0 0 0 0 0 0 0 0 0 0 0
 0 0 0 0 0 0 0 0 0 0 0 0 0 0 0 0 0 0 0 0 0 0 0 0 0 0 0 0 0 0 0 0 0 0 0 0
 0 0 0 0 0 0 0 0 0 0 0 0 0 0 0 0 0 0 0 0 0 0 0 0 0 0 0 0 0 0 0 0 0 0 0 0
 0 0 0 0 0 0 0 0 0 0 0 0 0 0 0 0 0 0 0 0 0 0 0 0 0 0 0 0 0 0 0 0 0 0 0 0
 0 0 0 0 0 0 0 0 0 0 0 0 0 0 0 0 0 0 0 0 0 0 0 0 0 0 0 0 0 0 0 0 0 0 0 0
 0 0 0 0 0 0 0 0 0 0 0 0 0 0 0 0 0 0 0 0 0 0 0 0 0 0 0 0 0 0 0 0 0 0 0 0
 0 0 0 0 0 0 0 0 0 0 0 0 0 0 0 0 0 0 0 0 0 0 0 0 0 0 0 0 0 0 0 0 0 0 0 0
 0 0 0 0 0 0 0 0 0 0 0 0 0 0 0 0 0 0 0 0 0 0 0 0 0 0 0 0 0 0 0 0 0 0 0 0
 0 0 0 0 0 0 0 0 1.78061e-05 0.00172719 0.00360574 0.0105946 0.0120993 0.0124554 0.0147524 0.0171206 0.0266825 0.0428682 0.0675386 0.121331 0.153587 0.119568 0.100827 0.0573624 0.0630603 0.0341343 0.0324427 0.0444173 0.0211091 0.0280891 0.0125444 0.00206551 0 0 0 0
 0 0 0 0 0 0 0 0 0 0 0 0 0 0 0 0 0 0 0 0 0 0 0 0 0 0 0 0 0 0 0 0 0 0 0 0
 0 0 0 0 0 0 0.0133647 0.0140871 0.0187388 0.0205184 0.03894 0.0496705 0.03968 0.0493445 0.0407372 0.0367815 0.0215668 0.0243155 0.0234873 0.0199281 0.019796 0.0243948 0.0301388 0.0376714 0.0412746 0.0863199 0.0771752 0.113111 0.0741005 0.0525337 0.0229764 0.00759418 0.00175318 0 0 0
 0 0 0 0 0 0 0 0 0 0 0.00219441 0.00772107 0.0458388 0.0604681 0.0671733 0.0775358 0.0609151 0.0617685 0.073594 0.0568108 0.0755445 0.0548602 0.0670107 0.0636378 0.0643287 0.046367 0.0373049 0.0286899 0.0247887 0.0153202 0.00654259 0.00121912 0.000365735 0 0 0
 0 0 0 0 0 0 0 0 0 0 0 0 0.000112435 0.00938835 0.0111873 0.0202946 0.0414886 0.0713402 0.111592 0.104902 0.108894 0.110636 0.117776 0.105296 0.107544 0.0401394 0.0192827 0.0124803 0.00416011 0.0028671 0.000618394 0 0 0 0 0
 0 0 0 0 0 0 0 0 0 0 0.00291406 0.0102884 0.027416 0.0768956 0.0749926 0.110853 0.0956884 0.0897413 0.0766577 0.0534642 0.0500743 0.0551293 0.0594112 0.0620874 0.0668451 0.0424026 0.0208742 0.0120726 0.0048766 0.00582813 0.00118941 0.000297354 0 0 0 0
 0 0.00264628 0.0354308 0.0461629 0.0458689 0.0383711 0.0214643 0.0164657 0.0346957 0.0420465 0.0363128 0.0245516 0.0311673 0.0291091 0.0169068 0.0133784 0.00837989 0.0085269 0.0148486 0.0160247 0.0276389 0.0546898 0.0760071 0.122758 0.109233 0.0665981 0.0333725 0.0166128 0.00676272 0.00308733 0.000882094 0 0 0 0 0
 0 0 0 0 0 0 0 0.000805153 0.000690131 0.00759144 0.0133425 0.0154129 0.00931677 0.000345066 0.00356568 0.00563607 0.00851162 0.0253048 0.0502646 0.0516448 0.0657925 0.0565908 0.0611916 0.0827007 0.0866115 0.110766 0.145733 0.0935128 0.0569358 0.0249597 0.0138026 0.00621118 0.00161031 0.00115022 0 0
 0 0 0 0 0 0 0 0 0 0 0 0 0 0 0 0 0 0 0 0 0 0 0 0 0 0 0 0 0 0 0 0 0 0 0 0
 0.00147267 0.00158595 0.00478618 0.00569244 0.00954404 0.0108468 0.00647125 0.017049 0.0510054 0.094081 0.124002 0.0959785 0.0687766 0.0820023 0.061753 0.0591476 0.0492212 0.0479892 0.0443925 0.0268479 0.0217502 0.0140895 0.0121071 0.0120363 0.00920419 0.00665534 0.0049561 0.00860946 0.00930331 0.0156896 0.0114698 0.00855282 0.00243557 0.00046729 0 2.83206e-05
 0 0 0 0 0.000772559 0.00158375 0.000888443 0.00281984 0.00712685 0.0440552 0.0773331 0.111326 0.0921469 0.0852325 0.0710754 0.0886704 0.0786465 0.0553345 0.0373146 0.0185414 0.00753245 0.00457741 0.012979 0.0271748 0.0457355 0.0583668 0.034881 0.0177882 0.00938659 0.00492506 0.0015258 0.00185414 0.000309023 5.79419e-05 3.86279e-05 0
 0 0.00173294 0.00326652 0 0.00397197 0.00683976 0.00946217 0.0152591 0.00757587 0.0136028 0.0228656 0.0392903 0.0559909 0.0764795 0.0681675 0.0726916 0.0566044 0.0477403 0.0527397 0.0444891 0.0609904 0.0582453 0.0661739 0.0445044 0.0529084 0.0360697 0.0280645 0.0235558 0.0158879 0.00826598 0.00280645 0.00217768 0.000904811 0.00058276 9.20147e-05 0
 0 0 0 0 0 0 0 0 0 0 0 0 0 0 0 0 0 0 0 0 0 0 0 0 0 0 0 0 0 0 0 0 0 0 0 0
 0 0 0 0 0 0 0 0 0 0 0 0 0 0 0 0 0 0 0 0 0 0 0 0 0 0 0 0 0 0 0 0 0 0 0 0
 0 0 0 0 0 0 0 0 0 0 0 0 0 0 0 0 0 0 0 0 0 0 0 0 0 0 0 0 0 0 0 0 0 0 0 0
ppred_pel_tallas
 1.01687e-16 2.84055e-05 0.000166703 0.000792402 0.00305074 0.00951341 0.0240302 0.0491699 0.0815077 0.109472 0.119152 0.10516 0.0754069 0.04427 0.0219755 0.0105178 0.00684591 0.00734564 0.00978529 0.0131391 0.0169032 0.020679 0.0240559 0.0266427 0.0281429 0.0284181 0.0275141 0.0256366 0.0230907 0.0202048 0.0172642 0.0144727 0.0119452 0.00972411 0.00780652 0.00616919
 1.02387e-16 2.03935e-05 0.00011965 0.000568671 0.00218926 0.00682687 0.0172445 0.035287 0.0585017 0.0785951 0.0856031 0.0756891 0.0545756 0.0326474 0.0173336 0.0101731 0.00908243 0.0115418 0.0159537 0.0214816 0.0275429 0.033524 0.0387455 0.0425623 0.0445012 0.0443696 0.0422951 0.0386788 0.0340852 0.0291045 0.0242343 0.0198107 0.0159975 0.0128186 0.0102123 0.00808286
 1.04748e-16 1.44512e-05 8.47624e-05 0.000402809 0.00155064 0.00483537 0.0122141 0.0249947 0.0414426 0.0556899 0.0606905 0.0537448 0.0389339 0.0236548 0.0132269 0.0088117 0.00900944 0.0121001 0.0169847 0.0230505 0.0297983 0.0366415 0.0429002 0.0479053 0.0511357 0.0523268 0.0515157 0.0490028 0.0452548 0.0407809 0.0360277 0.0313191 0.0268477 0.022703 0.0189145 0.0154891
 1.068e-16 1.73659e-05 0.000101886 0.000484241 0.00186423 0.00581329 0.0146841 0.0300475 0.0498141 0.0669204 0.0728789 0.0644183 0.0464055 0.0276751 0.0145437 0.00831501 0.00721574 0.00911714 0.0126998 0.0173221 0.0225867 0.0280861 0.033352 0.0379105 0.0413714 0.0435017 0.044257 0.04376 0.0422411 0.0399639 0.0371643 0.0340201 0.0306531 0.0271497 0.0235883 0.0200554
 1.0607e-16 2.07074e-05 0.000121504 0.000577512 0.00222334 0.00693319 0.0175129 0.0358353 0.0594072 0.0798007 0.0868879 0.0767577 0.0551999 0.0327289 0.0168472 0.0090698 0.00723802 0.00877184 0.0120698 0.0163629 0.0212059 0.0261764 0.0308085 0.0346465 0.0373347 0.0386898 0.0387289 0.0376406 0.0357165 0.0332664 0.0305496 0.0277393 0.0249244 0.0221365 0.0193849 0.016685
 1.05782e-16 1.65134e-05 9.68723e-05 0.000460387 0.00177235 0.00552676 0.0139605 0.0285676 0.0473638 0.0636379 0.0693289 0.0613393 0.0443151 0.0266836 0.014487 0.00900658 0.00859471 0.0112471 0.0156935 0.0212579 0.0274414 0.0336909 0.0393776 0.0438914 0.046767 0.0477844 0.047006 0.0447366 0.0414262 0.03755 0.0335076 0.0295682 0.025867 0.0224388 0.0192666 0.016324
 1.05326e-16 2.17118e-05 0.000127403 0.000605557 0.00233133 0.00726995 0.0183635 0.0375755 0.062291 0.0836713 0.0910938 0.0804531 0.0578135 0.0341906 0.0174383 0.00912967 0.00698647 0.00829358 0.0113723 0.015432 0.0200382 0.0247947 0.0292654 0.0330191 0.0357114 0.0371525 0.0373352 0.0364121 0.0346364 0.0322867 0.0296063 0.0267702 0.0238849 0.0210087 0.01818 0.0154378
 1.05136e-16 1.76645e-05 0.000103631 0.000492519 0.00189607 0.00591257 0.014935 0.0305615 0.0506685 0.068075 0.0741545 0.0655889 0.0473422 0.0284199 0.0152723 0.00925359 0.00858323 0.0111023 0.0154449 0.0208938 0.0269367 0.0330187 0.0385143 0.0428194 0.0454775 0.046279 0.045298 0.0428511 0.0393998 0.035429 0.0313456 0.0274222 0.0237931 0.0204877 0.0174796 0.0147304
 1.05343e-16 1.97212e-05 0.000115712 0.000549971 0.0021173 0.00660248 0.0166776 0.0341264 0.0565751 0.0759998 0.082758 0.0731298 0.0526356 0.0312986 0.0162773 0.00903156 0.00752343 0.00931007 0.0128715 0.0174658 0.0226417 0.0279521 0.0328962 0.0369801 0.0398136 0.041189 0.0411131 0.03978 0.0375009 0.0346159 0.0314207 0.028127 0.0248601 0.0216822 0.0186252 0.0157168
 1.05369e-16 1.84477e-05 0.000108232 0.000514399 0.00198032 0.00617531 0.0155986 0.0319191 0.0529178 0.0710924 0.0774293 0.0684568 0.0493499 0.0295006 0.0156274 0.00912289 0.00810695 0.0103117 0.0143134 0.0193883 0.0250528 0.0308005 0.036062 0.0402827 0.0430366 0.0441157 0.0435647 0.0416456 0.038752 0.0353023 0.0316506 0.0280389 0.0245937 0.0213562 0.0183244 0.0154895
 1.06441e-16 1.46552e-05 8.59632e-05 0.000408524 0.00157266 0.00490404 0.0123876 0.0253493 0.0420294 0.0564752 0.0615376 0.054474 0.0394169 0.023858 0.0131788 0.00854099 0.0085098 0.0113309 0.0158912 0.0215884 0.0279551 0.0344537 0.0404627 0.0453696 0.048696 0.0501962 0.0498964 0.0480585 0.0450893 0.0414275 0.0374497 0.0334189 0.0294824 0.0257023 0.0220994 0.0186885
 1.07861e-16 1.48832e-05 8.73073e-05 0.000414926 0.00159733 0.00498099 0.0125819 0.0257464 0.042686 0.0573519 0.0624784 0.0552726 0.0399202 0.0240145 0.0129997 0.00803131 0.00762993 0.0100027 0.0140294 0.0191382 0.0249276 0.0309521 0.0366919 0.0416238 0.0453224 0.0475419 0.0482503 0.0476027 0.045872 0.0433622 0.0403384 0.0369921 0.0334435 0.0297681 0.0260295 0.0223028
 1.06786e-16 2.06811e-05 0.000121352 0.000576793 0.00222059 0.0069246 0.0174912 0.0357906 0.0593324 0.0796981 0.0867706 0.0766407 0.0550866 0.0326036 0.0166765 0.00880937 0.00683818 0.00818304 0.0112501 0.0152893 0.0198869 0.0246629 0.0291973 0.033074 0.0359599 0.0376698 0.0381919 0.0376643 0.0363158 0.0343941 0.0321076 0.0295978 0.0269429 0.0241823 0.021347 0.0184813
 1.04578e-16 2.24184e-05 0.000131547 0.000625253 0.00240715 0.00750639 0.0189608 0.0387979 0.0643181 0.0863964 0.0940665 0.0830926 0.0597404 0.0353901 0.0181584 0.00967741 0.00759898 0.00911669 0.0124821 0.0168484 0.0217208 0.0266346 0.0310843 0.0345849 0.0367707 0.0374739 0.0367545 0.0348661 0.0321772 0.0290736 0.0258763 0.0227978 0.0199392 0.0173181 0.0149094 0.0126809
 1.02884e-16 2.60269e-05 0.000152736 0.000725994 0.00279504 0.00871601 0.0220161 0.0450491 0.0746784 0.100305 0.109187 0.0963968 0.0691908 0.0407576 0.0204865 0.0102294 0.00721586 0.0081528 0.0109989 0.0147956 0.0190361 0.0232878 0.0270942 0.0300207 0.0317413 0.0321096 0.0311856 0.0292069 0.0265175 0.0234807 0.0204037 0.017496 0.0148637 0.0125319 0.0104793 0.00866942
 1.0217e-16 2.59339e-05 0.000152187 0.000723379 0.00278496 0.00868458 0.0219368 0.0448869 0.0744103 0.0999468 0.108804 0.0960724 0.068989 0.0407008 0.0205722 0.0104586 0.00760835 0.00874453 0.0118285 0.0158878 0.0203866 0.0248511 0.0287797 0.0316978 0.0332556 0.033306 0.0319342 0.0294244 0.0261796 0.0226223 0.0191092 0.0158823 0.0130605 0.0106646 0.00865579 0.00697259
 1.02666e-16 2.11802e-05 0.000124272 0.00059065 0.0022739 0.00709081 0.0179111 0.0366508 0.0607612 0.0816262 0.0888927 0.0785698 0.0565921 0.0337325 0.0176893 0.0100401 0.00860142 0.010744 0.014812 0.0199629 0.0256428 0.0312873 0.0362733 0.0400057 0.0420417 0.0421902 0.0405489 0.0374641 0.033432 0.028976 0.0245414 0.020434 0.0168102 0.0137059 0.0110835 0.00887606
 1.03605e-16 2.12557e-05 0.000124719 0.000592787 0.00228214 0.00711654 0.0179761 0.0367833 0.0609795 0.0819153 0.0891968 0.078813 0.0567117 0.033693 0.0174672 0.00960009 0.00788504 0.00967705 0.0133247 0.0180157 0.0232527 0.0285475 0.0333594 0.0371637 0.039556 0.0403384 0.0395532 0.0374516 0.0344148 0.0308539 0.0271254 0.0234831 0.0200712 0.0169478 0.0141217 0.0115837
 1.04155e-16 2.03497e-05 0.000119399 0.000567493 0.00218475 0.00681282 0.0172089 0.0352137 0.0583783 0.0784236 0.0854016 0.0754756 0.0543452 0.0323571 0.0169034 0.0094956 0.00803379 0.00999499 0.0137996 0.0186599 0.0240762 0.0295458 0.0345102 0.038428 0.0408855 0.0416844 0.0408764 0.0387291 0.0356414 0.0320395 0.0282874 0.024638 0.0212272 0.0181013 0.015257 0.0126764
 1.03779e-16 2.39025e-05 0.000140263 0.000666694 0.00256672 0.00800399 0.0202176 0.0413693 0.0685794 0.0921159 0.100282 0.0885535 0.0636035 0.0375518 0.0190345 0.00976951 0.0072312 0.00841238 0.0114487 0.0154589 0.019962 0.0245301 0.0287018 0.0320314 0.0341757 0.0349662 0.0344378 0.0328007 0.0303729 0.0274954 0.0244602 0.021471 0.0186394 0.0160068 0.0135767 0.0113428
 1.03247e-16 2.31302e-05 0.000135725 0.00064511 0.0024836 0.00774478 0.0195629 0.0400301 0.0663609 0.0891406 0.0970548 0.0857333 0.0616413 0.0365206 0.018746 0.0100014 0.00786268 0.00943159 0.0128988 0.0173821 0.02236 0.0273393 0.0317851 0.0351863 0.0371604 0.0375376 0.0363925 0.0340095 0.0307983 0.0271905 0.0235507 0.0201262 0.0170413 0.0143233 0.0119437 0.00985607
 1.03512e-16 2.0977e-05 0.000123081 0.000584994 0.00225213 0.00702295 0.0177397 0.0362998 0.0601787 0.0808418 0.0880339 0.0777996 0.0560131 0.0333392 0.0173958 0.00973793 0.00819714 0.0101678 0.0140164 0.0189254 0.0243751 0.029844 0.0347554 0.0385538 0.0408189 0.041357 0.0402362 0.0377503 0.0343306 0.0304358 0.0264575 0.0226671 0.0192084 0.0161242 0.0133989 0.0109962
 1.03587e-16 2.33499e-05 0.000137017 0.000651261 0.00250729 0.00781868 0.0197496 0.0404117 0.0669926 0.0899863 0.0979682 0.0865225 0.0621706 0.0367578 0.0187281 0.00976896 0.00742262 0.0087581 0.011955 0.0161443 0.0208376 0.0255887 0.0299135 0.0333438 0.0355198 0.036266 0.0356213 0.0338101 0.0311712 0.0280683 0.0248144 0.0216293 0.0186347 0.0158766 0.0133588 0.011072
 1.03323e-16 2.30073e-05 0.000135004 0.000641683 0.00247041 0.00770363 0.019459 0.0398174 0.0660083 0.0886669 0.0965388 0.0852771 0.0613124 0.036324 0.0186423 0.00994187 0.00781212 0.00937088 0.0128201 0.0172845 0.0222483 0.0272245 0.0316837 0.0351189 0.0371488 0.0376009 0.0365436 0.0342514 0.0311239 0.0275827 0.0239854 0.0205763 0.0174802 0.0147287 0.0122997 0.0101538
 1.03219e-16 2.32098e-05 0.000136193 0.000647339 0.00249219 0.00777156 0.0196306 0.0401684 0.0665898 0.0894473 0.0973864 0.0860208 0.0618362 0.0366125 0.0187502 0.00993517 0.00773196 0.00923096 0.0126189 0.0170177 0.0219161 0.0268352 0.0312553 0.0346771 0.036723 0.037219 0.0362261 0.0340079 0.0309512 0.027467 0.0239061 0.0205109 0.0174096 0.0146399 0.0121876 0.0100205
pSPR Fmed_Fpbrs
0.70235   0.254687 0.254687
Fs Fmed_Fpbrs
0.183288   1.005 1.005
SSBpbr Bo_Bmed_Bpbrs
1.35644e+06  884875  277646 277646
Ro
63576.6
SPR SPRFo_SPRFmed_SPRFpbrs
1.31028e+06 920277 333712
log_Ro
10.88
likeval ReclasPelacesDesembMPH_pf_preclas_ppelaces_ptallas_desvR_qrecl_qpela
 193.34 55.6317 0.0958747 0.00109671 312.334 217.738 74.1929 0 17.0194 0 0 0 0 0 0
q_reclas_q_pelaces
1 1
M
0.7
N
 94545.6 19947.5 7066.78 802.593 0.417565
 86609.7 41986.2 7921.81 2806.45 318.901
 54393.9 39507.5 17592.9 3319.37 1309.57
 60337.6 23524.6 14880.9 6626.53 1743.54
 91663 29129.6 11041.3 6984.37 3928.52
 79243.6 45207.9 14268.6 5408.39 5345.48
 123297 35971.7 18759.1 5920.79 4462.34
 108193 58054.2 16059.4 8374.93 4635.5
 123443 48230.3 23231.7 6426.52 5206.41
 115295 54115.2 18665.2 8990.67 4501.95
 70230.2 51346.8 21613.6 7454.87 5388.96
 44615.6 27089 15383.6 6475.5 3848.05
 44719.8 17382.4 8280.31 4702.32 3155.6
 29518.3 15475.6 4191.93 1996.87 1895.01
 21794.6 7816.93 2185.48 591.986 549.613
 21543.3 6583.61 1436.39 401.59 209.773
 19824.3 8825.51 2224.97 485.437 206.614
 23157.6 8625.15 3364.2 848.137 263.803
 26396.3 10557.7 3610.15 1408.12 465.414
 43795.5 12206.4 4546.38 1554.61 806.786
 62917.8 20353.1 5308.8 1977.31 1027.02
 77931.6 30259.6 9480.17 2472.76 1399.37
 126085 37129.7 13832 4333.5 1770
 183540 59646.5 16732.9 6233.56 2750.61
 278921 87288.1 27166.9 7621.25 4091.97
pred_Ctot
 7235.23 2910.25 1031.01 117.095 0.0609209
 5096.04 4762.95 898.659 318.366 36.1765
 5089.87 6971.59 3104.49 585.745 231.091
 1208.55 930.796 588.791 262.192 68.9865
 450 285.148 108.083 68.3697 38.4561
 4919.8 5400.2 1704.42 646.045 638.531
 4609.79 2628.14 1370.57 432.582 326.026
 8010.33 8207.35 2270.38 1184 655.339
 10480.3 7764.91 3740.22 1034.65 838.214
 8608.94 7712.6 2660.2 1281.37 641.627
 11441.3 15076.9 6346.36 2188.96 1582.35
 7009.6 7700.41 4373 1840.74 1093.86
 9952.89 6698.64 3190.97 1812.13 1216.07
 10268.5 8537.46 2312.56 1101.62 1045.42
 6316.26 3744.2 1046.81 283.553 263.257
 2742.17 1546.2 337.345 94.3158 49.2665
 1779.37 1497.5 377.529 82.3682 35.0579
 1371 984.274 383.912 96.7866 30.1044
 1311.1 1016.89 347.721 135.627 44.8276
 2028.15 1098.48 409.137 139.902 72.6042
 1428.33 911.22 237.678 88.5252 45.9801
 2279.12 1738.14 544.55 142.038 80.3811
 4306.55 2483.28 925.102 289.83 118.38
 5597.19 3569.88 1001.48 373.082 164.626
 6370.64 3931.48 1223.6 343.264 184.303
F
 0.111743 0.223486 0.223486 0.223486 0.223486
 0.0849216 0.169843 0.169843 0.169843 0.169843
 0.138207 0.276415 0.276415 0.276415 0.276415
 0.0282 0.0564 0.0564 0.0564 0.0564
 0.00684706 0.0136941 0.0136941 0.0136941 0.0136941
 0.0897956 0.179591 0.179591 0.179591 0.179591
 0.0532193 0.106439 0.106439 0.106439 0.106439
 0.10793 0.21586 0.21586 0.21586 0.21586
 0.124665 0.249329 0.249329 0.249329 0.249329
 0.108896 0.217791 0.217791 0.217791 0.217791
 0.252649 0.505298 0.505298 0.505298 0.505298
 0.242624 0.485248 0.485248 0.485248 0.485248
 0.361149 0.722298 0.722298 0.722298 0.722298
 0.628717 1.25743 1.25743 1.25743 1.25743
 0.497079 0.994158 0.994158 0.994158 0.994158
 0.19242 0.38484 0.38484 0.38484 0.38484
 0.132228 0.264455 0.264455 0.264455 0.264455
 0.0854673 0.170935 0.170935 0.170935 0.170935
 0.0712619 0.142524 0.142524 0.142524 0.142524
 0.0662974 0.132595 0.132595 0.132595 0.132595
 0.0320153 0.0640306 0.0640306 0.0640306 0.0640306
 0.041414 0.0828279 0.0828279 0.0828279 0.0828279
 0.0485192 0.0970384 0.0970384 0.0970384 0.0970384
 0.0432192 0.0864385 0.0864385 0.0864385 0.0864385
 0.0322138 0.0644275 0.0644275 0.0644275 0.0644275
nmprior
 10 11 7 0
nm_flota  nm_reclas  nm_pelaces    nm_pelaL
inf 12.1834 13.4698 22.6585
cv_recla  cv_pelaces  cv_mph
1.25773 0.877659 1.07444
 ------------------------------------------------
Talla a la edad & desviación 
 7.2 14.2025 17.0495 18.207 18.6776
 1.08 2.13037 2.55742 2.73105 2.80164
