    unsorted:	 9.361633330e-06 8.988424332e-06 0.0008999969305 0.007476287177 109.0503070 94.27083848 88.98577648 63.80627006 36.98806722 31.10380167 246.3739797 222.3062711 383.2264177 489.1942965 521.4304782 647.7051718 726.2729131 745.8808086 828.3448393 900.0959817 927.2254937 1060.923766 1202.301752 1400.892297 1552.718923 1672.904451 1947.153953 2201.391430 2349.182855 2713.396571 2930.203982 3284.426887 3400.067603 3950.489417 4474.221406 4588.040716 4901.262995 9470.319992 10145.62730 196465.6617 437966.4213 428474.8600 404716.2750 456494.7971 376529.8493 341560.1001 279051.7033 232660.4909 529652.2804 522363.7344 593851.4805 632524.5813 721977.5683 829489.0097 899729.2218 1059148.699 1202266.085 1346627.655 1515420.921 1645400.752 1910633.695 2004947.821 2389165.545 2412897.479 2663658.911
      sorted:	 8.988424332e-06 9.361633330e-06 0.0008999969305 0.007476287177 31.10380167 36.98806722 63.80627006 88.98577648 94.27083848 109.0503070 222.3062711 246.3739797 383.2264177 489.1942965 521.4304782 647.7051718 726.2729131 745.8808086 828.3448393 900.0959817 927.2254937 1060.923766 1202.301752 1400.892297 1552.718923 1672.904451 1947.153953 2201.391430 2349.182855 2713.396571 2930.203982 3284.426887 3400.067603 3950.489417 4474.221406 4588.040716 4901.262995 9470.319992 10145.62730 196465.6617 232660.4909 279051.7033 341560.1001 376529.8493 404716.2750 428474.8600 437966.4213 456494.7971 522363.7344 529652.2804 593851.4805 632524.5813 721977.5683 829489.0097 899729.2218 1059148.699 1202266.085 1346627.655 1515420.921 1645400.752 1910633.695 2004947.821 2389165.545 2412897.479 2663658.911
