    unsorted:	 0.002805396354 0.0008999964636 14.80751509 12.07354682 4.580064745 28.38567955 23.31467224 78.17200381 74.68881850 43.42806005 54.45530704 82.26558026 196.4189936 277.3338924 310.5055600 413.2983007 426.0888502 479.6879141 506.9110111 573.9376150 710.1745360 718.0979400 654.2666282 739.1867521 773.4090676 830.3585373 868.6141541 901.1302103 952.8095775 953.7700270 1006.065351 1154.722980 1280.903048 1498.517724 1541.760137 1649.840138 1910.369356 2557.882834 4458.842491 195504.3984 201611.5231 331489.5579 302493.9150 371023.3301 416132.6386 478516.0543 488444.5708 567477.6161 599357.8204 652631.3254 732351.4580 785056.5708 957486.5577 1116754.684 1209033.863 1405144.714 1588566.494 1692059.976 1843883.680 1884443.339 2191099.301 2260381.351 2424170.350 2530744.398 2748217.605
      sorted:	 0.0008999964636 0.002805396354 4.580064745 12.07354682 14.80751509 23.31467224 28.38567955 43.42806005 54.45530704 74.68881850 78.17200381 82.26558026 196.4189936 277.3338924 310.5055600 413.2983007 426.0888502 479.6879141 506.9110111 573.9376150 654.2666282 710.1745360 718.0979400 739.1867521 773.4090676 830.3585373 868.6141541 901.1302103 952.8095775 953.7700270 1006.065351 1154.722980 1280.903048 1498.517724 1541.760137 1649.840138 1910.369356 2557.882834 4458.842491 195504.3984 201611.5231 302493.9150 331489.5579 371023.3301 416132.6386 478516.0543 488444.5708 567477.6161 599357.8204 652631.3254 732351.4580 785056.5708 957486.5577 1116754.684 1209033.863 1405144.714 1588566.494 1692059.976 1843883.680 1884443.339 2191099.301 2260381.351 2424170.350 2530744.398 2748217.605
