years
 1997 1998 1999 2000 2001 2002 2003 2004 2005 2006 2007 2008 2009 2010 2011 2012 2013 2014 2015 2016 2017 2018 2019 2020 2021
reclasobs
 0 0 0 370054 412103 1.49427e+06 250295 1.28982e+06 931140 785840 897777 1.04006e+06 184774 17550 25797 100020 73551 82996 120727 218422 84188 347160 605670 569463 516374
reclaspred
 843849 184386 400869 204142 323716 399980 861716 635388 711895 834793 782215 553289 334601 132803 74482.7 69168.2 79562.9 106424 116409 143563 222327 218710 351899 404118 422621
pelacesobs
 0 0 0 0 0 0 0 0 0 2.06254e+06 1.5e+06 0 1.87456e+06 323000 250000 174000 83755 137374 0 501740 490994 745055 786931 1.00524e+06 0
pelacespred
 2.73723e+06 777820 687476 695806 990924 911931 2.38405e+06 1.99849e+06 2.03209e+06 2.48718e+06 1.98662e+06 1.45229e+06 848740 260191 150559 155354 186828 264435 294458 349463 649396 625517 750958 1.01274e+06 1.06844e+06
mphobs
 0 0 0 0 0 112323 0 153150 637223 0 255016 313432 73983 77613 109348 50772 0 0 0 0 0 0 0 0 0
mphpred
 289629 142189 135181 96600.6 97852.9 176529 229349 317695 281894 315512 380098 265740 166412 88917.5 39529.1 29929.4 30423.2 38442.7 48047.5 51258.9 74519.9 95414.9 114174 146971 195284
desembarqueobs
 350755 77701 442110 56441 14545 235359 269955 359681 431902 328805 639364 411747 362871 311530 167758 66681 60226 58785 57116 71774 51957 67425 138520 160799 200461
desembarquepred
 350744 77684.8 441902 56439.1 14545 235398 269988 359484 431774 328713 638867 411497 362633 311339 167431 66654.5 60239.3 58752.1 57079.7 71751.6 51955.8 67398.4 138497 160791 200449
Reclutas
 30634.5 42231.4 13507.7 19407.6 44265.7 27302.9 65655.4 64185.6 82433 117167 66925.9 47700.8 51199.3 28103.4 13641.6 11009.1 8440.69 9743.05 9522.83 14025.8 19993.4 24079.9 34550.2 43030.2 10131
log_desv_Rt
 0.109883 0.43092 -0.708986 -0.346582 0.477966 -0.0052518 0.872175 0.849535 1.09974 1.45136 0.891342 0.552704 0.623481 0.0236472 -0.699117 -0.913521 -1.17918 -1.03569 -1.05855 -0.671344 -0.316843 -0.130868 0.230169 0.449657 -0.99664
SSB
 539164 264694 251649 179829 182160 328621 426949 591412 524766 587346 707578 494694 309788 165526 73586 55715.6 56634.9 71563.7 89443.7 95421.8 138724 177621 212542 273597 363535
BT
 1.48801e+06 393950 514515 313400 410076 482453 1.28767e+06 1.19113e+06 1.28929e+06 1.36228e+06 1.33068e+06 933062 722914 405674 209449 120176 127320 157262 154462 197097 305808 274817 362852 513017 488920
Ftot
 0.57903 0.654629 1.28384 0.406117 0.077719 0.717914 0.528283 0.853326 0.973141 0.651792 1.06516 0.996879 1.61294 2.90652 3.04591 1.36155 1.1197 0.838183 0.659726 0.74675 0.355783 0.421571 0.53194 0.575851 0.5444
BD_Bspro_t
 0.926164 0.654815 0.539198 0.29524 0.417558 0.618913 0.536396 0.577426 0.507518 0.488566 0.500423 0.344822 0.249362 0.166199 0.0911637 0.0853797 0.118602 0.196369 0.282663 0.350307 0.470377 0.596133 0.599066 0.585643 0.562777
BD_Bspro
 0.953154 0.467935 0.444875 0.317908 0.322029 0.580949 0.754776 1.04552 0.9277 1.03833 1.25088 0.874538 0.547655 0.292623 0.130088 0.0984962 0.100121 0.126513 0.158122 0.16869 0.245241 0.314006 0.37574 0.483675 0.642671
BD_Bo
 0.696425 0.341898 0.325049 0.23228 0.235291 0.424472 0.551479 0.763911 0.677826 0.75866 0.913961 0.638983 0.400145 0.213806 0.0950492 0.0719665 0.0731538 0.092437 0.115532 0.123254 0.179186 0.229429 0.274535 0.353398 0.469569
BD_Brms
 1.26623 0.621633 0.590999 0.422327 0.427802 0.771766 1.00269 1.38893 1.23241 1.37938 1.66175 1.16179 0.727537 0.388738 0.172817 0.130848 0.133007 0.168067 0.210059 0.224098 0.325793 0.417144 0.499155 0.642542 0.853762
S_f
 0.132699 1 1 1 1
 0.132699 1 1 1 1
 0.132699 1 1 1 1
 0.132699 1 1 1 1
 0.132699 1 1 1 1
 0.132699 1 1 1 1
 0.132699 1 1 1 1
 0.132699 1 1 1 1
 0.132699 1 1 1 1
 0.132699 1 1 1 1
 0.132699 1 1 1 1
 0.132699 1 1 1 1
 0.132699 1 1 1 1
 0.132699 1 1 1 1
 0.132699 1 1 1 1
 0.132699 1 1 1 1
 0.132699 1 1 1 1
 0.132699 1 1 1 1
 0.132699 1 1 1 1
 0.132699 1 1 1 1
 0.132699 1 1 1 1
 0.132699 1 1 1 1
 0.132699 1 1 1 1
 0.132699 1 1 1 1
 0.132699 1 1 1 1
Scru_reclas
 0.433423 0.79381 0.95092 0.989849 0.997966
 0.433423 0.79381 0.95092 0.989849 0.997966
 0.433423 0.79381 0.95092 0.989849 0.997966
 0.433423 0.79381 0.95092 0.989849 0.997966
 0.433423 0.79381 0.95092 0.989849 0.997966
 0.433423 0.79381 0.95092 0.989849 0.997966
 0.433423 0.79381 0.95092 0.989849 0.997966
 0.433423 0.79381 0.95092 0.989849 0.997966
 0.433423 0.79381 0.95092 0.989849 0.997966
 0.433423 0.79381 0.95092 0.989849 0.997966
 0.433423 0.79381 0.95092 0.989849 0.997966
 0.433423 0.79381 0.95092 0.989849 0.997966
 0.433423 0.79381 0.95092 0.989849 0.997966
 0.433423 0.79381 0.95092 0.989849 0.997966
 0.433423 0.79381 0.95092 0.989849 0.997966
 0.433423 0.79381 0.95092 0.989849 0.997966
 0.433423 0.79381 0.95092 0.989849 0.997966
 0.433423 0.79381 0.95092 0.989849 0.997966
 0.433423 0.79381 0.95092 0.989849 0.997966
 0.433423 0.79381 0.95092 0.989849 0.997966
 0.433423 0.79381 0.95092 0.989849 0.997966
 0.433423 0.79381 0.95092 0.989849 0.997966
 0.433423 0.79381 0.95092 0.989849 0.997966
 0.433423 0.79381 0.95092 0.989849 0.997966
 0.433423 0.79381 0.95092 0.989849 0.997966
Scru_pelaces
 0.489424 0.974743 0.999357 0.999984 1
 0.489424 0.974743 0.999357 0.999984 1
 0.489424 0.974743 0.999357 0.999984 1
 0.489424 0.974743 0.999357 0.999984 1
 0.489424 0.974743 0.999357 0.999984 1
 0.489424 0.974743 0.999357 0.999984 1
 0.489424 0.974743 0.999357 0.999984 1
 0.489424 0.974743 0.999357 0.999984 1
 0.489424 0.974743 0.999357 0.999984 1
 0.489424 0.974743 0.999357 0.999984 1
 0.489424 0.974743 0.999357 0.999984 1
 0.489424 0.974743 0.999357 0.999984 1
 0.489424 0.974743 0.999357 0.999984 1
 0.489424 0.974743 0.999357 0.999984 1
 0.489424 0.974743 0.999357 0.999984 1
 0.489424 0.974743 0.999357 0.999984 1
 0.489424 0.974743 0.999357 0.999984 1
 0.489424 0.974743 0.999357 0.999984 1
 0.489424 0.974743 0.999357 0.999984 1
 0.489424 0.974743 0.999357 0.999984 1
 0.489424 0.974743 0.999357 0.999984 1
 0.489424 0.974743 0.999357 0.999984 1
 0.489424 0.974743 0.999357 0.999984 1
 0.489424 0.974743 0.999357 0.999984 1
 0.489424 0.974743 0.999357 0.999984 1
pf_obs 
 0.256992 0.487395 0.22802 0.0275931 0
 0.321318 0.546541 0.124235 0.00734118 0.000564706
 0.182869 0.594174 0.210203 0.0122559 0.00049798
 0.330522 0.361315 0.267642 0.0388342 0.00168674
 0.649043 0.306663 0.0425973 0.00169635 0
 0.582887 0.30429 0.105238 0.00758474 0
 0.465427 0.430635 0.0974691 0.00646863 0
 0.296916 0.608066 0.0921331 0.00288517 0
 0.311714 0.524322 0.152257 0.0117073 0
 0.15457 0.633149 0.183074 0.0267441 0.00246327
 0.131901 0.49318 0.331252 0.0422183 0.00144891
 0.196976 0.569456 0.194076 0.0375587 0.00193317
 0.518974 0.381816 0.0799577 0.0180837 0.00116848
 0.0928022 0.601141 0.25162 0.0475244 0.00691264
 0.122501 0.610282 0.24278 0.0234846 0.000952079
 0.383417 0.481906 0.127806 0.00687128 0
 0.0376549 0.599619 0.316969 0.0457579 0
 0.0361596 0.667082 0.258105 0.0386534 0
 0.158088 0.579412 0.248529 0.0139706 0
 0.0477256 0.309471 0.559284 0.082774 0.000745712
 0.0406174 0.521527 0.379366 0.0568643 0.0016247
 0.151134 0.462217 0.34131 0.0453401 0
 0.294876 0.26143 0.354403 0.0886775 0.000613685
 0.281977 0.475581 0.204845 0.0348837 0.00271318
 0 0 0 0 0
pf_pred 
 0.209588 0.54718 0.216377 0.0268475 7.54452e-06
 0.268012 0.533046 0.137721 0.0544606 0.00675923
 0.102078 0.712843 0.134778 0.0348221 0.0154791
 0.249611 0.47229 0.220778 0.0417426 0.015579
 0.333242 0.502975 0.103084 0.048188 0.0125113
 0.146153 0.680006 0.131139 0.0268768 0.0158259
 0.357759 0.417903 0.178664 0.0344552 0.0112196
 0.242145 0.640907 0.0760972 0.0325334 0.00831707
 0.29806 0.553952 0.125151 0.0148597 0.00797697
 0.314748 0.576753 0.085624 0.0193446 0.00352985
 0.165626 0.691118 0.120574 0.0179002 0.00478203
 0.182897 0.591178 0.187135 0.0326479 0.0061417
 0.289456 0.525486 0.133891 0.0423825 0.0087851
 0.265747 0.646748 0.064715 0.016489 0.00630143
 0.293485 0.662361 0.0388918 0.0038916 0.00137049
 0.325183 0.640937 0.0317623 0.00186499 0.000252334
 0.240802 0.670215 0.0845155 0.00418826 0.000279195
 0.280474 0.584081 0.11957 0.015078 0.000797018
 0.232384 0.628779 0.112702 0.0230718 0.0030632
 0.298845 0.533944 0.136968 0.0245501 0.00569303
 0.283506 0.591043 0.0955337 0.0245064 0.00541113
 0.235155 0.597106 0.13837 0.0223655 0.00700402
 0.26706 0.543118 0.148192 0.0343411 0.00728904
 0.255889 0.582051 0.120088 0.0327666 0.00920482
 0.0603269 0.729411 0.164469 0.0339332 0.0118598
pobs_RECLAS
 0 0 0 0 0
 0 0 0 0 0
 0 0 0 0 0
 0 0 0 0 0
 0.835266 0.146461 0.0176864 0.000547809 3.91292e-05
 0.385257 0.428462 0.181853 0.0044286 0
 0.867414 0.0963971 0.0333333 0.00285562 0
 0.441836 0.489002 0.0689373 0.000224442 0
 0.779404 0.147425 0.0564933 0.0165055 0.000172143
 0.814271 0.122319 0.05973 0.00367925 0
 0.40263 0.566651 0.0304383 0.000280538 0
 0.475488 0.404961 0.113038 0.00651328 0
 0.955842 0.0263864 0.0167828 0.000988607 0
 0.975058 0.0227948 0.00214734 0 0
 0.738997 0.206755 0.0527124 0.00153531 0
 0.850938 0.134255 0.0134407 0.00136685 0
 0.542534 0.407297 0.0501686 0 0
 0.764087 0.199537 0.0359546 0.000420521 0
 0.470689 0.182191 0.310203 0.0369168 0
 0.84361 0.089868 0.0606195 0.00523954 0.000663233
 0.607945 0.314616 0.071237 0.00620181 0
 0.523733 0.453247 0.0230204 0 0
 0.530135 0.295979 0.169645 0.0042399 0
 0.562478 0.366248 0.0663022 0.0049721 0
 0.250443 0.683176 0.0655157 0.000865301 0
ppred_RECLAS
 0.517163 0.314571 0.149014 0.0192462 5.4528e-06
 0.599432 0.275713 0.0853337 0.0351258 0.0043953
 0.337369 0.504015 0.114155 0.0307013 0.0137593
 0.566181 0.253449 0.141927 0.0279328 0.0105104
 0.662224 0.241916 0.0593935 0.0289008 0.0075652
 0.416683 0.445429 0.102902 0.0219531 0.0130327
 0.689261 0.188475 0.0965258 0.019377 0.00636147
 0.577377 0.345889 0.0491969 0.0218939 0.00564302
 0.645891 0.26782 0.0724827 0.00895844 0.00484851
 0.657778 0.278828 0.0495872 0.0116616 0.00214537
 0.465087 0.427935 0.0894346 0.0138209 0.00372253
 0.48767 0.350642 0.132962 0.0241464 0.00457966
 0.655192 0.241663 0.073761 0.0243046 0.0050792
 0.693748 0.263124 0.0315397 0.0083651 0.00322303
 0.731344 0.248694 0.0174927 0.00182201 0.000646913
 0.692864 0.288801 0.0171445 0.00104788 0.000142942
 0.586027 0.357065 0.0539384 0.0027824 0.000187
 0.623454 0.294375 0.0721901 0.00947599 0.000505005
 0.557986 0.348978 0.0749309 0.0159674 0.00213735
 0.639408 0.261672 0.0804096 0.0150026 0.00350755
 0.616366 0.305238 0.0591021 0.0157816 0.00351322
 0.55451 0.332691 0.0923545 0.0155389 0.0049061
 0.596296 0.283784 0.092757 0.0223749 0.00478811
 0.585177 0.31021 0.0766696 0.021776 0.0061675
 0.207844 0.587408 0.158665 0.0340757 0.0120073
pobs_PELACES
 0 0 0 0 0
 0 0 0 0 0
 0 0 0 0 0
 0 0 0 0 0
 0 0 0 0 0
 0 0 0 0 0
 0 0 0 0 0
 0 0 0 0 0
 0 0 0 0 0
 0 0 0 0 0
 0.450072 0.473896 0.0757376 0.000293798 0
 0 0 0 0 0
 0.463077 0.371075 0.160297 0.00555027 0
 0.529543 0.364841 0.0842815 0.0213345 0
 0.631943 0.363953 0.00410389 0 0
 0.735681 0.248677 0.0153453 0.000297389 0
 0.695825 0.281241 0.0229344 0 0
 0.275771 0.60734 0.115278 0.00161068 0
 0 0 0 0 0
 0.896147 0.0623911 0.0374545 0.00400742 0
 0.803859 0.145111 0.0509908 3.86294e-05 0
 0.739449 0.233085 0.0266225 0.000797448 4.60066e-05
 0.878498 0.100942 0.0204185 0.000141795 0
 0.694673 0.275183 0.0284847 0.00165964 0
 0 0 0 0 0
ppred_PELACES
 0.550705 0.308629 0.125126 0.0155351 4.36565e-06
 0.635555 0.263572 0.0698179 0.0276262 0.0034288
 0.41245 0.464013 0.0899467 0.0232538 0.0103369
 0.589962 0.25567 0.122534 0.0231822 0.00865207
 0.658656 0.255893 0.0537694 0.0251509 0.00653017
 0.455651 0.431289 0.0852742 0.0174878 0.0102976
 0.71616 0.18307 0.0802432 0.0154846 0.00504231
 0.622756 0.317781 0.038684 0.0165488 0.00423071
 0.696972 0.23787 0.0550977 0.00654605 0.00351411
 0.686675 0.262659 0.0399787 0.00903784 0.00164918
 0.527866 0.389377 0.0696467 0.0103461 0.00276401
 0.550017 0.323298 0.104923 0.0183165 0.00344574
 0.744006 0.188076 0.0491305 0.0155618 0.00322573
 0.830281 0.149041 0.01529 0.00389823 0.00148977
 0.85821 0.132719 0.00798964 0.000799963 0.000281724
 0.755505 0.231926 0.0117836 0.000692328 9.36739e-05
 0.64668 0.310987 0.0402064 0.00199372 0.000132906
 0.666677 0.269294 0.0565205 0.00713183 0.000376991
 0.591517 0.333073 0.0612075 0.0125379 0.00166466
 0.678065 0.243686 0.064089 0.0114945 0.00266556
 0.628046 0.30547 0.0506216 0.0129936 0.0028691
 0.573119 0.331417 0.07874 0.0127352 0.00398824
 0.623555 0.277128 0.0775251 0.0179765 0.00381564
 0.614084 0.300206 0.0635022 0.0173377 0.0048706
 0.2269 0.596719 0.137947 0.0284791 0.00995373
pobs_pel_tallas
 0 0 0 0 0 0 0 0 0 0 0 0 0 0 0 0 0 0 0 0 0 0 0 0 0 0 0 0 0 0 0 0 0 0 0 0
 0 0 0 0 0 0 0 0 0 0 0 0 0 0 0 0 0 0 0 0 0 0 0 0 0 0 0 0 0 0 0 0 0 0 0 0
 0 0 0 0 0 0 0 0 0 0 0 0 0 0 0 0 0 0 0 0 0 0 0 0 0 0 0 0 0 0 0 0 0 0 0 0
 0 0 0 0 0 0 0 0 0 0 0 0 0 0 0 0 0 0 0 0 0 0 0 0 0 0 0 0 0 0 0 0 0 0 0 0
 0 0 0 0 0 0 0 0 0 0 0 0 0 0 0 0 0 0 0 0 0 0 0 0 0 0 0 0 0 0 0 0 0 0 0 0
 0 0 0 0 0 0 0 0 0 0 0 0 0 0 0 0 0 0 0 0 0 0 0 0 0 0 0 0 0 0 0 0 0 0 0 0
 0 0 0 0 0 0 0 0 0 0 0 0 0 0 0 0 0 0 0 0 0 0 0 0 0 0 0 0 0 0 0 0 0 0 0 0
 0 0 0 0 0 0 0 0 0 0 0 0 0 0 0 0 0 0 0 0 0 0 0 0 0 0 0 0 0 0 0 0 0 0 0 0
 0 0 0 0 0 0 0 0 0 0 0 0 0 0 0 0 0 0 0 0 0 0 0 0 0 0 0 0 0 0 0 0 0 0 0 0
 0 0 0 0 0 0 0 0 0 0 0 0 0 0 0 0 0 0 0 0 0 0 0 0 0 0 0 0 0 0 0 0 0 0 0 0
 0 0 0 0 0 0 0 0 1.78061e-05 0.00172719 0.00360574 0.0105946 0.0120993 0.0124554 0.0147524 0.0171206 0.0266825 0.0428682 0.0675386 0.121331 0.153587 0.119568 0.100827 0.0573624 0.0630603 0.0341343 0.0324427 0.0444173 0.0211091 0.0280891 0.0125444 0.00206551 0 0 0 0
 0 0 0 0 0 0 0 0 0 0 0 0 0 0 0 0 0 0 0 0 0 0 0 0 0 0 0 0 0 0 0 0 0 0 0 0
 0 0 0 0 0 0 0.0133647 0.0140871 0.0187388 0.0205184 0.03894 0.0496705 0.03968 0.0493445 0.0407372 0.0367815 0.0215668 0.0243155 0.0234873 0.0199281 0.019796 0.0243948 0.0301388 0.0376714 0.0412746 0.0863199 0.0771752 0.113111 0.0741005 0.0525337 0.0229764 0.00759418 0.00175318 0 0 0
 0 0 0 0 0 0 0 0 0 0 0.00219441 0.00772107 0.0458388 0.0604681 0.0671733 0.0775358 0.0609151 0.0617685 0.073594 0.0568108 0.0755445 0.0548602 0.0670107 0.0636378 0.0643287 0.046367 0.0373049 0.0286899 0.0247887 0.0153202 0.00654259 0.00121912 0.000365735 0 0 0
 0 0 0 0 0 0 0 0 0 0 0 0 0.000112435 0.00938835 0.0111873 0.0202946 0.0414886 0.0713402 0.111592 0.104902 0.108894 0.110636 0.117776 0.105296 0.107544 0.0401394 0.0192827 0.0124803 0.00416011 0.0028671 0.000618394 0 0 0 0 0
 0 0 0 0 0 0 0 0 0 0 0.00291406 0.0102884 0.027416 0.0768956 0.0749926 0.110853 0.0956884 0.0897413 0.0766577 0.0534642 0.0500743 0.0551293 0.0594112 0.0620874 0.0668451 0.0424026 0.0208742 0.0120726 0.0048766 0.00582813 0.00118941 0.000297354 0 0 0 0
 0 0.00264628 0.0354308 0.0461629 0.0458689 0.0383711 0.0214643 0.0164657 0.0346957 0.0420465 0.0363128 0.0245516 0.0311673 0.0291091 0.0169068 0.0133784 0.00837989 0.0085269 0.0148486 0.0160247 0.0276389 0.0546898 0.0760071 0.122758 0.109233 0.0665981 0.0333725 0.0166128 0.00676272 0.00308733 0.000882094 0 0 0 0 0
 0 0 0 0 0 0 0 0.000805153 0.000690131 0.00759144 0.0133425 0.0154129 0.00931677 0.000345066 0.00356568 0.00563607 0.00851162 0.0253048 0.0502646 0.0516448 0.0657925 0.0565908 0.0611916 0.0827007 0.0866115 0.110766 0.145733 0.0935128 0.0569358 0.0249597 0.0138026 0.00621118 0.00161031 0.00115022 0 0
 0 0 0 0 0 0 0 0 0 0 0 0 0 0 0 0 0 0 0 0 0 0 0 0 0 0 0 0 0 0 0 0 0 0 0 0
 0.00147267 0.00158595 0.00478618 0.00569244 0.00954404 0.0108468 0.00647125 0.017049 0.0510054 0.094081 0.124002 0.0959785 0.0687766 0.0820023 0.061753 0.0591476 0.0492212 0.0479892 0.0443925 0.0268479 0.0217502 0.0140895 0.0121071 0.0120363 0.00920419 0.00665534 0.0049561 0.00860946 0.00930331 0.0156896 0.0114698 0.00855282 0.00243557 0.00046729 0 2.83206e-05
 0 0 0 0 0.000772559 0.00158375 0.000888443 0.00281984 0.00712685 0.0440552 0.0773331 0.111326 0.0921469 0.0852325 0.0710754 0.0886704 0.0786465 0.0553345 0.0373146 0.0185414 0.00753245 0.00457741 0.012979 0.0271748 0.0457355 0.0583668 0.034881 0.0177882 0.00938659 0.00492506 0.0015258 0.00185414 0.000309023 5.79419e-05 3.86279e-05 0
 0 0.00173294 0.00326652 0 0.00397197 0.00683976 0.00946217 0.0152591 0.00757587 0.0136028 0.0228656 0.0392903 0.0559909 0.0764795 0.0681675 0.0726916 0.0566044 0.0477403 0.0527397 0.0444891 0.0609904 0.0582453 0.0661739 0.0445044 0.0529084 0.0360697 0.0280645 0.0235558 0.0158879 0.00826598 0.00280645 0.00217768 0.000904811 0.00058276 9.20147e-05 0
 0 0 0 0 0 0 0 0 0 0 0 0 0 0 0 0 0 0 0 0 0 0 0 0 0 0 0 0 0 0 0 0 0 0 0 0
 0 0 0 0 0 0 0 0 0 0 0 0 0 0 0 0 0 0 0 0 0 0 0 0 0 0 0 0 0 0 0 0 0 0 0 0
 0 0 0 0 0 0 0 0 0 0 0 0 0 0 0 0 0 0 0 0 0 0 0 0 0 0 0 0 0 0 0 0 0 0 0 0
ppred_pel_tallas
 1.02411e-16 2.40388e-05 0.000141061 0.000670483 0.0025813 0.00804946 0.0203325 0.0416045 0.0689698 0.0926419 0.100858 0.0890728 0.0639982 0.0378285 0.0192552 0.0100133 0.00756967 0.00890377 0.0121383 0.0163754 0.0211097 0.0258795 0.0301844 0.0335407 0.0355766 0.0361118 0.0351888 0.0330453 0.0300417 0.0265695 0.0229716 0.0194966 0.0162902 0.0134143 0.0108791 0.00867163
 1.02187e-16 2.77366e-05 0.000162775 0.000773725 0.00297883 0.00928914 0.0234638 0.0480109 0.079587 0.106894 0.116351 0.102698 0.0736639 0.0432921 0.021574 0.010465 0.00699316 0.00763436 0.0102087 0.0137058 0.0176164 0.0215267 0.0250087 0.0276565 0.0291669 0.0294054 0.0284316 0.0264719 0.0238536 0.0209223 0.0179716 0.0152032 0.0127208 0.0105504 0.0086718 0.00704836
 1.0271e-16 1.80164e-05 0.00010569 0.000502295 0.00193368 0.00602985 0.0152313 0.0311683 0.0516761 0.0694336 0.0756469 0.0669388 0.0483812 0.0291723 0.0159089 0.0099918 0.00962252 0.0126052 0.0175327 0.0236309 0.0303042 0.0368887 0.0426392 0.0468465 0.0489901 0.0488577 0.0465889 0.0426245 0.0375845 0.0321176 0.0267705 0.0219129 0.0177245 0.0142316 0.0113661 0.00902249
 1.03024e-16 2.57484e-05 0.000151103 0.000718234 0.00276517 0.00862287 0.0217808 0.0445675 0.0738794 0.0992298 0.108013 0.0953488 0.068415 0.0402535 0.0201471 0.00992161 0.00683166 0.00761994 0.0102761 0.013872 0.0179377 0.022084 0.0258981 0.0289784 0.0310103 0.0318305 0.0314533 0.0300495 0.0278886 0.0252672 0.0224468 0.0196192 0.0169015 0.0143522 0.0119966 0.0098473
 1.02017e-16 2.87436e-05 0.000168688 0.000801836 0.00308706 0.00962668 0.0243163 0.0497553 0.0824781 0.110775 0.120571 0.106412 0.0763036 0.0447947 0.0222318 0.010632 0.0069054 0.00739126 0.00982637 0.0131669 0.0168968 0.0206083 0.023885 0.0263351 0.0276699 0.0277674 0.0266966 0.0246893 0.0220746 0.0191966 0.016345 0.0137145 0.0114 0.00941658 0.00773235 0.00629894
 1.02434e-16 1.98988e-05 0.000116745 0.000554857 0.00213607 0.006661 0.0168255 0.0344299 0.0570812 0.0766885 0.0835313 0.0738686 0.0532876 0.0319266 0.0170414 0.0101425 0.00920632 0.0117805 0.0163071 0.0219625 0.0281605 0.034276 0.0396145 0.0435158 0.0454957 0.0453565 0.0432282 0.0395208 0.0348119 0.0297061 0.0247136 0.02018 0.0162745 0.0130226 0.0103617 0.00819346
 1.01967e-16 3.12482e-05 0.000183398 0.000871786 0.00335641 0.0104667 0.026438 0.0540958 0.0896704 0.120427 0.131054 0.115611 0.0827858 0.04837 0.0235798 0.0105683 0.00593819 0.0056851 0.00735249 0.00985078 0.0127112 0.0156224 0.0182825 0.0204042 0.0217648 0.0222521 0.0218831 0.0207877 0.0191671 0.0172404 0.0151998 0.0131844 0.0112767 0.00951462 0.00790972 0.00646369
 1.0142e-16 2.71807e-05 0.000159506 0.000758174 0.00291893 0.00910235 0.022992 0.0470461 0.0779893 0.104753 0.114033 0.100684 0.0722865 0.042618 0.0214881 0.0108349 0.00776601 0.00883809 0.0119059 0.0159438 0.0203872 0.0247417 0.0284894 0.0311467 0.0323654 0.0320142 0.0302075 0.0272681 0.0236418 0.0197901 0.0160986 0.0128229 0.0100801 0.00787454 0.00614082 0.00478592
 1.01249e-16 3.04137e-05 0.000178494 0.00084846 0.00326658 0.0101865 0.0257304 0.0526484 0.087273 0.117212 0.127569 0.112568 0.0806757 0.0472757 0.0233037 0.0108783 0.00671387 0.00692454 0.0091119 0.0121813 0.0156125 0.0190141 0.0219939 0.0241845 0.0253154 0.0252736 0.0241258 0.0220937 0.0194926 0.0166543 0.0138613 0.0113075 0.00909163 0.00723424 0.00570715 0.00446143
 1.01041e-16 2.99656e-05 0.000175862 0.00083594 0.00321837 0.0100362 0.0253506 0.0518716 0.085986 0.115486 0.125696 0.110931 0.079535 0.0466726 0.0231277 0.0109982 0.007057 0.00748086 0.00990334 0.0132299 0.0169182 0.0205414 0.023667 0.0258928 0.026928 0.0266599 0.025179 0.0227485 0.0197343 0.0165175 0.0134187 0.0106534 0.00832418 0.00644112 0.00495617 0.00379708
 1.01601e-16 2.3046e-05 0.000135225 0.000642725 0.0024744 0.00771607 0.0194905 0.0398823 0.0661174 0.0888182 0.0967162 0.0854637 0.0615115 0.0365721 0.0190075 0.010516 0.00870116 0.010684 0.014652 0.0196897 0.0252124 0.0306396 0.0353395 0.0387151 0.0403318 0.0400168 0.0378969 0.0343546 0.0299256 0.0251699 0.0205607 0.0164189 0.0129011 0.0100292 0.00774002 0.00593438
 1.02386e-16 2.40093e-05 0.000140887 0.000669652 0.0025781 0.00803947 0.0203073 0.041553 0.0688848 0.0925289 0.100738 0.0889742 0.0639431 0.0378274 0.0193122 0.010135 0.00776991 0.00920107 0.0125497 0.0169087 0.0217557 0.0266069 0.030939 0.0342502 0.0361613 0.0364987 0.035326 0.0329131 0.0296565 0.0259799 0.0222487 0.0187205 0.0155359 0.0127415 0.0103261 0.00825424
 1.01445e-16 3.24625e-05 0.000190527 0.000905678 0.0034869 0.0108736 0.0274658 0.0561988 0.0931563 0.125108 0.136146 0.1201 0.085992 0.0502266 0.0244527 0.0109025 0.00604052 0.0056995 0.00731933 0.00976022 0.0125289 0.015299 0.0177587 0.0196175 0.0206593 0.0207892 0.0200517 0.018611 0.0167037 0.0145797 0.0124516 0.0104652 0.0086958 0.00716159 0.00584685 0.0047229
 1.0047e-16 3.62228e-05 0.000212608 0.00101066 0.00389112 0.0121341 0.0306498 0.0627131 0.103953 0.139601 0.151902 0.133962 0.0958349 0.0558098 0.02686 0.0114452 0.00558758 0.00461039 0.00564632 0.00743818 0.00948094 0.011485 0.0131961 0.0143859 0.0148922 0.0146556 0.0137338 0.012283 0.0105179 0.00866045 0.00689596 0.00534742 0.00407076 0.0030669 0.0023021 0.00172825
 1.00198e-16 3.744e-05 0.000219755 0.00104464 0.00402196 0.0125422 0.0316804 0.0648218 0.107447 0.144292 0.157001 0.138446 0.099015 0.0576057 0.027619 0.0115873 0.00538849 0.00418052 0.00499757 0.00654701 0.00832434 0.0100575 0.011517 0.0124996 0.0128627 0.0125576 0.0116413 0.0102599 0.00861194 0.00690189 0.00529998 0.0039185 0.00280719 0.00196403 0.00135388 0.000927393
 1.00272e-16 3.29656e-05 0.000193477 0.000919693 0.00354085 0.0110418 0.0278908 0.0570687 0.0945992 0.127049 0.138267 0.12199 0.0873882 0.051128 0.0250502 0.0114344 0.00670058 0.00661911 0.00857829 0.0113896 0.0145008 0.0175138 0.0200416 0.0217312 0.0223346 0.0217681 0.0201334 0.0176884 0.0147827 0.0117758 0.00896698 0.00655339 0.00462174 0.00316736 0.00212693 0.00141186
 1.00747e-16 2.82236e-05 0.00016563 0.000787288 0.00303103 0.00945193 0.023875 0.0488527 0.0809836 0.108773 0.118405 0.104532 0.0750246 0.0441823 0.0221842 0.0110333 0.00771688 0.0086515 0.011607 0.015523 0.0198275 0.0240289 0.0276163 0.0301137 0.0311795 0.0306865 0.028751 0.0256967 0.0219704 0.0180368 0.0142863 0.0109817 0.00824699 0.00609132 0.00445044 0.00322791
 1.01153e-16 2.90939e-05 0.000170743 0.000811605 0.00312467 0.00974395 0.0246126 0.0503615 0.0834833 0.112126 0.122043 0.107716 0.0772501 0.0453723 0.0225591 0.0108551 0.00713556 0.00769551 0.0102408 0.0137061 0.0175547 0.0213546 0.024663 0.0270646 0.0282554 0.028111 0.0267127 0.0243184 0.0212922 0.0180168 0.0148175 0.011917 0.00942738 0.00736977 0.00570763 0.00437953
 1.01487e-16 2.58192e-05 0.000151512 0.000720163 0.00277258 0.00864594 0.0218392 0.0446874 0.0740803 0.0995057 0.108329 0.0956663 0.0687259 0.0406027 0.0206278 0.0106576 0.00796116 0.00928044 0.0125821 0.0168826 0.0216207 0.0262861 0.0303363 0.0332604 0.0346855 0.0344625 0.0326972 0.0297135 0.0259661 0.0219304 0.0180081 0.0144718 0.0114548 0.00897674 0.0069857 0.00539987
 1.01509e-16 2.95895e-05 0.000173655 0.000825452 0.003178 0.00991025 0.0250326 0.0512207 0.0849067 0.114035 0.124114 0.109528 0.0785139 0.0460433 0.0227607 0.0107337 0.00677299 0.00710391 0.00939604 0.0125823 0.0161483 0.0196988 0.0228337 0.0251758 0.0264452 0.0265203 0.0254621 0.0234885 0.0209129 0.0180669 0.0152337 0.0126093 0.0102958 0.00831909 0.00665756 0.00527005
 1.01399e-16 2.74109e-05 0.000160859 0.000764607 0.0029437 0.00917961 0.0231871 0.0474452 0.0786506 0.10564 0.114996 0.101525 0.0728739 0.0429303 0.021583 0.0107808 0.00760194 0.00857118 0.0115271 0.015444 0.0197683 0.0240229 0.0277089 0.0303588 0.0316329 0.0313972 0.0297524 0.026999 0.0235569 0.0198637 0.0162877 0.0130772 0.0103511 0.00812311 0.00634114 0.00492623
 1.0185e-16 2.50169e-05 0.000146802 0.000697772 0.00268636 0.00837709 0.0211601 0.0432979 0.0717772 0.0964132 0.104965 0.0927018 0.0666101 0.0393808 0.0200595 0.0104507 0.00791517 0.00930251 0.0126472 0.0169979 0.0218074 0.0265728 0.0307558 0.0338457 0.035465 0.0354541 0.0339035 0.0311186 0.0275348 0.023611 0.0197376 0.0161832 0.013085 0.0104727 0.00830961 0.00653076
 1.01987e-16 2.72139e-05 0.000159705 0.000759127 0.00292262 0.00911385 0.023021 0.0471051 0.0780861 0.10488 0.114163 0.100778 0.0723098 0.0425434 0.0212884 0.0104715 0.00718547 0.00797833 0.0107117 0.0143867 0.0184859 0.0225775 0.0262102 0.0289558 0.0304938 0.0306826 0.0295856 0.0274434 0.0246043 0.0214378 0.0182597 0.0152887 0.01264 0.0103449 0.00838361 0.006716
 1.01823e-16 2.68019e-05 0.000157284 0.000747612 0.00287827 0.00897555 0.0226717 0.0463906 0.0769024 0.103292 0.112441 0.099272 0.071261 0.0419895 0.0211278 0.010584 0.00750445 0.0084949 0.0114462 0.0153594 0.0196963 0.023992 0.027758 0.0305336 0.0319796 0.0319552 0.0305462 0.0280323 0.0248095 0.0212935 0.0178354 0.014674 0.0119276 0.00961708 0.00770331 0.00612359
 1.03597e-16 9.93104e-06 5.82097e-05 0.00027654 0.00106442 0.00331906 0.00838429 0.0171598 0.0284609 0.0382726 0.041781 0.0371698 0.027297 0.0173227 0.0110098 0.00928718 0.0113225 0.0160217 0.0226282 0.0305881 0.039274 0.0478664 0.0554126 0.0609971 0.063942 0.0639612 0.061218 0.0562613 0.0498726 0.0428742 0.0359642 0.0296205 0.0240846 0.0194058 0.0155154 0.0122963
pSPR Fmed_Fpbrs
0.420068   0.6 0.325
Fs Fmed_Fpbrs
0.750008   0.361103 1.14975
SSBpbr Bo_Bmed_Bpbrs
774189  286502  425804 212902
Ro
27446.7
SPR SPRFo_SPRFmed_SPRFpbrs
565663 237617 183840
log_Ro
10.04
likeval ReclasPelacesDesembMPH_pf_preclas_ppelaces_ptallas_desvR_qrecl_qpela
 67.9735 13.1833 0.0378605 0.000178939 291.207 187.518 71.8012 0 19.528 4.72318e-06 0.000170789 4.33318e-16 0 0 0
q_reclas_q_pelaces
1.36065 6.41907
M
0.7
N
 30634.5 13078.2 5171.64 641.684 0.180322
 42231.4 14087.6 3639.75 1439.31 178.635
 13507.7 19226.6 3635.19 939.212 417.498
 19407.6 5657.01 2644.44 499.986 186.602
 44265.7 9131.88 1871.57 874.888 227.152
 27302.9 21756.2 4195.67 859.898 506.335
 65655.4 12326.2 5269.76 1016.27 330.927
 64185.6 30396.2 3609.05 1542.96 394.452
 82433 28461.3 6430.1 763.469 409.846
 117167 35976 5340.95 1206.65 220.18
 66925.9 53362.6 9309.72 1382.11 369.23
 47700.8 28853.8 9133.56 1593.45 299.76
 51199.3 20752.4 5287.59 1673.77 346.94
 28103.4 20526 2053.87 523.314 199.99
 13641.6 9489.63 557.202 55.7549 19.6349
 11009.1 4521.93 224.089 13.1578 1.78026
 8440.69 4563.31 575.443 28.5167 1.90096
 9743.05 3612.79 739.592 93.2641 4.9299
 9522.83 4328.96 775.923 158.843 21.0892
 14025.8 4332.51 1111.38 199.204 46.1942
 19993.4 6307.93 1019.59 261.545 57.7504
 24079.9 9470.57 2194.65 354.735 111.089
 34550.2 11307.1 3085.21 714.947 151.75
 43030.2 15987.8 3298.59 900.035 252.838
 10131 19796.1 4463.69 920.944 321.874
pred_Ctot
 1636.66 4272.87 1689.67 209.65 0.0589145
 2539.68 5051.14 1305.04 516.067 64.0503
 1536.68 10731.1 2028.95 524.211 233.022
 734.548 1389.84 649.699 122.839 45.8455
 326.822 493.285 101.098 47.2597 12.2703
 1794.09 8347.36 1609.78 329.924 194.269
 3209.65 3749.23 1602.89 309.117 100.658
 4974.29 13165.9 1563.23 668.32 170.854
 7235.52 13447.4 3038.09 360.723 193.644
 7016.73 12857.6 1908.83 431.252 78.6914
 6396.07 26689.3 4656.26 691.262 184.671
 4283.22 13844.6 4382.46 764.571 143.831
 7182.62 13039.5 3322.39 1051.69 217.995
 6612.55 16093 1610.3 410.294 156.798
 3338.28 7534.09 442.379 44.2654 15.5887
 1322.4 2606.46 129.166 7.58421 1.02615
 845.345 2352.82 296.695 14.703 0.980125
 742.316 1545.86 316.46 39.9063 2.10943
 576.965 1561.14 279.819 57.283 7.60534
 957.071 1709.99 438.648 78.6232 18.2323
 664.877 1386.11 224.046 57.4724 12.6902
 945.222 2400.1 556.185 89.8994 28.1531
 1700.37 3458.02 943.537 218.649 46.4092
 2286.7 5201.37 1073.14 292.812 82.2567
 509.903 6165.23 1390.15 286.815 100.243
F
 0.0768367 0.57903 0.57903 0.57903 0.57903
 0.0868686 0.654629 0.654629 0.654629 0.654629
 0.170364 1.28384 1.28384 1.28384 1.28384
 0.0538913 0.406117 0.406117 0.406117 0.406117
 0.0103132 0.077719 0.077719 0.077719 0.077719
 0.0952664 0.717914 0.717914 0.717914 0.717914
 0.0701026 0.528283 0.528283 0.528283 0.528283
 0.113235 0.853326 0.853326 0.853326 0.853326
 0.129135 0.973141 0.973141 0.973141 0.973141
 0.0864921 0.651792 0.651792 0.651792 0.651792
 0.141345 1.06516 1.06516 1.06516 1.06516
 0.132285 0.996879 0.996879 0.996879 0.996879
 0.214035 1.61294 1.61294 1.61294 1.61294
 0.385692 2.90652 2.90652 2.90652 2.90652
 0.404189 3.04591 3.04591 3.04591 3.04591
 0.180677 1.36155 1.36155 1.36155 1.36155
 0.148584 1.1197 1.1197 1.1197 1.1197
 0.111226 0.838183 0.838183 0.838183 0.838183
 0.0875449 0.659726 0.659726 0.659726 0.659726
 0.0990929 0.74675 0.74675 0.74675 0.74675
 0.0472121 0.355783 0.355783 0.355783 0.355783
 0.055942 0.421571 0.421571 0.421571 0.421571
 0.0705879 0.53194 0.53194 0.53194 0.53194
 0.0764148 0.575851 0.575851 0.575851 0.575851
 0.0722412 0.5444 0.5444 0.5444 0.5444
nmprior
 10 11 7 0
nm_flota  nm_reclas  nm_pelaces    nm_pelaL
inf 26.2792 12.8503 21.4139
cv_recla  cv_pelaces  cv_mph
0.745752 0.427245 0.434001
 ------------------------------------------------
Talla a la edad & desviación 
 7.2 14.2025 17.0495 18.207 18.6776
 1.08 2.13037 2.55742 2.73105 2.80164
