years
 1997 1998 1999 2000 2001 2002 2003 2004 2005 2006 2007 2008 2009 2010 2011 2012 2013 2014 2015 2016 2017 2018 2019 2020 2021
reclasobs
 0 0 0 370054 412103 1.49427e+06 250295 1.28982e+06 931140 785840 897777 1.04006e+06 184774 17550 25797 100020 73551 82996 120727 218422 84188 347160 605670 569463 516374
reclaspred
 379796 105498 331642 246919 364173 433388 953117 633230 701845 632749 496858 333048 203725 95460.9 68348.9 70824.3 89411.8 122015 127796 186566 272397 248534 422203 526051 553720
pelacesobs
 0 0 0 0 0 0 0 0 0 2.06254e+06 1.5e+06 0 1.87456e+06 323000 250000 174000 83755 137374 0 501740 490994 745055 786931 1.00524e+06 0
pelacespred
 1.1245e+06 277267 538468 605740 762718 764044 1.89818e+06 1.5812e+06 1.54487e+06 1.40865e+06 998019 689772 420389 165153 116194 128493 169161 233141 252363 357176 577391 516325 692932 1.01287e+06 1.11258e+06
mphobs
 0 0 0 0 0 112323 0 153150 637223 0 255016 313432 73983 77613 109348 50772 0 0 0 0 0 0 0 0 0
mphpred
 140071 86718.8 108236 136843 145847 228318 344194 404568 345407 346795 322917 227365 140004 73833.1 36271.4 31802.1 39024.7 54202.2 66956.5 76471.6 116739 138702 173108 239740 338273
desembarqueobs
 350755 77701 442110 56441 14545 235359 269955 359681 431902 328805 639364 411747 362871 311530 167758 66681 60226 58785 57116 71774 51957 67425 138520 160799 200461
desembarquepred
 350761 77701.4 442111 56442.1 14545.1 235392 269980 359685 431934 328829 639589 412000 363216 311987 167806 66692.7 60244.2 58786.5 57112.8 71773.3 51957.3 67420 138519 160802 200461
Reclutas
 53551.3 68931 42431.4 69307.9 118382 84030.1 134802 125444 150371 147611 68357.8 40023.8 42498.4 23771.9 18681.5 23418.9 19350.8 21483.7 24114.4 45423.2 56798.9 71816 109828 133895 44958.9
log_desv_Rt
 -0.0516041 0.200861 -0.284355 0.206314 0.741671 0.398931 0.871562 0.799615 0.980859 0.962333 0.192511 -0.342771 -0.282777 -0.863741 -1.10471 -0.8787 -1.06951 -0.96495 -0.849434 -0.216222 0.00727262 0.241863 0.666673 0.864808 -0.226495
SSB
 711510 440499 549800 695111 740847 1.15977e+06 1.74837e+06 2.05505e+06 1.75454e+06 1.76159e+06 1.6403e+06 1.15493e+06 711170 375045 184245 161542 198231 275327 340114 388447 592989 704553 879323 1.21779e+06 1.7183e+06
BT
 2.30191e+06 627905 1.20699e+06 1.14441e+06 1.37675e+06 1.55365e+06 3.58269e+06 3.24023e+06 3.16199e+06 2.84046e+06 2.36786e+06 1.61596e+06 1.11102e+06 597261 351386 285322 352361 464493 501209 698197 1.07616e+06 987793 1.33622e+06 1.9463e+06 2.15849e+06
Ftot
 0.420448 0.345371 0.499117 0.0942986 0.0183285 0.179934 0.112889 0.222259 0.249619 0.200485 0.41578 0.385894 0.612102 1.07447 0.992172 0.390087 0.27806 0.188388 0.161308 0.164846 0.0777822 0.0996449 0.119848 0.119765 0.108258
BD_Bspro_t
 0.948555 0.76076 0.724111 0.607953 0.735036 0.850553 0.822318 0.828588 0.780705 0.746764 0.712408 0.565117 0.451482 0.338993 0.221905 0.238211 0.354517 0.519271 0.62595 0.705331 0.80001 0.860387 0.864734 0.865137 0.860806
BD_Bspro
 0.612253 0.379049 0.473102 0.598142 0.637498 0.99798 1.50447 1.76837 1.50978 1.51584 1.41147 0.993815 0.611961 0.322725 0.158543 0.139007 0.170578 0.236918 0.292668 0.334258 0.510266 0.606267 0.756656 1.04791 1.4786
BD_Bo
 0.529041 0.327531 0.408802 0.516847 0.550854 0.862342 1.3 1.52803 1.30458 1.30982 1.21964 0.858743 0.528788 0.278863 0.136995 0.120114 0.147394 0.204718 0.25289 0.288828 0.440915 0.523868 0.653817 0.905482 1.27764
BD_Brms
 1.85577 1.14891 1.43399 1.81299 1.93228 3.02492 4.56012 5.36 4.5762 4.59459 4.27824 3.0123 1.85488 0.978194 0.48055 0.421336 0.517028 0.718109 0.887088 1.01315 1.54664 1.83762 2.29346 3.17625 4.48169
S_f
 0.191588 1 1 1 1
 0.191588 1 1 1 1
 0.191588 1 1 1 1
 0.191588 1 1 1 1
 0.191588 1 1 1 1
 0.191588 1 1 1 1
 0.191588 1 1 1 1
 0.191588 1 1 1 1
 0.191588 1 1 1 1
 0.191588 1 1 1 1
 0.191588 1 1 1 1
 0.191588 1 1 1 1
 0.191588 1 1 1 1
 0.191588 1 1 1 1
 0.191588 1 1 1 1
 0.191588 1 1 1 1
 0.191588 1 1 1 1
 0.191588 1 1 1 1
 0.191588 1 1 1 1
 0.191588 1 1 1 1
 0.191588 1 1 1 1
 0.191588 1 1 1 1
 0.191588 1 1 1 1
 0.191588 1 1 1 1
 0.191588 1 1 1 1
Scru_reclas
 1 1 1 1 1
 1 1 1 1 1
 1 1 1 1 1
 1 1 1 1 1
 1 1 1 1 1
 1 1 1 1 1
 1 1 1 1 1
 1 1 1 1 1
 1 1 1 1 1
 1 1 1 1 1
 1 1 1 1 1
 1 1 1 1 1
 1 1 1 1 1
 1 1 1 1 1
 1 1 1 1 1
 1 1 1 1 1
 1 1 1 1 1
 1 1 1 1 1
 1 1 1 1 1
 1 1 1 1 1
 1 1 1 1 1
 1 1 1 1 1
 1 1 1 1 1
 1 1 1 1 1
 1 1 1 1 1
Scru_pelaces
 1 1 1 1 1
 1 1 1 1 1
 1 1 1 1 1
 1 1 1 1 1
 1 1 1 1 1
 1 1 1 1 1
 1 1 1 1 1
 1 1 1 1 1
 1 1 1 1 1
 1 1 1 1 1
 1 1 1 1 1
 1 1 1 1 1
 1 1 1 1 1
 1 1 1 1 1
 1 1 1 1 1
 1 1 1 1 1
 1 1 1 1 1
 1 1 1 1 1
 1 1 1 1 1
 1 1 1 1 1
 1 1 1 1 1
 1 1 1 1 1
 1 1 1 1 1
 1 1 1 1 1
 1 1 1 1 1
pf_obs 
 0.256992 0.487395 0.22802 0.0275931 0
 0.321318 0.546541 0.124235 0.00734118 0.000564706
 0.182869 0.594174 0.210203 0.0122559 0.00049798
 0.330522 0.361315 0.267642 0.0388342 0.00168674
 0.649043 0.306663 0.0425973 0.00169635 0
 0.582887 0.30429 0.105238 0.00758474 0
 0.465427 0.430635 0.0974691 0.00646863 0
 0.296916 0.608066 0.0921331 0.00288517 0
 0.311714 0.524322 0.152257 0.0117073 0
 0.15457 0.633149 0.183074 0.0267441 0.00246327
 0.131901 0.49318 0.331252 0.0422183 0.00144891
 0.196976 0.569456 0.194076 0.0375587 0.00193317
 0.518974 0.381816 0.0799577 0.0180837 0.00116848
 0.0928022 0.601141 0.25162 0.0475244 0.00691264
 0.122501 0.610282 0.24278 0.0234846 0.000952079
 0.383417 0.481906 0.127806 0.00687128 0
 0.0376549 0.599619 0.316969 0.0457579 0
 0.0361596 0.667082 0.258105 0.0386534 0
 0.158088 0.579412 0.248529 0.0139706 0
 0.0477256 0.309471 0.559284 0.082774 0.000745712
 0.0406174 0.521527 0.379366 0.0568643 0.0016247
 0.151134 0.462217 0.34131 0.0453401 0
 0.294876 0.26143 0.354403 0.0886775 0.000613685
 0.281977 0.475581 0.204845 0.0348837 0.00271318
 0 0 0 0 0
pf_pred 
 0.345218 0.461082 0.173126 0.0205622 1.07962e-05
 0.318247 0.525002 0.11038 0.0414454 0.00492506
 0.182054 0.606064 0.163166 0.0343051 0.0144115
 0.29902 0.417076 0.210361 0.0566337 0.0169092
 0.320752 0.474905 0.121582 0.0613224 0.0214385
 0.17268 0.589942 0.165966 0.0424895 0.0289226
 0.265399 0.398093 0.239956 0.0675058 0.0290465
 0.208638 0.526268 0.143659 0.0865924 0.0348427
 0.241172 0.458196 0.199924 0.0545749 0.0461321
 0.217029 0.509306 0.165245 0.0721011 0.0363192
 0.116011 0.542176 0.222342 0.0721391 0.0473319
 0.112513 0.403002 0.297148 0.121858 0.065478
 0.193005 0.356679 0.204486 0.150775 0.0950556
 0.175779 0.515418 0.136486 0.078248 0.0940689
 0.250614 0.489894 0.162271 0.0429704 0.0542511
 0.330717 0.494745 0.1141 0.0377942 0.0226436
 0.222319 0.5877 0.140438 0.0323883 0.0171558
 0.232902 0.482626 0.214977 0.0513713 0.0181229
 0.231326 0.486865 0.177303 0.0789762 0.0255301
 0.332917 0.419191 0.157011 0.0571789 0.0337026
 0.274021 0.535378 0.119772 0.0448615 0.0259669
 0.25608 0.499285 0.180408 0.04036 0.0238672
 0.290544 0.46312 0.165329 0.0597389 0.0212677
 0.25812 0.514137 0.148666 0.0530724 0.0260039
 0.0830076 0.602725 0.217793 0.0629763 0.0334974
pobs_RECLAS
 0 0 0 0 0
 0 0 0 0 0
 0 0 0 0 0
 0 0 0 0 0
 0.835266 0.146461 0.0176864 0.000547809 3.91292e-05
 0.385257 0.428462 0.181853 0.0044286 0
 0.867414 0.0963971 0.0333333 0.00285562 0
 0.441836 0.489002 0.0689373 0.000224442 0
 0.779404 0.147425 0.0564933 0.0165055 0.000172143
 0.814271 0.122319 0.05973 0.00367925 0
 0.40263 0.566651 0.0304383 0.000280538 0
 0.475488 0.404961 0.113038 0.00651328 0
 0.955842 0.0263864 0.0167828 0.000988607 0
 0.975058 0.0227948 0.00214734 0 0
 0.738997 0.206755 0.0527124 0.00153531 0
 0.850938 0.134255 0.0134407 0.00136685 0
 0.542534 0.407297 0.0501686 0 0
 0.764087 0.199537 0.0359546 0.000420521 0
 0.470689 0.182191 0.310203 0.0369168 0
 0.84361 0.089868 0.0606195 0.00523954 0.000663233
 0.607945 0.314616 0.071237 0.00620181 0
 0.523733 0.453247 0.0230204 0 0
 0.530135 0.295979 0.169645 0.0042399 0
 0.562478 0.366248 0.0663022 0.0049721 0
 0.250443 0.683176 0.0655157 0.000865301 0
ppred_RECLAS
 0.738618 0.184059 0.0691102 0.00820823 4.30974e-06
 0.713277 0.220799 0.0464223 0.0174306 0.00207132
 0.545595 0.336695 0.0906457 0.019058 0.00800621
 0.691086 0.183801 0.0927038 0.0249579 0.00745171
 0.711558 0.201668 0.0516298 0.0260405 0.00910386
 0.523816 0.339556 0.0955259 0.0244559 0.0166471
 0.654775 0.187084 0.112767 0.0317243 0.0136504
 0.582142 0.277882 0.0758555 0.0457228 0.0183978
 0.627206 0.225101 0.0982183 0.0268114 0.0226636
 0.593943 0.264132 0.0856977 0.0373924 0.0188355
 0.412848 0.360117 0.147681 0.0479153 0.0314382
 0.403935 0.270669 0.199574 0.081844 0.0439771
 0.565831 0.191896 0.110015 0.081118 0.0511406
 0.55012 0.281328 0.0744975 0.0427097 0.0513451
 0.654948 0.22557 0.0747171 0.0197856 0.0249798
 0.725441 0.202959 0.0468072 0.0155043 0.00928908
 0.602578 0.300335 0.0717686 0.0165516 0.00876721
 0.615528 0.241894 0.107747 0.0257475 0.00908328
 0.613045 0.245091 0.0892552 0.0397571 0.012852
 0.724354 0.173215 0.0648786 0.023627 0.0139263
 0.664178 0.247654 0.0554041 0.0207519 0.0120117
 0.643598 0.239201 0.086431 0.019336 0.0114345
 0.682619 0.207181 0.0739616 0.0267247 0.0095143
 0.646299 0.245122 0.0708786 0.025303 0.0123977
 0.322079 0.445588 0.161012 0.0465576 0.0247643
pobs_PELACES
 0 0 0 0 0
 0 0 0 0 0
 0 0 0 0 0
 0 0 0 0 0
 0 0 0 0 0
 0 0 0 0 0
 0 0 0 0 0
 0 0 0 0 0
 0 0 0 0 0
 0 0 0 0 0
 0.450072 0.473896 0.0757376 0.000293798 0
 0 0 0 0 0
 0.463077 0.371075 0.160297 0.00555027 0
 0.529543 0.364841 0.0842815 0.0213345 0
 0.631943 0.363953 0.00410389 0 0
 0.735681 0.248677 0.0153453 0.000297389 0
 0.695825 0.281241 0.0229344 0 0
 0.275771 0.60734 0.115278 0.00161068 0
 0 0 0 0 0
 0.896147 0.0623911 0.0374545 0.00400742 0
 0.803859 0.145111 0.0509908 3.86294e-05 0
 0.739449 0.233085 0.0266225 0.000797448 4.60066e-05
 0.878498 0.100942 0.0204185 0.000141795 0
 0.694673 0.275183 0.0284847 0.00165964 0
 0 0 0 0 0
ppred_PELACES
 0.759687 0.169223 0.0635395 0.0075466 3.96235e-06
 0.731744 0.206578 0.0434323 0.0163079 0.00193791
 0.578359 0.312418 0.0841099 0.0176839 0.00742894
 0.69643 0.180621 0.0910999 0.0245261 0.00732278
 0.71256 0.200967 0.0514503 0.02595 0.00907222
 0.535773 0.331029 0.0931272 0.0238418 0.0162291
 0.66155 0.183412 0.110554 0.0311017 0.0133825
 0.596491 0.268339 0.0732506 0.0441527 0.017766
 0.64264 0.215782 0.0941519 0.0257014 0.0217253
 0.606774 0.255785 0.0829896 0.0362108 0.0182403
 0.43997 0.343483 0.14086 0.045702 0.029986
 0.428948 0.259311 0.1912 0.0784096 0.0421318
 0.605433 0.174392 0.09998 0.0737189 0.0464759
 0.619587 0.237887 0.0629941 0.0361148 0.0434168
 0.712088 0.188216 0.062344 0.0165091 0.0208431
 0.745675 0.188001 0.0433576 0.0143616 0.0086045
 0.6202 0.287018 0.0685863 0.0158176 0.00837846
 0.62735 0.234456 0.104434 0.0249557 0.00880397
 0.623203 0.238657 0.0869123 0.0387135 0.0125147
 0.733047 0.167752 0.0628324 0.0228818 0.0134871
 0.668791 0.244253 0.0546431 0.0204669 0.0118467
 0.649672 0.235124 0.084958 0.0190064 0.0112396
 0.689505 0.202686 0.0723569 0.0261449 0.00930788
 0.653568 0.240084 0.0694219 0.024783 0.0121429
 0.328417 0.441422 0.159507 0.0461224 0.0245327
pobs_pel_tallas
 0 0 0 0 0 0 0 0 0 0 0 0 0 0 0 0 0 0 0 0 0 0 0 0 0 0 0 0 0 0 0 0 0 0 0 0
 0 0 0 0 0 0 0 0 0 0 0 0 0 0 0 0 0 0 0 0 0 0 0 0 0 0 0 0 0 0 0 0 0 0 0 0
 0 0 0 0 0 0 0 0 0 0 0 0 0 0 0 0 0 0 0 0 0 0 0 0 0 0 0 0 0 0 0 0 0 0 0 0
 0 0 0 0 0 0 0 0 0 0 0 0 0 0 0 0 0 0 0 0 0 0 0 0 0 0 0 0 0 0 0 0 0 0 0 0
 0 0 0 0 0 0 0 0 0 0 0 0 0 0 0 0 0 0 0 0 0 0 0 0 0 0 0 0 0 0 0 0 0 0 0 0
 0 0 0 0 0 0 0 0 0 0 0 0 0 0 0 0 0 0 0 0 0 0 0 0 0 0 0 0 0 0 0 0 0 0 0 0
 0 0 0 0 0 0 0 0 0 0 0 0 0 0 0 0 0 0 0 0 0 0 0 0 0 0 0 0 0 0 0 0 0 0 0 0
 0 0 0 0 0 0 0 0 0 0 0 0 0 0 0 0 0 0 0 0 0 0 0 0 0 0 0 0 0 0 0 0 0 0 0 0
 0 0 0 0 0 0 0 0 0 0 0 0 0 0 0 0 0 0 0 0 0 0 0 0 0 0 0 0 0 0 0 0 0 0 0 0
 0 0 0 0 0 0 0 0 0 0 0 0 0 0 0 0 0 0 0 0 0 0 0 0 0 0 0 0 0 0 0 0 0 0 0 0
 0 0 0 0 0 0 0 0 1.78061e-05 0.00172719 0.00360574 0.0105946 0.0120993 0.0124554 0.0147524 0.0171206 0.0266825 0.0428682 0.0675386 0.121331 0.153587 0.119568 0.100827 0.0573624 0.0630603 0.0341343 0.0324427 0.0444173 0.0211091 0.0280891 0.0125444 0.00206551 0 0 0 0
 0 0 0 0 0 0 0 0 0 0 0 0 0 0 0 0 0 0 0 0 0 0 0 0 0 0 0 0 0 0 0 0 0 0 0 0
 0 0 0 0 0 0 0.0133647 0.0140871 0.0187388 0.0205184 0.03894 0.0496705 0.03968 0.0493445 0.0407372 0.0367815 0.0215668 0.0243155 0.0234873 0.0199281 0.019796 0.0243948 0.0301388 0.0376714 0.0412746 0.0863199 0.0771752 0.113111 0.0741005 0.0525337 0.0229764 0.00759418 0.00175318 0 0 0
 0 0 0 0 0 0 0 0 0 0 0.00219441 0.00772107 0.0458388 0.0604681 0.0671733 0.0775358 0.0609151 0.0617685 0.073594 0.0568108 0.0755445 0.0548602 0.0670107 0.0636378 0.0643287 0.046367 0.0373049 0.0286899 0.0247887 0.0153202 0.00654259 0.00121912 0.000365735 0 0 0
 0 0 0 0 0 0 0 0 0 0 0 0 0.000112435 0.00938835 0.0111873 0.0202946 0.0414886 0.0713402 0.111592 0.104902 0.108894 0.110636 0.117776 0.105296 0.107544 0.0401394 0.0192827 0.0124803 0.00416011 0.0028671 0.000618394 0 0 0 0 0
 0 0 0 0 0 0 0 0 0 0 0.00291406 0.0102884 0.027416 0.0768956 0.0749926 0.110853 0.0956884 0.0897413 0.0766577 0.0534642 0.0500743 0.0551293 0.0594112 0.0620874 0.0668451 0.0424026 0.0208742 0.0120726 0.0048766 0.00582813 0.00118941 0.000297354 0 0 0 0
 0 0.00264628 0.0354308 0.0461629 0.0458689 0.0383711 0.0214643 0.0164657 0.0346957 0.0420465 0.0363128 0.0245516 0.0311673 0.0291091 0.0169068 0.0133784 0.00837989 0.0085269 0.0148486 0.0160247 0.0276389 0.0546898 0.0760071 0.122758 0.109233 0.0665981 0.0333725 0.0166128 0.00676272 0.00308733 0.000882094 0 0 0 0 0
 0 0 0 0 0 0 0 0.000805153 0.000690131 0.00759144 0.0133425 0.0154129 0.00931677 0.000345066 0.00356568 0.00563607 0.00851162 0.0253048 0.0502646 0.0516448 0.0657925 0.0565908 0.0611916 0.0827007 0.0866115 0.110766 0.145733 0.0935128 0.0569358 0.0249597 0.0138026 0.00621118 0.00161031 0.00115022 0 0
 0 0 0 0 0 0 0 0 0 0 0 0 0 0 0 0 0 0 0 0 0 0 0 0 0 0 0 0 0 0 0 0 0 0 0 0
 0.00147267 0.00158595 0.00478618 0.00569244 0.00954404 0.0108468 0.00647125 0.017049 0.0510054 0.094081 0.124002 0.0959785 0.0687766 0.0820023 0.061753 0.0591476 0.0492212 0.0479892 0.0443925 0.0268479 0.0217502 0.0140895 0.0121071 0.0120363 0.00920419 0.00665534 0.0049561 0.00860946 0.00930331 0.0156896 0.0114698 0.00855282 0.00243557 0.00046729 0 2.83206e-05
 0 0 0 0 0.000772559 0.00158375 0.000888443 0.00281984 0.00712685 0.0440552 0.0773331 0.111326 0.0921469 0.0852325 0.0710754 0.0886704 0.0786465 0.0553345 0.0373146 0.0185414 0.00753245 0.00457741 0.012979 0.0271748 0.0457355 0.0583668 0.034881 0.0177882 0.00938659 0.00492506 0.0015258 0.00185414 0.000309023 5.79419e-05 3.86279e-05 0
 0 0.00173294 0.00326652 0 0.00397197 0.00683976 0.00946217 0.0152591 0.00757587 0.0136028 0.0228656 0.0392903 0.0559909 0.0764795 0.0681675 0.0726916 0.0566044 0.0477403 0.0527397 0.0444891 0.0609904 0.0582453 0.0661739 0.0445044 0.0529084 0.0360697 0.0280645 0.0235558 0.0158879 0.00826598 0.00280645 0.00217768 0.000904811 0.00058276 9.20147e-05 0
 0 0 0 0 0 0 0 0 0 0 0 0 0 0 0 0 0 0 0 0 0 0 0 0 0 0 0 0 0 0 0 0 0 0 0 0
 0 0 0 0 0 0 0 0 0 0 0 0 0 0 0 0 0 0 0 0 0 0 0 0 0 0 0 0 0 0 0 0 0 0 0 0
 0 0 0 0 0 0 0 0 0 0 0 0 0 0 0 0 0 0 0 0 0 0 0 0 0 0 0 0 0 0 0 0 0 0 0 0
ppred_pel_tallas
 1.01217e-16 3.31456e-05 0.000194539 0.000924753 0.00356035 0.0111026 0.0280444 0.0573825 0.0951177 0.12774 0.139005 0.12261 0.0877623 0.0512067 0.0248294 0.0109005 0.00580175 0.0052726 0.00670067 0.0089335 0.0114896 0.0140669 0.0163819 0.0181687 0.0192255 0.0194563 0.0188891 0.0176591 0.0159692 0.0140381 0.0120568 0.0101622 0.00843319 0.00690044 0.00556513 0.00441514
 1.01335e-16 3.19286e-05 0.000187391 0.000890763 0.00342947 0.0106945 0.0270135 0.0552734 0.0916229 0.12305 0.133912 0.118141 0.0846151 0.0494743 0.0241829 0.0109455 0.00629315 0.00613227 0.00794352 0.010595 0.0135799 0.0165465 0.0191533 0.0210826 0.022101 0.0221109 0.0211702 0.0194698 0.0172802 0.0148848 0.0125233 0.0103582 0.0084697 0.00687199 0.00553897 0.00442903
 1.02251e-16 2.52446e-05 0.00014814 0.000704139 0.00271089 0.00845357 0.0213532 0.043693 0.0724316 0.0972902 0.105915 0.0935289 0.0671788 0.0396657 0.0201102 0.0103248 0.00763828 0.00886706 0.0120303 0.0161805 0.0207889 0.0253815 0.0294519 0.0325182 0.0342212 0.0344031 0.0331383 0.0307013 0.0274876 0.0239156 0.0203421 0.0170134 0.0140572 0.0115058 0.00933336 0.00749103
 1.02538e-16 3.03878e-05 0.000178347 0.000847773 0.00326396 0.0101783 0.0257097 0.0526056 0.0872004 0.11711 0.127445 0.112431 0.0805147 0.0470557 0.0229632 0.0103342 0.00586896 0.00567796 0.00737707 0.00991096 0.0128268 0.0158229 0.0186042 0.0208866 0.0224462 0.0231631 0.0230406 0.02219 0.0207913 0.0190434 0.0171219 0.0151557 0.0132248 0.011372 0.00962013 0.00798649
 1.02112e-16 3.10918e-05 0.000182479 0.000867412 0.00333957 0.0104141 0.0263053 0.0538244 0.089221 0.119825 0.130402 0.115046 0.0824007 0.0481847 0.0235629 0.0106835 0.00617146 0.00604396 0.00785236 0.0104999 0.013499 0.0165126 0.019212 0.0212891 0.0225137 0.0227831 0.0221407 0.0207553 0.0188706 0.0167426 0.014587 0.0125493 0.0107019 0.00906008 0.0076074 0.00631779
 1.03008e-16 2.33884e-05 0.000137241 0.00065232 0.00251136 0.00783135 0.0197816 0.0404775 0.0671023 0.090136 0.098137 0.0866856 0.062318 0.0369055 0.0189142 0.0100437 0.00784025 0.009371 0.0128062 0.0172561 0.0221985 0.0271424 0.0315558 0.0349298 0.0368824 0.0372428 0.0360829 0.0336834 0.0304513 0.0268168 0.0231457 0.019689 0.0165759 0.0138392 0.0114548 0.00937879
 1.03324e-16 2.8867e-05 0.000169418 0.000805324 0.00310052 0.00966865 0.0244223 0.0499715 0.0828345 0.111248 0.12107 0.106815 0.0765125 0.044756 0.0219151 0.00999026 0.00585651 0.00582853 0.00764893 0.0103183 0.0134037 0.0166092 0.0196387 0.022203 0.024068 0.0250996 0.0252831 0.0247094 0.0235378 0.0219484 0.0201026 0.018122 0.0160875 0.0140507 0.0120506 0.0101251
 1.03475e-16 2.60334e-05 0.000152776 0.000726185 0.00279578 0.00871833 0.022022 0.0450609 0.0746976 0.100329 0.109211 0.0964093 0.0691824 0.0407177 0.0204018 0.0100816 0.00698046 0.00780163 0.0105054 0.0141422 0.0182225 0.0223375 0.0260583 0.0289755 0.0307807 0.0313316 0.030678 0.0290334 0.0267088 0.0240313 0.0212748 0.018623 0.0161663 0.0139247 0.0118811 0.0100104
 1.03306e-16 2.80436e-05 0.000164582 0.000782324 0.00301195 0.00939245 0.0237247 0.0485444 0.08047 0.108076 0.117626 0.103797 0.0743948 0.0436063 0.0215177 0.0100873 0.00629347 0.0065646 0.00870471 0.0117235 0.0151625 0.0186808 0.0219313 0.024579 0.026363 0.027149 0.0269509 0.0259114 0.0242531 0.0222169 0.020011 0.0177823 0.015615 0.0135459 0.0115881 0.00974989
 1.03358e-16 2.64813e-05 0.000155406 0.000738694 0.00284395 0.00886854 0.0224013 0.0458371 0.0759838 0.102055 0.111086 0.098055 0.0703429 0.0413596 0.0206476 0.0100783 0.00682055 0.00751666 0.0100926 0.0135904 0.0175287 0.0215146 0.0251384 0.0280072 0.029822 0.0304403 0.0299011 0.0283989 0.0262223 0.0236777 0.0210247 0.0184406 0.0160178 0.0137841 0.0117327 0.00984917
 1.05083e-16 1.92115e-05 0.000112718 0.00053573 0.00206246 0.00643146 0.0162456 0.0332427 0.0551112 0.0740361 0.0806274 0.0712654 0.0513334 0.0306039 0.0160617 0.00914251 0.00787408 0.00988484 0.0136919 0.018556 0.0240039 0.0295528 0.0346606 0.0387973 0.0415506 0.0427115 0.0423088 0.0405767 0.0378766 0.0345977 0.0310749 0.0275429 0.0241333 0.0209004 0.0178588 0.0150148
 1.07462e-16 1.87276e-05 0.000109884 0.000522275 0.00201068 0.00627001 0.0158377 0.0324075 0.0537246 0.0721674 0.0785768 0.0694158 0.0499208 0.0296015 0.0152452 0.00822704 0.00660423 0.00805909 0.0111663 0.0152609 0.0199751 0.0249616 0.0298241 0.034157 0.0376175 0.0399873 0.0411994 0.0413222 0.0405119 0.038954 0.0368171 0.0342314 0.0312933 0.0280844 0.0246929 0.0212244
 1.06181e-16 2.64195e-05 0.000155051 0.000737021 0.00283754 0.00884856 0.0223508 0.045733 0.075809 0.101814 0.110805 0.0977655 0.0700439 0.0410004 0.0201301 0.00927044 0.00557063 0.00566842 0.00750926 0.0101899 0.0133242 0.0166494 0.0198998 0.0228113 0.0251654 0.0268275 0.0277635 0.0280251 0.0277159 0.0269501 0.0258216 0.024391 0.0226934 0.0207552 0.0186137 0.0163279
 1.04242e-16 2.70392e-05 0.000158683 0.000754278 0.00290396 0.00905568 0.022874 0.0468041 0.077586 0.104205 0.11342 0.100101 0.0717807 0.0421438 0.0209253 0.0100251 0.00654098 0.00703619 0.00939158 0.0126382 0.0163065 0.0200295 0.0234303 0.0261504 0.027919 0.0286103 0.0282645 0.0270629 0.0252685 0.0231545 0.0209449 0.0187834 0.0167333 0.0148004 0.0129644 0.0112052
 1.02488e-16 3.10707e-05 0.000182356 0.000866832 0.00333734 0.0104072 0.0262877 0.0537883 0.0891609 0.119743 0.130311 0.114959 0.0823245 0.0481125 0.0234764 0.0105588 0.0059829 0.0057674 0.00746798 0.00999713 0.0128823 0.0158065 0.0184625 0.0205605 0.0218807 0.0223188 0.0219045 0.0207825 0.019167 0.0172852 0.0153298 0.0134322 0.0116604 0.010034 0.00854653 0.00718505
 1.01573e-16 3.25353e-05 0.000190954 0.000907708 0.00349472 0.010898 0.0275274 0.0563249 0.0933652 0.125388 0.136451 0.120368 0.0861829 0.0503355 0.0245007 0.0109151 0.00603464 0.00568167 0.00728962 0.00971563 0.0124653 0.0152121 0.0176451 0.0194755 0.02049 0.020597 0.0198448 0.0184012 0.0165051 0.0144075 0.0123196 0.0103842 0.00867174 0.00719467 0.00593169 0.00484947
 1.02003e-16 2.7068e-05 0.000158848 0.000755049 0.00290691 0.00906487 0.0228973 0.0468521 0.0776669 0.104318 0.113554 0.100246 0.0719408 0.0423518 0.0212396 0.0105247 0.00731907 0.0081911 0.0110121 0.0147818 0.0189734 0.0231408 0.0268171 0.029561 0.0310458 0.0311317 0.029894 0.0275921 0.0245961 0.0212956 0.0180211 0.0149982 0.0123405 0.0100716 0.0081602 0.00655378
 1.02828e-16 2.73778e-05 0.000160671 0.000763727 0.00294034 0.00916913 0.0231606 0.0473904 0.0785578 0.10551 0.114839 0.101352 0.0726725 0.0426578 0.0211635 0.0101119 0.00656449 0.00704212 0.00940184 0.0126671 0.0163681 0.0201384 0.0235985 0.0263816 0.0282023 0.0289149 0.0285373 0.0272305 0.0252455 0.0228561 0.0203015 0.017755 0.015319 0.0130414 0.0109392 0.00901891
 1.03227e-16 2.7197e-05 0.000159609 0.00075868 0.00292091 0.00910853 0.0230075 0.0470772 0.0780388 0.104813 0.114082 0.100686 0.0722011 0.0423928 0.0210534 0.0100945 0.00659823 0.00710908 0.00949705 0.0127887 0.0165118 0.0202956 0.0237568 0.026527 0.0283232 0.0290063 0.0286039 0.0272884 0.02532 0.0229774 0.0204986 0.0180491 0.0157189 0.013541 0.0115187 0.00964826
 1.02364e-16 3.19838e-05 0.000187719 0.00089233 0.00343552 0.0107133 0.027061 0.0553705 0.0917828 0.123262 0.134134 0.118317 0.0846971 0.0494343 0.0240005 0.0105899 0.00571532 0.00527055 0.00673932 0.00901326 0.0116299 0.0142983 0.0167434 0.0187055 0.0199855 0.0204848 0.0202222 0.0193176 0.017953 0.0163229 0.0145937 0.0128808 0.011247 0.00971541 0.00828831 0.0069636
 1.02113e-16 2.9185e-05 0.00017128 0.000814164 0.00313453 0.00977472 0.0246903 0.0505203 0.0837457 0.112476 0.122419 0.108034 0.0774476 0.0454277 0.0224744 0.0106289 0.00674731 0.00710809 0.00941341 0.0126102 0.0161894 0.0197585 0.0229197 0.0252992 0.0266204 0.0267653 0.0257971 0.0239338 0.0214858 0.0187781 0.016084 0.0135875 0.011378 0.00947038 0.00783574 0.00643028
 1.02461e-16 2.83511e-05 0.000166385 0.000790892 0.00304493 0.0094953 0.0239845 0.0490761 0.0813518 0.109261 0.11892 0.104947 0.0752371 0.0441359 0.0218453 0.0103502 0.00660025 0.00698565 0.00928124 0.0124726 0.0160742 0.0197124 0.023005 0.0255872 0.0271803 0.0276511 0.0270351 0.0255138 0.0233589 0.0208614 0.0182723 0.015768 0.0134458 0.0113408 0.00945223 0.0077665
 1.02427e-16 3.00866e-05 0.000176577 0.000839354 0.00323154 0.0100772 0.0254543 0.0520833 0.0863353 0.11595 0.126188 0.111334 0.079756 0.0466661 0.0228729 0.0104613 0.00617198 0.00615792 0.00805483 0.0108035 0.0139298 0.0171001 0.0199841 0.0222679 0.0237117 0.0241993 0.0237584 0.0225409 0.0207748 0.0187042 0.0165382 0.0144228 0.0124377 0.0106115 0.00894455 0.00742894
 1.02483e-16 2.85211e-05 0.000167383 0.000795636 0.0030632 0.00955226 0.0241283 0.0493705 0.0818399 0.109917 0.119634 0.105579 0.075692 0.0444074 0.0219879 0.0104307 0.00666673 0.00706331 0.00937928 0.0125899 0.016201 0.0198309 0.0230901 0.0256092 0.0271105 0.0274675 0.026728 0.0250894 0.0228395 0.020283 0.0176781 0.0152015 0.0129442 0.0109298 0.00914409 0.00756026
 1.0514e-16 1.43513e-05 8.4175e-05 0.000400014 0.00153988 0.00480179 0.0121294 0.0248213 0.0411555 0.0553054 0.0602747 0.0533841 0.038689 0.0235386 0.0132199 0.00889104 0.00916625 0.0123386 0.0173127 0.0234695 0.0302955 0.0371859 0.0434428 0.0483852 0.0514907 0.052507 0.051496 0.0487912 0.0448927 0.0403362 0.0355819 0.0309512 0.0266204 0.0226527 0.0190479 0.0157865
pSPR Fmed_Fpbrs
0.709061   0.335079 0.335079
Fs Fmed_Fpbrs
0.214538   1.005 1.005
SSBpbr Bo_Bmed_Bpbrs
1.34491e+06  886375  383405 383405
Ro
56387.3
SPR SPRFo_SPRFmed_SPRFpbrs
1.16212e+06 824012 389401
log_Ro
10.76
likeval ReclasPelacesDesembMPH_pf_preclas_ppelaces_ptallas_desvR_qrecl_qpela
 64.2873 26.3423 0.0190253 0.000191327 287.934 199.062 70.8983 0 15.6686 8.27973e-05 0 0 0 0 0
q_reclas_q_pelaces
0.275433 1
M
0.7
N
 53551.3 15816.7 5938.82 705.354 0.370347
 68931 24534.7 5158.35 1936.85 230.16
 42431.4 32038.5 8625.45 1813.48 761.836
 69307.9 19149.3 9658.32 2600.23 776.354
 118382 33801.1 8653.52 4364.58 1525.87
 84030.1 58580.6 16480.3 4219.17 2871.99
 134802 40314.1 24299.8 6836.18 2941.48
 125444 65508.4 17882.3 10778.8 4337.13
 150371 59696.7 26047.4 7110.37 6010.39
 147611 71184.9 23096 10077.5 5076.27
 68357.8 70539.1 28927.6 9385.57 6158.05
 40023.8 31346.3 23112.8 9478.39 5093.01
 42498.4 18458.8 10582.5 7802.87 4919.3
 23771.9 18768.8 4970.1 2849.38 3425.49
 18681.5 9608.51 3182.69 842.797 1064.05
 23418.9 7670.98 1769.11 585.995 351.088
 19350.8 10792 2578.89 594.752 315.035
 21483.7 9110.8 4058.24 969.764 342.117
 24114.4 10290.3 3747.44 1669.23 539.601
 45423.2 11610.5 4348.77 1583.7 933.471
 56798.9 21855.2 4889.35 1831.34 1060.02
 71816 27788.3 10040.8 2246.28 1328.36
 109828 34988.4 12490.5 4513.23 1606.76
 133895 53301.1 15412.4 5502.06 2695.85
 44958.9 64981.8 23481 6789.68 3611.47
pred_Ctot
 2994.51 3999.54 1501.74 178.362 0.0936491
 3186.16 5256.11 1105.08 414.934 49.3077
 2798.24 9315.45 2507.92 527.283 221.51
 893.348 1246.05 628.47 169.198 50.5176
 298.493 441.949 113.145 57.0669 19.9508
 2051.85 7009.94 1972.08 504.878 343.671
 2076.82 3115.18 1877.71 528.25 227.296
 3770.17 9509.88 2595.98 1564.76 629.622
 5064.01 9620.97 4197.91 1145.94 968.659
 4009.09 9408.22 3052.5 1331.9 670.91
 3781.5 17672.8 7247.47 2351.45 1542.83
 2060.07 7378.84 5440.69 2231.19 1198.88
 3405 6292.55 3607.54 2659.97 1676.97
 3218.62 9437.64 2499.15 1432.77 1722.46
 2351.41 4596.48 1522.52 403.174 509.017
 1218.07 1822.2 420.244 139.2 83.3992
 724.191 1914.4 457.468 105.503 55.8841
 548.845 1137.33 506.603 121.059 42.7076
 528.703 1112.75 405.231 180.503 58.3499
 1017.43 1281.09 479.842 174.745 102.999
 604.726 1181.5 264.32 99.0028 57.3052
 977.716 1906.28 688.8 154.095 91.1255
 1795.31 2861.68 1021.59 369.135 131.416
 2187.22 4356.62 1259.75 449.717 220.348
 664.504 4825.02 1743.51 504.147 268.158
F
 0.0805528 0.420448 0.420448 0.420448 0.420448
 0.0661688 0.345371 0.345371 0.345371 0.345371
 0.0956248 0.499117 0.499117 0.499117 0.499117
 0.0180665 0.0942986 0.0942986 0.0942986 0.0942986
 0.00351153 0.0183285 0.0183285 0.0183285 0.0183285
 0.0344732 0.179934 0.179934 0.179934 0.179934
 0.0216281 0.112889 0.112889 0.112889 0.112889
 0.0425822 0.222259 0.222259 0.222259 0.222259
 0.047824 0.249619 0.249619 0.249619 0.249619
 0.0384105 0.200485 0.200485 0.200485 0.200485
 0.0796584 0.41578 0.41578 0.41578 0.41578
 0.0739327 0.385894 0.385894 0.385894 0.385894
 0.117271 0.612102 0.612102 0.612102 0.612102
 0.205855 1.07447 1.07447 1.07447 1.07447
 0.190088 0.992172 0.992172 0.992172 0.992172
 0.074736 0.390087 0.390087 0.390087 0.390087
 0.0532728 0.27806 0.27806 0.27806 0.27806
 0.0360928 0.188388 0.188388 0.188388 0.188388
 0.0309047 0.161308 0.161308 0.161308 0.161308
 0.0315825 0.164846 0.164846 0.164846 0.164846
 0.0149021 0.0777822 0.0777822 0.0777822 0.0777822
 0.0190907 0.0996449 0.0996449 0.0996449 0.0996449
 0.0229614 0.119848 0.119848 0.119848 0.119848
 0.0229456 0.119765 0.119765 0.119765 0.119765
 0.0207409 0.108258 0.108258 0.108258 0.108258
nmprior
 10 11 7 0
nm_flota  nm_reclas  nm_pelaces    nm_pelaL
inf 13.7617 20.1232 36.6807
cv_recla  cv_pelaces  cv_mph
0.72525 0.603937 0.448772
 ------------------------------------------------
Talla a la edad & desviación 
 7.2 14.2025 17.0495 18.207 18.6776
 1.08 2.13037 2.55742 2.73105 2.80164
