years
 1997 1998 1999 2000 2001 2002 2003 2004 2005 2006 2007 2008 2009 2010 2011 2012 2013 2014 2015 2016 2017 2018 2019 2020 2021
reclasobs
 0 0 0 370054 412103 1.49427e+06 250295 1.28982e+06 931140 785840 897777 1.04006e+06 184774 17550 25797 100020 73551 82996 120727 218422 84188 347160 605670 569463 516374
reclaspred
 2.67907e+06 321981 420904 116171 237142 250456 523776 455687 559831 1.0888e+06 1.03391e+06 635217 378460 166626 100913 96100.9 106719 124752 104641 171721 321268 292436 428612 372884 243317
pelacesobs
 0 0 0 0 0 0 0 0 0 2.06254e+06 1.5e+06 0 1.87456e+06 323000 250000 174000 83755 137374 0 501740 490994 745055 786931 1.00524e+06 0
pelacespred
 1.45995e+06 566155 163038 106535 203762 132298 472024 382499 468835 955938 703221 435365 297665 100282 63876.2 63572.1 73000.3 86399.7 70058.7 127047 257842 218322 251973 252724 150595
mphobs
 0 0 0 0 0 112323 0 153150 637223 0 255016 313432 73983 77613 109348 50772 0 0 0 0 0 0 0 0 0
mphpred
 2.39619e+06 1.01937e+06 421526 197889 109469 304456 313637 439613 471271 643418 1.25176e+06 847010 440627 255401 109976 87850.5 96714.6 114216 118236 109136 238546 323094 361149 407054 361427
desembarqueobs
 350755 77701 442110 56441 14545 235359 269955 359681 431902 328805 639364 411747 362871 311530 167758 66681 60226 58785 57116 71774 51957 67425 138520 160799 200461
desembarquepred
 350746 77683.6 441630 56420.8 14543.4 235180 269817 359079 431416 328539 638630 411326 362190 311024 167398 66628.4 60201 58738.2 57064.9 71698 51943.2 67383.6 138428 160702 200412
Reclutas
 3965.13 5818 853.236 4394.74 54909.9 13336.5 55833.6 70802.7 82539.9 226639 47760 19259.4 56349.4 23703.8 14922 14462.3 9694.59 9367.86 6909.48 27439.5 31956.3 30709.2 40828.8 25104.8 261.83
log_desv_Rt
 -1.45471 -1.07129 -2.99096 -1.35184 1.17345 -0.241742 1.19013 1.42765 1.58104 2.59111 1.03394 0.125756 1.19933 0.333389 -0.129408 -0.160701 -0.560676 -0.59496 -0.89935 0.479739 0.632123 0.592317 0.877144 0.390815 -4.1723
SSB
 2.39619e+06 1.01937e+06 421526 197889 109469 304456 313637 439613 471271 643418 1.25176e+06 847010 440627 255401 109976 87850.5 96714.6 114216 118236 109136 238546 323094 361149 407054 361427
BT
 2.83261e+06 1.18466e+06 544356 258680 377532 419555 1.04705e+06 1.06558e+06 1.22955e+06 2.01399e+06 1.80916e+06 1.1474e+06 893538 474574 251785 168369 179368 202084 174973 286160 502232 454409 548181 589222 447094
Ftot
 0.102575 0.191126 0.772997 0.409171 0.130703 0.772357 0.783971 1.15477 1.08286 0.55541 0.53706 0.531228 1.09732 1.7442 1.87954 0.789033 0.619558 0.49966 0.508533 0.653672 0.192722 0.22507 0.312699 0.398474 0.613073
BD_Bspro_t
 0.983805 0.876999 0.670164 0.338388 0.373945 0.678017 0.490524 0.516544 0.483268 0.513883 0.638066 0.465364 0.317396 0.243317 0.139503 0.138639 0.198588 0.295282 0.356033 0.395967 0.613455 0.732173 0.71915 0.677324 0.563652
BD_Bspro
 6.84582 2.9123 1.20428 0.565362 0.312749 0.869817 0.896048 1.25595 1.3464 1.83822 3.57624 2.41987 1.25885 0.729671 0.314196 0.250985 0.276309 0.326309 0.337795 0.311797 0.681516 0.923065 1.03179 1.16294 1.03258
BD_Bo
 2.39118 1.01724 0.420643 0.197475 0.10924 0.303819 0.312981 0.438693 0.470285 0.642072 1.24914 0.845237 0.439705 0.254867 0.109746 0.0876666 0.0965122 0.113977 0.117989 0.108907 0.238047 0.322418 0.360394 0.406203 0.36067
BD_Brms
 7.93134 3.37409 1.39524 0.65501 0.362341 1.00774 1.03813 1.45511 1.5599 2.1297 4.14331 2.80358 1.45847 0.845373 0.364017 0.290783 0.320123 0.378051 0.391359 0.361237 0.789583 1.06943 1.1954 1.34734 1.19631
S_f
 0.138717 1 1 1 1
 0.138717 1 1 1 1
 0.138717 1 1 1 1
 0.138717 1 1 1 1
 0.138717 1 1 1 1
 0.138717 1 1 1 1
 0.138717 1 1 1 1
 0.138717 1 1 1 1
 0.138717 1 1 1 1
 0.138717 1 1 1 1
 0.138717 1 1 1 1
 0.138717 1 1 1 1
 0.138717 1 1 1 1
 0.138717 1 1 1 1
 0.138717 1 1 1 1
 0.138717 1 1 1 1
 0.138717 1 1 1 1
 0.138717 1 1 1 1
 0.138717 1 1 1 1
 0.138717 1 1 1 1
 0.138717 1 1 1 1
 0.138717 1 1 1 1
 0.138717 1 1 1 1
 0.138717 1 1 1 1
 0.138717 1 1 1 1
Scru_reclas
 0.747998 1 1 1 1
 0.747998 1 1 1 1
 0.747998 1 1 1 1
 0.747998 1 1 1 1
 0.747998 1 1 1 1
 0.747998 1 1 1 1
 0.747998 1 1 1 1
 0.747998 1 1 1 1
 0.747998 1 1 1 1
 0.747998 1 1 1 1
 0.747998 1 1 1 1
 0.747998 1 1 1 1
 0.747998 1 1 1 1
 0.747998 1 1 1 1
 0.747998 1 1 1 1
 0.747998 1 1 1 1
 0.747998 1 1 1 1
 0.747998 1 1 1 1
 0.747998 1 1 1 1
 0.747998 1 1 1 1
 0.747998 1 1 1 1
 0.747998 1 1 1 1
 0.747998 1 1 1 1
 0.747998 1 1 1 1
 0.747998 1 1 1 1
Scru_pelaces
 1 1 1 1 1
 1 1 1 1 1
 1 1 1 1 1
 1 1 1 1 1
 1 1 1 1 1
 1 1 1 1 1
 1 1 1 1 1
 1 1 1 1 1
 1 1 1 1 1
 1 1 1 1 1
 1 1 1 1 1
 1 1 1 1 1
 1 1 1 1 1
 1 1 1 1 1
 1 1 1 1 1
 1 1 1 1 1
 1 1 1 1 1
 1 1 1 1 1
 1 1 1 1 1
 1 1 1 1 1
 1 1 1 1 1
 1 1 1 1 1
 1 1 1 1 1
 1 1 1 1 1
 1 1 1 1 1
pf_obs 
 0.256992 0.487395 0.22802 0.0275931 0
 0.321318 0.546541 0.124235 0.00734118 0.000564706
 0.182869 0.594174 0.210203 0.0122559 0.00049798
 0.330522 0.361315 0.267642 0.0388342 0.00168674
 0.649043 0.306663 0.0425973 0.00169635 0
 0.582887 0.30429 0.105238 0.00758474 0
 0.465427 0.430635 0.0974691 0.00646863 0
 0.296916 0.608066 0.0921331 0.00288517 0
 0.311714 0.524322 0.152257 0.0117073 0
 0.15457 0.633149 0.183074 0.0267441 0.00246327
 0.131901 0.49318 0.331252 0.0422183 0.00144891
 0.196976 0.569456 0.194076 0.0375587 0.00193317
 0.518974 0.381816 0.0799577 0.0180837 0.00116848
 0.0928022 0.601141 0.25162 0.0475244 0.00691264
 0.122501 0.610282 0.24278 0.0234846 0.000952079
 0.383417 0.481906 0.127806 0.00687128 0
 0.0376549 0.599619 0.316969 0.0457579 0
 0.0361596 0.667082 0.258105 0.0386534 0
 0.158088 0.579412 0.248529 0.0139706 0
 0.0477256 0.309471 0.559284 0.082774 0.000745712
 0.0406174 0.521527 0.379366 0.0568643 0.0016247
 0.151134 0.462217 0.34131 0.0453401 0
 0.294876 0.26143 0.354403 0.0886775 0.000613685
 0.281977 0.475581 0.204845 0.0348837 0.00271318
 0 0 0 0 0
pf_pred 
 0.0060322 0.638475 0.314236 0.0412549 1.18404e-06
 0.0192489 0.0431119 0.602293 0.296428 0.0389181
 0.00736182 0.13345 0.0377682 0.527639 0.293781
 0.120242 0.064668 0.109581 0.0310128 0.674496
 0.679708 0.175186 0.0106662 0.018074 0.116365
 0.0786334 0.868112 0.0291281 0.00177347 0.0223532
 0.449769 0.262554 0.271049 0.00909462 0.00753302
 0.343388 0.589587 0.0319825 0.0330172 0.00202546
 0.325256 0.589457 0.0765811 0.00415418 0.00455167
 0.483241 0.444151 0.0634303 0.00824074 0.000936821
 0.0648501 0.840791 0.0811008 0.0115822 0.0016758
 0.0549291 0.373849 0.513584 0.0495392 0.00809845
 0.310804 0.243652 0.176248 0.242125 0.0271727
 0.168171 0.70895 0.0434415 0.0314239 0.048014
 0.241065 0.600032 0.135429 0.00829856 0.0151749
 0.286191 0.61791 0.0758208 0.017113 0.00296613
 0.174668 0.670381 0.134133 0.0164589 0.00435871
 0.192341 0.545925 0.212595 0.0425372 0.0066018
 0.154332 0.581741 0.178398 0.069472 0.0160577
 0.485805 0.323534 0.131157 0.0402208 0.0192831
 0.257191 0.671939 0.0445914 0.0180768 0.00820118
 0.18011 0.6008 0.198188 0.0131522 0.00775065
 0.215458 0.501113 0.207692 0.0685119 0.00722594
 0.126469 0.609597 0.168583 0.0698711 0.0254795
 0.00214055 0.558639 0.306512 0.0847653 0.0479433
pobs_RECLAS
 0 0 0 0 0
 0 0 0 0 0
 0 0 0 0 0
 0 0 0 0 0
 0.835266 0.146461 0.0176864 0.000547809 3.91292e-05
 0.385257 0.428462 0.181853 0.0044286 0
 0.867414 0.0963971 0.0333333 0.00285562 0
 0.441836 0.489002 0.0689373 0.000224442 0
 0.779404 0.147425 0.0564933 0.0165055 0.000172143
 0.814271 0.122319 0.05973 0.00367925 0
 0.40263 0.566651 0.0304383 0.000280538 0
 0.475488 0.404961 0.113038 0.00651328 0
 0.955842 0.0263864 0.0167828 0.000988607 0
 0.975058 0.0227948 0.00214734 0 0
 0.738997 0.206755 0.0527124 0.00153531 0
 0.850938 0.134255 0.0134407 0.00136685 0
 0.542534 0.407297 0.0501686 0 0
 0.764087 0.199537 0.0359546 0.000420521 0
 0.470689 0.182191 0.310203 0.0369168 0
 0.84361 0.089868 0.0606195 0.00523954 0.000663233
 0.607945 0.314616 0.071237 0.00620181 0
 0.523733 0.453247 0.0230204 0 0
 0.530135 0.295979 0.169645 0.0042399 0
 0.562478 0.366248 0.0663022 0.0049721 0
 0.250443 0.683176 0.0655157 0.000865301 0
ppred_RECLAS
 0.0318579 0.621886 0.306072 0.040183 1.15328e-06
 0.0966582 0.0397091 0.554754 0.273032 0.0358464
 0.0408058 0.128954 0.0364957 0.509862 0.283883
 0.430902 0.0418325 0.0708856 0.0200616 0.436319
 0.920165 0.0436663 0.00265863 0.00450508 0.0290049
 0.32864 0.632556 0.0212244 0.00129225 0.0162878
 0.824392 0.0837953 0.0865064 0.00290259 0.00240419
 0.758694 0.216674 0.0117536 0.0121339 0.000744358
 0.741621 0.22572 0.0293251 0.00159076 0.00174297
 0.839929 0.13758 0.0196481 0.00255264 0.000290189
 0.279778 0.647549 0.0624611 0.00892023 0.00129064
 0.245514 0.298458 0.410014 0.039549 0.0064653
 0.729023 0.0957983 0.0692966 0.095198 0.0106837
 0.571313 0.365361 0.0223878 0.0161944 0.0247443
 0.682064 0.251368 0.0567346 0.00347646 0.00635711
 0.697325 0.262011 0.0321501 0.0072564 0.00125772
 0.544381 0.37008 0.0740475 0.00908603 0.0024062
 0.570728 0.29016 0.112995 0.0226086 0.00350887
 0.504865 0.340607 0.104451 0.0406756 0.0094017
 0.84257 0.0990557 0.0401559 0.0123143 0.00590387
 0.653719 0.313243 0.0207875 0.00842698 0.0038232
 0.545521 0.333034 0.109859 0.00729047 0.00429632
 0.601588 0.254479 0.105472 0.0347922 0.00366953
 0.444862 0.387405 0.107136 0.0444038 0.0161925
 0.0119584 0.553142 0.303496 0.0839313 0.0474716
pobs_PELACES
 0 0 0 0 0
 0 0 0 0 0
 0 0 0 0 0
 0 0 0 0 0
 0 0 0 0 0
 0 0 0 0 0
 0 0 0 0 0
 0 0 0 0 0
 0 0 0 0 0
 0 0 0 0 0
 0.450072 0.473896 0.0757376 0.000293798 0
 0 0 0 0 0
 0.463077 0.371075 0.160297 0.00555027 0
 0.529543 0.364841 0.0842815 0.0213345 0
 0.631943 0.363953 0.00410389 0 0
 0.735681 0.248677 0.0153453 0.000297389 0
 0.695825 0.281241 0.0229344 0 0
 0.275771 0.60734 0.115278 0.00161068 0
 0 0 0 0 0
 0.896147 0.0623911 0.0374545 0.00400742 0
 0.803859 0.145111 0.0509908 3.86294e-05 0
 0.739449 0.233085 0.0266225 0.000797448 4.60066e-05
 0.878498 0.100942 0.0204185 0.000141795 0
 0.694673 0.275183 0.0284847 0.00165964 0
 0 0 0 0 0
ppred_PELACES
 0.0433312 0.614516 0.302445 0.0397068 1.13961e-06
 0.131217 0.03819 0.533532 0.262587 0.034475
 0.066161 0.125545 0.035531 0.496384 0.276378
 0.532075 0.0343956 0.0582837 0.0164951 0.35875
 0.941149 0.0321889 0.00195983 0.00332095 0.0213811
 0.449061 0.519095 0.0174174 0.00106046 0.0133663
 0.886911 0.053963 0.0557089 0.00186922 0.00154827
 0.853723 0.131346 0.00712493 0.00735545 0.000451224
 0.839234 0.140445 0.0182464 0.000989785 0.00108449
 0.891477 0.0932749 0.0133208 0.00173061 0.000196739
 0.376939 0.560193 0.0540349 0.00771686 0.00111653
 0.335962 0.262679 0.360861 0.0348078 0.00569023
 0.830885 0.0597872 0.0432476 0.0594125 0.00666764
 0.745225 0.217139 0.0133054 0.00962457 0.0147058
 0.830312 0.13416 0.0302803 0.00185545 0.00339291
 0.794 0.178324 0.0218813 0.00493869 0.000856002
 0.655756 0.279614 0.0559467 0.00686496 0.00181801
 0.671988 0.221715 0.0863405 0.0172755 0.00268117
 0.611673 0.267132 0.0819194 0.0319012 0.0073736
 0.896007 0.0654332 0.0265258 0.00813445 0.00389992
 0.727219 0.246756 0.0163752 0.00663831 0.00301171
 0.631094 0.270327 0.0891736 0.00591776 0.00348737
 0.688114 0.199212 0.0825656 0.0272362 0.00287259
 0.545414 0.317235 0.0877307 0.036361 0.0132596
 0.0188967 0.549258 0.301365 0.0833419 0.0471382
pobs_pel_tallas
 0 0 0 0 0 0 0 0 0 0 0 0 0 0 0 0 0 0 0 0 0 0 0 0 0 0 0 0 0 0 0 0 0 0 0 0
 0 0 0 0 0 0 0 0 0 0 0 0 0 0 0 0 0 0 0 0 0 0 0 0 0 0 0 0 0 0 0 0 0 0 0 0
 0 0 0 0 0 0 0 0 0 0 0 0 0 0 0 0 0 0 0 0 0 0 0 0 0 0 0 0 0 0 0 0 0 0 0 0
 0 0 0 0 0 0 0 0 0 0 0 0 0 0 0 0 0 0 0 0 0 0 0 0 0 0 0 0 0 0 0 0 0 0 0 0
 0 0 0 0 0 0 0 0 0 0 0 0 0 0 0 0 0 0 0 0 0 0 0 0 0 0 0 0 0 0 0 0 0 0 0 0
 0 0 0 0 0 0 0 0 0 0 0 0 0 0 0 0 0 0 0 0 0 0 0 0 0 0 0 0 0 0 0 0 0 0 0 0
 0 0 0 0 0 0 0 0 0 0 0 0 0 0 0 0 0 0 0 0 0 0 0 0 0 0 0 0 0 0 0 0 0 0 0 0
 0 0 0 0 0 0 0 0 0 0 0 0 0 0 0 0 0 0 0 0 0 0 0 0 0 0 0 0 0 0 0 0 0 0 0 0
 0 0 0 0 0 0 0 0 0 0 0 0 0 0 0 0 0 0 0 0 0 0 0 0 0 0 0 0 0 0 0 0 0 0 0 0
 0 0 0 0 0 0 0 0 0 0 0 0 0 0 0 0 0 0 0 0 0 0 0 0 0 0 0 0 0 0 0 0 0 0 0 0
 0 0 0 0 0 0 0 0 1.78061e-05 0.00172719 0.00360574 0.0105946 0.0120993 0.0124554 0.0147524 0.0171206 0.0266825 0.0428682 0.0675386 0.121331 0.153587 0.119568 0.100827 0.0573624 0.0630603 0.0341343 0.0324427 0.0444173 0.0211091 0.0280891 0.0125444 0.00206551 0 0 0 0
 0 0 0 0 0 0 0 0 0 0 0 0 0 0 0 0 0 0 0 0 0 0 0 0 0 0 0 0 0 0 0 0 0 0 0 0
 0 0 0 0 0 0 0.0133647 0.0140871 0.0187388 0.0205184 0.03894 0.0496705 0.03968 0.0493445 0.0407372 0.0367815 0.0215668 0.0243155 0.0234873 0.0199281 0.019796 0.0243948 0.0301388 0.0376714 0.0412746 0.0863199 0.0771752 0.113111 0.0741005 0.0525337 0.0229764 0.00759418 0.00175318 0 0 0
 0 0 0 0 0 0 0 0 0 0 0.00219441 0.00772107 0.0458388 0.0604681 0.0671733 0.0775358 0.0609151 0.0617685 0.073594 0.0568108 0.0755445 0.0548602 0.0670107 0.0636378 0.0643287 0.046367 0.0373049 0.0286899 0.0247887 0.0153202 0.00654259 0.00121912 0.000365735 0 0 0
 0 0 0 0 0 0 0 0 0 0 0 0 0.000112435 0.00938835 0.0111873 0.0202946 0.0414886 0.0713402 0.111592 0.104902 0.108894 0.110636 0.117776 0.105296 0.107544 0.0401394 0.0192827 0.0124803 0.00416011 0.0028671 0.000618394 0 0 0 0 0
 0 0 0 0 0 0 0 0 0 0 0.00291406 0.0102884 0.027416 0.0768956 0.0749926 0.110853 0.0956884 0.0897413 0.0766577 0.0534642 0.0500743 0.0551293 0.0594112 0.0620874 0.0668451 0.0424026 0.0208742 0.0120726 0.0048766 0.00582813 0.00118941 0.000297354 0 0 0 0
 0 0.00264628 0.0354308 0.0461629 0.0458689 0.0383711 0.0214643 0.0164657 0.0346957 0.0420465 0.0363128 0.0245516 0.0311673 0.0291091 0.0169068 0.0133784 0.00837989 0.0085269 0.0148486 0.0160247 0.0276389 0.0546898 0.0760071 0.122758 0.109233 0.0665981 0.0333725 0.0166128 0.00676272 0.00308733 0.000882094 0 0 0 0 0
 0 0 0 0 0 0 0 0.000805153 0.000690131 0.00759144 0.0133425 0.0154129 0.00931677 0.000345066 0.00356568 0.00563607 0.00851162 0.0253048 0.0502646 0.0516448 0.0657925 0.0565908 0.0611916 0.0827007 0.0866115 0.110766 0.145733 0.0935128 0.0569358 0.0249597 0.0138026 0.00621118 0.00161031 0.00115022 0 0
 0 0 0 0 0 0 0 0 0 0 0 0 0 0 0 0 0 0 0 0 0 0 0 0 0 0 0 0 0 0 0 0 0 0 0 0
 0.00147267 0.00158595 0.00478618 0.00569244 0.00954404 0.0108468 0.00647125 0.017049 0.0510054 0.094081 0.124002 0.0959785 0.0687766 0.0820023 0.061753 0.0591476 0.0492212 0.0479892 0.0443925 0.0268479 0.0217502 0.0140895 0.0121071 0.0120363 0.00920419 0.00665534 0.0049561 0.00860946 0.00930331 0.0156896 0.0114698 0.00855282 0.00243557 0.00046729 0 2.83206e-05
 0 0 0 0 0.000772559 0.00158375 0.000888443 0.00281984 0.00712685 0.0440552 0.0773331 0.111326 0.0921469 0.0852325 0.0710754 0.0886704 0.0786465 0.0553345 0.0373146 0.0185414 0.00753245 0.00457741 0.012979 0.0271748 0.0457355 0.0583668 0.034881 0.0177882 0.00938659 0.00492506 0.0015258 0.00185414 0.000309023 5.79419e-05 3.86279e-05 0
 0 0.00173294 0.00326652 0 0.00397197 0.00683976 0.00946217 0.0152591 0.00757587 0.0136028 0.0228656 0.0392903 0.0559909 0.0764795 0.0681675 0.0726916 0.0566044 0.0477403 0.0527397 0.0444891 0.0609904 0.0582453 0.0661739 0.0445044 0.0529084 0.0360697 0.0280645 0.0235558 0.0158879 0.00826598 0.00280645 0.00217768 0.000904811 0.00058276 9.20147e-05 0
 0 0 0 0 0 0 0 0 0 0 0 0 0 0 0 0 0 0 0 0 0 0 0 0 0 0 0 0 0 0 0 0 0 0 0 0
 0 0 0 0 0 0 0 0 0 0 0 0 0 0 0 0 0 0 0 0 0 0 0 0 0 0 0 0 0 0 0 0 0 0 0 0
 0 0 0 0 0 0 0 0 0 0 0 0 0 0 0 0 0 0 0 0 0 0 0 0 0 0 0 0 0 0 0 0 0 0 0 0
ppred_pel_tallas
 1.05858e-16 1.92772e-06 1.12205e-05 5.31419e-05 0.000204272 0.000636707 0.00160895 0.00329713 0.00548443 0.00742318 0.00823022 0.00762213 0.00624768 0.00524557 0.00554098 0.00755859 0.0113913 0.0170252 0.0243753 0.0331844 0.0429272 0.0528048 0.0618446 0.0690788 0.0737476 0.0754574 0.0742474 0.0705386 0.0649965 0.0583563 0.0512729 0.0442334 0.0375418 0.0313545 0.0257379 0.020718
 1.1822e-16 5.73683e-06 3.36357e-05 0.000159823 0.000615217 0.00191836 0.00484562 0.00991537 0.0164384 0.0220845 0.024054 0.0212693 0.0153407 0.00919266 0.00492907 0.00301701 0.00293576 0.00408503 0.0061769 0.00919141 0.0132183 0.0183399 0.0245643 0.0317855 0.0397594 0.0480991 0.0562922 0.0637441 0.0698443 0.0740483 0.075958 0.0753861 0.0723895 0.0672589 0.0604745 0.0526292
 1.30516e-16 2.90152e-06 1.69872e-05 8.06675e-05 0.00031044 0.000967928 0.00244498 0.00500393 0.00829927 0.0111601 0.0121826 0.0108369 0.00795687 0.00505018 0.00322278 0.00276599 0.00347789 0.00511134 0.00755914 0.0108209 0.014919 0.0198469 0.0255524 0.0319407 0.03888 0.0462006 0.0536841 0.0610461 0.0679257 0.0738937 0.0784877 0.0812741 0.0819226 0.0802727 0.0763772 0.0705046
 1.18169e-16 2.32144e-05 0.000136249 0.000647665 0.00249355 0.0077759 0.0196412 0.0401879 0.0666139 0.0894547 0.0973288 0.0858139 0.0613479 0.0356426 0.017004 0.00700501 0.00310477 0.00233613 0.00292413 0.00416624 0.00588278 0.00806125 0.0107157 0.0138441 0.0174149 0.021357 0.0255522 0.0298285 0.0339624 0.0376904 0.040734 0.0428343 0.0437902 0.0434918 0.0419404 0.0392525
 1.01152e-16 4.10524e-05 0.000240972 0.00114553 0.00441045 0.0137537 0.0347405 0.0710822 0.117821 0.158213 0.172122 0.151716 0.108367 0.0627668 0.0295699 0.0115045 0.0040036 0.00172678 0.00142506 0.00173427 0.00221186 0.00272048 0.00319539 0.00358907 0.00386826 0.00401928 0.00404984 0.00398468 0.00385688 0.00369777 0.0035291 0.00335968 0.00318683 0.00300115 0.00279236 0.00255424
 1.01078e-16 1.96148e-05 0.00011507 0.000546878 0.00210532 0.00656508 0.0165833 0.033935 0.0562633 0.0755973 0.0823628 0.0728829 0.0526799 0.0317686 0.0173296 0.0108848 0.0104681 0.0136748 0.0189509 0.0254235 0.0324081 0.0391449 0.0447938 0.0485719 0.049929 0.0486826 0.0450642 0.0396541 0.0332347 0.0266078 0.0204366 0.0151528 0.0109395 0.00777537 0.00550954 0.00393813
 1.00946e-16 3.86884e-05 0.000227091 0.00107953 0.00415634 0.0129612 0.0327388 0.0669868 0.111034 0.149101 0.162216 0.143001 0.102178 0.0592556 0.0280552 0.0111626 0.00429037 0.0024205 0.00250028 0.00324323 0.00421805 0.00526675 0.00628783 0.00718939 0.00789349 0.00834803 0.00853355 0.00846132 0.00816495 0.00768907 0.00707957 0.00637799 0.00562045 0.00483895 0.00406325 0.00332128
 1.00418e-16 3.72443e-05 0.000218606 0.00103918 0.00400093 0.0124766 0.0315148 0.0644829 0.106885 0.143538 0.15618 0.137722 0.0984967 0.0573033 0.0274727 0.0115237 0.0053562 0.00415383 0.00496714 0.00651169 0.0082875 0.0100262 0.0115019 0.0125142 0.0129223 0.0126773 0.0118335 0.0105326 0.00896691 0.00733375 0.00579665 0.00446232 0.00337677 0.00253658 0.00190753 0.00144322
 1.0039e-16 3.66129e-05 0.000214898 0.00102155 0.00393306 0.0122649 0.0309801 0.063389 0.105073 0.141104 0.153536 0.135396 0.0968489 0.0563754 0.0270856 0.0114614 0.00547807 0.00440559 0.00534602 0.00703326 0.00896641 0.0108666 0.0124926 0.0136283 0.0141192 0.0139077 0.013046 0.0116797 0.0100099 0.00824546 0.00656188 0.00507692 0.00384591 0.00287268 0.00212815 0.00156911
 1.00289e-16 3.8889e-05 0.000228265 0.00108511 0.00417779 0.0130281 0.0329078 0.0673329 0.111608 0.149876 0.163067 0.14377 0.102769 0.0596809 0.0284106 0.0115696 0.00485829 0.00323546 0.00362229 0.00469749 0.00598058 0.00725168 0.00834437 0.00911392 0.00945716 0.00933492 0.00878063 0.00788954 0.00679369 0.00563047 0.00451556 0.00352681 0.00270122 0.00204218 0.00153164 0.00114239
 1.01267e-16 1.64718e-05 9.66133e-05 0.000459124 0.00176743 0.00551137 0.0139218 0.0284896 0.0472389 0.0634834 0.0691953 0.0613035 0.0444682 0.0271321 0.0153718 0.0105225 0.0109916 0.0148022 0.0206567 0.0277756 0.0354746 0.0429491 0.0492942 0.0536583 0.0554331 0.0544 0.0507812 0.0451737 0.0383945 0.0312891 0.0245648 0.0186918 0.013885 0.0101485 0.00735155 0.00530628
 1.0667e-16 1.46737e-05 8.60825e-05 0.000409115 0.00157498 0.00491129 0.0124057 0.0253855 0.0420861 0.056541 0.061582 0.0544489 0.039259 0.0234855 0.0124793 0.0073624 0.00666412 0.00861954 0.0121511 0.0167527 0.0221162 0.0279088 0.0337198 0.0391017 0.0436419 0.0470276 0.0490836 0.0497711 0.0491591 0.0473836 0.0446132 0.0410313 0.0368335 0.0322306 0.0274473 0.0227119
 1.02987e-16 3.62456e-05 0.000212749 0.00101135 0.00389381 0.0121425 0.0306709 0.0627558 0.104021 0.139685 0.151975 0.133979 0.0957472 0.0555569 0.0263624 0.010593 0.0042399 0.00261045 0.00285239 0.00376612 0.00495033 0.00625655 0.00758638 0.00884843 0.00996294 0.0108727 0.011548 0.0119832 0.0121869 0.0121713 0.0119455 0.0115145 0.0108845 0.0100695 0.00909715 0.00801014
 1.01278e-16 3.25167e-05 0.000190843 0.000907174 0.00349266 0.0108915 0.0275112 0.0562918 0.0933112 0.125318 0.136381 0.120321 0.0861799 0.0503964 0.0246463 0.0111744 0.00644674 0.00629077 0.0081343 0.0108148 0.0138039 0.0167304 0.019236 0.0209931 0.0217696 0.0214834 0.020221 0.0182107 0.0157625 0.0131934 0.0107641 0.00864171 0.00689522 0.00551466 0.00444272 0.00360566
 1.00696e-16 3.62236e-05 0.000212613 0.00101069 0.00389124 0.0121345 0.0306507 0.062715 0.103955 0.139604 0.151902 0.133954 0.0958134 0.0557652 0.0267789 0.0113095 0.00537484 0.00429661 0.00521096 0.00687092 0.00878889 0.0106982 0.012369 0.0135931 0.0142183 0.0141814 0.0135213 0.012364 0.0108885 0.00928299 0.00770739 0.00627127 0.00502992 0.00399411 0.00314678 0.00245904
 1.00579e-16 3.4642e-05 0.000203324 0.000966517 0.00372115 0.0116041 0.029311 0.0599741 0.0994135 0.133509 0.145282 0.128144 0.0917179 0.0535034 0.0259207 0.0113383 0.00596838 0.00534987 0.00674197 0.00892824 0.0113936 0.0138127 0.0158853 0.017338 0.0179753 0.0177241 0.0166505 0.0149387 0.0128426 0.0106259 0.00850926 0.00664036 0.00508775 0.00385514 0.00290532 0.0021839
 1.01207e-16 2.86181e-05 0.000167949 0.000798319 0.00307351 0.00958441 0.0242096 0.0495371 0.0821171 0.110293 0.120051 0.105966 0.0760132 0.0446825 0.0222841 0.0108357 0.00726997 0.007947 0.0106102 0.0142054 0.0181911 0.0221222 0.0255397 0.0280134 0.0292285 0.0290575 0.0275871 0.0250871 0.0219375 0.0185369 0.0152234 0.0122277 0.00966455 0.00755362 0.00585445 0.00450079
 1.02017e-16 2.93236e-05 0.000172096 0.000818046 0.00314949 0.00982135 0.024808 0.0507611 0.0841443 0.11301 0.122994 0.108531 0.0777785 0.0455716 0.0224532 0.0104665 0.00644625 0.00665118 0.00877813 0.0117851 0.0151876 0.0186263 0.021738 0.024176 0.0256749 0.0261057 0.025499 0.0240242 0.021937 0.0195144 0.016997 0.0145576 0.0122953 0.0102504 0.00842813 0.00681937
 1.02691e-16 2.66954e-05 0.000156662 0.000744662 0.00286693 0.00894018 0.0225823 0.0462075 0.076598 0.102881 0.111986 0.0988547 0.0709266 0.0417228 0.0208657 0.0102449 0.00700874 0.00777307 0.0104443 0.0140495 0.0180908 0.0221559 0.0258133 0.0286512 0.0303582 0.0307904 0.0299969 0.0281933 0.0256966 0.0228434 0.0199206 0.0171266 0.0145661 0.0122704 0.0102289 0.00841696
 1.0086e-16 3.90854e-05 0.000229421 0.00109061 0.00419897 0.0130942 0.0330747 0.0676741 0.112173 0.150632 0.163883 0.144475 0.103241 0.0598907 0.0283904 0.0113545 0.00445232 0.00261294 0.00274675 0.00354352 0.00455228 0.00559549 0.0065538 0.00732364 0.00782619 0.00802205 0.00791753 0.00755865 0.00701598 0.00636571 0.00567363 0.00498625 0.00432993 0.00371559 0.00314587 0.00262106
 1.00682e-16 3.17328e-05 0.000186238 0.000885275 0.00340833 0.0106285 0.0268469 0.054933 0.0910597 0.122297 0.133102 0.117447 0.084164 0.0493027 0.0242701 0.0112714 0.00687206 0.00700919 0.009171 0.0122058 0.0155627 0.0188287 0.0215954 0.0234878 0.024241 0.0237624 0.0221539 0.0196821 0.0167097 0.0136095 0.0106916 0.00815921 0.00610167 0.00451448 0.00333427 0.00247359
 1.01721e-16 2.75425e-05 0.000161634 0.0007683 0.00295794 0.00922399 0.0232992 0.0476743 0.0790293 0.106146 0.115539 0.101987 0.0731655 0.0430231 0.0214846 0.010496 0.00711103 0.00783369 0.0105004 0.0141047 0.0181326 0.0221599 0.025744 0.0284639 0.0300019 0.0302137 0.0291549 0.0270548 0.0242501 0.0211014 0.0179205 0.0149284 0.012247 0.00991699 0.00792845 0.00624872
 1.02308e-16 3.00259e-05 0.000176221 0.00083766 0.00322501 0.0100569 0.0254029 0.0519782 0.0861609 0.115716 0.125933 0.111108 0.0795913 0.0465648 0.0228144 0.0104201 0.0061292 0.0061029 0.00798341 0.0107167 0.0138337 0.0170063 0.0199089 0.0222304 0.0237301 0.0242871 0.0239204 0.0227707 0.021055 0.0190086 0.0168364 0.0146852 0.0126405 0.0107398 0.00899423 0.0074057
 1.03218e-16 2.38082e-05 0.000139707 0.000664046 0.00255652 0.00797217 0.0201373 0.0412051 0.068308 0.0917537 0.0998936 0.088226 0.0634009 0.0374976 0.0191271 0.0100109 0.0076425 0.00903069 0.0123129 0.0165923 0.0213564 0.0261336 0.0304154 0.0337152 0.0356674 0.0361067 0.0350987 0.032907 0.0299145 0.0265255 0.0230822 0.019818 0.016852 0.0142135 0.0118813 0.00981763
 1.09524e-16 8.59455e-07 4.95526e-06 2.33705e-05 8.96689e-05 0.000279339 0.00070619 0.00144953 0.00242021 0.00330316 0.00373401 0.00362571 0.00332064 0.00340415 0.00440008 0.00663913 0.0103129 0.0155381 0.0223281 0.0305065 0.0396393 0.0490402 0.0578598 0.0652414 0.0704968 0.073244 0.0734645 0.0714598 0.0677353 0.0628532 0.0573111 0.0514754 0.0455779 0.039753 0.03409 0.0286718
pSPR Fmed_Fpbrs
0.506604   0.351485 0.351485
Fs Fmed_Fpbrs
0.523535   1.005 1.005
SSBpbr Bo_Bmed_Bpbrs
1.0021e+06  457562  302117 302117
Ro
16983.5
SPR SPRFo_SPRFmed_SPRFpbrs
350023 177323 123028
log_Ro
9.56
likeval ReclasPelacesDesembMPH_pf_preclas_ppelaces_ptallas_desvR_qrecl_qpela
 97.8148 89.114 0.123823 0.000531004 358.103 202.518 73.3382 0 71.6745 2.57459e-06 0 0 0 0 0
q_reclas_q_pelaces
0.796625 1
M
0.7
N
 3965.13 60511.2 29781.6 3909.92 0.112217
 5818 1941.21 27119.5 13347.3 1752.37
 853.236 2813.54 796.27 11124.2 6193.8
 4394.74 380.623 644.969 182.535 3969.95
 54909.9 2061.94 125.542 212.732 1369.62
 13336.5 26777.5 898.477 54.7039 689.499
 55833.6 5949.84 6142.34 206.096 170.708
 70802.7 24869.1 1349.04 1392.69 85.435
 82539.9 29955.5 3891.76 211.111 231.311
 226639 35271.4 5037.19 654.422 74.3957
 47760 104200 10050.9 1435.39 207.683
 19259.4 22014.2 30242.6 2917.13 476.88
 56349.4 8884.52 6426.7 8828.84 990.827
 23703.8 24031.3 1472.54 1065.17 1627.53
 14922 9241.31 2085.8 127.809 233.714
 14462.3 5709.4 700.574 158.122 27.4066
 9694.59 6437.19 1287.99 158.043 41.8535
 9367.86 4417.73 1720.36 344.219 53.423
 6909.48 4340.43 1331.05 518.338 119.808
 27439.5 3197.45 1296.2 397.497 190.573
 31956.3 12444.9 825.869 334.797 151.893
 30709.2 15450.4 5096.67 338.226 199.318
 40828.8 14781 6126.14 2020.85 213.138
 25104.8 19414.3 5369 2225.24 811.467
 261.83 11796.3 6472.34 1789.91 1012.38
pred_Ctot
 40.3203 4267.68 2100.41 275.756 0.00791436
 109.641 245.563 3430.62 1688.44 221.675
 62.7792 1138.02 322.075 4499.53 2505.26
 174.965 94.0988 159.452 45.1269 981.463
 710.26 183.061 11.1457 18.8864 121.596
 980.494 10824.6 363.204 22.1137 278.726
 4163.69 2430.57 2509.21 84.1924 69.7361
 7606.64 13060.4 708.468 731.389 44.8674
 8351.18 15134.7 1966.27 106.662 116.867
 12139.9 11157.9 1593.48 207.022 23.5346
 2476.49 32108 3097.06 442.299 63.9951
 988.158 6725.43 9239.23 891.195 145.689
 5772.45 4525.25 3273.39 4496.9 504.669
 3714.84 15660.5 959.609 694.142 1060.61
 2500.14 6223.07 1404.57 86.0662 157.382
 1085.13 2342.89 287.485 64.8864 11.2465
 577.026 2214.64 443.117 54.3729 14.3992
 452.947 1285.61 500.644 100.171 15.5467
 339.831 1280.97 392.824 152.974 35.3583
 1719.59 1145.21 464.252 142.369 68.2561
 607.188 1586.34 105.273 42.6764 19.3617
 680.086 2268.59 748.348 49.662 29.2661
 1249.55 2906.21 1204.51 397.335 41.9069
 973.987 4694.74 1298.32 538.104 196.228
 15.4271 4026.15 2209.06 610.911 345.531
F
 0.0142288 0.102575 0.102575 0.102575 0.102575
 0.0265124 0.191126 0.191126 0.191126 0.191126
 0.107227 0.772997 0.772997 0.772997 0.772997
 0.0567587 0.409171 0.409171 0.409171 0.409171
 0.0181307 0.130703 0.130703 0.130703 0.130703
 0.107139 0.772357 0.772357 0.772357 0.772357
 0.10875 0.783971 0.783971 0.783971 0.783971
 0.160185 1.15477 1.15477 1.15477 1.15477
 0.150211 1.08286 1.08286 1.08286 1.08286
 0.0770445 0.55541 0.55541 0.55541 0.55541
 0.0744991 0.53706 0.53706 0.53706 0.53706
 0.0736901 0.531228 0.531228 0.531228 0.531228
 0.152217 1.09732 1.09732 1.09732 1.09732
 0.24195 1.7442 1.7442 1.7442 1.7442
 0.260723 1.87954 1.87954 1.87954 1.87954
 0.109452 0.789033 0.789033 0.789033 0.789033
 0.085943 0.619558 0.619558 0.619558 0.619558
 0.0693112 0.49966 0.49966 0.49966 0.49966
 0.070542 0.508533 0.508533 0.508533 0.508533
 0.0906751 0.653672 0.653672 0.653672 0.653672
 0.0267338 0.192722 0.192722 0.192722 0.192722
 0.0312209 0.22507 0.22507 0.22507 0.22507
 0.0433765 0.312699 0.312699 0.312699 0.312699
 0.0552749 0.398474 0.398474 0.398474 0.398474
 0.0850433 0.613073 0.613073 0.613073 0.613073
nmprior
 10 11 7 0
nm_flota  nm_reclas  nm_pelaces    nm_pelaL
inf 21.6504 18.4671 33.0887
cv_recla  cv_pelaces  cv_mph
0.894597 1.1108 0.747631
 ------------------------------------------------
Talla a la edad & desviación 
 7.2 14.2025 17.0495 18.207 18.6776
 1.08 2.13037 2.55742 2.73105 2.80164
