years
 1997 1998 1999 2000 2001 2002 2003 2004 2005 2006 2007 2008 2009 2010 2011 2012 2013 2014 2015 2016 2017 2018 2019 2020 2021
reclasobs
 0 0 0 370054 412103 1.49427e+06 250295 1.28982e+06 931140 785840 897777 1.04006e+06 184774 17550 25797 100020 73551 82996 120727 218422 84188 347160 605670 569463 516374
reclaspred
 480852 124918 338891 238144 368220 436421 946577 637210 717409 712456 577842 393481 247574 104899 63714.5 62517.2 77494.4 102617 108934 157544 231641 214856 367810 465845 490722
pelacesobs
 0 0 0 0 0 0 0 0 0 2.06254e+06 1.5e+06 0 1.87456e+06 323000 250000 174000 83755 137374 0 501740 490994 745055 786931 1.00524e+06 0
pelacespred
 2.09847e+06 454706 779327 835154 1.12741e+06 1.06102e+06 2.76749e+06 2.20334e+06 2.2554e+06 2.23398e+06 1.58384e+06 1.12256e+06 701156 232495 144960 153285 200163 274896 292034 421055 705681 617893 838776 1.25337e+06 1.34276e+06
mphobs
 0 0 0 0 0 112323 0 153150 637223 0 255016 313432 73983 77613 109348 50772 0 0 0 0 0 0 0 0 0
mphpred
 181990 103507 117474 125471 139471 227033 327772 386488 329669 343757 350645 243394 151749 79591.6 33285.8 26451.9 32274.4 43396.9 53279.2 61812.8 95211.4 114228 143856 200689 286114
desembarqueobs
 350755 77701 442110 56441 14545 235359 269955 359681 431902 328805 639364 411747 362871 311530 167758 66681 60226 58785 57116 71774 51957 67425 138520 160799 200461
desembarquepred
 350759 77700.3 442102 56443.2 14545.2 235409 269994 359665 431930 328812 639357 411833 363013 311687 167629 66678.9 60247.4 58777.8 57103.6 71770.9 51957.7 67414.6 138518 160803 200457
Reclutas
 41245 50777.8 27328.5 43510.9 75103.2 53570.8 86855.4 86762.3 109617 126404 65364.7 44968.8 46207.6 23858.3 14978.2 15685.2 11559.8 12810.8 14702.3 25011.6 30649.3 41157.2 62598.5 77986 27811.2
log_desv_Rt
 0.0472852 0.255214 -0.364313 0.100767 0.646619 0.308759 0.792 0.790928 1.02475 1.16724 0.507737 0.133723 0.1609 -0.500111 -0.965649 -0.91953 -1.22471 -1.12196 -0.984242 -0.452904 -0.249636 0.0451539 0.464497 0.684285 -0.346805
SSB
 551096 313436 355731 379949 422341 687494 992551 1.17035e+06 998296 1.04096e+06 1.06182e+06 737039 459524 241017 100795 80100.9 97732.4 131413 161339 187180 288317 345903 435620 607720 866404
BT
 1.78892e+06 459116 800457 659732 820934 947480 2.17055e+06 1.98808e+06 2.01431e+06 1.91865e+06 1.70804e+06 1.18147e+06 854526 457986 241662 164228 191577 244390 258098 359718 548943 506927 696452 1.03085e+06 1.12857e+06
Ftot
 0.572688 0.510778 0.835127 0.177039 0.0325106 0.31371 0.204612 0.405065 0.460094 0.346671 0.665546 0.625599 0.995188 1.81542 2.02656 0.84573 0.585247 0.415507 0.347811 0.350818 0.163042 0.207499 0.24578 0.243902 0.216886
BD_Bspro_t
 0.930863 0.693002 0.626502 0.462071 0.61489 0.770856 0.724515 0.731922 0.667887 0.633798 0.61059 0.44782 0.339703 0.236496 0.12744 0.125531 0.199165 0.321901 0.425498 0.522444 0.65246 0.74572 0.756877 0.760282 0.755734
BD_Bspro
 0.67971 0.386585 0.438751 0.46862 0.520907 0.847941 1.22419 1.44349 1.23128 1.28389 1.30962 0.909048 0.566767 0.297265 0.124318 0.0987948 0.120541 0.162082 0.198992 0.230864 0.355604 0.42663 0.537284 0.749549 1.0686
BD_Bo
 0.562623 0.319991 0.363172 0.387896 0.431175 0.701874 1.01331 1.19483 1.01918 1.06273 1.08402 0.752455 0.469135 0.246058 0.102903 0.0817763 0.0997765 0.134162 0.164713 0.191095 0.294347 0.353138 0.444731 0.620431 0.884526
BD_Brms
 1.92109 1.09262 1.24006 1.32448 1.47226 2.39657 3.45998 4.07979 3.48 3.62871 3.70143 2.56928 1.60187 0.840172 0.351366 0.279227 0.34069 0.458099 0.562418 0.652498 1.00506 1.2058 1.51855 2.11848 3.02024
S_f
 0.166147 1 1 1 1
 0.166147 1 1 1 1
 0.166147 1 1 1 1
 0.166147 1 1 1 1
 0.166147 1 1 1 1
 0.166147 1 1 1 1
 0.166147 1 1 1 1
 0.166147 1 1 1 1
 0.166147 1 1 1 1
 0.166147 1 1 1 1
 0.166147 1 1 1 1
 0.166147 1 1 1 1
 0.166147 1 1 1 1
 0.166147 1 1 1 1
 0.166147 1 1 1 1
 0.166147 1 1 1 1
 0.166147 1 1 1 1
 0.166147 1 1 1 1
 0.166147 1 1 1 1
 0.166147 1 1 1 1
 0.166147 1 1 1 1
 0.166147 1 1 1 1
 0.166147 1 1 1 1
 0.166147 1 1 1 1
 0.166147 1 1 1 1
Scru_reclas
 0.917975 1 1 1 1
 0.917975 1 1 1 1
 0.917975 1 1 1 1
 0.917975 1 1 1 1
 0.917975 1 1 1 1
 0.917975 1 1 1 1
 0.917975 1 1 1 1
 0.917975 1 1 1 1
 0.917975 1 1 1 1
 0.917975 1 1 1 1
 0.917975 1 1 1 1
 0.917975 1 1 1 1
 0.917975 1 1 1 1
 0.917975 1 1 1 1
 0.917975 1 1 1 1
 0.917975 1 1 1 1
 0.917975 1 1 1 1
 0.917975 1 1 1 1
 0.917975 1 1 1 1
 0.917975 1 1 1 1
 0.917975 1 1 1 1
 0.917975 1 1 1 1
 0.917975 1 1 1 1
 0.917975 1 1 1 1
 0.917975 1 1 1 1
Scru_pelaces
 1 1 1 1 1
 1 1 1 1 1
 1 1 1 1 1
 1 1 1 1 1
 1 1 1 1 1
 1 1 1 1 1
 1 1 1 1 1
 1 1 1 1 1
 1 1 1 1 1
 1 1 1 1 1
 1 1 1 1 1
 1 1 1 1 1
 1 1 1 1 1
 1 1 1 1 1
 1 1 1 1 1
 1 1 1 1 1
 1 1 1 1 1
 1 1 1 1 1
 1 1 1 1 1
 1 1 1 1 1
 1 1 1 1 1
 1 1 1 1 1
 1 1 1 1 1
 1 1 1 1 1
 1 1 1 1 1
pf_obs 
 0.256992 0.487395 0.22802 0.0275931 0
 0.321318 0.546541 0.124235 0.00734118 0.000564706
 0.182869 0.594174 0.210203 0.0122559 0.00049798
 0.330522 0.361315 0.267642 0.0388342 0.00168674
 0.649043 0.306663 0.0425973 0.00169635 0
 0.582887 0.30429 0.105238 0.00758474 0
 0.465427 0.430635 0.0974691 0.00646863 0
 0.296916 0.608066 0.0921331 0.00288517 0
 0.311714 0.524322 0.152257 0.0117073 0
 0.15457 0.633149 0.183074 0.0267441 0.00246327
 0.131901 0.49318 0.331252 0.0422183 0.00144891
 0.196976 0.569456 0.194076 0.0375587 0.00193317
 0.518974 0.381816 0.0799577 0.0180837 0.00116848
 0.0928022 0.601141 0.25162 0.0475244 0.00691264
 0.122501 0.610282 0.24278 0.0234846 0.000952079
 0.383417 0.481906 0.127806 0.00687128 0
 0.0376549 0.599619 0.316969 0.0457579 0
 0.0361596 0.667082 0.258105 0.0386534 0
 0.158088 0.579412 0.248529 0.0139706 0
 0.0477256 0.309471 0.559284 0.082774 0.000745712
 0.0406174 0.521527 0.379366 0.0568643 0.0016247
 0.151134 0.462217 0.34131 0.0453401 0
 0.294876 0.26143 0.354403 0.0886775 0.000613685
 0.281977 0.475581 0.204845 0.0348837 0.00271318
 0 0 0 0 0
pf_pred 
 0.318588 0.47947 0.180506 0.0214265 9.86514e-06
 0.299069 0.552435 0.104488 0.0393366 0.0046715
 0.166042 0.639567 0.153208 0.028978 0.0122049
 0.296128 0.453866 0.191731 0.0459291 0.0123459
 0.306285 0.508868 0.119191 0.0503511 0.0153038
 0.163717 0.610137 0.165887 0.0388555 0.021403
 0.262267 0.426279 0.227231 0.0617807 0.0224418
 0.218801 0.548508 0.134454 0.0716715 0.0265649
 0.263092 0.495172 0.169731 0.0416057 0.0303985
 0.255486 0.542406 0.135808 0.0465513 0.0197482
 0.140363 0.609617 0.182149 0.0456065 0.0222644
 0.155349 0.487139 0.253532 0.0757533 0.0282266
 0.241458 0.455559 0.174741 0.0909438 0.0372984
 0.211152 0.599295 0.11384 0.0436662 0.0320466
 0.294416 0.570794 0.102401 0.0194518 0.012937
 0.365144 0.560103 0.0604722 0.0108488 0.0034314
 0.226053 0.650587 0.108835 0.0117505 0.00277483
 0.248916 0.52614 0.18909 0.0316325 0.00422173
 0.248142 0.533065 0.153266 0.0550827 0.0104445
 0.323826 0.474112 0.143261 0.0411904 0.0176104
 0.262805 0.570023 0.117216 0.0354189 0.0145375
 0.257889 0.51839 0.172988 0.0355721 0.0151605
 0.286415 0.497833 0.150711 0.0502924 0.0147494
 0.257256 0.542803 0.139489 0.0422279 0.0182242
 0.0860314 0.640372 0.199946 0.0513819 0.0222681
pobs_RECLAS
 0 0 0 0 0
 0 0 0 0 0
 0 0 0 0 0
 0 0 0 0 0
 0.835266 0.146461 0.0176864 0.000547809 3.91292e-05
 0.385257 0.428462 0.181853 0.0044286 0
 0.867414 0.0963971 0.0333333 0.00285562 0
 0.441836 0.489002 0.0689373 0.000224442 0
 0.779404 0.147425 0.0564933 0.0165055 0.000172143
 0.814271 0.122319 0.05973 0.00367925 0
 0.40263 0.566651 0.0304383 0.000280538 0
 0.475488 0.404961 0.113038 0.00651328 0
 0.955842 0.0263864 0.0167828 0.000988607 0
 0.975058 0.0227948 0.00214734 0 0
 0.738997 0.206755 0.0527124 0.00153531 0
 0.850938 0.134255 0.0134407 0.00136685 0
 0.542534 0.407297 0.0501686 0 0
 0.764087 0.199537 0.0359546 0.000420521 0
 0.470689 0.182191 0.310203 0.0369168 0
 0.84361 0.089868 0.0606195 0.00523954 0.000663233
 0.607945 0.314616 0.071237 0.00620181 0
 0.523733 0.453247 0.0230204 0 0
 0.530135 0.295979 0.169645 0.0042399 0
 0.562478 0.366248 0.0663022 0.0049721 0
 0.250443 0.683176 0.0655157 0.000865301 0
ppred_RECLAS
 0.728974 0.190706 0.0717947 0.00852221 3.92378e-06
 0.70938 0.22905 0.0433228 0.0163097 0.00193689
 0.540547 0.352357 0.084407 0.0159649 0.00672403
 0.701252 0.192637 0.0813773 0.0194939 0.00524003
 0.709584 0.213032 0.0498982 0.0210789 0.00640677
 0.524347 0.347028 0.0943517 0.0220998 0.0121734
 0.66521 0.19345 0.103119 0.0280366 0.0101843
 0.613629 0.271285 0.0664992 0.0354478 0.0131386
 0.670358 0.221506 0.0759262 0.0186115 0.0135982
 0.659523 0.24805 0.0621069 0.0212886 0.00903112
 0.486582 0.364094 0.108788 0.0272385 0.0132974
 0.515354 0.279512 0.145472 0.0434659 0.0161959
 0.657141 0.205911 0.0789823 0.0411063 0.0168588
 0.645846 0.269054 0.0511087 0.019604 0.0143874
 0.747143 0.204553 0.0366972 0.00697088 0.00463619
 0.772867 0.200389 0.0216352 0.00388139 0.00122766
 0.627176 0.313399 0.0524278 0.00566043 0.00133668
 0.652873 0.243165 0.0873914 0.0146195 0.00195115
 0.650735 0.247627 0.0711977 0.0255879 0.00485183
 0.730035 0.189291 0.0571976 0.0164454 0.00703103
 0.665248 0.258841 0.0532265 0.0160833 0.00660131
 0.660166 0.237386 0.079216 0.0162895 0.00694243
 0.692252 0.214701 0.0649971 0.0216896 0.00636099
 0.659962 0.248503 0.0638599 0.0193325 0.00834329
 0.344914 0.458986 0.143311 0.0368279 0.0159606
pobs_PELACES
 0 0 0 0 0
 0 0 0 0 0
 0 0 0 0 0
 0 0 0 0 0
 0 0 0 0 0
 0 0 0 0 0
 0 0 0 0 0
 0 0 0 0 0
 0 0 0 0 0
 0 0 0 0 0
 0.450072 0.473896 0.0757376 0.000293798 0
 0 0 0 0 0
 0.463077 0.371075 0.160297 0.00555027 0
 0.529543 0.364841 0.0842815 0.0213345 0
 0.631943 0.363953 0.00410389 0 0
 0.735681 0.248677 0.0153453 0.000297389 0
 0.695825 0.281241 0.0229344 0 0
 0.275771 0.60734 0.115278 0.00161068 0
 0 0 0 0 0
 0.896147 0.0623911 0.0374545 0.00400742 0
 0.803859 0.145111 0.0509908 3.86294e-05 0
 0.739449 0.233085 0.0266225 0.000797448 4.60066e-05
 0.878498 0.100942 0.0204185 0.000141795 0
 0.694673 0.275183 0.0284847 0.00165964 0
 0 0 0 0 0
ppred_PELACES
 0.774272 0.158832 0.0597951 0.00709783 3.26797e-06
 0.753713 0.19411 0.0367142 0.0138217 0.00164143
 0.61726 0.293525 0.070314 0.0132993 0.00560135
 0.728607 0.174998 0.0739259 0.0177089 0.00476022
 0.728672 0.19903 0.0466185 0.0196935 0.00598568
 0.56694 0.315953 0.085903 0.0201209 0.0110833
 0.696035 0.175638 0.0936249 0.0254552 0.0092466
 0.65918 0.239303 0.0586594 0.0312688 0.0115897
 0.715448 0.191207 0.0655406 0.0160657 0.0117381
 0.698918 0.21935 0.0549209 0.0188254 0.00798619
 0.553553 0.316601 0.0945977 0.0236854 0.0115629
 0.579121 0.242735 0.126332 0.0377469 0.014065
 0.733023 0.160339 0.0615019 0.0320087 0.0131276
 0.766018 0.177758 0.0337663 0.0129519 0.0095054
 0.848985 0.122166 0.0219167 0.00416323 0.00276888
 0.823882 0.15538 0.0167758 0.00300961 0.000951918
 0.682818 0.266626 0.0446033 0.00481565 0.00113719
 0.696696 0.212466 0.0763587 0.0127739 0.00170483
 0.690737 0.219267 0.0630434 0.0226573 0.00429615
 0.764394 0.1652 0.049918 0.0143524 0.00613619
 0.693646 0.236883 0.0487112 0.0147189 0.0060413
 0.69141 0.215561 0.0719331 0.0147919 0.00630416
 0.723899 0.192622 0.0583131 0.0194592 0.00570686
 0.693349 0.224103 0.0575897 0.0174343 0.00752408
 0.378433 0.435501 0.135978 0.0349435 0.015144
pobs_pel_tallas
 0 0 0 0 0 0 0 0 0 0 0 0 0 0 0 0 0 0 0 0 0 0 0 0 0 0 0 0 0 0 0 0 0 0 0 0
 0 0 0 0 0 0 0 0 0 0 0 0 0 0 0 0 0 0 0 0 0 0 0 0 0 0 0 0 0 0 0 0 0 0 0 0
 0 0 0 0 0 0 0 0 0 0 0 0 0 0 0 0 0 0 0 0 0 0 0 0 0 0 0 0 0 0 0 0 0 0 0 0
 0 0 0 0 0 0 0 0 0 0 0 0 0 0 0 0 0 0 0 0 0 0 0 0 0 0 0 0 0 0 0 0 0 0 0 0
 0 0 0 0 0 0 0 0 0 0 0 0 0 0 0 0 0 0 0 0 0 0 0 0 0 0 0 0 0 0 0 0 0 0 0 0
 0 0 0 0 0 0 0 0 0 0 0 0 0 0 0 0 0 0 0 0 0 0 0 0 0 0 0 0 0 0 0 0 0 0 0 0
 0 0 0 0 0 0 0 0 0 0 0 0 0 0 0 0 0 0 0 0 0 0 0 0 0 0 0 0 0 0 0 0 0 0 0 0
 0 0 0 0 0 0 0 0 0 0 0 0 0 0 0 0 0 0 0 0 0 0 0 0 0 0 0 0 0 0 0 0 0 0 0 0
 0 0 0 0 0 0 0 0 0 0 0 0 0 0 0 0 0 0 0 0 0 0 0 0 0 0 0 0 0 0 0 0 0 0 0 0
 0 0 0 0 0 0 0 0 0 0 0 0 0 0 0 0 0 0 0 0 0 0 0 0 0 0 0 0 0 0 0 0 0 0 0 0
 0 0 0 0 0 0 0 0 1.78061e-05 0.00172719 0.00360574 0.0105946 0.0120993 0.0124554 0.0147524 0.0171206 0.0266825 0.0428682 0.0675386 0.121331 0.153587 0.119568 0.100827 0.0573624 0.0630603 0.0341343 0.0324427 0.0444173 0.0211091 0.0280891 0.0125444 0.00206551 0 0 0 0
 0 0 0 0 0 0 0 0 0 0 0 0 0 0 0 0 0 0 0 0 0 0 0 0 0 0 0 0 0 0 0 0 0 0 0 0
 0 0 0 0 0 0 0.0133647 0.0140871 0.0187388 0.0205184 0.03894 0.0496705 0.03968 0.0493445 0.0407372 0.0367815 0.0215668 0.0243155 0.0234873 0.0199281 0.019796 0.0243948 0.0301388 0.0376714 0.0412746 0.0863199 0.0771752 0.113111 0.0741005 0.0525337 0.0229764 0.00759418 0.00175318 0 0 0
 0 0 0 0 0 0 0 0 0 0 0.00219441 0.00772107 0.0458388 0.0604681 0.0671733 0.0775358 0.0609151 0.0617685 0.073594 0.0568108 0.0755445 0.0548602 0.0670107 0.0636378 0.0643287 0.046367 0.0373049 0.0286899 0.0247887 0.0153202 0.00654259 0.00121912 0.000365735 0 0 0
 0 0 0 0 0 0 0 0 0 0 0 0 0.000112435 0.00938835 0.0111873 0.0202946 0.0414886 0.0713402 0.111592 0.104902 0.108894 0.110636 0.117776 0.105296 0.107544 0.0401394 0.0192827 0.0124803 0.00416011 0.0028671 0.000618394 0 0 0 0 0
 0 0 0 0 0 0 0 0 0 0 0.00291406 0.0102884 0.027416 0.0768956 0.0749926 0.110853 0.0956884 0.0897413 0.0766577 0.0534642 0.0500743 0.0551293 0.0594112 0.0620874 0.0668451 0.0424026 0.0208742 0.0120726 0.0048766 0.00582813 0.00118941 0.000297354 0 0 0 0
 0 0.00264628 0.0354308 0.0461629 0.0458689 0.0383711 0.0214643 0.0164657 0.0346957 0.0420465 0.0363128 0.0245516 0.0311673 0.0291091 0.0169068 0.0133784 0.00837989 0.0085269 0.0148486 0.0160247 0.0276389 0.0546898 0.0760071 0.122758 0.109233 0.0665981 0.0333725 0.0166128 0.00676272 0.00308733 0.000882094 0 0 0 0 0
 0 0 0 0 0 0 0 0.000805153 0.000690131 0.00759144 0.0133425 0.0154129 0.00931677 0.000345066 0.00356568 0.00563607 0.00851162 0.0253048 0.0502646 0.0516448 0.0657925 0.0565908 0.0611916 0.0827007 0.0866115 0.110766 0.145733 0.0935128 0.0569358 0.0249597 0.0138026 0.00621118 0.00161031 0.00115022 0 0
 0 0 0 0 0 0 0 0 0 0 0 0 0 0 0 0 0 0 0 0 0 0 0 0 0 0 0 0 0 0 0 0 0 0 0 0
 0.00147267 0.00158595 0.00478618 0.00569244 0.00954404 0.0108468 0.00647125 0.017049 0.0510054 0.094081 0.124002 0.0959785 0.0687766 0.0820023 0.061753 0.0591476 0.0492212 0.0479892 0.0443925 0.0268479 0.0217502 0.0140895 0.0121071 0.0120363 0.00920419 0.00665534 0.0049561 0.00860946 0.00930331 0.0156896 0.0114698 0.00855282 0.00243557 0.00046729 0 2.83206e-05
 0 0 0 0 0.000772559 0.00158375 0.000888443 0.00281984 0.00712685 0.0440552 0.0773331 0.111326 0.0921469 0.0852325 0.0710754 0.0886704 0.0786465 0.0553345 0.0373146 0.0185414 0.00753245 0.00457741 0.012979 0.0271748 0.0457355 0.0583668 0.034881 0.0177882 0.00938659 0.00492506 0.0015258 0.00185414 0.000309023 5.79419e-05 3.86279e-05 0
 0 0.00173294 0.00326652 0 0.00397197 0.00683976 0.00946217 0.0152591 0.00757587 0.0136028 0.0228656 0.0392903 0.0559909 0.0764795 0.0681675 0.0726916 0.0566044 0.0477403 0.0527397 0.0444891 0.0609904 0.0582453 0.0661739 0.0445044 0.0529084 0.0360697 0.0280645 0.0235558 0.0158879 0.00826598 0.00280645 0.00217768 0.000904811 0.00058276 9.20147e-05 0
 0 0 0 0 0 0 0 0 0 0 0 0 0 0 0 0 0 0 0 0 0 0 0 0 0 0 0 0 0 0 0 0 0 0 0 0
 0 0 0 0 0 0 0 0 0 0 0 0 0 0 0 0 0 0 0 0 0 0 0 0 0 0 0 0 0 0 0 0 0 0 0 0
 0 0 0 0 0 0 0 0 0 0 0 0 0 0 0 0 0 0 0 0 0 0 0 0 0 0 0 0 0 0 0 0 0 0 0 0
ppred_pel_tallas
 1.01145e-16 3.37811e-05 0.000198271 0.000942499 0.00362868 0.0113157 0.0285826 0.0584836 0.0969426 0.130189 0.141667 0.12495 0.0894197 0.0521383 0.0252147 0.0109564 0.00566878 0.00500503 0.00630153 0.00838849 0.0107869 0.0132067 0.0153809 0.0170595 0.0180531 0.0182716 0.0177409 0.016588 0.015003 0.0131912 0.0113316 0.00955307 0.00792926 0.00648929 0.00523436 0.00415323
 1.01137e-16 3.2886e-05 0.000193013 0.000917494 0.0035324 0.0110154 0.0278242 0.0569321 0.0943718 0.12674 0.137923 0.121669 0.0871172 0.0508879 0.0247817 0.0110602 0.00614094 0.00580047 0.00744175 0.0099047 0.0126825 0.0154367 0.0178447 0.0196083 0.0205096 0.0204597 0.019517 0.0178652 0.0157634 0.0134821 0.0112494 0.0092192 0.00746641 0.00600193 0.00479756 0.00380979
 1.01813e-16 2.69401e-05 0.000158096 0.000751474 0.00289314 0.00902194 0.0227889 0.0466303 0.0772995 0.103825 0.113019 0.0997781 0.0716148 0.0421792 0.0211887 0.010558 0.0074161 0.00834959 0.0112395 0.0150862 0.0193575 0.0235975 0.027328 0.030097 0.03157 0.0316048 0.0302799 0.0278633 0.0247372 0.0213046 0.0179079 0.0147819 0.0120462 0.00972638 0.00779049 0.00618299
 1.01938e-16 3.17906e-05 0.000186584 0.000886931 0.00341473 0.0106485 0.0268973 0.0550355 0.0912278 0.122517 0.133326 0.117609 0.0842013 0.049167 0.0239121 0.0106216 0.00583336 0.00546912 0.00702832 0.00940593 0.0121343 0.0149114 0.0174483 0.0194709 0.0207673 0.0212315 0.0208809 0.0198405 0.0183029 0.0164771 0.0145457 0.01264 0.0108368 0.00916993 0.00764888 0.00627409
 1.01684e-16 3.17943e-05 0.000186603 0.00088702 0.00341506 0.0106495 0.0269 0.0550411 0.0912377 0.122533 0.133347 0.117639 0.0842487 0.0492457 0.0240449 0.010839 0.00617226 0.00596771 0.0077186 0.0103029 0.0132248 0.0161452 0.0187365 0.0206928 0.0217878 0.0219236 0.0211496 0.0196416 0.0176507 0.0154405 0.0132335 0.0111802 0.00935541 0.00777352 0.00641371 0.00524286
 1.02532e-16 2.47468e-05 0.000145218 0.000690244 0.00265738 0.00828672 0.0209318 0.0428308 0.0710024 0.0953716 0.103829 0.0916926 0.0658727 0.0389205 0.0197805 0.0102345 0.0076688 0.00896693 0.0121887 0.016403 0.0210844 0.0257568 0.0299097 0.0330565 0.0348337 0.0350807 0.0338705 0.031477 0.0282957 0.0247449 0.0211803 0.0178468 0.0148707 0.0122833 0.0100593 0.00815192
 1.02694e-16 3.03703e-05 0.000178245 0.00084729 0.0032621 0.0101725 0.025695 0.0525756 0.0871506 0.117043 0.127371 0.112363 0.0804606 0.0470133 0.0229225 0.0102823 0.00579348 0.00556806 0.00722438 0.00971101 0.0125812 0.0155412 0.0183046 0.020595 0.0221926 0.0229776 0.0229479 0.0222055 0.0209188 0.0192747 0.0174391 0.0155344 0.013638 0.0117937 0.0100281 0.00836354
 1.02527e-16 2.87657e-05 0.000168819 0.000802465 0.00308949 0.00963425 0.0243354 0.0497943 0.0825422 0.11086 0.120659 0.106481 0.0763344 0.0447746 0.0221515 0.0104772 0.00665429 0.00701643 0.00930165 0.012476 0.0160425 0.0196194 0.0228193 0.0252762 0.0267171 0.0270212 0.0262421 0.0245826 0.022334 0.0198024 0.0172447 0.0148333 0.012653 0.01072 0.00901236 0.00749716
 1.02094e-16 3.12174e-05 0.000183217 0.000870923 0.00335309 0.0104563 0.0264118 0.0540422 0.0895819 0.120309 0.130927 0.115503 0.0827167 0.0483465 0.0235994 0.0106289 0.00604301 0.00584154 0.00756803 0.0101279 0.0130432 0.0159906 0.0186563 0.020744 0.0220287 0.022404 0.0219006 0.0206679 0.0189279 0.0169173 0.0148391 0.0128343 0.0109792 0.00929887 0.00778949 0.00643768
 1.01872e-16 3.04977e-05 0.000178989 0.000850818 0.00327567 0.0102148 0.025802 0.0527947 0.0875149 0.117535 0.127916 0.112865 0.080866 0.0473424 0.0232537 0.0107167 0.00643014 0.00649372 0.00850511 0.0113782 0.0146131 0.0178475 0.0207219 0.0228991 0.0241282 0.0242999 0.0234665 0.0218195 0.0196341 0.0171994 0.0147606 0.0124842 0.010454 0.0086882 0.00716599 0.005853
 1.02801e-16 2.41632e-05 0.000141791 0.000673952 0.00259466 0.00809111 0.0204377 0.0418198 0.0693268 0.0931218 0.101382 0.0895371 0.0643361 0.0380368 0.0193764 0.0100995 0.00765946 0.00901822 0.0122845 0.0165488 0.0212942 0.0260471 0.0302973 0.0335564 0.035457 0.0358321 0.0347468 0.0324658 0.0293753 0.0258852 0.0223456 0.0189987 0.0159722 0.0133024 0.0109715 0.00894196
 1.03827e-16 2.52751e-05 0.000148326 0.000705034 0.00271435 0.0084644 0.0213805 0.0437483 0.0725213 0.0974051 0.106025 0.0935907 0.067146 0.0394918 0.0197386 0.00967679 0.00661053 0.00734361 0.00990723 0.0133992 0.0173721 0.0214603 0.0252761 0.0284394 0.0306479 0.0317371 0.0317056 0.0306951 0.0289381 0.0266921 0.0241844 0.0215818 0.0189883 0.0164616 0.0140362 0.0117418
 1.02639e-16 3.19824e-05 0.000187711 0.000892296 0.00343539 0.010713 0.0270601 0.0553684 0.0917791 0.123256 0.134126 0.118306 0.0846808 0.0494076 0.0239555 0.0105158 0.00559907 0.00509784 0.00649718 0.00869344 0.0112329 0.0138363 0.0162423 0.0182036 0.019529 0.0201217 0.0199945 0.019255 0.0180682 0.0166109 0.0150332 0.0134386 0.011883 0.010388 0.00895896 0.00759991
 1.01427e-16 3.34219e-05 0.000196161 0.000932462 0.00359003 0.0111952 0.0282782 0.0578609 0.0959108 0.128806 0.140166 0.123636 0.0885017 0.0516481 0.0250614 0.0110315 0.00590946 0.00539726 0.00685592 0.00911546 0.0116798 0.014233 0.0164798 0.0181483 0.0190393 0.0190711 0.0182948 0.0168752 0.0150443 0.0130436 0.0110752 0.00927389 0.00770306 0.00636955 0.00524682 0.00429689
 1.00624e-16 3.70374e-05 0.000217392 0.00103341 0.00397872 0.0124073 0.0313398 0.0641248 0.106292 0.14274 0.155311 0.136951 0.0979373 0.0569616 0.0272787 0.0113914 0.00522077 0.00397752 0.00473184 0.00621361 0.00793677 0.00964834 0.0111375 0.0122155 0.0127458 0.0126739 0.0120387 0.0109589 0.00960061 0.00813742 0.00671549 0.00543344 0.00433886 0.00343774 0.00271031 0.0021263
 1.00437e-16 3.59441e-05 0.00021097 0.00100287 0.00386114 0.0120406 0.0304137 0.0622301 0.103152 0.138527 0.150735 0.132937 0.095111 0.0554071 0.0267014 0.0114382 0.00567342 0.00476863 0.00587862 0.00775271 0.00988269 0.0119708 0.0137524 0.0149894 0.0155121 0.0152586 0.0142886 0.0127654 0.0109129 0.0089634 0.00711103 0.00548514 0.00414515 0.00309293 0.00229387 0.00169794
 1.00939e-16 2.97976e-05 0.000174875 0.000831247 0.0032003 0.0099798 0.0252083 0.0515804 0.0855034 0.114839 0.124993 0.110314 0.0790992 0.0464311 0.0230345 0.0109981 0.00711554 0.00758693 0.0100594 0.0134424 0.0171916 0.0208747 0.0240522 0.0263147 0.0273654 0.0270884 0.0255741 0.0230887 0.0200038 0.0167073 0.0135269 0.0106845 0.00828782 0.00635045 0.00482621 0.00364318
 1.01672e-16 3.04006e-05 0.00017842 0.000848112 0.00326525 0.0101824 0.0257199 0.0526268 0.0872363 0.117161 0.127508 0.112502 0.0806009 0.047177 0.023154 0.0106408 0.0063462 0.0063833 0.00836059 0.0112013 0.0144151 0.0176503 0.0205568 0.0228026 0.0241356 0.024437 0.0237428 0.0222234 0.0201327 0.0177441 0.0152946 0.012953 0.0108144 0.00891421 0.00725139 0.0058096
 1.01946e-16 3.0141e-05 0.000176895 0.000840862 0.00323733 0.0100953 0.0255 0.0521769 0.0864908 0.11616 0.126421 0.111547 0.0799265 0.0468015 0.0230054 0.0106321 0.0064215 0.00652132 0.00855949 0.0114638 0.0147399 0.0180279 0.0209687 0.0232238 0.024539 0.0247995 0.0240507 0.0224761 0.0203431 0.0179348 0.0154929 0.0131838 0.0110949 0.00925019 0.00763707 0.0062295
 1.01543e-16 3.33506e-05 0.000195743 0.000930479 0.0035824 0.0111714 0.028218 0.0577378 0.0957064 0.12853 0.139864 0.123364 0.0882943 0.051502 0.0249442 0.0109021 0.00573186 0.00514397 0.00650868 0.0086676 0.0111406 0.0136313 0.0158649 0.0175852 0.0186002 0.018822 0.0182834 0.0171207 0.0155336 0.0137339 0.0119024 0.010164 0.00858456 0.00718313 0.00595128 0.00487087
 1.01557e-16 3.02685e-05 0.000177642 0.000844411 0.00325099 0.0101379 0.0256076 0.0523972 0.0868564 0.116653 0.12696 0.112031 0.0802908 0.0470502 0.0231928 0.010827 0.00668285 0.00689322 0.00907139 0.0121284 0.0155472 0.0189396 0.0219166 0.0241149 0.0252675 0.0252637 0.0241714 0.0222112 0.0196946 0.0169481 0.0142467 0.0117766 0.00962886 0.00781792 0.00631178 0.00506063
 1.01895e-16 3.01702e-05 0.000177067 0.000841679 0.00324048 0.0101051 0.0255248 0.0522276 0.0865748 0.116273 0.126542 0.111653 0.0799981 0.0468356 0.0230076 0.0106091 0.00637577 0.00645152 0.008463 0.0113397 0.0145912 0.0178628 0.0208005 0.0230695 0.0244165 0.0247237 0.0240302 0.0225108 0.0204241 0.0180461 0.0156146 0.0132962 0.0111819 0.0093021 0.00765086 0.00620845
 1.01826e-16 3.15859e-05 0.000185381 0.000881208 0.00339269 0.0105798 0.0267237 0.0546805 0.0906398 0.121729 0.132472 0.116865 0.0836899 0.0489103 0.0238651 0.0107318 0.00607663 0.00585032 0.0075652 0.0101118 0.0130048 0.0159166 0.01853 0.0205469 0.0217433 0.0220162 0.0214031 0.0200619 0.0182242 0.0161357 0.0140062 0.0119807 0.0101359 0.00849404 0.00704618 0.00577226
 1.01842e-16 3.02551e-05 0.000177564 0.000844043 0.00324958 0.0101335 0.0255965 0.0523743 0.0868182 0.1166 0.1269 0.111972 0.0802347 0.0469896 0.0231117 0.0107041 0.00649469 0.00661655 0.00868684 0.0116257 0.0149312 0.0182352 0.0211704 0.0233918 0.0246425 0.0248101 0.023948 0.0222518 0.0200027 0.0174974 0.0149875 0.0126448 0.0105566 0.00874286 0.00718336 0.00584331
 1.03981e-16 1.6532e-05 9.6978e-05 0.000460882 0.00177424 0.00553265 0.0139754 0.0285984 0.0474158 0.0637108 0.0694162 0.0614352 0.0444251 0.0268309 0.0147133 0.00936859 0.00915986 0.0120874 0.0168748 0.022824 0.0293956 0.0359794 0.0418814 0.0464302 0.0491179 0.0497113 0.0482943 0.0452248 0.0410278 0.0362617 0.0314046 0.0267884 0.0225901 0.0188634 0.0155893 0.0127224
pSPR Fmed_Fpbrs
0.569202   0.342866 0.342866
Fs Fmed_Fpbrs
0.397805   1.005 1.005
SSBpbr Bo_Bmed_Bpbrs
979513  508565  286866 286866
Ro
39340.1
SPR SPRFo_SPRFmed_SPRFpbrs
810781 461498 277990
log_Ro
10.4
likeval ReclasPelacesDesembMPH_pf_preclas_ppelaces_ptallas_desvR_qrecl_qpela
 62.4284 16.044 0.00665233 0.000215417 284.957 191.39 71.002 0 16 2.60644e-05 4.12954e-05 0 0 0 0
q_reclas_q_pelaces
0.485077 2.4949
M
0.7
N
 41245 12576.2 4734.55 562.003 0.258757
 50777.8 18622.7 3522.32 1326.04 157.477
 27328.5 23163.9 5548.91 1049.53 442.037
 43510.9 11812.7 4990.16 1195.39 321.325
 75103.2 20980.6 4914.25 2075.97 630.974
 53570.8 37094.3 10085.4 2362.28 1301.23
 86855.4 25251.4 13460.4 3659.69 1329.38
 86762.3 41689.5 10219.2 5447.41 2019.07
 109617 40280.7 13807.1 3384.49 2472.82
 126404 50428.2 12626.3 4327.94 1836.01
 65364.7 59257.3 17705.6 4433.14 2164.19
 44968.8 29061.2 15124.9 4519.2 1683.91
 46207.6 20126.3 7719.93 4017.84 1647.82
 23858.3 19449 3694.47 1417.11 1040.01
 14978.2 8762.73 1572.05 298.621 198.607
 15685.2 5311.58 573.471 102.882 32.5408
 11559.8 6767.96 1132.2 122.239 28.8661
 12810.8 5208.51 1871.9 313.145 41.7929
 14702.3 5937.29 1707.08 613.512 116.331
 25011.6 6890.99 2082.23 598.682 255.959
 30649.3 11717.2 2409.45 728.056 298.827
 41157.2 14813.2 4943.19 1016.49 433.218
 62598.5 19745.5 5977.61 1994.74 585.003
 77986 29841.7 7668.67 2321.56 1001.91
 27811.2 37188.7 11611.6 2983.93 1293.19
pred_Ctot
 2707.07 4074.1 1533.77 182.062 0.0838249
 2985.78 5515.29 1043.17 392.721 46.6384
 2566.76 9886.72 2368.36 447.955 188.669
 908.562 1392.53 588.257 140.917 37.879
 291.05 483.555 113.262 47.8465 14.5425
 1962.53 7313.9 1988.54 465.773 256.565
 2091.9 3400.1 1812.44 492.776 179.001
 4076.93 10220.4 2505.28 1335.46 494.984
 5827.34 10967.8 3759.45 921.542 673.308
 5105.03 10838.2 2713.66 930.17 394.601
 4952.49 21509.4 6426.84 1609.16 785.567
 3211.88 10071.7 5241.83 1566.22 583.592
 5112.94 9646.57 3700.17 1925.76 789.802
 4545.84 12902.1 2450.84 940.08 689.925
 3139.57 6086.8 1091.98 207.429 137.957
 1490.76 2286.71 246.887 44.292 14.0092
 774.648 2229.46 372.961 40.2672 9.5089
 617.024 1304.22 468.726 78.4121 10.465
 595.678 1279.65 367.924 132.229 25.0725
 1021.91 1496.17 452.095 129.986 55.5739
 589.999 1279.7 263.151 79.5156 32.6367
 1005.04 2020.26 674.163 138.631 59.0831
 1805.59 3138.39 950.096 317.049 92.9819
 2232.55 4710.61 1210.53 366.467 158.155
 709.376 5280.22 1648.66 423.672 183.612
F
 0.0951504 0.572688 0.572688 0.572688 0.572688
 0.0848643 0.510778 0.510778 0.510778 0.510778
 0.138754 0.835127 0.835127 0.835127 0.835127
 0.0294145 0.177039 0.177039 0.177039 0.177039
 0.00540154 0.0325106 0.0325106 0.0325106 0.0325106
 0.052122 0.31371 0.31371 0.31371 0.31371
 0.0339957 0.204612 0.204612 0.204612 0.204612
 0.0673003 0.405065 0.405065 0.405065 0.405065
 0.0764432 0.460094 0.460094 0.460094 0.460094
 0.0575983 0.346671 0.346671 0.346671 0.346671
 0.110578 0.665546 0.665546 0.665546 0.665546
 0.103941 0.625599 0.625599 0.625599 0.625599
 0.165348 0.995188 0.995188 0.995188 0.995188
 0.301626 1.81542 1.81542 1.81542 1.81542
 0.336706 2.02656 2.02656 2.02656 2.02656
 0.140516 0.84573 0.84573 0.84573 0.84573
 0.0972371 0.585247 0.585247 0.585247 0.585247
 0.0690352 0.415507 0.415507 0.415507 0.415507
 0.0577878 0.347811 0.347811 0.347811 0.347811
 0.0582874 0.350818 0.350818 0.350818 0.350818
 0.0270889 0.163042 0.163042 0.163042 0.163042
 0.0344754 0.207499 0.207499 0.207499 0.207499
 0.0408356 0.24578 0.24578 0.24578 0.24578
 0.0405236 0.243902 0.243902 0.243902 0.243902
 0.036035 0.216886 0.216886 0.216886 0.216886
nmprior
 10 11 7 0
nm_flota  nm_reclas  nm_pelaces    nm_pelaL
inf 17.5037 16.1973 28.2704
cv_recla  cv_pelaces  cv_mph
0.714687 0.471326 0.476187
 ------------------------------------------------
Talla a la edad & desviación 
 7.2 14.2025 17.0495 18.207 18.6776
 1.08 2.13037 2.55742 2.73105 2.80164
