years
 1997 1998 1999 2000 2001 2002 2003 2004 2005 2006 2007 2008 2009 2010 2011 2012 2013 2014 2015 2016 2017 2018 2019 2020 2021
reclasobs
 0 0 0 370054 412103 1.49427e+06 250295 1.28982e+06 931140 785840 897777 1.04006e+06 184774 17550 25797 100020 73551 82996 120727 218422 84188 347160 605670 569463 516374
reclaspred
 448099 120754 341812 244343 378493 459650 997150 666893 738458 720468 593198 405830 248942 104632 64733.4 63213.1 78026.2 106004 114340 160646 239882 224930 388033 503435 570231
pelacesobs
 0 0 0 0 0 0 0 0 0 2.06254e+06 1.5e+06 0 1.87456e+06 323000 250000 174000 83755 137374 0 501740 490994 745055 786931 1.00524e+06 0
pelacespred
 1.85842e+06 432406 753625 848333 1.14111e+06 1.14372e+06 2.79614e+06 2.29134e+06 2.24385e+06 2.21919e+06 1.60439e+06 1.14349e+06 678027 220882 137157 148978 194157 277064 305332 418139 714830 658623 881471 1.33842e+06 1.59617e+06
mphobs
 0 0 0 0 0 112323 0 153150 637223 0 255016 313432 73983 77613 109348 50772 0 0 0 0 0 0 0 0 0
mphpred
 164707 95705.5 113789 125168 141967 231382 335480 401206 338026 347803 347118 242908 151031 77580.9 33131.9 27193 31893.6 43303.7 54569.1 63012.6 95873.6 116790 146985 208304 307967
desembarqueobs
 350755 77701 442110 56441 14545 235359 269955 359681 431902 328805 639364 411747 362871 311530 167758 66681 60226 58785 57116 71774 51957 67425 138520 160799 200461
desembarquepred
 350766 77703.7 442140 56444.2 14545.2 235428 270011 359704 431978 328842 639475 411883 363064 311761 167658 66686.9 60256.1 58784.9 57107.5 71776.1 51960.2 67419.2 138526 160812 200462
Reclutas
 40699.5 49265.7 28656.6 43138.6 73619.3 52570.5 88716.9 84184.5 106214 119279 66377.1 44400 44267.4 24097.6 15131.6 14763.7 11421.7 13058.5 14411.1 23893.8 30857.9 40305.5 63110.3 82204.6 35162
log_desv_Rt
 0.033971 0.224984 -0.31686 0.0921728 0.626662 0.28991 0.813206 0.760766 0.993207 1.10922 0.523107 0.120995 0.118005 -0.490131 -0.955458 -0.98007 -1.23673 -1.10281 -1.00425 -0.498626 -0.242851 0.0242428 0.472639 0.736966 -0.112278
SSB
 480335 279105 331841 365026 414016 674777 978358 1.17003e+06 985783 1.0143e+06 1.0123e+06 708389 440449 226249 96622.4 79302.6 93011.1 126286 159139 183763 279595 340594 428651 607476 898122
BT
 1.69669e+06 419069 792245 641318 804844 931525 2.17798e+06 1.9729e+06 1.97737e+06 1.85174e+06 1.66266e+06 1.14777e+06 825641 446200 239098 159917 185868 240556 254563 350261 540935 499115 691025 1.04926e+06 1.19792e+06
Ftot
 0.86001 0.730758 1.15104 0.223526 0.040539 0.392484 0.244622 0.494782 0.565603 0.439254 0.856036 0.761422 1.21991 2.40938 2.73864 1.13567 0.807444 0.538001 0.43623 0.441173 0.211703 0.256281 0.305072 0.300322 0.25237
BD_Bspro_t
 0.918611 0.667473 0.608845 0.452316 0.609855 0.767152 0.722277 0.733207 0.667094 0.630745 0.602201 0.442178 0.333668 0.227643 0.12454 0.126127 0.193577 0.315637 0.424493 0.519707 0.647857 0.745344 0.755733 0.762098 0.764542
BD_Bspro
 0.592435 0.344242 0.409286 0.450215 0.510639 0.832255 1.20669 1.4431 1.21584 1.25101 1.24855 0.873712 0.543241 0.27905 0.119172 0.0978101 0.114718 0.155759 0.196279 0.22665 0.344847 0.420082 0.528689 0.749248 1.10772
BD_Bo
 0.493581 0.286802 0.340993 0.375092 0.425434 0.693385 1.00534 1.2023 1.01297 1.04227 1.04021 0.727924 0.452596 0.232488 0.0992869 0.0814895 0.0955761 0.129769 0.163528 0.188831 0.287306 0.349987 0.440472 0.624229 0.92289
BD_Brms
 1.41443 0.821872 0.977163 1.07488 1.21914 1.98699 2.88094 3.44536 2.90281 2.98676 2.98088 2.08597 1.29698 0.666227 0.284521 0.23352 0.273887 0.371871 0.468613 0.541122 0.823316 1.00294 1.26223 1.78882 2.64467
S_f
 0.12058 0.722619 0.980197 0.998938 0.999944
 0.12058 0.722619 0.980197 0.998938 0.999944
 0.12058 0.722619 0.980197 0.998938 0.999944
 0.12058 0.722619 0.980197 0.998938 0.999944
 0.12058 0.722619 0.980197 0.998938 0.999944
 0.12058 0.722619 0.980197 0.998938 0.999944
 0.12058 0.722619 0.980197 0.998938 0.999944
 0.12058 0.722619 0.980197 0.998938 0.999944
 0.12058 0.722619 0.980197 0.998938 0.999944
 0.12058 0.722619 0.980197 0.998938 0.999944
 0.12058 0.722619 0.980197 0.998938 0.999944
 0.12058 0.722619 0.980197 0.998938 0.999944
 0.12058 0.722619 0.980197 0.998938 0.999944
 0.12058 0.722619 0.980197 0.998938 0.999944
 0.12058 0.722619 0.980197 0.998938 0.999944
 0.12058 0.722619 0.980197 0.998938 0.999944
 0.12058 0.722619 0.980197 0.998938 0.999944
 0.12058 0.722619 0.980197 0.998938 0.999944
 0.12058 0.722619 0.980197 0.998938 0.999944
 0.12058 0.722619 0.980197 0.998938 0.999944
 0.12058 0.722619 0.980197 0.998938 0.999944
 0.12058 0.722619 0.980197 0.998938 0.999944
 0.12058 0.722619 0.980197 0.998938 0.999944
 0.12058 0.722619 0.980197 0.998938 0.999944
 0.12058 0.722619 0.980197 0.998938 0.999944
Scru_reclas
 0.833693 1 1 1 1
 0.833693 1 1 1 1
 0.833693 1 1 1 1
 0.833693 1 1 1 1
 0.833693 1 1 1 1
 0.833693 1 1 1 1
 0.833693 1 1 1 1
 0.833693 1 1 1 1
 0.833693 1 1 1 1
 0.833693 1 1 1 1
 0.833693 1 1 1 1
 0.833693 1 1 1 1
 0.833693 1 1 1 1
 0.833693 1 1 1 1
 0.833693 1 1 1 1
 0.833693 1 1 1 1
 0.833693 1 1 1 1
 0.833693 1 1 1 1
 0.833693 1 1 1 1
 0.833693 1 1 1 1
 0.833693 1 1 1 1
 0.833693 1 1 1 1
 0.833693 1 1 1 1
 0.833693 1 1 1 1
 0.833693 1 1 1 1
Scru_pelaces
 0.78392 1 1 1 1
 0.78392 1 1 1 1
 0.78392 1 1 1 1
 0.78392 1 1 1 1
 0.78392 1 1 1 1
 0.78392 1 1 1 1
 0.78392 1 1 1 1
 0.78392 1 1 1 1
 0.78392 1 1 1 1
 0.78392 1 1 1 1
 0.78392 1 1 1 1
 0.78392 1 1 1 1
 0.78392 1 1 1 1
 0.78392 1 1 1 1
 0.78392 1 1 1 1
 0.78392 1 1 1 1
 0.78392 1 1 1 1
 0.78392 1 1 1 1
 0.78392 1 1 1 1
 0.78392 1 1 1 1
 0.78392 1 1 1 1
 0.78392 1 1 1 1
 0.78392 1 1 1 1
 0.78392 1 1 1 1
 0.78392 1 1 1 1
pf_obs 
 0.256992 0.487395 0.22802 0.0275931 0
 0.321318 0.546541 0.124235 0.00734118 0.000564706
 0.182869 0.594174 0.210203 0.0122559 0.00049798
 0.330522 0.361315 0.267642 0.0388342 0.00168674
 0.649043 0.306663 0.0425973 0.00169635 0
 0.582887 0.30429 0.105238 0.00758474 0
 0.465427 0.430635 0.0974691 0.00646863 0
 0.296916 0.608066 0.0921331 0.00288517 0
 0.311714 0.524322 0.152257 0.0117073 0
 0.15457 0.633149 0.183074 0.0267441 0.00246327
 0.131901 0.49318 0.331252 0.0422183 0.00144891
 0.196976 0.569456 0.194076 0.0375587 0.00193317
 0.518974 0.381816 0.0799577 0.0180837 0.00116848
 0.0928022 0.601141 0.25162 0.0475244 0.00691264
 0.122501 0.610282 0.24278 0.0234846 0.000952079
 0.383417 0.481906 0.127806 0.00687128 0
 0.0376549 0.599619 0.316969 0.0457579 0
 0.0361596 0.667082 0.258105 0.0386534 0
 0.158088 0.579412 0.248529 0.0139706 0
 0.0477256 0.309471 0.559284 0.082774 0.000745712
 0.0406174 0.521527 0.379366 0.0568643 0.0016247
 0.151134 0.462217 0.34131 0.0453401 0
 0.294876 0.26143 0.354403 0.0886775 0.000613685
 0.281977 0.475581 0.204845 0.0348837 0.00271318
 0 0 0 0 0
pf_pred 
 0.33822 0.45455 0.185281 0.021936 1.31185e-05
 0.29913 0.551742 0.115031 0.0305764 0.00352119
 0.173864 0.615762 0.178484 0.0247484 0.00714117
 0.274713 0.445856 0.230685 0.0415573 0.00718874
 0.285175 0.478891 0.162286 0.0610167 0.0126314
 0.151827 0.568989 0.204567 0.0516233 0.0229936
 0.243379 0.384015 0.277086 0.0704135 0.025106
 0.195989 0.525774 0.163988 0.085418 0.0288318
 0.238673 0.459223 0.221551 0.0479441 0.0326097
 0.232309 0.513601 0.175399 0.0580921 0.0205994
 0.137473 0.563491 0.222629 0.0531254 0.0232815
 0.139966 0.464038 0.294698 0.0759644 0.0253334
 0.215072 0.436116 0.223526 0.0938899 0.0313966
 0.208595 0.580089 0.142797 0.0444407 0.0240785
 0.289888 0.572262 0.117665 0.0138686 0.00631561
 0.342685 0.569893 0.0789608 0.00728197 0.00117956
 0.225461 0.618158 0.142822 0.0122842 0.00127468
 0.242817 0.499845 0.220648 0.033588 0.00310163
 0.227903 0.514829 0.190031 0.0578483 0.00938839
 0.295798 0.449697 0.188776 0.048842 0.0168861
 0.25644 0.530097 0.153054 0.0450758 0.0153338
 0.237382 0.493119 0.208757 0.0438042 0.0169367
 0.270981 0.461289 0.192267 0.0587326 0.0167313
 0.24976 0.508705 0.170915 0.0510222 0.0195971
 0.0935923 0.587972 0.23794 0.0573195 0.0231764
pobs_RECLAS
 0 0 0 0 0
 0 0 0 0 0
 0 0 0 0 0
 0 0 0 0 0
 0.835266 0.146461 0.0176864 0.000547809 3.91292e-05
 0.385257 0.428462 0.181853 0.0044286 0
 0.867414 0.0963971 0.0333333 0.00285562 0
 0.441836 0.489002 0.0689373 0.000224442 0
 0.779404 0.147425 0.0564933 0.0165055 0.000172143
 0.814271 0.122319 0.05973 0.00367925 0
 0.40263 0.566651 0.0304383 0.000280538 0
 0.475488 0.404961 0.113038 0.00651328 0
 0.955842 0.0263864 0.0167828 0.000988607 0
 0.975058 0.0227948 0.00214734 0 0
 0.738997 0.206755 0.0527124 0.00153531 0
 0.850938 0.134255 0.0134407 0.00136685 0
 0.542534 0.407297 0.0501686 0 0
 0.764087 0.199537 0.0359546 0.000420521 0
 0.470689 0.182191 0.310203 0.0369168 0
 0.84361 0.089868 0.0606195 0.00523954 0.000663233
 0.607945 0.314616 0.071237 0.00620181 0
 0.523733 0.453247 0.0230204 0 0
 0.530135 0.295979 0.169645 0.0042399 0
 0.562478 0.366248 0.0663022 0.0049721 0
 0.250443 0.683176 0.0655157 0.000865301 0
ppred_RECLAS
 0.745582 0.19174 0.0561633 0.00651151 3.88977e-06
 0.701652 0.249795 0.0376274 0.0097987 0.00112719
 0.548531 0.363717 0.0746998 0.0101317 0.00292007
 0.680437 0.219097 0.0832196 0.0147059 0.00254127
 0.686469 0.230398 0.0575232 0.021221 0.00438866
 0.499824 0.368656 0.0968796 0.0239736 0.010667
 0.651763 0.203835 0.107919 0.0269005 0.00958157
 0.579383 0.304253 0.0691476 0.0353102 0.0119059
 0.643679 0.241467 0.0846863 0.017963 0.0122047
 0.628987 0.273024 0.0680587 0.0221012 0.00782886
 0.480264 0.376792 0.106995 0.0250031 0.0109451
 0.492652 0.314625 0.144186 0.0364086 0.0121286
 0.629348 0.237588 0.0859625 0.035309 0.0117932
 0.639186 0.292321 0.0467259 0.0141255 0.00764153
 0.736295 0.22905 0.0297174 0.00339469 0.00154331
 0.743174 0.231678 0.0227627 0.00205354 0.00033225
 0.616411 0.324559 0.0540088 0.00454985 0.0004716
 0.644269 0.258986 0.0831871 0.012413 0.00114504
 0.623218 0.276453 0.074491 0.0222339 0.00360464
 0.703675 0.210016 0.0643479 0.0163238 0.0056377
 0.653171 0.268011 0.0568229 0.016416 0.00557867
 0.634603 0.261157 0.0811006 0.0166921 0.00644727
 0.676238 0.227535 0.0694844 0.0208177 0.00592427
 0.64852 0.261143 0.0642913 0.0188237 0.00722255
 0.365375 0.454808 0.135024 0.0319053 0.0128873
pobs_PELACES
 0 0 0 0 0
 0 0 0 0 0
 0 0 0 0 0
 0 0 0 0 0
 0 0 0 0 0
 0 0 0 0 0
 0 0 0 0 0
 0 0 0 0 0
 0 0 0 0 0
 0 0 0 0 0
 0.450072 0.473896 0.0757376 0.000293798 0
 0 0 0 0 0
 0.463077 0.371075 0.160297 0.00555027 0
 0.529543 0.364841 0.0842815 0.0213345 0
 0.631943 0.363953 0.00410389 0 0
 0.735681 0.248677 0.0153453 0.000297389 0
 0.695825 0.281241 0.0229344 0 0
 0.275771 0.60734 0.115278 0.00161068 0
 0 0 0 0 0
 0.896147 0.0623911 0.0374545 0.00400742 0
 0.803859 0.145111 0.0509908 3.86294e-05 0
 0.739449 0.233085 0.0266225 0.000797448 4.60066e-05
 0.878498 0.100942 0.0204185 0.000141795 0
 0.694673 0.275183 0.0284847 0.00165964 0
 0 0 0 0 0
ppred_PELACES
 0.768904 0.177264 0.0482628 0.00556586 3.32392e-06
 0.720875 0.236051 0.0334156 0.00866264 0.000996263
 0.593954 0.333223 0.0620582 0.00835738 0.00240777
 0.678009 0.222091 0.0827694 0.0146061 0.00252385
 0.675045 0.239016 0.0594696 0.0219335 0.00453595
 0.506136 0.367233 0.0933391 0.0230415 0.0102509
 0.650803 0.20619 0.106919 0.026611 0.00947766
 0.591164 0.29924 0.0652074 0.0331964 0.0111914
 0.658748 0.234876 0.0785083 0.0165944 0.0112728
 0.637268 0.269597 0.0647416 0.020967 0.007426
 0.512341 0.360623 0.0952168 0.0221333 0.00968605
 0.521201 0.304295 0.130712 0.0328513 0.0109408
 0.678553 0.213793 0.0697343 0.028428 0.0094911
 0.736044 0.221811 0.0288893 0.00860428 0.00465095
 0.823067 0.158034 0.0162455 0.0018246 0.000828757
 0.774816 0.204993 0.0182875 0.00163826 0.000264961
 0.641878 0.306155 0.047567 0.00398721 0.00041317
 0.657376 0.252544 0.0774919 0.0115247 0.00106291
 0.631407 0.27314 0.0709194 0.0211109 0.00342207
 0.711346 0.206837 0.0610415 0.0154429 0.00533267
 0.649685 0.27183 0.0566046 0.0163316 0.00554958
 0.633588 0.263529 0.0800737 0.0164546 0.00635501
 0.677735 0.228255 0.06792 0.0203107 0.00577939
 0.6496 0.262073 0.0628942 0.0183805 0.00705179
 0.364152 0.458492 0.133229 0.031432 0.012695
pobs_pel_tallas
 0 0 0 0 0 0 0 0 0 0 0 0 0 0 0 0 0 0 0 0 0 0 0 0 0 0 0 0 0 0 0 0 0 0 0 0
 0 0 0 0 0 0 0 0 0 0 0 0 0 0 0 0 0 0 0 0 0 0 0 0 0 0 0 0 0 0 0 0 0 0 0 0
 0 0 0 0 0 0 0 0 0 0 0 0 0 0 0 0 0 0 0 0 0 0 0 0 0 0 0 0 0 0 0 0 0 0 0 0
 0 0 0 0 0 0 0 0 0 0 0 0 0 0 0 0 0 0 0 0 0 0 0 0 0 0 0 0 0 0 0 0 0 0 0 0
 0 0 0 0 0 0 0 0 0 0 0 0 0 0 0 0 0 0 0 0 0 0 0 0 0 0 0 0 0 0 0 0 0 0 0 0
 0 0 0 0 0 0 0 0 0 0 0 0 0 0 0 0 0 0 0 0 0 0 0 0 0 0 0 0 0 0 0 0 0 0 0 0
 0 0 0 0 0 0 0 0 0 0 0 0 0 0 0 0 0 0 0 0 0 0 0 0 0 0 0 0 0 0 0 0 0 0 0 0
 0 0 0 0 0 0 0 0 0 0 0 0 0 0 0 0 0 0 0 0 0 0 0 0 0 0 0 0 0 0 0 0 0 0 0 0
 0 0 0 0 0 0 0 0 0 0 0 0 0 0 0 0 0 0 0 0 0 0 0 0 0 0 0 0 0 0 0 0 0 0 0 0
 0 0 0 0 0 0 0 0 0 0 0 0 0 0 0 0 0 0 0 0 0 0 0 0 0 0 0 0 0 0 0 0 0 0 0 0
 0 0 0 0 0 0 0 0 1.78061e-05 0.00172719 0.00360574 0.0105946 0.0120993 0.0124554 0.0147524 0.0171206 0.0266825 0.0428682 0.0675386 0.121331 0.153587 0.119568 0.100827 0.0573624 0.0630603 0.0341343 0.0324427 0.0444173 0.0211091 0.0280891 0.0125444 0.00206551 0 0 0 0
 0 0 0 0 0 0 0 0 0 0 0 0 0 0 0 0 0 0 0 0 0 0 0 0 0 0 0 0 0 0 0 0 0 0 0 0
 0 0 0 0 0 0 0.0133647 0.0140871 0.0187388 0.0205184 0.03894 0.0496705 0.03968 0.0493445 0.0407372 0.0367815 0.0215668 0.0243155 0.0234873 0.0199281 0.019796 0.0243948 0.0301388 0.0376714 0.0412746 0.0863199 0.0771752 0.113111 0.0741005 0.0525337 0.0229764 0.00759418 0.00175318 0 0 0
 0 0 0 0 0 0 0 0 0 0 0.00219441 0.00772107 0.0458388 0.0604681 0.0671733 0.0775358 0.0609151 0.0617685 0.073594 0.0568108 0.0755445 0.0548602 0.0670107 0.0636378 0.0643287 0.046367 0.0373049 0.0286899 0.0247887 0.0153202 0.00654259 0.00121912 0.000365735 0 0 0
 0 0 0 0 0 0 0 0 0 0 0 0 0.000112435 0.00938835 0.0111873 0.0202946 0.0414886 0.0713402 0.111592 0.104902 0.108894 0.110636 0.117776 0.105296 0.107544 0.0401394 0.0192827 0.0124803 0.00416011 0.0028671 0.000618394 0 0 0 0 0
 0 0 0 0 0 0 0 0 0 0 0.00291406 0.0102884 0.027416 0.0768956 0.0749926 0.110853 0.0956884 0.0897413 0.0766577 0.0534642 0.0500743 0.0551293 0.0594112 0.0620874 0.0668451 0.0424026 0.0208742 0.0120726 0.0048766 0.00582813 0.00118941 0.000297354 0 0 0 0
 0 0.00264628 0.0354308 0.0461629 0.0458689 0.0383711 0.0214643 0.0164657 0.0346957 0.0420465 0.0363128 0.0245516 0.0311673 0.0291091 0.0169068 0.0133784 0.00837989 0.0085269 0.0148486 0.0160247 0.0276389 0.0546898 0.0760071 0.122758 0.109233 0.0665981 0.0333725 0.0166128 0.00676272 0.00308733 0.000882094 0 0 0 0 0
 0 0 0 0 0 0 0 0.000805153 0.000690131 0.00759144 0.0133425 0.0154129 0.00931677 0.000345066 0.00356568 0.00563607 0.00851162 0.0253048 0.0502646 0.0516448 0.0657925 0.0565908 0.0611916 0.0827007 0.0866115 0.110766 0.145733 0.0935128 0.0569358 0.0249597 0.0138026 0.00621118 0.00161031 0.00115022 0 0
 0 0 0 0 0 0 0 0 0 0 0 0 0 0 0 0 0 0 0 0 0 0 0 0 0 0 0 0 0 0 0 0 0 0 0 0
 0.00147267 0.00158595 0.00478618 0.00569244 0.00954404 0.0108468 0.00647125 0.017049 0.0510054 0.094081 0.124002 0.0959785 0.0687766 0.0820023 0.061753 0.0591476 0.0492212 0.0479892 0.0443925 0.0268479 0.0217502 0.0140895 0.0121071 0.0120363 0.00920419 0.00665534 0.0049561 0.00860946 0.00930331 0.0156896 0.0114698 0.00855282 0.00243557 0.00046729 0 2.83206e-05
 0 0 0 0 0.000772559 0.00158375 0.000888443 0.00281984 0.00712685 0.0440552 0.0773331 0.111326 0.0921469 0.0852325 0.0710754 0.0886704 0.0786465 0.0553345 0.0373146 0.0185414 0.00753245 0.00457741 0.012979 0.0271748 0.0457355 0.0583668 0.034881 0.0177882 0.00938659 0.00492506 0.0015258 0.00185414 0.000309023 5.79419e-05 3.86279e-05 0
 0 0.00173294 0.00326652 0 0.00397197 0.00683976 0.00946217 0.0152591 0.00757587 0.0136028 0.0228656 0.0392903 0.0559909 0.0764795 0.0681675 0.0726916 0.0566044 0.0477403 0.0527397 0.0444891 0.0609904 0.0582453 0.0661739 0.0445044 0.0529084 0.0360697 0.0280645 0.0235558 0.0158879 0.00826598 0.00280645 0.00217768 0.000904811 0.00058276 9.20147e-05 0
 0 0 0 0 0 0 0 0 0 0 0 0 0 0 0 0 0 0 0 0 0 0 0 0 0 0 0 0 0 0 0 0 0 0 0 0
 0 0 0 0 0 0 0 0 0 0 0 0 0 0 0 0 0 0 0 0 0 0 0 0 0 0 0 0 0 0 0 0 0 0 0 0
 0 0 0 0 0 0 0 0 0 0 0 0 0 0 0 0 0 0 0 0 0 0 0 0 0 0 0 0 0 0 0 0 0 0 0 0
ppred_pel_tallas
 1.00935e-16 3.35478e-05 0.0001969 0.000935975 0.00360356 0.0112374 0.0283847 0.0580789 0.0962721 0.129291 0.140694 0.124101 0.0888344 0.0518415 0.0251539 0.0110703 0.00592826 0.00541412 0.00687973 0.00915166 0.0117328 0.0143062 0.0165744 0.0182615 0.019163 0.0191902 0.0183875 0.0169145 0.0150008 0.0128902 0.0107919 0.00885167 0.00714681 0.00569823 0.00449136 0.00349601
 1.00896e-16 3.14558e-05 0.000184613 0.000877549 0.00337859 0.0105358 0.0266126 0.0544535 0.0902648 0.121229 0.131937 0.116416 0.0834175 0.04885 0.024019 0.0111087 0.00671337 0.00680655 0.00890239 0.0118673 0.0151674 0.0184076 0.0211975 0.0231755 0.0240811 0.0238146 0.0224592 0.0202535 0.0175284 0.0146282 0.0118418 0.00936311 0.00728351 0.00561057 0.00429917 0.00328227
 1.0139e-16 2.59254e-05 0.000152136 0.000723129 0.00278399 0.00868155 0.0219291 0.0448715 0.0743853 0.0999153 0.108775 0.096059 0.0690063 0.0407649 0.0207038 0.0106864 0.0079697 0.00928161 0.0125799 0.0168773 0.0216105 0.0262682 0.0303069 0.0332151 0.0346197 0.0343715 0.0325771 0.0295622 0.0257832 0.0217182 0.0177713 0.0142176 0.0111919 0.0087147 0.00673384 0.00516641
 1.01868e-16 2.95862e-05 0.000173637 0.000825374 0.0031777 0.00990934 0.0250303 0.0512158 0.084898 0.114022 0.124095 0.109501 0.0784709 0.0459714 0.022639 0.010534 0.00646119 0.0066441 0.00875754 0.0117493 0.0151304 0.0185392 0.0216111 0.0239992 0.0254389 0.0258038 0.0251286 0.0235878 0.0214431 0.0189763 0.0164327 0.0139871 0.0117388 0.00972641 0.0079514 0.00640005
 1.01888e-16 2.94576e-05 0.000172881 0.000821774 0.00316384 0.0098661 0.0249211 0.0509925 0.0845283 0.113527 0.12356 0.109037 0.0781579 0.0458263 0.0226383 0.0106509 0.00668796 0.00699123 0.00924167 0.0123798 0.0158986 0.0194118 0.0225287 0.0248815 0.0261969 0.0263556 0.0254158 0.0235872 0.0211714 0.0184858 0.0157997 0.013297 0.0110709 0.00914234 0.00748912 0.00607329
 1.02716e-16 2.20976e-05 0.000129659 0.000616268 0.00237254 0.00739844 0.0186881 0.0382404 0.0633955 0.0851616 0.0927341 0.081944 0.0589765 0.0350617 0.0182178 0.0100744 0.00833669 0.0102498 0.0140849 0.0189775 0.0243828 0.0297616 0.0345227 0.0381016 0.040078 0.0402694 0.0387667 0.0358952 0.0321221 0.0279402 0.0237681 0.0198928 0.0164606 0.0135052 0.0109917 0.00885907
 1.02943e-16 2.83993e-05 0.00016667 0.000792255 0.00305019 0.0095117 0.0240259 0.0491606 0.0814911 0.109446 0.119115 0.105104 0.0753177 0.0441189 0.0217182 0.0100939 0.00618187 0.00636252 0.0084132 0.0113374 0.0146826 0.0181202 0.0213159 0.0239457 0.0257526 0.0265985 0.0264848 0.0255366 0.0239571 0.0219716 0.0197795 0.017528 0.0153092 0.0131737 0.0111496 0.0092587
 1.02687e-16 2.58024e-05 0.000151416 0.000719717 0.00277087 0.00864063 0.0218257 0.0446597 0.0740333 0.0994398 0.10825 0.0955788 0.0686248 0.0404664 0.0204179 0.0103222 0.00743899 0.00850695 0.0114999 0.0154567 0.0198556 0.0242403 0.0281288 0.0310641 0.032708 0.0329156 0.0317633 0.0295166 0.0265534 0.023269 0.0199951 0.0169542 0.0142543 0.0119124 0.00989358 0.0081459
 1.02288e-16 2.87468e-05 0.000168708 0.000801938 0.00308746 0.00962793 0.0243195 0.0497616 0.082488 0.110787 0.120579 0.106409 0.0762792 0.0447356 0.0221201 0.0104431 0.00660878 0.00695403 0.00922056 0.012379 0.015938 0.0195218 0.0227479 0.0252523 0.0267594 0.0271402 0.0264363 0.0248358 0.0226173 0.020078 0.0174729 0.0149798 0.0126951 0.01065 0.00883783 0.00723831
 1.02075e-16 2.78116e-05 0.000163215 0.000775813 0.00298686 0.0093142 0.0235271 0.0481405 0.079802 0.107183 0.116667 0.102979 0.073871 0.0434246 0.0216598 0.0105388 0.00708298 0.00775859 0.0103781 0.0139243 0.0178794 0.02182 0.0253075 0.0279279 0.0293739 0.029513 0.0284135 0.0263153 0.0235618 0.0205141 0.017478 0.0146617 0.0121697 0.0100237 0.00819584 0.00663979
 1.02683e-16 2.23679e-05 0.000131247 0.000623816 0.00240161 0.00748907 0.0189171 0.0387088 0.0641716 0.0862033 0.0938657 0.0829377 0.0596781 0.0354515 0.0183703 0.0100792 0.00825058 0.0100927 0.0138555 0.0186687 0.0239913 0.0292925 0.0339912 0.0375326 0.0395024 0.0397195 0.0382704 0.035472 0.0317806 0.0276783 0.0235754 0.0197543 0.0163603 0.0134288 0.0109287 0.00880298
 1.03595e-16 2.2752e-05 0.000133507 0.000634573 0.00244304 0.0076183 0.0192434 0.0393761 0.0652762 0.0876819 0.0954621 0.0843159 0.0605994 0.0358581 0.0183242 0.00964782 0.00744086 0.00885354 0.012116 0.0163815 0.021169 0.0260328 0.0304859 0.0340539 0.0363681 0.0372423 0.0367035 0.034965 0.0323566 0.029237 0.0259187 0.0226266 0.0194924 0.0165752 0.0138931 0.0114505
 1.0248e-16 2.96095e-05 0.000173775 0.000826031 0.00318024 0.00991724 0.0250502 0.0512566 0.0849653 0.114112 0.124191 0.10958 0.0785169 0.0459765 0.0226009 0.010448 0.00631639 0.00642414 0.00844445 0.0113287 0.0145971 0.0179017 0.0208951 0.0232475 0.0247082 0.0251586 0.0246329 0.023297 0.0213964 0.0191927 0.0169089 0.0146988 0.0126441 0.0107707 0.00907375 0.00753936
 1.00996e-16 3.21166e-05 0.000188494 0.000896003 0.00344964 0.0107574 0.0271723 0.0555986 0.0921624 0.123776 0.134705 0.118847 0.085135 0.0498071 0.0243989 0.0111319 0.0065202 0.00644652 0.00837233 0.0111481 0.0142464 0.0172905 0.0199129 0.021775 0.0226331 0.0223948 0.021139 0.0190906 0.0165602 0.0138696 0.0112882 0.00899504 0.00707268 0.00552506 0.00430734 0.00335525
 1.00384e-16 3.59086e-05 0.000210762 0.00100188 0.00385733 0.0120287 0.0303836 0.0621686 0.10305 0.13839 0.150587 0.132808 0.0950219 0.0553618 0.0266918 0.0114549 0.00571208 0.00482984 0.00596551 0.00786798 0.0100265 0.0121394 0.0139375 0.0151785 0.0156904 0.0154107 0.0144015 0.0128302 0.0109263 0.00892774 0.00703333 0.0053756 0.00401534 0.00295415 0.00215591 0.00156842
 1.00396e-16 3.38066e-05 0.000198417 0.000943182 0.0036313 0.0113239 0.0286032 0.0585262 0.0970143 0.130289 0.141786 0.125077 0.0895603 0.0523198 0.0254872 0.0113868 0.00633439 0.00598429 0.00766017 0.0101596 0.0129491 0.015667 0.0179697 0.0195437 0.020167 0.0197606 0.0184074 0.0163281 0.0138237 0.0112059 0.00873491 0.00658392 0.00483164 0.00347877 0.00247612 0.00175294
 1.00932e-16 2.8014e-05 0.0001644 0.000781441 0.00300852 0.00938173 0.0236977 0.0484899 0.080382 0.107965 0.117525 0.103754 0.0744647 0.0438493 0.022011 0.0109381 0.00764023 0.00856172 0.011491 0.0153792 0.0196628 0.0238594 0.0274665 0.0300144 0.031164 0.0307846 0.0289837 0.0260714 0.0224793 0.0186572 0.0149848 0.0117187 0.0089826 0.00679032 0.0050856 0.00378169
 1.01629e-16 2.86877e-05 0.00016836 0.000800278 0.00308106 0.00960797 0.0242691 0.0496586 0.0823177 0.11056 0.120336 0.106204 0.0761533 0.044704 0.0221828 0.0106027 0.00688075 0.00736473 0.00979839 0.0131434 0.0168889 0.0206314 0.0239569 0.0264726 0.0278841 0.0280589 0.0270519 0.02508 0.0224597 0.0195287 0.0165776 0.0138109 0.0113391 0.00919697 0.00737144 0.00582929
 1.01982e-16 2.75562e-05 0.000161715 0.000768682 0.00295941 0.00922858 0.0233108 0.047698 0.0790687 0.106199 0.115597 0.102039 0.0732045 0.0430493 0.0215035 0.0105142 0.00713335 0.00786247 0.010535 0.0141415 0.018164 0.0221749 0.0257295 0.0284067 0.0298929 0.0300511 0.028947 0.0268208 0.0240184 0.0209051 0.0177919 0.0148928 0.0123182 0.0100951 0.0082 0.00659004
 1.01714e-16 3.10391e-05 0.000182169 0.000865938 0.00333389 0.0103964 0.0262605 0.0537329 0.0890696 0.119622 0.130183 0.114856 0.0822728 0.0481261 0.0235644 0.0107353 0.00627216 0.00620095 0.00807714 0.0108027 0.0138843 0.0169751 0.0197347 0.0218428 0.0230593 0.0232759 0.022536 0.0210143 0.018965 0.0166582 0.0143247 0.0121245 0.0101421 0.00840168 0.00689123 0.00558507
 1.01713e-16 2.83531e-05 0.000166393 0.000790925 0.00304505 0.00949565 0.0239854 0.0490783 0.0813564 0.109271 0.118937 0.104981 0.0753013 0.0442537 0.0220515 0.0106921 0.0071358 0.00777664 0.0103813 0.0139105 0.0178356 0.0217261 0.0251381 0.0276546 0.028969 0.0289541 0.0276876 0.025423 0.0225184 0.0193494 0.0162329 0.013384 0.0109084 0.0088238 0.00709419 0.00566247
 1.02085e-16 2.76509e-05 0.000162272 0.000771331 0.00296961 0.0092604 0.0233912 0.0478624 0.0793409 0.106564 0.115991 0.102382 0.0734388 0.0431636 0.0215172 0.0104497 0.00699963 0.00765483 0.0102431 0.013758 0.0176913 0.0216297 0.0251437 0.0278255 0.0293682 0.0296331 0.0286751 0.0267165 0.0240821 0.0211172 0.0181178 0.0152902 0.0127444 0.0105134 0.00858313 0.00692146
 1.02007e-16 2.95744e-05 0.000173568 0.000825043 0.00317642 0.00990535 0.0250202 0.0511953 0.0848641 0.113977 0.124047 0.109461 0.0784486 0.0459704 0.0226607 0.0105805 0.00653721 0.00675583 0.00891 0.0119432 0.0153592 0.0187875 0.021855 0.0242088 0.0255837 0.0258592 0.0250816 0.0234414 0.0212164 0.0187017 0.0161491 0.0137332 0.0115462 0.00961452 0.00792617 0.00645481
 1.0194e-16 2.8349e-05 0.000166371 0.000790818 0.00304464 0.00949438 0.0239822 0.0490716 0.0813451 0.109255 0.118918 0.104959 0.0752748 0.0442168 0.0219937 0.0105994 0.00699177 0.00756409 0.0100855 0.0135233 0.0173604 0.0211815 0.0245594 0.0270912 0.0284782 0.0285922 0.0275001 0.0254366 0.022737 0.0197541 0.0167869 0.0140391 0.0116135 0.00953137 0.00776518 0.00626896
 1.03714e-16 1.59102e-05 9.33255e-05 0.000443513 0.00170736 0.00532407 0.0134486 0.0275206 0.0456301 0.061315 0.0668151 0.0591553 0.0428246 0.0259604 0.0144093 0.00943584 0.00948135 0.0126325 0.0176605 0.0238757 0.0307212 0.0375549 0.0436448 0.0482846 0.0509432 0.0513823 0.0497008 0.0462888 0.0417134 0.0365761 0.0313909 0.0265137 0.0221319 0.0182976 0.0149819 0.0121249
pSPR Fmed_Fpbrs
0.55859   0.398962 0.398962
Fs Fmed_Fpbrs
0.50977   1.005 1.005
SSBpbr Bo_Bmed_Bpbrs
973163  494941  339597 339597
Ro
39340.1
SPR SPRFo_SPRFmed_SPRFpbrs
810781 452894 323471
log_Ro
10.4
likeval ReclasPelacesDesembMPH_pf_preclas_ppelaces_ptallas_desvR_qrecl_qpela
 61.3114 16.9798 0.00906807 0.000216832 282.261 191.134 69.4515 0 15.7663 1.97084e-05 5.5381e-05 0 0 0 0
q_reclas_q_pelaces
0.53308 2.88277
M
0.7
N
 40699.5 11304.3 3699.01 432.329 0.258371
 49265.7 18219.9 3015.36 790.638 90.9843
 28656.6 22401.2 5335.89 731.567 210.968
 43138.6 12386.3 4842.1 857.45 148.19
 73619.3 20852.3 5233.44 1931.41 399.438
 52570.5 36380 10056 2497.6 1111.52
 88716.9 24899 13604.5 3398.92 1210.79
 84184.5 42775 10361.1 5315.49 1792.73
 106214 39383.6 14856.2 3167.92 2153.02
 119279 49266.8 12995.9 4237.67 1501.43
 66377.1 56176.8 17811.4 4195.78 1837.49
 44400 29729.2 15028 3821.92 1273.67
 44267.4 20114.2 8515.71 3538.03 1182.43
 24097.6 18975.6 4136.7 1279.11 692.801
 15131.6 8949.44 1652.17 193.637 88.154
 14763.7 5400.88 614.22 56.0048 9.06639
 11421.7 6393.21 1180.46 100.201 10.3902
 13058.5 5145.67 1771.38 265.657 24.5123
 14411.1 6077.32 1732.19 519.138 84.1828
 23893.8 6789.63 2201.93 560.903 193.76
 30857.9 11250.6 2451.24 709.567 241.158
 40305.5 14937.4 4794.36 989.144 382.104
 63110.3 19406.1 6163.68 1851.94 527.103
 82204.6 30207.7 7730.2 2269.69 870.997
 35162 39369.8 12074.3 2859.82 1155.29
pred_Ctot
 2900.5 3898.12 1588.94 188.118 0.112501
 3003.58 5540.07 1155.03 307.019 35.3564
 2692.2 9534.77 2763.73 383.217 110.577
 826.294 1341.07 693.866 124.998 21.6226
 258.244 433.666 146.96 55.2544 11.4386
 1752.34 6567.09 2361.05 595.82 265.385
 1857.62 2931.04 2114.89 537.439 191.624
 3518.49 9438.97 2943.99 1533.47 517.604
 5055.7 9727.53 4693.01 1015.58 690.757
 4438.79 9813.5 3351.4 1109.98 393.598
 4709.57 19304.1 7626.83 1819.97 797.578
 2815.99 9336.03 5929.07 1528.34 509.685
 4391.88 8905.72 4564.51 1917.28 641.135
 4443.01 12355.7 3041.55 946.575 512.866
 3119.06 6157.29 1266.03 149.22 67.9532
 1369.58 2277.64 315.576 29.1032 4.71424
 766.336 2101.11 485.45 41.7536 4.33262
 592.102 1218.86 538.046 81.9035 7.56324
 532.677 1203.31 444.16 135.209 21.9435
 892.961 1357.55 569.881 147.445 50.976
 560.154 1157.92 334.323 98.4612 33.4944
 883.623 1835.57 777.07 163.055 63.0444
 1642.73 2796.4 1165.55 356.046 101.428
 2106.96 4291.4 1441.83 430.419 165.32
 759.255 4769.85 1930.26 464.997 188.016
F
 0.1037 0.62146 0.842979 0.859096 0.859962
 0.0881149 0.52806 0.716287 0.729982 0.730717
 0.138793 0.831765 1.12825 1.14982 1.15098
 0.0269528 0.161524 0.219099 0.223288 0.223513
 0.0048882 0.0292943 0.0397362 0.040496 0.0405368
 0.0473257 0.283616 0.384712 0.392067 0.392462
 0.0294965 0.176768 0.239777 0.244362 0.244608
 0.0596609 0.357539 0.484984 0.494257 0.494755
 0.0682004 0.408715 0.554402 0.565002 0.565571
 0.0529653 0.317414 0.430556 0.438788 0.43923
 0.103221 0.618588 0.839084 0.855127 0.855988
 0.0918124 0.550218 0.746344 0.760614 0.76138
 0.147097 0.881529 1.19575 1.21861 1.21984
 0.290523 1.74106 2.36167 2.40682 2.40925
 0.330225 1.97899 2.68441 2.73573 2.73849
 0.136939 0.820655 1.11318 1.13446 1.1356
 0.0973617 0.583475 0.791455 0.806587 0.807399
 0.0648723 0.38877 0.527348 0.53743 0.537971
 0.0526007 0.315228 0.427592 0.435767 0.436206
 0.0531967 0.3188 0.432437 0.440705 0.441149
 0.0255272 0.152981 0.207511 0.211478 0.211691
 0.0309024 0.185194 0.251206 0.256009 0.256267
 0.0367856 0.220451 0.299031 0.304748 0.305055
 0.0362129 0.217018 0.294375 0.300003 0.300305
 0.0304308 0.182367 0.247372 0.252102 0.252356
nmprior
 10 11 7 0
nm_flota  nm_reclas  nm_pelaces    nm_pelaL
inf 17.1136 16.4944 28.8938
cv_recla  cv_pelaces  cv_mph
0.708265 0.484876 0.477749
 ------------------------------------------------
Talla a la edad & desviación 
 7.2 14.2025 17.0495 18.207 18.6776
 1.08 2.13037 2.55742 2.73105 2.80164
