years
 1997 1998 1999 2000 2001 2002 2003 2004 2005 2006 2007 2008 2009 2010 2011 2012 2013 2014 2015 2016 2017 2018 2019 2020 2021
reclasobs
 0 0 0 370054 412103 1.49427e+06 250295 1.28982e+06 931140 785840 897777 1.04006e+06 184774 17550 25797 100020 73551 82996 120727 218422 84188 347160 605670 569463 516374
reclaspred
 467286 126844 375302 266919 392551 463678 1.00371e+06 661976 726890 683662 543279 366164 227221 97579.8 62076.6 62259 78654.3 106307 113718 164845 240331 222644 384485 496244 540947
pelacesobs
 0 0 0 0 0 0 0 0 0 2.06254e+06 1.5e+06 0 1.87456e+06 323000 250000 174000 83755 137374 0 501740 490994 745055 786931 1.00524e+06 0
pelacespred
 2.04725e+06 466424 870200 938590 1.19137e+06 1.147e+06 2.88439e+06 2.31783e+06 2.2718e+06 2.14174e+06 1.50125e+06 1.04798e+06 641610 217670 140493 152928 203874 284620 307973 440959 727479 643778 880749 1.33669e+06 1.50127e+06
mphobs
 0 0 0 0 0 112323 0 153150 637223 0 255016 313432 73983 77613 109348 50772 0 0 0 0 0 0 0 0 0
mphpred
 173524 104819 126247 148040 157092 244998 359233 418749 350914 352886 341452 236115 145732 75483.1 32413.7 26624.5 33133.4 45720.4 56951 66496.2 101471 121030 153156 216428 315614
desembarqueobs
 350755 77701 442110 56441 14545 235359 269955 359681 431902 328805 639364 411747 362871 311530 167758 66681 60226 58785 57116 71774 51957 67425 138520 160799 200461
desembarquepred
 350765 77703.3 442137 56443.3 14545.1 235408 269993 359692 431960 328839 639509 411929 363136 311828 167701 66687.8 60250.3 58783.5 57108.7 71774.9 51958.5 67418.3 138522 160806 200460
Reclutas
 47617.9 58389.6 34119.8 52169.1 88181.6 64163.3 101006 96283.1 117371 127085 65523.2 43532.7 44547.3 23565.7 15750.6 17194.2 13147.2 14707.6 16993.8 29015.7 35869.8 48119.2 74405.7 94931.4 38965.4
log_desv_Rt
 0.0709644 0.274894 -0.262367 0.162245 0.687154 0.369187 0.822938 0.775048 0.973091 1.05261 0.39016 -0.0187321 0.00430778 -0.632454 -1.03536 -0.947671 -1.21604 -1.10388 -0.959397 -0.424407 -0.212349 0.0814356 0.517288 0.760909 -0.12957
SSB
 601251 363193 437441 512952 544317 848906 1.24472e+06 1.45095e+06 1.2159e+06 1.22273e+06 1.18311e+06 818125 504955 261545 112312 92252.4 114805 158419 197332 230406 351590 419364 530678 749912 1.09359e+06
BT
 2.01783e+06 525776 976555 852887 1.0177e+06 1.15505e+06 2.61988e+06 2.36632e+06 2.31485e+06 2.12585e+06 1.84345e+06 1.2627e+06 894994 477321 257503 183494 220415 287436 308787 430241 656932 607141 838537 1.26032e+06 1.43259e+06
Ftot
 0.519685 0.429503 0.652625 0.129941 0.02528 0.251015 0.161175 0.322607 0.371468 0.293587 0.592398 0.558481 0.893472 1.64296 1.76693 0.715556 0.48997 0.337993 0.28107 0.281764 0.132968 0.169707 0.200064 0.19546 0.169932
BD_Bspro_t
 0.937936 0.723567 0.67463 0.534703 0.67119 0.805882 0.767403 0.772876 0.710997 0.671343 0.638517 0.476553 0.36432 0.255199 0.142257 0.144244 0.229575 0.367858 0.478546 0.576182 0.697278 0.781685 0.792059 0.796934 0.796402
BD_Bspro
 0.657714 0.3973 0.47852 0.561122 0.595433 0.928626 1.36161 1.5872 1.33008 1.33755 1.29422 0.894954 0.552374 0.286106 0.122859 0.100916 0.125587 0.173296 0.215864 0.252043 0.384608 0.458746 0.580513 0.820335 1.19628
BD_Bo
 0.556151 0.33595 0.404628 0.474475 0.503487 0.785229 1.15136 1.34211 1.12469 1.13101 1.09437 0.756757 0.467078 0.241926 0.103887 0.0853325 0.106194 0.146536 0.18253 0.213123 0.325217 0.387907 0.490872 0.693661 1.01156
BD_Brms
 1.91608 1.15743 1.39404 1.63468 1.73464 2.70531 3.9667 4.62389 3.87484 3.89661 3.77037 2.60721 1.6092 0.833495 0.357917 0.293991 0.365864 0.504852 0.628861 0.734261 1.12045 1.33643 1.69117 2.38983 3.48505
S_f
 0.174607 1 1 1 1
 0.174607 1 1 1 1
 0.174607 1 1 1 1
 0.174607 1 1 1 1
 0.174607 1 1 1 1
 0.174607 1 1 1 1
 0.174607 1 1 1 1
 0.174607 1 1 1 1
 0.174607 1 1 1 1
 0.174607 1 1 1 1
 0.174607 1 1 1 1
 0.174607 1 1 1 1
 0.174607 1 1 1 1
 0.174607 1 1 1 1
 0.174607 1 1 1 1
 0.174607 1 1 1 1
 0.174607 1 1 1 1
 0.174607 1 1 1 1
 0.174607 1 1 1 1
 0.174607 1 1 1 1
 0.174607 1 1 1 1
 0.174607 1 1 1 1
 0.174607 1 1 1 1
 0.174607 1 1 1 1
 0.174607 1 1 1 1
Scru_reclas
 0.95657 1 1 1 1
 0.95657 1 1 1 1
 0.95657 1 1 1 1
 0.95657 1 1 1 1
 0.95657 1 1 1 1
 0.95657 1 1 1 1
 0.95657 1 1 1 1
 0.95657 1 1 1 1
 0.95657 1 1 1 1
 0.95657 1 1 1 1
 0.95657 1 1 1 1
 0.95657 1 1 1 1
 0.95657 1 1 1 1
 0.95657 1 1 1 1
 0.95657 1 1 1 1
 0.95657 1 1 1 1
 0.95657 1 1 1 1
 0.95657 1 1 1 1
 0.95657 1 1 1 1
 0.95657 1 1 1 1
 0.95657 1 1 1 1
 0.95657 1 1 1 1
 0.95657 1 1 1 1
 0.95657 1 1 1 1
 0.95657 1 1 1 1
Scru_pelaces
 0.999978 1 1 1 1
 0.999978 1 1 1 1
 0.999978 1 1 1 1
 0.999978 1 1 1 1
 0.999978 1 1 1 1
 0.999978 1 1 1 1
 0.999978 1 1 1 1
 0.999978 1 1 1 1
 0.999978 1 1 1 1
 0.999978 1 1 1 1
 0.999978 1 1 1 1
 0.999978 1 1 1 1
 0.999978 1 1 1 1
 0.999978 1 1 1 1
 0.999978 1 1 1 1
 0.999978 1 1 1 1
 0.999978 1 1 1 1
 0.999978 1 1 1 1
 0.999978 1 1 1 1
 0.999978 1 1 1 1
 0.999978 1 1 1 1
 0.999978 1 1 1 1
 0.999978 1 1 1 1
 0.999978 1 1 1 1
 0.999978 1 1 1 1
pf_obs 
 0.256992 0.487395 0.22802 0.0275931 0
 0.321318 0.546541 0.124235 0.00734118 0.000564706
 0.182869 0.594174 0.210203 0.0122559 0.00049798
 0.330522 0.361315 0.267642 0.0388342 0.00168674
 0.649043 0.306663 0.0425973 0.00169635 0
 0.582887 0.30429 0.105238 0.00758474 0
 0.465427 0.430635 0.0974691 0.00646863 0
 0.296916 0.608066 0.0921331 0.00288517 0
 0.311714 0.524322 0.152257 0.0117073 0
 0.15457 0.633149 0.183074 0.0267441 0.00246327
 0.131901 0.49318 0.331252 0.0422183 0.00144891
 0.196976 0.569456 0.194076 0.0375587 0.00193317
 0.518974 0.381816 0.0799577 0.0180837 0.00116848
 0.0928022 0.601141 0.25162 0.0475244 0.00691264
 0.122501 0.610282 0.24278 0.0234846 0.000952079
 0.383417 0.481906 0.127806 0.00687128 0
 0.0376549 0.599619 0.316969 0.0457579 0
 0.0361596 0.667082 0.258105 0.0386534 0
 0.158088 0.579412 0.248529 0.0139706 0
 0.0477256 0.309471 0.559284 0.082774 0.000745712
 0.0406174 0.521527 0.379366 0.0568643 0.0016247
 0.151134 0.462217 0.34131 0.0453401 0
 0.294876 0.26143 0.354403 0.0886775 0.000613685
 0.281977 0.475581 0.204845 0.0348837 0.00271318
 0 0 0 0 0
pf_pred 
 0.344311 0.462669 0.172604 0.0204061 1.00873e-05
 0.303364 0.553318 0.101128 0.0377271 0.00446249
 0.172436 0.623797 0.161846 0.0295802 0.0123405
 0.28164 0.446093 0.205228 0.0532471 0.0137918
 0.301845 0.49193 0.128063 0.0589161 0.0192453
 0.167212 0.5952 0.167408 0.0435809 0.026599
 0.256852 0.419197 0.23153 0.0651209 0.0272996
 0.208235 0.539138 0.142502 0.0787066 0.0314175
 0.247553 0.479286 0.186004 0.0491637 0.0379931
 0.237742 0.527557 0.149497 0.0580177 0.0271856
 0.135773 0.581033 0.195998 0.0555412 0.0316547
 0.146062 0.465451 0.261186 0.0881049 0.0391963
 0.230452 0.432368 0.183785 0.10313 0.0502653
 0.206682 0.577063 0.121502 0.0516464 0.0431065
 0.292719 0.550633 0.113947 0.0239918 0.0187099
 0.363141 0.545899 0.0708142 0.0146542 0.00549167
 0.22887 0.634179 0.11739 0.0152279 0.00433217
 0.247766 0.51343 0.196394 0.0363536 0.0060574
 0.246945 0.518742 0.159927 0.0611744 0.0132106
 0.32208 0.46231 0.148523 0.0457895 0.0212975
 0.265978 0.555322 0.121865 0.0391508 0.0176842
 0.260957 0.508656 0.174298 0.0382496 0.0178387
 0.292237 0.485831 0.152747 0.0523409 0.0168431
 0.264526 0.531007 0.140353 0.0441275 0.0199867
 0.0990856 0.624327 0.199694 0.0527821 0.0241112
pobs_RECLAS
 0 0 0 0 0
 0 0 0 0 0
 0 0 0 0 0
 0 0 0 0 0
 0.835266 0.146461 0.0176864 0.000547809 3.91292e-05
 0.385257 0.428462 0.181853 0.0044286 0
 0.867414 0.0963971 0.0333333 0.00285562 0
 0.441836 0.489002 0.0689373 0.000224442 0
 0.779404 0.147425 0.0564933 0.0165055 0.000172143
 0.814271 0.122319 0.05973 0.00367925 0
 0.40263 0.566651 0.0304383 0.000280538 0
 0.475488 0.404961 0.113038 0.00651328 0
 0.955842 0.0263864 0.0167828 0.000988607 0
 0.975058 0.0227948 0.00214734 0 0
 0.738997 0.206755 0.0527124 0.00153531 0
 0.850938 0.134255 0.0134407 0.00136685 0
 0.542534 0.407297 0.0501686 0 0
 0.764087 0.199537 0.0359546 0.000420521 0
 0.470689 0.182191 0.310203 0.0369168 0
 0.84361 0.089868 0.0606195 0.00523954 0.000663233
 0.607945 0.314616 0.071237 0.00620181 0
 0.523733 0.453247 0.0230204 0 0
 0.530135 0.295979 0.169645 0.0042399 0
 0.562478 0.366248 0.0663022 0.0049721 0
 0.250443 0.683176 0.0655157 0.000865301 0
ppred_RECLAS
 0.748757 0.177283 0.0661374 0.00781908 3.86518e-06
 0.710372 0.230043 0.0420444 0.0156851 0.00185529
 0.544881 0.343058 0.0890074 0.0162677 0.00678668
 0.683812 0.196349 0.0903316 0.0234368 0.00607051
 0.703397 0.208991 0.054406 0.0250299 0.00817615
 0.527412 0.337762 0.0950002 0.0247311 0.0150943
 0.656366 0.193838 0.10706 0.0301121 0.0126234
 0.595006 0.275774 0.0728912 0.0402591 0.0160703
 0.648452 0.223926 0.0869022 0.0229696 0.0177506
 0.634858 0.252714 0.0716133 0.0277921 0.0130227
 0.472992 0.354315 0.11952 0.0338691 0.0193031
 0.493444 0.276105 0.154935 0.0522639 0.0232512
 0.638385 0.203172 0.0863616 0.0484615 0.02362
 0.630559 0.268733 0.0565824 0.0240513 0.0200743
 0.734662 0.206571 0.0427475 0.00900058 0.00701907
 0.767278 0.199483 0.025877 0.00535495 0.00200677
 0.62688 0.306855 0.0568006 0.00736819 0.00209617
 0.648137 0.24016 0.0918645 0.0170047 0.00283339
 0.646197 0.243717 0.0751377 0.0287412 0.00620663
 0.725748 0.187027 0.060085 0.0185241 0.00861588
 0.666576 0.252251 0.0553563 0.017784 0.00803291
 0.661292 0.233121 0.079882 0.0175301 0.0081756
 0.695805 0.208809 0.0656504 0.022496 0.00723911
 0.665762 0.241317 0.0637837 0.0200538 0.00908301
 0.378162 0.430929 0.137835 0.0364318 0.0166423
pobs_PELACES
 0 0 0 0 0
 0 0 0 0 0
 0 0 0 0 0
 0 0 0 0 0
 0 0 0 0 0
 0 0 0 0 0
 0 0 0 0 0
 0 0 0 0 0
 0 0 0 0 0
 0 0 0 0 0
 0.450072 0.473896 0.0757376 0.000293798 0
 0 0 0 0 0
 0.463077 0.371075 0.160297 0.00555027 0
 0.529543 0.364841 0.0842815 0.0213345 0
 0.631943 0.363953 0.00410389 0 0
 0.735681 0.248677 0.0153453 0.000297389 0
 0.695825 0.281241 0.0229344 0 0
 0.275771 0.60734 0.115278 0.00161068 0
 0 0 0 0 0
 0.896147 0.0623911 0.0374545 0.00400742 0
 0.803859 0.145111 0.0509908 3.86294e-05 0
 0.739449 0.233085 0.0266225 0.000797448 4.60066e-05
 0.878498 0.100942 0.0204185 0.000141795 0
 0.694673 0.275183 0.0284847 0.00165964 0
 0 0 0 0 0
ppred_PELACES
 0.782096 0.153758 0.0573612 0.00678151 3.35228e-06
 0.742415 0.204592 0.0373928 0.0139498 0.00165003
 0.599204 0.30211 0.0783835 0.014326 0.00597662
 0.700802 0.185799 0.0854779 0.0221775 0.00574433
 0.713979 0.201534 0.0524649 0.0241368 0.00788443
 0.555398 0.31776 0.0893743 0.0232666 0.0142004
 0.675994 0.182766 0.100945 0.0283922 0.0119024
 0.626434 0.254373 0.0672347 0.0371349 0.0148232
 0.680876 0.203272 0.078887 0.020851 0.0161134
 0.663171 0.233119 0.0660603 0.025637 0.0120129
 0.524381 0.319766 0.107866 0.0305666 0.0174209
 0.542465 0.249386 0.139942 0.0472061 0.0210011
 0.701846 0.167517 0.0712058 0.0399568 0.0194748
 0.736238 0.191862 0.040397 0.0171714 0.0143321
 0.824054 0.136977 0.0283458 0.00596829 0.00465435
 0.807257 0.165214 0.0214316 0.00443503 0.00166203
 0.667454 0.273487 0.050624 0.00656696 0.00186823
 0.678591 0.219374 0.0839137 0.0155329 0.00258816
 0.673334 0.225024 0.0693747 0.0265368 0.00573059
 0.749187 0.171043 0.0549498 0.016941 0.00787952
 0.684242 0.238886 0.0524233 0.0168417 0.00760729
 0.68128 0.219364 0.0751679 0.0164956 0.00769314
 0.716319 0.194728 0.0612233 0.020979 0.00675094
 0.687122 0.225896 0.0597076 0.0187723 0.00850255
 0.399705 0.415999 0.13306 0.0351696 0.0160657
pobs_pel_tallas
 0 0 0 0 0 0 0 0 0 0 0 0 0 0 0 0 0 0 0 0 0 0 0 0 0 0 0 0 0 0 0 0 0 0 0 0
 0 0 0 0 0 0 0 0 0 0 0 0 0 0 0 0 0 0 0 0 0 0 0 0 0 0 0 0 0 0 0 0 0 0 0 0
 0 0 0 0 0 0 0 0 0 0 0 0 0 0 0 0 0 0 0 0 0 0 0 0 0 0 0 0 0 0 0 0 0 0 0 0
 0 0 0 0 0 0 0 0 0 0 0 0 0 0 0 0 0 0 0 0 0 0 0 0 0 0 0 0 0 0 0 0 0 0 0 0
 0 0 0 0 0 0 0 0 0 0 0 0 0 0 0 0 0 0 0 0 0 0 0 0 0 0 0 0 0 0 0 0 0 0 0 0
 0 0 0 0 0 0 0 0 0 0 0 0 0 0 0 0 0 0 0 0 0 0 0 0 0 0 0 0 0 0 0 0 0 0 0 0
 0 0 0 0 0 0 0 0 0 0 0 0 0 0 0 0 0 0 0 0 0 0 0 0 0 0 0 0 0 0 0 0 0 0 0 0
 0 0 0 0 0 0 0 0 0 0 0 0 0 0 0 0 0 0 0 0 0 0 0 0 0 0 0 0 0 0 0 0 0 0 0 0
 0 0 0 0 0 0 0 0 0 0 0 0 0 0 0 0 0 0 0 0 0 0 0 0 0 0 0 0 0 0 0 0 0 0 0 0
 0 0 0 0 0 0 0 0 0 0 0 0 0 0 0 0 0 0 0 0 0 0 0 0 0 0 0 0 0 0 0 0 0 0 0 0
 0 0 0 0 0 0 0 0 1.78061e-05 0.00172719 0.00360574 0.0105946 0.0120993 0.0124554 0.0147524 0.0171206 0.0266825 0.0428682 0.0675386 0.121331 0.153587 0.119568 0.100827 0.0573624 0.0630603 0.0341343 0.0324427 0.0444173 0.0211091 0.0280891 0.0125444 0.00206551 0 0 0 0
 0 0 0 0 0 0 0 0 0 0 0 0 0 0 0 0 0 0 0 0 0 0 0 0 0 0 0 0 0 0 0 0 0 0 0 0
 0 0 0 0 0 0 0.0133647 0.0140871 0.0187388 0.0205184 0.03894 0.0496705 0.03968 0.0493445 0.0407372 0.0367815 0.0215668 0.0243155 0.0234873 0.0199281 0.019796 0.0243948 0.0301388 0.0376714 0.0412746 0.0863199 0.0771752 0.113111 0.0741005 0.0525337 0.0229764 0.00759418 0.00175318 0 0 0
 0 0 0 0 0 0 0 0 0 0 0.00219441 0.00772107 0.0458388 0.0604681 0.0671733 0.0775358 0.0609151 0.0617685 0.073594 0.0568108 0.0755445 0.0548602 0.0670107 0.0636378 0.0643287 0.046367 0.0373049 0.0286899 0.0247887 0.0153202 0.00654259 0.00121912 0.000365735 0 0 0
 0 0 0 0 0 0 0 0 0 0 0 0 0.000112435 0.00938835 0.0111873 0.0202946 0.0414886 0.0713402 0.111592 0.104902 0.108894 0.110636 0.117776 0.105296 0.107544 0.0401394 0.0192827 0.0124803 0.00416011 0.0028671 0.000618394 0 0 0 0 0
 0 0 0 0 0 0 0 0 0 0 0.00291406 0.0102884 0.027416 0.0768956 0.0749926 0.110853 0.0956884 0.0897413 0.0766577 0.0534642 0.0500743 0.0551293 0.0594112 0.0620874 0.0668451 0.0424026 0.0208742 0.0120726 0.0048766 0.00582813 0.00118941 0.000297354 0 0 0 0
 0 0.00264628 0.0354308 0.0461629 0.0458689 0.0383711 0.0214643 0.0164657 0.0346957 0.0420465 0.0363128 0.0245516 0.0311673 0.0291091 0.0169068 0.0133784 0.00837989 0.0085269 0.0148486 0.0160247 0.0276389 0.0546898 0.0760071 0.122758 0.109233 0.0665981 0.0333725 0.0166128 0.00676272 0.00308733 0.000882094 0 0 0 0 0
 0 0 0 0 0 0 0 0.000805153 0.000690131 0.00759144 0.0133425 0.0154129 0.00931677 0.000345066 0.00356568 0.00563607 0.00851162 0.0253048 0.0502646 0.0516448 0.0657925 0.0565908 0.0611916 0.0827007 0.0866115 0.110766 0.145733 0.0935128 0.0569358 0.0249597 0.0138026 0.00621118 0.00161031 0.00115022 0 0
 0 0 0 0 0 0 0 0 0 0 0 0 0 0 0 0 0 0 0 0 0 0 0 0 0 0 0 0 0 0 0 0 0 0 0 0
 0.00147267 0.00158595 0.00478618 0.00569244 0.00954404 0.0108468 0.00647125 0.017049 0.0510054 0.094081 0.124002 0.0959785 0.0687766 0.0820023 0.061753 0.0591476 0.0492212 0.0479892 0.0443925 0.0268479 0.0217502 0.0140895 0.0121071 0.0120363 0.00920419 0.00665534 0.0049561 0.00860946 0.00930331 0.0156896 0.0114698 0.00855282 0.00243557 0.00046729 0 2.83206e-05
 0 0 0 0 0.000772559 0.00158375 0.000888443 0.00281984 0.00712685 0.0440552 0.0773331 0.111326 0.0921469 0.0852325 0.0710754 0.0886704 0.0786465 0.0553345 0.0373146 0.0185414 0.00753245 0.00457741 0.012979 0.0271748 0.0457355 0.0583668 0.034881 0.0177882 0.00938659 0.00492506 0.0015258 0.00185414 0.000309023 5.79419e-05 3.86279e-05 0
 0 0.00173294 0.00326652 0 0.00397197 0.00683976 0.00946217 0.0152591 0.00757587 0.0136028 0.0228656 0.0392903 0.0559909 0.0764795 0.0681675 0.0726916 0.0566044 0.0477403 0.0527397 0.0444891 0.0609904 0.0582453 0.0661739 0.0445044 0.0529084 0.0360697 0.0280645 0.0235558 0.0158879 0.00826598 0.00280645 0.00217768 0.000904811 0.00058276 9.20147e-05 0
 0 0 0 0 0 0 0 0 0 0 0 0 0 0 0 0 0 0 0 0 0 0 0 0 0 0 0 0 0 0 0 0 0 0 0 0
 0 0 0 0 0 0 0 0 0 0 0 0 0 0 0 0 0 0 0 0 0 0 0 0 0 0 0 0 0 0 0 0 0 0 0 0
 0 0 0 0 0 0 0 0 0 0 0 0 0 0 0 0 0 0 0 0 0 0 0 0 0 0 0 0 0 0 0 0 0 0 0 0
ppred_pel_tallas
 1.01098e-16 3.41221e-05 0.000200273 0.000952018 0.00366534 0.01143 0.0288713 0.0590743 0.0979215 0.131503 0.143096 0.126206 0.0903096 0.0526396 0.0254242 0.0109909 0.00560469 0.00487218 0.00610225 0.00811548 0.0104336 0.0127723 0.0148724 0.0164919 0.0174477 0.0176528 0.0171329 0.0160113 0.0144726 0.0127159 0.010915 0.00919439 0.00762547 0.00623604 0.0050268 0.00398636
 1.01154e-16 3.23938e-05 0.000190122 0.000903749 0.00347947 0.0108504 0.0274073 0.0560792 0.0929585 0.124844 0.135862 0.119858 0.0858374 0.0501739 0.0244967 0.0110393 0.00627891 0.00605932 0.00782255 0.0104203 0.0133409 0.0162328 0.0187568 0.0205988 0.0215296 0.0214567 0.0204426 0.0186827 0.0164516 0.0140359 0.0116769 0.00953769 0.00769687 0.00616526 0.00491194 0.00388957
 1.01983e-16 2.61531e-05 0.000153475 0.000729503 0.00280855 0.00875812 0.0221225 0.0452669 0.07504 0.100792 0.109721 0.0968774 0.0695557 0.0410123 0.0206877 0.0104492 0.0075185 0.00858899 0.011606 0.0155942 0.0200233 0.0244292 0.0283208 0.0312318 0.032816 0.032923 0.0316286 0.0292029 0.0260336 0.0225305 0.0190429 0.0158119 0.0129619 0.0105231 0.00846778 0.00674437
 1.02305e-16 3.05786e-05 0.000179467 0.000853096 0.00328445 0.0102422 0.0258711 0.0529359 0.0877481 0.117846 0.128247 0.11314 0.0810258 0.0473618 0.023126 0.0104295 0.00595246 0.0057803 0.00751189 0.0100812 0.0130264 0.0160366 0.0188072 0.0210468 0.022528 0.0231332 0.0228738 0.0218743 0.0203301 0.0184553 0.0164375 0.0144133 0.0124645 0.0106309 0.00892885 0.00736695
 1.02009e-16 3.11537e-05 0.000182842 0.00086914 0.00334622 0.0104349 0.0263577 0.0539316 0.0893988 0.120064 0.130662 0.115275 0.082565 0.048281 0.0236103 0.0107057 0.00618493 0.0060574 0.00786929 0.0105212 0.013524 0.0165392 0.0192367 0.0213069 0.0225185 0.0227683 0.0221005 0.020685 0.0187674 0.0166063 0.0144201 0.012357 0.0104913 0.00883986 0.00738644 0.00610463
 1.02836e-16 2.42437e-05 0.000142263 0.000676198 0.0026033 0.00811808 0.0205058 0.0419592 0.0695579 0.0934321 0.101719 0.0898351 0.0645496 0.0381618 0.0194376 0.0101271 0.00767448 0.0090308 0.0122974 0.0165609 0.0213016 0.0260437 0.0302755 0.033508 0.0353748 0.0357116 0.0345878 0.0322732 0.0291589 0.0256589 0.0221249 0.0187987 0.015805 0.0131758 0.0108883 0.00889999
 1.03025e-16 2.94967e-05 0.000173116 0.000822902 0.0031682 0.00987971 0.0249554 0.0510623 0.0846425 0.113676 0.12371 0.109141 0.0781705 0.0457096 0.0223514 0.0101364 0.00586741 0.00577442 0.00754737 0.0101633 0.0131803 0.0162994 0.0192244 0.0216677 0.0233996 0.0242926 0.0243406 0.0236446 0.022374 0.0207177 0.0188435 0.0168756 0.0148937 0.0129442 0.011058 0.00926284
 1.03006e-16 2.73385e-05 0.000160439 0.00076262 0.00293607 0.00915581 0.023127 0.0473218 0.0784445 0.105359 0.114679 0.10122 0.0725985 0.0426553 0.0212373 0.0102703 0.00682431 0.00742621 0.0099302 0.0133465 0.0171821 0.0210413 0.0245149 0.0272144 0.0288478 0.0292829 0.0285706 0.026919 0.0246293 0.0220183 0.0193521 0.0168095 0.0144788 0.0123788 0.010491 0.0087868
 1.02656e-16 2.97104e-05 0.000174369 0.000828854 0.00319111 0.00995114 0.0251358 0.0514317 0.0852552 0.1145 0.124611 0.109945 0.0787659 0.046097 0.0226132 0.0103755 0.00616789 0.00619369 0.00812007 0.0109017 0.0140694 0.017291 0.020236 0.0225893 0.0241084 0.0246737 0.0243083 0.0231591 0.0214493 0.0194185 0.0172728 0.0151567 0.0131503 0.0112842 0.00956241 0.00798146
 1.02456e-16 2.89396e-05 0.00016984 0.00080732 0.00310819 0.00969256 0.0244827 0.0500955 0.0830414 0.11153 0.121387 0.107119 0.076783 0.0450202 0.0222406 0.0104656 0.00657622 0.00688261 0.0091099 0.012222 0.0157264 0.0192498 0.0224136 0.0248597 0.0263188 0.0266686 0.0259558 0.0243725 0.022198 0.0197276 0.0172111 0.014819 0.0126383 0.0106909 0.008962 0.00742521
 1.035e-16 2.28913e-05 0.000134323 0.00063845 0.00245796 0.00766483 0.019361 0.0396168 0.0656754 0.0882191 0.0960496 0.0848409 0.06099 0.0361155 0.0185035 0.00981771 0.00765807 0.00915706 0.012529 0.0169106 0.0218005 0.0267286 0.0311831 0.0346706 0.0368156 0.0374405 0.0365974 0.0345364 0.0316287 0.0282704 0.0248002 0.0214536 0.018357 0.0155518 0.013031 0.0107721
 1.04672e-16 2.3677e-05 0.000138943 0.000660426 0.0025426 0.00792878 0.0200276 0.0409802 0.0679335 0.0912454 0.0993263 0.0876921 0.0629459 0.0370859 0.0186563 0.00934694 0.0066466 0.00757374 0.0102916 0.0139542 0.0181303 0.0224549 0.0265339 0.0299772 0.0324708 0.0338377 0.0340636 0.0332776 0.0316996 0.0295759 0.0271238 0.0245037 0.0218183 0.0191294 0.0164818 0.0139206
 1.03349e-16 3.06233e-05 0.000179731 0.000854356 0.00328931 0.0102574 0.0259094 0.0530141 0.0878771 0.118018 0.128429 0.11329 0.081111 0.047366 0.0230431 0.0102489 0.00565092 0.0053247 0.00686715 0.00922123 0.0119454 0.0147585 0.0173912 0.0195859 0.0211406 0.0219483 0.0220133 0.0214355 0.0203733 0.0189969 0.0174509 0.0158342 0.0142012 0.0125756 0.0109696 0.00939777
 1.01896e-16 3.21239e-05 0.000188539 0.000896224 0.0034505 0.0107601 0.0271791 0.0556122 0.0921841 0.123803 0.134727 0.118851 0.0851045 0.0497217 0.0242318 0.0108461 0.00606831 0.00577595 0.0074355 0.00991676 0.0127269 0.0155365 0.0180303 0.0199153 0.0209755 0.0211193 0.0203967 0.0189785 0.017107 0.0150344 0.0129718 0.011059 0.00936182 0.00788826 0.00661306 0.00550111
 1.0087e-16 3.59509e-05 0.000211012 0.00100307 0.00386192 0.0120431 0.0304198 0.0622425 0.103172 0.138552 0.150759 0.132948 0.0950989 0.0553592 0.0266024 0.0112667 0.00540189 0.00436626 0.00531788 0.0070181 0.0089801 0.0109348 0.012649 0.0139112 0.014567 0.0145527 0.013908 0.0127614 0.0112939 0.0096954 0.00812599 0.00669405 0.00545267 0.00441019 0.00354767 0.00283547
 1.00589e-16 3.52196e-05 0.000206716 0.000982645 0.00378326 0.0117977 0.0298002 0.0609749 0.101072 0.135734 0.1477 0.130268 0.0932182 0.0543385 0.0262504 0.0113549 0.00579413 0.00502783 0.00626954 0.00828958 0.0105793 0.0128303 0.0147631 0.0161241 0.0167318 0.0165178 0.0155423 0.0139745 0.0120483 0.0100067 0.00805312 0.00632371 0.00488189 0.00373152 0.00283897 0.00215499
 1.01121e-16 2.9128e-05 0.000170943 0.000812553 0.00312832 0.00975532 0.0246413 0.0504203 0.0835809 0.112258 0.122187 0.107845 0.0773462 0.0454365 0.0226052 0.0109005 0.00719467 0.00777858 0.0103541 0.0138516 0.0177289 0.0215473 0.0248574 0.0272387 0.0283851 0.0281743 0.0266943 0.0242128 0.021105 0.0177637 0.0145213 0.0116034 0.00912117 0.00709104 0.00547002 0.00418958
 1.01918e-16 2.96115e-05 0.000173786 0.00082608 0.00318042 0.00991782 0.0250517 0.0512596 0.0849706 0.114119 0.1242 0.109592 0.078533 0.0460011 0.0226413 0.0105145 0.00642179 0.006583 0.00867137 0.0116356 0.0149893 0.0183751 0.0214331 0.0238201 0.0252741 0.0256688 0.0250362 0.023546 0.0214541 0.0190365 0.0165335 0.014117 0.0118852 0.00987744 0.0080972 0.00653341
 1.02238e-16 2.93824e-05 0.000172441 0.000819684 0.00315579 0.00984102 0.0248577 0.0508628 0.0843129 0.113237 0.123241 0.108749 0.0779371 0.0456681 0.022507 0.0105013 0.00647923 0.00669093 0.00882661 0.0118391 0.0152387 0.0186617 0.0217412 0.0241298 0.0255649 0.0259252 0.0252519 0.0237269 0.0216173 0.0192069 0.0167381 0.0143785 0.0122169 0.0102801 0.00855946 0.00703429
 1.01787e-16 3.26877e-05 0.000191851 0.000911974 0.00351115 0.0109492 0.0276568 0.0565895 0.0938034 0.125975 0.137086 0.120919 0.0865574 0.0505142 0.0245133 0.0107954 0.00579413 0.00530963 0.00676635 0.00902718 0.0116152 0.0142294 0.0165866 0.018422 0.0195353 0.0198333 0.0193461 0.0182103 0.0166271 0.0148109 0.0129446 0.0111551 0.00950974 0.00802934 0.00670818 0.00553171
 1.01757e-16 2.98586e-05 0.000175235 0.000832967 0.00320693 0.0100005 0.0252605 0.051687 0.0856794 0.115073 0.125241 0.110518 0.0792139 0.0464341 0.022917 0.0107454 0.00669702 0.0069596 0.00918038 0.0122845 0.015759 0.0192152 0.0222618 0.0245325 0.0257569 0.0258209 0.0247892 0.0228795 0.020401 0.0176776 0.0149828 0.0125017 0.0103253 0.00846947 0.00690496 0.00558571
 1.02065e-16 2.97287e-05 0.000174474 0.000829353 0.00319302 0.00995711 0.0251509 0.0514627 0.0853071 0.114571 0.124692 0.110025 0.0788409 0.0461772 0.0227199 0.010537 0.00641566 0.00655948 0.00863125 0.0115747 0.0149016 0.0182542 0.0212735 0.0236187 0.0250315 0.0253903 0.0247327 0.0232334 0.021152 0.0187661 0.0163144 0.0139648 0.011809 0.00987833 0.00816873 0.00666275
 1.01969e-16 3.12555e-05 0.00018344 0.000871984 0.00335717 0.010469 0.0264439 0.0541081 0.0896911 0.120456 0.131087 0.115646 0.0828227 0.0484153 0.0236457 0.0106709 0.00609563 0.00591507 0.00766878 0.0102584 0.0132013 0.0161685 0.0188404 0.0209156 0.0221667 0.022488 0.0219149 0.0206039 0.0187855 0.0167048 0.0145713 0.0125297 0.0106571 0.008977 0.00748236 0.00615574
 1.01964e-16 2.99836e-05 0.000175971 0.000836465 0.00322041 0.0100425 0.0253666 0.0519041 0.0860389 0.115554 0.125762 0.110971 0.0795224 0.0465831 0.0229317 0.0106544 0.0065109 0.00667059 0.00877304 0.0117474 0.015094 0.0184434 0.0214263 0.0236948 0.0249896 0.0251959 0.0243656 0.0226934 0.0204599 0.0179614 0.0154489 0.0130944 0.0109852 0.00914195 0.00754576 0.00616381
 1.03984e-16 1.74588e-05 0.000102421 0.000486762 0.00187389 0.00584341 0.0147604 0.0302043 0.050077 0.0672825 0.0732971 0.0648444 0.0468349 0.0281756 0.0152506 0.0094089 0.00890148 0.0116018 0.0161597 0.021855 0.0281566 0.0344791 0.0401594 0.0445562 0.0471832 0.0478153 0.0465289 0.0436616 0.0397097 0.035202 0.0305911 0.0261915 0.0221716 0.0185838 0.0154129 0.0126193
pSPR Fmed_Fpbrs
0.614642   0.340255 0.340255
Fs Fmed_Fpbrs
0.328553   1.005 1.005
SSBpbr Bo_Bmed_Bpbrs
1.08109e+06  610430  313793 313793
Ro
44355.9
SPR SPRFo_SPRFmed_SPRFpbrs
914153 561877 311046
log_Ro
10.52
likeval ReclasPelacesDesembMPH_pf_preclas_ppelaces_ptallas_desvR_qrecl_qpela
 60.7266 18.1333 0.0105799 0.000224844 285.567 193.541 70.6411 0 15.7676 3.94342e-05 2.79065e-05 0 0 0 0
q_reclas_q_pelaces
0.410715 2.12031
M
0.7
N
 47617.9 13364.6 4985.83 589.449 0.29138
 58389.6 21595.2 3946.89 1472.43 174.164
 34119.8 26900.5 6979.42 1275.61 532.17
 52169.1 15118.6 6955.41 1804.6 467.421
 88181.6 25325.2 6592.84 3033.08 990.773
 64163.3 43596.8 12262.2 3192.18 1948.31
 101006 30496.2 16843.6 4737.49 1986.02
 96283.1 48766.3 12889.7 7119.2 2841.79
 117371 45194 17539.1 4635.85 3582.53
 127085 54624.1 15479.2 6007.24 2814.84
 65523.2 59954.9 20224.4 5731.11 3266.34
 43532.7 29340.5 16464.3 5553.84 2470.8
 44547.3 19609.2 8335.2 4677.27 2279.69
 23565.7 18926.2 3984.95 1693.87 1413.78
 15750.6 8783.89 1817.72 382.726 298.468
 17194.2 5745.19 745.267 154.224 57.7958
 13147.2 7535.56 1394.88 180.944 51.4765
 14707.6 5993.37 2292.55 424.364 70.7093
 16993.8 6885.02 2122.64 811.939 175.337
 29015.7 8034.71 2581.26 795.799 370.139
 35869.8 13717.1 3010.2 967.068 436.818
 48119.2 17403.6 5963.59 1308.71 610.349
 74405.7 23197.6 7293.41 2499.19 804.226
 94931.4 35680.3 9430.83 2965.09 1342.98
 38965.4 45559.8 14572.6 3851.74 1759.5
pred_Ctot
 2986.21 4012.73 1496.99 176.982 0.0874868
 3047.12 5557.75 1015.78 378.947 44.8231
 2660.15 9623.26 2496.79 456.331 190.376
 842.751 1334.84 614.104 159.331 41.2693
 279.38 455.318 118.532 54.5312 17.8129
 1983.77 7061.36 1986.1 517.036 315.566
 2019.04 3295.19 1819.99 511.897 214.594
 3804.97 9851.41 2603.88 1438.17 574.077
 5320.94 10301.8 3997.99 1056.73 816.627
 4580.59 10164.5 2880.38 1117.83 523.788
 4658.26 19934.8 6724.55 1905.58 1086.05
 2925.2 9321.59 5230.78 1764.48 784.985
 4669.43 8760.63 3723.85 2089.62 1018.48
 4296.89 11997 2526 1073.72 896.175
 3060.78 5757.64 1191.48 250.868 195.639
 1462.85 2199.06 285.262 59.0318 22.1222
 779.098 2158.81 399.609 51.8374 14.7472
 608.229 1260.39 482.118 89.2429 14.87
 586.965 1233 380.132 145.406 31.4002
 1004.62 1442.02 463.269 142.825 66.4304
 592.811 1237.7 271.613 87.2593 39.4145
 1012.12 1972.82 676.013 148.351 69.1872
 1840.67 3060.04 962.087 329.672 106.087
 2295.21 4607.38 1217.8 382.881 173.419
 820.656 5170.86 1653.93 437.157 199.696
F
 0.0907403 0.519685 0.519685 0.519685 0.519685
 0.074994 0.429503 0.429503 0.429503 0.429503
 0.113953 0.652625 0.652625 0.652625 0.652625
 0.0226885 0.129941 0.129941 0.129941 0.129941
 0.00441405 0.02528 0.02528 0.02528 0.02528
 0.0438288 0.251015 0.251015 0.251015 0.251015
 0.0281422 0.161175 0.161175 0.161175 0.161175
 0.0563293 0.322607 0.322607 0.322607 0.322607
 0.0648607 0.371468 0.371468 0.371468 0.371468
 0.0512622 0.293587 0.293587 0.293587 0.293587
 0.103437 0.592398 0.592398 0.592398 0.592398
 0.0975144 0.558481 0.558481 0.558481 0.558481
 0.156006 0.893472 0.893472 0.893472 0.893472
 0.286872 1.64296 1.64296 1.64296 1.64296
 0.308518 1.76693 1.76693 1.76693 1.76693
 0.124941 0.715556 0.715556 0.715556 0.715556
 0.085552 0.48997 0.48997 0.48997 0.48997
 0.0590158 0.337993 0.337993 0.337993 0.337993
 0.0490767 0.28107 0.28107 0.28107 0.28107
 0.0491978 0.281764 0.281764 0.281764 0.281764
 0.0232171 0.132968 0.132968 0.132968 0.132968
 0.029632 0.169707 0.169707 0.169707 0.169707
 0.0349324 0.200064 0.200064 0.200064 0.200064
 0.0341286 0.19546 0.19546 0.19546 0.19546
 0.0296712 0.169932 0.169932 0.169932 0.169932
nmprior
 10 11 7 0
nm_flota  nm_reclas  nm_pelaces    nm_pelaL
inf 16.8702 16.8109 29.5603
cv_recla  cv_pelaces  cv_mph
0.704879 0.501076 0.486496
 ------------------------------------------------
Talla a la edad & desviación 
 7.2 14.2025 17.0495 18.207 18.6776
 1.08 2.13037 2.55742 2.73105 2.80164
