years
 1997 1998 1999 2000 2001 2002 2003 2004 2005 2006 2007 2008 2009 2010 2011 2012 2013 2014 2015 2016 2017 2018 2019 2020 2021
reclasobs
 0 0 0 370054 412103 1.49427e+06 250295 1.28982e+06 931140 785840 897777 1.04006e+06 184774 17550 25797 100020 73551 82996 120727 218422 84188 347160 605670 569463 516374
reclaspred
 2.13273e+06 270394 340286 104357 240959 252740 546722 462205 590782 1.0502e+06 966648 616358 377055 163893 99738.1 95312.9 105489 124817 106295 176203 318891 290383 434900 387074 262844
pelacesobs
 0 0 0 0 0 0 0 0 0 2.06254e+06 1.5e+06 0 1.87456e+06 323000 250000 174000 83755 137374 0 501740 490994 745055 786931 1.00524e+06 0
pelacespred
 1.20222e+06 451716 124617 91888.9 203330 138674 485098 390426 503249 916920 679826 428183 294183 99504.2 63724.9 64021.7 72984 87585.3 72184.5 129781 259388 220220 258046 264731 166102
mphobs
 0 0 0 0 0 112323 0 153150 637223 0 255016 313432 73983 77613 109348 50772 0 0 0 0 0 0 0 0 0
mphpred
 805708 346260 145499 63915.9 47087.7 129487 138429 190573 203453 279329 497224 341498 181811 107061 45576.6 36932.2 40533.5 48037.8 50354.4 47243.9 101660 135735 152944 176784 162095
desembarqueobs
 350755 77701 442110 56441 14545 235359 269955 359681 431902 328805 639364 411747 362871 311530 167758 66681 60226 58785 57116 71774 51957 67425 138520 160799 200461
desembarquepred
 350744 77682.8 441595 56419.1 14543.8 235206 269860 359126 431452 328555 638670 411405 362291 311072 167431 66633.5 60206.2 58746.2 57070.7 71706.1 51944 67387.7 138439 160717 200429
Reclutas
 6135.52 9538.91 1384.34 8805.07 53867.5 15394.2 55750.9 70412.1 88550 208498 52264.3 22267.9 55363.4 22555 14897.5 14480.6 9724.97 9547.1 7255.04 27594.9 31610.6 31376.3 43090.8 26549.7 399.051
log_desv_Rt
 -1.13815 -0.696866 -2.62702 -0.776917 1.03428 -0.218251 1.06865 1.30212 1.53132 2.38769 1.00407 0.150903 1.06167 0.163714 -0.251052 -0.279432 -0.677548 -0.696007 -0.970548 0.365388 0.501248 0.493808 0.811064 0.326773 -3.87091
SSB
 1.93114e+06 829922 348736 153195 112861 310356 331790 456769 487639 669501 1.19176e+06 818509 435769 256606 109239 88519.8 97151.4 115138 120690 113235 243660 325333 366579 423719 388511
BT
 2.37198e+06 978828 472378 231456 376588 431550 1.06813e+06 1.08334e+06 1.29173e+06 1.946e+06 1.77099e+06 1.13477e+06 885102 471847 251806 169250 180413 204518 179557 292250 505633 458956 561902 614997 478664
Ftot
 0.15965 0.242437 0.999254 0.552169 0.153486 1.03641 0.869923 1.49284 1.39062 0.716576 0.769407 0.623139 1.23157 2.23626 2.45521 1.05083 0.815642 0.617454 0.62012 0.775846 0.256706 0.280847 0.375522 0.470779 0.66128
BD_Bspro_t
 0.979871 0.852892 0.623151 0.280722 0.373131 0.674041 0.499898 0.525087 0.493815 0.524622 0.627949 0.459485 0.317126 0.246218 0.13963 0.140911 0.201292 0.299493 0.363133 0.406538 0.621152 0.736113 0.723854 0.687456 0.583611
BD_Bspro
 4.89329 2.10293 0.883659 0.38818 0.285977 0.78641 0.840721 1.15741 1.23563 1.69644 3.01979 2.07402 1.10419 0.650212 0.2768 0.2243 0.246171 0.291747 0.305817 0.286926 0.617408 0.824359 0.928872 1.07366 0.984446
BD_Bo
 2.05894 0.884847 0.371815 0.163334 0.12033 0.330896 0.353748 0.486999 0.519912 0.71381 1.27063 0.872679 0.464609 0.273588 0.116468 0.0943782 0.103581 0.122758 0.128678 0.120729 0.259786 0.346864 0.39084 0.451761 0.414224
BD_Brms
 5.70673 2.45251 1.03055 0.452709 0.333517 0.917139 0.980478 1.34981 1.44103 1.97845 3.52178 2.41879 1.28775 0.7583 0.322813 0.261586 0.287094 0.340246 0.356654 0.334623 0.720043 0.961397 1.08328 1.25214 1.1481
S_f
 0.104433 0.689017 0.976796 0.998751 0.999934
 0.104433 0.689017 0.976796 0.998751 0.999934
 0.104433 0.689017 0.976796 0.998751 0.999934
 0.104433 0.689017 0.976796 0.998751 0.999934
 0.104433 0.689017 0.976796 0.998751 0.999934
 0.104433 0.689017 0.976796 0.998751 0.999934
 0.104433 0.689017 0.976796 0.998751 0.999934
 0.104433 0.689017 0.976796 0.998751 0.999934
 0.104433 0.689017 0.976796 0.998751 0.999934
 0.104433 0.689017 0.976796 0.998751 0.999934
 0.104433 0.689017 0.976796 0.998751 0.999934
 0.104433 0.689017 0.976796 0.998751 0.999934
 0.104433 0.689017 0.976796 0.998751 0.999934
 0.104433 0.689017 0.976796 0.998751 0.999934
 0.104433 0.689017 0.976796 0.998751 0.999934
 0.104433 0.689017 0.976796 0.998751 0.999934
 0.104433 0.689017 0.976796 0.998751 0.999934
 0.104433 0.689017 0.976796 0.998751 0.999934
 0.104433 0.689017 0.976796 0.998751 0.999934
 0.104433 0.689017 0.976796 0.998751 0.999934
 0.104433 0.689017 0.976796 0.998751 0.999934
 0.104433 0.689017 0.976796 0.998751 0.999934
 0.104433 0.689017 0.976796 0.998751 0.999934
 0.104433 0.689017 0.976796 0.998751 0.999934
 0.104433 0.689017 0.976796 0.998751 0.999934
Scru_reclas
 0.743421 0.935822 0.986556 0.9973 0.999462
 0.743421 0.935822 0.986556 0.9973 0.999462
 0.743421 0.935822 0.986556 0.9973 0.999462
 0.743421 0.935822 0.986556 0.9973 0.999462
 0.743421 0.935822 0.986556 0.9973 0.999462
 0.743421 0.935822 0.986556 0.9973 0.999462
 0.743421 0.935822 0.986556 0.9973 0.999462
 0.743421 0.935822 0.986556 0.9973 0.999462
 0.743421 0.935822 0.986556 0.9973 0.999462
 0.743421 0.935822 0.986556 0.9973 0.999462
 0.743421 0.935822 0.986556 0.9973 0.999462
 0.743421 0.935822 0.986556 0.9973 0.999462
 0.743421 0.935822 0.986556 0.9973 0.999462
 0.743421 0.935822 0.986556 0.9973 0.999462
 0.743421 0.935822 0.986556 0.9973 0.999462
 0.743421 0.935822 0.986556 0.9973 0.999462
 0.743421 0.935822 0.986556 0.9973 0.999462
 0.743421 0.935822 0.986556 0.9973 0.999462
 0.743421 0.935822 0.986556 0.9973 0.999462
 0.743421 0.935822 0.986556 0.9973 0.999462
 0.743421 0.935822 0.986556 0.9973 0.999462
 0.743421 0.935822 0.986556 0.9973 0.999462
 0.743421 0.935822 0.986556 0.9973 0.999462
 0.743421 0.935822 0.986556 0.9973 0.999462
 0.743421 0.935822 0.986556 0.9973 0.999462
Scru_pelaces
 1 1 1 1 1
 1 1 1 1 1
 1 1 1 1 1
 1 1 1 1 1
 1 1 1 1 1
 1 1 1 1 1
 1 1 1 1 1
 1 1 1 1 1
 1 1 1 1 1
 1 1 1 1 1
 1 1 1 1 1
 1 1 1 1 1
 1 1 1 1 1
 1 1 1 1 1
 1 1 1 1 1
 1 1 1 1 1
 1 1 1 1 1
 1 1 1 1 1
 1 1 1 1 1
 1 1 1 1 1
 1 1 1 1 1
 1 1 1 1 1
 1 1 1 1 1
 1 1 1 1 1
 1 1 1 1 1
pf_obs 
 0.256992 0.487395 0.22802 0.0275931 0
 0.321318 0.546541 0.124235 0.00734118 0.000564706
 0.182869 0.594174 0.210203 0.0122559 0.00049798
 0.330522 0.361315 0.267642 0.0388342 0.00168674
 0.649043 0.306663 0.0425973 0.00169635 0
 0.582887 0.30429 0.105238 0.00758474 0
 0.465427 0.430635 0.0974691 0.00646863 0
 0.296916 0.608066 0.0921331 0.00288517 0
 0.311714 0.524322 0.152257 0.0117073 0
 0.15457 0.633149 0.183074 0.0267441 0.00246327
 0.131901 0.49318 0.331252 0.0422183 0.00144891
 0.196976 0.569456 0.194076 0.0375587 0.00193317
 0.518974 0.381816 0.0799577 0.0180837 0.00116848
 0.0928022 0.601141 0.25162 0.0475244 0.00691264
 0.122501 0.610282 0.24278 0.0234846 0.000952079
 0.383417 0.481906 0.127806 0.00687128 0
 0.0376549 0.599619 0.316969 0.0457579 0
 0.0361596 0.667082 0.258105 0.0386534 0
 0.158088 0.579412 0.248529 0.0139706 0
 0.0477256 0.309471 0.559284 0.082774 0.000745712
 0.0406174 0.521527 0.379366 0.0568643 0.0016247
 0.151134 0.462217 0.34131 0.0453401 0
 0.294876 0.26143 0.354403 0.0886775 0.000613685
 0.281977 0.475581 0.204845 0.0348837 0.00271318
 0 0 0 0 0
pf_pred 
 0.0108105 0.652847 0.298091 0.0382498 2.00009e-06
 0.0288764 0.056274 0.672564 0.215291 0.0269941
 0.0109892 0.190312 0.0659939 0.54216 0.190544
 0.206458 0.083541 0.206564 0.042981 0.460455
 0.58538 0.284545 0.0201576 0.0326599 0.0772574
 0.0923366 0.812923 0.0721882 0.00356736 0.0189851
 0.39975 0.262859 0.315717 0.0166609 0.00501311
 0.339244 0.569054 0.0514197 0.0377759 0.00250666
 0.340687 0.54926 0.101405 0.0049418 0.00370608
 0.448616 0.452887 0.0886941 0.00906245 0.000740662
 0.0779229 0.783181 0.122144 0.0151306 0.00162101
 0.057021 0.346934 0.536607 0.052468 0.00696961
 0.268157 0.24765 0.23066 0.228927 0.0246068
 0.158782 0.688839 0.073018 0.0385904 0.0407705
 0.240058 0.556282 0.18554 0.0089475 0.00917249
 0.28981 0.587994 0.10549 0.0153022 0.00140417
 0.17549 0.629053 0.174113 0.018517 0.002828
 0.187438 0.493226 0.267803 0.0460669 0.00546587
 0.152291 0.528196 0.225706 0.0790418 0.0147644
 0.458492 0.306318 0.169672 0.0466865 0.0188318
 0.258973 0.639988 0.0683629 0.0237826 0.00889257
 0.179987 0.538684 0.25391 0.0186996 0.00871874
 0.212283 0.447484 0.250646 0.0810524 0.00853422
 0.122852 0.558494 0.211135 0.0797522 0.0277667
 0.0027413 0.483428 0.373891 0.0935906 0.0463495
pobs_RECLAS
 0 0 0 0 0
 0 0 0 0 0
 0 0 0 0 0
 0 0 0 0 0
 0.835266 0.146461 0.0176864 0.000547809 3.91292e-05
 0.385257 0.428462 0.181853 0.0044286 0
 0.867414 0.0963971 0.0333333 0.00285562 0
 0.441836 0.489002 0.0689373 0.000224442 0
 0.779404 0.147425 0.0564933 0.0165055 0.000172143
 0.814271 0.122319 0.05973 0.00367925 0
 0.40263 0.566651 0.0304383 0.000280538 0
 0.475488 0.404961 0.113038 0.00651328 0
 0.955842 0.0263864 0.0167828 0.000988607 0
 0.975058 0.0227948 0.00214734 0 0
 0.738997 0.206755 0.0527124 0.00153531 0
 0.850938 0.134255 0.0134407 0.00136685 0
 0.542534 0.407297 0.0501686 0 0
 0.764087 0.199537 0.0359546 0.000420521 0
 0.470689 0.182191 0.310203 0.0369168 0
 0.84361 0.089868 0.0606195 0.00523954 0.000663233
 0.607945 0.314616 0.071237 0.00620181 0
 0.523733 0.453247 0.0230204 0 0
 0.530135 0.295979 0.169645 0.0042399 0
 0.562478 0.366248 0.0663022 0.0049721 0
 0.250443 0.683176 0.0655157 0.000865301 0
ppred_RECLAS
 0.0594411 0.680872 0.230456 0.0292289 1.52987e-06
 0.172858 0.0636766 0.563006 0.178106 0.0223531
 0.0742878 0.232961 0.0579862 0.46959 0.165175
 0.649133 0.0489083 0.0885865 0.0182015 0.195171
 0.890322 0.0821067 0.00431234 0.00690616 0.0163524
 0.367335 0.584063 0.0371545 0.00180962 0.00963849
 0.812064 0.0975472 0.0846559 0.00440627 0.00132694
 0.754892 0.220538 0.0138791 0.0100254 0.000665699
 0.755855 0.2141 0.0277193 0.00132898 0.000997373
 0.82261 0.153179 0.0218294 0.00220124 0.000180064
 0.324102 0.598911 0.06781 0.00828828 0.00088874
 0.282253 0.318507 0.359882 0.0347389 0.00461872
 0.71933 0.118233 0.0780056 0.0762309 0.00820011
 0.554756 0.389317 0.0271021 0.0140134 0.0148111
 0.688906 0.251856 0.0540786 0.00254712 0.00261201
 0.704034 0.257706 0.0330944 0.00473112 0.000434493
 0.554067 0.364097 0.0730053 0.00765957 0.00117082
 0.581841 0.284054 0.112694 0.0191382 0.00227281
 0.519033 0.333931 0.104253 0.0360434 0.00673873
 0.83966 0.103099 0.0414461 0.0112523 0.00454279
 0.657398 0.306904 0.0242435 0.00833477 0.00311944
 0.560998 0.316849 0.110372 0.00803242 0.00374872
 0.618316 0.244891 0.101092 0.0322967 0.00340382
 0.453507 0.385539 0.107081 0.0399503 0.0139221
 0.0169926 0.554559 0.312836 0.0772975 0.0383148
pobs_PELACES
 0 0 0 0 0
 0 0 0 0 0
 0 0 0 0 0
 0 0 0 0 0
 0 0 0 0 0
 0 0 0 0 0
 0 0 0 0 0
 0 0 0 0 0
 0 0 0 0 0
 0 0 0 0 0
 0.450072 0.473896 0.0757376 0.000293798 0
 0 0 0 0 0
 0.463077 0.371075 0.160297 0.00555027 0
 0.529543 0.364841 0.0842815 0.0213345 0
 0.631943 0.363953 0.00410389 0 0
 0.735681 0.248677 0.0153453 0.000297389 0
 0.695825 0.281241 0.0229344 0 0
 0.275771 0.60734 0.115278 0.00161068 0
 0 0 0 0 0
 0.896147 0.0623911 0.0374545 0.00400742 0
 0.803859 0.145111 0.0509908 3.86294e-05 0
 0.739449 0.233085 0.0266225 0.000797448 4.60066e-05
 0.878498 0.100942 0.0204185 0.000141795 0
 0.694673 0.275183 0.0284847 0.00165964 0
 0 0 0 0 0
ppred_PELACES
 0.077139 0.680643 0.215243 0.026974 1.4087e-06
 0.228691 0.0638657 0.523447 0.16352 0.0204762
 0.121431 0.24947 0.0535694 0.426052 0.149478
 0.741149 0.0398781 0.0650156 0.0131618 0.140796
 0.914748 0.0650601 0.00319441 0.00505507 0.0119428
 0.47442 0.490648 0.0268317 0.0012831 0.00681655
 0.872673 0.07041 0.0533666 0.0027305 0.000820226
 0.840465 0.146248 0.00757649 0.00535557 0.000354641
 0.838848 0.144343 0.0155339 0.000729347 0.000545881
 0.871958 0.112333 0.0141862 0.00140777 0.000114876
 0.41517 0.525397 0.0524514 0.00630671 0.000674593
 0.372525 0.296121 0.299145 0.0284363 0.00377166
 0.818933 0.0843178 0.0469443 0.0449789 0.00482556
 0.713533 0.258406 0.0137988 0.00694449 0.00731755
 0.824584 0.149132 0.0240575 0.00110115 0.00112568
 0.788884 0.187303 0.0206494 0.00289806 0.000265465
 0.651945 0.290784 0.0511847 0.00528105 0.00080524
 0.67145 0.231164 0.0820401 0.0137208 0.00162553
 0.613034 0.277992 0.077618 0.0264267 0.00492889
 0.888985 0.0746596 0.0264477 0.0070632 0.00284452
 0.719016 0.253774 0.0185577 0.00629956 0.00235239
 0.634457 0.269652 0.086756 0.00623303 0.00290234
 0.693606 0.202981 0.0766976 0.0241734 0.0025418
 0.540802 0.33352 0.0840274 0.030906 0.010745
 0.0253435 0.578353 0.290643 0.0707007 0.0349601
pobs_pel_tallas
 0 0 0 0 0 0 0 0 0 0 0 0 0 0 0 0 0 0 0 0 0 0 0 0 0 0 0 0 0 0 0 0 0 0 0 0
 0 0 0 0 0 0 0 0 0 0 0 0 0 0 0 0 0 0 0 0 0 0 0 0 0 0 0 0 0 0 0 0 0 0 0 0
 0 0 0 0 0 0 0 0 0 0 0 0 0 0 0 0 0 0 0 0 0 0 0 0 0 0 0 0 0 0 0 0 0 0 0 0
 0 0 0 0 0 0 0 0 0 0 0 0 0 0 0 0 0 0 0 0 0 0 0 0 0 0 0 0 0 0 0 0 0 0 0 0
 0 0 0 0 0 0 0 0 0 0 0 0 0 0 0 0 0 0 0 0 0 0 0 0 0 0 0 0 0 0 0 0 0 0 0 0
 0 0 0 0 0 0 0 0 0 0 0 0 0 0 0 0 0 0 0 0 0 0 0 0 0 0 0 0 0 0 0 0 0 0 0 0
 0 0 0 0 0 0 0 0 0 0 0 0 0 0 0 0 0 0 0 0 0 0 0 0 0 0 0 0 0 0 0 0 0 0 0 0
 0 0 0 0 0 0 0 0 0 0 0 0 0 0 0 0 0 0 0 0 0 0 0 0 0 0 0 0 0 0 0 0 0 0 0 0
 0 0 0 0 0 0 0 0 0 0 0 0 0 0 0 0 0 0 0 0 0 0 0 0 0 0 0 0 0 0 0 0 0 0 0 0
 0 0 0 0 0 0 0 0 0 0 0 0 0 0 0 0 0 0 0 0 0 0 0 0 0 0 0 0 0 0 0 0 0 0 0 0
 0 0 0 0 0 0 0 0 1.78061e-05 0.00172719 0.00360574 0.0105946 0.0120993 0.0124554 0.0147524 0.0171206 0.0266825 0.0428682 0.0675386 0.121331 0.153587 0.119568 0.100827 0.0573624 0.0630603 0.0341343 0.0324427 0.0444173 0.0211091 0.0280891 0.0125444 0.00206551 0 0 0 0
 0 0 0 0 0 0 0 0 0 0 0 0 0 0 0 0 0 0 0 0 0 0 0 0 0 0 0 0 0 0 0 0 0 0 0 0
 0 0 0 0 0 0 0.0133647 0.0140871 0.0187388 0.0205184 0.03894 0.0496705 0.03968 0.0493445 0.0407372 0.0367815 0.0215668 0.0243155 0.0234873 0.0199281 0.019796 0.0243948 0.0301388 0.0376714 0.0412746 0.0863199 0.0771752 0.113111 0.0741005 0.0525337 0.0229764 0.00759418 0.00175318 0 0 0
 0 0 0 0 0 0 0 0 0 0 0.00219441 0.00772107 0.0458388 0.0604681 0.0671733 0.0775358 0.0609151 0.0617685 0.073594 0.0568108 0.0755445 0.0548602 0.0670107 0.0636378 0.0643287 0.046367 0.0373049 0.0286899 0.0247887 0.0153202 0.00654259 0.00121912 0.000365735 0 0 0
 0 0 0 0 0 0 0 0 0 0 0 0 0.000112435 0.00938835 0.0111873 0.0202946 0.0414886 0.0713402 0.111592 0.104902 0.108894 0.110636 0.117776 0.105296 0.107544 0.0401394 0.0192827 0.0124803 0.00416011 0.0028671 0.000618394 0 0 0 0 0
 0 0 0 0 0 0 0 0 0 0 0.00291406 0.0102884 0.027416 0.0768956 0.0749926 0.110853 0.0956884 0.0897413 0.0766577 0.0534642 0.0500743 0.0551293 0.0594112 0.0620874 0.0668451 0.0424026 0.0208742 0.0120726 0.0048766 0.00582813 0.00118941 0.000297354 0 0 0 0
 0 0.00264628 0.0354308 0.0461629 0.0458689 0.0383711 0.0214643 0.0164657 0.0346957 0.0420465 0.0363128 0.0245516 0.0311673 0.0291091 0.0169068 0.0133784 0.00837989 0.0085269 0.0148486 0.0160247 0.0276389 0.0546898 0.0760071 0.122758 0.109233 0.0665981 0.0333725 0.0166128 0.00676272 0.00308733 0.000882094 0 0 0 0 0
 0 0 0 0 0 0 0 0.000805153 0.000690131 0.00759144 0.0133425 0.0154129 0.00931677 0.000345066 0.00356568 0.00563607 0.00851162 0.0253048 0.0502646 0.0516448 0.0657925 0.0565908 0.0611916 0.0827007 0.0866115 0.110766 0.145733 0.0935128 0.0569358 0.0249597 0.0138026 0.00621118 0.00161031 0.00115022 0 0
 0 0 0 0 0 0 0 0 0 0 0 0 0 0 0 0 0 0 0 0 0 0 0 0 0 0 0 0 0 0 0 0 0 0 0 0
 0.00147267 0.00158595 0.00478618 0.00569244 0.00954404 0.0108468 0.00647125 0.017049 0.0510054 0.094081 0.124002 0.0959785 0.0687766 0.0820023 0.061753 0.0591476 0.0492212 0.0479892 0.0443925 0.0268479 0.0217502 0.0140895 0.0121071 0.0120363 0.00920419 0.00665534 0.0049561 0.00860946 0.00930331 0.0156896 0.0114698 0.00855282 0.00243557 0.00046729 0 2.83206e-05
 0 0 0 0 0.000772559 0.00158375 0.000888443 0.00281984 0.00712685 0.0440552 0.0773331 0.111326 0.0921469 0.0852325 0.0710754 0.0886704 0.0786465 0.0553345 0.0373146 0.0185414 0.00753245 0.00457741 0.012979 0.0271748 0.0457355 0.0583668 0.034881 0.0177882 0.00938659 0.00492506 0.0015258 0.00185414 0.000309023 5.79419e-05 3.86279e-05 0
 0 0.00173294 0.00326652 0 0.00397197 0.00683976 0.00946217 0.0152591 0.00757587 0.0136028 0.0228656 0.0392903 0.0559909 0.0764795 0.0681675 0.0726916 0.0566044 0.0477403 0.0527397 0.0444891 0.0609904 0.0582453 0.0661739 0.0445044 0.0529084 0.0360697 0.0280645 0.0235558 0.0158879 0.00826598 0.00280645 0.00217768 0.000904811 0.00058276 9.20147e-05 0
 0 0 0 0 0 0 0 0 0 0 0 0 0 0 0 0 0 0 0 0 0 0 0 0 0 0 0 0 0 0 0 0 0 0 0 0
 0 0 0 0 0 0 0 0 0 0 0 0 0 0 0 0 0 0 0 0 0 0 0 0 0 0 0 0 0 0 0 0 0 0 0 0
 0 0 0 0 0 0 0 0 0 0 0 0 0 0 0 0 0 0 0 0 0 0 0 0 0 0 0 0 0 0 0 0 0 0 0 0
ppred_pel_tallas
 1.04204e-16 3.40437e-06 1.98842e-05 9.43176e-05 0.000362788 0.00113102 0.00285761 0.00585244 0.00972153 0.0131177 0.0144379 0.0131238 0.0102425 0.00768984 0.00693516 0.00851939 0.0123848 0.0183256 0.0261174 0.0354008 0.0455506 0.0556561 0.0646328 0.0714253 0.0752378 0.0757103 0.0729879 0.067653 0.0605579 0.0526135 0.0446065 0.0370919 0.0303741 0.0245518 0.0195951 0.0154175
 1.14027e-16 9.98831e-06 5.8593e-05 0.000278466 0.00107201 0.00334286 0.0084438 0.0172777 0.0286421 0.0384732 0.0418866 0.0369955 0.02659 0.015741 0.00807326 0.00433846 0.00354095 0.00451807 0.00662491 0.00966584 0.0136365 0.0185472 0.0243413 0.030862 0.0378428 0.0449131 0.0516215 0.0574743 0.0619898 0.0647613 0.065518 0.0641711 0.0608343 0.0558098 0.0495439 0.0425597
 1.22466e-16 5.31696e-06 3.11556e-05 0.000147998 0.000569632 0.00177617 0.00448669 0.00918234 0.0152285 0.020475 0.022343 0.0198562 0.0145375 0.00914047 0.00567172 0.00462716 0.00557502 0.00797041 0.011489 0.0159644 0.0212404 0.0270928 0.0332302 0.0393396 0.0451441 0.0504425 0.055117 0.0591042 0.0623472 0.0647513 0.0661668 0.0664091 0.0653084 0.0627693 0.0588214 0.0536376
 1.07968e-16 3.23316e-05 0.000189773 0.000902125 0.00347328 0.0108311 0.0273584 0.055978 0.0927861 0.124598 0.135559 0.119504 0.0853958 0.0495376 0.0234838 0.00940233 0.00372176 0.00226632 0.00250996 0.00341053 0.00464732 0.00613131 0.00781784 0.00965917 0.0115989 0.0135737 0.0155136 0.0173407 0.0189668 0.0202962 0.021232 0.0216891 0.0216091 0.0209738 0.0198118 0.0181984
 1.00799e-16 3.99025e-05 0.000234218 0.00111342 0.00428679 0.013368 0.0337664 0.0690894 0.114519 0.153782 0.167309 0.147492 0.105391 0.0611268 0.028954 0.0115394 0.00445784 0.00252777 0.00259018 0.00330312 0.00420337 0.00510933 0.00590231 0.00648381 0.00678494 0.00678068 0.00649501 0.00599269 0.00536116 0.00468869 0.00404589 0.00347569 0.0029928 0.00259045 0.00225037 0.00195228
 1.00904e-16 2.07195e-05 0.000121558 0.000577728 0.00222411 0.00693553 0.017519 0.0358493 0.0594354 0.0798543 0.0869873 0.0769431 0.055545 0.0333574 0.0179454 0.0108921 0.0100972 0.013005 0.0179754 0.0241132 0.0307503 0.0371638 0.042558 0.0461899 0.0475353 0.0464157 0.0430427 0.0379581 0.0318956 0.0256101 0.0197286 0.0146632 0.0105938 0.00750926 0.00527634 0.00371058
 1.00913e-16 3.80682e-05 0.000223449 0.00106221 0.00408964 0.0127532 0.0322135 0.0659121 0.109253 0.146711 0.15962 0.140722 0.100571 0.0583661 0.0277139 0.011166 0.0045107 0.00281522 0.00307527 0.00401693 0.00519913 0.00644228 0.00761862 0.00861189 0.00932771 0.00970989 0.00974854 0.00947592 0.008953 0.00825201 0.00744126 0.00657642 0.00569882 0.00483827 0.00401763 0.00325593
 1.00356e-16 3.66668e-05 0.000215214 0.00102305 0.00393884 0.0122829 0.0310256 0.0634822 0.105227 0.141312 0.153763 0.135599 0.0969997 0.0564742 0.0271535 0.0115246 0.00555798 0.00451673 0.00549673 0.00722562 0.00919482 0.0111164 0.0127402 0.0138433 0.014269 0.0139637 0.0129892 0.0115053 0.00972841 0.0078811 0.00614787 0.00464951 0.00343849 0.00251116 0.00182862 0.00133753
 1.00319e-16 3.65962e-05 0.0002148 0.00102108 0.00393125 0.0122593 0.0309659 0.06336 0.105025 0.14104 0.153467 0.135338 0.0968112 0.0563623 0.0270957 0.0114937 0.00553442 0.0044907 0.0054651 0.00718952 0.00915875 0.0110879 0.0127294 0.0138615 0.0143265 0.0140674 0.0131405 0.0116989 0.00995242 0.00811865 0.00637994 0.00485807 0.00360931 0.00263579 0.00190495 0.00136923
 1.00292e-16 3.80387e-05 0.000223271 0.00106136 0.00408636 0.012743 0.0321876 0.0658595 0.109167 0.146599 0.159506 0.140643 0.100559 0.0584505 0.0279237 0.0115427 0.00511099 0.00370389 0.00430983 0.00562716 0.0071661 0.00868247 0.00997955 0.0108838 0.0112717 0.0110973 0.0104027 0.00930472 0.00796446 0.00654936 0.00520007 0.00401095 0.00302636 0.00224928 0.00165634 0.00121273
 1.01164e-16 1.81374e-05 0.000106395 0.000505636 0.00194652 0.00606988 0.0153325 0.0313758 0.0520217 0.0699025 0.0761702 0.0674309 0.0488 0.0295506 0.0163406 0.0106004 0.0105361 0.0139434 0.0193923 0.0260633 0.0332873 0.0403033 0.0462612 0.0503616 0.0520335 0.0510707 0.0476809 0.0424229 0.0360625 0.0293924 0.0230762 0.0175559 0.0130342 0.00951627 0.00688103 0.00495319
 1.05497e-16 1.62692e-05 9.54469e-05 0.000453629 0.00174636 0.00544572 0.0137557 0.0281479 0.0466655 0.0626925 0.0682799 0.0603662 0.0435147 0.0260087 0.0137757 0.00805054 0.00718908 0.00921518 0.0129092 0.0176808 0.0231584 0.0289473 0.034579 0.0395641 0.0434782 0.0460365 0.0471315 0.0468228 0.0452899 0.0427712 0.0395105 0.0357277 0.0316139 0.02734 0.0230678 0.0189523
 1.02465e-16 3.57254e-05 0.000209693 0.000996816 0.00383784 0.011968 0.0302301 0.061854 0.102527 0.137681 0.1498 0.132076 0.0944179 0.0548474 0.0261416 0.0107055 0.00459795 0.00319978 0.00369798 0.00489695 0.00637477 0.00794728 0.00947391 0.0108239 0.0118904 0.0126087 0.0129638 0.012984 0.0127246 0.0122471 0.0116042 0.0108327 0.00995612 0.00899225 0.00796162 0.00689241
 1.00861e-16 3.11365e-05 0.000182736 0.000868624 0.00334422 0.0104286 0.0263419 0.0538998 0.0893475 0.119999 0.130604 0.115253 0.0826114 0.0484334 0.0239169 0.0112327 0.00701771 0.00729011 0.00958528 0.0127661 0.0162772 0.0196914 0.0225825 0.0245595 0.0253464 0.0248479 0.0231726 0.020601 0.017513 0.0142986 0.0112803 0.00866807 0.00655152 0.00492221 0.00371052 0.00282268
 1.00481e-16 3.59745e-05 0.000211149 0.00100372 0.00386442 0.0120509 0.0304395 0.0622829 0.103239 0.138644 0.150861 0.133044 0.0951812 0.0554343 0.026689 0.0113896 0.00558698 0.00463806 0.0056967 0.00751543 0.00959294 0.0116408 0.0134044 0.0146536 0.0152226 0.0150474 0.0141797 0.0127699 0.0110276 0.00917114 0.00738511 0.00579434 0.00445913 0.00338652 0.00254961 0.00190671
 1.00467e-16 3.44193e-05 0.000202016 0.000960295 0.00369719 0.0115294 0.0291223 0.059588 0.0987738 0.132651 0.14435 0.127328 0.0911458 0.053194 0.025816 0.0113695 0.00609467 0.00556164 0.00704641 0.00933511 0.0119055 0.0144197 0.0165625 0.0180469 0.0186684 0.0183522 0.0171704 0.0153203 0.0130725 0.0107079 0.00846174 0.00649099 0.00486833 0.00359672 0.00263477 0.00192203
 1.01041e-16 2.84524e-05 0.000166975 0.000793685 0.00305567 0.00952876 0.0240691 0.0492496 0.0816409 0.109654 0.119359 0.105362 0.0755946 0.0444661 0.0222311 0.0109003 0.00742893 0.00820052 0.0109701 0.0146822 0.0187849 0.0228168 0.0263002 0.0287886 0.0299571 0.0296781 0.0280479 0.0253549 0.0220024 0.018412 0.0149405 0.01183 0.00919912 0.00706447 0.00537788 0.0040631
 1.01788e-16 2.93005e-05 0.00017196 0.000817395 0.00314698 0.00981353 0.0247883 0.0507207 0.0840777 0.112921 0.1229 0.108452 0.0777331 0.0455667 0.0224908 0.0105506 0.00658641 0.00686124 0.009072 0.0121714 0.015664 0.0191761 0.0223281 0.0247593 0.0261958 0.026509 0.025739 0.0240724 0.0217866 0.01918 0.0165112 0.0139642 0.0116424 0.00958366 0.00778611 0.00623083
 1.02331e-16 2.67552e-05 0.000157012 0.000746323 0.00287332 0.00896011 0.0226327 0.0463106 0.0767692 0.103112 0.11224 0.0990835 0.071102 0.0418486 0.0209701 0.010364 0.00717532 0.00801338 0.0107776 0.0144857 0.0186263 0.0227694 0.0264644 0.0292829 0.0309036 0.0311826 0.0301805 0.0281334 0.0253843 0.0222961 0.0191781 0.0162436 0.0136036 0.0112879 0.00927805 0.00753773
 1.00776e-16 3.87796e-05 0.000227625 0.00108207 0.00416609 0.0129916 0.0328156 0.0671441 0.111295 0.149454 0.162603 0.143352 0.10245 0.059456 0.0282292 0.011368 0.00457973 0.00283564 0.00306993 0.00397792 0.00510255 0.00625376 0.00729707 0.00811477 0.00861833 0.00876562 0.00856808 0.00808355 0.0073984 0.00660518 0.00578351 0.00498931 0.00425334 0.00358655 0.00298851 0.00245479
 1.00673e-16 3.13754e-05 0.000184139 0.000875295 0.0033699 0.0105087 0.0265442 0.0543137 0.0900335 0.12092 0.131605 0.116132 0.083234 0.0487828 0.0240604 0.0112517 0.00696529 0.0071871 0.00943396 0.0125632 0.0160212 0.0193862 0.0222385 0.0241922 0.024974 0.0244878 0.0228376 0.0202966 0.0172369 0.014042 0.0110309 0.00841377 0.00628349 0.00463697 0.00341047 0.00251518
 1.0167e-16 2.7689e-05 0.000162495 0.000772392 0.00297369 0.00927313 0.0234233 0.0479282 0.0794502 0.106711 0.116153 0.102528 0.0735506 0.0432434 0.021583 0.0105248 0.00710529 0.00780879 0.0104595 0.0140458 0.0180523 0.0220548 0.0256118 0.0283033 0.0298136 0.0299998 0.0289191 0.0268023 0.0239873 0.0208354 0.0176588 0.0146781 0.0120144 0.00970725 0.00774488 0.00609284
 1.02105e-16 3.02655e-05 0.000177627 0.000844346 0.00325076 0.0101372 0.0256057 0.0523931 0.0868487 0.11664 0.126938 0.111996 0.0802287 0.0469404 0.0230031 0.0105136 0.00619274 0.00617017 0.00806716 0.010818 0.0139456 0.0171143 0.0199916 0.0222613 0.0236808 0.0241322 0.0236422 0.022363 0.0205249 0.018376 0.0161311 0.0139428 0.0118973 0.010029 0.00834215 0.00683039
 1.02866e-16 2.36078e-05 0.000138529 0.000658441 0.00253493 0.00790484 0.0199672 0.0408573 0.067732 0.0909816 0.0990573 0.0874975 0.0628996 0.0372456 0.0190803 0.010118 0.00788053 0.00940567 0.0128446 0.0172973 0.0222354 0.027163 0.0315437 0.0348662 0.0367489 0.0370246 0.0357723 0.0332819 0.0299704 0.0262765 0.0225718 0.0191092 0.0160162 0.013321 0.010993 0.00898118
 1.08377e-16 1.14176e-06 6.6099e-06 3.12308e-05 0.000119923 0.000373678 0.000944515 0.00193737 0.00322961 0.00439238 0.00492515 0.00469029 0.00411296 0.00392733 0.00476676 0.00699066 0.0107679 0.0161819 0.0232172 0.0316679 0.041062 0.0506651 0.0595758 0.0668917 0.0718976 0.0742113 0.0738443 0.071154 0.0667162 0.0611663 0.0550639 0.0488183 0.0426814 0.0367857 0.0312013 0.0259806
pSPR Fmed_Fpbrs
0.507448   0.410792 0.410792
Fs Fmed_Fpbrs
0.659813   1.005 1.005
SSBpbr Bo_Bmed_Bpbrs
937927  429053  338396 338396
Ro
19148.9
SPR SPRFo_SPRFmed_SPRFpbrs
394650 200264 162119
log_Ro
9.68
likeval ReclasPelacesDesembMPH_pf_preclas_ppelaces_ptallas_desvR_qrecl_qpela
 97.1806 88.5213 0.100652 0.000180187 335.322 198.165 71.5083 0 58.1602 2.18481e-06 0 0 0 0 0
q_reclas_q_pelaces
0.811026 1
M
0.7
N
 6135.52 58497.6 19218 2415.4 0.126163
 9538.91 2996.43 26023.1 8165.38 1022.72
 1384.34 4618.46 1259.08 10197.8 3581.36
 8805.07 619.321 1152.07 235.584 2521.48
 53867.5 4127.46 210.223 333.605 788.273
 15394.2 26324.5 1843.95 89.8594 477.869
 55750.9 6860.35 6400.63 332.721 100.033
 70412.1 25280.8 1870.8 1358.88 90.1156
 88550 29918.1 4488.21 216.139 161.991
 208498 38028.7 5699.08 572.984 46.7891
 52264.3 96072 11526 1405.45 150.447
 22267.9 23949.8 28077.4 2699.47 358.265
 55363.4 10361.2 7741.6 7585.84 814.832
 22555 24174.6 2202.29 1154.44 1219.13
 14897.5 8867.75 2571.49 123.087 126.132
 14480.6 5724.69 811.186 116.048 10.6411
 9724.97 6443.5 1378.16 144.323 22.0236
 9547.1 4434.95 1824.09 308.522 36.5735
 7255.04 4444.89 1439.19 495.571 92.4862
 27594.9 3376.82 1439.77 389.984 157.175
 31610.6 12636.7 982.519 335.088 125.161
 31376.3 15282.1 5257.91 379.696 176.85
 43090.8 15130.7 6253.72 1984.57 208.752
 26549.7 20575.3 5800.72 2151.94 748.505
 399.051 12551.7 7386.97 1818.71 899.899
pred_Ctot
 73.0278 4410.17 2013.69 258.389 0.0135112
 171.756 334.716 4000.39 1280.55 160.56
 99.2515 1718.84 596.038 4896.63 1720.94
 356.004 144.053 356.187 74.114 793.982
 616.578 299.71 21.2319 34.4005 81.3748
 1142.82 10061.3 893.449 44.152 234.973
 3500.24 2301.61 2764.44 145.884 43.8951
 7375.93 12372.5 1117.98 821.334 54.5005
 8680.54 13994.9 2583.74 125.915 94.429
 10858.2 10961.6 2146.74 219.346 17.9269
 2915.48 29302.7 4570.03 566.111 60.6502
 1012.76 6161.98 9530.81 931.896 123.789
 4841.06 4470.86 4164.13 4132.84 444.229
 3424.08 14854.6 1574.61 832.19 879.202
 2459.15 5698.55 1900.67 91.6582 93.9629
 1089.24 2209.95 396.478 57.5124 5.27751
 573.884 2057.12 569.381 60.5541 9.24809
 430.36 1132.45 614.879 105.77 12.5497
 328.412 1139.04 486.729 170.451 31.8391
 1551.77 1036.74 574.256 158.011 63.7363
 602.281 1488.39 158.988 55.31 20.681
 653.31 1955.3 921.634 67.8751 31.647
 1194.49 2517.92 1410.35 456.069 48.0208
 918.636 4176.17 1578.77 596.352 207.627
 19.2266 3390.6 2622.34 656.413 325.079
F
 0.0166727 0.110001 0.155945 0.159451 0.159639
 0.0253183 0.167043 0.236811 0.242134 0.242421
 0.104355 0.688502 0.976067 0.998006 0.999188
 0.0576645 0.380453 0.539356 0.551479 0.552132
 0.016029 0.105755 0.149925 0.153295 0.153476
 0.108235 0.714103 1.01236 1.03511 1.03634
 0.0908484 0.599391 0.849737 0.868837 0.869866
 0.155901 1.02859 1.4582 1.49098 1.49274
 0.145226 0.958159 1.35835 1.38888 1.39053
 0.074834 0.493733 0.699949 0.715681 0.716529
 0.0803513 0.530134 0.751554 0.768446 0.769356
 0.0650761 0.429353 0.60868 0.622361 0.623098
 0.128616 0.848572 1.20299 1.23003 1.23149
 0.233538 1.54082 2.18437 2.23346 2.23611
 0.256404 1.69168 2.39824 2.45214 2.45505
 0.109741 0.724036 1.02644 1.04951 1.05076
 0.0851798 0.561991 0.796716 0.814624 0.815588
 0.0644824 0.425436 0.603127 0.616683 0.617413
 0.0647608 0.427273 0.605731 0.619346 0.620079
 0.0810238 0.534571 0.757844 0.774878 0.775795
 0.0268086 0.176875 0.25075 0.256386 0.25669
 0.0293296 0.193508 0.27433 0.280496 0.280829
 0.0392168 0.258741 0.366809 0.375053 0.375498
 0.0491648 0.324375 0.459856 0.470192 0.470748
 0.0690593 0.455633 0.645936 0.660455 0.661237
nmprior
 10 11 7 0
nm_flota  nm_reclas  nm_pelaces    nm_pelaL
inf 24.8068 20.5296 37.5714
cv_recla  cv_pelaces  cv_mph
0.891692 1.1071 0.435511
 ------------------------------------------------
Talla a la edad & desviación 
 7.2 14.2025 17.0495 18.207 18.6776
 1.08 2.13037 2.55742 2.73105 2.80164
