years
 1997 1998 1999 2000 2001 2002 2003 2004 2005 2006 2007 2008 2009 2010 2011 2012 2013 2014 2015 2016 2017 2018 2019 2020 2021
reclasobs
 0 0 0 370054 412103 1.49427e+06 250295 1.28982e+06 931140 785840 897777 1.04006e+06 184774 17550 25797 100020 73551 82996 120727 218422 84188 347160 605670 569463 516374
reclaspred
 445204 101384 206239 155258 287172 325492 726536 530661 697081 809550 672000 451063 281995 125261 82128 80576.8 96490.2 123500 120919 188321 291748 261222 417191 457433 399115
pelacesobs
 0 0 0 0 0 0 0 0 0 2.06254e+06 1.5e+06 0 1.87456e+06 323000 250000 174000 83755 137374 0 501740 490994 745055 786931 1.00524e+06 0
pelacespred
 708082 159706 183580 221654 364508 335220 920882 759091 936181 1.08177e+06 814840 568882 356419 128699 83226.5 88190.9 110726 144672 145198 219470 381783 334684 422804 546059 495266
mphobs
 0 0 0 0 0 112323 0 153150 637223 0 255016 313432 73983 77613 109348 50772 0 0 0 0 0 0 0 0 0
mphpred
 176339 84463.6 78804.7 64866.7 87786.1 165063 228730 278006 263718 325422 388507 281466 170977 91005.4 40738.4 33297.2 39398.1 51596.5 60001 65233.8 109820 136253 163424 208383 254505
desembarqueobs
 350755 77701 442110 56441 14545 235359 269955 359681 431902 328805 639364 411747 362871 311530 167758 66681 60226 58785 57116 71774 51957 67425 138520 160799 200461
desembarquepred
 350741 77682.5 441858 56436.5 14544.9 235369 269966 359551 431787 328720 639164 411738 362831 311575 167641 66671.4 60234.4 58774.6 57101.2 71755.9 51952.9 67409 138498 160785 200456
Reclutas
 29135.2 42700.5 15882.4 37973 70036.2 41030.8 77621.8 87874 130342 169893 66483.6 36707.7 45332 22528.8 16069.1 18143.7 13593.8 14189.4 14646.8 33844.6 41109.1 47361.3 66542.3 67234.9 8409.05
log_desv_Rt
 -0.240297 0.141966 -0.847031 0.0246308 0.636767 0.102079 0.739603 0.86366 1.25792 1.52292 0.584711 -0.00925903 0.201768 -0.49745 -0.835348 -0.713922 -1.00263 -0.959749 -0.928024 -0.0904652 0.103984 0.24556 0.585593 0.595947 -1.48294
SSB
 609466 291924 272366 224193 303408 570495 790541 960848 911466 1.12473e+06 1.34277e+06 972808 590934 314534 140801 115082 136168 178329 207377 225462 379561 470920 564830 720216 879623
BT
 1.52444e+06 424450 565918 456924 664424 784386 1.83572e+06 1.7611e+06 2.06985e+06 2.24802e+06 2.0235e+06 1.39257e+06 994765 529105 290159 212841 247317 306295 309497 451653 725474 662927 853343 1.11297e+06 1.05732e+06
Ftot
 0.483239 0.582104 1.15614 0.302944 0.0442086 0.38026 0.262972 0.495271 0.502295 0.313907 0.506174 0.459724 0.759806 1.33939 1.38798 0.573817 0.420432 0.303182 0.273746 0.294313 0.122215 0.151966 0.192335 0.212361 0.22204
BD_Bspro_t
 0.935726 0.676926 0.561252 0.343493 0.544471 0.740829 0.678164 0.690728 0.647199 0.650039 0.662029 0.511727 0.39464 0.290443 0.173798 0.177608 0.26724 0.404826 0.499753 0.578746 0.718272 0.80326 0.80321 0.790786 0.760781
BD_Bspro
 0.798184 0.382318 0.356704 0.293614 0.397357 0.747146 1.03533 1.25837 1.1937 1.473 1.75855 1.27403 0.773914 0.411929 0.184399 0.150717 0.178332 0.233547 0.27159 0.295276 0.497091 0.616739 0.739727 0.943229 1.152
BD_Bo
 0.62093 0.297416 0.27749 0.228411 0.309115 0.581226 0.805412 0.978922 0.928612 1.14589 1.36802 0.991107 0.60205 0.320451 0.143449 0.117247 0.13873 0.181683 0.211277 0.229703 0.386701 0.479779 0.575455 0.733764 0.89617
BD_Brms
 2.10792 1.00966 0.942017 0.775404 1.04938 1.97314 2.7342 3.32323 3.15243 3.89004 4.64414 3.36459 2.04383 1.08786 0.486979 0.398028 0.470957 0.616774 0.717241 0.779792 1.31276 1.62874 1.95354 2.49097 3.0423
S_f
 0.160666 1 1 1 1
 0.160666 1 1 1 1
 0.160666 1 1 1 1
 0.160666 1 1 1 1
 0.160666 1 1 1 1
 0.160666 1 1 1 1
 0.160666 1 1 1 1
 0.160666 1 1 1 1
 0.160666 1 1 1 1
 0.160666 1 1 1 1
 0.160666 1 1 1 1
 0.160666 1 1 1 1
 0.160666 1 1 1 1
 0.160666 1 1 1 1
 0.160666 1 1 1 1
 0.160666 1 1 1 1
 0.160666 1 1 1 1
 0.160666 1 1 1 1
 0.160666 1 1 1 1
 0.160666 1 1 1 1
 0.160666 1 1 1 1
 0.160666 1 1 1 1
 0.160666 1 1 1 1
 0.160666 1 1 1 1
 0.160666 1 1 1 1
Scru_reclas
 1 1 1 1 1
 1 1 1 1 1
 1 1 1 1 1
 1 1 1 1 1
 1 1 1 1 1
 1 1 1 1 1
 1 1 1 1 1
 1 1 1 1 1
 1 1 1 1 1
 1 1 1 1 1
 1 1 1 1 1
 1 1 1 1 1
 1 1 1 1 1
 1 1 1 1 1
 1 1 1 1 1
 1 1 1 1 1
 1 1 1 1 1
 1 1 1 1 1
 1 1 1 1 1
 1 1 1 1 1
 1 1 1 1 1
 1 1 1 1 1
 1 1 1 1 1
 1 1 1 1 1
 1 1 1 1 1
Scru_pelaces
 1 1 1 1 1
 1 1 1 1 1
 1 1 1 1 1
 1 1 1 1 1
 1 1 1 1 1
 1 1 1 1 1
 1 1 1 1 1
 1 1 1 1 1
 1 1 1 1 1
 1 1 1 1 1
 1 1 1 1 1
 1 1 1 1 1
 1 1 1 1 1
 1 1 1 1 1
 1 1 1 1 1
 1 1 1 1 1
 1 1 1 1 1
 1 1 1 1 1
 1 1 1 1 1
 1 1 1 1 1
 1 1 1 1 1
 1 1 1 1 1
 1 1 1 1 1
 1 1 1 1 1
 1 1 1 1 1
pf_obs 
 0.256992 0.487395 0.22802 0.0275931 0
 0.321318 0.546541 0.124235 0.00734118 0.000564706
 0.182869 0.594174 0.210203 0.0122559 0.00049798
 0.330522 0.361315 0.267642 0.0388342 0.00168674
 0.649043 0.306663 0.0425973 0.00169635 0
 0.582887 0.30429 0.105238 0.00758474 0
 0.465427 0.430635 0.0974691 0.00646863 0
 0.296916 0.608066 0.0921331 0.00288517 0
 0.311714 0.524322 0.152257 0.0117073 0
 0.15457 0.633149 0.183074 0.0267441 0.00246327
 0.131901 0.49318 0.331252 0.0422183 0.00144891
 0.196976 0.569456 0.194076 0.0375587 0.00193317
 0.518974 0.381816 0.0799577 0.0180837 0.00116848
 0.0928022 0.601141 0.25162 0.0475244 0.00691264
 0.122501 0.610282 0.24278 0.0234846 0.000952079
 0.383417 0.481906 0.127806 0.00687128 0
 0.0376549 0.599619 0.316969 0.0457579 0
 0.0361596 0.667082 0.258105 0.0386534 0
 0.158088 0.579412 0.248529 0.0139706 0
 0.0477256 0.309471 0.559284 0.082774 0.000745712
 0.0406174 0.521527 0.379366 0.0568643 0.0016247
 0.151134 0.462217 0.34131 0.0453401 0
 0.294876 0.26143 0.354403 0.0886775 0.000613685
 0.281977 0.475581 0.204845 0.0348837 0.00271318
 0 0 0 0 0
pf_pred 
 0.20263 0.5492 0.220506 0.0276557 8.88681e-06
 0.295061 0.470075 0.161766 0.0649495 0.00814855
 0.130187 0.675089 0.129848 0.0446841 0.0201917
 0.394552 0.379915 0.175043 0.0336681 0.0168216
 0.344224 0.540548 0.0723053 0.0333142 0.00960916
 0.143961 0.658598 0.162747 0.0217696 0.0129233
 0.284966 0.398342 0.243649 0.0602086 0.0128347
 0.251231 0.552406 0.109393 0.066911 0.0200592
 0.310599 0.500976 0.139011 0.0275282 0.0218857
 0.28572 0.55842 0.11326 0.0314275 0.0111715
 0.105734 0.664679 0.17949 0.0364047 0.0136924
 0.0995581 0.436802 0.344609 0.0930583 0.0259733
 0.205054 0.367681 0.207265 0.163519 0.0564812
 0.163574 0.586246 0.115714 0.0652289 0.0692368
 0.240043 0.538985 0.154878 0.0305699 0.0355239
 0.309049 0.554127 0.0970398 0.0278844 0.0118996
 0.195336 0.63306 0.137622 0.0241007 0.00988073
 0.207383 0.514745 0.218613 0.0475247 0.0117347
 0.201782 0.521413 0.179764 0.0763459 0.0206951
 0.357983 0.41222 0.150108 0.0517518 0.0279369
 0.256311 0.594858 0.09556 0.0347978 0.0184733
 0.218169 0.542943 0.19108 0.0306957 0.0171117
 0.245443 0.491335 0.182795 0.0643316 0.0160955
 0.200654 0.550994 0.161716 0.0601644 0.0264714
 0.0279451 0.615834 0.245545 0.0720671 0.0386084
pobs_RECLAS
 0 0 0 0 0
 0 0 0 0 0
 0 0 0 0 0
 0 0 0 0 0
 0.835266 0.146461 0.0176864 0.000547809 3.91292e-05
 0.385257 0.428462 0.181853 0.0044286 0
 0.867414 0.0963971 0.0333333 0.00285562 0
 0.441836 0.489002 0.0689373 0.000224442 0
 0.779404 0.147425 0.0564933 0.0165055 0.000172143
 0.814271 0.122319 0.05973 0.00367925 0
 0.40263 0.566651 0.0304383 0.000280538 0
 0.475488 0.404961 0.113038 0.00651328 0
 0.955842 0.0263864 0.0167828 0.000988607 0
 0.975058 0.0227948 0.00214734 0 0
 0.738997 0.206755 0.0527124 0.00153531 0
 0.850938 0.134255 0.0134407 0.00136685 0
 0.542534 0.407297 0.0501686 0 0
 0.764087 0.199537 0.0359546 0.000420521 0
 0.470689 0.182191 0.310203 0.0369168 0
 0.84361 0.089868 0.0606195 0.00523954 0.000663233
 0.607945 0.314616 0.071237 0.00620181 0
 0.523733 0.453247 0.0230204 0 0
 0.530135 0.295979 0.169645 0.0042399 0
 0.562478 0.366248 0.0663022 0.0049721 0
 0.250443 0.683176 0.0655157 0.000865301 0
ppred_RECLAS
 0.620363 0.261481 0.104985 0.0131672 4.23111e-06
 0.730857 0.179473 0.0617615 0.0247974 0.00311108
 0.509071 0.381026 0.073287 0.02522 0.0113963
 0.805108 0.122294 0.056346 0.0108377 0.00541482
 0.766047 0.192844 0.0257954 0.0118851 0.00342814
 0.517442 0.371259 0.0917424 0.0122717 0.007285
 0.715848 0.158299 0.0968253 0.0239267 0.00510045
 0.683523 0.233482 0.0462362 0.0282808 0.00847826
 0.743714 0.186239 0.0516776 0.0102337 0.00813606
 0.717336 0.220985 0.0448209 0.0124369 0.00442092
 0.432403 0.421877 0.113924 0.0231063 0.00869065
 0.415052 0.283757 0.223866 0.0604528 0.0168728
 0.630111 0.171082 0.0964405 0.0760854 0.0262807
 0.581652 0.293218 0.0578757 0.032625 0.0346296
 0.693431 0.217428 0.062478 0.012332 0.0143304
 0.743562 0.205658 0.0360152 0.010349 0.00441641
 0.608275 0.308185 0.066997 0.0117327 0.00481011
 0.623867 0.24427 0.103742 0.0225527 0.00556866
 0.615261 0.25132 0.0866458 0.0367986 0.00997501
 0.77937 0.14166 0.051585 0.0177846 0.00960057
 0.683461 0.253191 0.0406735 0.0148111 0.00786284
 0.636534 0.252409 0.0888311 0.0142701 0.00795506
 0.671761 0.213735 0.0795174 0.0279848 0.00700169
 0.612613 0.267029 0.0783725 0.0291575 0.0128289
 0.153421 0.53634 0.213849 0.0627645 0.0336247
pobs_PELACES
 0 0 0 0 0
 0 0 0 0 0
 0 0 0 0 0
 0 0 0 0 0
 0 0 0 0 0
 0 0 0 0 0
 0 0 0 0 0
 0 0 0 0 0
 0 0 0 0 0
 0 0 0 0 0
 0.450072 0.473896 0.0757376 0.000293798 0
 0 0 0 0 0
 0.463077 0.371075 0.160297 0.00555027 0
 0.529543 0.364841 0.0842815 0.0213345 0
 0.631943 0.363953 0.00410389 0 0
 0.735681 0.248677 0.0153453 0.000297389 0
 0.695825 0.281241 0.0229344 0 0
 0.275771 0.60734 0.115278 0.00161068 0
 0 0 0 0 0
 0.896147 0.0623911 0.0374545 0.00400742 0
 0.803859 0.145111 0.0509908 3.86294e-05 0
 0.739449 0.233085 0.0266225 0.000797448 4.60066e-05
 0.878498 0.100942 0.0204185 0.000141795 0
 0.694673 0.275183 0.0284847 0.00165964 0
 0 0 0 0 0
ppred_PELACES
 0.65134 0.240144 0.0964187 0.0120928 3.88586e-06
 0.76137 0.159126 0.0547595 0.0219861 0.00275837
 0.588197 0.319614 0.0614749 0.0211552 0.00955951
 0.817938 0.114243 0.0526366 0.0101242 0.00505835
 0.768235 0.191041 0.0255542 0.0117739 0.00339608
 0.543669 0.351081 0.0867563 0.0116048 0.00688907
 0.730428 0.150177 0.091857 0.022699 0.00483874
 0.712425 0.212159 0.0420138 0.0256981 0.007704
 0.769322 0.16763 0.046514 0.00921113 0.0073231
 0.734628 0.207467 0.0420789 0.0116761 0.00415047
 0.467084 0.396099 0.106963 0.0216945 0.00815963
 0.446262 0.268617 0.211921 0.0572274 0.0159726
 0.677683 0.149079 0.0840371 0.0662999 0.0229007
 0.668308 0.232481 0.0458874 0.0258671 0.0274565
 0.768641 0.164087 0.0471505 0.00930661 0.0108148
 0.772679 0.182306 0.0319259 0.00917391 0.00391495
 0.635647 0.286651 0.0623156 0.0109128 0.00447401
 0.643358 0.231612 0.0983658 0.021384 0.00528009
 0.633045 0.239703 0.0826407 0.0350976 0.00951392
 0.793067 0.132865 0.0483823 0.0166804 0.00900452
 0.690739 0.24737 0.0397384 0.0144706 0.00768206
 0.646216 0.245686 0.086465 0.0138901 0.00774317
 0.683398 0.206157 0.0766982 0.0269926 0.00675345
 0.626476 0.257473 0.0755679 0.0281141 0.0123698
 0.161581 0.531171 0.211788 0.0621596 0.0333006
pobs_pel_tallas
 0 0 0 0 0 0 0 0 0 0 0 0 0 0 0 0 0 0 0 0 0 0 0 0 0 0 0 0 0 0 0 0 0 0 0 0
 0 0 0 0 0 0 0 0 0 0 0 0 0 0 0 0 0 0 0 0 0 0 0 0 0 0 0 0 0 0 0 0 0 0 0 0
 0 0 0 0 0 0 0 0 0 0 0 0 0 0 0 0 0 0 0 0 0 0 0 0 0 0 0 0 0 0 0 0 0 0 0 0
 0 0 0 0 0 0 0 0 0 0 0 0 0 0 0 0 0 0 0 0 0 0 0 0 0 0 0 0 0 0 0 0 0 0 0 0
 0 0 0 0 0 0 0 0 0 0 0 0 0 0 0 0 0 0 0 0 0 0 0 0 0 0 0 0 0 0 0 0 0 0 0 0
 0 0 0 0 0 0 0 0 0 0 0 0 0 0 0 0 0 0 0 0 0 0 0 0 0 0 0 0 0 0 0 0 0 0 0 0
 0 0 0 0 0 0 0 0 0 0 0 0 0 0 0 0 0 0 0 0 0 0 0 0 0 0 0 0 0 0 0 0 0 0 0 0
 0 0 0 0 0 0 0 0 0 0 0 0 0 0 0 0 0 0 0 0 0 0 0 0 0 0 0 0 0 0 0 0 0 0 0 0
 0 0 0 0 0 0 0 0 0 0 0 0 0 0 0 0 0 0 0 0 0 0 0 0 0 0 0 0 0 0 0 0 0 0 0 0
 0 0 0 0 0 0 0 0 0 0 0 0 0 0 0 0 0 0 0 0 0 0 0 0 0 0 0 0 0 0 0 0 0 0 0 0
 0 0 0 0 0 0 0 0 1.78061e-05 0.00172719 0.00360574 0.0105946 0.0120993 0.0124554 0.0147524 0.0171206 0.0266825 0.0428682 0.0675386 0.121331 0.153587 0.119568 0.100827 0.0573624 0.0630603 0.0341343 0.0324427 0.0444173 0.0211091 0.0280891 0.0125444 0.00206551 0 0 0 0
 0 0 0 0 0 0 0 0 0 0 0 0 0 0 0 0 0 0 0 0 0 0 0 0 0 0 0 0 0 0 0 0 0 0 0 0
 0 0 0 0 0 0 0.0133647 0.0140871 0.0187388 0.0205184 0.03894 0.0496705 0.03968 0.0493445 0.0407372 0.0367815 0.0215668 0.0243155 0.0234873 0.0199281 0.019796 0.0243948 0.0301388 0.0376714 0.0412746 0.0863199 0.0771752 0.113111 0.0741005 0.0525337 0.0229764 0.00759418 0.00175318 0 0 0
 0 0 0 0 0 0 0 0 0 0 0.00219441 0.00772107 0.0458388 0.0604681 0.0671733 0.0775358 0.0609151 0.0617685 0.073594 0.0568108 0.0755445 0.0548602 0.0670107 0.0636378 0.0643287 0.046367 0.0373049 0.0286899 0.0247887 0.0153202 0.00654259 0.00121912 0.000365735 0 0 0
 0 0 0 0 0 0 0 0 0 0 0 0 0.000112435 0.00938835 0.0111873 0.0202946 0.0414886 0.0713402 0.111592 0.104902 0.108894 0.110636 0.117776 0.105296 0.107544 0.0401394 0.0192827 0.0124803 0.00416011 0.0028671 0.000618394 0 0 0 0 0
 0 0 0 0 0 0 0 0 0 0 0.00291406 0.0102884 0.027416 0.0768956 0.0749926 0.110853 0.0956884 0.0897413 0.0766577 0.0534642 0.0500743 0.0551293 0.0594112 0.0620874 0.0668451 0.0424026 0.0208742 0.0120726 0.0048766 0.00582813 0.00118941 0.000297354 0 0 0 0
 0 0.00264628 0.0354308 0.0461629 0.0458689 0.0383711 0.0214643 0.0164657 0.0346957 0.0420465 0.0363128 0.0245516 0.0311673 0.0291091 0.0169068 0.0133784 0.00837989 0.0085269 0.0148486 0.0160247 0.0276389 0.0546898 0.0760071 0.122758 0.109233 0.0665981 0.0333725 0.0166128 0.00676272 0.00308733 0.000882094 0 0 0 0 0
 0 0 0 0 0 0 0 0.000805153 0.000690131 0.00759144 0.0133425 0.0154129 0.00931677 0.000345066 0.00356568 0.00563607 0.00851162 0.0253048 0.0502646 0.0516448 0.0657925 0.0565908 0.0611916 0.0827007 0.0866115 0.110766 0.145733 0.0935128 0.0569358 0.0249597 0.0138026 0.00621118 0.00161031 0.00115022 0 0
 0 0 0 0 0 0 0 0 0 0 0 0 0 0 0 0 0 0 0 0 0 0 0 0 0 0 0 0 0 0 0 0 0 0 0 0
 0.00147267 0.00158595 0.00478618 0.00569244 0.00954404 0.0108468 0.00647125 0.017049 0.0510054 0.094081 0.124002 0.0959785 0.0687766 0.0820023 0.061753 0.0591476 0.0492212 0.0479892 0.0443925 0.0268479 0.0217502 0.0140895 0.0121071 0.0120363 0.00920419 0.00665534 0.0049561 0.00860946 0.00930331 0.0156896 0.0114698 0.00855282 0.00243557 0.00046729 0 2.83206e-05
 0 0 0 0 0.000772559 0.00158375 0.000888443 0.00281984 0.00712685 0.0440552 0.0773331 0.111326 0.0921469 0.0852325 0.0710754 0.0886704 0.0786465 0.0553345 0.0373146 0.0185414 0.00753245 0.00457741 0.012979 0.0271748 0.0457355 0.0583668 0.034881 0.0177882 0.00938659 0.00492506 0.0015258 0.00185414 0.000309023 5.79419e-05 3.86279e-05 0
 0 0.00173294 0.00326652 0 0.00397197 0.00683976 0.00946217 0.0152591 0.00757587 0.0136028 0.0228656 0.0392903 0.0559909 0.0764795 0.0681675 0.0726916 0.0566044 0.0477403 0.0527397 0.0444891 0.0609904 0.0582453 0.0661739 0.0445044 0.0529084 0.0360697 0.0280645 0.0235558 0.0158879 0.00826598 0.00280645 0.00217768 0.000904811 0.00058276 9.20147e-05 0
 0 0 0 0 0 0 0 0 0 0 0 0 0 0 0 0 0 0 0 0 0 0 0 0 0 0 0 0 0 0 0 0 0 0 0 0
 0 0 0 0 0 0 0 0 0 0 0 0 0 0 0 0 0 0 0 0 0 0 0 0 0 0 0 0 0 0 0 0 0 0 0 0
 0 0 0 0 0 0 0 0 0 0 0 0 0 0 0 0 0 0 0 0 0 0 0 0 0 0 0 0 0 0 0 0 0 0 0 0
ppred_pel_tallas
 1.01863e-16 2.84241e-05 0.000166813 0.000792926 0.00305276 0.00951971 0.0240461 0.0492024 0.0815612 0.109543 0.119227 0.105221 0.0754395 0.0442664 0.0219318 0.0104279 0.00669852 0.00712591 0.00947908 0.0127385 0.0164119 0.0201165 0.0234587 0.0260616 0.0276363 0.0280428 0.0273152 0.0256392 0.0232961 0.020591 0.0177912 0.0150901 0.0126009 0.010371 0.00840764 0.0066998
 1.01714e-16 3.32185e-05 0.000194968 0.000926796 0.00356823 0.0111272 0.0281064 0.0575093 0.0953275 0.128021 0.139308 0.122871 0.0879366 0.0512824 0.0248177 0.0108131 0.00563792 0.00501979 0.00634129 0.00845318 0.0108845 0.0133493 0.0155833 0.0173393 0.0184292 0.0187631 0.0183649 0.0173567 0.015921 0.014253 0.0125201 0.0108396 0.00927557 0.00785079 0.00656462 0.00540882
 1.02151e-16 2.56738e-05 0.00015066 0.000716116 0.002757 0.00859736 0.0217164 0.0444362 0.0736635 0.098945 0.107716 0.0951191 0.0683199 0.0403371 0.0204456 0.0104875 0.00774365 0.00897298 0.0121563 0.0163241 0.0209328 0.0254948 0.0294924 0.0324372 0.033971 0.0339467 0.0324585 0.0298062 0.0264124 0.0227181 0.0190942 0.01579 0.0129254 0.0105166 0.00851689 0.00685619
 1.01369e-16 3.56833e-05 0.000209443 0.00099562 0.00383323 0.0119536 0.0301938 0.0617798 0.102405 0.13752 0.149631 0.131944 0.0943578 0.0548828 0.02629 0.0109929 0.0050656 0.00389983 0.00468139 0.0061974 0.00799179 0.00983241 0.0115243 0.012887 0.0137807 0.0141336 0.0139537 0.0133186 0.0123502 0.0111817 0.00993014 0.00868044 0.00748358 0.00636395 0.00533085 0.00438822
 1.00989e-16 3.3519e-05 0.00019673 0.000935165 0.00360044 0.0112276 0.0283601 0.0580287 0.0961893 0.129181 0.140577 0.124005 0.0887795 0.0518381 0.0252052 0.0111817 0.00611175 0.00568607 0.00725496 0.009636 0.0123162 0.0149582 0.0172434 0.0188801 0.0196581 0.0194965 0.0184615 0.0167436 0.0146071 0.0123257 0.0101282 0.00816628 0.0065098 0.00516225 0.00408647 0.00322966
 1.02067e-16 2.37336e-05 0.000139265 0.000661939 0.00254839 0.00794682 0.0200733 0.0410745 0.0680924 0.091467 0.0995892 0.0879756 0.0632611 0.0374953 0.0192735 0.0103249 0.00816299 0.00981203 0.01341 0.0180414 0.0231553 0.0282267 0.0326867 0.0359941 0.037748 0.0377776 0.0361762 0.0332643 0.0294999 0.0253664 0.0212755 0.0175108 0.0142177 0.0114293 0.00910863 0.00718959
 1.0236e-16 3.1869e-05 0.000187046 0.000889135 0.00342322 0.010675 0.0269642 0.0551722 0.0914537 0.122819 0.133648 0.117881 0.0843681 0.0492086 0.0238288 0.0104103 0.00547483 0.00493085 0.00627671 0.00842125 0.0109247 0.0135231 0.015969 0.0180232 0.0194932 0.0202693 0.0203407 0.019785 0.0187369 0.0173498 0.0157625 0.0140809 0.0123767 0.0106959 0.00907182 0.00753388
 1.01909e-16 3.10863e-05 0.000182446 0.000867253 0.00333895 0.0104122 0.0263004 0.0538145 0.089205 0.119804 0.130382 0.115034 0.0824042 0.0482112 0.0236211 0.0107856 0.00633339 0.00628365 0.00818566 0.0109353 0.0140318 0.017121 0.0198556 0.0219117 0.0230508 0.0231725 0.0223336 0.0207249 0.0186164 0.0162899 0.0139806 0.0118453 0.00995817 0.00832858 0.0069286 0.00571856
 1.01374e-16 3.35656e-05 0.000197005 0.000936478 0.0036055 0.0112434 0.0284 0.0581101 0.0963236 0.129359 0.140766 0.12416 0.0888648 0.0518362 0.0251085 0.0109777 0.00577597 0.00518539 0.0065577 0.00872472 0.0112002 0.0136825 0.0158919 0.0175688 0.01852 0.0186599 0.0180266 0.016765 0.0150842 0.0132057 0.0113177 0.00955005 0.00796973 0.00659365 0.00540869 0.00439042
 1.01261e-16 3.20543e-05 0.000188129 0.000894273 0.00344299 0.0107366 0.0271199 0.0554912 0.091984 0.123535 0.13444 0.118606 0.0849479 0.049668 0.024276 0.0109847 0.00631107 0.00614481 0.00795588 0.010607 0.0135884 0.016546 0.0191364 0.0210407 0.0220252 0.0219936 0.0210065 0.0192588 0.0170255 0.0145946 0.0122093 0.0100341 0.00815 0.00656977 0.00526485 0.00419029
 1.02775e-16 2.0396e-05 0.000119667 0.000568755 0.00218959 0.00682791 0.0172471 0.0352922 0.0585096 0.0786036 0.085607 0.0756798 0.0545412 0.0325718 0.0171939 0.00993816 0.00871375 0.0109981 0.0151994 0.0204992 0.026345 0.032163 0.0373161 0.0411938 0.0433404 0.0435558 0.0419349 0.0388262 0.0347321 0.0301845 0.0256371 0.0214036 0.0176472 0.0144097 0.0116584 0.00933124
 1.05809e-16 1.94831e-05 0.000114318 0.000543353 0.00209183 0.00652308 0.016477 0.0337155 0.0558929 0.0750798 0.0817472 0.0722152 0.0519307 0.0307867 0.0158429 0.00852829 0.00681877 0.00829954 0.0114831 0.0156719 0.0204764 0.0255277 0.0304054 0.0346799 0.0379892 0.0401048 0.0409616 0.0406434 0.0393339 0.0372557 0.0346189 0.0315949 0.0283158 0.0248894 0.0214172 0.0180041
 1.0459e-16 2.95689e-05 0.000173543 0.000824941 0.00317606 0.00990423 0.0250173 0.0511887 0.084851 0.113953 0.124004 0.109382 0.078302 0.0457046 0.0221966 0.00980989 0.00532649 0.00495999 0.00639863 0.00863719 0.0112716 0.0140573 0.016761 0.0191545 0.0210501 0.0223342 0.022981 0.0230416 0.0226132 0.0218044 0.0207066 0.0193828 0.0178715 0.0162006 0.0144034 0.0125272
 1.02899e-16 2.91634e-05 0.000171155 0.00081357 0.00313225 0.00976761 0.0246723 0.0504834 0.0836842 0.112393 0.122325 0.107945 0.0773696 0.0453536 0.0223851 0.010499 0.00654922 0.00681419 0.00899892 0.012058 0.0154959 0.0189398 0.0220148 0.0243692 0.0257435 0.0260266 0.0252776 0.023699 0.0215771 0.0192086 0.0168379 0.0146237 0.0126362 0.0108784 0.00931696 0.00791099
 1.01548e-16 3.35357e-05 0.00019683 0.000935647 0.0036023 0.0112335 0.0283748 0.0580585 0.096238 0.129244 0.14064 0.124047 0.0887801 0.0517791 0.0250666 0.0109353 0.00571944 0.00510463 0.00644561 0.00857753 0.0110187 0.0134732 0.015668 0.0173492 0.0183273 0.0185173 0.0179544 0.016777 0.0151863 0.0133947 0.0115831 0.00987519 0.0083348 0.00697802 0.00579299 0.00475812
 1.01011e-16 3.37125e-05 0.000197866 0.00094057 0.00362125 0.0112925 0.0285241 0.058364 0.0967449 0.129926 0.141386 0.124713 0.0892754 0.0521049 0.0252927 0.0111492 0.00599395 0.00549093 0.00697632 0.00926637 0.0118554 0.0144181 0.0166499 0.0182709 0.0190776 0.0189888 0.018062 0.0164735 0.0144699 0.0123084 0.0102053 0.00830615 0.00668043 0.00533633 0.00424425 0.00335969
 1.01563e-16 2.77416e-05 0.000162802 0.000773849 0.00297929 0.00929059 0.0234675 0.0480187 0.0796005 0.106914 0.116377 0.102734 0.0737151 0.0433738 0.02171 0.0106875 0.00734118 0.00814949 0.0109276 0.01465 0.0187801 0.0228678 0.0264446 0.0290696 0.0304185 0.0303566 0.0289668 0.0265179 0.023391 0.0199861 0.0166428 0.0135927 0.0109519 0.0087422 0.00692664 0.00544414
 1.02454e-16 2.80757e-05 0.000164768 0.000783207 0.00301534 0.00940303 0.0237514 0.0485992 0.0805613 0.1082 0.117764 0.103928 0.0745067 0.0437087 0.0216365 0.0102566 0.00654966 0.00694299 0.0092359 0.0124273 0.0160402 0.0197078 0.0230533 0.0257142 0.0274102 0.0280009 0.0275099 0.026104 0.0240395 0.0215952 0.0190151 0.0164749 0.0140779 0.0118702 0.00986421 0.00805998
 1.02902e-16 2.76262e-05 0.000162129 0.000770659 0.00296703 0.00925235 0.0233708 0.0478206 0.0792709 0.106468 0.115882 0.102273 0.0733339 0.0430482 0.0213606 0.0102107 0.00663193 0.00711167 0.00948391 0.0127583 0.016455 0.0201986 0.0236023 0.0262963 0.0279977 0.0285704 0.0280481 0.0266115 0.0245305 0.0220935 0.019547 0.017062 0.0147311 0.0125861 0.010626 0.0088405
 1.01725e-16 3.45996e-05 0.000203079 0.00096536 0.00371671 0.0115903 0.029276 0.0599022 0.0992931 0.133343 0.145092 0.127954 0.0915319 0.0532948 0.0256336 0.0108984 0.00529243 0.00435438 0.00535632 0.00711369 0.00916504 0.0112567 0.0131661 0.0146869 0.0156615 0.0160132 0.0157588 0.0149961 0.0138724 0.0125452 0.0111493 0.00977842 0.00848346 0.00728267 0.00617669 0.00516157
 1.01501e-16 3.01422e-05 0.0001769 0.000840878 0.00323739 0.0100955 0.0255004 0.0521779 0.0864934 0.116166 0.126433 0.111572 0.0799744 0.0468905 0.0231617 0.0108914 0.00682746 0.00712033 0.00939142 0.0125493 0.0160665 0.0195394 0.0225625 0.0247581 0.0258517 0.0257348 0.024487 0.0223485 0.0196541 0.016752 0.0139337 0.0113933 0.00922183 0.00742682 0.00596523 0.0047749
 1.02147e-16 2.82008e-05 0.000165502 0.000786691 0.00302876 0.00944485 0.023857 0.0488155 0.0809201 0.108683 0.118293 0.1044 0.074859 0.0439426 0.0218023 0.0104176 0.00675881 0.00723796 0.0096408 0.0129519 0.0166758 0.0204229 0.0237926 0.0264026 0.0279626 0.0283361 0.0275651 0.0258464 0.0234726 0.0207572 0.0179713 0.0153063 0.0128681 0.0106945 0.00878196 0.00711055
 1.024e-16 2.98205e-05 0.000175015 0.000831925 0.00320293 0.00998801 0.025229 0.0516223 0.0855712 0.114925 0.125073 0.110354 0.0790609 0.0462739 0.0227077 0.0104317 0.00621809 0.00625629 0.00820381 0.0110095 0.0141992 0.0174354 0.0203822 0.0227195 0.0242019 0.0247095 0.0242685 0.0230314 0.021229 0.0191089 0.0168846 0.0147062 0.0126573 0.01077 0.00904763 0.00748466
 1.02701e-16 2.73405e-05 0.00016045 0.000762672 0.00293627 0.00915644 0.0231286 0.047325 0.0784501 0.105367 0.114688 0.10123 0.0726098 0.0426704 0.0212605 0.0103076 0.00688306 0.00751466 0.0100565 0.0135173 0.0174004 0.0213047 0.0248141 0.0275327 0.029162 0.0295655 0.0287931 0.0270549 0.0246581 0.0219277 0.0191394 0.0164823 0.014054 0.0118807 0.0099484 0.00822996
 1.06872e-16 7.08023e-06 4.14788e-05 0.000197012 0.000758241 0.00236426 0.00597248 0.0122246 0.0202791 0.0272813 0.0298115 0.026591 0.019679 0.0127866 0.00864314 0.00797162 0.0102456 0.0147445 0.0209636 0.0285009 0.0368488 0.0453094 0.0530501 0.0592502 0.0632738 0.0648041 0.0638961 0.0609282 0.056478 0.0511683 0.0455366 0.0399616 0.0346569 0.0297087 0.0251344 0.0209319
pSPR Fmed_Fpbrs
0.591961   0.34457 0.34457
Fs Fmed_Fpbrs
0.364592   1.005 1.005
SSBpbr Bo_Bmed_Bpbrs
981536  531954  289131 289131
Ro
37049.1
SPR SPRFo_SPRFmed_SPRFpbrs
763565 452000 263101
log_Ro
10.34
likeval ReclasPelacesDesembMPH_pf_preclas_ppelaces_ptallas_desvR_qrecl_qpela
 75.3336 46.051 0.00790981 0.000167537 285.862 192.474 70.1618 0 19.4557 3.39873e-05 0 0 0 0 0
q_reclas_q_pelaces
0.437746 1
M
0.7
N
 29135.2 15041.3 6039.15 757.427 0.243389
 42700.5 13387.3 4606.94 1849.7 232.063
 15882.4 19311.2 3714.35 1278.21 577.591
 37973 6549.98 3017.86 580.459 290.014
 70036.2 17961 2402.52 1106.94 319.288
 41030.8 34532.8 8533.45 1141.46 677.617
 77621.8 19167.7 11724.1 2897.17 617.59
 87874 36951.2 7317.41 4475.76 1341.78
 130342 40299.2 11182.2 2214.41 1760.52
 169893 59707.6 12110.1 3360.3 1194.48
 66483.6 80217 21661.8 4393.51 1652.47
 36707.7 30436.1 24012.2 6484.26 1809.8
 45332 16930.6 9543.94 7529.56 2600.79
 22528.8 19924.2 3932.67 2216.88 2353.09
 16069.1 9021.4 2592.3 511.671 594.59
 18143.7 6384.65 1118.09 321.284 137.108
 13593.8 8216.38 1786.18 312.799 128.24
 14189.4 6309.57 2679.68 582.543 143.84
 14646.8 6711.24 2313.79 982.668 266.372
 33844.6 6960.42 2534.61 873.839 471.72
 41109.1 16030.5 2575.2 937.747 497.826
 47361.3 20017.2 7044.72 1131.69 630.873
 66542.3 22951.6 8538.86 3005.11 751.866
 67234.9 32038.4 9403.24 3498.35 1539.22
 8409.05 32267.9 12865.8 3776.11 2022.97
pred_Ctot
 1572.28 4261.45 1710.99 214.591 0.0689561
 2756.65 4391.74 1511.32 606.799 76.1289
 1957.12 10148.7 1952.01 671.741 303.544
 1301.02 1252.76 577.201 111.02 55.4687
 356.63 560.029 74.9112 34.5148 9.95548
 1755 8028.82 1984.02 265.388 157.545
 2315.07 3236.13 1979.41 489.136 104.269
 4856.1 10677.6 2114.47 1293.34 387.728
 7301.52 11776.9 3267.85 647.13 514.486
 6026.84 11779 2389.05 662.916 235.645
 3752.04 23586.5 6369.31 1291.84 485.881
 1887.64 8281.84 6533.84 1764.4 492.458
 3772.94 6765.23 3813.62 3008.7 1039.24
 3176.06 11382.9 2246.77 1266.53 1344.35
 2339.79 5253.7 1509.65 297.977 346.265
 1155.31 2071.47 362.761 104.239 44.484
 641.061 2077.6 451.654 79.0945 32.4269
 486.527 1207.61 512.872 111.494 27.53
 454.391 1174.16 404.808 171.922 46.6031
 1127.22 1298.01 472.665 162.957 87.9685
 575.506 1335.66 214.565 78.1328 41.4787
 822.702 2047.4 720.548 115.751 64.527
 1458.79 2920.24 1086.44 382.354 95.6634
 1625.13 4462.6 1309.77 487.282 214.397
 212.375 4680.16 1866.07 547.689 293.413
F
 0.0776401 0.483239 0.483239 0.483239 0.483239
 0.0935243 0.582104 0.582104 0.582104 0.582104
 0.185752 1.15614 1.15614 1.15614 1.15614
 0.0486728 0.302944 0.302944 0.302944 0.302944
 0.00710281 0.0442086 0.0442086 0.0442086 0.0442086
 0.0610948 0.38026 0.38026 0.38026 0.38026
 0.0422506 0.262972 0.262972 0.262972 0.262972
 0.0795732 0.495271 0.495271 0.495271 0.495271
 0.0807018 0.502295 0.502295 0.502295 0.502295
 0.0504342 0.313907 0.313907 0.313907 0.313907
 0.0813249 0.506174 0.506174 0.506174 0.506174
 0.073862 0.459724 0.459724 0.459724 0.459724
 0.122075 0.759806 0.759806 0.759806 0.759806
 0.215194 1.33939 1.33939 1.33939 1.33939
 0.223 1.38798 1.38798 1.38798 1.38798
 0.0921929 0.573817 0.573817 0.573817 0.573817
 0.067549 0.420432 0.420432 0.420432 0.420432
 0.048711 0.303182 0.303182 0.303182 0.303182
 0.0439816 0.273746 0.273746 0.273746 0.273746
 0.0472861 0.294313 0.294313 0.294313 0.294313
 0.0196358 0.122215 0.122215 0.122215 0.122215
 0.0244157 0.151966 0.151966 0.151966 0.151966
 0.0309017 0.192335 0.192335 0.192335 0.192335
 0.0341191 0.212361 0.212361 0.212361 0.212361
 0.0356743 0.22204 0.22204 0.22204 0.22204
nmprior
 10 11 7 0
nm_flota  nm_reclas  nm_pelaces    nm_pelaL
inf 20.0781 19.6914 35.7382
cv_recla  cv_pelaces  cv_mph
0.78509 0.798517 0.419947
 ------------------------------------------------
Talla a la edad & desviación 
 7.2 14.2025 17.0495 18.207 18.6776
 1.08 2.13037 2.55742 2.73105 2.80164
