years
 1997 1998 1999 2000 2001 2002 2003 2004 2005 2006 2007 2008 2009 2010 2011 2012 2013 2014 2015 2016 2017 2018 2019 2020 2021
reclasobs
 0 0 0 370054 412103 1.49427e+06 250295 1.28982e+06 931140 785840 897777 1.04006e+06 184774 17550 25797 100020 73551 82996 120727 218422 84188 347160 605670 569463 516374
reclaspred
 463117 130138 409735 292778 412839 485533 1.04573e+06 677365 726778 653171 510128 341086 209246 91700.1 61024.2 62522.2 80162.2 110065 118235 171235 247815 229265 398464 520748 581812
pelacesobs
 0 0 0 0 0 0 0 0 0 2.06254e+06 1.5e+06 0 1.87456e+06 323000 250000 174000 83755 137374 0 501740 490994 745055 786931 1.00524e+06 0
pelacespred
 1.94876e+06 479548 923678 1.01406e+06 1.21829e+06 1.20384e+06 2.88782e+06 2.35642e+06 2.21428e+06 2.0125e+06 1.4018e+06 967750 580723 203543 134569 150769 204023 288457 317950 448617 729350 656687 899882 1.37568e+06 1.61159e+06
mphobs
 0 0 0 0 0 112323 0 153150 637223 0 255016 313432 73983 77613 109348 50772 0 0 0 0 0 0 0 0 0
mphpred
 170592 108650 136574 171226 174511 262382 388099 447546 369598 360443 333634 229921 140985 72600.2 32297.5 27357.4 34508.7 48519.1 61024 71419.6 107964 127992 162515 231703 342989
desembarqueobs
 350755 77701 442110 56441 14545 235359 269955 359681 431902 328805 639364 411747 362871 311530 167758 66681 60226 58785 57116 71774 51957 67425 138520 160799 200461
desembarquepred
 350765 77704.6 442154 56443.3 14545.1 235405 269991 359708 431977 328857 639625 412004 363233 311955 167762 66693.3 60251.1 58786.8 57111.9 71776.9 51958.9 67420.5 138524 160806 200460
Reclutas
 55436.6 68133.4 41873.1 62195.2 103539 76166.7 117212 107204 125826 128655 65729 42335.6 43133.6 23427.5 16636.9 19071.7 15099.2 17023.5 19733.8 33821.9 42099.3 56428.1 88338.8 114544 51617.1
log_desv_Rt
 0.102995 0.309223 -0.1776 0.218032 0.727702 0.420679 0.851736 0.762488 0.922658 0.944888 0.273296 -0.166617 -0.147942 -0.758336 -1.10062 -0.964039 -1.19761 -1.07765 -0.929913 -0.391138 -0.172214 0.120722 0.568935 0.828717 0.0316078
SSB
 676200 430670 541358 678712 691732 1.04004e+06 1.53836e+06 1.774e+06 1.46502e+06 1.42874e+06 1.32247e+06 911369 558841 287775 128022 108440 136787 192321 241889 283095 427953 507340 644184 918431 1.35955e+06
BT
 2.31397e+06 615739 1.19058e+06 1.08973e+06 1.25341e+06 1.3997e+06 3.13993e+06 2.80194e+06 2.65614e+06 2.36501e+06 1.99952e+06 1.35908e+06 946321 503564 278789 208807 257066 341114 371155 515843 786764 727126 1.00776e+06 1.53044e+06 1.78691e+06
Ftot
 0.454668 0.354196 0.509757 0.097623 0.0199285 0.203016 0.129202 0.26128 0.304345 0.250308 0.526264 0.497528 0.797067 1.464 1.5043 0.594893 0.40551 0.273841 0.227208 0.227253 0.108715 0.139266 0.163628 0.158117 0.135561
BD_Bspro_t
 0.945948 0.75634 0.720265 0.601639 0.720751 0.835823 0.803274 0.80699 0.748467 0.705616 0.665936 0.506057 0.391181 0.27758 0.161499 0.16811 0.266068 0.418522 0.53312 0.628079 0.738452 0.813516 0.822783 0.828099 0.829594
BD_Bspro
 0.656056 0.417841 0.525231 0.658493 0.671125 1.00906 1.49253 1.72115 1.42138 1.38617 1.28307 0.884219 0.542193 0.279202 0.124208 0.10521 0.132712 0.186592 0.234683 0.274662 0.415204 0.492227 0.624994 0.891071 1.31905
BD_Bo
 0.562157 0.358036 0.450056 0.564245 0.575069 0.864633 1.27891 1.47481 1.21794 1.18777 1.09943 0.757664 0.464591 0.239241 0.10643 0.0901513 0.113717 0.159886 0.201094 0.23535 0.355777 0.421776 0.53554 0.763534 1.13026
BD_Brms
 1.95443 1.24477 1.56469 1.96169 1.99932 3.00604 4.44634 5.12741 4.23438 4.1295 3.82236 2.63414 1.61523 0.83176 0.370023 0.313426 0.395357 0.555869 0.699135 0.818235 1.23692 1.46637 1.86189 2.65455 3.92952
S_f
 0.183178 1 1 1 1
 0.183178 1 1 1 1
 0.183178 1 1 1 1
 0.183178 1 1 1 1
 0.183178 1 1 1 1
 0.183178 1 1 1 1
 0.183178 1 1 1 1
 0.183178 1 1 1 1
 0.183178 1 1 1 1
 0.183178 1 1 1 1
 0.183178 1 1 1 1
 0.183178 1 1 1 1
 0.183178 1 1 1 1
 0.183178 1 1 1 1
 0.183178 1 1 1 1
 0.183178 1 1 1 1
 0.183178 1 1 1 1
 0.183178 1 1 1 1
 0.183178 1 1 1 1
 0.183178 1 1 1 1
 0.183178 1 1 1 1
 0.183178 1 1 1 1
 0.183178 1 1 1 1
 0.183178 1 1 1 1
 0.183178 1 1 1 1
Scru_reclas
 0.984444 1 1 1 1
 0.984444 1 1 1 1
 0.984444 1 1 1 1
 0.984444 1 1 1 1
 0.984444 1 1 1 1
 0.984444 1 1 1 1
 0.984444 1 1 1 1
 0.984444 1 1 1 1
 0.984444 1 1 1 1
 0.984444 1 1 1 1
 0.984444 1 1 1 1
 0.984444 1 1 1 1
 0.984444 1 1 1 1
 0.984444 1 1 1 1
 0.984444 1 1 1 1
 0.984444 1 1 1 1
 0.984444 1 1 1 1
 0.984444 1 1 1 1
 0.984444 1 1 1 1
 0.984444 1 1 1 1
 0.984444 1 1 1 1
 0.984444 1 1 1 1
 0.984444 1 1 1 1
 0.984444 1 1 1 1
 0.984444 1 1 1 1
Scru_pelaces
 0.955018 1 1 1 1
 0.955018 1 1 1 1
 0.955018 1 1 1 1
 0.955018 1 1 1 1
 0.955018 1 1 1 1
 0.955018 1 1 1 1
 0.955018 1 1 1 1
 0.955018 1 1 1 1
 0.955018 1 1 1 1
 0.955018 1 1 1 1
 0.955018 1 1 1 1
 0.955018 1 1 1 1
 0.955018 1 1 1 1
 0.955018 1 1 1 1
 0.955018 1 1 1 1
 0.955018 1 1 1 1
 0.955018 1 1 1 1
 0.955018 1 1 1 1
 0.955018 1 1 1 1
 0.955018 1 1 1 1
 0.955018 1 1 1 1
 0.955018 1 1 1 1
 0.955018 1 1 1 1
 0.955018 1 1 1 1
 0.955018 1 1 1 1
pf_obs 
 0.256992 0.487395 0.22802 0.0275931 0
 0.321318 0.546541 0.124235 0.00734118 0.000564706
 0.182869 0.594174 0.210203 0.0122559 0.00049798
 0.330522 0.361315 0.267642 0.0388342 0.00168674
 0.649043 0.306663 0.0425973 0.00169635 0
 0.582887 0.30429 0.105238 0.00758474 0
 0.465427 0.430635 0.0974691 0.00646863 0
 0.296916 0.608066 0.0921331 0.00288517 0
 0.311714 0.524322 0.152257 0.0117073 0
 0.15457 0.633149 0.183074 0.0267441 0.00246327
 0.131901 0.49318 0.331252 0.0422183 0.00144891
 0.196976 0.569456 0.194076 0.0375587 0.00193317
 0.518974 0.381816 0.0799577 0.0180837 0.00116848
 0.0928022 0.601141 0.25162 0.0475244 0.00691264
 0.122501 0.610282 0.24278 0.0234846 0.000952079
 0.383417 0.481906 0.127806 0.00687128 0
 0.0376549 0.599619 0.316969 0.0457579 0
 0.0361596 0.667082 0.258105 0.0386534 0
 0.158088 0.579412 0.248529 0.0139706 0
 0.0477256 0.309471 0.559284 0.082774 0.000745712
 0.0406174 0.521527 0.379366 0.0568643 0.0016247
 0.151134 0.462217 0.34131 0.0453401 0
 0.294876 0.26143 0.354403 0.0886775 0.000613685
 0.281977 0.475581 0.204845 0.0348837 0.00271318
 0 0 0 0 0
pf_pred 
 0.363512 0.449583 0.167197 0.0196971 1.00689e-05
 0.306873 0.550699 0.100604 0.0374141 0.00440991
 0.175725 0.610413 0.169916 0.031041 0.0129047
 0.271148 0.435316 0.217377 0.0605098 0.0156497
 0.299776 0.476088 0.133868 0.0668476 0.0234205
 0.170452 0.58255 0.167936 0.0472209 0.0318414
 0.254046 0.41181 0.234653 0.0676452 0.0318465
 0.200823 0.530387 0.148388 0.0845524 0.0358499
 0.23488 0.465001 0.199179 0.0557246 0.0452152
 0.222965 0.51203 0.161057 0.068987 0.0349613
 0.130833 0.554256 0.207512 0.065272 0.0421275
 0.137391 0.442993 0.267584 0.100183 0.0518503
 0.219243 0.409194 0.190816 0.11526 0.0654872
 0.201076 0.553759 0.128491 0.059918 0.0567562
 0.287255 0.530015 0.126655 0.0293883 0.0266856
 0.360084 0.528651 0.0827394 0.0197719 0.00875356
 0.231322 0.61748 0.124909 0.0195496 0.00673995
 0.24705 0.501039 0.20236 0.0409351 0.00861559
 0.246189 0.505455 0.165264 0.0667472 0.016344
 0.321816 0.450713 0.152527 0.0498704 0.0250737
 0.269712 0.54202 0.125121 0.0423425 0.020805
 0.264756 0.499557 0.174927 0.0403806 0.0203797
 0.298264 0.475091 0.153992 0.0539226 0.0187298
 0.271388 0.520592 0.140835 0.0456491 0.0215369
 0.109711 0.610977 0.199567 0.0539886 0.0257555
pobs_RECLAS
 0 0 0 0 0
 0 0 0 0 0
 0 0 0 0 0
 0 0 0 0 0
 0.835266 0.146461 0.0176864 0.000547809 3.91292e-05
 0.385257 0.428462 0.181853 0.0044286 0
 0.867414 0.0963971 0.0333333 0.00285562 0
 0.441836 0.489002 0.0689373 0.000224442 0
 0.779404 0.147425 0.0564933 0.0165055 0.000172143
 0.814271 0.122319 0.05973 0.00367925 0
 0.40263 0.566651 0.0304383 0.000280538 0
 0.475488 0.404961 0.113038 0.00651328 0
 0.955842 0.0263864 0.0167828 0.000988607 0
 0.975058 0.0227948 0.00214734 0 0
 0.738997 0.206755 0.0527124 0.00153531 0
 0.850938 0.134255 0.0134407 0.00136685 0
 0.542534 0.407297 0.0501686 0 0
 0.764087 0.199537 0.0359546 0.000420521 0
 0.470689 0.182191 0.310203 0.0369168 0
 0.84361 0.089868 0.0606195 0.00523954 0.000663233
 0.607945 0.314616 0.071237 0.00620181 0
 0.523733 0.453247 0.0230204 0 0
 0.530135 0.295979 0.169645 0.0042399 0
 0.562478 0.366248 0.0663022 0.0049721 0
 0.250443 0.683176 0.0655157 0.000865301 0
ppred_RECLAS
 0.75969 0.169743 0.0631264 0.00743676 3.80157e-06
 0.708574 0.231542 0.0422991 0.0157308 0.00185415
 0.542448 0.338838 0.09432 0.0172308 0.00716333
 0.6677 0.19847 0.099107 0.0275877 0.00713505
 0.697245 0.205845 0.0578802 0.0289028 0.0101263
 0.527571 0.331763 0.0956399 0.0268923 0.0181337
 0.648222 0.194202 0.110658 0.0319002 0.0150182
 0.578221 0.279921 0.078314 0.0446239 0.0189204
 0.626834 0.226792 0.0971439 0.0271781 0.0220525
 0.610027 0.256974 0.0808299 0.0346227 0.0175461
 0.456015 0.346892 0.129876 0.0408517 0.0263663
 0.469437 0.27247 0.164582 0.0616191 0.0318914
 0.616233 0.201132 0.0937923 0.0566539 0.032189
 0.610951 0.269662 0.0625707 0.0291781 0.0276384
 0.716743 0.210637 0.050335 0.0116794 0.0106053
 0.759221 0.198914 0.0311321 0.00743948 0.00329367
 0.623942 0.302087 0.0611088 0.00956416 0.00329736
 0.641776 0.238375 0.0962751 0.0194753 0.00409896
 0.639993 0.241396 0.0789273 0.0318773 0.00780559
 0.720902 0.185485 0.0627704 0.0205235 0.0103188
 0.66622 0.247732 0.0571869 0.0193528 0.00950899
 0.660958 0.23036 0.0806638 0.0186206 0.00939767
 0.697374 0.204885 0.0664097 0.0232543 0.00807731
 0.668737 0.236687 0.0640304 0.0207543 0.00979173
 0.400125 0.411676 0.134468 0.0363774 0.017354
pobs_PELACES
 0 0 0 0 0
 0 0 0 0 0
 0 0 0 0 0
 0 0 0 0 0
 0 0 0 0 0
 0 0 0 0 0
 0 0 0 0 0
 0 0 0 0 0
 0 0 0 0 0
 0 0 0 0 0
 0.450072 0.473896 0.0757376 0.000293798 0
 0 0 0 0 0
 0.463077 0.371075 0.160297 0.00555027 0
 0.529543 0.364841 0.0842815 0.0213345 0
 0.631943 0.363953 0.00410389 0 0
 0.735681 0.248677 0.0153453 0.000297389 0
 0.695825 0.281241 0.0229344 0 0
 0.275771 0.60734 0.115278 0.00161068 0
 0 0 0 0 0
 0.896147 0.0623911 0.0374545 0.00400742 0
 0.803859 0.145111 0.0509908 3.86294e-05 0
 0.739449 0.233085 0.0266225 0.000797448 4.60066e-05
 0.878498 0.100942 0.0204185 0.000141795 0
 0.694673 0.275183 0.0284847 0.00165964 0
 0 0 0 0 0
ppred_PELACES
 0.776119 0.158138 0.0588108 0.00692835 3.54167e-06
 0.721838 0.221004 0.0403739 0.0150148 0.00176976
 0.568874 0.319268 0.0888725 0.0162356 0.00674961
 0.666805 0.199005 0.0993741 0.0276621 0.00715428
 0.691947 0.209447 0.0588931 0.0294085 0.0103035
 0.533642 0.327499 0.0944109 0.0265467 0.0179007
 0.649243 0.193638 0.110337 0.0318077 0.0149746
 0.587964 0.273454 0.0765049 0.0435931 0.0184833
 0.638843 0.219493 0.0940176 0.0263035 0.0213428
 0.618822 0.251179 0.0790071 0.0338419 0.0171504
 0.483783 0.329184 0.123246 0.0387664 0.0250204
 0.49534 0.259168 0.156547 0.0586108 0.0303345
 0.658832 0.178806 0.0833811 0.0503652 0.028616
 0.693298 0.212584 0.0493267 0.0230021 0.0217883
 0.786424 0.158821 0.0379526 0.00880629 0.00799643
 0.782181 0.179946 0.0281634 0.00673008 0.0029796
 0.64228 0.287357 0.0581289 0.00909778 0.00313657
 0.651706 0.231767 0.0936062 0.0189355 0.00398533
 0.647081 0.236644 0.0773735 0.0312497 0.00765192
 0.727079 0.18138 0.0613814 0.0200693 0.0100904
 0.665988 0.247904 0.0572267 0.0193662 0.0095156
 0.662568 0.229266 0.0802807 0.0185322 0.00935304
 0.70027 0.202924 0.0657743 0.0230318 0.00800002
 0.67145 0.234748 0.063506 0.0205843 0.00971153
 0.401612 0.410655 0.134135 0.0362872 0.017311
pobs_pel_tallas
 0 0 0 0 0 0 0 0 0 0 0 0 0 0 0 0 0 0 0 0 0 0 0 0 0 0 0 0 0 0 0 0 0 0 0 0
 0 0 0 0 0 0 0 0 0 0 0 0 0 0 0 0 0 0 0 0 0 0 0 0 0 0 0 0 0 0 0 0 0 0 0 0
 0 0 0 0 0 0 0 0 0 0 0 0 0 0 0 0 0 0 0 0 0 0 0 0 0 0 0 0 0 0 0 0 0 0 0 0
 0 0 0 0 0 0 0 0 0 0 0 0 0 0 0 0 0 0 0 0 0 0 0 0 0 0 0 0 0 0 0 0 0 0 0 0
 0 0 0 0 0 0 0 0 0 0 0 0 0 0 0 0 0 0 0 0 0 0 0 0 0 0 0 0 0 0 0 0 0 0 0 0
 0 0 0 0 0 0 0 0 0 0 0 0 0 0 0 0 0 0 0 0 0 0 0 0 0 0 0 0 0 0 0 0 0 0 0 0
 0 0 0 0 0 0 0 0 0 0 0 0 0 0 0 0 0 0 0 0 0 0 0 0 0 0 0 0 0 0 0 0 0 0 0 0
 0 0 0 0 0 0 0 0 0 0 0 0 0 0 0 0 0 0 0 0 0 0 0 0 0 0 0 0 0 0 0 0 0 0 0 0
 0 0 0 0 0 0 0 0 0 0 0 0 0 0 0 0 0 0 0 0 0 0 0 0 0 0 0 0 0 0 0 0 0 0 0 0
 0 0 0 0 0 0 0 0 0 0 0 0 0 0 0 0 0 0 0 0 0 0 0 0 0 0 0 0 0 0 0 0 0 0 0 0
 0 0 0 0 0 0 0 0 1.78061e-05 0.00172719 0.00360574 0.0105946 0.0120993 0.0124554 0.0147524 0.0171206 0.0266825 0.0428682 0.0675386 0.121331 0.153587 0.119568 0.100827 0.0573624 0.0630603 0.0341343 0.0324427 0.0444173 0.0211091 0.0280891 0.0125444 0.00206551 0 0 0 0
 0 0 0 0 0 0 0 0 0 0 0 0 0 0 0 0 0 0 0 0 0 0 0 0 0 0 0 0 0 0 0 0 0 0 0 0
 0 0 0 0 0 0 0.0133647 0.0140871 0.0187388 0.0205184 0.03894 0.0496705 0.03968 0.0493445 0.0407372 0.0367815 0.0215668 0.0243155 0.0234873 0.0199281 0.019796 0.0243948 0.0301388 0.0376714 0.0412746 0.0863199 0.0771752 0.113111 0.0741005 0.0525337 0.0229764 0.00759418 0.00175318 0 0 0
 0 0 0 0 0 0 0 0 0 0 0.00219441 0.00772107 0.0458388 0.0604681 0.0671733 0.0775358 0.0609151 0.0617685 0.073594 0.0568108 0.0755445 0.0548602 0.0670107 0.0636378 0.0643287 0.046367 0.0373049 0.0286899 0.0247887 0.0153202 0.00654259 0.00121912 0.000365735 0 0 0
 0 0 0 0 0 0 0 0 0 0 0 0 0.000112435 0.00938835 0.0111873 0.0202946 0.0414886 0.0713402 0.111592 0.104902 0.108894 0.110636 0.117776 0.105296 0.107544 0.0401394 0.0192827 0.0124803 0.00416011 0.0028671 0.000618394 0 0 0 0 0
 0 0 0 0 0 0 0 0 0 0 0.00291406 0.0102884 0.027416 0.0768956 0.0749926 0.110853 0.0956884 0.0897413 0.0766577 0.0534642 0.0500743 0.0551293 0.0594112 0.0620874 0.0668451 0.0424026 0.0208742 0.0120726 0.0048766 0.00582813 0.00118941 0.000297354 0 0 0 0
 0 0.00264628 0.0354308 0.0461629 0.0458689 0.0383711 0.0214643 0.0164657 0.0346957 0.0420465 0.0363128 0.0245516 0.0311673 0.0291091 0.0169068 0.0133784 0.00837989 0.0085269 0.0148486 0.0160247 0.0276389 0.0546898 0.0760071 0.122758 0.109233 0.0665981 0.0333725 0.0166128 0.00676272 0.00308733 0.000882094 0 0 0 0 0
 0 0 0 0 0 0 0 0.000805153 0.000690131 0.00759144 0.0133425 0.0154129 0.00931677 0.000345066 0.00356568 0.00563607 0.00851162 0.0253048 0.0502646 0.0516448 0.0657925 0.0565908 0.0611916 0.0827007 0.0866115 0.110766 0.145733 0.0935128 0.0569358 0.0249597 0.0138026 0.00621118 0.00161031 0.00115022 0 0
 0 0 0 0 0 0 0 0 0 0 0 0 0 0 0 0 0 0 0 0 0 0 0 0 0 0 0 0 0 0 0 0 0 0 0 0
 0.00147267 0.00158595 0.00478618 0.00569244 0.00954404 0.0108468 0.00647125 0.017049 0.0510054 0.094081 0.124002 0.0959785 0.0687766 0.0820023 0.061753 0.0591476 0.0492212 0.0479892 0.0443925 0.0268479 0.0217502 0.0140895 0.0121071 0.0120363 0.00920419 0.00665534 0.0049561 0.00860946 0.00930331 0.0156896 0.0114698 0.00855282 0.00243557 0.00046729 0 2.83206e-05
 0 0 0 0 0.000772559 0.00158375 0.000888443 0.00281984 0.00712685 0.0440552 0.0773331 0.111326 0.0921469 0.0852325 0.0710754 0.0886704 0.0786465 0.0553345 0.0373146 0.0185414 0.00753245 0.00457741 0.012979 0.0271748 0.0457355 0.0583668 0.034881 0.0177882 0.00938659 0.00492506 0.0015258 0.00185414 0.000309023 5.79419e-05 3.86279e-05 0
 0 0.00173294 0.00326652 0 0.00397197 0.00683976 0.00946217 0.0152591 0.00757587 0.0136028 0.0228656 0.0392903 0.0559909 0.0764795 0.0681675 0.0726916 0.0566044 0.0477403 0.0527397 0.0444891 0.0609904 0.0582453 0.0661739 0.0445044 0.0529084 0.0360697 0.0280645 0.0235558 0.0158879 0.00826598 0.00280645 0.00217768 0.000904811 0.00058276 9.20147e-05 0
 0 0 0 0 0 0 0 0 0 0 0 0 0 0 0 0 0 0 0 0 0 0 0 0 0 0 0 0 0 0 0 0 0 0 0 0
 0 0 0 0 0 0 0 0 0 0 0 0 0 0 0 0 0 0 0 0 0 0 0 0 0 0 0 0 0 0 0 0 0 0 0 0
 0 0 0 0 0 0 0 0 0 0 0 0 0 0 0 0 0 0 0 0 0 0 0 0 0 0 0 0 0 0 0 0 0 0 0 0
ppred_pel_tallas
 1.01125e-16 3.38616e-05 0.000198744 0.000944746 0.00363734 0.0113427 0.0286508 0.0586231 0.0971737 0.1305 0.142005 0.125247 0.0896306 0.0522582 0.025267 0.0109692 0.00566097 0.00498447 0.00626949 0.00834362 0.0107274 0.0131315 0.0152897 0.0169534 0.0179341 0.0181427 0.0176056 0.01645 0.0148657 0.013058 0.0112053 0.00943605 0.00782347 0.00639608 0.00515444 0.00408665
 1.01244e-16 3.14972e-05 0.000184857 0.000878713 0.00338307 0.0105498 0.026648 0.0545257 0.090384 0.121388 0.132107 0.116558 0.0835019 0.0488649 0.0239625 0.0109761 0.00649081 0.00647253 0.00843503 0.0112532 0.0144099 0.0175337 0.0202596 0.0222487 0.0232535 0.0231739 0.0220776 0.0201757 0.0177647 0.0151545 0.0126059 0.0102947 0.00830623 0.006652 0.00529862 0.0041949
 1.02239e-16 2.48313e-05 0.000145713 0.0006926 0.00266645 0.008315 0.0210032 0.042977 0.0712449 0.0956974 0.104184 0.0920074 0.0661014 0.0390607 0.0198611 0.0102912 0.00772916 0.009048 0.0123003 0.0165498 0.0212664 0.0259674 0.0301356 0.0332779 0.0350259 0.0352169 0.0339257 0.0314315 0.0281377 0.0244722 0.0208004 0.0173758 0.0143312 0.011702 0.00946408 0.00756903
 1.02761e-16 2.90967e-05 0.000170766 0.000811727 0.00312516 0.0097455 0.0246164 0.0503689 0.0834936 0.112134 0.122037 0.107675 0.0771433 0.0451545 0.0221647 0.0101946 0.00609775 0.00616023 0.00810231 0.0109056 0.0141155 0.0174099 0.0204656 0.02297 0.0246765 0.0254538 0.0253061 0.024357 0.0228059 0.0208726 0.0187513 0.0165843 0.0144598 0.0124244 0.0105028 0.0087133
 1.02397e-16 3.01934e-05 0.000177203 0.00084233 0.00324299 0.0101129 0.0255446 0.052268 0.0866416 0.116362 0.126637 0.111733 0.0800474 0.0468478 0.0229824 0.010545 0.00626558 0.0062831 0.00822233 0.0110151 0.0141774 0.0173651 0.0202372 0.0224723 0.0238285 0.0241951 0.0236123 0.0222494 0.0203536 0.0181856 0.0159655 0.0138426 0.0118926 0.0101341 0.00855461 0.00713313
 1.03196e-16 2.32954e-05 0.000136695 0.000649725 0.00250137 0.0078002 0.0197029 0.0403165 0.0668353 0.0897772 0.0977459 0.0863392 0.0620669 0.0367526 0.0188283 0.00998616 0.00778198 0.00929477 0.0127031 0.017123 0.0220378 0.0269627 0.0313725 0.0347637 0.0367578 0.0371837 0.0361093 0.0338076 0.0306762 0.0271355 0.0235426 0.0201422 0.0170607 0.0143307 0.0119308 0.00982114
 1.03423e-16 2.83307e-05 0.000166269 0.00079035 0.00304286 0.00948885 0.0239681 0.0490424 0.0812948 0.109182 0.118824 0.104842 0.0751161 0.0439739 0.021597 0.00995485 0.00598677 0.00608053 0.00802137 0.0108234 0.0140498 0.0173922 0.0205389 0.0231856 0.0250877 0.0261076 0.0262351 0.0255721 0.0242924 0.0225909 0.0206405 0.01857 0.0164625 0.0143683 0.012323 0.0103602
 1.03537e-16 2.56618e-05 0.000150593 0.00071581 0.00275583 0.00859375 0.0217073 0.0444171 0.0736306 0.0988969 0.107654 0.0950404 0.0682118 0.04017 0.0201712 0.0100402 0.00704442 0.00793773 0.0107106 0.0144241 0.0185884 0.0227892 0.0265895 0.029572 0.0314215 0.0319923 0.0313341 0.0296633 0.0272962 0.0245655 0.0217506 0.0190391 0.0165243 0.0142276 0.0121328 0.0102156
 1.03308e-16 2.78783e-05 0.000163611 0.000777706 0.00299417 0.009337 0.0235846 0.0482578 0.0799951 0.107438 0.116933 0.103189 0.0739651 0.043367 0.021423 0.0100819 0.00634243 0.00665539 0.00883793 0.0119036 0.015392 0.0189576 0.0222475 0.024921 0.0267134 0.0274891 0.0272639 0.0261847 0.0244796 0.0223955 0.0201451 0.0178787 0.0156815 0.0135903 0.0116169 0.00976816
 1.03168e-16 2.70065e-05 0.00015849 0.000753354 0.0029004 0.00904457 0.022846 0.0467468 0.0774915 0.104079 0.113286 0.0999915 0.0717191 0.0421423 0.0209891 0.010163 0.0067715 0.00738581 0.00988898 0.0133062 0.0171534 0.0210416 0.0245672 0.0273447 0.0290812 0.0296388 0.0290584 0.0275345 0.0253545 0.0228228 0.0201974 0.0176543 0.0152844 0.013114 0.0111342 0.00932755
 1.04358e-16 2.11214e-05 0.000123932 0.000589046 0.00226774 0.00707163 0.0178626 0.0365511 0.0605944 0.0813974 0.0886314 0.0783099 0.056342 0.0334578 0.017317 0.00947282 0.00773017 0.00945973 0.0130218 0.0176138 0.0227502 0.0279581 0.0327149 0.0365128 0.038961 0.0398677 0.0392723 0.0374144 0.0346561 0.0313854 0.0279349 0.0245362 0.021316 0.0183208 0.0155544 0.0130092
 1.05738e-16 2.16225e-05 0.00012688 0.000603077 0.00232179 0.00724019 0.0182883 0.0374216 0.0620353 0.0833264 0.0907147 0.0801098 0.0575483 0.0339968 0.0172717 0.0089343 0.00671085 0.00789601 0.0108225 0.0147156 0.0191637 0.0238005 0.0282215 0.0320222 0.0348727 0.03658 0.0371148 0.0365924 0.0352199 0.0332312 0.0308338 0.0281809 0.0253734 0.0224781 0.0195518 0.0166574
 1.0431e-16 2.87481e-05 0.000168721 0.000802012 0.00308777 0.00962889 0.0243218 0.049766 0.0824937 0.11079 0.12057 0.106371 0.0761883 0.0445536 0.021792 0.00989321 0.00574233 0.00566701 0.00741826 0.0100024 0.0129931 0.0161043 0.0190535 0.021567 0.0234268 0.0245125 0.024818 0.0244357 0.0235181 0.0222298 0.0207097 0.0190521 0.0173093 0.0155072 0.0136654 0.0118115
 1.02578e-16 3.02524e-05 0.00017755 0.000843976 0.00324933 0.0101327 0.0255945 0.0523701 0.0868109 0.11659 0.126886 0.111953 0.0802069 0.0469452 0.0230375 0.010582 0.00630244 0.00632938 0.00828135 0.0110852 0.0142522 0.0174332 0.0202831 0.0224784 0.0237787 0.0240783 0.0234264 0.0220033 0.020067 0.0178865 0.0156857 0.0136124 0.0117357 0.0100643 0.00857412 0.0072335
 1.01267e-16 3.43109e-05 0.000201382 0.000957287 0.00368562 0.0114933 0.0290311 0.0594013 0.0984636 0.132232 0.143889 0.126906 0.0908137 0.0529389 0.0255785 0.0110733 0.0056671 0.00494082 0.00618531 0.00820968 0.0105266 0.0128434 0.0148942 0.0164339 0.0172819 0.0173606 0.016711 0.0154749 0.0138554 0.0120654 0.0102849 0.00863637 0.00718041 0.00592874 0.00486369 0.00395689
 1.00829e-16 3.41267e-05 0.000200299 0.000952133 0.00366577 0.0114314 0.0288748 0.0590816 0.0979342 0.131523 0.143122 0.126241 0.0903629 0.0527263 0.0255694 0.0112282 0.00597423 0.0054158 0.00685487 0.00909353 0.0116226 0.0141176 0.0162769 0.0178243 0.0185601 0.0184067 0.0174247 0.0157926 0.013759 0.0115826 0.00948088 0.00759964 0.00600804 0.00471265 0.00368111 0.00286523
 1.01378e-16 2.80308e-05 0.0001645 0.000781922 0.00301038 0.00938752 0.0237123 0.0485196 0.0804309 0.108029 0.11759 0.103803 0.0744783 0.0438152 0.0219164 0.0107647 0.00736216 0.00814842 0.0109144 0.014623 0.0187326 0.02279 0.0263247 0.0288949 0.0301771 0.0300395 0.0285693 0.0260417 0.0228445 0.0193843 0.0160056 0.0129432 0.0103135 0.00813648 0.00637121 0.00495143
 1.02242e-16 2.84397e-05 0.000166905 0.000793367 0.00305446 0.00952502 0.0240595 0.0492297 0.0816063 0.109603 0.119291 0.105273 0.0754661 0.0442618 0.0218921 0.0103469 0.00656521 0.00692559 0.00919689 0.0123641 0.0159444 0.0195686 0.0228583 0.0254513 0.0270686 0.0275734 0.0269943 0.0255044 0.0233668 0.0208671 0.018254 0.0157063 0.0133276 0.0111618 0.00921703 0.00748747
 1.02607e-16 2.82381e-05 0.000165722 0.00078774 0.0030328 0.00945745 0.0238889 0.0488805 0.0810276 0.108826 0.118447 0.104531 0.0749412 0.0439677 0.0217719 0.0103318 0.00660991 0.00701131 0.00931949 0.012523 0.0161361 0.0197842 0.023084 0.0256701 0.027265 0.0277374 0.0271257 0.0256146 0.0234778 0.021007 0.0184511 0.0159829 0.0136948 0.0116167 0.00974367 0.00805982
 1.02092e-16 3.17241e-05 0.000186193 0.000885073 0.00340757 0.0106262 0.0268409 0.0549202 0.0910368 0.122261 0.133049 0.117367 0.0840354 0.049084 0.0238973 0.0106577 0.00591219 0.00559126 0.00719785 0.00962458 0.0123971 0.0152046 0.0177489 0.0197494 0.0209927 0.0213776 0.0209322 0.0197968 0.0181796 0.0163026 0.0143557 0.0124705 0.0107174 0.00911964 0.00767388 0.00636882
 1.02004e-16 2.9063e-05 0.000170564 0.000810755 0.00312141 0.00973378 0.0245869 0.0503087 0.0833952 0.112006 0.121908 0.107586 0.0771323 0.0452547 0.0224111 0.0106362 0.00680134 0.0072022 0.0095506 0.0127959 0.0164267 0.0200454 0.0232477 0.0256534 0.0269811 0.0271102 0.0261046 0.0241858 0.0216699 0.0188885 0.0161215 0.0135582 0.0112923 0.00934123 0.00767703 0.00625572
 1.02289e-16 2.89132e-05 0.000169686 0.000806585 0.00310536 0.00968373 0.0244604 0.0500499 0.0829657 0.111428 0.121275 0.107019 0.0767084 0.0449706 0.0222053 0.0104316 0.00653309 0.00682379 0.00903271 0.012128 0.0156222 0.0191476 0.0223303 0.0248144 0.0263294 0.026747 0.0261041 0.0245807 0.0224447 0.0199831 0.0174428 0.014997 0.012741 0.010708 0.00889507 0.00728652
 1.02166e-16 3.0556e-05 0.000179333 0.000852456 0.00328198 0.0102345 0.0258517 0.0528963 0.0876828 0.11776 0.128156 0.113068 0.0809931 0.0473794 0.0232026 0.0105777 0.006192 0.00613534 0.00800418 0.0107213 0.0138051 0.0169184 0.0197295 0.0219244 0.0232655 0.0236413 0.0230861 0.0217605 0.0199014 0.0177613 0.0155559 0.0134345 0.0114771 0.00970872 0.00812387 0.00670689
 1.0214e-16 2.93006e-05 0.00017196 0.000817397 0.00314698 0.00981354 0.0247883 0.0507208 0.0840779 0.112922 0.122901 0.108454 0.0777373 0.0455743 0.0225038 0.0105714 0.00661736 0.00690394 0.00912593 0.0122326 0.0157242 0.0192221 0.0223435 0.0247274 0.0261035 0.0263517 0.0255239 0.0238202 0.0215297 0.0189577 0.0163632 0.013923 0.0117277 0.00979902 0.00811871 0.00665466
 1.04094e-16 1.75417e-05 0.000102908 0.00048908 0.00188282 0.00587125 0.0148307 0.0303481 0.0503153 0.067602 0.0736434 0.0651468 0.0470446 0.0282843 0.015278 0.0093779 0.00882395 0.0114777 0.0159831 0.0216202 0.027863 0.0341339 0.0397789 0.0441649 0.0468109 0.0474924 0.0462821 0.043509 0.0396586 0.0352488 0.0307227 0.0263886 0.0224121 0.0188459 0.0156774 0.0128712
pSPR Fmed_Fpbrs
0.658323   0.337632 0.337632
Fs Fmed_Fpbrs
0.27143   1.005 1.005
SSBpbr Bo_Bmed_Bpbrs
1.20287e+06  731732  345983 345983
Ro
50011.1
SPR SPRFo_SPRFmed_SPRFpbrs
1.0307e+06 678536 347999
log_Ro
10.64
likeval ReclasPelacesDesembMPH_pf_preclas_ppelaces_ptallas_desvR_qrecl_qpela
 60.1639 20.2241 0.0188395 0.00023123 286.735 195.945 70.3986 0 15.9055 5.55589e-05 1.6805e-05 0 0 0 0
q_reclas_q_pelaces
0.347763 1.7918
M
0.7
N
 55436.6 14682.1 5460.18 643.25 0.32882
 68133.4 25329.1 4627.23 1720.84 202.832
 41873.1 31708.6 8826.5 1612.46 670.347
 62195.2 18939.9 9457.71 2632.68 680.893
 103539 30337.8 8530.48 4259.74 1492.43
 76166.7 51228.5 14768.1 4152.53 2800.08
 117212 36442.5 20765.2 5986.16 2818.21
 107204 56844.2 15903.4 9061.9 3842.2
 125826 50748 21737.4 6081.52 4934.57
 128655 59095.4 18588.2 7962.07 4035.02
 65729 61024.9 22847.6 7186.61 4638.34
 42335.6 29640.5 17903.9 6703.18 3469.28
 43133.6 19192 8949.64 5405.9 3071.47
 23427.5 18509.8 4294.88 2002.8 1897.11
 16636.9 8897.2 2126.12 493.332 447.963
 19071.7 6271.82 981.605 234.57 103.851
 15099.2 8492.93 1718.02 268.888 92.7025
 17023.5 6961.25 2811.52 568.737 119.702
 19733.8 8040.02 2628.78 1061.71 259.975
 33821.9 9400.03 3181.09 1040.09 522.935
 42099.3 16110.6 3719.02 1258.56 618.395
 56428.1 20493.7 7176.16 1656.56 836.053
 88338.8 27315.5 8853.84 3100.3 1076.88
 114544 42572.4 11517 3733.04 1761.22
 51617.1 55257.2 18049 4882.76 2329.35
pred_Ctot
 3201.26 3959.24 1472.42 173.462 0.0886713
 3089.73 5544.66 1012.92 376.7 44.4008
 2699.12 9375.87 2609.9 476.787 198.214
 793.563 1274.03 636.193 177.093 45.8017
 271.379 430.989 121.187 60.5152 21.2019
 2003.91 6848.74 1974.34 555.151 374.343
 1974.27 3200.3 1823.56 525.691 247.489
 3612.99 9542.16 2669.63 1521.18 644.972
 4922.53 9745.34 4174.32 1167.86 947.605
 4157.51 9547.55 3003.14 1286.36 651.904
 4368.32 18505.8 6928.54 2179.34 1406.58
 2666.06 8596.27 5192.45 1944.04 1006.15
 4249.63 7931.49 3698.63 2234.1 1269.35
 4024.7 11083.9 2571.84 1199.31 1136.02
 2927.71 5401.92 1290.87 299.525 271.98
 1424.99 2092.08 327.432 78.245 34.6413
 780.709 2083.99 421.567 65.9796 22.7473
 600.702 1218.28 492.039 99.5338 20.9488
 579.928 1190.66 389.3 157.231 38.5002
 994.134 1392.31 471.176 154.057 77.4561
 597.65 1201.05 277.254 93.8262 46.1015
 1023.65 1931.49 676.339 156.128 78.7964
 1879.19 2993.28 970.216 339.735 118.006
 2355.62 4518.69 1222.43 396.229 186.938
 911.743 5077.45 1658.48 448.666 214.038
F
 0.083285 0.454668 0.454668 0.454668 0.454668
 0.0648808 0.354196 0.354196 0.354196 0.354196
 0.093376 0.509757 0.509757 0.509757 0.509757
 0.0178824 0.097623 0.097623 0.097623 0.097623
 0.00365045 0.0199285 0.0199285 0.0199285 0.0199285
 0.0371879 0.203016 0.203016 0.203016 0.203016
 0.0236669 0.129202 0.129202 0.129202 0.129202
 0.0478606 0.26128 0.26128 0.26128 0.26128
 0.0557493 0.304345 0.304345 0.304345 0.304345
 0.0458508 0.250308 0.250308 0.250308 0.250308
 0.0963997 0.526264 0.526264 0.526264 0.526264
 0.0911361 0.497528 0.497528 0.497528 0.497528
 0.146005 0.797067 0.797067 0.797067 0.797067
 0.268172 1.464 1.464 1.464 1.464
 0.275555 1.5043 1.5043 1.5043 1.5043
 0.108971 0.594893 0.594893 0.594893 0.594893
 0.0742804 0.40551 0.40551 0.40551 0.40551
 0.0501615 0.273841 0.273841 0.273841 0.273841
 0.0416195 0.227208 0.227208 0.227208 0.227208
 0.0416277 0.227253 0.227253 0.227253 0.227253
 0.0199141 0.108715 0.108715 0.108715 0.108715
 0.0255104 0.139266 0.139266 0.139266 0.139266
 0.029973 0.163628 0.163628 0.163628 0.163628
 0.0289634 0.158117 0.158117 0.158117 0.158117
 0.0248318 0.135561 0.135561 0.135561 0.135561
nmprior
 10 11 7 0
nm_flota  nm_reclas  nm_pelaces    nm_pelaL
inf 15.1411 17.6315 31.3002
cv_recla  cv_pelaces  cv_mph
0.701605 0.529175 0.493356
 ------------------------------------------------
Talla a la edad & desviación 
 7.2 14.2025 17.0495 18.207 18.6776
 1.08 2.13037 2.55742 2.73105 2.80164
