years
 1997 1998 1999 2000 2001 2002 2003 2004 2005 2006 2007 2008 2009 2010 2011 2012 2013 2014 2015 2016 2017 2018 2019 2020 2021
reclasobs
 0 0 0 370054 412103 1.49427e+06 250295 1.28982e+06 931140 785840 897777 1.04006e+06 184774 17550 25797 100020 73551 82996 120727 218422 84188 347160 605670 569463 516374
reclaspred
 1.22308e+06 233346 551025 277093 361667 462903 950364 749698 1.00799e+06 1.18395e+06 1.14134e+06 778897 447842 204516 134336 130132 151257 206874 219142 291909 473480 466007 713435 711547 723556
pelacesobs
 0 0 0 0 0 0 0 0 0 2.06254e+06 1.5e+06 0 1.87456e+06 323000 250000 174000 83755 137374 0 501740 490994 745055 786931 1.00524e+06 0
pelacespred
 675288 238966 184134 192609 214536 208905 488706 471837 573707 699881 589907 417149 237671 87116 56645.7 62660.3 76267.4 105307 117574 150897 268632 277376 322505 383290 389429
mphobs
 0 0 0 0 0 112323 0 153150 637223 0 255016 313432 73983 77613 109348 50772 0 0 0 0 0 0 0 0 0
mphpred
 869270 445806 359441 303333 262826 419270 567288 770134 777381 1.00177e+06 1.14471e+06 823999 498662 264811 124843 108907 119978 159893 193417 213799 342403 442403 515226 613845 708634
desembarqueobs
 350755 77701 442110 56441 14545 235359 269955 359681 431902 328805 639364 411747 362871 311530 167758 66681 60226 58785 57116 71774 51957 67425 138520 160799 200461
desembarquepred
 350749 77694.9 442030 56440.3 14544.9 235388 269958 359558 431783 328713 639205 411774 362833 311590 167671 66681.5 60238.7 58780.8 57106 71759 51953.4 67412.1 138502 160793 200473
Reclutas
 37383.2 41056.4 19491.8 22894.7 50164.4 35407.2 74675.6 82480.3 130149 146587 72023.3 38922.9 46810.7 28409 19859.8 16454.6 13676.4 14658.5 15086.1 29889.1 42121.6 42813.8 56019.3 55463.8 18789.9
log_desv_Rt
 0.00897711 0.102701 -0.642253 -0.48134 0.303061 -0.0453282 0.700909 0.800315 1.25643 1.37537 0.664745 0.0493373 0.233867 -0.26554 -0.623549 -0.81164 -0.996572 -0.927223 -0.898471 -0.21475 0.128317 0.144615 0.413452 0.403486 -0.678923
SSB
 869270 445806 359441 303333 262826 419270 567288 770134 777381 1.00177e+06 1.14471e+06 823999 498662 264811 124843 108907 119978 159893 193417 213799 342403 442403 515226 613845 708634
BT
 2.03405e+06 588875 701351 467402 527029 598397 1.54361e+06 1.49049e+06 1.8974e+06 1.97043e+06 1.82292e+06 1.23396e+06 887136 484995 284600 197135 227911 287270 294573 414354 689700 617647 764088 942036 911909
Ftot
 0.276262 0.319943 0.741278 0.197311 0.039333 0.481631 0.274201 0.457065 0.410098 0.268019 0.528514 0.499707 0.750301 1.32096 1.1203 0.486485 0.381318 0.273968 0.251479 0.237737 0.106923 0.140609 0.18811 0.218575 0.266747
BD_Bspro_t
 0.959982 0.762685 0.628451 0.406786 0.503159 0.676528 0.599581 0.637511 0.603499 0.610769 0.612137 0.457826 0.345375 0.247508 0.148773 0.155454 0.221898 0.347946 0.450899 0.537975 0.67239 0.773875 0.772196 0.747225 0.702189
BD_Bspro
 1.13844 0.583848 0.470741 0.397258 0.344209 0.549096 0.742946 1.0086 1.01809 1.31197 1.49917 1.07915 0.653071 0.346809 0.1635 0.142629 0.157128 0.209403 0.253308 0.280001 0.448427 0.579392 0.674764 0.80392 0.92806
BD_Bo
 0.922093 0.472896 0.381283 0.321765 0.278797 0.444748 0.60176 0.816933 0.82462 1.06265 1.21428 0.874072 0.528965 0.280903 0.132429 0.115525 0.127268 0.169609 0.205171 0.226791 0.36321 0.469287 0.546535 0.651147 0.751696
BD_Brms
 4.50489 2.31034 1.86276 1.57199 1.36206 2.17282 2.9399 3.99113 4.02869 5.19157 5.93235 4.27028 2.58426 1.37236 0.646984 0.564397 0.62177 0.828625 1.00236 1.10799 1.77446 2.2927 2.6701 3.18118 3.67242
S_f
 0.5 1 1 1 1
 0.5 1 1 1 1
 0.5 1 1 1 1
 0.5 1 1 1 1
 0.5 1 1 1 1
 0.5 1 1 1 1
 0.5 1 1 1 1
 0.5 1 1 1 1
 0.5 1 1 1 1
 0.5 1 1 1 1
 0.5 1 1 1 1
 0.5 1 1 1 1
 0.5 1 1 1 1
 0.5 1 1 1 1
 0.5 1 1 1 1
 0.5 1 1 1 1
 0.5 1 1 1 1
 0.5 1 1 1 1
 0.5 1 1 1 1
 0.5 1 1 1 1
 0.5 1 1 1 1
 0.5 1 1 1 1
 0.5 1 1 1 1
 0.5 1 1 1 1
 0.5 1 1 1 1
Scru_reclas
 0.5 1 1 1 1
 0.5 1 1 1 1
 0.5 1 1 1 1
 0.5 1 1 1 1
 0.5 1 1 1 1
 0.5 1 1 1 1
 0.5 1 1 1 1
 0.5 1 1 1 1
 0.5 1 1 1 1
 0.5 1 1 1 1
 0.5 1 1 1 1
 0.5 1 1 1 1
 0.5 1 1 1 1
 0.5 1 1 1 1
 0.5 1 1 1 1
 0.5 1 1 1 1
 0.5 1 1 1 1
 0.5 1 1 1 1
 0.5 1 1 1 1
 0.5 1 1 1 1
 0.5 1 1 1 1
 0.5 1 1 1 1
 0.5 1 1 1 1
 0.5 1 1 1 1
 0.5 1 1 1 1
Scru_pelaces
 0.5 1 1 1 1
 0.5 1 1 1 1
 0.5 1 1 1 1
 0.5 1 1 1 1
 0.5 1 1 1 1
 0.5 1 1 1 1
 0.5 1 1 1 1
 0.5 1 1 1 1
 0.5 1 1 1 1
 0.5 1 1 1 1
 0.5 1 1 1 1
 0.5 1 1 1 1
 0.5 1 1 1 1
 0.5 1 1 1 1
 0.5 1 1 1 1
 0.5 1 1 1 1
 0.5 1 1 1 1
 0.5 1 1 1 1
 0.5 1 1 1 1
 0.5 1 1 1 1
 0.5 1 1 1 1
 0.5 1 1 1 1
 0.5 1 1 1 1
 0.5 1 1 1 1
 0.5 1 1 1 1
pf_obs 
 0.256992 0.487395 0.22802 0.0275931 0
 0.321318 0.546541 0.124235 0.00734118 0.000564706
 0.182869 0.594174 0.210203 0.0122559 0.00049798
 0.330522 0.361315 0.267642 0.0388342 0.00168674
 0.649043 0.306663 0.0425973 0.00169635 0
 0.582887 0.30429 0.105238 0.00758474 0
 0.465427 0.430635 0.0974691 0.00646863 0
 0.296916 0.608066 0.0921331 0.00288517 0
 0.311714 0.524322 0.152257 0.0117073 0
 0.15457 0.633149 0.183074 0.0267441 0.00246327
 0.131901 0.49318 0.331252 0.0422183 0.00144891
 0.196976 0.569456 0.194076 0.0375587 0.00193317
 0.518974 0.381816 0.0799577 0.0180837 0.00116848
 0.0928022 0.601141 0.25162 0.0475244 0.00691264
 0.122501 0.610282 0.24278 0.0234846 0.000952079
 0.383417 0.481906 0.127806 0.00687128 0
 0.0376549 0.599619 0.316969 0.0457579 0
 0.0361596 0.667082 0.258105 0.0386534 0
 0.158088 0.579412 0.248529 0.0139706 0
 0.0477256 0.309471 0.559284 0.082774 0.000745712
 0.0406174 0.521527 0.379366 0.0568643 0.0016247
 0.151134 0.462217 0.34131 0.0453401 0
 0.294876 0.26143 0.354403 0.0886775 0.000613685
 0.281977 0.475581 0.204845 0.0348837 0.00271318
 0 0 0 0 0
pf_pred 
 0.390051 0.425322 0.164606 0.0200162 4.79004e-06
 0.440959 0.324604 0.163475 0.0632671 0.0076952
 0.291781 0.448812 0.150623 0.0758557 0.0329279
 0.475605 0.266066 0.163708 0.054941 0.0396798
 0.617532 0.251432 0.0664843 0.0409073 0.0236438
 0.38 0.47463 0.0955656 0.0252697 0.0245349
 0.626389 0.218705 0.118585 0.0238768 0.0124435
 0.523651 0.37342 0.0602529 0.03267 0.0100062
 0.608768 0.279874 0.0872956 0.0140855 0.00997657
 0.534208 0.362442 0.0739334 0.0230606 0.0063564
 0.309939 0.491607 0.154421 0.0314998 0.0125333
 0.286898 0.365202 0.247848 0.0778523 0.0221996
 0.465396 0.257887 0.141715 0.0961762 0.0388247
 0.437058 0.386063 0.0853248 0.046888 0.0446665
 0.54168 0.321952 0.0935202 0.0206692 0.0221783
 0.554347 0.343244 0.0719389 0.0208967 0.00957409
 0.461602 0.399265 0.10716 0.0224592 0.00951294
 0.476293 0.344081 0.133207 0.035752 0.0106669
 0.453973 0.362046 0.120878 0.0467965 0.0163072
 0.60414 0.253826 0.0941767 0.0314431 0.0164148
 0.556026 0.339929 0.0667136 0.0247527 0.0125786
 0.445143 0.399934 0.118617 0.0232795 0.0130266
 0.479309 0.325655 0.14058 0.0416949 0.0127619
 0.431066 0.375571 0.120935 0.0522054 0.020223
 0.199109 0.494381 0.202336 0.0651527 0.0390203
pobs_RECLAS
 0 0 0 0 0
 0 0 0 0 0
 0 0 0 0 0
 0 0 0 0 0
 0.835266 0.146461 0.0176864 0.000547809 3.91292e-05
 0.385257 0.428462 0.181853 0.0044286 0
 0.867414 0.0963971 0.0333333 0.00285562 0
 0.441836 0.489002 0.0689373 0.000224442 0
 0.779404 0.147425 0.0564933 0.0165055 0.000172143
 0.814271 0.122319 0.05973 0.00367925 0
 0.40263 0.566651 0.0304383 0.000280538 0
 0.475488 0.404961 0.113038 0.00651328 0
 0.955842 0.0263864 0.0167828 0.000988607 0
 0.975058 0.0227948 0.00214734 0 0
 0.738997 0.206755 0.0527124 0.00153531 0
 0.850938 0.134255 0.0134407 0.00136685 0
 0.542534 0.407297 0.0501686 0 0
 0.764087 0.199537 0.0359546 0.000420521 0
 0.470689 0.182191 0.310203 0.0369168 0
 0.84361 0.089868 0.0606195 0.00523954 0.000663233
 0.607945 0.314616 0.071237 0.00620181 0
 0.523733 0.453247 0.0230204 0 0
 0.530135 0.295979 0.169645 0.0042399 0
 0.562478 0.366248 0.0663022 0.0049721 0
 0.250443 0.683176 0.0655157 0.000865301 0
ppred_RECLAS
 0.392505 0.423611 0.163943 0.0199357 4.77077e-06
 0.444005 0.322835 0.162584 0.0629224 0.00765326
 0.299651 0.443825 0.148949 0.0750127 0.032562
 0.477323 0.265194 0.163172 0.054761 0.0395498
 0.617812 0.251248 0.0664356 0.0408774 0.0236265
 0.384937 0.470851 0.0948047 0.0250684 0.0243395
 0.628775 0.217309 0.117828 0.0237244 0.0123641
 0.528514 0.369608 0.0596378 0.0323365 0.00990406
 0.612793 0.276995 0.0863976 0.0139406 0.00987394
 0.536677 0.36052 0.0735415 0.0229383 0.0063227
 0.315023 0.487985 0.153283 0.0312677 0.012441
 0.29141 0.362891 0.246279 0.0773597 0.0220592
 0.474973 0.253268 0.139177 0.0944534 0.0381293
 0.459007 0.37101 0.081998 0.0450599 0.042925
 0.558786 0.309936 0.0900298 0.0198977 0.0213505
 0.559574 0.339218 0.0710951 0.0206516 0.0094618
 0.465436 0.396423 0.106397 0.0222993 0.00944521
 0.478837 0.342409 0.13256 0.0355783 0.0106151
 0.456252 0.360534 0.120373 0.0466012 0.0162391
 0.606192 0.25251 0.0936884 0.0312801 0.0163297
 0.556875 0.339279 0.066586 0.0247053 0.0125545
 0.446296 0.399102 0.118371 0.0232311 0.0129996
 0.480935 0.324638 0.140141 0.0415646 0.012722
 0.432973 0.374312 0.120529 0.0520304 0.0201552
 0.200688 0.493407 0.201937 0.0650243 0.0389434
pobs_PELACES
 0 0 0 0 0
 0 0 0 0 0
 0 0 0 0 0
 0 0 0 0 0
 0 0 0 0 0
 0 0 0 0 0
 0 0 0 0 0
 0 0 0 0 0
 0 0 0 0 0
 0 0 0 0 0
 0.450072 0.473896 0.0757376 0.000293798 0
 0 0 0 0 0
 0.463077 0.371075 0.160297 0.00555027 0
 0.529543 0.364841 0.0842815 0.0213345 0
 0.631943 0.363953 0.00410389 0 0
 0.735681 0.248677 0.0153453 0.000297389 0
 0.695825 0.281241 0.0229344 0 0
 0.275771 0.60734 0.115278 0.00161068 0
 0 0 0 0 0
 0.896147 0.0623911 0.0374545 0.00400742 0
 0.803859 0.145111 0.0509908 3.86294e-05 0
 0.739449 0.233085 0.0266225 0.000797448 4.60066e-05
 0.878498 0.100942 0.0204185 0.000141795 0
 0.694673 0.275183 0.0284847 0.00165964 0
 0 0 0 0 0
ppred_PELACES
 0.403426 0.415996 0.160996 0.0195773 4.68501e-06
 0.457073 0.315248 0.158763 0.0614435 0.00747339
 0.325931 0.427171 0.14336 0.072198 0.0313402
 0.485451 0.26107 0.160635 0.0539095 0.0389348
 0.619343 0.250242 0.0661695 0.0407136 0.0235318
 0.403915 0.456322 0.0918793 0.0242949 0.0235885
 0.639273 0.211163 0.114496 0.0230535 0.0120145
 0.547257 0.354914 0.057267 0.031051 0.00951034
 0.628721 0.265601 0.0828436 0.0133672 0.00946777
 0.547654 0.351979 0.0717992 0.0223949 0.00617291
 0.334137 0.474368 0.149006 0.0303952 0.0120938
 0.308724 0.354025 0.240262 0.0754695 0.0215202
 0.505902 0.238348 0.130978 0.0888892 0.0358831
 0.513401 0.333707 0.0737535 0.0405293 0.0386091
 0.603743 0.278355 0.0808563 0.0178703 0.019175
 0.579252 0.324062 0.0679186 0.0197289 0.00903905
 0.481119 0.384792 0.103276 0.0216451 0.00916811
 0.490127 0.334992 0.129689 0.0348076 0.0103851
 0.466564 0.353697 0.11809 0.0457174 0.0159312
 0.615516 0.246531 0.0914701 0.0305395 0.015943
 0.561224 0.335949 0.0659325 0.0244629 0.0124313
 0.452036 0.394965 0.117144 0.0229903 0.0128648
 0.488687 0.319789 0.138048 0.0409439 0.012532
 0.441848 0.368454 0.118643 0.0512161 0.0198397
 0.207842 0.488991 0.20013 0.0644424 0.0385949
pobs_pel_tallas
 0 0 0 0 0 0 0 0 0 0 0 0 0 0 0 0 0 0 0 0 0 0 0 0 0 0 0 0 0 0 0 0 0 0 0 0
 0 0 0 0 0 0 0 0 0 0 0 0 0 0 0 0 0 0 0 0 0 0 0 0 0 0 0 0 0 0 0 0 0 0 0 0
 0 0 0 0 0 0 0 0 0 0 0 0 0 0 0 0 0 0 0 0 0 0 0 0 0 0 0 0 0 0 0 0 0 0 0 0
 0 0 0 0 0 0 0 0 0 0 0 0 0 0 0 0 0 0 0 0 0 0 0 0 0 0 0 0 0 0 0 0 0 0 0 0
 0 0 0 0 0 0 0 0 0 0 0 0 0 0 0 0 0 0 0 0 0 0 0 0 0 0 0 0 0 0 0 0 0 0 0 0
 0 0 0 0 0 0 0 0 0 0 0 0 0 0 0 0 0 0 0 0 0 0 0 0 0 0 0 0 0 0 0 0 0 0 0 0
 0 0 0 0 0 0 0 0 0 0 0 0 0 0 0 0 0 0 0 0 0 0 0 0 0 0 0 0 0 0 0 0 0 0 0 0
 0 0 0 0 0 0 0 0 0 0 0 0 0 0 0 0 0 0 0 0 0 0 0 0 0 0 0 0 0 0 0 0 0 0 0 0
 0 0 0 0 0 0 0 0 0 0 0 0 0 0 0 0 0 0 0 0 0 0 0 0 0 0 0 0 0 0 0 0 0 0 0 0
 0 0 0 0 0 0 0 0 0 0 0 0 0 0 0 0 0 0 0 0 0 0 0 0 0 0 0 0 0 0 0 0 0 0 0 0
 0 0 0 0 0 0 0 0 1.78061e-05 0.00172719 0.00360574 0.0105946 0.0120993 0.0124554 0.0147524 0.0171206 0.0266825 0.0428682 0.0675386 0.121331 0.153587 0.119568 0.100827 0.0573624 0.0630603 0.0341343 0.0324427 0.0444173 0.0211091 0.0280891 0.0125444 0.00206551 0 0 0 0
 0 0 0 0 0 0 0 0 0 0 0 0 0 0 0 0 0 0 0 0 0 0 0 0 0 0 0 0 0 0 0 0 0 0 0 0
 0 0 0 0 0 0 0.0133647 0.0140871 0.0187388 0.0205184 0.03894 0.0496705 0.03968 0.0493445 0.0407372 0.0367815 0.0215668 0.0243155 0.0234873 0.0199281 0.019796 0.0243948 0.0301388 0.0376714 0.0412746 0.0863199 0.0771752 0.113111 0.0741005 0.0525337 0.0229764 0.00759418 0.00175318 0 0 0
 0 0 0 0 0 0 0 0 0 0 0.00219441 0.00772107 0.0458388 0.0604681 0.0671733 0.0775358 0.0609151 0.0617685 0.073594 0.0568108 0.0755445 0.0548602 0.0670107 0.0636378 0.0643287 0.046367 0.0373049 0.0286899 0.0247887 0.0153202 0.00654259 0.00121912 0.000365735 0 0 0
 0 0 0 0 0 0 0 0 0 0 0 0 0.000112435 0.00938835 0.0111873 0.0202946 0.0414886 0.0713402 0.111592 0.104902 0.108894 0.110636 0.117776 0.105296 0.107544 0.0401394 0.0192827 0.0124803 0.00416011 0.0028671 0.000618394 0 0 0 0 0
 0 0 0 0 0 0 0 0 0 0 0.00291406 0.0102884 0.027416 0.0768956 0.0749926 0.110853 0.0956884 0.0897413 0.0766577 0.0534642 0.0500743 0.0551293 0.0594112 0.0620874 0.0668451 0.0424026 0.0208742 0.0120726 0.0048766 0.00582813 0.00118941 0.000297354 0 0 0 0
 0 0.00264628 0.0354308 0.0461629 0.0458689 0.0383711 0.0214643 0.0164657 0.0346957 0.0420465 0.0363128 0.0245516 0.0311673 0.0291091 0.0169068 0.0133784 0.00837989 0.0085269 0.0148486 0.0160247 0.0276389 0.0546898 0.0760071 0.122758 0.109233 0.0665981 0.0333725 0.0166128 0.00676272 0.00308733 0.000882094 0 0 0 0 0
 0 0 0 0 0 0 0 0.000805153 0.000690131 0.00759144 0.0133425 0.0154129 0.00931677 0.000345066 0.00356568 0.00563607 0.00851162 0.0253048 0.0502646 0.0516448 0.0657925 0.0565908 0.0611916 0.0827007 0.0866115 0.110766 0.145733 0.0935128 0.0569358 0.0249597 0.0138026 0.00621118 0.00161031 0.00115022 0 0
 0 0 0 0 0 0 0 0 0 0 0 0 0 0 0 0 0 0 0 0 0 0 0 0 0 0 0 0 0 0 0 0 0 0 0 0
 0.00147267 0.00158595 0.00478618 0.00569244 0.00954404 0.0108468 0.00647125 0.017049 0.0510054 0.094081 0.124002 0.0959785 0.0687766 0.0820023 0.061753 0.0591476 0.0492212 0.0479892 0.0443925 0.0268479 0.0217502 0.0140895 0.0121071 0.0120363 0.00920419 0.00665534 0.0049561 0.00860946 0.00930331 0.0156896 0.0114698 0.00855282 0.00243557 0.00046729 0 2.83206e-05
 0 0 0 0 0.000772559 0.00158375 0.000888443 0.00281984 0.00712685 0.0440552 0.0773331 0.111326 0.0921469 0.0852325 0.0710754 0.0886704 0.0786465 0.0553345 0.0373146 0.0185414 0.00753245 0.00457741 0.012979 0.0271748 0.0457355 0.0583668 0.034881 0.0177882 0.00938659 0.00492506 0.0015258 0.00185414 0.000309023 5.79419e-05 3.86279e-05 0
 0 0.00173294 0.00326652 0 0.00397197 0.00683976 0.00946217 0.0152591 0.00757587 0.0136028 0.0228656 0.0392903 0.0559909 0.0764795 0.0681675 0.0726916 0.0566044 0.0477403 0.0527397 0.0444891 0.0609904 0.0582453 0.0661739 0.0445044 0.0529084 0.0360697 0.0280645 0.0235558 0.0158879 0.00826598 0.00280645 0.00217768 0.000904811 0.00058276 9.20147e-05 0
 0 0 0 0 0 0 0 0 0 0 0 0 0 0 0 0 0 0 0 0 0 0 0 0 0 0 0 0 0 0 0 0 0 0 0 0
 0 0 0 0 0 0 0 0 0 0 0 0 0 0 0 0 0 0 0 0 0 0 0 0 0 0 0 0 0 0 0 0 0 0 0 0
 0 0 0 0 0 0 0 0 0 0 0 0 0 0 0 0 0 0 0 0 0 0 0 0 0 0 0 0 0 0 0 0 0 0 0 0
ppred_pel_tallas
 1.03094e-16 1.76211e-05 0.000103374 0.000491291 0.00189133 0.00589779 0.0148977 0.0304853 0.0505429 0.0679082 0.0739781 0.0654455 0.0472661 0.0284292 0.0153776 0.00947233 0.00894769 0.0116578 0.0162413 0.0219736 0.0283219 0.0346976 0.0404325 0.0448764 0.0475314 0.0481591 0.0468237 0.043853 0.0397405 0.0350201 0.0301583 0.0254913 0.0212134 0.0174035 0.0140686 0.0111837
 1.04817e-16 1.99562e-05 0.000117092 0.000556532 0.00214256 0.00668126 0.0168766 0.0345334 0.0572498 0.0769055 0.0837427 0.0739963 0.0532512 0.0316485 0.0164298 0.0090696 0.00750283 0.00925583 0.0127906 0.0173592 0.0225108 0.027801 0.0327319 0.036811 0.0396468 0.0410274 0.0409529 0.0396094 0.0373011 0.0343639 0.0310941 0.0277084 0.0243418 0.0210683 0.0179318 0.01497
 1.0612e-16 1.42423e-05 8.35362e-05 0.00039698 0.00152821 0.0047654 0.0120374 0.024633 0.040843 0.0548845 0.0598135 0.0529697 0.0383757 0.0233222 0.0130522 0.0087109 0.00891893 0.0119803 0.01681 0.022801 0.0294579 0.0362004 0.0423594 0.047282 0.0504668 0.051671 0.050951 0.0486204 0.0451483 0.0410328 0.0366956 0.0324245 0.0283694 0.024578 0.0210451 0.0177566
 1.06037e-16 2.11914e-05 0.000124349 0.000591043 0.00227545 0.00709569 0.0179233 0.0366748 0.0607976 0.0816647 0.0889076 0.0785186 0.0564153 0.0333479 0.0169799 0.00884558 0.00672088 0.0079583 0.0109261 0.0148643 0.0193659 0.0240641 0.0285528 0.0324248 0.0353475 0.0371249 0.0377255 0.0372619 0.035939 0.0339886 0.0316155 0.0289711 0.0261549 0.0232334 0.0202644 0.0173131
 1.0352e-16 2.70291e-05 0.000158623 0.000753988 0.00290284 0.00905218 0.0228652 0.0467861 0.0775566 0.104167 0.113381 0.100074 0.0717757 0.0421706 0.0209938 0.0101494 0.00674096 0.00733568 0.00981384 0.0131996 0.0170093 0.0208563 0.0243405 0.0270817 0.0287932 0.0293436 0.0287795 0.0272992 0.0251908 0.022756 0.0202459 0.0178269 0.0155784 0.0135149 0.0116177 0.00986285
 1.0339e-16 1.76439e-05 0.000103504 0.000491905 0.00189368 0.00590511 0.0149162 0.0305235 0.0506072 0.0679976 0.0740832 0.0655569 0.0473863 0.0285804 0.0156008 0.00982136 0.00948323 0.0124388 0.0173128 0.0233499 0.029969 0.036521 0.0422763 0.0465393 0.0487978 0.0488397 0.0467964 0.0430914 0.0383228 0.0331148 0.0279921 0.0233067 0.0192275 0.015777 0.0128897 0.0104685
 1.03048e-16 2.78967e-05 0.00016372 0.000778225 0.00299617 0.00934324 0.0236003 0.04829 0.0800483 0.107509 0.117009 0.103252 0.0740021 0.0433725 0.0213961 0.0100208 0.00624168 0.00650736 0.00863647 0.0116484 0.0150926 0.0186355 0.0219355 0.0246596 0.0265432 0.0274424 0.0273558 0.0264082 0.0248054 0.0227761 0.0205241 0.0182011 0.0159033 0.0136852 0.011579 0.00960984
 1.0244e-16 2.38901e-05 0.000140184 0.000666307 0.00256521 0.00799927 0.0202058 0.0413455 0.0685417 0.0920706 0.100246 0.0885555 0.063677 0.0377395 0.0193943 0.0103807 0.00819411 0.0098364 0.0134299 0.0180491 0.0231361 0.0281603 0.0325499 0.0357649 0.0374118 0.0373324 0.0356376 0.0326663 0.0288923 0.0248077 0.0208236 0.0172132 0.0141035 0.0115047 0.00935729 0.00757706
 1.02165e-16 2.74387e-05 0.000161026 0.000765409 0.00294681 0.00918929 0.0232115 0.0474949 0.0787318 0.105746 0.115102 0.1016 0.0728834 0.0428482 0.0213807 0.0104179 0.00702336 0.00771356 0.0103337 0.0138839 0.017857 0.0218374 0.0253929 0.028112 0.0296851 0.0299714 0.029025 0.0270687 0.0244284 0.0214511 0.0184342 0.0155854 0.0130158 0.010759 0.00880204 0.00711322
 1.02192e-16 2.39073e-05 0.000140286 0.000666789 0.00256707 0.00800506 0.0202204 0.0413754 0.0685912 0.0921369 0.100318 0.0886176 0.0637191 0.0377594 0.0193953 0.0103671 0.00816795 0.00979809 0.01338 0.0179901 0.023074 0.0281048 0.0325132 0.0357604 0.0374499 0.0374177 0.0357655 0.0328224 0.0290533 0.0249452 0.0209088 0.0172227 0.0140234 0.0113331 0.0091042 0.00726185
 1.0388e-16 1.46021e-05 8.56442e-05 0.000406992 0.00156674 0.00488554 0.0123409 0.0252544 0.0418743 0.0562733 0.0613347 0.0543352 0.0394048 0.0240266 0.0135871 0.00927266 0.00967961 0.0130725 0.0183293 0.0248 0.0319291 0.0390579 0.0454295 0.0503112 0.0531492 0.0536906 0.0520299 0.0485625 0.0438674 0.0385621 0.0331762 0.0280799 0.0234721 0.0194148 0.0158871 0.0128357
 1.07125e-16 1.34893e-05 7.91215e-05 0.000376006 0.00144747 0.00451365 0.0114014 0.0233313 0.0386835 0.0519791 0.0566383 0.0501367 0.0362779 0.0219579 0.0121316 0.00787242 0.007868 0.0105175 0.0148173 0.0202407 0.0263898 0.0328014 0.0389257 0.0442037 0.0481731 0.0505563 0.0512987 0.0505449 0.0485707 0.0456958 0.0422123 0.0383471 0.0342612 0.0300713 0.0258786 0.0217863
 1.06668e-16 2.20821e-05 0.000129581 0.00061592 0.00237124 0.00739443 0.0186779 0.0382185 0.0633555 0.0850973 0.0926361 0.081791 0.058722 0.0346216 0.0174625 0.00882678 0.00637983 0.00734984 0.0100332 0.0136497 0.0178049 0.0221638 0.0263613 0.0300325 0.0328789 0.0347241 0.0355365 0.0354103 0.0345172 0.0330471 0.0311619 0.0289739 0.0265515 0.02394 0.0211864 0.018355
 1.04353e-16 2.24129e-05 0.000131514 0.000625093 0.00240653 0.00750444 0.0189559 0.038788 0.064302 0.0863759 0.0940472 0.0830826 0.0597486 0.0354256 0.0182327 0.00980617 0.00780259 0.00941771 0.0129003 0.0173939 0.0223875 0.0273942 0.0318853 0.0353563 0.0374313 0.0379461 0.0369777 0.0348084 0.0318404 0.0284917 0.0251083 0.0219158 0.0190169 0.0164205 0.0140864 0.0119641
 1.02749e-16 2.63501e-05 0.000154634 0.000735016 0.00282978 0.00882435 0.0222898 0.045609 0.0756062 0.10155 0.110541 0.0975871 0.0700348 0.0412337 0.0206867 0.0102652 0.00716027 0.0080352 0.0108229 0.0145557 0.0187278 0.0229116 0.0266575 0.0295373 0.0312294 0.0315886 0.0306729 0.0287149 0.026053 0.023045 0.0199945 0.0171099 0.014498 0.0121861 0.0101552 0.00837049
 1.0217e-16 2.5284e-05 0.00014837 0.000705231 0.00271509 0.00846667 0.0213863 0.0437608 0.0725442 0.0974424 0.106083 0.0936824 0.0673004 0.0397603 0.0201997 0.0104374 0.00780054 0.00910113 0.012352 0.0165957 0.0212893 0.0259407 0.0300251 0.0330462 0.0346385 0.0346499 0.0331722 0.0305058 0.0270759 0.0233277 0.0196368 0.0162576 0.0133145 0.0108281 0.00875545 0.00702949
 1.02764e-16 2.10075e-05 0.000123258 0.00058583 0.00225534 0.00703295 0.017765 0.0363517 0.0602654 0.0809603 0.088168 0.0779303 0.0561336 0.0334638 0.0175568 0.00997877 0.00856519 0.01071 0.0147723 0.0199178 0.0255979 0.0312526 0.0362629 0.0400358 0.0421291 0.0423486 0.0407864 0.0377808 0.0338193 0.0294176 0.0250154 0.0209161 0.0172769 0.0141373 0.0114654 0.00920057
 1.03632e-16 2.13983e-05 0.000125557 0.000596769 0.00229748 0.00716436 0.0180968 0.0370304 0.061389 0.0824649 0.089794 0.0793377 0.0570827 0.0339001 0.0175502 0.00960678 0.00784591 0.00960302 0.0132152 0.0178665 0.0230608 0.0283133 0.0330883 0.0368657 0.0392449 0.0400298 0.0392625 0.0371919 0.0341951 0.0306792 0.0269964 0.0233968 0.0200225 0.0169301 0.0141277 0.0116064
 1.04107e-16 2.03715e-05 0.000119527 0.0005681 0.00218709 0.00682011 0.0172273 0.0352514 0.0584409 0.0785078 0.0854936 0.0755579 0.0544063 0.0323973 0.0169313 0.00952203 0.00806766 0.0100426 0.0138648 0.0187442 0.0241782 0.0296603 0.034628 0.038537 0.0409719 0.041735 0.0408812 0.038683 0.0355453 0.0318999 0.0281152 0.0244464 0.0210301 0.0179108 0.0150827 0.0125244
 1.03174e-16 2.68622e-05 0.000157643 0.000749329 0.0028849 0.00899625 0.0227239 0.046497 0.0770774 0.103523 0.11268 0.0994555 0.0713322 0.0419103 0.0208652 0.01009 0.00670755 0.00730863 0.00978982 0.0131854 0.0170189 0.0209092 0.0244598 0.0272895 0.0291058 0.0297652 0.029298 0.0278847 0.0257979 0.0233295 0.02073 0.0181739 0.0157571 0.0135148 0.0114496 0.00955531
 1.02467e-16 2.44984e-05 0.000143757 0.000683297 0.00263063 0.00820328 0.0207211 0.0423997 0.0702886 0.0944146 0.102792 0.0907888 0.0652493 0.038604 0.0197148 0.0103537 0.0079412 0.00939548 0.0127923 0.0171958 0.0220611 0.0268829 0.0311192 0.0342571 0.0359199 0.0359514 0.0344483 0.0317225 0.0282137 0.0243811 0.0206104 0.0171603 0.0141548 0.0116104 0.00947948 0.00769092
 1.03183e-16 1.97398e-05 0.000115814 0.000550441 0.00211908 0.00660802 0.0166917 0.0341557 0.0566259 0.0760742 0.0828555 0.073255 0.0528105 0.0315721 0.0167284 0.00976771 0.00867377 0.0110118 0.0152453 0.0205814 0.0264789 0.03237 0.0376213 0.0416234 0.0439182 0.0442994 0.0428516 0.0399101 0.0359632 0.0315294 0.027052 0.022839 0.019053 0.0157402 0.0128767 0.0104116
 1.04057e-16 2.13349e-05 0.000125186 0.00059501 0.00229071 0.00714325 0.0180435 0.0369212 0.0612075 0.08222 0.0895244 0.0790924 0.0568908 0.0337554 0.0174193 0.00944699 0.00761692 0.00927105 0.0127548 0.0172649 0.0223236 0.0274707 0.0321967 0.036004 0.0385051 0.0395025 0.0390214 0.0372813 0.034623 0.0314168 0.0279853 0.0245596 0.0212748 0.0181924 0.015333 0.0127051
 1.04492e-16 1.92944e-05 0.000113202 0.000538027 0.00207129 0.00645901 0.0163152 0.0333853 0.0553482 0.0743564 0.0809811 0.0715895 0.0515918 0.0308077 0.0162588 0.00939464 0.00824079 0.0104174 0.0144292 0.0195169 0.0251769 0.030887 0.0360634 0.0401407 0.0426881 0.0435015 0.0426395 0.0403863 0.037163 0.0334171 0.0295288 0.0257591 0.0222453 0.0190294 0.0161017 0.0134385
 1.07018e-16 9.09567e-06 5.33152e-05 0.000253292 0.000974949 0.00304007 0.00767946 0.0157169 0.0260664 0.0350485 0.038251 0.0340046 0.0249193 0.0157103 0.00981053 0.00805723 0.00967994 0.0136819 0.0193978 0.0263762 0.0341282 0.0420091 0.0492544 0.0551099 0.0589886 0.0605938 0.0599676 0.0574464 0.0535473 0.0488288 0.0437711 0.0387121 0.0338419 0.0292392 0.0249247 0.0209062
pSPR Fmed_Fpbrs
0.561377   0.254687 0.254687
Fs Fmed_Fpbrs
0.321964   1.005 1.005
SSBpbr Bo_Bmed_Bpbrs
942714  482082  192961 192961
Ro
37049.1
SPR SPRFo_SPRFmed_SPRFpbrs
763565 428648 194470
log_Ro
10.34
likeval ReclasPelacesDesembMPH_pf_preclas_ppelaces_ptallas_desvR_qrecl_qpela
 102.905 88.0951 0.00447174 0.000665956 311.894 206.36 74.3051 0 14.5919 0 0 0 0 0 0
q_reclas_q_pelaces
1 1
M
0.7
N
 37383.2 21615.4 8365.47 1017.25 0.243436
 41056.4 16168.9 8142.88 3151.41 383.307
 19491.8 17374 5830.76 2936.45 1274.67
 22894.7 6681.57 4111.12 1379.7 996.458
 50164.4 10301.1 2723.84 1675.96 968.677
 35407.2 24425.8 4918.07 1300.45 1262.63
 74675.6 13819.8 7493.29 1508.76 786.297
 82480.3 32331.9 5216.88 2828.67 866.368
 130149 32590.7 10165.4 1640.23 1161.75
 146587 52648 10739.5 3349.76 923.326
 72023.3 63663.4 19997.5 4079.24 1623.07
 38922.9 27460.1 18636 5853.82 1669.22
 46810.7 15055.3 8273.23 5614.7 2266.56
 28409 15974 3530.46 1940.07 1848.15
 19859.8 7287.95 2117 467.883 502.045
 16454.6 5632.45 1180.48 342.905 157.106
 13676.4 6406.81 1719.55 360.392 152.65
 14658.5 5612.6 2172.86 583.181 173.997
 15086.1 6347.35 2119.21 820.432 285.897
 29889.1 6606.37 2451.15 818.376 427.23
 42121.6 13179 2586.48 959.659 487.671
 42813.8 19828.1 5880.86 1154.16 645.841
 56019.3 19817.3 8554.79 2537.29 776.607
 55463.8 25321.2 8153.48 3519.72 1363.44
 18789.9 24691.1 10105.4 3253.95 1948.81
pred_Ctot
 3496.3 3812.45 1475.47 179.419 0.0429364
 4405.38 3242.94 1633.19 632.067 76.8785
 4434.69 6821.36 2289.27 1152.91 500.461
 1555.65 870.271 535.472 179.706 129.788
 703.366 286.38 75.7253 46.5933 26.9302
 5525.63 6901.66 1389.63 367.45 356.765
 6935.06 2421.39 1312.91 264.352 137.769
 12278.9 8756.22 1412.85 766.07 234.633
 17558.7 8072.39 2517.86 406.268 287.753
 13324.3 9040.06 1844.05 575.18 158.542
 12212.7 19371 6084.71 1241.2 493.855
 6278.24 7991.78 5423.69 1703.66 485.798
 10759.8 5962.27 3276.41 2223.56 897.615
 10253.7 9057.35 2001.79 1100.03 1047.91
 6324.19 3758.83 1091.86 241.315 258.934
 2591.11 1604.38 336.254 97.6747 44.7509
 1726.18 1493.07 400.73 83.9872 35.574
 1360.24 982.656 380.425 102.104 30.4635
 1291.25 1029.78 343.816 133.105 46.3831
 2425.67 1019.13 378.127 126.247 65.9066
 1581.83 967.057 189.792 70.4183 35.7846
 2098.85 1885.69 559.281 109.763 61.4207
 3636.17 2470.51 1066.48 316.309 96.8151
 4155.59 3620.61 1165.84 503.275 194.955
 1700.3 4221.79 1727.86 556.374 333.215
F
 0.138131 0.276262 0.276262 0.276262 0.276262
 0.159971 0.319943 0.319943 0.319943 0.319943
 0.370639 0.741278 0.741278 0.741278 0.741278
 0.0986555 0.197311 0.197311 0.197311 0.197311
 0.0196665 0.039333 0.039333 0.039333 0.039333
 0.240816 0.481631 0.481631 0.481631 0.481631
 0.1371 0.274201 0.274201 0.274201 0.274201
 0.228532 0.457065 0.457065 0.457065 0.457065
 0.205049 0.410098 0.410098 0.410098 0.410098
 0.13401 0.268019 0.268019 0.268019 0.268019
 0.264257 0.528514 0.528514 0.528514 0.528514
 0.249854 0.499707 0.499707 0.499707 0.499707
 0.375151 0.750301 0.750301 0.750301 0.750301
 0.660482 1.32096 1.32096 1.32096 1.32096
 0.560151 1.1203 1.1203 1.1203 1.1203
 0.243242 0.486485 0.486485 0.486485 0.486485
 0.190659 0.381318 0.381318 0.381318 0.381318
 0.136984 0.273968 0.273968 0.273968 0.273968
 0.125739 0.251479 0.251479 0.251479 0.251479
 0.118868 0.237737 0.237737 0.237737 0.237737
 0.0534614 0.106923 0.106923 0.106923 0.106923
 0.0703045 0.140609 0.140609 0.140609 0.140609
 0.0940551 0.18811 0.18811 0.18811 0.18811
 0.109287 0.218575 0.218575 0.218575 0.218575
 0.133374 0.266747 0.266747 0.266747 0.266747
nmprior
 10 11 7 0
nm_flota  nm_reclas  nm_pelaces    nm_pelaL
inf 13.8432 12.539 20.7929
cv_recla  cv_pelaces  cv_mph
0.91758 1.10444 0.837261
 ------------------------------------------------
Talla a la edad & desviación 
 7.2 14.2025 17.0495 18.207 18.6776
 1.08 2.13037 2.55742 2.73105 2.80164
