years
 1997 1998 1999 2000 2001 2002 2003 2004 2005 2006 2007 2008 2009 2010 2011 2012 2013 2014 2015 2016 2017 2018 2019 2020 2021
reclasobs
 0 0 0 370054 412103 1.49427e+06 250295 1.28982e+06 931140 785840 897777 1.04006e+06 184774 17550 25797 100020 73551 82996 120727 218422 84188 347160 605670 569463 516374
reclaspred
 2.85477e+06 528613 1.32774e+06 691122 720195 908892 1.87986e+06 1.17115e+06 1.23616e+06 1.28499e+06 1.14469e+06 780317 468798 231428 165475 165272 185918 268736 305701 389521 631573 662729 1.09335e+06 1.19004e+06 1.57242e+06
pelacesobs
 0 0 0 0 0 0 0 0 0 2.06254e+06 1.5e+06 0 1.87456e+06 323000 250000 174000 83755 137374 0 501740 490994 745055 786931 1.00524e+06 0
pelacespred
 1.65502e+06 629420 474219 514496 448076 450307 960231 815233 722643 775888 596426 421347 251063 102001 73270.5 82422 96864.5 139665 167294 207088 366133 397481 502378 654266 873750
mphobs
 0 0 0 0 0 112323 0 153150 637223 0 255016 313432 73983 77613 109348 50772 0 0 0 0 0 0 0 0 0
mphpred
 2.0947e+06 1.06897e+06 799390 793030 591136 781578 1.15034e+06 1.41063e+06 1.0274e+06 1.14545e+06 1.18196e+06 809449 517572 287183 149952 139025 150602 199594 265873 296942 448100 615871 761245 999770 1.29417e+06
desembarqueobs
 350755 77701 442110 56441 14545 235359 269955 359681 431902 328805 639364 411747 362871 311530 167758 66681 60226 58785 57116 71774 51957 67425 138520 160799 200461
desembarquepred
 350567 77677.3 442367 56321.2 14500.4 235455 269626 359223 431644 328647 639335 412026 362773 311928 167472 66640.9 60228.3 58719.3 57082.5 71772.9 51943.3 67311 138314 160813 200446
Reclutas
 71039.1 60710.1 25372.2 36977.4 76204.1 63800.7 112922 60885 130309 139398 63408.5 47495.3 48277.5 30343.1 21443.2 18027.5 15053.6 20409.4 19217 33695.2 60641.9 61218.3 91433.6 85355.5 124090
log_desv_Rt
 0.350985 0.193865 -0.678591 -0.301938 0.421171 0.24352 0.814455 0.196742 0.957666 1.02509 0.237353 -0.0516137 -0.0352788 -0.499675 -0.846839 -1.02035 -1.20063 -0.896251 -0.956449 -0.394889 0.192742 0.202202 0.603369 0.53458 0.908759
SSB
 2.0947e+06 1.06897e+06 799390 793030 591136 781578 1.15034e+06 1.41063e+06 1.0274e+06 1.14545e+06 1.18196e+06 809449 517572 287183 149952 139025 150602 199594 265873 296942 448100 615871 761245 999770 1.29417e+06
BT
 4.32604e+06 1.3182e+06 1.26646e+06 1.08799e+06 1.01458e+06 1.07589e+06 2.64956e+06 2.07104e+06 2.18357e+06 2.09464e+06 1.81651e+06 1.26818e+06 915904 515906 321738 237206 271001 370851 394538 528982 939886 859445 1.1464e+06 1.4979e+06 2.03711e+06
Ftot
 0.119509 0.142801 0.319555 0.0794946 0.0197094 0.249911 0.139498 0.295015 0.335619 0.247127 0.526882 0.499436 0.718821 1.18829 0.925508 0.385603 0.311595 0.211584 0.181034 0.17878 0.0802647 0.0989739 0.123096 0.131428 0.12405
BD_Bspro_t
 0.982206 0.886183 0.799887 0.650497 0.707686 0.809641 0.759748 0.764678 0.672989 0.651257 0.630904 0.46356 0.361015 0.267143 0.174382 0.189981 0.263843 0.401933 0.532805 0.619313 0.731164 0.828775 0.834877 0.827962 0.812977
BD_Bspro
 2.0323 1.03712 0.775576 0.769405 0.573526 0.758295 1.11607 1.36861 0.996795 1.11133 1.14675 0.785335 0.502153 0.278627 0.145485 0.134884 0.146115 0.193648 0.257952 0.288096 0.434751 0.597524 0.738568 0.969987 1.25562
BD_Bo
 1.69866 0.866864 0.648253 0.643095 0.479373 0.633809 0.932849 1.14393 0.833156 0.928888 0.95849 0.65641 0.419717 0.232886 0.121601 0.112741 0.122128 0.161858 0.215605 0.2408 0.363379 0.499431 0.61732 0.810748 1.04949
BD_Brms
 8.29883 4.23507 3.16704 3.14185 2.34198 3.09648 4.55744 5.58868 4.07039 4.53809 4.68271 3.2069 2.05053 1.13777 0.594084 0.550795 0.596659 0.790757 1.05334 1.17643 1.77529 2.43997 3.01592 3.96092 5.12728
S_f
 0.5 1 1 1 1
 0.5 1 1 1 1
 0.5 1 1 1 1
 0.5 1 1 1 1
 0.5 1 1 1 1
 0.5 1 1 1 1
 0.5 1 1 1 1
 0.5 1 1 1 1
 0.5 1 1 1 1
 0.5 1 1 1 1
 0.5 1 1 1 1
 0.5 1 1 1 1
 0.5 1 1 1 1
 0.5 1 1 1 1
 0.5 1 1 1 1
 0.5 1 1 1 1
 0.5 1 1 1 1
 0.5 1 1 1 1
 0.5 1 1 1 1
 0.5 1 1 1 1
 0.5 1 1 1 1
 0.5 1 1 1 1
 0.5 1 1 1 1
 0.5 1 1 1 1
 0.5 1 1 1 1
Scru_reclas
 0.5 1 1 1 1
 0.5 1 1 1 1
 0.5 1 1 1 1
 0.5 1 1 1 1
 0.5 1 1 1 1
 0.5 1 1 1 1
 0.5 1 1 1 1
 0.5 1 1 1 1
 0.5 1 1 1 1
 0.5 1 1 1 1
 0.5 1 1 1 1
 0.5 1 1 1 1
 0.5 1 1 1 1
 0.5 1 1 1 1
 0.5 1 1 1 1
 0.5 1 1 1 1
 0.5 1 1 1 1
 0.5 1 1 1 1
 0.5 1 1 1 1
 0.5 1 1 1 1
 0.5 1 1 1 1
 0.5 1 1 1 1
 0.5 1 1 1 1
 0.5 1 1 1 1
 0.5 1 1 1 1
Scru_pelaces
 0.5 1 1 1 1
 0.5 1 1 1 1
 0.5 1 1 1 1
 0.5 1 1 1 1
 0.5 1 1 1 1
 0.5 1 1 1 1
 0.5 1 1 1 1
 0.5 1 1 1 1
 0.5 1 1 1 1
 0.5 1 1 1 1
 0.5 1 1 1 1
 0.5 1 1 1 1
 0.5 1 1 1 1
 0.5 1 1 1 1
 0.5 1 1 1 1
 0.5 1 1 1 1
 0.5 1 1 1 1
 0.5 1 1 1 1
 0.5 1 1 1 1
 0.5 1 1 1 1
 0.5 1 1 1 1
 0.5 1 1 1 1
 0.5 1 1 1 1
 0.5 1 1 1 1
 0.5 1 1 1 1
pf_obs 
 0.256992 0.487395 0.22802 0.0275931 0
 0.321318 0.546541 0.124235 0.00734118 0.000564706
 0.182869 0.594174 0.210203 0.0122559 0.00049798
 0.330522 0.361315 0.267642 0.0388342 0.00168674
 0.649043 0.306663 0.0425973 0.00169635 0
 0.582887 0.30429 0.105238 0.00758474 0
 0.465427 0.430635 0.0974691 0.00646863 0
 0.296916 0.608066 0.0921331 0.00288517 0
 0.311714 0.524322 0.152257 0.0117073 0
 0.15457 0.633149 0.183074 0.0267441 0.00246327
 0.131901 0.49318 0.331252 0.0422183 0.00144891
 0.196976 0.569456 0.194076 0.0375587 0.00193317
 0.518974 0.381816 0.0799577 0.0180837 0.00116848
 0.0928022 0.601141 0.25162 0.0475244 0.00691264
 0.122501 0.610282 0.24278 0.0234846 0.000952079
 0.383417 0.481906 0.127806 0.00687128 0
 0.0376549 0.599619 0.316969 0.0457579 0
 0.0361596 0.667082 0.258105 0.0386534 0
 0.158088 0.579412 0.248529 0.0139706 0
 0.0477256 0.309471 0.559284 0.082774 0.000745712
 0.0406174 0.521527 0.379366 0.0568643 0.0016247
 0.151134 0.462217 0.34131 0.0453401 0
 0.294876 0.26143 0.354403 0.0886775 0.000613685
 0.281977 0.475581 0.204845 0.0348837 0.00271318
 0 0 0 0 0
pf_pred 
 0.381658 0.311283 0.154578 0.0767613 0.07572
 0.345708 0.366925 0.144665 0.0718383 0.0708638
 0.202117 0.418004 0.213035 0.0839916 0.0828522
 0.384869 0.219695 0.207165 0.105581 0.0826888
 0.548997 0.253164 0.0706586 0.0666289 0.0605518
 0.389335 0.433558 0.0994162 0.0277473 0.0499432
 0.546078 0.262374 0.135994 0.0311839 0.0243692
 0.3069 0.495241 0.114366 0.0592784 0.024215
 0.56819 0.211956 0.157092 0.0362774 0.0264844
 0.499646 0.372051 0.0629782 0.0466767 0.0186484
 0.28251 0.489256 0.169709 0.0287273 0.0297978
 0.342635 0.314951 0.233492 0.080992 0.0279305
 0.453396 0.298967 0.118646 0.0879592 0.0410324
 0.432286 0.382107 0.101518 0.0402876 0.0438008
 0.514985 0.333946 0.101679 0.027014 0.022376
 0.518316 0.35557 0.0868329 0.0264386 0.0128424
 0.434848 0.399284 0.122441 0.0299009 0.0135264
 0.511549 0.306433 0.128597 0.0394342 0.0139866
 0.430524 0.39289 0.110782 0.0464904 0.0193127
 0.552312 0.274962 0.119166 0.033601 0.0199586
 0.592807 0.293961 0.0695454 0.0301405 0.0135467
 0.447325 0.413748 0.100294 0.0237276 0.0149052
 0.503446 0.3102 0.13951 0.0338177 0.0130265
 0.410623 0.399228 0.118787 0.0534236 0.0179383
 0.487029 0.30327 0.142046 0.0422645 0.0253906
pobs_RECLAS
 0 0 0 0 0
 0 0 0 0 0
 0 0 0 0 0
 0 0 0 0 0
 0.835266 0.146461 0.0176864 0.000547809 3.91292e-05
 0.385257 0.428462 0.181853 0.0044286 0
 0.867414 0.0963971 0.0333333 0.00285562 0
 0.441836 0.489002 0.0689373 0.000224442 0
 0.779404 0.147425 0.0564933 0.0165055 0.000172143
 0.814271 0.122319 0.05973 0.00367925 0
 0.40263 0.566651 0.0304383 0.000280538 0
 0.475488 0.404961 0.113038 0.00651328 0
 0.955842 0.0263864 0.0167828 0.000988607 0
 0.975058 0.0227948 0.00214734 0 0
 0.738997 0.206755 0.0527124 0.00153531 0
 0.850938 0.134255 0.0134407 0.00136685 0
 0.542534 0.407297 0.0501686 0 0
 0.764087 0.199537 0.0359546 0.000420521 0
 0.470689 0.182191 0.310203 0.0369168 0
 0.84361 0.089868 0.0606195 0.00523954 0.000663233
 0.607945 0.314616 0.071237 0.00620181 0
 0.523733 0.453247 0.0230204 0 0
 0.530135 0.295979 0.169645 0.0042399 0
 0.562478 0.366248 0.0663022 0.0049721 0
 0.250443 0.683176 0.0655157 0.000865301 0
ppred_RECLAS
 0.382577 0.31082 0.154349 0.0766473 0.0756075
 0.346783 0.366322 0.144427 0.0717203 0.0707473
 0.204113 0.416959 0.212502 0.0837815 0.0826449
 0.38546 0.219484 0.206967 0.10548 0.0826095
 0.549141 0.253083 0.070636 0.0666076 0.0605325
 0.391506 0.432017 0.0990628 0.0276486 0.0497657
 0.547225 0.261711 0.135651 0.0311051 0.0243076
 0.30928 0.49354 0.113973 0.0590748 0.0241318
 0.571404 0.210378 0.155923 0.0360074 0.0262873
 0.501896 0.370378 0.0626951 0.0464669 0.0185645
 0.287312 0.485981 0.168573 0.028535 0.0295983
 0.347593 0.312575 0.231731 0.0803812 0.0277198
 0.462376 0.294055 0.116696 0.0865141 0.0403582
 0.450914 0.369569 0.0981871 0.0389657 0.0423636
 0.527974 0.325003 0.0989559 0.0262906 0.0217767
 0.522219 0.352689 0.0861293 0.0262244 0.0127384
 0.437787 0.397208 0.121804 0.0297454 0.0134561
 0.513418 0.305261 0.128105 0.0392834 0.0139331
 0.432053 0.391836 0.110485 0.0463657 0.0192609
 0.553831 0.274029 0.118762 0.033487 0.0198909
 0.593414 0.293522 0.0694416 0.0300955 0.0135265
 0.448107 0.413163 0.100152 0.023694 0.0148842
 0.504451 0.309572 0.139228 0.0337492 0.0130001
 0.411671 0.398519 0.118576 0.0533286 0.0179065
 0.488043 0.302671 0.141765 0.042181 0.0253405
pobs_PELACES
 0 0 0 0 0
 0 0 0 0 0
 0 0 0 0 0
 0 0 0 0 0
 0 0 0 0 0
 0 0 0 0 0
 0 0 0 0 0
 0 0 0 0 0
 0 0 0 0 0
 0 0 0 0 0
 0.450072 0.473896 0.0757376 0.000293798 0
 0 0 0 0 0
 0.463077 0.371075 0.160297 0.00555027 0
 0.529543 0.364841 0.0842815 0.0213345 0
 0.631943 0.363953 0.00410389 0 0
 0.735681 0.248677 0.0153453 0.000297389 0
 0.695825 0.281241 0.0229344 0 0
 0.275771 0.60734 0.115278 0.00161068 0
 0 0 0 0 0
 0.896147 0.0623911 0.0374545 0.00400742 0
 0.803859 0.145111 0.0509908 3.86294e-05 0
 0.739449 0.233085 0.0266225 0.000797448 4.60066e-05
 0.878498 0.100942 0.0204185 0.000141795 0
 0.694673 0.275183 0.0284847 0.00165964 0
 0 0 0 0 0
ppred_PELACES
 0.387245 0.30847 0.153182 0.0760677 0.0750358
 0.35214 0.363318 0.143243 0.0711322 0.0701672
 0.212812 0.412401 0.210179 0.0828658 0.0817416
 0.388571 0.218373 0.205919 0.104946 0.0821912
 0.549946 0.252631 0.0705099 0.0664887 0.0604244
 0.401372 0.425012 0.0974566 0.0272003 0.0489588
 0.552922 0.258419 0.133944 0.0307138 0.0240018
 0.319774 0.486042 0.112242 0.0581773 0.0237652
 0.584909 0.203749 0.15101 0.0348728 0.025459
 0.512088 0.362799 0.0614123 0.0455161 0.0181847
 0.305437 0.473622 0.164286 0.0278093 0.0288456
 0.366507 0.303513 0.225013 0.0780508 0.0269162
 0.491957 0.277876 0.110275 0.081754 0.0381377
 0.499773 0.336684 0.0894502 0.0354985 0.038594
 0.565797 0.298961 0.0910267 0.024184 0.0200318
 0.538066 0.340991 0.0832726 0.0253546 0.0123159
 0.450479 0.388241 0.119054 0.0290739 0.0131523
 0.522134 0.299793 0.12581 0.0385797 0.0136835
 0.439397 0.386769 0.109056 0.0457661 0.0190118
 0.561108 0.26956 0.116825 0.0329408 0.0195665
 0.596606 0.291218 0.0688965 0.0298593 0.0134203
 0.452149 0.410137 0.0994185 0.0235205 0.0147751
 0.509528 0.3064 0.137801 0.0334035 0.0128669
 0.416933 0.394954 0.117515 0.0528517 0.0177463
 0.493158 0.299646 0.140349 0.0417595 0.0250873
pobs_pel_tallas
 0 0 0 0 0 0 0 0 0 0 0 0 0 0 0 0 0 0 0 0 0 0 0 0 0 0 0 0 0 0 0 0 0 0 0 0
 0 0 0 0 0 0 0 0 0 0 0 0 0 0 0 0 0 0 0 0 0 0 0 0 0 0 0 0 0 0 0 0 0 0 0 0
 0 0 0 0 0 0 0 0 0 0 0 0 0 0 0 0 0 0 0 0 0 0 0 0 0 0 0 0 0 0 0 0 0 0 0 0
 0 0 0 0 0 0 0 0 0 0 0 0 0 0 0 0 0 0 0 0 0 0 0 0 0 0 0 0 0 0 0 0 0 0 0 0
 0 0 0 0 0 0 0 0 0 0 0 0 0 0 0 0 0 0 0 0 0 0 0 0 0 0 0 0 0 0 0 0 0 0 0 0
 0 0 0 0 0 0 0 0 0 0 0 0 0 0 0 0 0 0 0 0 0 0 0 0 0 0 0 0 0 0 0 0 0 0 0 0
 0 0 0 0 0 0 0 0 0 0 0 0 0 0 0 0 0 0 0 0 0 0 0 0 0 0 0 0 0 0 0 0 0 0 0 0
 0 0 0 0 0 0 0 0 0 0 0 0 0 0 0 0 0 0 0 0 0 0 0 0 0 0 0 0 0 0 0 0 0 0 0 0
 0 0 0 0 0 0 0 0 0 0 0 0 0 0 0 0 0 0 0 0 0 0 0 0 0 0 0 0 0 0 0 0 0 0 0 0
 0 0 0 0 0 0 0 0 0 0 0 0 0 0 0 0 0 0 0 0 0 0 0 0 0 0 0 0 0 0 0 0 0 0 0 0
 0 0 0 0 0 0 0 0 1.78061e-05 0.00172719 0.00360574 0.0105946 0.0120993 0.0124554 0.0147524 0.0171206 0.0266825 0.0428682 0.0675386 0.121331 0.153587 0.119568 0.100827 0.0573624 0.0630603 0.0341343 0.0324427 0.0444173 0.0211091 0.0280891 0.0125444 0.00206551 0 0 0 0
 0 0 0 0 0 0 0 0 0 0 0 0 0 0 0 0 0 0 0 0 0 0 0 0 0 0 0 0 0 0 0 0 0 0 0 0
 0 0 0 0 0 0 0.0133647 0.0140871 0.0187388 0.0205184 0.03894 0.0496705 0.03968 0.0493445 0.0407372 0.0367815 0.0215668 0.0243155 0.0234873 0.0199281 0.019796 0.0243948 0.0301388 0.0376714 0.0412746 0.0863199 0.0771752 0.113111 0.0741005 0.0525337 0.0229764 0.00759418 0.00175318 0 0 0
 0 0 0 0 0 0 0 0 0 0 0.00219441 0.00772107 0.0458388 0.0604681 0.0671733 0.0775358 0.0609151 0.0617685 0.073594 0.0568108 0.0755445 0.0548602 0.0670107 0.0636378 0.0643287 0.046367 0.0373049 0.0286899 0.0247887 0.0153202 0.00654259 0.00121912 0.000365735 0 0 0
 0 0 0 0 0 0 0 0 0 0 0 0 0.000112435 0.00938835 0.0111873 0.0202946 0.0414886 0.0713402 0.111592 0.104902 0.108894 0.110636 0.117776 0.105296 0.107544 0.0401394 0.0192827 0.0124803 0.00416011 0.0028671 0.000618394 0 0 0 0 0
 0 0 0 0 0 0 0 0 0 0 0.00291406 0.0102884 0.027416 0.0768956 0.0749926 0.110853 0.0956884 0.0897413 0.0766577 0.0534642 0.0500743 0.0551293 0.0594112 0.0620874 0.0668451 0.0424026 0.0208742 0.0120726 0.0048766 0.00582813 0.00118941 0.000297354 0 0 0 0
 0 0.00264628 0.0354308 0.0461629 0.0458689 0.0383711 0.0214643 0.0164657 0.0346957 0.0420465 0.0363128 0.0245516 0.0311673 0.0291091 0.0169068 0.0133784 0.00837989 0.0085269 0.0148486 0.0160247 0.0276389 0.0546898 0.0760071 0.122758 0.109233 0.0665981 0.0333725 0.0166128 0.00676272 0.00308733 0.000882094 0 0 0 0 0
 0 0 0 0 0 0 0 0.000805153 0.000690131 0.00759144 0.0133425 0.0154129 0.00931677 0.000345066 0.00356568 0.00563607 0.00851162 0.0253048 0.0502646 0.0516448 0.0657925 0.0565908 0.0611916 0.0827007 0.0866115 0.110766 0.145733 0.0935128 0.0569358 0.0249597 0.0138026 0.00621118 0.00161031 0.00115022 0 0
 0 0 0 0 0 0 0 0 0 0 0 0 0 0 0 0 0 0 0 0 0 0 0 0 0 0 0 0 0 0 0 0 0 0 0 0
 0.00147267 0.00158595 0.00478618 0.00569244 0.00954404 0.0108468 0.00647125 0.017049 0.0510054 0.094081 0.124002 0.0959785 0.0687766 0.0820023 0.061753 0.0591476 0.0492212 0.0479892 0.0443925 0.0268479 0.0217502 0.0140895 0.0121071 0.0120363 0.00920419 0.00665534 0.0049561 0.00860946 0.00930331 0.0156896 0.0114698 0.00855282 0.00243557 0.00046729 0 2.83206e-05
 0 0 0 0 0.000772559 0.00158375 0.000888443 0.00281984 0.00712685 0.0440552 0.0773331 0.111326 0.0921469 0.0852325 0.0710754 0.0886704 0.0786465 0.0553345 0.0373146 0.0185414 0.00753245 0.00457741 0.012979 0.0271748 0.0457355 0.0583668 0.034881 0.0177882 0.00938659 0.00492506 0.0015258 0.00185414 0.000309023 5.79419e-05 3.86279e-05 0
 0 0.00173294 0.00326652 0 0.00397197 0.00683976 0.00946217 0.0152591 0.00757587 0.0136028 0.0228656 0.0392903 0.0559909 0.0764795 0.0681675 0.0726916 0.0566044 0.0477403 0.0527397 0.0444891 0.0609904 0.0582453 0.0661739 0.0445044 0.0529084 0.0360697 0.0280645 0.0235558 0.0158879 0.00826598 0.00280645 0.00217768 0.000904811 0.00058276 9.20147e-05 0
 0 0 0 0 0 0 0 0 0 0 0 0 0 0 0 0 0 0 0 0 0 0 0 0 0 0 0 0 0 0 0 0 0 0 0 0
 0 0 0 0 0 0 0 0 0 0 0 0 0 0 0 0 0 0 0 0 0 0 0 0 0 0 0 0 0 0 0 0 0 0 0 0
 0 0 0 0 0 0 0 0 0 0 0 0 0 0 0 0 0 0 0 0 0 0 0 0 0 0 0 0 0 0 0 0 0 0 0 0
ppred_pel_tallas
 1.08395e-16 1.6911e-05 9.9215e-05 0.000471544 0.00181534 0.00566083 0.014299 0.0292596 0.0485083 0.0651671 0.0709723 0.0627397 0.0452104 0.0269907 0.0142356 0.00821875 0.00721767 0.0091614 0.0127635 0.0173927 0.0226509 0.0281276 0.0333536 0.0378603 0.0412704 0.043371 0.0441422 0.0437308 0.042384 0.0403693 0.0379105 0.0351575 0.0321919 0.0290558 0.0257858 0.0224378
 1.07875e-16 1.53824e-05 9.02361e-05 0.000428846 0.00165092 0.00514809 0.013004 0.0266102 0.0441184 0.0592772 0.0645774 0.0571335 0.0412727 0.0248445 0.0134771 0.00836521 0.00797801 0.0104565 0.0146309 0.0198918 0.0258002 0.0318697 0.0375414 0.0422643 0.0456072 0.0473463 0.047499 0.0462892 0.0440643 0.0411936 0.0379846 0.0346413 0.031267 0.027897 0.024542 0.0212221
 1.09785e-16 9.30921e-06 5.45761e-05 0.000259303 0.00099812 0.00311235 0.00786193 0.0160896 0.0266821 0.0358689 0.0391264 0.0347358 0.0253532 0.0157835 0.0095112 0.00735882 0.00850585 0.0119145 0.0169142 0.0230945 0.0300517 0.0372615 0.0440954 0.0499219 0.0542334 0.0567465 0.0574419 0.0565292 0.0543592 0.0513148 0.0477227 0.0438097 0.0397067 0.0354831 0.031191 0.0268972
 1.10441e-16 1.69652e-05 9.95416e-05 0.000473114 0.00182141 0.00567981 0.0143469 0.0293568 0.048667 0.0653729 0.0711769 0.0628743 0.045207 0.0267882 0.013765 0.00738355 0.00588776 0.0071882 0.0100127 0.0137881 0.0182207 0.0230408 0.0279325 0.0325591 0.0366178 0.0398876 0.042251 0.0436839 0.044223 0.0439279 0.0428543 0.0410486 0.0385609 0.0354649 0.0318745 0.0279467
 1.06192e-16 2.40031e-05 0.000140857 0.000669528 0.00257765 0.00803808 0.0203037 0.0415451 0.0688697 0.0925024 0.100693 0.0888957 0.0638027 0.0375757 0.0188737 0.00940548 0.00661905 0.00748453 0.010132 0.0136968 0.0177377 0.0218863 0.0257527 0.0289614 0.0312241 0.032399 0.0325122 0.0317308 0.0303022 0.0284806 0.026469 0.0243901 0.0222914 0.0201719 0.0180167 0.0158239
 1.04745e-16 1.75317e-05 0.000102848 0.000488793 0.00188171 0.00586779 0.0148219 0.0303304 0.0502862 0.0675639 0.0736045 0.0651186 0.0470377 0.0283069 0.0153377 0.00948524 0.00899274 0.0117223 0.0163132 0.022034 0.0283413 0.0346368 0.0402473 0.0445278 0.0469988 0.0474532 0.0459957 0.0429965 0.0389829 0.0345045 0.03002 0.0258331 0.0220861 0.0187961 0.0159102 0.0133558
 1.04163e-16 2.41333e-05 0.000141621 0.000673156 0.00259161 0.00808162 0.0204137 0.0417702 0.0692431 0.0930046 0.101242 0.0893845 0.0641633 0.0378081 0.0190282 0.00954622 0.00680152 0.00775288 0.0105237 0.0142448 0.0184674 0.0228091 0.0268583 0.0302109 0.0325463 0.0336909 0.0336451 0.0325617 0.0306903 0.0283065 0.0256526 0.0229055 0.0201742 0.0175174 0.0149686 0.0125562
 1.04862e-16 1.39761e-05 8.19686e-05 0.000389516 0.00149945 0.00467569 0.0118109 0.02417 0.0400772 0.0538609 0.0587127 0.0520297 0.0377704 0.0231046 0.0131987 0.0092012 0.009781 0.0132853 0.018639 0.0252061 0.0324264 0.0396293 0.0460459 0.0509367 0.0537501 0.0542458 0.0525403 0.0490542 0.0443894 0.0391761 0.0339427 0.0290435 0.0246502 0.020792 0.0174177 0.0144516
 1.04598e-16 2.55259e-05 0.000149802 0.000712059 0.00274142 0.0085488 0.0215937 0.0441841 0.0732426 0.0983705 0.107067 0.0944889 0.0677438 0.0397499 0.0196952 0.0093728 0.00604655 0.00648191 0.00869735 0.0118073 0.0154058 0.0191867 0.0228271 0.0260035 0.0284459 0.0299876 0.0305873 0.0303163 0.0293206 0.0277728 0.0258321 0.0236244 0.021242 0.018756 0.0162324 0.0137404
 1.03404e-16 2.23568e-05 0.000131182 0.000623508 0.00240042 0.00748537 0.0189077 0.0386897 0.0641399 0.0861607 0.0938194 0.0828969 0.0596489 0.0354342 0.018361 0.0100724 0.00824073 0.0100735 0.0138189 0.0186037 0.023884 0.0291275 0.0337551 0.0372175 0.0391116 0.0392712 0.0378 0.0350306 0.0314298 0.0274812 0.0235865 0.0200089 0.0168682 0.0141714 0.0118618 0.00986399
 1.0479e-16 1.33506e-05 7.8297e-05 0.000372063 0.00143225 0.00446615 0.0112816 0.0230869 0.0382817 0.0514493 0.0560873 0.0497116 0.0361059 0.0221234 0.0127054 0.00895729 0.00961813 0.0131197 0.0184444 0.02499 0.0322208 0.0394874 0.0460384 0.0511421 0.0542411 0.055073 0.0537169 0.050548 0.0461232 0.0410377 0.0358027 0.0307761 0.0261521 0.0219963 0.0182984 0.0150212
 1.07233e-16 1.60068e-05 9.39064e-05 0.000446305 0.00171816 0.00535779 0.0135336 0.0276934 0.0459123 0.0616814 0.0671807 0.0593989 0.0428272 0.025617 0.0136024 0.00800045 0.00719464 0.00923947 0.0129302 0.0176773 0.0231035 0.0288086 0.0343242 0.0391706 0.0429447 0.0453941 0.0464497 0.0462075 0.0448728 0.0426895 0.0398832 0.0366324 0.0330703 0.0293041 0.025438 0.0215855
 1.06248e-16 2.14756e-05 0.000126016 0.000598967 0.00230596 0.00719083 0.0181636 0.0371666 0.0616131 0.0827609 0.0901031 0.0795791 0.0571876 0.0338246 0.0172588 0.00904685 0.0069351 0.00823751 0.0112925 0.0153163 0.0198773 0.0245829 0.0290033 0.0327168 0.0353917 0.0368522 0.0371045 0.03631 0.0347234 0.0326159 0.0302133 0.0276655 0.0250498 0.0223962 0.0197203 0.017048
 1.04403e-16 2.18188e-05 0.000128026 0.000608508 0.00234267 0.00730531 0.0184529 0.0377588 0.0625964 0.084086 0.0915572 0.0808906 0.0581892 0.0345352 0.0178378 0.00969649 0.00783732 0.00953671 0.0130933 0.0176716 0.0227663 0.0278894 0.0325069 0.036107 0.038305 0.0389267 0.0380403 0.0359201 0.0329634 0.029586 0.0261355 0.022843 0.0198193 0.0170843 0.0146086 0.0123525
 1.03157e-16 2.46963e-05 0.000144922 0.000688844 0.002652 0.00826994 0.0208894 0.0427438 0.0708579 0.0951761 0.103612 0.0914931 0.0657111 0.0387885 0.0196463 0.0100569 0.00740699 0.00858402 0.0116551 0.0157019 0.0202196 0.0247592 0.0288403 0.0320032 0.0339008 0.0343737 0.033479 0.0314604 0.0286743 0.0254985 0.0222542 0.0191617 0.0163357 0.0138076 0.0115615 0.00956617
 1.0274e-16 2.34888e-05 0.00013783 0.000655115 0.00252212 0.0078649 0.0198664 0.040651 0.0673901 0.0905232 0.0985603 0.0870635 0.0625984 0.0370889 0.0190399 0.0101606 0.00798874 0.0095792 0.0130916 0.0176256 0.0226459 0.0276454 0.0320753 0.0354124 0.0372681 0.0374741 0.0361151 0.0334931 0.0300401 0.0262109 0.02239 0.0188393 0.0156902 0.01297 0.010644 0.00865498
 1.03431e-16 1.96716e-05 0.000115415 0.000548542 0.00211177 0.00658523 0.0166341 0.0340379 0.0564304 0.0758111 0.0825679 0.0729981 0.0526197 0.0314467 0.0166416 0.00968573 0.00856847 0.0108632 0.0150402 0.0203136 0.0261511 0.0319961 0.0372273 0.0412457 0.0435996 0.0440826 0.0427721 0.0399905 0.0362092 0.0319298 0.0275809 0.0234605 0.0197264 0.0164258 0.0135394 0.0110238
 1.03849e-16 2.27925e-05 0.000133745 0.000635706 0.00244741 0.00763192 0.0192778 0.0394465 0.0653926 0.0878378 0.0956307 0.0844619 0.060698 0.0359037 0.0183241 0.00960988 0.00736661 0.00873794 0.0119511 0.0161602 0.0208889 0.0256988 0.0301115 0.033661 0.0359857 0.0369025 0.0364373 0.0347982 0.0323063 0.02931 0.0261111 0.0229251 0.019876 0.0170183 0.0143681 0.0119308
 1.04135e-16 1.91883e-05 0.000112577 0.000535054 0.00205984 0.00642328 0.016225 0.0332009 0.055043 0.073948 0.0805407 0.0712108 0.0513419 0.0307044 0.0162878 0.0095411 0.00850749 0.0108236 0.0149994 0.0202671 0.0261035 0.0319584 0.037217 0.0412873 0.0437227 0.0443201 0.0431567 0.0405499 0.036962 0.0328812 0.0287205 0.0247612 0.0211468 0.0179132 0.015036 0.0124724
 1.03793e-16 2.44907e-05 0.000143718 0.000683124 0.00262998 0.00820129 0.020716 0.0423888 0.0702687 0.0943825 0.102743 0.0907125 0.0651224 0.0383848 0.0193391 0.00973453 0.00697274 0.00796561 0.010804 0.0145974 0.0188786 0.0232456 0.0272679 0.0305267 0.0326959 0.0336084 0.0332837 0.0319035 0.0297504 0.027131 0.0243107 0.0214788 0.0187443 0.0161557 0.0137296 0.0114747
 1.02726e-16 2.60394e-05 0.000152808 0.000726336 0.00279636 0.00872011 0.0220265 0.0450703 0.0747138 0.100353 0.109241 0.0964483 0.0692362 0.0408011 0.020539 0.0103055 0.00733073 0.00832072 0.0112312 0.0150976 0.0194037 0.0237043 0.0275298 0.0304351 0.032089 0.0323475 0.031281 0.0291433 0.0262979 0.0231257 0.0199473 0.0169788 0.0143263 0.0120095 0.00999806 0.0082456
 1.03044e-16 1.97452e-05 0.000115845 0.000550584 0.00211963 0.00660972 0.016696 0.0341647 0.0566411 0.0760958 0.0828821 0.0732859 0.0528486 0.0316264 0.0168141 0.00990525 0.00888698 0.011325 0.0156786 0.0211439 0.0271618 0.0331414 0.0384247 0.0423826 0.044548 0.0447201 0.0430042 0.0397681 0.0355371 0.0308642 0.0262181 0.0219183 0.0181255 0.0148731 0.0121174 0.00978559
 1.03805e-16 2.22431e-05 0.000130519 0.000620367 0.00238834 0.00744773 0.0188126 0.0384946 0.0638152 0.0857203 0.093329 0.0824376 0.0592622 0.0350926 0.0179806 0.00954466 0.00745554 0.00893202 0.0122465 0.0165702 0.0214274 0.0263725 0.0309158 0.0345791 0.0369891 0.0379543 0.0374964 0.0358238 0.0332618 0.0301656 0.0268459 0.0235272 0.0203428 0.0173553 0.0145882 0.0120519
 1.04443e-16 1.82091e-05 0.000106828 0.000507718 0.00195458 0.00609505 0.0153959 0.0315046 0.0522317 0.0701738 0.0764373 0.0675997 0.0487755 0.029244 0.0156493 0.00938036 0.00859486 0.0110619 0.0153715 0.0207881 0.0267936 0.0328316 0.0382759 0.0425213 0.0451094 0.045828 0.044749 0.0421885 0.0386096 0.0345031 0.0302846 0.0262386 0.0225118 0.0191449 0.0161194 0.0133996
 1.04698e-16 2.1529e-05 0.000126328 0.000600441 0.00231163 0.00720849 0.0182083 0.0372581 0.0617655 0.0829675 0.0903331 0.0797943 0.0573685 0.0339844 0.0174376 0.00929773 0.0073144 0.00880033 0.0120882 0.01638 0.0212185 0.0261742 0.0307727 0.0345486 0.0371354 0.03834 0.038173 0.0368227 0.0345885 0.0317973 0.0287335 0.0256008 0.0225197 0.0195489 0.0167162 0.0140436
pSPR Fmed_Fpbrs
0.665659   0.254687 0.254687
Fs Fmed_Fpbrs
0.214756   1.005 1.005
SSBpbr Bo_Bmed_Bpbrs
1.23315e+06  759197  252409 252409
Ro
50011.1
SPR SPRFo_SPRFmed_SPRFpbrs
1.0307e+06 686098 262507
log_Ro
10.64
likeval ReclasPelacesDesembMPH_pf_preclas_ppelaces_ptallas_desvR_qrecl_qpela
 148.68 60.6263 0.15373 0.00093921 313.515 214.247 75.5891 0 14.6618 0 0 0 0 0 0
q_reclas_q_pelaces
1 1
M
0.7
N
 71039.1 29732.6 14764.8 7331.97 7232.51
 60710.1 33230.8 13101.6 6506.07 6417.81
 25372.2 28070.2 14305.9 5640.29 5563.77
 36977.4 10738.9 10126.5 5160.94 4041.92
 76204.1 17646.9 4925.28 4644.39 4220.78
 63800.7 37470.8 8592.16 2398.09 4316.4
 112922 27961 14492.8 3323.23 2597
 60885 52297.6 12077.1 6259.82 2557.11
 130309 26088.1 19335.4 4465.12 3259.78
 139398 54713 9261.45 6864.18 2742.39
 63408.5 61177 21220.6 3592.09 3725.94
 47495.3 24195.2 17937.4 6222 2145.69
 48277.5 18373.6 7291.58 5405.7 2521.72
 30343.1 16735.9 4446.39 1764.56 1918.43
 21443.2 8318.01 2532.64 672.872 557.346
 18027.5 6703.65 1637.08 498.454 242.121
 15053.6 7382.38 2263.81 552.839 250.091
 20409.4 6396.94 2684.52 823.208 291.976
 19217 9117.55 2570.85 1078.87 448.178
 33695.2 8717.03 3777.9 1065.24 632.741
 60641.9 15301.7 3620.09 1568.92 705.154
 61218.3 28929.3 7012.55 1659.03 1042.17
 91433.6 28932.3 13012.1 3154.18 1214.98
 85355.5 42694.3 12703.3 5713.23 1918.36
 124090 39690.5 18590.2 5531.37 3323
pred_Ctot
 2973.61 2425.29 1204.37 598.07 589.957
 3021.14 3206.55 1264.22 627.794 619.277
 2719.38 5624.03 2866.28 1130.06 1114.73
 1038.65 592.889 559.076 284.932 223.152
 537.723 247.965 69.2076 65.2606 59.3083
 5428.63 6045.25 1386.19 386.89 696.375
 5493.36 2639.4 1368.06 313.699 245.145
 6056.35 9773.08 2256.9 1169.8 477.858
 14618.1 5453.11 4041.61 933.329 681.38
 11736 8738.92 1479.27 1096.37 438.023
 10722.4 18569.2 6441.13 1090.31 1130.94
 7657.25 7038.56 5218.12 1810.02 624.195
 10700.7 7055.96 2800.17 2075.94 968.41
 10111.8 8938.03 2374.65 942.385 1024.56
 5866.05 3803.89 1158.2 307.709 254.878
 2298.82 1577.02 385.12 117.26 56.9585
 1575.94 1447.05 443.739 108.364 49.0214
 1482.49 888.057 372.679 114.282 40.5337
 1202.28 1097.18 309.37 129.829 53.9327
 2082.87 1036.93 449.397 126.715 75.2673
 1719.56 852.696 201.731 87.4289 39.2951
 2131.77 1971.76 477.961 113.076 71.0324
 3939.09 2427.09 1091.56 264.599 101.922
 3919.01 3810.26 1133.71 509.878 171.205
 5386.27 3353.99 1570.95 467.421 280.806
F
 0.0597544 0.119509 0.119509 0.119509 0.119509
 0.0714006 0.142801 0.142801 0.142801 0.142801
 0.159778 0.319555 0.319555 0.319555 0.319555
 0.0397473 0.0794946 0.0794946 0.0794946 0.0794946
 0.00985468 0.0197094 0.0197094 0.0197094 0.0197094
 0.124956 0.249911 0.249911 0.249911 0.249911
 0.069749 0.139498 0.139498 0.139498 0.139498
 0.147508 0.295015 0.295015 0.295015 0.295015
 0.167809 0.335619 0.335619 0.335619 0.335619
 0.123564 0.247127 0.247127 0.247127 0.247127
 0.263441 0.526882 0.526882 0.526882 0.526882
 0.249718 0.499436 0.499436 0.499436 0.499436
 0.35941 0.718821 0.718821 0.718821 0.718821
 0.594146 1.18829 1.18829 1.18829 1.18829
 0.462754 0.925508 0.925508 0.925508 0.925508
 0.192802 0.385603 0.385603 0.385603 0.385603
 0.155798 0.311595 0.311595 0.311595 0.311595
 0.105792 0.211584 0.211584 0.211584 0.211584
 0.0905168 0.181034 0.181034 0.181034 0.181034
 0.0893901 0.17878 0.17878 0.17878 0.17878
 0.0401324 0.0802647 0.0802647 0.0802647 0.0802647
 0.0494869 0.0989739 0.0989739 0.0989739 0.0989739
 0.061548 0.123096 0.123096 0.123096 0.123096
 0.0657142 0.131428 0.131428 0.131428 0.131428
 0.062025 0.12405 0.12405 0.12405 0.12405
nmprior
 10 11 7 0
nm_flota  nm_reclas  nm_pelaces    nm_pelaL
inf 12.6644 11.4564 18.6578
cv_recla  cv_pelaces  cv_mph
1.10294 0.91621 0.994305
 ------------------------------------------------
Talla a la edad & desviación 
 7.2 14.2025 17.0495 18.207 18.6776
 1.08 2.13037 2.55742 2.73105 2.80164
