years
 1997 1998 1999 2000 2001 2002 2003 2004 2005 2006 2007 2008 2009 2010 2011 2012 2013 2014 2015 2016 2017 2018 2019 2020 2021
reclasobs
 0 0 0 370054 412103 1.49427e+06 250295 1.28982e+06 931140 785840 897777 1.04006e+06 184774 17550 25797 100020 73551 82996 120727 218422 84188 347160 605670 569463 516374
reclaspred
 4.44966e+06 966192 2.97251e+06 1.75859e+06 1.65435e+06 1.86677e+06 3.28768e+06 1.99073e+06 1.92948e+06 1.58544e+06 1.2522e+06 848565 508342 247784 171182 181026 243183 368300 429583 590088 854804 853520 1.58791e+06 2.11568e+06 3.69292e+06
pelacesobs
 0 0 0 0 0 0 0 0 0 2.06254e+06 1.5e+06 0 1.87456e+06 323000 250000 174000 83755 137374 0 501740 490994 745055 786931 1.00524e+06 0
pelacespred
 2.78499e+06 1.12917e+06 1.14759e+06 1.32894e+06 1.05672e+06 1.0036e+06 1.69786e+06 1.46617e+06 1.16141e+06 997026 679121 469336 275692 111822 76551.6 91023.6 127254 194060 239795 317264 495909 516042 723790 1.15244e+06 2.00831e+06
mphobs
 0 0 0 0 0 112323 0 153150 637223 0 255016 313432 73983 77613 109348 50772 0 0 0 0 0 0 0 0 0
mphpred
 3.16788e+06 1.8252e+06 1.64405e+06 2.01306e+06 1.47329e+06 1.65908e+06 2.15415e+06 2.34805e+06 1.75299e+06 1.5834e+06 1.30365e+06 893500 562766 308606 158299 144539 182604 276279 364154 440673 658680 770859 1.05642e+06 1.57153e+06 2.71374e+06
desembarqueobs
 350755 77701 442110 56441 14545 235359 269955 359681 431902 328805 639364 411747 362871 311530 167758 66681 60226 58785 57116 71774 51957 67425 138520 160799 200461
desembarquepred
 350813 77732.4 442258 56457 14553 235421 270122 359714 431890 328891 639909 412302 363512 312305 167923 66749.7 60281.6 58847.6 57172 71833.9 52038.7 67561 138817 160804 200404
Reclutas
 142138 125807 72964.5 79143.2 128232 79431.6 153079 103118 127679 106884 72717 46851.8 46988.3 29125.3 20787.1 23030.3 21621.9 24538.7 29288.5 48987.6 59933 95758.5 141002 223274 349095
log_desv_Rt
 0.684552 0.562502 0.0177277 0.0990146 0.581596 0.102651 0.758708 0.363633 0.577272 0.399503 0.0143311 -0.425254 -0.422346 -0.900636 -1.23791 -1.13544 -1.19854 -1.07199 -0.895051 -0.380677 -0.179017 0.289585 0.676529 1.13615 1.5831
SSB
 3.16788e+06 1.8252e+06 1.64405e+06 2.01306e+06 1.47329e+06 1.65908e+06 2.15415e+06 2.34805e+06 1.75299e+06 1.5834e+06 1.30365e+06 893500 562766 308606 158299 144539 182604 276279 364154 440673 658680 770859 1.05642e+06 1.57153e+06 2.71374e+06
BT
 7.46654e+06 2.26414e+06 2.81977e+06 2.66906e+06 2.24138e+06 2.0995e+06 4.25004e+06 3.40824e+06 2.98268e+06 2.41331e+06 2.00951e+06 1.35962e+06 959849 535288 327832 262853 347276 485132 550675 774710 1.17104e+06 1.12264e+06 1.62677e+06 2.71033e+06 4.63952e+06
Ftot
 0.0769325 0.0784943 0.144543 0.0314028 0.00861594 0.122671 0.0801629 0.175245 0.216575 0.200865 0.484017 0.460988 0.667075 1.11909 0.89859 0.353683 0.239655 0.155228 0.129461 0.118531 0.0594669 0.0772412 0.0852611 0.0741901 0.0530289
BD_Bspro_t
 0.988754 0.929988 0.891172 0.821072 0.852123 0.896055 0.855527 0.850191 0.782117 0.7251 0.662203 0.499696 0.391468 0.288952 0.186068 0.200375 0.308267 0.485569 0.611479 0.707365 0.798784 0.859062 0.875913 0.883885 0.900276
BD_Bspro
 2.14432 1.23547 1.11284 1.36262 0.997256 1.12302 1.45813 1.58938 1.18659 1.07179 0.882432 0.604803 0.380932 0.208893 0.107151 0.0978371 0.123603 0.187011 0.246493 0.298288 0.445855 0.521789 0.715086 1.06376 1.83691
BD_Bo
 1.79628 1.03494 0.932223 1.14146 0.835396 0.940749 1.22147 1.33141 0.993998 0.897834 0.739209 0.506641 0.319105 0.174989 0.08976 0.0819576 0.103542 0.156658 0.206486 0.249874 0.373491 0.4371 0.599024 0.891104 1.53877
BD_Brms
 8.77575 5.05622 4.55438 5.57663 4.08133 4.59604 5.96749 6.50463 4.85618 4.38637 3.61141 2.4752 1.55899 0.854908 0.438523 0.400405 0.505854 0.765354 1.00879 1.22076 1.82469 2.13545 2.92654 4.35349 7.51768
S_f
 0.5 1 1 1 1
 0.5 1 1 1 1
 0.5 1 1 1 1
 0.5 1 1 1 1
 0.5 1 1 1 1
 0.5 1 1 1 1
 0.5 1 1 1 1
 0.5 1 1 1 1
 0.5 1 1 1 1
 0.5 1 1 1 1
 0.5 1 1 1 1
 0.5 1 1 1 1
 0.5 1 1 1 1
 0.5 1 1 1 1
 0.5 1 1 1 1
 0.5 1 1 1 1
 0.5 1 1 1 1
 0.5 1 1 1 1
 0.5 1 1 1 1
 0.5 1 1 1 1
 0.5 1 1 1 1
 0.5 1 1 1 1
 0.5 1 1 1 1
 0.5 1 1 1 1
 0.5 1 1 1 1
Scru_reclas
 0.5 1 1 1 1
 0.5 1 1 1 1
 0.5 1 1 1 1
 0.5 1 1 1 1
 0.5 1 1 1 1
 0.5 1 1 1 1
 0.5 1 1 1 1
 0.5 1 1 1 1
 0.5 1 1 1 1
 0.5 1 1 1 1
 0.5 1 1 1 1
 0.5 1 1 1 1
 0.5 1 1 1 1
 0.5 1 1 1 1
 0.5 1 1 1 1
 0.5 1 1 1 1
 0.5 1 1 1 1
 0.5 1 1 1 1
 0.5 1 1 1 1
 0.5 1 1 1 1
 0.5 1 1 1 1
 0.5 1 1 1 1
 0.5 1 1 1 1
 0.5 1 1 1 1
 0.5 1 1 1 1
Scru_pelaces
 0.5 1 1 1 1
 0.5 1 1 1 1
 0.5 1 1 1 1
 0.5 1 1 1 1
 0.5 1 1 1 1
 0.5 1 1 1 1
 0.5 1 1 1 1
 0.5 1 1 1 1
 0.5 1 1 1 1
 0.5 1 1 1 1
 0.5 1 1 1 1
 0.5 1 1 1 1
 0.5 1 1 1 1
 0.5 1 1 1 1
 0.5 1 1 1 1
 0.5 1 1 1 1
 0.5 1 1 1 1
 0.5 1 1 1 1
 0.5 1 1 1 1
 0.5 1 1 1 1
 0.5 1 1 1 1
 0.5 1 1 1 1
 0.5 1 1 1 1
 0.5 1 1 1 1
 0.5 1 1 1 1
pf_obs 
 0.256992 0.487395 0.22802 0.0275931 0
 0.321318 0.546541 0.124235 0.00734118 0.000564706
 0.182869 0.594174 0.210203 0.0122559 0.00049798
 0.330522 0.361315 0.267642 0.0388342 0.00168674
 0.649043 0.306663 0.0425973 0.00169635 0
 0.582887 0.30429 0.105238 0.00758474 0
 0.465427 0.430635 0.0974691 0.00646863 0
 0.296916 0.608066 0.0921331 0.00288517 0
 0.311714 0.524322 0.152257 0.0117073 0
 0.15457 0.633149 0.183074 0.0267441 0.00246327
 0.131901 0.49318 0.331252 0.0422183 0.00144891
 0.196976 0.569456 0.194076 0.0375587 0.00193317
 0.518974 0.381816 0.0799577 0.0180837 0.00116848
 0.0928022 0.601141 0.25162 0.0475244 0.00691264
 0.122501 0.610282 0.24278 0.0234846 0.000952079
 0.383417 0.481906 0.127806 0.00687128 0
 0.0376549 0.599619 0.316969 0.0457579 0
 0.0361596 0.667082 0.258105 0.0386534 0
 0.158088 0.579412 0.248529 0.0139706 0
 0.0477256 0.309471 0.559284 0.082774 0.000745712
 0.0406174 0.521527 0.379366 0.0568643 0.0016247
 0.151134 0.462217 0.34131 0.0453401 0
 0.294876 0.26143 0.354403 0.0886775 0.000613685
 0.281977 0.475581 0.204845 0.0348837 0.00271318
 0 0 0 0 0
pf_pred 
 0.460555 0.271565 0.134855 0.066967 0.0660585
 0.37458 0.397569 0.114704 0.0569601 0.0561874
 0.256485 0.40929 0.212461 0.0612977 0.0604661
 0.330814 0.279845 0.214324 0.111255 0.0637615
 0.453288 0.273005 0.114461 0.0876618 0.0715844
 0.286565 0.445451 0.13382 0.0561057 0.0780584
 0.48806 0.232448 0.174508 0.0524247 0.0525595
 0.326453 0.445242 0.103663 0.0778236 0.0468189
 0.418417 0.293509 0.190429 0.0443363 0.0533093
 0.372332 0.379643 0.125171 0.0812113 0.0416425
 0.317892 0.379796 0.182853 0.060288 0.0591718
 0.320138 0.352114 0.182488 0.0878593 0.0573994
 0.429986 0.295687 0.142079 0.0736347 0.0586124
 0.410743 0.381882 0.107573 0.0516895 0.0481124
 0.498599 0.332916 0.109191 0.0307582 0.0285362
 0.576745 0.306238 0.0776956 0.0254829 0.0138381
 0.471467 0.397032 0.0951452 0.0241393 0.0122166
 0.466523 0.350197 0.13768 0.0329937 0.0126072
 0.463345 0.346871 0.124582 0.0489794 0.0162225
 0.541938 0.293952 0.106074 0.0380973 0.0199388
 0.484543 0.365911 0.0959685 0.0346305 0.0189474
 0.525313 0.31166 0.115729 0.0303527 0.0169455
 0.521223 0.331999 0.0963682 0.0357846 0.014625
 0.538645 0.31853 0.0990396 0.0287479 0.0150378
 0.537999 0.325487 0.0942522 0.0293056 0.0129561
pobs_RECLAS
 0 0 0 0 0
 0 0 0 0 0
 0 0 0 0 0
 0 0 0 0 0
 0.835266 0.146461 0.0176864 0.000547809 3.91292e-05
 0.385257 0.428462 0.181853 0.0044286 0
 0.867414 0.0963971 0.0333333 0.00285562 0
 0.441836 0.489002 0.0689373 0.000224442 0
 0.779404 0.147425 0.0564933 0.0165055 0.000172143
 0.814271 0.122319 0.05973 0.00367925 0
 0.40263 0.566651 0.0304383 0.000280538 0
 0.475488 0.404961 0.113038 0.00651328 0
 0.955842 0.0263864 0.0167828 0.000988607 0
 0.975058 0.0227948 0.00214734 0 0
 0.738997 0.206755 0.0527124 0.00153531 0
 0.850938 0.134255 0.0134407 0.00136685 0
 0.542534 0.407297 0.0501686 0 0
 0.764087 0.199537 0.0359546 0.000420521 0
 0.470689 0.182191 0.310203 0.0369168 0
 0.84361 0.089868 0.0606195 0.00523954 0.000663233
 0.607945 0.314616 0.071237 0.00620181 0
 0.523733 0.453247 0.0230204 0 0
 0.530135 0.295979 0.169645 0.0042399 0
 0.562478 0.366248 0.0663022 0.0049721 0
 0.250443 0.683176 0.0655157 0.000865301 0
ppred_RECLAS
 0.461153 0.271264 0.134706 0.0668928 0.0659853
 0.375156 0.397203 0.114598 0.0569076 0.0561356
 0.257404 0.408784 0.212199 0.0612219 0.0603913
 0.331022 0.279758 0.214258 0.111221 0.0637417
 0.453351 0.272974 0.114448 0.0876518 0.0715762
 0.287385 0.444939 0.133666 0.0560412 0.0779688
 0.488688 0.232163 0.174293 0.0523604 0.052495
 0.327774 0.444368 0.10346 0.077671 0.046727
 0.420289 0.292564 0.189816 0.0441936 0.0531377
 0.373977 0.378648 0.124843 0.0809984 0.0415333
 0.322471 0.377246 0.181625 0.0598832 0.0587745
 0.324447 0.349883 0.181332 0.0873025 0.0570356
 0.437988 0.291537 0.140085 0.0726011 0.0577896
 0.427544 0.370994 0.104506 0.0502157 0.0467406
 0.511061 0.324641 0.106477 0.0299937 0.0278269
 0.580161 0.303767 0.0770686 0.0252772 0.0137264
 0.473629 0.395408 0.0947561 0.0240405 0.0121667
 0.467823 0.349343 0.137344 0.0329133 0.0125765
 0.464403 0.346187 0.124336 0.0488828 0.0161905
 0.542895 0.293338 0.105852 0.0380177 0.0198971
 0.485 0.365587 0.0958835 0.0345998 0.0189306
 0.525915 0.311264 0.115582 0.0303141 0.016924
 0.521894 0.331534 0.0962332 0.0357345 0.0146046
 0.53922 0.318133 0.0989162 0.0287121 0.0150191
 0.538401 0.325204 0.0941701 0.0292801 0.0129448
pobs_PELACES
 0 0 0 0 0
 0 0 0 0 0
 0 0 0 0 0
 0 0 0 0 0
 0 0 0 0 0
 0 0 0 0 0
 0 0 0 0 0
 0 0 0 0 0
 0 0 0 0 0
 0 0 0 0 0
 0.450072 0.473896 0.0757376 0.000293798 0
 0 0 0 0 0
 0.463077 0.371075 0.160297 0.00555027 0
 0.529543 0.364841 0.0842815 0.0213345 0
 0.631943 0.363953 0.00410389 0 0
 0.735681 0.248677 0.0153453 0.000297389 0
 0.695825 0.281241 0.0229344 0 0
 0.275771 0.60734 0.115278 0.00161068 0
 0 0 0 0 0
 0.896147 0.0623911 0.0374545 0.00400742 0
 0.803859 0.145111 0.0509908 3.86294e-05 0
 0.739449 0.233085 0.0266225 0.000797448 4.60066e-05
 0.878498 0.100942 0.0204185 0.000141795 0
 0.694673 0.275183 0.0284847 0.00165964 0
 0 0 0 0 0
ppred_PELACES
 0.464309 0.269675 0.133917 0.066501 0.0655989
 0.378197 0.39527 0.11404 0.0566307 0.0558624
 0.261989 0.40626 0.210888 0.0608439 0.0600185
 0.332171 0.279277 0.21389 0.11103 0.0636323
 0.453703 0.272798 0.114374 0.0875953 0.0715301
 0.291548 0.44234 0.132886 0.0557138 0.0775133
 0.491994 0.230662 0.173167 0.0520219 0.0521556
 0.334177 0.440136 0.102474 0.0769312 0.046282
 0.429019 0.288158 0.186957 0.0435281 0.0523374
 0.381768 0.373936 0.123289 0.0799903 0.0410164
 0.340162 0.367396 0.176883 0.0583197 0.0572399
 0.341336 0.341136 0.176799 0.0851199 0.0556097
 0.46524 0.2774 0.133292 0.0690806 0.0549874
 0.473218 0.341393 0.0961678 0.0462092 0.0430113
 0.547982 0.300127 0.0984366 0.0277288 0.0257257
 0.594305 0.293533 0.0744722 0.0244256 0.013264
 0.483496 0.387996 0.0929798 0.0235899 0.0119386
 0.474204 0.345154 0.135697 0.0325186 0.0124257
 0.46972 0.342751 0.123102 0.0483975 0.0160298
 0.547744 0.290226 0.104729 0.0376144 0.019686
 0.487451 0.363847 0.0954271 0.0344351 0.0188405
 0.529092 0.309179 0.114808 0.030111 0.0168106
 0.525403 0.329101 0.0955269 0.0354722 0.0144974
 0.54226 0.316034 0.0982636 0.0285226 0.01492
 0.540575 0.323672 0.0937266 0.0291422 0.0128838
pobs_pel_tallas
 0 0 0 0 0 0 0 0 0 0 0 0 0 0 0 0 0 0 0 0 0 0 0 0 0 0 0 0 0 0 0 0 0 0 0 0
 0 0 0 0 0 0 0 0 0 0 0 0 0 0 0 0 0 0 0 0 0 0 0 0 0 0 0 0 0 0 0 0 0 0 0 0
 0 0 0 0 0 0 0 0 0 0 0 0 0 0 0 0 0 0 0 0 0 0 0 0 0 0 0 0 0 0 0 0 0 0 0 0
 0 0 0 0 0 0 0 0 0 0 0 0 0 0 0 0 0 0 0 0 0 0 0 0 0 0 0 0 0 0 0 0 0 0 0 0
 0 0 0 0 0 0 0 0 0 0 0 0 0 0 0 0 0 0 0 0 0 0 0 0 0 0 0 0 0 0 0 0 0 0 0 0
 0 0 0 0 0 0 0 0 0 0 0 0 0 0 0 0 0 0 0 0 0 0 0 0 0 0 0 0 0 0 0 0 0 0 0 0
 0 0 0 0 0 0 0 0 0 0 0 0 0 0 0 0 0 0 0 0 0 0 0 0 0 0 0 0 0 0 0 0 0 0 0 0
 0 0 0 0 0 0 0 0 0 0 0 0 0 0 0 0 0 0 0 0 0 0 0 0 0 0 0 0 0 0 0 0 0 0 0 0
 0 0 0 0 0 0 0 0 0 0 0 0 0 0 0 0 0 0 0 0 0 0 0 0 0 0 0 0 0 0 0 0 0 0 0 0
 0 0 0 0 0 0 0 0 0 0 0 0 0 0 0 0 0 0 0 0 0 0 0 0 0 0 0 0 0 0 0 0 0 0 0 0
 0 0 0 0 0 0 0 0 1.78061e-05 0.00172719 0.00360574 0.0105946 0.0120993 0.0124554 0.0147524 0.0171206 0.0266825 0.0428682 0.0675386 0.121331 0.153587 0.119568 0.100827 0.0573624 0.0630603 0.0341343 0.0324427 0.0444173 0.0211091 0.0280891 0.0125444 0.00206551 0 0 0 0
 0 0 0 0 0 0 0 0 0 0 0 0 0 0 0 0 0 0 0 0 0 0 0 0 0 0 0 0 0 0 0 0 0 0 0 0
 0 0 0 0 0 0 0.0133647 0.0140871 0.0187388 0.0205184 0.03894 0.0496705 0.03968 0.0493445 0.0407372 0.0367815 0.0215668 0.0243155 0.0234873 0.0199281 0.019796 0.0243948 0.0301388 0.0376714 0.0412746 0.0863199 0.0771752 0.113111 0.0741005 0.0525337 0.0229764 0.00759418 0.00175318 0 0 0
 0 0 0 0 0 0 0 0 0 0 0.00219441 0.00772107 0.0458388 0.0604681 0.0671733 0.0775358 0.0609151 0.0617685 0.073594 0.0568108 0.0755445 0.0548602 0.0670107 0.0636378 0.0643287 0.046367 0.0373049 0.0286899 0.0247887 0.0153202 0.00654259 0.00121912 0.000365735 0 0 0
 0 0 0 0 0 0 0 0 0 0 0 0 0.000112435 0.00938835 0.0111873 0.0202946 0.0414886 0.0713402 0.111592 0.104902 0.108894 0.110636 0.117776 0.105296 0.107544 0.0401394 0.0192827 0.0124803 0.00416011 0.0028671 0.000618394 0 0 0 0 0
 0 0 0 0 0 0 0 0 0 0 0.00291406 0.0102884 0.027416 0.0768956 0.0749926 0.110853 0.0956884 0.0897413 0.0766577 0.0534642 0.0500743 0.0551293 0.0594112 0.0620874 0.0668451 0.0424026 0.0208742 0.0120726 0.0048766 0.00582813 0.00118941 0.000297354 0 0 0 0
 0 0.00264628 0.0354308 0.0461629 0.0458689 0.0383711 0.0214643 0.0164657 0.0346957 0.0420465 0.0363128 0.0245516 0.0311673 0.0291091 0.0169068 0.0133784 0.00837989 0.0085269 0.0148486 0.0160247 0.0276389 0.0546898 0.0760071 0.122758 0.109233 0.0665981 0.0333725 0.0166128 0.00676272 0.00308733 0.000882094 0 0 0 0 0
 0 0 0 0 0 0 0 0.000805153 0.000690131 0.00759144 0.0133425 0.0154129 0.00931677 0.000345066 0.00356568 0.00563607 0.00851162 0.0253048 0.0502646 0.0516448 0.0657925 0.0565908 0.0611916 0.0827007 0.0866115 0.110766 0.145733 0.0935128 0.0569358 0.0249597 0.0138026 0.00621118 0.00161031 0.00115022 0 0
 0 0 0 0 0 0 0 0 0 0 0 0 0 0 0 0 0 0 0 0 0 0 0 0 0 0 0 0 0 0 0 0 0 0 0 0
 0.00147267 0.00158595 0.00478618 0.00569244 0.00954404 0.0108468 0.00647125 0.017049 0.0510054 0.094081 0.124002 0.0959785 0.0687766 0.0820023 0.061753 0.0591476 0.0492212 0.0479892 0.0443925 0.0268479 0.0217502 0.0140895 0.0121071 0.0120363 0.00920419 0.00665534 0.0049561 0.00860946 0.00930331 0.0156896 0.0114698 0.00855282 0.00243557 0.00046729 0 2.83206e-05
 0 0 0 0 0.000772559 0.00158375 0.000888443 0.00281984 0.00712685 0.0440552 0.0773331 0.111326 0.0921469 0.0852325 0.0710754 0.0886704 0.0786465 0.0553345 0.0373146 0.0185414 0.00753245 0.00457741 0.012979 0.0271748 0.0457355 0.0583668 0.034881 0.0177882 0.00938659 0.00492506 0.0015258 0.00185414 0.000309023 5.79419e-05 3.86279e-05 0
 0 0.00173294 0.00326652 0 0.00397197 0.00683976 0.00946217 0.0152591 0.00757587 0.0136028 0.0228656 0.0392903 0.0559909 0.0764795 0.0681675 0.0726916 0.0566044 0.0477403 0.0527397 0.0444891 0.0609904 0.0582453 0.0661739 0.0445044 0.0529084 0.0360697 0.0280645 0.0235558 0.0158879 0.00826598 0.00280645 0.00217768 0.000904811 0.00058276 9.20147e-05 0
 0 0 0 0 0 0 0 0 0 0 0 0 0 0 0 0 0 0 0 0 0 0 0 0 0 0 0 0 0 0 0 0 0 0 0 0
 0 0 0 0 0 0 0 0 0 0 0 0 0 0 0 0 0 0 0 0 0 0 0 0 0 0 0 0 0 0 0 0 0 0 0 0
 0 0 0 0 0 0 0 0 0 0 0 0 0 0 0 0 0 0 0 0 0 0 0 0 0 0 0 0 0 0 0 0 0 0 0 0
ppred_pel_tallas
 1.0734e-16 2.02697e-05 0.000118937 0.000565314 0.00217639 0.00678677 0.017143 0.0350783 0.0581516 0.0781123 0.0850449 0.0751185 0.0539968 0.0319675 0.0163678 0.00867397 0.00676767 0.00812319 0.0111813 0.0152091 0.0198027 0.0245902 0.0291589 0.0330988 0.03608 0.0379164 0.0385907 0.038231 0.0370535 0.0352922 0.0331427 0.0307359 0.0281433 0.0254016 0.0225429 0.0196159
 1.06304e-16 1.65199e-05 9.69111e-05 0.000460573 0.00177307 0.005529 0.0139661 0.0285791 0.0473827 0.0636628 0.0693547 0.0613588 0.0443222 0.0266737 0.014456 0.00894807 0.00849911 0.0111021 0.0154861 0.0209772 0.0270822 0.0332568 0.0388835 0.0433639 0.0462435 0.0473091 0.0466254 0.0444938 0.0413554 0.0376725 0.0338292 0.0300786 0.0265408 0.0232385 0.0201466 0.0172356
 1.08021e-16 1.14534e-05 6.71647e-05 0.000319152 0.00122855 0.00383095 0.00967704 0.0198034 0.0328375 0.0441337 0.0481152 0.0426531 0.0309955 0.0190253 0.0109884 0.0078442 0.00852673 0.0117121 0.0165538 0.0225654 0.0293184 0.0362823 0.0428291 0.0483301 0.0522827 0.0544104 0.0547035 0.0533858 0.0508266 0.0474325 0.0435566 0.0394517 0.0352697 0.0310925 0.026973 0.0229665
 1.09916e-16 1.45084e-05 8.51123e-05 0.000404503 0.00155722 0.00485591 0.0122659 0.0250994 0.041612 0.055905 0.0608917 0.0538441 0.0388348 0.0232546 0.0123963 0.00736994 0.00671992 0.00869486 0.0122167 0.0167661 0.0220161 0.0276169 0.0331534 0.0381937 0.0423667 0.0454264 0.0472802 0.0479719 0.0476325 0.0464217 0.0444821 0.041922 0.0388251 0.0352735 0.0313719 0.0272573
 1.08065e-16 1.98073e-05 0.000116222 0.000552407 0.00212669 0.0066318 0.0167516 0.0342774 0.0568241 0.07633 0.0831066 0.0734115 0.052781 0.0312701 0.0160519 0.00857298 0.00676736 0.00816996 0.0112578 0.0153124 0.0199327 0.0247463 0.0293406 0.033307 0.0363201 0.0382002 0.0389379 0.0386678 0.0376089 0.0359922 0.0340039 0.0317598 0.0293133 0.0266832 0.0238874 0.0209672
 1.07567e-16 1.27435e-05 7.4736e-05 0.000355141 0.00136711 0.00426302 0.0107685 0.0220368 0.0365402 0.049108 0.053533 0.0474431 0.0344484 0.0210883 0.0120767 0.00846637 0.00905202 0.0123382 0.0173597 0.0235543 0.030431 0.0373968 0.0437652 0.0488676 0.0521947 0.0535053 0.0528669 0.0506102 0.047221 0.043208 0.0389931 0.0348526 0.0309169 0.0272095 0.0237038 0.0203709
 1.06758e-16 2.14755e-05 0.00012602 0.00059899 0.00230606 0.00719116 0.0181644 0.0371679 0.0616141 0.0827586 0.0900909 0.0795455 0.0571139 0.033682 0.0170053 0.00862534 0.00627622 0.00726819 0.0099517 0.0135761 0.0177651 0.022198 0.0265201 0.0303702 0.0334436 0.0355465 0.0366202 0.0367267 0.0360063 0.0346255 0.0327351 0.0304512 0.0278591 0.0250299 0.0220395 0.0189792
 1.06405e-16 1.46022e-05 8.56486e-05 0.000407021 0.00156686 0.00488594 0.0123419 0.0252561 0.0418761 0.0562725 0.0613256 0.0543074 0.0393418 0.0239028 0.0133643 0.00889774 0.00908457 0.0121799 0.0170635 0.0231043 0.0297856 0.0365063 0.0425789 0.0473403 0.0502921 0.0512104 0.050185 0.0475721 0.0438836 0.0396516 0.0353155 0.031161 0.0273179 0.0238001 0.0205636 0.0175571
 1.06689e-16 1.87319e-05 0.000109907 0.000522377 0.00201106 0.00627119 0.0158407 0.0324139 0.053736 0.0721851 0.0786023 0.0694533 0.0499801 0.0297015 0.0154151 0.00850688 0.00704284 0.00870895 0.0120742 0.0164543 0.021448 0.0266618 0.0316485 0.0359576 0.039219 0.0412132 0.0419011 0.041404 0.0399456 0.0377809 0.0351374 0.0321852 0.0290382 0.0257744 0.0224617 0.0191748
 1.06538e-16 1.66748e-05 9.78224e-05 0.00046491 0.00178977 0.00558109 0.0140977 0.0288482 0.0478281 0.0642591 0.0699988 0.0619156 0.0446959 0.0268419 0.0144448 0.00878657 0.00819213 0.0106313 0.0148249 0.0201078 0.0260094 0.0320179 0.0375516 0.0420431 0.045055 0.0463724 0.046037 0.0443098 0.0415832 0.0382712 0.0347196 0.0311589 0.0277041 0.0243875 0.0212046 0.0181517
 1.0731e-16 1.48604e-05 8.71707e-05 0.000414271 0.0015948 0.00497308 0.0125619 0.0257058 0.0426195 0.0572651 0.0623901 0.0552095 0.0399074 0.0240718 0.0131478 0.00829938 0.00805855 0.010639 0.0149163 0.0202997 0.026354 0.0325881 0.0384326 0.0433218 0.0468067 0.0486446 0.048836 0.0475923 0.0452555 0.0421978 0.0387391 0.035104 0.0314222 0.0277571 0.0241454 0.0206267
 1.08145e-16 1.49105e-05 8.74674e-05 0.000415687 0.00160026 0.00499012 0.0126049 0.0257936 0.0427643 0.0574573 0.0625934 0.0553748 0.0399952 0.0240618 0.0130289 0.00805424 0.00765515 0.0100345 0.014068 0.01918 0.0249652 0.030974 0.036684 0.0415718 0.0452152 0.0473756 0.0480313 0.0473487 0.0456105 0.043127 0.0401638 0.0369067 0.0334652 0.0299014 0.0262652 0.0226201
 1.06926e-16 2.03106e-05 0.000119177 0.000566451 0.00218076 0.00680041 0.0171775 0.0351489 0.0582688 0.0782703 0.0852185 0.0752756 0.0541179 0.0320555 0.0164427 0.00876148 0.00689147 0.00830296 0.0114322 0.01554 0.0202132 0.0250669 0.0296744 0.0336128 0.0365434 0.0382781 0.0388053 0.0382656 0.0368922 0.0349375 0.0326139 0.0300656 0.0273721 0.0245732 0.0216996 0.0187954
 1.05074e-16 2.06611e-05 0.000121229 0.000576192 0.00221825 0.00691729 0.0174728 0.0357536 0.0592727 0.0796236 0.0867043 0.0766172 0.055146 0.0327913 0.0170519 0.00945433 0.00785816 0.0096951 0.0133592 0.0180558 0.0232913 0.0285784 0.0333793 0.0371759 0.0395761 0.0403981 0.0397018 0.0377532 0.0349405 0.0316707 0.0282826 0.0250008 0.0219328 0.019099 0.016476 0.0140338
 1.0365e-16 2.39195e-05 0.000140362 0.000667163 0.00256852 0.00800962 0.0202319 0.0413985 0.0686281 0.0921821 0.100356 0.0886246 0.0636663 0.0376124 0.0191082 0.00987649 0.00739286 0.00864887 0.0117762 0.0158849 0.0204808 0.0251181 0.0293172 0.0326166 0.0346657 0.035299 0.034566 0.0327005 0.0300484 0.0269772 0.0237992 0.0207289 0.0178787 0.015282 0.0129287 0.0107964
 1.02612e-16 2.59391e-05 0.00015222 0.000723537 0.00278558 0.0086865 0.0219416 0.0448967 0.074426 0.0999667 0.108822 0.0960801 0.0689766 0.0406575 0.0204843 0.0103069 0.00736819 0.0083882 0.011331 0.0152345 0.0195814 0.0239231 0.0277857 0.030719 0.0323872 0.0326432 0.0315562 0.029381 0.0264837 0.0232497 0.0200047 0.0169705 0.014258 0.0118913 0.00984305 0.00806816
 1.02815e-16 2.11112e-05 0.000123867 0.000588724 0.00226648 0.0070677 0.0178527 0.0365313 0.0605632 0.0813603 0.0886037 0.0783155 0.0564114 0.0336297 0.0176444 0.0100287 0.0086069 0.0107588 0.0148338 0.0199909 0.0256761 0.0313241 0.0363113 0.0400423 0.0420755 0.0422214 0.0405805 0.0375016 0.0334831 0.0290493 0.0246443 0.0205712 0.0169826 0.0139097 0.011311 0.00911684
 1.03737e-16 2.07044e-05 0.000121482 0.000577396 0.00222288 0.00693173 0.0175093 0.0358282 0.0593967 0.0797907 0.0868874 0.0767821 0.0552713 0.0328794 0.0171231 0.00953527 0.00797452 0.00987075 0.0136172 0.0184176 0.0237746 0.0291918 0.0341178 0.0380161 0.0404737 0.0412876 0.0405004 0.0383678 0.0352782 0.0316508 0.027849 0.0241315 0.0206453 0.0174502 0.0145553 0.011952
 1.04272e-16 2.05087e-05 0.000120334 0.000571937 0.00220186 0.00686619 0.0173437 0.0354895 0.0588351 0.0790363 0.0860661 0.0760567 0.0547501 0.0325711 0.0169657 0.00945268 0.00791125 0.00979604 0.013516 0.0182829 0.0236051 0.0289922 0.0339 0.0378001 0.0402866 0.0411621 0.0404711 0.0384673 0.0355324 0.032075 0.0284451 0.0248864 0.021532 0.01843 0.0155823 0.0129785
 1.03794e-16 2.39088e-05 0.0001403 0.000666869 0.00256739 0.0080061 0.020223 0.0413802 0.0685975 0.0921403 0.100308 0.0885777 0.063622 0.0375651 0.0190455 0.00978195 0.00724836 0.00843669 0.0114817 0.0155007 0.0200113 0.0245834 0.0287539 0.0320754 0.0342047 0.0349744 0.0344218 0.0327605 0.0303121 0.0274205 0.0243796 0.0213933 0.018572 0.0159548 0.0135425 0.0113261
 1.03537e-16 2.12827e-05 0.000124876 0.000593525 0.00228498 0.00712537 0.0179984 0.0368292 0.0610562 0.0820203 0.0893163 0.0789307 0.0568227 0.0338113 0.0176237 0.00983536 0.00824299 0.0101997 0.0140446 0.0189459 0.024375 0.0298039 0.0346511 0.0383598 0.0405128 0.040925 0.0396776 0.03708 0.0335792 0.0296454 0.0256762 0.0219414 0.0185766 0.0156119 0.0130165 0.01074
 1.03551e-16 2.30963e-05 0.000135528 0.000644178 0.00248002 0.00773363 0.0195347 0.0399722 0.0662643 0.089009 0.0969066 0.0855906 0.0615133 0.036394 0.0185886 0.00977052 0.00751319 0.00892057 0.0121923 0.0164645 0.0212452 0.0260793 0.0304718 0.0339442 0.0361293 0.0368489 0.0361449 0.0342493 0.0315118 0.0283075 0.0249594 0.0216944 0.0186379 0.0158369 0.0132933 0.0109951
 1.0336e-16 2.29362e-05 0.000134586 0.000639698 0.00246276 0.0076798 0.0193988 0.0396942 0.0658041 0.0883926 0.0962402 0.0850133 0.0611229 0.036212 0.0185853 0.00991248 0.00779078 0.00934744 0.0127907 0.0172491 0.0222095 0.0271875 0.031656 0.0351096 0.0371674 0.0376555 0.0366391 0.0343886 0.0312985 0.0277863 0.0242065 0.020802 0.0176982 0.0149286 0.0124742 0.0102991
 1.03176e-16 2.36707e-05 0.0001389 0.000660207 0.00254174 0.00792608 0.0200209 0.0409669 0.0679131 0.0912235 0.0993167 0.0877173 0.0630373 0.0372867 0.0190272 0.00997154 0.00762912 0.00902743 0.0123163 0.0166051 0.0213851 0.026187 0.0305033 0.0338472 0.0358505 0.0363433 0.0353847 0.0332314 0.0302601 0.0268708 0.023405 0.0200985 0.0170757 0.0143733 0.0119774 0.00985699
 1.0304e-16 2.35975e-05 0.000138469 0.000658161 0.00253385 0.00790149 0.0199588 0.0408399 0.0677029 0.0909417 0.0990119 0.0874526 0.0628569 0.0371996 0.0190189 0.0100252 0.0077387 0.00919756 0.0125561 0.0169214 0.0217769 0.0266419 0.0309962 0.0343419 0.0363044 0.0367139 0.0356373 0.0333445 0.0302287 0.0267064 0.0231318 0.0197487 0.0166837 0.0139709 0.0115907 0.00950437
pSPR Fmed_Fpbrs
0.753739   0.254687 0.254687
Fs Fmed_Fpbrs
0.143432   1.005 1.005
SSBpbr Bo_Bmed_Bpbrs
1.76358e+06  1.2411e+06  360981 360981
Ro
71682.4
SPR SPRFo_SPRFmed_SPRFpbrs
1.47734e+06 1.11353e+06 376259
log_Ro
11
likeval ReclasPelacesDesembMPH_pf_preclas_ppelaces_ptallas_desvR_qrecl_qpela
 240.702 46.8963 0.149621 0.001337 315.517 223.354 74.7954 0 19.7767 0 0 0 0 0 0
q_reclas_q_pelaces
1 1
M
0.7
N
 142138 42616.6 21162.8 10509.1 10366.6
 125807 67920 19595.7 9730.96 9598.95
 72964.5 60069.4 31181.9 8996.34 8874.3
 79143.2 33706.8 25815 13400.5 7679.97
 128232 38689.1 16220.9 12423.1 10144.6
 79431.6 63404.4 19047.6 7985.94 11110.6
 153079 37097.9 27850.8 8366.8 8388.31
 103118 73030.1 17003.1 12764.9 7679.39
 127679 46911.1 30436 7086.22 8520.36
 106884 56896.3 18759.1 12170.9 6240.86
 72717 48005.5 23112.3 7620.29 7479.2
 46851.8 28348.3 14691.9 7073.44 4621.15
 46988.3 18476.4 8878.03 4601.17 3662.47
 29125.3 16715.9 4708.75 2262.58 2106
 20787.1 8265.27 2710.87 763.632 708.466
 23030.3 6586.6 1671.08 548.088 297.631
 21621.9 9582.78 2296.43 582.626 294.861
 24538.7 9524.61 3744.59 897.358 342.889
 29288.5 11275.6 4049.73 1592.15 527.336
 48987.6 13632.6 4919.36 1766.84 924.698
 59933 22926.7 6013.06 2169.83 1187.18
 95758.5 28890 10727.8 2813.6 1570.8
 141002 45750.8 13279.9 4931.26 2015.39
 223274 67097.3 20862.4 6055.65 3167.68
 349095 106837 30937 9619.17 4252.66
pred_Ctot
 3865.96 2279.55 1131.99 562.129 554.503
 3490.04 3704.25 1068.72 530.71 523.511
 3673.85 5862.62 3043.27 878.02 866.109
 887.502 750.761 574.985 298.473 171.058
 396.524 238.817 100.127 76.6842 62.6201
 3410.52 5301.48 1592.64 667.735 929.003
 4335.29 2064.77 1550.1 465.673 466.87
 6253.03 8528.36 1985.61 1490.67 896.79
 9482.84 6651.96 4315.8 1004.82 1208.18
 7387.72 7532.8 2483.62 1611.37 826.26
 11398.6 13618.3 6556.55 2161.74 2121.72
 7028.91 7730.97 4006.69 1929.02 1260.25
 9769.34 6718.05 3228.06 1672.99 1331.68
 9266.96 8615.8 2427 1166.19 1085.48
 5551.41 3706.69 1215.73 342.462 317.722
 2712.09 1440.05 365.356 119.831 65.0722
 1768.16 1489.01 356.827 90.5305 45.8165
 1323.8 993.715 390.678 93.6226 35.7741
 1325.19 992.068 356.311 140.083 46.397
 2034.22 1103.38 398.157 143.002 74.8422
 1264.87 955.187 250.52 90.4008 49.461
 2614.78 1551.3 576.049 151.082 84.3471
 4242.49 2702.3 784.388 291.268 119.04
 5859.8 3465.21 1077.43 312.742 163.593
 6579.24 3980.42 1152.62 358.381 158.441
F
 0.0384662 0.0769325 0.0769325 0.0769325 0.0769325
 0.0392471 0.0784943 0.0784943 0.0784943 0.0784943
 0.0722717 0.144543 0.144543 0.144543 0.144543
 0.0157014 0.0314028 0.0314028 0.0314028 0.0314028
 0.00430797 0.00861594 0.00861594 0.00861594 0.00861594
 0.0613353 0.122671 0.122671 0.122671 0.122671
 0.0400814 0.0801629 0.0801629 0.0801629 0.0801629
 0.0876226 0.175245 0.175245 0.175245 0.175245
 0.108288 0.216575 0.216575 0.216575 0.216575
 0.100433 0.200865 0.200865 0.200865 0.200865
 0.242008 0.484017 0.484017 0.484017 0.484017
 0.230494 0.460988 0.460988 0.460988 0.460988
 0.333537 0.667075 0.667075 0.667075 0.667075
 0.559546 1.11909 1.11909 1.11909 1.11909
 0.449295 0.89859 0.89859 0.89859 0.89859
 0.176841 0.353683 0.353683 0.353683 0.353683
 0.119828 0.239655 0.239655 0.239655 0.239655
 0.0776139 0.155228 0.155228 0.155228 0.155228
 0.0647304 0.129461 0.129461 0.129461 0.129461
 0.0592654 0.118531 0.118531 0.118531 0.118531
 0.0297334 0.0594669 0.0594669 0.0594669 0.0594669
 0.0386206 0.0772412 0.0772412 0.0772412 0.0772412
 0.0426306 0.0852611 0.0852611 0.0852611 0.0852611
 0.0370951 0.0741901 0.0741901 0.0741901 0.0741901
 0.0265144 0.0530289 0.0530289 0.0530289 0.0530289
nmprior
 10 11 7 0
nm_flota  nm_reclas  nm_pelaces    nm_pelaL
inf 10.0423 12.9598 21.633
cv_recla  cv_pelaces  cv_mph
1.40334 0.805812 1.18633
 ------------------------------------------------
Talla a la edad & desviación 
 7.2 14.2025 17.0495 18.207 18.6776
 1.08 2.13037 2.55742 2.73105 2.80164
