years
 1997 1998 1999 2000 2001 2002 2003 2004 2005 2006 2007 2008 2009 2010 2011 2012 2013 2014 2015 2016 2017 2018 2019 2020 2021
reclasobs
 0 0 0 370054 412103 1.49427e+06 250295 1.28982e+06 931140 785840 897777 1.04006e+06 184774 17550 25797 100020 73551 82996 120727 218422 84188 347160 605670 569463 516374
reclaspred
 3.71441e+06 446219 614684 170092 222752 288493 497844 429512 643284 1.15511e+06 1.32116e+06 836361 441572 198329 128013 117443 122490 151503 133161 186477 374403 369822 516620 409552 248431
pelacesobs
 0 0 0 0 0 0 0 0 0 2.06254e+06 1.5e+06 0 1.87456e+06 323000 250000 174000 83755 137374 0 501740 490994 745055 786931 1.00524e+06 0
pelacespred
 1.58219e+06 636894 193337 126024 128277 118329 262725 240616 349998 665320 680154 443577 238684 84741.5 53301.6 55736.1 60620.1 75032.3 68804.5 93340.9 205879 217081 230267 215106 120366
mphobs
 0 0 0 0 0 112323 0 153150 637223 0 255016 313432 73983 77613 109348 50772 0 0 0 0 0 0 0 0 0
mphpred
 2.65139e+06 1.13669e+06 477823 242822 118995 296100 297380 418639 463720 750145 1.33301e+06 919105 490232 263603 119168 101654 101629 121727 130045 120305 254539 356988 389274 403455 315522
desembarqueobs
 350755 77701 442110 56441 14545 235359 269955 359681 431902 328805 639364 411747 362871 311530 167758 66681 60226 58785 57116 71774 51957 67425 138520 160799 200461
desembarquepred
 350737 77681.9 441654 56418.4 14543.5 235110 269766 359132 431432 328572 638535 411248 362154 310861 167413 66629.9 60192 58739.3 57061.5 71707.5 51940.6 67382.8 138410 160664 200391
Reclutas
 3570.5 5014.07 789.681 2939.39 52917.6 12761.7 54623.5 66642.5 109737 229328 53806.8 18029 52109.9 27793.8 19627 14058.9 10956.7 10723.5 7153.06 29240.6 37068.5 31723.4 37976.1 21164.9 243.3
log_desv_Rt
 -1.55954 -1.22 -3.06837 -1.75404 1.13649 -0.285795 1.16822 1.3671 1.86584 2.60291 1.15316 0.0597355 1.12111 0.49257 0.144661 -0.188992 -0.438291 -0.459809 -0.864705 0.543312 0.780523 0.624809 0.804713 0.220099 -4.2457
SSB
 2.65139e+06 1.13669e+06 477823 242822 118995 296100 297380 418639 463720 750145 1.33301e+06 919105 490232 263603 119168 101654 101629 121727 130045 120305 254539 356988 389274 403455 315522
BT
 3.10702e+06 1.31403e+06 604602 300804 378280 406423 1.00348e+06 984054 1.38869e+06 2.12956e+06 1.92564e+06 1.21669e+06 906636 482576 276786 179781 190743 217856 188097 304841 554939 493366 569057 567139 398424
Ftot
 0.0920044 0.168749 0.665693 0.317967 0.0638133 0.75008 0.515794 0.779148 0.633626 0.275062 0.458349 0.465487 0.759737 1.35315 1.16841 0.536204 0.467387 0.371234 0.408379 0.369541 0.134992 0.176682 0.258321 0.374773 0.740916
BD_Bspro_t
 0.985422 0.888538 0.698593 0.385083 0.394298 0.673533 0.480096 0.507836 0.481025 0.542549 0.639781 0.473168 0.334344 0.245175 0.145516 0.1492 0.195758 0.290409 0.356944 0.401117 0.604819 0.729379 0.715096 0.655042 0.508541
BD_Bspro
 7.5749 3.24747 1.36512 0.693731 0.339963 0.845945 0.849601 1.19603 1.32483 2.14313 3.80835 2.62584 1.40057 0.753102 0.340457 0.29042 0.290351 0.347769 0.371532 0.343707 0.727208 1.0199 1.11214 1.15265 0.901434
BD_Bo
 2.46729 1.05776 0.444646 0.225962 0.110733 0.275541 0.276732 0.389572 0.431522 0.69806 1.24045 0.855288 0.456193 0.2453 0.110894 0.0945956 0.0945728 0.113275 0.121015 0.111952 0.236866 0.332201 0.362245 0.375441 0.293615
BD_Brms
 12.054 5.16771 2.17232 1.10394 0.540985 1.34616 1.35197 1.90325 2.1082 3.41038 6.06024 4.17851 2.22873 1.19841 0.541771 0.462147 0.462036 0.553406 0.59122 0.546942 1.15721 1.62297 1.76975 1.83422 1.43446
S_f
 0.5 1 1 1 1
 0.5 1 1 1 1
 0.5 1 1 1 1
 0.5 1 1 1 1
 0.5 1 1 1 1
 0.5 1 1 1 1
 0.5 1 1 1 1
 0.5 1 1 1 1
 0.5 1 1 1 1
 0.5 1 1 1 1
 0.5 1 1 1 1
 0.5 1 1 1 1
 0.5 1 1 1 1
 0.5 1 1 1 1
 0.5 1 1 1 1
 0.5 1 1 1 1
 0.5 1 1 1 1
 0.5 1 1 1 1
 0.5 1 1 1 1
 0.5 1 1 1 1
 0.5 1 1 1 1
 0.5 1 1 1 1
 0.5 1 1 1 1
 0.5 1 1 1 1
 0.5 1 1 1 1
Scru_reclas
 0.5 1 1 1 1
 0.5 1 1 1 1
 0.5 1 1 1 1
 0.5 1 1 1 1
 0.5 1 1 1 1
 0.5 1 1 1 1
 0.5 1 1 1 1
 0.5 1 1 1 1
 0.5 1 1 1 1
 0.5 1 1 1 1
 0.5 1 1 1 1
 0.5 1 1 1 1
 0.5 1 1 1 1
 0.5 1 1 1 1
 0.5 1 1 1 1
 0.5 1 1 1 1
 0.5 1 1 1 1
 0.5 1 1 1 1
 0.5 1 1 1 1
 0.5 1 1 1 1
 0.5 1 1 1 1
 0.5 1 1 1 1
 0.5 1 1 1 1
 0.5 1 1 1 1
 0.5 1 1 1 1
Scru_pelaces
 0.5 1 1 1 1
 0.5 1 1 1 1
 0.5 1 1 1 1
 0.5 1 1 1 1
 0.5 1 1 1 1
 0.5 1 1 1 1
 0.5 1 1 1 1
 0.5 1 1 1 1
 0.5 1 1 1 1
 0.5 1 1 1 1
 0.5 1 1 1 1
 0.5 1 1 1 1
 0.5 1 1 1 1
 0.5 1 1 1 1
 0.5 1 1 1 1
 0.5 1 1 1 1
 0.5 1 1 1 1
 0.5 1 1 1 1
 0.5 1 1 1 1
 0.5 1 1 1 1
 0.5 1 1 1 1
 0.5 1 1 1 1
 0.5 1 1 1 1
 0.5 1 1 1 1
 0.5 1 1 1 1
pf_obs 
 0.256992 0.487395 0.22802 0.0275931 0
 0.321318 0.546541 0.124235 0.00734118 0.000564706
 0.182869 0.594174 0.210203 0.0122559 0.00049798
 0.330522 0.361315 0.267642 0.0388342 0.00168674
 0.649043 0.306663 0.0425973 0.00169635 0
 0.582887 0.30429 0.105238 0.00758474 0
 0.465427 0.430635 0.0974691 0.00646863 0
 0.296916 0.608066 0.0921331 0.00288517 0
 0.311714 0.524322 0.152257 0.0117073 0
 0.15457 0.633149 0.183074 0.0267441 0.00246327
 0.131901 0.49318 0.331252 0.0422183 0.00144891
 0.196976 0.569456 0.194076 0.0375587 0.00193317
 0.518974 0.381816 0.0799577 0.0180837 0.00116848
 0.0928022 0.601141 0.25162 0.0475244 0.00691264
 0.122501 0.610282 0.24278 0.0234846 0.000952079
 0.383417 0.481906 0.127806 0.00687128 0
 0.0376549 0.599619 0.316969 0.0457579 0
 0.0361596 0.667082 0.258105 0.0386534 0
 0.158088 0.579412 0.248529 0.0139706 0
 0.0477256 0.309471 0.559284 0.082774 0.000745712
 0.0406174 0.521527 0.379366 0.0568643 0.0016247
 0.151134 0.462217 0.34131 0.0453401 0
 0.294876 0.26143 0.354403 0.0886775 0.000613685
 0.281977 0.475581 0.204845 0.0348837 0.00271318
 0 0 0 0 0
pf_pred 
 0.0172285 0.627763 0.312947 0.0420606 1.06236e-06
 0.05063 0.0329736 0.585365 0.291811 0.0392209
 0.0194657 0.0986774 0.0306287 0.543738 0.307491
 0.20531 0.0367175 0.0762797 0.0236766 0.658017
 0.886257 0.0411265 0.00335514 0.00697022 0.0622913
 0.214913 0.738536 0.0168314 0.00137312 0.0283459
 0.739421 0.106051 0.145366 0.00331292 0.00584959
 0.617012 0.332634 0.0204932 0.0280905 0.00177056
 0.690808 0.248293 0.0528925 0.00325864 0.00474824
 0.720965 0.235413 0.0350302 0.00746228 0.00112964
 0.201835 0.677092 0.102145 0.0151996 0.00372803
 0.146172 0.31287 0.4589 0.0692292 0.0128282
 0.54619 0.127893 0.119426 0.175168 0.0313223
 0.430183 0.428311 0.0398795 0.0372393 0.0643875
 0.548804 0.315376 0.102091 0.00950554 0.0242234
 0.52908 0.366432 0.073035 0.0236422 0.00781096
 0.450261 0.398383 0.117773 0.0234737 0.0101092
 0.467581 0.347454 0.13404 0.0396258 0.0112993
 0.368171 0.418098 0.13948 0.0538082 0.0204431
 0.755889 0.138554 0.06985 0.0233024 0.0124049
 0.579974 0.366816 0.0302013 0.0152255 0.00778328
 0.415258 0.433613 0.131983 0.0108667 0.00827876
 0.454529 0.326711 0.16222 0.0493766 0.00716254
 0.307278 0.444851 0.148463 0.0737153 0.0256923
 0.00798053 0.493293 0.320272 0.106886 0.0715688
pobs_RECLAS
 0 0 0 0 0
 0 0 0 0 0
 0 0 0 0 0
 0 0 0 0 0
 0.835266 0.146461 0.0176864 0.000547809 3.91292e-05
 0.385257 0.428462 0.181853 0.0044286 0
 0.867414 0.0963971 0.0333333 0.00285562 0
 0.441836 0.489002 0.0689373 0.000224442 0
 0.779404 0.147425 0.0564933 0.0165055 0.000172143
 0.814271 0.122319 0.05973 0.00367925 0
 0.40263 0.566651 0.0304383 0.000280538 0
 0.475488 0.404961 0.113038 0.00651328 0
 0.955842 0.0263864 0.0167828 0.000988607 0
 0.975058 0.0227948 0.00214734 0 0
 0.738997 0.206755 0.0527124 0.00153531 0
 0.850938 0.134255 0.0134407 0.00136685 0
 0.542534 0.407297 0.0501686 0 0
 0.764087 0.199537 0.0359546 0.000420521 0
 0.470689 0.182191 0.310203 0.0369168 0
 0.84361 0.089868 0.0606195 0.00523954 0.000663233
 0.607945 0.314616 0.071237 0.00620181 0
 0.523733 0.453247 0.0230204 0 0
 0.530135 0.295979 0.169645 0.0042399 0
 0.562478 0.366248 0.0663022 0.0049721 0
 0.250443 0.683176 0.0655157 0.000865301 0
ppred_RECLAS
 0.017278 0.627732 0.312931 0.0420585 1.06231e-06
 0.0509069 0.032964 0.585194 0.291725 0.0392094
 0.0200954 0.098614 0.0306091 0.543388 0.307293
 0.207316 0.0366248 0.0760871 0.0236169 0.656355
 0.886455 0.0410547 0.00334929 0.00695806 0.0621826
 0.221468 0.73237 0.0166909 0.00136166 0.0281092
 0.74381 0.104264 0.142918 0.00325712 0.00575107
 0.626552 0.324348 0.0199827 0.0273908 0.00172646
 0.697247 0.243122 0.0517909 0.00319077 0.00464935
 0.723022 0.233677 0.034772 0.00740728 0.00112132
 0.205007 0.674401 0.101739 0.0151391 0.00371321
 0.148684 0.31195 0.457551 0.0690256 0.0127905
 0.555872 0.125165 0.116878 0.171431 0.0306541
 0.452891 0.411242 0.0382903 0.0357552 0.0618215
 0.566968 0.30268 0.0979808 0.00912288 0.0232482
 0.535088 0.361757 0.0721032 0.0233405 0.0077113
 0.455238 0.394776 0.116707 0.0232612 0.0100176
 0.471291 0.345033 0.133106 0.0393496 0.0112205
 0.372096 0.4155 0.138614 0.0534739 0.0203161
 0.758611 0.137009 0.069071 0.0230425 0.0122665
 0.58106 0.365868 0.0301232 0.0151862 0.00776316
 0.41673 0.432522 0.131651 0.0108393 0.00825792
 0.456884 0.325301 0.16152 0.0491634 0.00713162
 0.310497 0.442784 0.147773 0.0733728 0.0255729
 0.00828512 0.493141 0.320174 0.106853 0.0715468
pobs_PELACES
 0 0 0 0 0
 0 0 0 0 0
 0 0 0 0 0
 0 0 0 0 0
 0 0 0 0 0
 0 0 0 0 0
 0 0 0 0 0
 0 0 0 0 0
 0 0 0 0 0
 0 0 0 0 0
 0.450072 0.473896 0.0757376 0.000293798 0
 0 0 0 0 0
 0.463077 0.371075 0.160297 0.00555027 0
 0.529543 0.364841 0.0842815 0.0213345 0
 0.631943 0.363953 0.00410389 0 0
 0.735681 0.248677 0.0153453 0.000297389 0
 0.695825 0.281241 0.0229344 0 0
 0.275771 0.60734 0.115278 0.00161068 0
 0 0 0 0 0
 0.896147 0.0623911 0.0374545 0.00400742 0
 0.803859 0.145111 0.0509908 3.86294e-05 0
 0.739449 0.233085 0.0266225 0.000797448 4.60066e-05
 0.878498 0.100942 0.0204185 0.000141795 0
 0.694673 0.275183 0.0284847 0.00165964 0
 0 0 0 0 0
ppred_PELACES
 0.0175377 0.627566 0.312848 0.0420474 1.06203e-06
 0.0522691 0.0329167 0.584354 0.291307 0.0391531
 0.0223762 0.0983845 0.0305378 0.542124 0.306578
 0.21607 0.0362203 0.0752468 0.023356 0.649107
 0.887511 0.0406731 0.00331816 0.00689338 0.0616045
 0.24354 0.711607 0.0162177 0.00132305 0.0273123
 0.759688 0.0978021 0.13406 0.00305525 0.00539462
 0.656111 0.298675 0.018401 0.0252227 0.0015898
 0.718851 0.225773 0.0480952 0.00296308 0.00431757
 0.732018 0.226087 0.0336426 0.00716669 0.00108489
 0.217608 0.663712 0.100127 0.0148992 0.00365436
 0.15867 0.30829 0.452183 0.0682159 0.0126404
 0.586564 0.116515 0.108801 0.159584 0.0285356
 0.508568 0.369392 0.0343936 0.0321166 0.0555302
 0.613554 0.270117 0.0874398 0.00814142 0.0207471
 0.557015 0.344695 0.0687025 0.0222397 0.00734761
 0.47442 0.380876 0.112597 0.0224422 0.00966491
 0.486576 0.335058 0.129258 0.038212 0.0108962
 0.38797 0.404996 0.135109 0.0521221 0.0198025
 0.7696 0.130772 0.0659266 0.0219936 0.0117081
 0.586472 0.361141 0.029734 0.01499 0.00766287
 0.423833 0.427255 0.130048 0.0107073 0.00815736
 0.467478 0.318956 0.158369 0.0482044 0.0069925
 0.323889 0.434185 0.144903 0.0719478 0.0250762
 0.00935243 0.49261 0.319829 0.106738 0.0714698
pobs_pel_tallas
 0 0 0 0 0 0 0 0 0 0 0 0 0 0 0 0 0 0 0 0 0 0 0 0 0 0 0 0 0 0 0 0 0 0 0 0
 0 0 0 0 0 0 0 0 0 0 0 0 0 0 0 0 0 0 0 0 0 0 0 0 0 0 0 0 0 0 0 0 0 0 0 0
 0 0 0 0 0 0 0 0 0 0 0 0 0 0 0 0 0 0 0 0 0 0 0 0 0 0 0 0 0 0 0 0 0 0 0 0
 0 0 0 0 0 0 0 0 0 0 0 0 0 0 0 0 0 0 0 0 0 0 0 0 0 0 0 0 0 0 0 0 0 0 0 0
 0 0 0 0 0 0 0 0 0 0 0 0 0 0 0 0 0 0 0 0 0 0 0 0 0 0 0 0 0 0 0 0 0 0 0 0
 0 0 0 0 0 0 0 0 0 0 0 0 0 0 0 0 0 0 0 0 0 0 0 0 0 0 0 0 0 0 0 0 0 0 0 0
 0 0 0 0 0 0 0 0 0 0 0 0 0 0 0 0 0 0 0 0 0 0 0 0 0 0 0 0 0 0 0 0 0 0 0 0
 0 0 0 0 0 0 0 0 0 0 0 0 0 0 0 0 0 0 0 0 0 0 0 0 0 0 0 0 0 0 0 0 0 0 0 0
 0 0 0 0 0 0 0 0 0 0 0 0 0 0 0 0 0 0 0 0 0 0 0 0 0 0 0 0 0 0 0 0 0 0 0 0
 0 0 0 0 0 0 0 0 0 0 0 0 0 0 0 0 0 0 0 0 0 0 0 0 0 0 0 0 0 0 0 0 0 0 0 0
 0 0 0 0 0 0 0 0 1.78061e-05 0.00172719 0.00360574 0.0105946 0.0120993 0.0124554 0.0147524 0.0171206 0.0266825 0.0428682 0.0675386 0.121331 0.153587 0.119568 0.100827 0.0573624 0.0630603 0.0341343 0.0324427 0.0444173 0.0211091 0.0280891 0.0125444 0.00206551 0 0 0 0
 0 0 0 0 0 0 0 0 0 0 0 0 0 0 0 0 0 0 0 0 0 0 0 0 0 0 0 0 0 0 0 0 0 0 0 0
 0 0 0 0 0 0 0.0133647 0.0140871 0.0187388 0.0205184 0.03894 0.0496705 0.03968 0.0493445 0.0407372 0.0367815 0.0215668 0.0243155 0.0234873 0.0199281 0.019796 0.0243948 0.0301388 0.0376714 0.0412746 0.0863199 0.0771752 0.113111 0.0741005 0.0525337 0.0229764 0.00759418 0.00175318 0 0 0
 0 0 0 0 0 0 0 0 0 0 0.00219441 0.00772107 0.0458388 0.0604681 0.0671733 0.0775358 0.0609151 0.0617685 0.073594 0.0568108 0.0755445 0.0548602 0.0670107 0.0636378 0.0643287 0.046367 0.0373049 0.0286899 0.0247887 0.0153202 0.00654259 0.00121912 0.000365735 0 0 0
 0 0 0 0 0 0 0 0 0 0 0 0 0.000112435 0.00938835 0.0111873 0.0202946 0.0414886 0.0713402 0.111592 0.104902 0.108894 0.110636 0.117776 0.105296 0.107544 0.0401394 0.0192827 0.0124803 0.00416011 0.0028671 0.000618394 0 0 0 0 0
 0 0 0 0 0 0 0 0 0 0 0.00291406 0.0102884 0.027416 0.0768956 0.0749926 0.110853 0.0956884 0.0897413 0.0766577 0.0534642 0.0500743 0.0551293 0.0594112 0.0620874 0.0668451 0.0424026 0.0208742 0.0120726 0.0048766 0.00582813 0.00118941 0.000297354 0 0 0 0
 0 0.00264628 0.0354308 0.0461629 0.0458689 0.0383711 0.0214643 0.0164657 0.0346957 0.0420465 0.0363128 0.0245516 0.0311673 0.0291091 0.0169068 0.0133784 0.00837989 0.0085269 0.0148486 0.0160247 0.0276389 0.0546898 0.0760071 0.122758 0.109233 0.0665981 0.0333725 0.0166128 0.00676272 0.00308733 0.000882094 0 0 0 0 0
 0 0 0 0 0 0 0 0.000805153 0.000690131 0.00759144 0.0133425 0.0154129 0.00931677 0.000345066 0.00356568 0.00563607 0.00851162 0.0253048 0.0502646 0.0516448 0.0657925 0.0565908 0.0611916 0.0827007 0.0866115 0.110766 0.145733 0.0935128 0.0569358 0.0249597 0.0138026 0.00621118 0.00161031 0.00115022 0 0
 0 0 0 0 0 0 0 0 0 0 0 0 0 0 0 0 0 0 0 0 0 0 0 0 0 0 0 0 0 0 0 0 0 0 0 0
 0.00147267 0.00158595 0.00478618 0.00569244 0.00954404 0.0108468 0.00647125 0.017049 0.0510054 0.094081 0.124002 0.0959785 0.0687766 0.0820023 0.061753 0.0591476 0.0492212 0.0479892 0.0443925 0.0268479 0.0217502 0.0140895 0.0121071 0.0120363 0.00920419 0.00665534 0.0049561 0.00860946 0.00930331 0.0156896 0.0114698 0.00855282 0.00243557 0.00046729 0 2.83206e-05
 0 0 0 0 0.000772559 0.00158375 0.000888443 0.00281984 0.00712685 0.0440552 0.0773331 0.111326 0.0921469 0.0852325 0.0710754 0.0886704 0.0786465 0.0553345 0.0373146 0.0185414 0.00753245 0.00457741 0.012979 0.0271748 0.0457355 0.0583668 0.034881 0.0177882 0.00938659 0.00492506 0.0015258 0.00185414 0.000309023 5.79419e-05 3.86279e-05 0
 0 0.00173294 0.00326652 0 0.00397197 0.00683976 0.00946217 0.0152591 0.00757587 0.0136028 0.0228656 0.0392903 0.0559909 0.0764795 0.0681675 0.0726916 0.0566044 0.0477403 0.0527397 0.0444891 0.0609904 0.0582453 0.0661739 0.0445044 0.0529084 0.0360697 0.0280645 0.0235558 0.0158879 0.00826598 0.00280645 0.00217768 0.000904811 0.00058276 9.20147e-05 0
 0 0 0 0 0 0 0 0 0 0 0 0 0 0 0 0 0 0 0 0 0 0 0 0 0 0 0 0 0 0 0 0 0 0 0 0
 0 0 0 0 0 0 0 0 0 0 0 0 0 0 0 0 0 0 0 0 0 0 0 0 0 0 0 0 0 0 0 0 0 0 0 0
 0 0 0 0 0 0 0 0 0 0 0 0 0 0 0 0 0 0 0 0 0 0 0 0 0 0 0 0 0 0 0 0 0 0 0 0
ppred_pel_tallas
 1.06091e-16 8.03553e-07 4.6194e-06 2.17568e-05 8.34269e-05 0.000259852 0.000657062 0.0013496 0.0022568 0.00309043 0.00352021 0.00347921 0.00330747 0.00358107 0.00482958 0.00741018 0.0115485 0.0173833 0.0249211 0.0339389 0.0439135 0.0540327 0.0633041 0.0707391 0.07556 0.0773623 0.0761825 0.0724458 0.0668275 0.0600744 0.0528526 0.0456584 0.0388029 0.0324482 0.0266656 0.0214862
 1.20145e-16 2.29421e-06 1.34248e-05 6.37384e-05 0.000245269 0.000764696 0.00193155 0.00395297 0.00655573 0.00881428 0.00961857 0.00854873 0.0062623 0.00395056 0.00249192 0.00213081 0.00273888 0.0041768 0.00644616 0.00966167 0.0139717 0.0194894 0.0262408 0.034124 0.0428812 0.0520907 0.0611854 0.0695009 0.0763514 0.0811221 0.0833614 0.082853 0.0796535 0.0740809 0.0666643 0.058059
 1.33419e-16 9.91058e-07 5.77399e-06 2.73648e-05 0.000105221 0.000327971 0.00082848 0.00169623 0.00281602 0.00379514 0.00416503 0.00375772 0.00287398 0.00205311 0.00171214 0.00200803 0.00294613 0.00452832 0.00680929 0.00987656 0.0138127 0.0186689 0.0244522 0.0311195 0.0385712 0.0466393 0.0550722 0.0635197 0.0715321 0.0785809 0.08411 0.0876093 0.0886986 0.0871974 0.0831681 0.0769143
 1.32213e-16 9.43453e-06 5.53502e-05 0.000263068 0.00101276 0.00315811 0.00797709 0.0163223 0.0270569 0.0363392 0.0395513 0.0349039 0.0250228 0.0146826 0.00728423 0.00350666 0.00237214 0.0027445 0.00398498 0.00590011 0.00851243 0.0119073 0.016164 0.0213246 0.0273705 0.0342017 0.0416178 0.0493086 0.0568595 0.0637787 0.0695455 0.0736742 0.0757847 0.075661 0.0732871 0.0688549
 1.03176e-16 3.87138e-05 0.000227242 0.00108025 0.00415912 0.0129699 0.0327607 0.0670315 0.111107 0.149199 0.162318 0.143082 0.102216 0.0592365 0.0279685 0.0109915 0.00400643 0.00198512 0.00187012 0.00237852 0.00309271 0.00387894 0.00466894 0.00540932 0.00606039 0.00660183 0.00703376 0.00737066 0.00763091 0.00782584 0.00795277 0.00799448 0.00792494 0.00771866 0.00736001 0.00685005
 1.01784e-16 1.06609e-05 6.24851e-05 0.000296844 0.00114256 0.00356271 0.00899986 0.0184201 0.0305528 0.0410905 0.04487 0.0399479 0.0294015 0.0187834 0.0121488 0.0105111 0.0129862 0.018393 0.0258862 0.0348046 0.0443746 0.0535944 0.0613212 0.0664853 0.0683363 0.0666281 0.061682 0.0542968 0.0455464 0.0365286 0.0281486 0.0209916 0.0153005 0.0110375 0.00798845 0.00586871
 1.02293e-16 3.31429e-05 0.000194529 0.000924721 0.00356026 0.0111023 0.0280436 0.0573803 0.0951122 0.127727 0.138976 0.122549 0.0876421 0.0509828 0.0244357 0.0102474 0.00477976 0.00376583 0.00461019 0.00620969 0.0081666 0.010289 0.0124108 0.0143629 0.015992 0.0171835 0.0178754 0.0180577 0.0177616 0.0170435 0.0159715 0.0146179 0.0130576 0.011369 0.00963319 0.00793088
 1.013e-16 2.86343e-05 0.000168042 0.000798759 0.0030752 0.00958968 0.0242229 0.0495645 0.082163 0.110356 0.120123 0.106039 0.076084 0.0447617 0.0223924 0.0110004 0.00752068 0.00831171 0.0111098 0.014846 0.0189561 0.0229666 0.0263901 0.0287754 0.0298017 0.029355 0.0275537 0.0247131 0.0212617 0.0176398 0.0142112 0.0112123 0.00874458 0.00680019 0.00530472 0.00415882
 1.0106e-16 3.13672e-05 0.000184093 0.000875082 0.00336909 0.0105062 0.0265378 0.0543004 0.0900106 0.120887 0.131563 0.116082 0.0831681 0.0486844 0.0239017 0.0109952 0.00656655 0.00660034 0.00862075 0.0115048 0.0147319 0.0179234 0.0207052 0.0227291 0.0237401 0.0236338 0.0224781 0.0204884 0.0179694 0.0152409 0.0125744 0.0101556 0.0080774 0.00635683 0.00496283 0.00384388
 1.00849e-16 3.19413e-05 0.000187464 0.000891106 0.00343079 0.0106986 0.0270238 0.0552948 0.0916588 0.1231 0.133971 0.118203 0.0846805 0.0495557 0.0243027 0.0111336 0.00658415 0.00656157 0.00854152 0.0113786 0.0145432 0.0176526 0.0203319 0.0222344 0.0231098 0.0228621 0.0215697 0.0194606 0.0168509 0.01407 0.0113949 0.00901185 0.00700928 0.0053956 0.00412874 0.00314546
 1.02321e-16 9.52849e-06 5.58404e-05 0.000265263 0.00102098 0.00318357 0.00804214 0.0164602 0.0273031 0.0367234 0.0401102 0.0357317 0.026345 0.0169228 0.0111051 0.00981784 0.0122949 0.0175043 0.024709 0.0333255 0.0426543 0.0517738 0.0596187 0.065176 0.0677118 0.0669437 0.0631037 0.0568625 0.0491517 0.0409417 0.0330495 0.0260255 0.0201322 0.0153959 0.0116929 0.00883593
 1.09454e-16 6.94494e-06 4.07034e-05 0.000193368 0.000744279 0.00232077 0.00586238 0.0119977 0.0198973 0.0267512 0.0291889 0.0259333 0.0189723 0.0119009 0.00733661 0.00592174 0.00708465 0.0101032 0.0145386 0.0201491 0.0266913 0.0338109 0.0410378 0.0478469 0.0537431 0.0583367 0.0613876 0.0628065 0.0626265 0.0609609 0.0579698 0.0538446 0.0488092 0.0431229 0.0370783 0.0309829
 1.084e-16 2.55943e-05 0.000150212 0.000714028 0.00274903 0.00857257 0.0216536 0.0443061 0.0734423 0.0986311 0.10733 0.0946739 0.0677726 0.0395582 0.0192137 0.0085025 0.00464875 0.00439161 0.00575569 0.00790645 0.010538 0.0134858 0.0165902 0.0196795 0.0225897 0.0251856 0.0273698 0.029078 0.0302647 0.0308902 0.0309153 0.030308 0.0290601 0.0272022 0.0248155 0.022029
 1.04307e-16 2.22035e-05 0.000130281 0.000619226 0.00238393 0.00743396 0.0187779 0.038424 0.0636997 0.08557 0.0931778 0.0823338 0.0592521 0.0352151 0.0182774 0.0100732 0.00829211 0.0101607 0.0139361 0.0187443 0.0240353 0.029269 0.0338602 0.0372586 0.0390673 0.0391347 0.0375856 0.0347763 0.0311943 0.0273357 0.0236021 0.0202438 0.0173561 0.0149153 0.0128332 0.0110086
 1.02579e-16 2.67776e-05 0.000157144 0.000746953 0.00287574 0.00896768 0.0226518 0.0463497 0.0768337 0.103198 0.112332 0.0991606 0.0711484 0.0418581 0.0209421 0.0102967 0.00706202 0.00784349 0.0105404 0.0141747 0.0182438 0.0223295 0.0259942 0.0288201 0.0304922 0.0308654 0.0299921 0.0280942 0.0254978 0.0225497 0.0195467 0.0166947 0.0141033 0.011805 0.00978684 0.00801924
 1.02196e-16 2.43152e-05 0.000142681 0.000678179 0.00261092 0.00814182 0.0205658 0.0420822 0.0697624 0.0937089 0.102026 0.0901189 0.0647816 0.038355 0.0196386 0.0103962 0.00807194 0.00961035 0.0131011 0.0176099 0.0225845 0.0275068 0.0318195 0.0349949 0.0366458 0.0366122 0.0349947 0.0321162 0.0284325 0.0244202 0.0204811 0.0168867 0.0137693 0.0111491 0.00897792 0.00718146
 1.02946e-16 2.07153e-05 0.000121543 0.000577676 0.00222395 0.00693505 0.0175177 0.0358457 0.0594266 0.0798337 0.0869418 0.0768481 0.0553577 0.0330085 0.0173316 0.00987301 0.00850079 0.0106477 0.0146985 0.0198326 0.0255106 0.0311802 0.0362295 0.0400703 0.0422606 0.042602 0.0411767 0.0383096 0.0344731 0.0301694 0.0258283 0.0217483 0.018088 0.0148927 0.0121395 0.00977831
 1.03767e-16 2.12435e-05 0.000124648 0.000592448 0.00228084 0.00711248 0.0179658 0.0367623 0.0609446 0.0818681 0.0891449 0.0787657 0.0566746 0.0336647 0.0174412 0.00956793 0.0078384 0.0096087 0.0132287 0.0178882 0.0230932 0.0283601 0.0331539 0.0369548 0.0393624 0.0401803 0.0394493 0.0374167 0.0344575 0.0309757 0.027321 0.023741 0.0203754 0.0172804 0.014464 0.0119187
 1.04767e-16 1.69466e-05 9.9415e-05 0.000472474 0.00181889 0.00567187 0.0143271 0.0293176 0.0486071 0.0653079 0.0711467 0.0629439 0.0454664 0.0273608 0.0148255 0.00917224 0.00870661 0.0113685 0.0158522 0.0214637 0.0276924 0.0339741 0.0396679 0.044151 0.046948 0.0478328 0.0468678 0.0443646 0.0407863 0.0366263 0.0323055 0.0281151 0.0242103 0.0206419 0.0174024 0.0144678
 1.02282e-16 3.35762e-05 0.000197071 0.000936798 0.00360675 0.0112473 0.0284098 0.0581298 0.0963554 0.129399 0.140801 0.124172 0.0888327 0.0517352 0.0249069 0.0106314 0.00522833 0.0043737 0.00542579 0.00724051 0.00937445 0.0115838 0.0136519 0.0153739 0.0165879 0.0172061 0.0172278 0.0167284 0.0158316 0.014673 0.0133714 0.0120125 0.0106482 0.00930644 0.00800382 0.00675608
 1.01413e-16 2.56002e-05 0.000150224 0.000714036 0.00274897 0.00857234 0.0216533 0.0443073 0.073451 0.0986628 0.107418 0.0948772 0.0681926 0.0403549 0.0206252 0.0108547 0.00834485 0.00986904 0.013405 0.0179579 0.0229365 0.0277892 0.031929 0.0348092 0.0360397 0.0354804 0.0332733 0.0297992 0.0255778 0.0211444 0.0169436 0.0132668 0.0102422 0.00786497 0.00604777 0.00467098
 1.02735e-16 1.85113e-05 0.000108599 0.000516132 0.00198697 0.00619603 0.0156511 0.0320268 0.0530982 0.0713401 0.0777133 0.0687415 0.0496282 0.029813 0.016058 0.00978454 0.00912772 0.0118226 0.01643 0.0221829 0.0285215 0.0348346 0.0404345 0.0446591 0.0470113 0.047269 0.0455276 0.0421575 0.0376975 0.0327221 0.0277253 0.0230537 0.0188941 0.0153029 0.012255 0.00969028
 1.04336e-16 2.04101e-05 0.000119757 0.000569198 0.00219132 0.00683333 0.0172607 0.0353194 0.0585527 0.0786553 0.0856469 0.0756761 0.0544539 0.0323509 0.0167714 0.0092205 0.00758294 0.00932514 0.0128708 0.0174528 0.0226089 0.0278856 0.0327761 0.0367809 0.039505 0.0407378 0.0404867 0.0389502 0.0364483 0.0333343 0.0299202 0.0264352 0.0230212 0.0197539 0.0166733 0.0138087
 1.05843e-16 1.41535e-05 8.30145e-05 0.000394498 0.00151865 0.00473559 0.0119621 0.024479 0.040588 0.0545427 0.0594432 0.0526472 0.0381539 0.0232109 0.0130321 0.00875949 0.00902652 0.0121504 0.0170523 0.0231245 0.0298647 0.036682 0.0428949 0.0478383 0.0510027 0.0521424 0.0513175 0.0488511 0.0452256 0.0409543 0.0364726 0.0320791 0.0279309 0.0240788 0.0205174 0.0172294
 1.11708e-16 4.40948e-07 2.50356e-06 1.17265e-05 4.48566e-05 0.000139608 0.000353176 0.000726819 0.00122077 0.00168792 0.00196466 0.00203734 0.00212339 0.00258439 0.00377756 0.005986 0.00943056 0.0142752 0.0205783 0.0282157 0.0368257 0.0458145 0.0544342 0.0619168 0.0676282 0.071188 0.0725215 0.0718247 0.0694674 0.0658724 0.0614176 0.056386 0.0509701 0.0453063 0.0395186 0.0337471
pSPR Fmed_Fpbrs
0.506869   0.254687 0.254687
Fs Fmed_Fpbrs
0.391972   1.005 1.005
SSBpbr Bo_Bmed_Bpbrs
1.07461e+06  490958  219960 219960
Ro
16983.5
SPR SPRFo_SPRFmed_SPRFpbrs
350023 177416 89146.3
log_Ro
9.56
likeval ReclasPelacesDesembMPH_pf_preclas_ppelaces_ptallas_desvR_qrecl_qpela
 103.553 117.171 0.140546 0.000575244 389.58 219.786 77.2938 0 76.8515 0 0 0 0 0 0
q_reclas_q_pelaces
1 1
M
0.7
N
 3570.5 66369.5 33085.9 4446.8 0.112317
 5014.07 1693.34 30061.1 14985.8 2014.17
 789.681 2288.45 710.317 12609.9 7131.07
 2939.39 281.12 584.02 181.276 5037.98
 52917.6 1245.1 101.577 211.023 1885.87
 12761.7 25452.9 580.077 47.3233 976.912
 54623.5 4355.37 5970.02 136.058 240.236
 66642.5 20959 1291.26 1769.96 111.562
 109737 22415.8 4775.12 294.189 428.67
 229328 39696.8 5907.02 1258.34 190.488
 53806.8 99247.9 14972.4 2227.94 546.453
 18029 21247.2 31164.3 4701.4 871.172
 52109.9 7093.91 6624.26 9716.1 1737.37
 27793.8 17698.6 1647.9 1538.8 2660.61
 19627 7016.31 2271.25 211.474 538.908
 14058.9 5434.13 1083.1 350.61 115.835
 10956.7 5339.6 1578.53 314.623 135.495
 10723.5 4307.08 1661.57 491.206 140.067
 7153.06 4423 1475.54 569.23 216.265
 29240.6 2896.06 1460.01 487.067 259.287
 37068.5 12070.8 993.829 501.024 256.124
 31723.4 17206.2 5237.24 431.2 328.51
 37976.1 14421.4 7160.57 2179.54 316.162
 21164.9 16573.4 5531.13 2746.34 957.191
 243.3 8714.23 5657.74 1888.19 1264.29
pred_Ctot
 115.755 4217.81 2102.62 282.597 0.00713781
 293.193 190.946 3389.78 1689.84 227.124
 163.889 830.805 257.876 4577.95 2588.89
 313.584 56.0813 116.508 36.1631 1005.04
 1197.29 55.5601 4.53265 9.41647 84.1528
 2932.65 10077.9 229.677 18.7373 386.801
 9063.59 1299.93 1781.85 40.6088 71.7025
 15813.1 8524.93 525.21 719.919 45.3769
 21822.7 7843.59 1670.88 102.941 149.997
 21360.4 6974.68 1037.86 221.089 33.4684
 8030.6 26940.1 4064.16 604.76 148.331
 2728.58 5840.3 8566.24 1292.29 239.462
 12105 2834.44 2646.79 3882.16 694.182
 10212 10167.6 946.69 884.014 1528.48
 6456.57 3710.34 1201.08 111.831 284.983
 2414.68 1672.37 333.326 107.901 35.6486
 1664.33 1472.57 435.332 86.7677 37.3673
 1320.52 981.264 378.549 111.909 31.911
 961.341 1091.71 364.2 140.5 53.3795
 3585.64 657.246 331.341 110.537 58.8439
 1746.75 1104.77 90.9596 45.856 23.4416
 1938.85 2024.55 616.233 50.7367 38.6537
 3333.97 2396.43 1189.88 362.177 52.5371
 2629.16 3806.28 1270.29 630.73 219.83
 55.3319 3420.17 2220.56 741.08 496.212
F
 0.0460022 0.0920044 0.0920044 0.0920044 0.0920044
 0.0843744 0.168749 0.168749 0.168749 0.168749
 0.332846 0.665693 0.665693 0.665693 0.665693
 0.158984 0.317967 0.317967 0.317967 0.317967
 0.0319067 0.0638133 0.0638133 0.0638133 0.0638133
 0.37504 0.75008 0.75008 0.75008 0.75008
 0.257897 0.515794 0.515794 0.515794 0.515794
 0.389574 0.779148 0.779148 0.779148 0.779148
 0.316813 0.633626 0.633626 0.633626 0.633626
 0.137531 0.275062 0.275062 0.275062 0.275062
 0.229175 0.458349 0.458349 0.458349 0.458349
 0.232744 0.465487 0.465487 0.465487 0.465487
 0.379869 0.759737 0.759737 0.759737 0.759737
 0.676577 1.35315 1.35315 1.35315 1.35315
 0.584207 1.16841 1.16841 1.16841 1.16841
 0.268102 0.536204 0.536204 0.536204 0.536204
 0.233693 0.467387 0.467387 0.467387 0.467387
 0.185617 0.371234 0.371234 0.371234 0.371234
 0.204189 0.408379 0.408379 0.408379 0.408379
 0.18477 0.369541 0.369541 0.369541 0.369541
 0.0674962 0.134992 0.134992 0.134992 0.134992
 0.0883409 0.176682 0.176682 0.176682 0.176682
 0.129161 0.258321 0.258321 0.258321 0.258321
 0.187386 0.374773 0.374773 0.374773 0.374773
 0.370458 0.740916 0.740916 0.740916 0.740916
nmprior
 10 11 7 0
nm_flota  nm_reclas  nm_pelaces    nm_pelaL
inf 10.8508 8.91727 13.8127
cv_recla  cv_pelaces  cv_mph
0.920465 1.27372 0.778152
 ------------------------------------------------
Talla a la edad & desviación 
 7.2 14.2025 17.0495 18.207 18.6776
 1.08 2.13037 2.55742 2.73105 2.80164
