years
 1997 1998 1999 2000 2001 2002 2003 2004 2005 2006 2007 2008 2009 2010 2011 2012 2013 2014 2015 2016 2017 2018 2019 2020 2021
reclasobs
 0 0 0 370054 412103 1.49427e+06 250295 1.28982e+06 931140 785840 897777 1.04006e+06 184774 17550 25797 100020 73551 82996 120727 218422 84188 347160 605670 569463 516374
reclaspred
 738624 168206 379982 209074 332727 410383 886567 638629 719641 820893 749889 526113 320780 128889 73021.3 67894.5 79186 105863 114772 145907 225157 218299 354659 418001 446136
pelacesobs
 0 0 0 0 0 0 0 0 0 2.06254e+06 1.5e+06 0 1.87456e+06 323000 250000 174000 83755 137374 0 501740 490994 745055 786931 1.00524e+06 0
pelacespred
 2.52348e+06 688609 687911 718020 1.01481e+06 955349 2.45083e+06 2.03765e+06 2.07692e+06 2.45366e+06 1.92362e+06 1.39682e+06 822579 254409 148283 153629 187946 265175 292745 360120 659685 626951 767205 1.06228e+06 1.1569e+06
mphobs
 0 0 0 0 0 112323 0 153150 637223 0 255016 313432 73983 77613 109348 50772 0 0 0 0 0 0 0 0 0
mphpred
 262305 132442 130014 101087 105480 185558 246411 328646 289251 321348 375817 262788 164380 87177.7 38221.3 29277 30585.4 39051.3 48691.4 52891.6 77995.7 98833.4 119194 155985 212527
desembarqueobs
 350755 77701 442110 56441 14545 235359 269955 359681 431902 328805 639364 411747 362871 311530 167758 66681 60226 58785 57116 71774 51957 67425 138520 160799 200461
desembarquepred
 350747 77688.5 441953 56440.6 14545 235410 269995 359535 431817 328737 638969 411566 362707 311400 167466 66661 60243.5 58759.1 57085.8 71757.7 51956.9 67403.1 138505 160798 200453
Reclutas
 32385.2 42799.2 15671.4 22551.8 47751.5 30498.5 67837.6 66506.5 86452.7 118230 66853.1 47218.2 50227.8 27561.1 13911.5 11518.3 8796.17 10101.6 10115.2 15342.6 21347.6 25985.2 37712.8 47690.6 12963.3
log_desv_Rt
 0.105457 0.384275 -0.620406 -0.256428 0.493767 0.0454322 0.844872 0.825055 1.08735 1.40039 0.830252 0.482534 0.544324 -0.0558406 -0.739532 -0.928306 -1.19793 -1.05955 -1.05821 -0.64161 -0.311307 -0.114717 0.257754 0.492489 -0.810119
SSB
 525546 265357 260491 202534 211336 371778 493701 658466 579534 643843 752976 526513 329348 174667 76579 58658.5 61279.9 78242.1 97556.7 105972 156270 198020 238814 312526 425813
BT
 1.52043e+06 395092 550976 354627 458789 537892 1.38801e+06 1.2808e+06 1.37861e+06 1.43081e+06 1.37893e+06 964382 737694 411000 213208 125143 134490 166999 166125 215961 335036 302456 401589 575551 570540
Ftot
 0.600858 0.643593 1.23051 0.353843 0.0664709 0.622051 0.444708 0.756017 0.86085 0.586015 0.987381 0.923186 1.48996 2.71097 2.87926 1.2675 1.01486 0.751965 0.598443 0.660834 0.312228 0.374687 0.468255 0.497145 0.457703
BD_Bspro_t
 0.924646 0.655661 0.547997 0.319294 0.45168 0.646884 0.570788 0.603801 0.533684 0.512487 0.517769 0.360228 0.262239 0.175167 0.0952842 0.0902324 0.128105 0.21195 0.301549 0.375487 0.500438 0.622564 0.62728 0.618015 0.601761
BD_Bspro
 0.874975 0.441789 0.433688 0.337197 0.35185 0.618968 0.821957 1.09627 0.964859 1.07193 1.25362 0.876585 0.548326 0.2908 0.127495 0.0976597 0.102024 0.130264 0.162421 0.176431 0.260172 0.32968 0.397598 0.52032 0.70893
BD_Bo
 0.661088 0.333794 0.327674 0.254769 0.26584 0.467662 0.62103 0.828288 0.729 0.809894 0.947173 0.662305 0.414288 0.219714 0.0963292 0.0737869 0.0770844 0.0984212 0.122717 0.133303 0.196573 0.24909 0.300406 0.393128 0.535632
BD_Brms
 1.20198 0.606898 0.59577 0.463217 0.483346 0.850294 1.12915 1.50598 1.32545 1.47253 1.72213 1.20419 0.753252 0.399481 0.175144 0.134158 0.140153 0.178948 0.223122 0.242369 0.357405 0.452891 0.546192 0.714779 0.973877
S_f
 0.138669 1 1 1 1
 0.138669 1 1 1 1
 0.138669 1 1 1 1
 0.138669 1 1 1 1
 0.138669 1 1 1 1
 0.138669 1 1 1 1
 0.138669 1 1 1 1
 0.138669 1 1 1 1
 0.138669 1 1 1 1
 0.138669 1 1 1 1
 0.138669 1 1 1 1
 0.138669 1 1 1 1
 0.138669 1 1 1 1
 0.138669 1 1 1 1
 0.138669 1 1 1 1
 0.138669 1 1 1 1
 0.138669 1 1 1 1
 0.138669 1 1 1 1
 0.138669 1 1 1 1
 0.138669 1 1 1 1
 0.138669 1 1 1 1
 0.138669 1 1 1 1
 0.138669 1 1 1 1
 0.138669 1 1 1 1
 0.138669 1 1 1 1
Scru_reclas
 0.507284 0.850323 0.969086 0.994252 0.998953
 0.507284 0.850323 0.969086 0.994252 0.998953
 0.507284 0.850323 0.969086 0.994252 0.998953
 0.507284 0.850323 0.969086 0.994252 0.998953
 0.507284 0.850323 0.969086 0.994252 0.998953
 0.507284 0.850323 0.969086 0.994252 0.998953
 0.507284 0.850323 0.969086 0.994252 0.998953
 0.507284 0.850323 0.969086 0.994252 0.998953
 0.507284 0.850323 0.969086 0.994252 0.998953
 0.507284 0.850323 0.969086 0.994252 0.998953
 0.507284 0.850323 0.969086 0.994252 0.998953
 0.507284 0.850323 0.969086 0.994252 0.998953
 0.507284 0.850323 0.969086 0.994252 0.998953
 0.507284 0.850323 0.969086 0.994252 0.998953
 0.507284 0.850323 0.969086 0.994252 0.998953
 0.507284 0.850323 0.969086 0.994252 0.998953
 0.507284 0.850323 0.969086 0.994252 0.998953
 0.507284 0.850323 0.969086 0.994252 0.998953
 0.507284 0.850323 0.969086 0.994252 0.998953
 0.507284 0.850323 0.969086 0.994252 0.998953
 0.507284 0.850323 0.969086 0.994252 0.998953
 0.507284 0.850323 0.969086 0.994252 0.998953
 0.507284 0.850323 0.969086 0.994252 0.998953
 0.507284 0.850323 0.969086 0.994252 0.998953
 0.507284 0.850323 0.969086 0.994252 0.998953
Scru_pelaces
 0.549478 1 1 1 1
 0.549478 1 1 1 1
 0.549478 1 1 1 1
 0.549478 1 1 1 1
 0.549478 1 1 1 1
 0.549478 1 1 1 1
 0.549478 1 1 1 1
 0.549478 1 1 1 1
 0.549478 1 1 1 1
 0.549478 1 1 1 1
 0.549478 1 1 1 1
 0.549478 1 1 1 1
 0.549478 1 1 1 1
 0.549478 1 1 1 1
 0.549478 1 1 1 1
 0.549478 1 1 1 1
 0.549478 1 1 1 1
 0.549478 1 1 1 1
 0.549478 1 1 1 1
 0.549478 1 1 1 1
 0.549478 1 1 1 1
 0.549478 1 1 1 1
 0.549478 1 1 1 1
 0.549478 1 1 1 1
 0.549478 1 1 1 1
pf_obs 
 0.256992 0.487395 0.22802 0.0275931 0
 0.321318 0.546541 0.124235 0.00734118 0.000564706
 0.182869 0.594174 0.210203 0.0122559 0.00049798
 0.330522 0.361315 0.267642 0.0388342 0.00168674
 0.649043 0.306663 0.0425973 0.00169635 0
 0.582887 0.30429 0.105238 0.00758474 0
 0.465427 0.430635 0.0974691 0.00646863 0
 0.296916 0.608066 0.0921331 0.00288517 0
 0.311714 0.524322 0.152257 0.0117073 0
 0.15457 0.633149 0.183074 0.0267441 0.00246327
 0.131901 0.49318 0.331252 0.0422183 0.00144891
 0.196976 0.569456 0.194076 0.0375587 0.00193317
 0.518974 0.381816 0.0799577 0.0180837 0.00116848
 0.0928022 0.601141 0.25162 0.0475244 0.00691264
 0.122501 0.610282 0.24278 0.0234846 0.000952079
 0.383417 0.481906 0.127806 0.00687128 0
 0.0376549 0.599619 0.316969 0.0457579 0
 0.0361596 0.667082 0.258105 0.0386534 0
 0.158088 0.579412 0.248529 0.0139706 0
 0.0477256 0.309471 0.559284 0.082774 0.000745712
 0.0406174 0.521527 0.379366 0.0568643 0.0016247
 0.151134 0.462217 0.34131 0.0453401 0
 0.294876 0.26143 0.354403 0.0886775 0.000613685
 0.281977 0.475581 0.204845 0.0348837 0.00271318
 0 0 0 0 0
pf_pred 
 0.234991 0.531967 0.207565 0.0254693 8.08298e-06
 0.274395 0.544148 0.126181 0.0492336 0.00604315
 0.117592 0.697655 0.138551 0.0321282 0.0140746
 0.260114 0.47932 0.20601 0.0409127 0.0136432
 0.323597 0.508144 0.109003 0.0468493 0.0124067
 0.149255 0.664284 0.140077 0.0300484 0.0163348
 0.335333 0.421377 0.189968 0.0400584 0.0132643
 0.23735 0.624993 0.0872695 0.0393433 0.0110434
 0.294385 0.541525 0.134472 0.0187767 0.0108411
 0.304258 0.573316 0.0939559 0.0233313 0.00513877
 0.162713 0.677377 0.131771 0.0215948 0.00654356
 0.178886 0.575185 0.19896 0.038704 0.00826485
 0.28179 0.514777 0.142503 0.0492928 0.0116366
 0.25995 0.638636 0.072688 0.0201218 0.0086034
 0.297527 0.648893 0.0462369 0.00526257 0.00207969
 0.331062 0.630334 0.0356595 0.00254092 0.000403489
 0.239255 0.665391 0.0898508 0.00508308 0.00041971
 0.276175 0.574379 0.130714 0.017651 0.00108101
 0.235503 0.612725 0.120436 0.0274083 0.00392773
 0.303877 0.522244 0.13936 0.0273923 0.00712715
 0.280191 0.586487 0.10002 0.0266902 0.00661116
 0.23773 0.583923 0.145314 0.024782 0.00825108
 0.269755 0.533289 0.150874 0.0375463 0.00853511
 0.257962 0.572041 0.124146 0.0351226 0.0107275
 0.0682339 0.710683 0.170435 0.0369883 0.0136606
pobs_RECLAS
 0 0 0 0 0
 0 0 0 0 0
 0 0 0 0 0
 0 0 0 0 0
 0.835266 0.146461 0.0176864 0.000547809 3.91292e-05
 0.385257 0.428462 0.181853 0.0044286 0
 0.867414 0.0963971 0.0333333 0.00285562 0
 0.441836 0.489002 0.0689373 0.000224442 0
 0.779404 0.147425 0.0564933 0.0165055 0.000172143
 0.814271 0.122319 0.05973 0.00367925 0
 0.40263 0.566651 0.0304383 0.000280538 0
 0.475488 0.404961 0.113038 0.00651328 0
 0.955842 0.0263864 0.0167828 0.000988607 0
 0.975058 0.0227948 0.00214734 0 0
 0.738997 0.206755 0.0527124 0.00153531 0
 0.850938 0.134255 0.0134407 0.00136685 0
 0.542534 0.407297 0.0501686 0 0
 0.764087 0.199537 0.0359546 0.000420521 0
 0.470689 0.182191 0.310203 0.0369168 0
 0.84361 0.089868 0.0606195 0.00523954 0.000663233
 0.607945 0.314616 0.071237 0.00620181 0
 0.523733 0.453247 0.0230204 0 0
 0.530135 0.295979 0.169645 0.0042399 0
 0.562478 0.366248 0.0663022 0.0049721 0
 0.250443 0.683176 0.0655157 0.000865301 0
ppred_RECLAS
 0.569613 0.286795 0.127532 0.0160552 5.1194e-06
 0.62209 0.273231 0.0722079 0.028906 0.00356482
 0.385235 0.471489 0.106713 0.0253881 0.0111745
 0.595352 0.249311 0.122119 0.024882 0.00833667
 0.665647 0.242116 0.0591909 0.0261007 0.00694471
 0.433647 0.428374 0.102947 0.022657 0.012375
 0.679766 0.192688 0.0990016 0.0214186 0.00712576
 0.580532 0.334638 0.0532526 0.0246311 0.00694649
 0.650991 0.259088 0.073323 0.0105042 0.00609346
 0.65683 0.275664 0.051486 0.0131171 0.00290273
 0.470169 0.417082 0.0924676 0.0155473 0.00473333
 0.492903 0.340384 0.134186 0.0267812 0.0057459
 0.654892 0.237349 0.074881 0.0265745 0.00630314
 0.687808 0.264037 0.0342493 0.00972727 0.00417871
 0.736029 0.241189 0.0195862 0.00228715 0.000908122
 0.705205 0.275525 0.0177641 0.00129865 0.000207197
 0.592708 0.350038 0.0538689 0.00312663 0.000259387
 0.628541 0.286287 0.0742516 0.0102869 0.000632987
 0.573695 0.332054 0.0743836 0.0173675 0.00250061
 0.655766 0.249178 0.0757796 0.0152819 0.00399497
 0.624361 0.297933 0.0579063 0.0158535 0.00394548
 0.570703 0.318035 0.0901999 0.0157823 0.00527949
 0.612157 0.272447 0.0878443 0.0224285 0.0051226
 0.599575 0.298567 0.073846 0.0214345 0.00657769
 0.238996 0.560902 0.153302 0.0341341 0.0126661
pobs_PELACES
 0 0 0 0 0
 0 0 0 0 0
 0 0 0 0 0
 0 0 0 0 0
 0 0 0 0 0
 0 0 0 0 0
 0 0 0 0 0
 0 0 0 0 0
 0 0 0 0 0
 0 0 0 0 0
 0.450072 0.473896 0.0757376 0.000293798 0
 0 0 0 0 0
 0.463077 0.371075 0.160297 0.00555027 0
 0.529543 0.364841 0.0842815 0.0213345 0
 0.631943 0.363953 0.00410389 0 0
 0.735681 0.248677 0.0153453 0.000297389 0
 0.695825 0.281241 0.0229344 0 0
 0.275771 0.60734 0.115278 0.00161068 0
 0 0 0 0 0
 0.896147 0.0623911 0.0374545 0.00400742 0
 0.803859 0.145111 0.0509908 3.86294e-05 0
 0.739449 0.233085 0.0266225 0.000797448 4.60066e-05
 0.878498 0.100942 0.0204185 0.000141795 0
 0.694673 0.275183 0.0284847 0.00165964 0
 0 0 0 0 0
ppred_PELACES
 0.601431 0.277154 0.108141 0.0132695 4.21122e-06
 0.653775 0.259642 0.0602076 0.023492 0.00288351
 0.457738 0.428726 0.0851431 0.0197436 0.00864919
 0.611747 0.251522 0.108103 0.0214688 0.00715923
 0.659703 0.255646 0.0548393 0.0235698 0.00624177
 0.464908 0.417814 0.0881043 0.0188995 0.0102741
 0.700374 0.189953 0.0856357 0.018058 0.00597945
 0.618807 0.312389 0.0436197 0.0196649 0.00551981
 0.694044 0.234806 0.0583075 0.00814163 0.00470073
 0.681142 0.26275 0.0430599 0.0106927 0.00235509
 0.526546 0.383031 0.0745116 0.0122111 0.00370014
 0.548456 0.316304 0.109412 0.0212839 0.00454498
 0.735591 0.189516 0.0524626 0.0181472 0.00428403
 0.81733 0.157637 0.0179419 0.00496676 0.00212361
 0.85477 0.134153 0.0095591 0.00108799 0.000429959
 0.761042 0.225168 0.0127383 0.000907666 0.000144134
 0.645419 0.310137 0.0418793 0.00236921 0.000195626
 0.66522 0.265659 0.0604575 0.00816385 0.000499984
 0.601893 0.319073 0.0627163 0.0142727 0.00204534
 0.686937 0.234865 0.0626734 0.012319 0.00320525
 0.632169 0.299702 0.0511115 0.013639 0.00337838
 0.584782 0.31807 0.0791545 0.0134991 0.00449447
 0.633226 0.26785 0.0757783 0.0188581 0.00428685
 0.621543 0.291755 0.0633175 0.0179133 0.00547126
 0.254245 0.568807 0.13641 0.0296042 0.0109335
pobs_pel_tallas
 0 0 0 0 0 0 0 0 0 0 0 0 0 0 0 0 0 0 0 0 0 0 0 0 0 0 0 0 0 0 0 0 0 0 0 0
 0 0 0 0 0 0 0 0 0 0 0 0 0 0 0 0 0 0 0 0 0 0 0 0 0 0 0 0 0 0 0 0 0 0 0 0
 0 0 0 0 0 0 0 0 0 0 0 0 0 0 0 0 0 0 0 0 0 0 0 0 0 0 0 0 0 0 0 0 0 0 0 0
 0 0 0 0 0 0 0 0 0 0 0 0 0 0 0 0 0 0 0 0 0 0 0 0 0 0 0 0 0 0 0 0 0 0 0 0
 0 0 0 0 0 0 0 0 0 0 0 0 0 0 0 0 0 0 0 0 0 0 0 0 0 0 0 0 0 0 0 0 0 0 0 0
 0 0 0 0 0 0 0 0 0 0 0 0 0 0 0 0 0 0 0 0 0 0 0 0 0 0 0 0 0 0 0 0 0 0 0 0
 0 0 0 0 0 0 0 0 0 0 0 0 0 0 0 0 0 0 0 0 0 0 0 0 0 0 0 0 0 0 0 0 0 0 0 0
 0 0 0 0 0 0 0 0 0 0 0 0 0 0 0 0 0 0 0 0 0 0 0 0 0 0 0 0 0 0 0 0 0 0 0 0
 0 0 0 0 0 0 0 0 0 0 0 0 0 0 0 0 0 0 0 0 0 0 0 0 0 0 0 0 0 0 0 0 0 0 0 0
 0 0 0 0 0 0 0 0 0 0 0 0 0 0 0 0 0 0 0 0 0 0 0 0 0 0 0 0 0 0 0 0 0 0 0 0
 0 0 0 0 0 0 0 0 1.78061e-05 0.00172719 0.00360574 0.0105946 0.0120993 0.0124554 0.0147524 0.0171206 0.0266825 0.0428682 0.0675386 0.121331 0.153587 0.119568 0.100827 0.0573624 0.0630603 0.0341343 0.0324427 0.0444173 0.0211091 0.0280891 0.0125444 0.00206551 0 0 0 0
 0 0 0 0 0 0 0 0 0 0 0 0 0 0 0 0 0 0 0 0 0 0 0 0 0 0 0 0 0 0 0 0 0 0 0 0
 0 0 0 0 0 0 0.0133647 0.0140871 0.0187388 0.0205184 0.03894 0.0496705 0.03968 0.0493445 0.0407372 0.0367815 0.0215668 0.0243155 0.0234873 0.0199281 0.019796 0.0243948 0.0301388 0.0376714 0.0412746 0.0863199 0.0771752 0.113111 0.0741005 0.0525337 0.0229764 0.00759418 0.00175318 0 0 0
 0 0 0 0 0 0 0 0 0 0 0.00219441 0.00772107 0.0458388 0.0604681 0.0671733 0.0775358 0.0609151 0.0617685 0.073594 0.0568108 0.0755445 0.0548602 0.0670107 0.0636378 0.0643287 0.046367 0.0373049 0.0286899 0.0247887 0.0153202 0.00654259 0.00121912 0.000365735 0 0 0
 0 0 0 0 0 0 0 0 0 0 0 0 0.000112435 0.00938835 0.0111873 0.0202946 0.0414886 0.0713402 0.111592 0.104902 0.108894 0.110636 0.117776 0.105296 0.107544 0.0401394 0.0192827 0.0124803 0.00416011 0.0028671 0.000618394 0 0 0 0 0
 0 0 0 0 0 0 0 0 0 0 0.00291406 0.0102884 0.027416 0.0768956 0.0749926 0.110853 0.0956884 0.0897413 0.0766577 0.0534642 0.0500743 0.0551293 0.0594112 0.0620874 0.0668451 0.0424026 0.0208742 0.0120726 0.0048766 0.00582813 0.00118941 0.000297354 0 0 0 0
 0 0.00264628 0.0354308 0.0461629 0.0458689 0.0383711 0.0214643 0.0164657 0.0346957 0.0420465 0.0363128 0.0245516 0.0311673 0.0291091 0.0169068 0.0133784 0.00837989 0.0085269 0.0148486 0.0160247 0.0276389 0.0546898 0.0760071 0.122758 0.109233 0.0665981 0.0333725 0.0166128 0.00676272 0.00308733 0.000882094 0 0 0 0 0
 0 0 0 0 0 0 0 0.000805153 0.000690131 0.00759144 0.0133425 0.0154129 0.00931677 0.000345066 0.00356568 0.00563607 0.00851162 0.0253048 0.0502646 0.0516448 0.0657925 0.0565908 0.0611916 0.0827007 0.0866115 0.110766 0.145733 0.0935128 0.0569358 0.0249597 0.0138026 0.00621118 0.00161031 0.00115022 0 0
 0 0 0 0 0 0 0 0 0 0 0 0 0 0 0 0 0 0 0 0 0 0 0 0 0 0 0 0 0 0 0 0 0 0 0 0
 0.00147267 0.00158595 0.00478618 0.00569244 0.00954404 0.0108468 0.00647125 0.017049 0.0510054 0.094081 0.124002 0.0959785 0.0687766 0.0820023 0.061753 0.0591476 0.0492212 0.0479892 0.0443925 0.0268479 0.0217502 0.0140895 0.0121071 0.0120363 0.00920419 0.00665534 0.0049561 0.00860946 0.00930331 0.0156896 0.0114698 0.00855282 0.00243557 0.00046729 0 2.83206e-05
 0 0 0 0 0.000772559 0.00158375 0.000888443 0.00281984 0.00712685 0.0440552 0.0773331 0.111326 0.0921469 0.0852325 0.0710754 0.0886704 0.0786465 0.0553345 0.0373146 0.0185414 0.00753245 0.00457741 0.012979 0.0271748 0.0457355 0.0583668 0.034881 0.0177882 0.00938659 0.00492506 0.0015258 0.00185414 0.000309023 5.79419e-05 3.86279e-05 0
 0 0.00173294 0.00326652 0 0.00397197 0.00683976 0.00946217 0.0152591 0.00757587 0.0136028 0.0228656 0.0392903 0.0559909 0.0764795 0.0681675 0.0726916 0.0566044 0.0477403 0.0527397 0.0444891 0.0609904 0.0582453 0.0661739 0.0445044 0.0529084 0.0360697 0.0280645 0.0235558 0.0158879 0.00826598 0.00280645 0.00217768 0.000904811 0.00058276 9.20147e-05 0
 0 0 0 0 0 0 0 0 0 0 0 0 0 0 0 0 0 0 0 0 0 0 0 0 0 0 0 0 0 0 0 0 0 0 0 0
 0 0 0 0 0 0 0 0 0 0 0 0 0 0 0 0 0 0 0 0 0 0 0 0 0 0 0 0 0 0 0 0 0 0 0 0
 0 0 0 0 0 0 0 0 0 0 0 0 0 0 0 0 0 0 0 0 0 0 0 0 0 0 0 0 0 0 0 0 0 0 0 0
ppred_pel_tallas
 1.02082e-16 2.62493e-05 0.000154042 0.000732203 0.00281895 0.00879057 0.0222044 0.0454344 0.0753168 0.101162 0.110119 0.0972153 0.0697704 0.0410832 0.0206213 0.0102504 0.00717466 0.00807273 0.0108883 0.0146603 0.0188861 0.0231393 0.0269682 0.0299385 0.0317183 0.0321479 0.0312694 0.0293003 0.0265685 0.0234288 0.0201916 0.0170806 0.0142256 0.0116795 0.00944785 0.00751485
 1.01882e-16 2.85309e-05 0.000167439 0.000795898 0.0030642 0.00955537 0.0241362 0.0493868 0.0818674 0.109956 0.11968 0.105629 0.0757501 0.0444851 0.0221069 0.0106203 0.00696133 0.00749876 0.00998685 0.0133877 0.0171843 0.0209641 0.0243036 0.026804 0.0281697 0.0282741 0.0271844 0.0251336 0.0224542 0.0194962 0.0165555 0.0138339 0.0114327 0.00937253 0.00762592 0.0061471
 1.02431e-16 1.99897e-05 0.000117279 0.000557395 0.00214584 0.00669148 0.0169025 0.0345874 0.0573422 0.0770387 0.0839117 0.0742024 0.0535229 0.0320564 0.0170904 0.0101405 0.00917158 0.011719 0.0162178 0.0218424 0.0280085 0.0340943 0.0394094 0.0432977 0.0452772 0.0451512 0.0430478 0.0393737 0.034702 0.0296326 0.024672 0.0201635 0.0162752 0.0130332 0.0103761 0.00820723
 1.02689e-16 2.66981e-05 0.000156679 0.000744745 0.00286725 0.00894119 0.0225849 0.0462126 0.076606 0.10289 0.111994 0.0988538 0.07091 0.0416811 0.0207863 0.0101108 0.00679885 0.00746517 0.0100204 0.0135029 0.0174331 0.0214222 0.0250626 0.0279606 0.0298116 0.0304626 0.0299385 0.0284197 0.0261837 0.0235331 0.0207323 0.0179722 0.0153653 0.0129621 0.0107768 0.00880988
 1.01964e-16 2.87892e-05 0.000168956 0.00080311 0.00309197 0.00964197 0.024355 0.0498344 0.0826091 0.110951 0.120762 0.10658 0.0764236 0.0448635 0.022263 0.0106419 0.00690526 0.00738625 0.009818 0.0131552 0.0168814 0.0205889 0.0238611 0.0263065 0.0276361 0.0277276 0.0266498 0.0246342 0.0220099 0.0191216 0.0162593 0.0136191 0.0112968 0.00930851 0.00762317 0.00619261
 1.02517e-16 2.03019e-05 0.000119113 0.000566117 0.00217943 0.00679621 0.017167 0.0351285 0.0582389 0.0782419 0.0852181 0.0753478 0.0543278 0.032496 0.0172474 0.010114 0.00902172 0.0114627 0.0158481 0.0213478 0.0273854 0.0333541 0.0385813 0.0424268 0.0444194 0.0443639 0.042381 0.0388618 0.0343596 0.0294543 0.0246363 0.0202389 0.0164264 0.013227 0.0105847 0.00841032
 1.02178e-16 3.05601e-05 0.000179358 0.000852577 0.00328245 0.010236 0.0258554 0.0529037 0.0876948 0.117775 0.12817 0.113075 0.0809841 0.0473473 0.0231374 0.0104658 0.00601593 0.0058766 0.00764744 0.0102605 0.0132493 0.0162964 0.01909 0.0213319 0.0227903 0.023347 0.0230167 0.0219307 0.0202937 0.0183294 0.016234 0.0141499 0.0121622 0.0103111 0.00861101 0.00706681
 1.01655e-16 2.70082e-05 0.000158495 0.000753365 0.00290042 0.00904462 0.0228462 0.0467477 0.0774945 0.104088 0.113309 0.100043 0.0718234 0.0423391 0.0213368 0.0107416 0.00767939 0.00872901 0.0117608 0.0157592 0.0201686 0.0245042 0.0282578 0.0309537 0.0322477 0.0320064 0.0303363 0.0275474 0.0240696 0.0203492 0.0167591 0.013547 0.0108278 0.00860819 0.00682905 0.00540586
 1.01404e-16 3.02858e-05 0.000177744 0.000844894 0.00325286 0.0101437 0.0256223 0.0524272 0.0869061 0.116719 0.127032 0.112094 0.0803339 0.0470718 0.0231968 0.010818 0.0066635 0.00686416 0.00903286 0.0120818 0.0154963 0.0188907 0.0218783 0.0240962 0.025276 0.0253033 0.0242401 0.0223002 0.0197894 0.0170304 0.014298 0.0117817 0.00957847 0.00771057 0.00615358 0.00486378
 1.01175e-16 2.97244e-05 0.000174445 0.000829206 0.00319244 0.0099553 0.0251464 0.0514537 0.0852934 0.114556 0.124685 0.11004 0.0788995 0.0463066 0.0229594 0.0109402 0.00704965 0.00749677 0.00993532 0.0132799 0.0169916 0.0206452 0.0238086 0.0260794 0.0271654 0.0269519 0.025526 0.023147 0.0201769 0.0169927 0.0139122 0.0111491 0.00880605 0.00689444 0.00536907 0.00416132
 1.01775e-16 2.29882e-05 0.000134887 0.000641115 0.0024682 0.00769675 0.0194417 0.0397824 0.0659516 0.0885951 0.0964722 0.0852455 0.0613489 0.0364643 0.0189313 0.0104423 0.00860562 0.0105492 0.0144665 0.0194489 0.0249198 0.0303089 0.0349954 0.0383917 0.0400676 0.0398493 0.0378558 0.0344563 0.0301708 0.0255434 0.0210349 0.0169587 0.0134693 0.0105915 0.00826835 0.00640884
 1.026e-16 2.39409e-05 0.000140486 0.000667749 0.00257077 0.00801663 0.0202496 0.0414349 0.0686888 0.0922651 0.10045 0.0887165 0.0637516 0.0377014 0.0192246 0.0100521 0.0076633 0.00905086 0.0123431 0.01664 0.0214285 0.0262364 0.0305523 0.0338849 0.0358608 0.036305 0.0352732 0.0330208 0.0299267 0.0263975 0.0227842 0.0193354 0.0161889 0.0133936 0.0109447 0.00881541
 1.01631e-16 3.20956e-05 0.000188373 0.000895436 0.00344747 0.0107506 0.0271552 0.0555633 0.092103 0.123694 0.134608 0.118746 0.0850276 0.0496741 0.0242038 0.0108261 0.00604785 0.00575099 0.00740579 0.00988545 0.0127006 0.0155249 0.0180455 0.0199695 0.021078 0.0212732 0.0205964 0.0192086 0.0173432 0.0152473 0.013131 0.011139 0.00934614 0.00777206 0.0064037 0.00521621
 1.00577e-16 3.56585e-05 0.000209293 0.000994901 0.00383045 0.0119449 0.0301719 0.0617354 0.102332 0.137426 0.149538 0.131883 0.094362 0.0549804 0.0265138 0.0113888 0.0056949 0.00483189 0.00597796 0.0078917 0.0100666 0.0122033 0.0140344 0.0153185 0.0158832 0.0156648 0.0147221 0.0132182 0.0113778 0.00943318 0.00757861 0.00594313 0.00458576 0.00350828 0.00267657 0.00204187
 1.00238e-16 3.729e-05 0.000218874 0.00104045 0.00400585 0.0124919 0.0315535 0.0645621 0.107017 0.143714 0.156373 0.137893 0.0986224 0.0573827 0.0275224 0.0115646 0.0054049 0.00422153 0.00506095 0.0066353 0.00844069 0.0102038 0.011693 0.0127027 0.0130882 0.0127995 0.0118926 0.0105138 0.00886224 0.00714319 0.00552781 0.00412924 0.00299805 0.00213305 0.0015 0.0010505
 1.00293e-16 3.32068e-05 0.000194894 0.000926428 0.00356679 0.0111227 0.0280951 0.0574866 0.0952918 0.127978 0.139276 0.122876 0.0880126 0.0514727 0.0251808 0.0114296 0.00660941 0.00645749 0.00834334 0.0110738 0.0141009 0.0170355 0.0195014 0.0211556 0.021757 0.0212235 0.0196524 0.0172931 0.0144836 0.0115717 0.00884737 0.00650165 0.00461906 0.00319585 0.00217167 0.00146178
 1.00787e-16 2.81686e-05 0.000165307 0.000785752 0.00302512 0.00943349 0.0238284 0.0487574 0.0808256 0.108561 0.118174 0.104328 0.0748782 0.0440962 0.0221411 0.0110123 0.00770293 0.00863707 0.0115892 0.0155019 0.0198047 0.0240078 0.0276018 0.0301119 0.0311966 0.0307279 0.0288202 0.0257946 0.0220949 0.0181825 0.0144462 0.0111475 0.00841035 0.00624504 0.00458905 0.00334799
 1.01249e-16 2.90302e-05 0.00017037 0.000809829 0.00311784 0.00972264 0.0245587 0.0502513 0.0833006 0.111881 0.121775 0.107479 0.0770765 0.0452644 0.0224944 0.0108061 0.00708078 0.00762172 0.0101409 0.0135779 0.0174013 0.0211851 0.0244926 0.0269138 0.0281467 0.0280657 0.0267467 0.0244392 0.0214977 0.0182952 0.0151499 0.0122804 0.00979838 0.00772735 0.00603547 0.00466689
 1.01581e-16 2.62711e-05 0.000154166 0.000732784 0.00282118 0.0087975 0.022222 0.0454706 0.075378 0.101247 0.11022 0.0973253 0.0698936 0.0412442 0.0208645 0.0106352 0.00776922 0.00894619 0.0120977 0.0162326 0.0207989 0.0253053 0.0292321 0.0320894 0.0335187 0.0333739 0.0317522 0.028959 0.0254243 0.0215985 0.0178628 0.0144762 0.0115666 0.00915492 0.00719517 0.00561385
 1.0154e-16 2.9976e-05 0.000175925 0.000836245 0.00321955 0.0100399 0.02536 0.0518904 0.0860165 0.115525 0.125733 0.110949 0.0795177 0.0466018 0.0229807 0.0107436 0.00665432 0.00688515 0.00907503 0.012148 0.0155939 0.0190292 0.0220677 0.0243461 0.025594 0.0256937 0.0247026 0.0228287 0.0203723 0.0176507 0.0149351 0.012413 0.0101824 0.00826802 0.00665022 0.00529079
 1.0145e-16 2.75904e-05 0.000161913 0.000769621 0.00296301 0.00923982 0.0233392 0.0477564 0.0791661 0.106332 0.115747 0.102184 0.0733374 0.0431844 0.0216757 0.0107697 0.00752229 0.00843329 0.0113275 0.0151762 0.0194298 0.023619 0.0272545 0.0298774 0.031154 0.0309517 0.0293676 0.0266947 0.0233426 0.0197385 0.0162421 0.0130959 0.0104162 0.00821722 0.00644905 0.00503605
 1.01902e-16 2.55249e-05 0.000149785 0.000711959 0.00274099 0.00854745 0.0215904 0.0441783 0.073236 0.0983708 0.107092 0.0945685 0.0679267 0.0401096 0.0203392 0.0104481 0.00773484 0.00897918 0.0121758 0.0163629 0.0210011 0.0256052 0.0296583 0.0326698 0.0342762 0.0343218 0.03289 0.0302697 0.0268743 0.0231403 0.0194394 0.0160279 0.0130376 0.010499 0.0083799 0.00662204
 1.02012e-16 2.76353e-05 0.00016218 0.000770894 0.00296792 0.00925514 0.0233779 0.0478352 0.079296 0.106504 0.115927 0.102327 0.0734046 0.0431533 0.02153 0.0104855 0.00706111 0.00774727 0.0103721 0.0139267 0.0178983 0.0218667 0.0253956 0.0280712 0.0295835 0.0297947 0.0287647 0.0267243 0.024008 0.0209706 0.0179152 0.0150521 0.0124916 0.0102641 0.0083515 0.00671652
 1.01866e-16 2.71268e-05 0.000159192 0.000756686 0.00291321 0.00908452 0.0229469 0.0469537 0.0778354 0.104544 0.113801 0.100466 0.0721032 0.0424558 0.021307 0.0105828 0.00738982 0.00828907 0.0111459 0.0149546 0.0191819 0.023374 0.0270561 0.0297803 0.0312166 0.0312267 0.0298923 0.0274828 0.0243805 0.0209869 0.0176411 0.0145739 0.0118999 0.00963985 0.00775732 0.00619343
 1.0365e-16 1.11223e-05 6.52058e-05 0.000309806 0.00119251 0.00371852 0.00939325 0.019224 0.0318815 0.0428632 0.0467684 0.0415497 0.0303898 0.0190422 0.0116846 0.00931263 0.0109491 0.0153365 0.0216244 0.0292318 0.037546 0.0457833 0.0530359 0.0584306 0.0613196 0.0614264 0.0589017 0.0542623 0.0482462 0.0416309 0.0350767 0.0290363 0.0237395 0.0192356 0.0154634 0.0123174
pSPR Fmed_Fpbrs
0.44276   0.6 0.325
Fs Fmed_Fpbrs
0.677697   0.359299 1.13873
SSBpbr Bo_Bmed_Bpbrs
794972  312233  437234 218617
Ro
29143.9
SPR SPRFo_SPRFmed_SPRFpbrs
600641 265940 195208
log_Ro
10.1
likeval ReclasPelacesDesembMPH_pf_preclas_ppelaces_ptallas_desvR_qrecl_qpela
 66.8312 13.5128 0.0263498 0.000184957 289.049 187.697 71.3622 0 18.3167 6.6041e-07 0.000142162 3.93652e-16 0 0 0
q_reclas_q_pelaces
1.12205 5.45379
M
0.7
N
 32385.2 12600.5 4916.5 603.28 0.191458
 42799.2 14796.4 3431.08 1338.75 164.324
 15671.4 19438.8 3860.47 895.192 392.162
 22551.8 6561.41 2820.07 560.053 186.762
 47751.5 10662.7 2287.28 983.065 260.336
 30498.5 23495.1 4954.41 1062.78 577.746
 67837.6 13893.5 6263.52 1320.79 437.346
 66506.5 31672.5 4422.52 1993.78 559.643
 86452.7 29739.1 7384.86 1031.17 595.365
 118230 38100.4 6243.95 1550.51 341.503
 66853.1 54129.2 10529.8 1725.64 522.895
 47218.2 28950.2 10014.1 1948.05 415.987
 50227.8 20630.3 5710.99 1975.47 466.352
 27561.1 20286.5 2308.96 639.179 273.291
 13911.5 9397.81 669.641 76.2169 30.1198
 11518.3 4634.13 262.164 18.6805 2.9664
 8796.17 4797.89 647.881 36.6522 3.02637
 10101.6 3794.63 863.564 116.611 7.14168
 10115.2 4519.58 888.359 202.169 28.9717
 15342.6 4623.03 1233.65 242.483 63.0913
 21347.6 6951.78 1185.56 316.365 78.3637
 25985.2 10151.7 2526.34 430.844 143.448
 37712.8 12250.5 3465.83 862.502 196.066
 47690.6 17550.2 3808.8 1077.56 329.118
 12963.3 22104.8 5301.14 1150.47 424.895
pred_Ctot
 1870.89 4235.28 1652.54 202.775 0.0643531
 2641.54 5238.39 1214.71 473.962 58.1761
 1785.45 10592.8 2103.69 487.818 213.701
 778.788 1435.1 616.801 122.494 40.8482
 315.251 495.04 106.192 45.6411 12.0867
 1821.71 8107.82 1709.69 366.751 199.371
 2928.05 3679.37 1658.75 349.781 115.821
 4789.23 12611 1760.91 793.865 222.833
 7044.37 12958.2 3217.8 449.31 259.418
 6667.4 12563.4 2058.92 511.273 112.609
 6200.86 25814.2 5021.67 822.959 249.369
 4110.66 13217.3 4571.95 889.387 189.92
 6823.44 12465.1 3450.65 1193.6 281.776
 6346.21 15591.1 1774.54 491.237 210.036
 3369.62 7348.98 523.652 59.6007 23.5533
 1348.76 2568.02 145.279 10.3518 1.64384
 837.208 2328.35 314.408 17.7868 1.46866
 723.707 1505.14 342.533 46.2538 2.83275
 582.089 1514.46 297.679 67.7445 9.7081
 971.293 1669.27 445.441 87.5551 22.7808
 652.147 1365.05 232.798 62.1216 15.3875
 949.014 2331.01 580.092 98.9294 32.9382
 1711.52 3383.58 957.258 238.222 54.153
 2293.87 5086.74 1103.94 312.319 95.3914
 575.428 5993.3 1437.3 311.928 115.202
F
 0.0833203 0.600858 0.600858 0.600858 0.600858
 0.0892463 0.643593 0.643593 0.643593 0.643593
 0.170633 1.23051 1.23051 1.23051 1.23051
 0.0490669 0.353843 0.353843 0.353843 0.353843
 0.00921744 0.0664709 0.0664709 0.0664709 0.0664709
 0.086259 0.622051 0.622051 0.622051 0.622051
 0.0616671 0.444708 0.444708 0.444708 0.444708
 0.104836 0.756017 0.756017 0.756017 0.756017
 0.119373 0.86085 0.86085 0.86085 0.86085
 0.0812619 0.586015 0.586015 0.586015 0.586015
 0.136919 0.987381 0.987381 0.987381 0.987381
 0.128017 0.923186 0.923186 0.923186 0.923186
 0.206611 1.48996 1.48996 1.48996 1.48996
 0.375927 2.71097 2.71097 2.71097 2.71097
 0.399264 2.87926 2.87926 2.87926 2.87926
 0.175762 1.2675 1.2675 1.2675 1.2675
 0.14073 1.01486 1.01486 1.01486 1.01486
 0.104274 0.751965 0.751965 0.751965 0.751965
 0.0829853 0.598443 0.598443 0.598443 0.598443
 0.091637 0.660834 0.660834 0.660834 0.660834
 0.0432962 0.312228 0.312228 0.312228 0.312228
 0.0519574 0.374687 0.374687 0.374687 0.374687
 0.0649323 0.468255 0.468255 0.468255 0.468255
 0.0689384 0.497145 0.497145 0.497145 0.497145
 0.0634691 0.457703 0.457703 0.457703 0.457703
nmprior
 10 11 7 0
nm_flota  nm_reclas  nm_pelaces    nm_pelaL
inf 23.8388 13.005 21.7236
cv_recla  cv_pelaces  cv_mph
0.73946 0.432552 0.441239
 ------------------------------------------------
Talla a la edad & desviación 
 7.2 14.2025 17.0495 18.207 18.6776
 1.08 2.13037 2.55742 2.73105 2.80164
