years
 1997 1998 1999 2000 2001 2002 2003 2004 2005 2006 2007 2008 2009 2010 2011 2012 2013 2014 2015 2016 2017 2018 2019 2020 2021
reclasobs
 0 0 0 370054 412103 1.49427e+06 250295 1.28982e+06 931140 785840 897777 1.04006e+06 184774 17550 25797 100020 73551 82996 120727 218422 84188 347160 605670 569463 516374
reclaspred
 458608 134652 457522 327612 434211 508705 1.07935e+06 679213 701609 589845 450315 299404 181771 84891.7 61334.8 64706.3 83654.1 116731 125457 180030 257559 237660 415714 548308 631711
pelacesobs
 0 0 0 0 0 0 0 0 0 2.06254e+06 1.5e+06 0 1.87456e+06 323000 250000 174000 83755 137374 0 501740 490994 745055 786931 1.00524e+06 0
pelacespred
 1.90856e+06 509590 1.02198e+06 1.13193e+06 1.26637e+06 1.26736e+06 2.90756e+06 2.38881e+06 2.12774e+06 1.82631e+06 1.25528e+06 857348 513138 199953 141414 160028 216005 305467 340205 472262 748305 678751 934712 1.43911e+06 1.73893e+06
mphobs
 0 0 0 0 0 112323 0 153150 637223 0 255016 313432 73983 77613 109348 50772 0 0 0 0 0 0 0 0 0
mphpred
 163131 112222 147790 200826 193155 275410 410402 464807 375342 349694 303208 208766 127991 66784.1 32829.4 29213.7 36699.1 52195.5 66008.4 76949.4 114314 133952 170512 245153 367836
desembarqueobs
 350755 77701 442110 56441 14545 235359 269955 359681 431902 328805 639364 411747 362871 311530 167758 66681 60226 58785 57116 71774 51957 67425 138520 160799 200461
desembarquepred
 350766 77705 442158 56442.9 14545.1 235396 269983 359716 431986 328875 639770 412102 363365 312132 167849 66699 60248.1 58789.3 57115.2 71778 51958.8 67422.9 138525 160806 200461
Reclutas
 75286.7 93379.6 60332.7 86646 141519 104744 156118 133215 145769 135307 67209.6 41124.3 41764.5 24067.2 18987.1 24130 20323.3 23139.6 26804.8 46360.3 58243.9 77705.7 123453 162385 80164.3
log_desv_Rt
 0.169059 0.384428 -0.0523701 0.309586 0.800187 0.499272 0.898365 0.739716 0.829781 0.7553 0.0555716 -0.435645 -0.420197 -0.971394 -1.20848 -0.968789 -1.14048 -1.0107 -0.863665 -0.315801 -0.0876046 0.200684 0.663616 0.937726 0.231833
SSB
 896316 616599 812022 1.10343e+06 1.06128e+06 1.51322e+06 2.25493e+06 2.55386e+06 2.0623e+06 1.92137e+06 1.66596e+06 1.14705e+06 703241 366942 180380 160513 201641 286785 362680 422795 628091 735995 936871 1.34698e+06 2.02106e+06
BT
 3.1003e+06 862137 1.72845e+06 1.69026e+06 1.84191e+06 2.00292e+06 4.4016e+06 3.85189e+06 3.47255e+06 2.95265e+06 2.39081e+06 1.6142e+06 1.09798e+06 589439 348624 286887 362132 488587 538734 741784 1.12576e+06 1.03825e+06 1.44182e+06 2.20918e+06 2.65548e+06
Ftot
 0.329672 0.239221 0.323537 0.0595723 0.0129947 0.137698 0.0869296 0.178901 0.212234 0.185122 0.412783 0.390275 0.617699 1.09663 1.00573 0.388612 0.270021 0.179123 0.149677 0.150111 0.0734191 0.0948607 0.111203 0.10624 0.090218
BD_Bspro_t
 0.960645 0.816208 0.794918 0.708888 0.797631 0.881426 0.85723 0.858444 0.808158 0.764405 0.718301 0.567333 0.452679 0.336757 0.219235 0.237169 0.35815 0.52826 0.639536 0.721334 0.808151 0.865179 0.871827 0.87635 0.878695
BD_Bspro
 0.684063 0.470585 0.61973 0.84213 0.809963 1.15488 1.72095 1.94909 1.57393 1.46638 1.27145 0.875425 0.536709 0.280048 0.137665 0.122503 0.153891 0.218873 0.276795 0.322674 0.479355 0.561707 0.715014 1.02801 1.54246
BD_Bo
 0.592674 0.407716 0.536937 0.729624 0.701755 1.00059 1.49104 1.6887 1.36366 1.27048 1.10159 0.758471 0.465007 0.242634 0.119273 0.106137 0.133332 0.189632 0.239816 0.279566 0.415315 0.486665 0.619491 0.890671 1.33639
BD_Brms
 2.09975 1.44447 1.90228 2.58494 2.4862 3.54494 5.2825 5.98278 4.83123 4.50109 3.90275 2.68714 1.64744 0.859614 0.422565 0.376025 0.472373 0.671835 0.849628 0.990457 1.47139 1.72417 2.19475 3.1555 4.73461
S_f
 0.200959 1 1 1 1
 0.200959 1 1 1 1
 0.200959 1 1 1 1
 0.200959 1 1 1 1
 0.200959 1 1 1 1
 0.200959 1 1 1 1
 0.200959 1 1 1 1
 0.200959 1 1 1 1
 0.200959 1 1 1 1
 0.200959 1 1 1 1
 0.200959 1 1 1 1
 0.200959 1 1 1 1
 0.200959 1 1 1 1
 0.200959 1 1 1 1
 0.200959 1 1 1 1
 0.200959 1 1 1 1
 0.200959 1 1 1 1
 0.200959 1 1 1 1
 0.200959 1 1 1 1
 0.200959 1 1 1 1
 0.200959 1 1 1 1
 0.200959 1 1 1 1
 0.200959 1 1 1 1
 0.200959 1 1 1 1
 0.200959 1 1 1 1
Scru_reclas
 1 1 1 1 1
 1 1 1 1 1
 1 1 1 1 1
 1 1 1 1 1
 1 1 1 1 1
 1 1 1 1 1
 1 1 1 1 1
 1 1 1 1 1
 1 1 1 1 1
 1 1 1 1 1
 1 1 1 1 1
 1 1 1 1 1
 1 1 1 1 1
 1 1 1 1 1
 1 1 1 1 1
 1 1 1 1 1
 1 1 1 1 1
 1 1 1 1 1
 1 1 1 1 1
 1 1 1 1 1
 1 1 1 1 1
 1 1 1 1 1
 1 1 1 1 1
 1 1 1 1 1
 1 1 1 1 1
Scru_pelaces
 0.962423 1 1 1 1
 0.962423 1 1 1 1
 0.962423 1 1 1 1
 0.962423 1 1 1 1
 0.962423 1 1 1 1
 0.962423 1 1 1 1
 0.962423 1 1 1 1
 0.962423 1 1 1 1
 0.962423 1 1 1 1
 0.962423 1 1 1 1
 0.962423 1 1 1 1
 0.962423 1 1 1 1
 0.962423 1 1 1 1
 0.962423 1 1 1 1
 0.962423 1 1 1 1
 0.962423 1 1 1 1
 0.962423 1 1 1 1
 0.962423 1 1 1 1
 0.962423 1 1 1 1
 0.962423 1 1 1 1
 0.962423 1 1 1 1
 0.962423 1 1 1 1
 0.962423 1 1 1 1
 0.962423 1 1 1 1
 0.962423 1 1 1 1
pf_obs 
 0.256992 0.487395 0.22802 0.0275931 0
 0.321318 0.546541 0.124235 0.00734118 0.000564706
 0.182869 0.594174 0.210203 0.0122559 0.00049798
 0.330522 0.361315 0.267642 0.0388342 0.00168674
 0.649043 0.306663 0.0425973 0.00169635 0
 0.582887 0.30429 0.105238 0.00758474 0
 0.465427 0.430635 0.0974691 0.00646863 0
 0.296916 0.608066 0.0921331 0.00288517 0
 0.311714 0.524322 0.152257 0.0117073 0
 0.15457 0.633149 0.183074 0.0267441 0.00246327
 0.131901 0.49318 0.331252 0.0422183 0.00144891
 0.196976 0.569456 0.194076 0.0375587 0.00193317
 0.518974 0.381816 0.0799577 0.0180837 0.00116848
 0.0928022 0.601141 0.25162 0.0475244 0.00691264
 0.122501 0.610282 0.24278 0.0234846 0.000952079
 0.383417 0.481906 0.127806 0.00687128 0
 0.0376549 0.599619 0.316969 0.0457579 0
 0.0361596 0.667082 0.258105 0.0386534 0
 0.158088 0.579412 0.248529 0.0139706 0
 0.0477256 0.309471 0.559284 0.082774 0.000745712
 0.0406174 0.521527 0.379366 0.0568643 0.0016247
 0.151134 0.462217 0.34131 0.0453401 0
 0.294876 0.26143 0.354403 0.0886775 0.000613685
 0.281977 0.475581 0.204845 0.0348837 0.00271318
 0 0 0 0 0
pf_pred 
 0.387987 0.432432 0.160649 0.0189219 9.61539e-06
 0.313944 0.53913 0.103814 0.0385669 0.00454488
 0.180169 0.588174 0.182045 0.0350542 0.0145573
 0.261515 0.412925 0.233568 0.0722914 0.0197011
 0.302085 0.449532 0.138883 0.0785582 0.0309408
 0.177325 0.562861 0.167348 0.0517023 0.0407634
 0.25413 0.397549 0.238316 0.0708553 0.03915
 0.192603 0.515175 0.155755 0.093369 0.0430986
 0.217504 0.440375 0.218297 0.0659984 0.0578259
 0.201465 0.482043 0.178116 0.0882932 0.0500825
 0.121589 0.507031 0.224187 0.0828376 0.0643554
 0.12246 0.3989 0.276277 0.122158 0.0802044
 0.198291 0.363914 0.199006 0.137832 0.100956
 0.187769 0.505126 0.139402 0.076232 0.0914709
 0.265785 0.486377 0.15413 0.0425361 0.0511715
 0.348644 0.485628 0.109786 0.0347905 0.0211518
 0.235291 0.582019 0.136208 0.0307925 0.0156906
 0.247056 0.477323 0.209774 0.0490926 0.0167536
 0.246504 0.481544 0.172402 0.0757671 0.0237826
 0.325577 0.428442 0.157201 0.0562811 0.0324983
 0.279057 0.519039 0.128264 0.0470619 0.0265782
 0.273789 0.483382 0.174824 0.0432022 0.0248036
 0.310778 0.456201 0.155104 0.0560961 0.0218212
 0.284039 0.502811 0.141085 0.0479675 0.0240968
 0.124374 0.590481 0.200254 0.0561899 0.028701
pobs_RECLAS
 0 0 0 0 0
 0 0 0 0 0
 0 0 0 0 0
 0 0 0 0 0
 0.835266 0.146461 0.0176864 0.000547809 3.91292e-05
 0.385257 0.428462 0.181853 0.0044286 0
 0.867414 0.0963971 0.0333333 0.00285562 0
 0.441836 0.489002 0.0689373 0.000224442 0
 0.779404 0.147425 0.0564933 0.0165055 0.000172143
 0.814271 0.122319 0.05973 0.00367925 0
 0.40263 0.566651 0.0304383 0.000280538 0
 0.475488 0.404961 0.113038 0.00651328 0
 0.955842 0.0263864 0.0167828 0.000988607 0
 0.975058 0.0227948 0.00214734 0 0
 0.738997 0.206755 0.0527124 0.00153531 0
 0.850938 0.134255 0.0134407 0.00136685 0
 0.542534 0.407297 0.0501686 0 0
 0.764087 0.199537 0.0359546 0.000420521 0
 0.470689 0.182191 0.310203 0.0369168 0
 0.84361 0.089868 0.0606195 0.00523954 0.000663233
 0.607945 0.314616 0.071237 0.00620181 0
 0.523733 0.453247 0.0230204 0 0
 0.530135 0.295979 0.169645 0.0042399 0
 0.562478 0.366248 0.0663022 0.0049721 0
 0.250443 0.683176 0.0655157 0.000865301 0
ppred_RECLAS
 0.762841 0.16757 0.0622524 0.00733236 3.72602e-06
 0.697663 0.237589 0.0457496 0.016996 0.00200288
 0.527088 0.339283 0.105011 0.0202207 0.00839726
 0.638634 0.202058 0.114293 0.0353747 0.00964041
 0.683061 0.204143 0.06307 0.035675 0.0140509
 0.519286 0.328897 0.0977867 0.0302112 0.0238193
 0.63001 0.197205 0.118217 0.0351478 0.0194204
 0.545123 0.290242 0.08775 0.0526028 0.0242812
 0.583205 0.234565 0.116275 0.0351539 0.0308008
 0.559069 0.266172 0.0983511 0.0487533 0.0276543
 0.414073 0.338205 0.14954 0.0552552 0.0429271
 0.415627 0.265636 0.183979 0.0813479 0.05341
 0.562382 0.198645 0.108629 0.0752363 0.0551077
 0.558748 0.274414 0.0757315 0.0414137 0.0496923
 0.662237 0.223749 0.0709048 0.019568 0.0235405
 0.731736 0.200008 0.0452158 0.0143286 0.00871147
 0.608567 0.297919 0.0697208 0.0157618 0.00803156
 0.622415 0.239368 0.105197 0.0246189 0.0084016
 0.621308 0.242015 0.0866458 0.0380791 0.0119527
 0.707695 0.185693 0.0681335 0.0243931 0.0140853
 0.659061 0.245457 0.0606569 0.0222559 0.012569
 0.653375 0.230721 0.0834445 0.0206207 0.0118389
 0.692917 0.20326 0.0691064 0.0249936 0.00972242
 0.664963 0.235292 0.0660214 0.0224466 0.0112762
 0.415202 0.39436 0.133742 0.0375272 0.0191683
pobs_PELACES
 0 0 0 0 0
 0 0 0 0 0
 0 0 0 0 0
 0 0 0 0 0
 0 0 0 0 0
 0 0 0 0 0
 0 0 0 0 0
 0 0 0 0 0
 0 0 0 0 0
 0 0 0 0 0
 0.450072 0.473896 0.0757376 0.000293798 0
 0 0 0 0 0
 0.463077 0.371075 0.160297 0.00555027 0
 0.529543 0.364841 0.0842815 0.0213345 0
 0.631943 0.363953 0.00410389 0 0
 0.735681 0.248677 0.0153453 0.000297389 0
 0.695825 0.281241 0.0229344 0 0
 0.275771 0.60734 0.115278 0.00161068 0
 0 0 0 0 0
 0.896147 0.0623911 0.0374545 0.00400742 0
 0.803859 0.145111 0.0509908 3.86294e-05 0
 0.739449 0.233085 0.0266225 0.000797448 4.60066e-05
 0.878498 0.100942 0.0204185 0.000141795 0
 0.694673 0.275183 0.0284847 0.00165964 0
 0 0 0 0 0
ppred_PELACES
 0.771526 0.161434 0.0599728 0.00706385 3.58958e-06
 0.702863 0.233502 0.0449626 0.0167037 0.00196843
 0.538789 0.330888 0.102413 0.0197204 0.00818949
 0.633403 0.204983 0.115947 0.0358867 0.00977994
 0.675463 0.209037 0.064582 0.0365303 0.0143877
 0.518788 0.329237 0.0978879 0.0302425 0.0238439
 0.626418 0.199119 0.119364 0.0354891 0.0196089
 0.547322 0.288839 0.0873258 0.0523485 0.0241638
 0.587492 0.232152 0.115079 0.0347924 0.0304841
 0.561659 0.264609 0.0977735 0.048467 0.0274919
 0.431285 0.32827 0.145147 0.0536321 0.0416661
 0.431399 0.258467 0.179014 0.0791523 0.0519684
 0.592765 0.184853 0.101087 0.0700127 0.0512816
 0.619387 0.236703 0.0653242 0.0357225 0.0428635
 0.710985 0.191456 0.0606714 0.0167438 0.020143
 0.744144 0.190757 0.0431245 0.0136659 0.00830856
 0.616375 0.291976 0.06833 0.0154474 0.00787135
 0.624511 0.238039 0.104613 0.0244822 0.00835495
 0.621582 0.241839 0.086583 0.0380515 0.011944
 0.707959 0.185525 0.0680718 0.024371 0.0140725
 0.654792 0.24853 0.0614164 0.0225345 0.0127264
 0.650359 0.232728 0.0841705 0.0208001 0.0119419
 0.691003 0.204527 0.0695371 0.0251494 0.00978301
 0.662668 0.236905 0.0664738 0.0226004 0.0113534
 0.411683 0.396733 0.134547 0.037753 0.0192837
pobs_pel_tallas
 0 0 0 0 0 0 0 0 0 0 0 0 0 0 0 0 0 0 0 0 0 0 0 0 0 0 0 0 0 0 0 0 0 0 0 0
 0 0 0 0 0 0 0 0 0 0 0 0 0 0 0 0 0 0 0 0 0 0 0 0 0 0 0 0 0 0 0 0 0 0 0 0
 0 0 0 0 0 0 0 0 0 0 0 0 0 0 0 0 0 0 0 0 0 0 0 0 0 0 0 0 0 0 0 0 0 0 0 0
 0 0 0 0 0 0 0 0 0 0 0 0 0 0 0 0 0 0 0 0 0 0 0 0 0 0 0 0 0 0 0 0 0 0 0 0
 0 0 0 0 0 0 0 0 0 0 0 0 0 0 0 0 0 0 0 0 0 0 0 0 0 0 0 0 0 0 0 0 0 0 0 0
 0 0 0 0 0 0 0 0 0 0 0 0 0 0 0 0 0 0 0 0 0 0 0 0 0 0 0 0 0 0 0 0 0 0 0 0
 0 0 0 0 0 0 0 0 0 0 0 0 0 0 0 0 0 0 0 0 0 0 0 0 0 0 0 0 0 0 0 0 0 0 0 0
 0 0 0 0 0 0 0 0 0 0 0 0 0 0 0 0 0 0 0 0 0 0 0 0 0 0 0 0 0 0 0 0 0 0 0 0
 0 0 0 0 0 0 0 0 0 0 0 0 0 0 0 0 0 0 0 0 0 0 0 0 0 0 0 0 0 0 0 0 0 0 0 0
 0 0 0 0 0 0 0 0 0 0 0 0 0 0 0 0 0 0 0 0 0 0 0 0 0 0 0 0 0 0 0 0 0 0 0 0
 0 0 0 0 0 0 0 0 1.78061e-05 0.00172719 0.00360574 0.0105946 0.0120993 0.0124554 0.0147524 0.0171206 0.0266825 0.0428682 0.0675386 0.121331 0.153587 0.119568 0.100827 0.0573624 0.0630603 0.0341343 0.0324427 0.0444173 0.0211091 0.0280891 0.0125444 0.00206551 0 0 0 0
 0 0 0 0 0 0 0 0 0 0 0 0 0 0 0 0 0 0 0 0 0 0 0 0 0 0 0 0 0 0 0 0 0 0 0 0
 0 0 0 0 0 0 0.0133647 0.0140871 0.0187388 0.0205184 0.03894 0.0496705 0.03968 0.0493445 0.0407372 0.0367815 0.0215668 0.0243155 0.0234873 0.0199281 0.019796 0.0243948 0.0301388 0.0376714 0.0412746 0.0863199 0.0771752 0.113111 0.0741005 0.0525337 0.0229764 0.00759418 0.00175318 0 0 0
 0 0 0 0 0 0 0 0 0 0 0.00219441 0.00772107 0.0458388 0.0604681 0.0671733 0.0775358 0.0609151 0.0617685 0.073594 0.0568108 0.0755445 0.0548602 0.0670107 0.0636378 0.0643287 0.046367 0.0373049 0.0286899 0.0247887 0.0153202 0.00654259 0.00121912 0.000365735 0 0 0
 0 0 0 0 0 0 0 0 0 0 0 0 0.000112435 0.00938835 0.0111873 0.0202946 0.0414886 0.0713402 0.111592 0.104902 0.108894 0.110636 0.117776 0.105296 0.107544 0.0401394 0.0192827 0.0124803 0.00416011 0.0028671 0.000618394 0 0 0 0 0
 0 0 0 0 0 0 0 0 0 0 0.00291406 0.0102884 0.027416 0.0768956 0.0749926 0.110853 0.0956884 0.0897413 0.0766577 0.0534642 0.0500743 0.0551293 0.0594112 0.0620874 0.0668451 0.0424026 0.0208742 0.0120726 0.0048766 0.00582813 0.00118941 0.000297354 0 0 0 0
 0 0.00264628 0.0354308 0.0461629 0.0458689 0.0383711 0.0214643 0.0164657 0.0346957 0.0420465 0.0363128 0.0245516 0.0311673 0.0291091 0.0169068 0.0133784 0.00837989 0.0085269 0.0148486 0.0160247 0.0276389 0.0546898 0.0760071 0.122758 0.109233 0.0665981 0.0333725 0.0166128 0.00676272 0.00308733 0.000882094 0 0 0 0 0
 0 0 0 0 0 0 0 0.000805153 0.000690131 0.00759144 0.0133425 0.0154129 0.00931677 0.000345066 0.00356568 0.00563607 0.00851162 0.0253048 0.0502646 0.0516448 0.0657925 0.0565908 0.0611916 0.0827007 0.0866115 0.110766 0.145733 0.0935128 0.0569358 0.0249597 0.0138026 0.00621118 0.00161031 0.00115022 0 0
 0 0 0 0 0 0 0 0 0 0 0 0 0 0 0 0 0 0 0 0 0 0 0 0 0 0 0 0 0 0 0 0 0 0 0 0
 0.00147267 0.00158595 0.00478618 0.00569244 0.00954404 0.0108468 0.00647125 0.017049 0.0510054 0.094081 0.124002 0.0959785 0.0687766 0.0820023 0.061753 0.0591476 0.0492212 0.0479892 0.0443925 0.0268479 0.0217502 0.0140895 0.0121071 0.0120363 0.00920419 0.00665534 0.0049561 0.00860946 0.00930331 0.0156896 0.0114698 0.00855282 0.00243557 0.00046729 0 2.83206e-05
 0 0 0 0 0.000772559 0.00158375 0.000888443 0.00281984 0.00712685 0.0440552 0.0773331 0.111326 0.0921469 0.0852325 0.0710754 0.0886704 0.0786465 0.0553345 0.0373146 0.0185414 0.00753245 0.00457741 0.012979 0.0271748 0.0457355 0.0583668 0.034881 0.0177882 0.00938659 0.00492506 0.0015258 0.00185414 0.000309023 5.79419e-05 3.86279e-05 0
 0 0.00173294 0.00326652 0 0.00397197 0.00683976 0.00946217 0.0152591 0.00757587 0.0136028 0.0228656 0.0392903 0.0559909 0.0764795 0.0681675 0.0726916 0.0566044 0.0477403 0.0527397 0.0444891 0.0609904 0.0582453 0.0661739 0.0445044 0.0529084 0.0360697 0.0280645 0.0235558 0.0158879 0.00826598 0.00280645 0.00217768 0.000904811 0.00058276 9.20147e-05 0
 0 0 0 0 0 0 0 0 0 0 0 0 0 0 0 0 0 0 0 0 0 0 0 0 0 0 0 0 0 0 0 0 0 0 0 0
 0 0 0 0 0 0 0 0 0 0 0 0 0 0 0 0 0 0 0 0 0 0 0 0 0 0 0 0 0 0 0 0 0 0 0 0
 0 0 0 0 0 0 0 0 0 0 0 0 0 0 0 0 0 0 0 0 0 0 0 0 0 0 0 0 0 0 0 0 0 0 0 0
ppred_pel_tallas
 1.01147e-16 3.36615e-05 0.000197569 0.000939158 0.00361582 0.0112756 0.0284813 0.0582763 0.096599 0.129728 0.141167 0.12451 0.0891087 0.0519649 0.0251458 0.0109518 0.00570318 0.00506922 0.00639587 0.00851615 0.0109498 0.0134036 0.0156063 0.017304 0.0183044 0.0185166 0.0179676 0.0167872 0.0151695 0.0133237 0.0114324 0.00962638 0.00798056 0.00652398 0.00525713 0.00416783
 1.01381e-16 3.06703e-05 0.000180001 0.000855627 0.00329418 0.0102726 0.0259478 0.0530931 0.0880099 0.118201 0.128643 0.113513 0.0813439 0.0476495 0.023455 0.0108932 0.0066476 0.00679653 0.00892047 0.0119175 0.0152684 0.0185877 0.0214911 0.0236204 0.0247133 0.0246623 0.023537 0.0215578 0.0190354 0.0162947 0.0136096 0.0111653 0.00905211 0.00728363 0.00582662 0.00462948
 1.02622e-16 2.352e-05 0.000138013 0.000655991 0.0025255 0.00787543 0.0198929 0.0407053 0.0674799 0.0906431 0.0986887 0.087172 0.0626657 0.0371075 0.0190105 0.0100835 0.00785814 0.00938501 0.0128242 0.0172818 0.022234 0.0271886 0.0316115 0.0349907 0.0369405 0.0372855 0.0360937 0.033643 0.0303399 0.0266176 0.0228473 0.0192887 0.0160806 0.0132658 0.0108279 0.00872792
 1.03403e-16 2.76405e-05 0.000162216 0.000771079 0.00296866 0.00925744 0.0233836 0.0478466 0.079313 0.106522 0.115933 0.102301 0.0733166 0.042963 0.02118 0.00989677 0.00613539 0.00637784 0.00846512 0.0114303 0.014834 0.0183542 0.0216615 0.0244329 0.0264096 0.0274463 0.0275335 0.026781 0.0253757 0.0235271 0.0214217 0.0191991 0.0169499 0.0147288 0.0125739 0.0105199
 1.02913e-16 2.94746e-05 0.000172984 0.000822268 0.00316575 0.00987207 0.0249361 0.0510231 0.0845781 0.113591 0.123624 0.109077 0.0781525 0.0457543 0.0224753 0.0103627 0.00622838 0.00630715 0.00828377 0.0111174 0.0143354 0.0175992 0.0205713 0.0229314 0.0244361 0.0249699 0.0245644 0.023378 0.0216444 0.0196113 0.0174868 0.015412 0.0134585 0.0116462 0.00996833 0.00841331
 1.03651e-16 2.26477e-05 0.000132893 0.000631647 0.00243177 0.00758315 0.0191547 0.0391947 0.0649761 0.0872808 0.0950309 0.0839479 0.0603628 0.0357738 0.0183829 0.00984112 0.00777847 0.00936065 0.0128197 0.0172949 0.0222771 0.0272836 0.0317883 0.0352864 0.0373964 0.0379436 0.0369911 0.0348064 0.0317804 0.0283265 0.0247951 0.0214253 0.0183398 0.0155706 0.0130986 0.0108893
 1.03896e-16 2.73357e-05 0.000160427 0.000762575 0.00293592 0.00915534 0.0231257 0.0473188 0.0784382 0.105346 0.114653 0.10117 0.0725033 0.0424804 0.0209312 0.00976298 0.00603054 0.00625554 0.00830527 0.0112279 0.0145953 0.0180972 0.0214154 0.0242371 0.0263089 0.027485 0.0277481 0.0271945 0.0259932 0.0243352 0.0223905 0.0202861 0.0181056 0.0159026 0.0137184 0.0115954
 1.04262e-16 2.38903e-05 0.000140191 0.000666354 0.00256541 0.00799992 0.0202074 0.0413483 0.0685445 0.0920689 0.10023 0.0885074 0.063569 0.0375285 0.019017 0.00975056 0.00720381 0.00836962 0.0113832 0.0153625 0.0198268 0.0243493 0.0284723 0.0317558 0.0338644 0.0346391 0.0341236 0.0325352 0.030195 0.0274415 0.0245584 0.021736 0.0190693 0.0165825 0.0142647 0.0120996
 1.0433e-16 2.56396e-05 0.000150467 0.000715216 0.00275356 0.00858666 0.0216893 0.0443801 0.0735682 0.0988098 0.107551 0.0949288 0.0680875 0.0400082 0.0199273 0.00965424 0.00644724 0.00705874 0.0094904 0.0128323 0.0166433 0.0205729 0.0242527 0.0273225 0.0294969 0.0306212 0.0306951 0.0298529 0.0283126 0.026313 0.0240612 0.0217047 0.0193309 0.0169847 0.0146921 0.0124792
 1.04425e-16 2.45144e-05 0.000143858 0.000683791 0.00263256 0.00820931 0.0207362 0.0424302 0.0703371 0.0944739 0.102841 0.0907956 0.0651744 0.0384001 0.0193184 0.00967706 0.00687227 0.00781044 0.0105799 0.0142911 0.0184821 0.0227598 0.0267055 0.029914 0.0320718 0.0330218 0.0327886 0.031553 0.0295903 0.0271938 0.0246118 0.0220134 0.019488 0.0170669 0.0147545 0.0125532
 1.05958e-16 1.88322e-05 0.000110492 0.000525152 0.00202173 0.00630447 0.0159248 0.0325863 0.0540227 0.0725733 0.0790329 0.0698524 0.050308 0.0299774 0.0157056 0.00889836 0.00762133 0.00955107 0.0132388 0.0179691 0.023292 0.0287516 0.0338347 0.038036 0.0409586 0.0423936 0.0423534 0.0410415 0.0387791 0.0359133 0.0327417 0.0294717 0.02622 0.0230388 0.0199512 0.0169802
 1.07774e-16 1.88344e-05 0.000110511 0.000525257 0.00202216 0.00630583 0.0159282 0.0325926 0.0540313 0.0725791 0.0790242 0.0698092 0.0501994 0.0297581 0.0153097 0.00823547 0.00657922 0.00800792 0.0110865 0.0151457 0.0198168 0.0247539 0.0295637 0.0338455 0.0372629 0.0396043 0.0408096 0.0409525 0.0401918 0.0387124 0.0366782 0.034211 0.0313963 0.0283041 0.0250115 0.021616
 1.06298e-16 2.58675e-05 0.000151809 0.000721609 0.00277819 0.0086635 0.0218834 0.0447767 0.0742242 0.0996867 0.108494 0.0957343 0.0686066 0.0401955 0.0198026 0.00923379 0.00570442 0.00592743 0.00789222 0.0107094 0.0139891 0.0174556 0.020827 0.0238239 0.0262165 0.0278668 0.0287449 0.0289139 0.0284923 0.0276099 0.0263726 0.024849 0.0230766 0.0210807 0.018895 0.0165742
 1.04235e-16 2.70304e-05 0.000158632 0.000754033 0.00290302 0.00905275 0.0228666 0.0467889 0.0775608 0.104171 0.113383 0.100068 0.0717558 0.042127 0.0209131 0.010013 0.00652517 0.00701405 0.0093616 0.0126001 0.0162615 0.0199807 0.0233825 0.0261098 0.027892 0.0286024 0.0282792 0.0271006 0.0253264 0.0232269 0.0210246 0.0188625 0.016805 0.0148598 0.0130086 0.0112339
 1.02441e-16 3.10228e-05 0.000182075 0.000865491 0.00333218 0.0103911 0.026247 0.0537052 0.0890232 0.119558 0.13011 0.114784 0.0822034 0.0480499 0.023461 0.0105774 0.00602879 0.00584057 0.00757178 0.0101346 0.0130534 0.0160064 0.0186811 0.0207831 0.0220895 0.0224962 0.0220357 0.0208583 0.0191847 0.0172489 0.0152487 0.0133188 0.0115283 0.00989564 0.00841212 0.00706184
 1.01533e-16 3.24686e-05 0.000190563 0.000905846 0.00348755 0.0108756 0.0274709 0.0562093 0.0931738 0.125131 0.136172 0.120124 0.0860118 0.0502432 0.0244699 0.0109252 0.00607369 0.00574694 0.00738343 0.00984104 0.0126231 0.0153993 0.0178541 0.0196944 0.020704 0.0207908 0.020005 0.0185181 0.0165745 0.0144301 0.012301 0.0103328 0.00859732 0.00710707 0.00583952 0.00475958
 1.01964e-16 2.69014e-05 0.000157869 0.000750396 0.00288899 0.009009 0.0227562 0.0465634 0.0771885 0.103676 0.112856 0.0996339 0.07151 0.0421148 0.0211513 0.0105313 0.00738715 0.00831042 0.0111853 0.0150146 0.0192682 0.0234933 0.027215 0.0299845 0.0314699 0.03153 0.030243 0.0278745 0.0248033 0.0214278 0.0180856 0.0150073 0.0123086 0.010013 0.00808732 0.00647649
 1.02795e-16 2.72541e-05 0.000159945 0.000760273 0.00292704 0.00912765 0.0230558 0.0471761 0.0782026 0.105033 0.114321 0.100898 0.0723525 0.0424816 0.0210975 0.0101161 0.00661398 0.00712919 0.00952841 0.0128375 0.0165842 0.0203974 0.0238916 0.0266946 0.028517 0.029212 0.0287994 0.0274446 0.0254046 0.0229594 0.0203539 0.0177647 0.0152962 0.0129966 0.0108817 0.00895641
 1.03174e-16 2.71265e-05 0.000159195 0.000756709 0.00291332 0.00908486 0.0229477 0.046955 0.0778362 0.104541 0.113787 0.100428 0.0720206 0.042296 0.0210223 0.0101078 0.00664364 0.00718421 0.00960481 0.0129326 0.0166927 0.0205099 0.0239953 0.0267759 0.0285654 0.0292238 0.0287811 0.0274142 0.0253893 0.0229914 0.0204638 0.0179756 0.0156185 0.0134253 0.0113981 0.00953101
 1.02522e-16 3.08906e-05 0.000181299 0.000861806 0.00331799 0.0103468 0.0261353 0.0534764 0.0886439 0.119049 0.129555 0.114291 0.0818459 0.0478313 0.0233366 0.010492 0.00594088 0.00572588 0.00741863 0.00994052 0.012825 0.0157604 0.0184441 0.0205893 0.0219761 0.0224967 0.0221734 0.0211413 0.0196036 0.0177781 0.0158507 0.0139504 0.0121471 0.0104658 0.00890789 0.00746911
 1.02322e-16 2.85748e-05 0.000167698 0.00079713 0.00306895 0.00957018 0.0241736 0.0494632 0.0819938 0.110125 0.119861 0.105783 0.075847 0.0445151 0.0220721 0.0105214 0.00679036 0.00723978 0.00962213 0.0129048 0.016583 0.0202614 0.0235365 0.0260273 0.0274503 0.0276814 0.0267796 0.0249603 0.0225326 0.0198214 0.0171005 0.0145552 0.0122775 0.0102855 0.00855502 0.00704763
 1.02544e-16 2.83809e-05 0.000166561 0.000791728 0.00304815 0.00950534 0.0240098 0.049128 0.0814377 0.109377 0.119044 0.105056 0.0753117 0.0441733 0.0218519 0.0103335 0.00656355 0.00692773 0.00919875 0.0123626 0.0159359 0.0195489 0.0228237 0.0253993 0.027 0.0274936 0.026914 0.0254395 0.0233368 0.0208921 0.0183511 0.0158868 0.013594 0.011507 0.00962527 0.00793666
 1.02376e-16 3.0152e-05 0.000176961 0.000841179 0.00323856 0.0100991 0.0255097 0.0521965 0.086523 0.116202 0.126463 0.111577 0.0799313 0.046771 0.0229287 0.0104938 0.00620028 0.00619233 0.00809978 0.0108597 0.0139946 0.0171677 0.0200456 0.022312 0.0237262 0.0241734 0.0236846 0.0224167 0.0206035 0.0184943 0.0163023 0.0141754 0.0121932 0.0103821 0.00873957 0.00725388
 1.02328e-16 2.89178e-05 0.000169712 0.000806709 0.00310583 0.00968521 0.0244642 0.0500576 0.0829787 0.111446 0.121296 0.107042 0.076732 0.0449996 0.0222477 0.0104977 0.00663438 0.00697146 0.00923529 0.0123882 0.0159337 0.0194923 0.022679 0.0251292 0.0265695 0.0268768 0.0261007 0.024439 0.0221795 0.0196258 0.0170356 0.0145851 0.0123646 0.0103966 0.00866504 0.0071407
 1.04238e-16 1.79803e-05 0.000105484 0.00050133 0.00192999 0.00601834 0.0152022 0.0311082 0.0515747 0.0692919 0.0754786 0.0667565 0.0481771 0.0289055 0.0155052 0.00935189 0.00863079 0.0111428 0.015498 0.0209688 0.0270388 0.0331493 0.0386694 0.0429872 0.0456363 0.0463963 0.0453316 0.0427532 0.0391224 0.034932 0.030604 0.0264323 0.0225756 0.0190868 0.0159581 0.0131614
pSPR Fmed_Fpbrs
0.736687   0.33226 0.33226
Fs Fmed_Fpbrs
0.186333   1.005 1.005
SSBpbr Bo_Bmed_Bpbrs
1.51232e+06  1.03849e+06  426868 426868
Ro
63576.6
SPR SPRFo_SPRFmed_SPRFpbrs
1.31028e+06 965268 435354
log_Ro
10.88
likeval ReclasPelacesDesembMPH_pf_preclas_ppelaces_ptallas_desvR_qrecl_qpela
 61.6065 23.173 0.0368891 0.00022942 290.251 201.552 71.0644 0 16.7765 9.60108e-05 2.59351e-06 0 0 0 0
q_reclas_q_pelaces
0.249452 1.25749
M
0.7
N
 75286.7 18866.1 7008.77 825.523 0.419499
 93379.6 34989.7 6737.53 2503 294.964
 60332.7 44194.5 13678.6 2633.92 1093.81
 86646 28074.4 15880 4915.02 1339.46
 141519 42515.1 13135.1 7429.74 2926.26
 104744 70092.8 20839.8 6438.46 5076.24
 156118 50594.6 30329.6 9017.49 4982.48
 133215 76183.1 23032.7 13807.2 6373.35
 145769 63816.4 31634.2 9564.08 8379.77
 135307 69364.5 25630.3 12705.1 7206.72
 67209.6 64737.6 28624.2 10576.7 8216.9
 41124.3 30718.5 21275.6 9407.16 6176.38
 41764.5 18881.3 10325.2 7151.23 5238
 24067.2 18318.6 5055.48 2764.58 3317.23
 18987.1 9587.63 3038.26 838.485 1008.71
 24130 7703.3 1741.49 551.867 335.523
 20323.3 11082.4 2593.58 586.33 298.77
 23139.6 9559.19 4201.07 983.16 335.519
 26804.8 11084.5 3968.47 1744.06 547.446
 46360.3 12916.4 4739.22 1696.73 979.742
 58243.9 22337.7 5520.07 2025.39 1143.84
 77705.7 28499.5 10307.4 2547.14 1462.38
 123453 37858.9 12871.6 4655.26 1810.88
 162385 59950.1 16821.6 5719.16 2873.06
 80164.3 78934.7 26769.8 7511.4 3836.71
pred_Ctot
 3484.11 3883.22 1442.62 169.918 0.0863458
 3160.79 5427.97 1045.2 388.292 45.7579
 2741.58 8950.1 2770.14 533.411 221.515
 742.047 1171.67 662.746 205.126 55.9016
 265.468 395.042 122.049 69.0357 27.1903
 2059.16 6536.16 1943.31 600.387 473.36
 1946.28 3044.67 1825.17 542.653 299.835
 3390.15 9067.96 2741.55 1643.46 758.61
 4387.92 8884.1 4403.91 1331.45 1166.58
 3561.18 8520.78 3148.44 1560.7 885.277
 3866.17 16122.1 7128.51 2633.99 2046.32
 2241.06 7299.97 5055.95 2235.53 1467.76
 3531.47 6481.13 3544.2 2454.71 1797.98
 3467.03 9326.82 2573.97 1407.58 1688.95
 2528.05 4626.24 1466.03 404.587 486.724
 1309.54 1824.07 412.367 130.677 79.4485
 774.387 1915.53 448.285 101.344 51.6406
 589.595 1139.12 500.621 117.158 39.9822
 572.191 1117.77 400.183 175.872 55.2047
 992.471 1306.04 479.204 171.564 99.066
 613.996 1142.02 282.214 103.548 58.4788
 1056.38 1865.07 674.536 166.69 95.7017
 1964.58 2883.88 980.488 354.612 137.942
 2469.9 4372.27 1226.83 417.108 209.537
 1036.89 4922.77 1669.5 468.449 239.277
F
 0.0662505 0.329672 0.329672 0.329672 0.329672
 0.0480736 0.239221 0.239221 0.239221 0.239221
 0.0650175 0.323537 0.323537 0.323537 0.323537
 0.0119716 0.0595723 0.0595723 0.0595723 0.0595723
 0.00261139 0.0129947 0.0129947 0.0129947 0.0129947
 0.0276716 0.137698 0.137698 0.137698 0.137698
 0.0174693 0.0869296 0.0869296 0.0869296 0.0869296
 0.0359517 0.178901 0.178901 0.178901 0.178901
 0.0426503 0.212234 0.212234 0.212234 0.212234
 0.0372019 0.185122 0.185122 0.185122 0.185122
 0.0829524 0.412783 0.412783 0.412783 0.412783
 0.0784292 0.390275 0.390275 0.390275 0.390275
 0.124132 0.617699 0.617699 0.617699 0.617699
 0.220377 1.09663 1.09663 1.09663 1.09663
 0.202111 1.00573 1.00573 1.00573 1.00573
 0.078095 0.388612 0.388612 0.388612 0.388612
 0.054263 0.270021 0.270021 0.270021 0.270021
 0.0359964 0.179123 0.179123 0.179123 0.179123
 0.0300788 0.149677 0.149677 0.149677 0.149677
 0.0301661 0.150111 0.150111 0.150111 0.150111
 0.0147542 0.0734191 0.0734191 0.0734191 0.0734191
 0.0190631 0.0948607 0.0948607 0.0948607 0.0948607
 0.0223472 0.111203 0.111203 0.111203 0.111203
 0.02135 0.10624 0.10624 0.10624 0.10624
 0.0181301 0.090218 0.090218 0.090218 0.090218
nmprior
 10 11 7 0
nm_flota  nm_reclas  nm_pelaces    nm_pelaL
inf 12.5866 19.7703 35.9099
cv_recla  cv_pelaces  cv_mph
0.709967 0.566442 0.491421
 ------------------------------------------------
Talla a la edad & desviación 
 7.2 14.2025 17.0495 18.207 18.6776
 1.08 2.13037 2.55742 2.73105 2.80164
