    unsorted:	 1.402651037e-05 3.314173029e-05 0.0008999967574 0.008171453674 71.01653174 40.79184859 38.97247812 64.01555987 93.09605132 97.91488105 261.1554291 289.9354002 427.0398348 556.0657062 601.2870332 730.6682425 829.8030818 794.2895386 923.4813136 991.7570210 1100.819021 1255.391105 1453.679305 1674.984039 1864.485853 1956.899005 2306.071319 2363.718299 2796.333821 3060.972441 3467.708971 3584.590669 3775.193428 4287.086023 5018.128333 5121.859206 5285.990427 5684.984235 14649.17935 196491.2757 423763.0207 426456.6547 371006.3497 388835.7008 342044.9635 451827.9459 284232.5886 249651.2333 493327.2643 513399.2949 558835.8826 594069.8028 671528.0244 769280.7345 848576.8104 984176.0191 1138328.296 1263811.798 1445602.499 1587186.132 1855910.500 1986388.058 2371537.430 2397634.608 2688711.236
      sorted:	 1.402651037e-05 3.314173029e-05 0.0008999967574 0.008171453674 38.97247812 40.79184859 64.01555987 71.01653174 93.09605132 97.91488105 261.1554291 289.9354002 427.0398348 556.0657062 601.2870332 730.6682425 794.2895386 829.8030818 923.4813136 991.7570210 1100.819021 1255.391105 1453.679305 1674.984039 1864.485853 1956.899005 2306.071319 2363.718299 2796.333821 3060.972441 3467.708971 3584.590669 3775.193428 4287.086023 5018.128333 5121.859206 5285.990427 5684.984235 14649.17935 196491.2757 249651.2333 284232.5886 342044.9635 371006.3497 388835.7008 423763.0207 426456.6547 451827.9459 493327.2643 513399.2949 558835.8826 594069.8028 671528.0244 769280.7345 848576.8104 984176.0191 1138328.296 1263811.798 1445602.499 1587186.132 1855910.500 1986388.058 2371537.430 2397634.608 2688711.236
