years
 1997 1998 1999 2000 2001 2002 2003 2004 2005 2006 2007 2008 2009 2010 2011 2012 2013 2014 2015 2016 2017 2018 2019 2020 2021
reclasobs
 0 0 0 370054 412103 1.49427e+06 250295 1.28982e+06 931140 785840 897777 1.04006e+06 184774 17550 25797 100020 73551 82996 120727 218422 84188 347160 605670 569463 516374
reclaspred
 454640 135875 476641 341531 439055 513533 1.07829e+06 667452 675110 548579 415707 278033 169942 84359.1 64189.5 67809.6 86707.2 121337 129445 183433 260682 239779 420297 557643 650467
pelacesobs
 0 0 0 0 0 0 0 0 0 2.06254e+06 1.5e+06 0 1.87456e+06 323000 250000 174000 83755 137374 0 501740 490994 745055 786931 1.00524e+06 0
pelacespred
 1.86418e+06 534711 1.06267e+06 1.19742e+06 1.28912e+06 1.31012e+06 2.89215e+06 2.40404e+06 2.07374e+06 1.73732e+06 1.1976e+06 821950 498096 214052 156656 173973 229520 321826 359571 488334 761165 697640 958252 1.47849e+06 1.82203e+06
mphobs
 0 0 0 0 0 112323 0 153150 637223 0 255016 313432 73983 77613 109348 50772 0 0 0 0 0 0 0 0 0
mphpred
 1.12027e+06 799241 1.06858e+06 1.50204e+06 1.40521e+06 1.95279e+06 2.9151e+06 3.26694e+06 2.60525e+06 2.37025e+06 1.98908e+06 1.37992e+06 855907 458986 246315 223752 272652 384519 485560 559975 820232 954378 1.21371e+06 1.75146e+06 2.64869e+06
desembarqueobs
 350755 77701 442110 56441 14545 235359 269955 359681 431902 328805 639364 411747 362871 311530 167758 66681 60226 58785 57116 71774 51957 67425 138520 160799 200461
desembarquepred
 350765 77704.5 442152 56442.5 14545.1 235389 269978 359715 431981 328876 639810 412126 363400 312180 167882 66700.1 60245.3 58789.7 57116.2 71777.9 51958.6 67423.8 138524 160805 200462
Reclutas
 93793.8 117104 76939.4 109246 177009 130633 191518 156625 164022 143705 70564.5 41901.5 42487.2 25789.6 21470 28993.3 25592.9 29361.5 33357.4 58199.4 73757.2 97543.3 156537 208502 104368
log_desv_Rt
 0.208854 0.430819 0.0107738 0.361361 0.843958 0.540147 0.922737 0.721607 0.767756 0.635519 -0.0757179 -0.596923 -0.583041 -1.08227 -1.26559 -0.96518 -1.08993 -0.952562 -0.824966 -0.26837 -0.031466 0.248052 0.721047 1.0077 0.315682
SSB
 1.12027e+06 799241 1.06858e+06 1.50204e+06 1.40521e+06 1.95279e+06 2.9151e+06 3.26694e+06 2.60525e+06 2.37025e+06 1.98908e+06 1.37992e+06 855907 458986 246315 223752 272652 384519 485560 559975 820232 954378 1.21371e+06 1.75146e+06 2.64869e+06
BT
 3.8552e+06 1.10302e+06 2.22812e+06 2.2521e+06 2.39025e+06 2.56182e+06 5.55876e+06 4.8098e+06 4.21595e+06 3.5008e+06 2.77113e+06 1.87857e+06 1.27104e+06 695826 435723 376964 474511 640557 706338 961091 1.45131e+06 1.3342e+06 1.85208e+06 2.85392e+06 3.46676e+06
Ftot
 0.256232 0.181289 0.239823 0.0435575 0.00979315 0.105919 0.0667055 0.138756 0.166367 0.149611 0.342986 0.321631 0.49806 0.845262 0.7097 0.275371 0.198435 0.131854 0.111166 0.112614 0.055887 0.0726299 0.0852399 0.0808974 0.068421
BD_Bspro_t
 0.969135 0.851911 0.836268 0.767614 0.839029 0.905818 0.88605 0.886172 0.842182 0.800661 0.754383 0.614342 0.50511 0.393806 0.28132 0.307848 0.437672 0.608212 0.709725 0.777809 0.847861 0.893659 0.898518 0.902245 0.904662
BD_Bspro
 0.714143 0.509495 0.681194 0.957509 0.895782 1.24485 1.8583 2.08259 1.66078 1.51097 1.26799 0.879659 0.545618 0.292591 0.157019 0.142636 0.173808 0.245121 0.309531 0.356969 0.522876 0.608391 0.773711 1.11651 1.68847
BD_Bo
 0.619353 0.441868 0.590778 0.830417 0.776883 1.07962 1.61165 1.80616 1.44034 1.31042 1.09968 0.7629 0.473197 0.253755 0.136178 0.123704 0.150738 0.212585 0.268447 0.309588 0.453474 0.527638 0.671014 0.968311 1.46436
BD_Brms
 2.22584 1.58799 2.12315 2.98437 2.79197 3.87995 5.79196 6.49101 5.17631 4.7094 3.95206 2.74172 1.70058 0.911949 0.489397 0.444569 0.541725 0.763992 0.964747 1.1126 1.6297 1.89623 2.4115 3.47993 5.26263
S_f
 0.214418 1 1 1 1
 0.214418 1 1 1 1
 0.214418 1 1 1 1
 0.214418 1 1 1 1
 0.214418 1 1 1 1
 0.214418 1 1 1 1
 0.214418 1 1 1 1
 0.214418 1 1 1 1
 0.214418 1 1 1 1
 0.214418 1 1 1 1
 0.214418 1 1 1 1
 0.214418 1 1 1 1
 0.214418 1 1 1 1
 0.214418 1 1 1 1
 0.214418 1 1 1 1
 0.214418 1 1 1 1
 0.214418 1 1 1 1
 0.214418 1 1 1 1
 0.214418 1 1 1 1
 0.214418 1 1 1 1
 0.214418 1 1 1 1
 0.214418 1 1 1 1
 0.214418 1 1 1 1
 0.214418 1 1 1 1
 0.214418 1 1 1 1
Scru_reclas
 1 1 1 1 1
 1 1 1 1 1
 1 1 1 1 1
 1 1 1 1 1
 1 1 1 1 1
 1 1 1 1 1
 1 1 1 1 1
 1 1 1 1 1
 1 1 1 1 1
 1 1 1 1 1
 1 1 1 1 1
 1 1 1 1 1
 1 1 1 1 1
 1 1 1 1 1
 1 1 1 1 1
 1 1 1 1 1
 1 1 1 1 1
 1 1 1 1 1
 1 1 1 1 1
 1 1 1 1 1
 1 1 1 1 1
 1 1 1 1 1
 1 1 1 1 1
 1 1 1 1 1
 1 1 1 1 1
Scru_pelaces
 0.922974 1 1 1 1
 0.922974 1 1 1 1
 0.922974 1 1 1 1
 0.922974 1 1 1 1
 0.922974 1 1 1 1
 0.922974 1 1 1 1
 0.922974 1 1 1 1
 0.922974 1 1 1 1
 0.922974 1 1 1 1
 0.922974 1 1 1 1
 0.922974 1 1 1 1
 0.922974 1 1 1 1
 0.922974 1 1 1 1
 0.922974 1 1 1 1
 0.922974 1 1 1 1
 0.922974 1 1 1 1
 0.922974 1 1 1 1
 0.922974 1 1 1 1
 0.922974 1 1 1 1
 0.922974 1 1 1 1
 0.922974 1 1 1 1
 0.922974 1 1 1 1
 0.922974 1 1 1 1
 0.922974 1 1 1 1
 0.922974 1 1 1 1
pf_obs 
 0.256992 0.487395 0.22802 0.0275931 0
 0.321318 0.546541 0.124235 0.00734118 0.000564706
 0.182869 0.594174 0.210203 0.0122559 0.00049798
 0.330522 0.361315 0.267642 0.0388342 0.00168674
 0.649043 0.306663 0.0425973 0.00169635 0
 0.582887 0.30429 0.105238 0.00758474 0
 0.465427 0.430635 0.0974691 0.00646863 0
 0.296916 0.608066 0.0921331 0.00288517 0
 0.311714 0.524322 0.152257 0.0117073 0
 0.15457 0.633149 0.183074 0.0267441 0.00246327
 0.131901 0.49318 0.331252 0.0422183 0.00144891
 0.196976 0.569456 0.194076 0.0375587 0.00193317
 0.518974 0.381816 0.0799577 0.0180837 0.00116848
 0.0928022 0.601141 0.25162 0.0475244 0.00691264
 0.122501 0.610282 0.24278 0.0234846 0.000952079
 0.383417 0.481906 0.127806 0.00687128 0
 0.0376549 0.599619 0.316969 0.0457579 0
 0.0361596 0.667082 0.258105 0.0386534 0
 0.158088 0.579412 0.248529 0.0139706 0
 0.0477256 0.309471 0.559284 0.082774 0.000745712
 0.0406174 0.521527 0.379366 0.0568643 0.0016247
 0.151134 0.462217 0.34131 0.0453401 0
 0.294876 0.26143 0.354403 0.0886775 0.000613685
 0.281977 0.475581 0.204845 0.0348837 0.00271318
 0 0 0 0 0
pf_pred 
 0.399266 0.424173 0.157918 0.0186342 9.10295e-06
 0.319947 0.528149 0.107258 0.0399319 0.00471423
 0.183792 0.574629 0.187617 0.038102 0.0158599
 0.260992 0.398319 0.239853 0.0783121 0.0225239
 0.307518 0.433993 0.139324 0.0838955 0.0352703
 0.182762 0.551902 0.166291 0.0533841 0.0456603
 0.257081 0.387967 0.239708 0.0722256 0.0430181
 0.189962 0.505744 0.158908 0.0981827 0.0472029
 0.209549 0.425034 0.228147 0.0716854 0.0655852
 0.190685 0.462164 0.186667 0.100198 0.0602865
 0.117078 0.476856 0.231887 0.0936583 0.0805215
 0.114156 0.371415 0.277837 0.135107 0.101485
 0.184639 0.334249 0.20172 0.150896 0.128496
 0.178347 0.468446 0.144794 0.0873833 0.12103
 0.24533 0.453566 0.171667 0.0530612 0.0763754
 0.335686 0.450653 0.128412 0.048602 0.0366458
 0.23929 0.553247 0.140738 0.0401028 0.0266226
 0.249809 0.461963 0.209621 0.0533245 0.0252818
 0.245935 0.469136 0.175457 0.0796159 0.0298553
 0.330303 0.411901 0.160386 0.0599846 0.0374255
 0.287896 0.503752 0.128148 0.0498984 0.0303056
 0.280831 0.473928 0.173487 0.0441328 0.0276214
 0.321177 0.443158 0.155302 0.0568499 0.0235131
 0.295417 0.490506 0.139757 0.0489769 0.0253438
 0.131015 0.58186 0.199886 0.0569524 0.0302864
pobs_RECLAS
 0 0 0 0 0
 0 0 0 0 0
 0 0 0 0 0
 0 0 0 0 0
 0.835266 0.146461 0.0176864 0.000547809 3.91292e-05
 0.385257 0.428462 0.181853 0.0044286 0
 0.867414 0.0963971 0.0333333 0.00285562 0
 0.441836 0.489002 0.0689373 0.000224442 0
 0.779404 0.147425 0.0564933 0.0165055 0.000172143
 0.814271 0.122319 0.05973 0.00367925 0
 0.40263 0.566651 0.0304383 0.000280538 0
 0.475488 0.404961 0.113038 0.00651328 0
 0.955842 0.0263864 0.0167828 0.000988607 0
 0.975058 0.0227948 0.00214734 0 0
 0.738997 0.206755 0.0527124 0.00153531 0
 0.850938 0.134255 0.0134407 0.00136685 0
 0.542534 0.407297 0.0501686 0 0
 0.764087 0.199537 0.0359546 0.000420521 0
 0.470689 0.182191 0.310203 0.0369168 0
 0.84361 0.089868 0.0606195 0.00523954 0.000663233
 0.607945 0.314616 0.071237 0.00620181 0
 0.523733 0.453247 0.0230204 0 0
 0.530135 0.295979 0.169645 0.0042399 0
 0.562478 0.366248 0.0663022 0.0049721 0
 0.250443 0.683176 0.0655157 0.000865301 0
ppred_RECLAS
 0.758684 0.170391 0.0634359 0.00748538 3.65667e-06
 0.688973 0.241553 0.0490554 0.0182632 0.00215609
 0.515516 0.341088 0.111366 0.0226165 0.0094141
 0.622709 0.203357 0.122454 0.0399812 0.0114993
 0.674482 0.204009 0.0654924 0.0394371 0.0165797
 0.511831 0.329673 0.0993325 0.0318885 0.0272747
 0.618181 0.199393 0.123197 0.0371199 0.0221089
 0.524138 0.297103 0.0933518 0.0576781 0.0277297
 0.55498 0.239292 0.128446 0.0403585 0.0369241
 0.525461 0.270988 0.109451 0.0587506 0.0353488
 0.386877 0.33114 0.161028 0.0650386 0.0559161
 0.379764 0.260051 0.194531 0.0945971 0.0710559
 0.52167 0.196087 0.118339 0.0885232 0.0753819
 0.519409 0.273998 0.0846909 0.0511111 0.0707915
 0.614803 0.231508 0.0876219 0.0270834 0.0389834
 0.705305 0.199914 0.0569648 0.0215602 0.0162564
 0.597195 0.292951 0.0745222 0.0212349 0.014097
 0.609893 0.240225 0.109005 0.0277293 0.0131468
 0.604666 0.245954 0.091987 0.0417402 0.0156522
 0.698175 0.185639 0.0722843 0.0270344 0.0168673
 0.654044 0.244734 0.0622571 0.0242417 0.0147231
 0.64634 0.23306 0.0853143 0.0217028 0.0135832
 0.689036 0.203008 0.0711426 0.0260425 0.0107712
 0.662519 0.234942 0.0669408 0.0234589 0.0121392
 0.41365 0.392612 0.134873 0.0384287 0.0204358
pobs_PELACES
 0 0 0 0 0
 0 0 0 0 0
 0 0 0 0 0
 0 0 0 0 0
 0 0 0 0 0
 0 0 0 0 0
 0 0 0 0 0
 0 0 0 0 0
 0 0 0 0 0
 0 0 0 0 0
 0.450072 0.473896 0.0757376 0.000293798 0
 0 0 0 0 0
 0.463077 0.371075 0.160297 0.00555027 0
 0.529543 0.364841 0.0842815 0.0213345 0
 0.631943 0.363953 0.00410389 0 0
 0.735681 0.248677 0.0153453 0.000297389 0
 0.695825 0.281241 0.0229344 0 0
 0.275771 0.60734 0.115278 0.00161068 0
 0 0 0 0 0
 0.896147 0.0623911 0.0374545 0.00400742 0
 0.803859 0.145111 0.0509908 3.86294e-05 0
 0.739449 0.233085 0.0266225 0.000797448 4.60066e-05
 0.878498 0.100942 0.0204185 0.000141795 0
 0.694673 0.275183 0.0284847 0.00165964 0
 0 0 0 0 0
ppred_PELACES
 0.756162 0.172172 0.0640989 0.00756361 3.69489e-06
 0.681824 0.247105 0.050183 0.0186829 0.00220565
 0.511024 0.344251 0.112398 0.0228262 0.00950139
 0.606399 0.212147 0.127747 0.0417096 0.0119964
 0.657216 0.21483 0.0689663 0.0415289 0.0174591
 0.49866 0.338568 0.102013 0.0327489 0.0280107
 0.603238 0.207197 0.128018 0.0385727 0.0229742
 0.513108 0.303989 0.0955156 0.059015 0.0283724
 0.545818 0.244218 0.13109 0.0411894 0.0376843
 0.515136 0.276884 0.111833 0.0600289 0.0361179
 0.388958 0.330017 0.160481 0.0648179 0.0557264
 0.380525 0.259733 0.194293 0.0944812 0.0709688
 0.533872 0.191084 0.11532 0.0862649 0.0734588
 0.553951 0.254304 0.0786037 0.0474376 0.0657034
 0.639081 0.216917 0.0820994 0.0253764 0.0365263
 0.70348 0.201152 0.0573177 0.0216938 0.0163571
 0.59027 0.297988 0.0758035 0.0216 0.0143393
 0.598902 0.246994 0.112076 0.0285105 0.0135172
 0.592332 0.253628 0.0948572 0.0430426 0.0161406
 0.687329 0.19231 0.0748818 0.0280058 0.0174734
 0.639039 0.255348 0.0649573 0.0252931 0.0153617
 0.632199 0.242378 0.0887254 0.0225706 0.0141262
 0.676462 0.211216 0.0740192 0.0270956 0.0112067
 0.649162 0.244241 0.0695902 0.0243874 0.0126196
 0.398598 0.402691 0.138336 0.0394153 0.0209604
pobs_pel_tallas
 0 0 0 0 0 0 0 0 0 0 0 0 0 0 0 0 0 0 0 0 0 0 0 0 0 0 0 0 0 0 0 0 0 0 0 0
 0 0 0 0 0 0 0 0 0 0 0 0 0 0 0 0 0 0 0 0 0 0 0 0 0 0 0 0 0 0 0 0 0 0 0 0
 0 0 0 0 0 0 0 0 0 0 0 0 0 0 0 0 0 0 0 0 0 0 0 0 0 0 0 0 0 0 0 0 0 0 0 0
 0 0 0 0 0 0 0 0 0 0 0 0 0 0 0 0 0 0 0 0 0 0 0 0 0 0 0 0 0 0 0 0 0 0 0 0
 0 0 0 0 0 0 0 0 0 0 0 0 0 0 0 0 0 0 0 0 0 0 0 0 0 0 0 0 0 0 0 0 0 0 0 0
 0 0 0 0 0 0 0 0 0 0 0 0 0 0 0 0 0 0 0 0 0 0 0 0 0 0 0 0 0 0 0 0 0 0 0 0
 0 0 0 0 0 0 0 0 0 0 0 0 0 0 0 0 0 0 0 0 0 0 0 0 0 0 0 0 0 0 0 0 0 0 0 0
 0 0 0 0 0 0 0 0 0 0 0 0 0 0 0 0 0 0 0 0 0 0 0 0 0 0 0 0 0 0 0 0 0 0 0 0
 0 0 0 0 0 0 0 0 0 0 0 0 0 0 0 0 0 0 0 0 0 0 0 0 0 0 0 0 0 0 0 0 0 0 0 0
 0 0 0 0 0 0 0 0 0 0 0 0 0 0 0 0 0 0 0 0 0 0 0 0 0 0 0 0 0 0 0 0 0 0 0 0
 0 0 0 0 0 0 0 0 1.78061e-05 0.00172719 0.00360574 0.0105946 0.0120993 0.0124554 0.0147524 0.0171206 0.0266825 0.0428682 0.0675386 0.121331 0.153587 0.119568 0.100827 0.0573624 0.0630603 0.0341343 0.0324427 0.0444173 0.0211091 0.0280891 0.0125444 0.00206551 0 0 0 0
 0 0 0 0 0 0 0 0 0 0 0 0 0 0 0 0 0 0 0 0 0 0 0 0 0 0 0 0 0 0 0 0 0 0 0 0
 0 0 0 0 0 0 0.0133647 0.0140871 0.0187388 0.0205184 0.03894 0.0496705 0.03968 0.0493445 0.0407372 0.0367815 0.0215668 0.0243155 0.0234873 0.0199281 0.019796 0.0243948 0.0301388 0.0376714 0.0412746 0.0863199 0.0771752 0.113111 0.0741005 0.0525337 0.0229764 0.00759418 0.00175318 0 0 0
 0 0 0 0 0 0 0 0 0 0 0.00219441 0.00772107 0.0458388 0.0604681 0.0671733 0.0775358 0.0609151 0.0617685 0.073594 0.0568108 0.0755445 0.0548602 0.0670107 0.0636378 0.0643287 0.046367 0.0373049 0.0286899 0.0247887 0.0153202 0.00654259 0.00121912 0.000365735 0 0 0
 0 0 0 0 0 0 0 0 0 0 0 0 0.000112435 0.00938835 0.0111873 0.0202946 0.0414886 0.0713402 0.111592 0.104902 0.108894 0.110636 0.117776 0.105296 0.107544 0.0401394 0.0192827 0.0124803 0.00416011 0.0028671 0.000618394 0 0 0 0 0
 0 0 0 0 0 0 0 0 0 0 0.00291406 0.0102884 0.027416 0.0768956 0.0749926 0.110853 0.0956884 0.0897413 0.0766577 0.0534642 0.0500743 0.0551293 0.0594112 0.0620874 0.0668451 0.0424026 0.0208742 0.0120726 0.0048766 0.00582813 0.00118941 0.000297354 0 0 0 0
 0 0.00264628 0.0354308 0.0461629 0.0458689 0.0383711 0.0214643 0.0164657 0.0346957 0.0420465 0.0363128 0.0245516 0.0311673 0.0291091 0.0169068 0.0133784 0.00837989 0.0085269 0.0148486 0.0160247 0.0276389 0.0546898 0.0760071 0.122758 0.109233 0.0665981 0.0333725 0.0166128 0.00676272 0.00308733 0.000882094 0 0 0 0 0
 0 0 0 0 0 0 0 0.000805153 0.000690131 0.00759144 0.0133425 0.0154129 0.00931677 0.000345066 0.00356568 0.00563607 0.00851162 0.0253048 0.0502646 0.0516448 0.0657925 0.0565908 0.0611916 0.0827007 0.0866115 0.110766 0.145733 0.0935128 0.0569358 0.0249597 0.0138026 0.00621118 0.00161031 0.00115022 0 0
 0 0 0 0 0 0 0 0 0 0 0 0 0 0 0 0 0 0 0 0 0 0 0 0 0 0 0 0 0 0 0 0 0 0 0 0
 0.00147267 0.00158595 0.00478618 0.00569244 0.00954404 0.0108468 0.00647125 0.017049 0.0510054 0.094081 0.124002 0.0959785 0.0687766 0.0820023 0.061753 0.0591476 0.0492212 0.0479892 0.0443925 0.0268479 0.0217502 0.0140895 0.0121071 0.0120363 0.00920419 0.00665534 0.0049561 0.00860946 0.00930331 0.0156896 0.0114698 0.00855282 0.00243557 0.00046729 0 2.83206e-05
 0 0 0 0 0.000772559 0.00158375 0.000888443 0.00281984 0.00712685 0.0440552 0.0773331 0.111326 0.0921469 0.0852325 0.0710754 0.0886704 0.0786465 0.0553345 0.0373146 0.0185414 0.00753245 0.00457741 0.012979 0.0271748 0.0457355 0.0583668 0.034881 0.0177882 0.00938659 0.00492506 0.0015258 0.00185414 0.000309023 5.79419e-05 3.86279e-05 0
 0 0.00173294 0.00326652 0 0.00397197 0.00683976 0.00946217 0.0152591 0.00757587 0.0136028 0.0228656 0.0392903 0.0559909 0.0764795 0.0681675 0.0726916 0.0566044 0.0477403 0.0527397 0.0444891 0.0609904 0.0582453 0.0661739 0.0445044 0.0529084 0.0360697 0.0280645 0.0235558 0.0158879 0.00826598 0.00280645 0.00217768 0.000904811 0.00058276 9.20147e-05 0
 0 0 0 0 0 0 0 0 0 0 0 0 0 0 0 0 0 0 0 0 0 0 0 0 0 0 0 0 0 0 0 0 0 0 0 0
 0 0 0 0 0 0 0 0 0 0 0 0 0 0 0 0 0 0 0 0 0 0 0 0 0 0 0 0 0 0 0 0 0 0 0 0
 0 0 0 0 0 0 0 0 0 0 0 0 0 0 0 0 0 0 0 0 0 0 0 0 0 0 0 0 0 0 0 0 0 0 0 0
ppred_pel_tallas
 1.01227e-16 3.2992e-05 0.000193637 0.000920465 0.00354384 0.0110511 0.0279143 0.0571164 0.0946767 0.127148 0.138362 0.122045 0.0873624 0.0509829 0.0247387 0.0108911 0.00584024 0.00534664 0.00681017 0.00908225 0.0116803 0.0142986 0.016649 0.0184611 0.0195297 0.0197577 0.0191739 0.0179165 0.0161924 0.0142246 0.0122077 0.0102813 0.00852523 0.00697056 0.00561795 0.00445453
 1.01538e-16 2.97534e-05 0.000174617 0.000830028 0.00319561 0.00996518 0.0251714 0.0515047 0.0853774 0.114668 0.124803 0.110136 0.0789505 0.046301 0.0228908 0.0107989 0.00681766 0.00715016 0.00945089 0.0126437 0.0162077 0.0197419 0.0228411 0.0251262 0.0263185 0.0263028 0.0251499 0.0230904 0.0204498 0.0175693 0.014737 0.0121479 0.00989792 0.00800296 0.00643019 0.00512784
 1.02936e-16 2.23098e-05 0.000130908 0.000622206 0.00239541 0.00746976 0.0188683 0.0386088 0.0640055 0.0859789 0.0936183 0.0827116 0.0594993 0.0353131 0.0182401 0.0099159 0.00801499 0.0097518 0.0133851 0.0180583 0.0232502 0.0284557 0.0331208 0.0367125 0.0388275 0.0392791 0.0381324 0.0356695 0.0323062 0.0284863 0.0245914 0.0208888 0.0175236 0.014543 0.0119356 0.00966695
 1.03877e-16 2.64633e-05 0.000155304 0.000738217 0.00284213 0.00886287 0.022387 0.0458074 0.0759334 0.101984 0.110999 0.0979575 0.0702268 0.0411987 0.020397 0.00967779 0.00619995 0.00660419 0.0088286 0.0119463 0.0155273 0.0192463 0.0227646 0.0257479 0.0279253 0.0291409 0.0293764 0.0287354 0.0274 0.0255766 0.0234503 0.0211606 0.0188006 0.0164308 0.0140976 0.0118465
 1.03292e-16 2.86791e-05 0.000168313 0.000800063 0.00308025 0.00960545 0.0242627 0.0496452 0.0822944 0.110525 0.12029 0.106143 0.0760659 0.0445644 0.0219503 0.0102213 0.00628198 0.00647429 0.00854811 0.0114888 0.0148291 0.0182266 0.0213367 0.0238307 0.0254577 0.0260964 0.0257754 0.0246514 0.0229582 0.0209431 0.0188138 0.0167106 0.0147044 0.0128158 0.0110404 0.00937118
 1.03993e-16 2.17704e-05 0.000127741 0.000607155 0.00233746 0.00728905 0.0184118 0.0376749 0.0624572 0.0838994 0.0913548 0.0807138 0.0580663 0.034471 0.0178207 0.00971341 0.00788203 0.00961085 0.0132032 0.0178253 0.0229705 0.0281473 0.0328165 0.0364595 0.0386839 0.0393086 0.038396 0.0362176 0.033171 0.0296764 0.0260895 0.0226524 0.0194888 0.0166308 0.0140599 0.0117432
 1.04284e-16 2.63253e-05 0.000154494 0.000734367 0.00282731 0.00881665 0.0222702 0.0455685 0.0755372 0.101452 0.110419 0.0974436 0.0698542 0.040972 0.0202697 0.00959268 0.00611361 0.00649061 0.00867383 0.0117445 0.0152803 0.0189649 0.0224694 0.0254682 0.0276964 0.0289996 0.0293555 0.0288588 0.0276796 0.0260106 0.0240238 0.0218483 0.0195699 0.0172456 0.0149217 0.0126468
 1.04809e-16 2.2399e-05 0.000131435 0.000624721 0.00240511 0.00750002 0.0189447 0.0387648 0.0642629 0.086321 0.0939812 0.0830096 0.0596642 0.0353119 0.0180579 0.00952779 0.00737106 0.00878218 0.0120178 0.0162424 0.02098 0.0257903 0.0301941 0.0337289 0.0360405 0.0369585 0.0365238 0.0349586 0.0325929 0.0297753 0.0267975 0.0238547 0.0210446 0.0183933 0.0158926 0.0135313
 1.05117e-16 2.3823e-05 0.0001398 0.000664503 0.0025583 0.00797775 0.0201513 0.0412332 0.0683526 0.0918077 0.0999367 0.0882268 0.0633206 0.0372882 0.0187237 0.00932405 0.0065588 0.00742525 0.0100745 0.0136575 0.0177466 0.0219844 0.0259872 0.0293761 0.0318473 0.0332309 0.0335157 0.0328289 0.0313846 0.0294193 0.0271386 0.0246901 0.0221635 0.0196095 0.0170643 0.0145675
 1.05429e-16 2.24863e-05 0.00013195 0.000627177 0.00241457 0.00752954 0.0190192 0.0389171 0.0645146 0.0866568 0.0943407 0.0833126 0.0598504 0.0353588 0.0179661 0.00929389 0.00697357 0.00818448 0.0111816 0.0151441 0.0196263 0.0242296 0.0285209 0.032077 0.0345668 0.0358181 0.0358437 0.0348159 0.0330035 0.030694 0.0281301 0.0254765 0.0228214 0.0201996 0.0176243 0.0151126
 1.07217e-16 1.69866e-05 9.96568e-05 0.000473639 0.0018234 0.00568596 0.0143625 0.0293897 0.0487245 0.0654593 0.0712951 0.0630358 0.0454473 0.027179 0.0144201 0.00845787 0.00756903 0.00967698 0.0134863 0.0183499 0.0238438 0.0295219 0.0348745 0.0393951 0.0426797 0.044507 0.0448704 0.0439495 0.0420386 0.0394576 0.0364801 0.0332963 0.0300149 0.0266909 0.0233601 0.0200665
 1.09406e-16 1.6616e-05 9.74877e-05 0.000463341 0.00178377 0.00556241 0.0140504 0.0287505 0.0476631 0.0640284 0.0697234 0.061615 0.0443552 0.0263911 0.0137582 0.00769526 0.0064991 0.00813303 0.0113462 0.0155518 0.0204133 0.025598 0.0307191 0.0353762 0.0392272 0.0420469 0.0437535 0.0443917 0.044087 0.0429891 0.0412302 0.0389079 0.0360948 0.0328609 0.0292965 0.0255233
 1.08096e-16 2.32997e-05 0.000136734 0.000649936 0.00250223 0.00780293 0.0197096 0.0403292 0.0668527 0.0897891 0.0977288 0.0862527 0.0618494 0.0363129 0.0180333 0.00865281 0.00568121 0.00617497 0.00833568 0.0113663 0.0149082 0.0186941 0.0224412 0.0258638 0.028722 0.0308626 0.0322362 0.0328819 0.0328907 0.0323628 0.0313762 0.0299763 0.028187 0.0260311 0.0235529 0.0208293
 1.05899e-16 2.41778e-05 0.000141883 0.000674404 0.00259642 0.00809662 0.0204516 0.0418477 0.0693713 0.093176 0.101427 0.0895429 0.0642669 0.0378485 0.0190095 0.00947096 0.00666207 0.00753036 0.0101916 0.0137737 0.0178311 0.0219907 0.0258577 0.0290517 0.03128 0.0323986 0.032434 0.0315567 0.0300202 0.0280874 0.0259709 0.0238032 0.02164 0.0194856 0.0173273 0.0151618
 1.03815e-16 2.78885e-05 0.000163671 0.000777994 0.00299528 0.00934045 0.0235933 0.0482757 0.0800246 0.107478 0.116975 0.103224 0.0739861 0.0433708 0.0214089 0.0100483 0.00628456 0.00656578 0.00870749 0.0117236 0.0151561 0.0186645 0.0219023 0.0245372 0.0263128 0.0271008 0.0269221 0.0259254 0.0243367 0.0223965 0.0203075 0.0182072 0.0161668 0.0142095 0.0123363 0.0105469
 1.02389e-16 3.06959e-05 0.000180154 0.000856361 0.00329702 0.0102814 0.0259701 0.0531386 0.0880844 0.118299 0.128742 0.113583 0.0813577 0.0475841 0.0232866 0.0105883 0.00615921 0.00606965 0.00790398 0.0105803 0.0136167 0.0166784 0.0194376 0.0215856 0.0228905 0.0232461 0.0226915 0.0213897 0.0195783 0.0175076 0.0153888 0.0133645 0.0115064 0.00983124 0.00832572 0.00696842
 1.02586e-16 2.57634e-05 0.000151187 0.000718628 0.00276668 0.00862755 0.0217927 0.0445921 0.0739213 0.0992893 0.108086 0.0954341 0.0685209 0.0404051 0.020387 0.0103071 0.00742948 0.00849861 0.0114924 0.0154524 0.019859 0.0242575 0.0281668 0.0311294 0.0328048 0.0330438 0.0319177 0.0296863 0.0267229 0.0234205 0.0201116 0.0170227 0.0142674 0.0118702 0.00980284 0.00801847
 1.03283e-16 2.61378e-05 0.00015339 0.00072911 0.00280705 0.00875347 0.0221107 0.0452423 0.0749977 0.100731 0.109643 0.0967805 0.0694257 0.0408147 0.0203659 0.00992654 0.00670331 0.00738487 0.00992926 0.0133986 0.0173272 0.0213373 0.0250316 0.0280245 0.030015 0.0308475 0.0305374 0.0292497 0.0272427 0.0247984 0.0221631 0.0195143 0.0169572 0.0145413 0.0122865 0.0102032
 1.03663e-16 2.58515e-05 0.000151709 0.000721116 0.00277627 0.00865748 0.0218682 0.0447463 0.0741757 0.0996273 0.108444 0.095727 0.0686804 0.0403973 0.020196 0.00990673 0.00676999 0.00751239 0.0101133 0.0136405 0.0176245 0.0216802 0.0254025 0.0284005 0.0303727 0.031169 0.0308158 0.0294915 0.0274675 0.0250346 0.0224411 0.0198592 0.0173828 0.0150472 0.012858 0.010815
 1.02905e-16 2.99913e-05 0.000176019 0.000836702 0.00322133 0.0100454 0.0253739 0.0519186 0.0860621 0.115583 0.125786 0.110974 0.0794874 0.0464873 0.0227451 0.0103357 0.00600736 0.00592387 0.00773065 0.0103787 0.0134072 0.0164997 0.0193448 0.0216455 0.0231722 0.0238101 0.0235771 0.0226065 0.0211016 0.0192809 0.0173308 0.0153809 0.013502 0.0117214 0.0100442 0.00847186
 1.02593e-16 2.78882e-05 0.000163666 0.000777962 0.00299514 0.00934002 0.0235923 0.0482738 0.0800225 0.107478 0.116984 0.103252 0.0740489 0.043494 0.0216295 0.0104171 0.00686447 0.00742536 0.00990807 0.0133015 0.0171031 0.0209118 0.0243144 0.0269199 0.0284365 0.028735 0.0278732 0.0260686 0.0236344 0.0208994 0.018141 0.0155462 0.0132077 0.0111442 0.00933248 0.00773625
 1.02775e-16 2.75895e-05 0.000161913 0.000769631 0.00296307 0.00924001 0.0233396 0.0477568 0.0791653 0.106326 0.115729 0.102139 0.0732421 0.0430022 0.0213524 0.0102312 0.00667749 0.0071841 0.00958802 0.0128988 0.016634 0.0204137 0.023846 0.026555 0.0282536 0.028803 0.0282371 0.0267393 0.0245848 0.0220688 0.019445 0.0168913 0.0145056 0.0123235 0.0103452 0.00855977
 1.02575e-16 2.95182e-05 0.00017324 0.000823485 0.00317043 0.00988668 0.024973 0.0510986 0.0847034 0.11376 0.123807 0.109241 0.0782723 0.04583 0.022523 0.0104024 0.00627654 0.00637554 0.00838082 0.0112491 0.0145047 0.0178046 0.0208056 0.0231812 0.0246821 0.025188 0.0247286 0.0234629 0.0216288 0.0194807 0.017236 0.0150458 0.0129918 0.0111023 0.00937633 0.0078047
 1.02496e-16 2.83291e-05 0.000166256 0.000790276 0.00304256 0.00948789 0.0239658 0.0490379 0.0812887 0.109177 0.11883 0.104873 0.075193 0.0441292 0.0218771 0.0104231 0.00672135 0.00716543 0.00952937 0.0127929 0.0164601 0.0201437 0.0234479 0.025997 0.0275089 0.0278557 0.0270871 0.0254051 0.023104 0.0204947 0.017841 0.0153228 0.0130326 0.0109939 0.00919093 0.00759535
 1.04429e-16 1.74099e-05 0.000102135 0.000485408 0.00186868 0.00582716 0.0147193 0.0301202 0.0499373 0.0670938 0.0730889 0.0646541 0.0466841 0.0280585 0.0151397 0.00926876 0.00869805 0.0113056 0.0157479 0.0213151 0.0274924 0.0337157 0.0393454 0.0437607 0.0464875 0.0473006 0.0462636 0.0436891 0.0400423 0.0358201 0.0314484 0.0272235 0.0233059 0.0197495 0.016548 0.0136753
pSPR Fmed_Fpbrs
0.785322   0.328256 0.328256
Fs Fmed_Fpbrs
0.142163   1.005 1.005
SSBpbr Bo_Bmed_Bpbrs
1.80878e+06  1.33003e+06  503302 503302
Ro
76115
SPR SPRFo_SPRFmed_SPRFpbrs
1.56869e+06 1.23193e+06 514933
log_Ro
11.06
likeval ReclasPelacesDesembMPH_pf_preclas_ppelaces_ptallas_desvR_qrecl_qpela
 64.1473 24.1682 0.0433303 0.00189655 293.515 206.082 72.2566 0 17.6132 0.000132794 0 0 0 0 0
q_reclas_q_pelaces
0.195353 1
M
0.7
N
 93793.8 23295.4 8672.77 1023.38 0.499929
 117104 44086.7 8953.3 3333.28 393.516
 76939.4 55935.1 18262.9 3708.89 1543.82
 109246 36292 21853.7 7135.24 2052.22
 177009 53745.8 17253.9 10389.7 4367.9
 130633 87715.8 26429.3 8484.54 7256.97
 191518 63413.8 39180.7 11805.4 7031.37
 156625 93754.4 29458.3 18201 8750.44
 164022 75497.6 40525.1 12733.3 11649.7
 143705 78596.6 31744.9 17039.9 10252.5
 70564.5 69108.9 33606.4 13573.5 11669.7
 41901.5 32556.7 24354 11842.9 8895.73
 42487.2 19421.1 11720.7 8767.64 7466.07
 25789.6 18961.5 5860.87 3537.05 4899
 21470 10683.8 4043.65 1249.87 1799.04
 28993.3 9156.68 2609.17 987.527 744.593
 25592.9 13572.2 3452.55 983.794 653.101
 29361.5 12179.7 5526.67 1405.9 666.554
 33357.4 14174 5301.1 2405.44 902.019
 58199.4 16174.6 6298.08 2355.49 1469.63
 73757.2 28211.5 7176.62 2794.44 1697.2
 97543.3 36190.5 13247.9 3370.1 2109.24
 156537 47690.1 16712.6 6117.85 2530.34
 208502 76326.1 21747.2 7621.14 3943.67
 104368 101758 34957 9960.09 5296.62
pred_Ctot
 3617.43 3843.1 1430.77 168.83 0.0824747
 3218.07 5312.2 1078.82 401.641 47.4165
 2781.65 8696.87 2839.54 576.664 240.035
 730.748 1115.25 671.56 219.265 63.0644
 267.057 376.892 120.993 72.8573 30.6298
 2112.34 6378.8 1921.97 617.005 527.735
 1957.57 2954.22 1825.29 549.97 327.567
 3307.54 8805.78 2766.84 1709.51 821.875
 4142.2 8401.74 4509.84 1417.02 1296.44
 3268.76 7922.48 3199.87 1717.6 1033.44
 3613.48 14717.6 7156.93 2890.66 2485.21
 2016.13 6559.64 4906.93 2386.15 1792.34
 3114.04 5637.27 3402.11 2544.94 2167.15
 3106.71 8160.1 2522.23 1522.17 2108.29
 2198.79 4065.11 1538.58 475.564 684.519
 1199.58 1610.41 458.883 173.679 130.954
 768.58 1776.99 452.038 128.807 85.5096
 589.584 1090.3 494.735 125.853 59.6684
 565.829 1079.35 403.68 183.175 68.6889
 999.936 1246.96 485.542 181.593 113.3
 632.275 1106.34 281.438 109.587 66.5571
 1084.96 1830.98 670.252 170.503 106.713
 2041.01 2816.17 986.907 361.269 149.421
 2581.12 4285.66 1221.09 427.921 221.434
 1094.04 4858.84 1669.15 475.582 252.907
F
 0.0549408 0.256232 0.256232 0.256232 0.256232
 0.0388717 0.181289 0.181289 0.181289 0.181289
 0.0514224 0.239823 0.239823 0.239823 0.239823
 0.00933952 0.0435575 0.0435575 0.0435575 0.0435575
 0.00209983 0.00979315 0.00979315 0.00979315 0.00979315
 0.0227109 0.105919 0.105919 0.105919 0.105919
 0.0143029 0.0667055 0.0667055 0.0667055 0.0667055
 0.0297519 0.138756 0.138756 0.138756 0.138756
 0.0356721 0.166367 0.166367 0.166367 0.166367
 0.0320793 0.149611 0.149611 0.149611 0.149611
 0.0735423 0.342986 0.342986 0.342986 0.342986
 0.0689634 0.321631 0.321631 0.321631 0.321631
 0.106793 0.49806 0.49806 0.49806 0.49806
 0.181239 0.845262 0.845262 0.845262 0.845262
 0.152172 0.7097 0.7097 0.7097 0.7097
 0.0590444 0.275371 0.275371 0.275371 0.275371
 0.042548 0.198435 0.198435 0.198435 0.198435
 0.0282719 0.131854 0.131854 0.131854 0.131854
 0.0238359 0.111166 0.111166 0.111166 0.111166
 0.0241464 0.112614 0.112614 0.112614 0.112614
 0.0119832 0.055887 0.055887 0.055887 0.055887
 0.0155731 0.0726299 0.0726299 0.0726299 0.0726299
 0.018277 0.0852399 0.0852399 0.0852399 0.0852399
 0.0173459 0.0808974 0.0808974 0.0808974 0.0808974
 0.0146707 0.068421 0.068421 0.068421 0.068421
nmprior
 10 11 7 0
nm_flota  nm_reclas  nm_pelaces    nm_pelaL
inf 11.4759 19.3734 35.0468
cv_recla  cv_pelaces  cv_mph
0.72446 0.578478 1.41293
 ------------------------------------------------
Talla a la edad & desviación 
 7.2 14.2025 17.0495 18.207 18.6776
 1.08 2.13037 2.55742 2.73105 2.80164
