years
 1997 1998 1999 2000 2001 2002 2003 2004 2005 2006 2007 2008 2009 2010 2011 2012 2013 2014 2015 2016 2017 2018 2019 2020 2021
reclasobs
 0 0 0 370054 412103 1.49427e+06 250295 1.28982e+06 931140 785840 897777 1.04006e+06 184774 17550 25797 100020 73551 82996 120727 218422 84188 347160 605670 569463 516374
reclaspred
 3.64277e+06 440301 612577 172348 224688 291493 512343 437581 663534 1.15162e+06 1.30215e+06 831128 442320 198758 128208 117785 123477 153600 137378 190429 375674 372051 521756 416824 259945
pelacesobs
 0 0 0 0 0 0 0 0 0 2.06254e+06 1.5e+06 0 1.87456e+06 323000 250000 174000 83755 137374 0 501740 490994 745055 786931 1.00524e+06 0
pelacespred
 1.5558e+06 625246 192326 127379 129601 119752 269887 246349 362864 664200 670291 441085 238606 84891.1 53406.3 55925.6 61148.8 76177 71148.5 95429.3 207110 218342 232574 219284 126831
mphobs
 0 0 0 0 0 112323 0 153150 637223 0 255016 313432 73983 77613 109348 50772 0 0 0 0 0 0 0 0 0
mphpred
 2.59981e+06 1.11679e+06 474626 243560 122136 296861 305075 429690 473925 767608 1.31064e+06 910620 491107 263665 119467 101806 102222 123099 132746 124908 256044 358549 392685 408291 325651
desembarqueobs
 350755 77701 442110 56441 14545 235359 269955 359681 431902 328805 639364 411747 362871 311530 167758 66681 60226 58785 57116 71774 51957 67425 138520 160799 200461
desembarquepred
 350737 77681.9 441659 56419.1 14543.5 235123 269778 359155 431454 328576 638558 411273 362189 310898 167426 66632.7 60194.8 58741.9 57064.6 71710.3 51941.2 67384.4 138415 160674 200399
Reclutas
 4490.37 6176.47 1010.09 3520.69 52364.2 13982.1 55400.3 66466.6 113356 221041 56389.8 19801.4 51553.4 27815.1 19599.2 14151.2 11056.8 10896.8 7687.19 28774.3 37264 32144.8 38196 22230.5 314.753
log_desv_Rt
 -1.39031 -1.0715 -2.88221 -1.63359 1.06598 -0.25447 1.12234 1.30445 1.83829 2.50611 1.14004 0.0935104 1.05037 0.433333 0.0832428 -0.242449 -0.4892 -0.503776 -0.85269 0.467237 0.725783 0.578006 0.750485 0.209222 -4.04821
SSB
 2.59981e+06 1.11679e+06 474626 243560 122136 296861 305075 429690 473925 767608 1.31064e+06 910620 491107 263665 119467 101806 102222 123099 132746 124908 256044 358549 392685 408291 325651
BT
 3.07442e+06 1.29344e+06 603645 304462 379268 410127 1.02123e+06 995747 1.42666e+06 2.10481e+06 1.91575e+06 1.21771e+06 904555 482617 276988 180306 192012 220560 193473 307553 558031 496193 573523 576832 409516
Ftot
 0.0938031 0.170994 0.667867 0.313943 0.0632637 0.743172 0.501646 0.765459 0.615199 0.275835 0.464858 0.468379 0.758517 1.3508 1.16685 0.534747 0.463805 0.366321 0.3963 0.361964 0.134541 0.17564 0.255833 0.368467 0.710609
BD_Bspro_t
 0.98515 0.886842 0.697117 0.385168 0.398097 0.672179 0.485106 0.51307 0.486413 0.547758 0.636197 0.471452 0.334953 0.245086 0.145472 0.149112 0.19656 0.292614 0.361634 0.409629 0.606207 0.730668 0.717113 0.658093 0.516747
BD_Bspro
 6.99499 3.0048 1.27702 0.655319 0.328616 0.798727 0.82083 1.15612 1.27513 2.06531 3.52637 2.4501 1.32136 0.709412 0.321436 0.273916 0.275036 0.331207 0.357164 0.336075 0.688906 0.964706 1.05655 1.09854 0.87619
BD_Bo
 2.43583 1.04635 0.444691 0.228199 0.114432 0.278137 0.285834 0.402589 0.444034 0.719194 1.22797 0.853186 0.460132 0.247035 0.111932 0.0953847 0.0957746 0.115335 0.124374 0.11703 0.239895 0.335935 0.367918 0.38254 0.305112
BD_Brms
 11.9003 5.11194 2.17254 1.11487 0.55906 1.35884 1.39644 1.96685 2.16933 3.51363 5.99927 4.16825 2.24798 1.20689 0.546846 0.466002 0.467907 0.563468 0.607628 0.57175 1.17201 1.64121 1.79747 1.8689 1.49062
S_f
 0.5 1 1 1 1
 0.5 1 1 1 1
 0.5 1 1 1 1
 0.5 1 1 1 1
 0.5 1 1 1 1
 0.5 1 1 1 1
 0.5 1 1 1 1
 0.5 1 1 1 1
 0.5 1 1 1 1
 0.5 1 1 1 1
 0.5 1 1 1 1
 0.5 1 1 1 1
 0.5 1 1 1 1
 0.5 1 1 1 1
 0.5 1 1 1 1
 0.5 1 1 1 1
 0.5 1 1 1 1
 0.5 1 1 1 1
 0.5 1 1 1 1
 0.5 1 1 1 1
 0.5 1 1 1 1
 0.5 1 1 1 1
 0.5 1 1 1 1
 0.5 1 1 1 1
 0.5 1 1 1 1
Scru_reclas
 0.5 1 1 1 1
 0.5 1 1 1 1
 0.5 1 1 1 1
 0.5 1 1 1 1
 0.5 1 1 1 1
 0.5 1 1 1 1
 0.5 1 1 1 1
 0.5 1 1 1 1
 0.5 1 1 1 1
 0.5 1 1 1 1
 0.5 1 1 1 1
 0.5 1 1 1 1
 0.5 1 1 1 1
 0.5 1 1 1 1
 0.5 1 1 1 1
 0.5 1 1 1 1
 0.5 1 1 1 1
 0.5 1 1 1 1
 0.5 1 1 1 1
 0.5 1 1 1 1
 0.5 1 1 1 1
 0.5 1 1 1 1
 0.5 1 1 1 1
 0.5 1 1 1 1
 0.5 1 1 1 1
Scru_pelaces
 0.5 1 1 1 1
 0.5 1 1 1 1
 0.5 1 1 1 1
 0.5 1 1 1 1
 0.5 1 1 1 1
 0.5 1 1 1 1
 0.5 1 1 1 1
 0.5 1 1 1 1
 0.5 1 1 1 1
 0.5 1 1 1 1
 0.5 1 1 1 1
 0.5 1 1 1 1
 0.5 1 1 1 1
 0.5 1 1 1 1
 0.5 1 1 1 1
 0.5 1 1 1 1
 0.5 1 1 1 1
 0.5 1 1 1 1
 0.5 1 1 1 1
 0.5 1 1 1 1
 0.5 1 1 1 1
 0.5 1 1 1 1
 0.5 1 1 1 1
 0.5 1 1 1 1
 0.5 1 1 1 1
pf_obs 
 0.256992 0.487395 0.22802 0.0275931 0
 0.321318 0.546541 0.124235 0.00734118 0.000564706
 0.182869 0.594174 0.210203 0.0122559 0.00049798
 0.330522 0.361315 0.267642 0.0388342 0.00168674
 0.649043 0.306663 0.0425973 0.00169635 0
 0.582887 0.30429 0.105238 0.00758474 0
 0.465427 0.430635 0.0974691 0.00646863 0
 0.296916 0.608066 0.0921331 0.00288517 0
 0.311714 0.524322 0.152257 0.0117073 0
 0.15457 0.633149 0.183074 0.0267441 0.00246327
 0.131901 0.49318 0.331252 0.0422183 0.00144891
 0.196976 0.569456 0.194076 0.0375587 0.00193317
 0.518974 0.381816 0.0799577 0.0180837 0.00116848
 0.0928022 0.601141 0.25162 0.0475244 0.00691264
 0.122501 0.610282 0.24278 0.0234846 0.000952079
 0.383417 0.481906 0.127806 0.00687128 0
 0.0376549 0.599619 0.316969 0.0457579 0
 0.0361596 0.667082 0.258105 0.0386534 0
 0.158088 0.579412 0.248529 0.0139706 0
 0.0477256 0.309471 0.559284 0.082774 0.000745712
 0.0406174 0.521527 0.379366 0.0568643 0.0016247
 0.151134 0.462217 0.34131 0.0453401 0
 0.294876 0.26143 0.354403 0.0886775 0.000613685
 0.281977 0.475581 0.204845 0.0348837 0.00271318
 0 0 0 0 0
pf_pred 
 0.0220017 0.626185 0.310176 0.0416365 1.14436e-06
 0.062357 0.0414048 0.573836 0.284245 0.0381567
 0.0245189 0.119518 0.0377979 0.523849 0.294317
 0.232459 0.0443841 0.0886026 0.0280209 0.606534
 0.876291 0.0493257 0.00430132 0.00858657 0.0614954
 0.231272 0.718878 0.0198762 0.00173325 0.0282401
 0.733654 0.114371 0.14212 0.00392947 0.00592566
 0.609709 0.337438 0.0226954 0.028202 0.00195563
 0.694599 0.243528 0.0534938 0.00359788 0.00478086
 0.705331 0.249067 0.0363633 0.00798761 0.0012511
 0.213918 0.658927 0.107477 0.0156914 0.00398668
 0.158806 0.323106 0.434283 0.0708356 0.0129694
 0.537898 0.139656 0.123853 0.166469 0.0321241
 0.430684 0.424312 0.0438229 0.0388641 0.0623171
 0.548002 0.316052 0.10132 0.0104644 0.0241608
 0.53059 0.364951 0.0730416 0.0234158 0.00800211
 0.450922 0.398518 0.117055 0.0234276 0.0100771
 0.468756 0.346876 0.133813 0.0393045 0.0112501
 0.380404 0.410452 0.136561 0.0526805 0.0199027
 0.741801 0.149618 0.0719296 0.0239316 0.0127198
 0.58176 0.36158 0.0328327 0.0157845 0.00804293
 0.41753 0.432731 0.129453 0.0117548 0.00853071
 0.45333 0.328617 0.161997 0.048462 0.00759407
 0.315611 0.438624 0.147736 0.0728288 0.0252011
 0.00990733 0.501482 0.31315 0.105474 0.0699872
pobs_RECLAS
 0 0 0 0 0
 0 0 0 0 0
 0 0 0 0 0
 0 0 0 0 0
 0.835266 0.146461 0.0176864 0.000547809 3.91292e-05
 0.385257 0.428462 0.181853 0.0044286 0
 0.867414 0.0963971 0.0333333 0.00285562 0
 0.441836 0.489002 0.0689373 0.000224442 0
 0.779404 0.147425 0.0564933 0.0165055 0.000172143
 0.814271 0.122319 0.05973 0.00367925 0
 0.40263 0.566651 0.0304383 0.000280538 0
 0.475488 0.404961 0.113038 0.00651328 0
 0.955842 0.0263864 0.0167828 0.000988607 0
 0.975058 0.0227948 0.00214734 0 0
 0.738997 0.206755 0.0527124 0.00153531 0
 0.850938 0.134255 0.0134407 0.00136685 0
 0.542534 0.407297 0.0501686 0 0
 0.764087 0.199537 0.0359546 0.000420521 0
 0.470689 0.182191 0.310203 0.0369168 0
 0.84361 0.089868 0.0606195 0.00523954 0.000663233
 0.607945 0.314616 0.071237 0.00620181 0
 0.523733 0.453247 0.0230204 0 0
 0.530135 0.295979 0.169645 0.0042399 0
 0.562478 0.366248 0.0663022 0.0049721 0
 0.250443 0.683176 0.0655157 0.000865301 0
ppred_RECLAS
 0.0220659 0.626144 0.310155 0.0416337 1.14429e-06
 0.062699 0.0413897 0.573627 0.284141 0.0381428
 0.0253115 0.119421 0.0377672 0.523423 0.294078
 0.234618 0.0442593 0.0883534 0.0279421 0.604828
 0.876503 0.0492414 0.00429396 0.00857189 0.0613903
 0.238084 0.712508 0.0197001 0.00171789 0.0279899
 0.737944 0.112529 0.139831 0.00386618 0.00583022
 0.61908 0.329336 0.0221505 0.0275249 0.00190867
 0.70074 0.238632 0.0524182 0.00352555 0.00468474
 0.707464 0.247264 0.0361001 0.00792981 0.00124205
 0.217291 0.6561 0.107016 0.0156241 0.00396958
 0.161515 0.322066 0.432884 0.0706074 0.0129276
 0.547588 0.136727 0.121256 0.162978 0.0314505
 0.453337 0.407428 0.0420792 0.0373178 0.0598375
 0.566136 0.303372 0.0972556 0.0100446 0.0231915
 0.536574 0.360298 0.0721105 0.0231173 0.0079001
 0.45585 0.394941 0.116005 0.0232173 0.00998664
 0.472405 0.344494 0.132894 0.0390345 0.0111728
 0.384229 0.407918 0.135718 0.0523553 0.0197798
 0.744554 0.148023 0.0711626 0.0236764 0.0125842
 0.58284 0.360646 0.0327479 0.0157437 0.00802215
 0.418994 0.431644 0.129128 0.0117252 0.00850927
 0.455656 0.327218 0.161308 0.0482558 0.00756175
 0.318806 0.436575 0.147046 0.0724888 0.0250834
 0.0102627 0.501302 0.313037 0.105436 0.069962
pobs_PELACES
 0 0 0 0 0
 0 0 0 0 0
 0 0 0 0 0
 0 0 0 0 0
 0 0 0 0 0
 0 0 0 0 0
 0 0 0 0 0
 0 0 0 0 0
 0 0 0 0 0
 0 0 0 0 0
 0.450072 0.473896 0.0757376 0.000293798 0
 0 0 0 0 0
 0.463077 0.371075 0.160297 0.00555027 0
 0.529543 0.364841 0.0842815 0.0213345 0
 0.631943 0.363953 0.00410389 0 0
 0.735681 0.248677 0.0153453 0.000297389 0
 0.695825 0.281241 0.0229344 0 0
 0.275771 0.60734 0.115278 0.00161068 0
 0 0 0 0 0
 0.896147 0.0623911 0.0374545 0.00400742 0
 0.803859 0.145111 0.0509908 3.86294e-05 0
 0.739449 0.233085 0.0266225 0.000797448 4.60066e-05
 0.878498 0.100942 0.0204185 0.000141795 0
 0.694673 0.275183 0.0284847 0.00165964 0
 0 0 0 0 0
ppred_PELACES
 0.0224024 0.625929 0.310048 0.0416194 1.14389e-06
 0.0643777 0.0413155 0.5726 0.283632 0.0380745
 0.0281772 0.11907 0.0376562 0.521884 0.293213
 0.244047 0.043714 0.0872648 0.0275978 0.597376
 0.877628 0.0487926 0.00425483 0.00849377 0.0608308
 0.261036 0.691045 0.0191066 0.00166614 0.0271467
 0.753632 0.105792 0.13146 0.00363473 0.00548118
 0.648384 0.304 0.0204464 0.0254073 0.00176184
 0.721584 0.222011 0.0487672 0.00327999 0.00435844
 0.716793 0.239378 0.0349488 0.00767691 0.00120244
 0.230618 0.644928 0.105194 0.0153581 0.00390199
 0.172257 0.31794 0.427339 0.0697029 0.012762
 0.57837 0.127424 0.113006 0.151889 0.0293106
 0.50892 0.366002 0.0378007 0.0335234 0.0537534
 0.61269 0.27082 0.08682 0.00896678 0.0207031
 0.558429 0.343306 0.0687097 0.0220271 0.00752753
 0.474888 0.381124 0.111946 0.022405 0.00963724
 0.48749 0.334644 0.129094 0.0379184 0.0108534
 0.399813 0.397594 0.132283 0.0510303 0.0192793
 0.755747 0.141537 0.0680446 0.0226391 0.0120328
 0.588227 0.355989 0.032325 0.0155404 0.00791855
 0.426065 0.42639 0.127556 0.0115825 0.0084057
 0.466144 0.320914 0.1582 0.0473261 0.00741606
 0.332153 0.428022 0.144165 0.0710686 0.024592
 0.0115246 0.500663 0.312638 0.105302 0.0698728
pobs_pel_tallas
 0 0 0 0 0 0 0 0 0 0 0 0 0 0 0 0 0 0 0 0 0 0 0 0 0 0 0 0 0 0 0 0 0 0 0 0
 0 0 0 0 0 0 0 0 0 0 0 0 0 0 0 0 0 0 0 0 0 0 0 0 0 0 0 0 0 0 0 0 0 0 0 0
 0 0 0 0 0 0 0 0 0 0 0 0 0 0 0 0 0 0 0 0 0 0 0 0 0 0 0 0 0 0 0 0 0 0 0 0
 0 0 0 0 0 0 0 0 0 0 0 0 0 0 0 0 0 0 0 0 0 0 0 0 0 0 0 0 0 0 0 0 0 0 0 0
 0 0 0 0 0 0 0 0 0 0 0 0 0 0 0 0 0 0 0 0 0 0 0 0 0 0 0 0 0 0 0 0 0 0 0 0
 0 0 0 0 0 0 0 0 0 0 0 0 0 0 0 0 0 0 0 0 0 0 0 0 0 0 0 0 0 0 0 0 0 0 0 0
 0 0 0 0 0 0 0 0 0 0 0 0 0 0 0 0 0 0 0 0 0 0 0 0 0 0 0 0 0 0 0 0 0 0 0 0
 0 0 0 0 0 0 0 0 0 0 0 0 0 0 0 0 0 0 0 0 0 0 0 0 0 0 0 0 0 0 0 0 0 0 0 0
 0 0 0 0 0 0 0 0 0 0 0 0 0 0 0 0 0 0 0 0 0 0 0 0 0 0 0 0 0 0 0 0 0 0 0 0
 0 0 0 0 0 0 0 0 0 0 0 0 0 0 0 0 0 0 0 0 0 0 0 0 0 0 0 0 0 0 0 0 0 0 0 0
 0 0 0 0 0 0 0 0 1.78061e-05 0.00172719 0.00360574 0.0105946 0.0120993 0.0124554 0.0147524 0.0171206 0.0266825 0.0428682 0.0675386 0.121331 0.153587 0.119568 0.100827 0.0573624 0.0630603 0.0341343 0.0324427 0.0444173 0.0211091 0.0280891 0.0125444 0.00206551 0 0 0 0
 0 0 0 0 0 0 0 0 0 0 0 0 0 0 0 0 0 0 0 0 0 0 0 0 0 0 0 0 0 0 0 0 0 0 0 0
 0 0 0 0 0 0 0.0133647 0.0140871 0.0187388 0.0205184 0.03894 0.0496705 0.03968 0.0493445 0.0407372 0.0367815 0.0215668 0.0243155 0.0234873 0.0199281 0.019796 0.0243948 0.0301388 0.0376714 0.0412746 0.0863199 0.0771752 0.113111 0.0741005 0.0525337 0.0229764 0.00759418 0.00175318 0 0 0
 0 0 0 0 0 0 0 0 0 0 0.00219441 0.00772107 0.0458388 0.0604681 0.0671733 0.0775358 0.0609151 0.0617685 0.073594 0.0568108 0.0755445 0.0548602 0.0670107 0.0636378 0.0643287 0.046367 0.0373049 0.0286899 0.0247887 0.0153202 0.00654259 0.00121912 0.000365735 0 0 0
 0 0 0 0 0 0 0 0 0 0 0 0 0.000112435 0.00938835 0.0111873 0.0202946 0.0414886 0.0713402 0.111592 0.104902 0.108894 0.110636 0.117776 0.105296 0.107544 0.0401394 0.0192827 0.0124803 0.00416011 0.0028671 0.000618394 0 0 0 0 0
 0 0 0 0 0 0 0 0 0 0 0.00291406 0.0102884 0.027416 0.0768956 0.0749926 0.110853 0.0956884 0.0897413 0.0766577 0.0534642 0.0500743 0.0551293 0.0594112 0.0620874 0.0668451 0.0424026 0.0208742 0.0120726 0.0048766 0.00582813 0.00118941 0.000297354 0 0 0 0
 0 0.00264628 0.0354308 0.0461629 0.0458689 0.0383711 0.0214643 0.0164657 0.0346957 0.0420465 0.0363128 0.0245516 0.0311673 0.0291091 0.0169068 0.0133784 0.00837989 0.0085269 0.0148486 0.0160247 0.0276389 0.0546898 0.0760071 0.122758 0.109233 0.0665981 0.0333725 0.0166128 0.00676272 0.00308733 0.000882094 0 0 0 0 0
 0 0 0 0 0 0 0 0.000805153 0.000690131 0.00759144 0.0133425 0.0154129 0.00931677 0.000345066 0.00356568 0.00563607 0.00851162 0.0253048 0.0502646 0.0516448 0.0657925 0.0565908 0.0611916 0.0827007 0.0866115 0.110766 0.145733 0.0935128 0.0569358 0.0249597 0.0138026 0.00621118 0.00161031 0.00115022 0 0
 0 0 0 0 0 0 0 0 0 0 0 0 0 0 0 0 0 0 0 0 0 0 0 0 0 0 0 0 0 0 0 0 0 0 0 0
 0.00147267 0.00158595 0.00478618 0.00569244 0.00954404 0.0108468 0.00647125 0.017049 0.0510054 0.094081 0.124002 0.0959785 0.0687766 0.0820023 0.061753 0.0591476 0.0492212 0.0479892 0.0443925 0.0268479 0.0217502 0.0140895 0.0121071 0.0120363 0.00920419 0.00665534 0.0049561 0.00860946 0.00930331 0.0156896 0.0114698 0.00855282 0.00243557 0.00046729 0 2.83206e-05
 0 0 0 0 0.000772559 0.00158375 0.000888443 0.00281984 0.00712685 0.0440552 0.0773331 0.111326 0.0921469 0.0852325 0.0710754 0.0886704 0.0786465 0.0553345 0.0373146 0.0185414 0.00753245 0.00457741 0.012979 0.0271748 0.0457355 0.0583668 0.034881 0.0177882 0.00938659 0.00492506 0.0015258 0.00185414 0.000309023 5.79419e-05 3.86279e-05 0
 0 0.00173294 0.00326652 0 0.00397197 0.00683976 0.00946217 0.0152591 0.00757587 0.0136028 0.0228656 0.0392903 0.0559909 0.0764795 0.0681675 0.0726916 0.0566044 0.0477403 0.0527397 0.0444891 0.0609904 0.0582453 0.0661739 0.0445044 0.0529084 0.0360697 0.0280645 0.0235558 0.0158879 0.00826598 0.00280645 0.00217768 0.000904811 0.00058276 9.20147e-05 0
 0 0 0 0 0 0 0 0 0 0 0 0 0 0 0 0 0 0 0 0 0 0 0 0 0 0 0 0 0 0 0 0 0 0 0 0
 0 0 0 0 0 0 0 0 0 0 0 0 0 0 0 0 0 0 0 0 0 0 0 0 0 0 0 0 0 0 0 0 0 0 0 0
 0 0 0 0 0 0 0 0 0 0 0 0 0 0 0 0 0 0 0 0 0 0 0 0 0 0 0 0 0 0 0 0 0 0 0 0
ppred_pel_tallas
 1.06036e-16 1.0156e-06 5.86448e-06 2.76764e-05 0.00010622 0.000330931 0.000836598 0.00171694 0.0028656 0.00390774 0.00440886 0.00426127 0.00386338 0.00389757 0.00496828 0.00744568 0.0115306 0.0173331 0.0248422 0.0338279 0.0437656 0.0538444 0.0630743 0.0704693 0.0752548 0.0770286 0.0758285 0.0720809 0.066461 0.0597155 0.0525096 0.0453387 0.0385125 0.0321915 0.0264451 0.0213024
 1.19667e-16 2.82252e-06 1.65258e-05 7.8479e-05 0.000302021 0.000941673 0.00237859 0.0048677 0.00807211 0.010851 0.0118358 0.0105064 0.00766787 0.00477913 0.00290897 0.00233863 0.00288187 0.00432962 0.00663747 0.00989441 0.0142309 0.0197436 0.0264427 0.0342143 0.0427964 0.0517732 0.0605941 0.0686196 0.0751932 0.0797288 0.0817973 0.0811959 0.0779843 0.0724739 0.0651801 0.0567402
 1.32207e-16 1.24492e-06 7.26229e-06 3.44358e-05 0.000132438 0.00041284 0.00104288 0.00213506 0.00354397 0.00477438 0.00523493 0.00471164 0.00357904 0.00250927 0.00201662 0.00228262 0.00329135 0.005015 0.00748452 0.0107653 0.0149123 0.0199413 0.0258196 0.0324675 0.0397601 0.0475228 0.0555191 0.0634335 0.0708648 0.0773389 0.0823505 0.0854307 0.0862259 0.0845674 0.0805145 0.0743561
 1.30114e-16 1.06549e-05 6.25138e-05 0.000297123 0.00114387 0.00356698 0.00900985 0.0184355 0.0305597 0.0410434 0.0446703 0.0394191 0.0282547 0.0165681 0.00819776 0.00390551 0.00257894 0.00292237 0.00419666 0.00615958 0.00880735 0.0122036 0.0164055 0.0214337 0.0272535 0.0337572 0.0407488 0.0479352 0.0549313 0.0612835 0.0665141 0.0701805 0.0719399 0.0716035 0.0691698 0.0648299
 1.03211e-16 3.82832e-05 0.000224713 0.00106823 0.00411282 0.0128255 0.0323961 0.0662854 0.109871 0.147539 0.160515 0.141497 0.101094 0.0586086 0.0277132 0.0109633 0.0041115 0.00218845 0.00217103 0.00278733 0.00361681 0.00451586 0.0054035 0.00621404 0.00689885 0.00743412 0.00782269 0.00808704 0.00825666 0.0083544 0.00838723 0.00834437 0.00820282 0.00793734 0.00753093 0.00698259
 1.01822e-16 1.1423e-05 6.6961e-05 0.000318127 0.00122451 0.00381828 0.00964538 0.0197407 0.0327412 0.0440273 0.0480599 0.042748 0.031376 0.0198754 0.0125662 0.0105036 0.0127103 0.0179003 0.0251691 0.0338401 0.0431522 0.0521308 0.0596659 0.0647183 0.0665578 0.0649436 0.0601846 0.0530531 0.0445884 0.0358535 0.0277252 0.0207711 0.0152276 0.0110597 0.00806253 0.00596276
 1.02282e-16 3.28791e-05 0.00019298 0.000917355 0.00353189 0.0110139 0.0278201 0.0569232 0.0943548 0.126711 0.137873 0.121581 0.0869601 0.0506074 0.0242957 0.0102574 0.00488682 0.00395327 0.00488165 0.00657342 0.00862552 0.0108354 0.0130241 0.0150112 0.0166359 0.0177825 0.0183946 0.0184735 0.0180644 0.0172378 0.0160728 0.0146481 0.0130404 0.0113257 0.00958079 0.00788071
 1.01345e-16 2.82976e-05 0.000166065 0.000789358 0.003039 0.00947679 0.0239378 0.0489811 0.0811962 0.109058 0.118713 0.104799 0.0752056 0.0442675 0.0221872 0.0109691 0.00758835 0.00844935 0.0113155 0.0151272 0.019319 0.0234114 0.0269087 0.0293513 0.0304123 0.0299743 0.0281569 0.0252793 0.0217764 0.0180953 0.0146056 0.0115479 0.00902616 0.00703346 0.00549542 0.00431235
 1.01082e-16 3.14862e-05 0.000184792 0.000878405 0.00338189 0.0105461 0.0266386 0.0545066 0.0903524 0.121346 0.132061 0.116519 0.0834755 0.0488532 0.0239637 0.0109888 0.00651519 0.00651114 0.00849165 0.0113317 0.0145133 0.0176629 0.0204125 0.0224196 0.0234326 0.0233481 0.0222315 0.020293 0.0178307 0.0151576 0.0125396 0.0101591 0.00810774 0.00640298 0.00501563 0.00389655
 1.00895e-16 3.1278e-05 0.000183568 0.000872583 0.00335946 0.0104762 0.026462 0.0541454 0.0897541 0.120544 0.131193 0.115762 0.0829545 0.0485908 0.0239138 0.0110975 0.0067576 0.00689192 0.00902891 0.0120396 0.0153888 0.0186776 0.0215098 0.0235189 0.0244402 0.0241722 0.0227986 0.0205612 0.0177952 0.0148499 0.0120184 0.00949801 0.00738208 0.00567903 0.00434376 0.00330877
 1.02414e-16 1.00951e-05 5.91683e-05 0.000281088 0.00108192 0.0033736 0.00852212 0.0174421 0.0289302 0.0389066 0.0424809 0.0378109 0.0278073 0.0177238 0.011396 0.00977998 0.0120391 0.0170632 0.0240719 0.0324726 0.0415794 0.050496 0.0581876 0.0636687 0.066223 0.0655712 0.0619322 0.0559498 0.0485218 0.0405846 0.032928 0.0260855 0.0203145 0.015645 0.0119639 0.00909654
 1.09162e-16 7.53772e-06 4.41828e-05 0.000209908 0.000807959 0.00251935 0.00636399 0.0130241 0.0215988 0.0290365 0.0316766 0.0281296 0.0205486 0.0128288 0.00780108 0.00614863 0.00723421 0.0102566 0.0147246 0.0203668 0.0269194 0.0340096 0.0411513 0.0478087 0.0534861 0.0578055 0.0605504 0.0616641 0.0612147 0.0593468 0.0562419 0.0520995 0.0471379 0.0415997 0.035754 0.0298825
 1.08235e-16 2.52375e-05 0.000148116 0.000704061 0.00271065 0.00845287 0.0213513 0.0436876 0.0724175 0.0972559 0.105837 0.0933639 0.0668508 0.0390522 0.0190279 0.00852239 0.00480423 0.00466218 0.00614885 0.00843624 0.0112112 0.0142942 0.0175068 0.0206598 0.0235762 0.026116 0.0281865 0.0297363 0.0307383 0.031173 0.031019 0.0302584 0.0288906 0.0269495 0.0245147 0.0217106
 1.0432e-16 2.22187e-05 0.000130371 0.000619654 0.00238558 0.0074391 0.0187908 0.0384506 0.0637436 0.0856286 0.0932409 0.0823878 0.059287 0.035228 0.0182698 0.0100464 0.00824502 0.0100897 0.0138372 0.0186153 0.0238779 0.02909 0.0336716 0.037077 0.0389115 0.0390223 0.0375296 0.0347829 0.0312615 0.0274539 0.0237562 0.0204162 0.0175295 0.0150753 0.0129699 0.0111168
 1.02597e-16 2.67399e-05 0.000156923 0.000745901 0.0028717 0.00895506 0.0226199 0.0462844 0.0767256 0.103053 0.112174 0.0990219 0.0710503 0.041803 0.0209195 0.0102936 0.00707024 0.00785973 0.0105643 0.014207 0.0182848 0.0223789 0.0260504 0.028881 0.0305548 0.030927 0.0300503 0.0281478 0.0255464 0.0225939 0.0195876 0.0167336 0.0141412 0.0118423 0.00982347 0.00805459
 1.02196e-16 2.43768e-05 0.000143043 0.000679899 0.00261754 0.00816248 0.020618 0.0421889 0.0699393 0.0939463 0.102284 0.0903455 0.0649417 0.0384441 0.0196739 0.0103981 0.00805355 0.00957629 0.0130511 0.0175423 0.0224984 0.0274029 0.0317007 0.0348664 0.0365141 0.0364843 0.0348771 0.0320137 0.0283477 0.0243537 0.0204316 0.0168518 0.0137461 0.0111345 0.0089694 0.00717705
 1.02934e-16 2.07356e-05 0.000121662 0.000578245 0.00222614 0.00694188 0.0175349 0.035881 0.0594852 0.0799123 0.0870274 0.0769236 0.0554118 0.0330401 0.0173471 0.00988014 0.0085049 0.0106515 0.0147028 0.0198375 0.0255153 0.0311837 0.0362302 0.0400662 0.0422499 0.0425831 0.0411487 0.0382725 0.0344279 0.0301179 0.025773 0.0216921 0.0180335 0.0148423 0.0120947 0.00974012
 1.03752e-16 2.12833e-05 0.000124882 0.00059356 0.00228512 0.00712583 0.0179995 0.0368312 0.0610589 0.0820216 0.0893118 0.0789125 0.0567789 0.0337239 0.0174668 0.00957381 0.00783384 0.00959754 0.0132116 0.0178645 0.0230622 0.0283214 0.0331077 0.036902 0.0393043 0.0401184 0.0393854 0.0373523 0.0343938 0.0309138 0.0272615 0.0236846 0.0203228 0.017232 0.0144205 0.0118803
 1.04662e-16 1.74627e-05 0.000102446 0.000486884 0.00187437 0.00584489 0.0147641 0.0302118 0.0500889 0.067297 0.0733087 0.0648449 0.046814 0.0281208 0.0151446 0.00922798 0.00861508 0.0111757 0.0155625 0.0210666 0.0271784 0.0333418 0.0389271 0.043323 0.0460629 0.0469249 0.0459709 0.043507 0.0399885 0.0359003 0.0316559 0.0275413 0.0237092 0.020209 0.0170332 0.0141579
 1.02353e-16 3.29726e-05 0.000193526 0.000919943 0.00354185 0.0110449 0.0278986 0.057084 0.0946221 0.127072 0.138273 0.12195 0.0872598 0.050853 0.0245455 0.0105861 0.00536665 0.00464547 0.00582916 0.00778944 0.0100795 0.0124427 0.0146454 0.0164666 0.0177323 0.0183495 0.0183208 0.0177319 0.0167203 0.0154369 0.0140128 0.0125422 0.0110811 0.00965788 0.00828778 0.0069841
 1.01479e-16 2.56766e-05 0.000150673 0.00071617 0.00275719 0.00859796 0.021718 0.0444397 0.0736703 0.0989569 0.107737 0.0951555 0.0683854 0.0404547 0.0206497 0.0108252 0.00827205 0.00975297 0.0132404 0.0177399 0.0226654 0.0274726 0.0315831 0.0344575 0.0357103 0.0352013 0.0330679 0.0296819 0.0255524 0.0212041 0.0170731 0.0134457 0.0104489 0.00807936 0.00625382 0.00485742
 1.02741e-16 1.86086e-05 0.000109171 0.000518849 0.00199743 0.00622865 0.0157334 0.0321954 0.0533776 0.0717152 0.078121 0.0691002 0.049883 0.0299576 0.0161205 0.00979882 0.00911623 0.0117945 0.0163863 0.0221215 0.0284398 0.0347306 0.040308 0.0445115 0.046846 0.0470908 0.0453428 0.0419727 0.0375195 0.0325571 0.0275785 0.022929 0.0187935 0.0152268 0.012202 0.00965764
 1.04323e-16 2.03521e-05 0.000119415 0.000567575 0.00218508 0.00681385 0.0172115 0.0352188 0.0583859 0.0784314 0.0854038 0.0754629 0.0543041 0.032269 0.0167418 0.00922488 0.00760997 0.00937158 0.0129379 0.0175427 0.0227223 0.0280205 0.0329274 0.0369404 0.0396627 0.0408832 0.0406106 0.0390462 0.0365136 0.0333696 0.0299293 0.0264238 0.0229958 0.0197206 0.0166374 0.013774
 1.05777e-16 1.45136e-05 8.51292e-05 0.000404553 0.00155736 0.00485632 0.0122671 0.025103 0.041622 0.0559305 0.0609515 0.0539729 0.0390927 0.0237382 0.0132494 0.00878947 0.00894873 0.0119954 0.0168218 0.0228106 0.0294614 0.0361905 0.0423257 0.0472113 0.0503444 0.051482 0.0506821 0.0482623 0.044697 0.040491 0.0360732 0.0317378 0.0276402 0.0238313 0.0203071 0.0170516
 1.11485e-16 5.3598e-07 3.06077e-06 1.4374e-05 5.50475e-05 0.000171386 0.000433453 0.000891129 0.00149333 0.00205454 0.00236513 0.00239422 0.00238675 0.00275391 0.0038891 0.00608428 0.00955178 0.0144438 0.020809 0.0285142 0.0371868 0.0462199 0.0548517 0.0623028 0.0679334 0.071365 0.0725336 0.0716522 0.0691113 0.065354 0.0607738 0.0556633 0.0502169 0.0445668 0.0388285 0.0331311
pSPR Fmed_Fpbrs
0.509154   0.254687 0.254687
Fs Fmed_Fpbrs
0.388793   1.005 1.005
SSBpbr Bo_Bmed_Bpbrs
1.06732e+06  490063  218466 218466
Ro
18033.7
SPR SPRFo_SPRFmed_SPRFpbrs
371667 189236 94658.8
log_Ro
9.62
likeval ReclasPelacesDesembMPH_pf_preclas_ppelaces_ptallas_desvR_qrecl_qpela
 102.886 116.085 0.127893 0.000574192 380.291 217.621 76.8397 0 69.2202 0 0 0 0 0 0
q_reclas_q_pelaces
1 1
M
0.7
N
 4490.37 65221.2 32306.8 4336.7 0.119193
 6176.47 2127.68 29487.9 14606.6 1960.77
 1010.09 2815.81 890.51 12341.7 6934.03
 3520.69 359.193 717.045 226.768 4908.57
 52364.2 1494.34 130.31 260.134 1863.03
 13982.1 25193.6 696.576 60.7431 989.696
 55400.3 4788.36 5950.16 164.516 248.09
 66466.6 21407.9 1439.86 1789.21 124.07
 113356 22510.2 4944.63 332.566 441.913
 221041 41385.6 6042.22 1327.24 207.886
 56389.8 95624.8 15597.3 2277.18 578.556
 19801.4 22194.8 29831.8 4865.84 890.893
 51553.4 7780.07 6899.72 9273.82 1789.6
 27815.1 17520.3 1809.5 1604.74 2573.14
 19599.2 7029.94 2253.67 232.759 537.409
 14151.2 5430.68 1086.9 348.441 119.076
 11056.8 5378.57 1579.83 316.189 136.005
 10896.8 4354.2 1679.7 493.374 141.218
 7687.19 4505.54 1499.03 578.276 218.473
 28774.3 3131.16 1505.32 500.835 266.198
 37264 11923.4 1082.68 520.505 265.221
 32144.8 17300.9 5175.62 469.964 341.063
 38196 14620.6 7207.46 2156.14 337.87
 22230.5 16690.1 5621.49 2771.21 958.926
 314.753 9181.89 5733.61 1931.18 1281.43
pred_Ctot
 148.364 4222.57 2091.62 280.768 0.00771681
 365.789 242.882 3366.15 1667.39 223.829
 210.222 1024.73 324.075 4491.42 2523.44
 371.166 70.868 141.471 44.7408 968.45
 1174.71 66.1234 5.76612 11.5107 82.4375
 3188.03 9909.56 273.989 23.8924 389.283
 8967.04 1397.89 1737.06 48.0277 72.426
 15537.9 8599.34 578.375 718.705 49.8376
 21971 7703.09 1692.07 113.806 151.225
 20643 7289.46 1064.25 233.774 36.6161
 8523.88 26255.9 4282.59 625.249 158.855
 3013.61 6131.5 8241.27 1344.23 246.116
 11959.5 3105.06 2753.71 3701.22 714.236
 10206.7 10055.7 1038.55 921.032 1476.84
 6440.77 3714.61 1190.84 122.99 283.967
 2424.66 1667.73 333.782 107.004 36.5677
 1667.93 1474.09 432.979 86.6569 37.2744
 1325.5 980.858 378.382 111.141 31.8117
 1005.15 1084.54 360.837 139.199 52.5893
 3461.72 698.213 335.67 111.68 59.359
 1750.26 1087.84 98.7795 47.4888 24.1977
 1953.47 2024.59 605.663 54.9963 39.912
 3322.75 2408.65 1187.38 355.21 55.6618
 2718.74 3778.4 1272.63 627.363 217.087
 69.0848 3496.88 2183.62 735.48 488.027
F
 0.0469016 0.0938031 0.0938031 0.0938031 0.0938031
 0.0854969 0.170994 0.170994 0.170994 0.170994
 0.333934 0.667867 0.667867 0.667867 0.667867
 0.156971 0.313943 0.313943 0.313943 0.313943
 0.0316319 0.0632637 0.0632637 0.0632637 0.0632637
 0.371586 0.743172 0.743172 0.743172 0.743172
 0.250823 0.501646 0.501646 0.501646 0.501646
 0.38273 0.765459 0.765459 0.765459 0.765459
 0.307599 0.615199 0.615199 0.615199 0.615199
 0.137918 0.275835 0.275835 0.275835 0.275835
 0.232429 0.464858 0.464858 0.464858 0.464858
 0.23419 0.468379 0.468379 0.468379 0.468379
 0.379259 0.758517 0.758517 0.758517 0.758517
 0.6754 1.3508 1.3508 1.3508 1.3508
 0.583423 1.16685 1.16685 1.16685 1.16685
 0.267374 0.534747 0.534747 0.534747 0.534747
 0.231903 0.463805 0.463805 0.463805 0.463805
 0.183161 0.366321 0.366321 0.366321 0.366321
 0.19815 0.3963 0.3963 0.3963 0.3963
 0.180982 0.361964 0.361964 0.361964 0.361964
 0.0672704 0.134541 0.134541 0.134541 0.134541
 0.0878202 0.17564 0.17564 0.17564 0.17564
 0.127916 0.255833 0.255833 0.255833 0.255833
 0.184234 0.368467 0.368467 0.368467 0.368467
 0.355305 0.710609 0.710609 0.710609 0.710609
nmprior
 10 11 7 0
nm_flota  nm_reclas  nm_pelaces    nm_pelaL
inf 11.2402 9.16269 14.2701
cv_recla  cv_pelaces  cv_mph
0.917494 1.2678 0.77744
 ------------------------------------------------
Talla a la edad & desviación 
 7.2 14.2025 17.0495 18.207 18.6776
 1.08 2.13037 2.55742 2.73105 2.80164
