years
 1997 1998 1999 2000 2001 2002 2003 2004 2005 2006 2007 2008 2009 2010 2011 2012 2013 2014 2015 2016 2017 2018 2019 2020 2021
reclasobs
 0 0 0 370054 412103 1.49427e+06 250295 1.28982e+06 931140 785840 897777 1.04006e+06 184774 17550 25797 100020 73551 82996 120727 218422 84188 347160 605670 569463 516374
reclaspred
 375393 96674.5 263439 199960 324796 383885 857138 594337 707295 698161 562513 378172 232949 106329 73287.6 74309.7 92097.9 122839 125820 187787 280302 253876 420950 500114 488963
pelacesobs
 0 0 0 0 0 0 0 0 0 2.06254e+06 1.5e+06 0 1.87456e+06 323000 250000 174000 83755 137374 0 501740 490994 745055 786931 1.00524e+06 0
pelacespred
 864776 198828 337587 388249 546178 536723 1.4002e+06 1.1701e+06 1.25561e+06 1.24338e+06 905037 630080 387233 145975 99102.4 108021 140081 189691 200232 289804 481525 427250 560110 782341 798547
mphobs
 0 0 0 0 0 112323 0 153150 637223 0 255016 313432 73983 77613 109348 50772 0 0 0 0 0 0 0 0 0
mphpred
 142322 78861.7 89278.3 98527.9 116497 197526 292454 350898 313438 341261 347779 248282 152428 80353.4 37772.8 32184 39050.7 53166.3 64328.1 72318.5 114169 137920 169477 227377 304265
desembarqueobs
 350755 77701 442110 56441 14545 235359 269955 359681 431902 328805 639364 411747 362871 311530 167758 66681 60226 58785 57116 71774 51957 67425 138520 160799 200461
desembarquepred
 350754 77695.4 442036 56440.8 14545 235389 269978 359647 431885 328787 639417 411897 363065 311825 167743 66685.4 60241.6 58782.9 57109.2 71767.9 51955.9 67416.3 138513 160797 200460
Reclutas
 40228.5 53125.4 28719.8 53097.2 93206.7 62450.1 106522 107998 142849 154780 67858.7 38970.9 43343.7 23090.1 17428.5 20827.5 16547.8 17944.7 19601.4 39629.2 49116.2 59813.4 88430.2 100809 23878.2
log_desv_Rt
 -0.15767 0.12041 -0.494657 0.11988 0.682575 0.282124 0.816108 0.829869 1.10954 1.18976 0.365182 -0.18943 -0.0830832 -0.71284 -0.994139 -0.81597 -1.04599 -0.964949 -0.876642 -0.172679 0.041944 0.238985 0.629968 0.760982 -0.67928
SSB
 608887 337389 381953 421525 498401 845062 1.25119e+06 1.50122e+06 1.34096e+06 1.45999e+06 1.48788e+06 1.06221e+06 652124 343770 161601 137691 167068 227458 275210 309395 488441 590052 725063 972772 1.30172e+06
BT
 1.82525e+06 489321 846662 755145 989432 1.14596e+06 2.6922e+06 2.50162e+06 2.64311e+06 2.54161e+06 2.19426e+06 1.50605e+06 1.05071e+06 561538 319803 248502 300114 386791 407953 577603 904409 828512 1.0988e+06 1.5347e+06 1.598e+06
Ftot
 0.496602 0.471158 0.763103 0.156611 0.0270366 0.249961 0.160378 0.307909 0.330881 0.241488 0.457772 0.420256 0.67596 1.1961 1.16434 0.466303 0.334962 0.231812 0.201934 0.209693 0.0947295 0.119959 0.147189 0.152858 0.145535
BD_Bspro_t
 0.937715 0.708796 0.644643 0.48853 0.654367 0.806166 0.767867 0.778137 0.730377 0.708273 0.688893 0.539982 0.425136 0.315033 0.197523 0.20804 0.313047 0.468192 0.572672 0.654617 0.766733 0.837211 0.84025 0.836595 0.824453
BD_Bspro
 0.627278 0.347579 0.39349 0.434257 0.513455 0.870587 1.28898 1.54657 1.38146 1.50409 1.53282 1.09429 0.671821 0.354154 0.166482 0.141849 0.172114 0.234328 0.283523 0.31874 0.503193 0.607874 0.746963 1.00215 1.34103
BD_Bo
 0.527606 0.29235 0.330966 0.365255 0.431869 0.732254 1.08416 1.30082 1.16195 1.2651 1.28926 0.920414 0.565071 0.29788 0.140029 0.11931 0.144766 0.197094 0.238472 0.268094 0.423238 0.511285 0.628273 0.842916 1.12795
BD_Brms
 1.82409 1.01074 1.14425 1.2628 1.4931 2.53162 3.74829 4.49733 4.01722 4.37382 4.45737 3.18215 1.95362 1.02986 0.484121 0.412491 0.500499 0.681414 0.82447 0.926881 1.46326 1.76767 2.17213 2.91421 3.89966
S_f
 0.177906 1 1 1 1
 0.177906 1 1 1 1
 0.177906 1 1 1 1
 0.177906 1 1 1 1
 0.177906 1 1 1 1
 0.177906 1 1 1 1
 0.177906 1 1 1 1
 0.177906 1 1 1 1
 0.177906 1 1 1 1
 0.177906 1 1 1 1
 0.177906 1 1 1 1
 0.177906 1 1 1 1
 0.177906 1 1 1 1
 0.177906 1 1 1 1
 0.177906 1 1 1 1
 0.177906 1 1 1 1
 0.177906 1 1 1 1
 0.177906 1 1 1 1
 0.177906 1 1 1 1
 0.177906 1 1 1 1
 0.177906 1 1 1 1
 0.177906 1 1 1 1
 0.177906 1 1 1 1
 0.177906 1 1 1 1
 0.177906 1 1 1 1
Scru_reclas
 1 1 1 1 1
 1 1 1 1 1
 1 1 1 1 1
 1 1 1 1 1
 1 1 1 1 1
 1 1 1 1 1
 1 1 1 1 1
 1 1 1 1 1
 1 1 1 1 1
 1 1 1 1 1
 1 1 1 1 1
 1 1 1 1 1
 1 1 1 1 1
 1 1 1 1 1
 1 1 1 1 1
 1 1 1 1 1
 1 1 1 1 1
 1 1 1 1 1
 1 1 1 1 1
 1 1 1 1 1
 1 1 1 1 1
 1 1 1 1 1
 1 1 1 1 1
 1 1 1 1 1
 1 1 1 1 1
Scru_pelaces
 1 1 1 1 1
 1 1 1 1 1
 1 1 1 1 1
 1 1 1 1 1
 1 1 1 1 1
 1 1 1 1 1
 1 1 1 1 1
 1 1 1 1 1
 1 1 1 1 1
 1 1 1 1 1
 1 1 1 1 1
 1 1 1 1 1
 1 1 1 1 1
 1 1 1 1 1
 1 1 1 1 1
 1 1 1 1 1
 1 1 1 1 1
 1 1 1 1 1
 1 1 1 1 1
 1 1 1 1 1
 1 1 1 1 1
 1 1 1 1 1
 1 1 1 1 1
 1 1 1 1 1
 1 1 1 1 1
pf_obs 
 0.256992 0.487395 0.22802 0.0275931 0
 0.321318 0.546541 0.124235 0.00734118 0.000564706
 0.182869 0.594174 0.210203 0.0122559 0.00049798
 0.330522 0.361315 0.267642 0.0388342 0.00168674
 0.649043 0.306663 0.0425973 0.00169635 0
 0.582887 0.30429 0.105238 0.00758474 0
 0.465427 0.430635 0.0974691 0.00646863 0
 0.296916 0.608066 0.0921331 0.00288517 0
 0.311714 0.524322 0.152257 0.0117073 0
 0.15457 0.633149 0.183074 0.0267441 0.00246327
 0.131901 0.49318 0.331252 0.0422183 0.00144891
 0.196976 0.569456 0.194076 0.0375587 0.00193317
 0.518974 0.381816 0.0799577 0.0180837 0.00116848
 0.0928022 0.601141 0.25162 0.0475244 0.00691264
 0.122501 0.610282 0.24278 0.0234846 0.000952079
 0.383417 0.481906 0.127806 0.00687128 0
 0.0376549 0.599619 0.316969 0.0457579 0
 0.0361596 0.667082 0.258105 0.0386534 0
 0.158088 0.579412 0.248529 0.0139706 0
 0.0477256 0.309471 0.559284 0.082774 0.000745712
 0.0406174 0.521527 0.379366 0.0568643 0.0016247
 0.151134 0.462217 0.34131 0.0453401 0
 0.294876 0.26143 0.354403 0.0886775 0.000613685
 0.281977 0.475581 0.204845 0.0348837 0.00271318
 0 0 0 0 0
pf_pred 
 0.295 0.493529 0.188708 0.0227516 1.07478e-05
 0.312893 0.514556 0.120793 0.0461872 0.00557118
 0.171592 0.631382 0.147547 0.0346371 0.0148415
 0.335116 0.41768 0.18841 0.0440293 0.0147648
 0.329607 0.50474 0.104063 0.0469414 0.0146483
 0.162563 0.616953 0.166003 0.0342252 0.0202562
 0.271512 0.401322 0.241028 0.0648535 0.0212845
 0.223959 0.537782 0.131256 0.0788307 0.0281723
 0.268259 0.477233 0.17637 0.0430465 0.0350924
 0.24064 0.536582 0.145293 0.0536955 0.0237893
 0.11342 0.590503 0.209215 0.0566502 0.0302116
 0.108676 0.420801 0.31339 0.111034 0.046099
 0.197252 0.3657 0.206334 0.153666 0.0770478
 0.171466 0.544465 0.12941 0.0730154 0.0816428
 0.248095 0.511326 0.158095 0.0375766 0.0449077
 0.32241 0.521117 0.106408 0.0328999 0.0171652
 0.21114 0.607111 0.139778 0.0285416 0.0134289
 0.222143 0.496226 0.216745 0.0499022 0.0149839
 0.2194 0.500721 0.178546 0.0779865 0.0233465
 0.339159 0.419299 0.154939 0.0552475 0.0313556
 0.266235 0.558285 0.111341 0.0411424 0.0229966
 0.239693 0.517458 0.184772 0.0368497 0.0212276
 0.271055 0.475252 0.172662 0.0616533 0.0193788
 0.234328 0.529206 0.154169 0.0560105 0.0262864
 0.0562409 0.61225 0.229127 0.0667497 0.0356316
pobs_RECLAS
 0 0 0 0 0
 0 0 0 0 0
 0 0 0 0 0
 0 0 0 0 0
 0.835266 0.146461 0.0176864 0.000547809 3.91292e-05
 0.385257 0.428462 0.181853 0.0044286 0
 0.867414 0.0963971 0.0333333 0.00285562 0
 0.441836 0.489002 0.0689373 0.000224442 0
 0.779404 0.147425 0.0564933 0.0165055 0.000172143
 0.814271 0.122319 0.05973 0.00367925 0
 0.40263 0.566651 0.0304383 0.000280538 0
 0.475488 0.404961 0.113038 0.00651328 0
 0.955842 0.0263864 0.0167828 0.000988607 0
 0.975058 0.0227948 0.00214734 0 0
 0.738997 0.206755 0.0527124 0.00153531 0
 0.850938 0.134255 0.0134407 0.00136685 0
 0.542534 0.407297 0.0501686 0 0
 0.764087 0.199537 0.0359546 0.000420521 0
 0.470689 0.182191 0.310203 0.0369168 0
 0.84361 0.089868 0.0606195 0.00523954 0.000663233
 0.607945 0.314616 0.071237 0.00620181 0
 0.523733 0.453247 0.0230204 0 0
 0.530135 0.295979 0.169645 0.0042399 0
 0.562478 0.366248 0.0663022 0.0049721 0
 0.250443 0.683176 0.0655157 0.000865301 0
ppred_RECLAS
 0.708576 0.204009 0.0780059 0.00940475 4.44278e-06
 0.725301 0.205715 0.0482921 0.0184652 0.0022273
 0.552513 0.341058 0.0797015 0.0187101 0.00801705
 0.740732 0.162872 0.0734695 0.017169 0.00575747
 0.734554 0.199855 0.0412044 0.0185868 0.00580008
 0.525366 0.34967 0.0940857 0.0193978 0.0114806
 0.67878 0.176959 0.106279 0.0285966 0.00938522
 0.622954 0.261286 0.0637721 0.0383006 0.0136877
 0.67766 0.210227 0.0776928 0.0189625 0.0154586
 0.643616 0.251829 0.0681891 0.0252005 0.0111648
 0.425594 0.382581 0.135548 0.036703 0.0195737
 0.413146 0.277058 0.206338 0.0731054 0.0303519
 0.59212 0.185814 0.104839 0.0780785 0.0391483
 0.565202 0.285724 0.067912 0.038317 0.0428445
 0.673595 0.221968 0.0686297 0.0163121 0.0194946
 0.733884 0.204663 0.0417907 0.0129211 0.00674145
 0.605574 0.303552 0.0698883 0.0142707 0.00671436
 0.61926 0.242889 0.106091 0.0244258 0.00733422
 0.615038 0.246937 0.0880519 0.03846 0.0115136
 0.744816 0.161912 0.0598296 0.0213338 0.012108
 0.672067 0.249508 0.0497602 0.0183873 0.0102776
 0.640701 0.244535 0.0873178 0.0174141 0.0100316
 0.678104 0.209867 0.0762458 0.0272256 0.00855752
 0.634288 0.252768 0.0736367 0.0267526 0.0125553
 0.252377 0.48501 0.181509 0.0528775 0.0282265
pobs_PELACES
 0 0 0 0 0
 0 0 0 0 0
 0 0 0 0 0
 0 0 0 0 0
 0 0 0 0 0
 0 0 0 0 0
 0 0 0 0 0
 0 0 0 0 0
 0 0 0 0 0
 0 0 0 0 0
 0.450072 0.473896 0.0757376 0.000293798 0
 0 0 0 0 0
 0.463077 0.371075 0.160297 0.00555027 0
 0.529543 0.364841 0.0842815 0.0213345 0
 0.631943 0.363953 0.00410389 0 0
 0.735681 0.248677 0.0153453 0.000297389 0
 0.695825 0.281241 0.0229344 0 0
 0.275771 0.60734 0.115278 0.00161068 0
 0 0 0 0 0
 0.896147 0.0623911 0.0374545 0.00400742 0
 0.803859 0.145111 0.0509908 3.86294e-05 0
 0.739449 0.233085 0.0266225 0.000797448 4.60066e-05
 0.878498 0.100942 0.0204185 0.000141795 0
 0.694673 0.275183 0.0284847 0.00165964 0
 0 0 0 0 0
ppred_PELACES
 0.735596 0.185094 0.0707734 0.00853277 4.03086e-06
 0.750022 0.187201 0.0439461 0.0168035 0.00202686
 0.60297 0.302602 0.0707147 0.0166005 0.00711309
 0.748808 0.157799 0.071181 0.0166342 0.00557814
 0.735981 0.19878 0.0409828 0.0184868 0.00576888
 0.54224 0.337239 0.0907409 0.0187082 0.0110724
 0.688192 0.171774 0.103165 0.0277587 0.00911023
 0.642364 0.247835 0.0604892 0.0363289 0.0129831
 0.696947 0.197647 0.073044 0.0178279 0.0145336
 0.658498 0.241314 0.0653417 0.0241481 0.0106986
 0.456198 0.362198 0.128326 0.0347476 0.0185309
 0.441035 0.263892 0.196532 0.0696313 0.0289095
 0.635554 0.166027 0.0936751 0.0697641 0.0349795
 0.642629 0.234844 0.0558185 0.0314937 0.0352149
 0.738921 0.177545 0.0548944 0.0130475 0.015593
 0.757849 0.186232 0.0380272 0.0117575 0.00613435
 0.627059 0.287018 0.0660815 0.0134933 0.00634863
 0.633972 0.233503 0.101991 0.023482 0.00705081
 0.627924 0.238671 0.0851045 0.0371726 0.0111282
 0.755477 0.155148 0.05733 0.0204426 0.0116021
 0.677706 0.245218 0.0489046 0.0180711 0.0101009
 0.648158 0.23946 0.0855056 0.0170527 0.00982338
 0.686757 0.204225 0.0741962 0.0264937 0.00832747
 0.643852 0.246157 0.0717108 0.0260529 0.012227
 0.259899 0.48013 0.179683 0.0523455 0.0279425
pobs_pel_tallas
 0 0 0 0 0 0 0 0 0 0 0 0 0 0 0 0 0 0 0 0 0 0 0 0 0 0 0 0 0 0 0 0 0 0 0 0
 0 0 0 0 0 0 0 0 0 0 0 0 0 0 0 0 0 0 0 0 0 0 0 0 0 0 0 0 0 0 0 0 0 0 0 0
 0 0 0 0 0 0 0 0 0 0 0 0 0 0 0 0 0 0 0 0 0 0 0 0 0 0 0 0 0 0 0 0 0 0 0 0
 0 0 0 0 0 0 0 0 0 0 0 0 0 0 0 0 0 0 0 0 0 0 0 0 0 0 0 0 0 0 0 0 0 0 0 0
 0 0 0 0 0 0 0 0 0 0 0 0 0 0 0 0 0 0 0 0 0 0 0 0 0 0 0 0 0 0 0 0 0 0 0 0
 0 0 0 0 0 0 0 0 0 0 0 0 0 0 0 0 0 0 0 0 0 0 0 0 0 0 0 0 0 0 0 0 0 0 0 0
 0 0 0 0 0 0 0 0 0 0 0 0 0 0 0 0 0 0 0 0 0 0 0 0 0 0 0 0 0 0 0 0 0 0 0 0
 0 0 0 0 0 0 0 0 0 0 0 0 0 0 0 0 0 0 0 0 0 0 0 0 0 0 0 0 0 0 0 0 0 0 0 0
 0 0 0 0 0 0 0 0 0 0 0 0 0 0 0 0 0 0 0 0 0 0 0 0 0 0 0 0 0 0 0 0 0 0 0 0
 0 0 0 0 0 0 0 0 0 0 0 0 0 0 0 0 0 0 0 0 0 0 0 0 0 0 0 0 0 0 0 0 0 0 0 0
 0 0 0 0 0 0 0 0 1.78061e-05 0.00172719 0.00360574 0.0105946 0.0120993 0.0124554 0.0147524 0.0171206 0.0266825 0.0428682 0.0675386 0.121331 0.153587 0.119568 0.100827 0.0573624 0.0630603 0.0341343 0.0324427 0.0444173 0.0211091 0.0280891 0.0125444 0.00206551 0 0 0 0
 0 0 0 0 0 0 0 0 0 0 0 0 0 0 0 0 0 0 0 0 0 0 0 0 0 0 0 0 0 0 0 0 0 0 0 0
 0 0 0 0 0 0 0.0133647 0.0140871 0.0187388 0.0205184 0.03894 0.0496705 0.03968 0.0493445 0.0407372 0.0367815 0.0215668 0.0243155 0.0234873 0.0199281 0.019796 0.0243948 0.0301388 0.0376714 0.0412746 0.0863199 0.0771752 0.113111 0.0741005 0.0525337 0.0229764 0.00759418 0.00175318 0 0 0
 0 0 0 0 0 0 0 0 0 0 0.00219441 0.00772107 0.0458388 0.0604681 0.0671733 0.0775358 0.0609151 0.0617685 0.073594 0.0568108 0.0755445 0.0548602 0.0670107 0.0636378 0.0643287 0.046367 0.0373049 0.0286899 0.0247887 0.0153202 0.00654259 0.00121912 0.000365735 0 0 0
 0 0 0 0 0 0 0 0 0 0 0 0 0.000112435 0.00938835 0.0111873 0.0202946 0.0414886 0.0713402 0.111592 0.104902 0.108894 0.110636 0.117776 0.105296 0.107544 0.0401394 0.0192827 0.0124803 0.00416011 0.0028671 0.000618394 0 0 0 0 0
 0 0 0 0 0 0 0 0 0 0 0.00291406 0.0102884 0.027416 0.0768956 0.0749926 0.110853 0.0956884 0.0897413 0.0766577 0.0534642 0.0500743 0.0551293 0.0594112 0.0620874 0.0668451 0.0424026 0.0208742 0.0120726 0.0048766 0.00582813 0.00118941 0.000297354 0 0 0 0
 0 0.00264628 0.0354308 0.0461629 0.0458689 0.0383711 0.0214643 0.0164657 0.0346957 0.0420465 0.0363128 0.0245516 0.0311673 0.0291091 0.0169068 0.0133784 0.00837989 0.0085269 0.0148486 0.0160247 0.0276389 0.0546898 0.0760071 0.122758 0.109233 0.0665981 0.0333725 0.0166128 0.00676272 0.00308733 0.000882094 0 0 0 0 0
 0 0 0 0 0 0 0 0.000805153 0.000690131 0.00759144 0.0133425 0.0154129 0.00931677 0.000345066 0.00356568 0.00563607 0.00851162 0.0253048 0.0502646 0.0516448 0.0657925 0.0565908 0.0611916 0.0827007 0.0866115 0.110766 0.145733 0.0935128 0.0569358 0.0249597 0.0138026 0.00621118 0.00161031 0.00115022 0 0
 0 0 0 0 0 0 0 0 0 0 0 0 0 0 0 0 0 0 0 0 0 0 0 0 0 0 0 0 0 0 0 0 0 0 0 0
 0.00147267 0.00158595 0.00478618 0.00569244 0.00954404 0.0108468 0.00647125 0.017049 0.0510054 0.094081 0.124002 0.0959785 0.0687766 0.0820023 0.061753 0.0591476 0.0492212 0.0479892 0.0443925 0.0268479 0.0217502 0.0140895 0.0121071 0.0120363 0.00920419 0.00665534 0.0049561 0.00860946 0.00930331 0.0156896 0.0114698 0.00855282 0.00243557 0.00046729 0 2.83206e-05
 0 0 0 0 0.000772559 0.00158375 0.000888443 0.00281984 0.00712685 0.0440552 0.0773331 0.111326 0.0921469 0.0852325 0.0710754 0.0886704 0.0786465 0.0553345 0.0373146 0.0185414 0.00753245 0.00457741 0.012979 0.0271748 0.0457355 0.0583668 0.034881 0.0177882 0.00938659 0.00492506 0.0015258 0.00185414 0.000309023 5.79419e-05 3.86279e-05 0
 0 0.00173294 0.00326652 0 0.00397197 0.00683976 0.00946217 0.0152591 0.00757587 0.0136028 0.0228656 0.0392903 0.0559909 0.0764795 0.0681675 0.0726916 0.0566044 0.0477403 0.0527397 0.0444891 0.0609904 0.0582453 0.0661739 0.0445044 0.0529084 0.0360697 0.0280645 0.0235558 0.0158879 0.00826598 0.00280645 0.00217768 0.000904811 0.00058276 9.20147e-05 0
 0 0 0 0 0 0 0 0 0 0 0 0 0 0 0 0 0 0 0 0 0 0 0 0 0 0 0 0 0 0 0 0 0 0 0 0
 0 0 0 0 0 0 0 0 0 0 0 0 0 0 0 0 0 0 0 0 0 0 0 0 0 0 0 0 0 0 0 0 0 0 0 0
 0 0 0 0 0 0 0 0 0 0 0 0 0 0 0 0 0 0 0 0 0 0 0 0 0 0 0 0 0 0 0 0 0 0 0 0
ppred_pel_tallas
 1.01359e-16 3.20957e-05 0.000188374 0.000895441 0.00344749 0.0107507 0.0271554 0.0555636 0.0921034 0.123694 0.134608 0.118744 0.0850225 0.0496638 0.0241857 0.0107964 0.00600262 0.00568686 0.00732148 0.0097835 0.0125889 0.0154176 0.0179613 0.0199294 0.0211005 0.0213691 0.0207644 0.0194332 0.017596 0.0154909 0.0133262 0.0112514 0.00935292 0.00766526 0.00619078 0.00491749
 1.01358e-16 3.27248e-05 0.000192067 0.000912999 0.00351509 0.0109615 0.0276879 0.0566531 0.0939093 0.126119 0.137246 0.121068 0.0866813 0.0506216 0.0246304 0.0109566 0.00603443 0.00566103 0.00725443 0.00966537 0.0123976 0.0151245 0.0175354 0.0193418 0.0203304 0.0204095 0.0196273 0.0181513 0.016221 0.0140884 0.0119669 0.0100021 0.00826716 0.00677752 0.00551371 0.00444314
 1.02006e-16 2.63173e-05 0.000154439 0.000734087 0.00282619 0.00881316 0.0222615 0.0455513 0.0755114 0.101425 0.11041 0.0974841 0.0699885 0.0412619 0.0208031 0.0104899 0.00752493 0.00857933 0.0115842 0.0155573 0.0199652 0.0243423 0.0281969 0.0310638 0.0325991 0.0326565 0.0313171 0.0288564 0.0256672 0.0221628 0.0186935 0.0154986 0.0126986 0.0103179 0.00832247 0.00665505
 1.01895e-16 3.26707e-05 0.000191752 0.000911507 0.00350936 0.0109436 0.0276427 0.0565605 0.0937549 0.125909 0.137011 0.120847 0.086492 0.0504484 0.0244302 0.0106729 0.00560848 0.00503842 0.00639194 0.00854193 0.0110274 0.0135675 0.0159006 0.0177786 0.0190091 0.0194933 0.0192428 0.0183655 0.0170297 0.0154195 0.0136962 0.0119763 0.0103297 0.00878927 0.00736714 0.00606841
 1.01552e-16 3.2113e-05 0.000188474 0.000895916 0.00344931 0.0107564 0.0271697 0.0555931 0.0921526 0.123761 0.134683 0.118816 0.0850878 0.0497284 0.0242658 0.0109131 0.00617788 0.00594034 0.00766697 0.0102237 0.0131101 0.0159855 0.0185221 0.0204151 0.0214405 0.0215042 0.0206606 0.0190908 0.0170514 0.0148107 0.0125942 0.0105535 0.00876188 0.00723048 0.00593364 0.00483269
 1.02559e-16 2.36707e-05 0.000138898 0.000660193 0.00254167 0.00792588 0.0200204 0.0409661 0.0679124 0.0912242 0.099322 0.087733 0.0630723 0.0373549 0.0191491 0.0101752 0.00794924 0.00950188 0.0129788 0.0174758 0.022459 0.0274259 0.031832 0.0351579 0.037016 0.037236 0.0358977 0.0332963 0.0298572 0.0260302 0.0221984 0.0186255 0.0154475 0.0126981 0.010349 0.00834784
 1.029e-16 3.00282e-05 0.000176237 0.000837742 0.00322534 0.0100579 0.0254055 0.0519831 0.0861685 0.115724 0.125936 0.111096 0.0795531 0.0464823 0.0226625 0.0101647 0.0057278 0.00550943 0.00715757 0.00963657 0.0125094 0.0154905 0.0183007 0.0206678 0.0223727 0.0232904 0.0234087 0.0228155 0.0216632 0.0201243 0.0183539 0.0164696 0.0145497 0.0126439 0.0107885 0.00901712
 1.02795e-16 2.80328e-05 0.000164516 0.000782003 0.00301071 0.00938856 0.0237149 0.0485246 0.080438 0.108035 0.117589 0.10378 0.074417 0.0436884 0.0216857 0.010377 0.00675086 0.00724022 0.00964243 0.0129456 0.0166538 0.0203771 0.0237157 0.0262916 0.0278221 0.0281814 0.0274236 0.0257562 0.0234778 0.0209016 0.0182898 0.0158179 0.0135709 0.0115648 0.00977726 0.00817592
 1.02394e-16 3.04109e-05 0.000178482 0.00084841 0.0032664 0.010186 0.025729 0.0526452 0.0872665 0.1172 0.127547 0.112529 0.0806024 0.0471427 0.0230717 0.0104934 0.00610989 0.00603011 0.00786368 0.0105424 0.013593 0.0166875 0.0195031 0.0217334 0.023144 0.0236212 0.0231916 0.0220034 0.0202788 0.0182564 0.0161409 0.0140753 0.0121381 0.0103575 0.00873399 0.00725948
 1.02336e-16 2.87361e-05 0.000168645 0.000801637 0.0030863 0.0096243 0.0243103 0.0497429 0.0824571 0.110746 0.120536 0.106374 0.0762605 0.0447377 0.0221452 0.0104944 0.00669218 0.00707703 0.00938954 0.012596 0.0161975 0.019809 0.0230384 0.0255149 0.0269608 0.027252 0.0264405 0.02473 0.0224149 0.0198062 0.0171671 0.014677 0.012427 0.0104391 0.00869484 0.00716294
 1.04e-16 1.99199e-05 0.000116875 0.000555489 0.00213853 0.00666868 0.0168448 0.0344689 0.0571441 0.0767673 0.0836023 0.0738962 0.0532312 0.0317405 0.0166668 0.0094983 0.00818779 0.0102719 0.0142052 0.0192096 0.0247793 0.0303972 0.035486 0.0394861 0.0419699 0.0427325 0.0418282 0.0395353 0.0362697 0.0324763 0.0285375 0.0247204 0.021171 0.0179406 0.0150268 0.0124091
 1.0662e-16 1.92549e-05 0.000112979 0.000536989 0.00206733 0.00644667 0.016284 0.0333206 0.0552381 0.0742002 0.080789 0.0713678 0.0513194 0.0304203 0.015647 0.00841119 0.00671199 0.00816291 0.0112948 0.0154206 0.0201595 0.0251526 0.0299919 0.0342606 0.0376086 0.0398149 0.0408171 0.0406944 0.03962 0.0377998 0.0354238 0.0326418 0.0295657 0.0262868 0.0228961 0.0194952
 1.05416e-16 2.77326e-05 0.000162761 0.000773676 0.00297867 0.00928868 0.0234625 0.0480076 0.0795788 0.106875 0.116309 0.10261 0.0734907 0.0429691 0.0210048 0.00951737 0.00550358 0.00542477 0.00711886 0.00963872 0.0125882 0.0157087 0.0187439 0.021441 0.0235917 0.0250697 0.0258457 0.0259745 0.0255619 0.024725 0.0235612 0.0221359 0.0204879 0.0186452 0.016643 0.0145341
 1.03597e-16 2.80438e-05 0.000164582 0.00078232 0.00301193 0.00939238 0.0237245 0.0485442 0.0804701 0.108077 0.117631 0.103811 0.0744232 0.0436604 0.0216133 0.0102452 0.00653863 0.00692208 0.00919343 0.0123479 0.0159043 0.0194935 0.0227404 0.0252902 0.0268774 0.0273829 0.026855 0.0254836 0.0235416 0.0213121 0.019028 0.0168402 0.0148156 0.0129596 0.0112466 0.00964783
 1.02015e-16 3.22403e-05 0.000189224 0.000899483 0.00346306 0.0107992 0.027278 0.0558144 0.0925188 0.124251 0.135212 0.119271 0.0853888 0.0498548 0.0242354 0.0107449 0.00586977 0.00547055 0.00700753 0.00935601 0.0120382 0.0147459 0.0171866 0.0190866 0.0202394 0.02055 0.0200514 0.0188865 0.0172652 0.0154095 0.0135079 0.0116893 0.0100203 0.00851883 0.00717541 0.00597235
 1.01292e-16 3.3066e-05 0.000194071 0.000922523 0.00355176 0.0110758 0.0279767 0.0572442 0.0948889 0.127434 0.138676 0.122328 0.0875784 0.0511358 0.0248624 0.0110284 0.00602854 0.00561385 0.0071738 0.00954658 0.0122318 0.0149022 0.0172482 0.0189839 0.0198996 0.0199083 0.0190631 0.017537 0.0155742 0.0134304 0.0113207 0.00939028 0.00770963 0.00628941 0.00510411 0.00411469
 1.01792e-16 2.73671e-05 0.000160604 0.000763396 0.00293905 0.00916509 0.0231505 0.0473701 0.0785255 0.105471 0.114807 0.10135 0.0727289 0.0428062 0.0214496 0.0105988 0.00733183 0.00817706 0.0109809 0.0147318 0.0188984 0.0230325 0.0266663 0.0293582 0.0307823 0.0308009 0.0294927 0.0271212 0.024062 0.0207095 0.0173988 0.0143585 0.0117039 0.00945787 0.00758698 0.00603489
 1.02661e-16 2.76665e-05 0.000162366 0.000771785 0.00297137 0.00926589 0.023405 0.0478905 0.0793866 0.106623 0.116049 0.102418 0.0734317 0.0430933 0.0213605 0.0101741 0.00656199 0.00700653 0.00934082 0.0125781 0.0162451 0.0199752 0.0233893 0.0261222 0.0278902 0.0285498 0.0281212 0.0267683 0.0247447 0.0223267 0.0197562 0.0172077 0.0147844 0.0125334 0.0104701 0.00859806
 1.03084e-16 2.74029e-05 0.000160818 0.000764426 0.00294303 0.00917752 0.0231818 0.0474338 0.0786298 0.105607 0.114945 0.101447 0.0727437 0.0427056 0.021198 0.0101456 0.00660712 0.00709955 0.00947573 0.0127545 0.0164603 0.0202212 0.0236529 0.0263872 0.0281414 0.0287779 0.0283267 0.0269633 0.0249513 0.0225731 0.0200697 0.0176087 0.0152811 0.0131196 0.0111256 0.00929284
 1.0211e-16 3.29614e-05 0.000193459 0.000919622 0.0035406 0.0110411 0.0278888 0.0570641 0.0945895 0.12703 0.138229 0.121918 0.0872521 0.0508784 0.0246133 0.0107094 0.00556393 0.00493804 0.00623629 0.00832156 0.0107313 0.0131877 0.0154346 0.0172317 0.0183947 0.0188334 0.0185661 0.0177053 0.0164208 0.0148944 0.0132817 0.0116904 0.0101793 0.00876961 0.00746285 0.00625582
 1.01868e-16 2.95738e-05 0.000173563 0.000825015 0.00317631 0.009905 0.0250193 0.0511936 0.0848618 0.113975 0.124049 0.109471 0.0784735 0.0460209 0.0227519 0.0107328 0.0067756 0.00710678 0.00939577 0.0125741 0.0161257 0.0196539 0.0227583 0.0250639 0.0262952 0.0263378 0.0252614 0.0232922 0.0207498 0.0179681 0.0152271 0.0127146 0.010521 0.00865808 0.00709173 0.00577109
 1.02337e-16 2.82852e-05 0.000165998 0.000789052 0.00303785 0.0094732 0.0239287 0.048962 0.0811627 0.109008 0.118645 0.104707 0.075071 0.0440502 0.0218247 0.0103768 0.00666504 0.00708923 0.00942897 0.0126696 0.0163215 0.0200047 0.0233294 0.0259234 0.0275036 0.0279353 0.0272567 0.0256556 0.023412 0.0208264 0.0181577 0.0155884 0.0132193 0.0110865 0.00918801 0.0075077
 1.0242e-16 2.99669e-05 0.000175874 0.000836012 0.00321867 0.0100371 0.0253529 0.0518759 0.0859915 0.115489 0.125687 0.110893 0.0794432 0.0464895 0.0227984 0.0104476 0.0061922 0.00620136 0.00812067 0.0108946 0.0140489 0.0172483 0.02016 0.0224676 0.0239285 0.0244252 0.0239847 0.0227592 0.0209778 0.0188863 0.0166957 0.0145536 0.0125413 0.0106889 0.00899808 0.00746178
 1.02565e-16 2.80977e-05 0.000164897 0.000783815 0.00301768 0.00941031 0.0237698 0.048637 0.0806243 0.108285 0.11786 0.104019 0.0745864 0.043784 0.0217261 0.010385 0.00674188 0.00722159 0.00961716 0.0129159 0.0166231 0.0203502 0.0236985 0.0262894 0.0278378 0.0282136 0.0274652 0.0257942 0.0234952 0.0208794 0.0182114 0.0156718 0.0133541 0.0112828 0.00944396 0.00781079
 1.05812e-16 1.13653e-05 6.66404e-05 0.000316644 0.00121887 0.00380074 0.00960083 0.019648 0.032582 0.0437966 0.0477646 0.0423821 0.030885 0.0191288 0.0113507 0.00853074 0.00963663 0.0133667 0.0188678 0.0256087 0.0330763 0.0406245 0.047497 0.0529528 0.0564215 0.0576245 0.056623 0.0537724 0.0496091 0.0447089 0.0395669 0.0345304 0.0297912 0.0254212 0.0214259 0.0177906
pSPR Fmed_Fpbrs
0.658255   0.339243 0.339243
Fs Fmed_Fpbrs
0.272564   1.005 1.005
SSBpbr Bo_Bmed_Bpbrs
1.15406e+06  701961  333803 333803
Ro
47098.7
SPR SPRFo_SPRFmed_SPRFpbrs
970681 638956 329297
log_Ro
10.58
likeval ReclasPelacesDesembMPH_pf_preclas_ppelaces_ptallas_desvR_qrecl_qpela
 67.4061 32.6161 0.0075624 0.00017607 285.822 195.565 70.4469 0 15.977 5.87995e-05 0 0 0 0 0
q_reclas_q_pelaces
0.337362 1
M
0.7
N
 40228.5 14205.2 5431.57 654.855 0.309352
 53125.4 18287.7 4293.08 1641.53 198.003
 28719.8 24260.1 5669.32 1330.89 570.268
 53097.2 12451.3 5616.62 1312.54 440.15
 93206.7 25642.8 5286.81 2384.81 744.19
 62450.1 46063 12394.2 2555.32 1512.37
 106522 29663 17815.1 4793.52 1573.2
 107998 51409.4 12547.5 7535.84 2693.14
 142849 50771.5 18763.5 4579.6 3733.39
 154780 66881.4 18109.8 6692.79 2965.18
 67858.7 73629.5 26086.9 7063.67 3767.06
 38970.9 31062 23133.3 8196.12 3402.86
 43343.7 17958.2 10132.3 7546 3783.54
 23090.1 19085 4536.2 2559.39 2861.81
 17428.5 9268.39 2865.66 681.121 814.006
 20827.5 7035.45 1436.59 444.173 231.742
 16547.8 9519.25 2191.66 447.52 210.559
 17944.7 7742.01 3381.62 778.565 233.776
 19601.4 8551.06 3049.11 1331.81 398.7
 39629.2 9390.3 3469.89 1237.28 702.215
 49116.2 18958.6 3780.99 1397.14 780.934
 59813.4 23982.8 8563.68 1707.88 983.845
 88430.2 29075.3 10563.2 3771.87 1185.57
 100809 42778.1 12462.2 4527.58 2124.85
 23878.2 48717.2 18231.8 5311.32 2835.23
pred_Ctot
 2458.86 4113.62 1572.91 189.637 0.089584
 3086.85 5076.37 1191.69 455.662 54.9627
 2642.65 9723.78 2272.34 533.438 228.571
 1050.94 1309.86 590.862 138.078 46.3032
 321.732 492.682 101.577 45.82 14.2983
 1958.48 7432.78 1999.94 412.33 244.037
 2158.44 3190.39 1916.1 515.566 169.206
 4153.28 9973.08 2434.13 1461.9 522.451
 5892.85 10483.4 3874.32 945.605 770.877
 4692.6 10463.6 2833.29 1047.09 463.904
 3834.88 19965.7 7073.83 1915.42 1021.49
 2027.76 7851.64 5847.48 2071.76 860.151
 3556.55 6593.77 3720.31 2770.68 1389.21
 3222.18 10231.5 2431.87 1372.1 1534.22
 2373.22 4891.22 1512.3 359.448 429.576
 1198.16 1936.61 395.441 122.265 63.7904
 690.837 1986.43 457.344 93.3862 43.9383
 522.639 1167.48 509.94 117.406 35.2529
 498.471 1137.62 405.65 177.183 53.0425
 1045.87 1293 477.787 170.368 96.6917
 590.878 1239.05 247.108 91.3108 51.0383
 909.411 1963.26 701.035 139.81 80.539
 1646.18 2886.32 1048.62 374.436 117.692
 1948.04 4399.45 1281.65 465.632 218.527
 439.569 4785.24 1790.82 521.704 278.491
F
 0.0883486 0.496602 0.496602 0.496602 0.496602
 0.0838219 0.471158 0.471158 0.471158 0.471158
 0.135761 0.763103 0.763103 0.763103 0.763103
 0.0278622 0.156611 0.156611 0.156611 0.156611
 0.00480998 0.0270366 0.0270366 0.0270366 0.0270366
 0.0444696 0.249961 0.249961 0.249961 0.249961
 0.0285323 0.160378 0.160378 0.160378 0.160378
 0.0547789 0.307909 0.307909 0.307909 0.307909
 0.0588658 0.330881 0.330881 0.330881 0.330881
 0.0429622 0.241488 0.241488 0.241488 0.241488
 0.0814404 0.457772 0.457772 0.457772 0.457772
 0.0747663 0.420256 0.420256 0.420256 0.420256
 0.120257 0.67596 0.67596 0.67596 0.67596
 0.212794 1.1961 1.1961 1.1961 1.1961
 0.207143 1.16434 1.16434 1.16434 1.16434
 0.0829581 0.466303 0.466303 0.466303 0.466303
 0.0595919 0.334962 0.334962 0.334962 0.334962
 0.0412407 0.231812 0.231812 0.231812 0.231812
 0.0359253 0.201934 0.201934 0.201934 0.201934
 0.0373056 0.209693 0.209693 0.209693 0.209693
 0.016853 0.0947295 0.0947295 0.0947295 0.0947295
 0.0213414 0.119959 0.119959 0.119959 0.119959
 0.0261858 0.147189 0.147189 0.147189 0.147189
 0.0271944 0.152858 0.152858 0.152858 0.152858
 0.0258915 0.145535 0.145535 0.145535 0.145535
nmprior
 10 11 7 0
nm_flota  nm_reclas  nm_pelaces    nm_pelaL
inf 15.7743 19.7789 35.9287
cv_recla  cv_pelaces  cv_mph
0.742633 0.672017 0.430507
 ------------------------------------------------
Talla a la edad & desviación 
 7.2 14.2025 17.0495 18.207 18.6776
 1.08 2.13037 2.55742 2.73105 2.80164
