years
 1997 1998 1999 2000 2001 2002 2003 2004 2005 2006 2007 2008 2009 2010 2011 2012 2013 2014 2015 2016 2017 2018 2019 2020 2021
reclasobs
 0 0 0 370054 412103 1.49427e+06 250295 1.28982e+06 931140 785840 897777 1.04006e+06 184774 17550 25797 100020 73551 82996 120727 218422 84188 347160 605670 569463 516374
reclaspred
 2.1051e+06 660266 2.40368e+06 1.54484e+06 1.53981e+06 1.80736e+06 3.34171e+06 2.03365e+06 1.97938e+06 1.61145e+06 1.26075e+06 836378 483661 226764 165457 185470 254911 397609 473995 645338 962059 972836 1.76822e+06 2.45997e+06 4.647e+06
pelacesobs
 0 0 0 0 0 0 0 0 0 2.06254e+06 1.5e+06 0 1.87456e+06 323000 250000 174000 83755 137374 0 501740 490994 745055 786931 1.00524e+06 0
pelacespred
 1.61465e+06 667525 937900 1.14778e+06 974484 958702 1.68286e+06 1.49631e+06 1.19141e+06 1.01497e+06 684465 462146 260240 99676.3 73448.4 93014.4 133655 210050 265042 348725 562032 592914 816162 1.33418e+06 2.51894e+06
mphobs
 0 0 0 0 0 112323 0 153150 637223 0 255016 313432 73983 77613 109348 50772 0 0 0 0 0 0 0 0 0
mphpred
 1.34291e+06 1.07581e+06 1.28223e+06 1.71328e+06 1.36042e+06 1.56343e+06 2.1763e+06 2.3597e+06 1.81849e+06 1.60668e+06 1.32365e+06 887306 544868 284991 146652 145975 189811 294256 399995 485854 724087 892559 1.17496e+06 1.79741e+06 3.2515e+06
desembarqueobs
 350755 77701 442110 56441 14545 235359 269955 359681 431902 328805 639364 411747 362871 311530 167758 66681 60226 58785 57116 71774 51957 67425 138520 160799 200461
desembarquepred
 350801 77719.5 442367 56448.7 14545.5 235482 270037 359880 432213 329038 640617 412601 363818 312604 168002 66730.3 60268.7 58805.7 57129.6 71791.9 51963.5 67432.9 138543 160819 200469
Reclutas
 139109 122878 77903.1 83817.4 117594 100715 142370 116223 122133 109536 68751.3 44953.3 44085.3 29930.7 22799.9 23994.7 22857.2 27376.8 31838.3 51517.3 74687.1 97394.2 166366 263448 509456
log_desv_Rt
 0.603013 0.478949 0.0232207 0.0963958 0.434989 0.280047 0.626182 0.423267 0.472869 0.364009 -0.101749 -0.52662 -0.546118 -0.93336 -1.20549 -1.15441 -1.20298 -1.02255 -0.871576 -0.390328 -0.0189376 0.246522 0.781946 1.24161 1.9011
SSB
 1.34291e+06 1.07581e+06 1.28223e+06 1.71328e+06 1.36042e+06 1.56343e+06 2.1763e+06 2.3597e+06 1.81849e+06 1.60668e+06 1.32365e+06 887306 544868 284991 146652 145975 189811 294256 399995 485854 724087 892559 1.17496e+06 1.79741e+06 3.2515e+06
BT
 5.33428e+06 1.41775e+06 2.47665e+06 2.35737e+06 2.06606e+06 2.047e+06 4.14804e+06 3.51001e+06 3.01543e+06 2.4538e+06 2.00933e+06 1.34179e+06 924960 512621 325616 268175 363002 524624 602477 839414 1.34925e+06 1.2632e+06 1.83651e+06 3.13039e+06 5.96509e+06
Ftot
 0.161988 0.114636 0.17844 0.0357347 0.00925173 0.126718 0.0788437 0.171685 0.211321 0.197755 0.481282 0.467731 0.699396 1.21177 0.929263 0.345338 0.228744 0.143788 0.117329 0.108378 0.0527824 0.0676721 0.0764567 0.0638493 0.0421819
BD_Bspro_t
 0.979119 0.883293 0.854341 0.783228 0.827399 0.881306 0.850489 0.846981 0.785761 0.726469 0.6646 0.497669 0.384227 0.273876 0.175796 0.201965 0.315886 0.498771 0.63099 0.72543 0.813171 0.87559 0.887262 0.897284 0.915461
BD_Bspro
 0.856071 0.685802 0.817386 1.09217 0.86723 0.996644 1.38733 1.50425 1.15924 1.02421 0.843793 0.565634 0.347339 0.181674 0.0934866 0.0930553 0.120999 0.18758 0.254986 0.309719 0.461586 0.568983 0.749008 1.1458 2.07274
BD_Bo
 0.813774 0.651918 0.777001 1.03821 0.824382 0.947403 1.31879 1.42992 1.10197 0.973611 0.802104 0.537688 0.330178 0.172698 0.0888677 0.0884577 0.115021 0.178312 0.242388 0.294416 0.43878 0.540871 0.712002 1.08919 1.97034
BD_Brms
 3.9757 3.18495 3.79604 5.07219 4.02752 4.62854 6.44294 6.98591 5.38366 4.75658 3.91868 2.62688 1.61309 0.843717 0.434164 0.43216 0.561937 0.871146 1.18419 1.43837 2.14366 2.64243 3.47849 5.32125 9.62609
S_f
 0.5 1 1 1 1
 0.5 1 1 1 1
 0.5 1 1 1 1
 0.5 1 1 1 1
 0.5 1 1 1 1
 0.5 1 1 1 1
 0.5 1 1 1 1
 0.5 1 1 1 1
 0.5 1 1 1 1
 0.5 1 1 1 1
 0.5 1 1 1 1
 0.5 1 1 1 1
 0.5 1 1 1 1
 0.5 1 1 1 1
 0.5 1 1 1 1
 0.5 1 1 1 1
 0.5 1 1 1 1
 0.5 1 1 1 1
 0.5 1 1 1 1
 0.5 1 1 1 1
 0.5 1 1 1 1
 0.5 1 1 1 1
 0.5 1 1 1 1
 0.5 1 1 1 1
 0.5 1 1 1 1
Scru_reclas
 0.5 1 1 1 1
 0.5 1 1 1 1
 0.5 1 1 1 1
 0.5 1 1 1 1
 0.5 1 1 1 1
 0.5 1 1 1 1
 0.5 1 1 1 1
 0.5 1 1 1 1
 0.5 1 1 1 1
 0.5 1 1 1 1
 0.5 1 1 1 1
 0.5 1 1 1 1
 0.5 1 1 1 1
 0.5 1 1 1 1
 0.5 1 1 1 1
 0.5 1 1 1 1
 0.5 1 1 1 1
 0.5 1 1 1 1
 0.5 1 1 1 1
 0.5 1 1 1 1
 0.5 1 1 1 1
 0.5 1 1 1 1
 0.5 1 1 1 1
 0.5 1 1 1 1
 0.5 1 1 1 1
Scru_pelaces
 0.5 1 1 1 1
 0.5 1 1 1 1
 0.5 1 1 1 1
 0.5 1 1 1 1
 0.5 1 1 1 1
 0.5 1 1 1 1
 0.5 1 1 1 1
 0.5 1 1 1 1
 0.5 1 1 1 1
 0.5 1 1 1 1
 0.5 1 1 1 1
 0.5 1 1 1 1
 0.5 1 1 1 1
 0.5 1 1 1 1
 0.5 1 1 1 1
 0.5 1 1 1 1
 0.5 1 1 1 1
 0.5 1 1 1 1
 0.5 1 1 1 1
 0.5 1 1 1 1
 0.5 1 1 1 1
 0.5 1 1 1 1
 0.5 1 1 1 1
 0.5 1 1 1 1
 0.5 1 1 1 1
pf_obs 
 0.256992 0.487395 0.22802 0.0275931 0
 0.321318 0.546541 0.124235 0.00734118 0.000564706
 0.182869 0.594174 0.210203 0.0122559 0.00049798
 0.330522 0.361315 0.267642 0.0388342 0.00168674
 0.649043 0.306663 0.0425973 0.00169635 0
 0.582887 0.30429 0.105238 0.00758474 0
 0.465427 0.430635 0.0974691 0.00646863 0
 0.296916 0.608066 0.0921331 0.00288517 0
 0.311714 0.524322 0.152257 0.0117073 0
 0.15457 0.633149 0.183074 0.0267441 0.00246327
 0.131901 0.49318 0.331252 0.0422183 0.00144891
 0.196976 0.569456 0.194076 0.0375587 0.00193317
 0.518974 0.381816 0.0799577 0.0180837 0.00116848
 0.0928022 0.601141 0.25162 0.0475244 0.00691264
 0.122501 0.610282 0.24278 0.0234846 0.000952079
 0.383417 0.481906 0.127806 0.00687128 0
 0.0376549 0.599619 0.316969 0.0457579 0
 0.0361596 0.667082 0.258105 0.0386534 0
 0.158088 0.579412 0.248529 0.0139706 0
 0.0477256 0.309471 0.559284 0.082774 0.000745712
 0.0406174 0.521527 0.379366 0.0568643 0.0016247
 0.151134 0.462217 0.34131 0.0453401 0
 0.294876 0.26143 0.354403 0.0886775 0.000613685
 0.281977 0.475581 0.204845 0.0348837 0.00271318
 0 0 0 0 0
pf_pred 
 0.671386 0.235157 0.0838776 0.00957457 4.6596e-06
 0.444896 0.44994 0.075256 0.0268429 0.00306559
 0.304583 0.433556 0.212252 0.0355008 0.0141088
 0.364077 0.304983 0.206324 0.101008 0.0236086
 0.435926 0.302511 0.125443 0.0848635 0.0512563
 0.351177 0.394346 0.136475 0.0565927 0.0614093
 0.44926 0.291201 0.157744 0.0545919 0.0472024
 0.356803 0.402125 0.127466 0.0690483 0.0445578
 0.393633 0.326281 0.175109 0.0555062 0.0494708
 0.377745 0.360696 0.140742 0.0755339 0.0452822
 0.3023 0.392293 0.177032 0.0690773 0.0592974
 0.315461 0.341924 0.192641 0.086934 0.0630401
 0.42445 0.295755 0.139756 0.0787389 0.0612995
 0.439381 0.361746 0.102194 0.0482908 0.0483884
 0.539601 0.320625 0.0901911 0.0254793 0.0241042
 0.578588 0.31903 0.0713001 0.0200566 0.0110263
 0.4738 0.395775 0.0987379 0.022067 0.00961997
 0.478515 0.343049 0.134209 0.0334824 0.0107452
 0.458709 0.355377 0.1223 0.0478469 0.0157676
 0.529664 0.299428 0.112207 0.0386153 0.0200857
 0.521464 0.334496 0.0917 0.0343634 0.0179772
 0.485134 0.354568 0.112048 0.0307174 0.0175329
 0.543316 0.300322 0.10768 0.0340285 0.0146533
 0.543441 0.323495 0.0875049 0.0313749 0.0141844
 0.58955 0.290564 0.0849452 0.0229776 0.0119632
pobs_RECLAS
 0 0 0 0 0
 0 0 0 0 0
 0 0 0 0 0
 0 0 0 0 0
 0.835266 0.146461 0.0176864 0.000547809 3.91292e-05
 0.385257 0.428462 0.181853 0.0044286 0
 0.867414 0.0963971 0.0333333 0.00285562 0
 0.441836 0.489002 0.0689373 0.000224442 0
 0.779404 0.147425 0.0564933 0.0165055 0.000172143
 0.814271 0.122319 0.05973 0.00367925 0
 0.40263 0.566651 0.0304383 0.000280538 0
 0.475488 0.404961 0.113038 0.00651328 0
 0.955842 0.0263864 0.0167828 0.000988607 0
 0.975058 0.0227948 0.00214734 0 0
 0.738997 0.206755 0.0527124 0.00153531 0
 0.850938 0.134255 0.0134407 0.00136685 0
 0.542534 0.407297 0.0501686 0 0
 0.764087 0.199537 0.0359546 0.000420521 0
 0.470689 0.182191 0.310203 0.0369168 0
 0.84361 0.089868 0.0606195 0.00523954 0.000663233
 0.607945 0.314616 0.071237 0.00620181 0
 0.523733 0.453247 0.0230204 0 0
 0.530135 0.295979 0.169645 0.0042399 0
 0.562478 0.366248 0.0663022 0.0049721 0
 0.250443 0.683176 0.0655157 0.000865301 0
ppred_RECLAS
 0.672595 0.234292 0.0835691 0.00953935 4.64247e-06
 0.445813 0.449196 0.0751316 0.0267985 0.00306052
 0.305883 0.432745 0.211855 0.0354344 0.0140825
 0.364325 0.304864 0.206243 0.100968 0.0235994
 0.435993 0.302475 0.125429 0.0848535 0.0512503
 0.352124 0.39377 0.136276 0.0565101 0.0613196
 0.449872 0.290878 0.157569 0.0545313 0.04715
 0.358149 0.401284 0.127199 0.0689037 0.0444645
 0.395417 0.325321 0.174594 0.0553429 0.0493253
 0.37937 0.359754 0.140375 0.0753367 0.0451639
 0.306723 0.389806 0.17591 0.0686395 0.0589215
 0.319819 0.339747 0.191414 0.0863805 0.0626388
 0.432975 0.291375 0.137686 0.0775726 0.0603916
 0.458633 0.349323 0.0986849 0.0466324 0.0467267
 0.55258 0.311586 0.0876484 0.0247609 0.0234247
 0.581898 0.316524 0.07074 0.019899 0.0109397
 0.475845 0.394237 0.098354 0.0219812 0.00958257
 0.47971 0.342262 0.133901 0.0334057 0.0107205
 0.459655 0.354755 0.122086 0.0477632 0.01574
 0.530534 0.298874 0.111999 0.0385438 0.0200485
 0.521866 0.334215 0.0916229 0.0343345 0.0179621
 0.485657 0.354207 0.111934 0.0306861 0.017515
 0.543909 0.299932 0.107541 0.0339843 0.0146343
 0.54393 0.323148 0.0874112 0.0313413 0.0141693
 0.589858 0.290346 0.0848813 0.0229603 0.0119543
pobs_PELACES
 0 0 0 0 0
 0 0 0 0 0
 0 0 0 0 0
 0 0 0 0 0
 0 0 0 0 0
 0 0 0 0 0
 0 0 0 0 0
 0 0 0 0 0
 0 0 0 0 0
 0 0 0 0 0
 0.450072 0.473896 0.0757376 0.000293798 0
 0 0 0 0 0
 0.463077 0.371075 0.160297 0.00555027 0
 0.529543 0.364841 0.0842815 0.0213345 0
 0.631943 0.363953 0.00410389 0 0
 0.735681 0.248677 0.0153453 0.000297389 0
 0.695825 0.281241 0.0229344 0 0
 0.275771 0.60734 0.115278 0.00161068 0
 0 0 0 0 0
 0.896147 0.0623911 0.0374545 0.00400742 0
 0.803859 0.145111 0.0509908 3.86294e-05 0
 0.739449 0.233085 0.0266225 0.000797448 4.60066e-05
 0.878498 0.100942 0.0204185 0.000141795 0
 0.694673 0.275183 0.0284847 0.00165964 0
 0 0 0 0 0
ppred_PELACES
 0.678453 0.2301 0.0820738 0.00936866 4.5594e-06
 0.450491 0.445404 0.0744974 0.0265723 0.00303468
 0.31217 0.428826 0.209936 0.0351135 0.0139549
 0.365692 0.304208 0.2058 0.100751 0.0235486
 0.436368 0.302274 0.125345 0.084797 0.0512162
 0.356909 0.390862 0.135269 0.0560927 0.0608668
 0.453093 0.289175 0.156646 0.054212 0.0468739
 0.364687 0.397196 0.125903 0.0682019 0.0440116
 0.403782 0.32082 0.172178 0.0545771 0.0486428
 0.387083 0.355284 0.13863 0.0744005 0.0446027
 0.323863 0.380169 0.171561 0.0669424 0.0574647
 0.336836 0.331247 0.186626 0.0842195 0.0610717
 0.461496 0.276719 0.13076 0.0736708 0.057354
 0.508523 0.317131 0.0895906 0.042335 0.0424206
 0.590112 0.285448 0.080296 0.0226839 0.0214597
 0.595693 0.30608 0.068406 0.0192425 0.0105787
 0.485267 0.387151 0.0965862 0.0215861 0.00941034
 0.485634 0.338365 0.132377 0.0330253 0.0105985
 0.464467 0.351596 0.120999 0.0473378 0.0155998
 0.534985 0.29604 0.110937 0.0381784 0.0198585
 0.524039 0.332696 0.0912066 0.0341785 0.0178805
 0.488447 0.352286 0.111327 0.0305197 0.01742
 0.547037 0.297875 0.106803 0.0337512 0.014534
 0.546542 0.321297 0.0869105 0.0311618 0.0140881
 0.591541 0.289155 0.0845331 0.0228661 0.0119052
pobs_pel_tallas
 0 0 0 0 0 0 0 0 0 0 0 0 0 0 0 0 0 0 0 0 0 0 0 0 0 0 0 0 0 0 0 0 0 0 0 0
 0 0 0 0 0 0 0 0 0 0 0 0 0 0 0 0 0 0 0 0 0 0 0 0 0 0 0 0 0 0 0 0 0 0 0 0
 0 0 0 0 0 0 0 0 0 0 0 0 0 0 0 0 0 0 0 0 0 0 0 0 0 0 0 0 0 0 0 0 0 0 0 0
 0 0 0 0 0 0 0 0 0 0 0 0 0 0 0 0 0 0 0 0 0 0 0 0 0 0 0 0 0 0 0 0 0 0 0 0
 0 0 0 0 0 0 0 0 0 0 0 0 0 0 0 0 0 0 0 0 0 0 0 0 0 0 0 0 0 0 0 0 0 0 0 0
 0 0 0 0 0 0 0 0 0 0 0 0 0 0 0 0 0 0 0 0 0 0 0 0 0 0 0 0 0 0 0 0 0 0 0 0
 0 0 0 0 0 0 0 0 0 0 0 0 0 0 0 0 0 0 0 0 0 0 0 0 0 0 0 0 0 0 0 0 0 0 0 0
 0 0 0 0 0 0 0 0 0 0 0 0 0 0 0 0 0 0 0 0 0 0 0 0 0 0 0 0 0 0 0 0 0 0 0 0
 0 0 0 0 0 0 0 0 0 0 0 0 0 0 0 0 0 0 0 0 0 0 0 0 0 0 0 0 0 0 0 0 0 0 0 0
 0 0 0 0 0 0 0 0 0 0 0 0 0 0 0 0 0 0 0 0 0 0 0 0 0 0 0 0 0 0 0 0 0 0 0 0
 0 0 0 0 0 0 0 0 1.78061e-05 0.00172719 0.00360574 0.0105946 0.0120993 0.0124554 0.0147524 0.0171206 0.0266825 0.0428682 0.0675386 0.121331 0.153587 0.119568 0.100827 0.0573624 0.0630603 0.0341343 0.0324427 0.0444173 0.0211091 0.0280891 0.0125444 0.00206551 0 0 0 0
 0 0 0 0 0 0 0 0 0 0 0 0 0 0 0 0 0 0 0 0 0 0 0 0 0 0 0 0 0 0 0 0 0 0 0 0
 0 0 0 0 0 0 0.0133647 0.0140871 0.0187388 0.0205184 0.03894 0.0496705 0.03968 0.0493445 0.0407372 0.0367815 0.0215668 0.0243155 0.0234873 0.0199281 0.019796 0.0243948 0.0301388 0.0376714 0.0412746 0.0863199 0.0771752 0.113111 0.0741005 0.0525337 0.0229764 0.00759418 0.00175318 0 0 0
 0 0 0 0 0 0 0 0 0 0 0.00219441 0.00772107 0.0458388 0.0604681 0.0671733 0.0775358 0.0609151 0.0617685 0.073594 0.0568108 0.0755445 0.0548602 0.0670107 0.0636378 0.0643287 0.046367 0.0373049 0.0286899 0.0247887 0.0153202 0.00654259 0.00121912 0.000365735 0 0 0
 0 0 0 0 0 0 0 0 0 0 0 0 0.000112435 0.00938835 0.0111873 0.0202946 0.0414886 0.0713402 0.111592 0.104902 0.108894 0.110636 0.117776 0.105296 0.107544 0.0401394 0.0192827 0.0124803 0.00416011 0.0028671 0.000618394 0 0 0 0 0
 0 0 0 0 0 0 0 0 0 0 0.00291406 0.0102884 0.027416 0.0768956 0.0749926 0.110853 0.0956884 0.0897413 0.0766577 0.0534642 0.0500743 0.0551293 0.0594112 0.0620874 0.0668451 0.0424026 0.0208742 0.0120726 0.0048766 0.00582813 0.00118941 0.000297354 0 0 0 0
 0 0.00264628 0.0354308 0.0461629 0.0458689 0.0383711 0.0214643 0.0164657 0.0346957 0.0420465 0.0363128 0.0245516 0.0311673 0.0291091 0.0169068 0.0133784 0.00837989 0.0085269 0.0148486 0.0160247 0.0276389 0.0546898 0.0760071 0.122758 0.109233 0.0665981 0.0333725 0.0166128 0.00676272 0.00308733 0.000882094 0 0 0 0 0
 0 0 0 0 0 0 0 0.000805153 0.000690131 0.00759144 0.0133425 0.0154129 0.00931677 0.000345066 0.00356568 0.00563607 0.00851162 0.0253048 0.0502646 0.0516448 0.0657925 0.0565908 0.0611916 0.0827007 0.0866115 0.110766 0.145733 0.0935128 0.0569358 0.0249597 0.0138026 0.00621118 0.00161031 0.00115022 0 0
 0 0 0 0 0 0 0 0 0 0 0 0 0 0 0 0 0 0 0 0 0 0 0 0 0 0 0 0 0 0 0 0 0 0 0 0
 0.00147267 0.00158595 0.00478618 0.00569244 0.00954404 0.0108468 0.00647125 0.017049 0.0510054 0.094081 0.124002 0.0959785 0.0687766 0.0820023 0.061753 0.0591476 0.0492212 0.0479892 0.0443925 0.0268479 0.0217502 0.0140895 0.0121071 0.0120363 0.00920419 0.00665534 0.0049561 0.00860946 0.00930331 0.0156896 0.0114698 0.00855282 0.00243557 0.00046729 0 2.83206e-05
 0 0 0 0 0.000772559 0.00158375 0.000888443 0.00281984 0.00712685 0.0440552 0.0773331 0.111326 0.0921469 0.0852325 0.0710754 0.0886704 0.0786465 0.0553345 0.0373146 0.0185414 0.00753245 0.00457741 0.012979 0.0271748 0.0457355 0.0583668 0.034881 0.0177882 0.00938659 0.00492506 0.0015258 0.00185414 0.000309023 5.79419e-05 3.86279e-05 0
 0 0.00173294 0.00326652 0 0.00397197 0.00683976 0.00946217 0.0152591 0.00757587 0.0136028 0.0228656 0.0392903 0.0559909 0.0764795 0.0681675 0.0726916 0.0566044 0.0477403 0.0527397 0.0444891 0.0609904 0.0582453 0.0661739 0.0445044 0.0529084 0.0360697 0.0280645 0.0235558 0.0158879 0.00826598 0.00280645 0.00217768 0.000904811 0.00058276 9.20147e-05 0
 0 0 0 0 0 0 0 0 0 0 0 0 0 0 0 0 0 0 0 0 0 0 0 0 0 0 0 0 0 0 0 0 0 0 0 0
 0 0 0 0 0 0 0 0 0 0 0 0 0 0 0 0 0 0 0 0 0 0 0 0 0 0 0 0 0 0 0 0 0 0 0 0
 0 0 0 0 0 0 0 0 0 0 0 0 0 0 0 0 0 0 0 0 0 0 0 0 0 0 0 0 0 0 0 0 0 0 0 0
ppred_pel_tallas
 1.01563e-16 2.96059e-05 0.000173752 0.000825918 0.00317979 0.00991586 0.0250468 0.0512496 0.0849542 0.114098 0.12418 0.109579 0.0785363 0.0460276 0.0226999 0.0106176 0.00658596 0.00682727 0.00901332 0.0120861 0.0155469 0.0190213 0.0221303 0.0245139 0.0258993 0.0261592 0.0253351 0.0236153 0.02128 0.0186304 0.0159284 0.0133613 0.0110349 0.0089885 0.00721986 0.0057082
 1.02258e-16 1.96744e-05 0.000115426 0.000548584 0.00211191 0.00658566 0.0166352 0.0340407 0.0564365 0.0758239 0.0825939 0.0730497 0.0527189 0.0316297 0.0169625 0.010218 0.00940237 0.0120949 0.0167532 0.0225525 0.0288939 0.0351317 0.0405487 0.0444652 0.0463853 0.0461122 0.0437893 0.0398505 0.0349025 0.0295776 0.0244076 0.0197501 0.0157764 0.0125062 0.00986576 0.00774392
 1.04979e-16 1.36425e-05 8.00145e-05 0.000380236 0.00146373 0.00456434 0.0115295 0.023594 0.039121 0.0525727 0.0573001 0.0507582 0.0368049 0.0224306 0.0126675 0.00862576 0.00899883 0.0121758 0.0171259 0.0232674 0.0301128 0.0370797 0.0434882 0.0486653 0.0520821 0.0534625 0.0528288 0.0504656 0.0468245 0.0424032 0.0376421 0.0328655 0.0282732 0.0239671 0.0199924 0.0163727
 1.07583e-16 1.59712e-05 9.36975e-05 0.000445313 0.00171434 0.00534587 0.0135035 0.0276319 0.0458102 0.0615443 0.0670314 0.0592671 0.0427327 0.0255612 0.013574 0.00798518 0.00718145 0.0092209 0.0129004 0.0176304 0.0230331 0.0287088 0.0341909 0.0390035 0.0427495 0.0451841 0.0462459 0.0460375 0.0447671 0.0426774 0.0399873 0.0368641 0.0334274 0.0297702 0.0259851 0.0221783
 1.07185e-16 1.90527e-05 0.000111789 0.000531325 0.00204551 0.00637862 0.0161121 0.0329692 0.0546567 0.0734223 0.0799504 0.0706465 0.0508431 0.0302226 0.0156995 0.00868303 0.00720387 0.00890341 0.0123174 0.0167376 0.0217407 0.026912 0.0317871 0.035908 0.0389126 0.0406068 0.0409919 0.0402375 0.0386128 0.0364055 0.0338543 0.0311176 0.0282767 0.0253644 0.0224003 0.0194176
 1.06819e-16 1.55915e-05 9.1461e-05 0.000434663 0.00167331 0.0052179 0.0131803 0.0269713 0.0447177 0.0600841 0.0654611 0.0579265 0.0418696 0.0252517 0.0137839 0.00868449 0.00840782 0.0110711 0.0154825 0.0210066 0.0271694 0.0334393 0.039208 0.0438811 0.0470012 0.0483433 0.0479523 0.0461037 0.0432109 0.0397113 0.0359712 0.0322356 0.0286271 0.0251804 0.0218889 0.0187448
 1.06371e-16 1.97816e-05 0.000116069 0.000551675 0.00212387 0.00662298 0.0167293 0.034232 0.0567494 0.0762314 0.0830035 0.0733309 0.0527458 0.0312949 0.0161491 0.00876142 0.00707706 0.00864048 0.0119315 0.0162247 0.0211013 0.0261603 0.0309525 0.0350306 0.0380344 0.0397609 0.0401929 0.039476 0.037857 0.0356089 0.0329687 0.0301054 0.0271223 0.0240786 0.0210191 0.017995
 1.06317e-16 1.59309e-05 9.34531e-05 0.000444133 0.00170977 0.00533159 0.0134675 0.0275589 0.0456918 0.0613926 0.0668859 0.059185 0.0427744 0.0257875 0.014058 0.00882855 0.00851651 0.0111947 0.0156417 0.0212055 0.0273995 0.0336801 0.0394271 0.0440367 0.0470468 0.0482349 0.0476557 0.0456004 0.0425018 0.0388164 0.0349266 0.0310879 0.0274277 0.0239793 0.0207305 0.0176648
 1.06697e-16 1.76327e-05 0.000103451 0.000491677 0.00189285 0.00590255 0.0149096 0.030509 0.0505795 0.0679494 0.0740018 0.0654164 0.0471362 0.0281342 0.0148267 0.00854019 0.00747559 0.00946972 0.0131761 0.0179302 0.023309 0.0288759 0.0341325 0.0385821 0.0418254 0.0436393 0.0440092 0.0431022 0.0411999 0.0386132 0.0356126 0.0323921 0.02907 0.0257133 0.0223696 0.0190908
 1.06725e-16 1.69058e-05 9.91803e-05 0.000471369 0.00181465 0.00565867 0.0142936 0.0292489 0.0484918 0.0651489 0.0709627 0.0627556 0.0452749 0.027135 0.0145039 0.00867199 0.00793271 0.010223 0.0142487 0.0193486 0.0250704 0.0309296 0.0363747 0.0408637 0.0439735 0.0454867 0.045425 0.0440162 0.041612 0.0385883 0.0352618 0.0318474 0.0284586 0.0251378 0.021898 0.018755
 1.07545e-16 1.41502e-05 8.30001e-05 0.000394441 0.00151845 0.00473497 0.0119605 0.0244753 0.0405804 0.054528 0.0594156 0.0525951 0.0380562 0.0230326 0.0127202 0.00824164 0.00821362 0.0109461 0.015371 0.0209157 0.0271408 0.0335402 0.0395259 0.0445149 0.0480465 0.0498756 0.0500097 0.0486749 0.0462309 0.043067 0.039515 0.0358048 0.0320648 0.0283534 0.0247001 0.0211387
 1.08505e-16 1.47139e-05 8.63141e-05 0.000410206 0.00157916 0.00492432 0.0124387 0.0254534 0.0422003 0.0566991 0.0617666 0.0546414 0.0394612 0.0237322 0.0128357 0.00791351 0.00750244 0.00983044 0.0137918 0.018825 0.0245391 0.0305013 0.0362065 0.0411452 0.0449026 0.047237 0.0481133 0.0476759 0.0461812 0.0439135 0.0411179 0.0379678 0.0345695 0.0309896 0.0272888 0.0235441
 1.07158e-16 2.01473e-05 0.000118218 0.000561894 0.00216322 0.0067457 0.0170393 0.0348661 0.0578 0.0776409 0.0845336 0.0746716 0.053686 0.0318042 0.0163224 0.00871135 0.00686893 0.00828684 0.0114147 0.0155199 0.020192 0.0250491 0.0296667 0.0336241 0.0365847 0.0383609 0.0389405 0.0384622 0.0371555 0.0352678 0.0330065 0.0305101 0.0278536 0.0250738 0.0222001 0.0192772
 1.04812e-16 2.21995e-05 0.000130263 0.000619147 0.00238364 0.00743308 0.0187756 0.038419 0.06369 0.0855528 0.0931484 0.0822823 0.0591597 0.0350498 0.0179909 0.00960004 0.00755325 0.00907302 0.0124296 0.016786 0.0216535 0.0265727 0.0310431 0.0345835 0.0368299 0.037613 0.0369879 0.0352009 0.0326113 0.0295956 0.0264671 0.0234327 0.0205911 0.0179605 0.0155191 0.0132394
 1.03016e-16 2.5756e-05 0.000151145 0.00071843 0.00276592 0.00862519 0.0217867 0.0445797 0.0739005 0.0992604 0.108052 0.0953975 0.0684806 0.0403533 0.0203093 0.010184 0.00723851 0.00821617 0.0110978 0.0149335 0.0192181 0.0235169 0.0273707 0.0303416 0.0321008 0.0325002 0.0315993 0.0296357 0.0269544 0.0239193 0.0208381 0.01792 0.0152709 0.0129158 0.0108335 0.00898853
 1.02227e-16 2.60002e-05 0.000152577 0.000725232 0.0027921 0.00870683 0.021993 0.0450019 0.0746007 0.100202 0.109081 0.0963147 0.069158 0.0407903 0.0205988 0.0104417 0.00755889 0.00866393 0.0117134 0.0157345 0.0201946 0.0246249 0.0285294 0.031439 0.033007 0.0330869 0.0317614 0.0293093 0.0261266 0.0226291 0.0191677 0.0159805 0.013185 0.0108023 0.00879532 0.00710534
 1.02679e-16 2.11884e-05 0.00012432 0.000590879 0.00227478 0.00709357 0.0179181 0.036665 0.0607848 0.0816578 0.0889272 0.0786002 0.0566139 0.0337452 0.0176955 0.0100429 0.00860278 0.0107449 0.0148127 0.0199631 0.0256419 0.0312845 0.0362677 0.0399963 0.0420279 0.0421718 0.0405263 0.0374385 0.0334052 0.0289502 0.024519 0.0204169 0.0167997 0.0137026 0.011087 0.00888545
 1.0362e-16 2.12025e-05 0.000124407 0.000591303 0.00227643 0.00709872 0.0179311 0.0366912 0.0608269 0.0817104 0.0889741 0.0786171 0.0565726 0.033614 0.0174331 0.00959234 0.00789133 0.00969229 0.0133481 0.0180483 0.0232956 0.0286011 0.0334238 0.0372376 0.0396376 0.0404253 0.0396428 0.0375415 0.0345026 0.0309378 0.0272041 0.0235555 0.0201365 0.0170056 0.0141717 0.0116261
 1.04188e-16 2.02801e-05 0.00011899 0.000565548 0.00217726 0.00678947 0.0171499 0.0350931 0.0581783 0.0781551 0.0851095 0.0752184 0.0541619 0.0322519 0.0168557 0.00948039 0.00803408 0.0100032 0.0138139 0.0186809 0.0241055 0.0295852 0.0345612 0.0384919 0.0409631 0.0417757 0.0409808 0.038845 0.0357665 0.0321706 0.028421 0.0247699 0.0213538 0.0182191 0.0153633 0.0127693
 1.03912e-16 2.33527e-05 0.000137034 0.000651344 0.00250762 0.00781968 0.0197521 0.0404168 0.0670009 0.0899969 0.0979782 0.0865278 0.0621666 0.0367398 0.0186903 0.00970297 0.00731745 0.00860108 0.0117341 0.0158513 0.0204719 0.0251602 0.0294444 0.0328676 0.0350779 0.0359023 0.0353756 0.0337123 0.0312372 0.0282985 0.0251946 0.0221338 0.0192301 0.0165263 0.0140266 0.0117253
 1.03413e-16 2.28768e-05 0.000134237 0.000638039 0.00245638 0.00765989 0.0193485 0.0395913 0.0656336 0.0881639 0.0959922 0.0847966 0.0609719 0.0361324 0.0185625 0.00992919 0.00783726 0.00942213 0.012896 0.017387 0.0223787 0.0273814 0.0318629 0.0353133 0.0373498 0.0378002 0.0367343 0.0344299 0.0312899 0.0277388 0.024136 0.0207258 0.0176319 0.0148838 0.012457 0.0103102
 1.03558e-16 2.13257e-05 0.000125129 0.000594733 0.00228963 0.00713989 0.018035 0.0369041 0.0611801 0.0821857 0.0894939 0.0790816 0.0569183 0.0338422 0.0175926 0.00974417 0.0080858 0.00996405 0.0137177 0.0185214 0.0238596 0.0292215 0.0340439 0.0377838 0.0400304 0.0405934 0.0395376 0.0371478 0.0338428 0.030068 0.0262034 0.0225122 0.0191336 0.0161097 0.013426 0.011049
 1.03453e-16 2.38783e-05 0.00014012 0.000666012 0.00256409 0.0079958 0.0201969 0.0413271 0.0685096 0.0920229 0.100182 0.0884709 0.0635548 0.0375445 0.0190703 0.0098517 0.00736907 0.00861986 0.0117403 0.0158443 0.0204409 0.0250879 0.0293083 0.0326416 0.0347353 0.0354193 0.0347356 0.0329092 0.0302777 0.0272025 0.023994 0.0208691 0.0179463 0.0152685 0.0128354 0.0106339
 1.03068e-16 2.38576e-05 0.000139997 0.000665421 0.00256181 0.00798867 0.020179 0.0412905 0.0684496 0.0919441 0.100102 0.0884114 0.0635377 0.0375858 0.0191854 0.0100625 0.00770666 0.00912041 0.0124365 0.0167534 0.0215532 0.0263576 0.0306506 0.0339392 0.0358539 0.0362296 0.0351363 0.0328455 0.0297505 0.0262661 0.0227437 0.0194229 0.0164257 0.0137813 0.0114651 0.00943463
 1.02637e-16 2.58185e-05 0.000151512 0.000720171 0.00277262 0.00864609 0.0218395 0.0446878 0.0740797 0.0995014 0.108315 0.0956314 0.0686522 0.0404618 0.0203777 0.0102408 0.00730677 0.00831181 0.0112314 0.0151113 0.0194413 0.0237802 0.0276606 0.0306372 0.0323748 0.0327221 0.031739 0.0296678 0.026861 0.0236923 0.0204802 0.0174441 0.0146987 0.012275 0.0101556 0.00830523
pSPR Fmed_Fpbrs
0.749131   0.254687 0.254687
Fs Fmed_Fpbrs
0.146824   1.005 1.005
SSBpbr Bo_Bmed_Bpbrs
1.65023e+06  1.15373e+06  337780 337780
Ro
76115
SPR SPRFo_SPRFmed_SPRFpbrs
1.56869e+06 1.17516e+06 399526
log_Ro
11.06
likeval ReclasPelacesDesembMPH_pf_preclas_ppelaces_ptallas_desvR_qrecl_qpela
 252.508 49.8611 0.161812 0.00130942 314.714 223.286 74.4397 0 21.2138 0 0 0 0 0 0
q_reclas_q_pelaces
1 1
M
0.7
N
 139109 25230 8999.22 1027.25 0.499929
 122878 63705 10655.2 3800.57 434.043
 77903.1 57620.3 28208.6 4718.12 1875.09
 83817.4 35383.5 23937.2 11718.7 2739.02
 117594 40885.4 16954.1 11469.6 6927.47
 100715 58125.7 20116.1 8341.63 9051.59
 142370 46942.9 25429 8800.46 7609.24
 116223 67965.8 21543.8 11670.3 7531.01
 122133 52967 28426.5 9010.63 8030.87
 109536 54568.3 21292.4 11427.2 6850.56
 68751.3 49273 22235.7 8676.28 7447.89
 44953.3 26839 15121.1 6823.8 4948.27
 44085.3 17668.1 8348.85 4703.76 3661.96
 29930.7 15431.8 4359.52 2060.04 2064.21
 22799.9 8109.21 2281.1 644.418 609.641
 23994.7 7114.42 1590 447.265 245.888
 22857.2 10025.8 2501.24 559.002 243.694
 27376.8 10123.8 3960.69 988.112 317.105
 31838.3 12651.8 4354.05 1703.41 561.345
 51517.3 14909.6 5587.18 1922.79 1000.14
 74687.1 24233.3 6643.41 2489.54 1302.4
 97394.2 36122.5 11415.2 3129.41 1786.21
 166366 46755.4 16764.2 5297.7 2281.3
 263448 79516.3 21509.1 7712.07 3486.59
 509456 126714 37044.2 10020.4 5217.12
pred_Ctot
 7819.87 2738.96 976.951 111.518 0.054272
 4939.05 4995.05 835.462 297.999 34.0329
 4806.77 6842.15 3349.64 560.255 222.658
 1068.55 895.116 605.554 296.455 69.2905
 390.406 270.922 112.344 76.0019 45.904
 4463.06 5011.69 1734.44 719.228 780.442
 3966.8 2571.2 1392.82 482.026 416.779
 6909.85 7787.56 2468.5 1337.19 862.907
 8861.01 7344.86 3941.86 1249.49 1113.63
 7458.8 7122.15 2779.04 1491.46 894.123
 10722.3 13914.2 6279.15 2450.1 2103.22
 6832.98 7406.16 4172.65 1883.01 1365.47
 9545.69 6651.4 3143.05 1770.8 1378.6
 10124.4 8335.52 2354.81 1112.74 1114.99
 6257.73 3718.28 1045.94 295.482 279.536
 2763.93 1524.01 340.602 95.8107 52.6729
 1788.29 1493.8 372.673 83.2888 36.3093
 1371.48 983.22 384.659 95.9646 30.797
 1309.02 1014.14 349.01 136.541 44.9961
 1960.37 1108.23 415.297 142.922 74.3405
 1401.13 898.76 246.39 92.3314 48.3031
 2334.88 1706.48 539.272 147.838 84.3831
 4497.42 2485.98 891.348 281.678 121.296
 5963.99 3550.19 960.322 344.324 155.667
 7655.76 3773.2 1103.08 298.381 155.352
F
 0.080994 0.161988 0.161988 0.161988 0.161988
 0.0573178 0.114636 0.114636 0.114636 0.114636
 0.0892201 0.17844 0.17844 0.17844 0.17844
 0.0178673 0.0357347 0.0357347 0.0357347 0.0357347
 0.00462586 0.00925173 0.00925173 0.00925173 0.00925173
 0.0633588 0.126718 0.126718 0.126718 0.126718
 0.0394219 0.0788437 0.0788437 0.0788437 0.0788437
 0.0858423 0.171685 0.171685 0.171685 0.171685
 0.105661 0.211321 0.211321 0.211321 0.211321
 0.0988777 0.197755 0.197755 0.197755 0.197755
 0.240641 0.481282 0.481282 0.481282 0.481282
 0.233866 0.467731 0.467731 0.467731 0.467731
 0.349698 0.699396 0.699396 0.699396 0.699396
 0.605885 1.21177 1.21177 1.21177 1.21177
 0.464632 0.929263 0.929263 0.929263 0.929263
 0.172669 0.345338 0.345338 0.345338 0.345338
 0.114372 0.228744 0.228744 0.228744 0.228744
 0.0718941 0.143788 0.143788 0.143788 0.143788
 0.0586643 0.117329 0.117329 0.117329 0.117329
 0.0541891 0.108378 0.108378 0.108378 0.108378
 0.0263912 0.0527824 0.0527824 0.0527824 0.0527824
 0.0338361 0.0676721 0.0676721 0.0676721 0.0676721
 0.0382284 0.0764567 0.0764567 0.0764567 0.0764567
 0.0319247 0.0638493 0.0638493 0.0638493 0.0638493
 0.021091 0.0421819 0.0421819 0.0421819 0.0421819
nmprior
 10 11 7 0
nm_flota  nm_reclas  nm_pelaces    nm_pelaL
inf 11.0797 13.3931 22.5039
cv_recla  cv_pelaces  cv_mph
1.43735 0.830894 1.17402
 ------------------------------------------------
Talla a la edad & desviación 
 7.2 14.2025 17.0495 18.207 18.6776
 1.08 2.13037 2.55742 2.73105 2.80164
