years
 1997 1998 1999 2000 2001 2002 2003 2004 2005 2006 2007 2008 2009 2010 2011 2012 2013 2014 2015 2016 2017 2018 2019 2020 2021
reclasobs
 0 0 0 370054 412103 1.49427e+06 250295 1.28982e+06 931140 785840 897777 1.04006e+06 184774 17550 25797 100020 73551 82996 120727 218422 84188 347160 605670 569463 516374
reclaspred
 1.88099e+06 577855 2.07666e+06 1.33074e+06 1.35315e+06 1.60982e+06 3.02784e+06 1.88518e+06 1.87221e+06 1.55798e+06 1.23733e+06 824288 477329 223072 161038 178332 242316 374722 443719 602742 900994 908290 1.63163e+06 2.22383e+06 4.0424e+06
pelacesobs
 0 0 0 0 0 0 0 0 0 2.06254e+06 1.5e+06 0 1.87456e+06 323000 250000 174000 83755 137374 0 501740 490994 745055 786931 1.00524e+06 0
pelacespred
 1.4217e+06 580305 806727 984841 852409 845769 1.52675e+06 1.37299e+06 1.12139e+06 975753 667901 453736 256081 97512.9 71032.5 89068 126633 197459 247474 324823 525419 552871 752449 1.2068e+06 2.19522e+06
mphobs
 0 0 0 0 0 112323 0 153150 637223 0 255016 313432 73983 77613 109348 50772 0 0 0 0 0 0 0 0 0
mphpred
 1.20969e+06 944329 1.11554e+06 1.46953e+06 1.18168e+06 1.38952e+06 1.95532e+06 2.16662e+06 1.70346e+06 1.53862e+06 1.29379e+06 873182 537112 281222 143368 140970 181161 278067 375310 453469 677061 835574 1.09027e+06 1.64118e+06 2.88874e+06
desembarqueobs
 350755 77701 442110 56441 14545 235359 269955 359681 431902 328805 639364 411747 362871 311530 167758 66681 60226 58785 57116 71774 51957 67425 138520 160799 200461
desembarquepred
 350803 77720.1 442376 56449 14545.5 235484 270036 359866 432186 329012 640496 412534 363738 312527 167980 66728 60267.9 58805 57129 71791 51963.3 67432.4 138543 160820 200470
Reclutas
 122120 109178 69102.7 75167.6 108205 93147.7 135910 113549 122469 111271 69243.2 44880.8 44292.6 29785.6 22438.7 23119.5 21771.3 25864.7 29889.4 48728.5 70428.9 90340.3 151666 233877 420192
log_desv_Rt
 0.532759 0.420735 -0.0366516 0.047475 0.411783 0.261941 0.639751 0.459988 0.535615 0.439723 -0.0346202 -0.468235 -0.481428 -0.87822 -1.16146 -1.13157 -1.19165 -1.01937 -0.874741 -0.385981 -0.0176405 0.231339 0.749437 1.18255 1.76847
SSB
 1.20969e+06 944329 1.11554e+06 1.46953e+06 1.18168e+06 1.38952e+06 1.95532e+06 2.16662e+06 1.70346e+06 1.53862e+06 1.29379e+06 873182 537112 281222 143368 140970 181161 278067 375310 453469 677061 835574 1.09027e+06 1.64118e+06 2.88874e+06
BT
 4.72163e+06 1.2493e+06 2.17715e+06 2.04028e+06 1.82282e+06 1.83264e+06 3.82412e+06 3.2749e+06 2.88848e+06 2.38657e+06 1.97832e+06 1.3254e+06 917300 507919 319864 259115 346558 496145 565901 787654 1.26626e+06 1.18108e+06 1.69711e+06 2.83238e+06 5.15609e+06
Ftot
 0.18109 0.130865 0.206169 0.0414712 0.0105273 0.14213 0.0869787 0.185052 0.223249 0.204449 0.489963 0.47426 0.708007 1.22899 0.952517 0.358805 0.240452 0.15249 0.125273 0.115987 0.0563489 0.0724606 0.082826 0.0706028 0.048474
BD_Bspro_t
 0.976541 0.869401 0.836342 0.756424 0.806582 0.868347 0.835998 0.83495 0.773805 0.716677 0.65795 0.491958 0.379257 0.269982 0.171863 0.195783 0.305127 0.483967 0.615601 0.711271 0.802633 0.868069 0.879448 0.888579 0.90588
BD_Bspro
 0.818832 0.639209 0.755101 0.994716 0.799869 0.940556 1.32354 1.46657 1.15306 1.04148 0.875758 0.59105 0.363567 0.190357 0.0970446 0.0954214 0.122626 0.188222 0.254045 0.30695 0.458297 0.565593 0.737996 1.1109 1.95536
BD_Bo
 0.784671 0.612542 0.723598 0.953217 0.766499 0.901316 1.26833 1.40538 1.10496 0.99803 0.839222 0.566392 0.348399 0.182415 0.092996 0.0914405 0.11751 0.180369 0.243446 0.294144 0.439177 0.541997 0.707207 1.06456 1.87379
BD_Brms
 3.83351 2.99258 3.53514 4.65695 3.74473 4.40339 6.19642 6.86601 5.39827 4.87588 4.10002 2.76711 1.70211 0.891191 0.454332 0.446733 0.574097 0.881194 1.18936 1.43704 2.1456 2.64793 3.45506 5.2009 9.1544
S_f
 0.5 1 1 1 1
 0.5 1 1 1 1
 0.5 1 1 1 1
 0.5 1 1 1 1
 0.5 1 1 1 1
 0.5 1 1 1 1
 0.5 1 1 1 1
 0.5 1 1 1 1
 0.5 1 1 1 1
 0.5 1 1 1 1
 0.5 1 1 1 1
 0.5 1 1 1 1
 0.5 1 1 1 1
 0.5 1 1 1 1
 0.5 1 1 1 1
 0.5 1 1 1 1
 0.5 1 1 1 1
 0.5 1 1 1 1
 0.5 1 1 1 1
 0.5 1 1 1 1
 0.5 1 1 1 1
 0.5 1 1 1 1
 0.5 1 1 1 1
 0.5 1 1 1 1
 0.5 1 1 1 1
Scru_reclas
 0.5 1 1 1 1
 0.5 1 1 1 1
 0.5 1 1 1 1
 0.5 1 1 1 1
 0.5 1 1 1 1
 0.5 1 1 1 1
 0.5 1 1 1 1
 0.5 1 1 1 1
 0.5 1 1 1 1
 0.5 1 1 1 1
 0.5 1 1 1 1
 0.5 1 1 1 1
 0.5 1 1 1 1
 0.5 1 1 1 1
 0.5 1 1 1 1
 0.5 1 1 1 1
 0.5 1 1 1 1
 0.5 1 1 1 1
 0.5 1 1 1 1
 0.5 1 1 1 1
 0.5 1 1 1 1
 0.5 1 1 1 1
 0.5 1 1 1 1
 0.5 1 1 1 1
 0.5 1 1 1 1
Scru_pelaces
 0.5 1 1 1 1
 0.5 1 1 1 1
 0.5 1 1 1 1
 0.5 1 1 1 1
 0.5 1 1 1 1
 0.5 1 1 1 1
 0.5 1 1 1 1
 0.5 1 1 1 1
 0.5 1 1 1 1
 0.5 1 1 1 1
 0.5 1 1 1 1
 0.5 1 1 1 1
 0.5 1 1 1 1
 0.5 1 1 1 1
 0.5 1 1 1 1
 0.5 1 1 1 1
 0.5 1 1 1 1
 0.5 1 1 1 1
 0.5 1 1 1 1
 0.5 1 1 1 1
 0.5 1 1 1 1
 0.5 1 1 1 1
 0.5 1 1 1 1
 0.5 1 1 1 1
 0.5 1 1 1 1
pf_obs 
 0.256992 0.487395 0.22802 0.0275931 0
 0.321318 0.546541 0.124235 0.00734118 0.000564706
 0.182869 0.594174 0.210203 0.0122559 0.00049798
 0.330522 0.361315 0.267642 0.0388342 0.00168674
 0.649043 0.306663 0.0425973 0.00169635 0
 0.582887 0.30429 0.105238 0.00758474 0
 0.465427 0.430635 0.0974691 0.00646863 0
 0.296916 0.608066 0.0921331 0.00288517 0
 0.311714 0.524322 0.152257 0.0117073 0
 0.15457 0.633149 0.183074 0.0267441 0.00246327
 0.131901 0.49318 0.331252 0.0422183 0.00144891
 0.196976 0.569456 0.194076 0.0375587 0.00193317
 0.518974 0.381816 0.0799577 0.0180837 0.00116848
 0.0928022 0.601141 0.25162 0.0475244 0.00691264
 0.122501 0.610282 0.24278 0.0234846 0.000952079
 0.383417 0.481906 0.127806 0.00687128 0
 0.0376549 0.599619 0.316969 0.0457579 0
 0.0361596 0.667082 0.258105 0.0386534 0
 0.158088 0.579412 0.248529 0.0139706 0
 0.0477256 0.309471 0.559284 0.082774 0.000745712
 0.0406174 0.521527 0.379366 0.0568643 0.0016247
 0.151134 0.462217 0.34131 0.0453401 0
 0.294876 0.26143 0.354403 0.0886775 0.000613685
 0.281977 0.475581 0.204845 0.0348837 0.00271318
 0 0 0 0 0
pf_pred 
 0.662245 0.241909 0.0860409 0.00980032 4.91081e-06
 0.449398 0.443246 0.0768917 0.0273484 0.00311663
 0.309009 0.434494 0.206485 0.0358198 0.0141921
 0.373619 0.304922 0.202133 0.0960599 0.0232663
 0.447861 0.30195 0.121792 0.080736 0.0476613
 0.357551 0.397898 0.133739 0.0539437 0.0568693
 0.463207 0.288141 0.154001 0.0517619 0.0428888
 0.368723 0.403266 0.122392 0.0654145 0.0402044
 0.408142 0.32661 0.169443 0.0514263 0.0443785
 0.388782 0.363764 0.136555 0.0708436 0.0400558
 0.305989 0.398501 0.175871 0.0660212 0.0536173
 0.316946 0.344615 0.194331 0.0857647 0.0583424
 0.428222 0.295085 0.139598 0.0787204 0.0583754
 0.440313 0.363467 0.101266 0.0479064 0.0470479
 0.540678 0.320822 0.0899435 0.0250592 0.0234974
 0.577625 0.320694 0.0710208 0.0199109 0.010749
 0.473217 0.396223 0.0991294 0.0219532 0.00947726
 0.478497 0.343189 0.13412 0.033555 0.0106391
 0.458842 0.355585 0.122121 0.0477255 0.0157261
 0.533184 0.297491 0.111261 0.0382109 0.0198536
 0.523064 0.335009 0.0904472 0.033827 0.0176536
 0.482298 0.357343 0.112639 0.0304108 0.0173092
 0.539098 0.302057 0.109643 0.0345609 0.0146418
 0.536896 0.326676 0.0894096 0.0324546 0.0145641
 0.571037 0.301491 0.0899193 0.0246104 0.0129422
pobs_RECLAS
 0 0 0 0 0
 0 0 0 0 0
 0 0 0 0 0
 0 0 0 0 0
 0.835266 0.146461 0.0176864 0.000547809 3.91292e-05
 0.385257 0.428462 0.181853 0.0044286 0
 0.867414 0.0963971 0.0333333 0.00285562 0
 0.441836 0.489002 0.0689373 0.000224442 0
 0.779404 0.147425 0.0564933 0.0165055 0.000172143
 0.814271 0.122319 0.05973 0.00367925 0
 0.40263 0.566651 0.0304383 0.000280538 0
 0.475488 0.404961 0.113038 0.00651328 0
 0.955842 0.0263864 0.0167828 0.000988607 0
 0.975058 0.0227948 0.00214734 0 0
 0.738997 0.206755 0.0527124 0.00153531 0
 0.850938 0.134255 0.0134407 0.00136685 0
 0.542534 0.407297 0.0501686 0 0
 0.764087 0.199537 0.0359546 0.000420521 0
 0.470689 0.182191 0.310203 0.0369168 0
 0.84361 0.089868 0.0606195 0.00523954 0.000663233
 0.607945 0.314616 0.071237 0.00620181 0
 0.523733 0.453247 0.0230204 0 0
 0.530135 0.295979 0.169645 0.0042399 0
 0.562478 0.366248 0.0663022 0.0049721 0
 0.250443 0.683176 0.0655157 0.000865301 0
ppred_RECLAS
 0.663638 0.240911 0.085686 0.0097599 4.89056e-06
 0.450463 0.442388 0.0767428 0.0272955 0.00311059
 0.31056 0.433519 0.206022 0.0357394 0.0141602
 0.373912 0.304779 0.202038 0.096015 0.0232554
 0.447937 0.301908 0.121775 0.0807249 0.0476547
 0.358637 0.397225 0.133513 0.0538525 0.0567731
 0.46389 0.287774 0.153805 0.051696 0.0428342
 0.370212 0.402315 0.122104 0.0652602 0.0401095
 0.410069 0.325547 0.168891 0.0512589 0.0442341
 0.39049 0.362747 0.136173 0.0706456 0.0399438
 0.310549 0.395883 0.174716 0.0655874 0.053265
 0.321397 0.34237 0.193065 0.085206 0.0579623
 0.436914 0.290599 0.137476 0.0775238 0.057488
 0.459991 0.350688 0.0977052 0.0462221 0.0453937
 0.55413 0.311426 0.0873092 0.0243253 0.0228092
 0.581102 0.318054 0.0704363 0.019747 0.0106606
 0.475388 0.39459 0.0987208 0.0218627 0.0094382
 0.479774 0.342348 0.133792 0.0334728 0.010613
 0.459861 0.354916 0.121891 0.0476356 0.0156965
 0.53412 0.296894 0.111037 0.0381342 0.0198138
 0.523494 0.334706 0.0903655 0.0337964 0.0176376
 0.482861 0.356954 0.112516 0.0303777 0.0172903
 0.539745 0.301632 0.109489 0.0345123 0.0146213
 0.537441 0.326291 0.0893042 0.0324164 0.014547
 0.571398 0.301237 0.0898436 0.0245897 0.0129313
pobs_PELACES
 0 0 0 0 0
 0 0 0 0 0
 0 0 0 0 0
 0 0 0 0 0
 0 0 0 0 0
 0 0 0 0 0
 0 0 0 0 0
 0 0 0 0 0
 0 0 0 0 0
 0 0 0 0 0
 0.450072 0.473896 0.0757376 0.000293798 0
 0 0 0 0 0
 0.463077 0.371075 0.160297 0.00555027 0
 0.529543 0.364841 0.0842815 0.0213345 0
 0.631943 0.363953 0.00410389 0 0
 0.735681 0.248677 0.0153453 0.000297389 0
 0.695825 0.281241 0.0229344 0 0
 0.275771 0.60734 0.115278 0.00161068 0
 0 0 0 0 0
 0.896147 0.0623911 0.0374545 0.00400742 0
 0.803859 0.145111 0.0509908 3.86294e-05 0
 0.739449 0.233085 0.0266225 0.000797448 4.60066e-05
 0.878498 0.100942 0.0204185 0.000141795 0
 0.694673 0.275183 0.0284847 0.00165964 0
 0 0 0 0 0
ppred_PELACES
 0.670275 0.236158 0.0839953 0.00956732 4.79406e-06
 0.455814 0.43808 0.0759956 0.0270297 0.00308031
 0.31789 0.42891 0.203831 0.0353595 0.0140097
 0.375515 0.303999 0.201521 0.0957691 0.0231958
 0.448366 0.301673 0.12168 0.0806621 0.0476177
 0.364049 0.393873 0.132386 0.0533981 0.0562941
 0.467461 0.285857 0.152781 0.0513517 0.0425489
 0.377359 0.397749 0.120718 0.0645196 0.0396544
 0.419008 0.320614 0.166332 0.0504822 0.0435638
 0.398548 0.357951 0.134373 0.0697117 0.0394158
 0.328118 0.385795 0.170264 0.0639161 0.0519077
 0.338697 0.333642 0.188143 0.0830338 0.0564847
 0.465834 0.275673 0.130415 0.0735421 0.0545354
 0.5106 0.317822 0.0885485 0.0418903 0.0411395
 0.592555 0.284587 0.079785 0.0222289 0.0208435
 0.59544 0.307168 0.0680253 0.0190711 0.0102957
 0.485291 0.387142 0.0968573 0.02145 0.00926003
 0.486057 0.338214 0.132176 0.0330685 0.0104849
 0.464999 0.35154 0.120731 0.0471825 0.0155471
 0.538879 0.293861 0.109903 0.0377447 0.0196114
 0.525813 0.333077 0.0899258 0.033632 0.0175518
 0.485847 0.354893 0.111867 0.0302023 0.0171905
 0.543138 0.299409 0.108682 0.0342579 0.0145135
 0.540336 0.324249 0.0887454 0.0322135 0.0144559
 0.573356 0.299861 0.0894332 0.0244774 0.0128722
pobs_pel_tallas
 0 0 0 0 0 0 0 0 0 0 0 0 0 0 0 0 0 0 0 0 0 0 0 0 0 0 0 0 0 0 0 0 0 0 0 0
 0 0 0 0 0 0 0 0 0 0 0 0 0 0 0 0 0 0 0 0 0 0 0 0 0 0 0 0 0 0 0 0 0 0 0 0
 0 0 0 0 0 0 0 0 0 0 0 0 0 0 0 0 0 0 0 0 0 0 0 0 0 0 0 0 0 0 0 0 0 0 0 0
 0 0 0 0 0 0 0 0 0 0 0 0 0 0 0 0 0 0 0 0 0 0 0 0 0 0 0 0 0 0 0 0 0 0 0 0
 0 0 0 0 0 0 0 0 0 0 0 0 0 0 0 0 0 0 0 0 0 0 0 0 0 0 0 0 0 0 0 0 0 0 0 0
 0 0 0 0 0 0 0 0 0 0 0 0 0 0 0 0 0 0 0 0 0 0 0 0 0 0 0 0 0 0 0 0 0 0 0 0
 0 0 0 0 0 0 0 0 0 0 0 0 0 0 0 0 0 0 0 0 0 0 0 0 0 0 0 0 0 0 0 0 0 0 0 0
 0 0 0 0 0 0 0 0 0 0 0 0 0 0 0 0 0 0 0 0 0 0 0 0 0 0 0 0 0 0 0 0 0 0 0 0
 0 0 0 0 0 0 0 0 0 0 0 0 0 0 0 0 0 0 0 0 0 0 0 0 0 0 0 0 0 0 0 0 0 0 0 0
 0 0 0 0 0 0 0 0 0 0 0 0 0 0 0 0 0 0 0 0 0 0 0 0 0 0 0 0 0 0 0 0 0 0 0 0
 0 0 0 0 0 0 0 0 1.78061e-05 0.00172719 0.00360574 0.0105946 0.0120993 0.0124554 0.0147524 0.0171206 0.0266825 0.0428682 0.0675386 0.121331 0.153587 0.119568 0.100827 0.0573624 0.0630603 0.0341343 0.0324427 0.0444173 0.0211091 0.0280891 0.0125444 0.00206551 0 0 0 0
 0 0 0 0 0 0 0 0 0 0 0 0 0 0 0 0 0 0 0 0 0 0 0 0 0 0 0 0 0 0 0 0 0 0 0 0
 0 0 0 0 0 0 0.0133647 0.0140871 0.0187388 0.0205184 0.03894 0.0496705 0.03968 0.0493445 0.0407372 0.0367815 0.0215668 0.0243155 0.0234873 0.0199281 0.019796 0.0243948 0.0301388 0.0376714 0.0412746 0.0863199 0.0771752 0.113111 0.0741005 0.0525337 0.0229764 0.00759418 0.00175318 0 0 0
 0 0 0 0 0 0 0 0 0 0 0.00219441 0.00772107 0.0458388 0.0604681 0.0671733 0.0775358 0.0609151 0.0617685 0.073594 0.0568108 0.0755445 0.0548602 0.0670107 0.0636378 0.0643287 0.046367 0.0373049 0.0286899 0.0247887 0.0153202 0.00654259 0.00121912 0.000365735 0 0 0
 0 0 0 0 0 0 0 0 0 0 0 0 0.000112435 0.00938835 0.0111873 0.0202946 0.0414886 0.0713402 0.111592 0.104902 0.108894 0.110636 0.117776 0.105296 0.107544 0.0401394 0.0192827 0.0124803 0.00416011 0.0028671 0.000618394 0 0 0 0 0
 0 0 0 0 0 0 0 0 0 0 0.00291406 0.0102884 0.027416 0.0768956 0.0749926 0.110853 0.0956884 0.0897413 0.0766577 0.0534642 0.0500743 0.0551293 0.0594112 0.0620874 0.0668451 0.0424026 0.0208742 0.0120726 0.0048766 0.00582813 0.00118941 0.000297354 0 0 0 0
 0 0.00264628 0.0354308 0.0461629 0.0458689 0.0383711 0.0214643 0.0164657 0.0346957 0.0420465 0.0363128 0.0245516 0.0311673 0.0291091 0.0169068 0.0133784 0.00837989 0.0085269 0.0148486 0.0160247 0.0276389 0.0546898 0.0760071 0.122758 0.109233 0.0665981 0.0333725 0.0166128 0.00676272 0.00308733 0.000882094 0 0 0 0 0
 0 0 0 0 0 0 0 0.000805153 0.000690131 0.00759144 0.0133425 0.0154129 0.00931677 0.000345066 0.00356568 0.00563607 0.00851162 0.0253048 0.0502646 0.0516448 0.0657925 0.0565908 0.0611916 0.0827007 0.0866115 0.110766 0.145733 0.0935128 0.0569358 0.0249597 0.0138026 0.00621118 0.00161031 0.00115022 0 0
 0 0 0 0 0 0 0 0 0 0 0 0 0 0 0 0 0 0 0 0 0 0 0 0 0 0 0 0 0 0 0 0 0 0 0 0
 0.00147267 0.00158595 0.00478618 0.00569244 0.00954404 0.0108468 0.00647125 0.017049 0.0510054 0.094081 0.124002 0.0959785 0.0687766 0.0820023 0.061753 0.0591476 0.0492212 0.0479892 0.0443925 0.0268479 0.0217502 0.0140895 0.0121071 0.0120363 0.00920419 0.00665534 0.0049561 0.00860946 0.00930331 0.0156896 0.0114698 0.00855282 0.00243557 0.00046729 0 2.83206e-05
 0 0 0 0 0.000772559 0.00158375 0.000888443 0.00281984 0.00712685 0.0440552 0.0773331 0.111326 0.0921469 0.0852325 0.0710754 0.0886704 0.0786465 0.0553345 0.0373146 0.0185414 0.00753245 0.00457741 0.012979 0.0271748 0.0457355 0.0583668 0.034881 0.0177882 0.00938659 0.00492506 0.0015258 0.00185414 0.000309023 5.79419e-05 3.86279e-05 0
 0 0.00173294 0.00326652 0 0.00397197 0.00683976 0.00946217 0.0152591 0.00757587 0.0136028 0.0228656 0.0392903 0.0559909 0.0764795 0.0681675 0.0726916 0.0566044 0.0477403 0.0527397 0.0444891 0.0609904 0.0582453 0.0661739 0.0445044 0.0529084 0.0360697 0.0280645 0.0235558 0.0158879 0.00826598 0.00280645 0.00217768 0.000904811 0.00058276 9.20147e-05 0
 0 0 0 0 0 0 0 0 0 0 0 0 0 0 0 0 0 0 0 0 0 0 0 0 0 0 0 0 0 0 0 0 0 0 0 0
 0 0 0 0 0 0 0 0 0 0 0 0 0 0 0 0 0 0 0 0 0 0 0 0 0 0 0 0 0 0 0 0 0 0 0 0
 0 0 0 0 0 0 0 0 0 0 0 0 0 0 0 0 0 0 0 0 0 0 0 0 0 0 0 0 0 0 0 0 0 0 0 0
ppred_pel_tallas
 1.01599e-16 2.92495e-05 0.00017166 0.000815968 0.00314148 0.00979638 0.024745 0.0506322 0.083931 0.112725 0.122687 0.108267 0.0776073 0.045506 0.0224851 0.0105884 0.00666388 0.00698227 0.00924404 0.0124007 0.015952 0.0195162 0.0227049 0.0251488 0.0265679 0.0268316 0.0259828 0.0242152 0.0218164 0.0190957 0.0163221 0.013688 0.0113017 0.00920348 0.00739087 0.00584228
 1.02295e-16 1.99062e-05 0.000116787 0.000555059 0.00213684 0.00666341 0.0168316 0.0344424 0.0571022 0.0767172 0.0835639 0.0739006 0.0533177 0.0319585 0.0170834 0.0102057 0.00930262 0.0119216 0.0165024 0.0222164 0.0284696 0.0346262 0.0399811 0.043865 0.0457895 0.0455589 0.043312 0.0394725 0.034634 0.0294157 0.0243389 0.0197545 0.0158314 0.0125907 0.00996223 0.00783951
 1.04903e-16 1.3892e-05 8.14789e-05 0.000387198 0.00149054 0.00464793 0.0117407 0.024026 0.039837 0.0535341 0.0583458 0.0516795 0.0374619 0.0228089 0.0128414 0.00868525 0.00900546 0.0121574 0.0170893 0.0232095 0.0300268 0.0369572 0.0433201 0.0484438 0.0518013 0.0531203 0.0524277 0.0500137 0.046335 0.0418933 0.0371314 0.0323737 0.0278178 0.0235617 0.0196456 0.0160874
 1.07335e-16 1.63995e-05 9.62122e-05 0.000457268 0.00176037 0.00548942 0.0138661 0.0283737 0.0470399 0.0631953 0.0688273 0.0608492 0.0438609 0.026211 0.0138729 0.00808835 0.00719495 0.00919345 0.012845 0.017544 0.0229063 0.0285295 0.0339463 0.038681 0.0423385 0.0446773 0.0456416 0.0453404 0.0439891 0.0418372 0.0391093 0.0359763 0.0325586 0.0289474 0.0252308 0.0215088
 1.06823e-16 1.95758e-05 0.000114861 0.000545927 0.00210173 0.00655395 0.016555 0.0338754 0.0561586 0.0754389 0.0821438 0.0725788 0.0522209 0.0310156 0.0160635 0.00880728 0.00721778 0.00886646 0.0122457 0.0166278 0.0215824 0.026692 0.0314915 0.0355232 0.0384267 0.0400114 0.0402836 0.0394192 0.037695 0.0354061 0.0327981 0.0300345 0.0271991 0.0243245 0.0214271 0.0185342
 1.06473e-16 1.5903e-05 9.32893e-05 0.000443355 0.00170677 0.00532225 0.0134439 0.0275106 0.0456117 0.0612848 0.0667679 0.0590794 0.0426955 0.0257348 0.0140203 0.00879146 0.00846805 0.0111263 0.0155478 0.0210836 0.0272517 0.0335133 0.0392536 0.0438732 0.0469121 0.0481472 0.0476288 0.0456421 0.0426123 0.0389892 0.03515 0.0313474 0.0277086 0.0242681 0.0210161 0.0179387
 1.06015e-16 2.0408e-05 0.000119747 0.00056916 0.00219119 0.00683292 0.0172596 0.035317 0.0585477 0.0786457 0.085629 0.0756424 0.054391 0.032236 0.0165699 0.00888502 0.00705413 0.00853752 0.0117635 0.0159853 0.0207784 0.0257429 0.0304329 0.0344059 0.0373061 0.0389349 0.0392785 0.0384856 0.036806 0.0345154 0.0318536 0.0289925 0.0260365 0.0230448 0.0200598 0.0171287
 1.05914e-16 1.64835e-05 9.66972e-05 0.000459556 0.00176915 0.00551677 0.0139353 0.028516 0.0472781 0.0635227 0.0692029 0.0612267 0.0442315 0.0266287 0.014449 0.00897061 0.00854814 0.0111807 0.0156006 0.0211346 0.0272874 0.0335105 0.0391808 0.0436934 0.0465873 0.047644 0.0469247 0.04473 0.0415033 0.0377117 0.0337467 0.0298704 0.026213 0.0228065 0.0196341 0.0166718
 1.06236e-16 1.82966e-05 0.000107349 0.000510208 0.0019642 0.00612505 0.0154716 0.0316589 0.0524855 0.0705086 0.0767856 0.0678689 0.0488855 0.0291422 0.0152915 0.00870257 0.00750055 0.00943349 0.0130997 0.0178097 0.0231307 0.0286218 0.0337828 0.0381167 0.0412265 0.0428938 0.0431109 0.0420548 0.0400175 0.0373207 0.0342443 0.0309889 0.027676 0.0243711 0.0211168 0.0179571
 1.06262e-16 1.74059e-05 0.000102116 0.000485325 0.00186838 0.00582623 0.0147169 0.0301149 0.0499273 0.0670766 0.0730601 0.064605 0.0465972 0.0279036 0.0148707 0.00882235 0.00799573 0.0102615 0.0142834 0.0193797 0.0250875 0.0309146 0.0363029 0.0407055 0.043698 0.0450658 0.0448382 0.0432547 0.0406814 0.0375089 0.034067 0.0305801 0.0271665 0.0238685 0.0206943 0.0176515
 1.07165e-16 1.4336e-05 8.40903e-05 0.000399622 0.00153839 0.00479718 0.0121176 0.0247969 0.0411135 0.0552443 0.060196 0.0532857 0.0385554 0.0233336 0.0128841 0.00834383 0.0083101 0.0110692 0.0155365 0.0211291 0.0273983 0.0338276 0.0398183 0.0447775 0.0482391 0.0499577 0.0499469 0.0484445 0.0458257 0.042496 0.0388021 0.0349849 0.0311793 0.027445 0.023809 0.0202987
 1.08272e-16 1.47952e-05 8.67908e-05 0.000412472 0.00158788 0.00495152 0.0125074 0.025594 0.0424334 0.0570123 0.0621079 0.0549435 0.0396797 0.0238641 0.0129081 0.00795938 0.00754671 0.00988775 0.0138699 0.0189272 0.0246647 0.0306452 0.0363584 0.0412904 0.0450227 0.0473125 0.0481261 0.047612 0.0460324 0.043679 0.0408038 0.0375866 0.0341385 0.0305288 0.0268191 0.0230852
 1.07017e-16 2.03365e-05 0.000119329 0.000567174 0.00218355 0.00680909 0.0171994 0.0351937 0.0583431 0.0783699 0.0853264 0.0753697 0.0541829 0.0320885 0.0164497 0.00874908 0.00686274 0.00825703 0.0113662 0.015451 0.0200997 0.0249306 0.02952 0.0334487 0.0363807 0.0381295 0.0386832 0.0381808 0.0368523 0.034946 0.0326702 0.0301649 0.0275066 0.0247327 0.0218731 0.0189721
 1.04723e-16 2.22901e-05 0.000130795 0.000621675 0.00239338 0.00746343 0.0188523 0.0385759 0.06395 0.0859021 0.0935284 0.0826176 0.0593996 0.0351897 0.0180585 0.00962918 0.00756764 0.00908439 0.012442 0.0167996 0.0216664 0.0265811 0.0310419 0.0345663 0.0367898 0.0375439 0.0368852 0.0350626 0.0324383 0.029392 0.0262397 0.0231902 0.0203431 0.0177165 0.0152875 0.0130271
 1.02964e-16 2.58625e-05 0.00015177 0.000721403 0.00277736 0.00866089 0.0218769 0.0447642 0.0742062 0.0996708 0.108498 0.0957903 0.0687598 0.0405123 0.0203791 0.0102022 0.00723016 0.00819207 0.0110601 0.0148807 0.0191483 0.0234288 0.027264 0.0302173 0.031961 0.0323476 0.0314369 0.0294666 0.0267815 0.0237451 0.0206652 0.0177511 0.0151087 0.012763 0.0106927 0.00886192
 1.02203e-16 2.59892e-05 0.000152512 0.000724925 0.00279092 0.00870315 0.0219836 0.0449828 0.0745692 0.10016 0.109035 0.096275 0.0691309 0.0407772 0.0205973 0.0104494 0.00757478 0.00868868 0.0117484 0.0157808 0.0202522 0.024692 0.0286026 0.0315131 0.0330759 0.0331443 0.031802 0.0293295 0.0261254 0.0226076 0.019129 0.015929 0.0131256 0.0107397 0.00873361 0.00704763
 1.02671e-16 2.11895e-05 0.000124326 0.000590909 0.00227489 0.00709393 0.017919 0.0366669 0.0607879 0.081662 0.0889317 0.0786042 0.0566167 0.0337469 0.0176963 0.0100433 0.00860306 0.0107453 0.0148133 0.0199639 0.0256432 0.0312862 0.03627 0.0399991 0.0420311 0.0421751 0.0405295 0.037441 0.0334065 0.0289498 0.0245163 0.0204119 0.0167923 0.0136931 0.0110759 0.00887329
 1.03613e-16 2.1221e-05 0.000124515 0.000591818 0.00227841 0.0071049 0.0179467 0.0367231 0.0608798 0.0817815 0.0890514 0.0786851 0.0566209 0.0336415 0.0174451 0.00959539 0.00788971 0.00968784 0.0133412 0.0180386 0.0232827 0.0285848 0.033404 0.0372145 0.0396117 0.0403971 0.039613 0.0375108 0.0344717 0.0309074 0.0271748 0.0235277 0.0201106 0.0169821 0.0141508 0.0116079
 1.04177e-16 2.03032e-05 0.000119126 0.000566196 0.00217975 0.00679724 0.0171696 0.0351332 0.0582449 0.0782445 0.0852067 0.075304 0.0542229 0.032287 0.0168716 0.00948551 0.00803409 0.0100006 0.0138093 0.0186742 0.0240962 0.0295726 0.0345448 0.0384712 0.0409378 0.0417458 0.0409465 0.0388067 0.0357249 0.0321268 0.0283762 0.0247255 0.0213109 0.018179 0.0153269 0.0127374
 1.0387e-16 2.35224e-05 0.000138031 0.000656082 0.00252586 0.00787658 0.0198958 0.0407109 0.0674881 0.090651 0.0986892 0.0871531 0.0626102 0.0369905 0.0187967 0.00972374 0.00729119 0.00854337 0.0116468 0.0157312 0.0203157 0.0249671 0.0292167 0.032611 0.0348008 0.0356144 0.0350868 0.033431 0.03097 0.0280496 0.0249665 0.0219275 0.0190459 0.0163639 0.0138857 0.0116054
 1.03361e-16 2.29542e-05 0.000134692 0.000640199 0.00246469 0.00768582 0.019414 0.0397254 0.0658558 0.0884623 0.0963168 0.0850827 0.0611765 0.0362511 0.0186188 0.00995163 0.00784565 0.00942594 0.0128981 0.0173872 0.0223751 0.027371 0.0318417 0.0352771 0.0372942 0.0377217 0.0366309 0.0343016 0.0311389 0.0275697 0.0239549 0.0205398 0.0174483 0.0147093 0.012297 0.0101686
 1.03545e-16 2.12125e-05 0.000124464 0.00059157 0.00227745 0.00710191 0.0179391 0.0367078 0.0608549 0.0817493 0.0890197 0.0786652 0.0566243 0.0336787 0.0175283 0.00974159 0.00812109 0.0100289 0.0138129 0.0186502 0.0240241 0.0294203 0.0342713 0.0380303 0.0402833 0.0408389 0.039763 0.0373432 0.0340023 0.0301897 0.0262892 0.0225665 0.0191624 0.016119 0.0134217 0.0110361
 1.03496e-16 2.37083e-05 0.000139122 0.000661268 0.00254583 0.00793884 0.0200531 0.0410327 0.0680217 0.0913679 0.0994703 0.0878443 0.0631096 0.0372915 0.0189603 0.00982517 0.00738642 0.00866451 0.0118096 0.0159411 0.0205688 0.0252494 0.0295033 0.0328677 0.0349877 0.0356916 0.0350203 0.0331986 0.0305646 0.0274804 0.0242573 0.0211131 0.0181674 0.0154639 0.0130038 0.0107751
 1.03148e-16 2.35871e-05 0.000138408 0.00065787 0.00253273 0.007898 0.0199499 0.0408219 0.0676729 0.0909016 0.0989682 0.0874143 0.0628299 0.0371845 0.0190128 0.0100245 0.00774068 0.00920079 0.0125595 0.0169236 0.0217759 0.0266352 0.0309812 0.0343164 0.0362675 0.0366672 0.0355847 0.0332928 0.0301868 0.0266837 0.0231369 0.0197877 0.0167588 0.0140803 0.0117282 0.00966127
 1.0281e-16 2.5026e-05 0.000146858 0.000698045 0.00268742 0.00838041 0.0211684 0.0433148 0.0718043 0.0964469 0.104995 0.0927118 0.0665817 0.0392928 0.0198839 0.0101491 0.00743775 0.00859373 0.0116567 0.0156954 0.0201992 0.0247153 0.0287602 0.0318718 0.0337023 0.0340932 0.033105 0.0309866 0.0281012 0.0248343 0.0215142 0.0183676 0.0155131 0.0129842 0.0107639 0.00881799
pSPR Fmed_Fpbrs
0.734064   0.254687 0.254687
Fs Fmed_Fpbrs
0.158158   1.005 1.005
SSBpbr Bo_Bmed_Bpbrs
1.54166e+06  1.05459e+06  315557 315557
Ro
71682.4
SPR SPRFo_SPRFmed_SPRFpbrs
1.47734e+06 1.08446e+06 376259
log_Ro
11
likeval ReclasPelacesDesembMPH_pf_preclas_ppelaces_ptallas_desvR_qrecl_qpela
 231.206 51.4682 0.138133 0.00123521 313.851 221.384 74.3427 0 19.6824 0 0 0 0 0 0
q_reclas_q_pelaces
1 1
M
0.7
N
 122120 23192.3 8248.92 939.577 0.47081
 109178 55393.3 9609.3 3417.78 389.491
 69102.7 50782.3 24133.3 4186.51 1658.72
 75167.6 30954.2 20519.6 9751.54 2361.88
 108205 36561.1 14747 9775.77 5770.98
 93147.7 53450.9 17965.6 7246.44 7639.44
 135910 43082.7 23026.2 7739.42 6412.71
 113549 64618.9 19612 10482 6442.31
 122469 51403.5 26667.7 8093.73 6984.52
 111271 54393 20418.8 10593.1 5989.48
 69243.2 49886.2 22016.4 8264.83 6712.06
 44880.8 26913.9 15177 6698.1 4556.46
 44292.6 17582.1 8317.68 4690.41 3478.19
 29785.6 15437.7 4301.11 2034.76 1998.29
 22438.7 8000.71 2243.02 624.929 585.981
 23119.5 6920.78 1532.67 429.69 231.971
 21771.3 9595.31 2400.61 531.638 229.51
 25864.7 9586.6 3746.5 937.321 297.191
 29889.4 11901.1 4087.27 1597.33 526.337
 48728.5 13941.5 5214.06 1790.69 930.41
 70428.9 22834.4 6164.95 2305.67 1203.28
 90340.3 34002.4 10718 2893.69 1647.02
 151666 43265.4 15704.8 4950.36 2097.24
 233877 72259.9 19777.2 7178.88 3221.55
 420192 112111 33437.1 9151.56 4812.63
pred_Ctot
 7642.54 2791.72 992.942 113.099 0.0566725
 4991.92 4923.58 854.114 303.786 34.6195
 4896.76 6885.28 3272.1 567.625 224.897
 1110.71 906.486 600.91 285.571 69.167
 408.649 275.514 111.129 73.6674 43.4885
 4614.24 5134.93 1725.92 696.151 733.906
 4170.1 2594.03 1386.42 465.995 386.113
 7255.35 7935.05 2408.31 1287.16 791.1
 9362.66 7492.34 3886.96 1179.7 1018.03
 7822.05 7318.69 2747.4 1425.33 805.897
 10973.6 14291.4 6307.24 2367.71 1922.87
 6907.63 7510.64 4235.32 1869.18 1271.53
 9691.36 6678.25 3159.33 1781.57 1321.13
 10183.9 8406.54 2342.15 1108.02 1088.16
 6283.09 3728.2 1045.21 291.207 273.058
 2759.01 1531.78 339.228 95.1036 51.3423
 1786 1495.41 374.13 82.8547 35.7687
 1371.54 983.698 384.435 96.1801 30.4953
 1309.83 1015.07 348.61 136.239 44.8921
 1981.12 1105.37 413.406 141.978 73.7692
 1409.41 902.693 243.713 91.148 47.5681
 2316.58 1716.4 541.029 146.07 83.1396
 4435.38 2485.15 902.079 284.347 120.465
 5845.89 3556.95 973.519 353.376 158.579
 7246.21 3825.78 1141.04 312.296 164.23
F
 0.0905451 0.18109 0.18109 0.18109 0.18109
 0.0654324 0.130865 0.130865 0.130865 0.130865
 0.103084 0.206169 0.206169 0.206169 0.206169
 0.0207356 0.0414712 0.0414712 0.0414712 0.0414712
 0.00526364 0.0105273 0.0105273 0.0105273 0.0105273
 0.0710652 0.14213 0.14213 0.14213 0.14213
 0.0434894 0.0869787 0.0869787 0.0869787 0.0869787
 0.0925259 0.185052 0.185052 0.185052 0.185052
 0.111624 0.223249 0.223249 0.223249 0.223249
 0.102225 0.204449 0.204449 0.204449 0.204449
 0.244982 0.489963 0.489963 0.489963 0.489963
 0.23713 0.47426 0.47426 0.47426 0.47426
 0.354004 0.708007 0.708007 0.708007 0.708007
 0.614494 1.22899 1.22899 1.22899 1.22899
 0.476258 0.952517 0.952517 0.952517 0.952517
 0.179403 0.358805 0.358805 0.358805 0.358805
 0.120226 0.240452 0.240452 0.240452 0.240452
 0.0762449 0.15249 0.15249 0.15249 0.15249
 0.0626364 0.125273 0.125273 0.125273 0.125273
 0.0579933 0.115987 0.115987 0.115987 0.115987
 0.0281745 0.0563489 0.0563489 0.0563489 0.0563489
 0.0362303 0.0724606 0.0724606 0.0724606 0.0724606
 0.041413 0.082826 0.082826 0.082826 0.082826
 0.0353014 0.0706028 0.0706028 0.0706028 0.0706028
 0.024237 0.048474 0.048474 0.048474 0.048474
nmprior
 10 11 7 0
nm_flota  nm_reclas  nm_pelaces    nm_pelaL
inf 11.4521 13.4374 22.5932
cv_recla  cv_pelaces  cv_mph
1.37538 0.844178 1.14027
 ------------------------------------------------
Talla a la edad & desviación 
 7.2 14.2025 17.0495 18.207 18.6776
 1.08 2.13037 2.55742 2.73105 2.80164
