years
 1997 1998 1999 2000 2001 2002 2003 2004 2005 2006 2007 2008 2009 2010 2011 2012 2013 2014 2015 2016 2017 2018 2019 2020 2021
reclasobs
 0 0 0 370054 412103 1.49427e+06 250295 1.28982e+06 931140 785840 897777 1.04006e+06 184774 17550 25797 100020 73551 82996 120727 218422 84188 347160 605670 569463 516374
reclaspred
 1.38145e+06 391672 1.32787e+06 835315 911067 1.12759e+06 2.22728e+06 1.48862e+06 1.58171e+06 1.41771e+06 1.18171e+06 796851 463067 214806 150487 160513 209997 315599 365259 492680 744338 743535 1.28575e+06 1.63746e+06 2.62306e+06
pelacesobs
 0 0 0 0 0 0 0 0 0 2.06254e+06 1.5e+06 0 1.87456e+06 323000 250000 174000 83755 137374 0 501740 490994 745055 786931 1.00524e+06 0
pelacespred
 989310 384552 505535 608958 564787 572746 1.12835e+06 1.04836e+06 933455 872893 627891 434247 246772 92719.8 65299.2 79256.8 108675 164958 201991 263104 431478 450543 590868 889405 1.43117e+06
mphobs
 0 0 0 0 0 112323 0 153150 637223 0 255016 313432 73983 77613 109348 50772 0 0 0 0 0 0 0 0 0
mphpred
 914309 649680 735254 909242 763297 970320 1.40145e+06 1.65932e+06 1.39154e+06 1.35543e+06 1.22013e+06 840959 519209 272987 135756 128725 159165 236331 311431 369594 556074 689793 874906 1.24911e+06 2.00926e+06
desembarqueobs
 350755 77701 442110 56441 14545 235359 269955 359681 431902 328805 639364 411747 362871 311530 167758 66681 60226 58785 57116 71774 51957 67425 138520 160799 200461
desembarquepred
 350802 77720.4 442384 56449.5 14545.5 235485 270029 359815 432094 328931 640134 412331 363500 312289 167908 66719.5 60264.2 58801.9 57126.1 71786.8 51962 67429.8 138539 160820 200472
Reclutas
 83573.6 77519.4 48337 54051.7 84471 72892.3 117149 105481 124063 117608 70703.3 44401.8 44935.3 29390.9 21505.6 20829.1 18946.9 21940 24821.6 41613.3 59606.7 72466.3 114940 162115 223672
log_desv_Rt
 0.333482 0.258283 -0.214047 -0.102304 0.344164 0.196738 0.671199 0.566285 0.728546 0.675112 0.166247 -0.298964 -0.287022 -0.711559 -1.02393 -1.05589 -1.15061 -1.00393 -0.880532 -0.363824 -0.00447644 0.190877 0.652164 0.996064 1.31793
SSB
 914309 649680 735254 909242 763297 970320 1.40145e+06 1.65932e+06 1.39154e+06 1.35543e+06 1.22013e+06 840959 519209 272987 135756 128725 159165 236331 311431 369594 556074 689793 874906 1.24911e+06 2.00926e+06
BT
 3.33995e+06 870504 1.48555e+06 1.30502e+06 1.24532e+06 1.31077e+06 2.98156e+06 2.64959e+06 2.54878e+06 2.21435e+06 1.90298e+06 1.28608e+06 900454 497376 306028 236390 304376 422560 471154 654183 1.05368e+06 971473 1.34472e+06 2.09493e+06 3.28535e+06
Ftot
 0.24559 0.192373 0.319878 0.0659785 0.0156316 0.202123 0.118043 0.233633 0.263586 0.224382 0.511857 0.489713 0.728121 1.26909 1.01283 0.397452 0.276788 0.180737 0.151926 0.141684 0.0681643 0.0884309 0.104966 0.0957482 0.0745911
BD_Bspro_t
 0.967625 0.821778 0.7719 0.659594 0.730603 0.821483 0.783861 0.7926 0.734063 0.686756 0.639769 0.477278 0.366545 0.260614 0.162458 0.180379 0.276585 0.442035 0.569637 0.667145 0.7693 0.843987 0.853679 0.858451 0.870142
BD_Bspro
 0.740945 0.526493 0.59584 0.736839 0.618566 0.786335 1.13572 1.34469 1.12768 1.09843 0.988775 0.681502 0.420761 0.221225 0.110015 0.104317 0.128986 0.191519 0.25238 0.299514 0.450636 0.558999 0.709013 1.01226 1.62828
BD_Bo
 0.715137 0.508154 0.575086 0.711174 0.597021 0.758946 1.09616 1.29786 1.08841 1.06017 0.954335 0.657765 0.406105 0.21352 0.106183 0.100684 0.124493 0.184849 0.243589 0.289082 0.434939 0.539529 0.684317 0.977004 1.57157
BD_Brms
 3.4938 2.48259 2.80959 3.47444 2.91675 3.70784 5.35529 6.34069 5.31741 5.17946 4.66241 3.21351 1.98403 1.04315 0.518759 0.491891 0.608211 0.903079 1.19006 1.41231 2.1249 2.63587 3.34323 4.77316 7.6779
S_f
 0.5 1 1 1 1
 0.5 1 1 1 1
 0.5 1 1 1 1
 0.5 1 1 1 1
 0.5 1 1 1 1
 0.5 1 1 1 1
 0.5 1 1 1 1
 0.5 1 1 1 1
 0.5 1 1 1 1
 0.5 1 1 1 1
 0.5 1 1 1 1
 0.5 1 1 1 1
 0.5 1 1 1 1
 0.5 1 1 1 1
 0.5 1 1 1 1
 0.5 1 1 1 1
 0.5 1 1 1 1
 0.5 1 1 1 1
 0.5 1 1 1 1
 0.5 1 1 1 1
 0.5 1 1 1 1
 0.5 1 1 1 1
 0.5 1 1 1 1
 0.5 1 1 1 1
 0.5 1 1 1 1
Scru_reclas
 0.5 1 1 1 1
 0.5 1 1 1 1
 0.5 1 1 1 1
 0.5 1 1 1 1
 0.5 1 1 1 1
 0.5 1 1 1 1
 0.5 1 1 1 1
 0.5 1 1 1 1
 0.5 1 1 1 1
 0.5 1 1 1 1
 0.5 1 1 1 1
 0.5 1 1 1 1
 0.5 1 1 1 1
 0.5 1 1 1 1
 0.5 1 1 1 1
 0.5 1 1 1 1
 0.5 1 1 1 1
 0.5 1 1 1 1
 0.5 1 1 1 1
 0.5 1 1 1 1
 0.5 1 1 1 1
 0.5 1 1 1 1
 0.5 1 1 1 1
 0.5 1 1 1 1
 0.5 1 1 1 1
Scru_pelaces
 0.5 1 1 1 1
 0.5 1 1 1 1
 0.5 1 1 1 1
 0.5 1 1 1 1
 0.5 1 1 1 1
 0.5 1 1 1 1
 0.5 1 1 1 1
 0.5 1 1 1 1
 0.5 1 1 1 1
 0.5 1 1 1 1
 0.5 1 1 1 1
 0.5 1 1 1 1
 0.5 1 1 1 1
 0.5 1 1 1 1
 0.5 1 1 1 1
 0.5 1 1 1 1
 0.5 1 1 1 1
 0.5 1 1 1 1
 0.5 1 1 1 1
 0.5 1 1 1 1
 0.5 1 1 1 1
 0.5 1 1 1 1
 0.5 1 1 1 1
 0.5 1 1 1 1
 0.5 1 1 1 1
pf_obs 
 0.256992 0.487395 0.22802 0.0275931 0
 0.321318 0.546541 0.124235 0.00734118 0.000564706
 0.182869 0.594174 0.210203 0.0122559 0.00049798
 0.330522 0.361315 0.267642 0.0388342 0.00168674
 0.649043 0.306663 0.0425973 0.00169635 0
 0.582887 0.30429 0.105238 0.00758474 0
 0.465427 0.430635 0.0974691 0.00646863 0
 0.296916 0.608066 0.0921331 0.00288517 0
 0.311714 0.524322 0.152257 0.0117073 0
 0.15457 0.633149 0.183074 0.0267441 0.00246327
 0.131901 0.49318 0.331252 0.0422183 0.00144891
 0.196976 0.569456 0.194076 0.0375587 0.00193317
 0.518974 0.381816 0.0799577 0.0180837 0.00116848
 0.0928022 0.601141 0.25162 0.0475244 0.00691264
 0.122501 0.610282 0.24278 0.0234846 0.000952079
 0.383417 0.481906 0.127806 0.00687128 0
 0.0376549 0.599619 0.316969 0.0457579 0
 0.0361596 0.667082 0.258105 0.0386534 0
 0.158088 0.579412 0.248529 0.0139706 0
 0.0477256 0.309471 0.559284 0.082774 0.000745712
 0.0406174 0.521527 0.379366 0.0568643 0.0016247
 0.151134 0.462217 0.34131 0.0453401 0
 0.294876 0.26143 0.354403 0.0886775 0.000613685
 0.281977 0.475581 0.204845 0.0348837 0.00271318
 0 0 0 0 0
pf_pred 
 0.627479 0.267169 0.0946043 0.0107419 5.60327e-06
 0.462966 0.420649 0.0834704 0.0295568 0.00335779
 0.323152 0.436937 0.187918 0.0372891 0.0147041
 0.406765 0.303459 0.187064 0.0804527 0.0222596
 0.487469 0.298709 0.109377 0.0674241 0.0370209
 0.375131 0.410177 0.125125 0.0458165 0.0437507
 0.506984 0.276008 0.142448 0.0434542 0.0311054
 0.407455 0.403016 0.106105 0.0547611 0.0286628
 0.455922 0.323831 0.1498 0.039439 0.0310084
 0.423837 0.370947 0.122143 0.0565014 0.0265713
 0.314818 0.418435 0.171738 0.0565486 0.0384604
 0.318208 0.352157 0.201305 0.0826217 0.045708
 0.438428 0.2913 0.1396 0.0798002 0.0508717
 0.441528 0.368739 0.0984186 0.0471652 0.0441488
 0.542293 0.321512 0.0899243 0.0240013 0.0222687
 0.573313 0.32604 0.0706991 0.0197739 0.0101746
 0.470892 0.397379 0.100656 0.0218265 0.00924581
 0.478243 0.343517 0.133865 0.0339079 0.0104673
 0.459094 0.35629 0.121548 0.0473659 0.0157015
 0.545578 0.290502 0.107973 0.0368347 0.0191124
 0.528829 0.336532 0.0860718 0.0319908 0.0165764
 0.47328 0.366533 0.114413 0.0292624 0.0165117
 0.52539 0.307635 0.116194 0.0362701 0.0145108
 0.515127 0.33707 0.0958039 0.0361853 0.0158142
 0.503945 0.340206 0.108342 0.0307936 0.0167138
pobs_RECLAS
 0 0 0 0 0
 0 0 0 0 0
 0 0 0 0 0
 0 0 0 0 0
 0.835266 0.146461 0.0176864 0.000547809 3.91292e-05
 0.385257 0.428462 0.181853 0.0044286 0
 0.867414 0.0963971 0.0333333 0.00285562 0
 0.441836 0.489002 0.0689373 0.000224442 0
 0.779404 0.147425 0.0564933 0.0165055 0.000172143
 0.814271 0.122319 0.05973 0.00367925 0
 0.40263 0.566651 0.0304383 0.000280538 0
 0.475488 0.404961 0.113038 0.00651328 0
 0.955842 0.0263864 0.0167828 0.000988607 0
 0.975058 0.0227948 0.00214734 0 0
 0.738997 0.206755 0.0527124 0.00153531 0
 0.850938 0.134255 0.0134407 0.00136685 0
 0.542534 0.407297 0.0501686 0 0
 0.764087 0.199537 0.0359546 0.000420521 0
 0.470689 0.182191 0.310203 0.0369168 0
 0.84361 0.089868 0.0606195 0.00523954 0.000663233
 0.607945 0.314616 0.071237 0.00620181 0
 0.523733 0.453247 0.0230204 0 0
 0.530135 0.295979 0.169645 0.0042399 0
 0.562478 0.366248 0.0663022 0.0049721 0
 0.250443 0.683176 0.0655157 0.000865301 0
ppred_RECLAS
 0.629565 0.265673 0.0940747 0.0106817 5.5719e-06
 0.464629 0.419346 0.0832119 0.0294653 0.00334739
 0.325858 0.43519 0.187167 0.03714 0.0146453
 0.407257 0.303207 0.186909 0.0803858 0.0222411
 0.487584 0.298642 0.109352 0.067409 0.0370126
 0.376794 0.409085 0.124792 0.0456946 0.0436343
 0.507943 0.275471 0.142171 0.0433696 0.0310448
 0.409488 0.401633 0.105741 0.0545733 0.0285644
 0.458336 0.322394 0.149135 0.039264 0.0308708
 0.425796 0.369686 0.121727 0.0563093 0.026481
 0.319729 0.415436 0.170507 0.0561434 0.0381847
 0.322862 0.349753 0.199931 0.0820577 0.045396
 0.447518 0.286585 0.13734 0.0785084 0.0500482
 0.462206 0.355087 0.0947746 0.0454189 0.0425141
 0.557011 0.311174 0.0870328 0.0232296 0.0215526
 0.577285 0.323004 0.0700409 0.0195898 0.0100798
 0.473466 0.395447 0.100167 0.0217203 0.00920084
 0.479796 0.342495 0.133466 0.033807 0.0104361
 0.46036 0.355457 0.121264 0.0472551 0.0156647
 0.546746 0.289756 0.107695 0.0367401 0.0190633
 0.529355 0.336156 0.0859756 0.031955 0.0165578
 0.473977 0.366048 0.114262 0.0292237 0.0164898
 0.52623 0.30709 0.115989 0.0362058 0.0144851
 0.515889 0.33654 0.0956534 0.0361285 0.0157894
 0.504527 0.339806 0.108215 0.0307575 0.0166942
pobs_PELACES
 0 0 0 0 0
 0 0 0 0 0
 0 0 0 0 0
 0 0 0 0 0
 0 0 0 0 0
 0 0 0 0 0
 0 0 0 0 0
 0 0 0 0 0
 0 0 0 0 0
 0 0 0 0 0
 0.450072 0.473896 0.0757376 0.000293798 0
 0 0 0 0 0
 0.463077 0.371075 0.160297 0.00555027 0
 0.529543 0.364841 0.0842815 0.0213345 0
 0.631943 0.363953 0.00410389 0 0
 0.735681 0.248677 0.0153453 0.000297389 0
 0.695825 0.281241 0.0229344 0 0
 0.275771 0.60734 0.115278 0.00161068 0
 0 0 0 0 0
 0.896147 0.0623911 0.0374545 0.00400742 0
 0.803859 0.145111 0.0509908 3.86294e-05 0
 0.739449 0.233085 0.0266225 0.000797448 4.60066e-05
 0.878498 0.100942 0.0204185 0.000141795 0
 0.694673 0.275183 0.0284847 0.00165964 0
 0 0 0 0 0
ppred_PELACES
 0.638965 0.258932 0.0916876 0.0104107 5.43052e-06
 0.472533 0.413155 0.0819834 0.0290303 0.00329797
 0.337557 0.427638 0.183919 0.0364954 0.0143911
 0.409888 0.301861 0.186079 0.0800291 0.0221424
 0.488229 0.298266 0.109215 0.0673242 0.0369661
 0.384656 0.403924 0.123218 0.0451181 0.0430837
 0.51281 0.272747 0.140765 0.0429406 0.0307378
 0.418841 0.395272 0.104066 0.0537089 0.028112
 0.469151 0.315957 0.146157 0.03848 0.0302544
 0.434872 0.363843 0.119803 0.0554193 0.0260624
 0.338371 0.404051 0.165835 0.0546048 0.0371383
 0.340774 0.340501 0.194642 0.0798871 0.0441951
 0.477375 0.271098 0.129918 0.0742658 0.0473436
 0.514479 0.320572 0.0855625 0.0410042 0.0383818
 0.597764 0.282548 0.0790262 0.0210925 0.0195699
 0.593202 0.310842 0.0674036 0.0188522 0.00970029
 0.484863 0.386887 0.0979985 0.0212502 0.00900168
 0.487243 0.337592 0.131556 0.033323 0.0102867
 0.466593 0.351351 0.119863 0.0467093 0.0154838
 0.552532 0.286056 0.10632 0.0362711 0.0188199
 0.532156 0.334156 0.0854639 0.0317648 0.0164593
 0.477616 0.363515 0.113471 0.0290215 0.0163758
 0.530546 0.304293 0.114932 0.035876 0.0143532
 0.519833 0.333798 0.0948741 0.0358341 0.0156607
 0.507603 0.337697 0.107543 0.0305665 0.0165906
pobs_pel_tallas
 0 0 0 0 0 0 0 0 0 0 0 0 0 0 0 0 0 0 0 0 0 0 0 0 0 0 0 0 0 0 0 0 0 0 0 0
 0 0 0 0 0 0 0 0 0 0 0 0 0 0 0 0 0 0 0 0 0 0 0 0 0 0 0 0 0 0 0 0 0 0 0 0
 0 0 0 0 0 0 0 0 0 0 0 0 0 0 0 0 0 0 0 0 0 0 0 0 0 0 0 0 0 0 0 0 0 0 0 0
 0 0 0 0 0 0 0 0 0 0 0 0 0 0 0 0 0 0 0 0 0 0 0 0 0 0 0 0 0 0 0 0 0 0 0 0
 0 0 0 0 0 0 0 0 0 0 0 0 0 0 0 0 0 0 0 0 0 0 0 0 0 0 0 0 0 0 0 0 0 0 0 0
 0 0 0 0 0 0 0 0 0 0 0 0 0 0 0 0 0 0 0 0 0 0 0 0 0 0 0 0 0 0 0 0 0 0 0 0
 0 0 0 0 0 0 0 0 0 0 0 0 0 0 0 0 0 0 0 0 0 0 0 0 0 0 0 0 0 0 0 0 0 0 0 0
 0 0 0 0 0 0 0 0 0 0 0 0 0 0 0 0 0 0 0 0 0 0 0 0 0 0 0 0 0 0 0 0 0 0 0 0
 0 0 0 0 0 0 0 0 0 0 0 0 0 0 0 0 0 0 0 0 0 0 0 0 0 0 0 0 0 0 0 0 0 0 0 0
 0 0 0 0 0 0 0 0 0 0 0 0 0 0 0 0 0 0 0 0 0 0 0 0 0 0 0 0 0 0 0 0 0 0 0 0
 0 0 0 0 0 0 0 0 1.78061e-05 0.00172719 0.00360574 0.0105946 0.0120993 0.0124554 0.0147524 0.0171206 0.0266825 0.0428682 0.0675386 0.121331 0.153587 0.119568 0.100827 0.0573624 0.0630603 0.0341343 0.0324427 0.0444173 0.0211091 0.0280891 0.0125444 0.00206551 0 0 0 0
 0 0 0 0 0 0 0 0 0 0 0 0 0 0 0 0 0 0 0 0 0 0 0 0 0 0 0 0 0 0 0 0 0 0 0 0
 0 0 0 0 0 0 0.0133647 0.0140871 0.0187388 0.0205184 0.03894 0.0496705 0.03968 0.0493445 0.0407372 0.0367815 0.0215668 0.0243155 0.0234873 0.0199281 0.019796 0.0243948 0.0301388 0.0376714 0.0412746 0.0863199 0.0771752 0.113111 0.0741005 0.0525337 0.0229764 0.00759418 0.00175318 0 0 0
 0 0 0 0 0 0 0 0 0 0 0.00219441 0.00772107 0.0458388 0.0604681 0.0671733 0.0775358 0.0609151 0.0617685 0.073594 0.0568108 0.0755445 0.0548602 0.0670107 0.0636378 0.0643287 0.046367 0.0373049 0.0286899 0.0247887 0.0153202 0.00654259 0.00121912 0.000365735 0 0 0
 0 0 0 0 0 0 0 0 0 0 0 0 0.000112435 0.00938835 0.0111873 0.0202946 0.0414886 0.0713402 0.111592 0.104902 0.108894 0.110636 0.117776 0.105296 0.107544 0.0401394 0.0192827 0.0124803 0.00416011 0.0028671 0.000618394 0 0 0 0 0
 0 0 0 0 0 0 0 0 0 0 0.00291406 0.0102884 0.027416 0.0768956 0.0749926 0.110853 0.0956884 0.0897413 0.0766577 0.0534642 0.0500743 0.0551293 0.0594112 0.0620874 0.0668451 0.0424026 0.0208742 0.0120726 0.0048766 0.00582813 0.00118941 0.000297354 0 0 0 0
 0 0.00264628 0.0354308 0.0461629 0.0458689 0.0383711 0.0214643 0.0164657 0.0346957 0.0420465 0.0363128 0.0245516 0.0311673 0.0291091 0.0169068 0.0133784 0.00837989 0.0085269 0.0148486 0.0160247 0.0276389 0.0546898 0.0760071 0.122758 0.109233 0.0665981 0.0333725 0.0166128 0.00676272 0.00308733 0.000882094 0 0 0 0 0
 0 0 0 0 0 0 0 0.000805153 0.000690131 0.00759144 0.0133425 0.0154129 0.00931677 0.000345066 0.00356568 0.00563607 0.00851162 0.0253048 0.0502646 0.0516448 0.0657925 0.0565908 0.0611916 0.0827007 0.0866115 0.110766 0.145733 0.0935128 0.0569358 0.0249597 0.0138026 0.00621118 0.00161031 0.00115022 0 0
 0 0 0 0 0 0 0 0 0 0 0 0 0 0 0 0 0 0 0 0 0 0 0 0 0 0 0 0 0 0 0 0 0 0 0 0
 0.00147267 0.00158595 0.00478618 0.00569244 0.00954404 0.0108468 0.00647125 0.017049 0.0510054 0.094081 0.124002 0.0959785 0.0687766 0.0820023 0.061753 0.0591476 0.0492212 0.0479892 0.0443925 0.0268479 0.0217502 0.0140895 0.0121071 0.0120363 0.00920419 0.00665534 0.0049561 0.00860946 0.00930331 0.0156896 0.0114698 0.00855282 0.00243557 0.00046729 0 2.83206e-05
 0 0 0 0 0.000772559 0.00158375 0.000888443 0.00281984 0.00712685 0.0440552 0.0773331 0.111326 0.0921469 0.0852325 0.0710754 0.0886704 0.0786465 0.0553345 0.0373146 0.0185414 0.00753245 0.00457741 0.012979 0.0271748 0.0457355 0.0583668 0.034881 0.0177882 0.00938659 0.00492506 0.0015258 0.00185414 0.000309023 5.79419e-05 3.86279e-05 0
 0 0.00173294 0.00326652 0 0.00397197 0.00683976 0.00946217 0.0152591 0.00757587 0.0136028 0.0228656 0.0392903 0.0559909 0.0764795 0.0681675 0.0726916 0.0566044 0.0477403 0.0527397 0.0444891 0.0609904 0.0582453 0.0661739 0.0445044 0.0529084 0.0360697 0.0280645 0.0235558 0.0158879 0.00826598 0.00280645 0.00217768 0.000904811 0.00058276 9.20147e-05 0
 0 0 0 0 0 0 0 0 0 0 0 0 0 0 0 0 0 0 0 0 0 0 0 0 0 0 0 0 0 0 0 0 0 0 0 0
 0 0 0 0 0 0 0 0 0 0 0 0 0 0 0 0 0 0 0 0 0 0 0 0 0 0 0 0 0 0 0 0 0 0 0 0
 0 0 0 0 0 0 0 0 0 0 0 0 0 0 0 0 0 0 0 0 0 0 0 0 0 0 0 0 0 0 0 0 0 0 0 0
ppred_pel_tallas
 1.01744e-16 2.78852e-05 0.000163648 0.000777873 0.0029948 0.00933895 0.0235896 0.0482683 0.0800136 0.107467 0.116973 0.103245 0.0740501 0.0435076 0.0216605 0.010473 0.00695612 0.0075667 0.0101148 0.0135889 0.017483 0.0213883 0.0248809 0.0275561 0.0291073 0.0293914 0.0284558 0.0265134 0.0238797 0.0208944 0.0178527 0.0149654 0.0123513 0.0100543 0.00807133 0.00637827
 1.0245e-16 2.06342e-05 0.000121064 0.000575394 0.00221515 0.00690761 0.0174484 0.0357042 0.0591929 0.0795225 0.08661 0.0765717 0.0551954 0.032985 0.0174524 0.010149 0.00896112 0.0113357 0.0156568 0.0210848 0.0270437 0.0329321 0.0380849 0.04187 0.0438225 0.0437511 0.0417769 0.0382884 0.0338335 0.0289861 0.0242305 0.0198946 0.0161396 0.012991 0.010392 0.00825334
 1.04677e-16 1.47494e-05 8.65132e-05 0.000411132 0.00158269 0.00493531 0.0124666 0.0255112 0.0422987 0.0568394 0.0619406 0.0548457 0.039718 0.0241045 0.0134302 0.00887517 0.00900535 0.0120604 0.0169161 0.0229489 0.0296556 0.0364492 0.0426505 0.0475927 0.0507581 0.0518864 0.0510194 0.0484625 0.0446867 0.0402041 0.0354626 0.0307854 0.0263621 0.0222778 0.0185564 0.0151995
 1.06525e-16 1.78982e-05 0.000105011 0.0004991 0.00192143 0.00599169 0.0151348 0.0309695 0.0513423 0.0689722 0.0751105 0.0663839 0.0478063 0.0284799 0.0149105 0.00843518 0.00721982 0.00906415 0.0126045 0.0171796 0.0223853 0.0278124 0.0329926 0.0374538 0.0408093 0.0428306 0.0434792 0.0428848 0.041285 0.0389498 0.0361205 0.0329779 0.0296441 0.0262028 0.0227271 0.0192965
 1.05689e-16 2.13139e-05 0.000125065 0.00059444 0.00228852 0.00713644 0.0180263 0.0368857 0.0611481 0.0821383 0.0894303 0.078997 0.0567956 0.0336454 0.0172643 0.00920577 0.00724142 0.00871004 0.01196 0.0162003 0.0209783 0.0258699 0.0304095 0.0341433 0.0367187 0.0379564 0.037879 0.0366812 0.0346615 0.0321366 0.0293719 0.0265452 0.0237475 0.0210097 0.0183373 0.0157396
 1.05445e-16 1.6802e-05 9.85663e-05 0.00046844 0.00180335 0.00562344 0.0142047 0.0290673 0.0481921 0.0647505 0.0705399 0.0624081 0.0450816 0.0271337 0.0147104 0.00911296 0.00866192 0.0113151 0.0157775 0.0213601 0.0275554 0.0338027 0.0394659 0.0439289 0.0467237 0.0476316 0.0467214 0.0443081 0.0408546 0.0368493 0.0327033 0.028694 0.0249607 0.0215382 0.0184057 0.0155301
 1.04999e-16 2.23849e-05 0.000131354 0.000624345 0.00240367 0.00749554 0.0189333 0.0387414 0.0642232 0.0862654 0.0939144 0.0829358 0.059579 0.0351973 0.0178823 0.00924902 0.00694064 0.00815144 0.0111476 0.0151164 0.0196188 0.0242619 0.0286158 0.0322563 0.0348456 0.0361985 0.0363106 0.0353358 0.0335268 0.0311627 0.0284867 0.0256746 0.0228331 0.0200204 0.0172726 0.0146253
 1.04766e-16 1.82922e-05 0.000107316 0.00051004 0.00196353 0.00612293 0.0154664 0.0316487 0.0524705 0.0704944 0.0767859 0.0679065 0.0489936 0.0293682 0.0157035 0.00939325 0.00858497 0.0110355 0.0153269 0.0207193 0.0266927 0.0326904 0.0380875 0.0422822 0.0448217 0.0455011 0.0444005 0.0418433 0.0382981 0.0342568 0.0301322 0.0262007 0.0225981 0.019352 0.0164316 0.0137915
 1.04914e-16 2.04829e-05 0.000120184 0.000571232 0.00219916 0.00685776 0.0173224 0.0354456 0.0587618 0.0789356 0.085951 0.0759418 0.0546388 0.032448 0.016798 0.00919698 0.00751912 0.00921945 0.0127148 0.0172362 0.0223232 0.0275273 0.0323494 0.0362988 0.0389903 0.0402222 0.0400084 0.0385506 0.0361677 0.0332075 0.0299718 0.0266764 0.0234476 0.0203453 0.017396 0.0146192
 1.04942e-16 1.899e-05 0.000111416 0.000529535 0.0020386 0.00635705 0.0160577 0.0328584 0.0544746 0.073183 0.0797037 0.0704615 0.0507817 0.0303296 0.0160171 0.00927226 0.00815364 0.0103211 0.0143055 0.0193615 0.0249956 0.0306952 0.0358862 0.0400112 0.0426443 0.0435813 0.0428743 0.0407964 0.0377537 0.0341776 0.0304334 0.0267707 0.0233197 0.0201203 0.0171654 0.0144377
 1.06098e-16 1.47838e-05 8.67177e-05 0.00041211 0.00158647 0.00494708 0.0124963 0.0255718 0.0423984 0.0569712 0.0620785 0.054954 0.0397666 0.0240744 0.0133065 0.00863559 0.00861412 0.0114717 0.0160836 0.0218386 0.0282599 0.0347991 0.0408225 0.0457075 0.0489692 0.0503615 0.0499172 0.0479107 0.044765 0.040936 0.0368154 0.0326772 0.0286748 0.0248712 0.0212837 0.0179208
 1.07684e-16 1.48861e-05 8.73238e-05 0.000415004 0.00159763 0.00498192 0.0125842 0.0257512 0.0426941 0.057363 0.062491 0.0552849 0.0399318 0.0240269 0.0130162 0.00805636 0.00766869 0.0100605 0.0141113 0.0192479 0.0250661 0.0311169 0.0368758 0.0418153 0.0455062 0.047701 0.048368 0.0476648 0.0458684 0.0432884 0.0401957 0.036787 0.0331873 0.0294749 0.0257155 0.021984
 1.06697e-16 2.08395e-05 0.000122282 0.000581217 0.00223762 0.00697771 0.0176253 0.0360651 0.0597873 0.0803088 0.0874344 0.0772247 0.0555013 0.0328387 0.0167778 0.00883202 0.00681892 0.00813718 0.0111802 0.0151932 0.0197621 0.0245087 0.0290154 0.0328685 0.0357367 0.0374353 0.0379523 0.0374243 0.0360784 0.0341607 0.0318789 0.0293741 0.0267252 0.0239723 0.0211474 0.0182952
 1.04522e-16 2.24594e-05 0.000131788 0.000626399 0.00241156 0.00752014 0.0189955 0.038869 0.0644359 0.0865547 0.0942389 0.083245 0.0598502 0.0354557 0.018193 0.0096973 0.00761598 0.00913733 0.0125093 0.0168827 0.0217612 0.026678 0.0311257 0.0346179 0.0367881 0.0374688 0.0367215 0.0348024 0.032083 0.0289522 0.0257336 0.0226412 0.0197767 0.0171575 0.0147572 0.0125421
 1.02854e-16 2.60895e-05 0.000153103 0.000727741 0.00280177 0.00873699 0.0220691 0.0451575 0.0748581 0.100546 0.10945 0.0966275 0.0693548 0.0408508 0.020527 0.0102392 0.00720958 0.00813663 0.010974 0.0147609 0.0189908 0.0232312 0.0270265 0.029943 0.0316554 0.0320175 0.0310896 0.0291088 0.0264189 0.0233827 0.0203074 0.0174023 0.0147738 0.012447 0.0104007 0.00859818
 1.0216e-16 2.58917e-05 0.00015194 0.000722203 0.00278044 0.00867046 0.0219011 0.0448139 0.0742894 0.0997846 0.108628 0.0959178 0.0688801 0.0406409 0.02055 0.0104606 0.00762609 0.00877548 0.0118734 0.015948 0.0204628 0.0249421 0.0288822 0.0318067 0.0333643 0.0334076 0.0320227 0.0294954 0.0262309 0.022654 0.0191235 0.0158824 0.0130503 0.0106478 0.00863566 0.00695167
 1.02668e-16 2.11708e-05 0.000124217 0.000590387 0.00227289 0.00708766 0.0179032 0.0366345 0.0607342 0.0815899 0.0888533 0.078535 0.0565671 0.0337179 0.0176821 0.0100369 0.00859961 0.0107424 0.0148103 0.019961 0.0256412 0.0312865 0.0362742 0.0400091 0.0420485 0.042201 0.040564 0.0374832 0.0334544 0.0290006 0.0245668 0.0204588 0.0168331 0.0137259 0.0111 0.00888894
 1.03604e-16 2.12727e-05 0.000124819 0.000593261 0.00228397 0.00712223 0.0179904 0.0368127 0.0610282 0.0819807 0.0892679 0.0788755 0.056756 0.033718 0.0174776 0.00960192 0.00788202 0.00967068 0.0133151 0.0180025 0.0232356 0.0285262 0.0333345 0.0371356 0.0395258 0.0403073 0.0395223 0.0374221 0.0343875 0.0308293 0.027104 0.0234649 0.020056 0.0169356 0.0141121 0.0115763
 1.04145e-16 2.03727e-05 0.000119534 0.000568135 0.00218722 0.00682053 0.0172284 0.0352536 0.0584444 0.0785124 0.0854981 0.0755606 0.0544057 0.0323919 0.0169191 0.00950061 0.00803367 0.00999224 0.0137948 0.0186528 0.0240663 0.0295326 0.034493 0.0384065 0.0408594 0.0416537 0.0408415 0.0386903 0.0355997 0.031996 0.0282434 0.0245946 0.0211859 0.0180632 0.0152229 0.0126468
 1.03729e-16 2.41174e-05 0.000141525 0.000672695 0.00258983 0.00807605 0.0203996 0.0417417 0.0691965 0.0929443 0.101182 0.0893454 0.0641651 0.0378691 0.0191688 0.00979496 0.0071966 0.00833729 0.0113353 0.0153031 0.0197597 0.0242802 0.0284078 0.0317008 0.0338196 0.0345977 0.0340696 0.032444 0.030036 0.0271837 0.0241763 0.0212159 0.018413 0.0158084 0.0134055 0.0111976
 1.03183e-16 2.32308e-05 0.000136316 0.000647919 0.00249442 0.00777852 0.0196481 0.0402044 0.0666498 0.0895286 0.0974769 0.0861054 0.061907 0.0366745 0.0188184 0.0100291 0.00787134 0.0094332 0.012897 0.0173763 0.0223477 0.0273169 0.0317482 0.0351299 0.0370799 0.0374292 0.0362544 0.0338421 0.0306048 0.0269764 0.0233235 0.0198946 0.016814 0.0141081 0.0117471 0.00968242
 1.03492e-16 2.08539e-05 0.000122358 0.000581557 0.0022389 0.00698167 0.0176354 0.0360865 0.0598253 0.0803675 0.0875186 0.0773472 0.0556939 0.0331621 0.017327 0.009737 0.00823842 0.0102427 0.0141259 0.0190734 0.0245637 0.0300714 0.0350149 0.0388338 0.0411046 0.0416323 0.0404861 0.0379635 0.0345004 0.0305605 0.0265397 0.0227126 0.0192245 0.0161187 0.0133789 0.0109679
 1.03635e-16 2.31595e-05 0.000135899 0.000645946 0.00248683 0.00775486 0.0195883 0.0400819 0.0664459 0.0892525 0.0971703 0.0858205 0.0616717 0.0364742 0.0186047 0.00973897 0.00744164 0.00880752 0.0120319 0.0162518 0.0209798 0.0257683 0.0301308 0.0335962 0.0358021 0.0365711 0.0359408 0.0341355 0.0314942 0.0283815 0.0251112 0.0219042 0.0188833 0.0160959 0.0135472 0.0112292
 1.03419e-16 2.26935e-05 0.000133161 0.000632922 0.00243667 0.00759844 0.0191933 0.0392738 0.0651073 0.0874574 0.0952239 0.0841203 0.060491 0.0358582 0.0184415 0.00989667 0.00785001 0.00946179 0.0129595 0.0174776 0.0225014 0.0275405 0.0320607 0.0355501 0.0376229 0.0381042 0.0370613 0.0347702 0.0316321 0.0280713 0.0244476 0.0210067 0.0178746 0.0150837 0.0126128 0.010424
 1.03463e-16 2.21604e-05 0.000130031 0.00061804 0.00237937 0.00741975 0.0187419 0.0383503 0.0635768 0.0854026 0.0929899 0.0821543 0.0590937 0.0350629 0.0180937 0.00980915 0.00789819 0.00959358 0.0131672 0.0177715 0.0228955 0.0280457 0.0326816 0.0362827 0.0384549 0.0390149 0.0380238 0.0357532 0.0326029 0.0289983 0.0253024 0.0217666 0.0185244 0.0156161 0.0130291 0.0107327
pSPR Fmed_Fpbrs
0.685843   0.254687 0.254687
Fs Fmed_Fpbrs
0.197108   1.005 1.005
SSBpbr Bo_Bmed_Bpbrs
1.27851e+06  812931  261694 261694
Ro
59874.1
SPR SPRFo_SPRFmed_SPRFpbrs
1.23398e+06 846315 314278
log_Ro
10.82
likeval ReclasPelacesDesembMPH_pf_preclas_ppelaces_ptallas_desvR_qrecl_qpela
 176.794 58.1796 0.077285 0.0010326 311.7 216.006 74.1395 0 15.9007 0 0 0 0 0 0
q_reclas_q_pelaces
1 1
M
0.7
N
 83573.6 18750.4 6639.51 753.885 0.393248
 77519.4 36705.7 7283.6 2579.12 293
 48337 34964.8 15037.7 2983.96 1176.66
 54051.7 20455.6 12609.7 5423.17 1500.48
 84471 25970.2 9509.4 5861.97 3218.66
 72892.3 41620.5 12696.4 4648.98 4439.37
 117149 32717.9 16885.8 5151.03 3687.21
 105481 54840.1 14438.2 7451.59 3900.27
 124063 46605.2 21558.9 5675.99 4462.67
 117608 54000.8 17780.9 8225.21 3868.13
 70703.3 52204.3 21426.2 7055.06 4798.35
 44401.8 27182.2 15538.3 6377.39 3528.1
 44935.3 17260.6 8271.78 4728.44 3014.32
 29390.9 15505 4138.37 1983.23 1856.4
 21505.6 7737.98 2164.25 577.65 535.95
 20829.1 6435.93 1395.58 390.332 200.843
 18946.9 8479.27 2147.8 465.733 197.287
 21940 8192.7 3192.6 808.686 249.639
 24821.6 9953.68 3395.69 1323.26 438.652
 41613.3 11424.4 4246.17 1448.58 751.619
 59606.7 19251.3 4923.73 1830.03 948.249
 72466.3 28608 8929.98 2283.94 1288.74
 114940 34429.2 13004 4059.19 1623.99
 162115 54159.1 15393.4 5814.12 2540.97
 223672 76740.9 24438.9 6946.18 3770.18
pred_Ctot
 6994.62 2978.17 1054.57 119.741 0.0624606
 5140.98 4671.07 926.893 328.212 37.2864
 5185.63 7011.54 3015.53 598.379 235.957
 1263.85 942.869 581.222 249.972 69.1622
 473.161 289.941 106.166 65.4451 35.9343
 5068.38 5541.88 1690.56 619.024 591.113
 4845.11 2637.74 1361.34 415.28 297.266
 8420.07 8328.32 2192.67 1131.64 592.316
 11101 7884.79 3647.39 960.279 755.006
 9034.44 7907.05 2603.57 1204.37 566.39
 11651.8 15486.8 6356.24 2092.93 1423.46
 7033.58 7783.98 4449.59 1826.25 1010.32
 10069.4 6690.29 3206.19 1832.77 1168.37
 10295.5 8598.19 2294.91 1099.79 1029.45
 6325.76 3750.39 1048.95 279.971 259.76
 2730.79 1552.98 336.752 94.1867 48.4632
 1775.19 1498.06 379.458 82.2825 34.8553
 1370.48 984.401 383.61 97.1684 29.9956
 1311.52 1017.83 347.233 135.313 44.8553
 2055.12 1094.28 406.718 138.752 71.9937
 1439.22 915.879 234.246 87.0635 45.1129
 2259.86 1750.16 546.311 139.725 78.8416
 4239.25 2482.24 937.546 292.655 117.085
 5465.13 3576.07 1016.41 383.9 167.777
 5901.45 3983.98 1268.74 360.608 195.727
F
 0.122795 0.24559 0.24559 0.24559 0.24559
 0.0961865 0.192373 0.192373 0.192373 0.192373
 0.159939 0.319878 0.319878 0.319878 0.319878
 0.0329893 0.0659785 0.0659785 0.0659785 0.0659785
 0.00781579 0.0156316 0.0156316 0.0156316 0.0156316
 0.101061 0.202123 0.202123 0.202123 0.202123
 0.0590214 0.118043 0.118043 0.118043 0.118043
 0.116817 0.233633 0.233633 0.233633 0.233633
 0.131793 0.263586 0.263586 0.263586 0.263586
 0.112191 0.224382 0.224382 0.224382 0.224382
 0.255928 0.511857 0.511857 0.511857 0.511857
 0.244857 0.489713 0.489713 0.489713 0.489713
 0.364061 0.728121 0.728121 0.728121 0.728121
 0.634545 1.26909 1.26909 1.26909 1.26909
 0.506415 1.01283 1.01283 1.01283 1.01283
 0.198726 0.397452 0.397452 0.397452 0.397452
 0.138394 0.276788 0.276788 0.276788 0.276788
 0.0903686 0.180737 0.180737 0.180737 0.180737
 0.0759629 0.151926 0.151926 0.151926 0.151926
 0.0708421 0.141684 0.141684 0.141684 0.141684
 0.0340822 0.0681643 0.0681643 0.0681643 0.0681643
 0.0442154 0.0884309 0.0884309 0.0884309 0.0884309
 0.0524832 0.104966 0.104966 0.104966 0.104966
 0.0478741 0.0957482 0.0957482 0.0957482 0.0957482
 0.0372955 0.0745911 0.0745911 0.0745911 0.0745911
nmprior
 10 11 7 0
nm_flota  nm_reclas  nm_pelaces    nm_pelaL
inf 12.5305 13.4595 22.6378
cv_recla  cv_pelaces  cv_mph
1.2027 0.897532 1.04257
 ------------------------------------------------
Talla a la edad & desviación 
 7.2 14.2025 17.0495 18.207 18.6776
 1.08 2.13037 2.55742 2.73105 2.80164
