years
 1997 1998 1999 2000 2001 2002 2003 2004 2005 2006 2007 2008 2009 2010 2011 2012 2013 2014 2015 2016 2017 2018 2019 2020 2021
reclasobs
 0 0 0 370054 412103 1.49427e+06 250295 1.28982e+06 931140 785840 897777 1.04006e+06 184774 17550 25797 100020 73551 82996 120727 218422 84188 347160 605670 569463 516374
reclaspred
 2.11918e+06 343899 770185 383093 429469 540185 1.13508e+06 887096 967312 1.03999e+06 1.06931e+06 764942 467327 224588 138140 132149 163250 227405 233102 310031 513724 501681 818587 859341 903632
pelacesobs
 0 0 0 0 0 0 0 0 0 2.06254e+06 1.5e+06 0 1.87456e+06 323000 250000 174000 83755 137374 0 501740 490994 745055 786931 1.00524e+06 0
pelacespred
 1.16275e+06 411372 276646 277289 260898 251094 585004 573430 540983 610861 549443 406634 248841 98397.1 58607.2 63932.1 82424 116526 126647 162531 289345 299325 369497 464532 497222
mphobs
 0 0 0 0 0 112323 0 153150 637223 0 255016 313432 73983 77613 109348 50772 0 0 0 0 0 0 0 0 0
mphpred
 1.59233e+06 738270 486916 444517 329673 482227 676330 919355 855192 858626 1.03707e+06 805505 500062 290726 133701 108786 126476 175398 211625 221470 375973 470760 573347 733257 865754
desembarqueobs
 350755 77701 442110 56441 14545 235359 269955 359681 431902 328805 639364 411747 362871 311530 167758 66681 60226 58785 57116 71774 51957 67425 138520 160799 200461
desembarquepred
 350637 77708.3 440952 56502.4 14512.8 234978 269144 358781 433040 329463 638388 411490 362597 311716 168569 66818.6 60215.1 58824.5 57106.2 71585.7 51911.6 67473.6 138577 160520 200392
Reclutas
 43312 35512.3 24867.8 21075.5 54472.8 41237.9 84624.6 89337.8 89141.4 145658 87002.3 38855.8 52910.2 26155.7 18383.4 17797.2 14958.2 15640.8 13377.4 34939.9 41968.4 49453.3 69903.6 61886.8 27806.6
log_desv_Rt
 0.0961858 -0.102365 -0.458672 -0.624136 0.325457 0.0471124 0.76598 0.82018 0.817979 1.30902 0.79369 -0.0123863 0.296351 -0.408176 -0.760794 -0.793206 -0.966985 -0.922365 -1.07867 -0.118617 0.0646731 0.228783 0.574873 0.453062 -0.34697
SSB
 1.59233e+06 738270 486916 444517 329673 482227 676330 919355 855192 858626 1.03707e+06 805505 500062 290726 133701 108786 126476 175398 211625 221470 375973 470760 573347 733257 865754
BT
 3.00831e+06 910605 911810 616724 621774 683440 1.78328e+06 1.70517e+06 1.68769e+06 1.80385e+06 1.78788e+06 1.21244e+06 919728 504854 287043 202209 243002 311360 307344 450758 726260 666559 870814 1.10215e+06 1.12762e+06
Ftot
 0.160581 0.218468 0.539504 0.143311 0.0330592 0.414387 0.229485 0.387233 0.427141 0.305228 0.562375 0.50811 0.721195 1.21652 1.09557 0.480467 0.353892 0.249807 0.236595 0.223559 0.0985053 0.130817 0.164305 0.181105 0.214358
BD_Bspro_t
 0.975855 0.842769 0.710922 0.515406 0.578558 0.723314 0.648772 0.681503 0.624213 0.577212 0.594414 0.45539 0.347069 0.261969 0.155069 0.154058 0.229648 0.369256 0.473006 0.547684 0.693133 0.785169 0.791066 0.77807 0.741325
BD_Bspro
 1.96395 0.910566 0.600552 0.548258 0.406612 0.594768 0.834171 1.13391 1.05478 1.05901 1.2791 0.993493 0.616766 0.358575 0.164904 0.134175 0.155993 0.216332 0.261013 0.273156 0.463717 0.580626 0.707154 0.904383 1.0678
BD_Bo
 1.54796 0.717696 0.473347 0.43213 0.320486 0.468789 0.657483 0.893736 0.83136 0.834698 1.00817 0.783058 0.486127 0.282624 0.129975 0.105755 0.122951 0.17051 0.205727 0.215298 0.365496 0.457642 0.557369 0.712823 0.841628
BD_Brms
 7.56255 3.50631 2.31254 2.11117 1.56574 2.29027 3.21214 4.36635 4.06162 4.07792 4.92543 3.82564 2.37498 1.38076 0.634993 0.516666 0.600679 0.833029 1.00508 1.05184 1.78563 2.23581 2.72303 3.4825 4.11178
S_f
 0.5 1 1 1 1
 0.5 1 1 1 1
 0.5 1 1 1 1
 0.5 1 1 1 1
 0.5 1 1 1 1
 0.5 1 1 1 1
 0.5 1 1 1 1
 0.5 1 1 1 1
 0.5 1 1 1 1
 0.5 1 1 1 1
 0.5 1 1 1 1
 0.5 1 1 1 1
 0.5 1 1 1 1
 0.5 1 1 1 1
 0.5 1 1 1 1
 0.5 1 1 1 1
 0.5 1 1 1 1
 0.5 1 1 1 1
 0.5 1 1 1 1
 0.5 1 1 1 1
 0.5 1 1 1 1
 0.5 1 1 1 1
 0.5 1 1 1 1
 0.5 1 1 1 1
 0.5 1 1 1 1
Scru_reclas
 0.5 1 1 1 1
 0.5 1 1 1 1
 0.5 1 1 1 1
 0.5 1 1 1 1
 0.5 1 1 1 1
 0.5 1 1 1 1
 0.5 1 1 1 1
 0.5 1 1 1 1
 0.5 1 1 1 1
 0.5 1 1 1 1
 0.5 1 1 1 1
 0.5 1 1 1 1
 0.5 1 1 1 1
 0.5 1 1 1 1
 0.5 1 1 1 1
 0.5 1 1 1 1
 0.5 1 1 1 1
 0.5 1 1 1 1
 0.5 1 1 1 1
 0.5 1 1 1 1
 0.5 1 1 1 1
 0.5 1 1 1 1
 0.5 1 1 1 1
 0.5 1 1 1 1
 0.5 1 1 1 1
Scru_pelaces
 0.5 1 1 1 1
 0.5 1 1 1 1
 0.5 1 1 1 1
 0.5 1 1 1 1
 0.5 1 1 1 1
 0.5 1 1 1 1
 0.5 1 1 1 1
 0.5 1 1 1 1
 0.5 1 1 1 1
 0.5 1 1 1 1
 0.5 1 1 1 1
 0.5 1 1 1 1
 0.5 1 1 1 1
 0.5 1 1 1 1
 0.5 1 1 1 1
 0.5 1 1 1 1
 0.5 1 1 1 1
 0.5 1 1 1 1
 0.5 1 1 1 1
 0.5 1 1 1 1
 0.5 1 1 1 1
 0.5 1 1 1 1
 0.5 1 1 1 1
 0.5 1 1 1 1
 0.5 1 1 1 1
pf_obs 
 0.256992 0.487395 0.22802 0.0275931 0
 0.321318 0.546541 0.124235 0.00734118 0.000564706
 0.182869 0.594174 0.210203 0.0122559 0.00049798
 0.330522 0.361315 0.267642 0.0388342 0.00168674
 0.649043 0.306663 0.0425973 0.00169635 0
 0.582887 0.30429 0.105238 0.00758474 0
 0.465427 0.430635 0.0974691 0.00646863 0
 0.296916 0.608066 0.0921331 0.00288517 0
 0.311714 0.524322 0.152257 0.0117073 0
 0.15457 0.633149 0.183074 0.0267441 0.00246327
 0.131901 0.49318 0.331252 0.0422183 0.00144891
 0.196976 0.569456 0.194076 0.0375587 0.00193317
 0.518974 0.381816 0.0799577 0.0180837 0.00116848
 0.0928022 0.601141 0.25162 0.0475244 0.00691264
 0.122501 0.610282 0.24278 0.0234846 0.000952079
 0.383417 0.481906 0.127806 0.00687128 0
 0.0376549 0.599619 0.316969 0.0457579 0
 0.0361596 0.667082 0.258105 0.0386534 0
 0.158088 0.579412 0.248529 0.0139706 0
 0.0477256 0.309471 0.559284 0.082774 0.000745712
 0.0406174 0.521527 0.379366 0.0568643 0.0016247
 0.151134 0.462217 0.34131 0.0453401 0
 0.294876 0.26143 0.354403 0.0886775 0.000613685
 0.281977 0.475581 0.204845 0.0348837 0.00271318
 0 0 0 0 0
pf_pred 
 0.325505 0.339551 0.168616 0.0837322 0.0825962
 0.320244 0.3416 0.170232 0.084535 0.0833881
 0.30547 0.347765 0.174261 0.086841 0.0856629
 0.369216 0.320276 0.155478 0.0779081 0.0771225
 0.607403 0.215685 0.0898259 0.0436059 0.0434805
 0.390239 0.46187 0.081248 0.0338373 0.0328053
 0.612042 0.229236 0.120226 0.021149 0.0173472
 0.499243 0.386145 0.0677219 0.0355177 0.0113727
 0.479243 0.359604 0.124269 0.0217941 0.0150902
 0.594915 0.273772 0.0906774 0.0313354 0.00930073
 0.37463 0.47673 0.100457 0.0332728 0.0149109
 0.279278 0.422278 0.227509 0.0479408 0.0229946
 0.491588 0.240819 0.156785 0.0844707 0.0263373
 0.387141 0.432692 0.0853394 0.0555604 0.0392673
 0.50944 0.318549 0.121443 0.0239521 0.0266152
 0.581033 0.312093 0.0693994 0.0264577 0.0110166
 0.468876 0.404469 0.0943462 0.0209795 0.0113285
 0.467258 0.352527 0.13724 0.0320124 0.0109624
 0.401392 0.391069 0.137334 0.0534642 0.0167416
 0.646647 0.208239 0.0948023 0.0332922 0.0170192
 0.523788 0.379055 0.0572569 0.0260666 0.0138335
 0.470656 0.367056 0.129178 0.0195125 0.0135975
 0.505207 0.320895 0.120584 0.042437 0.0108772
 0.406793 0.404264 0.122538 0.0460463 0.0203587
 0.23454 0.452261 0.213442 0.0646969 0.0350602
pobs_RECLAS
 0 0 0 0 0
 0 0 0 0 0
 0 0 0 0 0
 0 0 0 0 0
 0.835266 0.146461 0.0176864 0.000547809 3.91292e-05
 0.385257 0.428462 0.181853 0.0044286 0
 0.867414 0.0963971 0.0333333 0.00285562 0
 0.441836 0.489002 0.0689373 0.000224442 0
 0.779404 0.147425 0.0564933 0.0165055 0.000172143
 0.814271 0.122319 0.05973 0.00367925 0
 0.40263 0.566651 0.0304383 0.000280538 0
 0.475488 0.404961 0.113038 0.00651328 0
 0.955842 0.0263864 0.0167828 0.000988607 0
 0.975058 0.0227948 0.00214734 0 0
 0.738997 0.206755 0.0527124 0.00153531 0
 0.850938 0.134255 0.0134407 0.00136685 0
 0.542534 0.407297 0.0501686 0 0
 0.764087 0.199537 0.0359546 0.000420521 0
 0.470689 0.182191 0.310203 0.0369168 0
 0.84361 0.089868 0.0606195 0.00523954 0.000663233
 0.607945 0.314616 0.071237 0.00620181 0
 0.523733 0.453247 0.0230204 0 0
 0.530135 0.295979 0.169645 0.0042399 0
 0.562478 0.366248 0.0663022 0.0049721 0
 0.250443 0.683176 0.0655157 0.000865301 0
ppred_RECLAS
 0.326698 0.33895 0.168318 0.0835841 0.0824501
 0.321937 0.340749 0.169808 0.0843244 0.0831804
 0.310657 0.345168 0.17296 0.0861924 0.0850231
 0.370327 0.319711 0.155204 0.0777708 0.0769866
 0.607639 0.215555 0.0897719 0.0435797 0.0434544
 0.39433 0.458772 0.080703 0.0336103 0.0325853
 0.613996 0.228081 0.119621 0.0210426 0.0172599
 0.503174 0.383114 0.0671903 0.0352389 0.0112835
 0.483699 0.356527 0.123205 0.0216077 0.0149611
 0.597718 0.271877 0.0900499 0.0311186 0.00923636
 0.38068 0.472117 0.0994848 0.0329509 0.0147666
 0.283818 0.419617 0.226076 0.0476388 0.0228498
 0.500674 0.236515 0.153983 0.0829611 0.0258666
 0.405872 0.419467 0.0827311 0.0538622 0.0380671
 0.52613 0.307712 0.117312 0.0231372 0.0257097
 0.586096 0.308321 0.0685606 0.026138 0.0108835
 0.472369 0.40181 0.0937258 0.0208416 0.0112541
 0.469528 0.351025 0.136655 0.031876 0.0109157
 0.403446 0.389727 0.136862 0.0532808 0.0166842
 0.648469 0.207165 0.0943136 0.0331206 0.0169315
 0.524572 0.378431 0.0571626 0.0260237 0.0138107
 0.471729 0.366312 0.128916 0.019473 0.01357
 0.5066 0.319992 0.120244 0.0423175 0.0108466
 0.408298 0.403238 0.122227 0.0459294 0.020307
 0.235907 0.451453 0.213061 0.0645815 0.0349977
pobs_PELACES
 0 0 0 0 0
 0 0 0 0 0
 0 0 0 0 0
 0 0 0 0 0
 0 0 0 0 0
 0 0 0 0 0
 0 0 0 0 0
 0 0 0 0 0
 0 0 0 0 0
 0 0 0 0 0
 0.450072 0.473896 0.0757376 0.000293798 0
 0 0 0 0 0
 0.463077 0.371075 0.160297 0.00555027 0
 0.529543 0.364841 0.0842815 0.0213345 0
 0.631943 0.363953 0.00410389 0 0
 0.735681 0.248677 0.0153453 0.000297389 0
 0.695825 0.281241 0.0229344 0 0
 0.275771 0.60734 0.115278 0.00161068 0
 0 0 0 0 0
 0.896147 0.0623911 0.0374545 0.00400742 0
 0.803859 0.145111 0.0509908 3.86294e-05 0
 0.739449 0.233085 0.0266225 0.000797448 4.60066e-05
 0.878498 0.100942 0.0204185 0.000141795 0
 0.694673 0.275183 0.0284847 0.00165964 0
 0 0 0 0 0
ppred_PELACES
 0.332553 0.336003 0.166854 0.0828572 0.0817332
 0.329856 0.33677 0.167825 0.0833396 0.082209
 0.330034 0.335466 0.168098 0.0837696 0.0826332
 0.375858 0.316903 0.153841 0.0770877 0.0763103
 0.608939 0.214841 0.0894745 0.0434354 0.0433104
 0.410772 0.446317 0.0785121 0.0326978 0.0317006
 0.62293 0.222802 0.116852 0.0205555 0.0168604
 0.519138 0.370804 0.0650313 0.0341066 0.0109209
 0.501313 0.344364 0.119002 0.0208705 0.0144507
 0.609766 0.263735 0.087353 0.0301866 0.00895974
 0.402786 0.455266 0.0959338 0.0317748 0.0142395
 0.301164 0.409454 0.2206 0.046485 0.0222963
 0.530386 0.222441 0.144821 0.0780246 0.0243274
 0.455039 0.384754 0.0758847 0.0494049 0.0349169
 0.570866 0.278662 0.106237 0.020953 0.0232826
 0.605188 0.2941 0.0653983 0.0249324 0.0103815
 0.486941 0.390712 0.0911372 0.0202659 0.0109432
 0.479806 0.344224 0.134007 0.0312584 0.0107042
 0.412876 0.383566 0.134699 0.0524386 0.0164204
 0.656831 0.202237 0.0920701 0.0323327 0.0165287
 0.528624 0.375206 0.0566754 0.0258019 0.013693
 0.477111 0.36258 0.127603 0.0192746 0.0134317
 0.513375 0.315598 0.118593 0.0417365 0.0106976
 0.415537 0.398305 0.120731 0.0453676 0.0200586
 0.242341 0.447651 0.211267 0.0640376 0.0347029
pobs_pel_tallas
 0 0 0 0 0 0 0 0 0 0 0 0 0 0 0 0 0 0 0 0 0 0 0 0 0 0 0 0 0 0 0 0 0 0 0 0
 0 0 0 0 0 0 0 0 0 0 0 0 0 0 0 0 0 0 0 0 0 0 0 0 0 0 0 0 0 0 0 0 0 0 0 0
 0 0 0 0 0 0 0 0 0 0 0 0 0 0 0 0 0 0 0 0 0 0 0 0 0 0 0 0 0 0 0 0 0 0 0 0
 0 0 0 0 0 0 0 0 0 0 0 0 0 0 0 0 0 0 0 0 0 0 0 0 0 0 0 0 0 0 0 0 0 0 0 0
 0 0 0 0 0 0 0 0 0 0 0 0 0 0 0 0 0 0 0 0 0 0 0 0 0 0 0 0 0 0 0 0 0 0 0 0
 0 0 0 0 0 0 0 0 0 0 0 0 0 0 0 0 0 0 0 0 0 0 0 0 0 0 0 0 0 0 0 0 0 0 0 0
 0 0 0 0 0 0 0 0 0 0 0 0 0 0 0 0 0 0 0 0 0 0 0 0 0 0 0 0 0 0 0 0 0 0 0 0
 0 0 0 0 0 0 0 0 0 0 0 0 0 0 0 0 0 0 0 0 0 0 0 0 0 0 0 0 0 0 0 0 0 0 0 0
 0 0 0 0 0 0 0 0 0 0 0 0 0 0 0 0 0 0 0 0 0 0 0 0 0 0 0 0 0 0 0 0 0 0 0 0
 0 0 0 0 0 0 0 0 0 0 0 0 0 0 0 0 0 0 0 0 0 0 0 0 0 0 0 0 0 0 0 0 0 0 0 0
 0 0 0 0 0 0 0 0 1.78061e-05 0.00172719 0.00360574 0.0105946 0.0120993 0.0124554 0.0147524 0.0171206 0.0266825 0.0428682 0.0675386 0.121331 0.153587 0.119568 0.100827 0.0573624 0.0630603 0.0341343 0.0324427 0.0444173 0.0211091 0.0280891 0.0125444 0.00206551 0 0 0 0
 0 0 0 0 0 0 0 0 0 0 0 0 0 0 0 0 0 0 0 0 0 0 0 0 0 0 0 0 0 0 0 0 0 0 0 0
 0 0 0 0 0 0 0.0133647 0.0140871 0.0187388 0.0205184 0.03894 0.0496705 0.03968 0.0493445 0.0407372 0.0367815 0.0215668 0.0243155 0.0234873 0.0199281 0.019796 0.0243948 0.0301388 0.0376714 0.0412746 0.0863199 0.0771752 0.113111 0.0741005 0.0525337 0.0229764 0.00759418 0.00175318 0 0 0
 0 0 0 0 0 0 0 0 0 0 0.00219441 0.00772107 0.0458388 0.0604681 0.0671733 0.0775358 0.0609151 0.0617685 0.073594 0.0568108 0.0755445 0.0548602 0.0670107 0.0636378 0.0643287 0.046367 0.0373049 0.0286899 0.0247887 0.0153202 0.00654259 0.00121912 0.000365735 0 0 0
 0 0 0 0 0 0 0 0 0 0 0 0 0.000112435 0.00938835 0.0111873 0.0202946 0.0414886 0.0713402 0.111592 0.104902 0.108894 0.110636 0.117776 0.105296 0.107544 0.0401394 0.0192827 0.0124803 0.00416011 0.0028671 0.000618394 0 0 0 0 0
 0 0 0 0 0 0 0 0 0 0 0.00291406 0.0102884 0.027416 0.0768956 0.0749926 0.110853 0.0956884 0.0897413 0.0766577 0.0534642 0.0500743 0.0551293 0.0594112 0.0620874 0.0668451 0.0424026 0.0208742 0.0120726 0.0048766 0.00582813 0.00118941 0.000297354 0 0 0 0
 0 0.00264628 0.0354308 0.0461629 0.0458689 0.0383711 0.0214643 0.0164657 0.0346957 0.0420465 0.0363128 0.0245516 0.0311673 0.0291091 0.0169068 0.0133784 0.00837989 0.0085269 0.0148486 0.0160247 0.0276389 0.0546898 0.0760071 0.122758 0.109233 0.0665981 0.0333725 0.0166128 0.00676272 0.00308733 0.000882094 0 0 0 0 0
 0 0 0 0 0 0 0 0.000805153 0.000690131 0.00759144 0.0133425 0.0154129 0.00931677 0.000345066 0.00356568 0.00563607 0.00851162 0.0253048 0.0502646 0.0516448 0.0657925 0.0565908 0.0611916 0.0827007 0.0866115 0.110766 0.145733 0.0935128 0.0569358 0.0249597 0.0138026 0.00621118 0.00161031 0.00115022 0 0
 0 0 0 0 0 0 0 0 0 0 0 0 0 0 0 0 0 0 0 0 0 0 0 0 0 0 0 0 0 0 0 0 0 0 0 0
 0.00147267 0.00158595 0.00478618 0.00569244 0.00954404 0.0108468 0.00647125 0.017049 0.0510054 0.094081 0.124002 0.0959785 0.0687766 0.0820023 0.061753 0.0591476 0.0492212 0.0479892 0.0443925 0.0268479 0.0217502 0.0140895 0.0121071 0.0120363 0.00920419 0.00665534 0.0049561 0.00860946 0.00930331 0.0156896 0.0114698 0.00855282 0.00243557 0.00046729 0 2.83206e-05
 0 0 0 0 0.000772559 0.00158375 0.000888443 0.00281984 0.00712685 0.0440552 0.0773331 0.111326 0.0921469 0.0852325 0.0710754 0.0886704 0.0786465 0.0553345 0.0373146 0.0185414 0.00753245 0.00457741 0.012979 0.0271748 0.0457355 0.0583668 0.034881 0.0177882 0.00938659 0.00492506 0.0015258 0.00185414 0.000309023 5.79419e-05 3.86279e-05 0
 0 0.00173294 0.00326652 0 0.00397197 0.00683976 0.00946217 0.0152591 0.00757587 0.0136028 0.0228656 0.0392903 0.0559909 0.0764795 0.0681675 0.0726916 0.0566044 0.0477403 0.0527397 0.0444891 0.0609904 0.0582453 0.0661739 0.0445044 0.0529084 0.0360697 0.0280645 0.0235558 0.0158879 0.00826598 0.00280645 0.00217768 0.000904811 0.00058276 9.20147e-05 0
 0 0 0 0 0 0 0 0 0 0 0 0 0 0 0 0 0 0 0 0 0 0 0 0 0 0 0 0 0 0 0 0 0 0 0 0
 0 0 0 0 0 0 0 0 0 0 0 0 0 0 0 0 0 0 0 0 0 0 0 0 0 0 0 0 0 0 0 0 0 0 0 0
 0 0 0 0 0 0 0 0 0 0 0 0 0 0 0 0 0 0 0 0 0 0 0 0 0 0 0 0 0 0 0 0 0 0 0 0
ppred_pel_tallas
 1.09145e-16 1.45273e-05 8.5218e-05 0.000404994 0.00155909 0.00486175 0.0122807 0.0251301 0.0416644 0.0559798 0.0609849 0.0539543 0.0389747 0.0234587 0.0127223 0.00789568 0.00753704 0.00989822 0.0138864 0.0189425 0.0246723 0.0306382 0.0363306 0.0412395 0.044954 0.0472421 0.0480822 0.0476341 0.046167 0.0439725 0.0412942 0.0382955 0.0350653 0.0316492 0.0280874 0.0244405
 1.09197e-16 1.44097e-05 8.45277e-05 0.000401713 0.00154646 0.00482234 0.0121811 0.0249264 0.0413269 0.0555267 0.0604922 0.0535206 0.0386662 0.0232827 0.0126443 0.00787413 0.00754397 0.0099215 0.0139236 0.018995 0.0247426 0.0307281 0.0364412 0.0413707 0.0451044 0.0474093 0.0482633 0.0478257 0.0463654 0.0441738 0.0414944 0.0384904 0.0352509 0.0318219 0.0282441 0.024579
 1.09235e-16 1.44174e-05 8.45729e-05 0.000401928 0.00154729 0.00482493 0.0121877 0.0249398 0.041349 0.0555562 0.0605241 0.053548 0.0386843 0.0232901 0.0126422 0.00786338 0.00752439 0.0098916 0.0138815 0.0189394 0.0246735 0.0306475 0.0363536 0.0412824 0.045023 0.0473428 0.0482184 0.0478068 0.0463744 0.0442094 0.0415529 0.0385665 0.0353382 0.0319143 0.0283359 0.0246658
 1.08502e-16 1.64148e-05 9.63011e-05 0.000457689 0.00176199 0.00549447 0.0138788 0.0283999 0.0470836 0.0632548 0.068894 0.0609129 0.0439167 0.0262639 0.0139356 0.00817652 0.00732337 0.00937268 0.0130777 0.0178205 0.0232003 0.028797 0.0341285 0.0387136 0.0421662 0.0442699 0.0450076 0.0445341 0.0431077 0.0410072 0.0384652 0.0356372 0.0326069 0.0294156 0.0260979 0.0227073
 1.04857e-16 2.6574e-05 0.000155954 0.000741308 0.00285403 0.00889998 0.0224807 0.0459992 0.0762513 0.102411 0.111464 0.0983666 0.0705184 0.0413662 0.0204727 0.00969995 0.00619258 0.00657376 0.00876862 0.0118418 0.0153577 0.0189881 0.0223958 0.0252534 0.0273042 0.0284126 0.028584 0.0279451 0.0266953 0.0250469 0.0231776 0.0212054 0.0191913 0.0171582 0.0151166 0.0130837
 1.03865e-16 1.79424e-05 0.000105258 0.000500244 0.00192579 0.00600525 0.0151692 0.031041 0.0514646 0.0691479 0.0753321 0.0666515 0.0481547 0.0289983 0.0157463 0.00978767 0.0093253 0.0121691 0.0169198 0.0228163 0.0292844 0.0356897 0.0413214 0.0455031 0.0477388 0.047826 0.0458965 0.0423662 0.037818 0.0328569 0.0279865 0.0235391 0.0196668 0.0163797 0.0136051 0.0112435
 1.03226e-16 2.71846e-05 0.000159538 0.000758341 0.00291961 0.00910448 0.0229973 0.0470562 0.0780035 0.104765 0.114026 0.10063 0.0721446 0.042328 0.0209631 0.00995615 0.00638703 0.00680127 0.00907454 0.0122455 0.0158606 0.019573 0.0230232 0.0258608 0.0278086 0.0287175 0.0285898 0.0275611 0.0258518 0.0237064 0.0213408 0.0189145 0.0165269 0.0142316 0.0120581 0.0100285
 1.02727e-16 2.26646e-05 0.000132988 0.000632092 0.00243347 0.00758844 0.0191681 0.0392224 0.0650232 0.0873474 0.0951121 0.0840403 0.0604742 0.0359296 0.018627 0.0102325 0.00838658 0.0102574 0.0140667 0.0189249 0.0242743 0.0295674 0.0342084 0.0376331 0.039428 0.0394248 0.0377341 0.034704 0.0308233 0.0266004 0.0224607 0.0186876 0.015414 0.0126534 0.0103484 0.00841627
 1.03194e-16 2.18864e-05 0.000128422 0.000610388 0.00234991 0.00732786 0.0185099 0.0378755 0.06279 0.0843468 0.091843 0.0811477 0.058384 0.0346707 0.0179446 0.00981393 0.00800177 0.00977928 0.0134407 0.0181452 0.0233782 0.0286368 0.0333682 0.0370387 0.0392426 0.0397894 0.0387386 0.0363655 0.033079 0.0293163 0.0254541 0.021757 0.0183703 0.0153435 0.0126697 0.0103207
 1.02782e-16 2.66121e-05 0.000156173 0.000742339 0.00285798 0.0089123 0.0225119 0.0460633 0.076359 0.10256 0.111636 0.0985446 0.0707018 0.041586 0.020789 0.010194 0.00695802 0.00770763 0.0103572 0.0139391 0.017961 0.0220162 0.0256788 0.0285415 0.0302944 0.0307917 0.0300768 0.028357 0.0259395 0.0231519 0.0202746 0.0175029 0.0149418 0.0126258 0.0105494 0.00869376
 1.03268e-16 1.75946e-05 0.000103215 0.00049053 0.00188839 0.0058886 0.0148745 0.0304382 0.0504658 0.0678076 0.0738764 0.0653743 0.0472553 0.0285033 0.0155623 0.00980293 0.00947185 0.0124283 0.0173019 0.0233401 0.0299639 0.0365261 0.0422985 0.0465855 0.0488739 0.0489486 0.0469365 0.0432561 0.0385004 0.0332901 0.0281484 0.0234285 0.019303 0.0157996 0.0128593 0.0103905
 1.05904e-16 1.31619e-05 7.71943e-05 0.000366832 0.00141213 0.00440343 0.0111231 0.0227622 0.0377417 0.0507191 0.0552797 0.0489681 0.0355062 0.0216378 0.0122185 0.00832022 0.00868516 0.0117638 0.016569 0.0225498 0.0292485 0.0361166 0.0425097 0.0477851 0.0514306 0.0531674 0.0529937 0.0511524 0.0480425 0.0441082 0.0397446 0.0352452 0.0307962 0.0265025 0.0224256 0.0186139
 1.05946e-16 2.31492e-05 0.000135846 0.000645711 0.00248595 0.00775214 0.0195814 0.0400671 0.0664191 0.0892097 0.0971061 0.0857218 0.0615096 0.0361956 0.0181276 0.00895178 0.0062078 0.00698036 0.00948127 0.0129016 0.0168497 0.0210071 0.0250299 0.0285718 0.0313452 0.0331729 0.0340116 0.0339357 0.033095 0.0316621 0.0297901 0.0275933 0.025151 0.0225241 0.0197755 0.0169815
 1.04532e-16 1.98701e-05 0.000116581 0.000554088 0.00213313 0.00665184 0.0168023 0.034382 0.0570006 0.0765763 0.0833988 0.0737269 0.0531321 0.0317269 0.0167418 0.00966743 0.00846673 0.0106826 0.0147662 0.0199236 0.0256229 0.0313141 0.0363886 0.0402652 0.0425133 0.042949 0.0416699 0.0390118 0.0354504 0.0314786 0.0275047 0.0237949 0.0204692 0.0175356 0.0149416 0.0126203
 1.03407e-16 2.49165e-05 0.000146217 0.000695003 0.00267572 0.00834392 0.0210762 0.043126 0.0714908 0.0960243 0.104531 0.0922921 0.066259 0.0390598 0.0196881 0.00992341 0.00712148 0.00813813 0.0110266 0.014874 0.019196 0.0235734 0.0275592 0.0307217 0.0327297 0.0334216 0.0328334 0.0311719 0.0287495 0.0259013 0.0229157 0.0199949 0.0172507 0.0147243 0.0124181 0.0103222
 1.02366e-16 2.64137e-05 0.000155006 0.000736782 0.00283657 0.00884553 0.0223433 0.0457186 0.0757883 0.101796 0.110812 0.0978334 0.0702275 0.0413792 0.0208187 0.0104264 0.00739099 0.00836888 0.0112842 0.0151562 0.0194598 0.0237426 0.0275286 0.0303678 0.0319271 0.0320648 0.030858 0.0285711 0.0255804 0.0222799 0.019002 0.0159708 0.0132963 0.0109976 0.00904003 0.00736991
 1.02629e-16 2.12616e-05 0.000124749 0.000592919 0.00228263 0.00711806 0.01798 0.0367916 0.0609947 0.08194 0.0892348 0.078873 0.0568121 0.033867 0.0177657 0.0100922 0.00865464 0.010813 0.0149037 0.0200783 0.0257774 0.0314304 0.0364082 0.0401112 0.0420956 0.0421727 0.0404474 0.0372755 0.0331642 0.0286468 0.0241752 0.0200579 0.0164496 0.0133814 0.0108087 0.00865722
 1.03589e-16 2.09487e-05 0.000122916 0.000584213 0.00224913 0.00701359 0.017716 0.0362513 0.0600979 0.080732 0.0879112 0.0776836 0.0559134 0.0332475 0.0172892 0.00958691 0.007971 0.00983863 0.0135629 0.0183389 0.0236667 0.0290498 0.0339373 0.0377942 0.0402088 0.0409798 0.0401517 0.037982 0.0348609 0.0312098 0.0273938 0.023673 0.0201952 0.01702 0.0141553 0.0115906
 1.04607e-16 1.80317e-05 0.000105788 0.000502775 0.00193556 0.00603572 0.0152461 0.0311978 0.0517229 0.0694899 0.075691 0.0669367 0.0482907 0.0289407 0.0154645 0.0092361 0.00843066 0.0108401 0.0150725 0.0204068 0.0263413 0.032338 0.0377892 0.042104 0.0448293 0.0457464 0.0449086 0.042604 0.0392647 0.0353526 0.031263 0.0272712 0.0235268 0.0200824 0.0169376 0.0140766
 1.03257e-16 2.86619e-05 0.000168213 0.000799589 0.00307843 0.00959977 0.0242483 0.0496157 0.0822453 0.110458 0.120215 0.106071 0.0760017 0.0445019 0.0218735 0.0101098 0.00611428 0.00623077 0.00821429 0.0110601 0.0143162 0.017659 0.0207628 0.0233133 0.0250642 0.0258858 0.025786 0.024892 0.0234055 0.0215458 0.0195029 0.0174122 0.0153524 0.0133612 0.0114557 0.00965054
 1.02454e-16 2.30784e-05 0.000135417 0.00064364 0.00247793 0.00772708 0.0195183 0.039939 0.0662109 0.0889426 0.0968482 0.085572 0.0615714 0.0365715 0.0189409 0.0103739 0.00846493 0.0103271 0.0141464 0.0190147 0.0243626 0.029633 0.0342216 0.0375585 0.0392291 0.0390699 0.0372028 0.0339921 0.0299449 0.0255871 0.0213575 0.0175468 0.0142888 0.0115912 0.00938632 0.00757886
 1.0322e-16 2.08319e-05 0.000122229 0.000580942 0.00223653 0.00697429 0.0176168 0.0360483 0.059762 0.0802826 0.0874262 0.0772657 0.0556358 0.0331287 0.0173119 0.00973276 0.00824062 0.0102507 0.0141422 0.0191025 0.0246119 0.0301457 0.0351217 0.0389775 0.0412848 0.0418424 0.0407123 0.0381848 0.0346913 0.0306942 0.0265926 0.0226684 0.0190773 0.0158742 0.0130535 0.0105857
 1.03721e-16 2.24112e-05 0.000131505 0.000625053 0.00240638 0.00750399 0.0189547 0.0387855 0.0642974 0.0863686 0.0940359 0.0830647 0.0597188 0.0353744 0.0181456 0.00966419 0.00758393 0.0091014 0.0124723 0.0168547 0.0217594 0.0267261 0.0312508 0.0348449 0.0371324 0.0379292 0.0372739 0.035399 0.0326557 0.029422 0.0260236 0.0226896 0.0195481 0.0166487 0.0139976 0.0115876
 1.0434e-16 1.81484e-05 0.000106471 0.000506021 0.00194805 0.00607467 0.0153445 0.0313993 0.0520572 0.0699399 0.0761836 0.0673781 0.0486214 0.0291633 0.0156273 0.00939986 0.00864685 0.0111461 0.0154924 0.0209504 0.0269989 0.0330764 0.0385507 0.0428104 0.0453927 0.0460837 0.0449565 0.0423315 0.0386785 0.0344954 0.0302052 0.0260982 0.0223253 0.0189289 0.0158906 0.0131732
 1.06967e-16 1.05984e-05 6.21411e-05 0.00029526 0.00113655 0.00354403 0.00895236 0.018321 0.0303816 0.0408394 0.0445411 0.0395257 0.028812 0.0178623 0.0106315 0.00803924 0.00913117 0.0127045 0.0179771 0.0244687 0.0317158 0.039128 0.0460064 0.0516561 0.0555293 0.0573363 0.0570917 0.0550755 0.0517342 0.0475557 0.0429651 0.0382679 0.0336456 0.0291877 0.0249379 0.0209304
pSPR Fmed_Fpbrs
0.594914   0.254687 0.254687
Fs Fmed_Fpbrs
0.284162   1.005 1.005
SSBpbr Bo_Bmed_Bpbrs
1.02867e+06  560534  210555 210555
Ro
39340.1
SPR SPRFo_SPRFmed_SPRFpbrs
810781 482345 206495
log_Ro
10.4
likeval ReclasPelacesDesembMPH_pf_preclas_ppelaces_ptallas_desvR_qrecl_qpela
 111.715 81.4621 0.425768 0.000714866 315.522 207.752 73.7313 0 14.0812 0 0 0 0 0 0
q_reclas_q_pelaces
1 1
M
0.7
N
 43312 23388.5 11614.4 5767.53 5689.29
 35512.3 19848.7 9891.38 4911.91 4845.28
 24867.8 15810 7922.23 3947.95 3894.39
 21075.5 9429.29 4577.45 2293.7 2270.57
 54472.8 9742.07 4057.27 1969.6 1963.93
 41237.9 26606.9 4680.45 1949.26 1889.82
 84624.6 16645.9 8730.18 1535.73 1259.66
 89337.8 37467.8 6571.09 3446.3 1103.5
 89141.4 36554.6 12632.2 2215.43 1533.96
 145658 35753.7 11842.2 4092.31 1214.64
 87002.3 62094 13084.5 4333.78 1942.14
 38855.8 32614.2 17571.4 3702.66 1775.97
 52910.2 14966.3 9743.86 5249.66 1636.8
 26155.7 18320.1 3613.25 2352.41 1662.57
 18383.4 7069.65 2695.22 531.576 590.678
 17797.2 5278.63 1173.8 447.497 186.331
 14958.2 6950.45 1621.25 360.514 194.671
 15640.8 6223.38 2422.77 565.134 193.526
 13377.4 6854.99 2407.3 937.167 293.461
 34939.9 5901.89 2686.88 943.567 482.357
 41968.4 15515.6 2343.66 1066.97 566.239
 49453.3 19839.3 6982.05 1054.65 734.945
 69903.6 23002.9 8643.85 3042.03 779.714
 61886.8 31975.3 9692.13 3642.04 1610.27
 27806.6 28071.5 13248.2 4015.69 2176.16
pred_Ctot
 2414.33 2518.51 1250.65 621.057 612.632
 2659.49 2836.85 1413.71 702.028 692.504
 4294.47 4889.08 2449.86 1220.86 1204.3
 1052.41 912.912 443.173 222.069 219.829
 642.837 228.267 95.066 46.1498 46.017
 5616.55 6647.51 1169.37 487.006 472.153
 6641.21 2487.41 1304.56 229.486 188.233
 11436.3 8845.55 1551.33 813.616 260.519
 12480.7 9365.02 3236.28 567.576 392.988
 14957.6 6883.29 2279.85 787.85 233.843
 15586.5 19834.3 4179.5 1384.31 620.367
 6361.53 9618.86 5182.32 1092.02 523.784
 11760.5 5761.2 3750.84 2020.83 630.077
 8873.85 9917.95 1956.11 1273.53 900.064
 5753.08 3597.36 1371.45 270.49 300.564
 2771.38 1488.61 331.017 126.197 52.5465
 1762.47 1520.37 354.64 78.8605 42.5832
 1330.31 1003.66 390.727 91.1406 31.2104
 1080.71 1052.91 369.757 143.947 45.0751
 2674.66 861.316 392.121 137.703 70.3947
 1454.67 1052.72 159.015 72.3928 38.4188
 2260.33 1762.79 620.379 93.7091 65.3023
 3983.76 2530.39 950.851 334.633 85.771
 3873.31 3849.23 1166.75 438.433 193.847
 2045.07 3943.48 1861.11 564.125 305.707
F
 0.0802905 0.160581 0.160581 0.160581 0.160581
 0.109234 0.218468 0.218468 0.218468 0.218468
 0.269752 0.539504 0.539504 0.539504 0.539504
 0.0716554 0.143311 0.143311 0.143311 0.143311
 0.0165296 0.0330592 0.0330592 0.0330592 0.0330592
 0.207193 0.414387 0.414387 0.414387 0.414387
 0.114742 0.229485 0.229485 0.229485 0.229485
 0.193617 0.387233 0.387233 0.387233 0.387233
 0.21357 0.427141 0.427141 0.427141 0.427141
 0.152614 0.305228 0.305228 0.305228 0.305228
 0.281187 0.562375 0.562375 0.562375 0.562375
 0.254055 0.50811 0.50811 0.50811 0.50811
 0.360598 0.721195 0.721195 0.721195 0.721195
 0.608259 1.21652 1.21652 1.21652 1.21652
 0.547784 1.09557 1.09557 1.09557 1.09557
 0.240233 0.480467 0.480467 0.480467 0.480467
 0.176946 0.353892 0.353892 0.353892 0.353892
 0.124904 0.249807 0.249807 0.249807 0.249807
 0.118298 0.236595 0.236595 0.236595 0.236595
 0.11178 0.223559 0.223559 0.223559 0.223559
 0.0492527 0.0985053 0.0985053 0.0985053 0.0985053
 0.0654084 0.130817 0.130817 0.130817 0.130817
 0.0821527 0.164305 0.164305 0.164305 0.164305
 0.0905524 0.181105 0.181105 0.181105 0.181105
 0.107179 0.214358 0.214358 0.214358 0.214358
nmprior
 10 11 7 0
nm_flota  nm_reclas  nm_pelaces    nm_pelaL
inf 13.1925 13.2971 22.3105
cv_recla  cv_pelaces  cv_mph
0.95605 1.06204 0.867462
 ------------------------------------------------
Talla a la edad & desviación 
 7.2 14.2025 17.0495 18.207 18.6776
 1.08 2.13037 2.55742 2.73105 2.80164
