years
 1997 1998 1999 2000 2001 2002 2003 2004 2005 2006 2007 2008 2009 2010 2011 2012 2013 2014 2015 2016 2017 2018 2019 2020 2021
reclasobs
 0 0 0 370054 412103 1.49427e+06 250295 1.28982e+06 931140 785840 897777 1.04006e+06 184774 17550 25797 100020 73551 82996 120727 218422 84188 347160 605670 569463 516374
reclaspred
 527654 110836 190273 139005 275601 301984 670377 502662 684665 876414 734068 489753 308987 135829 87026.3 84099.8 98839.2 123534 117324 188105 297658 264877 415024 434551 356024
pelacesobs
 0 0 0 0 0 0 0 0 0 2.06254e+06 1.5e+06 0 1.87456e+06 323000 250000 174000 83755 137374 0 501740 490994 745055 786931 1.00524e+06 0
pelacespred
 681573 161996 137778 172392 308168 270052 759446 618969 809730 1.02976e+06 784730 545034 345760 122795 77594.3 81031.5 99846.6 127632 123831 192851 344248 299927 371649 458425 388351
mphobs
 0 0 0 0 0 112323 0 153150 637223 0 255016 313432 73983 77613 109348 50772 0 0 0 0 0 0 0 0 0
mphpred
 214656 96114.1 79083.6 53908.8 77172.7 153231 202112 246380 240819 314782 412068 299144 179665 96510 42363.1 33929.1 39613.9 50727.3 57565.2 61127.2 107421 135192 160101 198717 229809
desembarqueobs
 350755 77701 442110 56441 14545 235359 269955 359681 431902 328805 639364 411747 362871 311530 167758 66681 60226 58785 57116 71774 51957 67425 138520 160799 200461
desembarquepred
 350737 77676 441748 56432.6 14544.8 235348 269951 359476 431722 328682 639038 411653 362706 311444 167585 66662.8 60228.9 58768.8 57095.6 71747.3 51951 67404.3 138487 160774 200453
Reclutas
 24235.4 39677.1 10988 32602.4 62767.8 33324.9 67753.1 80674.1 122642 179730 65020.8 34871.2 46711.9 22356.2 15509.6 17152.5 12459.9 12734.5 12610.3 31852.6 38076.5 42684.2 58535.5 54792.7 4542.28
log_desv_Rt
 -0.304429 0.18853 -1.09544 -0.00786006 0.647198 0.014059 0.723625 0.898172 1.31702 1.69921 0.682462 0.0594173 0.351755 -0.385142 -0.750788 -0.650102 -0.969727 -0.947931 -0.957733 -0.0311261 0.147354 0.261584 0.57739 0.511312 -1.97882
SSB
 676638 302971 249287 169931 243264 483014 637097 776640 759109 992257 1.29892e+06 942962 566340 304219 133537 106951 124871 159902 181457 192685 338611 426154 504670 626397 724403
BT
 1.46576e+06 433308 480523 368874 563603 667333 1.54786e+06 1.50715e+06 1.84276e+06 2.15288e+06 1.96559e+06 1.34818e+06 975699 518008 279524 199967 227716 275832 271275 403974 658013 600728 761882 956599 867098
Ftot
 0.420519 0.581764 1.29637 0.409915 0.0551352 0.456377 0.334319 0.624699 0.61655 0.356914 0.522546 0.474592 0.800893 1.39959 1.48854 0.626082 0.463574 0.342543 0.316662 0.349145 0.137012 0.168803 0.217147 0.247651 0.274733
BD_Bspro_t
 0.941679 0.683944 0.53851 0.287734 0.496699 0.711562 0.631625 0.643449 0.604055 0.620466 0.652471 0.500943 0.381617 0.281315 0.165336 0.166326 0.24923 0.377517 0.465424 0.539666 0.694521 0.78649 0.784402 0.766364 0.723714
BD_Bspro
 0.999139 0.447373 0.368103 0.250924 0.359209 0.71323 0.940752 1.1468 1.12092 1.46519 1.91802 1.3924 0.836271 0.449216 0.197184 0.157927 0.184387 0.236115 0.267943 0.284523 0.5 0.629268 0.745207 0.924951 1.06967
BD_Bo
 0.728373 0.326136 0.268348 0.182924 0.261864 0.519945 0.685809 0.836021 0.81715 1.06812 1.39824 1.01506 0.609642 0.327479 0.143747 0.115129 0.134418 0.172128 0.195331 0.207418 0.364501 0.458737 0.543257 0.67429 0.77979
BD_Brms
 2.45284 1.09828 0.903676 0.616006 0.88184 1.75094 2.3095 2.81535 2.7518 3.59696 4.70863 3.41827 2.053 1.1028 0.484076 0.387702 0.452662 0.579652 0.657788 0.69849 1.22748 1.54482 1.82945 2.27071 2.62599
S_f
 0.153052 1 1 1 1
 0.153052 1 1 1 1
 0.153052 1 1 1 1
 0.153052 1 1 1 1
 0.153052 1 1 1 1
 0.153052 1 1 1 1
 0.153052 1 1 1 1
 0.153052 1 1 1 1
 0.153052 1 1 1 1
 0.153052 1 1 1 1
 0.153052 1 1 1 1
 0.153052 1 1 1 1
 0.153052 1 1 1 1
 0.153052 1 1 1 1
 0.153052 1 1 1 1
 0.153052 1 1 1 1
 0.153052 1 1 1 1
 0.153052 1 1 1 1
 0.153052 1 1 1 1
 0.153052 1 1 1 1
 0.153052 1 1 1 1
 0.153052 1 1 1 1
 0.153052 1 1 1 1
 0.153052 1 1 1 1
 0.153052 1 1 1 1
Scru_reclas
 1 1 1 1 1
 1 1 1 1 1
 1 1 1 1 1
 1 1 1 1 1
 1 1 1 1 1
 1 1 1 1 1
 1 1 1 1 1
 1 1 1 1 1
 1 1 1 1 1
 1 1 1 1 1
 1 1 1 1 1
 1 1 1 1 1
 1 1 1 1 1
 1 1 1 1 1
 1 1 1 1 1
 1 1 1 1 1
 1 1 1 1 1
 1 1 1 1 1
 1 1 1 1 1
 1 1 1 1 1
 1 1 1 1 1
 1 1 1 1 1
 1 1 1 1 1
 1 1 1 1 1
 1 1 1 1 1
Scru_pelaces
 1 1 1 1 1
 1 1 1 1 1
 1 1 1 1 1
 1 1 1 1 1
 1 1 1 1 1
 1 1 1 1 1
 1 1 1 1 1
 1 1 1 1 1
 1 1 1 1 1
 1 1 1 1 1
 1 1 1 1 1
 1 1 1 1 1
 1 1 1 1 1
 1 1 1 1 1
 1 1 1 1 1
 1 1 1 1 1
 1 1 1 1 1
 1 1 1 1 1
 1 1 1 1 1
 1 1 1 1 1
 1 1 1 1 1
 1 1 1 1 1
 1 1 1 1 1
 1 1 1 1 1
 1 1 1 1 1
pf_obs 
 0.256992 0.487395 0.22802 0.0275931 0
 0.321318 0.546541 0.124235 0.00734118 0.000564706
 0.182869 0.594174 0.210203 0.0122559 0.00049798
 0.330522 0.361315 0.267642 0.0388342 0.00168674
 0.649043 0.306663 0.0425973 0.00169635 0
 0.582887 0.30429 0.105238 0.00758474 0
 0.465427 0.430635 0.0974691 0.00646863 0
 0.296916 0.608066 0.0921331 0.00288517 0
 0.311714 0.524322 0.152257 0.0117073 0
 0.15457 0.633149 0.183074 0.0267441 0.00246327
 0.131901 0.49318 0.331252 0.0422183 0.00144891
 0.196976 0.569456 0.194076 0.0375587 0.00193317
 0.518974 0.381816 0.0799577 0.0180837 0.00116848
 0.0928022 0.601141 0.25162 0.0475244 0.00691264
 0.122501 0.610282 0.24278 0.0234846 0.000952079
 0.383417 0.481906 0.127806 0.00687128 0
 0.0376549 0.599619 0.316969 0.0457579 0
 0.0361596 0.667082 0.258105 0.0386534 0
 0.158088 0.579412 0.248529 0.0139706 0
 0.0477256 0.309471 0.559284 0.082774 0.000745712
 0.0406174 0.521527 0.379366 0.0568643 0.0016247
 0.151134 0.462217 0.34131 0.0453401 0
 0.294876 0.26143 0.354403 0.0886775 0.000613685
 0.281977 0.475581 0.204845 0.0348837 0.00271318
 0 0 0 0 0
pf_pred 
 0.146636 0.580048 0.242065 0.0312434 7.34267e-06
 0.27681 0.419204 0.206626 0.0862289 0.0111322
 0.0986266 0.693485 0.120504 0.0593967 0.0279875
 0.430143 0.333021 0.182213 0.0316625 0.0229602
 0.35613 0.552221 0.0535589 0.0293049 0.00878485
 0.132662 0.683177 0.157947 0.015319 0.0108945
 0.29639 0.390896 0.246316 0.056947 0.00945115
 0.268601 0.558795 0.0958914 0.0604242 0.0162883
 0.328914 0.514024 0.119997 0.0205919 0.0164734
 0.314594 0.557276 0.098142 0.0229109 0.00707685
 0.0996422 0.703239 0.160269 0.028225 0.00862428
 0.0929462 0.438419 0.366035 0.0834199 0.01918
 0.211199 0.361321 0.20662 0.172507 0.0483537
 0.159111 0.608493 0.106452 0.0608742 0.0650698
 0.234652 0.551533 0.154723 0.0270679 0.0320241
 0.30278 0.56811 0.0930406 0.026101 0.0099685
 0.187658 0.645633 0.135838 0.0222465 0.00862439
 0.200308 0.523444 0.219556 0.0461935 0.0104981
 0.192061 0.532473 0.180308 0.0756296 0.0195283
 0.373877 0.403381 0.146798 0.0497096 0.0262342
 0.251561 0.615343 0.0857469 0.031205 0.0161434
 0.208348 0.554962 0.194599 0.027117 0.0149737
 0.234101 0.498515 0.187441 0.0657268 0.0142163
 0.183652 0.562584 0.165172 0.0621046 0.0264874
 0.0179573 0.612344 0.254777 0.0748014 0.0401206
pobs_RECLAS
 0 0 0 0 0
 0 0 0 0 0
 0 0 0 0 0
 0 0 0 0 0
 0.835266 0.146461 0.0176864 0.000547809 3.91292e-05
 0.385257 0.428462 0.181853 0.0044286 0
 0.867414 0.0963971 0.0333333 0.00285562 0
 0.441836 0.489002 0.0689373 0.000224442 0
 0.779404 0.147425 0.0564933 0.0165055 0.000172143
 0.814271 0.122319 0.05973 0.00367925 0
 0.40263 0.566651 0.0304383 0.000280538 0
 0.475488 0.404961 0.113038 0.00651328 0
 0.955842 0.0263864 0.0167828 0.000988607 0
 0.975058 0.0227948 0.00214734 0 0
 0.738997 0.206755 0.0527124 0.00153531 0
 0.850938 0.134255 0.0134407 0.00136685 0
 0.542534 0.407297 0.0501686 0 0
 0.764087 0.199537 0.0359546 0.000420521 0
 0.470689 0.182191 0.310203 0.0369168 0
 0.84361 0.089868 0.0606195 0.00523954 0.000663233
 0.607945 0.314616 0.071237 0.00620181 0
 0.523733 0.453247 0.0230204 0 0
 0.530135 0.295979 0.169645 0.0042399 0
 0.562478 0.366248 0.0663022 0.0049721 0
 0.250443 0.683176 0.0655157 0.000865301 0
ppred_RECLAS
 0.535762 0.315551 0.131686 0.0169967 3.99448e-06
 0.722795 0.160685 0.0792015 0.0330523 0.00426707
 0.448152 0.424572 0.0737764 0.0363644 0.0171348
 0.835126 0.0963516 0.0527191 0.0091608 0.00664299
 0.78374 0.185477 0.0179891 0.0098428 0.00295061
 0.507472 0.38795 0.0896922 0.00869909 0.00618658
 0.737537 0.145813 0.0918814 0.0212425 0.00352549
 0.715263 0.217542 0.037331 0.0235234 0.0063411
 0.770109 0.176087 0.0411069 0.0070541 0.00564323
 0.754128 0.199909 0.035206 0.00821871 0.00253864
 0.42851 0.446372 0.101729 0.0179155 0.00547415
 0.408754 0.285775 0.238593 0.0543757 0.0125021
 0.650988 0.15987 0.0914207 0.0763271 0.0213945
 0.587805 0.298277 0.0521818 0.0298399 0.0318965
 0.700838 0.215585 0.0604787 0.0105804 0.0125177
 0.748166 0.2052 0.033606 0.0094276 0.0036006
 0.608931 0.310814 0.0653937 0.0107097 0.00415186
 0.625746 0.244971 0.102752 0.0216185 0.00491307
 0.612959 0.255079 0.0863762 0.0362301 0.00935497
 0.799514 0.129163 0.0470051 0.0159171 0.00840025
 0.688717 0.255927 0.035663 0.0129785 0.0067142
 0.634475 0.25624 0.0898512 0.0125206 0.00691372
 0.669114 0.21537 0.080979 0.0283955 0.00614179
 0.598623 0.276608 0.0812108 0.0305352 0.0130232
 0.1083 0.556011 0.231339 0.0679201 0.0364297
pobs_PELACES
 0 0 0 0 0
 0 0 0 0 0
 0 0 0 0 0
 0 0 0 0 0
 0 0 0 0 0
 0 0 0 0 0
 0 0 0 0 0
 0 0 0 0 0
 0 0 0 0 0
 0 0 0 0 0
 0.450072 0.473896 0.0757376 0.000293798 0
 0 0 0 0 0
 0.463077 0.371075 0.160297 0.00555027 0
 0.529543 0.364841 0.0842815 0.0213345 0
 0.631943 0.363953 0.00410389 0 0
 0.735681 0.248677 0.0153453 0.000297389 0
 0.695825 0.281241 0.0229344 0 0
 0.275771 0.60734 0.115278 0.00161068 0
 0 0 0 0 0
 0.896147 0.0623911 0.0374545 0.00400742 0
 0.803859 0.145111 0.0509908 3.86294e-05 0
 0.739449 0.233085 0.0266225 0.000797448 4.60066e-05
 0.878498 0.100942 0.0204185 0.000141795 0
 0.694673 0.275183 0.0284847 0.00165964 0
 0 0 0 0 0
ppred_PELACES
 0.564839 0.295787 0.123438 0.0159321 3.74429e-06
 0.754168 0.142499 0.0702378 0.0293116 0.00378414
 0.53847 0.355085 0.0617018 0.0304129 0.0143304
 0.850301 0.087483 0.0478666 0.00831761 0.00603154
 0.786341 0.183247 0.0177728 0.00972444 0.00291513
 0.53928 0.362896 0.0838998 0.00813729 0.00578704
 0.75522 0.13599 0.0856913 0.0198114 0.00328798
 0.74945 0.191422 0.0328488 0.0206991 0.00557974
 0.799191 0.153811 0.0359067 0.00616172 0.00492933
 0.772152 0.185254 0.0326251 0.0076162 0.00235254
 0.464588 0.418193 0.0953066 0.0167845 0.00512857
 0.441156 0.270114 0.225518 0.0513957 0.011817
 0.699985 0.137426 0.0785863 0.0656116 0.018391
 0.678323 0.232775 0.0407227 0.0232871 0.0248921
 0.780285 0.158333 0.0444177 0.00777061 0.00919343
 0.779686 0.179516 0.0293998 0.00824761 0.00314993
 0.639313 0.286666 0.0603131 0.00987761 0.0038293
 0.647883 0.230481 0.0966741 0.0203397 0.00462246
 0.633735 0.241387 0.0817397 0.0342854 0.00885281
 0.8147 0.11938 0.0434447 0.0147114 0.00776397
 0.696867 0.249227 0.0347293 0.0126387 0.00653841
 0.645345 0.248619 0.087179 0.0121482 0.00670811
 0.68241 0.206715 0.0777249 0.0272544 0.00589499
 0.615134 0.265229 0.07787 0.0292791 0.0124874
 0.115941 0.551246 0.229357 0.067338 0.0361176
pobs_pel_tallas
 0 0 0 0 0 0 0 0 0 0 0 0 0 0 0 0 0 0 0 0 0 0 0 0 0 0 0 0 0 0 0 0 0 0 0 0
 0 0 0 0 0 0 0 0 0 0 0 0 0 0 0 0 0 0 0 0 0 0 0 0 0 0 0 0 0 0 0 0 0 0 0 0
 0 0 0 0 0 0 0 0 0 0 0 0 0 0 0 0 0 0 0 0 0 0 0 0 0 0 0 0 0 0 0 0 0 0 0 0
 0 0 0 0 0 0 0 0 0 0 0 0 0 0 0 0 0 0 0 0 0 0 0 0 0 0 0 0 0 0 0 0 0 0 0 0
 0 0 0 0 0 0 0 0 0 0 0 0 0 0 0 0 0 0 0 0 0 0 0 0 0 0 0 0 0 0 0 0 0 0 0 0
 0 0 0 0 0 0 0 0 0 0 0 0 0 0 0 0 0 0 0 0 0 0 0 0 0 0 0 0 0 0 0 0 0 0 0 0
 0 0 0 0 0 0 0 0 0 0 0 0 0 0 0 0 0 0 0 0 0 0 0 0 0 0 0 0 0 0 0 0 0 0 0 0
 0 0 0 0 0 0 0 0 0 0 0 0 0 0 0 0 0 0 0 0 0 0 0 0 0 0 0 0 0 0 0 0 0 0 0 0
 0 0 0 0 0 0 0 0 0 0 0 0 0 0 0 0 0 0 0 0 0 0 0 0 0 0 0 0 0 0 0 0 0 0 0 0
 0 0 0 0 0 0 0 0 0 0 0 0 0 0 0 0 0 0 0 0 0 0 0 0 0 0 0 0 0 0 0 0 0 0 0 0
 0 0 0 0 0 0 0 0 1.78061e-05 0.00172719 0.00360574 0.0105946 0.0120993 0.0124554 0.0147524 0.0171206 0.0266825 0.0428682 0.0675386 0.121331 0.153587 0.119568 0.100827 0.0573624 0.0630603 0.0341343 0.0324427 0.0444173 0.0211091 0.0280891 0.0125444 0.00206551 0 0 0 0
 0 0 0 0 0 0 0 0 0 0 0 0 0 0 0 0 0 0 0 0 0 0 0 0 0 0 0 0 0 0 0 0 0 0 0 0
 0 0 0 0 0 0 0.0133647 0.0140871 0.0187388 0.0205184 0.03894 0.0496705 0.03968 0.0493445 0.0407372 0.0367815 0.0215668 0.0243155 0.0234873 0.0199281 0.019796 0.0243948 0.0301388 0.0376714 0.0412746 0.0863199 0.0771752 0.113111 0.0741005 0.0525337 0.0229764 0.00759418 0.00175318 0 0 0
 0 0 0 0 0 0 0 0 0 0 0.00219441 0.00772107 0.0458388 0.0604681 0.0671733 0.0775358 0.0609151 0.0617685 0.073594 0.0568108 0.0755445 0.0548602 0.0670107 0.0636378 0.0643287 0.046367 0.0373049 0.0286899 0.0247887 0.0153202 0.00654259 0.00121912 0.000365735 0 0 0
 0 0 0 0 0 0 0 0 0 0 0 0 0.000112435 0.00938835 0.0111873 0.0202946 0.0414886 0.0713402 0.111592 0.104902 0.108894 0.110636 0.117776 0.105296 0.107544 0.0401394 0.0192827 0.0124803 0.00416011 0.0028671 0.000618394 0 0 0 0 0
 0 0 0 0 0 0 0 0 0 0 0.00291406 0.0102884 0.027416 0.0768956 0.0749926 0.110853 0.0956884 0.0897413 0.0766577 0.0534642 0.0500743 0.0551293 0.0594112 0.0620874 0.0668451 0.0424026 0.0208742 0.0120726 0.0048766 0.00582813 0.00118941 0.000297354 0 0 0 0
 0 0.00264628 0.0354308 0.0461629 0.0458689 0.0383711 0.0214643 0.0164657 0.0346957 0.0420465 0.0363128 0.0245516 0.0311673 0.0291091 0.0169068 0.0133784 0.00837989 0.0085269 0.0148486 0.0160247 0.0276389 0.0546898 0.0760071 0.122758 0.109233 0.0665981 0.0333725 0.0166128 0.00676272 0.00308733 0.000882094 0 0 0 0 0
 0 0 0 0 0 0 0 0.000805153 0.000690131 0.00759144 0.0133425 0.0154129 0.00931677 0.000345066 0.00356568 0.00563607 0.00851162 0.0253048 0.0502646 0.0516448 0.0657925 0.0565908 0.0611916 0.0827007 0.0866115 0.110766 0.145733 0.0935128 0.0569358 0.0249597 0.0138026 0.00621118 0.00161031 0.00115022 0 0
 0 0 0 0 0 0 0 0 0 0 0 0 0 0 0 0 0 0 0 0 0 0 0 0 0 0 0 0 0 0 0 0 0 0 0 0
 0.00147267 0.00158595 0.00478618 0.00569244 0.00954404 0.0108468 0.00647125 0.017049 0.0510054 0.094081 0.124002 0.0959785 0.0687766 0.0820023 0.061753 0.0591476 0.0492212 0.0479892 0.0443925 0.0268479 0.0217502 0.0140895 0.0121071 0.0120363 0.00920419 0.00665534 0.0049561 0.00860946 0.00930331 0.0156896 0.0114698 0.00855282 0.00243557 0.00046729 0 2.83206e-05
 0 0 0 0 0.000772559 0.00158375 0.000888443 0.00281984 0.00712685 0.0440552 0.0773331 0.111326 0.0921469 0.0852325 0.0710754 0.0886704 0.0786465 0.0553345 0.0373146 0.0185414 0.00753245 0.00457741 0.012979 0.0271748 0.0457355 0.0583668 0.034881 0.0177882 0.00938659 0.00492506 0.0015258 0.00185414 0.000309023 5.79419e-05 3.86279e-05 0
 0 0.00173294 0.00326652 0 0.00397197 0.00683976 0.00946217 0.0152591 0.00757587 0.0136028 0.0228656 0.0392903 0.0559909 0.0764795 0.0681675 0.0726916 0.0566044 0.0477403 0.0527397 0.0444891 0.0609904 0.0582453 0.0661739 0.0445044 0.0529084 0.0360697 0.0280645 0.0235558 0.0158879 0.00826598 0.00280645 0.00217768 0.000904811 0.00058276 9.20147e-05 0
 0 0 0 0 0 0 0 0 0 0 0 0 0 0 0 0 0 0 0 0 0 0 0 0 0 0 0 0 0 0 0 0 0 0 0 0
 0 0 0 0 0 0 0 0 0 0 0 0 0 0 0 0 0 0 0 0 0 0 0 0 0 0 0 0 0 0 0 0 0 0 0 0
 0 0 0 0 0 0 0 0 0 0 0 0 0 0 0 0 0 0 0 0 0 0 0 0 0 0 0 0 0 0 0 0 0 0 0 0
ppred_pel_tallas
 1.02397e-16 2.46546e-05 0.000144677 0.000687679 0.00264751 0.00825594 0.020854 0.0426715 0.070738 0.095015 0.103437 0.0913381 0.0655996 0.0387224 0.019613 0.0100415 0.00740025 0.00858455 0.0116681 0.0157382 0.0202951 0.0248931 0.0290524 0.0323086 0.0343044 0.0348643 0.034026 0.0320136 0.0291688 0.0258633 0.0224238 0.0190875 0.0159949 0.0132074 0.0107378 0.00857743
 1.02228e-16 3.29038e-05 0.000193122 0.000918023 0.00353445 0.0110219 0.0278403 0.0569648 0.0944246 0.126807 0.137985 0.121697 0.0870805 0.0507524 0.0245043 0.010581 0.00538297 0.00467792 0.00587843 0.00785843 0.0101712 0.0125589 0.0147861 0.0166291 0.0179116 0.0185382 0.0185096 0.0179102 0.0168774 0.0155626 0.0140988 0.0125828 0.011074 0.00960453 0.00819334 0.00685681
 1.02707e-16 2.35069e-05 0.000137935 0.000655613 0.00252403 0.00787086 0.0198814 0.0406819 0.0674418 0.0905937 0.0986397 0.0871402 0.0626676 0.0371581 0.0191266 0.010288 0.00818126 0.00985968 0.0134775 0.0181235 0.0232454 0.0283148 0.0327609 0.0360436 0.0377676 0.0377721 0.0361634 0.0332753 0.0295754 0.0255501 0.0216056 0.0180116 0.014894 0.0122641 0.0100653 0.00821794
 1.01276e-16 3.70934e-05 0.000217724 0.00103499 0.00398484 0.0124264 0.031388 0.0642231 0.106454 0.142954 0.155537 0.137133 0.0980292 0.0569382 0.0271245 0.0110827 0.00471725 0.00322748 0.00368652 0.00484559 0.00625836 0.00772545 0.00909401 0.0102245 0.011007 0.0113817 0.011348 0.0109575 0.0102953 0.00945604 0.00852418 0.00756248 0.00661086 0.00569191 0.00481895 0.00400245
 1.00783e-16 3.43082e-05 0.000201364 0.000957197 0.00368527 0.0114922 0.0290283 0.0593958 0.0984551 0.132222 0.143883 0.126914 0.0908458 0.053011 0.0257125 0.0112991 0.00602207 0.00546539 0.0069147 0.00916269 0.0116935 0.0141766 0.0163052 0.0178 0.018462 0.018218 0.0171374 0.0154102 0.0132968 0.0110661 0.00894153 0.00707037 0.00551821 0.00428441 0.00332743 0.00258978
 1.0186e-16 2.35427e-05 0.000138144 0.000656603 0.00252784 0.00788274 0.0199114 0.0407434 0.067544 0.0907316 0.0987919 0.0872791 0.0627775 0.0372432 0.0192073 0.0103909 0.00833297 0.010085 0.0137985 0.0185575 0.0238003 0.0289845 0.0335211 0.0368514 0.0385629 0.0384833 0.0367156 0.0335988 0.029615 0.0252719 0.0210015 0.0171007 0.0137204 0.0108921 0.00857216 0.00668509
 1.02096e-16 3.29495e-05 0.000193391 0.0009193 0.00353937 0.0110372 0.0278791 0.057044 0.0945558 0.126983 0.138175 0.121861 0.0871916 0.0508038 0.0245045 0.0105397 0.00530327 0.00455701 0.00571181 0.00764488 0.00991653 0.012278 0.0145031 0.0163743 0.0177162 0.0184282 0.018499 0.0179975 0.0170448 0.0157794 0.0143273 0.012786 0.011222 0.00967924 0.00818979 0.00678212
 1.01501e-16 3.27e-05 0.000191921 0.000912304 0.00351242 0.0109531 0.0276668 0.0566101 0.093838 0.126023 0.137143 0.120979 0.0866218 0.0505952 0.024633 0.0109834 0.00608416 0.0057357 0.0073565 0.00979489 0.0125499 0.015289 0.0176959 0.0194785 0.0204235 0.0204436 0.0195955 0.0180578 0.0160813 0.0139264 0.0118107 0.00987836 0.00819666 0.00677165 0.00557359 0.00456071
 1.01002e-16 3.48674e-05 0.000204649 0.000972823 0.00374544 0.0116798 0.0295023 0.0603654 0.100061 0.134377 0.146221 0.128959 0.0922721 0.0537684 0.0259407 0.0111637 0.00561628 0.00480431 0.00597331 0.00791476 0.0101387 0.0123567 0.0143092 0.0157583 0.0165293 0.016548 0.0158564 0.0145952 0.0129649 0.0111766 0.0094091 0.00778446 0.0063641 0.00516019 0.00415479 0.00331799
 1.00896e-16 3.36897e-05 0.000197732 0.000939931 0.00361879 0.0112849 0.0285047 0.0583244 0.0966793 0.129838 0.141291 0.124631 0.0892203 0.0520801 0.0252944 0.0111732 0.00603967 0.00556151 0.00707632 0.00939938 0.012022 0.0146142 0.0168661 0.0184928 0.0192875 0.0191678 0.0181932 0.0165441 0.0144732 0.0122445 0.0100803 0.00813067 0.00646821 0.00510219 0.00400255 0.0031231
 1.02306e-16 2.0288e-05 0.000119031 0.000565727 0.00217793 0.00679153 0.0171552 0.0351044 0.0581989 0.0781882 0.0851599 0.075297 0.0542926 0.0324778 0.0172432 0.0101202 0.00903695 0.0114882 0.0158867 0.0214032 0.0274612 0.0334529 0.0387039 0.0425712 0.0445801 0.0445316 0.0425429 0.0390024 0.0344624 0.029504 0.0246211 0.0201521 0.0162683 0.0130046 0.0103113 0.00810318
 1.05608e-16 1.92605e-05 0.000113012 0.00053714 0.00206791 0.00644847 0.0162885 0.03333 0.0552539 0.0742221 0.0808147 0.0713948 0.0513481 0.0304563 0.0157007 0.00849711 0.0068481 0.00836976 0.0115938 0.0158307 0.020693 0.02581 0.0307576 0.0351003 0.0384695 0.0406289 0.0415066 0.0411811 0.0398335 0.0376872 0.0349565 0.0318208 0.0284225 0.0248802 0.0213058 0.0178121
 1.04275e-16 3.05409e-05 0.000179251 0.000852077 0.00328055 0.0102301 0.0258403 0.0528726 0.0876418 0.117699 0.128076 0.112964 0.0808441 0.0471435 0.0228114 0.00993782 0.00519031 0.0046508 0.00592869 0.00798966 0.0104285 0.0130125 0.0155255 0.0177567 0.0195324 0.0207464 0.0213733 0.0214575 0.0210861 0.0203568 0.0193522 0.0181292 0.0167235 0.0151622 0.0134779 0.0117169
 1.02618e-16 2.96001e-05 0.000173719 0.000825759 0.00317918 0.00991395 0.0250419 0.0512397 0.0849379 0.114076 0.124156 0.109558 0.0785207 0.0460177 0.0226928 0.010609 0.00657049 0.00679733 0.00895798 0.0119903 0.0153918 0.0187862 0.0217968 0.0240717 0.0253525 0.0255322 0.0246754 0.0229923 0.0207774 0.0183353 0.0159171 0.0136855 0.011712 0.00999744 0.00850395 0.00718415
 1.01379e-16 3.40432e-05 0.00019981 0.000949816 0.00365686 0.0114036 0.0288045 0.0589377 0.0976951 0.1312 0.142766 0.125917 0.0901079 0.0525315 0.0253895 0.0110053 0.00565338 0.00495067 0.00621068 0.00825316 0.0105954 0.0129472 0.0150437 0.0166398 0.0175529 0.0177019 0.0171223 0.01595 0.0143814 0.0126245 0.0108558 0.00919684 0.00770991 0.00641055 0.00528634 0.00431465
 1.00907e-16 3.40179e-05 0.00019966 0.000949097 0.00365408 0.0113949 0.0287827 0.0588932 0.0976219 0.131103 0.142666 0.125839 0.0900756 0.0525597 0.0254907 0.0111973 0.00596349 0.00541193 0.00685379 0.00909557 0.0116302 0.0141348 0.0163086 0.0178761 0.0186377 0.0185148 0.0175662 0.0159679 0.0139656 0.0118151 0.00973144 0.0078589 0.00626613 0.00496026 0.00391035 0.00307027
 1.01468e-16 2.79014e-05 0.000163741 0.000778311 0.00299647 0.00934417 0.0236028 0.0482956 0.0800594 0.10753 0.117048 0.103324 0.0741363 0.0436166 0.021822 0.0107267 0.00734733 0.00814086 0.0109091 0.0146205 0.018736 0.0228044 0.0263567 0.0289521 0.030267 0.0301682 0.0287406 0.0262557 0.0230975 0.0196689 0.0163113 0.0132578 0.0106247 0.00843278 0.00664339 0.005193
 1.02363e-16 2.82729e-05 0.000165927 0.000788714 0.00303655 0.00946915 0.0239184 0.0489409 0.0811276 0.10896 0.118591 0.104656 0.0750246 0.0440046 0.0217682 0.0102942 0.00654034 0.00690734 0.00917828 0.0123454 0.0159299 0.0195655 0.0228769 0.0255031 0.0271657 0.027726 0.0272088 0.025782 0.0237028 0.0212508 0.0186703 0.0161374 0.0137554 0.0115696 0.00959135 0.00781899
 1.02831e-16 2.76564e-05 0.000162306 0.000771499 0.00297026 0.00926245 0.0233963 0.0478727 0.0793574 0.106584 0.116009 0.102385 0.0734162 0.0430995 0.0213914 0.0102343 0.00665863 0.00714791 0.00953335 0.0128224 0.0165327 0.020286 0.0236926 0.0263798 0.0280636 0.0286079 0.0280484 0.0265693 0.0244448 0.0219679 0.0193886 0.0168808 0.0145377 0.0123911 0.0104387 0.00866794
 1.01524e-16 3.55423e-05 0.000208615 0.000991681 0.00381806 0.0119063 0.0300743 0.0615355 0.102 0.136977 0.149041 0.131426 0.0939938 0.0546831 0.0262168 0.0110008 0.00512612 0.00400357 0.00482906 0.00639116 0.00822982 0.0101063 0.0118185 0.0131807 0.0140513 0.0143613 0.0141262 0.0134341 0.0124178 0.0112192 0.00995993 0.0087247 0.00755954 0.00648099 0.0054896 0.00458157
 1.01315e-16 3.04095e-05 0.000178469 0.000848337 0.00326611 0.010185 0.0257266 0.0526408 0.0872606 0.117196 0.127554 0.112561 0.0806816 0.0473021 0.023359 0.0109738 0.00686408 0.00714475 0.00941446 0.0125703 0.0160787 0.0195313 0.0225187 0.0246608 0.0256832 0.0254799 0.0241366 0.0219015 0.0191187 0.016145 0.0132787 0.010718 0.00855413 0.00679219 0.00538409 0.00426131
 1.0205e-16 2.8163e-05 0.00016528 0.000785634 0.00302468 0.00943215 0.023825 0.0487499 0.0808115 0.108537 0.118135 0.104263 0.0747644 0.0438949 0.0217933 0.0104376 0.00680341 0.0073085 0.00974125 0.0130859 0.016844 0.0206217 0.024013 0.0266308 0.0281814 0.0285272 0.0277121 0.025937 0.0235002 0.0207218 0.0178785 0.015166 0.0126932 0.0104986 0.00857819 0.00691042
 1.02383e-16 2.97774e-05 0.000174762 0.000830722 0.0031983 0.00997357 0.0251925 0.0515476 0.0854476 0.114759 0.124893 0.110195 0.0789485 0.0462105 0.0226812 0.0104271 0.00622601 0.00627296 0.00822909 0.0110446 0.0142453 0.0174931 0.0204511 0.0227981 0.0242877 0.0247991 0.024358 0.0231171 0.0213073 0.0191768 0.01694 0.0147478 0.0126849 0.0107843 0.0090501 0.00747746
 1.02782e-16 2.68463e-05 0.000157548 0.000748873 0.00288314 0.00899075 0.0227101 0.0464688 0.077031 0.103462 0.112618 0.0994102 0.0713204 0.0419448 0.0209587 0.0102605 0.00698067 0.00771403 0.0103546 0.0139245 0.0179258 0.0219485 0.0255643 0.0283657 0.0300451 0.0304617 0.029667 0.0278774 0.025409 0.0225965 0.0197242 0.0169866 0.0144843 0.0122445 0.0102526 0.00848105
 1.07437e-16 5.091e-06 2.97983e-05 0.000141477 0.000544411 0.00169744 0.00428817 0.00877851 0.0145679 0.0196143 0.0214762 0.0192577 0.014471 0.00983101 0.007366 0.00767833 0.0104754 0.0153059 0.0218278 0.0297013 0.0384259 0.047285 0.0554168 0.0619687 0.0662774 0.0680075 0.0672072 0.0642582 0.059749 0.0543159 0.0485091 0.0427186 0.0371667 0.0319481 0.0270894 0.0225985
pSPR Fmed_Fpbrs
0.563354   0.346951 0.346951
Fs Fmed_Fpbrs
0.411853   1.005 1.005
SSBpbr Bo_Bmed_Bpbrs
928972  476892  275859 275859
Ro
32859.6
SPR SPRFo_SPRFmed_SPRFpbrs
677221 381516 234963
log_Ro
10.22
likeval ReclasPelacesDesembMPH_pf_preclas_ppelaces_ptallas_desvR_qrecl_qpela
 80.565 54.065 0.0185762 0.00016991 288.053 191.938 70.2025 0 23.3126 2.5027e-05 0 0 0 0 0
q_reclas_q_pelaces
0.492184 1
M
0.7
N
 24235.4 17056.4 7117.97 918.717 0.215912
 39677.1 11284.8 5562.27 2321.24 299.674
 10988 18024.5 3132.06 1543.79 727.429
 32602.4 4474.5 2448.24 425.421 308.496
 62767.8 15205.3 1474.74 806.907 241.889
 33324.9 30907.7 7145.7 693.048 492.879
 67753.1 15432.2 9724.29 2248.21 373.121
 80674.1 31966.9 5485.65 3456.68 931.8
 122642 36408.6 8499.46 1458.54 1166.82
 179730 55417.8 9759.64 2278.35 703.751
 65020.8 84506.7 19259.2 3391.74 1036.36
 34871.2 29806.6 24885.5 5671.43 1303.98
 46711.9 16103.3 9208.6 7688.25 2155.02
 22356.2 20520.4 3589.93 2052.88 2194.37
 15509.6 8961.08 2513.88 439.788 520.315
 17152.5 6132.68 1004.36 281.757 107.609
 12459.9 7739.36 1628.32 266.674 103.383
 12734.5 5763.63 2417.53 508.635 115.594
 12610.3 6000.76 2032.01 852.316 220.076
 31852.6 5965.82 2171.08 735.181 387.992
 38076.5 14994.5 2089.45 760.393 393.377
 42684.2 18515.9 6492.64 904.737 499.585
 58535.5 20655.7 7766.55 2723.36 589.048
 54792.7 28117.7 8255.23 3103.96 1323.83
 4542.28 26197.2 10899.8 3200.14 1716.44
pred_Ctot
 1090.48 4313.63 1800.16 232.347 0.0546051
 2443.42 3700.33 1823.9 761.148 98.2645
 1438.5 10114.7 1757.59 866.317 408.205
 1430.98 1107.88 606.178 105.333 76.3828
 379.503 588.464 57.074 31.2282 9.3614
 1623.43 8360.26 1932.85 187.464 133.32
 2437.69 3214.97 2025.85 468.368 77.7321
 5319.55 11066.7 1899.1 1196.68 322.583
 7985.67 12479.9 2913.39 499.949 399.955
 6893.13 12210.6 2150.41 502.004 155.062
 3610.77 25483.5 5807.73 1022.8 312.521
 1764.42 8322.59 6948.52 1583.58 364.098
 3902.99 6677.27 3818.37 3187.95 893.584
 3138.64 12003.2 2099.89 1200.81 1283.57
 2302.46 5411.78 1518.18 265.597 314.229
 1133.41 2126.64 348.285 97.7054 37.3157
 616.265 2120.25 446.089 73.057 28.3223
 469.187 1226.08 514.274 108.201 24.5899
 430.253 1192.84 403.925 169.425 43.7471
 1195.66 1290.02 469.463 158.972 83.8974
 568.938 1391.68 193.928 70.5741 36.5104
 784.089 2088.52 732.346 102.051 56.3514
 1378.73 2935.99 1103.93 387.096 83.7267
 1468.85 4499.56 1321.05 496.714 211.847
 134.837 4597.95 1913.06 561.667 301.257
F
 0.0643615 0.420519 0.420519 0.420519 0.420519
 0.0890404 0.581764 0.581764 0.581764 0.581764
 0.198412 1.29637 1.29637 1.29637 1.29637
 0.0627385 0.409915 0.409915 0.409915 0.409915
 0.00843858 0.0551352 0.0551352 0.0551352 0.0551352
 0.0698497 0.456377 0.456377 0.456377 0.456377
 0.0511683 0.334319 0.334319 0.334319 0.334319
 0.0956118 0.624699 0.624699 0.624699 0.624699
 0.0943645 0.61655 0.61655 0.61655 0.61655
 0.0546265 0.356914 0.356914 0.356914 0.356914
 0.0799769 0.522546 0.522546 0.522546 0.522546
 0.0726375 0.474592 0.474592 0.474592 0.474592
 0.122579 0.800893 0.800893 0.800893 0.800893
 0.214211 1.39959 1.39959 1.39959 1.39959
 0.227824 1.48854 1.48854 1.48854 1.48854
 0.0958234 0.626082 0.626082 0.626082 0.626082
 0.0709512 0.463574 0.463574 0.463574 0.463574
 0.0524271 0.342543 0.342543 0.342543 0.342543
 0.0484659 0.316662 0.316662 0.316662 0.316662
 0.0534375 0.349145 0.349145 0.349145 0.349145
 0.02097 0.137012 0.137012 0.137012 0.137012
 0.0258356 0.168803 0.168803 0.168803 0.168803
 0.0332348 0.217147 0.217147 0.217147 0.217147
 0.0379035 0.247651 0.247651 0.247651 0.247651
 0.0420486 0.274733 0.274733 0.274733 0.274733
nmprior
 10 11 7 0
nm_flota  nm_reclas  nm_pelaces    nm_pelaL
inf 23.373 20.2477 36.9531
cv_recla  cv_pelaces  cv_mph
0.811892 0.865212 0.42291
 ------------------------------------------------
Talla a la edad & desviación 
 7.2 14.2025 17.0495 18.207 18.6776
 1.08 2.13037 2.55742 2.73105 2.80164
