years
 1997 1998 1999 2000 2001 2002 2003 2004 2005 2006 2007 2008 2009 2010 2011 2012 2013 2014 2015 2016 2017 2018 2019 2020 2021
reclasobs
 0 0 0 370054 412103 1.49427e+06 250295 1.28982e+06 931140 785840 897777 1.04006e+06 184774 17550 25797 100020 73551 82996 120727 218422 84188 347160 605670 569463 516374
reclaspred
 397933 96661 230381 175314 303683 353178 790466 562858 704792 750011 614198 413136 256212 115244 77445.1 77246.7 94200.4 123251 123737 188215 285894 257510 419269 479687 444064
pelacesobs
 0 0 0 0 0 0 0 0 0 2.06254e+06 1.5e+06 0 1.87456e+06 323000 250000 174000 83755 137374 0 501740 490994 745055 786931 1.00524e+06 0
pelacespred
 766536 171710 248037 291243 442388 423044 1.13411e+06 943676 1.08569e+06 1.15354e+06 855059 597107 370141 136335 90325.1 97144.8 124124 165377 170688 251850 427619 377198 485737 654114 631393
mphobs
 0 0 0 0 0 112323 0 153150 637223 0 255016 313432 73983 77613 109348 50772 0 0 0 0 0 0 0 0 0
mphpred
 154009 79234.5 82075.8 79484 100771 179920 259292 313698 288795 334440 366946 264216 161600 85479.1 39153.3 32679 39189.9 52406.1 62271 68988.3 112092 137151 166572 218090 279700
desembarqueobs
 350755 77701 442110 56441 14545 235359 269955 359681 431902 328805 639364 411747 362871 311530 167758 66681 60226 58785 57116 71774 51957 67425 138520 160799 200461
desembarquepred
 350748 77689.4 441957 56439.2 14545 235382 269974 359607 431842 328755 639293 411820 362952 311704 167694 66679.1 60238.6 58779.3 57105.7 71762.7 51954.5 67413 138506 160792 200459
Reclutas
 34164.7 46794.6 21706.4 44729.6 80158.8 50699.2 90632.8 97222.6 137066 161532 67360.8 38025.5 44215.2 22768.5 16708.6 19373.2 14959.1 15929.7 16977.6 36449.1 44791.8 53078.8 76530.4 82556.5 14630.9
log_desv_Rt
 -0.201053 0.113523 -0.654635 0.0683909 0.651765 0.193665 0.774572 0.844759 1.18822 1.35246 0.477818 -0.093989 0.0568239 -0.606866 -0.916324 -0.768355 -1.02692 -0.964057 -0.900348 -0.136329 0.0697808 0.239532 0.605443 0.681239 -1.04911
SSB
 590266 303680 314569 304636 386223 689575 993781 1.2023e+06 1.10686e+06 1.2818e+06 1.40638e+06 1.01265e+06 619361 327613 150062 125248 150202 200855 238664 264409 429613 525654 638414 835867 1.072e+06
BT
 1.63979e+06 442835 684418 581477 803762 942014 2.21657e+06 2.09413e+06 2.3382e+06 2.37864e+06 2.10002e+06 1.44501e+06 1.01961e+06 543464 303462 228942 271426 343314 355099 509645 807748 738986 965850 1.30581e+06 1.29988e+06
Ftot
 0.509034 0.540817 0.965819 0.219058 0.0347785 0.310012 0.205078 0.389321 0.406253 0.275047 0.483808 0.441246 0.718065 1.27092 1.27829 0.519758 0.376771 0.265727 0.235203 0.24794 0.10787 0.1354 0.168646 0.180371 0.17924
BD_Bspro_t
 0.934523 0.686187 0.597718 0.411669 0.598347 0.773538 0.724806 0.736844 0.690529 0.679848 0.674492 0.524926 0.409203 0.301711 0.184497 0.191493 0.288653 0.435451 0.53605 0.617569 0.742785 0.820465 0.822156 0.814612 0.794771
BD_Bspro
 0.685625 0.35274 0.365389 0.35385 0.448618 0.800978 1.15433 1.39653 1.28567 1.48888 1.63359 1.17625 0.71942 0.38054 0.174304 0.145482 0.174467 0.233304 0.277221 0.307125 0.499018 0.610574 0.741551 0.970903 1.24518
BD_Bo
 0.558607 0.287391 0.297697 0.288296 0.365507 0.652589 0.940479 1.13781 1.04749 1.21305 1.33095 0.958338 0.586141 0.310041 0.142013 0.11853 0.142146 0.190082 0.225863 0.250227 0.40657 0.49746 0.604172 0.791035 1.0145
BD_Brms
 1.91332 0.984365 1.01966 0.987465 1.25193 2.23523 3.2213 3.89721 3.58783 4.1549 4.55874 3.28247 2.00763 1.06194 0.486419 0.405985 0.486873 0.651065 0.773621 0.857072 1.39257 1.70389 2.06939 2.70943 3.47483
S_f
 0.169088 1 1 1 1
 0.169088 1 1 1 1
 0.169088 1 1 1 1
 0.169088 1 1 1 1
 0.169088 1 1 1 1
 0.169088 1 1 1 1
 0.169088 1 1 1 1
 0.169088 1 1 1 1
 0.169088 1 1 1 1
 0.169088 1 1 1 1
 0.169088 1 1 1 1
 0.169088 1 1 1 1
 0.169088 1 1 1 1
 0.169088 1 1 1 1
 0.169088 1 1 1 1
 0.169088 1 1 1 1
 0.169088 1 1 1 1
 0.169088 1 1 1 1
 0.169088 1 1 1 1
 0.169088 1 1 1 1
 0.169088 1 1 1 1
 0.169088 1 1 1 1
 0.169088 1 1 1 1
 0.169088 1 1 1 1
 0.169088 1 1 1 1
Scru_reclas
 1 1 1 1 1
 1 1 1 1 1
 1 1 1 1 1
 1 1 1 1 1
 1 1 1 1 1
 1 1 1 1 1
 1 1 1 1 1
 1 1 1 1 1
 1 1 1 1 1
 1 1 1 1 1
 1 1 1 1 1
 1 1 1 1 1
 1 1 1 1 1
 1 1 1 1 1
 1 1 1 1 1
 1 1 1 1 1
 1 1 1 1 1
 1 1 1 1 1
 1 1 1 1 1
 1 1 1 1 1
 1 1 1 1 1
 1 1 1 1 1
 1 1 1 1 1
 1 1 1 1 1
 1 1 1 1 1
Scru_pelaces
 1 1 1 1 1
 1 1 1 1 1
 1 1 1 1 1
 1 1 1 1 1
 1 1 1 1 1
 1 1 1 1 1
 1 1 1 1 1
 1 1 1 1 1
 1 1 1 1 1
 1 1 1 1 1
 1 1 1 1 1
 1 1 1 1 1
 1 1 1 1 1
 1 1 1 1 1
 1 1 1 1 1
 1 1 1 1 1
 1 1 1 1 1
 1 1 1 1 1
 1 1 1 1 1
 1 1 1 1 1
 1 1 1 1 1
 1 1 1 1 1
 1 1 1 1 1
 1 1 1 1 1
 1 1 1 1 1
pf_obs 
 0.256992 0.487395 0.22802 0.0275931 0
 0.321318 0.546541 0.124235 0.00734118 0.000564706
 0.182869 0.594174 0.210203 0.0122559 0.00049798
 0.330522 0.361315 0.267642 0.0388342 0.00168674
 0.649043 0.306663 0.0425973 0.00169635 0
 0.582887 0.30429 0.105238 0.00758474 0
 0.465427 0.430635 0.0974691 0.00646863 0
 0.296916 0.608066 0.0921331 0.00288517 0
 0.311714 0.524322 0.152257 0.0117073 0
 0.15457 0.633149 0.183074 0.0267441 0.00246327
 0.131901 0.49318 0.331252 0.0422183 0.00144891
 0.196976 0.569456 0.194076 0.0375587 0.00193317
 0.518974 0.381816 0.0799577 0.0180837 0.00116848
 0.0928022 0.601141 0.25162 0.0475244 0.00691264
 0.122501 0.610282 0.24278 0.0234846 0.000952079
 0.383417 0.481906 0.127806 0.00687128 0
 0.0376549 0.599619 0.316969 0.0457579 0
 0.0361596 0.667082 0.258105 0.0386534 0
 0.158088 0.579412 0.248529 0.0139706 0
 0.0477256 0.309471 0.559284 0.082774 0.000745712
 0.0406174 0.521527 0.379366 0.0568643 0.0016247
 0.151134 0.462217 0.34131 0.0453401 0
 0.294876 0.26143 0.354403 0.0886775 0.000613685
 0.281977 0.475581 0.204845 0.0348837 0.00271318
 0 0 0 0 0
pf_pred 
 0.252559 0.51975 0.202816 0.0248648 1.00509e-05
 0.305849 0.498935 0.135748 0.0529713 0.00649677
 0.155287 0.652143 0.138413 0.0376588 0.0164975
 0.363156 0.406361 0.177939 0.0377666 0.0147767
 0.336005 0.52391 0.0893862 0.0391409 0.0115578
 0.153984 0.636685 0.165168 0.02818 0.0159833
 0.277076 0.401261 0.242073 0.0627983 0.0167913
 0.236458 0.545192 0.121196 0.0731152 0.0240391
 0.28926 0.489102 0.158256 0.0351804 0.0282016
 0.261065 0.550646 0.129573 0.0419252 0.0167911
 0.110312 0.626514 0.196114 0.0461477 0.020912
 0.104787 0.43042 0.327305 0.102455 0.0350335
 0.200678 0.368617 0.207084 0.157473 0.0661483
 0.16779 0.564868 0.123288 0.0692612 0.0747925
 0.244681 0.525372 0.156078 0.0340655 0.0398033
 0.315867 0.538139 0.101548 0.030168 0.014278
 0.203305 0.62009 0.138917 0.026214 0.0114735
 0.214785 0.505499 0.217711 0.0487733 0.0132319
 0.210904 0.51074 0.179198 0.0771778 0.0219806
 0.346731 0.41714 0.152833 0.053623 0.0296721
 0.261233 0.575676 0.10414 0.0381554 0.0207949
 0.228802 0.53016 0.187826 0.0339779 0.0192337
 0.258048 0.483397 0.177744 0.0629712 0.0178399
 0.217723 0.539833 0.157957 0.0580804 0.0264063
 0.0408532 0.615591 0.237081 0.0693707 0.0371043
pobs_RECLAS
 0 0 0 0 0
 0 0 0 0 0
 0 0 0 0 0
 0 0 0 0 0
 0.835266 0.146461 0.0176864 0.000547809 3.91292e-05
 0.385257 0.428462 0.181853 0.0044286 0
 0.867414 0.0963971 0.0333333 0.00285562 0
 0.441836 0.489002 0.0689373 0.000224442 0
 0.779404 0.147425 0.0564933 0.0165055 0.000172143
 0.814271 0.122319 0.05973 0.00367925 0
 0.40263 0.566651 0.0304383 0.000280538 0
 0.475488 0.404961 0.113038 0.00651328 0
 0.955842 0.0263864 0.0167828 0.000988607 0
 0.975058 0.0227948 0.00214734 0 0
 0.738997 0.206755 0.0527124 0.00153531 0
 0.850938 0.134255 0.0134407 0.00136685 0
 0.542534 0.407297 0.0501686 0 0
 0.764087 0.199537 0.0359546 0.000420521 0
 0.470689 0.182191 0.310203 0.0369168 0
 0.84361 0.089868 0.0606195 0.00523954 0.000663233
 0.607945 0.314616 0.071237 0.00620181 0
 0.523733 0.453247 0.0230204 0 0
 0.530135 0.295979 0.169645 0.0042399 0
 0.562478 0.366248 0.0663022 0.0049721 0
 0.250443 0.683176 0.0655157 0.000865301 0
ppred_RECLAS
 0.674123 0.226606 0.0884261 0.0108408 4.38211e-06
 0.730098 0.193998 0.0527818 0.0205965 0.00252609
 0.541358 0.354085 0.0751525 0.0204471 0.00895742
 0.773479 0.14454 0.0632919 0.0134333 0.00525598
 0.749868 0.197361 0.0336725 0.0147447 0.00435393
 0.523062 0.358928 0.0931128 0.0158863 0.00901053
 0.69632 0.168558 0.101688 0.0263798 0.00705353
 0.652439 0.248169 0.0551679 0.0332817 0.0109425
 0.711839 0.1983 0.0641631 0.0142634 0.011434
 0.679851 0.238572 0.0561384 0.0181644 0.00727489
 0.430985 0.400698 0.125428 0.0295145 0.0133746
 0.416056 0.280761 0.2135 0.0668307 0.0228522
 0.610578 0.179587 0.100889 0.0767195 0.0322269
 0.574014 0.289141 0.0631078 0.035453 0.0382843
 0.684273 0.219608 0.0652414 0.0142395 0.016638
 0.738853 0.205419 0.038763 0.0115157 0.00545019
 0.607124 0.305786 0.0685046 0.012927 0.00565794
 0.621651 0.24357 0.104902 0.023501 0.00637569
 0.615698 0.248738 0.087272 0.0375867 0.0107049
 0.761011 0.152605 0.0559119 0.0196172 0.0108551
 0.677741 0.251117 0.0454273 0.0166438 0.00907097
 0.638643 0.248415 0.0880089 0.0159209 0.00901227
 0.674899 0.21181 0.077882 0.0275921 0.00781694
 0.624407 0.259189 0.0758396 0.027886 0.0126784
 0.202807 0.511647 0.197049 0.0576573 0.0308392
pobs_PELACES
 0 0 0 0 0
 0 0 0 0 0
 0 0 0 0 0
 0 0 0 0 0
 0 0 0 0 0
 0 0 0 0 0
 0 0 0 0 0
 0 0 0 0 0
 0 0 0 0 0
 0 0 0 0 0
 0.450072 0.473896 0.0757376 0.000293798 0
 0 0 0 0 0
 0.463077 0.371075 0.160297 0.00555027 0
 0.529543 0.364841 0.0842815 0.0213345 0
 0.631943 0.363953 0.00410389 0 0
 0.735681 0.248677 0.0153453 0.000297389 0
 0.695825 0.281241 0.0229344 0 0
 0.275771 0.60734 0.115278 0.00161068 0
 0 0 0 0 0
 0.896147 0.0623911 0.0374545 0.00400742 0
 0.803859 0.145111 0.0509908 3.86294e-05 0
 0.739449 0.233085 0.0266225 0.000797448 4.60066e-05
 0.878498 0.100942 0.0204185 0.000141795 0
 0.694673 0.275183 0.0284847 0.00165964 0
 0 0 0 0 0
ppred_PELACES
 0.70401 0.205823 0.0803161 0.00984654 3.9802e-06
 0.758306 0.173723 0.0472655 0.0184439 0.00226209
 0.606026 0.304159 0.064556 0.017564 0.00769443
 0.78383 0.137935 0.0603997 0.0128195 0.0050158
 0.751652 0.195953 0.0334323 0.0146395 0.00432287
 0.544214 0.34301 0.0889833 0.0151818 0.00861091
 0.708078 0.162032 0.0977508 0.0253584 0.00678043
 0.676237 0.231177 0.0513905 0.0310029 0.0101932
 0.73414 0.182954 0.0591975 0.0131596 0.0105491
 0.696038 0.226509 0.0532998 0.017246 0.00690704
 0.46377 0.37761 0.118201 0.027814 0.012604
 0.445716 0.2665 0.202656 0.0634362 0.0216915
 0.656252 0.158524 0.0890562 0.0677213 0.0284471
 0.656274 0.233306 0.0509213 0.0286068 0.0308914
 0.754727 0.170603 0.0506828 0.011062 0.0129252
 0.765403 0.184534 0.0348221 0.010345 0.00489608
 0.631475 0.286833 0.0642586 0.0121258 0.00530725
 0.63863 0.23264 0.100194 0.0224463 0.00608956
 0.63084 0.238938 0.0838334 0.0361058 0.0102831
 0.773156 0.14485 0.0530707 0.0186203 0.0103035
 0.684167 0.246109 0.0445214 0.0163119 0.0088901
 0.647166 0.242556 0.085933 0.0155454 0.0087997
 0.684961 0.205254 0.0754713 0.0267381 0.00757498
 0.635933 0.251235 0.0735123 0.0270302 0.0122893
 0.210869 0.506473 0.195056 0.0570742 0.0305273
pobs_pel_tallas
 0 0 0 0 0 0 0 0 0 0 0 0 0 0 0 0 0 0 0 0 0 0 0 0 0 0 0 0 0 0 0 0 0 0 0 0
 0 0 0 0 0 0 0 0 0 0 0 0 0 0 0 0 0 0 0 0 0 0 0 0 0 0 0 0 0 0 0 0 0 0 0 0
 0 0 0 0 0 0 0 0 0 0 0 0 0 0 0 0 0 0 0 0 0 0 0 0 0 0 0 0 0 0 0 0 0 0 0 0
 0 0 0 0 0 0 0 0 0 0 0 0 0 0 0 0 0 0 0 0 0 0 0 0 0 0 0 0 0 0 0 0 0 0 0 0
 0 0 0 0 0 0 0 0 0 0 0 0 0 0 0 0 0 0 0 0 0 0 0 0 0 0 0 0 0 0 0 0 0 0 0 0
 0 0 0 0 0 0 0 0 0 0 0 0 0 0 0 0 0 0 0 0 0 0 0 0 0 0 0 0 0 0 0 0 0 0 0 0
 0 0 0 0 0 0 0 0 0 0 0 0 0 0 0 0 0 0 0 0 0 0 0 0 0 0 0 0 0 0 0 0 0 0 0 0
 0 0 0 0 0 0 0 0 0 0 0 0 0 0 0 0 0 0 0 0 0 0 0 0 0 0 0 0 0 0 0 0 0 0 0 0
 0 0 0 0 0 0 0 0 0 0 0 0 0 0 0 0 0 0 0 0 0 0 0 0 0 0 0 0 0 0 0 0 0 0 0 0
 0 0 0 0 0 0 0 0 0 0 0 0 0 0 0 0 0 0 0 0 0 0 0 0 0 0 0 0 0 0 0 0 0 0 0 0
 0 0 0 0 0 0 0 0 1.78061e-05 0.00172719 0.00360574 0.0105946 0.0120993 0.0124554 0.0147524 0.0171206 0.0266825 0.0428682 0.0675386 0.121331 0.153587 0.119568 0.100827 0.0573624 0.0630603 0.0341343 0.0324427 0.0444173 0.0211091 0.0280891 0.0125444 0.00206551 0 0 0 0
 0 0 0 0 0 0 0 0 0 0 0 0 0 0 0 0 0 0 0 0 0 0 0 0 0 0 0 0 0 0 0 0 0 0 0 0
 0 0 0 0 0 0 0.0133647 0.0140871 0.0187388 0.0205184 0.03894 0.0496705 0.03968 0.0493445 0.0407372 0.0367815 0.0215668 0.0243155 0.0234873 0.0199281 0.019796 0.0243948 0.0301388 0.0376714 0.0412746 0.0863199 0.0771752 0.113111 0.0741005 0.0525337 0.0229764 0.00759418 0.00175318 0 0 0
 0 0 0 0 0 0 0 0 0 0 0.00219441 0.00772107 0.0458388 0.0604681 0.0671733 0.0775358 0.0609151 0.0617685 0.073594 0.0568108 0.0755445 0.0548602 0.0670107 0.0636378 0.0643287 0.046367 0.0373049 0.0286899 0.0247887 0.0153202 0.00654259 0.00121912 0.000365735 0 0 0
 0 0 0 0 0 0 0 0 0 0 0 0 0.000112435 0.00938835 0.0111873 0.0202946 0.0414886 0.0713402 0.111592 0.104902 0.108894 0.110636 0.117776 0.105296 0.107544 0.0401394 0.0192827 0.0124803 0.00416011 0.0028671 0.000618394 0 0 0 0 0
 0 0 0 0 0 0 0 0 0 0 0.00291406 0.0102884 0.027416 0.0768956 0.0749926 0.110853 0.0956884 0.0897413 0.0766577 0.0534642 0.0500743 0.0551293 0.0594112 0.0620874 0.0668451 0.0424026 0.0208742 0.0120726 0.0048766 0.00582813 0.00118941 0.000297354 0 0 0 0
 0 0.00264628 0.0354308 0.0461629 0.0458689 0.0383711 0.0214643 0.0164657 0.0346957 0.0420465 0.0363128 0.0245516 0.0311673 0.0291091 0.0169068 0.0133784 0.00837989 0.0085269 0.0148486 0.0160247 0.0276389 0.0546898 0.0760071 0.122758 0.109233 0.0665981 0.0333725 0.0166128 0.00676272 0.00308733 0.000882094 0 0 0 0 0
 0 0 0 0 0 0 0 0.000805153 0.000690131 0.00759144 0.0133425 0.0154129 0.00931677 0.000345066 0.00356568 0.00563607 0.00851162 0.0253048 0.0502646 0.0516448 0.0657925 0.0565908 0.0611916 0.0827007 0.0866115 0.110766 0.145733 0.0935128 0.0569358 0.0249597 0.0138026 0.00621118 0.00161031 0.00115022 0 0
 0 0 0 0 0 0 0 0 0 0 0 0 0 0 0 0 0 0 0 0 0 0 0 0 0 0 0 0 0 0 0 0 0 0 0 0
 0.00147267 0.00158595 0.00478618 0.00569244 0.00954404 0.0108468 0.00647125 0.017049 0.0510054 0.094081 0.124002 0.0959785 0.0687766 0.0820023 0.061753 0.0591476 0.0492212 0.0479892 0.0443925 0.0268479 0.0217502 0.0140895 0.0121071 0.0120363 0.00920419 0.00665534 0.0049561 0.00860946 0.00930331 0.0156896 0.0114698 0.00855282 0.00243557 0.00046729 0 2.83206e-05
 0 0 0 0 0.000772559 0.00158375 0.000888443 0.00281984 0.00712685 0.0440552 0.0773331 0.111326 0.0921469 0.0852325 0.0710754 0.0886704 0.0786465 0.0553345 0.0373146 0.0185414 0.00753245 0.00457741 0.012979 0.0271748 0.0457355 0.0583668 0.034881 0.0177882 0.00938659 0.00492506 0.0015258 0.00185414 0.000309023 5.79419e-05 3.86279e-05 0
 0 0.00173294 0.00326652 0 0.00397197 0.00683976 0.00946217 0.0152591 0.00757587 0.0136028 0.0228656 0.0392903 0.0559909 0.0764795 0.0681675 0.0726916 0.0566044 0.0477403 0.0527397 0.0444891 0.0609904 0.0582453 0.0661739 0.0445044 0.0529084 0.0360697 0.0280645 0.0235558 0.0158879 0.00826598 0.00280645 0.00217768 0.000904811 0.00058276 9.20147e-05 0
 0 0 0 0 0 0 0 0 0 0 0 0 0 0 0 0 0 0 0 0 0 0 0 0 0 0 0 0 0 0 0 0 0 0 0 0
 0 0 0 0 0 0 0 0 0 0 0 0 0 0 0 0 0 0 0 0 0 0 0 0 0 0 0 0 0 0 0 0 0 0 0 0
 0 0 0 0 0 0 0 0 0 0 0 0 0 0 0 0 0 0 0 0 0 0 0 0 0 0 0 0 0 0 0 0 0 0 0 0
ppred_pel_tallas
 1.01546e-16 3.07193e-05 0.000180291 0.000857011 0.00329952 0.0102892 0.0259898 0.0531789 0.0881514 0.118389 0.128842 0.113675 0.0814301 0.0476407 0.0233413 0.0106591 0.00626484 0.00622831 0.00813307 0.0108949 0.0140265 0.0171841 0.0200275 0.0222333 0.023555 0.0238741 0.0232217 0.0217594 0.0197307 0.017399 0.0149949 0.0126845 0.0105642 0.00867341 0.00701609 0.00558056
 1.01468e-16 3.30854e-05 0.000194186 0.000923074 0.00355389 0.0110825 0.0279934 0.0572783 0.0949451 0.127509 0.138754 0.122391 0.0876097 0.0511265 0.0248067 0.0109176 0.00584814 0.00534542 0.00680011 0.00905823 0.0116338 0.0142189 0.0165249 0.0182832 0.0192934 0.019466 0.0188392 0.017561 0.0158458 0.0139204 0.0119778 0.0101504 0.00850712 0.0070657 0.00581405 0.00472917
 1.01979e-16 2.64507e-05 0.000155222 0.000737807 0.00284052 0.00885783 0.0223743 0.0457822 0.0758941 0.101939 0.110969 0.0979776 0.0703419 0.0414685 0.0209037 0.0105344 0.00754825 0.00859839 0.0116042 0.0155771 0.0199798 0.0243436 0.0281743 0.0310056 0.0324942 0.032497 0.0311 0.0285853 0.0253525 0.0218203 0.0183423 0.0151583 0.0123864 0.0100469 0.00809992 0.00648278
 1.01578e-16 3.4197e-05 0.000200715 0.000954121 0.00367344 0.0114553 0.0289351 0.0592048 0.0981372 0.131792 0.143406 0.126471 0.0904807 0.052702 0.0253848 0.0108557 0.00536594 0.00450964 0.00559227 0.00744177 0.00959708 0.0117986 0.0138147 0.0154284 0.0164721 0.0168608 0.0166069 0.015807 0.0146112 0.0131829 0.0116648 0.0101603 0.00873014 0.0074022 0.00618528 0.00508136
 1.01244e-16 3.27962e-05 0.000192486 0.000914987 0.00352274 0.0109853 0.0277481 0.0567765 0.094114 0.126394 0.137547 0.121338 0.0868832 0.0507566 0.0247277 0.0110528 0.00616021 0.00583827 0.00749685 0.00997783 0.0127735 0.0155434 0.0179626 0.019731 0.0206303 0.0205728 0.0196194 0.0179573 0.015849 0.0135675 0.011342 0.00932541 0.00759022 0.00614392 0.00495485 0.00397667
 1.02299e-16 2.3757e-05 0.000139404 0.000662599 0.00255093 0.00795476 0.0200933 0.0411154 0.06816 0.0915571 0.0996855 0.0880562 0.0633095 0.0375048 0.0192434 0.0102528 0.0080415 0.0096293 0.0131538 0.0177036 0.0227373 0.0277421 0.0321632 0.0354721 0.0372755 0.0374031 0.0359408 0.033195 0.0296057 0.0256378 0.0216873 0.018027 0.0147978 0.0120332 0.00970117 0.00774325
 1.02629e-16 3.08949e-05 0.000181326 0.00086194 0.00331851 0.0103485 0.0261394 0.0534847 0.088657 0.119064 0.129567 0.114291 0.0818209 0.0477674 0.0232141 0.0102845 0.00561527 0.00524679 0.00675652 0.00908241 0.0117856 0.0145902 0.0172309 0.0194507 0.0210423 0.021888 0.0219767 0.0213919 0.0202788 0.0188019 0.0171094 0.0153141 0.0134914 0.0116895 0.00994292 0.00828313
 1.02347e-16 2.95092e-05 0.000173185 0.00082322 0.00316941 0.00988347 0.0249649 0.0510822 0.0846767 0.113725 0.123774 0.109221 0.0782797 0.045877 0.0226249 0.0105803 0.00655802 0.00679108 0.00895677 0.0119982 0.0154165 0.0188379 0.0218872 0.0242115 0.0255489 0.0257858 0.0249783 0.0233266 0.0211171 0.018649 0.0161727 0.0138554 0.0117774 0.00995137 0.00835192 0.00694265
 1.01846e-16 3.20321e-05 0.000188001 0.000893667 0.00344066 0.0107294 0.0271016 0.0554535 0.0919209 0.123449 0.13434 0.118506 0.0848496 0.049557 0.0241226 0.0107494 0.00594945 0.00561256 0.00721568 0.00963876 0.012401 0.0151868 0.0176941 0.0196396 0.0208093 0.0211038 0.0205565 0.0193149 0.0175964 0.0156324 0.0136205 0.0116981 0.00993812 0.00836303 0.00696585 0.00572944
 1.01746e-16 3.03724e-05 0.000178253 0.000847318 0.00326219 0.0101728 0.0256958 0.0525775 0.0871551 0.117053 0.127393 0.112407 0.0805477 0.0471751 0.0232069 0.0107544 0.00653289 0.00665981 0.00874195 0.0116933 0.0150073 0.0183114 0.0212341 0.0234272 0.024633 0.0247409 0.0238091 0.0220401 0.0197232 0.0171624 0.0146147 0.0122549 0.0101701 0.00837771 0.00685317 0.00555661
 1.03346e-16 2.02507e-05 0.000118816 0.000564713 0.00217404 0.00677941 0.0171245 0.0350413 0.0580933 0.0780431 0.0849934 0.0751297 0.0541283 0.0322924 0.016987 0.00972708 0.00843257 0.0105979 0.0146472 0.0197796 0.0254665 0.0311641 0.0362674 0.0401935 0.042502 0.0429908 0.0417335 0.0390419 0.035373 0.0312132 0.0269791 0.0229609 0.0193132 0.0160835 0.0132552 0.0107877
 1.06157e-16 1.94592e-05 0.000114178 0.000542688 0.00208927 0.00651509 0.0164568 0.0336742 0.0558244 0.0749876 0.0816463 0.0721248 0.051863 0.0307411 0.0158094 0.00849395 0.00677209 0.00823112 0.0113851 0.0155381 0.0203034 0.025316 0.0301611 0.0344153 0.0377228 0.0398597 0.0407639 0.0405189 0.0393052 0.0373391 0.0348223 0.0319162 0.0287428 0.0254009 0.0219855 0.0185981
 1.04973e-16 2.86348e-05 0.000168058 0.000798862 0.00307565 0.0095911 0.0242264 0.0495705 0.0821691 0.110352 0.12009 0.105938 0.075856 0.0443158 0.0215953 0.00966936 0.00542962 0.00521584 0.00679228 0.00918276 0.0119863 0.0149498 0.0178269 0.0203754 0.0223962 0.0237688 0.0244666 0.0245435 0.024103 0.02326 0.0221107 0.0207207 0.0191294 0.0173653 0.0154624 0.0134701
 1.03226e-16 2.86387e-05 0.000168074 0.000798925 0.00307587 0.00959176 0.0242281 0.0495746 0.082178 0.11037 0.120125 0.106007 0.0759884 0.0445592 0.0220219 0.0103776 0.00654041 0.0068591 0.00908228 0.0121838 0.0156752 0.0191857 0.0223409 0.0247879 0.0262645 0.0266559 0.0260154 0.0245393 0.0225066 0.0202071 0.0178795 0.0156784 0.0136728 0.011867 0.0102318 0.00873252
 1.0176e-16 3.29293e-05 0.000193269 0.000918717 0.00353711 0.0110302 0.0278613 0.0570079 0.0944969 0.126906 0.138099 0.121811 0.0871929 0.0508789 0.0246787 0.0108482 0.00579307 0.00528076 0.00671542 0.00895085 0.0115069 0.0140817 0.0163925 0.018176 0.0192345 0.0194782 0.0189415 0.0177655 0.0161556 0.0143296 0.012472 0.0107095 0.00910718 0.00768201 0.00642314 0.00531058
 1.01139e-16 3.33953e-05 0.000196004 0.000931716 0.00358716 0.0111862 0.0282555 0.0578146 0.0958343 0.128703 0.140056 0.123543 0.0884433 0.0516304 0.0250834 0.0110929 0.0060155 0.00555803 0.0070827 0.00941634 0.0120555 0.0146734 0.0169626 0.0186397 0.0194979 0.019453 0.0185609 0.0169965 0.0150062 0.0128471 0.0107354 0.00881686 0.00716175 0.00577941 0.00464206 0.0037076
 1.01671e-16 2.75597e-05 0.000161734 0.000768771 0.00295974 0.00922963 0.0233135 0.0477036 0.0790783 0.106213 0.115615 0.102062 0.0732361 0.0430981 0.0215836 0.0106445 0.00733686 0.00816323 0.010954 0.0146905 0.0188386 0.0229492 0.026554 0.0292118 0.0305974 0.0305748 0.0292245 0.0268129 0.0237182 0.0203379 0.0170094 0.013963 0.0113144 0.00908603 0.00724282 0.00572602
 1.02554e-16 2.78695e-05 0.000163558 0.000777454 0.00299319 0.00933395 0.0235769 0.0482422 0.0799696 0.107405 0.1169 0.103167 0.0739653 0.043399 0.0214979 0.0102158 0.00655705 0.00697676 0.00929123 0.0125065 0.0161475 0.0198472 0.0232277 0.025925 0.0276568 0.0282813 0.0278204 0.0264395 0.0243938 0.021961 0.0193841 0.0168383 0.0144271 0.0121971 0.010162 0.00832384
 1.0299e-16 2.753e-05 0.000161565 0.000767975 0.0029567 0.00922013 0.0232894 0.047654 0.0789949 0.106097 0.115478 0.101917 0.0730792 0.0428997 0.0212887 0.0101796 0.00661642 0.0070993 0.00947041 0.0127436 0.0164411 0.0201897 0.0236042 0.0263158 0.0280421 0.0286464 0.0281605 0.0267621 0.0247179 0.0223127 0.0197902 0.0173196 0.0149923 0.0128408 0.0108654 0.00905774
 1.01922e-16 3.37318e-05 0.000197983 0.000941132 0.00362343 0.0112993 0.0285412 0.0583988 0.0968016 0.129999 0.141457 0.124757 0.0892652 0.0520154 0.0250942 0.0108001 0.00543901 0.00466765 0.00582818 0.00776105 0.010004 0.0122903 0.0143794 0.0160464 0.0171196 0.0175151 0.0172506 0.0164321 0.0152191 0.0137826 0.0122685 0.0107784 0.00936736 0.00805529 0.00684317 0.00572727
 1.01689e-16 2.98556e-05 0.000175217 0.000832879 0.00320659 0.00999942 0.0252578 0.0516816 0.0856707 0.115061 0.125231 0.110512 0.0792173 0.0464515 0.0229541 0.0108098 0.00679879 0.00710978 0.00938846 0.0125551 0.0160881 0.0195878 0.0226514 0.0249028 0.0260673 0.0260332 0.0248749 0.0228253 0.020211 0.0173726 0.0145955 0.0120706 0.00988833 0.00805872 0.00654332 0.0052859
 1.02245e-16 2.82421e-05 0.000165745 0.000787846 0.0030332 0.00945872 0.0238921 0.0488871 0.0810388 0.108842 0.118465 0.10455 0.0749626 0.043995 0.0218128 0.0103967 0.00671154 0.00716312 0.00953424 0.0128099 0.0164976 0.0202126 0.0235597 0.0261617 0.027732 0.0281349 0.0274107 0.0257515 0.0234436 0.0207941 0.0180676 0.0154512 0.0130482 0.0108955 0.00899009 0.00731418
 1.02411e-16 2.98886e-05 0.000175415 0.000833827 0.00321025 0.0100108 0.0252867 0.0517403 0.0857668 0.115187 0.125359 0.110605 0.0792388 0.0463742 0.0227499 0.010439 0.00620588 0.00623047 0.00816474 0.0109555 0.0141285 0.0173473 0.0202776 0.0226009 0.0240731 0.0245756 0.0241349 0.0229035 0.0211113 0.0190051 0.0167971 0.0146363 0.0126053 0.0107349 0.00902776 0.00747758
 1.02629e-16 2.77526e-05 0.00016287 0.000774179 0.00298058 0.00929461 0.0234776 0.0480391 0.0796334 0.106955 0.116415 0.102748 0.0736855 0.0432762 0.0215135 0.010349 0.00680505 0.00735342 0.00981499 0.0131868 0.0169735 0.0207808 0.0242022 0.0268514 0.0284372 0.0288267 0.0280688 0.0263688 0.0240269 0.0213604 0.0186387 0.0160465 0.0136787 0.011561 0.00967927 0.00800671
 1.06322e-16 9.22841e-06 5.40928e-05 0.000256986 0.000989164 0.00308439 0.00779144 0.0159461 0.0264468 0.0355609 0.038812 0.0345081 0.0252983 0.0159689 0.0100055 0.00826023 0.00995333 0.014073 0.0199397 0.027086 0.0350005 0.0430099 0.0503183 0.0561438 0.0598826 0.061237 0.0602663 0.0573391 0.0530144 0.0478935 0.0424943 0.0371807 0.0321555 0.0274975 0.0232172 0.0193052
pSPR Fmed_Fpbrs
0.624279   0.341956 0.341956
Fs Fmed_Fpbrs
0.31704   1.005 1.005
SSBpbr Bo_Bmed_Bpbrs
1.05668e+06  606827  308503 308503
Ro
41772.8
SPR SPRFo_SPRFmed_SPRFpbrs
860917 537453 294396
log_Ro
10.46
likeval ReclasPelacesDesembMPH_pf_preclas_ppelaces_ptallas_desvR_qrecl_qpela
 70.8555 38.7192 0.00474865 0.000169635 285.311 193.736 70.2517 0 17.1511 4.52963e-05 0 0 0 0 0
q_reclas_q_pelaces
0.385311 1
M
0.7
N
 34164.7 14189.1 5536.86 678.804 0.274389
 46794.6 15566.5 4235.24 1652.67 202.695
 21706.4 21206.8 4501.01 1224.61 536.476
 44729.6 9155.01 4008.84 850.853 332.908
 80158.8 21404.4 3651.88 1599.11 472.196
 50699.2 39572.3 10265.8 1751.49 993.421
 90632.8 23890.7 14412.8 3738.95 999.736
 97222.6 43473 9664.04 5830.13 1916.85
 137066 45203.5 14626.3 3251.42 2606.43
 161532 63546.4 14953.1 4838.31 1937.75
 67360.8 76569.4 23968.1 5639.94 2555.76
 38025.5 30822.9 23438.7 7336.9 2508.79
 44215.2 17525.3 9845.46 7486.81 3144.92
 22768.5 19446.2 4244.32 2384.39 2574.82
 16708.6 9120.1 2709.41 591.354 690.958
 19373.2 6684.41 1261.36 374.727 177.351
 14959.1 8811.03 1973.92 372.483 163.03
 15929.7 6969.98 3001.87 672.501 182.446
 16977.6 7562.91 2653.52 1142.83 325.484
 36449.1 8102.13 2968.49 1041.52 576.322
 44791.8 17356.9 3139.89 1150.4 626.977
 53078.8 21840.9 7737.83 1399.78 792.368
 76530.4 25761.5 9472.44 3355.91 950.738
 82556.5 36935.5 10807.5 3973.87 1806.72
 14630.9 39764.9 15314.5 4481.09 2396.8
pred_Ctot
 2036.42 4190.82 1635.34 200.488 0.0810421
 2956.48 4822.95 1312.2 512.046 62.8009
 2374.3 9971.13 2116.31 575.794 252.243
 1172.21 1311.67 574.361 121.905 47.697
 338.123 527.212 89.9496 39.3876 11.6307
 1867.68 7722.41 2003.34 341.797 193.863
 2225.92 3223.57 1944.72 504.496 134.894
 4471.49 10309.8 2291.86 1382.63 454.586
 6569.94 11108.9 3594.47 799.05 640.541
 5293.17 11164.5 2627.12 850.046 340.445
 3823.23 21713.8 6796.97 1599.4 724.772
 1974.55 8110.6 6167.57 1930.6 660.154
 3661.19 6725.09 3778.06 2872.96 1206.82
 3205.84 10792.5 2355.56 1323.32 1429
 2364.97 5077.99 1508.57 329.26 384.719
 1178.16 2007.22 378.767 112.524 53.2557
 666.442 2032.67 455.375 85.9305 37.6104
 504.654 1187.71 511.528 114.596 31.0894
 477.147 1155.49 405.415 174.606 49.7287
 1078.83 1297.91 475.532 166.845 92.3228
 582.835 1284.38 232.346 85.128 46.3952
 865.153 2004.66 710.213 128.478 72.7271
 1549.85 2903.31 1067.54 378.208 107.148
 1786.56 4429.71 1296.15 476.59 216.682
 314.663 4741.45 1826.06 534.312 285.788
F
 0.0860716 0.509034 0.509034 0.509034 0.509034
 0.0914458 0.540817 0.540817 0.540817 0.540817
 0.163309 0.965819 0.965819 0.965819 0.965819
 0.0370401 0.219058 0.219058 0.219058 0.219058
 0.00588064 0.0347785 0.0347785 0.0347785 0.0347785
 0.0524193 0.310012 0.310012 0.310012 0.310012
 0.0346763 0.205078 0.205078 0.205078 0.205078
 0.0658295 0.389321 0.389321 0.389321 0.389321
 0.0686926 0.406253 0.406253 0.406253 0.406253
 0.0465073 0.275047 0.275047 0.275047 0.275047
 0.0818062 0.483808 0.483808 0.483808 0.483808
 0.0746095 0.441246 0.441246 0.441246 0.441246
 0.121416 0.718065 0.718065 0.718065 0.718065
 0.214898 1.27092 1.27092 1.27092 1.27092
 0.216143 1.27829 1.27829 1.27829 1.27829
 0.087885 0.519758 0.519758 0.519758 0.519758
 0.0637075 0.376771 0.376771 0.376771 0.376771
 0.0449313 0.265727 0.265727 0.265727 0.265727
 0.03977 0.235203 0.235203 0.235203 0.235203
 0.0419237 0.24794 0.24794 0.24794 0.24794
 0.0182396 0.10787 0.10787 0.10787 0.10787
 0.0228945 0.1354 0.1354 0.1354 0.1354
 0.028516 0.168646 0.168646 0.168646 0.168646
 0.0304986 0.180371 0.180371 0.180371 0.180371
 0.0303074 0.17924 0.17924 0.17924 0.17924
nmprior
 10 11 7 0
nm_flota  nm_reclas  nm_pelaces    nm_pelaL
inf 17.5976 19.6255 35.5947
cv_recla  cv_pelaces  cv_mph
0.761398 0.732197 0.422567
 ------------------------------------------------
Talla a la edad & desviación 
 7.2 14.2025 17.0495 18.207 18.6776
 1.08 2.13037 2.55742 2.73105 2.80164
