years
 1997 1998 1999 2000 2001 2002 2003 2004 2005 2006 2007 2008 2009 2010 2011 2012 2013 2014 2015 2016 2017 2018 2019 2020 2021
reclasobs
 0 0 0 370054 412103 1.49427e+06 250295 1.28982e+06 931140 785840 897777 1.04006e+06 184774 17550 25797 100020 73551 82996 120727 218422 84188 347160 605670 569463 516374
reclaspred
 372120 98477.7 283673 214254 336953 400029 890054 608643 706617 674854 539090 362121 222440 102364 71459 73020.3 91137.3 122587 126618 187457 277612 252090 421562 509427 510991
pelacesobs
 0 0 0 0 0 0 0 0 0 2.06254e+06 1.5e+06 0 1.87456e+06 323000 250000 174000 83755 137374 0 501740 490994 745055 786931 1.00524e+06 0
pelacespred
 933940 219292 394494 449888 609459 604374 1.55294e+06 1.29787e+06 1.34753e+06 1.29451e+06 933598 648507 397191 151668 104219 114247 149055 203217 216540 310851 511464 455064 601528 854017 894419
mphobs
 0 0 0 0 0 112323 0 153150 637223 0 255016 313432 73983 77613 109348 50772 0 0 0 0 0 0 0 0 0
mphpred
 632518 363907 427794 497825 568139 938227 1.40144e+06 1.6718e+06 1.47091e+06 1.55609e+06 1.53477e+06 1.0906e+06 670353 353160 168358 144881 176627 242316 295467 334167 521097 625818 773222 1.04911e+06 1.43077e+06
desembarqueobs
 350755 77701 442110 56441 14545 235359 269955 359681 431902 328805 639364 411747 362871 311530 167758 66681 60226 58785 57116 71774 51957 67425 138520 160799 200461
desembarquepred
 350757 77697.8 442067 56441.4 14545.1 235390 269979 359662 431904 328802 639477 411933 363118 311882 167765 66688.2 60242.6 58784.3 57110.6 71770 51956.4 67417.7 138515 160799 200461
Reclutas
 43973.6 57441 32804.1 57965.2 100835 69114.3 115407 113702 145466 152007 68033.4 39352.5 42998.7 23287.6 17821.1 21636.4 17425.3 19054.4 21026.2 41425.6 51516.7 63558.6 95085.9 111057 29850.9
log_desv_Rt
 -0.128656 0.138513 -0.421692 0.147598 0.701244 0.323516 0.836224 0.821334 1.0677 1.11168 0.307753 -0.239686 -0.151075 -0.764323 -1.03186 -0.837865 -1.05432 -0.964945 -0.866476 -0.188347 0.0296614 0.239717 0.642536 0.797802 -0.51603
SSB
 632518 363907 427794 497825 568139 938227 1.40144e+06 1.6718e+06 1.47091e+06 1.55609e+06 1.53477e+06 1.0906e+06 670353 353160 168358 144881 176627 242316 295467 334167 521097 625818 773222 1.04911e+06 1.43077e+06
BT
 1.95334e+06 525206 949024 865484 1.10263e+06 1.26731e+06 2.9653e+06 2.73128e+06 2.80802e+06 2.63419e+06 2.2478e+06 1.54006e+06 1.06883e+06 572175 329284 259700 316242 410980 437126 615282 958064 878252 1.17284e+06 1.66266e+06 1.76907e+06
Ftot
 0.477434 0.430089 0.667153 0.132165 0.0237712 0.224061 0.14228 0.275163 0.3001 0.226667 0.443998 0.409108 0.654783 1.15671 1.10683 0.440266 0.315157 0.216355 0.187232 0.193244 0.0887076 0.112793 0.13743 0.140799 0.131562
BD_Bspro_t
 0.940706 0.724265 0.670647 0.528626 0.6821 0.821733 0.787441 0.796487 0.748444 0.721687 0.69655 0.548056 0.433587 0.32247 0.204964 0.217352 0.326249 0.485045 0.59074 0.67221 0.77823 0.845232 0.848796 0.846713 0.837614
BD_Bspro
 0.613675 0.353067 0.41505 0.482995 0.551214 0.910277 1.3597 1.62199 1.42709 1.50973 1.48904 1.05811 0.650383 0.34264 0.163343 0.140565 0.171365 0.235097 0.286665 0.324212 0.505573 0.607175 0.750187 1.01785 1.38815
BD_Bo
 0.522138 0.300403 0.35314 0.410951 0.468994 0.774499 1.15688 1.38006 1.21422 1.28454 1.26694 0.900282 0.553371 0.291531 0.138978 0.119598 0.145804 0.20003 0.243906 0.275852 0.430161 0.516608 0.638289 0.86603 1.18109
BD_Brms
 1.81384 1.04356 1.22676 1.42759 1.62922 2.69051 4.01885 4.79413 4.21804 4.46232 4.40117 3.12746 1.92234 1.01274 0.482793 0.415467 0.506504 0.694877 0.847295 0.958273 1.49432 1.79463 2.21733 3.00847 4.10294
S_f
 0.182418 1 1 1 1
 0.182418 1 1 1 1
 0.182418 1 1 1 1
 0.182418 1 1 1 1
 0.182418 1 1 1 1
 0.182418 1 1 1 1
 0.182418 1 1 1 1
 0.182418 1 1 1 1
 0.182418 1 1 1 1
 0.182418 1 1 1 1
 0.182418 1 1 1 1
 0.182418 1 1 1 1
 0.182418 1 1 1 1
 0.182418 1 1 1 1
 0.182418 1 1 1 1
 0.182418 1 1 1 1
 0.182418 1 1 1 1
 0.182418 1 1 1 1
 0.182418 1 1 1 1
 0.182418 1 1 1 1
 0.182418 1 1 1 1
 0.182418 1 1 1 1
 0.182418 1 1 1 1
 0.182418 1 1 1 1
 0.182418 1 1 1 1
Scru_reclas
 1 1 1 1 1
 1 1 1 1 1
 1 1 1 1 1
 1 1 1 1 1
 1 1 1 1 1
 1 1 1 1 1
 1 1 1 1 1
 1 1 1 1 1
 1 1 1 1 1
 1 1 1 1 1
 1 1 1 1 1
 1 1 1 1 1
 1 1 1 1 1
 1 1 1 1 1
 1 1 1 1 1
 1 1 1 1 1
 1 1 1 1 1
 1 1 1 1 1
 1 1 1 1 1
 1 1 1 1 1
 1 1 1 1 1
 1 1 1 1 1
 1 1 1 1 1
 1 1 1 1 1
 1 1 1 1 1
Scru_pelaces
 1 1 1 1 1
 1 1 1 1 1
 1 1 1 1 1
 1 1 1 1 1
 1 1 1 1 1
 1 1 1 1 1
 1 1 1 1 1
 1 1 1 1 1
 1 1 1 1 1
 1 1 1 1 1
 1 1 1 1 1
 1 1 1 1 1
 1 1 1 1 1
 1 1 1 1 1
 1 1 1 1 1
 1 1 1 1 1
 1 1 1 1 1
 1 1 1 1 1
 1 1 1 1 1
 1 1 1 1 1
 1 1 1 1 1
 1 1 1 1 1
 1 1 1 1 1
 1 1 1 1 1
 1 1 1 1 1
pf_obs 
 0.256992 0.487395 0.22802 0.0275931 0
 0.321318 0.546541 0.124235 0.00734118 0.000564706
 0.182869 0.594174 0.210203 0.0122559 0.00049798
 0.330522 0.361315 0.267642 0.0388342 0.00168674
 0.649043 0.306663 0.0425973 0.00169635 0
 0.582887 0.30429 0.105238 0.00758474 0
 0.465427 0.430635 0.0974691 0.00646863 0
 0.296916 0.608066 0.0921331 0.00288517 0
 0.311714 0.524322 0.152257 0.0117073 0
 0.15457 0.633149 0.183074 0.0267441 0.00246327
 0.131901 0.49318 0.331252 0.0422183 0.00144891
 0.196976 0.569456 0.194076 0.0375587 0.00193317
 0.518974 0.381816 0.0799577 0.0180837 0.00116848
 0.0928022 0.601141 0.25162 0.0475244 0.00691264
 0.122501 0.610282 0.24278 0.0234846 0.000952079
 0.383417 0.481906 0.127806 0.00687128 0
 0.0376549 0.599619 0.316969 0.0457579 0
 0.0361596 0.667082 0.258105 0.0386534 0
 0.158088 0.579412 0.248529 0.0139706 0
 0.0477256 0.309471 0.559284 0.082774 0.000745712
 0.0406174 0.521527 0.379366 0.0568643 0.0016247
 0.151134 0.462217 0.34131 0.0453401 0
 0.294876 0.26143 0.354403 0.0886775 0.000613685
 0.281977 0.475581 0.204845 0.0348837 0.00271318
 0 0 0 0 0
pf_pred 
 0.31345 0.481796 0.182837 0.0219064 1.08968e-05
 0.315305 0.519284 0.116079 0.0440511 0.00528056
 0.176639 0.622233 0.152539 0.0340981 0.0144911
 0.322203 0.419287 0.195362 0.0478925 0.0152555
 0.326649 0.494731 0.110495 0.0514837 0.0166414
 0.166302 0.607664 0.166074 0.0370914 0.0228685
 0.269279 0.400608 0.240612 0.065759 0.0237419
 0.218447 0.534015 0.13571 0.0815096 0.0303192
 0.258547 0.471071 0.184745 0.0469494 0.0386877
 0.231913 0.528035 0.152513 0.0598127 0.0277257
 0.114519 0.573599 0.214409 0.061928 0.035545
 0.110191 0.415191 0.30745 0.114923 0.0522456
 0.195755 0.363191 0.205798 0.152394 0.0828609
 0.173073 0.534592 0.132016 0.0748056 0.0855128
 0.249295 0.504216 0.15935 0.0393511 0.0477873
 0.325431 0.51239 0.108929 0.0344253 0.018825
 0.214958 0.600638 0.14007 0.0297773 0.0145568
 0.225775 0.491642 0.216205 0.0504193 0.0159585
 0.223469 0.495955 0.178169 0.0783517 0.024055
 0.336493 0.419623 0.155764 0.0559572 0.0321628
 0.26879 0.550249 0.114445 0.042482 0.0240332
 0.245166 0.51126 0.183294 0.0381229 0.022157
 0.277582 0.471179 0.170168 0.0610076 0.0200636
 0.242411 0.524075 0.152304 0.055005 0.0262055
 0.0647216 0.609611 0.225286 0.0654715 0.0349102
pobs_RECLAS
 0 0 0 0 0
 0 0 0 0 0
 0 0 0 0 0
 0 0 0 0 0
 0.835266 0.146461 0.0176864 0.000547809 3.91292e-05
 0.385257 0.428462 0.181853 0.0044286 0
 0.867414 0.0963971 0.0333333 0.00285562 0
 0.441836 0.489002 0.0689373 0.000224442 0
 0.779404 0.147425 0.0564933 0.0165055 0.000172143
 0.814271 0.122319 0.05973 0.00367925 0
 0.40263 0.566651 0.0304383 0.000280538 0
 0.475488 0.404961 0.113038 0.00651328 0
 0.955842 0.0263864 0.0167828 0.000988607 0
 0.975058 0.0227948 0.00214734 0 0
 0.738997 0.206755 0.0527124 0.00153531 0
 0.850938 0.134255 0.0134407 0.00136685 0
 0.542534 0.407297 0.0501686 0 0
 0.764087 0.199537 0.0359546 0.000420521 0
 0.470689 0.182191 0.310203 0.0369168 0
 0.84361 0.089868 0.0606195 0.00523954 0.000663233
 0.607945 0.314616 0.071237 0.00620181 0
 0.523733 0.453247 0.0230204 0 0
 0.530135 0.295979 0.169645 0.0042399 0
 0.562478 0.366248 0.0663022 0.0049721 0
 0.250443 0.683176 0.0655157 0.000865301 0
ppred_RECLAS
 0.720883 0.195874 0.0743324 0.00890605 4.4301e-06
 0.72183 0.210969 0.0471594 0.0178966 0.00214533
 0.55253 0.338164 0.0829 0.0185312 0.00787545
 0.724067 0.170693 0.0795322 0.0194971 0.00621055
 0.726954 0.200615 0.044806 0.0208768 0.00674814
 0.525466 0.345877 0.0945277 0.0211121 0.0130166
 0.670555 0.180614 0.10848 0.0296474 0.010704
 0.6089 0.267229 0.067911 0.0407886 0.0151722
 0.660524 0.215681 0.0845858 0.0214959 0.0177132
 0.626363 0.256863 0.0741902 0.0290959 0.0134872
 0.421827 0.37453 0.139998 0.0404357 0.023209
 0.410602 0.275017 0.203651 0.0761237 0.0346068
 0.583203 0.188223 0.106654 0.0789778 0.0429424
 0.560412 0.284185 0.0701788 0.039766 0.0454579
 0.667727 0.223173 0.0705307 0.0174174 0.0211514
 0.731233 0.20415 0.0434002 0.013716 0.00750041
 0.604666 0.302471 0.0705367 0.0149954 0.00733056
 0.618031 0.242555 0.106666 0.0248747 0.00787321
 0.614466 0.246233 0.0884576 0.0389003 0.0119429
 0.737516 0.166003 0.0616205 0.0221367 0.0127236
 0.669338 0.248829 0.0517534 0.0192109 0.0108681
 0.641695 0.242685 0.0870063 0.0180962 0.0105175
 0.67966 0.208934 0.075457 0.0270525 0.00889673
 0.638622 0.249989 0.0726508 0.026238 0.0125003
 0.2764 0.47164 0.174298 0.0506536 0.0270091
pobs_PELACES
 0 0 0 0 0
 0 0 0 0 0
 0 0 0 0 0
 0 0 0 0 0
 0 0 0 0 0
 0 0 0 0 0
 0 0 0 0 0
 0 0 0 0 0
 0 0 0 0 0
 0 0 0 0 0
 0.450072 0.473896 0.0757376 0.000293798 0
 0 0 0 0 0
 0.463077 0.371075 0.160297 0.00555027 0
 0.529543 0.364841 0.0842815 0.0213345 0
 0.631943 0.363953 0.00410389 0 0
 0.735681 0.248677 0.0153453 0.000297389 0
 0.695825 0.281241 0.0229344 0 0
 0.275771 0.60734 0.115278 0.00161068 0
 0 0 0 0 0
 0.896147 0.0623911 0.0374545 0.00400742 0
 0.803859 0.145111 0.0509908 3.86294e-05 0
 0.739449 0.233085 0.0266225 0.000797448 4.60066e-05
 0.878498 0.100942 0.0204185 0.000141795 0
 0.694673 0.275183 0.0284847 0.00165964 0
 0 0 0 0 0
ppred_PELACES
 0.746051 0.178212 0.06763 0.008103 4.03065e-06
 0.74452 0.19376 0.0433127 0.0164368 0.00197033
 0.596498 0.304935 0.0747542 0.0167103 0.0071016
 0.731134 0.166321 0.0774953 0.0189978 0.00605149
 0.728225 0.199681 0.0445974 0.0207796 0.00671673
 0.540512 0.33491 0.0915305 0.0204427 0.0126039
 0.678979 0.175996 0.105706 0.0288893 0.0104303
 0.626429 0.255251 0.0648672 0.0389604 0.0144921
 0.678437 0.2043 0.0801225 0.0203616 0.0167786
 0.640561 0.247103 0.0713709 0.0279903 0.0129747
 0.451284 0.355449 0.132865 0.0383756 0.0220266
 0.437553 0.262441 0.194338 0.0726428 0.0330243
 0.625415 0.16916 0.0958526 0.0709791 0.0385933
 0.635276 0.235787 0.058227 0.0329937 0.0377162
 0.730379 0.181093 0.0572317 0.0141332 0.0171632
 0.753928 0.186912 0.0397354 0.0125578 0.00686707
 0.624801 0.287066 0.0669442 0.0142316 0.00695721
 0.631713 0.233867 0.102846 0.0239837 0.0075912
 0.626362 0.238636 0.0857283 0.0377 0.0115744
 0.747483 0.1597 0.0592805 0.0212961 0.0122405
 0.674614 0.244859 0.0509277 0.0189044 0.0106947
 0.648661 0.237967 0.0853147 0.0177444 0.010313
 0.687678 0.203704 0.0735682 0.0263753 0.00867403
 0.647342 0.243957 0.0708977 0.0256049 0.0121987
 0.283555 0.466976 0.172574 0.0501527 0.026742
pobs_pel_tallas
 0 0 0 0 0 0 0 0 0 0 0 0 0 0 0 0 0 0 0 0 0 0 0 0 0 0 0 0 0 0 0 0 0 0 0 0
 0 0 0 0 0 0 0 0 0 0 0 0 0 0 0 0 0 0 0 0 0 0 0 0 0 0 0 0 0 0 0 0 0 0 0 0
 0 0 0 0 0 0 0 0 0 0 0 0 0 0 0 0 0 0 0 0 0 0 0 0 0 0 0 0 0 0 0 0 0 0 0 0
 0 0 0 0 0 0 0 0 0 0 0 0 0 0 0 0 0 0 0 0 0 0 0 0 0 0 0 0 0 0 0 0 0 0 0 0
 0 0 0 0 0 0 0 0 0 0 0 0 0 0 0 0 0 0 0 0 0 0 0 0 0 0 0 0 0 0 0 0 0 0 0 0
 0 0 0 0 0 0 0 0 0 0 0 0 0 0 0 0 0 0 0 0 0 0 0 0 0 0 0 0 0 0 0 0 0 0 0 0
 0 0 0 0 0 0 0 0 0 0 0 0 0 0 0 0 0 0 0 0 0 0 0 0 0 0 0 0 0 0 0 0 0 0 0 0
 0 0 0 0 0 0 0 0 0 0 0 0 0 0 0 0 0 0 0 0 0 0 0 0 0 0 0 0 0 0 0 0 0 0 0 0
 0 0 0 0 0 0 0 0 0 0 0 0 0 0 0 0 0 0 0 0 0 0 0 0 0 0 0 0 0 0 0 0 0 0 0 0
 0 0 0 0 0 0 0 0 0 0 0 0 0 0 0 0 0 0 0 0 0 0 0 0 0 0 0 0 0 0 0 0 0 0 0 0
 0 0 0 0 0 0 0 0 1.78061e-05 0.00172719 0.00360574 0.0105946 0.0120993 0.0124554 0.0147524 0.0171206 0.0266825 0.0428682 0.0675386 0.121331 0.153587 0.119568 0.100827 0.0573624 0.0630603 0.0341343 0.0324427 0.0444173 0.0211091 0.0280891 0.0125444 0.00206551 0 0 0 0
 0 0 0 0 0 0 0 0 0 0 0 0 0 0 0 0 0 0 0 0 0 0 0 0 0 0 0 0 0 0 0 0 0 0 0 0
 0 0 0 0 0 0 0.0133647 0.0140871 0.0187388 0.0205184 0.03894 0.0496705 0.03968 0.0493445 0.0407372 0.0367815 0.0215668 0.0243155 0.0234873 0.0199281 0.019796 0.0243948 0.0301388 0.0376714 0.0412746 0.0863199 0.0771752 0.113111 0.0741005 0.0525337 0.0229764 0.00759418 0.00175318 0 0 0
 0 0 0 0 0 0 0 0 0 0 0.00219441 0.00772107 0.0458388 0.0604681 0.0671733 0.0775358 0.0609151 0.0617685 0.073594 0.0568108 0.0755445 0.0548602 0.0670107 0.0636378 0.0643287 0.046367 0.0373049 0.0286899 0.0247887 0.0153202 0.00654259 0.00121912 0.000365735 0 0 0
 0 0 0 0 0 0 0 0 0 0 0 0 0.000112435 0.00938835 0.0111873 0.0202946 0.0414886 0.0713402 0.111592 0.104902 0.108894 0.110636 0.117776 0.105296 0.107544 0.0401394 0.0192827 0.0124803 0.00416011 0.0028671 0.000618394 0 0 0 0 0
 0 0 0 0 0 0 0 0 0 0 0.00291406 0.0102884 0.027416 0.0768956 0.0749926 0.110853 0.0956884 0.0897413 0.0766577 0.0534642 0.0500743 0.0551293 0.0594112 0.0620874 0.0668451 0.0424026 0.0208742 0.0120726 0.0048766 0.00582813 0.00118941 0.000297354 0 0 0 0
 0 0.00264628 0.0354308 0.0461629 0.0458689 0.0383711 0.0214643 0.0164657 0.0346957 0.0420465 0.0363128 0.0245516 0.0311673 0.0291091 0.0169068 0.0133784 0.00837989 0.0085269 0.0148486 0.0160247 0.0276389 0.0546898 0.0760071 0.122758 0.109233 0.0665981 0.0333725 0.0166128 0.00676272 0.00308733 0.000882094 0 0 0 0 0
 0 0 0 0 0 0 0 0.000805153 0.000690131 0.00759144 0.0133425 0.0154129 0.00931677 0.000345066 0.00356568 0.00563607 0.00851162 0.0253048 0.0502646 0.0516448 0.0657925 0.0565908 0.0611916 0.0827007 0.0866115 0.110766 0.145733 0.0935128 0.0569358 0.0249597 0.0138026 0.00621118 0.00161031 0.00115022 0 0
 0 0 0 0 0 0 0 0 0 0 0 0 0 0 0 0 0 0 0 0 0 0 0 0 0 0 0 0 0 0 0 0 0 0 0 0
 0.00147267 0.00158595 0.00478618 0.00569244 0.00954404 0.0108468 0.00647125 0.017049 0.0510054 0.094081 0.124002 0.0959785 0.0687766 0.0820023 0.061753 0.0591476 0.0492212 0.0479892 0.0443925 0.0268479 0.0217502 0.0140895 0.0121071 0.0120363 0.00920419 0.00665534 0.0049561 0.00860946 0.00930331 0.0156896 0.0114698 0.00855282 0.00243557 0.00046729 0 2.83206e-05
 0 0 0 0 0.000772559 0.00158375 0.000888443 0.00281984 0.00712685 0.0440552 0.0773331 0.111326 0.0921469 0.0852325 0.0710754 0.0886704 0.0786465 0.0553345 0.0373146 0.0185414 0.00753245 0.00457741 0.012979 0.0271748 0.0457355 0.0583668 0.034881 0.0177882 0.00938659 0.00492506 0.0015258 0.00185414 0.000309023 5.79419e-05 3.86279e-05 0
 0 0.00173294 0.00326652 0 0.00397197 0.00683976 0.00946217 0.0152591 0.00757587 0.0136028 0.0228656 0.0392903 0.0559909 0.0764795 0.0681675 0.0726916 0.0566044 0.0477403 0.0527397 0.0444891 0.0609904 0.0582453 0.0661739 0.0445044 0.0529084 0.0360697 0.0280645 0.0235558 0.0158879 0.00826598 0.00280645 0.00217768 0.000904811 0.00058276 9.20147e-05 0
 0 0 0 0 0 0 0 0 0 0 0 0 0 0 0 0 0 0 0 0 0 0 0 0 0 0 0 0 0 0 0 0 0 0 0 0
 0 0 0 0 0 0 0 0 0 0 0 0 0 0 0 0 0 0 0 0 0 0 0 0 0 0 0 0 0 0 0 0 0 0 0 0
 0 0 0 0 0 0 0 0 0 0 0 0 0 0 0 0 0 0 0 0 0 0 0 0 0 0 0 0 0 0 0 0 0 0 0 0
ppred_pel_tallas
 1.01297e-16 3.25513e-05 0.00019105 0.000908162 0.00349647 0.0109034 0.0275412 0.056353 0.0934115 0.12545 0.136516 0.120422 0.0862115 0.0503334 0.024465 0.0108416 0.00591554 0.00550721 0.00705224 0.00941486 0.0121121 0.0148317 0.0172762 0.0191656 0.0202871 0.0205392 0.0199506 0.0186633 0.0168899 0.0148602 0.0127749 0.0107784 0.00895337 0.00733294 0.00591888 0.00469914
 1.01335e-16 3.24851e-05 0.00019066 0.000906305 0.00348932 0.0108811 0.0274848 0.0562378 0.0932211 0.125195 0.136242 0.120188 0.0860606 0.0502785 0.0244998 0.0109601 0.00612299 0.00581866 0.00748382 0.00997394 0.0127887 0.0155929 0.0180653 0.0199075 0.0208996 0.0209484 0.0201055 0.0185471 0.0165236 0.0142983 0.0120938 0.0100614 0.00827689 0.00675485 0.00547318 0.00439574
 1.02067e-16 2.60353e-05 0.000152783 0.000726212 0.00279588 0.0087186 0.0220227 0.0450627 0.0747016 0.100338 0.109228 0.0964439 0.0692493 0.0408415 0.0206197 0.0104444 0.00755155 0.00865034 0.0116951 0.015713 0.0201721 0.0246049 0.0285163 0.031437 0.0330189 0.0331126 0.0317971 0.0293469 0.026155 0.0226353 0.0191397 0.0159091 0.0130663 0.0106381 0.00859305 0.00687667
 1.0209e-16 3.19004e-05 0.000187229 0.000890002 0.00342655 0.0106854 0.0269904 0.055226 0.0915434 0.12294 0.133784 0.118008 0.0844765 0.0493063 0.0239399 0.0105664 0.00570863 0.00527236 0.00674964 0.00903705 0.0116753 0.0143755 0.016863 0.0188765 0.0202121 0.0207642 0.0205422 0.0196568 0.0182821 0.0166092 0.0148056 0.0129933 0.0112457 0.00959889 0.00806799 0.0066613
 1.01727e-16 3.17748e-05 0.000186489 0.000886476 0.00341297 0.010643 0.0268835 0.0550074 0.0911818 0.122458 0.133266 0.117568 0.0841982 0.0492178 0.0240341 0.010839 0.00617871 0.00597907 0.0077346 0.0103235 0.0132493 0.0161724 0.0187642 0.0207186 0.0218092 0.021939 0.0211588 0.0196458 0.0176529 0.0154445 0.0132434 0.0111996 0.0093863 0.00781626 0.00646684 0.00530352
 1.027e-16 2.35953e-05 0.000138455 0.00065809 0.00253358 0.00790063 0.0199566 0.0408356 0.0676959 0.0909334 0.0990052 0.0874526 0.0628697 0.0372326 0.0190825 0.0101335 0.00790991 0.00945176 0.0129115 0.0173892 0.0223549 0.0273103 0.0317153 0.0350544 0.0369422 0.0372082 0.0359296 0.0333964 0.0300278 0.0262666 0.0224899 0.0189571 0.0158021 0.0130582 0.0106987 0.00867414
 1.03038e-16 2.96266e-05 0.000173879 0.000826532 0.00318217 0.00992329 0.0250655 0.0512875 0.0850156 0.114176 0.124253 0.109616 0.078502 0.045886 0.0224052 0.0101063 0.00577538 0.00562435 0.00733389 0.00988079 0.0128292 0.0158896 0.0187767 0.021212 0.0229711 0.0239258 0.0240631 0.0234724 0.0223087 0.0207478 0.0189473 0.0170265 0.0150647 0.0131124 0.0112068 0.00938279
 1.0302e-16 2.73383e-05 0.000160438 0.000762614 0.00293605 0.00915575 0.0231268 0.0473214 0.078444 0.105359 0.114678 0.10122 0.0725992 0.0426574 0.0212415 0.0102773 0.00683513 0.00744194 0.0099516 0.0133736 0.017214 0.0210758 0.0245486 0.027243 0.0288671 0.0292893 0.0285624 0.0268966 0.0245954 0.0219775 0.0193099 0.0167711 0.0144485 0.0123593 0.0104829 0.00878931
 1.02688e-16 2.96041e-05 0.000173744 0.000825886 0.00317968 0.00991551 0.0250458 0.0512475 0.08495 0.11409 0.124166 0.109553 0.0784875 0.0459389 0.0225448 0.0103595 0.00617968 0.006223 0.00816531 0.0109647 0.0141524 0.0173952 0.0203612 0.0227336 0.0242683 0.0248448 0.0244857 0.023338 0.0216253 0.0195881 0.017433 0.0153052 0.0132853 0.0114046 0.00966763 0.00807138
 1.02662e-16 2.79542e-05 0.000164054 0.00077981 0.00300226 0.00936223 0.0236483 0.0483885 0.0802124 0.107732 0.117259 0.10349 0.0742098 0.0435688 0.0216304 0.0103577 0.00674861 0.00724717 0.00965811 0.0129735 0.0166996 0.0204474 0.0238174 0.0264298 0.0279989 0.0283938 0.0276629 0.0260079 0.023723 0.0211193 0.0184604 0.0159261 0.0136086 0.0115319 0.00968143 0.00803092
 1.0435e-16 1.97054e-05 0.000115616 0.000549506 0.00211549 0.00659684 0.0166634 0.0340976 0.0565284 0.0759401 0.0827011 0.0730986 0.0526547 0.0313929 0.0164775 0.00938045 0.00807694 0.0101312 0.0140172 0.018969 0.0244923 0.0300817 0.0351726 0.0392159 0.0417895 0.042687 0.0419538 0.0398528 0.0367807 0.0331633 0.0293663 0.025646 0.0221437 0.0189121 0.0159549 0.0132612
 1.06884e-16 1.9103e-05 0.000112088 0.00053275 0.00205101 0.00639578 0.0161554 0.0330576 0.0548021 0.0736146 0.0801517 0.0708054 0.0509162 0.0301838 0.0155302 0.00835634 0.00667804 0.00812857 0.0112514 0.0153658 0.0200949 0.0250834 0.029927 0.0342126 0.0375925 0.0398468 0.0409121 0.0408645 0.039872 0.0381344 0.035835 0.0331172 0.0300878 0.0268347 0.0234477 0.0200293
 1.05659e-16 2.72906e-05 0.000160165 0.000761338 0.00293116 0.00914053 0.0230883 0.047242 0.0783099 0.105171 0.114456 0.10098 0.0723311 0.0423075 0.0207123 0.00943745 0.00553119 0.00551429 0.00726082 0.00983822 0.0128534 0.0160457 0.0191552 0.0219247 0.0241422 0.0256783 0.0265024 0.0266688 0.0262832 0.0254625 0.0243035 0.0228707 0.0212018 0.0193246 0.0172748 0.0151072
 1.038e-16 2.77232e-05 0.000162699 0.000773371 0.00297747 0.00928493 0.0234531 0.0479889 0.0795497 0.106842 0.116287 0.102627 0.0735799 0.0431764 0.0213936 0.0101748 0.00653912 0.00695813 0.0092562 0.01244 0.0160321 0.0196641 0.0229603 0.0255648 0.0272104 0.0277757 0.0273064 0.0259895 0.0240947 0.0219018 0.019641 0.0174608 0.0154271 0.0135456 0.0117924 0.0101417
 1.0216e-16 3.1868e-05 0.000187038 0.00088909 0.00342304 0.0106744 0.0269627 0.0551695 0.09145 0.122816 0.133652 0.117899 0.0844137 0.0493007 0.0239947 0.0106872 0.00590811 0.0055685 0.00715894 0.00956647 0.0123148 0.0150927 0.0176027 0.0195656 0.0207708 0.0211201 0.0206456 0.0194911 0.0178682 0.0160008 0.0140792 0.0122332 0.01053 0.00898808 0.00759884 0.00634597
 1.01378e-16 3.28951e-05 0.000193067 0.000917752 0.00353339 0.0110186 0.027832 0.0569481 0.0943982 0.126775 0.137959 0.121697 0.0871292 0.0508785 0.0247466 0.010993 0.0060322 0.00563822 0.00721464 0.0096057 0.0123128 0.0150087 0.0173834 0.0191496 0.0200964 0.0201353 0.0193181 0.0178162 0.0158724 0.0137409 0.0116361 0.00970234 0.00801027 0.00657118 0.00536083 0.00434195
 1.01858e-16 2.72686e-05 0.000160026 0.000760648 0.00292847 0.0091321 0.0230671 0.0471995 0.0782428 0.105091 0.114395 0.100987 0.0724696 0.0426568 0.0213808 0.0105749 0.00732844 0.00818289 0.0109929 0.0147505 0.018926 0.0230715 0.0267197 0.0294289 0.0308727 0.030913 0.0296271 0.0272773 0.0242376 0.0209009 0.0176007 0.014565 0.0119085 0.0096543 0.00776977 0.00619978
 1.02715e-16 2.7568e-05 0.000161788 0.000769036 0.00296078 0.00923287 0.0233216 0.0477198 0.0791038 0.106243 0.115636 0.102054 0.0731727 0.0429449 0.0212935 0.0101533 0.00656347 0.00701962 0.00936298 0.0126102 0.0162893 0.0200335 0.0234636 0.0262137 0.0279995 0.0286767 0.0282649 0.0269268 0.0249154 0.0225061 0.01994 0.0173913 0.0149629 0.0127024 0.0106256 0.00873713
 1.03131e-16 2.73348e-05 0.000160418 0.000762525 0.00293571 0.00915469 0.0231241 0.0473158 0.0784343 0.105344 0.114659 0.101195 0.0725641 0.042602 0.02115 0.0101284 0.00660374 0.00710206 0.00948189 0.0127646 0.0164759 0.0202442 0.0236856 0.0264318 0.0282002 0.0288525 0.028418 0.027071 0.0250741 0.0227081 0.0202133 0.0177564 0.015428 0.0132609 0.0112574 0.0094119
 1.02198e-16 3.2613e-05 0.000191413 0.000909896 0.00350315 0.0109243 0.0275938 0.0564605 0.0935892 0.125687 0.13677 0.120635 0.0863416 0.050364 0.0243953 0.0106674 0.00561881 0.00505791 0.00641747 0.00857059 0.0110547 0.0135871 0.0159049 0.0177608 0.0189652 0.0194247 0.019158 0.0182803 0.0169659 0.0154012 0.0137458 0.0121103 0.0105549 0.0091015 0.00775188 0.00650316
 1.01953e-16 2.9439e-05 0.000172771 0.000821252 0.00316182 0.00985981 0.0249052 0.0509601 0.0844747 0.113455 0.123483 0.108972 0.0781176 0.0458151 0.0226555 0.0106966 0.00676546 0.00710676 0.00940124 0.0125858 0.0161468 0.0196891 0.0228131 0.0251444 0.0264071 0.0264856 0.0254471 0.023515 0.0210058 0.0182501 0.0155255 0.0130187 0.0108195 0.00894093 0.00735068 0.00600038
 1.02381e-16 2.83071e-05 0.000166127 0.000789664 0.0030402 0.00948054 0.0239472 0.0489999 0.0812256 0.109092 0.118736 0.104787 0.0751261 0.0440785 0.0218312 0.0103674 0.00664268 0.00705357 0.00937815 0.0126019 0.0162365 0.0199042 0.023218 0.0258081 0.0273928 0.0278382 0.0271813 0.0256079 0.0233951 0.02084 0.0181989 0.0156521 0.0132992 0.0111759 0.00928078 0.00759847
 1.02423e-16 3.0007e-05 0.00017611 0.000837132 0.00322298 0.0100505 0.0253869 0.0519454 0.0861068 0.115643 0.125855 0.111041 0.0795481 0.0465487 0.0228234 0.0104521 0.00618532 0.00618665 0.00809839 0.0108638 0.0140086 0.0171981 0.0201005 0.0224001 0.0238553 0.024349 0.0239084 0.0226857 0.0209097 0.0188254 0.0166432 0.0145103 0.0125073 0.0106639 0.0089811 0.00745179
 1.02536e-16 2.82498e-05 0.00016579 0.00078806 0.00303403 0.00946129 0.0238986 0.0489004 0.0810608 0.108871 0.118497 0.104579 0.0749835 0.0440078 0.0218201 0.0104012 0.00671461 0.00716433 0.00953115 0.0127981 0.0164706 0.0201626 0.0234788 0.026044 0.0275756 0.0279449 0.0272 0.0255411 0.0232601 0.020666 0.0180209 0.0155042 0.0132083 0.0111575 0.00933763 0.00772207
 1.05575e-16 1.23962e-05 7.26943e-05 0.000345428 0.0013297 0.00414636 0.0104738 0.0214341 0.035542 0.0477701 0.0520838 0.0461808 0.0335798 0.020652 0.0119972 0.00865711 0.00947731 0.0130163 0.0183373 0.0248785 0.0321264 0.039449 0.0461097 0.0513879 0.0547296 0.0558654 0.0548569 0.0520523 0.047976 0.0431906 0.0381793 0.0332808 0.0286816 0.0244505 0.0205909 0.0170861
pSPR Fmed_Fpbrs
0.675372   0.337864 0.337864
Fs Fmed_Fpbrs
0.251981   1.005 1.005
SSBpbr Bo_Bmed_Bpbrs
1.2114e+06  757574  348718 348718
Ro
50011.1
SPR SPRFo_SPRFmed_SPRFpbrs
1.0307e+06 696109 348238
log_Ro
10.64
likeval ReclasPelacesDesembMPH_pf_preclas_ppelaces_ptallas_desvR_qrecl_qpela
 66.0944 30.122 0.0106348 0.00120668 286.373 196.645 70.5778 0 15.7087 6.63169e-05 0 0 0 0 0
q_reclas_q_pelaces
0.315382 1
M
0.7
N
 43973.6 14523.3 5511.46 660.349 0.328475
 57441 20015.3 4474.16 1697.91 203.534
 32804.1 26372 6465.03 1445.17 614.174
 57965.2 14423.4 6720.41 1647.49 524.786
 100835 28099 6275.71 2924.09 945.171
 69114.3 49856.7 13625.8 3043.22 1876.28
 115407 32946.6 19788.3 5408.12 1952.57
 113702 55841.3 14191 8523.37 3170.45
 145466 53698.5 21059.5 5351.87 4410.1
 152007 68388 19752.6 7746.59 3590.87
 68033.4 72426.8 27072.8 7819.48 4488.17
 39352.5 31155.9 23071.1 8623.86 3920.52
 42998.7 18136.6 10276.9 7610.06 4137.8
 23287.6 18948.5 4679.3 2651.47 3030.99
 17821.1 9364.42 2959.49 730.838 887.517
 21636.4 7231.74 1537.39 485.87 265.692
 17425.3 9915.18 2312.23 491.556 240.3
 19054.4 8169.7 3592.72 837.827 265.185
 21026.2 9095.99 3267.67 1437 441.177
 41425.6 10090.7 3745.67 1345.61 773.42
 51516.7 19858.8 4130.38 1533.2 867.372
 63558.6 25171.8 9024.47 1876.98 1090.9
 95085.9 30919.5 11166.6 4003.41 1316.6
 111057 46049.2 13382.6 4833.16 2302.61
 29850.9 53751 19864.1 5772.8 3078.13
pred_Ctot
 2651 4074.78 1546.35 185.273 0.0921599
 3131.26 5156.96 1152.77 437.467 52.4406
 2722.33 9589.71 2350.9 525.513 223.334
 994.399 1294.03 602.935 147.808 47.0823
 313.853 475.351 106.166 49.4669 15.9895
 1995.31 7290.8 1992.56 445.025 274.378
 2129.61 3168.24 1902.9 520.06 187.765
 4014.74 9814.42 2494.15 1498.03 557.224
 5590.65 10186.1 3994.8 1015.2 836.558
 4438.51 10105.9 2918.9 1144.74 530.633
 3824.38 19155.5 7160.24 2068.1 1187.03
 2043.96 7701.5 5702.98 2131.75 969.12
 3505.61 6504.06 3685.45 2729.09 1483.88
 3224.85 9961 2459.85 1393.84 1593.35
 2370.6 4794.69 1515.29 374.197 454.419
 1206.39 1899.46 403.806 127.617 69.7856
 702.459 1962.82 457.731 97.3088 47.5699
 531.504 1157.39 508.975 118.693 37.5683
 508.743 1129.08 405.613 178.373 54.7628
 1034.01 1289.46 478.646 171.95 98.8327
 595.253 1218.56 253.445 94.079 53.223
 931.982 1943.52 696.782 144.922 84.2285
 1695.47 2877.97 1039.39 372.635 122.548
 2028.25 4384.92 1274.33 460.226 219.261
 509.78 4801.6 1774.46 515.687 274.97
F
 0.0870923 0.477434 0.477434 0.477434 0.477434
 0.0784559 0.430089 0.430089 0.430089 0.430089
 0.121701 0.667153 0.667153 0.667153 0.667153
 0.0241093 0.132165 0.132165 0.132165 0.132165
 0.00433628 0.0237712 0.0237712 0.0237712 0.0237712
 0.0408726 0.224061 0.224061 0.224061 0.224061
 0.0259544 0.14228 0.14228 0.14228 0.14228
 0.0501945 0.275163 0.275163 0.275163 0.275163
 0.0547435 0.3001 0.3001 0.3001 0.3001
 0.0413481 0.226667 0.226667 0.226667 0.226667
 0.080993 0.443998 0.443998 0.443998 0.443998
 0.0746285 0.409108 0.409108 0.409108 0.409108
 0.119444 0.654783 0.654783 0.654783 0.654783
 0.211004 1.15671 1.15671 1.15671 1.15671
 0.201905 1.10683 1.10683 1.10683 1.10683
 0.0803124 0.440266 0.440266 0.440266 0.440266
 0.0574902 0.315157 0.315157 0.315157 0.315157
 0.0394669 0.216355 0.216355 0.216355 0.216355
 0.0341545 0.187232 0.187232 0.187232 0.187232
 0.0352512 0.193244 0.193244 0.193244 0.193244
 0.0161818 0.0887076 0.0887076 0.0887076 0.0887076
 0.0205754 0.112793 0.112793 0.112793 0.112793
 0.0250697 0.13743 0.13743 0.13743 0.13743
 0.0256842 0.140799 0.140799 0.140799 0.140799
 0.0239991 0.131562 0.131562 0.131562 0.131562
nmprior
 10 11 7 0
nm_flota  nm_reclas  nm_pelaces    nm_pelaL
inf 15.0262 19.8914 36.1741
cv_recla  cv_pelaces  cv_mph
0.735372 0.645812 1.12703
 ------------------------------------------------
Talla a la edad & desviación 
 7.2 14.2025 17.0495 18.207 18.6776
 1.08 2.13037 2.55742 2.73105 2.80164
