years
 1997 1998 1999 2000 2001 2002 2003 2004 2005 2006 2007 2008 2009 2010 2011 2012 2013 2014 2015 2016 2017 2018 2019 2020 2021
reclasobs
 0 0 0 370054 412103 1.49427e+06 250295 1.28982e+06 931140 785840 897777 1.04006e+06 184774 17550 25797 100020 73551 82996 120727 218422 84188 347160 605670 569463 516374
reclaspred
 1.81376e+06 309196 581383 189410 276146 362688 723868 643089 673773 858102 925666 707371 393111 149813 83646.8 77272.1 80900.3 110399 133363 134973 203436 218872 347507 359083 309987
pelacesobs
 0 0 0 0 0 0 0 0 0 2.06254e+06 1.5e+06 0 1.87456e+06 323000 250000 174000 83755 137374 0 501740 490994 745055 786931 1.00524e+06 0
pelacespred
 4.79435e+06 1.76533e+06 813231 692304 916864 767429 2.08216e+06 1.9174e+06 1.80907e+06 2.5075e+06 2.26943e+06 1.8539e+06 967877 283211 157919 163251 176504 264326 333861 312240 589708 636088 724487 855051 684093
mphobs
 0 0 0 0 0 112323 0 153150 637223 0 255016 313432 73983 77613 109348 50772 0 0 0 0 0 0 0 0 0
mphpred
 443006 179900 156810 70708.2 59278.4 144300 164727 287285 254979 281065 382776 281216 173864 95901.7 45869.2 32071.8 28847.8 35531.8 46729.2 43958.8 57284.2 77509.6 91300.8 113060 127440
desembarqueobs
 350755 77701 442110 56441 14545 235359 269955 359681 431902 328805 639364 411747 362871 311530 167758 66681 60226 58785 57116 71774 51957 67425 138520 160799 200461
desembarquepred
 350733 77665.8 441578 56422 14543.8 235237 269921 359165 431475 328552 638339 411127 362213 310987 167262 66615.6 60203.8 58710.7 57040.7 71700.2 51944.5 67363.5 138422 160712 200394
Reclutas
 16520.1 43602.8 4288.79 8307.75 38511.9 15663 63470.8 57878.1 66901.4 113263 71331.5 47791 52921.9 29455.4 12381.5 9425.38 7405.74 9113.55 7617.52 9564.15 15879.2 18815.6 26987.5 29399.8 1627.56
log_desv_Rt
 -0.207665 0.762876 -1.55624 -0.895056 0.638723 -0.260945 1.13833 1.04609 1.19097 1.71747 1.25509 0.854592 0.956573 0.370632 -0.496039 -0.768839 -1.00999 -0.802483 -0.981794 -0.754223 -0.247237 -0.0775602 0.283127 0.368744 -2.52516
SSB
 655303 266112 231957 104593 87685.8 213452 243668 424958 377171 415758 566210 415981 257183 141860 67850.7 47441.3 42672.3 52559.4 69122.9 65024.8 84736 114654 135054 167240 188511
BT
 1.23277e+06 401947 378638 174894 277802 329941 1.06022e+06 968283 1.02129e+06 1.15301e+06 1.21022e+06 852397 683953 394794 199650 106099 106744 132740 123734 140524 216698 191771 255368 340884 262710
Ftot
 0.540831 0.821926 1.82579 0.883554 0.217285 1.65054 1.44858 1.76688 2.04115 1.37095 1.94578 1.64149 2.71965 4.95303 4.95303 2.45198 2.25585 1.70872 1.22054 1.57923 0.848453 0.914489 1.15926 1.3396 1.54928
BD_Bspro_t
 0.937927 0.651649 0.521125 0.200938 0.269575 0.519436 0.405971 0.495339 0.41891 0.401145 0.439877 0.304617 0.213246 0.143088 0.0833676 0.0726774 0.0909267 0.151365 0.2332 0.266997 0.353311 0.48841 0.485661 0.46124 0.396296
BD_Bspro
 1.56377 0.63503 0.553526 0.249594 0.209247 0.509366 0.581474 1.01409 0.900055 0.992135 1.35116 0.992668 0.613724 0.338525 0.161914 0.113211 0.10183 0.125424 0.16495 0.155171 0.202208 0.273602 0.322284 0.399091 0.44985
BD_Bo
 0.885081 0.359422 0.313291 0.141268 0.118432 0.288297 0.329109 0.573966 0.509423 0.56154 0.764748 0.561842 0.347363 0.191602 0.0916421 0.0640763 0.0576351 0.070989 0.0933604 0.0878253 0.114448 0.154856 0.18241 0.225882 0.254612
BD_Brms
 1.60924 0.653494 0.56962 0.256851 0.215331 0.524177 0.59838 1.04357 0.926225 1.02098 1.39045 1.02153 0.631568 0.348368 0.166622 0.116502 0.104791 0.129071 0.169746 0.159682 0.208087 0.281557 0.331654 0.410695 0.46293
S_f
 0.0786009 0.688136 0.982781 0.999323 0.999974
 0.0786009 0.688136 0.982781 0.999323 0.999974
 0.0786009 0.688136 0.982781 0.999323 0.999974
 0.0786009 0.688136 0.982781 0.999323 0.999974
 0.0786009 0.688136 0.982781 0.999323 0.999974
 0.0786009 0.688136 0.982781 0.999323 0.999974
 0.0786009 0.688136 0.982781 0.999323 0.999974
 0.0786009 0.688136 0.982781 0.999323 0.999974
 0.0786009 0.688136 0.982781 0.999323 0.999974
 0.0786009 0.688136 0.982781 0.999323 0.999974
 0.0786009 0.688136 0.982781 0.999323 0.999974
 0.0786009 0.688136 0.982781 0.999323 0.999974
 0.0786009 0.688136 0.982781 0.999323 0.999974
 0.0786009 0.688136 0.982781 0.999323 0.999974
 0.0786009 0.688136 0.982781 0.999323 0.999974
 0.0786009 0.688136 0.982781 0.999323 0.999974
 0.0786009 0.688136 0.982781 0.999323 0.999974
 0.0786009 0.688136 0.982781 0.999323 0.999974
 0.0786009 0.688136 0.982781 0.999323 0.999974
 0.0786009 0.688136 0.982781 0.999323 0.999974
 0.0786009 0.688136 0.982781 0.999323 0.999974
 0.0786009 0.688136 0.982781 0.999323 0.999974
 0.0786009 0.688136 0.982781 0.999323 0.999974
 0.0786009 0.688136 0.982781 0.999323 0.999974
 0.0786009 0.688136 0.982781 0.999323 0.999974
Scru_reclas
 0.184027 0.531618 0.851015 0.966383 0.993135
 0.184027 0.531618 0.851015 0.966383 0.993135
 0.184027 0.531618 0.851015 0.966383 0.993135
 0.184027 0.531618 0.851015 0.966383 0.993135
 0.184027 0.531618 0.851015 0.966383 0.993135
 0.184027 0.531618 0.851015 0.966383 0.993135
 0.184027 0.531618 0.851015 0.966383 0.993135
 0.184027 0.531618 0.851015 0.966383 0.993135
 0.184027 0.531618 0.851015 0.966383 0.993135
 0.184027 0.531618 0.851015 0.966383 0.993135
 0.184027 0.531618 0.851015 0.966383 0.993135
 0.184027 0.531618 0.851015 0.966383 0.993135
 0.184027 0.531618 0.851015 0.966383 0.993135
 0.184027 0.531618 0.851015 0.966383 0.993135
 0.184027 0.531618 0.851015 0.966383 0.993135
 0.184027 0.531618 0.851015 0.966383 0.993135
 0.184027 0.531618 0.851015 0.966383 0.993135
 0.184027 0.531618 0.851015 0.966383 0.993135
 0.184027 0.531618 0.851015 0.966383 0.993135
 0.184027 0.531618 0.851015 0.966383 0.993135
 0.184027 0.531618 0.851015 0.966383 0.993135
 0.184027 0.531618 0.851015 0.966383 0.993135
 0.184027 0.531618 0.851015 0.966383 0.993135
 0.184027 0.531618 0.851015 0.966383 0.993135
 0.184027 0.531618 0.851015 0.966383 0.993135
Scru_pelaces
 0.151162 0.472633 0.818522 0.957804 0.991322
 0.151162 0.472633 0.818522 0.957804 0.991322
 0.151162 0.472633 0.818522 0.957804 0.991322
 0.151162 0.472633 0.818522 0.957804 0.991322
 0.151162 0.472633 0.818522 0.957804 0.991322
 0.151162 0.472633 0.818522 0.957804 0.991322
 0.151162 0.472633 0.818522 0.957804 0.991322
 0.151162 0.472633 0.818522 0.957804 0.991322
 0.151162 0.472633 0.818522 0.957804 0.991322
 0.151162 0.472633 0.818522 0.957804 0.991322
 0.151162 0.472633 0.818522 0.957804 0.991322
 0.151162 0.472633 0.818522 0.957804 0.991322
 0.151162 0.472633 0.818522 0.957804 0.991322
 0.151162 0.472633 0.818522 0.957804 0.991322
 0.151162 0.472633 0.818522 0.957804 0.991322
 0.151162 0.472633 0.818522 0.957804 0.991322
 0.151162 0.472633 0.818522 0.957804 0.991322
 0.151162 0.472633 0.818522 0.957804 0.991322
 0.151162 0.472633 0.818522 0.957804 0.991322
 0.151162 0.472633 0.818522 0.957804 0.991322
 0.151162 0.472633 0.818522 0.957804 0.991322
 0.151162 0.472633 0.818522 0.957804 0.991322
 0.151162 0.472633 0.818522 0.957804 0.991322
 0.151162 0.472633 0.818522 0.957804 0.991322
 0.151162 0.472633 0.818522 0.957804 0.991322
pf_obs 
 0.256992 0.487395 0.22802 0.0275931 0
 0.321318 0.546541 0.124235 0.00734118 0.000564706
 0.182869 0.594174 0.210203 0.0122559 0.00049798
 0.330522 0.361315 0.267642 0.0388342 0.00168674
 0.649043 0.306663 0.0425973 0.00169635 0
 0.582887 0.30429 0.105238 0.00758474 0
 0.465427 0.430635 0.0974691 0.00646863 0
 0.296916 0.608066 0.0921331 0.00288517 0
 0.311714 0.524322 0.152257 0.0117073 0
 0.15457 0.633149 0.183074 0.0267441 0.00246327
 0.131901 0.49318 0.331252 0.0422183 0.00144891
 0.196976 0.569456 0.194076 0.0375587 0.00193317
 0.518974 0.381816 0.0799577 0.0180837 0.00116848
 0.0928022 0.601141 0.25162 0.0475244 0.00691264
 0.122501 0.610282 0.24278 0.0234846 0.000952079
 0.383417 0.481906 0.127806 0.00687128 0
 0.0376549 0.599619 0.316969 0.0457579 0
 0.0361596 0.667082 0.258105 0.0386534 0
 0.158088 0.579412 0.248529 0.0139706 0
 0.0477256 0.309471 0.559284 0.082774 0.000745712
 0.0406174 0.521527 0.379366 0.0568643 0.0016247
 0.151134 0.462217 0.34131 0.0453401 0
 0.294876 0.26143 0.354403 0.0886775 0.000613685
 0.281977 0.475581 0.204845 0.0348837 0.00271318
 0 0 0 0 0
pf_pred 
 0.0704407 0.621384 0.272093 0.036076 5.88455e-06
 0.243174 0.31152 0.337668 0.0952745 0.0123641
 0.0289999 0.780684 0.10209 0.0673012 0.0209245
 0.165311 0.257034 0.516581 0.03333 0.0277449
 0.459444 0.379453 0.0683412 0.0831768 0.00958429
 0.110548 0.782711 0.083015 0.0101724 0.0135537
 0.488855 0.324064 0.174961 0.00949964 0.00261988
 0.250399 0.700586 0.037475 0.0108148 0.000725087
 0.289996 0.590612 0.115407 0.0030727 0.000912197
 0.357973 0.560244 0.0747173 0.0068394 0.000226797
 0.182625 0.717739 0.0923333 0.00668925 0.000613037
 0.17212 0.647026 0.16962 0.0104399 0.000794105
 0.288525 0.545515 0.145254 0.0194613 0.00124457
 0.270157 0.669733 0.0536956 0.00564855 0.000765913
 0.259102 0.713572 0.026805 0.000469007 5.14814e-05
 0.300609 0.66897 0.0301686 0.000248114 4.42771e-06
 0.247291 0.673381 0.07783 0.00148654 1.1885e-05
 0.303128 0.59698 0.0949229 0.00487945 8.99783e-05
 0.203668 0.685249 0.102429 0.00823782 0.000416169
 0.259236 0.557824 0.167709 0.0140757 0.00115459
 0.307358 0.57324 0.102005 0.0159932 0.0014039
 0.230018 0.626757 0.127193 0.0137451 0.00228615
 0.263412 0.557403 0.157674 0.0191578 0.00235274
 0.23602 0.619511 0.122186 0.0196745 0.00260774
 0.0161369 0.785188 0.176272 0.0190381 0.00336551
pobs_RECLAS
 0 0 0 0 0
 0 0 0 0 0
 0 0 0 0 0
 0 0 0 0 0
 0.835266 0.146461 0.0176864 0.000547809 3.91292e-05
 0.385257 0.428462 0.181853 0.0044286 0
 0.867414 0.0963971 0.0333333 0.00285562 0
 0.441836 0.489002 0.0689373 0.000224442 0
 0.779404 0.147425 0.0564933 0.0165055 0.000172143
 0.814271 0.122319 0.05973 0.00367925 0
 0.40263 0.566651 0.0304383 0.000280538 0
 0.475488 0.404961 0.113038 0.00651328 0
 0.955842 0.0263864 0.0167828 0.000988607 0
 0.975058 0.0227948 0.00214734 0 0
 0.738997 0.206755 0.0527124 0.00153531 0
 0.850938 0.134255 0.0134407 0.00136685 0
 0.542534 0.407297 0.0501686 0 0
 0.764087 0.199537 0.0359546 0.000420521 0
 0.470689 0.182191 0.310203 0.0369168 0
 0.84361 0.089868 0.0606195 0.00523954 0.000663233
 0.607945 0.314616 0.071237 0.00620181 0
 0.523733 0.453247 0.0230204 0 0
 0.530135 0.295979 0.169645 0.0042399 0
 0.562478 0.366248 0.0663022 0.0049721 0
 0.250443 0.683176 0.0655157 0.000865301 0
ppred_RECLAS
 0.18462 0.52434 0.253528 0.0375059 6.28283e-06
 0.486418 0.197229 0.233212 0.073364 0.00977723
 0.0917729 0.719265 0.0961309 0.0703675 0.0224638
 0.369784 0.181235 0.396135 0.0284906 0.0243554
 0.710734 0.192038 0.0385879 0.0524344 0.00620506
 0.293989 0.616431 0.0677362 0.00922417 0.0126199
 0.75629 0.151226 0.0858326 0.0051839 0.00146804
 0.531984 0.435873 0.0239407 0.00767378 0.000528282
 0.588936 0.341493 0.0669893 0.00197824 0.000602984
 0.645455 0.306755 0.0432359 0.00440375 0.000149953
 0.436612 0.493487 0.0642494 0.00516526 0.000486036
 0.409945 0.456758 0.124142 0.00849175 0.000663241
 0.609238 0.302835 0.0759474 0.0112416 0.000738018
 0.671074 0.308701 0.0178939 0.00204686 0.000284741
 0.655649 0.335058 0.00909971 0.000173132 1.94969e-05
 0.612985 0.370698 0.016167 0.00014713 2.69556e-06
 0.541963 0.410327 0.0467138 0.000988428 8.11348e-06
 0.595006 0.3451 0.0566 0.00323249 6.12056e-05
 0.451468 0.467021 0.0744944 0.00667051 0.000346051
 0.536858 0.34439 0.107842 0.010062 0.000847503
 0.579612 0.341555 0.0662154 0.011574 0.00104335
 0.482491 0.413532 0.0911255 0.010976 0.00187475
 0.531346 0.347368 0.105249 0.0142413 0.001796
 0.499975 0.399574 0.0834605 0.0149555 0.00203552
 0.0514464 0.748318 0.175356 0.0210574 0.00382236
pobs_PELACES
 0 0 0 0 0
 0 0 0 0 0
 0 0 0 0 0
 0 0 0 0 0
 0 0 0 0 0
 0 0 0 0 0
 0 0 0 0 0
 0 0 0 0 0
 0 0 0 0 0
 0 0 0 0 0
 0.450072 0.473896 0.0757376 0.000293798 0
 0 0 0 0 0
 0.463077 0.371075 0.160297 0.00555027 0
 0.529543 0.364841 0.0842815 0.0213345 0
 0.631943 0.363953 0.00410389 0 0
 0.735681 0.248677 0.0153453 0.000297389 0
 0.695825 0.281241 0.0229344 0 0
 0.275771 0.60734 0.115278 0.00161068 0
 0 0 0 0 0
 0.896147 0.0623911 0.0374545 0.00400742 0
 0.803859 0.145111 0.0509908 3.86294e-05 0
 0.739449 0.233085 0.0266225 0.000797448 4.60066e-05
 0.878498 0.100942 0.0204185 0.000141795 0
 0.694673 0.275183 0.0284847 0.00165964 0
 0 0 0 0 0
ppred_PELACES
 0.187496 0.516944 0.256559 0.0389953 6.57804e-06
 0.507078 0.188625 0.222762 0.0718882 0.00964701
 0.120645 0.708843 0.0858212 0.0640927 0.0205982
 0.393696 0.174837 0.379397 0.0279828 0.024087
 0.697942 0.195381 0.0415853 0.0581599 0.00693125
 0.351165 0.571797 0.0578961 0.0080515 0.01109
 0.796929 0.128878 0.0687389 0.00424431 0.00121013
 0.60113 0.373633 0.0186973 0.00611642 0.000423904
 0.670443 0.279081 0.0485658 0.0014615 0.00044845
 0.690545 0.2696 0.035979 0.0037481 0.000128498
 0.517548 0.428073 0.0499016 0.00409033 0.000387465
 0.476084 0.412679 0.103442 0.00722634 0.000568223
 0.721218 0.224527 0.0467628 0.00702749 0.000464372
 0.838998 0.154245 0.00597574 0.000685593 9.59501e-05
 0.8278 0.169066 0.00306887 5.85622e-05 6.63475e-06
 0.706863 0.282535 0.0105029 9.71858e-05 1.79226e-06
 0.635667 0.330895 0.0327277 0.000704856 5.82413e-06
 0.659615 0.293637 0.0441261 0.00257276 4.90425e-05
 0.494297 0.432951 0.0663521 0.00608178 0.000317671
 0.599747 0.303086 0.0880614 0.00839409 0.000711804
 0.601723 0.323567 0.0624891 0.0112034 0.00101694
 0.509039 0.392869 0.08569 0.0105828 0.0018201
 0.571378 0.320208 0.0937723 0.0129925 0.00164976
 0.549736 0.363198 0.072049 0.013207 0.00180982
 0.064907 0.748249 0.163165 0.0200204 0.00365876
pobs_pel_tallas
 0 0 0 0 0 0 0 0 0 0 0 0 0 0 0 0 0 0 0 0 0 0 0 0 0 0 0 0 0 0 0 0 0 0 0 0
 0 0 0 0 0 0 0 0 0 0 0 0 0 0 0 0 0 0 0 0 0 0 0 0 0 0 0 0 0 0 0 0 0 0 0 0
 0 0 0 0 0 0 0 0 0 0 0 0 0 0 0 0 0 0 0 0 0 0 0 0 0 0 0 0 0 0 0 0 0 0 0 0
 0 0 0 0 0 0 0 0 0 0 0 0 0 0 0 0 0 0 0 0 0 0 0 0 0 0 0 0 0 0 0 0 0 0 0 0
 0 0 0 0 0 0 0 0 0 0 0 0 0 0 0 0 0 0 0 0 0 0 0 0 0 0 0 0 0 0 0 0 0 0 0 0
 0 0 0 0 0 0 0 0 0 0 0 0 0 0 0 0 0 0 0 0 0 0 0 0 0 0 0 0 0 0 0 0 0 0 0 0
 0 0 0 0 0 0 0 0 0 0 0 0 0 0 0 0 0 0 0 0 0 0 0 0 0 0 0 0 0 0 0 0 0 0 0 0
 0 0 0 0 0 0 0 0 0 0 0 0 0 0 0 0 0 0 0 0 0 0 0 0 0 0 0 0 0 0 0 0 0 0 0 0
 0 0 0 0 0 0 0 0 0 0 0 0 0 0 0 0 0 0 0 0 0 0 0 0 0 0 0 0 0 0 0 0 0 0 0 0
 0 0 0 0 0 0 0 0 0 0 0 0 0 0 0 0 0 0 0 0 0 0 0 0 0 0 0 0 0 0 0 0 0 0 0 0
 0 0 0 0 0 0 0 0 1.78061e-05 0.00172719 0.00360574 0.0105946 0.0120993 0.0124554 0.0147524 0.0171206 0.0266825 0.0428682 0.0675386 0.121331 0.153587 0.119568 0.100827 0.0573624 0.0630603 0.0341343 0.0324427 0.0444173 0.0211091 0.0280891 0.0125444 0.00206551 0 0 0 0
 0 0 0 0 0 0 0 0 0 0 0 0 0 0 0 0 0 0 0 0 0 0 0 0 0 0 0 0 0 0 0 0 0 0 0 0
 0 0 0 0 0 0 0.0133647 0.0140871 0.0187388 0.0205184 0.03894 0.0496705 0.03968 0.0493445 0.0407372 0.0367815 0.0215668 0.0243155 0.0234873 0.0199281 0.019796 0.0243948 0.0301388 0.0376714 0.0412746 0.0863199 0.0771752 0.113111 0.0741005 0.0525337 0.0229764 0.00759418 0.00175318 0 0 0
 0 0 0 0 0 0 0 0 0 0 0.00219441 0.00772107 0.0458388 0.0604681 0.0671733 0.0775358 0.0609151 0.0617685 0.073594 0.0568108 0.0755445 0.0548602 0.0670107 0.0636378 0.0643287 0.046367 0.0373049 0.0286899 0.0247887 0.0153202 0.00654259 0.00121912 0.000365735 0 0 0
 0 0 0 0 0 0 0 0 0 0 0 0 0.000112435 0.00938835 0.0111873 0.0202946 0.0414886 0.0713402 0.111592 0.104902 0.108894 0.110636 0.117776 0.105296 0.107544 0.0401394 0.0192827 0.0124803 0.00416011 0.0028671 0.000618394 0 0 0 0 0
 0 0 0 0 0 0 0 0 0 0 0.00291406 0.0102884 0.027416 0.0768956 0.0749926 0.110853 0.0956884 0.0897413 0.0766577 0.0534642 0.0500743 0.0551293 0.0594112 0.0620874 0.0668451 0.0424026 0.0208742 0.0120726 0.0048766 0.00582813 0.00118941 0.000297354 0 0 0 0
 0 0.00264628 0.0354308 0.0461629 0.0458689 0.0383711 0.0214643 0.0164657 0.0346957 0.0420465 0.0363128 0.0245516 0.0311673 0.0291091 0.0169068 0.0133784 0.00837989 0.0085269 0.0148486 0.0160247 0.0276389 0.0546898 0.0760071 0.122758 0.109233 0.0665981 0.0333725 0.0166128 0.00676272 0.00308733 0.000882094 0 0 0 0 0
 0 0 0 0 0 0 0 0.000805153 0.000690131 0.00759144 0.0133425 0.0154129 0.00931677 0.000345066 0.00356568 0.00563607 0.00851162 0.0253048 0.0502646 0.0516448 0.0657925 0.0565908 0.0611916 0.0827007 0.0866115 0.110766 0.145733 0.0935128 0.0569358 0.0249597 0.0138026 0.00621118 0.00161031 0.00115022 0 0
 0 0 0 0 0 0 0 0 0 0 0 0 0 0 0 0 0 0 0 0 0 0 0 0 0 0 0 0 0 0 0 0 0 0 0 0
 0.00147267 0.00158595 0.00478618 0.00569244 0.00954404 0.0108468 0.00647125 0.017049 0.0510054 0.094081 0.124002 0.0959785 0.0687766 0.0820023 0.061753 0.0591476 0.0492212 0.0479892 0.0443925 0.0268479 0.0217502 0.0140895 0.0121071 0.0120363 0.00920419 0.00665534 0.0049561 0.00860946 0.00930331 0.0156896 0.0114698 0.00855282 0.00243557 0.00046729 0 2.83206e-05
 0 0 0 0 0.000772559 0.00158375 0.000888443 0.00281984 0.00712685 0.0440552 0.0773331 0.111326 0.0921469 0.0852325 0.0710754 0.0886704 0.0786465 0.0553345 0.0373146 0.0185414 0.00753245 0.00457741 0.012979 0.0271748 0.0457355 0.0583668 0.034881 0.0177882 0.00938659 0.00492506 0.0015258 0.00185414 0.000309023 5.79419e-05 3.86279e-05 0
 0 0.00173294 0.00326652 0 0.00397197 0.00683976 0.00946217 0.0152591 0.00757587 0.0136028 0.0228656 0.0392903 0.0559909 0.0764795 0.0681675 0.0726916 0.0566044 0.0477403 0.0527397 0.0444891 0.0609904 0.0582453 0.0661739 0.0445044 0.0529084 0.0360697 0.0280645 0.0235558 0.0158879 0.00826598 0.00280645 0.00217768 0.000904811 0.00058276 9.20147e-05 0
 0 0 0 0 0 0 0 0 0 0 0 0 0 0 0 0 0 0 0 0 0 0 0 0 0 0 0 0 0 0 0 0 0 0 0 0
 0 0 0 0 0 0 0 0 0 0 0 0 0 0 0 0 0 0 0 0 0 0 0 0 0 0 0 0 0 0 0 0 0 0 0 0
 0 0 0 0 0 0 0 0 0 0 0 0 0 0 0 0 0 0 0 0 0 0 0 0 0 0 0 0 0 0 0 0 0 0 0 0
ppred_pel_tallas
 1.05151e-16 8.20989e-06 4.81116e-05 0.000228547 0.000879662 0.00274291 0.0069289 0.0141814 0.0235222 0.0316351 0.0345449 0.030756 0.0226382 0.0144689 0.00937661 0.00815443 0.0101459 0.0144814 0.0205689 0.027976 0.0361958 0.0445419 0.0521943 0.0583388 0.0623351 0.06385 0.0629127 0.059872 0.055282 0.0497552 0.0438373 0.0379341 0.0322998 0.0270664 0.0222928 0.0180054
 1.06145e-16 2.21317e-05 0.000129876 0.00061733 0.00237669 0.00741141 0.0187207 0.0383058 0.0634991 0.0852864 0.0928321 0.0819407 0.058779 0.0345545 0.0172445 0.00842024 0.00573054 0.00639565 0.00872306 0.0119679 0.015794 0.0199403 0.0241156 0.0280095 0.0313391 0.0338931 0.0355557 0.0363024 0.0361765 0.0352591 0.0336442 0.0314296 0.0287203 0.0256356 0.0223148 0.0189124
 1.04614e-16 5.30213e-06 3.10241e-05 0.000147275 0.000566682 0.00176685 0.00446369 0.00913875 0.0151691 0.0204341 0.022401 0.0201507 0.0152785 0.01064 0.00838453 0.00918062 0.0127564 0.0186489 0.0264621 0.0357408 0.0457964 0.0556671 0.0642293 0.0704126 0.0734418 0.0730184 0.069385 0.0632423 0.0555585 0.0473334 0.0393965 0.0322918 0.0262616 0.0213072 0.0172861 0.0140056
 1.0753e-16 1.71876e-05 0.00010085 0.000479337 0.00184538 0.00575455 0.0145356 0.0297428 0.0493058 0.066228 0.0721 0.0636709 0.0457391 0.0270231 0.0137407 0.00714465 0.00544996 0.00654346 0.00915502 0.0127413 0.0170583 0.021894 0.0269813 0.032004 0.0366359 0.0405822 0.0436093 0.0455559 0.0463327 0.0459154 0.0443404 0.0417058 0.0381733 0.0339634 0.0293412 0.0245893
 1.02977e-16 3.04541e-05 0.000178736 0.000849619 0.00327106 0.0102005 0.0257656 0.0527202 0.0873907 0.117367 0.127727 0.112685 0.0807094 0.0471946 0.0230769 0.0104609 0.00604135 0.00591899 0.00769827 0.0103094 0.0132809 0.0162899 0.0190224 0.0211833 0.0225515 0.0230262 0.0226445 0.0215602 0.0199944 0.0181769 0.0162962 0.0144738 0.0127643 0.0111737 0.00968516 0.00828108
 1.01803e-16 1.53484e-05 9.00169e-05 0.000427761 0.00164667 0.00513479 0.0129706 0.0265435 0.0440136 0.0591535 0.064488 0.0571619 0.0415266 0.0254622 0.0146489 0.0103539 0.0111159 0.0151099 0.0211291 0.028429 0.0363283 0.0440121 0.0505596 0.0551027 0.0570204 0.0560872 0.0525254 0.0469375 0.0401492 0.0330142 0.0262449 0.0203136 0.0154344 0.0116088 0.00870506 0.00653563
 1.01221e-16 3.47679e-05 0.000204067 0.000970059 0.00373481 0.0116467 0.0294185 0.0601937 0.0997762 0.133992 0.145797 0.128573 0.0919712 0.0535423 0.0257376 0.0109175 0.0052659 0.00430012 0.00528048 0.0070199 0.00905932 0.011149 0.0130694 0.0146143 0.0156222 0.016008 0.0157771 0.0150146 0.013858 0.01246 0.0109583 0.00945648 0.00802108 0.00668837 0.00547582 0.00439195
 1.00618e-16 2.62399e-05 0.000153978 0.000731881 0.00281768 0.00878658 0.0221945 0.0454147 0.0752868 0.101129 0.110103 0.0972494 0.0698987 0.0413667 0.0211456 0.0111324 0.0085594 0.0101164 0.0137252 0.0183589 0.0234018 0.0282784 0.0323778 0.0351338 0.0361473 0.0352827 0.0327018 0.0288176 0.0241897 0.0193933 0.0149065 0.0110433 0.00794104 0.00559123 0.00389253 0.00270438
 1.00852e-16 2.92585e-05 0.000171709 0.000816193 0.00314233 0.00979903 0.0247517 0.0506463 0.0839555 0.112761 0.122736 0.108332 0.0776996 0.0456531 0.0227294 0.0109872 0.0072858 0.00789939 0.010518 0.0140634 0.017985 0.0218344 0.0251516 0.0275073 0.0285903 0.0282787 0.0266671 0.024035 0.0207726 0.0172882 0.0139274 0.0109254 0.00839747 0.00635986 0.00476524 0.00353813
 1.00734e-16 3.01346e-05 0.000176853 0.000840653 0.00323651 0.0100927 0.0254935 0.052164 0.0864709 0.116138 0.126407 0.111561 0.0799918 0.0469516 0.0232861 0.0111065 0.0071686 0.00762758 0.0101016 0.0134851 0.0172251 0.0208827 0.0240128 0.0262024 0.0271549 0.026759 0.0251138 0.0224977 0.0192959 0.0159084 0.012672 0.00981299 0.00743825 0.00555627 0.00411264 0.00302573
 1.01007e-16 2.25976e-05 0.00013259 0.000630186 0.00242611 0.00756547 0.0191101 0.0391043 0.0648289 0.0870913 0.094846 0.0838355 0.0603928 0.0360132 0.0189111 0.0107692 0.00925402 0.0115512 0.0158774 0.0213085 0.0272212 0.0329776 0.0378814 0.0412798 0.0427046 0.0419838 0.0392812 0.0350464 0.0298981 0.0244782 0.0193254 0.0148004 0.0110713 0.00814709 0.00593493 0.0042979
 1.01878e-16 2.07891e-05 0.000121973 0.000579717 0.00223179 0.0069595 0.0175795 0.0359724 0.0596375 0.0801195 0.0872597 0.0771446 0.0556052 0.0332237 0.0175676 0.0101991 0.00898816 0.0113624 0.0156948 0.0211412 0.0271243 0.0330408 0.0382225 0.0420316 0.0439959 0.0439152 0.0419024 0.0383395 0.0337729 0.0287805 0.0238567 0.0193449 0.0154239 0.0121375 0.00944292 0.00725941
 1.01001e-16 3.14703e-05 0.000184699 0.000877961 0.00338018 0.0105407 0.0266252 0.0544791 0.0903068 0.121285 0.131995 0.116462 0.0834378 0.0488371 0.0239669 0.0110087 0.00655199 0.0065674 0.00857077 0.0114361 0.0146426 0.017813 0.0205753 0.0225829 0.0235823 0.02347 0.0223134 0.0203273 0.0178148 0.0150941 0.0124356 0.0100242 0.00795279 0.00623836 0.00485042 0.00373795
 1.00164e-16 3.66031e-05 0.00021484 0.00102127 0.00393197 0.0122615 0.0309716 0.0633716 0.105044 0.141067 0.153498 0.13537 0.0968451 0.0564033 0.0271549 0.011586 0.00567663 0.00469967 0.00575482 0.0075669 0.00961899 0.0116109 0.0132786 0.014387 0.0147715 0.0143778 0.0132746 0.0116352 0.00969325 0.00768916 0.00582244 0.00422407 0.00295099 0.00199887 0.00132407 0.000866119
 1.00102e-16 3.61154e-05 0.000211975 0.00100765 0.00387952 0.012098 0.0305584 0.0625264 0.103644 0.139188 0.151457 0.13358 0.0955843 0.0557097 0.0268972 0.0116063 0.00587769 0.00505116 0.00626417 0.00825016 0.0104823 0.0126404 0.0144368 0.0156142 0.0159938 0.015518 0.0142656 0.0124296 0.0102702 0.0080535 0.00600039 0.00425505 0.00287912 0.00186574 0.00116405 0.000704297
 1.00245e-16 3.08466e-05 0.000181032 0.000860518 0.003313 0.0103312 0.026096 0.0533968 0.0885146 0.118883 0.129395 0.1142 0.0818878 0.0480715 0.0238537 0.0113954 0.00737438 0.00785136 0.0103815 0.0138233 0.0175974 0.0212405 0.024285 0.0263019 0.0269907 0.026252 0.0242128 0.0211914 0.0176175 0.0139325 0.0105031 0.00757024 0.00523864 0.00350031 0.00227474 0.00145019
 1.00597e-16 2.77442e-05 0.000162813 0.000773894 0.00297945 0.00929108 0.0234687 0.0480216 0.0796066 0.106926 0.1164 0.102775 0.0737935 0.043517 0.0219603 0.0111025 0.00799158 0.00911076 0.0122656 0.0164008 0.0209281 0.0253281 0.0290576 0.0316116 0.0326307 0.0319857 0.0298089 0.0264547 0.0224083 0.0181719 0.0141667 0.0106733 0.00782119 0.00561387 0.00397431 0.0027902
 1.00813e-16 2.8787e-05 0.000168939 0.000803022 0.00309162 0.00964087 0.0243522 0.049829 0.0826013 0.110944 0.120762 0.1066 0.0764807 0.0449829 0.0224809 0.011008 0.00748181 0.00824139 0.011013 0.0147267 0.018822 0.0228307 0.0262698 0.0286889 0.029763 0.0293682 0.0276091 0.0247855 0.0213136 0.0176272 0.0140923 0.0109562 0.00833769 0.00624949 0.00463616 0.00341248
 1.01307e-16 2.1584e-05 0.000126638 0.000601892 0.00231717 0.00722573 0.018252 0.0373485 0.0619189 0.0831844 0.0905975 0.0800951 0.0577309 0.0344913 0.0182321 0.0105728 0.00929775 0.0117295 0.0161691 0.021728 0.0277927 0.0337239 0.0388189 0.0424152 0.0440333 0.043489 0.0409349 0.0368104 0.0317262 0.0263191 0.0211261 0.0165102 0.0126458 0.00955208 0.00714873 0.00531241
 1.01671e-16 2.61769e-05 0.000153614 0.000730165 0.0028111 0.00876607 0.0221426 0.045308 0.0751081 0.100883 0.109822 0.0969664 0.0696211 0.041054 0.0207145 0.0104725 0.00754789 0.00863179 0.0116682 0.0156809 0.0201383 0.0245738 0.028493 0.0314252 0.0330188 0.033119 0.0317977 0.029323 0.0260833 0.0224919 0.0189046 0.0155706 0.012624 0.010104 0.00798994 0.00623485
 1.01425e-16 2.62638e-05 0.000154123 0.00073258 0.00282039 0.00879503 0.0222158 0.0454579 0.0753571 0.101219 0.110191 0.0973019 0.0698821 0.041248 0.0208858 0.0106775 0.00783841 0.00904975 0.012243 0.0164244 0.0210369 0.025582 0.0295321 0.0323899 0.0337922 0.0335924 0.0318914 0.0290021 0.0253644 0.0214395 0.0176176 0.0141645 0.0112116 0.00878016 0.00682221 0.00526042
 1.01794e-16 2.22252e-05 0.000130406 0.000619813 0.00238618 0.00744097 0.0187956 0.0384605 0.063761 0.0856545 0.0932758 0.0824346 0.0593555 0.0353388 0.0184561 0.0103545 0.00873298 0.0108236 0.0148822 0.0200229 0.0256694 0.0312406 0.0360999 0.0396426 0.0414239 0.0412605 0.039268 0.035819 0.0314413 0.0266898 0.0220365 0.0178051 0.0141595 0.0111319 0.00867159 0.00669222
 1.01959e-16 2.49406e-05 0.000146355 0.000695648 0.00267819 0.0083516 0.0210957 0.0431661 0.0715584 0.0961185 0.104642 0.092412 0.0663916 0.0392312 0.0199461 0.0103323 0.00775655 0.00907773 0.0123397 0.0166019 0.0213314 0.0260433 0.030217 0.0333561 0.035089 0.0352507 0.0339148 0.0313614 0.0279964 0.0242522 0.0205002 0.0170005 0.0138925 0.0112172 0.00895411 0.00705637
 1.0168e-16 2.39986e-05 0.00014082 0.000669329 0.00257684 0.00803554 0.0202974 0.0415331 0.0688528 0.0924891 0.100704 0.0889633 0.0639787 0.0379353 0.019526 0.0105013 0.00834769 0.0100553 0.0137372 0.0184594 0.0236531 0.0287726 0.0332283 0.0364623 0.0380662 0.0378741 0.0359975 0.0327851 0.0287284 0.0243425 0.0200639 0.0161897 0.0128675 0.0101219 0.00790083 0.00611954
 1.03419e-16 2.8736e-06 1.67622e-05 7.94624e-05 0.00030557 0.00095257 0.00240694 0.00493082 0.00819576 0.0110743 0.0122295 0.0112117 0.00895177 0.00709348 0.00693709 0.00901195 0.0133403 0.0197944 0.0281788 0.038108 0.0488854 0.0594993 0.0687544 0.0755016 0.0788943 0.0785831 0.0747883 0.0682199 0.0598827 0.0508338 0.041972 0.0339139 0.0269714 0.0212058 0.0165207 0.0127512
pSPR Fmed_Fpbrs
0.343725   0.6 0.325
Fs Fmed_Fpbrs
1.46224   0.457523 1.61479
SSBpbr Bo_Bmed_Bpbrs
740388  217470  407213 203607
Ro
20333
SPR SPRFo_SPRFmed_SPRFpbrs
419053 144039 136192
log_Ro
9.74
likeval ReclasPelacesDesembMPH_pf_preclas_ppelaces_ptallas_desvR_qrecl_qpela
 73.3949 12.1084 0.164698 0.000160734 304.97 193.538 73.1735 0 34.9085 7.52843e-05 0.000481257 1.64899e-14 0 0 0
q_reclas_q_pelaces
3.41958 22.6703
M
0.7
N
 16520.1 19151.9 6264.56 819.775 0.13365
 43602.8 7862.23 6555.06 1828.31 237.158
 4288.79 20297.9 2217.71 1451.31 451.096
 8307.75 1845.03 2869.45 183.071 152.328
 38511.9 3848.72 498.82 597.968 68.8619
 15663 18800.6 1645.79 200.077 266.502
 63470.8 6831.65 2998.45 161.396 44.4958
 57878.1 28126.7 1252 358.602 24.0358
 66901.4 25014.6 4140.71 109.514 32.5031
 113263 28297.8 3049.18 276.614 9.16941
 71331.5 50499.1 5470.58 393.581 36.06
 47791 30398.6 6573.15 401.362 30.5199
 52921.9 20859.6 4878.45 650.358 41.5832
 29455.4 21222.3 1594.12 167.296 22.6823
 12381.5 9910.19 348.781 6.08809 0.668208
 9425.38 4165.73 162.871 1.33202 0.0237655
 7405.74 3860.04 382.739 7.26597 0.0580784
 9113.55 3080.04 405.897 20.7044 0.38168
 7617.52 3956.88 471.948 37.5925 1.89844
 9564.15 3436.71 848.369 70.6226 5.79112
 15879.2 4195 575.676 89.2356 7.8297
 18815.6 7376.65 1161.88 124.176 20.6447
 26987.5 8695.49 1952.33 234.875 28.8337
 29399.8 12234.4 1944.64 310.284 41.1117
 1627.56 13140.4 2416.75 258.862 45.7463
pred_Ctot
 495.678 4372.57 1914.67 253.86 0.0414085
 1969.11 2522.55 2734.28 771.49 100.119
 415.765 11192.5 1463.65 964.884 299.991
 402.459 625.765 1257.65 81.144 67.5469
 469.467 387.731 69.832 84.9913 9.79337
 1380.83 9776.69 1036.92 127.061 169.297
 4944.67 3277.84 1769.69 96.0869 26.4995
 5440.61 15222.2 814.249 234.98 15.7545
 7197.99 14659.6 2864.52 76.2674 22.6416
 8372.94 13104 1747.63 159.973 5.30476
 7339.64 28845.7 3710.84 268.838 24.6377
 4191.39 15756.1 4130.51 254.228 19.3377
 7415.83 14021.1 3733.39 500.204 31.9887
 6985.31 17317 1388.38 146.052 19.8039
 2936.27 8086.53 303.766 5.31501 0.583411
 1201.48 2673.75 120.578 0.991666 0.0176967
 874.259 2380.64 275.156 5.25543 0.0420176
 830.121 1634.84 259.948 13.3624 0.246407
 503.918 1695.45 253.431 20.3821 1.02969
 808.692 1740.14 523.172 43.9095 3.60176
 739.578 1379.36 245.449 38.4836 3.37812
 942.41 2567.89 521.122 56.315 9.3666
 1699.21 3595.67 1017.12 123.582 15.177
 2125.95 5580.26 1100.6 177.218 23.4892
 135.145 6575.86 1476.26 159.442 28.1858
F
 0.0425098 0.372166 0.531518 0.540465 0.540817
 0.0646041 0.565597 0.807773 0.821369 0.821904
 0.143509 1.25639 1.79435 1.82456 1.82575
 0.0694482 0.608006 0.86834 0.882956 0.883531
 0.0170788 0.149521 0.213543 0.217138 0.217279
 0.129734 1.13579 1.62212 1.64942 1.65049
 0.11386 0.996822 1.42364 1.4476 1.44854
 0.138878 1.21585 1.73645 1.76568 1.76683
 0.160436 1.40459 2.006 2.03977 2.0411
 0.107758 0.943399 1.34734 1.37002 1.37091
 0.15294 1.33896 1.91227 1.94446 1.94573
 0.129023 1.12957 1.61323 1.64038 1.64145
 0.213767 1.87149 2.67282 2.71781 2.71958
 0.389313 3.40836 4.86774 4.94968 4.9529
 0.389313 3.40836 4.86774 4.94968 4.9529
 0.192728 1.68729 2.40976 2.45032 2.45191
 0.177312 1.55233 2.21701 2.25433 2.25579
 0.134307 1.17583 1.67929 1.70756 1.70867
 0.0959352 0.839895 1.19952 1.21971 1.2205
 0.124129 1.08673 1.55204 1.57816 1.57919
 0.0666892 0.583852 0.833843 0.847879 0.848431
 0.0718796 0.629293 0.898742 0.91387 0.914465
 0.0911186 0.797727 1.13929 1.15847 1.15923
 0.105294 0.921831 1.31654 1.3387 1.33957
 0.121775 1.06612 1.5226 1.54823 1.54924
nmprior
 10 11 7 0
nm_flota  nm_reclas  nm_pelaces    nm_pelaL
inf 24.9012 9.89904 15.6571
cv_recla  cv_pelaces  cv_mph
0.774922 0.409457 0.411331
 ------------------------------------------------
Talla a la edad & desviación 
 7.2 14.2025 17.0495 18.207 18.6776
 1.08 2.13037 2.55742 2.73105 2.80164
