years
 1997 1998 1999 2000 2001 2002 2003 2004 2005 2006 2007 2008 2009 2010 2011 2012 2013 2014 2015 2016 2017 2018 2019 2020 2021
reclasobs
 0 0 0 370054 412103 1.49427e+06 250295 1.28982e+06 931140 785840 897777 1.04006e+06 184774 17550 25797 100020 73551 82996 120727 218422 84188 347160 605670 569463 516374
reclaspred
 465386 128676 393571 280794 404046 475769 1.02818e+06 671835 729131 669566 527001 353651 218218 94590.4 61596.2 62442 79512.8 108363 116170 168452 244619 226412 392348 510028 562883
pelacesobs
 0 0 0 0 0 0 0 0 0 2.06254e+06 1.5e+06 0 1.87456e+06 323000 250000 174000 83755 137374 0 501740 490994 745055 786931 1.00524e+06 0
pelacespred
 2.03199e+06 475213 911538 986387 1.21882e+06 1.18295e+06 2.92609e+06 2.36015e+06 2.26914e+06 2.09455e+06 1.46039e+06 1.01307e+06 615340 212018 139183 153388 206098 289438 315406 449787 736509 654627 898199 1.37055e+06 1.56675e+06
mphobs
 0 0 0 0 0 112323 0 153150 637223 0 255016 313432 73983 77613 109348 50772 0 0 0 0 0 0 0 0 0
mphpred
 170740 106024 130706 158941 165148 252665 372334 431638 358964 355243 335844 231810 142549 73550.4 32109.7 26792.4 33603.8 46851.6 58675.6 68617.6 104217 123929 157124 223117 328062
desembarqueobs
 350755 77701 442110 56441 14545 235359 269955 359681 431902 328805 639364 411747 362871 311530 167758 66681 60226 58785 57116 71774 51957 67425 138520 160799 200461
desembarquepred
 350765 77704.1 442147 56443.5 14545.1 235407 269992 359701 431969 328848 639571 411970 363186 311894 167733 66691 60250.7 58785.3 57110.5 71776 51958.7 67419.4 138523 160807 200461
Reclutas
 51348.5 62997.3 37874.4 57013.3 95562.6 69981.2 108847 101574 121500 127743 65606.8 42907.3 43797.3 23472 16176 18085.3 14074.5 15809.2 18302.3 31311.8 38848.8 52100.6 81090 104380 45104.8
log_desv_Rt
 0.0863903 0.290847 -0.217969 0.19104 0.707537 0.395982 0.837698 0.768543 0.94767 0.997779 0.331435 -0.0932031 -0.0726725 -0.696436 -1.06871 -0.957145 -1.20788 -1.09165 -0.945216 -0.40825 -0.192567 0.100932 0.543315 0.795792 -0.0432559
SSB
 635686 394740 486638 591760 614867 940707 1.38625e+06 1.60705e+06 1.33647e+06 1.32262e+06 1.25039e+06 863058 530728 273838 119549 99751.8 125111 174435 218457 255472 388012 461405 584996 830695 1.22142e+06
BT
 2.15761e+06 567873 1.07883e+06 965887 1.13065e+06 1.27267e+06 2.87088e+06 2.57687e+06 2.48028e+06 2.24126e+06 1.91867e+06 1.30883e+06 919108 489435 267338 195287 237664 312837 338394 471013 718912 664501 919563 1.38999e+06 1.60313e+06
Ftot
 0.487863 0.390596 0.576307 0.112269 0.0224018 0.225418 0.144008 0.289758 0.335644 0.270864 0.55849 0.527307 0.844607 1.55414 1.63543 0.653914 0.446303 0.304319 0.252663 0.252909 0.120188 0.153665 0.180808 0.175601 0.151477
BD_Bspro_t
 0.941911 0.739933 0.697979 0.569133 0.696906 0.821492 0.786173 0.790733 0.730425 0.6889 0.652308 0.491209 0.377467 0.265886 0.151248 0.15545 0.247047 0.392691 0.505766 0.602449 0.718362 0.798121 0.807978 0.813169 0.813835
BD_Bspro
 0.654887 0.406663 0.501336 0.609633 0.633438 0.969121 1.42812 1.65558 1.37684 1.36257 1.28816 0.889126 0.546759 0.282109 0.12316 0.102765 0.12889 0.179703 0.225056 0.263189 0.399732 0.475341 0.602665 0.855785 1.25831
BD_Bo
 0.557926 0.346453 0.427109 0.519372 0.539653 0.825634 1.21668 1.41046 1.17299 1.16083 1.09744 0.757484 0.465807 0.240341 0.104925 0.0875496 0.109807 0.153097 0.191734 0.224222 0.340549 0.404963 0.513436 0.729079 1.07201
BD_Brms
 1.93088 1.19901 1.47815 1.79746 1.86764 2.85738 4.2107 4.88136 4.05951 4.01743 3.79804 2.62152 1.61208 0.831778 0.363126 0.302994 0.380023 0.529842 0.663559 0.775992 1.17858 1.40151 1.77691 2.52322 3.71003
S_f
 0.178868 1 1 1 1
 0.178868 1 1 1 1
 0.178868 1 1 1 1
 0.178868 1 1 1 1
 0.178868 1 1 1 1
 0.178868 1 1 1 1
 0.178868 1 1 1 1
 0.178868 1 1 1 1
 0.178868 1 1 1 1
 0.178868 1 1 1 1
 0.178868 1 1 1 1
 0.178868 1 1 1 1
 0.178868 1 1 1 1
 0.178868 1 1 1 1
 0.178868 1 1 1 1
 0.178868 1 1 1 1
 0.178868 1 1 1 1
 0.178868 1 1 1 1
 0.178868 1 1 1 1
 0.178868 1 1 1 1
 0.178868 1 1 1 1
 0.178868 1 1 1 1
 0.178868 1 1 1 1
 0.178868 1 1 1 1
 0.178868 1 1 1 1
Scru_reclas
 0.975471 1 1 1 1
 0.975471 1 1 1 1
 0.975471 1 1 1 1
 0.975471 1 1 1 1
 0.975471 1 1 1 1
 0.975471 1 1 1 1
 0.975471 1 1 1 1
 0.975471 1 1 1 1
 0.975471 1 1 1 1
 0.975471 1 1 1 1
 0.975471 1 1 1 1
 0.975471 1 1 1 1
 0.975471 1 1 1 1
 0.975471 1 1 1 1
 0.975471 1 1 1 1
 0.975471 1 1 1 1
 0.975471 1 1 1 1
 0.975471 1 1 1 1
 0.975471 1 1 1 1
 0.975471 1 1 1 1
 0.975471 1 1 1 1
 0.975471 1 1 1 1
 0.975471 1 1 1 1
 0.975471 1 1 1 1
 0.975471 1 1 1 1
Scru_pelaces
 0.999421 1 1 1 1
 0.999421 1 1 1 1
 0.999421 1 1 1 1
 0.999421 1 1 1 1
 0.999421 1 1 1 1
 0.999421 1 1 1 1
 0.999421 1 1 1 1
 0.999421 1 1 1 1
 0.999421 1 1 1 1
 0.999421 1 1 1 1
 0.999421 1 1 1 1
 0.999421 1 1 1 1
 0.999421 1 1 1 1
 0.999421 1 1 1 1
 0.999421 1 1 1 1
 0.999421 1 1 1 1
 0.999421 1 1 1 1
 0.999421 1 1 1 1
 0.999421 1 1 1 1
 0.999421 1 1 1 1
 0.999421 1 1 1 1
 0.999421 1 1 1 1
 0.999421 1 1 1 1
 0.999421 1 1 1 1
 0.999421 1 1 1 1
pf_obs 
 0.256992 0.487395 0.22802 0.0275931 0
 0.321318 0.546541 0.124235 0.00734118 0.000564706
 0.182869 0.594174 0.210203 0.0122559 0.00049798
 0.330522 0.361315 0.267642 0.0388342 0.00168674
 0.649043 0.306663 0.0425973 0.00169635 0
 0.582887 0.30429 0.105238 0.00758474 0
 0.465427 0.430635 0.0974691 0.00646863 0
 0.296916 0.608066 0.0921331 0.00288517 0
 0.311714 0.524322 0.152257 0.0117073 0
 0.15457 0.633149 0.183074 0.0267441 0.00246327
 0.131901 0.49318 0.331252 0.0422183 0.00144891
 0.196976 0.569456 0.194076 0.0375587 0.00193317
 0.518974 0.381816 0.0799577 0.0180837 0.00116848
 0.0928022 0.601141 0.25162 0.0475244 0.00691264
 0.122501 0.610282 0.24278 0.0234846 0.000952079
 0.383417 0.481906 0.127806 0.00687128 0
 0.0376549 0.599619 0.316969 0.0457579 0
 0.0361596 0.667082 0.258105 0.0386534 0
 0.158088 0.579412 0.248529 0.0139706 0
 0.0477256 0.309471 0.559284 0.082774 0.000745712
 0.0406174 0.521527 0.379366 0.0568643 0.0016247
 0.151134 0.462217 0.34131 0.0453401 0
 0.294876 0.26143 0.354403 0.0886775 0.000613685
 0.281977 0.475581 0.204845 0.0348837 0.00271318
 0 0 0 0 0
pf_pred 
 0.354674 0.455621 0.169656 0.0200395 1.01147e-05
 0.305138 0.552409 0.100577 0.0374508 0.00442589
 0.174323 0.616835 0.166027 0.0302284 0.0125861
 0.275906 0.440897 0.211566 0.0569451 0.0146848
 0.300485 0.483868 0.131306 0.0630079 0.0213325
 0.168834 0.588587 0.167796 0.0455346 0.0292477
 0.255162 0.415508 0.233213 0.0664852 0.0296306
 0.204193 0.534673 0.145674 0.0817626 0.0336974
 0.240861 0.471968 0.19294 0.0525672 0.0416644
 0.229983 0.519829 0.155545 0.0635867 0.0310557
 0.133317 0.567395 0.202046 0.060457 0.0367854
 0.141667 0.454262 0.264535 0.0941995 0.0453371
 0.224807 0.420834 0.18754 0.109212 0.0576071
 0.204002 0.565507 0.125128 0.055762 0.049601
 0.290433 0.540421 0.120167 0.0265891 0.0223891
 0.361789 0.537639 0.0765984 0.0170323 0.00694209
 0.23012 0.625905 0.121286 0.0172799 0.0054084
 0.247326 0.507192 0.199575 0.0386731 0.00723434
 0.246477 0.511974 0.162768 0.0640477 0.0147327
 0.321777 0.456454 0.150679 0.0479043 0.0231858
 0.267764 0.548521 0.123643 0.0408154 0.0192566
 0.262791 0.504015 0.174687 0.0393763 0.0191311
 0.2952 0.480357 0.153447 0.0531832 0.0178125
 0.267975 0.525652 0.140654 0.0449309 0.0207883
 0.104666 0.617343 0.19962 0.0534143 0.0249573
pobs_RECLAS
 0 0 0 0 0
 0 0 0 0 0
 0 0 0 0 0
 0 0 0 0 0
 0.835266 0.146461 0.0176864 0.000547809 3.91292e-05
 0.385257 0.428462 0.181853 0.0044286 0
 0.867414 0.0963971 0.0333333 0.00285562 0
 0.441836 0.489002 0.0689373 0.000224442 0
 0.779404 0.147425 0.0564933 0.0165055 0.000172143
 0.814271 0.122319 0.05973 0.00367925 0
 0.40263 0.566651 0.0304383 0.000280538 0
 0.475488 0.404961 0.113038 0.00651328 0
 0.955842 0.0263864 0.0167828 0.000988607 0
 0.975058 0.0227948 0.00214734 0 0
 0.738997 0.206755 0.0527124 0.00153531 0
 0.850938 0.134255 0.0134407 0.00136685 0
 0.542534 0.407297 0.0501686 0 0
 0.764087 0.199537 0.0359546 0.000420521 0
 0.470689 0.182191 0.310203 0.0369168 0
 0.84361 0.089868 0.0606195 0.00523954 0.000663233
 0.607945 0.314616 0.071237 0.00620181 0
 0.523733 0.453247 0.0230204 0 0
 0.530135 0.295979 0.169645 0.0042399 0
 0.562478 0.366248 0.0663022 0.0049721 0
 0.250443 0.683176 0.0655157 0.000865301 0
ppred_RECLAS
 0.755865 0.172367 0.0641829 0.00758122 3.82651e-06
 0.710503 0.230148 0.0419028 0.015603 0.00184394
 0.545183 0.339779 0.0914546 0.0166511 0.00693295
 0.676393 0.197043 0.0945519 0.0254495 0.00656284
 0.701063 0.20678 0.0561135 0.0269263 0.00911643
 0.528734 0.333726 0.0951396 0.0258178 0.0165833
 0.653093 0.193522 0.108619 0.0309654 0.0138004
 0.587353 0.277242 0.0755358 0.0423961 0.017473
 0.638452 0.22478 0.0918897 0.0250357 0.0198431
 0.623306 0.254301 0.076093 0.0311067 0.0151925
 0.465791 0.349733 0.124538 0.0372647 0.0226739
 0.482657 0.273797 0.159443 0.0567769 0.027326
 0.628528 0.201663 0.089869 0.0523344 0.0276053
 0.622149 0.26844 0.059397 0.0264696 0.0235451
 0.727112 0.207837 0.0462144 0.0102257 0.00861048
 0.764273 0.19858 0.028292 0.00629097 0.0025641
 0.626585 0.303583 0.0588276 0.00838128 0.00262324
 0.645982 0.238556 0.0938692 0.0181898 0.00340265
 0.644118 0.241801 0.076874 0.0302491 0.0069581
 0.724156 0.185647 0.0612834 0.0194834 0.00943002
 0.667423 0.249135 0.0561576 0.0185381 0.00874623
 0.662171 0.230966 0.0800508 0.0180443 0.00876686
 0.697598 0.206103 0.065838 0.0228189 0.00764265
 0.668388 0.238124 0.0637171 0.020354 0.00941725
 0.391252 0.419739 0.135724 0.036317 0.0169688
pobs_PELACES
 0 0 0 0 0
 0 0 0 0 0
 0 0 0 0 0
 0 0 0 0 0
 0 0 0 0 0
 0 0 0 0 0
 0 0 0 0 0
 0 0 0 0 0
 0 0 0 0 0
 0 0 0 0 0
 0.450072 0.473896 0.0757376 0.000293798 0
 0 0 0 0 0
 0.463077 0.371075 0.160297 0.00555027 0
 0.529543 0.364841 0.0842815 0.0213345 0
 0.631943 0.363953 0.00410389 0 0
 0.735681 0.248677 0.0153453 0.000297389 0
 0.695825 0.281241 0.0229344 0 0
 0.275771 0.60734 0.115278 0.00161068 0
 0 0 0 0 0
 0.896147 0.0623911 0.0374545 0.00400742 0
 0.803859 0.145111 0.0509908 3.86294e-05 0
 0.739449 0.233085 0.0266225 0.000797448 4.60066e-05
 0.878498 0.100942 0.0204185 0.000141795 0
 0.694673 0.275183 0.0284847 0.00165964 0
 0 0 0 0 0
ppred_PELACES
 0.78357 0.152806 0.0568992 0.00672088 3.39227e-06
 0.736513 0.20947 0.038138 0.0142011 0.00167827
 0.589439 0.306717 0.0825557 0.0150308 0.00625834
 0.688243 0.189827 0.0910893 0.0245176 0.0063225
 0.70738 0.202411 0.0549279 0.0263574 0.0089238
 0.549933 0.318713 0.0908599 0.0246565 0.0158373
 0.667287 0.185604 0.104174 0.0296984 0.0132358
 0.612018 0.26067 0.0710207 0.0398619 0.0164286
 0.664599 0.208524 0.0852442 0.0232251 0.0184081
 0.645944 0.239019 0.0715201 0.0292373 0.0142795
 0.509634 0.32103 0.114317 0.0342063 0.020813
 0.524416 0.251697 0.146573 0.0521939 0.0251203
 0.685471 0.17075 0.076093 0.0443121 0.0233737
 0.71992 0.198979 0.0440276 0.0196204 0.0174526
 0.809603 0.14501 0.0322443 0.00713461 0.00600763
 0.798621 0.169644 0.0241695 0.0053743 0.00219048
 0.659886 0.27651 0.0535814 0.00763384 0.0023893
 0.669991 0.222378 0.0875033 0.0169562 0.00317189
 0.665077 0.22756 0.0723466 0.0284676 0.00654831
 0.742301 0.173436 0.0572524 0.0182018 0.00880974
 0.679914 0.239778 0.0540485 0.0178418 0.00841774
 0.676751 0.220999 0.0765961 0.0172656 0.00838851
 0.712823 0.195726 0.0625232 0.02167 0.00725786
 0.684114 0.226831 0.0606955 0.0193888 0.00897066
 0.40691 0.408942 0.132233 0.0353828 0.0165323
pobs_pel_tallas
 0 0 0 0 0 0 0 0 0 0 0 0 0 0 0 0 0 0 0 0 0 0 0 0 0 0 0 0 0 0 0 0 0 0 0 0
 0 0 0 0 0 0 0 0 0 0 0 0 0 0 0 0 0 0 0 0 0 0 0 0 0 0 0 0 0 0 0 0 0 0 0 0
 0 0 0 0 0 0 0 0 0 0 0 0 0 0 0 0 0 0 0 0 0 0 0 0 0 0 0 0 0 0 0 0 0 0 0 0
 0 0 0 0 0 0 0 0 0 0 0 0 0 0 0 0 0 0 0 0 0 0 0 0 0 0 0 0 0 0 0 0 0 0 0 0
 0 0 0 0 0 0 0 0 0 0 0 0 0 0 0 0 0 0 0 0 0 0 0 0 0 0 0 0 0 0 0 0 0 0 0 0
 0 0 0 0 0 0 0 0 0 0 0 0 0 0 0 0 0 0 0 0 0 0 0 0 0 0 0 0 0 0 0 0 0 0 0 0
 0 0 0 0 0 0 0 0 0 0 0 0 0 0 0 0 0 0 0 0 0 0 0 0 0 0 0 0 0 0 0 0 0 0 0 0
 0 0 0 0 0 0 0 0 0 0 0 0 0 0 0 0 0 0 0 0 0 0 0 0 0 0 0 0 0 0 0 0 0 0 0 0
 0 0 0 0 0 0 0 0 0 0 0 0 0 0 0 0 0 0 0 0 0 0 0 0 0 0 0 0 0 0 0 0 0 0 0 0
 0 0 0 0 0 0 0 0 0 0 0 0 0 0 0 0 0 0 0 0 0 0 0 0 0 0 0 0 0 0 0 0 0 0 0 0
 0 0 0 0 0 0 0 0 1.78061e-05 0.00172719 0.00360574 0.0105946 0.0120993 0.0124554 0.0147524 0.0171206 0.0266825 0.0428682 0.0675386 0.121331 0.153587 0.119568 0.100827 0.0573624 0.0630603 0.0341343 0.0324427 0.0444173 0.0211091 0.0280891 0.0125444 0.00206551 0 0 0 0
 0 0 0 0 0 0 0 0 0 0 0 0 0 0 0 0 0 0 0 0 0 0 0 0 0 0 0 0 0 0 0 0 0 0 0 0
 0 0 0 0 0 0 0.0133647 0.0140871 0.0187388 0.0205184 0.03894 0.0496705 0.03968 0.0493445 0.0407372 0.0367815 0.0215668 0.0243155 0.0234873 0.0199281 0.019796 0.0243948 0.0301388 0.0376714 0.0412746 0.0863199 0.0771752 0.113111 0.0741005 0.0525337 0.0229764 0.00759418 0.00175318 0 0 0
 0 0 0 0 0 0 0 0 0 0 0.00219441 0.00772107 0.0458388 0.0604681 0.0671733 0.0775358 0.0609151 0.0617685 0.073594 0.0568108 0.0755445 0.0548602 0.0670107 0.0636378 0.0643287 0.046367 0.0373049 0.0286899 0.0247887 0.0153202 0.00654259 0.00121912 0.000365735 0 0 0
 0 0 0 0 0 0 0 0 0 0 0 0 0.000112435 0.00938835 0.0111873 0.0202946 0.0414886 0.0713402 0.111592 0.104902 0.108894 0.110636 0.117776 0.105296 0.107544 0.0401394 0.0192827 0.0124803 0.00416011 0.0028671 0.000618394 0 0 0 0 0
 0 0 0 0 0 0 0 0 0 0 0.00291406 0.0102884 0.027416 0.0768956 0.0749926 0.110853 0.0956884 0.0897413 0.0766577 0.0534642 0.0500743 0.0551293 0.0594112 0.0620874 0.0668451 0.0424026 0.0208742 0.0120726 0.0048766 0.00582813 0.00118941 0.000297354 0 0 0 0
 0 0.00264628 0.0354308 0.0461629 0.0458689 0.0383711 0.0214643 0.0164657 0.0346957 0.0420465 0.0363128 0.0245516 0.0311673 0.0291091 0.0169068 0.0133784 0.00837989 0.0085269 0.0148486 0.0160247 0.0276389 0.0546898 0.0760071 0.122758 0.109233 0.0665981 0.0333725 0.0166128 0.00676272 0.00308733 0.000882094 0 0 0 0 0
 0 0 0 0 0 0 0 0.000805153 0.000690131 0.00759144 0.0133425 0.0154129 0.00931677 0.000345066 0.00356568 0.00563607 0.00851162 0.0253048 0.0502646 0.0516448 0.0657925 0.0565908 0.0611916 0.0827007 0.0866115 0.110766 0.145733 0.0935128 0.0569358 0.0249597 0.0138026 0.00621118 0.00161031 0.00115022 0 0
 0 0 0 0 0 0 0 0 0 0 0 0 0 0 0 0 0 0 0 0 0 0 0 0 0 0 0 0 0 0 0 0 0 0 0 0
 0.00147267 0.00158595 0.00478618 0.00569244 0.00954404 0.0108468 0.00647125 0.017049 0.0510054 0.094081 0.124002 0.0959785 0.0687766 0.0820023 0.061753 0.0591476 0.0492212 0.0479892 0.0443925 0.0268479 0.0217502 0.0140895 0.0121071 0.0120363 0.00920419 0.00665534 0.0049561 0.00860946 0.00930331 0.0156896 0.0114698 0.00855282 0.00243557 0.00046729 0 2.83206e-05
 0 0 0 0 0.000772559 0.00158375 0.000888443 0.00281984 0.00712685 0.0440552 0.0773331 0.111326 0.0921469 0.0852325 0.0710754 0.0886704 0.0786465 0.0553345 0.0373146 0.0185414 0.00753245 0.00457741 0.012979 0.0271748 0.0457355 0.0583668 0.034881 0.0177882 0.00938659 0.00492506 0.0015258 0.00185414 0.000309023 5.79419e-05 3.86279e-05 0
 0 0.00173294 0.00326652 0 0.00397197 0.00683976 0.00946217 0.0152591 0.00757587 0.0136028 0.0228656 0.0392903 0.0559909 0.0764795 0.0681675 0.0726916 0.0566044 0.0477403 0.0527397 0.0444891 0.0609904 0.0582453 0.0661739 0.0445044 0.0529084 0.0360697 0.0280645 0.0235558 0.0158879 0.00826598 0.00280645 0.00217768 0.000904811 0.00058276 9.20147e-05 0
 0 0 0 0 0 0 0 0 0 0 0 0 0 0 0 0 0 0 0 0 0 0 0 0 0 0 0 0 0 0 0 0 0 0 0 0
 0 0 0 0 0 0 0 0 0 0 0 0 0 0 0 0 0 0 0 0 0 0 0 0 0 0 0 0 0 0 0 0 0 0 0 0
 0 0 0 0 0 0 0 0 0 0 0 0 0 0 0 0 0 0 0 0 0 0 0 0 0 0 0 0 0 0 0 0 0 0 0 0
ppred_pel_tallas
 1.01089e-16 3.41863e-05 0.000200651 0.000953812 0.00367224 0.0114516 0.0289257 0.0591856 0.0981059 0.131751 0.143365 0.126442 0.0904773 0.052734 0.0254637 0.0109975 0.00559268 0.00484725 0.00606484 0.00806422 0.0103672 0.0126907 0.0147768 0.0163853 0.0173338 0.0175364 0.0170184 0.0159026 0.0143726 0.0126262 0.0108362 0.00912653 0.00756793 0.00618803 0.00498742 0.00395468
 1.01177e-16 3.21366e-05 0.000188612 0.000896568 0.00345182 0.0107642 0.0271895 0.0556336 0.0922201 0.123852 0.134785 0.118912 0.0851678 0.049799 0.0243444 0.0110228 0.00634219 0.00618154 0.00800337 0.0106659 0.0136558 0.0166154 0.0191979 0.0210818 0.0220326 0.0219555 0.0209148 0.0191107 0.0168244 0.0143497 0.0119338 0.00974358 0.0078596 0.00629284 0.00501151 0.00396696
 1.02081e-16 2.57275e-05 0.000150976 0.000717621 0.0027628 0.00861545 0.0217621 0.0445296 0.073818 0.0991514 0.107938 0.0953087 0.068442 0.0403811 0.0204165 0.0103899 0.00757307 0.00871721 0.0118024 0.0158664 0.0203802 0.0248751 0.028853 0.0318404 0.0334845 0.0336308 0.0323537 0.0299243 0.0267332 0.023194 0.0196595 0.0163738 0.0134641 0.0109626 0.00884374 0.0070582
 1.02493e-16 3.00312e-05 0.000176253 0.000837814 0.00322561 0.0100587 0.0254076 0.0519876 0.0861764 0.115736 0.125953 0.111121 0.0795902 0.0465437 0.0227661 0.0103347 0.00599354 0.00590202 0.00770404 0.0103517 0.0133869 0.0164959 0.0193688 0.0217074 0.023278 0.0239579 0.0237549 0.0227916 0.0212628 0.0193828 0.0173401 0.0152722 0.0132631 0.0113554 0.00956928 0.00791776
 1.02169e-16 3.0866e-05 0.000181153 0.000861109 0.0033153 0.0103384 0.0261141 0.0534332 0.0885728 0.118955 0.129456 0.114213 0.0818082 0.0478468 0.0234136 0.0106432 0.00618653 0.00609159 0.00792836 0.0106078 0.0136441 0.0166993 0.0194428 0.0215636 0.0228287 0.0231328 0.0225172 0.021149 0.0192709 0.0171386 0.0149681 0.0129059 0.011026 0.00934584 0.00785145 0.00651947
 1.02981e-16 2.40054e-05 0.000140864 0.000669547 0.00257769 0.00803821 0.0203041 0.0415465 0.0688738 0.0925136 0.100721 0.0889555 0.0639233 0.0378028 0.0192758 0.010077 0.00767844 0.0090629 0.0123514 0.016639 0.0214083 0.0261838 0.0304529 0.0337256 0.0356338 0.0360117 0.0349271 0.0326481 0.0295641 0.026087 0.022567 0.0192444 0.0162432 0.0135953 0.011279 0.00925373
 1.03179e-16 2.91172e-05 0.000170887 0.000812307 0.0031274 0.00975249 0.0246341 0.0504049 0.0835529 0.112213 0.12212 0.107741 0.0771751 0.0451424 0.0221018 0.0100705 0.00589553 0.00585813 0.00767937 0.0103488 0.013427 0.0166131 0.019607 0.0221167 0.0239085 0.0248517 0.0249381 0.0242679 0.0230103 0.0213544 0.0194684 0.0174771 0.0154606 0.0134667 0.0115281 0.00967516
 1.03231e-16 2.67102e-05 0.000156749 0.000745078 0.00286853 0.00894519 0.022595 0.0462333 0.0766406 0.102937 0.112046 0.0989037 0.0709532 0.0417212 0.0208329 0.0101759 0.0068939 0.00759879 0.010196 0.0137152 0.0176658 0.0216463 0.0252388 0.028045 0.0297652 0.030262 0.0295853 0.0279445 0.0256447 0.0230065 0.0202994 0.0177044 0.0153111 0.0131395 0.0111724 0.00938373
 1.02937e-16 2.90009e-05 0.000170202 0.000809046 0.00311484 0.00971331 0.0245351 0.0502026 0.0832182 0.111765 0.121637 0.107328 0.076905 0.0450364 0.0221464 0.010252 0.00622006 0.00634966 0.00836621 0.0112479 0.0145301 0.0178772 0.0209516 0.02343 0.0250622 0.0257223 0.0254295 0.024329 0.0226432 0.0206124 0.0184433 0.0162812 0.0142077 0.0122561 0.0104342 0.00874355
 1.02766e-16 2.81886e-05 0.000165431 0.000786357 0.00302747 0.00944084 0.0238469 0.0487947 0.0808855 0.108636 0.11824 0.10435 0.074814 0.0438987 0.021748 0.0103374 0.00663526 0.00705317 0.00937776 0.0125974 0.0162244 0.0198808 0.0231805 0.0257563 0.0273308 0.0277756 0.0271342 0.0255975 0.0234454 0.0209742 0.0184345 0.0159977 0.0137516 0.01172 0.00989121 0.00824337
 1.03876e-16 2.22483e-05 0.000130548 0.000620503 0.00238886 0.00744935 0.0188167 0.0385031 0.0638296 0.0857408 0.0933541 0.0824666 0.0592978 0.0351431 0.01806 0.00967173 0.00765174 0.00921882 0.0126407 0.0170776 0.0220365 0.0270495 0.0316047 0.0352069 0.0374768 0.0382318 0.0375172 0.0355754 0.0327694 0.0294873 0.0260614 0.0227228 0.0195971 0.0167278 0.0141132 0.0117385
 1.0513e-16 2.28901e-05 0.000134322 0.000638459 0.00245802 0.00766504 0.0193614 0.0396172 0.0656742 0.088212 0.0960274 0.0847867 0.060876 0.035898 0.0181175 0.00917488 0.00664917 0.00766446 0.0104492 0.0141855 0.0184515 0.0228838 0.027087 0.0306676 0.0333072 0.0348226 0.0351926 0.0345385 0.0330721 0.0310314 0.0286273 0.0260152 0.0232961 0.0205337 0.0177782 0.0150827
 1.03751e-16 2.99094e-05 0.00017554 0.000834429 0.00321258 0.0100181 0.025305 0.0517776 0.0858276 0.115266 0.125437 0.110655 0.0792351 0.0462918 0.0225606 0.0101031 0.00566944 0.00543086 0.00704317 0.00947414 0.0122892 0.0152071 0.0179553 0.0202719 0.0219496 0.0228767 0.0230523 0.0225718 0.0215887 0.0202689 0.0187524 0.017135 0.0154696 0.0137807 0.0120839 0.0103996
 1.0218e-16 3.14126e-05 0.000184363 0.000876369 0.00337405 0.0105217 0.0265769 0.0543801 0.0901421 0.121061 0.131747 0.116229 0.083242 0.0486641 0.0237735 0.0107384 0.00614577 0.00596918 0.00773307 0.0103294 0.0132678 0.0162124 0.0188382 0.0208415 0.021998 0.0222107 0.0215285 0.0201246 0.0182454 0.0161479 0.0140463 0.0120827 0.0103235 0.00877709 0.00741912 0.00621645
 1.01031e-16 3.53211e-05 0.000207314 0.00098549 0.00379422 0.0118319 0.0298865 0.0611514 0.101364 0.136125 0.14812 0.130628 0.0934527 0.0544286 0.0262072 0.0111891 0.00549847 0.00457911 0.00564014 0.00746147 0.0095565 0.0116477 0.0134898 0.0148591 0.0155913 0.0156173 0.0149771 0.0138034 0.0122851 0.0106199 0.00897505 0.00746378 0.006142 0.00501946 0.00407798 0.00328882
 1.00686e-16 3.48432e-05 0.000204506 0.000972137 0.0037428 0.0116716 0.0294815 0.0603228 0.0999913 0.134284 0.146123 0.12888 0.0922338 0.0537812 0.0260122 0.0113052 0.00584669 0.00514744 0.00645163 0.00854094 0.0109073 0.0132377 0.0152463 0.0166725 0.0173291 0.0171444 0.0161781 0.0146013 0.0126516 0.0105757 0.00858082 0.00680567 0.00531544 0.00411519 0.0031723 0.00243861
 1.01225e-16 2.87981e-05 0.000169006 0.000803343 0.00309286 0.00964474 0.024362 0.0498489 0.0826338 0.110986 0.120805 0.106629 0.0764821 0.0449454 0.0223916 0.0108489 0.00722808 0.00786471 0.0104876 0.0140378 0.0179745 0.0218566 0.02523 0.0276698 0.0288654 0.0286916 0.0272351 0.0247633 0.0216527 0.0182977 0.0150319 0.0120826 0.00956208 0.00748822 0.00581965 0.00448984
 1.02046e-16 2.92366e-05 0.000171585 0.000815616 0.00314013 0.00979217 0.0247343 0.0506103 0.0838943 0.112674 0.122629 0.108209 0.0775503 0.0454416 0.0223962 0.0104518 0.00645335 0.0066714 0.00880993 0.0118299 0.0152472 0.0187021 0.0218305 0.0242846 0.0257977 0.0262401 0.0256417 0.0241717 0.0220858 0.0196609 0.0171381 0.0146905 0.0124176 0.0103603 0.00852447 0.00690172
 1.02386e-16 2.90225e-05 0.000170328 0.000809637 0.00311711 0.00972038 0.024553 0.0502393 0.0832796 0.111849 0.121733 0.107422 0.076993 0.0451297 0.0222694 0.0104373 0.0065035 0.00676677 0.00894685 0.0120085 0.0154647 0.0189499 0.022094 0.0245458 0.026039 0.0264489 0.0258151 0.024318 0.0222242 0.0198176 0.0173404 0.0149603 0.0127666 0.0107875 0.00901623 0.00743471
 1.01907e-16 3.23875e-05 0.000190089 0.000903595 0.00347889 0.0108486 0.0274027 0.0560695 0.0929416 0.124818 0.135828 0.119812 0.0857704 0.050066 0.0243166 0.0107445 0.00581839 0.00537882 0.00687487 0.00917922 0.0118168 0.0144847 0.0168966 0.0187841 0.0199435 0.0202792 0.0198198 0.0187016 0.0171261 0.0153082 0.0134312 0.0116225 0.00994987 0.00843499 0.00707342 0.00585243
 1.01852e-16 2.96699e-05 0.000174127 0.0008277 0.00318665 0.00993725 0.0251008 0.0513602 0.0851378 0.114345 0.12445 0.109822 0.0787182 0.0461504 0.0227899 0.0107076 0.00670296 0.00698927 0.00922926 0.0123547 0.0158543 0.0193393 0.0224176 0.0247214 0.0259787 0.0260742 0.0250709 0.0231854 0.0207254 0.018014 0.0153235 0.0128386 0.0106502 0.00877468 0.00718394 0.00583365
 1.02145e-16 2.95313e-05 0.000173315 0.000823842 0.0031718 0.00989094 0.0249838 0.0511207 0.0847404 0.11381 0.123865 0.109297 0.0783235 0.0458827 0.0225909 0.0105041 0.00643244 0.00660619 0.00870427 0.0116768 0.0150367 0.0184249 0.0214802 0.0238595 0.0253019 0.0256847 0.0250442 0.0235554 0.021478 0.0190902 0.0166311 0.0142688 0.0120953 0.0101426 0.00840714 0.00687264
 1.02036e-16 3.11031e-05 0.000182546 0.00086773 0.00334079 0.0104179 0.0263149 0.0538441 0.0892536 0.119868 0.130448 0.115084 0.0824228 0.0481871 0.0235446 0.010643 0.00610474 0.00594544 0.00771725 0.0103269 0.0132929 0.0162859 0.0189847 0.0210867 0.0223628 0.0227061 0.022151 0.0208534 0.0190434 0.0169661 0.0148304 0.0127814 0.0108961 0.00919868 0.00768277 0.00633217
 1.02021e-16 2.98525e-05 0.000175201 0.000832805 0.00320631 0.00999856 0.0252556 0.0516769 0.0856624 0.115049 0.125213 0.110487 0.0791784 0.0463869 0.0228451 0.0106311 0.00651976 0.00669823 0.00881681 0.011809 0.015176 0.0185479 0.0215541 0.0238453 0.0251608 0.025385 0.0245688 0.0229067 0.0206793 0.0181826 0.0156679 0.0133069 0.0111872 0.00932956 0.00771587 0.00631413
 1.03999e-16 1.77727e-05 0.000104264 0.000495528 0.00190764 0.00594866 0.0150262 0.0307482 0.0509783 0.0684922 0.0746113 0.0659987 0.0476503 0.0286295 0.01543 0.00941819 0.00880711 0.0114272 0.0159034 0.0215081 0.027714 0.0339443 0.0395476 0.0438933 0.0465028 0.0471537 0.0459197 0.0431304 0.0392717 0.0348609 0.0303413 0.026021 0.022065 0.0185255 0.0153886 0.0126175
pSPR Fmed_Fpbrs
0.636782   0.338948 0.338948
Fs Fmed_Fpbrs
0.298583   1.005 1.005
SSBpbr Bo_Bmed_Bpbrs
1.13937e+06  668564  329220 329220
Ro
47098.7
SPR SPRFo_SPRFmed_SPRFpbrs
970681 618112 329011
log_Ro
10.58
likeval ReclasPelacesDesembMPH_pf_preclas_ppelaces_ptallas_desvR_qrecl_qpela
 60.3354 19.1715 0.0143353 0.00022851 286.091 194.694 70.5487 0 15.7986 4.71553e-05 2.20511e-05 0 0 0 0
q_reclas_q_pelaces
0.377918 1.95049
M
0.7
N
 51348.5 13955.4 5196.45 613.799 0.309806
 62997.3 23368.1 4254.61 1584.25 187.225
 37874.4 29172.5 7852.06 1429.62 595.245
 57013.3 16965.7 8141.05 2191.24 565.07
 95562.6 27749.1 7530.22 3613.4 1223.39
 69981.2 47265.2 13474.5 3656.56 2348.67
 108847 33378.3 18734.3 5340.84 2380.27
 101574 52677.3 14352.1 8055.45 3319.95
 121500 47892.5 19578.4 5334.21 4227.86
 127743 56819.5 17001.7 6950.29 3394.52
 65606.8 60435.4 21520.7 6439.51 3918.15
 42907.3 29482.1 17168.6 6113.66 2942.43
 43797.3 19389.3 8640.64 5031.8 2654.17
 23472 18699.5 4137.6 1843.88 1640.15
 16176 8827.06 1962.77 434.298 365.696
 18085.3 5995.48 854.187 189.936 77.4147
 14074.5 7989.56 1548.2 220.575 69.0373
 15809.2 6452.92 2539.16 492.032 92.0415
 18302.3 7434.72 2363.67 930.079 213.943
 31311.8 8687.07 2867.67 911.697 441.264
 38848.8 14861.3 3349.89 1105.82 521.726
 52100.6 18881.5 6544.14 1475.12 716.689
 81090 25171 8040.69 2786.83 933.384
 104380 38986.6 10432 3332.44 1541.83
 45104.8 50230.7 16242.3 4346.11 2030.68
pred_Ctot
 3101.44 3984.18 1483.55 175.236 0.0884477
 3069.59 5557.06 1011.77 376.744 44.523
 2683.82 9496.6 2556.1 465.387 193.772
 816.109 1304.14 625.797 168.439 43.4365
 274.892 442.656 120.123 57.6414 19.5156
 1993.5 6949.7 1981.24 537.646 345.34
 1993.55 3246.32 1822.07 519.441 231.501
 3700.61 9689.9 2640.05 1481.79 610.7
 5109.18 10011.4 4092.67 1115.06 883.792
 4357.01 9848.1 2946.79 1204.64 588.346
 4511.48 19200.8 6837.31 2045.88 1244.83
 2792.55 8954.45 5214.54 1856.87 893.689
 4455.08 8339.81 3716.54 2164.29 1141.62
 4162.73 11539.3 2553.28 1137.84 1012.13
 3000.5 5583.16 1241.46 274.695 231.305
 1445.4 2147.95 306.022 68.0467 27.7347
 780.2 2122.07 411.21 58.5858 18.3367
 604.226 1239.09 487.567 94.4797 17.6737
 583.13 1211.26 385.088 151.528 34.8555
 998.578 1416.53 467.606 148.663 71.9531
 594.95 1218.77 274.724 90.6884 42.7866
 1017.45 1951.41 676.34 152.454 74.0702
 1859.32 3025.54 966.487 334.975 112.192
 2325.36 4561.36 1220.53 389.89 180.391
 868.438 5122.25 1656.3 443.192 207.077
F
 0.0872631 0.487863 0.487863 0.487863 0.487863
 0.0698651 0.390596 0.390596 0.390596 0.390596
 0.103083 0.576307 0.576307 0.576307 0.576307
 0.0200814 0.112269 0.112269 0.112269 0.112269
 0.00400696 0.0224018 0.0224018 0.0224018 0.0224018
 0.04032 0.225418 0.225418 0.225418 0.225418
 0.0257584 0.144008 0.144008 0.144008 0.144008
 0.0518283 0.289758 0.289758 0.289758 0.289758
 0.0600359 0.335644 0.335644 0.335644 0.335644
 0.0484489 0.270864 0.270864 0.270864 0.270864
 0.099896 0.55849 0.55849 0.55849 0.55849
 0.0943183 0.527307 0.527307 0.527307 0.527307
 0.151073 0.844607 0.844607 0.844607 0.844607
 0.277986 1.55414 1.55414 1.55414 1.55414
 0.292525 1.63543 1.63543 1.63543 1.63543
 0.116964 0.653914 0.653914 0.653914 0.653914
 0.0798293 0.446303 0.446303 0.446303 0.446303
 0.0544328 0.304319 0.304319 0.304319 0.304319
 0.0451932 0.252663 0.252663 0.252663 0.252663
 0.0452373 0.252909 0.252909 0.252909 0.252909
 0.0214978 0.120188 0.120188 0.120188 0.120188
 0.0274858 0.153665 0.153665 0.153665 0.153665
 0.0323408 0.180808 0.180808 0.180808 0.180808
 0.0314094 0.175601 0.175601 0.175601 0.175601
 0.0270943 0.151477 0.151477 0.151477 0.151477
nmprior
 10 11 7 0
nm_flota  nm_reclas  nm_pelaces    nm_pelaL
inf 16.0798 17.1915 30.3653
cv_recla  cv_pelaces  cv_mph
0.702604 0.51522 0.490446
 ------------------------------------------------
Talla a la edad & desviación 
 7.2 14.2025 17.0495 18.207 18.6776
 1.08 2.13037 2.55742 2.73105 2.80164
