years
 1997 1998 1999 2000 2001 2002 2003 2004 2005 2006 2007 2008 2009 2010 2011 2012 2013 2014 2015 2016 2017 2018 2019 2020 2021
reclasobs
 0 0 0 370054 412103 1.49427e+06 250295 1.28982e+06 931140 785840 897777 1.04006e+06 184774 17550 25797 100020 73551 82996 120727 218422 84188 347160 605670 569463 516374
reclaspred
 462188 133251 438442 313745 427381 500951 1.07144e+06 683091 717982 621682 478940 318675 194014 87436.1 60731.5 63340.8 81892.3 113648 122257 176456 253765 234439 409195 538548 612474
pelacesobs
 0 0 0 0 0 0 0 0 0 2.06254e+06 1.5e+06 0 1.87456e+06 323000 250000 174000 83755 137374 0 501740 490994 745055 786931 1.00524e+06 0
pelacespred
 1.93033e+06 497520 983553 1.08576e+06 1.25213e+06 1.24782e+06 2.91676e+06 2.39127e+06 2.18045e+06 1.91953e+06 1.3261e+06 908524 542008 199073 136096 154229 209541 297348 330294 462104 741099 670807 922175 1.41707e+06 1.69435e+06
mphobs
 0 0 0 0 0 112323 0 153150 637223 0 255016 313432 73983 77613 109348 50772 0 0 0 0 0 0 0 0 0
mphpred
 168643 112197 145122 190754 188126 274482 407909 465790 379915 361209 322393 221765 135648 70010.1 32587.6 28360.5 35914.5 51022.7 64493.3 75426.5 112999 133160 169408 242891 362835
desembarqueobs
 350755 77701 442110 56441 14545 235359 269955 359681 431902 328805 639364 411747 362871 311530 167758 66681 60226 58785 57116 71774 51957 67425 138520 160799 200461
desembarquepred
 350766 77705.1 442160 56443.3 14545.1 235401 269987 359714 431985 328869 639714 412063 363311 312058 167812 66697.1 60250 58788.5 57114.1 71778.1 51959 67422 138525 160806 200461
Reclutas
 64733.4 79887.7 50646.8 73682.1 121278 89680.5 135524 119456 135169 131290 66192.5 41476.9 42144.3 23554 17686.7 21365.3 17471.7 19814.2 22985.3 39558 49499.2 66238.7 104630 136993 65519.8
log_desv_Rt
 0.138033 0.348378 -0.107369 0.267515 0.76584 0.464009 0.876903 0.750702 0.874284 0.845166 0.160323 -0.307109 -0.291144 -0.872949 -1.15943 -0.970478 -1.17166 -1.04584 -0.897391 -0.354477 -0.130288 0.16102 0.618185 0.887682 0.150107
SSB
 775184 515723 667067 876819 864739 1.26168e+06 1.875e+06 2.14105e+06 1.74632e+06 1.66034e+06 1.48191e+06 1.01937e+06 623518 321809 149792 130362 165084 234531 296450 346705 519412 612085 778699 1.11647e+06 1.66781e+06
BT
 2.6775e+06 728663 1.44268e+06 1.37027e+06 1.52873e+06 1.68254e+06 3.73305e+06 3.29609e+06 3.0402e+06 2.63861e+06 2.17972e+06 1.47408e+06 1.01207e+06 539526 307947 242266 303458 407381 447099 618859 941833 869804 1.2077e+06 1.84548e+06 2.19431e+06
Ftot
 0.389032 0.290362 0.402493 0.0752422 0.0159555 0.166149 0.105214 0.214803 0.252741 0.214769 0.466751 0.441881 0.70555 1.28088 1.24728 0.485485 0.332345 0.221496 0.184091 0.184194 0.0891709 0.114708 0.134521 0.129047 0.109824
BD_Bspro_t
 0.953741 0.787954 0.760745 0.660054 0.762859 0.860847 0.832919 0.835186 0.780621 0.736535 0.692528 0.536237 0.420452 0.304418 0.18659 0.198552 0.308921 0.472525 0.587336 0.676777 0.77547 0.841272 0.849255 0.854366 0.856653
BD_Bspro
 0.667045 0.443779 0.57401 0.754501 0.744107 1.08568 1.61343 1.84237 1.5027 1.42872 1.27518 0.877164 0.536537 0.276916 0.128896 0.112176 0.142055 0.201814 0.255095 0.29834 0.446953 0.526699 0.67007 0.960723 1.43515
BD_Bo
 0.57586 0.383114 0.495543 0.651361 0.642387 0.937266 1.39288 1.59052 1.29728 1.23341 1.10087 0.757256 0.463192 0.239062 0.111276 0.0968419 0.122636 0.174226 0.220223 0.257557 0.385855 0.454699 0.578471 0.829392 1.23896
BD_Brms
 2.02073 1.34437 1.73889 2.28567 2.25418 3.28893 4.8877 5.58124 4.55226 4.32813 3.86301 2.65726 1.62537 0.838884 0.390475 0.339825 0.430338 0.61137 0.772779 0.903784 1.35399 1.59557 2.0299 2.91039 4.3476
S_f
 0.19193 1 1 1 1
 0.19193 1 1 1 1
 0.19193 1 1 1 1
 0.19193 1 1 1 1
 0.19193 1 1 1 1
 0.19193 1 1 1 1
 0.19193 1 1 1 1
 0.19193 1 1 1 1
 0.19193 1 1 1 1
 0.19193 1 1 1 1
 0.19193 1 1 1 1
 0.19193 1 1 1 1
 0.19193 1 1 1 1
 0.19193 1 1 1 1
 0.19193 1 1 1 1
 0.19193 1 1 1 1
 0.19193 1 1 1 1
 0.19193 1 1 1 1
 0.19193 1 1 1 1
 0.19193 1 1 1 1
 0.19193 1 1 1 1
 0.19193 1 1 1 1
 0.19193 1 1 1 1
 0.19193 1 1 1 1
 0.19193 1 1 1 1
Scru_reclas
 0.99999 1 1 1 1
 0.99999 1 1 1 1
 0.99999 1 1 1 1
 0.99999 1 1 1 1
 0.99999 1 1 1 1
 0.99999 1 1 1 1
 0.99999 1 1 1 1
 0.99999 1 1 1 1
 0.99999 1 1 1 1
 0.99999 1 1 1 1
 0.99999 1 1 1 1
 0.99999 1 1 1 1
 0.99999 1 1 1 1
 0.99999 1 1 1 1
 0.99999 1 1 1 1
 0.99999 1 1 1 1
 0.99999 1 1 1 1
 0.99999 1 1 1 1
 0.99999 1 1 1 1
 0.99999 1 1 1 1
 0.99999 1 1 1 1
 0.99999 1 1 1 1
 0.99999 1 1 1 1
 0.99999 1 1 1 1
 0.99999 1 1 1 1
Scru_pelaces
 0.955402 1 1 1 1
 0.955402 1 1 1 1
 0.955402 1 1 1 1
 0.955402 1 1 1 1
 0.955402 1 1 1 1
 0.955402 1 1 1 1
 0.955402 1 1 1 1
 0.955402 1 1 1 1
 0.955402 1 1 1 1
 0.955402 1 1 1 1
 0.955402 1 1 1 1
 0.955402 1 1 1 1
 0.955402 1 1 1 1
 0.955402 1 1 1 1
 0.955402 1 1 1 1
 0.955402 1 1 1 1
 0.955402 1 1 1 1
 0.955402 1 1 1 1
 0.955402 1 1 1 1
 0.955402 1 1 1 1
 0.955402 1 1 1 1
 0.955402 1 1 1 1
 0.955402 1 1 1 1
 0.955402 1 1 1 1
 0.955402 1 1 1 1
pf_obs 
 0.256992 0.487395 0.22802 0.0275931 0
 0.321318 0.546541 0.124235 0.00734118 0.000564706
 0.182869 0.594174 0.210203 0.0122559 0.00049798
 0.330522 0.361315 0.267642 0.0388342 0.00168674
 0.649043 0.306663 0.0425973 0.00169635 0
 0.582887 0.30429 0.105238 0.00758474 0
 0.465427 0.430635 0.0974691 0.00646863 0
 0.296916 0.608066 0.0921331 0.00288517 0
 0.311714 0.524322 0.152257 0.0117073 0
 0.15457 0.633149 0.183074 0.0267441 0.00246327
 0.131901 0.49318 0.331252 0.0422183 0.00144891
 0.196976 0.569456 0.194076 0.0375587 0.00193317
 0.518974 0.381816 0.0799577 0.0180837 0.00116848
 0.0928022 0.601141 0.25162 0.0475244 0.00691264
 0.122501 0.610282 0.24278 0.0234846 0.000952079
 0.383417 0.481906 0.127806 0.00687128 0
 0.0376549 0.599619 0.316969 0.0457579 0
 0.0361596 0.667082 0.258105 0.0386534 0
 0.158088 0.579412 0.248529 0.0139706 0
 0.0477256 0.309471 0.559284 0.082774 0.000745712
 0.0406174 0.521527 0.379366 0.0568643 0.0016247
 0.151134 0.462217 0.34131 0.0453401 0
 0.294876 0.26143 0.354403 0.0886775 0.000613685
 0.281977 0.475581 0.204845 0.0348837 0.00271318
 0 0 0 0 0
pf_pred 
 0.377685 0.439759 0.163323 0.0192239 9.86921e-06
 0.310177 0.545822 0.101758 0.0377922 0.0044506
 0.17795 0.598616 0.176792 0.0329595 0.0136825
 0.264489 0.423954 0.226875 0.0670043 0.0176773
 0.299827 0.46191 0.137337 0.0734945 0.0274319
 0.17376 0.571796 0.167859 0.0499083 0.0366768
 0.253197 0.40458 0.236834 0.0695259 0.0358629
 0.195725 0.522379 0.152717 0.089398 0.0397812
 0.224926 0.452041 0.20981 0.0613381 0.0518841
 0.21095 0.496667 0.170524 0.0791472 0.042711
 0.12598 0.529552 0.216825 0.0744443 0.0531985
 0.129472 0.420573 0.272619 0.111624 0.0657118
 0.208426 0.386239 0.195827 0.126937 0.082571
 0.194683 0.529707 0.13448 0.0681829 0.0729461
 0.278061 0.508745 0.140231 0.0356014 0.0373616
 0.355426 0.508391 0.0959673 0.0264526 0.0137634
 0.233477 0.600198 0.131185 0.0247634 0.0103773
 0.246817 0.489039 0.206828 0.0452063 0.0121095
 0.246041 0.493098 0.169376 0.0716338 0.019851
 0.322992 0.439447 0.155368 0.0533678 0.0288255
 0.274051 0.529985 0.1272 0.0449719 0.0237912
 0.269075 0.491137 0.175059 0.0420154 0.0227131
 0.304469 0.465289 0.154709 0.0551439 0.0203896
 0.277858 0.511303 0.141045 0.0468975 0.0228968
 0.118142 0.599772 0.199728 0.0550957 0.0272634
pobs_RECLAS
 0 0 0 0 0
 0 0 0 0 0
 0 0 0 0 0
 0 0 0 0 0
 0.835266 0.146461 0.0176864 0.000547809 3.91292e-05
 0.385257 0.428462 0.181853 0.0044286 0
 0.867414 0.0963971 0.0333333 0.00285562 0
 0.441836 0.489002 0.0689373 0.000224442 0
 0.779404 0.147425 0.0564933 0.0165055 0.000172143
 0.814271 0.122319 0.05973 0.00367925 0
 0.40263 0.566651 0.0304383 0.000280538 0
 0.475488 0.404961 0.113038 0.00651328 0
 0.955842 0.0263864 0.0167828 0.000988607 0
 0.975058 0.0227948 0.00214734 0 0
 0.738997 0.206755 0.0527124 0.00153531 0
 0.850938 0.134255 0.0134407 0.00136685 0
 0.542534 0.407297 0.0501686 0 0
 0.764087 0.199537 0.0359546 0.000420521 0
 0.470689 0.182191 0.310203 0.0369168 0
 0.84361 0.089868 0.0606195 0.00523954 0.000663233
 0.607945 0.314616 0.071237 0.00620181 0
 0.523733 0.453247 0.0230204 0 0
 0.530135 0.295979 0.169645 0.0042399 0
 0.562478 0.366248 0.0663022 0.0049721 0
 0.250443 0.683176 0.0655157 0.000865301 0
ppred_RECLAS
 0.764098 0.1667 0.061911 0.00728721 3.74113e-06
 0.704366 0.23392 0.0436099 0.0161964 0.00190737
 0.536289 0.337674 0.0997269 0.0185922 0.00771816
 0.652849 0.200101 0.107082 0.0316251 0.00834345
 0.690668 0.204069 0.0606744 0.0324693 0.0121192
 0.525041 0.328693 0.0964926 0.0286895 0.0210834
 0.639762 0.195159 0.114242 0.0335374 0.0172993
 0.561985 0.284492 0.0831712 0.0486869 0.0216652
 0.605332 0.23018 0.106836 0.0312334 0.0264194
 0.584979 0.261235 0.0896918 0.0416295 0.022465
 0.436317 0.341524 0.139837 0.0480114 0.0343094
 0.443541 0.268839 0.174263 0.0713523 0.0420043
 0.591039 0.199547 0.101173 0.0655809 0.0426597
 0.587154 0.271555 0.0689414 0.0349541 0.0373959
 0.692811 0.216474 0.0596693 0.0151486 0.0158976
 0.747844 0.198881 0.0375421 0.0103482 0.00538421
 0.618139 0.299002 0.0653527 0.0123364 0.0051697
 0.63349 0.237973 0.100646 0.0219981 0.00589265
 0.631976 0.240692 0.0826761 0.034966 0.00968971
 0.715142 0.184902 0.0653725 0.022455 0.0121286
 0.663946 0.245339 0.0588831 0.0208183 0.0110134
 0.658625 0.229383 0.0817608 0.0196231 0.0106081
 0.696673 0.202917 0.0674698 0.0240487 0.00889207
 0.668672 0.234592 0.0647133 0.0215172 0.0105053
 0.412431 0.399619 0.133076 0.0367095 0.0181652
pobs_PELACES
 0 0 0 0 0
 0 0 0 0 0
 0 0 0 0 0
 0 0 0 0 0
 0 0 0 0 0
 0 0 0 0 0
 0 0 0 0 0
 0 0 0 0 0
 0 0 0 0 0
 0 0 0 0 0
 0.450072 0.473896 0.0757376 0.000293798 0
 0 0 0 0 0
 0.463077 0.371075 0.160297 0.00555027 0
 0.529543 0.364841 0.0842815 0.0213345 0
 0.631943 0.363953 0.00410389 0 0
 0.735681 0.248677 0.0153453 0.000297389 0
 0.695825 0.281241 0.0229344 0 0
 0.275771 0.60734 0.115278 0.00161068 0
 0 0 0 0 0
 0.896147 0.0623911 0.0374545 0.00400742 0
 0.803859 0.145111 0.0509908 3.86294e-05 0
 0.739449 0.233085 0.0266225 0.000797448 4.60066e-05
 0.878498 0.100942 0.0204185 0.000141795 0
 0.694673 0.275183 0.0284847 0.00165964 0
 0 0 0 0 0
ppred_PELACES
 0.774415 0.15941 0.0592035 0.00696853 3.57752e-06
 0.710948 0.228712 0.042639 0.0158358 0.00186491
 0.551598 0.326526 0.0964345 0.0179784 0.00746335
 0.647036 0.203451 0.108875 0.0321546 0.00848315
 0.681763 0.209943 0.062421 0.0334041 0.0124681
 0.524715 0.328919 0.0965588 0.0287092 0.0210979
 0.635706 0.197356 0.115529 0.033915 0.0174941
 0.564855 0.282628 0.0826262 0.0483679 0.0215232
 0.610524 0.227152 0.10543 0.0308225 0.0260719
 0.587806 0.259455 0.0890807 0.0413459 0.0223119
 0.455799 0.329721 0.135005 0.0463521 0.0331236
 0.461431 0.260196 0.168661 0.0690583 0.0406539
 0.624993 0.18298 0.092773 0.0601361 0.0391179
 0.656596 0.225878 0.0573452 0.0290746 0.0311058
 0.750313 0.175952 0.0484998 0.012313 0.0129217
 0.763325 0.186671 0.0352373 0.00971288 0.00505366
 0.628239 0.291094 0.0636242 0.0120101 0.00503297
 0.636608 0.235949 0.0997895 0.0218109 0.00584253
 0.632785 0.240163 0.0824944 0.0348892 0.00966843
 0.715856 0.184439 0.0652087 0.0223988 0.0120982
 0.659057 0.248908 0.0597397 0.0211211 0.0111736
 0.655239 0.231659 0.0825717 0.0198178 0.0107133
 0.694611 0.204296 0.0679285 0.0242122 0.00895253
 0.666186 0.236353 0.0651988 0.0216786 0.0105842
 0.40848 0.402306 0.13397 0.0369563 0.0182873
pobs_pel_tallas
 0 0 0 0 0 0 0 0 0 0 0 0 0 0 0 0 0 0 0 0 0 0 0 0 0 0 0 0 0 0 0 0 0 0 0 0
 0 0 0 0 0 0 0 0 0 0 0 0 0 0 0 0 0 0 0 0 0 0 0 0 0 0 0 0 0 0 0 0 0 0 0 0
 0 0 0 0 0 0 0 0 0 0 0 0 0 0 0 0 0 0 0 0 0 0 0 0 0 0 0 0 0 0 0 0 0 0 0 0
 0 0 0 0 0 0 0 0 0 0 0 0 0 0 0 0 0 0 0 0 0 0 0 0 0 0 0 0 0 0 0 0 0 0 0 0
 0 0 0 0 0 0 0 0 0 0 0 0 0 0 0 0 0 0 0 0 0 0 0 0 0 0 0 0 0 0 0 0 0 0 0 0
 0 0 0 0 0 0 0 0 0 0 0 0 0 0 0 0 0 0 0 0 0 0 0 0 0 0 0 0 0 0 0 0 0 0 0 0
 0 0 0 0 0 0 0 0 0 0 0 0 0 0 0 0 0 0 0 0 0 0 0 0 0 0 0 0 0 0 0 0 0 0 0 0
 0 0 0 0 0 0 0 0 0 0 0 0 0 0 0 0 0 0 0 0 0 0 0 0 0 0 0 0 0 0 0 0 0 0 0 0
 0 0 0 0 0 0 0 0 0 0 0 0 0 0 0 0 0 0 0 0 0 0 0 0 0 0 0 0 0 0 0 0 0 0 0 0
 0 0 0 0 0 0 0 0 0 0 0 0 0 0 0 0 0 0 0 0 0 0 0 0 0 0 0 0 0 0 0 0 0 0 0 0
 0 0 0 0 0 0 0 0 1.78061e-05 0.00172719 0.00360574 0.0105946 0.0120993 0.0124554 0.0147524 0.0171206 0.0266825 0.0428682 0.0675386 0.121331 0.153587 0.119568 0.100827 0.0573624 0.0630603 0.0341343 0.0324427 0.0444173 0.0211091 0.0280891 0.0125444 0.00206551 0 0 0 0
 0 0 0 0 0 0 0 0 0 0 0 0 0 0 0 0 0 0 0 0 0 0 0 0 0 0 0 0 0 0 0 0 0 0 0 0
 0 0 0 0 0 0 0.0133647 0.0140871 0.0187388 0.0205184 0.03894 0.0496705 0.03968 0.0493445 0.0407372 0.0367815 0.0215668 0.0243155 0.0234873 0.0199281 0.019796 0.0243948 0.0301388 0.0376714 0.0412746 0.0863199 0.0771752 0.113111 0.0741005 0.0525337 0.0229764 0.00759418 0.00175318 0 0 0
 0 0 0 0 0 0 0 0 0 0 0.00219441 0.00772107 0.0458388 0.0604681 0.0671733 0.0775358 0.0609151 0.0617685 0.073594 0.0568108 0.0755445 0.0548602 0.0670107 0.0636378 0.0643287 0.046367 0.0373049 0.0286899 0.0247887 0.0153202 0.00654259 0.00121912 0.000365735 0 0 0
 0 0 0 0 0 0 0 0 0 0 0 0 0.000112435 0.00938835 0.0111873 0.0202946 0.0414886 0.0713402 0.111592 0.104902 0.108894 0.110636 0.117776 0.105296 0.107544 0.0401394 0.0192827 0.0124803 0.00416011 0.0028671 0.000618394 0 0 0 0 0
 0 0 0 0 0 0 0 0 0 0 0.00291406 0.0102884 0.027416 0.0768956 0.0749926 0.110853 0.0956884 0.0897413 0.0766577 0.0534642 0.0500743 0.0551293 0.0594112 0.0620874 0.0668451 0.0424026 0.0208742 0.0120726 0.0048766 0.00582813 0.00118941 0.000297354 0 0 0 0
 0 0.00264628 0.0354308 0.0461629 0.0458689 0.0383711 0.0214643 0.0164657 0.0346957 0.0420465 0.0363128 0.0245516 0.0311673 0.0291091 0.0169068 0.0133784 0.00837989 0.0085269 0.0148486 0.0160247 0.0276389 0.0546898 0.0760071 0.122758 0.109233 0.0665981 0.0333725 0.0166128 0.00676272 0.00308733 0.000882094 0 0 0 0 0
 0 0 0 0 0 0 0 0.000805153 0.000690131 0.00759144 0.0133425 0.0154129 0.00931677 0.000345066 0.00356568 0.00563607 0.00851162 0.0253048 0.0502646 0.0516448 0.0657925 0.0565908 0.0611916 0.0827007 0.0866115 0.110766 0.145733 0.0935128 0.0569358 0.0249597 0.0138026 0.00621118 0.00161031 0.00115022 0 0
 0 0 0 0 0 0 0 0 0 0 0 0 0 0 0 0 0 0 0 0 0 0 0 0 0 0 0 0 0 0 0 0 0 0 0 0
 0.00147267 0.00158595 0.00478618 0.00569244 0.00954404 0.0108468 0.00647125 0.017049 0.0510054 0.094081 0.124002 0.0959785 0.0687766 0.0820023 0.061753 0.0591476 0.0492212 0.0479892 0.0443925 0.0268479 0.0217502 0.0140895 0.0121071 0.0120363 0.00920419 0.00665534 0.0049561 0.00860946 0.00930331 0.0156896 0.0114698 0.00855282 0.00243557 0.00046729 0 2.83206e-05
 0 0 0 0 0.000772559 0.00158375 0.000888443 0.00281984 0.00712685 0.0440552 0.0773331 0.111326 0.0921469 0.0852325 0.0710754 0.0886704 0.0786465 0.0553345 0.0373146 0.0185414 0.00753245 0.00457741 0.012979 0.0271748 0.0457355 0.0583668 0.034881 0.0177882 0.00938659 0.00492506 0.0015258 0.00185414 0.000309023 5.79419e-05 3.86279e-05 0
 0 0.00173294 0.00326652 0 0.00397197 0.00683976 0.00946217 0.0152591 0.00757587 0.0136028 0.0228656 0.0392903 0.0559909 0.0764795 0.0681675 0.0726916 0.0566044 0.0477403 0.0527397 0.0444891 0.0609904 0.0582453 0.0661739 0.0445044 0.0529084 0.0360697 0.0280645 0.0235558 0.0158879 0.00826598 0.00280645 0.00217768 0.000904811 0.00058276 9.20147e-05 0
 0 0 0 0 0 0 0 0 0 0 0 0 0 0 0 0 0 0 0 0 0 0 0 0 0 0 0 0 0 0 0 0 0 0 0 0
 0 0 0 0 0 0 0 0 0 0 0 0 0 0 0 0 0 0 0 0 0 0 0 0 0 0 0 0 0 0 0 0 0 0 0 0
 0 0 0 0 0 0 0 0 0 0 0 0 0 0 0 0 0 0 0 0 0 0 0 0 0 0 0 0 0 0 0 0 0 0 0 0
ppred_pel_tallas
 1.01133e-16 3.37873e-05 0.000198308 0.000942673 0.00362935 0.0113178 0.0285879 0.0584944 0.0969605 0.130214 0.141694 0.124973 0.089437 0.0521495 0.0252223 0.0109632 0.00567733 0.00501696 0.00631783 0.00840953 0.0108123 0.0132351 0.01541 0.0170862 0.0180738 0.0182831 0.0177407 0.0165749 0.0149773 0.0131545 0.0112869 0.00950355 0.00787847 0.0064403 0.00518954 0.00411413
 1.01312e-16 3.10226e-05 0.00018207 0.000865464 0.00333206 0.0103907 0.0262461 0.0537036 0.0890215 0.119559 0.130119 0.114811 0.0822643 0.0481691 0.0236742 0.0109336 0.00658864 0.00667007 0.00872977 0.0116555 0.0149285 0.0181682 0.0209978 0.0230665 0.0241178 0.0240475 0.0229251 0.0209679 0.0184819 0.0157868 0.013152 0.0107592 0.0086968 0.0069772 0.00556662 0.00441301
 1.02442e-16 2.40783e-05 0.000141292 0.000671578 0.00258551 0.00806258 0.0203657 0.0416725 0.0690829 0.0927951 0.101029 0.0892313 0.0641295 0.037941 0.0193761 0.0101775 0.00781205 0.0092546 0.0126194 0.0169942 0.0218516 0.0267028 0.0310197 0.0342976 0.0361574 0.0364293 0.0351847 0.0327031 0.0293911 0.0256809 0.0219425 0.0184336 0.0152909 0.0125538 0.0102024 0.00819294
 1.03114e-16 2.82349e-05 0.000165706 0.00078767 0.00303254 0.00945665 0.0238868 0.0488761 0.0810194 0.108813 0.118425 0.104495 0.0748801 0.0438604 0.0215872 0.0100271 0.00613377 0.0063094 0.0083455 0.0112536 0.0145869 0.0180221 0.0212306 0.0238924 0.0257526 0.0266718 0.0266468 0.0257949 0.0243099 0.0224078 0.02028 0.0180685 0.0158632 0.0137156 0.0116577 0.00971658
 1.02685e-16 2.97493e-05 0.000174596 0.000829936 0.00319527 0.00996413 0.0251687 0.0514989 0.0853668 0.11465 0.124776 0.110093 0.078878 0.0461747 0.0226736 0.0104398 0.00625432 0.00631538 0.00828471 0.0111105 0.0143151 0.0175564 0.0204942 0.0228066 0.0242501 0.0247107 0.0242239 0.0229535 0.0211402 0.0190381 0.0168618 0.0147565 0.0127961 0.0110002 0.00935964 0.00785854
 1.03451e-16 2.29062e-05 0.00013441 0.000638861 0.00245954 0.00766976 0.0193734 0.0396423 0.065718 0.088277 0.0961144 0.0849024 0.0610435 0.0361657 0.0185629 0.00990278 0.00778585 0.00934326 0.0127857 0.0172429 0.0222023 0.0271797 0.0316488 0.0351046 0.0371663 0.0376606 0.0366527 0.0344129 0.0313356 0.0278378 0.0242734 0.0208845 0.0177955 0.015039 0.0125947 0.010426
 1.03688e-16 2.77406e-05 0.000162805 0.000773878 0.00297944 0.00929106 0.0234685 0.0480202 0.0796007 0.106907 0.116351 0.102665 0.0735674 0.0430897 0.0212049 0.00984558 0.00601982 0.00619485 0.00820445 0.0110827 0.0143973 0.0178379 0.0210885 0.0238386 0.0258383 0.0269449 0.0271445 0.0265364 0.0252928 0.0236072 0.0216518 0.0195549 0.0174003 0.01524 0.013113 0.0110574
 1.03933e-16 2.46545e-05 0.000144679 0.000687689 0.00264756 0.0082561 0.0208544 0.0426722 0.0707386 0.0950145 0.103433 0.0913261 0.0655726 0.0386694 0.0195174 0.00987969 0.00714165 0.0081931 0.0111068 0.0149758 0.019315 0.0237024 0.0276883 0.0308419 0.0328362 0.0335176 0.0329328 0.0312996 0.0289379 0.0261846 0.0233225 0.0205415 0.0179359 0.0155291 0.0133075 0.0112512
 1.03848e-16 2.66437e-05 0.000156362 0.000743244 0.00286148 0.0089232 0.0225394 0.0461193 0.0764508 0.10268 0.111759 0.0986342 0.0707249 0.0415169 0.0206021 0.00985264 0.00641056 0.00689315 0.00921917 0.0124439 0.0161169 0.0198887 0.0233967 0.0262884 0.028287 0.0292464 0.029174 0.0282111 0.0265816 0.0245296 0.0222661 0.0199408 0.0176404 0.0154062 0.0132575 0.0112112
 1.03813e-16 2.56544e-05 0.000150551 0.000715611 0.00275507 0.00859138 0.0217013 0.0444047 0.0736097 0.0988677 0.107619 0.0950029 0.0681698 0.0401152 0.0200884 0.00990908 0.00684148 0.00763894 0.0102957 0.0138826 0.0179264 0.0220343 0.0257928 0.028804 0.0307629 0.031521 0.0311112 0.0297223 0.0276371 0.0251566 0.0225355 0.0199474 0.0174833 0.0151723 0.0130122 0.0109957
 1.05165e-16 1.99012e-05 0.000116768 0.000554987 0.00213661 0.0066627 0.0168297 0.0344377 0.0570914 0.0766938 0.0835153 0.0738025 0.0531274 0.031606 0.0164642 0.00917686 0.00768832 0.00953247 0.0131712 0.0178478 0.0230946 0.0284459 0.0333824 0.0373959 0.0400912 0.041267 0.0409491 0.0393595 0.0368407 0.0337614 0.0304376 0.0270897 0.0238402 0.0207389 0.0177997 0.0150306
 1.06752e-16 2.0144e-05 0.0001182 0.000561809 0.00216289 0.00674469 0.0170367 0.0348607 0.0577908 0.0776273 0.0845157 0.0746485 0.0536537 0.0317537 0.0162397 0.0085778 0.00666327 0.00798844 0.011009 0.0150052 0.0195867 0.0243957 0.029031 0.0330878 0.0362312 0.0382578 0.039123 0.0389221 0.0378397 0.0360871 0.0338514 0.0312718 0.0284425 0.0254324 0.022309 0.0191526
 1.05271e-16 2.72727e-05 0.000160059 0.000760831 0.00292921 0.00913443 0.0230729 0.0472106 0.0782582 0.105103 0.114385 0.100924 0.072307 0.0423251 0.0207796 0.00956646 0.00574027 0.00582627 0.00769743 0.0104129 0.0135636 0.0168672 0.0200395 0.0228019 0.0249291 0.0262912 0.0268705 0.0267461 0.0260553 0.0249474 0.0235468 0.0219366 0.0201629 0.0182518 0.0162302 0.014139
 1.03341e-16 2.86525e-05 0.000168156 0.000799314 0.00307736 0.00959643 0.0242399 0.0495987 0.0822177 0.110423 0.120181 0.106053 0.0760127 0.0445571 0.0219905 0.0103126 0.00643383 0.00670031 0.00886121 0.0118949 0.0153215 0.0187816 0.0219131 0.0243733 0.0259055 0.0263931 0.0258807 0.0245498 0.022662 0.0204902 0.0182603 0.0161199 0.0141371 0.0123205 0.0106488 0.00909629
 1.01773e-16 3.2737e-05 0.00019214 0.000913347 0.00351644 0.0109657 0.0276985 0.0566748 0.0939448 0.126166 0.137294 0.121105 0.0866949 0.0506037 0.0245738 0.0108507 0.00586344 0.00540596 0.00689721 0.00919465 0.0118148 0.0144487 0.0168055 0.0186139 0.0196718 0.0198886 0.0193025 0.018062 0.016382 0.0144889 0.0125745 0.0107692 0.00913862 0.00769802 0.00643322 0.0053206
 1.01131e-16 3.33048e-05 0.000195473 0.000929189 0.00357743 0.0111559 0.0281789 0.0576578 0.0955744 0.128355 0.139677 0.12321 0.0882084 0.0514999 0.0250323 0.0110913 0.00604441 0.00561093 0.00716021 0.00952113 0.0121891 0.0148346 0.0171467 0.0188387 0.0197014 0.0196498 0.0187405 0.0171512 0.0151312 0.0129413 0.0108007 0.00885728 0.00718236 0.00578546 0.00463834 0.00369809
 1.01646e-16 2.74187e-05 0.000160906 0.000764835 0.00294459 0.00918236 0.0231941 0.0474593 0.0786736 0.10567 0.115025 0.101544 0.0728717 0.0428977 0.021509 0.0106504 0.00739493 0.0082648 0.0111013 0.0148882 0.0190886 0.0232476 0.0268901 0.0295685 0.0309534 0.0309076 0.0295145 0.0270461 0.0238881 0.0204455 0.0170616 0.0139708 0.0112904 0.00904239 0.00718967 0.00567106
 1.02516e-16 2.77815e-05 0.000163041 0.000774994 0.00298372 0.00930441 0.0235023 0.0480896 0.0797167 0.107066 0.116532 0.102844 0.0737388 0.0432759 0.0214552 0.0102258 0.00660336 0.00705512 0.0094041 0.0126576 0.0163378 0.0200733 0.0234805 0.0261905 0.0279178 0.0285197 0.0280204 0.0265899 0.0244895 0.0220031 0.019379 0.0167959 0.0143586 0.0121135 0.010073 0.00823674
 1.029e-16 2.76149e-05 0.000162063 0.000770342 0.00296581 0.00924856 0.0233612 0.047801 0.0792384 0.106424 0.115834 0.102231 0.0733048 0.0430325 0.0213552 0.0102122 0.00663826 0.00712228 0.00949913 0.0127786 0.0164804 0.0202286 0.0236356 0.0263308 0.0280311 0.0286003 0.0280725 0.0266289 0.0245406 0.0220968 0.0195445 0.0170555 0.0147221 0.0125762 0.0106164 0.00883208
 1.02321e-16 3.12349e-05 0.00018332 0.000871416 0.00335499 0.0104622 0.0264267 0.0540728 0.0896323 0.120376 0.130998 0.115562 0.0827513 0.0483508 0.0235718 0.0105666 0.00593868 0.0056846 0.0073475 0.00983647 0.0126811 0.0155689 0.0181981 0.0202834 0.021607 0.0220637 0.0216788 0.0205905 0.0190055 0.0171448 0.0151973 0.0132939 0.0115052 0.00985558 0.00834417 0.00696327
 1.02178e-16 2.87608e-05 0.000168789 0.000802321 0.00308893 0.00963251 0.0243311 0.0497854 0.0825277 0.110841 0.120641 0.10647 0.0763377 0.0447989 0.0222049 0.0105712 0.00680408 0.00723963 0.00961472 0.0128895 0.0165559 0.0202168 0.0234672 0.0259255 0.0273084 0.027493 0.0265405 0.0246699 0.0221943 0.0194425 0.016692 0.0141305 0.0118511 0.0098718 0.00816663 0.00669459
 1.0243e-16 2.85937e-05 0.00016781 0.000797666 0.00307101 0.00957663 0.0241899 0.0494964 0.0820484 0.110196 0.119936 0.105841 0.0758705 0.044493 0.021995 0.0103758 0.00655624 0.00689341 0.00914251 0.0122822 0.0158271 0.0194077 0.0226473 0.0251863 0.0267508 0.0272101 0.0265996 0.0250987 0.0229755 0.0205169 0.01797 0.0155083 0.013227 0.01116 0.00930579 0.00765042
 1.02282e-16 3.03093e-05 0.000177885 0.000845569 0.00325546 0.0101518 0.0256428 0.0524689 0.0869745 0.116809 0.127122 0.112158 0.0803453 0.0470091 0.0230376 0.0105303 0.006203 0.00617896 0.00807487 0.010822 0.0139408 0.0170937 0.0199473 0.0221856 0.0235687 0.023983 0.0234614 0.0221627 0.0203229 0.0181935 0.0159894 0.0138596 0.0118839 0.0100885 0.00846908 0.00701221
 1.02243e-16 2.90712e-05 0.000170613 0.000810991 0.00312232 0.00973662 0.024594 0.0503233 0.0834191 0.112037 0.121939 0.107608 0.0771352 0.0452309 0.0223521 0.0105302 0.00663231 0.00695146 0.00920134 0.0123388 0.0158658 0.0194026 0.0225646 0.024988 0.0264006 0.0266802 0.0258778 0.0241926 0.0219137 0.019346 0.0167484 0.0142978 0.0120848 0.0101315 0.00842088 0.00692225
 1.04158e-16 1.78408e-05 0.000104665 0.000497435 0.00191499 0.00597157 0.0150841 0.0308665 0.0511743 0.0687547 0.0748954 0.0662456 0.0478189 0.0287117 0.0154396 0.00937117 0.00870951 0.011275 0.0156881 0.021223 0.0273589 0.0335293 0.0390941 0.0434326 0.0460729 0.0467932 0.0456618 0.0429973 0.0392714 0.0349876 0.0305767 0.0263388 0.0224355 0.0189193 0.0157801 0.0129866
pSPR Fmed_Fpbrs
0.699205   0.334976 0.334976
Fs Fmed_Fpbrs
0.22462   1.005 1.005
SSBpbr Bo_Bmed_Bpbrs
1.34613e+06  873917  383615 383615
Ro
56387.3
SPR SPRFo_SPRFmed_SPRFpbrs
1.16212e+06 812558 389281
log_Ro
10.76
likeval ReclasPelacesDesembMPH_pf_preclas_ppelaces_ptallas_desvR_qrecl_qpela
 60.5246 21.9232 0.0285757 0.000233027 288.332 198.595 70.6055 0 16.2813 7.44109e-05 8.27192e-06 0 0 0 0
q_reclas_q_pelaces
0.294533 1.50559
M
0.7
N
 64733.4 16526.2 6137.71 722.436 0.370886
 79887.7 29832.9 5561.76 2065.6 243.255
 50646.8 37520.7 11081.2 2065.87 857.606
 73682.1 23280.7 12458.5 3679.42 970.719
 121278 36064.8 10722.9 5738.27 2141.82
 89680.5 60040.7 17625.8 5240.55 3851.2
 135524 43136.3 25251.2 7412.84 3823.7
 119456 65953.7 19281.6 11287.1 5022.64
 135169 56924.2 26420.8 7724.12 6533.6
 131290 63944.8 21954.6 10190 5498.95
 66192.5 62564 25616.9 8795.23 6285.15
 41476.9 30053.6 19481 7976.5 4695.68
 42144.3 18922 9593.67 6218.68 4045.19
 23554 18277.7 4640.29 2352.68 2517.03
 17686.7 9147.28 2521.38 640.117 671.766
 21365.3 6913.12 1304.97 359.704 187.156
 17471.7 9665.74 2112.64 398.796 167.119
 19814.2 8140.05 3442.65 752.459 201.562
 22985.3 9429.93 3239.12 1369.91 379.627
 39558 11017.9 3895.41 1338.05 722.717
 49499.2 18961.6 4550.91 1608.99 851.191
 66238.7 24163.5 8612.75 2067.12 1117.46
 104630 32176.9 10698.8 3813.46 1410.03
 136993 50633.4 13967.4 4644.17 2267.43
 65519.8 66364.3 22099.7 6096.3 3016.67
pred_Ctot
 3363.92 3916.79 1454.67 171.221 0.087902
 3124.24 5497.76 1024.95 380.659 44.8283
 2719.9 9149.61 2702.2 503.774 209.131
 760.371 1218.81 652.238 192.629 50.82
 266.732 410.925 122.178 65.3822 24.404
 2027.97 6673.5 1959.1 582.485 428.059
 1950.7 3117 1824.64 535.648 276.298
 3478.02 9282.65 2713.78 1588.6 706.911
 4615.86 9276.65 4305.66 1258.76 1064.75
 3822 8998.62 3089.56 1433.99 773.838
 4100.2 17235.1 7056.91 2422.9 1731.43
 2437.38 7917.53 5132.2 2101.38 1237.06
 3868.64 7169.05 3634.79 2356.1 1532.62
 3744.55 10188.4 2586.6 1311.43 1403.05
 2745.49 5023.19 1384.6 351.518 368.897
 1374.41 1965.91 371.099 102.291 53.2223
 779.326 2003.41 437.884 82.6581 34.6387
 594.542 1178.01 498.215 108.895 29.1698
 575.029 1152.43 395.852 167.417 46.3942
 990.182 1347.2 476.304 163.607 88.369
 604.66 1169.35 280.651 99.2249 52.4924
 1038.62 1895.77 675.721 162.178 87.6717
 1920.75 2935.28 975.983 347.876 128.628
 2413.62 4441.45 1225.19 407.377 198.894
 984.017 4995.57 1663.55 458.899 227.08
F
 0.0746669 0.389032 0.389032 0.389032 0.389032
 0.0557291 0.290362 0.290362 0.290362 0.290362
 0.0772506 0.402493 0.402493 0.402493 0.402493
 0.0144413 0.0752422 0.0752422 0.0752422 0.0752422
 0.00306234 0.0159555 0.0159555 0.0159555 0.0159555
 0.031889 0.166149 0.166149 0.166149 0.166149
 0.0201938 0.105214 0.105214 0.105214 0.105214
 0.0412272 0.214803 0.214803 0.214803 0.214803
 0.0485087 0.252741 0.252741 0.252741 0.252741
 0.0412207 0.214769 0.214769 0.214769 0.214769
 0.0895836 0.466751 0.466751 0.466751 0.466751
 0.0848103 0.441881 0.441881 0.441881 0.441881
 0.135416 0.70555 0.70555 0.70555 0.70555
 0.245839 1.28088 1.28088 1.28088 1.28088
 0.23939 1.24728 1.24728 1.24728 1.24728
 0.0931791 0.485485 0.485485 0.485485 0.485485
 0.063787 0.332345 0.332345 0.332345 0.332345
 0.0425117 0.221496 0.221496 0.221496 0.221496
 0.0353325 0.184091 0.184091 0.184091 0.184091
 0.0353524 0.184194 0.184194 0.184194 0.184194
 0.0171146 0.0891709 0.0891709 0.0891709 0.0891709
 0.0220158 0.114708 0.114708 0.114708 0.114708
 0.0258186 0.134521 0.134521 0.134521 0.134521
 0.0247679 0.129047 0.129047 0.129047 0.129047
 0.0210786 0.109824 0.109824 0.109824 0.109824
nmprior
 10 11 7 0
nm_flota  nm_reclas  nm_pelaces    nm_pelaL
inf 13.6323 18.7683 33.7373
cv_recla  cv_pelaces  cv_mph
0.703706 0.550956 0.49527
 ------------------------------------------------
Talla a la edad & desviación 
 7.2 14.2025 17.0495 18.207 18.6776
 1.08 2.13037 2.55742 2.73105 2.80164
